Datetime,Ticker,Adj Close,Close,High,Low,Open,Volume
2025-06-26 09:30:00,AEON,,0.7829999923706055,0.800000011920929,0.7662000060081482,0.7662000060081482,38355.0
2025-06-26 09:30:00,AIM,,8.800000190734863,8.800000190734863,8.800000190734863,8.800000190734863,284.0
2025-06-26 09:30:00,AIRI,,3.359999895095825,3.359999895095825,3.359999895095825,3.359999895095825,295.0
2025-06-26 09:30:00,AMS,,2.430000066757202,2.430000066757202,2.430000066757202,2.430000066757202,0.0
2025-06-26 09:30:00,APT,,4.769999980926514,4.769999980926514,4.769999980926514,4.769999980926514,480.0
2025-06-26 09:30:00,AREN,,5.670000076293945,5.670000076293945,5.599999904632568,5.599999904632568,4714.0
2025-06-26 09:30:00,ARMN,,6.909999847412109,6.909999847412109,6.900000095367432,6.900000095367432,4595.0
2025-06-26 09:30:00,ARMP,,1.9299999475479126,1.9299999475479126,1.9299999475479126,1.9299999475479126,0.0
2025-06-26 09:30:00,ASM,,3.5299999713897705,3.5350000858306885,3.5299999713897705,3.5299999713897705,106896.0
2025-06-26 09:30:00,ATEK-U,,8.0,8.0,8.0,8.0,0.0
2025-06-26 09:30:00,ATNM,,1.6399999856948853,1.6399999856948853,1.6399999856948853,1.6399999856948853,3572.0
2025-06-26 09:30:00,AUMN,,0.16705000400543213,0.16705000400543213,0.16705000400543213,0.16705000400543213,5.0
2025-06-26 09:30:00,AUST,,1.3300000429153442,1.340000033378601,1.3200000524520874,1.340000033378601,1469.0
2025-06-26 09:30:00,AZTR,,0.25940001010894775,0.25940001010894775,0.25529998540878296,0.25529998540878296,47091.0
2025-06-26 09:30:00,BATL,,1.4700000286102295,1.4700000286102295,1.4700000286102295,1.4700000286102295,11283.0
2025-06-26 09:30:00,BCV,,18.719999313354492,18.719999313354492,18.719999313354492,18.719999313354492,0.0
2025-06-26 09:30:00,BKTI,,53.75,53.75,53.75,53.75,900.0
2025-06-26 09:30:00,BQ,,2.0399999618530273,2.0399999618530273,2.0399999618530273,2.0399999618530273,2527.0
2025-06-26 09:30:00,BRBS,,3.2799999713897705,3.2799999713897705,3.2699999809265137,3.2699999809265137,0.0
2025-06-26 09:30:00,BRN,,1.2300000190734863,1.2300000190734863,1.2300000190734863,1.2300000190734863,545.0
2025-06-26 09:30:00,BTG,,3.6201000213623047,3.630000114440918,3.5799999237060547,3.5799999237060547,420734.0
2025-06-26 09:30:00,BURU,,0.31709998846054077,0.32359999418258667,0.3154999911785126,0.3154999911785126,750755.0
2025-06-26 09:30:00,CANF,,1.0700000524520874,1.0700000524520874,1.0700000524520874,1.0700000524520874,1468.0
2025-06-26 09:30:00,CATX,,3.8736000061035156,3.9000000953674316,3.8499999046325684,3.9000000953674316,42909.0
2025-06-26 09:30:00,CBOE,,229.47999572753906,231.82479858398438,228.0915985107422,230.00999450683594,0.0
2025-06-26 09:30:00,CCEL,,5.199999809265137,5.199999809265137,5.199999809265137,5.199999809265137,525.0
2025-06-26 09:30:00,CEF,,30.280000686645508,30.280000686645508,30.260000228881836,30.280000686645508,45453.0
2025-06-26 09:30:00,CET,,47.150001525878906,47.150001525878906,47.150001525878906,47.150001525878906,502.0
2025-06-26 09:30:00,CEV,,9.739999771118164,9.739999771118164,9.739999771118164,9.739999771118164,0.0
2025-06-26 09:30:00,CIK,,2.930000066757202,2.930000066757202,2.930000066757202,2.930000066757202,10752.0
2025-06-26 09:30:00,CLDI,,0.2296999990940094,0.2296999990940094,0.2296999990940094,0.2296999990940094,80576.0
2025-06-26 09:30:00,CLM,,7.949999809265137,7.949999809265137,7.949999809265137,7.949999809265137,36428.0
2025-06-26 09:30:00,CMCL,,18.899999618530273,19.040000915527344,18.899999618530273,18.989999771118164,3992.0
2025-06-26 09:30:00,CMT,,16.639999389648438,16.639999389648438,16.639999389648438,16.639999389648438,414.0
2025-06-26 09:30:00,COE,,34.7400016784668,34.7400016784668,33.0099983215332,33.0099983215332,0.0
2025-06-26 09:30:00,CPHI,,1.690000057220459,1.690000057220459,1.690000057220459,1.690000057220459,0.0
2025-06-26 09:30:00,CQP,,54.619998931884766,54.619998931884766,54.619998931884766,54.619998931884766,520.0
2025-06-26 09:30:00,CRF,,7.590000152587891,7.590000152587891,7.590000152587891,7.590000152587891,18325.0
2025-06-26 09:30:00,CTGO,,20.655000686645508,20.655000686645508,20.5,20.5,794.0
2025-06-26 09:30:00,CTM,,1.0399999618530273,1.045300006866455,1.0399999618530273,1.0399999618530273,143589.0
2025-06-26 09:30:00,CVM,,2.4100000858306885,2.4100000858306885,2.4100000858306885,2.4100000858306885,3558.0
2025-06-26 09:30:00,CVU,,3.109999895095825,3.109999895095825,3.109999895095825,3.109999895095825,1182.0
2025-06-26 09:30:00,CYBN,,8.304699897766113,8.40999984741211,8.289999961853027,8.300000190734863,7977.0
2025-06-26 09:30:00,DC,,3.759999990463257,3.759999990463257,3.759999990463257,3.759999990463257,5465.0
2025-06-26 09:30:00,DDC,,10.670000076293945,10.670000076293945,10.670000076293945,10.670000076293945,8512.0
2025-06-26 09:30:00,DHY,,2.119999885559082,2.119999885559082,2.119999885559082,2.119999885559082,39275.0
2025-06-26 09:30:00,DIT,,105.0,105.0,105.0,105.0,15.0
2025-06-26 09:30:00,DNN,,1.7649999856948853,1.7698999643325806,1.75,1.75,302153.0
2025-06-26 09:30:00,DSS,,0.9200000166893005,0.9200000166893005,0.8827000260353088,0.8827000260353088,816.0
2025-06-26 09:30:00,DXF,,4.920100212097168,4.949999809265137,4.920000076293945,4.949999809265137,1086.0
2025-06-26 09:30:00,EAD,,6.980000019073486,6.980000019073486,6.980000019073486,6.980000019073486,0.0
2025-06-26 09:30:00,ECF,,10.175000190734863,10.220000267028809,10.175000190734863,10.220000267028809,0.0
2025-06-26 09:30:00,EIM,,9.520000457763672,9.5600004196167,9.520000457763672,9.5600004196167,0.0
2025-06-26 09:30:00,ELLO,,17.139999389648438,17.139999389648438,17.139999389648438,17.139999389648438,0.0
2025-06-26 09:30:00,ELMD,,21.979999542236328,21.979999542236328,21.979999542236328,21.979999542236328,0.0
2025-06-26 09:30:00,EMX,,2.509999990463257,2.5299999713897705,2.5,2.5,16581.0
2025-06-26 09:30:00,ENX,,9.260000228881836,9.260000228881836,9.260000228881836,9.260000228881836,0.0
2025-06-26 09:30:00,EPM,,4.699999809265137,4.699999809265137,4.699999809265137,4.699999809265137,1060.0
2025-06-26 09:30:00,EQX,,5.894999980926514,5.909999847412109,5.840000152587891,5.869999885559082,158909.0
2025-06-26 09:30:00,ERC,,9.390000343322754,9.390000343322754,9.390000343322754,9.390000343322754,0.0
2025-06-26 09:30:00,ERH,,11.4399995803833,11.4399995803833,11.4399995803833,11.4399995803833,0.0
2025-06-26 09:30:00,ESP,,44.7400016784668,45.0,43.875,45.0,4058.0
2025-06-26 09:30:00,EVM,,8.869999885559082,8.869999885559082,8.869999885559082,8.869999885559082,0.0
2025-06-26 09:30:00,EVV,,10.154000282287598,10.169899940490723,10.149999618530273,10.149999618530273,0.0
2025-06-26 09:30:00,FOXO,,0.20080000162124634,0.20720000565052032,0.1941000074148178,0.2062000036239624,459069.0
2025-06-26 09:30:00,FSI,,4.409999847412109,4.409999847412109,4.409999847412109,4.409999847412109,225.0
2025-06-26 09:30:00,FSP,,1.690000057220459,1.690000057220459,1.690000057220459,1.690000057220459,0.0
2025-06-26 09:30:00,FTF,,6.409999847412109,6.409999847412109,6.409999847412109,6.409999847412109,0.0
2025-06-26 09:30:00,FURY,,0.47519999742507935,0.47519999742507935,0.47519999742507935,0.47519999742507935,19405.0
2025-06-26 09:30:00,GAU,,1.2999999523162842,1.3049999475479126,1.2999999523162842,1.2999999523162842,22848.0
2025-06-26 09:30:00,GBR,,1.1100000143051147,1.1100000143051147,1.1100000143051147,1.1100000143051147,1464.0
2025-06-26 09:30:00,GENC,,14.260000228881836,14.260000228881836,14.260000228881836,14.260000228881836,0.0
2025-06-26 09:30:00,GGN,,4.360000133514404,4.360000133514404,4.360000133514404,4.360000133514404,4434.0
2025-06-26 09:30:00,GLDG,,0.7425000071525574,0.7425000071525574,0.7408000230789185,0.7408000230789185,8920.0
2025-06-26 09:30:00,GLO,,5.340000152587891,5.340000152587891,5.340000152587891,5.340000152587891,1291.0
2025-06-26 09:30:00,GLQ,,6.920000076293945,6.920000076293945,6.920000076293945,6.920000076293945,0.0
2025-06-26 09:30:00,GLV,,5.590000152587891,5.590000152587891,5.590000152587891,5.590000152587891,0.0
2025-06-26 09:30:00,GNS,,0.6722000241279602,0.6850000023841858,0.6700000166893005,0.6850000023841858,919042.0
2025-06-26 09:30:00,GORO,,0.5533999800682068,0.5533999800682068,0.5425999760627747,0.5425999760627747,10390.0
2025-06-26 09:30:00,GRF,,9.75,9.75,9.75,9.75,1922.0
2025-06-26 09:30:00,GROY,,2.307800054550171,2.309999942779541,2.2799999713897705,2.299999952316284,22058.0
2025-06-26 09:30:00,GSAT,,23.479999542236328,23.479999542236328,23.479999542236328,23.479999542236328,6266.0
2025-06-26 09:30:00,GTE,,4.980000019073486,5.099699974060059,4.960000038146973,4.960000038146973,1954.0
2025-06-26 09:30:00,HNW,,12.350000381469727,12.350000381469727,12.350000381469727,12.350000381469727,0.0
2025-06-26 09:30:00,HUSA,,12.619999885559082,12.680000305175781,12.569999694824219,12.569999694824219,46006.0
2025-06-26 09:30:00,IBO,,0.9108999967575073,0.9273999929428101,0.9100000262260437,0.9100000262260437,412980.0
2025-06-26 09:30:00,IDR,,13.100099563598633,13.194999694824219,13.09000015258789,13.09000015258789,5670.0
2025-06-26 09:30:00,IE,,9.399999618530273,9.399999618530273,9.390000343322754,9.390000343322754,10319.0
2025-06-26 09:30:00,IGC,,0.3100000023841858,0.3100000023841858,0.3075000047683716,0.3075000047683716,10808.0
2025-06-26 09:30:00,IHT,,2.2699999809265137,2.2699999809265137,2.2699999809265137,2.2699999809265137,0.0
2025-06-26 09:30:00,IMO,,80.56999969482422,80.56999969482422,78.02999877929688,80.38999938964844,1806.0
2025-06-26 09:30:00,INDO,,3.2200000286102295,3.2200000286102295,3.200000047683716,3.200000047683716,114635.0
2025-06-26 09:30:00,INFU,,6.429999828338623,6.429999828338623,6.400000095367432,6.400000095367432,648.0
2025-06-26 09:30:00,INUV,,3.880000114440918,3.880000114440918,3.880000114440918,3.880000114440918,8226.0
2025-06-26 09:30:00,ITP,,0.19499999284744263,0.19499999284744263,0.19059999287128448,0.19059999287128448,27835.0
2025-06-26 09:30:00,ITRG,,1.6100000143051147,1.6299999952316284,1.6100000143051147,1.6299999952316284,67562.0
2025-06-26 09:30:00,JOB,,0.19920000433921814,0.19920000433921814,0.19920000433921814,0.19920000433921814,279.0
2025-06-26 09:30:00,JWSM-U,,10.489999771118164,10.489999771118164,10.489999771118164,10.489999771118164,0.0
2025-06-26 09:30:00,KNW,,2.0002999305725098,2.0299999713897705,2.0,2.0,62847.0
2025-06-26 09:30:00,KULR,,5.050000190734863,5.179999828338623,5.050000190734863,5.110000133514404,126688.0
2025-06-26 09:30:00,LCTX,,1.0499999523162842,1.0499999523162842,1.0499999523162842,1.0499999523162842,19369.0
2025-06-26 09:30:00,LEU,,155.7050018310547,164.9600067138672,155.52000427246094,163.4600067138672,289558.0
2025-06-26 09:30:00,LGL,,6.889999866485596,6.889999866485596,6.889999866485596,6.889999866485596,0.0
2025-06-26 09:30:00,LMND,,41.31520080566406,41.529998779296875,41.2400016784668,41.5,95540.0
2025-06-26 09:30:00,LNG,,236.25999450683594,236.78500366210938,235.83999633789062,236.0,34833.0
2025-06-26 09:30:00,LODE,,3.490000009536743,3.5,3.490000009536743,3.5,17266.0
2025-06-26 09:30:00,LSF,,6.25,6.25,6.25,6.25,427.0
2025-06-26 09:30:00,MAG,,21.33139991760254,21.43000030517578,21.280000686645508,21.290000915527344,21645.0
2025-06-26 09:30:00,MAIA,,1.6698999404907227,1.6698999404907227,1.659999966621399,1.659999966621399,7893.0
2025-06-26 09:30:00,MHH,,6.739999771118164,6.739999771118164,6.739999771118164,6.739999771118164,174.0
2025-06-26 09:30:00,MI,,2.490000009536743,2.490000009536743,2.490000009536743,2.490000009536743,0.0
2025-06-26 09:30:00,MITQ,,0.6269999742507935,0.6269999742507935,0.6151000261306763,0.6269999742507935,28524.0
2025-06-26 09:30:00,MLSS,,0.7799999713897705,0.7799999713897705,0.7799999713897705,0.7799999713897705,0.0
2025-06-26 09:30:00,MPTI,,39.0,39.0,39.0,39.0,1427.0
2025-06-26 09:30:00,MRT,,2.740000009536743,2.759999990463257,2.7300000190734863,2.740000009536743,51560.0
2025-06-26 09:30:00,MSN,,0.3799999952316284,0.3799999952316284,0.3799999952316284,0.3799999952316284,0.0
2025-06-26 09:30:00,MTA,,3.8994998931884766,3.9000000953674316,3.890000104904175,3.9000000953674316,16276.0
2025-06-26 09:30:00,MTNB,,0.9599999785423279,0.9645000100135803,0.9453999996185303,0.9453999996185303,11109.0
2025-06-26 09:30:00,MXC,,9.09000015258789,9.09000015258789,9.09000015258789,9.09000015258789,856.0
2025-06-26 09:30:00,MYND,,0.9190000295639038,0.9190000295639038,0.9190000295639038,0.9190000295639038,627.0
2025-06-26 09:30:00,MYO,,2.3399999141693115,2.3798000812530518,2.3299999237060547,2.3299999237060547,7166.0
2025-06-26 09:30:00,NAK,,1.5499999523162842,1.5499999523162842,1.5400999784469604,1.5499999523162842,281531.0
2025-06-26 09:30:00,NBH,,9.850000381469727,9.850000381469727,9.850000381469727,9.850000381469727,0.0
2025-06-26 09:30:00,NCL,,0.17201000452041626,0.17201000452041626,0.17170000076293945,0.17170000076293945,140209.0
2025-06-26 09:30:00,NEWP,,1.3700000047683716,1.3700000047683716,1.3700000047683716,1.3700000047683716,12576.0
2025-06-26 09:30:00,NFGC,,1.4895999431610107,1.4895999431610107,1.4600000381469727,1.4600000381469727,2270.0
2025-06-26 09:30:00,NG,,3.7300000190734863,3.779900074005127,3.7100000381469727,3.7100000381469727,73212.0
2025-06-26 09:30:00,NGD,,4.889999866485596,4.889999866485596,4.840000152587891,4.840000152587891,128976.0
2025-06-26 09:30:00,NHC,,108.55000305175781,108.55000305175781,108.55000305175781,108.55000305175781,0.0
2025-06-26 09:30:00,NHS,,7.46999979019165,7.480000019073486,7.460000038146973,7.460000038146973,0.0
2025-06-26 09:30:00,NML,,8.720000267028809,8.729999542236328,8.720000267028809,8.729999542236328,3483.0
2025-06-26 09:30:00,NNVC,,1.399899959564209,1.399899959564209,1.350000023841858,1.3600000143051147,18864.0
2025-06-26 09:30:00,NRO,,3.2200000286102295,3.2200000286102295,3.2100000381469727,3.2100000381469727,6515.0
2025-06-26 09:30:00,NRXS,,2.5999999046325684,2.5999999046325684,2.5999999046325684,2.5999999046325684,5348.0
2025-06-26 09:30:00,OBE,,5.46999979019165,5.480000019073486,5.449999809265137,5.480000019073486,29163.0
2025-06-26 09:30:00,OGEN,,3.549999952316284,3.559999942779541,3.470599889755249,3.559999942779541,3532.0
2025-06-26 09:30:00,OPTT,,0.5,0.5058990120887756,0.5,0.5,262753.0
2025-06-26 09:30:00,ORLA,,9.899999618530273,9.899999618530273,9.859999656677246,9.859999656677246,4878.0
2025-06-26 09:30:00,OSTX,,1.7649999856948853,1.8174999952316284,1.7599999904632568,1.7799999713897705,31316.0
2025-06-26 09:30:00,PED,,0.6520000100135803,0.6600000262260437,0.6520000100135803,0.6600000262260437,6736.0
2025-06-26 09:30:00,PHGE,,0.4830999970436096,0.4830999970436096,0.4830999970436096,0.4830999970436096,526.0
2025-06-26 09:30:00,PLAG,,0.9200000166893005,0.9200000166893005,0.9200000166893005,0.9200000166893005,14965.0
2025-06-26 09:30:00,PLG,,1.600000023841858,1.6100000143051147,1.5800000429153442,1.590000033378601,159629.0
2025-06-26 09:30:00,PLMR,,150.9949951171875,150.9949951171875,150.75999450683594,150.75999450683594,6658.0
2025-06-26 09:30:00,PLX,,1.409999966621399,1.4149999618530273,1.409999966621399,1.409999966621399,17306.0
2025-06-26 09:30:00,PRK,,164.67999267578125,164.67999267578125,164.67999267578125,164.67999267578125,0.0
2025-06-26 09:30:00,PZG,,0.6247000098228455,0.6247000098228455,0.6247000098228455,0.6247000098228455,9979.0
2025-06-26 09:30:00,REI,,0.7734000086784363,0.7789000272750854,0.7702999711036682,0.7702999711036682,29383.0
2025-06-26 09:30:00,REPX,,26.5,26.510000228881836,26.360000610351562,26.360000610351562,1487.0
2025-06-26 09:30:00,RLGT,,6.039999961853027,6.039999961853027,6.039999961853027,6.039999961853027,858.0
2025-06-26 09:30:00,RVP,,0.6524999737739563,0.6524999737739563,0.6524999737739563,0.6524999737739563,0.0
2025-06-26 09:30:00,SACH,,1.0773999691009521,1.0800000429153442,1.0773999691009521,1.0800000429153442,3494.0
2025-06-26 09:30:00,SATX,,2.9600000381469727,2.9700000286102295,2.9600000381469727,2.9700000286102295,17292.0
2025-06-26 09:30:00,SBEV,,3.119999885559082,3.119999885559082,3.0999999046325684,3.0999999046325684,2067.0
2025-06-26 09:30:00,SCCC,,24.989999771118164,24.989999771118164,24.989999771118164,24.989999771118164,300.0
2025-06-26 09:30:00,SCCG,,19.0,19.0,19.0,19.0,202.0
2025-06-26 09:30:00,SEB,,2910.389892578125,2910.389892578125,2873.2900390625,2873.2900390625,0.0
2025-06-26 09:30:00,SENS,,0.4943000078201294,0.49869999289512634,0.4943000078201294,0.49869999289512634,102892.0
2025-06-26 09:30:00,SGN,,1.0,1.0,1.0,1.0,26625.0
2025-06-26 09:30:00,SKYH,,9.609999656677246,9.609999656677246,9.609999656677246,9.609999656677246,0.0
2025-06-26 09:30:00,SLI,,1.815000057220459,1.8200000524520874,1.809999942779541,1.809999942779541,68585.0
2025-06-26 09:30:00,SLND,,3.799999952316284,3.799999952316284,3.799999952316284,3.799999952316284,0.0
2025-06-26 09:30:00,SOAR,,1.4500000476837158,1.4500000476837158,1.4500000476837158,1.4500000476837158,18178.0
2025-06-26 09:30:00,SSY,,0.8880000114440918,0.9100000262260437,0.8880000114440918,0.9100000262260437,3108.0
2025-06-26 09:30:00,STRW,,10.920000076293945,10.920000076293945,10.920000076293945,10.920000076293945,0.0
2025-06-26 09:30:00,STXS,,2.200000047683716,2.200000047683716,2.200000047683716,2.200000047683716,876.0
2025-06-26 09:30:00,SVM,,4.15500020980835,4.159999847412109,4.139999866485596,4.139999866485596,51018.0
2025-06-26 09:30:00,SVT,,46.900001525878906,46.900001525878906,46.86000061035156,46.86000061035156,8448.0
2025-06-26 09:30:00,TGB,,3.049999952316284,3.059999942779541,3.0,3.005000114440918,227517.0
2025-06-26 09:30:00,THM,,0.9300000071525574,0.9300000071525574,0.9300000071525574,0.9300000071525574,8183.0
2025-06-26 09:30:00,TMP,,62.0099983215332,62.0099983215332,62.0099983215332,62.0099983215332,0.0
2025-06-26 09:30:00,TMQ,,1.399999976158142,1.399999976158142,1.399999976158142,1.399999976158142,94868.0
2025-06-26 09:30:00,TOON,,0.7300000190734863,0.7300000190734863,0.7300000190734863,0.7300000190734863,1525.0
2025-06-26 09:30:00,TOVX,,0.4287000000476837,0.4300000071525574,0.420199990272522,0.420199990272522,21016.0
2025-06-26 09:30:00,TPET,,1.2000000476837158,1.2100000381469727,1.2000000476837158,1.2000000476837158,39130.0
2025-06-26 09:30:00,TRX,,0.33000001311302185,0.33000001311302185,0.33000001311302185,0.33000001311302185,2620.0
2025-06-26 09:30:00,UAMY,,2.5199999809265137,2.5399999618530273,2.5199999809265137,2.5199999809265137,35165.0
2025-06-26 09:30:00,UAVS,,1.1200000047683716,1.1200000047683716,1.1200000047683716,1.1200000047683716,101656.0
2025-06-26 09:30:00,UEC,,6.72760009765625,6.769899845123291,6.659999847412109,6.760000228881836,376256.0
2025-06-26 09:30:00,URG,,1.0292999744415283,1.0299999713897705,1.0199999809265137,1.0199999809265137,52958.0
2025-06-26 09:30:00,USAS,,0.7900000214576721,0.7950000166893005,0.7850000262260437,0.7900000214576721,202941.0
2025-06-26 09:30:00,UTG,,35.47999954223633,35.61000061035156,35.47999954223633,35.61000061035156,7639.0
2025-06-26 09:30:00,UUUU,,5.639999866485596,5.679200172424316,5.619999885559082,5.619999885559082,223897.0
2025-06-26 09:30:00,VGZ,,1.0299999713897705,1.0499999523162842,1.0299999713897705,1.0299999713897705,18793.0
2025-06-26 09:30:00,VKI,,8.170000076293945,8.170000076293945,8.170000076293945,8.170000076293945,0.0
2025-06-26 09:30:00,VNRX,,0.7595999836921692,0.7595999836921692,0.7595999836921692,0.7595999836921692,4903.0
2025-06-26 09:30:00,VTAK,,0.24699999392032623,0.24773000180721283,0.2410999983549118,0.2410999983549118,99220.0
2025-06-26 09:30:00,VZLA,,2.9800000190734863,2.9800000190734863,2.967400074005127,2.9700000286102295,46442.0
2025-06-26 09:30:00,WRN,,1.2400000095367432,1.25,1.2400000095367432,1.25,12313.0
2025-06-26 09:30:00,WWR,,0.5737000107765198,0.5737000107765198,0.5737000107765198,0.5737000107765198,9759.0
2025-06-26 09:30:00,WYY,,3.440000057220459,3.440000057220459,3.440000057220459,3.440000057220459,2970.0
2025-06-26 09:30:00,XPL,,0.6450999975204468,0.657800018787384,0.6450999975204468,0.657800018787384,2945.0
2025-06-26 09:30:00,XTNT,,0.6399999856948853,0.6499999761581421,0.6399999856948853,0.6499999761581421,3528.0
2025-06-26 09:30:00,ZDGE,,4.0,4.0,3.990000009536743,3.990000009536743,12961.0
2025-06-26 09:31:00,AEON,,0.7825999855995178,0.7847999930381775,0.7825999855995178,0.7839999794960022,32263.0
2025-06-26 09:31:00,ARMN,,6.920000076293945,6.920000076293945,6.90500020980835,6.90500020980835,234.0
2025-06-26 09:31:00,ASM,,3.5399999618530273,3.5399999618530273,3.5199999809265137,3.5299999713897705,25114.0
2025-06-26 09:31:00,BTG,,3.625,3.630000114440918,3.6098999977111816,3.6201000213623047,366071.0
2025-06-26 09:31:00,BURU,,0.32190001010894775,0.32190001010894775,0.31610000133514404,0.3192000091075897,95223.0
2025-06-26 09:31:00,CANF,,1.0509999990463257,1.0509999990463257,1.0509999990463257,1.0509999990463257,976.0
2025-06-26 09:31:00,CATX,,3.8580000400543213,3.859999895095825,3.8499999046325684,3.859999895095825,6334.0
2025-06-26 09:31:00,CBOE,,229.61000061035156,229.61000061035156,229.61000061035156,229.61000061035156,666.0
2025-06-26 09:31:00,CEF,,30.280000686645508,30.280000686645508,30.270000457763672,30.274999618530273,6147.0
2025-06-26 09:31:00,CRF,,7.585000038146973,7.585000038146973,7.585000038146973,7.585000038146973,600.0
2025-06-26 09:31:00,CTM,,1.0399999618530273,1.0399999618530273,1.0299999713897705,1.0299999713897705,633.0
2025-06-26 09:31:00,CYBN,,8.351499557495117,8.408599853515625,8.34000015258789,8.34000015258789,753.0
2025-06-26 09:31:00,DNN,,1.774999976158142,1.7799999713897705,1.7599999904632568,1.760599970817566,419026.0
2025-06-26 09:31:00,DSS,,0.9200000166893005,0.9200000166893005,0.9200000166893005,0.9200000166893005,627.0
2025-06-26 09:31:00,DXF,,4.849999904632568,4.920100212097168,4.849999904632568,4.920100212097168,935.0
2025-06-26 09:31:00,ELLO,,17.799999237060547,17.799999237060547,17.799999237060547,17.799999237060547,549.0
2025-06-26 09:31:00,EQX,,5.899899959564209,5.900000095367432,5.880000114440918,5.894999980926514,55230.0
2025-06-26 09:31:00,ESP,,43.0,43.0,43.0,43.0,230.0
2025-06-26 09:31:00,EVV,,10.157099723815918,10.157099723815918,10.157099723815918,10.157099723815918,3300.0
2025-06-26 09:31:00,FOXO,,0.2020999938249588,0.20270000398159027,0.19949999451637268,0.20080000162124634,50383.0
2025-06-26 09:31:00,GAU,,1.2898999452590942,1.2949999570846558,1.2799999713897705,1.2949999570846558,36266.0
2025-06-26 09:31:00,GLDG,,0.7448499798774719,0.7448499798774719,0.7448499798774719,0.7448499798774719,613.0
2025-06-26 09:31:00,GNS,,0.6764990091323853,0.6869000196456909,0.6729999780654907,0.6789000034332275,76059.0
2025-06-26 09:31:00,GORO,,0.5454000234603882,0.5454000234603882,0.5454000234603882,0.5454000234603882,2000.0
2025-06-26 09:31:00,GROY,,2.2899999618530273,2.299999952316284,2.2899999618530273,2.2899999618530273,1192.0
2025-06-26 09:31:00,GSAT,,23.299999237060547,23.299999237060547,23.299999237060547,23.299999237060547,383.0
2025-06-26 09:31:00,GTE,,4.985000133514404,4.989999771118164,4.985000133514404,4.989999771118164,433.0
2025-06-26 09:31:00,HUSA,,12.614999771118164,12.619999885559082,12.614999771118164,12.619999885559082,581.0
2025-06-26 09:31:00,IBO,,0.896399974822998,0.9108999967575073,0.8899999856948853,0.9107999801635742,35465.0
2025-06-26 09:31:00,IDR,,13.204000473022461,13.204000473022461,13.204000473022461,13.204000473022461,223.0
2025-06-26 09:31:00,INDO,,3.2799999713897705,3.2799999713897705,3.2200000286102295,3.2200000286102295,7051.0
2025-06-26 09:31:00,INUV,,3.9049999713897705,3.9049999713897705,3.9049999713897705,3.9049999713897705,337.0
2025-06-26 09:31:00,ITRG,,1.6050000190734863,1.6100000143051147,1.600000023841858,1.600000023841858,21312.0
2025-06-26 09:31:00,KNW,,2.009999990463257,2.0299999713897705,2.0,2.0299999713897705,9922.0
2025-06-26 09:31:00,KULR,,4.909999847412109,5.059899806976318,4.909999847412109,5.059899806976318,57839.0
2025-06-26 09:31:00,LEU,,157.83529663085938,159.9290008544922,155.53480529785156,156.1300048828125,55935.0
2025-06-26 09:31:00,LGL,,7.127999782562256,7.127999782562256,7.127999782562256,7.127999782562256,209.0
2025-06-26 09:31:00,LMND,,41.369998931884766,41.525001525878906,41.290000915527344,41.290000915527344,4777.0
2025-06-26 09:31:00,LNG,,236.41000366210938,236.41000366210938,236.0399932861328,236.25999450683594,6306.0
2025-06-26 09:31:00,MAG,,21.350000381469727,21.375,21.350000381469727,21.360000610351562,17716.0
2025-06-26 09:31:00,MITQ,,0.6437000036239624,0.6437000036239624,0.625,0.625,1631.0
2025-06-26 09:31:00,MRT,,2.746799945831299,2.7493999004364014,2.7235000133514404,2.7493999004364014,1007.0
2025-06-26 09:31:00,MYO,,2.309999942779541,2.3399999141693115,2.309999942779541,2.3399999141693115,712.0
2025-06-26 09:31:00,NAK,,1.5599000453948975,1.5599000453948975,1.544800043106079,1.5449999570846558,17180.0
2025-06-26 09:31:00,NCL,,0.17180000245571136,0.17180000245571136,0.17180000245571136,0.17180000245571136,421.0
2025-06-26 09:31:00,NEWP,,1.3899999856948853,1.3899999856948853,1.3899999856948853,1.3899999856948853,958.0
2025-06-26 09:31:00,NG,,3.710700035095215,3.7360000610351562,3.710700035095215,3.7360000610351562,4394.0
2025-06-26 09:31:00,NGD,,4.880000114440918,4.889999866485596,4.869999885559082,4.880000114440918,66116.0
2025-06-26 09:31:00,NHS,,7.489999771118164,7.489999771118164,7.489999771118164,7.489999771118164,659.0
2025-06-26 09:31:00,NNVC,,1.3600000143051147,1.3875000476837158,1.350000023841858,1.3799999952316284,5492.0
2025-06-26 09:31:00,OBE,,5.489999771118164,5.5,5.474999904632568,5.474999904632568,1374.0
2025-06-26 09:31:00,OPTT,,0.5,0.5059000253677368,0.49729999899864197,0.5034000277519226,35002.0
2025-06-26 09:31:00,ORLA,,9.960000038146973,9.960000038146973,9.920000076293945,9.920000076293945,2499.0
2025-06-26 09:31:00,OSTX,,1.7799999713897705,1.7799999713897705,1.7599999904632568,1.7599999904632568,6802.0
2025-06-26 09:31:00,PLG,,1.5750000476837158,1.5800000429153442,1.5700000524520874,1.5800000429153442,41048.0
2025-06-26 09:31:00,PLMR,,150.9949951171875,150.9949951171875,150.9949951171875,150.9949951171875,287.0
2025-06-26 09:31:00,PLX,,1.4199999570846558,1.4199999570846558,1.409999966621399,1.4151999950408936,17166.0
2025-06-26 09:31:00,REI,,0.7749500274658203,0.7749500274658203,0.7749500274658203,0.7749500274658203,101.0
2025-06-26 09:31:00,RLGT,,6.014999866485596,6.014999866485596,6.014999866485596,6.014999866485596,100.0
2025-06-26 09:31:00,SATX,,2.9600000381469727,2.9600000381469727,2.9600000381469727,2.9600000381469727,705.0
2025-06-26 09:31:00,SEB,,2905.489990234375,2910.43994140625,2905.489990234375,2909.0,6.0
2025-06-26 09:31:00,SKYH,,9.600000381469727,9.600000381469727,9.600000381469727,9.600000381469727,151.0
2025-06-26 09:31:00,SLI,,1.8200000524520874,1.8200000524520874,1.809999942779541,1.815000057220459,33532.0
2025-06-26 09:31:00,SLND,,3.799999952316284,3.799999952316284,3.799999952316284,3.799999952316284,4966.0
2025-06-26 09:31:00,SSY,,0.8830000162124634,0.8840000033378601,0.8830000162124634,0.8830000162124634,4093.0
2025-06-26 09:31:00,SVM,,4.135000228881836,4.150000095367432,4.134099960327148,4.150000095367432,3566.0
2025-06-26 09:31:00,TGB,,3.061000108718872,3.0799999237060547,3.0350000858306885,3.0450000762939453,135230.0
2025-06-26 09:31:00,TOON,,0.7372999787330627,0.7372999787330627,0.7300000190734863,0.7350000143051147,934.0
2025-06-26 09:31:00,TOVX,,0.4410000145435333,0.4410000145435333,0.4410000145435333,0.4410000145435333,120.0
2025-06-26 09:31:00,TPET,,1.2100000381469727,1.2100000381469727,1.2100000381469727,1.2100000381469727,1080.0
2025-06-26 09:31:00,TRT,,5.699999809265137,5.699999809265137,5.699999809265137,5.699999809265137,1333.0
2025-06-26 09:31:00,TRX,,0.3380190134048462,0.3380190134048462,0.3380190134048462,0.3380190134048462,2690.0
2025-06-26 09:31:00,UAMY,,2.5299999713897705,2.5299999713897705,2.5199999809265137,2.5199999809265137,7694.0
2025-06-26 09:31:00,UAVS,,1.1294000148773193,1.1298999786376953,1.1200000047683716,1.1200000047683716,14101.0
2025-06-26 09:31:00,UEC,,6.764999866485596,6.804999828338623,6.724999904632568,6.730000019073486,98157.0
2025-06-26 09:31:00,URG,,1.0149999856948853,1.0289000272750854,1.0149999856948853,1.024999976158142,6410.0
2025-06-26 09:31:00,USAS,,0.7885010242462158,0.7949000000953674,0.7885010242462158,0.7949000000953674,14498.0
2025-06-26 09:31:00,UTG,,35.29999923706055,35.459999084472656,35.29999923706055,35.459999084472656,2343.0
2025-06-26 09:31:00,UUUU,,5.639999866485596,5.670000076293945,5.635000228881836,5.635000228881836,58582.0
2025-06-26 09:31:00,VNRX,,0.7400000095367432,0.7400000095367432,0.7400000095367432,0.7400000095367432,200.0
2025-06-26 09:31:00,VTAK,,0.24825100600719452,0.24825100600719452,0.24825100600719452,0.24825100600719452,1159.0
2025-06-26 09:31:00,VZLA,,2.994999885559082,3.0,2.9749999046325684,2.9749999046325684,29054.0
2025-06-26 09:31:00,WRN,,1.2350000143051147,1.2400000095367432,1.2350000143051147,1.2400000095367432,705.0
2025-06-26 09:31:00,WWR,,0.5799999833106995,0.5799999833106995,0.574999988079071,0.5759199857711792,664.0
2025-06-26 09:32:00,AEON,,0.7775009870529175,0.7775009870529175,0.7651000022888184,0.7651000022888184,2052.0
2025-06-26 09:32:00,AREN,,5.650000095367432,5.760000228881836,5.650000095367432,5.730000019073486,5265.0
2025-06-26 09:32:00,ARMN,,6.900000095367432,6.900000095367432,6.894999980926514,6.900000095367432,2053.0
2025-06-26 09:32:00,ASM,,3.509999990463257,3.5399999618530273,3.509999990463257,3.5399999618530273,8289.0
2025-06-26 09:32:00,ATNM,,1.6186000108718872,1.6403000354766846,1.6186000108718872,1.6403000354766846,1755.0
2025-06-26 09:32:00,AZTR,,0.2538999915122986,0.257999986410141,0.25279998779296875,0.257999986410141,15806.0
2025-06-26 09:32:00,BTG,,3.609999895095825,3.625,3.5999999046325684,3.619999885559082,185364.0
2025-06-26 09:32:00,BURU,,0.31709998846054077,0.3204500079154968,0.31709998846054077,0.3204500079154968,25454.0
2025-06-26 09:32:00,CATX,,3.8299999237060547,3.8399999141693115,3.8299999237060547,3.8399999141693115,534.0
2025-06-26 09:32:00,CEF,,30.243499755859375,30.264999389648438,30.243499755859375,30.264999389648438,425.0
2025-06-26 09:32:00,CLDI,,0.23504899442195892,0.23969900608062744,0.23499999940395355,0.23969900608062744,804.0
2025-06-26 09:32:00,CMCL,,19.03499984741211,19.329999923706055,19.0,19.020000457763672,15856.0
2025-06-26 09:32:00,CQP,,54.75699996948242,54.75699996948242,54.75699996948242,54.75699996948242,119.0
2025-06-26 09:32:00,CRF,,7.579999923706055,7.579999923706055,7.579999923706055,7.579999923706055,1716.0
2025-06-26 09:32:00,CTGO,,20.559999465942383,20.559999465942383,20.559999465942383,20.559999465942383,245.0
2025-06-26 09:32:00,CTM,,1.034999966621399,1.0399999618530273,1.0299999713897705,1.0399999618530273,953.0
2025-06-26 09:32:00,CYBN,,8.27970027923584,8.350000381469727,8.27970027923584,8.350000381469727,1270.0
2025-06-26 09:32:00,DNN,,1.7649999856948853,1.7799999713897705,1.7599999904632568,1.7799999713897705,108758.0
2025-06-26 09:32:00,EMX,,2.515000104904175,2.515000104904175,2.515000104904175,2.515000104904175,602.0
2025-06-26 09:32:00,EQX,,5.869999885559082,5.895199775695801,5.869999885559082,5.895199775695801,101289.0
2025-06-26 09:32:00,ESP,,43.375,43.375,43.375,43.375,204.0
2025-06-26 09:32:00,EVV,,10.169099807739258,10.169899940490723,10.169099807739258,10.169899940490723,1962.0
2025-06-26 09:32:00,FOXO,,0.2021999955177307,0.20270000398159027,0.2021999955177307,0.20270000398159027,20670.0
2025-06-26 09:32:00,GAU,,1.2899999618530273,1.2949999570846558,1.2899999618530273,1.2949999570846558,4284.0
2025-06-26 09:32:00,GGN,,4.360000133514404,4.360000133514404,4.349999904632568,4.349999904632568,601.0
2025-06-26 09:32:00,GNS,,0.6786999702453613,0.6859989762306213,0.6786999702453613,0.6800000071525574,18409.0
2025-06-26 09:32:00,GRF,,9.716300010681152,9.75,9.716300010681152,9.75,2000.0
2025-06-26 09:32:00,GSAT,,23.610000610351562,23.610000610351562,23.299999237060547,23.299999237060547,1063.0
2025-06-26 09:32:00,HUSA,,12.704999923706055,12.704999923706055,12.550000190734863,12.550000190734863,3199.0
2025-06-26 09:32:00,IBO,,0.8716989755630493,0.8937000036239624,0.8600000143051147,0.8901000022888184,56294.0
2025-06-26 09:32:00,IDR,,13.199999809265137,13.199999809265137,13.194000244140625,13.194000244140625,1154.0
2025-06-26 09:32:00,IE,,9.380000114440918,9.380000114440918,9.300000190734863,9.300000190734863,614.0
2025-06-26 09:32:00,IMO,,80.52999877929688,80.52999877929688,80.37999725341797,80.37999725341797,1275.0
2025-06-26 09:32:00,INDO,,3.244999885559082,3.2799999713897705,3.240000009536743,3.2799999713897705,3206.0
2025-06-26 09:32:00,INFU,,6.454999923706055,6.454999923706055,6.454999923706055,6.454999923706055,281.0
2025-06-26 09:32:00,ITRG,,1.590000033378601,1.6050000190734863,1.590000033378601,1.6050000190734863,3904.0
2025-06-26 09:32:00,KNW,,2.005000114440918,2.015000104904175,2.0,2.009999990463257,12527.0
2025-06-26 09:32:00,KULR,,4.889999866485596,4.925000190734863,4.869999885559082,4.90500020980835,92384.0
2025-06-26 09:32:00,LCTX,,1.0549999475479126,1.059999942779541,1.0549999475479126,1.059999942779541,1139.0
2025-06-26 09:32:00,LEU,,155.17349243164062,157.72500610351562,151.0,157.02000427246094,78249.0
2025-06-26 09:32:00,LMND,,41.029998779296875,41.82899856567383,41.0,41.495601654052734,28207.0
2025-06-26 09:32:00,LNG,,236.46499633789062,236.46499633789062,235.7100067138672,236.40499877929688,41291.0
2025-06-26 09:32:00,LODE,,3.4883999824523926,3.5195999145507812,3.4883999824523926,3.5195999145507812,1750.0
2025-06-26 09:32:00,MAG,,21.299999237060547,21.31999969482422,21.299999237060547,21.31999969482422,479.0
2025-06-26 09:32:00,MAIA,,1.6502000093460083,1.659999966621399,1.6500999927520752,1.659999966621399,2036.0
2025-06-26 09:32:00,MITQ,,0.6449000239372253,0.6449000239372253,0.6437000036239624,0.6437000036239624,1048.0
2025-06-26 09:32:00,MPU,,1.0,1.0,1.0,1.0,1235.0
2025-06-26 09:32:00,MTA,,3.880000114440918,3.880000114440918,3.880000114440918,3.880000114440918,103.0
2025-06-26 09:32:00,MTNB,,0.949999988079071,0.949999988079071,0.949999988079071,0.949999988079071,2000.0
2025-06-26 09:32:00,MYO,,2.299999952316284,2.299999952316284,2.299999952316284,2.299999952316284,8032.0
2025-06-26 09:32:00,NAK,,1.5592000484466553,1.565000057220459,1.5499999523162842,1.5599000453948975,60130.0
2025-06-26 09:32:00,NCL,,0.17180100083351135,0.17190000414848328,0.17180000245571136,0.17180000245571136,20924.0
2025-06-26 09:32:00,NG,,3.740000009536743,3.75,3.7200000286102295,3.7200000286102295,14680.0
2025-06-26 09:32:00,NGD,,4.840000152587891,4.882500171661377,4.829999923706055,4.880000114440918,34836.0
2025-06-26 09:32:00,NNVC,,1.375,1.399999976158142,1.375,1.375,11452.0
2025-06-26 09:32:00,OBE,,5.489999771118164,5.489999771118164,5.460000038146973,5.46999979019165,1335.0
2025-06-26 09:32:00,OGEN,,3.470099925994873,3.470099925994873,3.470099925994873,3.470099925994873,299.0
2025-06-26 09:32:00,OPTT,,0.49729999899864197,0.5004000067710876,0.49729999899864197,0.5,21804.0
2025-06-26 09:32:00,ORLA,,9.899999618530273,9.949999809265137,9.899999618530273,9.949999809265137,12422.0
2025-06-26 09:32:00,PED,,0.6521000266075134,0.6521000266075134,0.6521000266075134,0.6521000266075134,101.0
2025-06-26 09:32:00,PHGE,,0.4984000027179718,0.4984000027179718,0.4984000027179718,0.4984000027179718,401.0
2025-06-26 09:32:00,PLG,,1.5779999494552612,1.5779999494552612,1.5700000524520874,1.5750000476837158,5079.0
2025-06-26 09:32:00,PLMR,,151.13499450683594,151.13499450683594,150.9949951171875,150.9949951171875,2034.0
2025-06-26 09:32:00,PLX,,1.4299999475479126,1.4500000476837158,1.4199999570846558,1.4299999475479126,30809.0
2025-06-26 09:32:00,PZG,,0.6215999722480774,0.6216999888420105,0.6215999722480774,0.6216999888420105,200.0
2025-06-26 09:32:00,RCG,,2.609999895095825,2.609999895095825,2.609999895095825,2.609999895095825,0.0
2025-06-26 09:32:00,REI,,0.774649977684021,0.774649977684021,0.774649977684021,0.774649977684021,100.0
2025-06-26 09:32:00,SACH,,1.079699993133545,1.079699993133545,1.079699993133545,1.079699993133545,240.0
2025-06-26 09:32:00,SBEV,,3.25,3.25,3.25,3.25,387.0
2025-06-26 09:32:00,SENS,,0.49309998750686646,0.4948999881744385,0.49309998750686646,0.494049996137619,6252.0
2025-06-26 09:32:00,SLI,,1.809999942779541,1.815000057220459,1.809999942779541,1.815000057220459,1376.0
2025-06-26 09:32:00,SLND,,3.799999952316284,3.799999952316284,3.799999952316284,3.799999952316284,1526.0
2025-06-26 09:32:00,SOAR,,1.4620000123977661,1.4620000123977661,1.4620000123977661,1.4620000123977661,299.0
2025-06-26 09:32:00,STXS,,2.2100000381469727,2.2100000381469727,2.2100000381469727,2.2100000381469727,376.0
2025-06-26 09:32:00,SVM,,4.135000228881836,4.139999866485596,4.119999885559082,4.135000228881836,30446.0
2025-06-26 09:32:00,SVT,,46.904998779296875,46.904998779296875,46.904998779296875,46.904998779296875,1471.0
2025-06-26 09:32:00,TGB,,3.075000047683716,3.0799999237060547,3.049999952316284,3.069999933242798,151984.0
2025-06-26 09:32:00,THM,,0.9480000138282776,0.9480000138282776,0.9480000138282776,0.9480000138282776,108.0
2025-06-26 09:32:00,TOVX,,0.4410000145435333,0.4410000145435333,0.4410000145435333,0.4410000145435333,601.0
2025-06-26 09:32:00,TPET,,1.219499945640564,1.219499945640564,1.2050000429153442,1.2099000215530396,15733.0
2025-06-26 09:32:00,TRX,,0.33390000462532043,0.33390000462532043,0.33390000462532043,0.33390000462532043,367.0
2025-06-26 09:32:00,UAMY,,2.506700038909912,2.5399999618530273,2.505000114440918,2.5350000858306885,35670.0
2025-06-26 09:32:00,UAVS,,1.1200000047683716,1.1200000047683716,1.1200000047683716,1.1200000047683716,5380.0
2025-06-26 09:32:00,UEC,,6.71999979019165,6.764999866485596,6.710000038146973,6.764999866485596,51506.0
2025-06-26 09:32:00,URG,,1.0149999856948853,1.0149999856948853,1.0149999856948853,1.0149999856948853,1101.0
2025-06-26 09:32:00,USAS,,0.7799999713897705,0.7910000085830688,0.7799999713897705,0.7910000085830688,11075.0
2025-06-26 09:32:00,UUUU,,5.610000133514404,5.639999866485596,5.599999904632568,5.639999866485596,24393.0
2025-06-26 09:32:00,VGZ,,1.0299999713897705,1.0299999713897705,1.0299999713897705,1.0299999713897705,300.0
2025-06-26 09:32:00,VTAK,,0.24819999933242798,0.24819999933242798,0.24819999933242798,0.24819999933242798,445.0
2025-06-26 09:32:00,VZLA,,2.984999895095825,2.9999001026153564,2.980600118637085,2.990000009536743,33458.0
2025-06-26 09:32:00,WRN,,1.2350000143051147,1.2350000143051147,1.2300000190734863,1.2350000143051147,434.0
2025-06-26 09:32:00,WWR,,0.5758200287818909,0.5799000263214111,0.5758200287818909,0.5799000263214111,1000.0
2025-06-26 09:32:00,XTNT,,0.6399999856948853,0.6399999856948853,0.6399999856948853,0.6399999856948853,102.0
2025-06-26 09:32:00,ZDGE,,4.079999923706055,4.079999923706055,4.050000190734863,4.050000190734863,399.0
2025-06-26 09:33:00,AIRI,,3.319999933242798,3.350100040435791,3.319999933242798,3.3499999046325684,2023.0
2025-06-26 09:33:00,AREN,,5.5,5.519999980926514,5.5,5.519999980926514,2517.0
2025-06-26 09:33:00,ARMN,,6.880000114440918,6.889999866485596,6.860000133514404,6.889999866485596,3490.0
2025-06-26 09:33:00,ASM,,3.5,3.509999990463257,3.490499973297119,3.509999990463257,15130.0
2025-06-26 09:33:00,AZTR,,0.2538999915122986,0.2538999915122986,0.2538999915122986,0.2538999915122986,100.0
2025-06-26 09:33:00,BATL,,1.5199999809265137,1.5199999809265137,1.5099999904632568,1.5099999904632568,1183.0
2025-06-26 09:33:00,BTG,,3.609999895095825,3.609999895095825,3.5999999046325684,3.609999895095825,179420.0
2025-06-26 09:33:00,BURU,,0.31709998846054077,0.3172000050544739,0.31709998846054077,0.31709998846054077,3385.0
2025-06-26 09:33:00,CATX,,3.819999933242798,3.8299999237060547,3.819999933242798,3.8299999237060547,1924.0
2025-06-26 09:33:00,CBOE,,230.22999572753906,230.22999572753906,230.19000244140625,230.19000244140625,1351.0
2025-06-26 09:33:00,CEF,,30.229999542236328,30.239999771118164,30.227100372314453,30.239999771118164,3801.0
2025-06-26 09:33:00,CIK,,2.930000066757202,2.930000066757202,2.930000066757202,2.930000066757202,100.0
2025-06-26 09:33:00,CLM,,7.954999923706055,7.960000038146973,7.949999809265137,7.949999809265137,1349.0
2025-06-26 09:33:00,CMCL,,19.200000762939453,19.200000762939453,19.200000762939453,19.200000762939453,444.0
2025-06-26 09:33:00,CQP,,54.775001525878906,54.775001525878906,54.775001525878906,54.775001525878906,254.0
2025-06-26 09:33:00,CTGO,,20.6299991607666,20.6299991607666,20.6299991607666,20.6299991607666,157.0
2025-06-26 09:33:00,CTM,,1.0210000276565552,1.0299999713897705,1.0199999809265137,1.0299999713897705,27324.0
2025-06-26 09:33:00,CVR,,12.0,12.0,12.0,12.0,0.0
2025-06-26 09:33:00,CYBN,,8.170000076293945,8.34000015258789,8.109999656677246,8.279999732971191,10808.0
2025-06-26 09:33:00,DHY,,2.119999885559082,2.119999885559082,2.119999885559082,2.119999885559082,152.0
2025-06-26 09:33:00,DNN,,1.7649999856948853,1.7699999809265137,1.7599999904632568,1.7699999809265137,31209.0
2025-06-26 09:33:00,DSS,,0.8801000118255615,0.9100000262260437,0.8801000118255615,0.9100000262260437,4836.0
2025-06-26 09:33:00,ELLO,,17.600000381469727,17.600000381469727,17.600000381469727,17.600000381469727,201.0
2025-06-26 09:33:00,EQX,,5.885000228881836,5.885000228881836,5.860000133514404,5.875,31984.0
2025-06-26 09:33:00,EVV,,10.169599533081055,10.169599533081055,10.149999618530273,10.149999618530273,642.0
2025-06-26 09:33:00,FOXO,,0.2021999955177307,0.2021999955177307,0.2021999955177307,0.2021999955177307,2910.0
2025-06-26 09:33:00,FSI,,4.329999923706055,4.329999923706055,4.329999923706055,4.329999923706055,0.0
2025-06-26 09:33:00,GAU,,1.284999966621399,1.2899999618530273,1.2799999713897705,1.2899999618530273,9711.0
2025-06-26 09:33:00,GGN,,4.350100040435791,4.350100040435791,4.350100040435791,4.350100040435791,1397.0
2025-06-26 09:33:00,GNS,,0.6370000243186951,0.6786999702453613,0.6299999952316284,0.6786999702453613,246094.0
2025-06-26 09:33:00,GORO,,0.5400999784469604,0.5400999784469604,0.5400999784469604,0.5400999784469604,319.0
2025-06-26 09:33:00,GSAT,,23.454999923706055,23.59280014038086,23.39889907836914,23.39889907836914,1204.0
2025-06-26 09:33:00,GTE,,5.0,5.0,5.0,5.0,114.0
2025-06-26 09:33:00,HUSA,,12.680000305175781,12.684800148010254,12.583000183105469,12.680000305175781,2038.0
2025-06-26 09:33:00,IBO,,0.8590999841690063,0.8716999888420105,0.859000027179718,0.8716999888420105,31154.0
2025-06-26 09:33:00,IE,,9.470000267028809,9.489999771118164,9.404999732971191,9.449999809265137,5781.0
2025-06-26 09:33:00,INDO,,3.2269999980926514,3.244999885559082,3.225600004196167,3.244999885559082,1921.0
2025-06-26 09:33:00,ITRG,,1.590000033378601,1.5993000268936157,1.590000033378601,1.5950000286102295,4600.0
2025-06-26 09:33:00,JOB,,0.20270000398159027,0.20270000398159027,0.20270000398159027,0.20270000398159027,1179.0
2025-06-26 09:33:00,KNW,,2.009999990463257,2.0299999713897705,2.0,2.0099000930786133,19933.0
2025-06-26 09:33:00,KULR,,4.914999961853027,4.914999961853027,4.85129976272583,4.885000228881836,46878.0
2025-06-26 09:33:00,LCTX,,1.059999942779541,1.059999942779541,1.059999942779541,1.059999942779541,1411.0
2025-06-26 09:33:00,LEU,,154.64999389648438,157.2899932861328,153.13890075683594,154.64999389648438,62289.0
2025-06-26 09:33:00,LMND,,40.9900016784668,41.040000915527344,40.75,41.0,31328.0
2025-06-26 09:33:00,LNG,,236.2550048828125,236.4949951171875,236.2550048828125,236.46499633789062,3139.0
2025-06-26 09:33:00,MAG,,21.309999465942383,21.309999465942383,21.239999771118164,21.280000686645508,2342.0
2025-06-26 09:33:00,MAIA,,1.6324000358581543,1.659999966621399,1.6299999952316284,1.6324000358581543,23142.0
2025-06-26 09:33:00,MPTI,,39.0,39.0,39.0,39.0,100.0
2025-06-26 09:33:00,MRT,,2.755000114440918,2.7699999809265137,2.75,2.75,2916.0
2025-06-26 09:33:00,MTA,,3.880000114440918,3.880000114440918,3.880000114440918,3.880000114440918,229.0
2025-06-26 09:33:00,MTNB,,0.9449999928474426,0.949999988079071,0.9449999928474426,0.949999988079071,283.0
2025-06-26 09:33:00,NAK,,1.5234999656677246,1.5499999523162842,1.5199999809265137,1.5499999523162842,93661.0
2025-06-26 09:33:00,NCL,,0.17489899694919586,0.17489899694919586,0.17489899694919586,0.17489899694919586,100.0
2025-06-26 09:33:00,NEWP,,1.3700000047683716,1.3700000047683716,1.3697999715805054,1.3697999715805054,1100.0
2025-06-26 09:33:00,NG,,3.740000009536743,3.740000009536743,3.7300000190734863,3.740000009536743,5739.0
2025-06-26 09:33:00,NGD,,4.840000152587891,4.848999977111816,4.820000171661377,4.840000152587891,139850.0
2025-06-26 09:33:00,NNVC,,1.3200000524520874,1.350000023841858,1.2999999523162842,1.350000023841858,21089.0
2025-06-26 09:33:00,NRO,,3.2100000381469727,3.2100000381469727,3.2000999450683594,3.2000999450683594,47583.0
2025-06-26 09:33:00,OBE,,5.489999771118164,5.5,5.489999771118164,5.489999771118164,2200.0
2025-06-26 09:33:00,OPTT,,0.5004000067710876,0.5004000067710876,0.4916999936103821,0.49889999628067017,91812.0
2025-06-26 09:33:00,ORLA,,9.895000457763672,9.895000457763672,9.895000457763672,9.895000457763672,400.0
2025-06-26 09:33:00,PED,,0.656000018119812,0.656000018119812,0.6549999713897705,0.6549999713897705,1510.0
2025-06-26 09:33:00,PLAG,,0.8185499906539917,0.8185499906539917,0.8185499906539917,0.8185499906539917,309.0
2025-06-26 09:33:00,PLG,,1.5700000524520874,1.5753999948501587,1.5700000524520874,1.5750000476837158,1873.0
2025-06-26 09:33:00,PLMR,,151.05999755859375,151.05999755859375,151.05999755859375,151.05999755859375,327.0
2025-06-26 09:33:00,REI,,0.7699999809265137,0.7745000123977661,0.7699999809265137,0.7745000123977661,600.0
2025-06-26 09:33:00,SACH,,1.0872999429702759,1.0872999429702759,1.0872999429702759,1.0872999429702759,930.0
2025-06-26 09:33:00,SENS,,0.4950000047683716,0.4950000047683716,0.49309998750686646,0.49309998750686646,1593.0
2025-06-26 09:33:00,SLI,,1.809999942779541,1.809999942779541,1.8000999689102173,1.8000999689102173,4795.0
2025-06-26 09:33:00,SLND,,3.799999952316284,3.799999952316284,3.799999952316284,3.799999952316284,436.0
2025-06-26 09:33:00,SVM,,4.144999980926514,4.144999980926514,4.135000228881836,4.139800071716309,4147.0
2025-06-26 09:33:00,TGB,,3.075000047683716,3.0799999237060547,3.0497000217437744,3.075000047683716,171217.0
2025-06-26 09:33:00,TOVX,,0.4277999997138977,0.4277999997138977,0.4277999997138977,0.4277999997138977,364.0
2025-06-26 09:33:00,TPET,,1.2102999687194824,1.2107000350952148,1.2102999687194824,1.2107000350952148,3002.0
2025-06-26 09:33:00,TRX,,0.3319999873638153,0.3319999873638153,0.3319999873638153,0.3319999873638153,7281.0
2025-06-26 09:33:00,UAMY,,2.490000009536743,2.505000114440918,2.490000009536743,2.5,28448.0
2025-06-26 09:33:00,UAVS,,1.13919997215271,1.13919997215271,1.1236000061035156,1.1236000061035156,1165.0
2025-06-26 09:33:00,UEC,,6.744999885559082,6.744999885559082,6.714600086212158,6.730000019073486,18143.0
2025-06-26 09:33:00,URG,,1.0110000371932983,1.0149999856948853,1.0110000371932983,1.0149999856948853,8982.0
2025-06-26 09:33:00,USAS,,0.789900004863739,0.789900004863739,0.7849000096321106,0.7849000096321106,15142.0
2025-06-26 09:33:00,UTG,,35.42499923706055,35.42499923706055,35.404998779296875,35.404998779296875,514.0
2025-06-26 09:33:00,UUUU,,5.63670015335083,5.639999866485596,5.610000133514404,5.610000133514404,25167.0
2025-06-26 09:33:00,VZLA,,2.990000009536743,2.990000009536743,2.9800000190734863,2.984999895095825,40787.0
2025-06-26 09:33:00,WRN,,1.2100000381469727,1.2200000286102295,1.2100000381469727,1.2200000286102295,4877.0
2025-06-26 09:33:00,WYY,,3.447499990463257,3.467600107192993,3.447499990463257,3.467600107192993,2706.0
2025-06-26 09:33:00,XPL,,0.6424999833106995,0.6424999833106995,0.6399999856948853,0.6399999856948853,408.0
2025-06-26 09:33:00,ZDGE,,4.099999904632568,4.099999904632568,4.099999904632568,4.099999904632568,431.0
2025-06-26 09:34:00,AEON,,0.7712500095367432,0.7712500095367432,0.7712500095367432,0.7712500095367432,172.0
2025-06-26 09:34:00,AREN,,5.5,5.5,5.5,5.5,349.0
2025-06-26 09:34:00,ARMN,,6.869999885559082,6.880000114440918,6.869999885559082,6.880000114440918,1218.0
2025-06-26 09:34:00,ASM,,3.5,3.5250000953674316,3.5,3.505000114440918,6639.0
2025-06-26 09:34:00,ATNM,,1.6100000143051147,1.6150000095367432,1.6100000143051147,1.6100000143051147,2076.0
2025-06-26 09:34:00,AZTR,,0.25279998779296875,0.25279998779296875,0.25279998779296875,0.25279998779296875,500.0
2025-06-26 09:34:00,BGI,,0.8799999952316284,0.8809999823570251,0.8799999952316284,0.8809999823570251,822.0
2025-06-26 09:34:00,BKTI,,53.25,53.25,53.25,53.25,276.0
2025-06-26 09:34:00,BTG,,3.5950000286102295,3.609999895095825,3.5950000286102295,3.609999895095825,196127.0
2025-06-26 09:34:00,BURU,,0.3197000026702881,0.3197000026702881,0.31709998846054077,0.3172000050544739,9067.0
2025-06-26 09:34:00,CANF,,1.0597000122070312,1.0597000122070312,1.0597000122070312,1.0597000122070312,1035.0
2025-06-26 09:34:00,CEF,,30.209999084472656,30.219999313354492,30.209999084472656,30.219999313354492,2803.0
2025-06-26 09:34:00,CIK,,2.930000066757202,2.930000066757202,2.9293999671936035,2.9293999671936035,701.0
2025-06-26 09:34:00,CLDI,,0.23260000348091125,0.23489999771118164,0.23260000348091125,0.23260000348091125,31310.0
2025-06-26 09:34:00,CLM,,7.954999923706055,7.955399990081787,7.954999923706055,7.955399990081787,1062.0
2025-06-26 09:34:00,CMCL,,19.03499984741211,19.03499984741211,19.03499984741211,19.03499984741211,197.0
2025-06-26 09:34:00,CRF,,7.574999809265137,7.579999923706055,7.574999809265137,7.579999923706055,2031.0
2025-06-26 09:34:00,CTM,,1.0199999809265137,1.0299999713897705,1.0199999809265137,1.0199999809265137,9597.0
2025-06-26 09:34:00,CYBN,,8.170000076293945,8.170000076293945,8.170000076293945,8.170000076293945,1732.0
2025-06-26 09:34:00,DHY,,2.115000009536743,2.115000009536743,2.115000009536743,2.115000009536743,173.0
2025-06-26 09:34:00,DNN,,1.7699999809265137,1.7699999809265137,1.7599999904632568,1.7699999809265137,336340.0
2025-06-26 09:34:00,EQX,,5.869999885559082,5.885000228881836,5.869999885559082,5.880000114440918,20000.0
2025-06-26 09:34:00,ESP,,43.41749954223633,43.41749954223633,42.7599983215332,42.7599983215332,358.0
2025-06-26 09:34:00,FOXO,,0.20499999821186066,0.20499999821186066,0.20499999821186066,0.20499999821186066,600.0
2025-06-26 09:34:00,GAU,,1.2863999605178833,1.2863999605178833,1.281000018119812,1.281000018119812,1753.0
2025-06-26 09:34:00,GNS,,0.6159999966621399,0.6421999931335449,0.6050009727478027,0.6370000243186951,285600.0
2025-06-26 09:34:00,GORO,,0.548799991607666,0.5532000064849854,0.548799991607666,0.5532000064849854,1350.0
2025-06-26 09:34:00,GROY,,2.2899999618530273,2.309999942779541,2.2899999618530273,2.2899999618530273,5591.0
2025-06-26 09:34:00,GSAT,,23.309999465942383,23.309999465942383,23.309999465942383,23.309999465942383,623.0
2025-06-26 09:34:00,GTE,,4.96999979019165,4.96999979019165,4.96999979019165,4.96999979019165,144.0
2025-06-26 09:34:00,HUSA,,12.864999771118164,12.875,12.65149974822998,12.779999732971191,2386.0
2025-06-26 09:34:00,IBO,,0.873399019241333,0.8736000061035156,0.8600000143051147,0.8676000237464905,29854.0
2025-06-26 09:34:00,IE,,9.4350004196167,9.5,9.390000343322754,9.40999984741211,46049.0
2025-06-26 09:34:00,INDO,,3.2209999561309814,3.247999906539917,3.2209999561309814,3.234999895095825,2367.0
2025-06-26 09:34:00,INFU,,6.400000095367432,6.400000095367432,6.400000095367432,6.400000095367432,1106.0
2025-06-26 09:34:00,ITP,,0.19144999980926514,0.19144999980926514,0.19144999980926514,0.19144999980926514,1000.0
2025-06-26 09:34:00,ITRG,,1.5800000429153442,1.5850000381469727,1.5800000429153442,1.5800000429153442,8900.0
2025-06-26 09:34:00,KNW,,2.0199999809265137,2.0199999809265137,2.0192999839782715,2.0192999839782715,1010.0
2025-06-26 09:34:00,KULR,,4.960000038146973,4.969699859619141,4.88100004196167,4.914999961853027,39642.0
2025-06-26 09:34:00,LCTX,,1.0600999593734741,1.065000057220459,1.059999942779541,1.059999942779541,22897.0
2025-06-26 09:34:00,LEU,,153.36500549316406,156.4539031982422,151.5500030517578,153.36500549316406,75447.0
2025-06-26 09:34:00,LMND,,41.02000045776367,41.150001525878906,40.970001220703125,40.999900817871094,16861.0
2025-06-26 09:34:00,LNG,,236.27499389648438,236.27499389648438,236.2550048828125,236.2550048828125,2795.0
2025-06-26 09:34:00,LODE,,3.5,3.5055999755859375,3.5,3.5,558.0
2025-06-26 09:34:00,MAG,,21.260000228881836,21.280000686645508,21.260000228881836,21.280000686645508,1659.0
2025-06-26 09:34:00,MAIA,,1.6047999858856201,1.6299999952316284,1.6047999858856201,1.6299999952316284,1357.0
2025-06-26 09:34:00,MHH,,6.929900169372559,6.929900169372559,6.929900169372559,6.929900169372559,1665.0
2025-06-26 09:34:00,MPTI,,39.11000061035156,39.11000061035156,39.11000061035156,39.11000061035156,528.0
2025-06-26 09:34:00,MRT,,2.8466999530792236,2.8466999530792236,2.7799999713897705,2.7799999713897705,5749.0
2025-06-26 09:34:00,MTA,,3.8949999809265137,3.9158999919891357,3.880000114440918,3.880000114440918,11990.0
2025-06-26 09:34:00,MTNB,,0.949999988079071,0.949999988079071,0.9399999976158142,0.9399999976158142,354.0
2025-06-26 09:34:00,MXC,,9.100000381469727,9.130000114440918,9.100000381469727,9.130000114440918,390.0
2025-06-26 09:34:00,NAK,,1.5399999618530273,1.5399999618530273,1.5199999809265137,1.5262999534606934,86798.0
2025-06-26 09:34:00,NEWP,,1.3660999536514282,1.3660999536514282,1.3660999536514282,1.3660999536514282,5051.0
2025-06-26 09:34:00,NFGC,,1.475000023841858,1.475000023841858,1.475000023841858,1.475000023841858,5000.0
2025-06-26 09:34:00,NG,,3.734999895095825,3.759999990463257,3.734999895095825,3.744999885559082,11496.0
2025-06-26 09:34:00,NGD,,4.829999923706055,4.849999904632568,4.829999923706055,4.84499979019165,51521.0
2025-06-26 09:34:00,NML,,8.729999542236328,8.729999542236328,8.729999542236328,8.729999542236328,257.0
2025-06-26 09:34:00,NNVC,,1.2949999570846558,1.3200000524520874,1.2949999570846558,1.3184000253677368,8903.0
2025-06-26 09:34:00,OBE,,5.559999942779541,5.559999942779541,5.519999980926514,5.53000020980835,1804.0
2025-06-26 09:34:00,OPTT,,0.5012000203132629,0.5012000203132629,0.4927000105381012,0.4970000088214874,10002.0
2025-06-26 09:34:00,ORLA,,9.880000114440918,9.899999618530273,9.880000114440918,9.885000228881836,3369.0
2025-06-26 09:34:00,PED,,0.6549999713897705,0.6571999788284302,0.6549999713897705,0.6571999788284302,1202.0
2025-06-26 09:34:00,PLG,,1.565000057220459,1.5800000429153442,1.565000057220459,1.5700000524520874,22757.0
2025-06-26 09:34:00,PLMR,,151.30650329589844,151.30650329589844,151.30650329589844,151.30650329589844,962.0
2025-06-26 09:34:00,REI,,0.7722499966621399,0.774399995803833,0.770550012588501,0.7721999883651733,17174.0
2025-06-26 09:34:00,REPX,,26.7549991607666,26.7549991607666,26.75,26.75,371.0
2025-06-26 09:34:00,RLGT,,6.03000020980835,6.065000057220459,6.03000020980835,6.065000057220459,355.0
2025-06-26 09:34:00,SATX,,2.9600000381469727,2.9600000381469727,2.9600000381469727,2.9600000381469727,10068.0
2025-06-26 09:34:00,SENS,,0.4945000112056732,0.4945000112056732,0.49424999952316284,0.49424999952316284,5088.0
2025-06-26 09:34:00,SGN,,1.0199999809265137,1.0299999713897705,1.0199999809265137,1.0299999713897705,545.0
2025-06-26 09:34:00,SLI,,1.815000057220459,1.815000057220459,1.809999942779541,1.815000057220459,1607.0
2025-06-26 09:34:00,SLND,,3.799999952316284,3.799999952316284,3.7950000762939453,3.799999952316284,529.0
2025-06-26 09:34:00,SOAR,,1.4890999794006348,1.4900000095367432,1.475000023841858,1.4900000095367432,13151.0
2025-06-26 09:34:00,SVM,,4.135000228881836,4.15500020980835,4.135000228881836,4.150000095367432,27970.0
2025-06-26 09:34:00,TGB,,3.065000057220459,3.0799999237060547,3.059999942779541,3.075000047683716,58231.0
2025-06-26 09:34:00,TOVX,,0.4641999900341034,0.4641999900341034,0.4459500014781952,0.4459500014781952,273.0
2025-06-26 09:34:00,TPET,,1.2200000286102295,1.2200000286102295,1.2101000547409058,1.2135000228881836,8128.0
2025-06-26 09:34:00,UAMY,,2.4899001121520996,2.494999885559082,2.4800000190734863,2.490000009536743,10820.0
2025-06-26 09:34:00,UAVS,,1.1299999952316284,1.1399999856948853,1.1299999952316284,1.1399999856948853,10377.0
2025-06-26 09:34:00,UEC,,6.744999885559082,6.769999980926514,6.744999885559082,6.744999885559082,20187.0
2025-06-26 09:34:00,URG,,1.024999976158142,1.024999976158142,1.0099999904632568,1.0099999904632568,12402.0
2025-06-26 09:34:00,UTG,,35.42499923706055,35.42499923706055,35.42499923706055,35.42499923706055,537.0
2025-06-26 09:34:00,UUUU,,5.625,5.650000095367432,5.625,5.639999866485596,25730.0
2025-06-26 09:34:00,VNRX,,0.7400000095367432,0.7409999966621399,0.7400000095367432,0.7409999966621399,480.0
2025-06-26 09:34:00,VTAK,,0.24699999392032623,0.24779999256134033,0.24699999392032623,0.24779999256134033,2376.0
2025-06-26 09:34:00,VZLA,,2.984999895095825,3.0,2.984999895095825,2.994999885559082,21317.0
2025-06-26 09:34:00,WRN,,1.2200000286102295,1.2200000286102295,1.2100000381469727,1.2100000381469727,7745.0
2025-06-26 09:34:00,WWR,,0.574999988079071,0.579800009727478,0.5701000094413757,0.579800009727478,3321.0
2025-06-26 09:34:00,WYY,,3.4688000679016113,3.4688000679016113,3.4688000679016113,3.4688000679016113,164.0
2025-06-26 09:34:00,XTNT,,0.6399999856948853,0.6399999856948853,0.6399999856948853,0.6399999856948853,400.0
2025-06-26 09:35:00,AEON,,0.7712000012397766,0.7712000012397766,0.7699999809265137,0.7699999809265137,665.0
2025-06-26 09:35:00,AREN,,5.570000171661377,5.570000171661377,5.5,5.5,10754.0
2025-06-26 09:35:00,ARMN,,6.829999923706055,6.869999885559082,6.829999923706055,6.860000133514404,13104.0
2025-06-26 09:35:00,ASM,,3.494999885559082,3.505199909210205,3.490000009536743,3.5,2584.0
2025-06-26 09:35:00,ATNM,,1.600000023841858,1.6299999952316284,1.600000023841858,1.6299999952316284,9382.0
2025-06-26 09:35:00,AUST,,1.3450000286102295,1.3450000286102295,1.344099998474121,1.344099998474121,354.0
2025-06-26 09:35:00,AZTR,,0.25380000472068787,0.25380000472068787,0.25380000472068787,0.25380000472068787,400.0
2025-06-26 09:35:00,BATL,,1.5302000045776367,1.5302000045776367,1.4908000230789185,1.4908000230789185,850.0
2025-06-26 09:35:00,BTG,,3.5850000381469727,3.5999999046325684,3.5799999237060547,3.5999999046325684,168100.0
2025-06-26 09:35:00,BURU,,0.31709998846054077,0.3190999925136566,0.31709998846054077,0.31709998846054077,3190.0
2025-06-26 09:35:00,CATX,,3.853800058364868,3.853800058364868,3.853800058364868,3.853800058364868,125.0
2025-06-26 09:35:00,CBOE,,229.8300018310547,229.92999267578125,229.8249969482422,229.8800048828125,1565.0
2025-06-26 09:35:00,CEF,,30.184999465942383,30.209999084472656,30.184999465942383,30.200000762939453,9757.0
2025-06-26 09:35:00,CEFD,,19.0,19.0,19.0,19.0,0.0
2025-06-26 09:35:00,CIK,,2.930000066757202,2.930000066757202,2.924999952316284,2.930000066757202,400.0
2025-06-26 09:35:00,CLDI,,0.23029999434947968,0.23029999434947968,0.23029999434947968,0.23029999434947968,1917.0
2025-06-26 09:35:00,CLM,,7.949999809265137,7.949999809265137,7.949999809265137,7.949999809265137,673.0
2025-06-26 09:35:00,CPHI,,1.7200000286102295,1.7699999809265137,1.7200000286102295,1.7699999809265137,200.0
2025-06-26 09:35:00,CRF,,7.570000171661377,7.579899787902832,7.570000171661377,7.570000171661377,1495.0
2025-06-26 09:35:00,CTM,,1.0199999809265137,1.024999976158142,1.0199999809265137,1.0219999551773071,7534.0
2025-06-26 09:35:00,CYBN,,8.239999771118164,8.399999618530273,8.100000381469727,8.100000381469727,6351.0
2025-06-26 09:35:00,DC,,3.7799999713897705,3.7799999713897705,3.765000104904175,3.765000104904175,475.0
2025-06-26 09:35:00,DNN,,1.7599999904632568,1.7699999809265137,1.7599999904632568,1.7649999856948853,106662.0
2025-06-26 09:35:00,ELA,,5.710000038146973,5.710000038146973,5.710000038146973,5.710000038146973,0.0
2025-06-26 09:35:00,EMX,,2.5190000534057617,2.5190000534057617,2.5190000534057617,2.5190000534057617,1076.0
2025-06-26 09:35:00,EQX,,5.855000019073486,5.878799915313721,5.849999904632568,5.875,108595.0
2025-06-26 09:35:00,FOXO,,0.20659999549388885,0.20659999549388885,0.20659999549388885,0.20659999549388885,120.0
2025-06-26 09:35:00,FTF,,6.420000076293945,6.420000076293945,6.400000095367432,6.400000095367432,668.0
2025-06-26 09:35:00,GAU,,1.284600019454956,1.284600019454956,1.284600019454956,1.284600019454956,110.0
2025-06-26 09:35:00,GNS,,0.6399999856948853,0.6399999856948853,0.6105999946594238,0.6159999966621399,120548.0
2025-06-26 09:35:00,GORO,,0.5493999719619751,0.5493999719619751,0.5493999719619751,0.5493999719619751,149.0
2025-06-26 09:35:00,GROY,,2.265000104904175,2.2899999618530273,2.265000104904175,2.2899999618530273,14391.0
2025-06-26 09:35:00,GTE,,4.96999979019165,4.96999979019165,4.96999979019165,4.96999979019165,349.0
2025-06-26 09:35:00,HUSA,,13.25,13.25,12.960000038146973,12.99530029296875,9209.0
2025-06-26 09:35:00,IBO,,0.8510000109672546,0.8658000230789185,0.8503000140190125,0.8658000230789185,39065.0
2025-06-26 09:35:00,IDR,,12.800000190734863,13.1899995803833,12.800000190734863,13.109999656677246,20416.0
2025-06-26 09:35:00,IE,,9.449999809265137,9.449999809265137,9.430000305175781,9.430000305175781,1539.0
2025-06-26 09:35:00,IMO,,80.60749816894531,80.60749816894531,80.60749816894531,80.60749816894531,105.0
2025-06-26 09:35:00,INDO,,3.2204999923706055,3.2355000972747803,3.220099925994873,3.220099925994873,6018.0
2025-06-26 09:35:00,ITP,,0.19480000436306,0.19480000436306,0.1914999932050705,0.1914999932050705,656.0
2025-06-26 09:35:00,ITRG,,1.5800000429153442,1.5800000429153442,1.5750000476837158,1.5750000476837158,3532.0
2025-06-26 09:35:00,KNW,,2.0999999046325684,2.109999895095825,2.005000114440918,2.005000114440918,60861.0
2025-06-26 09:35:00,KULR,,5.010000228881836,5.039999961853027,4.951099872589111,4.95550012588501,28142.0
2025-06-26 09:35:00,LCTX,,1.0606000423431396,1.063599944114685,1.0606000423431396,1.063599944114685,3829.0
2025-06-26 09:35:00,LEU,,156.0,157.23049926757812,154.28500366210938,155.0,36521.0
2025-06-26 09:35:00,LMND,,41.779998779296875,41.79999923706055,41.119998931884766,41.125,16715.0
2025-06-26 09:35:00,LNG,,236.27000427246094,236.27000427246094,236.27000427246094,236.27000427246094,981.0
2025-06-26 09:35:00,LODE,,3.450000047683716,3.4800000190734863,3.450000047683716,3.4800000190734863,5499.0
2025-06-26 09:35:00,MAG,,21.18000030517578,21.209999084472656,21.165000915527344,21.200000762939453,9603.0
2025-06-26 09:35:00,MAIA,,1.600000023841858,1.6200000047683716,1.600000023841858,1.6200000047683716,4106.0
2025-06-26 09:35:00,MI,,2.2799999713897705,2.2799999713897705,2.2799999713897705,2.2799999713897705,861.0
2025-06-26 09:35:00,MPTI,,39.11000061035156,39.11000061035156,39.11000061035156,39.11000061035156,301.0
2025-06-26 09:35:00,MRT,,2.8499999046325684,2.8499999046325684,2.7950000762939453,2.809999942779541,10802.0
2025-06-26 09:35:00,MTA,,3.9330999851226807,3.9330999851226807,3.880000114440918,3.9100000858306885,914.0
2025-06-26 09:35:00,MXC,,9.100000381469727,9.100000381469727,9.0,9.100000381469727,815.0
2025-06-26 09:35:00,MYO,,2.255000114440918,2.365999937057495,2.2300000190734863,2.365999937057495,9945.0
2025-06-26 09:35:00,NAK,,1.529099941253662,1.5299999713897705,1.5199999809265137,1.5234999656677246,73328.0
2025-06-26 09:35:00,NBY,,0.5755000114440918,0.5755000114440918,0.5755000114440918,0.5755000114440918,638.0
2025-06-26 09:35:00,NCL,,0.1720000058412552,0.17489999532699585,0.1720000058412552,0.17489999532699585,4916.0
2025-06-26 09:35:00,NFGC,,1.4937000274658203,1.4937000274658203,1.4937000274658203,1.4937000274658203,1512.0
2025-06-26 09:35:00,NG,,3.7699999809265137,3.7699999809265137,3.734499931335449,3.734999895095825,16064.0
2025-06-26 09:35:00,NGD,,4.809999942779541,4.829999923706055,4.809999942779541,4.829999923706055,90955.0
2025-06-26 09:35:00,NNVC,,1.2949999570846558,1.2949999570846558,1.2799999713897705,1.2841999530792236,3125.0
2025-06-26 09:35:00,OBE,,5.53000020980835,5.539999961853027,5.525000095367432,5.539999961853027,750.0
2025-06-26 09:35:00,OPTT,,0.4979490041732788,0.5,0.4950000047683716,0.4950999915599823,2771.0
2025-06-26 09:35:00,ORLA,,9.88379955291748,9.890000343322754,9.880000114440918,9.880000114440918,2233.0
2025-06-26 09:35:00,PED,,0.6600000262260437,0.6600000262260437,0.6600000262260437,0.6600000262260437,311.0
2025-06-26 09:35:00,PLG,,1.565000057220459,1.5700000524520874,1.565000057220459,1.5700000524520874,5600.0
2025-06-26 09:35:00,REI,,0.7700999975204468,0.7721999883651733,0.7700999975204468,0.7721999883651733,6800.0
2025-06-26 09:35:00,SACH,,1.090000033378601,1.090000033378601,1.090000033378601,1.090000033378601,1020.0
2025-06-26 09:35:00,SATX,,2.9600000381469727,2.9600000381469727,2.9600000381469727,2.9600000381469727,789.0
2025-06-26 09:35:00,SENS,,0.494049996137619,0.4945000112056732,0.49399998784065247,0.49424999952316284,20978.0
2025-06-26 09:35:00,SGN,,1.0240999460220337,1.0240999460220337,1.0240999460220337,1.0240999460220337,102.0
2025-06-26 09:35:00,SLI,,1.8199000358581543,1.8199000358581543,1.815000057220459,1.815000057220459,11300.0
2025-06-26 09:35:00,SVM,,4.125,4.139999866485596,4.125,4.135000228881836,8974.0
2025-06-26 09:35:00,TGB,,3.0401999950408936,3.069999933242798,3.0399999618530273,3.065000057220459,119736.0
2025-06-26 09:35:00,TPET,,1.219499945640564,1.219499945640564,1.219499945640564,1.219499945640564,142.0
2025-06-26 09:35:00,UAMY,,2.5,2.5,2.483299970626831,2.489799976348877,18489.0
2025-06-26 09:35:00,UAVS,,1.135200023651123,1.1363999843597412,1.1302000284194946,1.1363999843597412,5258.0
2025-06-26 09:35:00,UEC,,6.729899883270264,6.744999885559082,6.710000038146973,6.744999885559082,44020.0
2025-06-26 09:35:00,URG,,1.024999976158142,1.0299999713897705,1.024999976158142,1.024999976158142,4605.0
2025-06-26 09:35:00,USAS,,0.7844499945640564,0.789900004863739,0.7789999842643738,0.7849500179290771,20406.0
2025-06-26 09:35:00,UTG,,35.43000030517578,35.439998626708984,35.43000030517578,35.439998626708984,5209.0
2025-06-26 09:35:00,UUUU,,5.614999771118164,5.635000228881836,5.614999771118164,5.619999885559082,12375.0
2025-06-26 09:35:00,VZLA,,2.978800058364868,2.990000009536743,2.9749999046325684,2.9800000190734863,10209.0
2025-06-26 09:35:00,XTNT,,0.6498000025749207,0.6498000025749207,0.6498000025749207,0.6498000025749207,551.0
2025-06-26 09:36:00,AEON,,0.7713000178337097,0.7728999853134155,0.7712000012397766,0.7712000012397766,11047.0
2025-06-26 09:36:00,ARMN,,6.840000152587891,6.84499979019165,6.829999923706055,6.829999923706055,3532.0
2025-06-26 09:36:00,ASM,,3.490000009536743,3.494999885559082,3.484999895095825,3.490000009536743,32848.0
2025-06-26 09:36:00,AZTR,,0.2533000111579895,0.2533000111579895,0.2533000111579895,0.2533000111579895,207.0
2025-06-26 09:36:00,BRBS,,3.2950000762939453,3.2950000762939453,3.259999990463257,3.259999990463257,235.0
2025-06-26 09:36:00,BTG,,3.5950000286102295,3.5999999046325684,3.581199884414673,3.585200071334839,174198.0
2025-06-26 09:36:00,BURU,,0.31850001215934753,0.31850001215934753,0.31709998846054077,0.3172000050544739,12451.0
2025-06-26 09:36:00,CATX,,3.809999942779541,3.8350000381469727,3.759999990463257,3.819999933242798,4217.0
2025-06-26 09:36:00,CBOE,,230.0800018310547,230.0800018310547,230.0800018310547,230.0800018310547,225.0
2025-06-26 09:36:00,CEF,,30.174999237060547,30.174999237060547,30.174999237060547,30.174999237060547,1000.0
2025-06-26 09:36:00,CEFD,,19.0,19.0,19.0,19.0,865.0
2025-06-26 09:36:00,CIK,,2.930000066757202,2.930000066757202,2.930000066757202,2.930000066757202,200.0
2025-06-26 09:36:00,CLDI,,0.23029999434947968,0.2304999977350235,0.23000000417232513,0.23000000417232513,11208.0
2025-06-26 09:36:00,CLM,,7.949999809265137,7.953800201416016,7.949999809265137,7.951099872589111,3754.0
2025-06-26 09:36:00,CPHI,,1.7200000286102295,1.7200000286102295,1.7200000286102295,1.7200000286102295,432.0
2025-06-26 09:36:00,CQP,,54.77000045776367,54.77000045776367,54.77000045776367,54.77000045776367,242.0
2025-06-26 09:36:00,CRF,,7.570000171661377,7.570000171661377,7.570000171661377,7.570000171661377,3196.0
2025-06-26 09:36:00,CTGO,,20.83180046081543,20.83180046081543,20.83180046081543,20.83180046081543,270.0
2025-06-26 09:36:00,CTM,,1.0199999809265137,1.0211000442504883,1.0199999809265137,1.0199999809265137,1502.0
2025-06-26 09:36:00,CYBN,,8.350000381469727,8.350000381469727,8.109999656677246,8.109999656677246,6047.0
2025-06-26 09:36:00,DC,,3.75,3.75,3.75,3.75,102.0
2025-06-26 09:36:00,DNN,,1.7698999643325806,1.7699999809265137,1.7599999904632568,1.7599999904632568,393328.0
2025-06-26 09:36:00,DXF,,4.850100040435791,4.875,4.850100040435791,4.875,400.0
2025-06-26 09:36:00,ELMD,,21.94029998779297,21.94029998779297,21.94029998779297,21.94029998779297,100.0
2025-06-26 09:36:00,EQX,,5.835000038146973,5.860000133514404,5.829999923706055,5.860000133514404,38110.0
2025-06-26 09:36:00,ESP,,42.75,42.75,42.75,42.75,101.0
2025-06-26 09:36:00,FSP,,1.6931999921798706,1.6931999921798706,1.6931999921798706,1.6931999921798706,202.0
2025-06-26 09:36:00,GAU,,1.2799999713897705,1.2799999713897705,1.2799999713897705,1.2799999713897705,111.0
2025-06-26 09:36:00,GGN,,4.360000133514404,4.360000133514404,4.360000133514404,4.360000133514404,469.0
2025-06-26 09:36:00,GLO,,5.335899829864502,5.335899829864502,5.335899829864502,5.335899829864502,114.0
2025-06-26 09:36:00,GNS,,0.6499999761581421,0.6510000228881836,0.6300010085105896,0.6399999856948853,71998.0
2025-06-26 09:36:00,GORO,,0.5454000234603882,0.5454000234603882,0.5454000234603882,0.5454000234603882,601.0
2025-06-26 09:36:00,GROY,,2.259999990463257,2.2706000804901123,2.259999990463257,2.2699999809265137,14784.0
2025-06-26 09:36:00,GSAT,,23.309999465942383,23.309999465942383,23.309999465942383,23.309999465942383,519.0
2025-06-26 09:36:00,HUSA,,13.31719970703125,13.389900207519531,13.010000228881836,13.125,26565.0
2025-06-26 09:36:00,IBO,,0.8629000186920166,0.8698999881744385,0.8510000109672546,0.8541010022163391,20045.0
2025-06-26 09:36:00,IDR,,13.10990047454834,13.10990047454834,12.859999656677246,12.859999656677246,1916.0
2025-06-26 09:36:00,IMO,,80.6050033569336,80.6050033569336,80.6050033569336,80.6050033569336,658.0
2025-06-26 09:36:00,INDO,,3.2100000381469727,3.2300000190734863,3.2100000381469727,3.2200000286102295,14657.0
2025-06-26 09:36:00,ITP,,0.19280000030994415,0.19280000030994415,0.19280000030994415,0.19280000030994415,5000.0
2025-06-26 09:36:00,ITRG,,1.5750000476837158,1.5750000476837158,1.5700000524520874,1.5709999799728394,908.0
2025-06-26 09:36:00,KNW,,2.1403000354766846,2.1549999713897705,2.1094000339508057,2.1094000339508057,20846.0
2025-06-26 09:36:00,KULR,,5.03000020980835,5.048600196838379,5.005000114440918,5.010000228881836,12517.0
2025-06-26 09:36:00,LCTX,,1.0700000524520874,1.0700000524520874,1.065000057220459,1.065000057220459,6483.0
2025-06-26 09:36:00,LEU,,160.72149658203125,161.32290649414062,155.0200958251953,160.72149658203125,50823.0
2025-06-26 09:36:00,LMND,,41.84000015258789,42.0,41.57310104370117,41.7599983215332,35841.0
2025-06-26 09:36:00,LNG,,236.2050018310547,236.55450439453125,236.02999877929688,236.55450439453125,2777.0
2025-06-26 09:36:00,MAG,,21.229999542236328,21.239999771118164,21.18000030517578,21.190000534057617,10972.0
2025-06-26 09:36:00,MAIA,,1.6200000047683716,1.6299999952316284,1.600000023841858,1.6150000095367432,14825.0
2025-06-26 09:36:00,MITQ,,0.6499000191688538,0.6499000191688538,0.6499000191688538,0.6499000191688538,1333.0
2025-06-26 09:36:00,MRT,,2.819999933242798,2.819999933242798,2.793800115585327,2.793800115585327,1428.0
2025-06-26 09:36:00,MTA,,3.859999895095825,3.884999990463257,3.859999895095825,3.880000114440918,805.0
2025-06-26 09:36:00,MYO,,2.255000114440918,2.255000114440918,2.255000114440918,2.255000114440918,133.0
2025-06-26 09:36:00,NAK,,1.5449999570846558,1.5499999523162842,1.5199999809265137,1.5299999713897705,27138.0
2025-06-26 09:36:00,NCL,,0.17190000414848328,0.17309999465942383,0.17180000245571136,0.17309999465942383,4186.0
2025-06-26 09:36:00,NG,,3.7799999713897705,3.7899999618530273,3.7699999809265137,3.7750000953674316,17820.0
2025-06-26 09:36:00,NGD,,4.810299873352051,4.820000171661377,4.800000190734863,4.813499927520752,62390.0
2025-06-26 09:36:00,NNVC,,1.2799999713897705,1.2999999523162842,1.2799999713897705,1.291599988937378,3479.0
2025-06-26 09:36:00,OBE,,5.550000190734863,5.550000190734863,5.550000190734863,5.550000190734863,100.0
2025-06-26 09:36:00,OPTT,,0.4961000084877014,0.499099999666214,0.49320000410079956,0.4950999915599823,8023.0
2025-06-26 09:36:00,ORLA,,9.904999732971191,9.90999984741211,9.869999885559082,9.869999885559082,1599.0
2025-06-26 09:36:00,PHGE,,0.47978800535202026,0.47978800535202026,0.47978800535202026,0.47978800535202026,471.0
2025-06-26 09:36:00,PLG,,1.559999942779541,1.565000057220459,1.5499999523162842,1.565000057220459,29492.0
2025-06-26 09:36:00,PLMR,,151.26499938964844,151.26499938964844,151.13250732421875,151.13250732421875,1025.0
2025-06-26 09:36:00,PZG,,0.6192119717597961,0.6192119717597961,0.6192119717597961,0.6192119717597961,2216.0
2025-06-26 09:36:00,REI,,0.7741000056266785,0.7741000056266785,0.7741000056266785,0.7741000056266785,103.0
2025-06-26 09:36:00,SACH,,1.0800000429153442,1.0800000429153442,1.0800000429153442,1.0800000429153442,144.0
2025-06-26 09:36:00,SATX,,2.9600000381469727,2.9600000381469727,2.9600000381469727,2.9600000381469727,4900.0
2025-06-26 09:36:00,SENS,,0.49399998784065247,0.49410000443458557,0.49399998784065247,0.49410000443458557,2547.0
2025-06-26 09:36:00,SLI,,1.8450000286102295,1.850000023841858,1.8200000524520874,1.8200000524520874,34519.0
2025-06-26 09:36:00,SVM,,4.125,4.130000114440918,4.125,4.125,1308.0
2025-06-26 09:36:00,TGB,,3.0299999713897705,3.049999952316284,3.0206000804901123,3.0450000762939453,67913.0
2025-06-26 09:36:00,TPET,,1.210800051689148,1.210800051689148,1.210800051689148,1.210800051689148,599.0
2025-06-26 09:36:00,UAMY,,2.494999885559082,2.5199999809265137,2.4800000190734863,2.5,35774.0
2025-06-26 09:36:00,UAVS,,1.1349999904632568,1.1399999856948853,1.1349999904632568,1.139299988746643,423.0
2025-06-26 09:36:00,UEC,,6.744999885559082,6.755000114440918,6.710000038146973,6.730000019073486,163120.0
2025-06-26 09:36:00,URG,,1.024999976158142,1.0299999713897705,1.024999976158142,1.024999976158142,4575.0
2025-06-26 09:36:00,USAS,,0.7699999809265137,0.784500002861023,0.7699999809265137,0.7789999842643738,15292.0
2025-06-26 09:36:00,UUU,,3.0799999237060547,3.0799999237060547,3.0799999237060547,3.0799999237060547,0.0
2025-06-26 09:36:00,UUUU,,5.650000095367432,5.650000095367432,5.614999771118164,5.625,14057.0
2025-06-26 09:36:00,VGZ,,1.0199999809265137,1.0199999809265137,1.0199999809265137,1.0199999809265137,1166.0
2025-06-26 09:36:00,VNRX,,0.7595999836921692,0.7595999836921692,0.7595999836921692,0.7595999836921692,1286.0
2025-06-26 09:36:00,VTAK,,0.24819999933242798,0.24819999933242798,0.2476000040769577,0.2476000040769577,2003.0
2025-06-26 09:36:00,VZLA,,2.9749999046325684,2.9749999046325684,2.9700000286102295,2.9749999046325684,1240.0
2025-06-26 09:36:00,WWR,,0.5699999928474426,0.5709999799728394,0.5699999928474426,0.5705000162124634,7295.0
2025-06-26 09:37:00,AEON,,0.7750489711761475,0.7774999737739563,0.7750489711761475,0.7774999737739563,1985.0
2025-06-26 09:37:00,AMBO,,2.299999952316284,2.299999952316284,2.299999952316284,2.299999952316284,0.0
2025-06-26 09:37:00,ASM,,3.494999885559082,3.494999885559082,3.490000009536743,3.490000009536743,9977.0
2025-06-26 09:37:00,AZTR,,0.25380000472068787,0.25380000472068787,0.25380000472068787,0.25380000472068787,9900.0
2025-06-26 09:37:00,BRN,,1.2000000476837158,1.2000000476837158,1.2000000476837158,1.2000000476837158,275.0
2025-06-26 09:37:00,BTG,,3.5999999046325684,3.5999999046325684,3.5899999141693115,3.599900007247925,140706.0
2025-06-26 09:37:00,BURU,,0.31619998812675476,0.31839999556541443,0.3149999976158142,0.3179999887943268,32528.0
2025-06-26 09:37:00,CATX,,3.7300000190734863,3.759999990463257,3.7300000190734863,3.759999990463257,1316.0
2025-06-26 09:37:00,CBOE,,230.47999572753906,230.47999572753906,230.47999572753906,230.47999572753906,122.0
2025-06-26 09:37:00,CEF,,30.204999923706055,30.204999923706055,30.200000762939453,30.200000762939453,1100.0
2025-06-26 09:37:00,CIK,,2.930000066757202,2.930000066757202,2.930000066757202,2.930000066757202,200.0
2025-06-26 09:37:00,CLDI,,0.23000000417232513,0.23019999265670776,0.23000000417232513,0.23019999265670776,7429.0
2025-06-26 09:37:00,CLM,,7.945000171661377,7.945400238037109,7.940000057220459,7.945400238037109,2831.0
2025-06-26 09:37:00,CMCL,,19.25,19.25,19.25,19.25,158.0
2025-06-26 09:37:00,CRF,,7.559999942779541,7.559999942779541,7.559999942779541,7.559999942779541,265.0
2025-06-26 09:37:00,CTM,,1.0199999809265137,1.024999976158142,1.0199999809265137,1.0199999809265137,20331.0
2025-06-26 09:37:00,CYBN,,8.350000381469727,8.350000381469727,8.350000381469727,8.350000381469727,326.0
2025-06-26 09:37:00,DC,,3.765000104904175,3.765000104904175,3.765000104904175,3.765000104904175,341.0
2025-06-26 09:37:00,DNN,,1.7698999643325806,1.7698999643325806,1.7649999856948853,1.7698999643325806,14365.0
2025-06-26 09:37:00,DXF,,4.852200031280518,4.8643999099731445,4.852200031280518,4.853400230407715,864.0
2025-06-26 09:37:00,ELMD,,21.455400466918945,21.455400466918945,21.455400466918945,21.455400466918945,269.0
2025-06-26 09:37:00,EMX,,2.5199999809265137,2.5199999809265137,2.5199999809265137,2.5199999809265137,156.0
2025-06-26 09:37:00,EQX,,5.840000152587891,5.840000152587891,5.820300102233887,5.835000038146973,32834.0
2025-06-26 09:37:00,ERC,,9.354999542236328,9.354999542236328,9.354999542236328,9.354999542236328,0.0
2025-06-26 09:37:00,FOXO,,0.2046000063419342,0.2046000063419342,0.2046000063419342,0.2046000063419342,406.0
2025-06-26 09:37:00,GAU,,1.2799999713897705,1.2799999713897705,1.2799999713897705,1.2799999713897705,55901.0
2025-06-26 09:37:00,GGN,,4.360000133514404,4.360000133514404,4.360000133514404,4.360000133514404,4832.0
2025-06-26 09:37:00,GLDG,,0.7401999831199646,0.7401999831199646,0.7401999831199646,0.7401999831199646,155.0
2025-06-26 09:37:00,GNS,,0.6589000225067139,0.6590999960899353,0.6510000228881836,0.6510000228881836,35862.0
2025-06-26 09:37:00,GORO,,0.546500027179718,0.5529999732971191,0.5400000214576721,0.550000011920929,7234.0
2025-06-26 09:37:00,GROY,,2.2799999713897705,2.2799999713897705,2.265000104904175,2.265000104904175,557.0
2025-06-26 09:37:00,GSAT,,23.309999465942383,23.309999465942383,23.309999465942383,23.309999465942383,818.0
2025-06-26 09:37:00,GTE,,4.949999809265137,4.949999809265137,4.949999809265137,4.949999809265137,219.0
2025-06-26 09:37:00,HUSA,,13.329299926757812,13.380000114440918,13.199999809265137,13.380000114440918,4419.0
2025-06-26 09:37:00,IBO,,0.861050009727478,0.8698999881744385,0.8560000061988831,0.8698999881744385,13337.0
2025-06-26 09:37:00,IDR,,12.970000267028809,12.970000267028809,12.970000267028809,12.970000267028809,167.0
2025-06-26 09:37:00,IGC,,0.3099989891052246,0.3099989891052246,0.3099989891052246,0.3099989891052246,675.0
2025-06-26 09:37:00,IMO,,80.5,80.60130310058594,80.5,80.60130310058594,2930.0
2025-06-26 09:37:00,INDO,,3.25,3.2653000354766846,3.2139999866485596,3.2167999744415283,25370.0
2025-06-26 09:37:00,ITP,,0.19480000436306,0.19480000436306,0.18610000610351562,0.18610000610351562,2639.0
2025-06-26 09:37:00,ITRG,,1.5700000524520874,1.5750000476837158,1.5700000524520874,1.5750000476837158,2020.0
2025-06-26 09:37:00,KNW,,2.180000066757202,2.2100000381469727,2.150099992752075,2.1591999530792236,19726.0
2025-06-26 09:37:00,KULR,,5.039899826049805,5.039899826049805,5.0100998878479,5.019999980926514,8596.0
2025-06-26 09:37:00,LCTX,,1.0700000524520874,1.0700000524520874,1.0700000524520874,1.0700000524520874,1885.0
2025-06-26 09:37:00,LEU,,158.9550018310547,161.49989318847656,157.4001007080078,160.0,25143.0
2025-06-26 09:37:00,LMND,,41.869998931884766,41.91999816894531,41.70000076293945,41.83000183105469,5739.0
2025-06-26 09:37:00,LNG,,237.5850067138672,237.5850067138672,236.2050018310547,236.2050018310547,7304.0
2025-06-26 09:37:00,LODE,,3.490000009536743,3.490000009536743,3.4700000286102295,3.4700000286102295,2485.0
2025-06-26 09:37:00,MAG,,21.239999771118164,21.239999771118164,21.209999084472656,21.229999542236328,2567.0
2025-06-26 09:37:00,MAIA,,1.6053999662399292,1.6200000047683716,1.600000023841858,1.6200000047683716,2855.0
2025-06-26 09:37:00,MITQ,,0.6324999928474426,0.6324999928474426,0.6324999928474426,0.6324999928474426,122.0
2025-06-26 09:37:00,MPU,,0.9801999926567078,0.9801999926567078,0.9801999926567078,0.9801999926567078,1202.0
2025-06-26 09:37:00,MTA,,3.859999895095825,3.890000104904175,3.859999895095825,3.859999895095825,533.0
2025-06-26 09:37:00,MTNB,,0.9399999976158142,0.949999988079071,0.9399999976158142,0.949999988079071,708.0
2025-06-26 09:37:00,MXC,,8.989500045776367,8.989500045776367,8.819999694824219,8.869999885559082,595.0
2025-06-26 09:37:00,NAK,,1.534999966621399,1.5449999570846558,1.5347000360488892,1.5449999570846558,30260.0
2025-06-26 09:37:00,NG,,3.7792999744415283,3.7799999713897705,3.7699999809265137,3.7699999809265137,4030.0
2025-06-26 09:37:00,NGD,,4.829999923706055,4.829999923706055,4.809999942779541,4.814599990844727,28764.0
2025-06-26 09:37:00,NNVC,,1.2649999856948853,1.2699999809265137,1.2649999856948853,1.2699999809265137,2574.0
2025-06-26 09:37:00,NRO,,3.209399938583374,3.209399938583374,3.209399938583374,3.209399938583374,720.0
2025-06-26 09:37:00,OBE,,5.550000190734863,5.550000190734863,5.550000190734863,5.550000190734863,592.0
2025-06-26 09:37:00,OPTT,,0.4952319860458374,0.4975999891757965,0.49410000443458557,0.4975999891757965,12190.0
2025-06-26 09:37:00,ORLA,,9.890000343322754,9.899999618530273,9.880000114440918,9.890000343322754,1935.0
2025-06-26 09:37:00,PLAG,,0.8349999785423279,0.8349999785423279,0.8007000088691711,0.8007000088691711,2050.0
2025-06-26 09:37:00,PLG,,1.5750000476837158,1.5750000476837158,1.559999942779541,1.565000057220459,4873.0
2025-06-26 09:37:00,PZG,,0.6137999892234802,0.6137999892234802,0.6137999892234802,0.6137999892234802,1000.0
2025-06-26 09:37:00,REI,,0.7700999975204468,0.774399995803833,0.7700999975204468,0.774399995803833,2260.0
2025-06-26 09:37:00,RLGT,,5.96999979019165,6.050000190734863,5.96999979019165,6.039999961853027,2245.0
2025-06-26 09:37:00,SATX,,2.9600000381469727,2.9600000381469727,2.9600000381469727,2.9600000381469727,1135.0
2025-06-26 09:37:00,SEB,,2942.56005859375,2942.93505859375,2910.639892578125,2915.0,24.0
2025-06-26 09:37:00,SENS,,0.49399998784065247,0.49410000443458557,0.49399998784065247,0.494049996137619,12144.0
2025-06-26 09:37:00,SGN,,1.033400058746338,1.033400058746338,1.033400058746338,1.033400058746338,27447.0
2025-06-26 09:37:00,SKYH,,9.600000381469727,9.600000381469727,9.600000381469727,9.600000381469727,182.0
2025-06-26 09:37:00,SLI,,1.840999960899353,1.8450000286102295,1.840000033378601,1.840000033378601,1856.0
2025-06-26 09:37:00,SLND,,3.799999952316284,3.799999952316284,3.799999952316284,3.799999952316284,410.0
2025-06-26 09:37:00,SOAR,,1.465000033378601,1.465000033378601,1.465000033378601,1.465000033378601,213.0
2025-06-26 09:37:00,SVM,,4.125,4.130000114440918,4.110000133514404,4.119999885559082,27006.0
2025-06-26 09:37:00,TGB,,3.0350000858306885,3.0399999618530273,3.0299999713897705,3.0350000858306885,40755.0
2025-06-26 09:37:00,THM,,0.9399999976158142,0.9478999972343445,0.9399999976158142,0.9478999972343445,3910.0
2025-06-26 09:37:00,UAMY,,2.4899001121520996,2.496799945831299,2.4800000190734863,2.490000009536743,13457.0
2025-06-26 09:37:00,UAVS,,1.1398999691009521,1.1398999691009521,1.1349999904632568,1.1349999904632568,3462.0
2025-06-26 09:37:00,UEC,,6.755000114440918,6.755000114440918,6.710000038146973,6.741000175476074,148940.0
2025-06-26 09:37:00,URG,,1.0299999713897705,1.0299999713897705,1.024999976158142,1.0299999713897705,2614.0
2025-06-26 09:37:00,USAS,,0.7770000100135803,0.7783499956130981,0.7699999809265137,0.7699999809265137,16190.0
2025-06-26 09:37:00,UUUU,,5.630000114440918,5.639999866485596,5.624599933624268,5.630000114440918,6046.0
2025-06-26 09:37:00,VTAK,,0.24789999425411224,0.24889999628067017,0.24789999425411224,0.24879999458789825,6243.0
2025-06-26 09:37:00,VZLA,,2.9800000190734863,2.9800000190734863,2.9700000286102295,2.9749999046325684,12322.0
2025-06-26 09:37:00,WWR,,0.5699999928474426,0.57989901304245,0.5699999928474426,0.5699999928474426,580.0
2025-06-26 09:38:00,AEON,,0.777400016784668,0.777400016784668,0.777400016784668,0.777400016784668,1965.0
2025-06-26 09:38:00,AREN,,5.5,5.50600004196167,5.5,5.50600004196167,2978.0
2025-06-26 09:38:00,ARMN,,6.855000019073486,6.860000133514404,6.849999904632568,6.849999904632568,8218.0
2025-06-26 09:38:00,ARMP,,2.0,2.0,2.0,2.0,7508.0
2025-06-26 09:38:00,ASM,,3.505000114440918,3.505000114440918,3.5,3.5,4417.0
2025-06-26 09:38:00,ATNM,,1.6100000143051147,1.6150000095367432,1.6100000143051147,1.6150000095367432,920.0
2025-06-26 09:38:00,AZTR,,0.25440001487731934,0.25440001487731934,0.2538999915122986,0.2538999915122986,1004.0
2025-06-26 09:38:00,BATL,,1.5199999809265137,1.5199999809265137,1.5199999809265137,1.5199999809265137,166.0
2025-06-26 09:38:00,BRBS,,3.299999952316284,3.299999952316284,3.299999952316284,3.299999952316284,167.0
2025-06-26 09:38:00,BTG,,3.599900007247925,3.5999999046325684,3.5952000617980957,3.599900007247925,78548.0
2025-06-26 09:38:00,BURU,,0.3166689872741699,0.3166689872741699,0.31520000100135803,0.31520000100135803,7502.0
2025-06-26 09:38:00,CATX,,3.7899999618530273,3.7899999618530273,3.788800001144409,3.788800001144409,2133.0
2025-06-26 09:38:00,CBOE,,230.60000610351562,230.60000610351562,230.47999572753906,230.47999572753906,304.0
2025-06-26 09:38:00,CEF,,30.19499969482422,30.19499969482422,30.190000534057617,30.190000534057617,509.0
2025-06-26 09:38:00,CIK,,2.930000066757202,2.930000066757202,2.930000066757202,2.930000066757202,311.0
2025-06-26 09:38:00,CLM,,7.940000057220459,7.949999809265137,7.934999942779541,7.940899848937988,13958.0
2025-06-26 09:38:00,CRF,,7.574999809265137,7.574999809265137,7.565000057220459,7.565000057220459,19119.0
2025-06-26 09:38:00,CTGO,,20.790000915527344,20.799999237060547,20.790000915527344,20.799999237060547,753.0
2025-06-26 09:38:00,CTM,,1.0199999809265137,1.0263999700546265,1.0199999809265137,1.0263999700546265,739.0
2025-06-26 09:38:00,DHY,,2.115000009536743,2.115000009536743,2.115000009536743,2.115000009536743,121.0
2025-06-26 09:38:00,DNN,,1.7699999809265137,1.7699999809265137,1.7647000551223755,1.7698999643325806,92177.0
2025-06-26 09:38:00,DSS,,0.8999999761581421,0.8999999761581421,0.8999999761581421,0.8999999761581421,1232.0
2025-06-26 09:38:00,DXF,,4.699999809265137,4.850299835205078,4.699999809265137,4.849999904632568,715.0
2025-06-26 09:38:00,EAD,,6.960100173950195,6.960100173950195,6.960100173950195,6.960100173950195,501.0
2025-06-26 09:38:00,EPM,,4.670000076293945,4.670000076293945,4.670000076293945,4.670000076293945,186.0
2025-06-26 09:38:00,EQX,,5.84499979019165,5.84499979019165,5.829999923706055,5.84499979019165,30523.0
2025-06-26 09:38:00,ESP,,43.400001525878906,43.400001525878906,43.400001525878906,43.400001525878906,286.0
2025-06-26 09:38:00,FOXO,,0.2021999955177307,0.20250000059604645,0.2021999955177307,0.20250000059604645,13041.0
2025-06-26 09:38:00,GAU,,1.2752000093460083,1.2752000093460083,1.2699999809265137,1.2699999809265137,2371.0
2025-06-26 09:38:00,GGN,,4.360000133514404,4.360000133514404,4.350200176239014,4.350200176239014,2203.0
2025-06-26 09:38:00,GNS,,0.6556990146636963,0.6589990258216858,0.6521000266075134,0.6554999947547913,46667.0
2025-06-26 09:38:00,GROY,,2.2699999809265137,2.2699999809265137,2.25,2.261699914932251,25270.0
2025-06-26 09:38:00,GTE,,4.960000038146973,4.960000038146973,4.960000038146973,4.960000038146973,100.0
2025-06-26 09:38:00,HUSA,,13.345000267028809,13.388099670410156,13.146599769592285,13.170000076293945,10920.0
2025-06-26 09:38:00,IBO,,0.8450000286102295,0.8621990084648132,0.8299999833106995,0.8621990084648132,46430.0
2025-06-26 09:38:00,IGC,,0.3084999918937683,0.3084999918937683,0.3084999918937683,0.3084999918937683,393.0
2025-06-26 09:38:00,INDO,,3.255000114440918,3.2697999477386475,3.25,3.25,3574.0
2025-06-26 09:38:00,ITRG,,1.5700000524520874,1.5700000524520874,1.5700000524520874,1.5700000524520874,300.0
2025-06-26 09:38:00,KNW,,2.1700000762939453,2.180999994277954,2.1602001190185547,2.180999994277954,6011.0
2025-06-26 09:38:00,KULR,,5.050000190734863,5.059999942779541,5.020100116729736,5.020100116729736,423513.0
2025-06-26 09:38:00,LCTX,,1.0800000429153442,1.0800000429153442,1.0700000524520874,1.0700000524520874,6005.0
2025-06-26 09:38:00,LEU,,158.83999633789062,159.89999389648438,157.52000427246094,159.88999938964844,26873.0
2025-06-26 09:38:00,LMND,,41.96500015258789,42.22999954223633,41.94580078125,42.0,17841.0
2025-06-26 09:38:00,LNG,,237.6199951171875,237.66000366210938,237.5850067138672,237.5850067138672,2192.0
2025-06-26 09:38:00,LODE,,3.490000009536743,3.490000009536743,3.490000009536743,3.490000009536743,300.0
2025-06-26 09:38:00,MAG,,21.2450008392334,21.2549991607666,21.239999771118164,21.239999771118164,1201.0
2025-06-26 09:38:00,MAIA,,1.6050000190734863,1.6050000190734863,1.6050000190734863,1.6050000190734863,3162.0
2025-06-26 09:38:00,MITQ,,0.6399999856948853,0.6416000127792358,0.632099986076355,0.6416000127792358,5365.0
2025-06-26 09:38:00,MPTI,,39.125,39.125,39.125,39.125,105.0
2025-06-26 09:38:00,MRT,,2.8638620376586914,2.892199993133545,2.859999895095825,2.859999895095825,1348.0
2025-06-26 09:38:00,MTA,,3.859999895095825,3.859999895095825,3.859999895095825,3.859999895095825,468.0
2025-06-26 09:38:00,MTNB,,0.9351000189781189,0.9351000189781189,0.9351000189781189,0.9351000189781189,1800.0
2025-06-26 09:38:00,NAK,,1.5392999649047852,1.5392999649047852,1.5299999713897705,1.534999966621399,13654.0
2025-06-26 09:38:00,NBH,,9.850000381469727,9.850000381469727,9.850000381469727,9.850000381469727,8786.0
2025-06-26 09:38:00,NEWP,,1.3601000308990479,1.3601000308990479,1.3601000308990479,1.3601000308990479,5000.0
2025-06-26 09:38:00,NG,,3.779900074005127,3.7850000858306885,3.7750000953674316,3.7750000953674316,8202.0
2025-06-26 09:38:00,NGD,,4.835000038146973,4.840000152587891,4.829999923706055,4.829999923706055,22168.0
2025-06-26 09:38:00,NNVC,,1.2699999809265137,1.27839994430542,1.2699999809265137,1.27839994430542,900.0
2025-06-26 09:38:00,NRO,,3.2049999237060547,3.2049999237060547,3.2049999237060547,3.2049999237060547,850.0
2025-06-26 09:38:00,OBE,,5.570000171661377,5.570000171661377,5.550000190734863,5.554999828338623,2264.0
2025-06-26 09:38:00,OPTT,,0.4932999908924103,0.4934999942779541,0.4927000105381012,0.4934999942779541,4795.0
2025-06-26 09:38:00,ORLA,,9.899999618530273,9.90999984741211,9.899999618530273,9.899999618530273,1016.0
2025-06-26 09:38:00,OSTX,,1.7799999713897705,1.7799999713897705,1.7799999713897705,1.7799999713897705,200.0
2025-06-26 09:38:00,PLAG,,0.8999999761581421,0.8999999761581421,0.8349999785423279,0.8349999785423279,6523.0
2025-06-26 09:38:00,PLG,,1.5800000429153442,1.5800000429153442,1.5750000476837158,1.5750000476837158,10330.0
2025-06-26 09:38:00,PLMR,,151.7550048828125,152.00999450683594,151.27499389648438,151.27499389648438,2050.0
2025-06-26 09:38:00,PZG,,0.6198999881744385,0.6198999881744385,0.6198999881744385,0.6198999881744385,100.0
2025-06-26 09:38:00,REI,,0.769599974155426,0.7699999809265137,0.769599974155426,0.7699999809265137,2350.0
2025-06-26 09:38:00,RLGT,,6.025000095367432,6.025000095367432,6.0,6.0,843.0
2025-06-26 09:38:00,SATX,,2.9600000381469727,2.9600000381469727,2.9600000381469727,2.9600000381469727,700.0
2025-06-26 09:38:00,SENS,,0.49399998784065247,0.49410000443458557,0.49399998784065247,0.49399998784065247,14630.0
2025-06-26 09:38:00,SLI,,1.8450000286102295,1.850000023841858,1.8450000286102295,1.8490999937057495,7841.0
2025-06-26 09:38:00,SLND,,3.799999952316284,3.799999952316284,3.799999952316284,3.799999952316284,3661.0
2025-06-26 09:38:00,SOAR,,1.476199984550476,1.476199984550476,1.476199984550476,1.476199984550476,289.0
2025-06-26 09:38:00,SSY,,0.8701000213623047,0.8994259834289551,0.8700000047683716,0.8830000162124634,6800.0
2025-06-26 09:38:00,SVM,,4.130000114440918,4.130000114440918,4.119999885559082,4.119999885559082,5146.0
2025-06-26 09:38:00,TGB,,3.0299999713897705,3.0399999618530273,3.0199999809265137,3.0399999618530273,82076.0
2025-06-26 09:38:00,TOVX,,0.4410000145435333,0.4410000145435333,0.4277999997138977,0.4277999997138977,623.0
2025-06-26 09:38:00,TPET,,1.215000033378601,1.215000033378601,1.215000033378601,1.215000033378601,3501.0
2025-06-26 09:38:00,UAMY,,2.490000009536743,2.502700090408325,2.484999895095825,2.484999895095825,21160.0
2025-06-26 09:38:00,UAVS,,1.1367000341415405,1.1367000341415405,1.1349999904632568,1.1349999904632568,1093.0
2025-06-26 09:38:00,UEC,,6.78000020980835,6.78000020980835,6.744999885559082,6.7505998611450195,43212.0
2025-06-26 09:38:00,URG,,1.0299999713897705,1.0299999713897705,1.024999976158142,1.0299999713897705,3600.0
2025-06-26 09:38:00,USAS,,0.7770000100135803,0.7770000100135803,0.7770000100135803,0.7770000100135803,142.0
2025-06-26 09:38:00,UTG,,35.400001525878906,35.400001525878906,35.400001525878906,35.400001525878906,106.0
2025-06-26 09:38:00,UUUU,,5.679999828338623,5.679999828338623,5.630000114440918,5.639999866485596,80176.0
2025-06-26 09:38:00,VGZ,,1.0099999904632568,1.0149999856948853,1.0099999904632568,1.0149999856948853,1410.0
2025-06-26 09:38:00,VZLA,,2.9749999046325684,2.9749999046325684,2.9749999046325684,2.9749999046325684,15645.0
2025-06-26 09:38:00,WWR,,0.574999988079071,0.574999988079071,0.5749499797821045,0.5749499797821045,8820.0
2025-06-26 09:39:00,AREN,,5.519999980926514,5.5254998207092285,5.5,5.5254998207092285,3110.0
2025-06-26 09:39:00,ARMN,,6.84499979019165,6.860000133514404,6.84499979019165,6.860000133514404,1195.0
2025-06-26 09:39:00,ASM,,3.490000009536743,3.5081000328063965,3.490000009536743,3.5081000328063965,9454.0
2025-06-26 09:39:00,AZTR,,0.25600001215934753,0.25600001215934753,0.2533000111579895,0.2533000111579895,6778.0
2025-06-26 09:39:00,BKTI,,53.25,53.25,53.25,53.25,269.0
2025-06-26 09:39:00,BTG,,3.5999999046325684,3.609999895095825,3.5999999046325684,3.5999999046325684,173259.0
2025-06-26 09:39:00,BURU,,0.3185499906539917,0.3190999925136566,0.3165999948978424,0.3165999948978424,14508.0
2025-06-26 09:39:00,CATX,,3.774399995803833,3.774399995803833,3.774399995803833,3.774399995803833,564.0
2025-06-26 09:39:00,CBOE,,230.60000610351562,230.60000610351562,230.60000610351562,230.60000610351562,656.0
2025-06-26 09:39:00,CEF,,30.19499969482422,30.219999313354492,30.19499969482422,30.2101993560791,3713.0
2025-06-26 09:39:00,CIK,,2.930000066757202,2.930000066757202,2.930000066757202,2.930000066757202,100.0
2025-06-26 09:39:00,CLM,,7.929999828338623,7.939799785614014,7.929999828338623,7.934999942779541,2143.0
2025-06-26 09:39:00,COE,,33.36000061035156,33.36000061035156,33.36000061035156,33.36000061035156,517.0
2025-06-26 09:39:00,CQP,,54.849998474121094,54.849998474121094,54.849998474121094,54.849998474121094,192.0
2025-06-26 09:39:00,CRF,,7.574999809265137,7.574999809265137,7.570000171661377,7.574999809265137,3726.0
2025-06-26 09:39:00,CTM,,1.0199999809265137,1.020300030708313,1.0199999809265137,1.0199999809265137,4069.0
2025-06-26 09:39:00,CVM,,2.449899911880493,2.449899911880493,2.4442999362945557,2.4442999362945557,482.0
2025-06-26 09:39:00,CYBN,,8.140000343322754,8.140000343322754,8.140000343322754,8.140000343322754,378.0
2025-06-26 09:39:00,DHY,,2.115000009536743,2.115000009536743,2.115000009536743,2.115000009536743,201.0
2025-06-26 09:39:00,DNN,,1.7753000259399414,1.7799999713897705,1.7634999752044678,1.7685999870300293,337546.0
2025-06-26 09:39:00,DXF,,4.769999980926514,4.769999980926514,4.760000228881836,4.760000228881836,575.0
2025-06-26 09:39:00,EIM,,9.530500411987305,9.530500411987305,9.530500411987305,9.530500411987305,2110.0
2025-06-26 09:39:00,EQX,,5.829999923706055,5.84499979019165,5.829999923706055,5.84499979019165,13236.0
2025-06-26 09:39:00,EVV,,10.14799976348877,10.15999984741211,10.14799976348877,10.15999984741211,1656.0
2025-06-26 09:39:00,FOXO,,0.20000000298023224,0.2021999955177307,0.20000000298023224,0.2021999955177307,11015.0
2025-06-26 09:39:00,FURY,,0.483599990606308,0.483599990606308,0.483599990606308,0.483599990606308,1010.0
2025-06-26 09:39:00,GAU,,1.2710000276565552,1.2799999713897705,1.2710000276565552,1.2799999713897705,10200.0
2025-06-26 09:39:00,GLDG,,0.7448490262031555,0.7448490262031555,0.7448490262031555,0.7448490262031555,1029.0
2025-06-26 09:39:00,GLO,,5.323800086975098,5.323800086975098,5.323800086975098,5.323800086975098,100.0
2025-06-26 09:39:00,GLV,,5.590000152587891,5.590000152587891,5.590000152587891,5.590000152587891,0.0
2025-06-26 09:39:00,GNS,,0.6552000045776367,0.6618000268936157,0.6504999995231628,0.6557000279426575,49460.0
2025-06-26 09:39:00,GROY,,2.265399932861328,2.269399881362915,2.259999990463257,2.269399881362915,13771.0
2025-06-26 09:39:00,GSAT,,23.299999237060547,23.33009910583496,23.299999237060547,23.31999969482422,3703.0
2025-06-26 09:39:00,GTE,,4.960000038146973,4.960000038146973,4.960000038146973,4.960000038146973,514.0
2025-06-26 09:39:00,HUSA,,13.27280044555664,13.27280044555664,13.27280044555664,13.27280044555664,182.0
2025-06-26 09:39:00,IBO,,0.8377000093460083,0.8458999991416931,0.8299999833106995,0.8458999991416931,18631.0
2025-06-26 09:39:00,IDR,,12.98840045928955,12.98840045928955,12.98840045928955,12.98840045928955,400.0
2025-06-26 09:39:00,IE,,9.460000038146973,9.460000038146973,9.427499771118164,9.427499771118164,783.0
2025-06-26 09:39:00,IGC,,0.3100000023841858,0.3100000023841858,0.3100000023841858,0.3100000023841858,1072.0
2025-06-26 09:39:00,INDO,,3.259999990463257,3.259999990463257,3.25,3.259999990463257,181871.0
2025-06-26 09:39:00,ITRG,,1.5750000476837158,1.5750000476837158,1.5700000524520874,1.5700000524520874,4060.0
2025-06-26 09:39:00,KNW,,2.1600000858306885,2.1649999618530273,2.1459999084472656,2.1600000858306885,6577.0
2025-06-26 09:39:00,KULR,,5.074999809265137,5.099999904632568,5.058199882507324,5.058199882507324,22545.0
2025-06-26 09:39:00,LCTX,,1.0800000429153442,1.0800000429153442,1.0736000537872314,1.0800000429153442,7817.0
2025-06-26 09:39:00,LEU,,159.80360412597656,160.67999267578125,158.0,158.82000732421875,31198.0
2025-06-26 09:39:00,LMND,,42.11000061035156,42.11000061035156,41.849998474121094,41.95000076293945,12781.0
2025-06-26 09:39:00,LNG,,237.6199951171875,237.9156036376953,237.6199951171875,237.6199951171875,2125.0
2025-06-26 09:39:00,LODE,,3.490000009536743,3.490000009536743,3.490000009536743,3.490000009536743,100.0
2025-06-26 09:39:00,MAG,,21.200000762939453,21.229999542236328,21.200000762939453,21.229999542236328,5517.0
2025-06-26 09:39:00,MAIA,,1.6002999544143677,1.6150000095367432,1.600000023841858,1.600000023841858,3498.0
2025-06-26 09:39:00,MITQ,,0.6399999856948853,0.6399999856948853,0.6399999856948853,0.6399999856948853,279.0
2025-06-26 09:39:00,MPU,,1.0,1.0,1.0,1.0,101.0
2025-06-26 09:39:00,MRT,,3.0478999614715576,3.1500000953674316,2.869999885559082,2.879199981689453,52209.0
2025-06-26 09:39:00,MTA,,3.8499999046325684,3.8499999046325684,3.8499999046325684,3.8499999046325684,130.0
2025-06-26 09:39:00,MTNB,,0.9250010251998901,0.9350000023841858,0.9250010251998901,0.9350000023841858,1452.0
2025-06-26 09:39:00,MYO,,2.273200035095215,2.273200035095215,2.273200035095215,2.273200035095215,519.0
2025-06-26 09:39:00,NAK,,1.5363999605178833,1.5491000413894653,1.5300999879837036,1.5399999618530273,63729.0
2025-06-26 09:39:00,NCL,,0.17339900135993958,0.17339900135993958,0.1720000058412552,0.1720000058412552,620.0
2025-06-26 09:39:00,NFGC,,1.475000023841858,1.475000023841858,1.475000023841858,1.475000023841858,1500.0
2025-06-26 09:39:00,NG,,3.7799999713897705,3.789299964904785,3.7799999713897705,3.7799999713897705,3154.0
2025-06-26 09:39:00,NGD,,4.819900035858154,4.840000152587891,4.810699939727783,4.840000152587891,30740.0
2025-06-26 09:39:00,NNVC,,1.2599999904632568,1.2599999904632568,1.2599999904632568,1.2599999904632568,502.0
2025-06-26 09:39:00,NRO,,3.200000047683716,3.2049999237060547,3.200000047683716,3.2049999237060547,3410.0
2025-06-26 09:39:00,OBE,,5.570000171661377,5.570000171661377,5.570000171661377,5.570000171661377,700.0
2025-06-26 09:39:00,OPTT,,0.4916999936103821,0.4934000074863434,0.4909999966621399,0.4934000074863434,34234.0
2025-06-26 09:39:00,ORLA,,9.914999961853027,9.914999961853027,9.899999618530273,9.899999618530273,1174.0
2025-06-26 09:39:00,OSTX,,1.7799999713897705,1.7799999713897705,1.761199951171875,1.761199951171875,10067.0
2025-06-26 09:39:00,PLAG,,0.8999999761581421,0.8999999761581421,0.8999999761581421,0.8999999761581421,142.0
2025-06-26 09:39:00,PLG,,1.5750000476837158,1.5800000429153442,1.5748000144958496,1.5800000429153442,1462.0
2025-06-26 09:39:00,PLMR,,151.02490234375,151.7550048828125,151.02490234375,151.7550048828125,1726.0
2025-06-26 09:39:00,PLX,,1.4299999475479126,1.440000057220459,1.4299999475479126,1.440000057220459,514.0
2025-06-26 09:39:00,REI,,0.7680990099906921,0.7695000171661377,0.7666000127792358,0.7695000171661377,7692.0
2025-06-26 09:39:00,RLGT,,6.0,6.0,6.0,6.0,867.0
2025-06-26 09:39:00,SATX,,2.9600000381469727,2.9649999141693115,2.9600000381469727,2.9600000381469727,10668.0
2025-06-26 09:39:00,SEB,,2942.998779296875,2942.998779296875,2942.998779296875,2942.998779296875,1.0
2025-06-26 09:39:00,SENS,,0.49399998784065247,0.49410000443458557,0.49399998784065247,0.49399998784065247,11003.0
2025-06-26 09:39:00,SKYH,,9.619999885559082,9.619999885559082,9.619999885559082,9.619999885559082,150.0
2025-06-26 09:39:00,SLI,,1.8450000286102295,1.850000023841858,1.8450000286102295,1.850000023841858,526.0
2025-06-26 09:39:00,SLND,,3.799999952316284,3.799999952316284,3.799999952316284,3.799999952316284,632.0
2025-06-26 09:39:00,SVM,,4.114999771118164,4.130000114440918,4.110599994659424,4.129799842834473,13903.0
2025-06-26 09:39:00,TGB,,3.0399999618530273,3.0399999618530273,3.0299999713897705,3.0350000858306885,35421.0
2025-06-26 09:39:00,TMQ,,1.3949999809265137,1.3949999809265137,1.3949999809265137,1.3949999809265137,313.0
2025-06-26 09:39:00,TPET,,1.2300000190734863,1.2300000190734863,1.2107000350952148,1.2107000350952148,11805.0
2025-06-26 09:39:00,UAMY,,2.484999895095825,2.509999990463257,2.484999895095825,2.493299961090088,18668.0
2025-06-26 09:39:00,UAVS,,1.1399999856948853,1.1399999856948853,1.1299999952316284,1.1299999952316284,1510.0
2025-06-26 09:39:00,UEC,,6.815000057220459,6.815000057220459,6.789999961853027,6.789999961853027,28109.0
2025-06-26 09:39:00,URG,,1.034999966621399,1.0399999618530273,1.0299999713897705,1.0299999713897705,8293.0
2025-06-26 09:39:00,USAS,,0.7699999809265137,0.7699999809265137,0.7699999809265137,0.7699999809265137,1299.0
2025-06-26 09:39:00,UTG,,35.42499923706055,35.42499923706055,35.29999923706055,35.29999923706055,927.0
2025-06-26 09:39:00,UUUU,,5.695000171661377,5.699999809265137,5.679999828338623,5.679999828338623,35215.0
2025-06-26 09:39:00,VGZ,,1.0194000005722046,1.0194000005722046,1.0194000005722046,1.0194000005722046,504.0
2025-06-26 09:39:00,VTAK,,0.24789999425411224,0.24789999425411224,0.24789999425411224,0.24789999425411224,624.0
2025-06-26 09:39:00,VZLA,,2.9600000381469727,2.9700000286102295,2.9600000381469727,2.9700000286102295,38190.0
2025-06-26 09:39:00,WWR,,0.574999988079071,0.574999988079071,0.574999988079071,0.574999988079071,300.0
2025-06-26 09:40:00,AEON,,0.7712500095367432,0.7774500250816345,0.7712500095367432,0.777400016784668,1063.0
2025-06-26 09:40:00,AMBO,,2.259999990463257,2.259999990463257,2.200000047683716,2.200000047683716,4533.0
2025-06-26 09:40:00,ARMN,,6.840000152587891,6.840000152587891,6.824999809265137,6.829999923706055,3179.0
2025-06-26 09:40:00,ASM,,3.515000104904175,3.515000104904175,3.494999885559082,3.5,7533.0
2025-06-26 09:40:00,ATNM,,1.600000023841858,1.600000023841858,1.600000023841858,1.600000023841858,148.0
2025-06-26 09:40:00,AUST,,1.3166999816894531,1.3200000524520874,1.3166999816894531,1.3200000524520874,712.0
2025-06-26 09:40:00,AZTR,,0.25600001215934753,0.25600001215934753,0.25600001215934753,0.25600001215934753,164.0
2025-06-26 09:40:00,BRBS,,3.2799999713897705,3.2799999713897705,3.2799999713897705,3.2799999713897705,581.0
2025-06-26 09:40:00,BTG,,3.6098999977111816,3.609999895095825,3.590100049972534,3.6050000190734863,320318.0
2025-06-26 09:40:00,BURU,,0.3174999952316284,0.3199000060558319,0.3174999952316284,0.3199000060558319,10302.0
2025-06-26 09:40:00,CATX,,3.789400100708008,3.789400100708008,3.7737998962402344,3.7750000953674316,2750.0
2025-06-26 09:40:00,CEF,,30.19809913635254,30.19809913635254,30.18000030517578,30.18000030517578,1300.0
2025-06-26 09:40:00,CIK,,2.930000066757202,2.930000066757202,2.930000066757202,2.930000066757202,201.0
2025-06-26 09:40:00,CLDI,,0.2295999974012375,0.22990000247955322,0.2295999974012375,0.22990000247955322,4520.0
2025-06-26 09:40:00,CLM,,7.9492998123168945,7.949999809265137,7.931099891662598,7.931099891662598,9897.0
2025-06-26 09:40:00,CMCL,,18.940000534057617,18.940000534057617,18.940000534057617,18.940000534057617,903.0
2025-06-26 09:40:00,CQP,,54.7599983215332,54.7599983215332,54.7599983215332,54.7599983215332,506.0
2025-06-26 09:40:00,CRF,,7.5721001625061035,7.574999809265137,7.5721001625061035,7.574999809265137,1393.0
2025-06-26 09:40:00,CTM,,1.0256999731063843,1.0256999731063843,1.0256999731063843,1.0256999731063843,1011.0
2025-06-26 09:40:00,CVM,,2.430000066757202,2.430000066757202,2.430000066757202,2.430000066757202,173.0
2025-06-26 09:40:00,CYBN,,8.104999542236328,8.25,8.104999542236328,8.25,1008.0
2025-06-26 09:40:00,DHY,,2.109999895095825,2.115000009536743,2.109999895095825,2.114799976348877,8660.0
2025-06-26 09:40:00,DNN,,1.784999966621399,1.7899999618530273,1.7711999416351318,1.774999976158142,287566.0
2025-06-26 09:40:00,EQX,,5.859799861907959,5.860000133514404,5.829999923706055,5.835000038146973,26353.0
2025-06-26 09:40:00,EVV,,10.140000343322754,10.145000457763672,10.140000343322754,10.145000457763672,797.0
2025-06-26 09:40:00,GAU,,1.2799999713897705,1.2799999713897705,1.2699999809265137,1.2699999809265137,23962.0
2025-06-26 09:40:00,GLDG,,0.7476999759674072,0.7476999759674072,0.7412999868392944,0.7412999868392944,3689.0
2025-06-26 09:40:00,GNS,,0.6553000211715698,0.6686999797821045,0.6504999995231628,0.6552000045776367,33485.0
2025-06-26 09:40:00,GROY,,2.2699999809265137,2.2699999809265137,2.259999990463257,2.2602999210357666,7251.0
2025-06-26 09:40:00,GTE,,4.963347911834717,4.963347911834717,4.960000038146973,4.960000038146973,248.0
2025-06-26 09:40:00,HUSA,,13.270000457763672,13.300000190734863,13.270000457763672,13.300000190734863,2496.0
2025-06-26 09:40:00,IBO,,0.8421000242233276,0.8479999899864197,0.8376989960670471,0.8425490260124207,29506.0
2025-06-26 09:40:00,IDR,,13.020000457763672,13.0600004196167,13.020000457763672,13.029999732971191,1313.0
2025-06-26 09:40:00,IE,,9.510000228881836,9.539999961853027,9.460000038146973,9.5,24036.0
2025-06-26 09:40:00,INDO,,3.244999885559082,3.259999990463257,3.244999885559082,3.259999990463257,7470.0
2025-06-26 09:40:00,ITRG,,1.5700000524520874,1.5750000476837158,1.5700000524520874,1.5700000524520874,53508.0
2025-06-26 09:40:00,KNW,,2.140000104904175,2.1649999618530273,2.140000104904175,2.1649999618530273,6848.0
2025-06-26 09:40:00,KULR,,5.090000152587891,5.111199855804443,5.070000171661377,5.074999809265137,11609.0
2025-06-26 09:40:00,LCTX,,1.0800000429153442,1.0800000429153442,1.0788999795913696,1.0788999795913696,1831.0
2025-06-26 09:40:00,LEU,,163.74569702148438,163.99000549316406,160.55499267578125,160.55499267578125,20050.0
2025-06-26 09:40:00,LGL,,6.900000095367432,6.900000095367432,6.900000095367432,6.900000095367432,100.0
2025-06-26 09:40:00,LMND,,42.2760009765625,42.32500076293945,42.0099983215332,42.0099983215332,13272.0
2025-06-26 09:40:00,LNG,,237.61500549316406,237.61500549316406,237.61500549316406,237.61500549316406,889.0
2025-06-26 09:40:00,LODE,,3.490000009536743,3.490000009536743,3.490000009536743,3.490000009536743,106.0
2025-06-26 09:40:00,MAG,,21.229999542236328,21.229999542236328,21.196199417114258,21.196199417114258,12680.0
2025-06-26 09:40:00,MRT,,2.9549999237060547,3.108099937438965,2.9100000858306885,3.0297000408172607,24713.0
2025-06-26 09:40:00,MTA,,3.869999885559082,3.880000114440918,3.8299999237060547,3.8499999046325684,1389.0
2025-06-26 09:40:00,NAK,,1.5499999523162842,1.5499999523162842,1.5299999713897705,1.534999966621399,12471.0
2025-06-26 09:40:00,NCL,,0.1720000058412552,0.17339999973773956,0.1720000058412552,0.17339999973773956,9858.0
2025-06-26 09:40:00,NEWP,,1.3600000143051147,1.3654999732971191,1.3600000143051147,1.3654999732971191,1101.0
2025-06-26 09:40:00,NFGC,,1.4600000381469727,1.4600000381469727,1.4600000381469727,1.4600000381469727,200.0
2025-06-26 09:40:00,NG,,3.7750000953674316,3.7799999713897705,3.7699999809265137,3.7750000953674316,6648.0
2025-06-26 09:40:00,NGD,,4.820000171661377,4.829899787902832,4.809999942779541,4.815000057220459,30725.0
2025-06-26 09:40:00,NNVC,,1.2599999904632568,1.2999999523162842,1.2599999904632568,1.2599999904632568,1625.0
2025-06-26 09:40:00,NRO,,3.2090001106262207,3.2090001106262207,3.2049999237060547,3.2049999237060547,2506.0
2025-06-26 09:40:00,OBE,,5.559999942779541,5.570000171661377,5.559999942779541,5.570000171661377,794.0
2025-06-26 09:40:00,OPTT,,0.4900999963283539,0.4918000102043152,0.4900999963283539,0.4918000102043152,12995.0
2025-06-26 09:40:00,ORLA,,9.949999809265137,9.949999809265137,9.920000076293945,9.920000076293945,2605.0
2025-06-26 09:40:00,OSTX,,1.7699999809265137,1.7999999523162842,1.7699999809265137,1.7999999523162842,5708.0
2025-06-26 09:40:00,PED,,0.6625000238418579,0.6625000238418579,0.6625000238418579,0.6625000238418579,235.0
2025-06-26 09:40:00,PLAG,,0.9133999943733215,0.9133999943733215,0.9133999943733215,0.9133999943733215,0.0
2025-06-26 09:40:00,PLG,,1.590000033378601,1.5950000286102295,1.5700000524520874,1.5750999450683594,30762.0
2025-06-26 09:40:00,PLMR,,151.5,151.5,151.5,151.5,477.0
2025-06-26 09:40:00,PLX,,1.440000057220459,1.440000057220459,1.440000057220459,1.440000057220459,120.0
2025-06-26 09:40:00,PRAE,,31.54640007019043,31.54640007019043,31.54640007019043,31.54640007019043,0.0
2025-06-26 09:40:00,RLGT,,6.0,6.0,6.0,6.0,1585.0
2025-06-26 09:40:00,SACH,,1.0891000032424927,1.0891000032424927,1.0891000032424927,1.0891000032424927,366.0
2025-06-26 09:40:00,SATX,,2.9600000381469727,2.9649999141693115,2.9600000381469727,2.9649999141693115,300.0
2025-06-26 09:40:00,SEB,,2942.949951171875,2942.949951171875,2892.610107421875,2892.610107421875,3.0
2025-06-26 09:40:00,SENS,,0.494049996137619,0.49410000443458557,0.49399998784065247,0.494049996137619,16612.0
2025-06-26 09:40:00,SGN,,1.0199999809265137,1.0199999809265137,1.0199999809265137,1.0199999809265137,267.0
2025-06-26 09:40:00,SLI,,1.850000023841858,1.850000023841858,1.8450000286102295,1.8492000102996826,6477.0
2025-06-26 09:40:00,SOAR,,1.4500000476837158,1.4500000476837158,1.4500000476837158,1.4500000476837158,555.0
2025-06-26 09:40:00,STXS,,2.2019999027252197,2.2019999027252197,2.2019999027252197,2.2019999027252197,714.0
2025-06-26 09:40:00,SVM,,4.130000114440918,4.130000114440918,4.114999771118164,4.114999771118164,10864.0
2025-06-26 09:40:00,TGB,,3.0299999713897705,3.0399999618530273,3.0299999713897705,3.0399999618530273,85602.0
2025-06-26 09:40:00,TMP,,62.0,62.0,62.0,62.0,765.0
2025-06-26 09:40:00,TMQ,,1.399999976158142,1.399999976158142,1.3949999809265137,1.399999976158142,2203.0
2025-06-26 09:40:00,TOON,,0.739998996257782,0.739998996257782,0.739998996257782,0.739998996257782,153.0
2025-06-26 09:40:00,TOVX,,0.44600000977516174,0.44600000977516174,0.44600000977516174,0.44600000977516174,0.0
2025-06-26 09:40:00,TPET,,1.2300000190734863,1.2300000190734863,1.2107000350952148,1.2107000350952148,912.0
2025-06-26 09:40:00,UAMY,,2.484999895095825,2.484999895095825,2.481100082397461,2.484999895095825,4077.0
2025-06-26 09:40:00,UAVS,,1.1299999952316284,1.1390999555587769,1.1299999952316284,1.1349999904632568,6280.0
2025-06-26 09:40:00,UEC,,6.855000019073486,6.864999771118164,6.8007001876831055,6.815000057220459,65558.0
2025-06-26 09:40:00,URG,,1.034999966621399,1.0399999618530273,1.034999966621399,1.0399999618530273,4000.0
2025-06-26 09:40:00,UUUU,,5.7164998054504395,5.71999979019165,5.690000057220459,5.699999809265137,82223.0
2025-06-26 09:40:00,VTAK,,0.24721300601959229,0.24721300601959229,0.24721300601959229,0.24721300601959229,500.0
2025-06-26 09:40:00,VZLA,,2.9649999141693115,2.9700000286102295,2.9649999141693115,2.9688000679016113,2167.0
2025-06-26 09:40:00,WRN,,1.2100000381469727,1.2196999788284302,1.2100000381469727,1.2100000381469727,8051.0
2025-06-26 09:40:00,WWR,,0.5738499760627747,0.5776000022888184,0.5738499760627747,0.5776000022888184,2395.0
2025-06-26 09:40:00,XTNT,,0.6399999856948853,0.6399999856948853,0.6399999856948853,0.6399999856948853,246.0
2025-06-26 09:41:00,AMBO,,2.309999942779541,2.309999942779541,2.309999942779541,2.309999942779541,1371.0
2025-06-26 09:41:00,AREN,,5.519999980926514,5.519999980926514,5.519999980926514,5.519999980926514,738.0
2025-06-26 09:41:00,ARMN,,6.829999923706055,6.829999923706055,6.829999923706055,6.829999923706055,405.0
2025-06-26 09:41:00,ASM,,3.515000104904175,3.5199999809265137,3.509999990463257,3.5199999809265137,4111.0
2025-06-26 09:41:00,ATNM,,1.600000023841858,1.604699969291687,1.600000023841858,1.604699969291687,5478.0
2025-06-26 09:41:00,AZTR,,0.25949999690055847,0.25949999690055847,0.2578999996185303,0.2578999996185303,2495.0
2025-06-26 09:41:00,BTG,,3.609999895095825,3.609999895095825,3.5999999046325684,3.6050000190734863,167833.0
2025-06-26 09:41:00,BURU,,0.31700000166893005,0.3190000057220459,0.31700000166893005,0.31709998846054077,13856.0
2025-06-26 09:41:00,CANF,,1.0500999689102173,1.0500999689102173,1.0500999689102173,1.0500999689102173,1000.0
2025-06-26 09:41:00,CATX,,3.759999990463257,3.759999990463257,3.759999990463257,3.759999990463257,364.0
2025-06-26 09:41:00,CBOE,,230.0,230.125,230.0,230.125,1596.0
2025-06-26 09:41:00,CEF,,30.209999084472656,30.219999313354492,30.209999084472656,30.219999313354492,1308.0
2025-06-26 09:41:00,CEV,,9.680000305175781,9.680000305175781,9.680000305175781,9.680000305175781,116.0
2025-06-26 09:41:00,CIK,,2.930000066757202,2.930000066757202,2.930000066757202,2.930000066757202,200.0
2025-06-26 09:41:00,CLM,,7.960000038146973,7.960000038146973,7.954999923706055,7.960000038146973,495.0
2025-06-26 09:41:00,CQP,,54.83000183105469,54.83000183105469,54.83000183105469,54.83000183105469,100.0
2025-06-26 09:41:00,CRF,,7.579999923706055,7.579999923706055,7.579999923706055,7.579999923706055,140.0
2025-06-26 09:41:00,CTM,,1.0199999809265137,1.0299999713897705,1.0199999809265137,1.0199999809265137,5398.0
2025-06-26 09:41:00,CYBN,,8.222000122070312,8.222000122070312,8.149999618530273,8.149999618530273,1808.0
2025-06-26 09:41:00,DC,,3.759999990463257,3.759999990463257,3.759999990463257,3.759999990463257,496.0
2025-06-26 09:41:00,DHY,,2.0999999046325684,2.109999895095825,2.0999999046325684,2.109999895095825,2820.0
2025-06-26 09:41:00,DNN,,1.7899999618530273,1.7899999618530273,1.7799999713897705,1.7847000360488892,217658.0
2025-06-26 09:41:00,DXF,,4.710000038146973,4.710000038146973,4.710000038146973,4.710000038146973,138.0
2025-06-26 09:41:00,EP,,5.309999942779541,5.309999942779541,5.309999942779541,5.309999942779541,0.0
2025-06-26 09:41:00,EQX,,5.855199813842773,5.864999771118164,5.855000019073486,5.860000133514404,31035.0
2025-06-26 09:41:00,ESP,,43.224998474121094,43.224998474121094,43.224998474121094,43.224998474121094,1001.0
2025-06-26 09:41:00,EVV,,10.159799575805664,10.159799575805664,10.159799575805664,10.159799575805664,2239.0
2025-06-26 09:41:00,FOXO,,0.1979999989271164,0.20010000467300415,0.1851000040769577,0.20000000298023224,58439.0
2025-06-26 09:41:00,GAU,,1.284999966621399,1.2899999618530273,1.284999966621399,1.284999966621399,11165.0
2025-06-26 09:41:00,GENC,,14.161700248718262,14.161700248718262,14.161700248718262,14.161700248718262,202.0
2025-06-26 09:41:00,GGN,,4.3653998374938965,4.3653998374938965,4.364999771118164,4.364999771118164,300.0
2025-06-26 09:41:00,GLDG,,0.7449489831924438,0.7477999925613403,0.7444000244140625,0.7444000244140625,2913.0
2025-06-26 09:41:00,GNS,,0.6500999927520752,0.6583999991416931,0.6438999772071838,0.650501012802124,21612.0
2025-06-26 09:41:00,GROY,,2.259999990463257,2.265000104904175,2.259999990463257,2.265000104904175,11475.0
2025-06-26 09:41:00,GSAT,,23.399999618530273,23.399999618530273,23.399999618530273,23.399999618530273,1243.0
2025-06-26 09:41:00,GTE,,4.96999979019165,4.980000019073486,4.96999979019165,4.980000019073486,509.0
2025-06-26 09:41:00,HUSA,,13.010000228881836,13.260000228881836,13.010000228881836,13.260000228881836,3992.0
2025-06-26 09:41:00,IBO,,0.8500000238418579,0.8543999791145325,0.8425999879837036,0.8425999879837036,11688.0
2025-06-26 09:41:00,IDR,,13.029999732971191,13.029999732971191,13.029999732971191,13.029999732971191,1447.0
2025-06-26 09:41:00,IE,,9.510000228881836,9.510000228881836,9.5,9.510000228881836,1280.0
2025-06-26 09:41:00,IGC,,0.3091000020503998,0.3091000020503998,0.3091000020503998,0.3091000020503998,338.0
2025-06-26 09:41:00,IMO,,80.58999633789062,80.62000274658203,80.58999633789062,80.62000274658203,674.0
2025-06-26 09:41:00,INDO,,3.2411999702453613,3.255000114440918,3.2411999702453613,3.244800090789795,4948.0
2025-06-26 09:41:00,ITP,,0.19220000505447388,0.19220000505447388,0.19220000505447388,0.19220000505447388,2502.0
2025-06-26 09:41:00,ITRG,,1.565000057220459,1.5800000429153442,1.565000057220459,1.5800000429153442,65393.0
2025-06-26 09:41:00,KNW,,2.1668999195098877,2.1668999195098877,2.1668999195098877,2.1668999195098877,253.0
2025-06-26 09:41:00,KULR,,5.079999923706055,5.119999885559082,5.079999923706055,5.09499979019165,22052.0
2025-06-26 09:41:00,LCTX,,1.0736000537872314,1.0800000429153442,1.0736000537872314,1.079699993133545,1712.0
2025-06-26 09:41:00,LEU,,165.47999572753906,165.62120056152344,163.51499938964844,163.77459716796875,27627.0
2025-06-26 09:41:00,LGL,,7.139999866485596,7.139999866485596,7.139999866485596,7.139999866485596,518.0
2025-06-26 09:41:00,LMND,,42.349998474121094,42.349998474121094,42.150001525878906,42.25,21444.0
2025-06-26 09:41:00,LNG,,237.6199951171875,237.64999389648438,237.61500549316406,237.61500549316406,6534.0
2025-06-26 09:41:00,LODE,,3.494999885559082,3.509999990463257,3.494999885559082,3.509999990463257,200.0
2025-06-26 09:41:00,LPTV,,0.01510000042617321,0.01510000042617321,0.01510000042617321,0.01510000042617321,0.0
2025-06-26 09:41:00,MAG,,21.270000457763672,21.274999618530273,21.260000228881836,21.270000457763672,4913.0
2025-06-26 09:41:00,MPTI,,39.125,39.125,39.125,39.125,200.0
2025-06-26 09:41:00,MRT,,2.9100000858306885,2.9999001026153564,2.9100000858306885,2.9549999237060547,5259.0
2025-06-26 09:41:00,MTNB,,0.9150000214576721,0.9150000214576721,0.9150000214576721,0.9150000214576721,552.0
2025-06-26 09:41:00,NAK,,1.5449999570846558,1.5499999523162842,1.5399999618530273,1.545199990272522,61933.0
2025-06-26 09:41:00,NBH,,9.84000015258789,9.84000015258789,9.84000015258789,9.84000015258789,200.0
2025-06-26 09:41:00,NFGC,,1.4700000286102295,1.4700000286102295,1.4700000286102295,1.4700000286102295,1258.0
2025-06-26 09:41:00,NG,,3.7750000953674316,3.7799999713897705,3.7750000953674316,3.7750000953674316,850.0
2025-06-26 09:41:00,NGD,,4.839900016784668,4.840000152587891,4.824999809265137,4.824999809265137,59138.0
2025-06-26 09:41:00,NNVC,,1.2649999856948853,1.2649999856948853,1.2599999904632568,1.2599999904632568,4379.0
2025-06-26 09:41:00,NRO,,3.194999933242798,3.2091000080108643,3.194999933242798,3.2009999752044678,12872.0
2025-06-26 09:41:00,OBE,,5.570000171661377,5.570000171661377,5.570000171661377,5.570000171661377,511.0
2025-06-26 09:41:00,OPTT,,0.4909999966621399,0.491100013256073,0.49000000953674316,0.491100013256073,31829.0
2025-06-26 09:41:00,ORLA,,9.9399995803833,9.954999923706055,9.9399995803833,9.949999809265137,1027.0
2025-06-26 09:41:00,PLG,,1.590999960899353,1.5950000286102295,1.590000033378601,1.5950000286102295,1242.0
2025-06-26 09:41:00,PLMR,,151.25,151.7550048828125,150.99000549316406,151.7550048828125,1313.0
2025-06-26 09:41:00,PLX,,1.4299999475479126,1.4299999475479126,1.4299999475479126,1.4299999475479126,2801.0
2025-06-26 09:41:00,REI,,0.7646999955177307,0.7646999955177307,0.7599999904632568,0.7642999887466431,2157.0
2025-06-26 09:41:00,REPX,,26.697399139404297,26.697399139404297,26.697399139404297,26.697399139404297,267.0
2025-06-26 09:41:00,SACH,,1.090000033378601,1.090000033378601,1.090000033378601,1.090000033378601,6578.0
2025-06-26 09:41:00,SATX,,2.9600000381469727,2.9649999141693115,2.9600000381469727,2.9649999141693115,501.0
2025-06-26 09:41:00,SENS,,0.49399998784065247,0.49410000443458557,0.49399998784065247,0.4940989911556244,2095.0
2025-06-26 09:41:00,SGN,,1.0099999904632568,1.0199999809265137,1.0099999904632568,1.0199999809265137,3806.0
2025-06-26 09:41:00,SLI,,1.8598999977111816,1.8600000143051147,1.850000023841858,1.850000023841858,4231.0
2025-06-26 09:41:00,SOAR,,1.4600000381469727,1.4620000123977661,1.4500999450683594,1.4620000123977661,7076.0
2025-06-26 09:41:00,SVM,,4.135000228881836,4.139999866485596,4.119999885559082,4.125,10145.0
2025-06-26 09:41:00,TGB,,3.0350000858306885,3.049999952316284,3.0299999713897705,3.0399999618530273,87312.0
2025-06-26 09:41:00,TMQ,,1.3949999809265137,1.3949999809265137,1.3899999856948853,1.3946000337600708,4413.0
2025-06-26 09:41:00,TRX,,0.33309999108314514,0.33309999108314514,0.33309999108314514,0.33309999108314514,1031.0
2025-06-26 09:41:00,UAMY,,2.4649999141693115,2.484999895095825,2.4649999141693115,2.48009991645813,62752.0
2025-06-26 09:41:00,UAVS,,1.13919997215271,1.13919997215271,1.13919997215271,1.13919997215271,562.0
2025-06-26 09:41:00,UEC,,6.90500020980835,6.920000076293945,6.85260009765625,6.85260009765625,126581.0
2025-06-26 09:41:00,URG,,1.0449999570846558,1.0499999523162842,1.034999966621399,1.034999966621399,20428.0
2025-06-26 09:41:00,UTG,,35.415000915527344,35.42499923706055,35.3025016784668,35.42499923706055,599.0
2025-06-26 09:41:00,UUUU,,5.720699787139893,5.730000019073486,5.710000038146973,5.71999979019165,27759.0
2025-06-26 09:41:00,VTAK,,0.24869899451732635,0.24869899451732635,0.24869899451732635,0.24869899451732635,355.0
2025-06-26 09:41:00,VZLA,,2.9700000286102295,2.9700000286102295,2.9700000286102295,2.9700000286102295,5728.0
2025-06-26 09:41:00,WWR,,0.574999988079071,0.574999988079071,0.574999988079071,0.574999988079071,300.0
2025-06-26 09:41:00,WYY,,3.49429988861084,3.49429988861084,3.49429988861084,3.49429988861084,103.0
2025-06-26 09:42:00,AMBO,,2.450000047683716,2.450000047683716,2.450000047683716,2.450000047683716,1029.0
2025-06-26 09:42:00,AREN,,5.599999904632568,5.599999904632568,5.559999942779541,5.579999923706055,873.0
2025-06-26 09:42:00,ARMN,,6.840000152587891,6.840000152587891,6.840000152587891,6.840000152587891,146.0
2025-06-26 09:42:00,ASM,,3.5250000953674316,3.5262999534606934,3.5199999809265137,3.5199999809265137,5531.0
2025-06-26 09:42:00,ATNM,,1.600000023841858,1.600000023841858,1.600000023841858,1.600000023841858,296.0
2025-06-26 09:42:00,BTG,,3.610100030899048,3.619999885559082,3.6034998893737793,3.6034998893737793,310691.0
2025-06-26 09:42:00,BURU,,0.31709998846054077,0.31709998846054077,0.31709998846054077,0.31709998846054077,25169.0
2025-06-26 09:42:00,CATX,,3.7899999618530273,3.799999952316284,3.7750000953674316,3.7750000953674316,2711.0
2025-06-26 09:42:00,CBOE,,229.9720001220703,230.22999572753906,229.94000244140625,229.94000244140625,1850.0
2025-06-26 09:42:00,CEF,,30.229999542236328,30.229999542236328,30.219999313354492,30.219999313354492,1935.0
2025-06-26 09:42:00,CIK,,2.930000066757202,2.930000066757202,2.930000066757202,2.930000066757202,202.0
2025-06-26 09:42:00,CLDI,,0.22949999570846558,0.22975000739097595,0.22910000383853912,0.22975000739097595,5434.0
2025-06-26 09:42:00,CLM,,7.949999809265137,7.960000038146973,7.949999809265137,7.959199905395508,531.0
2025-06-26 09:42:00,CQP,,54.93000030517578,54.93000030517578,54.7599983215332,54.900001525878906,1222.0
2025-06-26 09:42:00,CRF,,7.574999809265137,7.5777997970581055,7.572299957275391,7.5777997970581055,1178.0
2025-06-26 09:42:00,CTM,,1.0263999700546265,1.0263999700546265,1.0263999700546265,1.0263999700546265,1087.0
2025-06-26 09:42:00,CVU,,3.102799892425537,3.102799892425537,3.102799892425537,3.102799892425537,305.0
2025-06-26 09:42:00,CYBN,,8.25,8.25,8.25,8.25,1153.0
2025-06-26 09:42:00,DC,,3.7699999809265137,3.7699999809265137,3.7690000534057617,3.7690000534057617,964.0
2025-06-26 09:42:00,DNN,,1.784999966621399,1.7899999618530273,1.7812000513076782,1.784999966621399,14504.0
2025-06-26 09:42:00,DSS,,0.8999999761581421,0.8999999761581421,0.8999999761581421,0.8999999761581421,1123.0
2025-06-26 09:42:00,EAD,,6.96999979019165,6.974999904632568,6.96999979019165,6.96999979019165,1100.0
2025-06-26 09:42:00,EP,,5.400000095367432,5.400000095367432,5.400000095367432,5.400000095367432,111.0
2025-06-26 09:42:00,EQX,,5.850200176239014,5.855000019073486,5.849999904632568,5.849999904632568,10266.0
2025-06-26 09:42:00,ESP,,43.5,43.5,43.5,43.5,303.0
2025-06-26 09:42:00,FOXO,,0.19950099289417267,0.20010000467300415,0.19949999451637268,0.20010000467300415,2167.0
2025-06-26 09:42:00,GBR,,1.100000023841858,1.100000023841858,1.100000023841858,1.100000023841858,947.0
2025-06-26 09:42:00,GGN,,4.360000133514404,4.360000133514404,4.360000133514404,4.360000133514404,231.0
2025-06-26 09:42:00,GLDG,,0.7432000041007996,0.7458999752998352,0.7432000041007996,0.7458999752998352,3214.0
2025-06-26 09:42:00,GNS,,0.6525999903678894,0.6525999903678894,0.6499999761581421,0.6509000062942505,11455.0
2025-06-26 09:42:00,GORO,,0.5419999957084656,0.5419999957084656,0.5419999957084656,0.5419999957084656,4708.0
2025-06-26 09:42:00,GRF,,9.683300018310547,9.683300018310547,9.683300018310547,9.683300018310547,2727.0
2025-06-26 09:42:00,GROY,,2.265000104904175,2.265000104904175,2.265000104904175,2.265000104904175,306.0
2025-06-26 09:42:00,GSAT,,23.30500030517578,23.30500030517578,23.30500030517578,23.30500030517578,200.0
2025-06-26 09:42:00,HUSA,,13.175000190734863,13.175000190734863,13.008899688720703,13.008899688720703,2762.0
2025-06-26 09:42:00,IBO,,0.8500000238418579,0.8543999791145325,0.8500000238418579,0.8507999777793884,6842.0
2025-06-26 09:42:00,IDR,,13.050000190734863,13.0600004196167,13.050000190734863,13.0600004196167,801.0
2025-06-26 09:42:00,IGC,,0.3091999888420105,0.3091999888420105,0.3091999888420105,0.3091999888420105,270.0
2025-06-26 09:42:00,IMO,,80.69999694824219,80.70999908447266,80.61000061035156,80.61000061035156,1402.0
2025-06-26 09:42:00,INDO,,3.240000009536743,3.259500026702881,3.240000009536743,3.25,5819.0
2025-06-26 09:42:00,INUV,,3.940700054168701,3.940700054168701,3.940700054168701,3.940700054168701,115.0
2025-06-26 09:42:00,ITRG,,1.5700000524520874,1.5700000524520874,1.5700000524520874,1.5700000524520874,600.0
2025-06-26 09:42:00,KNW,,2.1600000858306885,2.1600000858306885,2.1600000858306885,2.1600000858306885,300.0
2025-06-26 09:42:00,KULR,,5.050000190734863,5.090000152587891,5.050000190734863,5.080100059509277,34379.0
2025-06-26 09:42:00,LCTX,,1.0700000524520874,1.0750000476837158,1.0700000524520874,1.0750000476837158,885.0
2025-06-26 09:42:00,LEU,,166.4600067138672,166.91000366210938,164.50999450683594,165.10000610351562,23514.0
2025-06-26 09:42:00,LMND,,42.11000061035156,42.41999816894531,42.02790069580078,42.2599983215332,11334.0
2025-06-26 09:42:00,LNG,,237.66000366210938,237.66000366210938,237.6199951171875,237.6199951171875,6360.0
2025-06-26 09:42:00,MAG,,21.280000686645508,21.29789924621582,21.27750015258789,21.280000686645508,1029.0
2025-06-26 09:42:00,MAIA,,1.6100000143051147,1.6100000143051147,1.6100000143051147,1.6100000143051147,100.0
2025-06-26 09:42:00,MPTI,,39.4900016784668,39.4900016784668,39.4900016784668,39.4900016784668,126.0
2025-06-26 09:42:00,MRT,,2.9200000762939453,2.9700000286102295,2.9200000762939453,2.9258999824523926,634.0
2025-06-26 09:42:00,MTA,,3.869999885559082,3.869999885559082,3.869999885559082,3.869999885559082,121.0
2025-06-26 09:42:00,MTNB,,0.9147999882698059,0.9147999882698059,0.9147999882698059,0.9147999882698059,2000.0
2025-06-26 09:42:00,MWG,,0.24500000476837158,0.24500000476837158,0.24500000476837158,0.24500000476837158,2082.0
2025-06-26 09:42:00,MYO,,2.2899999618530273,2.2899999618530273,2.2899999618530273,2.2899999618530273,1079.0
2025-06-26 09:42:00,NAK,,1.5499999523162842,1.5499999523162842,1.5399999618530273,1.5499999523162842,51189.0
2025-06-26 09:42:00,NBH,,9.835000038146973,9.835000038146973,9.835000038146973,9.835000038146973,101.0
2025-06-26 09:42:00,NCL,,0.17260000109672546,0.17260000109672546,0.1720000058412552,0.1720000058412552,28187.0
2025-06-26 09:42:00,NG,,3.7799999713897705,3.7799999713897705,3.7750000953674316,3.7750000953674316,313.0
2025-06-26 09:42:00,NGD,,4.839900016784668,4.846700191497803,4.829999923706055,4.829999923706055,65573.0
2025-06-26 09:42:00,NNVC,,1.2649999856948853,1.2649999856948853,1.2649999856948853,1.2649999856948853,8675.0
2025-06-26 09:42:00,NRO,,3.1989998817443848,3.1991000175476074,3.194999933242798,3.194999933242798,4445.0
2025-06-26 09:42:00,OBE,,5.559999942779541,5.564599990844727,5.559999942779541,5.559999942779541,781.0
2025-06-26 09:42:00,OPTT,,0.49380001425743103,0.49480000138282776,0.49050000309944153,0.49050000309944153,13463.0
2025-06-26 09:42:00,ORLA,,9.9399995803833,9.949999809265137,9.9399995803833,9.949999809265137,4296.0
2025-06-26 09:42:00,OSTX,,1.8198000192642212,1.8198000192642212,1.8198000192642212,1.8198000192642212,242.0
2025-06-26 09:42:00,PLG,,1.600000023841858,1.600000023841858,1.590000033378601,1.5957000255584717,33362.0
2025-06-26 09:42:00,PLX,,1.4299999475479126,1.434999942779541,1.4299999475479126,1.434999942779541,885.0
2025-06-26 09:42:00,QULL,,47.234901428222656,47.234901428222656,47.234901428222656,47.234901428222656,0.0
2025-06-26 09:42:00,REI,,0.7617999911308289,0.7642999887466431,0.7616000175476074,0.7616000175476074,3876.0
2025-06-26 09:42:00,SACH,,1.090000033378601,1.090000033378601,1.090000033378601,1.090000033378601,327.0
2025-06-26 09:42:00,SATX,,2.9600000381469727,2.9600000381469727,2.9600000381469727,2.9600000381469727,240.0
2025-06-26 09:42:00,SEB,,2941.969970703125,2941.969970703125,2938.0,2940.774169921875,3.0
2025-06-26 09:42:00,SENS,,0.49480000138282776,0.4950000047683716,0.49399998784065247,0.49410000443458557,64592.0
2025-06-26 09:42:00,SLI,,1.854699969291687,1.8550000190734863,1.851099967956543,1.851099967956543,1108.0
2025-06-26 09:42:00,STXS,,2.200200080871582,2.200200080871582,2.200200080871582,2.200200080871582,427.0
2025-06-26 09:42:00,SVM,,4.135000228881836,4.139999866485596,4.130000114440918,4.135000228881836,4707.0
2025-06-26 09:42:00,TGB,,3.0350000858306885,3.0350000858306885,3.0299999713897705,3.0350000858306885,10702.0
2025-06-26 09:42:00,TMP,,62.15999984741211,62.15999984741211,62.15999984741211,62.15999984741211,271.0
2025-06-26 09:42:00,TMQ,,1.3949999809265137,1.3949999809265137,1.3949999809265137,1.3949999809265137,260.0
2025-06-26 09:42:00,TPET,,1.2303999662399292,1.2303999662399292,1.2303999662399292,1.2303999662399292,197.0
2025-06-26 09:42:00,UAMY,,2.4749999046325684,2.4800000190734863,2.4600000381469727,2.4649999141693115,34178.0
2025-06-26 09:42:00,UAVS,,1.1399999856948853,1.1399999856948853,1.1341999769210815,1.1399999856948853,3972.0
2025-06-26 09:42:00,UEC,,6.905200004577637,6.909999847412109,6.889999866485596,6.9095001220703125,54697.0
2025-06-26 09:42:00,URG,,1.0449999570846558,1.0499999523162842,1.0449999570846558,1.0449999570846558,1375.0
2025-06-26 09:42:00,USAS,,0.7767000198364258,0.7767000198364258,0.7752000093460083,0.7752000093460083,350.0
2025-06-26 09:42:00,UUUU,,5.704999923706055,5.730000019073486,5.704999923706055,5.730000019073486,17526.0
2025-06-26 09:42:00,VZLA,,2.969899892807007,2.969899892807007,2.9644999504089355,2.9649999141693115,1669.0
2025-06-26 09:42:00,WYY,,3.5,3.5,3.5,3.5,194.0
2025-06-26 09:43:00,AEON,,0.7712000012397766,0.7712000012397766,0.7699999809265137,0.7712000012397766,442.0
2025-06-26 09:43:00,AMBO,,2.5899999141693115,2.640000104904175,2.5899999141693115,2.640000104904175,1679.0
2025-06-26 09:43:00,APT,,4.700300216674805,4.760000228881836,4.700300216674805,4.760000228881836,3987.0
2025-06-26 09:43:00,AREN,,5.650000095367432,5.650000095367432,5.650000095367432,5.650000095367432,549.0
2025-06-26 09:43:00,ARMN,,6.849999904632568,6.860000133514404,6.840000152587891,6.840000152587891,861.0
2025-06-26 09:43:00,ASM,,3.5350000858306885,3.5399999618530273,3.529900074005127,3.5299999713897705,2955.0
2025-06-26 09:43:00,AZTR,,0.25940001010894775,0.25940001010894775,0.25940001010894775,0.25940001010894775,10001.0
2025-06-26 09:43:00,BATL,,1.4606000185012817,1.4900000095367432,1.4606000185012817,1.4900000095367432,1896.0
2025-06-26 09:43:00,BTG,,3.6198999881744385,3.619999885559082,3.610100030899048,3.618799924850464,123430.0
2025-06-26 09:43:00,BURU,,0.3197000026702881,0.3197000026702881,0.3197000026702881,0.3197000026702881,322.0
2025-06-26 09:43:00,CATX,,3.805000066757202,3.805000066757202,3.805000066757202,3.805000066757202,271.0
2025-06-26 09:43:00,CEF,,30.239999771118164,30.239999771118164,30.235000610351562,30.235000610351562,1164.0
2025-06-26 09:43:00,CEV,,9.670000076293945,9.670000076293945,9.670000076293945,9.670000076293945,0.0
2025-06-26 09:43:00,CIK,,2.930000066757202,2.930000066757202,2.930000066757202,2.930000066757202,159.0
2025-06-26 09:43:00,CLDI,,0.22930000722408295,0.22930000722408295,0.22874900698661804,0.22929899394512177,1764.0
2025-06-26 09:43:00,CLM,,7.954999923706055,7.954999923706055,7.951900005340576,7.951900005340576,1223.0
2025-06-26 09:43:00,CMCL,,19.300800323486328,19.300800323486328,19.300800323486328,19.300800323486328,425.0
2025-06-26 09:43:00,CQP,,54.97999954223633,54.97999954223633,54.77000045776367,54.95000076293945,558.0
2025-06-26 09:43:00,CRF,,7.570000171661377,7.574999809265137,7.570000171661377,7.570000171661377,6390.0
2025-06-26 09:43:00,CTGO,,20.790000915527344,20.790000915527344,20.790000915527344,20.790000915527344,483.0
2025-06-26 09:43:00,CTM,,1.020300030708313,1.024999976158142,1.020300030708313,1.024999976158142,2168.0
2025-06-26 09:43:00,CYBN,,8.199999809265137,8.289999961853027,8.199999809265137,8.289999961853027,1007.0
2025-06-26 09:43:00,DC,,3.7699999809265137,3.7699999809265137,3.7699999809265137,3.7699999809265137,920.0
2025-06-26 09:43:00,DNN,,1.784999966621399,1.7899999618530273,1.7800999879837036,1.7800999879837036,5965.0
2025-06-26 09:43:00,EAD,,6.974999904632568,6.980000019073486,6.96999979019165,6.974999904632568,2119.0
2025-06-26 09:43:00,ELLO,,18.760000228881836,18.760000228881836,18.299999237060547,18.299999237060547,1467.0
2025-06-26 09:43:00,EMX,,2.5299999713897705,2.5299999713897705,2.5299999713897705,2.5299999713897705,1100.0
2025-06-26 09:43:00,EPM,,4.699999809265137,4.699999809265137,4.699999809265137,4.699999809265137,102.0
2025-06-26 09:43:00,EQX,,5.870200157165527,5.875,5.855000019073486,5.860000133514404,19243.0
2025-06-26 09:43:00,EVV,,10.140000343322754,10.140000343322754,10.140000343322754,10.140000343322754,321.0
2025-06-26 09:43:00,FOXO,,0.20000000298023224,0.20190000534057617,0.1979999989271164,0.1979999989271164,8527.0
2025-06-26 09:43:00,GAU,,1.2799999713897705,1.2898999452590942,1.2799999713897705,1.284999966621399,575.0
2025-06-26 09:43:00,GNS,,0.6502000093460083,0.6525999903678894,0.6499999761581421,0.6525999903678894,28677.0
2025-06-26 09:43:00,GORO,,0.5400999784469604,0.5400999784469604,0.5400999784469604,0.5400999784469604,5506.0
2025-06-26 09:43:00,GROY,,2.265000104904175,2.2699999809265137,2.259999990463257,2.265000104904175,3763.0
2025-06-26 09:43:00,GSAT,,23.350000381469727,23.395000457763672,23.350000381469727,23.395000457763672,485.0
2025-06-26 09:43:00,HUSA,,13.109999656677246,13.21049976348877,13.100000381469727,13.100000381469727,4062.0
2025-06-26 09:43:00,IBO,,0.8487489819526672,0.8535000085830688,0.8479999899864197,0.8500000238418579,10213.0
2025-06-26 09:43:00,IDR,,13.050000190734863,13.0600004196167,13.050000190734863,13.0600004196167,606.0
2025-06-26 09:43:00,IE,,9.569999694824219,9.579999923706055,9.539999961853027,9.539999961853027,11762.0
2025-06-26 09:43:00,IMO,,80.94999694824219,80.94999694824219,80.73999786376953,80.73999786376953,7191.0
2025-06-26 09:43:00,INDO,,3.2000999450683594,3.2200000286102295,3.200000047683716,3.2000999450683594,3472.0
2025-06-26 09:43:00,INUV,,3.8499999046325684,3.8499999046325684,3.8499999046325684,3.8499999046325684,565.0
2025-06-26 09:43:00,ITP,,0.18950000405311584,0.19220000505447388,0.18950000405311584,0.18960000574588776,1998.0
2025-06-26 09:43:00,ITRG,,1.5699000358581543,1.5700000524520874,1.5699000358581543,1.5700000524520874,300.0
2025-06-26 09:43:00,KNW,,2.1630001068115234,2.1700000762939453,2.1600000858306885,2.1600000858306885,2400.0
2025-06-26 09:43:00,KULR,,5.090000152587891,5.090000152587891,5.03000020980835,5.054999828338623,34123.0
2025-06-26 09:43:00,LCTX,,1.0750000476837158,1.0800000429153442,1.0750000476837158,1.0750000476837158,96863.0
2025-06-26 09:43:00,LEU,,168.4499969482422,168.5,166.0,168.4499969482422,21268.0
2025-06-26 09:43:00,LGL,,7.239999771118164,7.25,7.239999771118164,7.25,200.0
2025-06-26 09:43:00,LMND,,42.2599983215332,42.28499984741211,42.10499954223633,42.2599983215332,8080.0
2025-06-26 09:43:00,LNG,,237.57000732421875,237.86000061035156,237.57000732421875,237.6649932861328,3275.0
2025-06-26 09:43:00,MAG,,21.290000915527344,21.299999237060547,21.280000686645508,21.280000686645508,13719.0
2025-06-26 09:43:00,MAIA,,1.6093000173568726,1.6150000095367432,1.6093000173568726,1.6150000095367432,509.0
2025-06-26 09:43:00,MRT,,2.8512001037597656,2.940000057220459,2.8492000102996826,2.940000057220459,2279.0
2025-06-26 09:43:00,MTNB,,0.9200000166893005,0.9200000166893005,0.914900004863739,0.914900004863739,3686.0
2025-06-26 09:43:00,NAK,,1.5455000400543213,1.5499999523162842,1.5399999618530273,1.5399999618530273,7627.0
2025-06-26 09:43:00,NEWP,,1.3600000143051147,1.3600000143051147,1.3600000143051147,1.3600000143051147,150.0
2025-06-26 09:43:00,NFGC,,1.465000033378601,1.465000033378601,1.465000033378601,1.465000033378601,7800.0
2025-06-26 09:43:00,NG,,3.7799999713897705,3.7799999713897705,3.7739999294281006,3.7750000953674316,428.0
2025-06-26 09:43:00,NGD,,4.849999904632568,4.849999904632568,4.829999923706055,4.829999923706055,62119.0
2025-06-26 09:43:00,NNVC,,1.2649999856948853,1.2649999856948853,1.2649999856948853,1.2649999856948853,3754.0
2025-06-26 09:43:00,OBE,,5.550000190734863,5.560100078582764,5.550000190734863,5.559999942779541,7562.0
2025-06-26 09:43:00,OGEN,,3.5799999237060547,3.5799999237060547,3.5799999237060547,3.5799999237060547,458.0
2025-06-26 09:43:00,OPTT,,0.4939489960670471,0.49630001187324524,0.49380001425743103,0.49380001425743103,7716.0
2025-06-26 09:43:00,ORLA,,9.949999809265137,9.949999809265137,9.9399995803833,9.949999809265137,1295.0
2025-06-26 09:43:00,OSTX,,1.8200000524520874,1.8200000524520874,1.8200000524520874,1.8200000524520874,819.0
2025-06-26 09:43:00,PLG,,1.600000023841858,1.600000023841858,1.5946999788284302,1.600000023841858,5515.0
2025-06-26 09:43:00,PLMR,,150.8000030517578,151.19000244140625,150.8000030517578,151.11500549316406,706.0
2025-06-26 09:43:00,REI,,0.7663000226020813,0.7663000226020813,0.7620999813079834,0.7620999813079834,2975.0
2025-06-26 09:43:00,SATX,,2.9600000381469727,2.9600000381469727,2.9600000381469727,2.9600000381469727,520.0
2025-06-26 09:43:00,SEB,,2941.820068359375,2950.0,2940.429931640625,2942.739990234375,27.0
2025-06-26 09:43:00,SENS,,0.49470001459121704,0.49480000138282776,0.49470001459121704,0.49480000138282776,9567.0
2025-06-26 09:43:00,SLI,,1.8645999431610107,1.8700000047683716,1.8518999814987183,1.8550000190734863,18408.0
2025-06-26 09:43:00,SSY,,0.8830000162124634,0.8830000162124634,0.8830000162124634,0.8830000162124634,472.0
2025-06-26 09:43:00,SVM,,4.135000228881836,4.139999866485596,4.130000114440918,4.135000228881836,8596.0
2025-06-26 09:43:00,TGB,,3.0250000953674316,3.0299999713897705,3.0250000953674316,3.0299999713897705,6787.0
2025-06-26 09:43:00,UAMY,,2.4800000190734863,2.490000009536743,2.4800000190734863,2.4800000190734863,4932.0
2025-06-26 09:43:00,UAVS,,1.1399999856948853,1.1399999856948853,1.1309000253677368,1.1309000253677368,1637.0
2025-06-26 09:43:00,UEC,,6.900100231170654,6.914999961853027,6.900000095367432,6.909999847412109,40785.0
2025-06-26 09:43:00,URG,,1.0499999523162842,1.0499999523162842,1.0399999618530273,1.0449999570846558,7099.0
2025-06-26 09:43:00,USAS,,0.7749999761581421,0.7770000100135803,0.7749999761581421,0.7770000100135803,5404.0
2025-06-26 09:43:00,UUU,,3.055000066757202,3.055000066757202,3.055000066757202,3.055000066757202,0.0
2025-06-26 09:43:00,UUUU,,5.710000038146973,5.715000152587891,5.699999809265137,5.704999923706055,25138.0
2025-06-26 09:43:00,VZLA,,2.9700000286102295,2.9700000286102295,2.9649999141693115,2.9649999141693115,23911.0
2025-06-26 09:43:00,WRN,,1.2200000286102295,1.2200000286102295,1.2200000286102295,1.2200000286102295,4400.0
2025-06-26 09:43:00,WWR,,0.5776000022888184,0.5776000022888184,0.574999988079071,0.574999988079071,3535.0
2025-06-26 09:44:00,AMBO,,2.5899999141693115,2.5899999141693115,2.5899999141693115,2.5899999141693115,2112.0
2025-06-26 09:44:00,APT,,4.75,4.75,4.75,4.75,220.0
2025-06-26 09:44:00,ASM,,3.5648000240325928,3.5648000240325928,3.5399999618530273,3.5399999618530273,54670.0
2025-06-26 09:44:00,BKTI,,53.62049865722656,53.62049865722656,53.62049865722656,53.62049865722656,1157.0
2025-06-26 09:44:00,BTG,,3.624799966812134,3.6298999786376953,3.609999895095825,3.619999885559082,221209.0
2025-06-26 09:44:00,BURU,,0.32420000433921814,0.3271999955177307,0.3199999928474426,0.3199999928474426,51311.0
2025-06-26 09:44:00,CANF,,1.0627000331878662,1.0627000331878662,1.0627000331878662,1.0627000331878662,100.0
2025-06-26 09:44:00,CATX,,3.8299999237060547,3.8299999237060547,3.819999933242798,3.819999933242798,1157.0
2025-06-26 09:44:00,CCEL,,5.139999866485596,5.139999866485596,5.139999866485596,5.139999866485596,180.0
2025-06-26 09:44:00,CEF,,30.25480079650879,30.25480079650879,30.25480079650879,30.25480079650879,1005.0
2025-06-26 09:44:00,CIK,,2.930999994277954,2.930999994277954,2.9200000762939453,2.930000066757202,7532.0
2025-06-26 09:44:00,CLM,,7.95989990234375,7.95989990234375,7.949999809265137,7.949999809265137,656.0
2025-06-26 09:44:00,CQP,,54.939998626708984,54.939998626708984,54.77000045776367,54.77000045776367,432.0
2025-06-26 09:44:00,CRF,,7.574999809265137,7.574999809265137,7.5746002197265625,7.5746002197265625,421.0
2025-06-26 09:44:00,CTM,,1.0199999809265137,1.0219999551773071,1.0199999809265137,1.0210000276565552,2333.0
2025-06-26 09:44:00,CYBN,,8.300000190734863,8.300000190734863,8.300000190734863,8.300000190734863,2605.0
2025-06-26 09:44:00,DNN,,1.7899999618530273,1.7899999618530273,1.7799999713897705,1.784999966621399,16382.0
2025-06-26 09:44:00,ELLO,,17.700000762939453,17.700000762939453,17.700000762939453,17.700000762939453,2260.0
2025-06-26 09:44:00,EMX,,2.5399999618530273,2.5399999618530273,2.5350000858306885,2.5350000858306885,3140.0
2025-06-26 09:44:00,EPM,,4.71999979019165,4.71999979019165,4.71999979019165,4.71999979019165,325.0
2025-06-26 09:44:00,EQX,,5.889999866485596,5.889999866485596,5.875,5.875,6105.0
2025-06-26 09:44:00,EVV,,10.145000457763672,10.145000457763672,10.145000457763672,10.145000457763672,904.0
2025-06-26 09:44:00,FOXO,,0.20190000534057617,0.20190000534057617,0.20000000298023224,0.20190000534057617,646063.0
2025-06-26 09:44:00,GAU,,1.2898999452590942,1.2898999452590942,1.284999966621399,1.2898999452590942,5300.0
2025-06-26 09:44:00,GLDG,,0.7430999875068665,0.7430999875068665,0.7430999875068665,0.7430999875068665,900.0
2025-06-26 09:44:00,GLO,,5.330599784851074,5.330599784851074,5.330599784851074,5.330599784851074,2669.0
2025-06-26 09:44:00,GNS,,0.6503099799156189,0.6551499962806702,0.6467000246047974,0.6499999761581421,46230.0
2025-06-26 09:44:00,GORO,,0.5460000038146973,0.5460000038146973,0.5460000038146973,0.5460000038146973,160.0
2025-06-26 09:44:00,GRF,,9.686100006103516,9.686100006103516,9.686100006103516,9.686100006103516,673.0
2025-06-26 09:44:00,GROY,,2.2750000953674316,2.2751998901367188,2.2699999809265137,2.2699999809265137,7749.0
2025-06-26 09:44:00,GSAT,,23.229999542236328,23.309999465942383,23.229999542236328,23.309999465942383,2213.0
2025-06-26 09:44:00,HUSA,,13.011799812316895,13.011799812316895,13.011799812316895,13.011799812316895,119018.0
2025-06-26 09:44:00,IBO,,0.8543999791145325,0.8543999791145325,0.8450000286102295,0.8495000004768372,9145.0
2025-06-26 09:44:00,IDR,,13.119999885559082,13.119999885559082,13.069999694824219,13.09000015258789,977.0
2025-06-26 09:44:00,IE,,9.569999694824219,9.569999694824219,9.569999694824219,9.569999694824219,187.0
2025-06-26 09:44:00,INDO,,3.180000066757202,3.200000047683716,3.1700000762939453,3.200000047683716,12732.0
2025-06-26 09:44:00,INUV,,3.9000000953674316,3.9000000953674316,3.9000000953674316,3.9000000953674316,506.0
2025-06-26 09:44:00,ITP,,0.19480000436306,0.19480000436306,0.19380000233650208,0.19380000233650208,1000.0
2025-06-26 09:44:00,ITRG,,1.565000057220459,1.565000057220459,1.559999942779541,1.559999942779541,14458.0
2025-06-26 09:44:00,KNW,,2.1500000953674316,2.1607000827789307,2.1500000953674316,2.1600000858306885,2288.0
2025-06-26 09:44:00,KULR,,5.079999923706055,5.090000152587891,5.072800159454346,5.090000152587891,13481.0
2025-06-26 09:44:00,LCTX,,1.0707000494003296,1.0800000429153442,1.0707000494003296,1.0750000476837158,2350.0
2025-06-26 09:44:00,LEU,,167.77000427246094,168.65589904785156,167.13999938964844,168.42999267578125,31798.0
2025-06-26 09:44:00,LMND,,42.470001220703125,42.5,42.25,42.2599983215332,14373.0
2025-06-26 09:44:00,LNG,,237.77000427246094,237.77000427246094,237.77000427246094,237.77000427246094,855.0
2025-06-26 09:44:00,LODE,,3.5013999938964844,3.5013999938964844,3.5013999938964844,3.5013999938964844,166.0
2025-06-26 09:44:00,MAG,,21.299999237060547,21.299999237060547,21.270000457763672,21.290000915527344,4955.0
2025-06-26 09:44:00,MGLD,,0.9602000117301941,0.9602000117301941,0.9602000117301941,0.9602000117301941,597.0
2025-06-26 09:44:00,MITQ,,0.6499999761581421,0.6499999761581421,0.6488999724388123,0.6489999890327454,1359.0
2025-06-26 09:44:00,MPU,,1.0,1.0,1.0,1.0,272.0
2025-06-26 09:44:00,MRT,,2.8722000122070312,2.8722000122070312,2.871999979019165,2.871999979019165,1514.0
2025-06-26 09:44:00,NAK,,1.5597000122070312,1.559999942779541,1.5449999570846558,1.5449999570846558,27317.0
2025-06-26 09:44:00,NEWP,,1.3700000047683716,1.3700000047683716,1.3700000047683716,1.3700000047683716,0.0
2025-06-26 09:44:00,NG,,3.7850000858306885,3.7864999771118164,3.7750000953674316,3.7797999382019043,6812.0
2025-06-26 09:44:00,NGD,,4.850100040435791,4.856500148773193,4.840000152587891,4.849999904632568,62727.0
2025-06-26 09:44:00,NHS,,7.474999904632568,7.474999904632568,7.474999904632568,7.474999904632568,700.0
2025-06-26 09:44:00,NML,,8.75,8.765000343322754,8.75,8.765000343322754,596.0
2025-06-26 09:44:00,NNVC,,1.2648999691009521,1.2648999691009521,1.2599999904632568,1.2599999904632568,1366.0
2025-06-26 09:44:00,OBE,,5.539999961853027,5.539999961853027,5.539999961853027,5.539999961853027,877.0
2025-06-26 09:44:00,OPTT,,0.49459999799728394,0.49470001459121704,0.4943999946117401,0.49470001459121704,4602.0
2025-06-26 09:44:00,OSTX,,1.8134000301361084,1.8200000524520874,1.8134000301361084,1.8200000524520874,516.0
2025-06-26 09:44:00,PHGE,,0.47999998927116394,0.47999998927116394,0.47999998927116394,0.47999998927116394,200.0
2025-06-26 09:44:00,PLG,,1.5950000286102295,1.600000023841858,1.590000033378601,1.5950000286102295,42471.0
2025-06-26 09:44:00,PZG,,0.6137999892234802,0.6137999892234802,0.6137999892234802,0.6137999892234802,2225.0
2025-06-26 09:44:00,REI,,0.7677000164985657,0.7677000164985657,0.7649999856948853,0.7649999856948853,6300.0
2025-06-26 09:44:00,SATX,,2.9600000381469727,2.9600000381469727,2.9600000381469727,2.9600000381469727,600.0
2025-06-26 09:44:00,SEB,,2967.110107421875,2967.110107421875,2950.0,2950.0,8.0
2025-06-26 09:44:00,SKYH,,9.580400466918945,9.630200386047363,9.580400466918945,9.630200386047363,522.0
2025-06-26 09:44:00,SLI,,1.8600000143051147,1.8650000095367432,1.8535000085830688,1.8650000095367432,3637.0
2025-06-26 09:44:00,SLND,,3.799999952316284,3.799999952316284,3.799999952316284,3.799999952316284,207.0
2025-06-26 09:44:00,SOAR,,1.4700000286102295,1.4700000286102295,1.4600000381469727,1.4600000381469727,5112.0
2025-06-26 09:44:00,SVM,,4.135000228881836,4.139999866485596,4.135000228881836,4.135000228881836,3992.0
2025-06-26 09:44:00,TGB,,3.0199999809265137,3.0250000953674316,3.009999990463257,3.0250000953674316,41542.0
2025-06-26 09:44:00,TPET,,1.229699969291687,1.2300000190734863,1.229699969291687,1.2300000190734863,1653.0
2025-06-26 09:44:00,UAMY,,2.4749999046325684,2.4751999378204346,2.470099925994873,2.4749999046325684,3261.0
2025-06-26 09:44:00,UAVS,,1.1299999952316284,1.1299999952316284,1.1200000047683716,1.1299999952316284,9188.0
2025-06-26 09:44:00,UEC,,6.869999885559082,6.915999889373779,6.860000133514404,6.869999885559082,63410.0
2025-06-26 09:44:00,URG,,1.0449999570846558,1.0499999523162842,1.0400999784469604,1.0499999523162842,6756.0
2025-06-26 09:44:00,USAS,,0.7846999764442444,0.7846999764442444,0.7749000191688538,0.7749000191688538,3402.0
2025-06-26 09:44:00,UTG,,35.43000030517578,35.43000030517578,35.43000030517578,35.43000030517578,210.0
2025-06-26 09:44:00,UUUU,,5.699999809265137,5.724999904632568,5.699999809265137,5.71999979019165,26216.0
2025-06-26 09:44:00,VGZ,,1.0149999856948853,1.0149999856948853,1.0149999856948853,1.0149999856948853,158.0
2025-06-26 09:44:00,VTAK,,0.24860000610351562,0.24860000610351562,0.24852100014686584,0.24852100014686584,520.0
2025-06-26 09:44:00,VZLA,,2.9649999141693115,2.9700000286102295,2.9649999141693115,2.9700000286102295,3300.0
2025-06-26 09:44:00,WRN,,1.2300000190734863,1.2350000143051147,1.2300000190734863,1.2300000190734863,9503.0
2025-06-26 09:44:00,WWR,,0.579800009727478,0.5799000263214111,0.579800009727478,0.579800009727478,602.0
2025-06-26 09:44:00,ZDGE,,4.098999977111816,4.098999977111816,4.098999977111816,4.098999977111816,886.0
2025-06-26 09:45:00,ARMN,,6.860000133514404,6.869999885559082,6.860000133514404,6.860000133514404,1179.0
2025-06-26 09:45:00,ASM,,3.54010009765625,3.5611000061035156,3.5399999618530273,3.5611000061035156,41201.0
2025-06-26 09:45:00,ATNM,,1.600000023841858,1.600000023841858,1.600000023841858,1.600000023841858,232.0
2025-06-26 09:45:00,AZTR,,0.2574000060558319,0.2587989866733551,0.2574000060558319,0.2587989866733551,239.0
2025-06-26 09:45:00,BATL,,1.4900000095367432,1.4900000095367432,1.4900000095367432,1.4900000095367432,103.0
2025-06-26 09:45:00,BTG,,3.619999885559082,3.630000114440918,3.619999885559082,3.625,161153.0
2025-06-26 09:45:00,BURU,,0.3269999921321869,0.3271999955177307,0.32420000433921814,0.3271999955177307,19026.0
2025-06-26 09:45:00,CATX,,3.8450000286102295,3.8450000286102295,3.8450000286102295,3.8450000286102295,621.0
2025-06-26 09:45:00,CBOE,,230.0749969482422,230.0749969482422,230.0749969482422,230.0749969482422,685.0
2025-06-26 09:45:00,CEF,,30.260000228881836,30.270000457763672,30.260000228881836,30.270000457763672,4991.0
2025-06-26 09:45:00,CET,,47.150001525878906,47.150001525878906,47.150001525878906,47.150001525878906,4094.0
2025-06-26 09:45:00,CIK,,2.940000057220459,2.940000057220459,2.9300999641418457,2.934999942779541,4026.0
2025-06-26 09:45:00,CLM,,7.945000171661377,7.960000038146973,7.945000171661377,7.960000038146973,10095.0
2025-06-26 09:45:00,CQP,,54.7599983215332,54.95000076293945,54.7599983215332,54.95000076293945,592.0
2025-06-26 09:45:00,CRF,,7.574999809265137,7.574999809265137,7.571800231933594,7.571800231933594,2549.0
2025-06-26 09:45:00,DC,,3.7850000858306885,3.799999952316284,3.7799999713897705,3.7799999713897705,57690.0
2025-06-26 09:45:00,DHY,,2.1050000190734863,2.1050000190734863,2.1050000190734863,2.1050000190734863,160.0
2025-06-26 09:45:00,DNN,,1.7798999547958374,1.7899999618530273,1.7699999809265137,1.774999976158142,366902.0
2025-06-26 09:45:00,EAD,,6.980000019073486,6.980000019073486,6.980000019073486,6.980000019073486,100.0
2025-06-26 09:45:00,EQX,,5.869999885559082,5.889999866485596,5.864999771118164,5.889999866485596,63993.0
2025-06-26 09:45:00,FOXO,,0.20010000467300415,0.20010000467300415,0.20000000298023224,0.20000000298023224,1994.0
2025-06-26 09:45:00,GAU,,1.2799999713897705,1.2799999713897705,1.2799999713897705,1.2799999713897705,400.0
2025-06-26 09:45:00,GLDG,,0.7438009977340698,0.7458999752998352,0.7438009977340698,0.7458999752998352,495.0
2025-06-26 09:45:00,GNS,,0.6600000262260437,0.6600000262260437,0.6503009796142578,0.6503009796142578,14214.0
2025-06-26 09:45:00,GORO,,0.5472000241279602,0.5472000241279602,0.5436000227928162,0.5436000227928162,6402.0
2025-06-26 09:45:00,GRF,,9.680100440979004,9.680100440979004,9.680100440979004,9.680100440979004,680.0
2025-06-26 09:45:00,GROY,,2.2750000953674316,2.2799999713897705,2.2750000953674316,2.2799999713897705,2197.0
2025-06-26 09:45:00,GSAT,,23.320100784301758,23.320100784301758,23.320100784301758,23.320100784301758,1198.0
2025-06-26 09:45:00,GTE,,4.96999979019165,4.96999979019165,4.96999979019165,4.96999979019165,326.0
2025-06-26 09:45:00,HUSA,,13.107999801635742,13.119999885559082,13.079999923706055,13.085000038146973,1400.0
2025-06-26 09:45:00,IBO,,0.859000027179718,0.8597000241279602,0.8573499917984009,0.859499990940094,13862.0
2025-06-26 09:45:00,IE,,9.539999961853027,9.599900245666504,9.539999961853027,9.550000190734863,8333.0
2025-06-26 09:45:00,IMO,,80.80000305175781,80.87999725341797,80.80000305175781,80.87999725341797,2323.0
2025-06-26 09:45:00,INDO,,3.184999942779541,3.190000057220459,3.1700000762939453,3.184999942779541,3853.0
2025-06-26 09:45:00,ITRG,,1.565000057220459,1.565000057220459,1.559999942779541,1.565000057220459,7120.0
2025-06-26 09:45:00,KNW,,2.1549999713897705,2.1549999713897705,2.151099920272827,2.151099920272827,1240.0
2025-06-26 09:45:00,KULR,,5.070099830627441,5.087500095367432,5.070000171661377,5.079999923706055,16388.0
2025-06-26 09:45:00,LCTX,,1.0800000429153442,1.0800000429153442,1.0750000476837158,1.0750000476837158,2617.0
2025-06-26 09:45:00,LEU,,165.0,168.8350067138672,165.0,167.57000732421875,28778.0
2025-06-26 09:45:00,LGL,,7.25,7.25,7.25,7.25,1156.0
2025-06-26 09:45:00,LMND,,42.369998931884766,42.65999984741211,42.36000061035156,42.5,37087.0
2025-06-26 09:45:00,LNG,,237.77999877929688,237.99000549316406,237.55999755859375,237.96519470214844,10120.0
2025-06-26 09:45:00,LODE,,3.5350000858306885,3.5350000858306885,3.5350000858306885,3.5350000858306885,176.0
2025-06-26 09:45:00,MAG,,21.280000686645508,21.309999465942383,21.280000686645508,21.299999237060547,7398.0
2025-06-26 09:45:00,MAIA,,1.6200000047683716,1.6247999668121338,1.6200000047683716,1.6247999668121338,740.0
2025-06-26 09:45:00,MRT,,2.893199920654297,2.927999973297119,2.880000114440918,2.927999973297119,2734.0
2025-06-26 09:45:00,MTNB,,0.9276999831199646,0.9276999831199646,0.9276999831199646,0.9276999831199646,625.0
2025-06-26 09:45:00,MYO,,2.281599998474121,2.281599998474121,2.281599998474121,2.281599998474121,224.0
2025-06-26 09:45:00,NAK,,1.55649995803833,1.559999942779541,1.5505000352859497,1.5549999475479126,18058.0
2025-06-26 09:45:00,NFGC,,1.4700000286102295,1.4700000286102295,1.465000033378601,1.465000033378601,330.0
2025-06-26 09:45:00,NG,,3.7952001094818115,3.799999952316284,3.7850000858306885,3.7850000858306885,10802.0
2025-06-26 09:45:00,NGD,,4.849999904632568,4.855000019073486,4.840000152587891,4.850200176239014,19054.0
2025-06-26 09:45:00,NML,,8.76509952545166,8.76509952545166,8.76509952545166,8.76509952545166,378.0
2025-06-26 09:45:00,NNVC,,1.2599999904632568,1.2647000551223755,1.2599999904632568,1.2647000551223755,2632.0
2025-06-26 09:45:00,OBE,,5.53000020980835,5.53000020980835,5.53000020980835,5.53000020980835,225.0
2025-06-26 09:45:00,OPTT,,0.4950990080833435,0.4950990080833435,0.49459999799728394,0.49459999799728394,1247.0
2025-06-26 09:45:00,ORLA,,9.960000038146973,9.960000038146973,9.960000038146973,9.960000038146973,42282.0
2025-06-26 09:45:00,OSTX,,1.7999999523162842,1.809999942779541,1.7999999523162842,1.809999942779541,782.0
2025-06-26 09:45:00,PHGE,,0.48899999260902405,0.48899999260902405,0.48899999260902405,0.48899999260902405,1000.0
2025-06-26 09:45:00,PLG,,1.590999960899353,1.600000023841858,1.590999960899353,1.5997999906539917,10490.0
2025-06-26 09:45:00,PLMR,,152.0,152.0,152.0,152.0,410.0
2025-06-26 09:45:00,PLX,,1.4299999475479126,1.434999942779541,1.4299999475479126,1.434999942779541,363.0
2025-06-26 09:45:00,PZG,,0.6199989914894104,0.6199989914894104,0.6199989914894104,0.6199989914894104,300.0
2025-06-26 09:45:00,RCG,,2.619999885559082,2.619999885559082,2.619999885559082,2.619999885559082,100.0
2025-06-26 09:45:00,REI,,0.7682999968528748,0.7699999809265137,0.7651000022888184,0.7651000022888184,82510.0
2025-06-26 09:45:00,SACH,,1.090000033378601,1.090000033378601,1.090000033378601,1.090000033378601,201.0
2025-06-26 09:45:00,SATX,,2.9600000381469727,2.9600000381469727,2.9600000381469727,2.9600000381469727,527.0
2025-06-26 09:45:00,SEB,,2950.0,2952.260009765625,2949.9599609375,2950.25,40.0
2025-06-26 09:45:00,SENS,,0.49399998784065247,0.49470001459121704,0.49399998784065247,0.49470001459121704,24264.0
2025-06-26 09:45:00,SIF,,3.4772000312805176,3.4772000312805176,3.4772000312805176,3.4772000312805176,0.0
2025-06-26 09:45:00,SLI,,1.850000023841858,1.8550000190734863,1.850000023841858,1.8550000190734863,3251.0
2025-06-26 09:45:00,SLND,,3.799999952316284,3.799999952316284,3.7950000762939453,3.799999952316284,607.0
2025-06-26 09:45:00,STXS,,2.200000047683716,2.200000047683716,2.200000047683716,2.200000047683716,647.0
2025-06-26 09:45:00,SVM,,4.130000114440918,4.144999980926514,4.130000114440918,4.139999866485596,8334.0
2025-06-26 09:45:00,TGB,,3.005000114440918,3.0199999809265137,3.0,3.01990008354187,118756.0
2025-06-26 09:45:00,UAMY,,2.4800000190734863,2.4800000190734863,2.4700000286102295,2.4749999046325684,7618.0
2025-06-26 09:45:00,UAVS,,1.1294000148773193,1.1294000148773193,1.1294000148773193,1.1294000148773193,146.0
2025-06-26 09:45:00,UEC,,6.864999771118164,6.8983001708984375,6.860000133514404,6.864999771118164,80732.0
2025-06-26 09:45:00,URG,,1.0449999570846558,1.0499999523162842,1.0399999618530273,1.0499999523162842,6337.0
2025-06-26 09:45:00,USAS,,0.7850509881973267,0.7898899912834167,0.7847999930381775,0.7847999930381775,4438.0
2025-06-26 09:45:00,UTG,,35.45000076293945,35.5,35.45000076293945,35.5,1539.0
2025-06-26 09:45:00,UUUU,,5.699999809265137,5.735000133514404,5.699999809265137,5.704999923706055,78728.0
2025-06-26 09:45:00,VNRX,,0.7498000264167786,0.7498000264167786,0.7400010228157043,0.7498000264167786,11201.0
2025-06-26 09:45:00,VTAK,,0.24860000610351562,0.24860000610351562,0.24860000610351562,0.24860000610351562,917.0
2025-06-26 09:45:00,VZLA,,2.9749999046325684,2.9749999046325684,2.9700000286102295,2.9700000286102295,11545.0
2025-06-26 09:45:00,WYY,,3.4800000190734863,3.4800000190734863,3.4800000190734863,3.4800000190734863,1441.0
2025-06-26 09:45:00,XTNT,,0.6349999904632568,0.6349999904632568,0.6349999904632568,0.6349999904632568,110.0
2025-06-26 09:46:00,AEON,,0.7697499990463257,0.7697499990463257,0.7697499990463257,0.7697499990463257,349.0
2025-06-26 09:46:00,ARMN,,6.880000114440918,6.880000114440918,6.880000114440918,6.880000114440918,689.0
2025-06-26 09:46:00,ASM,,3.5510001182556152,3.555000066757202,3.5399999618530273,3.5399999618530273,3279.0
2025-06-26 09:46:00,BATL,,1.5,1.5,1.4900000095367432,1.4900000095367432,433.0
2025-06-26 09:46:00,BRBS,,3.2899999618530273,3.2899999618530273,3.2899999618530273,3.2899999618530273,167.0
2025-06-26 09:46:00,BTG,,3.640000104904175,3.640000104904175,3.619999885559082,3.619999885559082,377149.0
2025-06-26 09:46:00,BURU,,0.3249000012874603,0.3255000114440918,0.3249000012874603,0.3255000114440918,7669.0
2025-06-26 09:46:00,CATX,,3.8499999046325684,3.8603999614715576,3.8499999046325684,3.8603999614715576,571.0
2025-06-26 09:46:00,CBOE,,230.38499450683594,230.38499450683594,230.2449951171875,230.2449951171875,586.0
2025-06-26 09:46:00,CEF,,30.28499984741211,30.28529930114746,30.28499984741211,30.28529930114746,6000.0
2025-06-26 09:46:00,CLDI,,0.22920000553131104,0.22920000553131104,0.22920000553131104,0.22920000553131104,800.0
2025-06-26 09:46:00,CLM,,7.940000057220459,7.940000057220459,7.940000057220459,7.940000057220459,549.0
2025-06-26 09:46:00,CQP,,54.869998931884766,54.869998931884766,54.86000061035156,54.86000061035156,321.0
2025-06-26 09:46:00,CTM,,1.024999976158142,1.024999976158142,1.0211000442504883,1.024999976158142,9833.0
2025-06-26 09:46:00,CYBN,,8.199999809265137,8.199999809265137,8.199999809265137,8.199999809265137,272.0
2025-06-26 09:46:00,DHY,,2.1050000190734863,2.1050000190734863,2.1050000190734863,2.1050000190734863,262.0
2025-06-26 09:46:00,DNN,,1.7788000106811523,1.7799999713897705,1.7700999975204468,1.7799999713897705,40360.0
2025-06-26 09:46:00,EAD,,6.980000019073486,6.980000019073486,6.980000019073486,6.980000019073486,100.0
2025-06-26 09:46:00,EIM,,9.539999961853027,9.545000076293945,9.539999961853027,9.545000076293945,2600.0
2025-06-26 09:46:00,ELMD,,21.790000915527344,21.790000915527344,21.790000915527344,21.790000915527344,189.0
2025-06-26 09:46:00,EQX,,5.880000114440918,5.880000114440918,5.860199928283691,5.864999771118164,21417.0
2025-06-26 09:46:00,EVV,,10.149999618530273,10.149999618530273,10.149999618530273,10.149999618530273,346.0
2025-06-26 09:46:00,GAU,,1.2799999713897705,1.2799999713897705,1.2799999713897705,1.2799999713897705,15000.0
2025-06-26 09:46:00,GGN,,4.36329984664917,4.36329984664917,4.36329984664917,4.36329984664917,403.0
2025-06-26 09:46:00,GLDG,,0.7486000061035156,0.7486000061035156,0.7486000061035156,0.7486000061035156,224.0
2025-06-26 09:46:00,GNS,,0.659600019454956,0.659600019454956,0.6503999829292297,0.6503999829292297,14099.0
2025-06-26 09:46:00,GORO,,0.5472000241279602,0.5472000241279602,0.5472000241279602,0.5472000241279602,5800.0
2025-06-26 09:46:00,GROY,,2.2799999713897705,2.2799999713897705,2.2799999713897705,2.2799999713897705,1234.0
2025-06-26 09:46:00,GSAT,,23.21649932861328,23.21649932861328,23.15999984741211,23.209999084472656,1663.0
2025-06-26 09:46:00,HUSA,,13.109999656677246,13.109999656677246,13.03030014038086,13.03030014038086,1398.0
2025-06-26 09:46:00,IBO,,0.8654999732971191,0.8655999898910522,0.8589000105857849,0.8589000105857849,4615.0
2025-06-26 09:46:00,IE,,9.539999961853027,9.539999961853027,9.539999961853027,9.539999961853027,1319.0
2025-06-26 09:46:00,IMO,,80.80000305175781,80.83000183105469,80.80000305175781,80.80000305175781,5594.0
2025-06-26 09:46:00,INDO,,3.180000066757202,3.180000066757202,3.1796998977661133,3.1796998977661133,5621.0
2025-06-26 09:46:00,ITRG,,1.565000057220459,1.565000057220459,1.559999942779541,1.559999942779541,10900.0
2025-06-26 09:46:00,KNW,,2.1203999519348145,2.1600000858306885,2.1201000213623047,2.1510000228881836,20803.0
2025-06-26 09:46:00,KULR,,5.065000057220459,5.074999809265137,5.059999942779541,5.074999809265137,14696.0
2025-06-26 09:46:00,LCTX,,1.0799000263214111,1.0800000429153442,1.079300045967102,1.0800000429153442,2125.0
2025-06-26 09:46:00,LEU,,167.44500732421875,167.44500732421875,165.38479614257812,165.47999572753906,13821.0
2025-06-26 09:46:00,LMND,,42.45000076293945,42.45000076293945,42.2599983215332,42.29399871826172,7180.0
2025-06-26 09:46:00,LNG,,238.27000427246094,238.3300018310547,237.7100067138672,237.77999877929688,32422.0
2025-06-26 09:46:00,LSF,,6.340000152587891,6.340000152587891,6.340000152587891,6.340000152587891,194.0
2025-06-26 09:46:00,MAG,,21.350000381469727,21.350000381469727,21.28499984741211,21.28499984741211,11560.0
2025-06-26 09:46:00,MAIA,,1.6200000047683716,1.6200000047683716,1.6200000047683716,1.6200000047683716,964.0
2025-06-26 09:46:00,MRT,,2.8952229022979736,2.9100000858306885,2.893199920654297,2.893199920654297,1135.0
2025-06-26 09:46:00,MTA,,3.857599973678589,3.857599973678589,3.857599973678589,3.857599973678589,125.0
2025-06-26 09:46:00,MYO,,2.2899999618530273,2.2899999618530273,2.2899999618530273,2.2899999618530273,298.0
2025-06-26 09:46:00,NAK,,1.5549999475479126,1.5592000484466553,1.5499999523162842,1.558899998664856,19840.0
2025-06-26 09:46:00,NCL,,0.17339999973773956,0.17339999973773956,0.1720999926328659,0.1720999926328659,1951.0
2025-06-26 09:46:00,NG,,3.809999942779541,3.809999942779541,3.7899999618530273,3.7950000762939453,199960.0
2025-06-26 09:46:00,NGD,,4.860000133514404,4.869999885559082,4.849999904632568,4.849999904632568,100616.0
2025-06-26 09:46:00,NNVC,,1.2546000480651855,1.2599999904632568,1.2546000480651855,1.2599999904632568,1012.0
2025-06-26 09:46:00,NRO,,3.194999933242798,3.194999933242798,3.194999933242798,3.194999933242798,1000.0
2025-06-26 09:46:00,OBE,,5.519999980926514,5.519999980926514,5.519999980926514,5.519999980926514,9052.0
2025-06-26 09:46:00,OPTT,,0.49630001187324524,0.4975999891757965,0.49619999527931213,0.49630001187324524,10732.0
2025-06-26 09:46:00,ORLA,,9.979999542236328,9.979999542236328,9.960000038146973,9.960000038146973,38354.0
2025-06-26 09:46:00,OSTX,,1.8200000524520874,1.8200000524520874,1.8200000524520874,1.8200000524520874,518.0
2025-06-26 09:46:00,PHGE,,0.47999998927116394,0.47999998927116394,0.47999998927116394,0.47999998927116394,202.0
2025-06-26 09:46:00,PLG,,1.5950000286102295,1.5999000072479248,1.5907000303268433,1.5950000286102295,53407.0
2025-06-26 09:46:00,PLX,,1.434999942779541,1.434999942779541,1.434999942779541,1.434999942779541,120.0
2025-06-26 09:46:00,PZG,,0.6188439726829529,0.6188439726829529,0.6188439726829529,0.6188439726829529,1000.0
2025-06-26 09:46:00,REI,,0.7674999833106995,0.7699999809265137,0.7663999795913696,0.7663999795913696,31100.0
2025-06-26 09:46:00,REPX,,26.424999237060547,26.424999237060547,26.424999237060547,26.424999237060547,1998.0
2025-06-26 09:46:00,SATX,,2.9600000381469727,2.9600000381469727,2.9600000381469727,2.9600000381469727,49245.0
2025-06-26 09:46:00,SBEV,,3.069999933242798,3.069999933242798,3.069999933242798,3.069999933242798,341.0
2025-06-26 09:46:00,SEB,,2945.973876953125,2954.0,2945.973876953125,2954.0,15.0
2025-06-26 09:46:00,SENS,,0.49399998784065247,0.49410000443458557,0.49399998784065247,0.49399998784065247,22601.0
2025-06-26 09:46:00,SLI,,1.850000023841858,1.850000023841858,1.8450000286102295,1.8450000286102295,5277.0
2025-06-26 09:46:00,SLND,,3.799999952316284,3.799999952316284,3.799999952316284,3.799999952316284,1282.0
2025-06-26 09:46:00,SVM,,4.15500020980835,4.15500020980835,4.139999866485596,4.139999866485596,10198.0
2025-06-26 09:46:00,TGB,,3.005000114440918,3.009999990463257,3.005000114440918,3.005000114440918,49347.0
2025-06-26 09:46:00,THM,,0.9380490183830261,0.9380490183830261,0.9380490183830261,0.9380490183830261,3000.0
2025-06-26 09:46:00,TMQ,,1.3949999809265137,1.3949999809265137,1.3949999809265137,1.3949999809265137,1000.0
2025-06-26 09:46:00,TRX,,0.33149999380111694,0.33149999380111694,0.33149999380111694,0.33149999380111694,105.0
2025-06-26 09:46:00,UAMY,,2.4800000190734863,2.4800000190734863,2.470099925994873,2.4749999046325684,21510.0
2025-06-26 09:46:00,UAVS,,1.1299999952316284,1.1299999952316284,1.1299999952316284,1.1299999952316284,166430.0
2025-06-26 09:46:00,UEC,,6.864999771118164,6.880000114440918,6.855000019073486,6.864999771118164,36708.0
2025-06-26 09:46:00,URG,,1.0499999523162842,1.0499999523162842,1.0399999618530273,1.0449999570846558,24831.0
2025-06-26 09:46:00,USAS,,0.7850000262260437,0.7897989749908447,0.7850000262260437,0.7897989749908447,1500.0
2025-06-26 09:46:00,UUUU,,5.710000038146973,5.71999979019165,5.699999809265137,5.699999809265137,38738.0
2025-06-26 09:46:00,VZLA,,2.9749999046325684,2.9791998863220215,2.9749999046325684,2.978800058364868,30349.0
2025-06-26 09:46:00,WWR,,0.5899999737739563,0.5899999737739563,0.5899999737739563,0.5899999737739563,200.0
2025-06-26 09:47:00,AEON,,0.7713000178337097,0.7742999792098999,0.7694000005722046,0.7742999792098999,2165.0
2025-06-26 09:47:00,ARMN,,6.878300189971924,6.878300189971924,6.878300189971924,6.878300189971924,1432.0
2025-06-26 09:47:00,ASM,,3.5450000762939453,3.559999942779541,3.5450000762939453,3.555000066757202,5626.0
2025-06-26 09:47:00,ATNM,,1.5800000429153442,1.600000023841858,1.5800000429153442,1.600000023841858,7449.0
2025-06-26 09:47:00,BTG,,3.6301000118255615,3.640000104904175,3.630000114440918,3.634999990463257,206290.0
2025-06-26 09:47:00,BURU,,0.322501003742218,0.322501003742218,0.322501003742218,0.322501003742218,197.0
2025-06-26 09:47:00,CATX,,3.869999885559082,3.869999885559082,3.8499999046325684,3.8499999046325684,1132.0
2025-06-26 09:47:00,CBOE,,230.19000244140625,230.19000244140625,230.19000244140625,230.19000244140625,1085.0
2025-06-26 09:47:00,CCEL,,5.199999809265137,5.199999809265137,5.179999828338623,5.179999828338623,456.0
2025-06-26 09:47:00,CEF,,30.290000915527344,30.295000076293945,30.290000915527344,30.290000915527344,3238.0
2025-06-26 09:47:00,CLDI,,0.225599005818367,0.2282000035047531,0.2224999964237213,0.2282000035047531,3200.0
2025-06-26 09:47:00,CLM,,7.940000057220459,7.949900150299072,7.940000057220459,7.949900150299072,367.0
2025-06-26 09:47:00,CQP,,54.7599983215332,54.95000076293945,54.7599983215332,54.95000076293945,718.0
2025-06-26 09:47:00,CRF,,7.565000057220459,7.574999809265137,7.565000057220459,7.574999809265137,10736.0
2025-06-26 09:47:00,CTM,,1.024999976158142,1.0298999547958374,1.024999976158142,1.024999976158142,1535.0
2025-06-26 09:47:00,CYBN,,8.289799690246582,8.289799690246582,8.244999885559082,8.244999885559082,874.0
2025-06-26 09:47:00,DC,,3.7699999809265137,3.7699999809265137,3.7699999809265137,3.7699999809265137,682.0
2025-06-26 09:47:00,DHY,,2.1050000190734863,2.1050000190734863,2.1050000190734863,2.1050000190734863,127.0
2025-06-26 09:47:00,DNN,,1.7699999809265137,1.7799999713897705,1.7699999809265137,1.7699999809265137,13265.0
2025-06-26 09:47:00,DSS,,0.8999999761581421,0.8999999761581421,0.8999999761581421,0.8999999761581421,0.0
2025-06-26 09:47:00,EAD,,6.989999771118164,6.989999771118164,6.989999771118164,6.989999771118164,930.0
2025-06-26 09:47:00,EMX,,2.5399999618530273,2.5399999618530273,2.5399999618530273,2.5399999618530273,445.0
2025-06-26 09:47:00,EPM,,4.722300052642822,4.722300052642822,4.710000038146973,4.710000038146973,2135.0
2025-06-26 09:47:00,EQX,,5.878699779510498,5.885000228881836,5.875,5.885000228881836,8927.0
2025-06-26 09:47:00,ESP,,43.190799713134766,43.190799713134766,43.190799713134766,43.190799713134766,844.0
2025-06-26 09:47:00,EVV,,10.159199714660645,10.179800033569336,10.159199714660645,10.15999984741211,2712.0
2025-06-26 09:47:00,FOXO,,0.20499899983406067,0.20499899983406067,0.20020000636577606,0.2025499939918518,3951.0
2025-06-26 09:47:00,GAU,,1.2807999849319458,1.2807999849319458,1.2807999849319458,1.2807999849319458,20025.0
2025-06-26 09:47:00,GGN,,4.363399982452393,4.363399982452393,4.363399982452393,4.363399982452393,1001.0
2025-06-26 09:47:00,GNS,,0.6600019931793213,0.6699000000953674,0.652400016784668,0.6595990061759949,116935.0
2025-06-26 09:47:00,GORO,,0.5410000085830688,0.5410000085830688,0.5410000085830688,0.5410000085830688,110.0
2025-06-26 09:47:00,GSAT,,23.145000457763672,23.15999984741211,23.145000457763672,23.15999984741211,1848.0
2025-06-26 09:47:00,GTE,,4.96999979019165,4.96999979019165,4.96999979019165,4.96999979019165,100.0
2025-06-26 09:47:00,HUSA,,13.149999618530273,13.149999618530273,13.0600004196167,13.079999923706055,4167.0
2025-06-26 09:47:00,IBO,,0.8736000061035156,0.8736000061035156,0.8628000020980835,0.8654999732971191,4569.0
2025-06-26 09:47:00,IE,,9.539999961853027,9.539999961853027,9.529999732971191,9.539999961853027,1552.0
2025-06-26 09:47:00,IMO,,80.80999755859375,80.8364028930664,80.80000305175781,80.8364028930664,3921.0
2025-06-26 09:47:00,INDO,,3.1500000953674316,3.1700000762939453,3.140000104904175,3.1700000762939453,42775.0
2025-06-26 09:47:00,INUV,,3.906899929046631,3.906899929046631,3.906899929046631,3.906899929046631,160.0
2025-06-26 09:47:00,ITP,,0.18960000574588776,0.18960000574588776,0.18950200080871582,0.18950200080871582,1000.0
2025-06-26 09:47:00,ITRG,,1.559999942779541,1.565000057220459,1.559999942779541,1.565000057220459,1183.0
2025-06-26 09:47:00,KNW,,2.140000104904175,2.140000104904175,2.119999885559082,2.140000104904175,14709.0
2025-06-26 09:47:00,KULR,,5.010000228881836,5.059999942779541,4.994999885559082,5.059999942779541,26421.0
2025-06-26 09:47:00,LCTX,,1.0800000429153442,1.0800000429153442,1.0800000429153442,1.0800000429153442,421.0
2025-06-26 09:47:00,LEU,,166.65499877929688,166.9720001220703,166.0,166.83999633789062,9170.0
2025-06-26 09:47:00,LMND,,42.14500045776367,42.44770050048828,42.1349983215332,42.334999084472656,7827.0
2025-06-26 09:47:00,LNG,,238.76499938964844,238.76499938964844,238.14999389648438,238.27000427246094,7529.0
2025-06-26 09:47:00,LODE,,3.5374999046325684,3.5374999046325684,3.5374999046325684,3.5374999046325684,1210.0
2025-06-26 09:47:00,MAG,,21.329999923706055,21.3799991607666,21.329999923706055,21.341299057006836,15785.0
2025-06-26 09:47:00,MAIA,,1.6200000047683716,1.6200000047683716,1.6200000047683716,1.6200000047683716,1146.0
2025-06-26 09:47:00,MITQ,,0.6699000000953674,0.6699000000953674,0.6500999927520752,0.6500999927520752,40868.0
2025-06-26 09:47:00,MPTI,,39.125,39.125,39.125,39.125,100.0
2025-06-26 09:47:00,MRT,,2.890000104904175,2.9100000858306885,2.890000104904175,2.890000104904175,5198.0
2025-06-26 09:47:00,MTA,,3.880000114440918,3.880000114440918,3.858799934387207,3.858799934387207,5518.0
2025-06-26 09:47:00,MWG,,0.26249998807907104,0.26249998807907104,0.24500000476837158,0.2451000064611435,6225.0
2025-06-26 09:47:00,MYO,,2.2799999713897705,2.2799999713897705,2.2799999713897705,2.2799999713897705,616.0
2025-06-26 09:47:00,NAK,,1.559999942779541,1.559999942779541,1.5499999523162842,1.5549999475479126,25041.0
2025-06-26 09:47:00,NCL,,0.1720000058412552,0.1720000058412552,0.1720000058412552,0.1720000058412552,10001.0
2025-06-26 09:47:00,NFGC,,1.4700000286102295,1.4700000286102295,1.4700000286102295,1.4700000286102295,274.0
2025-06-26 09:47:00,NG,,3.809999942779541,3.809999942779541,3.805000066757202,3.805000066757202,1846.0
2025-06-26 09:47:00,NGD,,4.865200042724609,4.880000114440918,4.860000133514404,4.869900226593018,116023.0
2025-06-26 09:47:00,NNVC,,1.2206000089645386,1.2549999952316284,1.2201000452041626,1.250100016593933,21823.0
2025-06-26 09:47:00,NRO,,3.1989998817443848,3.1989998817443848,3.1989998817443848,3.1989998817443848,409.0
2025-06-26 09:47:00,NRXS,,2.521699905395508,2.521699905395508,2.521699905395508,2.521699905395508,105.0
2025-06-26 09:47:00,OBE,,5.514999866485596,5.514999866485596,5.514999866485596,5.514999866485596,518.0
2025-06-26 09:47:00,OPTT,,0.4980489909648895,0.4997999966144562,0.4973999857902527,0.49810001254081726,14307.0
2025-06-26 09:47:00,ORLA,,9.960000038146973,9.989999771118164,9.9399995803833,9.989999771118164,10636.0
2025-06-26 09:47:00,PHGE,,0.47999998927116394,0.47999998927116394,0.47999998927116394,0.47999998927116394,108.0
2025-06-26 09:47:00,PLG,,1.5950000286102295,1.5990999937057495,1.5950000286102295,1.5950000286102295,3900.0
2025-06-26 09:47:00,PLX,,1.434999942779541,1.434999942779541,1.434999942779541,1.434999942779541,414.0
2025-06-26 09:47:00,PZG,,0.6200000047683716,0.6200000047683716,0.6200000047683716,0.6200000047683716,10046.0
2025-06-26 09:47:00,RCG,,2.5959999561309814,2.5959999561309814,2.5959999561309814,2.5959999561309814,198.0
2025-06-26 09:47:00,REI,,0.7674000263214111,0.7689499855041504,0.7674000263214111,0.7689499855041504,1703.0
2025-06-26 09:47:00,SATX,,2.9600000381469727,2.9600000381469727,2.9600000381469727,2.9600000381469727,1800.0
2025-06-26 09:47:00,SEB,,2969.64990234375,2969.64990234375,2957.320068359375,2957.324951171875,2.0
2025-06-26 09:47:00,SENS,,0.4948999881744385,0.4950000047683716,0.49410000443458557,0.49410000443458557,91934.0
2025-06-26 09:47:00,SGN,,1.0149999856948853,1.0149999856948853,1.0149999856948853,1.0149999856948853,202.0
2025-06-26 09:47:00,SLI,,1.8499000072479248,1.8499000072479248,1.8450000286102295,1.8450000286102295,330.0
2025-06-26 09:47:00,SOAR,,1.4733999967575073,1.4733999967575073,1.4700000286102295,1.4700000286102295,826.0
2025-06-26 09:47:00,SSY,,0.883135974407196,0.883135974407196,0.8830000162124634,0.8830000162124634,1733.0
2025-06-26 09:47:00,SVM,,4.144999980926514,4.15500020980835,4.144999980926514,4.15500020980835,8028.0
2025-06-26 09:47:00,TGB,,3.005000114440918,3.009999990463257,3.0048000812530518,3.005000114440918,23504.0
2025-06-26 09:47:00,TPET,,1.2299000024795532,1.2299000024795532,1.2299000024795532,1.2299000024795532,212.0
2025-06-26 09:47:00,TRT,,5.364299774169922,5.364299774169922,5.364299774169922,5.364299774169922,163.0
2025-06-26 09:47:00,UAMY,,2.4800000190734863,2.4800000190734863,2.4749999046325684,2.4749999046325684,500.0
2025-06-26 09:47:00,UAVS,,1.135200023651123,1.135200023651123,1.125,1.125,3668.0
2025-06-26 09:47:00,UEC,,6.84499979019165,6.8694000244140625,6.820799827575684,6.8694000244140625,30250.0
2025-06-26 09:47:00,URG,,1.0449999570846558,1.0499999523162842,1.0399999618530273,1.0490000247955322,3646.0
2025-06-26 09:47:00,USAS,,0.7850490212440491,0.7850490212440491,0.7850490212440491,0.7850490212440491,1273.0
2025-06-26 09:47:00,UTG,,35.45000076293945,35.45000076293945,35.45000076293945,35.45000076293945,298.0
2025-06-26 09:47:00,UUUU,,5.704999923706055,5.715000152587891,5.699999809265137,5.710000038146973,43286.0
2025-06-26 09:47:00,VKI,,8.1899995803833,8.1899995803833,8.1899995803833,8.1899995803833,229.0
2025-06-26 09:47:00,VTAK,,0.24699999392032623,0.2475000023841858,0.24699999392032623,0.2475000023841858,2957.0
2025-06-26 09:47:00,VZLA,,2.9700000286102295,2.9800000190734863,2.9700000286102295,2.9800000190734863,26011.0
2025-06-26 09:47:00,WRN,,1.2300000190734863,1.2300000190734863,1.2300000190734863,1.2300000190734863,2621.0
2025-06-26 09:47:00,WWR,,0.5852500200271606,0.5852500200271606,0.5852500200271606,0.5852500200271606,9728.0
2025-06-26 09:48:00,AEON,,0.7771999835968018,0.7771999835968018,0.7712000012397766,0.7713000178337097,2638.0
2025-06-26 09:48:00,ARMN,,6.880000114440918,6.880000114440918,6.880000114440918,6.880000114440918,100.0
2025-06-26 09:48:00,ASM,,3.559999942779541,3.5601000785827637,3.5499000549316406,3.549999952316284,27421.0
2025-06-26 09:48:00,BKTI,,53.42499923706055,53.42499923706055,53.42499923706055,53.42499923706055,260.0
2025-06-26 09:48:00,BRBS,,3.2899999618530273,3.2899999618530273,3.2899999618530273,3.2899999618530273,167.0
2025-06-26 09:48:00,BTG,,3.634999990463257,3.639899969100952,3.630000114440918,3.6352999210357666,202433.0
2025-06-26 09:48:00,CATX,,3.8299999237060547,3.8550000190734863,3.815000057220459,3.8550000190734863,3443.0
2025-06-26 09:48:00,CCEL,,5.190000057220459,5.199999809265137,5.190000057220459,5.1992998123168945,918.0
2025-06-26 09:48:00,CEF,,30.280000686645508,30.280000686645508,30.270000457763672,30.270000457763672,2477.0
2025-06-26 09:48:00,CLDI,,0.225600004196167,0.225600004196167,0.225600004196167,0.225600004196167,455.0
2025-06-26 09:48:00,CLM,,7.949999809265137,7.949999809265137,7.945000171661377,7.949900150299072,1163.0
2025-06-26 09:48:00,CQP,,54.779998779296875,54.779998779296875,54.779998779296875,54.779998779296875,114.0
2025-06-26 09:48:00,CRF,,7.570000171661377,7.570000171661377,7.565000057220459,7.565000057220459,333.0
2025-06-26 09:48:00,CTM,,1.024999976158142,1.024999976158142,1.024999976158142,1.024999976158142,5588.0
2025-06-26 09:48:00,CYBN,,8.210000038146973,8.210000038146973,8.199999809265137,8.199999809265137,273.0
2025-06-26 09:48:00,DNN,,1.7700999975204468,1.7700999975204468,1.7699999809265137,1.7699999809265137,11071.0
2025-06-26 09:48:00,EMX,,2.5399999618530273,2.5399999618530273,2.5399999618530273,2.5399999618530273,1031.0
2025-06-26 09:48:00,EQX,,5.880000114440918,5.885300159454346,5.875,5.875,14365.0
2025-06-26 09:48:00,FURY,,0.47999998927116394,0.47999998927116394,0.47999998927116394,0.47999998927116394,2000.0
2025-06-26 09:48:00,GAU,,1.284999966621399,1.2899999618530273,1.2799999713897705,1.284999966621399,46132.0
2025-06-26 09:48:00,GBR,,1.100000023841858,1.100000023841858,1.100000023841858,1.100000023841858,628.0
2025-06-26 09:48:00,GGN,,4.360899925231934,4.364999771118164,4.360899925231934,4.364999771118164,600.0
2025-06-26 09:48:00,GNS,,0.6848000288009644,0.6848999857902527,0.6650000214576721,0.6650000214576721,38015.0
2025-06-26 09:48:00,GROY,,2.289299964904785,2.289299964904785,2.2799999713897705,2.2799999713897705,3851.0
2025-06-26 09:48:00,GTE,,4.96999979019165,4.96999979019165,4.96999979019165,4.96999979019165,118.0
2025-06-26 09:48:00,HUSA,,13.210000038146973,13.2475004196167,13.154999732971191,13.199999809265137,3312.0
2025-06-26 09:48:00,IBO,,0.8798990249633789,0.8799999952316284,0.8734999895095825,0.8736000061035156,17627.0
2025-06-26 09:48:00,IE,,9.539999961853027,9.539999961853027,9.539999961853027,9.539999961853027,517.0
2025-06-26 09:48:00,IMO,,80.79000091552734,80.83999633789062,80.79000091552734,80.83999633789062,3857.0
2025-06-26 09:48:00,INDO,,3.1700000762939453,3.1700000762939453,3.154900074005127,3.154900074005127,2053.0
2025-06-26 09:48:00,INUV,,3.819999933242798,3.8499999046325684,3.799999952316284,3.8499999046325684,1831.0
2025-06-26 09:48:00,ITP,,0.19470000267028809,0.19470000267028809,0.19470000267028809,0.19470000267028809,100.0
2025-06-26 09:48:00,ITRG,,1.565000057220459,1.5651999711990356,1.559999942779541,1.559999942779541,16200.0
2025-06-26 09:48:00,JOB,,0.1940000057220459,0.1940000057220459,0.1940000057220459,0.1940000057220459,320.0
2025-06-26 09:48:00,KNW,,2.130000114440918,2.140000104904175,2.125,2.140000104904175,706.0
2025-06-26 09:48:00,KULR,,5.010000228881836,5.019999980926514,5.000199794769287,5.010000228881836,4743.0
2025-06-26 09:48:00,LCTX,,1.0700000524520874,1.0800000429153442,1.0700000524520874,1.0800000429153442,2370.0
2025-06-26 09:48:00,LEU,,166.74000549316406,166.88870239257812,166.01010131835938,166.65499877929688,9730.0
2025-06-26 09:48:00,LMND,,42.11000061035156,42.15999984741211,42.0099983215332,42.154998779296875,7180.0
2025-06-26 09:48:00,LNG,,238.77000427246094,238.77920532226562,238.77000427246094,238.77920532226562,508.0
2025-06-26 09:48:00,LODE,,3.539599895477295,3.539599895477295,3.5188000202178955,3.5188000202178955,382.0
2025-06-26 09:48:00,MAG,,21.389999389648438,21.399999618530273,21.329999923706055,21.329999923706055,11763.0
2025-06-26 09:48:00,MITQ,,0.6699990034103394,0.6700000166893005,0.6690000295639038,0.6693999767303467,20149.0
2025-06-26 09:48:00,MRT,,2.9298999309539795,2.9298999309539795,2.9298999309539795,2.9298999309539795,5020.0
2025-06-26 09:48:00,NAK,,1.535099983215332,1.5549999475479126,1.5299999713897705,1.5535000562667847,81582.0
2025-06-26 09:48:00,NCL,,0.17479999363422394,0.17479999363422394,0.17479999363422394,0.17479999363422394,1622.0
2025-06-26 09:48:00,NG,,3.819999933242798,3.8299999237060547,3.7899999618530273,3.799999952316284,37018.0
2025-06-26 09:48:00,NGD,,4.875,4.880000114440918,4.860000133514404,4.864999771118164,80049.0
2025-06-26 09:48:00,NML,,8.770000457763672,8.770000457763672,8.770000457763672,8.770000457763672,302.0
2025-06-26 09:48:00,NNVC,,1.2374000549316406,1.2375999689102173,1.2301000356674194,1.2350000143051147,1528.0
2025-06-26 09:48:00,NRO,,3.1998000144958496,3.1998000144958496,3.190000057220459,3.1900999546051025,19759.0
2025-06-26 09:48:00,OBE,,5.510000228881836,5.510000228881836,5.510000228881836,5.510000228881836,970.0
2025-06-26 09:48:00,OPTT,,0.5009999871253967,0.5023999810218811,0.4984000027179718,0.4984999895095825,12847.0
2025-06-26 09:48:00,ORLA,,9.979999542236328,9.979999542236328,9.970199584960938,9.979999542236328,1336.0
2025-06-26 09:48:00,OSTX,,1.8299000263214111,1.8300000429153442,1.8299000263214111,1.8300000429153442,1675.0
2025-06-26 09:48:00,PLG,,1.6050000190734863,1.6100000143051147,1.590000033378601,1.600000023841858,92353.0
2025-06-26 09:48:00,PLMR,,151.1699981689453,151.1699981689453,151.1699981689453,151.1699981689453,880.0
2025-06-26 09:48:00,PLX,,1.4299999475479126,1.4299999475479126,1.4299999475479126,1.4299999475479126,110.0
2025-06-26 09:48:00,REI,,0.7699999809265137,0.7700999975204468,0.7699999809265137,0.7699999809265137,5500.0
2025-06-26 09:48:00,SATX,,2.9600000381469727,2.9600000381469727,2.9600000381469727,2.9600000381469727,100.0
2025-06-26 09:48:00,SEB,,2968.65673828125,2969.64990234375,2945.68994140625,2947.070068359375,9.0
2025-06-26 09:48:00,SENS,,0.4950000047683716,0.4950000047683716,0.4948999881744385,0.49494999647140503,56211.0
2025-06-26 09:48:00,SLI,,1.8550000190734863,1.8550000190734863,1.8450000286102295,1.8450000286102295,3499.0
2025-06-26 09:48:00,SLND,,3.799999952316284,3.799999952316284,3.799999952316284,3.799999952316284,486.0
2025-06-26 09:48:00,STXS,,2.2049999237060547,2.2088000774383545,2.2049999237060547,2.2088000774383545,403.0
2025-06-26 09:48:00,SVM,,4.15500020980835,4.159999847412109,4.139999866485596,4.144999980926514,6504.0
2025-06-26 09:48:00,TGB,,3.029900074005127,3.029900074005127,3.005000114440918,3.005000114440918,49009.0
2025-06-26 09:48:00,UAMY,,2.4549999237060547,2.4779999256134033,2.450000047683716,2.4779999256134033,41616.0
2025-06-26 09:48:00,UAVS,,1.1349999904632568,1.1370999813079834,1.1299999952316284,1.1299999952316284,4669.0
2025-06-26 09:48:00,UEC,,6.83050012588501,6.8414998054504395,6.829999923706055,6.8414998054504395,14455.0
2025-06-26 09:48:00,URG,,1.034999966621399,1.0399999618530273,1.0299999713897705,1.0399999618530273,19691.0
2025-06-26 09:48:00,UUUU,,5.684999942779541,5.699999809265137,5.679999828338623,5.699999809265137,7452.0
2025-06-26 09:48:00,VGZ,,1.0099999904632568,1.0099999904632568,1.0099999904632568,1.0099999904632568,13663.0
2025-06-26 09:48:00,VTAK,,0.2485000044107437,0.2485000044107437,0.24690000712871552,0.24699999392032623,4558.0
2025-06-26 09:48:00,VZLA,,2.990000009536743,2.990000009536743,2.9749999046325684,2.9749999046325684,31588.0
2025-06-26 09:48:00,WRN,,1.2400000095367432,1.2400000095367432,1.2350000143051147,1.2380000352859497,4900.0
2025-06-26 09:48:00,WWR,,0.5801010131835938,0.5801010131835938,0.5801010131835938,0.5801010131835938,355.0
2025-06-26 09:49:00,ARMN,,6.880000114440918,6.885000228881836,6.869999885559082,6.880000114440918,6203.0
2025-06-26 09:49:00,ASM,,3.569999933242798,3.569999933242798,3.559999942779541,3.5680999755859375,6331.0
2025-06-26 09:49:00,ATNM,,1.5795999765396118,1.5795999765396118,1.5795999765396118,1.5795999765396118,541.0
2025-06-26 09:49:00,BATL,,1.5049999952316284,1.5049999952316284,1.5049999952316284,1.5049999952316284,612.0
2025-06-26 09:49:00,BTG,,3.6298999786376953,3.634999990463257,3.619999885559082,3.634700059890747,176080.0
2025-06-26 09:49:00,BURU,,0.3240000009536743,0.32440000772476196,0.3231000006198883,0.3240000009536743,2115.0
2025-06-26 09:49:00,CATX,,3.7950000762939453,3.799999952316284,3.7899999618530273,3.799999952316284,971.0
2025-06-26 09:49:00,CEF,,30.290000915527344,30.290000915527344,30.290000915527344,30.290000915527344,212.0
2025-06-26 09:49:00,CIK,,2.934999942779541,2.934999942779541,2.934999942779541,2.934999942779541,201.0
2025-06-26 09:49:00,CLM,,7.9446001052856445,7.945300102233887,7.940000057220459,7.940000057220459,2945.0
2025-06-26 09:49:00,CMCL,,19.329999923706055,19.329999923706055,19.155000686645508,19.155000686645508,995.0
2025-06-26 09:49:00,CQP,,54.959999084472656,54.959999084472656,54.755001068115234,54.869998931884766,736.0
2025-06-26 09:49:00,CRF,,7.559999942779541,7.565199851989746,7.559999942779541,7.565199851989746,911.0
2025-06-26 09:49:00,CVM,,2.4179999828338623,2.4179999828338623,2.4179999828338623,2.4179999828338623,188.0
2025-06-26 09:49:00,CYBN,,8.260000228881836,8.260000228881836,8.248000144958496,8.248000144958496,1253.0
2025-06-26 09:49:00,DHY,,2.1050000190734863,2.105799913406372,2.1050000190734863,2.105799913406372,704.0
2025-06-26 09:49:00,DNN,,1.774999976158142,1.7799999713897705,1.7699999809265137,1.7799999713897705,19325.0
2025-06-26 09:49:00,EAD,,6.980299949645996,6.980299949645996,6.980299949645996,6.980299949645996,13157.0
2025-06-26 09:49:00,EMX,,2.5406999588012695,2.5406999588012695,2.5406999588012695,2.5406999588012695,5016.0
2025-06-26 09:49:00,EPM,,4.710000038146973,4.710000038146973,4.710000038146973,4.710000038146973,1263.0
2025-06-26 09:49:00,EQX,,5.885000228881836,5.885000228881836,5.880000114440918,5.885000228881836,6092.0
2025-06-26 09:49:00,ERH,,11.444999694824219,11.444999694824219,11.444999694824219,11.444999694824219,2574.0
2025-06-26 09:49:00,FOXO,,0.20010000467300415,0.20499999821186066,0.20010000467300415,0.20499999821186066,891.0
2025-06-26 09:49:00,FTF,,6.389999866485596,6.389999866485596,6.389999866485596,6.389999866485596,943.0
2025-06-26 09:49:00,FURY,,0.47519999742507935,0.47519999742507935,0.47519999742507935,0.47519999742507935,2132.0
2025-06-26 09:49:00,GAU,,1.2899999618530273,1.2899999618530273,1.2898999452590942,1.2898999452590942,1204.0
2025-06-26 09:49:00,GBR,,1.0950000286102295,1.0950000286102295,1.0950000286102295,1.0950000286102295,500.0
2025-06-26 09:49:00,GLDG,,0.7487000226974487,0.7487000226974487,0.7487000226974487,0.7487000226974487,2629.0
2025-06-26 09:49:00,GNS,,0.6998999714851379,0.699999988079071,0.6823999881744385,0.6848999857902527,73245.0
2025-06-26 09:49:00,GROY,,2.2850000858306885,2.2899999618530273,2.2850000858306885,2.2850000858306885,7222.0
2025-06-26 09:49:00,GSAT,,23.149999618530273,23.149999618530273,23.149999618530273,23.149999618530273,407.0
2025-06-26 09:49:00,GTE,,4.96999979019165,4.96999979019165,4.96999979019165,4.96999979019165,206.0
2025-06-26 09:49:00,HUSA,,13.199999809265137,13.297499656677246,13.199999809265137,13.220100402832031,3923.0
2025-06-26 09:49:00,IBO,,0.8799999952316284,0.8799999952316284,0.8734999895095825,0.8798999786376953,5125.0
2025-06-26 09:49:00,IDR,,13.130000114440918,13.15999984741211,13.130000114440918,13.149999618530273,856.0
2025-06-26 09:49:00,IE,,9.505000114440918,9.539999961853027,9.5,9.539999961853027,6241.0
2025-06-26 09:49:00,IMO,,80.83999633789062,80.83999633789062,80.7699966430664,80.7699966430664,1011.0
2025-06-26 09:49:00,INDO,,3.1772000789642334,3.1772000789642334,3.160900115966797,3.160900115966797,1121.0
2025-06-26 09:49:00,INUV,,3.7850000858306885,3.7850000858306885,3.7850000858306885,3.7850000858306885,196.0
2025-06-26 09:49:00,ITP,,0.19439999759197235,0.19439999759197235,0.19439999759197235,0.19439999759197235,0.0
2025-06-26 09:49:00,ITRG,,1.559999942779541,1.565000057220459,1.559999942779541,1.559999942779541,2700.0
2025-06-26 09:49:00,JOB,,0.19339999556541443,0.19339999556541443,0.19339999556541443,0.19339999556541443,183.0
2025-06-26 09:49:00,KNW,,2.130000114440918,2.130000114440918,2.119999885559082,2.130000114440918,806.0
2025-06-26 09:49:00,KULR,,5.079999923706055,5.079999923706055,5.010000228881836,5.019999980926514,20440.0
2025-06-26 09:49:00,LCTX,,1.0750000476837158,1.0800000429153442,1.0700000524520874,1.0700000524520874,1325.0
2025-06-26 09:49:00,LEU,,169.49000549316406,169.60000610351562,166.32009887695312,166.5500030517578,21572.0
2025-06-26 09:49:00,LMND,,42.132999420166016,42.25,42.0,42.04999923706055,9158.0
2025-06-26 09:49:00,LNG,,238.64999389648438,238.72999572753906,238.52999877929688,238.66000366210938,10223.0
2025-06-26 09:49:00,LODE,,3.509999990463257,3.509999990463257,3.509999990463257,3.509999990463257,250.0
2025-06-26 09:49:00,MAG,,21.3700008392334,21.3799991607666,21.3700008392334,21.3799991607666,646.0
2025-06-26 09:49:00,MITQ,,0.6729999780654907,0.6729999780654907,0.6700000166893005,0.6700000166893005,5163.0
2025-06-26 09:49:00,MPTI,,39.450599670410156,39.450599670410156,38.79999923706055,39.125,1911.0
2025-06-26 09:49:00,MRT,,2.8905999660491943,2.9000000953674316,2.8905999660491943,2.8942999839782715,2941.0
2025-06-26 09:49:00,NAK,,1.5549999475479126,1.559999942779541,1.534999966621399,1.5399999618530273,49030.0
2025-06-26 09:49:00,NBY,,0.5756000280380249,0.5756000280380249,0.5756000280380249,0.5756000280380249,1370.0
2025-06-26 09:49:00,NCL,,0.17479999363422394,0.17479999363422394,0.17479999363422394,0.17479999363422394,106.0
2025-06-26 09:49:00,NFGC,,1.4700000286102295,1.4700000286102295,1.4700000286102295,1.4700000286102295,916.0
2025-06-26 09:49:00,NG,,3.8127999305725098,3.819999933242798,3.8127999305725098,3.819999933242798,10422.0
2025-06-26 09:49:00,NGD,,4.860000133514404,4.880000114440918,4.860000133514404,4.869999885559082,95201.0
2025-06-26 09:49:00,NML,,8.760000228881836,8.760000228881836,8.760000228881836,8.760000228881836,439.0
2025-06-26 09:49:00,NNVC,,1.2300000190734863,1.2390999794006348,1.2300000190734863,1.2390999794006348,1134.0
2025-06-26 09:49:00,OBE,,5.514999866485596,5.519999980926514,5.505000114440918,5.510000228881836,1570.0
2025-06-26 09:49:00,OPTT,,0.5012999773025513,0.5012999773025513,0.5009999871253967,0.5009999871253967,6702.0
2025-06-26 09:49:00,ORLA,,9.979999542236328,9.989999771118164,9.970000267028809,9.97599983215332,5588.0
2025-06-26 09:49:00,PED,,0.6679999828338623,0.6679999828338623,0.6679999828338623,0.6679999828338623,510.0
2025-06-26 09:49:00,PLG,,1.6050000190734863,1.6093000173568726,1.600000023841858,1.6093000173568726,13811.0
2025-06-26 09:49:00,PLX,,1.4299999475479126,1.440000057220459,1.4299999475479126,1.4299999475479126,5627.0
2025-06-26 09:49:00,RCG,,2.5957000255584717,2.5957000255584717,2.5957000255584717,2.5957000255584717,0.0
2025-06-26 09:49:00,REI,,0.7701500058174133,0.7702999711036682,0.7700009942054749,0.7702999711036682,8004.0
2025-06-26 09:49:00,SACH,,1.090000033378601,1.090000033378601,1.090000033378601,1.090000033378601,100.0
2025-06-26 09:49:00,SATX,,2.9600000381469727,2.9600000381469727,2.9600000381469727,2.9600000381469727,300.0
2025-06-26 09:49:00,SEB,,2969.639892578125,2969.639892578125,2969.639892578125,2969.639892578125,0.0
2025-06-26 09:49:00,SENS,,0.49810001254081726,0.49869999289512634,0.4948999881744385,0.4948999881744385,84272.0
2025-06-26 09:49:00,SGN,,1.0174000263214111,1.0174000263214111,1.0174000263214111,1.0174000263214111,0.0
2025-06-26 09:49:00,SVM,,4.150000095367432,4.155399799346924,4.150000095367432,4.15500020980835,2259.0
2025-06-26 09:49:00,TGB,,3.0250000953674316,3.0299999713897705,3.0199999809265137,3.0250000953674316,79201.0
2025-06-26 09:49:00,TMQ,,1.399999976158142,1.399999976158142,1.399999976158142,1.399999976158142,100.0
2025-06-26 09:49:00,TOON,,0.7397000193595886,0.7397000193595886,0.7397000193595886,0.7397000193595886,0.0
2025-06-26 09:49:00,TPET,,1.2200000286102295,1.2200000286102295,1.2200000286102295,1.2200000286102295,977.0
2025-06-26 09:49:00,UAMY,,2.430000066757202,2.4588000774383545,2.430000066757202,2.4588000774383545,47954.0
2025-06-26 09:49:00,UAVS,,1.1349999904632568,1.1349999904632568,1.1349999904632568,1.1349999904632568,4276.0
2025-06-26 09:49:00,UEC,,6.829999923706055,6.840000152587891,6.829999923706055,6.835000038146973,10557.0
2025-06-26 09:49:00,URG,,1.034999966621399,1.034999966621399,1.0300999879837036,1.0300999879837036,1200.0
2025-06-26 09:49:00,USAS,,0.7802000045776367,0.789900004863739,0.7802000045776367,0.7897999882698059,5827.0
2025-06-26 09:49:00,UUUU,,5.704999923706055,5.704999923706055,5.684999942779541,5.684999942779541,29159.0
2025-06-26 09:49:00,VZLA,,3.005000114440918,3.009999990463257,2.984999895095825,2.984999895095825,77739.0
2025-06-26 09:49:00,WWR,,0.5849000215530396,0.5849000215530396,0.5849000215530396,0.5849000215530396,50854.0
2025-06-26 09:49:00,XPL,,0.6424999833106995,0.6424999833106995,0.6424999833106995,0.6424999833106995,110.0
2025-06-26 09:50:00,AEON,,0.7713000178337097,0.7771999835968018,0.7713000178337097,0.7771999835968018,922.0
2025-06-26 09:50:00,AREN,,5.670000076293945,5.670000076293945,5.670000076293945,5.670000076293945,3001.0
2025-06-26 09:50:00,ARMN,,6.889999866485596,6.889999866485596,6.889999866485596,6.889999866485596,1346.0
2025-06-26 09:50:00,ASM,,3.559999942779541,3.569999933242798,3.559999942779541,3.56469988822937,8211.0
2025-06-26 09:50:00,ATNM,,1.590000033378601,1.590000033378601,1.590000033378601,1.590000033378601,0.0
2025-06-26 09:50:00,AZTR,,0.25609999895095825,0.25609999895095825,0.25600001215934753,0.25600001215934753,1600.0
2025-06-26 09:50:00,BTG,,3.619999885559082,3.630000114440918,3.619999885559082,3.630000114440918,28624.0
2025-06-26 09:50:00,BURU,,0.3278000056743622,0.3278000056743622,0.32440000772476196,0.3278000056743622,2744.0
2025-06-26 09:50:00,CATX,,3.7799999713897705,3.798799991607666,3.7799999713897705,3.7899999618530273,8005.0
2025-06-26 09:50:00,CBOE,,229.86000061035156,230.07000732421875,229.86000061035156,229.86000061035156,348.0
2025-06-26 09:50:00,CEF,,30.309999465942383,30.309999465942383,30.309999465942383,30.309999465942383,1567.0
2025-06-26 09:50:00,CIK,,2.9388999938964844,2.9388999938964844,2.9388999938964844,2.9388999938964844,500.0
2025-06-26 09:50:00,CLM,,7.941199779510498,7.941199779510498,7.941199779510498,7.941199779510498,1585.0
2025-06-26 09:50:00,CMCL,,19.2278995513916,19.2278995513916,19.2278995513916,19.2278995513916,578.0
2025-06-26 09:50:00,CQP,,54.959999084472656,54.959999084472656,54.755001068115234,54.755001068115234,600.0
2025-06-26 09:50:00,CRF,,7.565000057220459,7.569900035858154,7.565000057220459,7.569900035858154,2182.0
2025-06-26 09:50:00,CTM,,1.024999976158142,1.0298000574111938,1.0199999809265137,1.0298000574111938,12787.0
2025-06-26 09:50:00,CYBN,,8.300000190734863,8.300000190734863,8.274999618530273,8.274999618530273,46749.0
2025-06-26 09:50:00,DHY,,2.101099967956543,2.101099967956543,2.101099967956543,2.101099967956543,278.0
2025-06-26 09:50:00,DNN,,1.7699999809265137,1.774999976158142,1.7599999904632568,1.774999976158142,279716.0
2025-06-26 09:50:00,EMX,,2.5499000549316406,2.5499000549316406,2.5450000762939453,2.5450000762939453,348.0
2025-06-26 09:50:00,EQX,,5.875,5.885000228881836,5.875,5.880000114440918,6984.0
2025-06-26 09:50:00,ERH,,11.444999694824219,11.444999694824219,11.444999694824219,11.444999694824219,2051.0
2025-06-26 09:50:00,ESP,,43.6150016784668,43.6150016784668,43.6150016784668,43.6150016784668,240.0
2025-06-26 09:50:00,EVV,,10.141500473022461,10.141500473022461,10.141500473022461,10.141500473022461,0.0
2025-06-26 09:50:00,GAU,,1.2989000082015991,1.2989000082015991,1.2899999618530273,1.2899999618530273,6330.0
2025-06-26 09:50:00,GGN,,4.364999771118164,4.364999771118164,4.364999771118164,4.364999771118164,17661.0
2025-06-26 09:50:00,GLO,,5.340000152587891,5.340000152587891,5.340000152587891,5.340000152587891,180.0
2025-06-26 09:50:00,GNS,,0.6945000290870667,0.6990000009536743,0.6899999976158142,0.6899999976158142,17782.0
2025-06-26 09:50:00,GORO,,0.550000011920929,0.550000011920929,0.550000011920929,0.550000011920929,2600.0
2025-06-26 09:50:00,GROY,,2.289900064468384,2.289900064468384,2.289900064468384,2.289900064468384,810.0
2025-06-26 09:50:00,GTE,,4.960000038146973,4.960000038146973,4.960000038146973,4.960000038146973,208.0
2025-06-26 09:50:00,HUSA,,13.156800270080566,13.300000190734863,13.119500160217285,13.300000190734863,5869.0
2025-06-26 09:50:00,IBO,,0.880299985408783,0.8816999793052673,0.8799999952316284,0.8799999952316284,5280.0
2025-06-26 09:50:00,IDR,,13.119999885559082,13.119999885559082,13.119999885559082,13.119999885559082,102.0
2025-06-26 09:50:00,IE,,9.449999809265137,9.505000114440918,9.449999809265137,9.505000114440918,6409.0
2025-06-26 09:50:00,IMO,,80.7699966430664,80.79000091552734,80.7699966430664,80.79000091552734,1272.0
2025-06-26 09:50:00,INDO,,3.1600000858306885,3.169800043106079,3.1514999866485596,3.1600000858306885,4669.0
2025-06-26 09:50:00,INUV,,3.7929999828338623,3.7950000762939453,3.7929999828338623,3.7950000762939453,1741.0
2025-06-26 09:50:00,ITRG,,1.5549999475479126,1.565000057220459,1.5549999475479126,1.559999942779541,22040.0
2025-06-26 09:50:00,KULR,,5.014999866485596,5.079999923706055,5.0106000900268555,5.056399822235107,15394.0
2025-06-26 09:50:00,LCTX,,1.0800000429153442,1.0800000429153442,1.0750000476837158,1.0750000476837158,819.0
2025-06-26 09:50:00,LEU,,169.0,169.79229736328125,168.0,169.79229736328125,10741.0
2025-06-26 09:50:00,LMND,,42.20500183105469,42.29999923706055,42.13999938964844,42.150001525878906,10803.0
2025-06-26 09:50:00,MAG,,21.357500076293945,21.3799991607666,21.350000381469727,21.357500076293945,4026.0
2025-06-26 09:50:00,MGLD,,0.9800000190734863,0.9800000190734863,0.9800000190734863,0.9800000190734863,200.0
2025-06-26 09:50:00,MITQ,,0.6779500246047974,0.6779500246047974,0.6700000166893005,0.6779000163078308,1130.0
2025-06-26 09:50:00,MRT,,2.890000104904175,2.8912999629974365,2.890000104904175,2.8912999629974365,1542.0
2025-06-26 09:50:00,NAK,,1.5499999523162842,1.559999942779541,1.5499999523162842,1.559999942779541,54472.0
2025-06-26 09:50:00,NCL,,0.17339999973773956,0.17339999973773956,0.17339999973773956,0.17339999973773956,0.0
2025-06-26 09:50:00,NG,,3.809999942779541,3.815000057220459,3.799999952316284,3.815000057220459,9928.0
2025-06-26 09:50:00,NGD,,4.864999771118164,4.869999885559082,4.860000133514404,4.869999885559082,41562.0
2025-06-26 09:50:00,NNVC,,1.238800048828125,1.238800048828125,1.2200000286102295,1.2200000286102295,2760.0
2025-06-26 09:50:00,NRO,,3.200000047683716,3.200000047683716,3.194999933242798,3.194999933242798,3000.0
2025-06-26 09:50:00,OBE,,5.510000228881836,5.510000228881836,5.510000228881836,5.510000228881836,886.0
2025-06-26 09:50:00,OPTT,,0.5005000233650208,0.5023999810218811,0.5005000233650208,0.5023999810218811,16506.0
2025-06-26 09:50:00,ORLA,,9.970000267028809,9.979999542236328,9.954999923706055,9.970999717712402,2583.0
2025-06-26 09:50:00,OSTX,,1.8300000429153442,1.840000033378601,1.8300000429153442,1.8300000429153442,9400.0
2025-06-26 09:50:00,PLG,,1.6050000190734863,1.6050000190734863,1.6050000190734863,1.6050000190734863,215.0
2025-06-26 09:50:00,PLX,,1.434999942779541,1.434999942779541,1.434999942779541,1.434999942779541,381.0
2025-06-26 09:50:00,REI,,0.7651000022888184,0.7702999711036682,0.7638009786605835,0.7702999711036682,34522.0
2025-06-26 09:50:00,REPX,,26.702299118041992,26.702299118041992,26.702299118041992,26.702299118041992,0.0
2025-06-26 09:50:00,RVP,,0.6525999903678894,0.6525999903678894,0.6525999903678894,0.6525999903678894,0.0
2025-06-26 09:50:00,SATX,,2.9600000381469727,2.9600000381469727,2.9600000381469727,2.9600000381469727,1142.0
2025-06-26 09:50:00,SENS,,0.4975000023841858,0.49789801239967346,0.4975000023841858,0.49789801239967346,5518.0
2025-06-26 09:50:00,SOAR,,1.4600000381469727,1.4600000381469727,1.4600000381469727,1.4600000381469727,1570.0
2025-06-26 09:50:00,SVM,,4.15500020980835,4.15500020980835,4.15500020980835,4.15500020980835,1385.0
2025-06-26 09:50:00,TGB,,3.029900074005127,3.029900074005127,3.029900074005127,3.029900074005127,7178.0
2025-06-26 09:50:00,TPET,,1.2100000381469727,1.2201000452041626,1.2100000381469727,1.2201000452041626,7549.0
2025-06-26 09:50:00,UAMY,,2.4200000762939453,2.434999942779541,2.4200000762939453,2.4346001148223877,23556.0
2025-06-26 09:50:00,UAVS,,1.1296000480651855,1.1349999904632568,1.1296000480651855,1.1303000450134277,5464.0
2025-06-26 09:50:00,UEC,,6.804999828338623,6.840000152587891,6.789999961853027,6.840000152587891,39374.0
2025-06-26 09:50:00,URG,,1.024999976158142,1.034999966621399,1.024999976158142,1.034999966621399,8941.0
2025-06-26 09:50:00,UUUU,,5.699999809265137,5.704999923706055,5.679999828338623,5.699999809265137,20216.0
2025-06-26 09:50:00,VKI,,8.170000076293945,8.170000076293945,8.170000076293945,8.170000076293945,3120.0
2025-06-26 09:50:00,VNRX,,0.7409999966621399,0.7409999966621399,0.7409999966621399,0.7409999966621399,100.0
2025-06-26 09:50:00,VTAK,,0.24799999594688416,0.24799999594688416,0.24799999594688416,0.24799999594688416,600.0
2025-06-26 09:50:00,VZLA,,2.994999885559082,3.005000114440918,2.994999885559082,3.0,19252.0
2025-06-26 09:50:00,WWR,,0.5800979733467102,0.590399980545044,0.5800979733467102,0.590399980545044,5982.0
2025-06-26 09:50:00,XTNT,,0.6349999904632568,0.6349999904632568,0.6349999904632568,0.6349999904632568,121.0
2025-06-26 09:51:00,AEON,,0.7771999835968018,0.7771999835968018,0.7744010090827942,0.7759360074996948,750.0
2025-06-26 09:51:00,AREN,,5.672100067138672,5.672100067138672,5.672100067138672,5.672100067138672,6215.0
2025-06-26 09:51:00,ASM,,3.555000066757202,3.568000078201294,3.549999952316284,3.5650999546051025,16436.0
2025-06-26 09:51:00,AUST,,1.3200000524520874,1.3200000524520874,1.3200000524520874,1.3200000524520874,5018.0
2025-06-26 09:51:00,AZTR,,0.25519999861717224,0.25519999861717224,0.25519999861717224,0.25519999861717224,0.0
2025-06-26 09:51:00,BRBS,,3.2750000953674316,3.2750000953674316,3.2750000953674316,3.2750000953674316,284.0
2025-06-26 09:51:00,BTG,,3.6152000427246094,3.625,3.609999895095825,3.625,207720.0
2025-06-26 09:51:00,BURU,,0.3255999982357025,0.3262999951839447,0.3255999982357025,0.3262999951839447,2989.0
2025-06-26 09:51:00,CATX,,3.7799999713897705,3.7799999713897705,3.7799999713897705,3.7799999713897705,83462.0
2025-06-26 09:51:00,CBOE,,229.44000244140625,229.44000244140625,229.44000244140625,229.44000244140625,2813.0
2025-06-26 09:51:00,CLM,,7.945000171661377,7.945000171661377,7.945000171661377,7.945000171661377,5696.0
2025-06-26 09:51:00,CQP,,55.15999984741211,55.15999984741211,54.959999084472656,54.959999084472656,820.0
2025-06-26 09:51:00,CRF,,7.570000171661377,7.570000171661377,7.570000171661377,7.570000171661377,82731.0
2025-06-26 09:51:00,CTM,,1.024999976158142,1.024999976158142,1.024999976158142,1.024999976158142,2345.0
2025-06-26 09:51:00,CVU,,3.0501999855041504,3.0501999855041504,3.0501999855041504,3.0501999855041504,4003.0
2025-06-26 09:51:00,CYBN,,8.3100004196167,8.3100004196167,8.3100004196167,8.3100004196167,549.0
2025-06-26 09:51:00,DHY,,2.1050000190734863,2.1050000190734863,2.1050000190734863,2.1050000190734863,605.0
2025-06-26 09:51:00,DNN,,1.7699999809265137,1.7699999809265137,1.7599999904632568,1.7697999477386475,312200.0
2025-06-26 09:51:00,EAD,,6.985000133514404,6.985000133514404,6.985000133514404,6.985000133514404,200.0
2025-06-26 09:51:00,EIM,,9.550000190734863,9.550000190734863,9.545299530029297,9.545299530029297,4300.0
2025-06-26 09:51:00,EMX,,2.5450000762939453,2.5450000762939453,2.5450000762939453,2.5450000762939453,0.0
2025-06-26 09:51:00,EQX,,5.875,5.880000114440918,5.864999771118164,5.875,65060.0
2025-06-26 09:51:00,ERH,,11.4399995803833,11.4399995803833,11.4399995803833,11.4399995803833,142.0
2025-06-26 09:51:00,FOXO,,0.20010000467300415,0.20010000467300415,0.20010000467300415,0.20010000467300415,1004.0
2025-06-26 09:51:00,GLDG,,0.7430999875068665,0.7430999875068665,0.7430999875068665,0.7430999875068665,1125.0
2025-06-26 09:51:00,GNS,,0.6897000074386597,0.6945000290870667,0.6850000023841858,0.6945000290870667,14464.0
2025-06-26 09:51:00,GORO,,0.550000011920929,0.550000011920929,0.550000011920929,0.550000011920929,0.0
2025-06-26 09:51:00,GROY,,2.2850000858306885,2.2899999618530273,2.2799999713897705,2.2799999713897705,2782.0
2025-06-26 09:51:00,GSAT,,23.06999969482422,23.110000610351562,23.06999969482422,23.110000610351562,1984.0
2025-06-26 09:51:00,GTE,,4.969600200653076,4.969600200653076,4.969600200653076,4.969600200653076,0.0
2025-06-26 09:51:00,HUSA,,13.380000114440918,13.390000343322754,13.300000190734863,13.300000190734863,3231.0
2025-06-26 09:51:00,IBO,,0.8899000287055969,0.8899999856948853,0.8808000087738037,0.8853999972343445,9375.0
2025-06-26 09:51:00,IDR,,13.119999885559082,13.119999885559082,13.119999885559082,13.119999885559082,100.0
2025-06-26 09:51:00,IE,,9.449999809265137,9.449999809265137,9.449999809265137,9.449999809265137,486.0
2025-06-26 09:51:00,IMO,,80.73500061035156,80.73500061035156,80.73500061035156,80.73500061035156,100.0
2025-06-26 09:51:00,INDO,,3.140199899673462,3.1500000953674316,3.130000114440918,3.1500000953674316,11366.0
2025-06-26 09:51:00,INUV,,3.7699999809265137,3.774899959564209,3.7699999809265137,3.774899959564209,726.0
2025-06-26 09:51:00,ITRG,,1.5599000453948975,1.559999942779541,1.5549999475479126,1.5549999475479126,4120.0
2025-06-26 09:51:00,KNW,,2.1549999713897705,2.1549999713897705,2.1215999126434326,2.1215999126434326,400.0
2025-06-26 09:51:00,KULR,,5.014999866485596,5.03000020980835,5.002500057220459,5.014999866485596,9689.0
2025-06-26 09:51:00,LCTX,,1.0748000144958496,1.0800000429153442,1.0700000524520874,1.0700000524520874,3969.0
2025-06-26 09:51:00,LEU,,167.29769897460938,169.26669311523438,167.02999877929688,168.97999572753906,9270.0
2025-06-26 09:51:00,LMND,,41.849998474121094,42.20500183105469,41.849998474121094,42.20500183105469,9836.0
2025-06-26 09:51:00,LNG,,238.68499755859375,238.9600067138672,238.60000610351562,238.64999389648438,13076.0
2025-06-26 09:51:00,MAG,,21.350000381469727,21.360000610351562,21.34000015258789,21.360000610351562,5024.0
2025-06-26 09:51:00,MGLD,,0.9800000190734863,0.9800000190734863,0.9800000190734863,0.9800000190734863,784.0
2025-06-26 09:51:00,MITQ,,0.675000011920929,0.675000011920929,0.6725500226020813,0.6725500226020813,2537.0
2025-06-26 09:51:00,MRT,,2.8805999755859375,2.8805999755859375,2.8805999755859375,2.8805999755859375,490.0
2025-06-26 09:51:00,NAK,,1.5449999570846558,1.5499999523162842,1.5448999404907227,1.5499999523162842,9045.0
2025-06-26 09:51:00,NFGC,,1.465000033378601,1.465000033378601,1.465000033378601,1.465000033378601,0.0
2025-06-26 09:51:00,NG,,3.819999933242798,3.819999933242798,3.799999952316284,3.800100088119507,36308.0
2025-06-26 09:51:00,NGD,,4.860000133514404,4.869999885559082,4.860000133514404,4.860300064086914,80943.0
2025-06-26 09:51:00,NNVC,,1.2300000190734863,1.2300000190734863,1.2200000286102295,1.2200000286102295,1503.0
2025-06-26 09:51:00,OPTT,,0.5001009702682495,0.5008999705314636,0.5000010132789612,0.5005999803543091,4057.0
2025-06-26 09:51:00,ORLA,,9.960000038146973,9.979999542236328,9.960000038146973,9.96500015258789,919.0
2025-06-26 09:51:00,OSTX,,1.8106000423431396,1.840000033378601,1.8106000423431396,1.840000033378601,3220.0
2025-06-26 09:51:00,PLG,,1.600000023841858,1.6100000143051147,1.600000023841858,1.6052000522613525,11813.0
2025-06-26 09:51:00,REI,,0.7613999843597412,0.765250027179718,0.7609999775886536,0.765250027179718,5241.0
2025-06-26 09:51:00,SACH,,1.090000033378601,1.090000033378601,1.090000033378601,1.090000033378601,120.0
2025-06-26 09:51:00,SATX,,2.9600000381469727,2.9600000381469727,2.9600000381469727,2.9600000381469727,0.0
2025-06-26 09:51:00,SENS,,0.49549999833106995,0.4966000020503998,0.49459999799728394,0.49570000171661377,5951.0
2025-06-26 09:51:00,SLI,,1.850000023841858,1.850000023841858,1.850000023841858,1.850000023841858,1546.0
2025-06-26 09:51:00,SOAR,,1.4639209508895874,1.4639209508895874,1.4639209508895874,1.4639209508895874,0.0
2025-06-26 09:51:00,STXS,,2.200000047683716,2.200000047683716,2.200000047683716,2.200000047683716,1609.0
2025-06-26 09:51:00,TGB,,3.0199999809265137,3.029900074005127,3.0199999809265137,3.029900074005127,12608.0
2025-06-26 09:51:00,TMQ,,1.4199999570846558,1.4199999570846558,1.3949999809265137,1.3949999809265137,21250.0
2025-06-26 09:51:00,TPET,,1.2101999521255493,1.2101999521255493,1.2101999521255493,1.2101999521255493,358.0
2025-06-26 09:51:00,TRT,,5.800000190734863,5.800000190734863,5.800000190734863,5.800000190734863,413.0
2025-06-26 09:51:00,UAMY,,2.4149999618530273,2.418299913406372,2.4000000953674316,2.417799949645996,66246.0
2025-06-26 09:51:00,UEC,,6.780399799346924,6.815000057220459,6.764999866485596,6.808199882507324,88195.0
2025-06-26 09:51:00,URG,,1.034999966621399,1.034999966621399,1.024999976158142,1.024999976158142,13301.0
2025-06-26 09:51:00,UUUU,,5.679999828338623,5.699999809265137,5.679999828338623,5.695000171661377,11476.0
2025-06-26 09:51:00,VZLA,,2.990000009536743,3.0,2.984999895095825,2.990000009536743,12190.0
2025-06-26 09:51:00,WRN,,1.2400000095367432,1.2400000095367432,1.2400000095367432,1.2400000095367432,0.0
2025-06-26 09:51:00,WWR,,0.5799999833106995,0.5873000025749207,0.5799999833106995,0.5870000123977661,8354.0
2025-06-26 09:51:00,WYY,,3.509999990463257,3.5299999713897705,3.4700000286102295,3.5,1420.0
2025-06-26 09:52:00,AEON,,0.7712000012397766,0.7721999883651733,0.7699999809265137,0.7699999809265137,3646.0
2025-06-26 09:52:00,AIRI,,3.4000000953674316,3.4000000953674316,3.4000000953674316,3.4000000953674316,888.0
2025-06-26 09:52:00,AMS,,2.4100000858306885,2.4100000858306885,2.4100000858306885,2.4100000858306885,1271.0
2025-06-26 09:52:00,ARMN,,6.889999866485596,6.889999866485596,6.889999866485596,6.889999866485596,127.0
2025-06-26 09:52:00,ASM,,3.555000066757202,3.559999942779541,3.5536999702453613,3.559999942779541,9654.0
2025-06-26 09:52:00,ATNM,,1.5850000381469727,1.5856000185012817,1.5850000381469727,1.5856000185012817,36671.0
2025-06-26 09:52:00,AZTR,,0.25540000200271606,0.25540000200271606,0.2549999952316284,0.2549999952316284,110782.0
2025-06-26 09:52:00,BKTI,,53.23849868774414,53.23849868774414,53.23849868774414,53.23849868774414,258.0
2025-06-26 09:52:00,BTG,,3.6201000213623047,3.630000114440918,3.6201000213623047,3.624799966812134,248895.0
2025-06-26 09:52:00,BURU,,0.3255999982357025,0.3255999982357025,0.32499998807907104,0.32499998807907104,1684.0
2025-06-26 09:52:00,CATX,,3.75,3.777899980545044,3.75,3.777899980545044,2072.0
2025-06-26 09:52:00,CCEL,,5.539999961853027,5.539999961853027,5.5,5.5,2749.0
2025-06-26 09:52:00,CEF,,30.325000762939453,30.325000762939453,30.299999237060547,30.299999237060547,839.0
2025-06-26 09:52:00,CIK,,2.930799961090088,2.930799961090088,2.930799961090088,2.930799961090088,394.0
2025-06-26 09:52:00,CLDI,,0.22599999606609344,0.22609999775886536,0.22599999606609344,0.22609999775886536,1200.0
2025-06-26 09:52:00,CLM,,7.940000057220459,7.946499824523926,7.940000057220459,7.946499824523926,433.0
2025-06-26 09:52:00,COE,,33.0,33.0,33.0,33.0,532.0
2025-06-26 09:52:00,CQP,,54.900001525878906,55.15999984741211,54.900001525878906,54.900001525878906,822.0
2025-06-26 09:52:00,CRF,,7.560100078582764,7.565000057220459,7.560100078582764,7.565000057220459,2434.0
2025-06-26 09:52:00,CTGO,,20.774999618530273,20.90999984741211,20.774999618530273,20.84000015258789,1953.0
2025-06-26 09:52:00,CTM,,1.0199999809265137,1.024999976158142,1.0199999809265137,1.024999976158142,7482.0
2025-06-26 09:52:00,CYBN,,8.319999694824219,8.319999694824219,8.319999694824219,8.319999694824219,814.0
2025-06-26 09:52:00,DNN,,1.7764999866485596,1.7799999713897705,1.7649999856948853,1.7649999856948853,597875.0
2025-06-26 09:52:00,DXF,,4.800000190734863,4.800000190734863,4.793499946594238,4.793499946594238,576.0
2025-06-26 09:52:00,EQX,,5.880000114440918,5.885000228881836,5.880000114440918,5.880000114440918,7874.0
2025-06-26 09:52:00,FOXO,,0.20010000467300415,0.2021999955177307,0.20010000467300415,0.2021999955177307,6060.0
2025-06-26 09:52:00,GAU,,1.2999999523162842,1.2999999523162842,1.2999999523162842,1.2999999523162842,200.0
2025-06-26 09:52:00,GBR,,1.100100040435791,1.100100040435791,1.100100040435791,1.100100040435791,507.0
2025-06-26 09:52:00,GGN,,4.360799789428711,4.360799789428711,4.360000133514404,4.360000133514404,4700.0
2025-06-26 09:52:00,GNS,,0.6951000094413757,0.6980000138282776,0.6899999976158142,0.6913999915122986,11430.0
2025-06-26 09:52:00,GORO,,0.5403000116348267,0.5403000116348267,0.5403000116348267,0.5403000116348267,48430.0
2025-06-26 09:52:00,GRF,,9.690500259399414,9.690500259399414,9.690500259399414,9.690500259399414,2956.0
2025-06-26 09:52:00,GROY,,2.2799999713897705,2.2850000858306885,2.2799999713897705,2.2850000858306885,8114.0
2025-06-26 09:52:00,GSAT,,23.09000015258789,23.09000015258789,23.09000015258789,23.09000015258789,2055.0
2025-06-26 09:52:00,HNW,,12.350000381469727,12.350000381469727,12.350000381469727,12.350000381469727,2266.0
2025-06-26 09:52:00,HUSA,,13.430000305175781,13.430000305175781,13.33240032196045,13.359000205993652,2702.0
2025-06-26 09:52:00,IBO,,0.8806999921798706,0.88919997215271,0.8806999921798706,0.88919997215271,16737.0
2025-06-26 09:52:00,IDR,,13.149299621582031,13.149299621582031,13.149299621582031,13.149299621582031,1210.0
2025-06-26 09:52:00,IE,,9.449999809265137,9.449999809265137,9.449999809265137,9.449999809265137,0.0
2025-06-26 09:52:00,IMO,,80.71499633789062,80.73999786376953,80.71499633789062,80.71499633789062,857.0
2025-06-26 09:52:00,INDO,,3.1410999298095703,3.1410999298095703,3.1410999298095703,3.1410999298095703,835.0
2025-06-26 09:52:00,INUV,,3.765000104904175,3.765000104904175,3.765000104904175,3.765000104904175,1834.0
2025-06-26 09:52:00,ITRG,,1.5700000524520874,1.5700000524520874,1.5700000524520874,1.5700000524520874,70562.0
2025-06-26 09:52:00,KNW,,2.1305999755859375,2.1305999755859375,2.1305999755859375,2.1305999755859375,1068.0
2025-06-26 09:52:00,KULR,,5.019999980926514,5.03000020980835,5.010700225830078,5.019999980926514,22912.0
2025-06-26 09:52:00,LCTX,,1.0750000476837158,1.079200029373169,1.072100043296814,1.0750000476837158,2435.0
2025-06-26 09:52:00,LEU,,167.2899932861328,167.52960205078125,166.5500030517578,167.2899932861328,964266.0
2025-06-26 09:52:00,LMND,,41.89789962768555,42.09000015258789,41.849998474121094,41.970001220703125,6753.0
2025-06-26 09:52:00,LNG,,238.69000244140625,238.82000732421875,238.67999267578125,238.68499755859375,2096.0
2025-06-26 09:52:00,MAG,,21.399999618530273,21.399999618530273,21.399999618530273,21.399999618530273,14318.0
2025-06-26 09:52:00,MITQ,,0.6711000204086304,0.6711000204086304,0.6711000204086304,0.6711000204086304,1153.0
2025-06-26 09:52:00,MRT,,2.890000104904175,2.890000104904175,2.890000104904175,2.890000104904175,655.0
2025-06-26 09:52:00,MTA,,3.9200000762939453,3.9200000762939453,3.9200000762939453,3.9200000762939453,1630.0
2025-06-26 09:52:00,MYO,,2.2799999713897705,2.2799999713897705,2.2799999713897705,2.2799999713897705,1377.0
2025-06-26 09:52:00,NAK,,1.5750000476837158,1.5799000263214111,1.55649995803833,1.5599000453948975,99189.0
2025-06-26 09:52:00,NBH,,9.835000038146973,9.835000038146973,9.835000038146973,9.835000038146973,201.0
2025-06-26 09:52:00,NG,,3.815000057220459,3.819999933242798,3.815000057220459,3.8194000720977783,6984.0
2025-06-26 09:52:00,NGD,,4.875,4.880000114440918,4.860000133514404,4.869699954986572,69815.0
2025-06-26 09:52:00,NHS,,7.46999979019165,7.46999979019165,7.46999979019165,7.46999979019165,936.0
2025-06-26 09:52:00,NML,,8.779899597167969,8.779899597167969,8.760000228881836,8.760000228881836,1888.0
2025-06-26 09:52:00,NRO,,3.194999933242798,3.194999933242798,3.194999933242798,3.194999933242798,1781.0
2025-06-26 09:52:00,OBE,,5.519999980926514,5.519999980926514,5.5,5.5,751.0
2025-06-26 09:52:00,OPTT,,0.5023999810218811,0.5023999810218811,0.49799999594688416,0.5008000135421753,196067.0
2025-06-26 09:52:00,ORLA,,9.979999542236328,9.979999542236328,9.940999984741211,9.940999984741211,2503.0
2025-06-26 09:52:00,PLAG,,0.8500000238418579,0.8500000238418579,0.8500000238418579,0.8500000238418579,26296.0
2025-06-26 09:52:00,PLG,,1.6050000190734863,1.6050000190734863,1.6050000190734863,1.6050000190734863,0.0
2025-06-26 09:52:00,REI,,0.7631000280380249,0.7646999955177307,0.7609999775886536,0.7631999850273132,32550.0
2025-06-26 09:52:00,REPX,,26.399999618530273,26.399999618530273,26.399999618530273,26.399999618530273,6617.0
2025-06-26 09:52:00,SATX,,2.9600000381469727,2.9600000381469727,2.9600000381469727,2.9600000381469727,52988.0
2025-06-26 09:52:00,SENS,,0.49459999799728394,0.49480000138282776,0.4945020079612732,0.49470001459121704,5907.0
2025-06-26 09:52:00,SOAR,,1.4688999652862549,1.4688999652862549,1.4688999652862549,1.4688999652862549,47744.0
2025-06-26 09:52:00,SVM,,4.15500020980835,4.159999847412109,4.150000095367432,4.156499862670898,13286.0
2025-06-26 09:52:00,TGB,,3.02020001411438,3.0299999713897705,3.0199999809265137,3.0299999713897705,93586.0
2025-06-26 09:52:00,TMP,,62.09000015258789,62.09000015258789,62.09000015258789,62.09000015258789,331.0
2025-06-26 09:52:00,TMQ,,1.4299999475479126,1.4299999475479126,1.4199999570846558,1.4199999570846558,4816.0
2025-06-26 09:52:00,TOON,,0.739799976348877,0.739799976348877,0.739799976348877,0.739799976348877,6985.0
2025-06-26 09:52:00,UAMY,,2.434999942779541,2.434999942779541,2.4149999618530273,2.4200000762939453,28107.0
2025-06-26 09:52:00,UAVS,,1.1153000593185425,1.11899995803833,1.1136000156402588,1.11899995803833,7135.0
2025-06-26 09:52:00,UEC,,6.804999828338623,6.820000171661377,6.79010009765625,6.79010009765625,58786.0
2025-06-26 09:52:00,URG,,1.030400037765503,1.030400037765503,1.030400037765503,1.030400037765503,299.0
2025-06-26 09:52:00,USAS,,0.7911999821662903,0.7955999970436096,0.789900004863739,0.789900004863739,22933.0
2025-06-26 09:52:00,UUUU,,5.690100193023682,5.695000171661377,5.690000057220459,5.695000171661377,2914.0
2025-06-26 09:52:00,VTAK,,0.24699999392032623,0.24699999392032623,0.24609999358654022,0.2461010068655014,4733.0
2025-06-26 09:52:00,VZLA,,2.994999885559082,2.994999885559082,2.990000009536743,2.990000009536743,7769.0
2025-06-26 09:52:00,WWR,,0.5817000269889832,0.5856999754905701,0.5817000269889832,0.5856999754905701,4824.0
2025-06-26 09:52:00,WYY,,3.5,3.5399999618530273,3.5,3.5399999618530273,13389.0
2025-06-26 09:53:00,AEON,,0.7706000208854675,0.7706000208854675,0.7706000208854675,0.7706000208854675,471.0
2025-06-26 09:53:00,AMS,,2.4100000858306885,2.4100000858306885,2.4100000858306885,2.4100000858306885,268.0
2025-06-26 09:53:00,ARMN,,6.900000095367432,6.900000095367432,6.900000095367432,6.900000095367432,2254.0
2025-06-26 09:53:00,ASM,,3.569999933242798,3.575000047683716,3.5506999492645264,3.5506999492645264,109679.0
2025-06-26 09:53:00,AZTR,,0.2533000111579895,0.2533000111579895,0.2533000111579895,0.2533000111579895,1575.0
2025-06-26 09:53:00,BHB,,29.5,29.5,29.5,29.5,107.0
2025-06-26 09:53:00,BRBS,,3.259999990463257,3.2899999618530273,3.259999990463257,3.2750000953674316,300.0
2025-06-26 09:53:00,BTG,,3.625,3.625200033187866,3.620500087738037,3.625200033187866,9173.0
2025-06-26 09:53:00,BURU,,0.3248000144958496,0.326200008392334,0.32440000772476196,0.3255000114440918,33244.0
2025-06-26 09:53:00,CATX,,3.7300000190734863,3.751800060272217,3.7300000190734863,3.751800060272217,4785.0
2025-06-26 09:53:00,CBOE,,229.50999450683594,229.50999450683594,229.50999450683594,229.50999450683594,1523.0
2025-06-26 09:53:00,CEF,,30.32990074157715,30.32990074157715,30.32990074157715,30.32990074157715,690.0
2025-06-26 09:53:00,CIK,,2.930799961090088,2.930799961090088,2.930799961090088,2.930799961090088,589.0
2025-06-26 09:53:00,CLDI,,0.225600004196167,0.22660000622272491,0.225600004196167,0.22660000622272491,1353.0
2025-06-26 09:53:00,CLM,,7.934999942779541,7.940000057220459,7.934999942779541,7.940000057220459,3688.0
2025-06-26 09:53:00,CQP,,55.150001525878906,55.18000030517578,55.0099983215332,55.0099983215332,546.0
2025-06-26 09:53:00,CRF,,7.565000057220459,7.570000171661377,7.559999942779541,7.564599990844727,1714.0
2025-06-26 09:53:00,CTM,,1.0269999504089355,1.027500033378601,1.024999976158142,1.027500033378601,3236.0
2025-06-26 09:53:00,DDC,,10.542799949645996,10.542799949645996,10.542799949645996,10.542799949645996,612.0
2025-06-26 09:53:00,DNN,,1.774999976158142,1.7799999713897705,1.7699999809265137,1.7799999713897705,101008.0
2025-06-26 09:53:00,DXF,,4.750100135803223,4.750100135803223,4.750100135803223,4.750100135803223,500.0
2025-06-26 09:53:00,ECF,,10.1899995803833,10.1899995803833,10.164999961853027,10.167499542236328,3245.0
2025-06-26 09:53:00,EIM,,9.550000190734863,9.550000190734863,9.550000190734863,9.550000190734863,1721.0
2025-06-26 09:53:00,ENSV,,0.023000000044703484,0.023000000044703484,0.023000000044703484,0.023000000044703484,1000.0
2025-06-26 09:53:00,EP,,5.324999809265137,5.324999809265137,5.324999809265137,5.324999809265137,246.0
2025-06-26 09:53:00,EQX,,5.889999866485596,5.895999908447266,5.883299827575684,5.883299827575684,2838.0
2025-06-26 09:53:00,FOXO,,0.20010000467300415,0.2022009938955307,0.20010000467300415,0.20010000467300415,400.0
2025-06-26 09:53:00,GAU,,1.2999999523162842,1.2999999523162842,1.2899999618530273,1.2899999618530273,2320.0
2025-06-26 09:53:00,GGN,,4.365900039672852,4.365900039672852,4.365900039672852,4.365900039672852,171.0
2025-06-26 09:53:00,GNS,,0.6901000142097473,0.6980000138282776,0.6884999871253967,0.6970009803771973,98213.0
2025-06-26 09:53:00,GORO,,0.5493000149726868,0.5493000149726868,0.5450000166893005,0.5450000166893005,1320.0
2025-06-26 09:53:00,GROY,,2.2850000858306885,2.2850000858306885,2.2799999713897705,2.2799999713897705,850.0
2025-06-26 09:53:00,GSAT,,23.083200454711914,23.083200454711914,23.083200454711914,23.083200454711914,794.0
2025-06-26 09:53:00,GTE,,4.960000038146973,4.960000038146973,4.949999809265137,4.949999809265137,15847.0
2025-06-26 09:53:00,HUSA,,13.78909969329834,13.899999618530273,13.436300277709961,13.436300277709961,14926.0
2025-06-26 09:53:00,IBO,,0.8805000185966492,0.88919997215271,0.8805000185966492,0.8827300071716309,3428.0
2025-06-26 09:53:00,IDR,,13.149999618530273,13.149999618530273,13.114999771118164,13.114999771118164,7049.0
2025-06-26 09:53:00,IE,,9.449999809265137,9.470000267028809,9.449999809265137,9.449999809265137,129881.0
2025-06-26 09:53:00,IGC,,0.3084000051021576,0.3084000051021576,0.3084000051021576,0.3084000051021576,3902.0
2025-06-26 09:53:00,IMO,,80.80000305175781,80.80500030517578,80.77999877929688,80.79000091552734,792.0
2025-06-26 09:53:00,INDO,,3.2049999237060547,3.219899892807007,3.1500000953674316,3.1500000953674316,14167.0
2025-06-26 09:53:00,ITP,,0.193899005651474,0.193899005651474,0.193899005651474,0.193899005651474,45721.0
2025-06-26 09:53:00,ITRG,,1.5800000429153442,1.5800000429153442,1.5800000429153442,1.5800000429153442,200.0
2025-06-26 09:53:00,JOB,,0.1935500055551529,0.1935500055551529,0.1935500055551529,0.1935500055551529,1100.0
2025-06-26 09:53:00,KULR,,5.090000152587891,5.090000152587891,5.079999923706055,5.090000152587891,18035.0
2025-06-26 09:53:00,LCTX,,1.0700000524520874,1.0700000524520874,1.0700000524520874,1.0700000524520874,535.0
2025-06-26 09:53:00,LEU,,168.33999633789062,169.8000030517578,167.95730590820312,168.33999633789062,14205.0
2025-06-26 09:53:00,LMND,,42.10309982299805,42.10309982299805,42.05400085449219,42.05500030517578,2516.0
2025-06-26 09:53:00,LNG,,238.86500549316406,238.86500549316406,238.74000549316406,238.74000549316406,2829.0
2025-06-26 09:53:00,LODE,,3.5399999618530273,3.5399999618530273,3.5399999618530273,3.5399999618530273,9671.0
2025-06-26 09:53:00,LSF,,6.244999885559082,6.244999885559082,6.244999885559082,6.244999885559082,450.0
2025-06-26 09:53:00,MAG,,21.420000076293945,21.44499969482422,21.395000457763672,21.399999618530273,19675.0
2025-06-26 09:53:00,MAIA,,1.6344000101089478,1.6344000101089478,1.625,1.625,934.0
2025-06-26 09:53:00,MITQ,,0.675000011920929,0.675000011920929,0.675000011920929,0.675000011920929,3274.0
2025-06-26 09:53:00,MRT,,2.890000104904175,2.9047000408172607,2.890000104904175,2.9047000408172607,1569.0
2025-06-26 09:53:00,MTNB,,0.9401000142097473,0.9401000142097473,0.9401000142097473,0.9401000142097473,1867.0
2025-06-26 09:53:00,MWG,,0.2451000064611435,0.2451000064611435,0.2451000064611435,0.2451000064611435,635.0
2025-06-26 09:53:00,MYO,,2.2706000804901123,2.2706000804901123,2.2699999809265137,2.2699999809265137,488.0
2025-06-26 09:53:00,NAK,,1.5850000381469727,1.5888999700546265,1.5750000476837158,1.5750000476837158,72634.0
2025-06-26 09:53:00,NCL,,0.17489999532699585,0.17489999532699585,0.17309999465942383,0.17309999465942383,232952.0
2025-06-26 09:53:00,NG,,3.8299999237060547,3.8299999237060547,3.819999933242798,3.819999933242798,13902.0
2025-06-26 09:53:00,NGD,,4.880000114440918,4.885000228881836,4.869999885559082,4.870299816131592,57285.0
2025-06-26 09:53:00,NHC,,108.31999969482422,108.31999969482422,108.31999969482422,108.31999969482422,848.0
2025-06-26 09:53:00,NHS,,7.460000038146973,7.460000038146973,7.460000038146973,7.460000038146973,500.0
2025-06-26 09:53:00,NML,,8.758399963378906,8.758399963378906,8.758399963378906,8.758399963378906,151.0
2025-06-26 09:53:00,NNVC,,1.2218999862670898,1.2400000095367432,1.2200000286102295,1.2200000286102295,30565.0
2025-06-26 09:53:00,OBE,,5.519999980926514,5.519999980926514,5.519999980926514,5.519999980926514,500.0
2025-06-26 09:53:00,PED,,0.6689490079879761,0.6689490079879761,0.6689490079879761,0.6689490079879761,1359.0
2025-06-26 09:53:00,PLG,,1.6050000190734863,1.6100000143051147,1.6050000190734863,1.6050000190734863,595278.0
2025-06-26 09:53:00,PLMR,,151.07000732421875,151.07000732421875,151.07000732421875,151.07000732421875,423.0
2025-06-26 09:53:00,PLX,,1.4394999742507935,1.4394999742507935,1.4394999742507935,1.4394999742507935,633.0
2025-06-26 09:53:00,PZG,,0.6200000047683716,0.6200000047683716,0.6198999881744385,0.6198999881744385,1700.0
2025-06-26 09:53:00,REI,,0.765500009059906,0.765500009059906,0.765500009059906,0.765500009059906,200.0
2025-06-26 09:53:00,SACH,,1.090000033378601,1.090000033378601,1.090000033378601,1.090000033378601,102.0
2025-06-26 09:53:00,SENS,,0.4945639967918396,0.49459999799728394,0.4945499897003174,0.4945499897003174,8437.0
2025-06-26 09:53:00,SGN,,1.0149999856948853,1.0149999856948853,1.0149999856948853,1.0149999856948853,33054.0
2025-06-26 09:53:00,SKYH,,9.625,9.625,9.625,9.625,872.0
2025-06-26 09:53:00,SOAR,,1.4500000476837158,1.4500000476837158,1.4500000476837158,1.4500000476837158,252.0
2025-06-26 09:53:00,SSY,,0.8999999761581421,0.8999999761581421,0.8899999856948853,0.8899999856948853,750.0
2025-06-26 09:53:00,SVM,,4.175000190734863,4.175000190734863,4.159999847412109,4.159999847412109,23011.0
2025-06-26 09:53:00,TGB,,3.0299999713897705,3.0350000858306885,3.0297000408172607,3.0299999713897705,42071.0
2025-06-26 09:53:00,THM,,0.9332000017166138,0.9332000017166138,0.9332000017166138,0.9332000017166138,2815.0
2025-06-26 09:53:00,TMQ,,1.4351999759674072,1.440000057220459,1.4299999475479126,1.434999942779541,10857.0
2025-06-26 09:53:00,TPET,,1.2100000381469727,1.2100000381469727,1.2100000381469727,1.2100000381469727,1284.0
2025-06-26 09:53:00,UAMY,,2.440000057220459,2.440000057220459,2.4305999279022217,2.434999942779541,17942.0
2025-06-26 09:53:00,UAVS,,1.1165000200271606,1.1168999671936035,1.1165000200271606,1.1168999671936035,2081.0
2025-06-26 09:53:00,UEC,,6.84499979019165,6.84499979019165,6.804999828338623,6.84499979019165,28003.0
2025-06-26 09:53:00,URG,,1.0399999618530273,1.0399999618530273,1.0299999713897705,1.0299999713897705,1500.0
2025-06-26 09:53:00,UTG,,35.380001068115234,35.380001068115234,35.380001068115234,35.380001068115234,287.0
2025-06-26 09:53:00,UUUU,,5.71999979019165,5.71999979019165,5.699999809265137,5.699999809265137,15906.0
2025-06-26 09:53:00,VGZ,,1.0149999856948853,1.0149999856948853,1.0149999856948853,1.0149999856948853,2041.0
2025-06-26 09:53:00,VZLA,,2.9993999004364014,3.0,2.9993999004364014,3.0,23316.0
2025-06-26 09:53:00,WRN,,1.2450000047683716,1.2450000047683716,1.2450000047683716,1.2450000047683716,64499.0
2025-06-26 09:53:00,WWR,,0.5871999859809875,0.5871999859809875,0.5871999859809875,0.5871999859809875,500.0
2025-06-26 09:53:00,WYY,,3.4600000381469727,3.4600000381469727,3.4600000381469727,3.4600000381469727,590.0
2025-06-26 09:54:00,ACU,,39.95500183105469,39.95500183105469,39.95500183105469,39.95500183105469,0.0
2025-06-26 09:54:00,ASM,,3.559999942779541,3.569999933242798,3.559999942779541,3.569999933242798,4488.0
2025-06-26 09:54:00,ATNM,,1.5750000476837158,1.5800000429153442,1.5750000476837158,1.5800000429153442,630.0
2025-06-26 09:54:00,AZTR,,0.2531999945640564,0.2531999945640564,0.2531000077724457,0.2531000077724457,900.0
2025-06-26 09:54:00,BKTI,,53.577701568603516,53.577701568603516,53.577701568603516,53.577701568603516,471.0
2025-06-26 09:54:00,BRBS,,3.2750000953674316,3.2750000953674316,3.2750000953674316,3.2750000953674316,182.0
2025-06-26 09:54:00,BRN,,1.2200000286102295,1.2200000286102295,1.2200000286102295,1.2200000286102295,3026.0
2025-06-26 09:54:00,BTG,,3.625,3.625999927520752,3.6201999187469482,3.625,35839.0
2025-06-26 09:54:00,BURU,,0.3276999890804291,0.3276999890804291,0.32659998536109924,0.32659998536109924,7069.0
2025-06-26 09:54:00,CATX,,3.732300043106079,3.732300043106079,3.7200000286102295,3.732300043106079,92559.0
2025-06-26 09:54:00,CET,,47.31679916381836,47.31679916381836,47.31679916381836,47.31679916381836,899.0
2025-06-26 09:54:00,CIK,,2.934999942779541,2.934999942779541,2.934999942779541,2.934999942779541,200.0
2025-06-26 09:54:00,CLM,,7.929999828338623,7.932400226593018,7.929999828338623,7.932400226593018,273.0
2025-06-26 09:54:00,CMCL,,19.19499969482422,19.19499969482422,19.190000534057617,19.19499969482422,802.0
2025-06-26 09:54:00,CQP,,55.0099983215332,55.19499969482422,55.0099983215332,55.19499969482422,642.0
2025-06-26 09:54:00,CRF,,7.565000057220459,7.566699981689453,7.565000057220459,7.566699981689453,4365.0
2025-06-26 09:54:00,CTM,,1.0299999713897705,1.0299999713897705,1.0299999713897705,1.0299999713897705,1130.0
2025-06-26 09:54:00,CVU,,3.0676000118255615,3.0676000118255615,3.0676000118255615,3.0676000118255615,130.0
2025-06-26 09:54:00,CYBN,,8.260600090026855,8.260600090026855,8.260600090026855,8.260600090026855,200.0
2025-06-26 09:54:00,DHY,,2.1050000190734863,2.1050000190734863,2.1050000190734863,2.1050000190734863,752.0
2025-06-26 09:54:00,DNN,,1.7700999975204468,1.7799999713897705,1.7699999809265137,1.7798999547958374,1403633.0
2025-06-26 09:54:00,DXF,,4.840000152587891,4.840000152587891,4.809999942779541,4.809999942779541,4880.0
2025-06-26 09:54:00,EMX,,2.54010009765625,2.5450000762939453,2.54010009765625,2.5450000762939453,49803.0
2025-06-26 09:54:00,ENX,,9.244999885559082,9.244999885559082,9.244999885559082,9.244999885559082,298.0
2025-06-26 09:54:00,EQX,,5.894999980926514,5.894999980926514,5.889999866485596,5.889999866485596,5039.0
2025-06-26 09:54:00,ERC,,9.380000114440918,9.380000114440918,9.369999885559082,9.380000114440918,11341.0
2025-06-26 09:54:00,EVV,,10.149999618530273,10.149999618530273,10.149499893188477,10.149499893188477,50458.0
2025-06-26 09:54:00,FOXO,,0.20010000467300415,0.20010000467300415,0.20010000467300415,0.20010000467300415,200.0
2025-06-26 09:54:00,GGN,,4.360899925231934,4.360899925231934,4.360899925231934,4.360899925231934,2000.0
2025-06-26 09:54:00,GLO,,5.329999923706055,5.329999923706055,5.329999923706055,5.329999923706055,300.0
2025-06-26 09:54:00,GLQ,,6.940000057220459,6.940000057220459,6.940000057220459,6.940000057220459,515.0
2025-06-26 09:54:00,GNS,,0.6937000155448914,0.6973999738693237,0.6901000142097473,0.6973999738693237,893.0
2025-06-26 09:54:00,GORO,,0.5479999780654907,0.5479999780654907,0.5479999780654907,0.5479999780654907,9902.0
2025-06-26 09:54:00,GROY,,2.2850000858306885,2.2867000102996826,2.2850000858306885,2.2867000102996826,1654.0
2025-06-26 09:54:00,HUSA,,14.0649995803833,14.25,13.949199676513672,13.949199676513672,32180.0
2025-06-26 09:54:00,IBO,,0.863086998462677,0.8846510052680969,0.863086998462677,0.8846510052680969,6083.0
2025-06-26 09:54:00,IDR,,13.149999618530273,13.149999618530273,13.149999618530273,13.149999618530273,105.0
2025-06-26 09:54:00,IE,,9.454999923706055,9.454999923706055,9.442500114440918,9.442500114440918,1519.0
2025-06-26 09:54:00,IGC,,0.30879899859428406,0.30879899859428406,0.30879899859428406,0.30879899859428406,1924.0
2025-06-26 09:54:00,IMO,,80.66999816894531,80.80999755859375,80.66999816894531,80.80999755859375,774.0
2025-06-26 09:54:00,INDO,,3.259999990463257,3.2697999477386475,3.180000066757202,3.2200000286102295,40179.0
2025-06-26 09:54:00,ITRG,,1.5799000263214111,1.5800000429153442,1.576300024986267,1.5799000263214111,7300.0
2025-06-26 09:54:00,JOB,,0.19380000233650208,0.19380000233650208,0.19380000233650208,0.19380000233650208,500.0
2025-06-26 09:54:00,KNW,,2.1500000953674316,2.1500000953674316,2.1500000953674316,2.1500000953674316,324.0
2025-06-26 09:54:00,KULR,,5.105000019073486,5.110000133514404,5.071400165557861,5.071400165557861,11616.0
2025-06-26 09:54:00,LCTX,,1.0733000040054321,1.0750000476837158,1.0700000524520874,1.0700000524520874,815.0
2025-06-26 09:54:00,LEU,,168.10000610351562,170.5,168.07000732421875,169.8000030517578,17403.0
2025-06-26 09:54:00,LMND,,41.86000061035156,42.06380081176758,41.86000061035156,42.05500030517578,6031.0
2025-06-26 09:54:00,LNG,,238.4250030517578,238.86500549316406,238.36000061035156,238.86500549316406,5411.0
2025-06-26 09:54:00,LODE,,3.549999952316284,3.549999952316284,3.5399999618530273,3.5399999618530273,401.0
2025-06-26 09:54:00,MAG,,21.40999984741211,21.40999984741211,21.399999618530273,21.399999618530273,282.0
2025-06-26 09:54:00,MITQ,,0.675000011920929,0.675000011920929,0.675000011920929,0.675000011920929,711.0
2025-06-26 09:54:00,MPTI,,39.47999954223633,39.47999954223633,39.47999954223633,39.47999954223633,1406.0
2025-06-26 09:54:00,MPU,,0.9800000190734863,0.9800000190734863,0.9800000190734863,0.9800000190734863,4069.0
2025-06-26 09:54:00,MRT,,2.886399984359741,2.903599977493286,2.8733999729156494,2.8733999729156494,1738.0
2025-06-26 09:54:00,MWG,,0.2799000144004822,0.2799000144004822,0.2799000144004822,0.2799000144004822,310.0
2025-06-26 09:54:00,MXC,,9.0,9.0,9.0,9.0,1064.0
2025-06-26 09:54:00,NAK,,1.5851000547409058,1.589900016784668,1.5800000429153442,1.5850000381469727,13702.0
2025-06-26 09:54:00,NCL,,0.17499999701976776,0.17499999701976776,0.17260000109672546,0.17260000109672546,4407.0
2025-06-26 09:54:00,NFGC,,1.464900016784668,1.464900016784668,1.464900016784668,1.464900016784668,27160.0
2025-06-26 09:54:00,NG,,3.8199000358581543,3.8299999237060547,3.815000057220459,3.8299999237060547,9924.0
2025-06-26 09:54:00,NGD,,4.877999782562256,4.880000114440918,4.869999885559082,4.869999885559082,37639.0
2025-06-26 09:54:00,NHS,,7.46999979019165,7.46999979019165,7.460000038146973,7.460000038146973,900.0
2025-06-26 09:54:00,NML,,8.775199890136719,8.775199890136719,8.775199890136719,8.775199890136719,111.0
2025-06-26 09:54:00,NNVC,,1.2400000095367432,1.2400000095367432,1.2310999631881714,1.2310999631881714,8781.0
2025-06-26 09:54:00,NRO,,3.190999984741211,3.194999933242798,3.190999984741211,3.194999933242798,2900.0
2025-06-26 09:54:00,NRXS,,2.5445001125335693,2.5445001125335693,2.5445001125335693,2.5445001125335693,1646.0
2025-06-26 09:54:00,OPTT,,0.5065000057220459,0.5065000057220459,0.503600001335144,0.503600001335144,21347.0
2025-06-26 09:54:00,ORLA,,9.999899864196777,10.005000114440918,9.999899864196777,10.000100135803223,4468.0
2025-06-26 09:54:00,PLG,,1.6050000190734863,1.6100000143051147,1.600000023841858,1.6050000190734863,13467.0
2025-06-26 09:54:00,PLMR,,151.1699981689453,151.1699981689453,151.07000732421875,151.07000732421875,622.0
2025-06-26 09:54:00,REI,,0.765500009059906,0.765500009059906,0.7644000053405762,0.7644000053405762,609.0
2025-06-26 09:54:00,SATX,,2.9600000381469727,2.9600000381469727,2.9600000381469727,2.9600000381469727,1200.0
2025-06-26 09:54:00,SENS,,0.494500994682312,0.49459999799728394,0.4945000112056732,0.4945000112056732,11303.0
2025-06-26 09:54:00,SLI,,1.850000023841858,1.850000023841858,1.850000023841858,1.850000023841858,1008.0
2025-06-26 09:54:00,SOAR,,1.4700000286102295,1.4700000286102295,1.4700000286102295,1.4700000286102295,500.0
2025-06-26 09:54:00,SVM,,4.159999847412109,4.170000076293945,4.159999847412109,4.170000076293945,3439.0
2025-06-26 09:54:00,TGB,,3.0299999713897705,3.0350000858306885,3.0299999713897705,3.033099889755249,19563.0
2025-06-26 09:54:00,TMQ,,1.4700000286102295,1.4700000286102295,1.440000057220459,1.440000057220459,25141.0
2025-06-26 09:54:00,TOVX,,0.4345000088214874,0.4345000088214874,0.4344489872455597,0.4344489872455597,23463.0
2025-06-26 09:54:00,TRX,,0.3315010070800781,0.3319999873638153,0.3315010070800781,0.3319999873638153,3060.0
2025-06-26 09:54:00,UAMY,,2.4398999214172363,2.440000057220459,2.430000066757202,2.430000066757202,30489.0
2025-06-26 09:54:00,UAVS,,1.1101000308990479,1.1150000095367432,1.1100000143051147,1.1150000095367432,16409.0
2025-06-26 09:54:00,UEC,,6.821499824523926,6.855000019073486,6.821499824523926,6.849999904632568,43832.0
2025-06-26 09:54:00,URG,,1.034999966621399,1.0399999618530273,1.034999966621399,1.0399999618530273,6520.0
2025-06-26 09:54:00,USAS,,0.7975999712944031,0.7975999712944031,0.7975999712944031,0.7975999712944031,8613.0
2025-06-26 09:54:00,UUUU,,5.710000038146973,5.730000019073486,5.710000038146973,5.71999979019165,62639.0
2025-06-26 09:54:00,VGZ,,1.0149999856948853,1.0190000534057617,1.0099999904632568,1.0149999856948853,6159.0
2025-06-26 09:54:00,VNRX,,0.7591000199317932,0.7591000199317932,0.7591000199317932,0.7591000199317932,1929.0
2025-06-26 09:54:00,VZLA,,2.994999885559082,3.0,2.994999885559082,2.994999885559082,442.0
2025-06-26 09:54:00,ZDGE,,4.057799816131592,4.057799816131592,4.026199817657471,4.026199817657471,603.0
2025-06-26 09:55:00,AMBO,,2.640000104904175,2.640000104904175,2.640000104904175,2.640000104904175,141.0
2025-06-26 09:55:00,AREN,,5.670000076293945,5.670000076293945,5.670000076293945,5.670000076293945,185.0
2025-06-26 09:55:00,ARMN,,6.900000095367432,6.900000095367432,6.900000095367432,6.900000095367432,572.0
2025-06-26 09:55:00,ASM,,3.559999942779541,3.565200090408325,3.559999942779541,3.565200090408325,14684.0
2025-06-26 09:55:00,ATNM,,1.5750000476837158,1.5750000476837158,1.5750000476837158,1.5750000476837158,800.0
2025-06-26 09:55:00,AUST,,1.3450000286102295,1.3450000286102295,1.3200000524520874,1.3200000524520874,12829.0
2025-06-26 09:55:00,AZTR,,0.25279998779296875,0.25279998779296875,0.25279998779296875,0.25279998779296875,10872.0
2025-06-26 09:55:00,BATL,,1.5099999904632568,1.5099999904632568,1.5099999904632568,1.5099999904632568,1201.0
2025-06-26 09:55:00,BCV,,18.671199798583984,18.671199798583984,18.671199798583984,18.671199798583984,706.0
2025-06-26 09:55:00,BRBS,,3.2850000858306885,3.2850000858306885,3.2699999809265137,3.2699999809265137,1004.0
2025-06-26 09:55:00,BTG,,3.625,3.630000114440918,3.619999885559082,3.625,44989.0
2025-06-26 09:55:00,BURU,,0.3287999927997589,0.3287999927997589,0.3276999890804291,0.3276999890804291,7091.0
2025-06-26 09:55:00,CATX,,3.7149999141693115,3.7200000286102295,3.7149999141693115,3.7200000286102295,2066.0
2025-06-26 09:55:00,CBOE,,229.44000244140625,229.44000244140625,229.44000244140625,229.44000244140625,734.0
2025-06-26 09:55:00,CCEL,,5.800000190734863,5.800000190734863,5.539999961853027,5.550000190734863,823.0
2025-06-26 09:55:00,CLDI,,0.22020000219345093,0.22599999606609344,0.22020000219345093,0.22599999606609344,11011.0
2025-06-26 09:55:00,CLM,,7.929999828338623,7.939899921417236,7.929999828338623,7.934999942779541,617.0
2025-06-26 09:55:00,CMCL,,19.020000457763672,19.020000457763672,19.020000457763672,19.020000457763672,550.0
2025-06-26 09:55:00,CPHI,,1.75,1.75,1.73989999294281,1.73989999294281,6617.0
2025-06-26 09:55:00,CQP,,55.0099983215332,55.0099983215332,55.0099983215332,55.0099983215332,290.0
2025-06-26 09:55:00,CRF,,7.565000057220459,7.565000057220459,7.565000057220459,7.565000057220459,353.0
2025-06-26 09:55:00,CTM,,1.024999976158142,1.024999976158142,1.024999976158142,1.024999976158142,100.0
2025-06-26 09:55:00,CYBN,,8.3100004196167,8.3100004196167,8.3100004196167,8.3100004196167,379.0
2025-06-26 09:55:00,DHY,,2.1050000190734863,2.1050000190734863,2.1050000190734863,2.1050000190734863,192.0
2025-06-26 09:55:00,DNN,,1.774999976158142,1.7799999713897705,1.7699999809265137,1.774999976158142,327542.0
2025-06-26 09:55:00,DXF,,4.810100078582764,4.817599773406982,4.809999942779541,4.817599773406982,1300.0
2025-06-26 09:55:00,EAD,,6.985000133514404,6.985000133514404,6.985000133514404,6.985000133514404,150.0
2025-06-26 09:55:00,ELMD,,21.89080047607422,21.89080047607422,21.89080047607422,21.89080047607422,567.0
2025-06-26 09:55:00,EP,,5.324999809265137,5.324999809265137,5.324999809265137,5.324999809265137,966.0
2025-06-26 09:55:00,EQX,,5.875,5.889999866485596,5.875,5.889999866485596,16386.0
2025-06-26 09:55:00,FOXO,,0.20010000467300415,0.20010000467300415,0.20010000467300415,0.20010000467300415,300.0
2025-06-26 09:55:00,GAU,,1.2999999523162842,1.2999999523162842,1.2999999523162842,1.2999999523162842,276368.0
2025-06-26 09:55:00,GGN,,4.360000133514404,4.3653998374938965,4.360000133514404,4.3653998374938965,4500.0
2025-06-26 09:55:00,GLDG,,0.7448499798774719,0.7486000061035156,0.7448499798774719,0.7448499798774719,1010.0
2025-06-26 09:55:00,GNS,,0.7067000269889832,0.7067000269889832,0.6900100111961365,0.6973000168800354,21403.0
2025-06-26 09:55:00,GORO,,0.5401999950408936,0.5403000116348267,0.5401999950408936,0.5403000116348267,330.0
2025-06-26 09:55:00,GROY,,2.2850000858306885,2.2899999618530273,2.2850000858306885,2.2850000858306885,2500.0
2025-06-26 09:55:00,GSAT,,22.950000762939453,23.040000915527344,22.950000762939453,23.040000915527344,4848.0
2025-06-26 09:55:00,GTE,,4.960000038146973,4.965000152587891,4.960000038146973,4.965000152587891,943.0
2025-06-26 09:55:00,HUSA,,13.8100004196167,14.098999977111816,13.76509952545166,14.098999977111816,18105.0
2025-06-26 09:55:00,IBO,,0.8744999766349792,0.8888000249862671,0.863099992275238,0.863099992275238,2227.0
2025-06-26 09:55:00,IDR,,13.140000343322754,13.15999984741211,13.119999885559082,13.119999885559082,2885.0
2025-06-26 09:55:00,IE,,9.470000267028809,9.470000267028809,9.470000267028809,9.470000267028809,249.0
2025-06-26 09:55:00,IMO,,80.61000061035156,80.6500015258789,80.61000061035156,80.6500015258789,594.0
2025-06-26 09:55:00,INDO,,3.2699999809265137,3.2699999809265137,3.25,3.251300096511841,59098.0
2025-06-26 09:55:00,ITP,,0.1881999969482422,0.1881999969482422,0.1881999969482422,0.1881999969482422,4999.0
2025-06-26 09:55:00,ITRG,,1.5700000524520874,1.5700000524520874,1.5700000524520874,1.5700000524520874,319.0
2025-06-26 09:55:00,KNW,,2.1500000953674316,2.1700000762939453,2.1500000953674316,2.1500000953674316,2992.0
2025-06-26 09:55:00,KULR,,5.085000038146973,5.099999904632568,5.085000038146973,5.099999904632568,62693.0
2025-06-26 09:55:00,LCTX,,1.0700000524520874,1.0750000476837158,1.0700000524520874,1.0702999830245972,3757.0
2025-06-26 09:55:00,LEU,,168.36000061035156,168.63499450683594,167.25999450683594,167.9600067138672,15751.0
2025-06-26 09:55:00,LMND,,41.90999984741211,41.90999984741211,41.90999984741211,41.90999984741211,1360.0
2025-06-26 09:55:00,LNG,,238.0,238.1699981689453,238.0,238.1699981689453,2782.0
2025-06-26 09:55:00,LODE,,3.549999952316284,3.549999952316284,3.5399999618530273,3.5399999618530273,2005.0
2025-06-26 09:55:00,MAG,,21.364999771118164,21.389999389648438,21.364999771118164,21.389999389648438,3908.0
2025-06-26 09:55:00,MITQ,,0.675000011920929,0.675000011920929,0.675000011920929,0.675000011920929,200.0
2025-06-26 09:55:00,MPTI,,40.439998626708984,40.439998626708984,39.5,39.5,2392.0
2025-06-26 09:55:00,MRT,,2.880000114440918,2.880000114440918,2.880000114440918,2.880000114440918,500.0
2025-06-26 09:55:00,MTA,,3.9049999713897705,3.9049999713897705,3.9049999713897705,3.9049999713897705,250.0
2025-06-26 09:55:00,MTNB,,0.9498999714851379,0.9498999714851379,0.9420999884605408,0.9420999884605408,783.0
2025-06-26 09:55:00,MWG,,0.2451999932527542,0.2451999932527542,0.2451999932527542,0.2451999932527542,377.0
2025-06-26 09:55:00,NAK,,1.590000033378601,1.590000033378601,1.5800000429153442,1.5800000429153442,79908.0
2025-06-26 09:55:00,NCL,,0.1746000051498413,0.1746000051498413,0.1746000051498413,0.1746000051498413,6939.0
2025-06-26 09:55:00,NFGC,,1.4700000286102295,1.4700000286102295,1.4601000547409058,1.465000033378601,5554.0
2025-06-26 09:55:00,NG,,3.8190999031066895,3.819999933242798,3.813499927520752,3.813499927520752,741.0
2025-06-26 09:55:00,NGD,,4.869999885559082,4.880000114440918,4.869999885559082,4.869999885559082,45463.0
2025-06-26 09:55:00,NHS,,7.46999979019165,7.46999979019165,7.460000038146973,7.460000038146973,1101.0
2025-06-26 09:55:00,NNVC,,1.2374999523162842,1.2400000095367432,1.2374999523162842,1.2400000095367432,402.0
2025-06-26 09:55:00,NRO,,3.190700054168701,3.194999933242798,3.190700054168701,3.1909000873565674,14322.0
2025-06-26 09:55:00,OBE,,5.510000228881836,5.519999980926514,5.510000228881836,5.519999980926514,748.0
2025-06-26 09:55:00,OPTT,,0.5077000260353088,0.5085999965667725,0.5051000118255615,0.507099986076355,42559.0
2025-06-26 09:55:00,ORLA,,9.9576997756958,9.994999885559082,9.9576997756958,9.994999885559082,4235.0
2025-06-26 09:55:00,OSTX,,1.8200000524520874,1.8200000524520874,1.815000057220459,1.815000057220459,961.0
2025-06-26 09:55:00,PHGE,,0.4735009968280792,0.4735009968280792,0.4735009968280792,0.4735009968280792,0.0
2025-06-26 09:55:00,PLG,,1.6050000190734863,1.6050000190734863,1.6050000190734863,1.6050000190734863,100.0
2025-06-26 09:55:00,PLMR,,151.3000030517578,151.3000030517578,151.3000030517578,151.3000030517578,374.0
2025-06-26 09:55:00,PLX,,1.440000057220459,1.440000057220459,1.440000057220459,1.440000057220459,2041.0
2025-06-26 09:55:00,PW,,1.1274800300598145,1.1274800300598145,1.1274800300598145,1.1274800300598145,1085.0
2025-06-26 09:55:00,REI,,0.7698000073432922,0.7698000073432922,0.7698000073432922,0.7698000073432922,3500.0
2025-06-26 09:55:00,SENS,,0.4945000112056732,0.49459999799728394,0.4945000112056732,0.49459999799728394,1460.0
2025-06-26 09:55:00,SKYH,,9.625,9.625,9.625,9.625,553.0
2025-06-26 09:55:00,SOAR,,1.4603999853134155,1.4603999853134155,1.4603999853134155,1.4603999853134155,1033.0
2025-06-26 09:55:00,SVM,,4.150000095367432,4.159999847412109,4.150000095367432,4.159999847412109,11741.0
2025-06-26 09:55:00,TGB,,3.0399999618530273,3.0399999618530273,3.0250000953674316,3.0399999618530273,1958608.0
2025-06-26 09:55:00,TMQ,,1.4571000337600708,1.4571000337600708,1.4571000337600708,1.4571000337600708,500.0
2025-06-26 09:55:00,UAMY,,2.434999942779541,2.440000057220459,2.4346001148223877,2.440000057220459,749.0
2025-06-26 09:55:00,UAVS,,1.1190999746322632,1.1191999912261963,1.1190999746322632,1.1191999912261963,1100.0
2025-06-26 09:55:00,UEC,,6.835000038146973,6.840000152587891,6.795000076293945,6.824999809265137,58447.0
2025-06-26 09:55:00,URG,,1.034999966621399,1.0399999618530273,1.034999966621399,1.034999966621399,1829.0
2025-06-26 09:55:00,USAS,,0.7986000180244446,0.8058000206947327,0.7975999712944031,0.7975999712944031,54613.0
2025-06-26 09:55:00,UUU,,3.0,3.0450000762939453,3.0,3.0450000762939453,4024.0
2025-06-26 09:55:00,UUUU,,5.71999979019165,5.730000019073486,5.699999809265137,5.710000038146973,20073.0
2025-06-26 09:55:00,VTAK,,0.24709999561309814,0.24709999561309814,0.24709999561309814,0.24709999561309814,127660.0
2025-06-26 09:55:00,VZLA,,3.0,3.0,2.990000009536743,3.0,556257.0
2025-06-26 09:55:00,WWR,,0.5898000001907349,0.5898000001907349,0.5898000001907349,0.5898000001907349,1000.0
2025-06-26 09:56:00,AMBO,,2.5899999141693115,2.609999895095825,2.569999933242798,2.609999895095825,2426.0
2025-06-26 09:56:00,ASM,,3.5453999042510986,3.559999942779541,3.5399999618530273,3.559999942779541,18216.0
2025-06-26 09:56:00,ATNM,,1.5648000240325928,1.5700000524520874,1.5648000240325928,1.5700000524520874,3271.0
2025-06-26 09:56:00,AUST,,1.350000023841858,1.350000023841858,1.350000023841858,1.350000023841858,567.0
2025-06-26 09:56:00,AZTR,,0.2543500065803528,0.2543500065803528,0.25279998779296875,0.25279998779296875,2179.0
2025-06-26 09:56:00,BKTI,,53.560001373291016,53.560001373291016,53.560001373291016,53.560001373291016,627.0
2025-06-26 09:56:00,BTG,,3.609999895095825,3.625200033187866,3.609999895095825,3.625,95826.0
2025-06-26 09:56:00,BURU,,0.32760000228881836,0.3287999927997589,0.32760000228881836,0.3287999927997589,2467.0
2025-06-26 09:56:00,CANF,,1.0514999628067017,1.0514999628067017,1.0514999628067017,1.0514999628067017,2278.0
2025-06-26 09:56:00,CATX,,3.7100000381469727,3.7100000381469727,3.7100000381469727,3.7100000381469727,647.0
2025-06-26 09:56:00,CBOE,,229.44000244140625,229.44000244140625,229.43499755859375,229.43499755859375,575.0
2025-06-26 09:56:00,CCEL,,5.650000095367432,5.800000190734863,5.650000095367432,5.650000095367432,2623.0
2025-06-26 09:56:00,CEF,,30.299100875854492,30.29990005493164,30.295000076293945,30.295000076293945,928.0
2025-06-26 09:56:00,CLDI,,0.22449900209903717,0.22449900209903717,0.22020000219345093,0.2228499948978424,1470.0
2025-06-26 09:56:00,CLM,,7.934999942779541,7.940000057220459,7.929999828338623,7.934999942779541,4213.0
2025-06-26 09:56:00,CPHI,,1.7848000526428223,1.7848000526428223,1.7724000215530396,1.7742999792099,2000.0
2025-06-26 09:56:00,CQP,,55.060001373291016,55.060001373291016,55.060001373291016,55.060001373291016,419.0
2025-06-26 09:56:00,CRF,,7.565000057220459,7.565000057220459,7.564700126647949,7.564700126647949,6832.0
2025-06-26 09:56:00,CTM,,1.024999976158142,1.024999976158142,1.0199999809265137,1.0200999975204468,5166.0
2025-06-26 09:56:00,CVM,,2.4100000858306885,2.4100000858306885,2.4100000858306885,2.4100000858306885,281.0
2025-06-26 09:56:00,DNN,,1.7699999809265137,1.7799999713897705,1.7699999809265137,1.774999976158142,69737.0
2025-06-26 09:56:00,DSS,,0.9000999927520752,0.9000999927520752,0.9000999927520752,0.9000999927520752,9101.0
2025-06-26 09:56:00,DXF,,4.809999942779541,4.8171000480651855,4.809999942779541,4.8171000480651855,400.0
2025-06-26 09:56:00,EAD,,6.988900184631348,6.988900184631348,6.98330020904541,6.98330020904541,854.0
2025-06-26 09:56:00,EMX,,2.549099922180176,2.549099922180176,2.549099922180176,2.549099922180176,131.0
2025-06-26 09:56:00,EQX,,5.864999771118164,5.875,5.864999771118164,5.875,12509.0
2025-06-26 09:56:00,ERC,,9.380000114440918,9.380000114440918,9.380000114440918,9.380000114440918,0.0
2025-06-26 09:56:00,FOXO,,0.20010000467300415,0.20020000636577606,0.20010000467300415,0.20010000467300415,4723.0
2025-06-26 09:56:00,FSP,,1.6699999570846558,1.6749999523162842,1.6699999570846558,1.6749999523162842,571.0
2025-06-26 09:56:00,GAU,,1.2949999570846558,1.2999999523162842,1.2949999570846558,1.2999999523162842,1290.0
2025-06-26 09:56:00,GGN,,4.3653998374938965,4.3653998374938965,4.3653998374938965,4.3653998374938965,2725.0
2025-06-26 09:56:00,GNS,,0.70660001039505,0.7067000269889832,0.699999988079071,0.699999988079071,16005.0
2025-06-26 09:56:00,GROY,,2.2750000953674316,2.280100107192993,2.2750000953674316,2.280100107192993,4375.0
2025-06-26 09:56:00,GSAT,,23.020000457763672,23.020000457763672,22.950000762939453,22.950000762939453,3791.0
2025-06-26 09:56:00,HUSA,,13.725899696350098,13.899900436401367,13.70009994506836,13.848199844360352,9456.0
2025-06-26 09:56:00,IBO,,0.8798999786376953,0.8799999952316284,0.8744999766349792,0.8744999766349792,863745.0
2025-06-26 09:56:00,IDR,,13.149999618530273,13.159899711608887,13.149999618530273,13.159899711608887,1793.0
2025-06-26 09:56:00,INDO,,3.2606000900268555,3.2755000591278076,3.259999990463257,3.2600998878479004,26321.0
2025-06-26 09:56:00,ITP,,0.19180099666118622,0.19180099666118622,0.1881999969482422,0.1881999969482422,605.0
2025-06-26 09:56:00,KNW,,2.1700000762939453,2.2100000381469727,2.166800022125244,2.1700000762939453,2894.0
2025-06-26 09:56:00,KULR,,5.071899890899658,5.090000152587891,5.065000057220459,5.085000038146973,29809.0
2025-06-26 09:56:00,LCTX,,1.0750000476837158,1.079200029373169,1.0700000524520874,1.0700000524520874,4372.0
2025-06-26 09:56:00,LEU,,169.17999267578125,170.5,168.06350708007812,168.06350708007812,5760.0
2025-06-26 09:56:00,LMND,,41.974998474121094,42.040000915527344,41.86000061035156,41.86000061035156,2854.0
2025-06-26 09:56:00,LNG,,238.02499389648438,238.02999877929688,238.0,238.0,2111.0
2025-06-26 09:56:00,LODE,,3.559999942779541,3.559999942779541,3.549999952316284,3.549999952316284,586.0
2025-06-26 09:56:00,MAG,,21.31999969482422,21.34000015258789,21.31999969482422,21.34000015258789,606.0
2025-06-26 09:56:00,MAIA,,1.625,1.625,1.625,1.625,100.0
2025-06-26 09:56:00,MRT,,2.869999885559082,2.869999885559082,2.869999885559082,2.869999885559082,542.0
2025-06-26 09:56:00,MTNB,,0.949999988079071,0.949999988079071,0.949999988079071,0.949999988079071,231.0
2025-06-26 09:56:00,NAK,,1.5800000429153442,1.590000033378601,1.5700000524520874,1.589400053024292,58162.0
2025-06-26 09:56:00,NEWP,,1.375,1.375,1.375,1.375,31346.0
2025-06-26 09:56:00,NFGC,,1.4700000286102295,1.4700000286102295,1.4700000286102295,1.4700000286102295,102.0
2025-06-26 09:56:00,NG,,3.805000066757202,3.819999933242798,3.799999952316284,3.815000057220459,19124.0
2025-06-26 09:56:00,NGD,,4.869900226593018,4.875,4.860000133514404,4.875,41305.0
2025-06-26 09:56:00,NNVC,,1.2301000356674194,1.2301000356674194,1.2301000356674194,1.2301000356674194,5000.0
2025-06-26 09:56:00,NRO,,3.184999942779541,3.190000057220459,3.184999942779541,3.190000057220459,1480.0
2025-06-26 09:56:00,OBE,,5.519999980926514,5.519999980926514,5.519999980926514,5.519999980926514,406.0
2025-06-26 09:56:00,OPTT,,0.5072000026702881,0.5084999799728394,0.5059999823570251,0.5084999799728394,8431.0
2025-06-26 09:56:00,ORLA,,9.930000305175781,9.949999809265137,9.930000305175781,9.949999809265137,713.0
2025-06-26 09:56:00,OSTX,,1.8101999759674072,1.815000057220459,1.8101999759674072,1.815000057220459,1494.0
2025-06-26 09:56:00,PLG,,1.6050000190734863,1.6100000143051147,1.600000023841858,1.6100000143051147,1150.0
2025-06-26 09:56:00,PLX,,1.440000057220459,1.440000057220459,1.440000057220459,1.440000057220459,173.0
2025-06-26 09:56:00,REI,,0.7695000171661377,0.7695000171661377,0.7653999924659729,0.7653999924659729,7352.0
2025-06-26 09:56:00,SACH,,1.090000033378601,1.090000033378601,1.090000033378601,1.090000033378601,100.0
2025-06-26 09:56:00,SATX,,2.9600000381469727,2.9600000381469727,2.9600000381469727,2.9600000381469727,300.0
2025-06-26 09:56:00,SEB,,2945.001220703125,2945.31005859375,2945.001220703125,2945.31005859375,155.0
2025-06-26 09:56:00,SENS,,0.4968000054359436,0.4968000054359436,0.4945000112056732,0.49459999799728394,11822.0
2025-06-26 09:56:00,SLI,,1.8550000190734863,1.8598999977111816,1.850000023841858,1.8598999977111816,4631.0
2025-06-26 09:56:00,SOAR,,1.4500000476837158,1.4697999954223633,1.4500000476837158,1.4539999961853027,4548.0
2025-06-26 09:56:00,SSY,,0.9100000262260437,0.9100000262260437,0.9100000262260437,0.9100000262260437,100.0
2025-06-26 09:56:00,SVM,,4.135000228881836,4.144999980926514,4.130000114440918,4.144999980926514,3323.0
2025-06-26 09:56:00,TGB,,3.0499000549316406,3.049999952316284,3.0399999618530273,3.0399999618530273,31166.0
2025-06-26 09:56:00,TOON,,0.7350000143051147,0.7350000143051147,0.7350000143051147,0.7350000143051147,3679.0
2025-06-26 09:56:00,TPET,,1.2200000286102295,1.2200000286102295,1.2200000286102295,1.2200000286102295,200.0
2025-06-26 09:56:00,TRX,,0.3330000042915344,0.3330000042915344,0.3330000042915344,0.3330000042915344,1000.0
2025-06-26 09:56:00,UAMY,,2.434999942779541,2.4398999214172363,2.430000066757202,2.4381000995635986,6093.0
2025-06-26 09:56:00,UAVS,,1.1136000156402588,1.1136000156402588,1.1136000156402588,1.1136000156402588,133.0
2025-06-26 09:56:00,UEC,,6.849999904632568,6.849999904632568,6.829999923706055,6.835000038146973,40037.0
2025-06-26 09:56:00,URG,,1.034999966621399,1.034999966621399,1.034999966621399,1.034999966621399,100.0
2025-06-26 09:56:00,USAS,,0.7915999889373779,0.7981500029563904,0.7915999889373779,0.7981500029563904,2132.0
2025-06-26 09:56:00,UTG,,35.33679962158203,35.380001068115234,35.33679962158203,35.380001068115234,1126.0
2025-06-26 09:56:00,UUUU,,5.724999904632568,5.7291998863220215,5.71999979019165,5.71999979019165,4301.0
2025-06-26 09:56:00,VZLA,,2.994999885559082,3.0,2.990000009536743,2.990000009536743,45228.0
2025-06-26 09:56:00,XTNT,,0.6349999904632568,0.6349999904632568,0.6349999904632568,0.6349999904632568,122.0
2025-06-26 09:57:00,AEON,,0.7748000025749207,0.7748000025749207,0.7706000208854675,0.7706000208854675,431.0
2025-06-26 09:57:00,AMBO,,2.5799999237060547,2.5899999141693115,2.5799999237060547,2.5899999141693115,1808.0
2025-06-26 09:57:00,AREN,,5.650000095367432,5.650000095367432,5.650000095367432,5.650000095367432,224.0
2025-06-26 09:57:00,ARMN,,6.889999866485596,6.889999866485596,6.889999866485596,6.889999866485596,999.0
2025-06-26 09:57:00,ASM,,3.5450000762939453,3.549999952316284,3.5399999618530273,3.5480000972747803,15237.0
2025-06-26 09:57:00,ATNM,,1.565000057220459,1.565000057220459,1.565000057220459,1.565000057220459,418.0
2025-06-26 09:57:00,AZTR,,0.2533000111579895,0.2533000111579895,0.2533000111579895,0.2533000111579895,145.0
2025-06-26 09:57:00,BTG,,3.615000009536743,3.615000009536743,3.609999895095825,3.609999895095825,5325.0
2025-06-26 09:57:00,BURU,,0.32820001244544983,0.32820001244544983,0.32820001244544983,0.32820001244544983,1354.0
2025-06-26 09:57:00,CATX,,3.703700065612793,3.7100000381469727,3.700000047683716,3.700000047683716,1527.0
2025-06-26 09:57:00,CCEL,,5.659999847412109,5.699999809265137,5.599999904632568,5.685999870300293,2780.0
2025-06-26 09:57:00,CLDI,,0.22179999947547913,0.22179999947547913,0.2198999971151352,0.22010000050067902,24505.0
2025-06-26 09:57:00,CMCL,,19.1299991607666,19.1299991607666,19.1299991607666,19.1299991607666,264.0
2025-06-26 09:57:00,COE,,33.02000045776367,33.099998474121094,33.02000045776367,33.099998474121094,3771.0
2025-06-26 09:57:00,CPHI,,1.850000023841858,1.850000023841858,1.7699999809265137,1.7977999448776245,10552.0
2025-06-26 09:57:00,CQP,,55.060001373291016,55.060001373291016,55.060001373291016,55.060001373291016,205.0
2025-06-26 09:57:00,CRF,,7.565000057220459,7.565000057220459,7.565000057220459,7.565000057220459,309.0
2025-06-26 09:57:00,CTGO,,20.770000457763672,20.770000457763672,20.770000457763672,20.770000457763672,232.0
2025-06-26 09:57:00,CTM,,1.024999976158142,1.024999976158142,1.024999976158142,1.024999976158142,303.0
2025-06-26 09:57:00,CYBN,,8.350000381469727,8.380000114440918,8.345000267028809,8.356900215148926,1993.0
2025-06-26 09:57:00,DNN,,1.7799999713897705,1.7799999713897705,1.7699999809265137,1.774999976158142,124027.0
2025-06-26 09:57:00,DSS,,0.9000999927520752,0.9000999927520752,0.9000999927520752,0.9000999927520752,118.0
2025-06-26 09:57:00,EAD,,6.989999771118164,6.989999771118164,6.989999771118164,6.989999771118164,182.0
2025-06-26 09:57:00,EMX,,2.5450000762939453,2.5450000762939453,2.5450000762939453,2.5450000762939453,300.0
2025-06-26 09:57:00,EQX,,5.860000133514404,5.864999771118164,5.860000133514404,5.864999771118164,1965.0
2025-06-26 09:57:00,ESP,,43.52000045776367,43.625,43.47999954223633,43.625,973.0
2025-06-26 09:57:00,EVV,,10.130000114440918,10.149999618530273,10.130000114440918,10.149999618530273,11066.0
2025-06-26 09:57:00,FOXO,,0.20010000467300415,0.2029999941587448,0.20010000467300415,0.2029999941587448,926.0
2025-06-26 09:57:00,GAU,,1.2899999618530273,1.2949999570846558,1.2899999618530273,1.2949999570846558,818.0
2025-06-26 09:57:00,GGN,,4.364999771118164,4.364999771118164,4.363500118255615,4.363500118255615,1200.0
2025-06-26 09:57:00,GLDG,,0.7423999905586243,0.7423999905586243,0.7423999905586243,0.7423999905586243,200.0
2025-06-26 09:57:00,GNS,,0.7120000123977661,0.7149999737739563,0.70660001039505,0.70660001039505,22505.0
2025-06-26 09:57:00,GORO,,0.545799970626831,0.545799970626831,0.545799970626831,0.545799970626831,1000.0
2025-06-26 09:57:00,GROY,,2.2750000953674316,2.2750000953674316,2.2699999809265137,2.2750000953674316,6373.0
2025-06-26 09:57:00,GSAT,,22.959999084472656,23.040000915527344,22.959999084472656,23.040000915527344,1494.0
2025-06-26 09:57:00,GTE,,4.940000057220459,4.949999809265137,4.929999828338623,4.949999809265137,3216.0
2025-06-26 09:57:00,HUSA,,13.869600296020508,13.979999542236328,13.8100004196167,13.90999984741211,8723.0
2025-06-26 09:57:00,IBO,,0.8844000101089478,0.8844010233879089,0.8752009868621826,0.8752009868621826,6439.0
2025-06-26 09:57:00,IDR,,13.199999809265137,13.199999809265137,13.170000076293945,13.199999809265137,651.0
2025-06-26 09:57:00,IE,,9.454999923706055,9.475000381469727,9.454999923706055,9.470000267028809,974.0
2025-06-26 09:57:00,IMO,,80.61000061035156,80.61000061035156,80.61000061035156,80.61000061035156,398.0
2025-06-26 09:57:00,INDO,,3.2600998878479004,3.26200008392334,3.259999990463257,3.259999990463257,16799.0
2025-06-26 09:57:00,INUV,,3.7881999015808105,3.7881999015808105,3.7881999015808105,3.7881999015808105,5000.0
2025-06-26 09:57:00,ITP,,0.19110000133514404,0.19110000133514404,0.19110000133514404,0.19110000133514404,414.0
2025-06-26 09:57:00,ITRG,,1.579699993133545,1.579699993133545,1.579699993133545,1.579699993133545,150.0
2025-06-26 09:57:00,KNW,,2.200000047683716,2.2079999446868896,2.174999952316284,2.200000047683716,5103.0
2025-06-26 09:57:00,KULR,,5.079999923706055,5.090000152587891,5.079999923706055,5.090000152587891,10463.0
2025-06-26 09:57:00,LCTX,,1.0800000429153442,1.0800000429153442,1.0750000476837158,1.0750000476837158,5176.0
2025-06-26 09:57:00,LEU,,168.81500244140625,170.1591033935547,168.60000610351562,169.0800018310547,11231.0
2025-06-26 09:57:00,LMND,,41.95000076293945,42.09000015258789,41.95000076293945,42.04999923706055,32622.0
2025-06-26 09:57:00,LNG,,237.99249267578125,237.99249267578125,237.99249267578125,237.99249267578125,1281.0
2025-06-26 09:57:00,LODE,,3.569999933242798,3.569999933242798,3.5555999279022217,3.565000057220459,1051.0
2025-06-26 09:57:00,MAG,,21.329999923706055,21.329999923706055,21.31999969482422,21.31999969482422,3542.0
2025-06-26 09:57:00,MAIA,,1.6222000122070312,1.6222000122070312,1.6222000122070312,1.6222000122070312,600.0
2025-06-26 09:57:00,MITQ,,0.675000011920929,0.675000011920929,0.675000011920929,0.675000011920929,150.0
2025-06-26 09:57:00,MLSS,,0.7649999856948853,0.7649999856948853,0.7649999856948853,0.7649999856948853,156.0
2025-06-26 09:57:00,MRT,,2.890000104904175,2.890000104904175,2.890000104904175,2.890000104904175,1239.0
2025-06-26 09:57:00,MYO,,2.2799999713897705,2.2799999713897705,2.2799999713897705,2.2799999713897705,825.0
2025-06-26 09:57:00,NAK,,1.5800000429153442,1.5800000429153442,1.5700000524520874,1.5799000263214111,36238.0
2025-06-26 09:57:00,NCL,,0.17419999837875366,0.17419999837875366,0.17419999837875366,0.17419999837875366,1199.0
2025-06-26 09:57:00,NG,,3.805000066757202,3.805000066757202,3.805000066757202,3.805000066757202,638.0
2025-06-26 09:57:00,NGD,,4.860000133514404,4.869999885559082,4.860000133514404,4.864999771118164,20208.0
2025-06-26 09:57:00,NML,,8.770000457763672,8.770000457763672,8.770000457763672,8.770000457763672,100.0
2025-06-26 09:57:00,NNVC,,1.232100009918213,1.2396999597549438,1.2300000190734863,1.2371000051498413,1030.0
2025-06-26 09:57:00,NRO,,3.184999942779541,3.184999942779541,3.184999942779541,3.184999942779541,200.0
2025-06-26 09:57:00,OBE,,5.519999980926514,5.519999980926514,5.519999980926514,5.519999980926514,637.0
2025-06-26 09:57:00,OPTT,,0.5049999952316284,0.5065000057220459,0.5049999952316284,0.5060999989509583,4605.0
2025-06-26 09:57:00,ORLA,,9.949999809265137,9.949999809265137,9.9350004196167,9.9399995803833,3477.0
2025-06-26 09:57:00,PLG,,1.6050000190734863,1.6089999675750732,1.600000023841858,1.6053999662399292,5610.0
2025-06-26 09:57:00,PLX,,1.4500000476837158,1.4500000476837158,1.4500000476837158,1.4500000476837158,19467.0
2025-06-26 09:57:00,PZG,,0.6198980212211609,0.6198999881744385,0.6197999715805054,0.6197999715805054,5142.0
2025-06-26 09:57:00,SATX,,2.9600000381469727,2.9600000381469727,2.9600000381469727,2.9600000381469727,100.0
2025-06-26 09:57:00,SEB,,2945.010009765625,2945.66259765625,2945.010009765625,2945.66259765625,3.0
2025-06-26 09:57:00,SKYH,,9.577099800109863,9.6899995803833,9.577099800109863,9.6899995803833,748.0
2025-06-26 09:57:00,SLI,,1.8450000286102295,1.8550000190734863,1.8450000286102295,1.850000023841858,5540.0
2025-06-26 09:57:00,SOAR,,1.4500000476837158,1.4500000476837158,1.4500000476837158,1.4500000476837158,11746.0
2025-06-26 09:57:00,SVM,,4.135000228881836,4.135000228881836,4.135000228881836,4.135000228881836,5868.0
2025-06-26 09:57:00,TGB,,3.055000066757202,3.055000066757202,3.0399999618530273,3.049999952316284,105619.0
2025-06-26 09:57:00,TOVX,,0.4408999979496002,0.4408999979496002,0.4408999979496002,0.4408999979496002,672.0
2025-06-26 09:57:00,TPET,,1.2117999792099,1.219599962234497,1.2117999792099,1.219599962234497,8309.0
2025-06-26 09:57:00,UAMY,,2.434999942779541,2.434999942779541,2.434999942779541,2.434999942779541,2556.0
2025-06-26 09:57:00,UAVS,,1.1153000593185425,1.1153000593185425,1.110200047492981,1.110200047492981,5630.0
2025-06-26 09:57:00,UEC,,6.860000133514404,6.860000133514404,6.840000152587891,6.849999904632568,38960.0
2025-06-26 09:57:00,URG,,1.034999966621399,1.0399999618530273,1.034999966621399,1.034999966621399,2052.0
2025-06-26 09:57:00,USAS,,0.7997990250587463,0.7997990250587463,0.7997990250587463,0.7997990250587463,8663.0
2025-06-26 09:57:00,UUUU,,5.735000133514404,5.735000133514404,5.71999979019165,5.724999904632568,32226.0
2025-06-26 09:57:00,VZLA,,2.994999885559082,2.994999885559082,2.994999885559082,2.994999885559082,7138.0
2025-06-26 09:57:00,WRN,,1.2400000095367432,1.2400000095367432,1.2400000095367432,1.2400000095367432,117.0
2025-06-26 09:57:00,WYY,,3.4700000286102295,3.4700000286102295,3.4700000286102295,3.4700000286102295,272.0
2025-06-26 09:58:00,AMBO,,2.5399999618530273,2.559999942779541,2.5399999618530273,2.559999942779541,219.0
2025-06-26 09:58:00,ASM,,3.5450000762939453,3.549999952316284,3.5450000762939453,3.5499000549316406,2549.0
2025-06-26 09:58:00,ATNM,,1.565000057220459,1.5699000358581543,1.559999942779541,1.559999942779541,1584.0
2025-06-26 09:58:00,AZTR,,0.25279998779296875,0.25279998779296875,0.25279998779296875,0.25279998779296875,394.0
2025-06-26 09:58:00,BATL,,1.5,1.5,1.5,1.5,326.0
2025-06-26 09:58:00,BRBS,,3.2799999713897705,3.2899999618530273,3.2799999713897705,3.2899999618530273,531.0
2025-06-26 09:58:00,BTG,,3.6050000190734863,3.615000009536743,3.6050000190734863,3.615000009536743,87157.0
2025-06-26 09:58:00,BURU,,0.33079999685287476,0.33079999685287476,0.32760000228881836,0.3285500109195709,9759.0
2025-06-26 09:58:00,CATX,,3.700000047683716,3.700000047683716,3.6700000762939453,3.700000047683716,41089.0
2025-06-26 09:58:00,CEF,,30.28499984741211,30.290000915527344,30.28499984741211,30.290000915527344,425.0
2025-06-26 09:58:00,CIK,,2.934999942779541,2.934999942779541,2.934999942779541,2.934999942779541,404.0
2025-06-26 09:58:00,CLDI,,0.2221989929676056,0.22450000047683716,0.2199999988079071,0.22089999914169312,2048.0
2025-06-26 09:58:00,CLM,,7.929999828338623,7.934999942779541,7.929999828338623,7.934999942779541,431.0
2025-06-26 09:58:00,COHN,,9.869999885559082,9.880000114440918,9.869999885559082,9.880000114440918,412.0
2025-06-26 09:58:00,CPHI,,1.8550000190734863,1.9141000509262085,1.840000033378601,1.8600000143051147,20957.0
2025-06-26 09:58:00,CQP,,55.064998626708984,55.064998626708984,55.064998626708984,55.064998626708984,466.0
2025-06-26 09:58:00,CRF,,7.563499927520752,7.569799900054932,7.563499927520752,7.565000057220459,1237.0
2025-06-26 09:58:00,CTM,,1.024999976158142,1.0267000198364258,1.024999976158142,1.0267000198364258,10790.0
2025-06-26 09:58:00,CVU,,3.0596001148223877,3.0596001148223877,3.0596001148223877,3.0596001148223877,1052.0
2025-06-26 09:58:00,CYBN,,8.350000381469727,8.350000381469727,8.350000381469727,8.350000381469727,1100.0
2025-06-26 09:58:00,DC,,3.765000104904175,3.7699999809265137,3.765000104904175,3.7699999809265137,569.0
2025-06-26 09:58:00,DNN,,1.7799999713897705,1.7799999713897705,1.774999976158142,1.774999976158142,10275.0
2025-06-26 09:58:00,EAD,,6.985000133514404,6.985000133514404,6.985000133514404,6.985000133514404,112.0
2025-06-26 09:58:00,EMX,,2.5494000911712646,2.5494000911712646,2.5494000911712646,2.5494000911712646,1025.0
2025-06-26 09:58:00,EPM,,4.710000038146973,4.710000038146973,4.710000038146973,4.710000038146973,283.0
2025-06-26 09:58:00,EQX,,5.864999771118164,5.864999771118164,5.864999771118164,5.864999771118164,15776.0
2025-06-26 09:58:00,ESP,,43.404998779296875,43.404998779296875,43.404998779296875,43.404998779296875,907.0
2025-06-26 09:58:00,EVV,,10.145000457763672,10.145000457763672,10.145000457763672,10.145000457763672,896.0
2025-06-26 09:58:00,FOXO,,0.20010000467300415,0.20010000467300415,0.20010000467300415,0.20010000467300415,421.0
2025-06-26 09:58:00,GAU,,1.2999999523162842,1.2999999523162842,1.2949999570846558,1.2949999570846558,595.0
2025-06-26 09:58:00,GBR,,1.0800000429153442,1.0839999914169312,1.0800000429153442,1.0839999914169312,11294.0
2025-06-26 09:58:00,GGN,,4.364999771118164,4.369999885559082,4.364999771118164,4.369999885559082,555.0
2025-06-26 09:58:00,GNS,,0.7129999995231628,0.7149999737739563,0.7099999785423279,0.7149999737739563,7558.0
2025-06-26 09:58:00,GORO,,0.5458999872207642,0.5458999872207642,0.5458999872207642,0.5458999872207642,205.0
2025-06-26 09:58:00,GRF,,9.680000305175781,9.680000305175781,9.680000305175781,9.680000305175781,118.0
2025-06-26 09:58:00,GROY,,2.2699999809265137,2.2799999713897705,2.2699999809265137,2.2764999866485596,3740.0
2025-06-26 09:58:00,GSAT,,22.944000244140625,22.944000244140625,22.944000244140625,22.944000244140625,373.0
2025-06-26 09:58:00,HUSA,,13.770500183105469,13.912599563598633,13.739999771118164,13.819999694824219,3126.0
2025-06-26 09:58:00,IBO,,0.8801000118255615,0.8866000175476074,0.8795999884605408,0.8866000175476074,29051.0
2025-06-26 09:58:00,IDR,,13.199999809265137,13.20829963684082,13.199999809265137,13.20829963684082,731.0
2025-06-26 09:58:00,IE,,9.454999923706055,9.470000267028809,9.430000305175781,9.447400093078613,2219.0
2025-06-26 09:58:00,IGC,,0.3099989891052246,0.3099989891052246,0.3099989891052246,0.3099989891052246,540.0
2025-06-26 09:58:00,IMO,,80.4000015258789,80.43000030517578,80.4000015258789,80.43000030517578,231.0
2025-06-26 09:58:00,INDO,,3.234999895095825,3.259999990463257,3.2200000286102295,3.234999895095825,12469.0
2025-06-26 09:58:00,INFU,,6.425000190734863,6.425000190734863,6.425000190734863,6.425000190734863,231.0
2025-06-26 09:58:00,INUV,,3.819999933242798,3.819999933242798,3.819999933242798,3.819999933242798,1680.0
2025-06-26 09:58:00,ITRG,,1.5700000524520874,1.5751999616622925,1.5700000524520874,1.5751999616622925,750.0
2025-06-26 09:58:00,KNW,,2.2300000190734863,2.25,2.200000047683716,2.200000047683716,6890.0
2025-06-26 09:58:00,KULR,,5.059899806976318,5.085000038146973,5.039999961853027,5.079999923706055,17079.0
2025-06-26 09:58:00,LCTX,,1.0789999961853027,1.0789999961853027,1.0751999616622925,1.0751999616622925,380.0
2025-06-26 09:58:00,LEU,,169.41140747070312,169.6571044921875,167.82000732421875,169.27000427246094,8494.0
2025-06-26 09:58:00,LGL,,7.25,7.25,7.25,7.25,102.0
2025-06-26 09:58:00,LMND,,41.90999984741211,42.0099983215332,41.90480041503906,41.994998931884766,3859.0
2025-06-26 09:58:00,LNG,,237.77000427246094,237.80999755859375,237.6999969482422,237.6999969482422,2558.0
2025-06-26 09:58:00,LODE,,3.5799999237060547,3.5799999237060547,3.5799999237060547,3.5799999237060547,122.0
2025-06-26 09:58:00,MAG,,21.34000015258789,21.34000015258789,21.34000015258789,21.34000015258789,9682.0
2025-06-26 09:58:00,MAIA,,1.6200000047683716,1.6200000047683716,1.6200000047683716,1.6200000047683716,300.0
2025-06-26 09:58:00,MITQ,,0.6741999983787537,0.6741999983787537,0.6741999983787537,0.6741999983787537,469.0
2025-06-26 09:58:00,MRT,,2.924999952316284,2.924999952316284,2.9000000953674316,2.9100000858306885,6056.0
2025-06-26 09:58:00,MTA,,3.9000000953674316,3.9000000953674316,3.9000000953674316,3.9000000953674316,304.0
2025-06-26 09:58:00,MTNB,,0.949999988079071,0.949999988079071,0.949999988079071,0.949999988079071,289.0
2025-06-26 09:58:00,MWG,,0.2707509994506836,0.2707509994506836,0.2707509994506836,0.2707509994506836,316.0
2025-06-26 09:58:00,MYO,,2.2899999618530273,2.290600061416626,2.2899999618530273,2.290600061416626,743.0
2025-06-26 09:58:00,NAK,,1.5800000429153442,1.5800000429153442,1.570099949836731,1.5800000429153442,50357.0
2025-06-26 09:58:00,NCL,,0.17530199885368347,0.17530199885368347,0.17430000007152557,0.17430000007152557,326.0
2025-06-26 09:58:00,NEWP,,1.3700000047683716,1.3700000047683716,1.3700000047683716,1.3700000047683716,367.0
2025-06-26 09:58:00,NG,,3.7950000762939453,3.809999942779541,3.7950000762939453,3.809999942779541,21088.0
2025-06-26 09:58:00,NGD,,4.864999771118164,4.875,4.860000133514404,4.869900226593018,115633.0
2025-06-26 09:58:00,NML,,8.760000228881836,8.770000457763672,8.760000228881836,8.770000457763672,2333.0
2025-06-26 09:58:00,NNVC,,1.2300000190734863,1.2300000190734863,1.2267999649047852,1.2300000190734863,502.0
2025-06-26 09:58:00,OPTT,,0.5026000142097473,0.5040000081062317,0.5026000142097473,0.5040000081062317,3532.0
2025-06-26 09:58:00,ORLA,,9.949999809265137,9.960000038146973,9.949999809265137,9.960000038146973,873.0
2025-06-26 09:58:00,PLG,,1.600000023841858,1.6100000143051147,1.590000033378601,1.600000023841858,49841.0
2025-06-26 09:58:00,PLMR,,150.14010620117188,150.8137969970703,150.13999938964844,150.8137969970703,951.0
2025-06-26 09:58:00,PLX,,1.4800000190734863,1.4800000190734863,1.4600000381469727,1.4600000381469727,11235.0
2025-06-26 09:58:00,REI,,0.7664999961853027,0.7664999961853027,0.7653999924659729,0.7653999924659729,2771.0
2025-06-26 09:58:00,SACH,,1.090000033378601,1.090000033378601,1.090000033378601,1.090000033378601,186.0
2025-06-26 09:58:00,SATX,,2.9600000381469727,2.9600000381469727,2.9600000381469727,2.9600000381469727,1671.0
2025-06-26 09:58:00,SEB,,2939.800048828125,2945.0,2935.530029296875,2945.0,18.0
2025-06-26 09:58:00,SENS,,0.4959999918937683,0.4959999918937683,0.4959000051021576,0.4959000051021576,1841.0
2025-06-26 09:58:00,SGN,,1.0104000568389893,1.0104000568389893,1.0104000568389893,1.0104000568389893,272.0
2025-06-26 09:58:00,SKYH,,9.609999656677246,9.614999771118164,9.5600004196167,9.614999771118164,1162.0
2025-06-26 09:58:00,SLI,,1.8450000286102295,1.8450000286102295,1.8450000286102295,1.8450000286102295,391.0
2025-06-26 09:58:00,SOAR,,1.4456000328063965,1.4456000328063965,1.4456000328063965,1.4456000328063965,770.0
2025-06-26 09:58:00,SVM,,4.135000228881836,4.135000228881836,4.135000228881836,4.135000228881836,4605.0
2025-06-26 09:58:00,TGB,,3.055000066757202,3.055000066757202,3.049999952316284,3.049999952316284,300.0
2025-06-26 09:58:00,TMQ,,1.460800051689148,1.460800051689148,1.4600000381469727,1.4600000381469727,4010.0
2025-06-26 09:58:00,TPET,,1.2288000583648682,1.2288000583648682,1.2288000583648682,1.2288000583648682,400.0
2025-06-26 09:58:00,TRX,,0.33309999108314514,0.33309999108314514,0.3328999876976013,0.3330000042915344,5862.0
2025-06-26 09:58:00,UAMY,,2.434999942779541,2.444999933242798,2.434999942779541,2.434999942779541,17648.0
2025-06-26 09:58:00,UEC,,6.84499979019165,6.860000133514404,6.840099811553955,6.855000019073486,35402.0
2025-06-26 09:58:00,URG,,1.0399999618530273,1.0399999618530273,1.034999966621399,1.034999966621399,2432.0
2025-06-26 09:58:00,USAS,,0.7998999953269958,0.7998999953269958,0.7956990003585815,0.7957000136375427,3500.0
2025-06-26 09:58:00,UTG,,35.349998474121094,35.349998474121094,35.349998474121094,35.349998474121094,836.0
2025-06-26 09:58:00,UUUU,,5.724599838256836,5.736199855804443,5.71999979019165,5.736199855804443,16519.0
2025-06-26 09:58:00,VGZ,,1.0149999856948853,1.0149999856948853,1.0149999856948853,1.0149999856948853,648.0
2025-06-26 09:58:00,VZLA,,2.984999895095825,2.994999885559082,2.984999895095825,2.994999885559082,19523.0
2025-06-26 09:58:00,WRN,,1.2410000562667847,1.2410000562667847,1.2410000562667847,1.2410000562667847,395.0
2025-06-26 09:58:00,WWR,,0.589900016784668,0.589900016784668,0.5857999920845032,0.5857999920845032,660.0
2025-06-26 09:58:00,ZDGE,,4.050000190734863,4.050000190734863,4.050000190734863,4.050000190734863,300.0
2025-06-26 09:59:00,AEON,,0.7712000012397766,0.7764130234718323,0.7712000012397766,0.7764130234718323,745.0
2025-06-26 09:59:00,AMBO,,2.5399999618530273,2.5399999618530273,2.5399999618530273,2.5399999618530273,231.0
2025-06-26 09:59:00,ARMN,,6.869999885559082,6.880000114440918,6.869999885559082,6.880000114440918,786.0
2025-06-26 09:59:00,ASM,,3.5350000858306885,3.5399999618530273,3.5350000858306885,3.5399999618530273,19148.0
2025-06-26 09:59:00,ATNM,,1.565000057220459,1.565000057220459,1.565000057220459,1.565000057220459,235.0
2025-06-26 09:59:00,BTG,,3.6050000190734863,3.6050000190734863,3.600100040435791,3.6050000190734863,7781.0
2025-06-26 09:59:00,BURU,,0.33340001106262207,0.33340001106262207,0.3321000039577484,0.3321000039577484,9961.0
2025-06-26 09:59:00,CATX,,3.700000047683716,3.700000047683716,3.700000047683716,3.700000047683716,1006.0
2025-06-26 09:59:00,CBOE,,228.39500427246094,229.39559936523438,228.39500427246094,229.08999633789062,5878.0
2025-06-26 09:59:00,CEF,,30.270000457763672,30.280000686645508,30.270000457763672,30.280000686645508,1441.0
2025-06-26 09:59:00,CIK,,2.940000057220459,2.940000057220459,2.940000057220459,2.940000057220459,694.0
2025-06-26 09:59:00,CLDI,,0.2215999960899353,0.2215999960899353,0.2199999988079071,0.2199999988079071,478.0
2025-06-26 09:59:00,CLM,,7.934999942779541,7.934999942779541,7.934999942779541,7.934999942779541,509.0
2025-06-26 09:59:00,COHN,,9.949999809265137,9.949999809265137,9.949999809265137,9.949999809265137,275.0
2025-06-26 09:59:00,CPHI,,1.7999999523162842,1.850000023841858,1.7699999809265137,1.850000023841858,7700.0
2025-06-26 09:59:00,CQP,,54.98500061035156,55.064998626708984,54.75,55.064998626708984,2343.0
2025-06-26 09:59:00,CRF,,7.565000057220459,7.570000171661377,7.565000057220459,7.567999839782715,1058.0
2025-06-26 09:59:00,CTM,,1.024999976158142,1.024999976158142,1.0199999809265137,1.024999976158142,52794.0
2025-06-26 09:59:00,CYBN,,8.4399995803833,8.444999694824219,8.375,8.375,1955.0
2025-06-26 09:59:00,DC,,3.779099941253662,3.779099941253662,3.779099941253662,3.779099941253662,1010.0
2025-06-26 09:59:00,DNN,,1.774999976158142,1.7799999713897705,1.7699999809265137,1.770400047302246,118878.0
2025-06-26 09:59:00,DXF,,4.925000190734863,4.989999771118164,4.925000190734863,4.989999771118164,404.0
2025-06-26 09:59:00,EAD,,6.985000133514404,6.985000133514404,6.985000133514404,6.985000133514404,731.0
2025-06-26 09:59:00,EMX,,2.5399999618530273,2.5399999618530273,2.5299999713897705,2.5399999618530273,6269.0
2025-06-26 09:59:00,EPM,,4.704999923706055,4.704999923706055,4.704999923706055,4.704999923706055,100.0
2025-06-26 09:59:00,EQX,,5.860000133514404,5.864999771118164,5.860000133514404,5.860000133514404,22968.0
2025-06-26 09:59:00,FOXO,,0.20010000467300415,0.20260000228881836,0.20010000467300415,0.20260000228881836,1500.0
2025-06-26 09:59:00,GAU,,1.2949999570846558,1.2949999570846558,1.2949999570846558,1.2949999570846558,673.0
2025-06-26 09:59:00,GBR,,1.0700000524520874,1.0700000524520874,1.0700000524520874,1.0700000524520874,1497.0
2025-06-26 09:59:00,GGN,,4.3653998374938965,4.3653998374938965,4.3653998374938965,4.3653998374938965,790.0
2025-06-26 09:59:00,GNS,,0.7064509987831116,0.7149999737739563,0.6998999714851379,0.7116000056266785,41970.0
2025-06-26 09:59:00,GORO,,0.5400000214576721,0.5400000214576721,0.5400000214576721,0.5400000214576721,100.0
2025-06-26 09:59:00,GROY,,2.2950000762939453,2.299999952316284,2.2699999809265137,2.2750000953674316,63964.0
2025-06-26 09:59:00,GTE,,4.934999942779541,4.934999942779541,4.934999942779541,4.934999942779541,179.0
2025-06-26 09:59:00,HNW,,12.350000381469727,12.350000381469727,12.340100288391113,12.340100288391113,1505.0
2025-06-26 09:59:00,HUSA,,13.449999809265137,13.869999885559082,13.449999809265137,13.869999885559082,7073.0
2025-06-26 09:59:00,IBO,,0.8798999786376953,0.8798999786376953,0.8774999976158142,0.8774999976158142,2401.0
2025-06-26 09:59:00,IDR,,13.199999809265137,13.199999809265137,13.199999809265137,13.199999809265137,696.0
2025-06-26 09:59:00,IE,,9.442500114440918,9.442500114440918,9.442500114440918,9.442500114440918,244.0
2025-06-26 09:59:00,IGC,,0.3099989891052246,0.3099989891052246,0.3099989891052246,0.3099989891052246,295.0
2025-06-26 09:59:00,IMO,,80.3550033569336,80.36000061035156,80.3550033569336,80.3550033569336,1067.0
2025-06-26 09:59:00,INDO,,3.2112998962402344,3.244999885559082,3.2112998962402344,3.2300000190734863,3446.0
2025-06-26 09:59:00,INFU,,6.380000114440918,6.380000114440918,6.380000114440918,6.380000114440918,106.0
2025-06-26 09:59:00,ITRG,,1.5700000524520874,1.5750000476837158,1.5700000524520874,1.5700000524520874,6843.0
2025-06-26 09:59:00,KNW,,2.2007999420166016,2.26990008354187,2.1700499057769775,2.259999990463257,15906.0
2025-06-26 09:59:00,KULR,,5.03000020980835,5.079999923706055,5.03000020980835,5.054999828338623,23898.0
2025-06-26 09:59:00,LCTX,,1.0800000429153442,1.0800000429153442,1.0750000476837158,1.0750000476837158,3805.0
2025-06-26 09:59:00,LEU,,168.6999969482422,168.94000244140625,168.0500030517578,168.5,5133.0
2025-06-26 09:59:00,LMND,,41.9900016784668,42.060001373291016,41.97999954223633,41.97999954223633,4675.0
2025-06-26 09:59:00,LNG,,237.8800048828125,237.8800048828125,237.73719787597656,237.83999633789062,2292.0
2025-06-26 09:59:00,MAG,,21.329999923706055,21.34000015258789,21.329999923706055,21.34000015258789,1271.0
2025-06-26 09:59:00,MRT,,2.880000114440918,2.9100000858306885,2.880000114440918,2.9000000953674316,561.0
2025-06-26 09:59:00,MTNB,,0.949999988079071,0.949999988079071,0.949999988079071,0.949999988079071,126.0
2025-06-26 09:59:00,NAK,,1.5898000001907349,1.590000033378601,1.5743999481201172,1.5750000476837158,70299.0
2025-06-26 09:59:00,NCL,,0.17419999837875366,0.1753000020980835,0.17419999837875366,0.17419999837875366,247945.0
2025-06-26 09:59:00,NFGC,,1.4645999670028687,1.4700000286102295,1.4600000381469727,1.465000033378601,6240.0
2025-06-26 09:59:00,NG,,3.7950000762939453,3.799999952316284,3.7899999618530273,3.7950000762939453,13275.0
2025-06-26 09:59:00,NGD,,4.864999771118164,4.869999885559082,4.860000133514404,4.860000133514404,34577.0
2025-06-26 09:59:00,NHC,,109.20999908447266,109.20999908447266,108.63500213623047,108.63500213623047,552.0
2025-06-26 09:59:00,NHS,,7.46999979019165,7.46999979019165,7.46999979019165,7.46999979019165,300.0
2025-06-26 09:59:00,NML,,8.763400077819824,8.763400077819824,8.763400077819824,8.763400077819824,350.0
2025-06-26 09:59:00,NNVC,,1.2200000286102295,1.2333999872207642,1.2200000286102295,1.2333999872207642,1179.0
2025-06-26 09:59:00,OGEN,,3.5199999809265137,3.700000047683716,3.5199999809265137,3.700000047683716,1072.0
2025-06-26 09:59:00,OPTT,,0.5058000087738037,0.5058000087738037,0.5026000142097473,0.5041999816894531,14556.0
2025-06-26 09:59:00,ORLA,,9.920000076293945,9.9399995803833,9.920000076293945,9.930000305175781,1966.0
2025-06-26 09:59:00,PLG,,1.590000033378601,1.6093000173568726,1.590000033378601,1.600000023841858,3290.0
2025-06-26 09:59:00,PLX,,1.4700000286102295,1.4763000011444092,1.4700000286102295,1.4763000011444092,368.0
2025-06-26 09:59:00,REI,,0.7695000171661377,0.7695000171661377,0.7612000107765198,0.7642999887466431,15835.0
2025-06-26 09:59:00,SATX,,2.9600000381469727,2.9600000381469727,2.9600000381469727,2.9600000381469727,300.0
2025-06-26 09:59:00,SCCC,,24.900100708007812,24.95009994506836,24.900100708007812,24.950000762939453,1500.0
2025-06-26 09:59:00,SEB,,2939.800048828125,2939.800048828125,2935.5400390625,2935.5400390625,8.0
2025-06-26 09:59:00,SENS,,0.4959000051021576,0.49595001339912415,0.4959000051021576,0.49595001339912415,5732.0
2025-06-26 09:59:00,SLI,,1.840000033378601,1.840000033378601,1.840000033378601,1.840000033378601,900.0
2025-06-26 09:59:00,SLND,,3.799999952316284,3.799999952316284,3.799999952316284,3.799999952316284,405.0
2025-06-26 09:59:00,SOAR,,1.4500000476837158,1.4500000476837158,1.4500000476837158,1.4500000476837158,421.0
2025-06-26 09:59:00,SSY,,0.8799999952316284,0.8799999952316284,0.8799999952316284,0.8799999952316284,0.0
2025-06-26 09:59:00,SVM,,4.135000228881836,4.135000228881836,4.135000228881836,4.135000228881836,205.0
2025-06-26 09:59:00,TGB,,3.0299999713897705,3.0699000358581543,3.0299999713897705,3.059999942779541,170591.0
2025-06-26 09:59:00,TMQ,,1.4700000286102295,1.4700000286102295,1.4514000415802002,1.4514000415802002,2660.0
2025-06-26 09:59:00,TPET,,1.2200000286102295,1.2200000286102295,1.2200000286102295,1.2200000286102295,600.0
2025-06-26 09:59:00,UAMY,,2.434999942779541,2.440000057220459,2.4300999641418457,2.434999942779541,17904.0
2025-06-26 09:59:00,UAVS,,1.1193000078201294,1.1193000078201294,1.1193000078201294,1.1193000078201294,108.0
2025-06-26 09:59:00,UEC,,6.84499979019165,6.849999904632568,6.840000152587891,6.849999904632568,13273.0
2025-06-26 09:59:00,URG,,1.034999966621399,1.0391000509262085,1.034999966621399,1.034999966621399,669.0
2025-06-26 09:59:00,USAS,,0.7969499826431274,0.7969499826431274,0.7969499826431274,0.7969499826431274,200.0
2025-06-26 09:59:00,UUUU,,5.735000133514404,5.739999771118164,5.71999979019165,5.720099925994873,17270.0
2025-06-26 09:59:00,VZLA,,2.9711999893188477,2.9800000190734863,2.9700000286102295,2.9800000190734863,13258.0
2025-06-26 09:59:00,WWR,,0.589900016784668,0.589900016784668,0.589900016784668,0.589900016784668,500.0
2025-06-26 09:59:00,ZDGE,,4.048799991607666,4.079999923706055,4.048799991607666,4.050000190734863,1536.0
2025-06-26 10:00:00,AIRI,,3.3399999141693115,3.3399999141693115,3.3399999141693115,3.3399999141693115,277.0
2025-06-26 10:00:00,ARMN,,6.860000133514404,6.864999771118164,6.860000133514404,6.860000133514404,863.0
2025-06-26 10:00:00,ASM,,3.5199999809265137,3.530100107192993,3.5199999809265137,3.5299999713897705,5914.0
2025-06-26 10:00:00,ATNM,,1.5700000524520874,1.5700000524520874,1.565000057220459,1.565000057220459,2997.0
2025-06-26 10:00:00,AZTR,,0.25279998779296875,0.25279998779296875,0.25279998779296875,0.25279998779296875,10002.0
2025-06-26 10:00:00,BEEP,,4.050000190734863,4.102099895477295,4.050000190734863,4.102099895477295,0.0
2025-06-26 10:00:00,BTG,,3.5950000286102295,3.6050000190734863,3.5899999141693115,3.600100040435791,187252.0
2025-06-26 10:00:00,BURU,,0.3400000035762787,0.3400000035762787,0.33009999990463257,0.3310999870300293,77172.0
2025-06-26 10:00:00,CATX,,3.7186999320983887,3.7300000190734863,3.699199914932251,3.700000047683716,5311.0
2025-06-26 10:00:00,CBOE,,228.71499633789062,228.88999938964844,228.34500122070312,228.71499633789062,5466.0
2025-06-26 10:00:00,CEF,,30.247299194335938,30.247299194335938,30.239999771118164,30.239999771118164,445.0
2025-06-26 10:00:00,CEV,,9.671899795532227,9.671899795532227,9.671899795532227,9.671899795532227,5266.0
2025-06-26 10:00:00,CIK,,2.934999942779541,2.934999942779541,2.934999942779541,2.934999942779541,203.0
2025-06-26 10:00:00,CLDI,,0.2214999943971634,0.2214999943971634,0.2214999943971634,0.2214999943971634,320.0
2025-06-26 10:00:00,CPHI,,1.8494999408721924,1.8494999408721924,1.8494999408721924,1.8494999408721924,748.0
2025-06-26 10:00:00,CQP,,54.98500061035156,54.98500061035156,54.98500061035156,54.98500061035156,300.0
2025-06-26 10:00:00,CRF,,7.565000057220459,7.574999809265137,7.564599990844727,7.570000171661377,68828.0
2025-06-26 10:00:00,CTM,,1.0298999547958374,1.0298999547958374,1.024999976158142,1.0293999910354614,2598.0
2025-06-26 10:00:00,DC,,3.75,3.765000104904175,3.75,3.765000104904175,3584.0
2025-06-26 10:00:00,DNN,,1.784999966621399,1.7899999618530273,1.7734999656677246,1.774999976158142,1204751.0
2025-06-26 10:00:00,EMX,,2.529900074005127,2.5350000858306885,2.529900074005127,2.5350000858306885,11415.0
2025-06-26 10:00:00,EPM,,4.710000038146973,4.710000038146973,4.710000038146973,4.710000038146973,331.0
2025-06-26 10:00:00,EQX,,5.860000133514404,5.864999771118164,5.849999904632568,5.864999771118164,25216.0
2025-06-26 10:00:00,EVV,,10.149499893188477,10.149499893188477,10.149499893188477,10.149499893188477,428.0
2025-06-26 10:00:00,FOXO,,0.20419999957084656,0.20419999957084656,0.20419999957084656,0.20419999957084656,1011.0
2025-06-26 10:00:00,GGN,,4.365300178527832,4.3653998374938965,4.360000133514404,4.364999771118164,6800.0
2025-06-26 10:00:00,GLO,,5.315000057220459,5.315000057220459,5.315000057220459,5.315000057220459,100.0
2025-06-26 10:00:00,GNS,,0.7096999883651733,0.7129999995231628,0.6998999714851379,0.7038999795913696,35860.0
2025-06-26 10:00:00,GORO,,0.545799970626831,0.545799970626831,0.5400000214576721,0.5400000214576721,302.0
2025-06-26 10:00:00,GROY,,2.2994000911712646,2.2994000911712646,2.2899999618530273,2.2950000762939453,9214.0
2025-06-26 10:00:00,GSAT,,22.979999542236328,22.979999542236328,22.93000030517578,22.93000030517578,4903.0
2025-06-26 10:00:00,GTE,,4.934999942779541,4.934999942779541,4.934999942779541,4.934999942779541,281.0
2025-06-26 10:00:00,HNW,,12.350000381469727,12.350000381469727,12.350000381469727,12.350000381469727,169.0
2025-06-26 10:00:00,HUSA,,13.6899995803833,13.6899995803833,13.515000343322754,13.515000343322754,1211.0
2025-06-26 10:00:00,IBO,,0.8773999810218811,0.8840000033378601,0.8773999810218811,0.8840000033378601,7288.0
2025-06-26 10:00:00,IDR,,13.194999694824219,13.194999694824219,13.194999694824219,13.194999694824219,339.0
2025-06-26 10:00:00,IE,,9.46500015258789,9.46500015258789,9.454999923706055,9.46500015258789,3089.0
2025-06-26 10:00:00,IMO,,80.44999694824219,80.44999694824219,80.41000366210938,80.41999816894531,1021.0
2025-06-26 10:00:00,INDO,,3.2002999782562256,3.2149999141693115,3.180000066757202,3.2100000381469727,8205.0
2025-06-26 10:00:00,INFU,,6.380000114440918,6.380000114440918,6.380000114440918,6.380000114440918,117.0
2025-06-26 10:00:00,INUV,,3.8993000984191895,3.8993000984191895,3.8993000984191895,3.8993000984191895,1197.0
2025-06-26 10:00:00,ITRG,,1.5700000524520874,1.5750000476837158,1.5700000524520874,1.5700000524520874,13500.0
2025-06-26 10:00:00,JOB,,0.19760000705718994,0.19760000705718994,0.19380000233650208,0.19380000233650208,209.0
2025-06-26 10:00:00,KNW,,2.25,2.25,2.203000068664551,2.2490999698638916,8940.0
2025-06-26 10:00:00,KULR,,5.030799865722656,5.050000190734863,5.019999980926514,5.034999847412109,12765.0
2025-06-26 10:00:00,LCTX,,1.0799000263214111,1.0799000263214111,1.070099949836731,1.0750000476837158,4710.0
2025-06-26 10:00:00,LEU,,168.85000610351562,169.3699951171875,168.01499938964844,168.9199981689453,4336.0
2025-06-26 10:00:00,LMND,,42.2400016784668,42.2400016784668,42.040000915527344,42.040000915527344,6181.0
2025-06-26 10:00:00,LNG,,237.73500061035156,237.83999633789062,237.73500061035156,237.8300018310547,2087.0
2025-06-26 10:00:00,LODE,,3.5845000743865967,3.5845000743865967,3.5845000743865967,3.5845000743865967,674.0
2025-06-26 10:00:00,MAG,,21.329999923706055,21.34000015258789,21.329999923706055,21.34000015258789,3409.0
2025-06-26 10:00:00,MITQ,,0.6759999990463257,0.6759999990463257,0.675000011920929,0.675000011920929,1135.0
2025-06-26 10:00:00,MRT,,2.890000104904175,2.890000104904175,2.880000114440918,2.880000114440918,200.0
2025-06-26 10:00:00,MTA,,3.884999990463257,3.9000000953674316,3.869999885559082,3.890000104904175,1461.0
2025-06-26 10:00:00,MTNB,,0.9449999928474426,0.949999988079071,0.9449999928474426,0.949999988079071,3086.0
2025-06-26 10:00:00,MYO,,2.2850000858306885,2.2850000858306885,2.2850000858306885,2.2850000858306885,25215.0
2025-06-26 10:00:00,NAK,,1.5700000524520874,1.590000033378601,1.5700000524520874,1.5850000381469727,37771.0
2025-06-26 10:00:00,NCL,,0.17569999396800995,0.17569999396800995,0.1753000020980835,0.1753000020980835,211.0
2025-06-26 10:00:00,NFGC,,1.465000033378601,1.4651999473571777,1.465000033378601,1.4651999473571777,1730.0
2025-06-26 10:00:00,NG,,3.825000047683716,3.8299999237060547,3.799999952316284,3.799999952316284,50480.0
2025-06-26 10:00:00,NGD,,4.855000019073486,4.864999771118164,4.849999904632568,4.860000133514404,77175.0
2025-06-26 10:00:00,NHS,,7.46999979019165,7.46999979019165,7.46999979019165,7.46999979019165,102.0
2025-06-26 10:00:00,NNVC,,1.2200000286102295,1.226699948310852,1.2200000286102295,1.2200000286102295,2523.0
2025-06-26 10:00:00,NRO,,3.188999891281128,3.188999891281128,3.188999891281128,3.188999891281128,1515.0
2025-06-26 10:00:00,OBE,,5.510000228881836,5.510000228881836,5.510000228881836,5.510000228881836,996.0
2025-06-26 10:00:00,OGEN,,3.6882998943328857,3.6882998943328857,3.6882998943328857,3.6882998943328857,750.0
2025-06-26 10:00:00,OPTT,,0.5048999786376953,0.5058000087738037,0.5041999816894531,0.5045999884605408,2497.0
2025-06-26 10:00:00,ORLA,,9.925000190734863,9.925000190734863,9.914999961853027,9.925000190734863,9767.0
2025-06-26 10:00:00,PLG,,1.600000023841858,1.600000023841858,1.600000023841858,1.600000023841858,2500.0
2025-06-26 10:00:00,PLX,,1.465000033378601,1.465000033378601,1.465000033378601,1.465000033378601,167.0
2025-06-26 10:00:00,SATX,,2.9600000381469727,2.9600000381469727,2.9600000381469727,2.9600000381469727,300.0
2025-06-26 10:00:00,SEB,,2939.800048828125,2939.800048828125,2939.800048828125,2939.800048828125,1.0
2025-06-26 10:00:00,SENS,,0.4959000051021576,0.4959999918937683,0.4959000051021576,0.4959000051021576,3262.0
2025-06-26 10:00:00,SLI,,1.8453999757766724,1.8453999757766724,1.844599962234497,1.8450000286102295,2001.0
2025-06-26 10:00:00,SOAR,,1.4600000381469727,1.4600000381469727,1.4600000381469727,1.4600000381469727,749.0
2025-06-26 10:00:00,STXS,,2.194999933242798,2.194999933242798,2.194999933242798,2.194999933242798,124.0
2025-06-26 10:00:00,SVM,,4.119999885559082,4.130000114440918,4.119999885559082,4.130000114440918,3493.0
2025-06-26 10:00:00,TGB,,3.0350000858306885,3.0352001190185547,3.0299999713897705,3.0299999713897705,26081.0
2025-06-26 10:00:00,TMQ,,1.468000054359436,1.468000054359436,1.468000054359436,1.468000054359436,173440.0
2025-06-26 10:00:00,TOON,,0.730400025844574,0.730400025844574,0.730400025844574,0.730400025844574,280.0
2025-06-26 10:00:00,TPET,,1.2101000547409058,1.2300000190734863,1.2101000547409058,1.2200000286102295,2600.0
2025-06-26 10:00:00,UAMY,,2.434999942779541,2.440000057220459,2.434999942779541,2.434999942779541,8659.0
2025-06-26 10:00:00,UEC,,6.864999771118164,6.889999866485596,6.849999904632568,6.849999904632568,81415.0
2025-06-26 10:00:00,URG,,1.034999966621399,1.0399999618530273,1.034999966621399,1.0399999618530273,2291.0
2025-06-26 10:00:00,USAS,,0.7936999797821045,0.7997999787330627,0.7936999797821045,0.796999990940094,2902.0
2025-06-26 10:00:00,UTG,,35.369998931884766,35.369998931884766,35.349998474121094,35.369998931884766,2767.0
2025-06-26 10:00:00,UUUU,,5.75,5.759200096130371,5.735000133514404,5.735000133514404,65726.0
2025-06-26 10:00:00,VGZ,,1.0190000534057617,1.0190000534057617,1.0149999856948853,1.0149999856948853,2010.0
2025-06-26 10:00:00,VNRX,,0.7120000123977661,0.7120000123977661,0.7120000123977661,0.7120000123977661,100.0
2025-06-26 10:00:00,VTAK,,0.24709999561309814,0.24719999730587006,0.24699999392032623,0.24719999730587006,4639.0
2025-06-26 10:00:00,VZLA,,2.9700000286102295,2.9749999046325684,2.9700000286102295,2.9749999046325684,2040.0
2025-06-26 10:00:00,WRN,,1.2400000095367432,1.2408000230789185,1.2400000095367432,1.2400000095367432,70354.0
2025-06-26 10:00:00,ZDGE,,4.079999923706055,4.079999923706055,4.048799991607666,4.050000190734863,1503.0
2025-06-26 10:01:00,AEON,,0.7770990133285522,0.7770990133285522,0.7770990133285522,0.7770990133285522,1433.0
2025-06-26 10:01:00,ARMN,,6.860000133514404,6.860000133514404,6.849999904632568,6.849999904632568,3135.0
2025-06-26 10:01:00,ASM,,3.5199999809265137,3.5201001167297363,3.509999990463257,3.5201001167297363,16739.0
2025-06-26 10:01:00,ATNM,,1.5700000524520874,1.5700000524520874,1.5700000524520874,1.5700000524520874,1150.0
2025-06-26 10:01:00,BEEP,,4.090000152587891,4.090000152587891,4.090000152587891,4.090000152587891,100.0
2025-06-26 10:01:00,BRBS,,3.2899999618530273,3.2899999618530273,3.2899999618530273,3.2899999618530273,653.0
2025-06-26 10:01:00,BTG,,3.599900007247925,3.5999999046325684,3.591399908065796,3.5950000286102295,95689.0
2025-06-26 10:01:00,BURU,,0.33880001306533813,0.3395000100135803,0.336899995803833,0.3395000100135803,50243.0
2025-06-26 10:01:00,CATX,,3.7100000381469727,3.7100000381469727,3.700000047683716,3.7100000381469727,2234.0
2025-06-26 10:01:00,CCEL,,5.875800132751465,5.875800132751465,5.849999904632568,5.849999904632568,1418.0
2025-06-26 10:01:00,CEF,,30.256948471069336,30.256948471069336,30.252500534057617,30.252500534057617,717.0
2025-06-26 10:01:00,CEV,,9.711400032043457,9.711400032043457,9.711400032043457,9.711400032043457,1576.0
2025-06-26 10:01:00,CLDI,,0.2199999988079071,0.22130000591278076,0.2198999971151352,0.22030000388622284,7348.0
2025-06-26 10:01:00,CLM,,7.934999942779541,7.935999870300293,7.929999828338623,7.930099964141846,1186.0
2025-06-26 10:01:00,CQP,,54.98500061035156,54.98500061035156,54.98500061035156,54.98500061035156,300.0
2025-06-26 10:01:00,CRF,,7.565000057220459,7.565000057220459,7.565000057220459,7.565000057220459,204.0
2025-06-26 10:01:00,CTM,,1.024999976158142,1.0298000574111938,1.024999976158142,1.0298000574111938,17900.0
2025-06-26 10:01:00,CVM,,2.390000104904175,2.390000104904175,2.390000104904175,2.390000104904175,647.0
2025-06-26 10:01:00,DC,,3.75,3.75,3.75,3.75,1220.0
2025-06-26 10:01:00,DNN,,1.7799999713897705,1.7899999618530273,1.7799999713897705,1.7800999879837036,142695.0
2025-06-26 10:01:00,ELLO,,17.520000457763672,17.520000457763672,17.520000457763672,17.520000457763672,361.0
2025-06-26 10:01:00,EQX,,5.864999771118164,5.864999771118164,5.855199813842773,5.864999771118164,20755.0
2025-06-26 10:01:00,EVV,,10.149999618530273,10.15999984741211,10.145000457763672,10.145000457763672,22369.0
2025-06-26 10:01:00,FOXO,,0.20360000431537628,0.20499999821186066,0.20360000431537628,0.20499999821186066,2052.0
2025-06-26 10:01:00,FSP,,1.6699999570846558,1.6699999570846558,1.6699999570846558,1.6699999570846558,167.0
2025-06-26 10:01:00,GGN,,4.366499900817871,4.366499900817871,4.3607001304626465,4.3607001304626465,602.0
2025-06-26 10:01:00,GLDG,,0.7488999962806702,0.7488999962806702,0.7488999962806702,0.7488999962806702,606.0
2025-06-26 10:01:00,GLO,,5.313799858093262,5.313799858093262,5.313799858093262,5.313799858093262,101.0
2025-06-26 10:01:00,GNS,,0.7114999890327454,0.7129999995231628,0.7064989805221558,0.7129999995231628,18147.0
2025-06-26 10:01:00,GSAT,,23.0049991607666,23.0049991607666,22.979999542236328,22.979999542236328,2130.0
2025-06-26 10:01:00,GTE,,4.934999942779541,4.934999942779541,4.934999942779541,4.934999942779541,110.0
2025-06-26 10:01:00,HUSA,,13.699999809265137,13.699999809265137,13.550000190734863,13.550000190734863,2827.0
2025-06-26 10:01:00,IBO,,0.8751999735832214,0.8774999976158142,0.8751999735832214,0.8774999976158142,5409.0
2025-06-26 10:01:00,IE,,9.460000038146973,9.479999542236328,9.449999809265137,9.479999542236328,11890.0
2025-06-26 10:01:00,IMO,,80.37999725341797,80.47000122070312,80.37999725341797,80.47000122070312,623.0
2025-06-26 10:01:00,INDO,,3.1953999996185303,3.200000047683716,3.190000057220459,3.200000047683716,7685.0
2025-06-26 10:01:00,INUV,,3.890000104904175,3.890000104904175,3.890000104904175,3.890000104904175,258.0
2025-06-26 10:01:00,ITRG,,1.5599000453948975,1.5750000476837158,1.5499999523162842,1.5750000476837158,91421.0
2025-06-26 10:01:00,KNW,,2.25,2.25,2.218400001525879,2.2200000286102295,4684.0
2025-06-26 10:01:00,KULR,,5.030700206756592,5.039899826049805,5.0,5.039000034332275,21600.0
2025-06-26 10:01:00,LCTX,,1.0750000476837158,1.0800000429153442,1.070099949836731,1.0800000429153442,6478.0
2025-06-26 10:01:00,LEU,,168.966796875,169.0,168.3800048828125,168.966796875,5005.0
2025-06-26 10:01:00,LMND,,42.13999938964844,42.290000915527344,42.099998474121094,42.23500061035156,3694.0
2025-06-26 10:01:00,LNG,,238.1300048828125,238.1300048828125,237.77499389648438,237.8000030517578,3855.0
2025-06-26 10:01:00,LODE,,3.5998001098632812,3.5998001098632812,3.5899999141693115,3.5899999141693115,3639.0
2025-06-26 10:01:00,MAG,,21.34000015258789,21.34000015258789,21.30500030517578,21.325000762939453,10247.0
2025-06-26 10:01:00,MAIA,,1.6395000219345093,1.6399999856948853,1.6299999952316284,1.6399999856948853,575.0
2025-06-26 10:01:00,MITQ,,0.6776000261306763,0.6776000261306763,0.6776000261306763,0.6776000261306763,889.0
2025-06-26 10:01:00,MPTI,,39.65919876098633,40.09000015258789,39.65919876098633,39.65919876098633,704.0
2025-06-26 10:01:00,MRT,,2.880000114440918,2.880000114440918,2.880000114440918,2.880000114440918,330.0
2025-06-26 10:01:00,MWG,,0.24529999494552612,0.24529999494552612,0.24529999494552612,0.24529999494552612,0.0
2025-06-26 10:01:00,MYO,,2.2750000953674316,2.2799999713897705,2.2750000953674316,2.2799999713897705,1021.0
2025-06-26 10:01:00,NAK,,1.5700000524520874,1.5750000476837158,1.559999942779541,1.5750000476837158,42764.0
2025-06-26 10:01:00,NCL,,0.17640000581741333,0.17640000581741333,0.1754000037908554,0.1754000037908554,80619.0
2025-06-26 10:01:00,NFGC,,1.4601000547409058,1.4601000547409058,1.4601000547409058,1.4601000547409058,5010.0
2025-06-26 10:01:00,NG,,3.8450000286102295,3.8450000286102295,3.819999933242798,3.825000047683716,26913.0
2025-06-26 10:01:00,NGD,,4.860000133514404,4.860000133514404,4.849999904632568,4.859899997711182,11860.0
2025-06-26 10:01:00,NHC,,108.81780242919922,109.19999694824219,108.7750015258789,109.19999694824219,761.0
2025-06-26 10:01:00,NML,,8.770000457763672,8.770000457763672,8.770000457763672,8.770000457763672,243.0
2025-06-26 10:01:00,NNVC,,1.2101000547409058,1.2200000286102295,1.2101000547409058,1.2200000286102295,10113.0
2025-06-26 10:01:00,OPTT,,0.5037999749183655,0.5041999816894531,0.503000020980835,0.5041999816894531,2442.0
2025-06-26 10:01:00,ORLA,,9.9399995803833,9.9399995803833,9.90999984741211,9.920000076293945,7904.0
2025-06-26 10:01:00,OSTX,,1.840000033378601,1.840000033378601,1.8300000429153442,1.8300000429153442,2505.0
2025-06-26 10:01:00,PED,,0.6800000071525574,0.6800000071525574,0.6800000071525574,0.6800000071525574,1010.0
2025-06-26 10:01:00,PLG,,1.5950000286102295,1.600000023841858,1.590000033378601,1.600000023841858,2200.0
2025-06-26 10:01:00,PLMR,,150.25360107421875,150.25360107421875,150.25360107421875,150.25360107421875,838.0
2025-06-26 10:01:00,PZG,,0.6136000156402588,0.6136000156402588,0.6136000156402588,0.6136000156402588,20030.0
2025-06-26 10:01:00,REI,,0.769599974155426,0.769599974155426,0.7695000171661377,0.769599974155426,913.0
2025-06-26 10:01:00,SACH,,1.090000033378601,1.090000033378601,1.090000033378601,1.090000033378601,287.0
2025-06-26 10:01:00,SATX,,2.9600000381469727,2.9600000381469727,2.9600000381469727,2.9600000381469727,200.0
2025-06-26 10:01:00,SENS,,0.4959000051021576,0.4959000051021576,0.4959000051021576,0.4959000051021576,610.0
2025-06-26 10:01:00,SKYH,,9.550000190734863,9.625,9.550000190734863,9.625,444.0
2025-06-26 10:01:00,SVM,,4.125,4.125,4.119999885559082,4.119999885559082,6466.0
2025-06-26 10:01:00,TGB,,3.04010009765625,3.049999952316284,3.0299999713897705,3.0299999713897705,45198.0
2025-06-26 10:01:00,TPET,,1.225000023841858,1.225000023841858,1.2200000286102295,1.2200000286102295,8485.0
2025-06-26 10:01:00,UAMY,,2.428100109100342,2.434999942779541,2.424999952316284,2.434999942779541,4100.0
2025-06-26 10:01:00,UAVS,,1.1100000143051147,1.1200000047683716,1.1100000143051147,1.1200000047683716,15014.0
2025-06-26 10:01:00,UEC,,6.889999866485596,6.889999866485596,6.864999771118164,6.869900226593018,12929.0
2025-06-26 10:01:00,URG,,1.0399999618530273,1.0399999618530273,1.034999966621399,1.034999966621399,1458.0
2025-06-26 10:01:00,USAS,,0.7997999787330627,0.7997999787330627,0.7997999787330627,0.7997999787330627,3083.0
2025-06-26 10:01:00,UUUU,,5.760000228881836,5.760000228881836,5.739999771118164,5.755000114440918,52464.0
2025-06-26 10:01:00,VZLA,,2.9749999046325684,2.9781999588012695,2.9700000286102295,2.9781999588012695,11986.0
2025-06-26 10:01:00,WRN,,1.2350000143051147,1.2400000095367432,1.2350000143051147,1.2400000095367432,6002.0
2025-06-26 10:01:00,WWR,,0.5886989831924438,0.5886989831924438,0.5886989831924438,0.5886989831924438,111.0
2025-06-26 10:01:00,WYY,,3.44320011138916,3.44320011138916,3.44320011138916,3.44320011138916,2000.0
2025-06-26 10:01:00,ZDGE,,4.021299839019775,4.079999923706055,4.021299839019775,4.079999923706055,1117.0
2025-06-26 10:02:00,AEON,,0.7685999870300293,0.7699999809265137,0.7656999826431274,0.7699999809265137,415.0
2025-06-26 10:02:00,ARMN,,6.869999885559082,6.869999885559082,6.869999885559082,6.869999885559082,342.0
2025-06-26 10:02:00,ASM,,3.5199999809265137,3.52839994430542,3.5199999809265137,3.520699977874756,16389.0
2025-06-26 10:02:00,ATNM,,1.565000057220459,1.5700000524520874,1.565000057220459,1.5700000524520874,945.0
2025-06-26 10:02:00,BATL,,1.5,1.5499999523162842,1.5,1.5,32874.0
2025-06-26 10:02:00,BEEP,,4.054999828338623,4.054999828338623,4.054999828338623,4.054999828338623,1507.0
2025-06-26 10:02:00,BTG,,3.5947999954223633,3.5999999046325684,3.5899999141693115,3.5952000617980957,209409.0
2025-06-26 10:02:00,BURU,,0.3381499946117401,0.34139999747276306,0.33809998631477356,0.33880001306533813,104400.0
2025-06-26 10:02:00,CATX,,3.700000047683716,3.7100000381469727,3.700000047683716,3.700000047683716,3745.0
2025-06-26 10:02:00,CIK,,2.934999942779541,2.934999942779541,2.934999942779541,2.934999942779541,200.0
2025-06-26 10:02:00,CLDI,,0.21410000324249268,0.2198999971151352,0.21410000324249268,0.2198999971151352,7850.0
2025-06-26 10:02:00,CLM,,7.940000057220459,7.940000057220459,7.929999828338623,7.939899921417236,853.0
2025-06-26 10:02:00,CQP,,54.98500061035156,54.98500061035156,54.98500061035156,54.98500061035156,290.0
2025-06-26 10:02:00,CTM,,1.0299999713897705,1.0299999713897705,1.0200999975204468,1.024999976158142,33572.0
2025-06-26 10:02:00,DNN,,1.7898999452590942,1.7899999618530273,1.7799999713897705,1.7799999713897705,305111.0
2025-06-26 10:02:00,ELLO,,16.760000228881836,17.420000076293945,16.760000228881836,17.420000076293945,723.0
2025-06-26 10:02:00,EQX,,5.855000019073486,5.864999771118164,5.855000019073486,5.864999771118164,8638.0
2025-06-26 10:02:00,FSP,,1.6699999570846558,1.684999942779541,1.6699999570846558,1.684999942779541,876.0
2025-06-26 10:02:00,GAU,,1.2949999570846558,1.2949999570846558,1.2949999570846558,1.2949999570846558,254.0
2025-06-26 10:02:00,GENC,,14.039999961853027,14.039999961853027,14.039999961853027,14.039999961853027,102.0
2025-06-26 10:02:00,GLO,,5.315000057220459,5.315000057220459,5.310500144958496,5.310500144958496,200.0
2025-06-26 10:02:00,GNS,,0.7129999995231628,0.7129999995231628,0.710099995136261,0.7114999890327454,16961.0
2025-06-26 10:02:00,GORO,,0.5400000214576721,0.5400000214576721,0.5400000214576721,0.5400000214576721,1829.0
2025-06-26 10:02:00,GROY,,2.299099922180176,2.299099922180176,2.299099922180176,2.299099922180176,288.0
2025-06-26 10:02:00,GSAT,,23.06999969482422,23.079999923706055,23.040000915527344,23.040000915527344,1239.0
2025-06-26 10:02:00,GTE,,4.949999809265137,4.949999809265137,4.940000057220459,4.940000057220459,1856.0
2025-06-26 10:02:00,HUSA,,13.699999809265137,13.699999809265137,13.569100379943848,13.698599815368652,1415.0
2025-06-26 10:02:00,IBO,,0.8764730095863342,0.8764730095863342,0.8751999735832214,0.8751999735832214,1800.0
2025-06-26 10:02:00,IDR,,13.140000343322754,13.150099754333496,13.140000343322754,13.150099754333496,4936.0
2025-06-26 10:02:00,IE,,9.489999771118164,9.489999771118164,9.479999542236328,9.479999542236328,2274.0
2025-06-26 10:02:00,IGC,,0.3091999888420105,0.3091999888420105,0.3091999888420105,0.3091999888420105,194.0
2025-06-26 10:02:00,IMO,,80.5,80.5,80.4000015258789,80.4000015258789,526.0
2025-06-26 10:02:00,INDO,,3.180000066757202,3.1979000568389893,3.180000066757202,3.190000057220459,5449.0
2025-06-26 10:02:00,INFU,,6.425000190734863,6.425000190734863,6.40500020980835,6.40500020980835,809.0
2025-06-26 10:02:00,ITRG,,1.559999942779541,1.565000057220459,1.5499999523162842,1.5549999475479126,9743.0
2025-06-26 10:02:00,KNW,,2.240799903869629,2.244999885559082,2.240000009536743,2.244999885559082,1749.0
2025-06-26 10:02:00,KULR,,5.03249979019165,5.03980016708374,5.030200004577637,5.034999847412109,8029.0
2025-06-26 10:02:00,LCTX,,1.0750000476837158,1.079699993133545,1.0750000476837158,1.0750000476837158,1100.0
2025-06-26 10:02:00,LEU,,170.09500122070312,170.5,168.69500732421875,168.69500732421875,8929.0
2025-06-26 10:02:00,LMND,,42.06999969482422,42.220001220703125,42.06999969482422,42.18939971923828,5684.0
2025-06-26 10:02:00,LNG,,238.30999755859375,238.41000366210938,237.864501953125,237.864501953125,1887.0
2025-06-26 10:02:00,LODE,,3.639400005340576,3.639400005340576,3.5999999046325684,3.5999999046325684,332.0
2025-06-26 10:02:00,MAG,,21.329999923706055,21.350000381469727,21.329999923706055,21.350000381469727,1459.0
2025-06-26 10:02:00,MAIA,,1.625,1.625,1.6200000047683716,1.6200000047683716,350.0
2025-06-26 10:02:00,MITQ,,0.6748999953269958,0.6779000163078308,0.6748999953269958,0.675000011920929,1663.0
2025-06-26 10:02:00,MPTI,,40.369998931884766,40.369998931884766,39.709999084472656,40.0,2126.0
2025-06-26 10:02:00,MTA,,3.890000104904175,3.890000104904175,3.880000114440918,3.880000114440918,420.0
2025-06-26 10:02:00,MXC,,9.199999809265137,9.199999809265137,9.199999809265137,9.199999809265137,318.0
2025-06-26 10:02:00,MYO,,2.2799999713897705,2.2799999713897705,2.2799999713897705,2.2799999713897705,849.0
2025-06-26 10:02:00,NAK,,1.565000057220459,1.5700000524520874,1.5601999759674072,1.5601999759674072,8757.0
2025-06-26 10:02:00,NCL,,0.18000000715255737,0.18000000715255737,0.17550000548362732,0.17640000581741333,95781.0
2025-06-26 10:02:00,NFGC,,1.4700000286102295,1.475000023841858,1.4700000286102295,1.475000023841858,5500.0
2025-06-26 10:02:00,NG,,3.8450000286102295,3.8499999046325684,3.8399999141693115,3.8399999141693115,3386.0
2025-06-26 10:02:00,NGD,,4.854700088500977,4.860000133514404,4.849999904632568,4.855000019073486,37523.0
2025-06-26 10:02:00,NHS,,7.480000019073486,7.480000019073486,7.480000019073486,7.480000019073486,221.0
2025-06-26 10:02:00,NNVC,,1.2202999591827393,1.2202999591827393,1.2100000381469727,1.2200000286102295,1270.0
2025-06-26 10:02:00,NRO,,3.180999994277954,3.184999942779541,3.180999994277954,3.184999942779541,3592.0
2025-06-26 10:02:00,OPTT,,0.5070000290870667,0.507099986076355,0.5058000087738037,0.5058000087738037,13659.0
2025-06-26 10:02:00,ORLA,,9.949999809265137,9.960000038146973,9.949999809265137,9.949999809265137,2569.0
2025-06-26 10:02:00,OSTX,,1.8300000429153442,1.850000023841858,1.8300000429153442,1.8300000429153442,838.0
2025-06-26 10:02:00,PLG,,1.5989999771118164,1.5989999771118164,1.5989999771118164,1.5989999771118164,109.0
2025-06-26 10:02:00,PLMR,,149.5,150.13999938964844,149.46299743652344,150.13999938964844,4948.0
2025-06-26 10:02:00,PLX,,1.465000033378601,1.4652999639511108,1.465000033378601,1.4652999639511108,3600.0
2025-06-26 10:02:00,SATX,,2.9600000381469727,2.9600000381469727,2.9600000381469727,2.9600000381469727,100.0
2025-06-26 10:02:00,SEB,,2947.764892578125,2947.764892578125,2935.53125,2935.53125,9.0
2025-06-26 10:02:00,SENS,,0.4959000051021576,0.49595001339912415,0.4959000051021576,0.4959000051021576,454.0
2025-06-26 10:02:00,SLI,,1.8450000286102295,1.850000023841858,1.840000033378601,1.850000023841858,16034.0
2025-06-26 10:02:00,STXS,,2.194999933242798,2.194999933242798,2.194999933242798,2.194999933242798,1180.0
2025-06-26 10:02:00,SVM,,4.119999885559082,4.130000114440918,4.119999885559082,4.125,25182.0
2025-06-26 10:02:00,TGB,,3.055000066757202,3.055000066757202,3.049999952316284,3.049999952316284,25706.0
2025-06-26 10:02:00,TMP,,61.4900016784668,61.4900016784668,61.4900016784668,61.4900016784668,829.0
2025-06-26 10:02:00,UAMY,,2.4149999618530273,2.430000066757202,2.4149999618530273,2.421999931335449,12221.0
2025-06-26 10:02:00,UAVS,,1.0949000120162964,1.100000023841858,1.0949000120162964,1.100000023841858,9691.0
2025-06-26 10:02:00,UEC,,6.940000057220459,6.940000057220459,6.880000114440918,6.885000228881836,77901.0
2025-06-26 10:02:00,URG,,1.0449999570846558,1.0449999570846558,1.034999966621399,1.034999966621399,19951.0
2025-06-26 10:02:00,USAS,,0.7997999787330627,0.7997999787330627,0.7936999797821045,0.7936999797821045,10357.0
2025-06-26 10:02:00,UUUU,,5.795000076293945,5.800000190734863,5.760000228881836,5.760000228881836,109437.0
2025-06-26 10:02:00,VKI,,8.180000305175781,8.180000305175781,8.180000305175781,8.180000305175781,881.0
2025-06-26 10:02:00,VNRX,,0.7226999998092651,0.7229999899864197,0.7226999998092651,0.7226999998092651,1612.0
2025-06-26 10:02:00,VTAK,,0.24699999392032623,0.24709999561309814,0.24699999392032623,0.24709999561309814,3292.0
2025-06-26 10:02:00,VZLA,,2.9798998832702637,2.9798998832702637,2.9749999046325684,2.9749999046325684,3010.0
2025-06-26 10:02:00,WWR,,0.588100016117096,0.5896999835968018,0.588100016117096,0.5896999835968018,896.0
2025-06-26 10:02:00,WYY,,3.4800000190734863,3.4800000190734863,3.4800000190734863,3.4800000190734863,104.0
2025-06-26 10:03:00,AEON,,0.7708989977836609,0.7708989977836609,0.7708989977836609,0.7708989977836609,291.0
2025-06-26 10:03:00,ASM,,3.5250000953674316,3.5250000953674316,3.5199999809265137,3.5199999809265137,3561.0
2025-06-26 10:03:00,ATNM,,1.559999942779541,1.559999942779541,1.559999942779541,1.559999942779541,112.0
2025-06-26 10:03:00,AZTR,,0.25279998779296875,0.25279998779296875,0.25279998779296875,0.25279998779296875,10301.0
2025-06-26 10:03:00,BEEP,,4.090000152587891,4.090000152587891,4.090000152587891,4.090000152587891,200.0
2025-06-26 10:03:00,BRN,,1.2200000286102295,1.2200000286102295,1.2100000381469727,1.2100000381469727,244.0
2025-06-26 10:03:00,BTG,,3.5950000286102295,3.5999999046325684,3.594399929046631,3.5977001190185547,26231.0
2025-06-26 10:03:00,BURU,,0.33869999647140503,0.3393000066280365,0.33799999952316284,0.33820000290870667,24800.0
2025-06-26 10:03:00,CATX,,3.7100000381469727,3.7100000381469727,3.700000047683716,3.700000047683716,3154.0
2025-06-26 10:03:00,CBOE,,228.7899932861328,228.7899932861328,228.60000610351562,228.6999969482422,976.0
2025-06-26 10:03:00,CEF,,30.279499053955078,30.279499053955078,30.270000457763672,30.270000457763672,3763.0
2025-06-26 10:03:00,CIK,,2.934999942779541,2.9391000270843506,2.930000066757202,2.934999942779541,11365.0
2025-06-26 10:03:00,CLDI,,0.20810000598430634,0.2152000069618225,0.20399999618530273,0.2152000069618225,31166.0
2025-06-26 10:03:00,CLM,,7.934999942779541,7.934999942779541,7.93149995803833,7.93149995803833,281.0
2025-06-26 10:03:00,CPHI,,1.784999966621399,1.784999966621399,1.784999966621399,1.784999966621399,946.0
2025-06-26 10:03:00,CQP,,54.98500061035156,54.98500061035156,54.98500061035156,54.98500061035156,300.0
2025-06-26 10:03:00,CRF,,7.569900035858154,7.570000171661377,7.566299915313721,7.570000171661377,1341.0
2025-06-26 10:03:00,CTM,,1.0311000347137451,1.0348000526428223,1.0311000347137451,1.0348000526428223,1069.0
2025-06-26 10:03:00,CYBN,,8.520000457763672,8.520000457763672,8.470000267028809,8.474200248718262,1468.0
2025-06-26 10:03:00,DHY,,2.109999895095825,2.109999895095825,2.109999895095825,2.109999895095825,517.0
2025-06-26 10:03:00,DNN,,1.7799999713897705,1.7899999618530273,1.7799999713897705,1.7848000526428223,73840.0
2025-06-26 10:03:00,EAD,,6.980000019073486,6.980000019073486,6.980000019073486,6.980000019073486,1133.0
2025-06-26 10:03:00,ENX,,9.240799903869629,9.240799903869629,9.240799903869629,9.240799903869629,200.0
2025-06-26 10:03:00,EQX,,5.869900226593018,5.869900226593018,5.855000019073486,5.855000019073486,8799.0
2025-06-26 10:03:00,ESP,,43.400001525878906,43.40999984741211,43.21500015258789,43.21500015258789,2998.0
2025-06-26 10:03:00,FOXO,,0.20419999957084656,0.20419999957084656,0.20419999957084656,0.20419999957084656,595.0
2025-06-26 10:03:00,FSP,,1.6699999570846558,1.6699999570846558,1.6699999570846558,1.6699999570846558,130.0
2025-06-26 10:03:00,GGN,,4.360000133514404,4.360000133514404,4.360000133514404,4.360000133514404,595.0
2025-06-26 10:03:00,GLDG,,0.7401000261306763,0.7401000261306763,0.7401000261306763,0.7401000261306763,545.0
2025-06-26 10:03:00,GNS,,0.7149990200996399,0.7149990200996399,0.7124009728431702,0.7124009728431702,50948.0
2025-06-26 10:03:00,GROY,,2.299099922180176,2.299099922180176,2.299099922180176,2.299099922180176,218.0
2025-06-26 10:03:00,GSAT,,23.06999969482422,23.06999969482422,23.06999969482422,23.06999969482422,1279.0
2025-06-26 10:03:00,HUSA,,13.75,13.75,13.6899995803833,13.6899995803833,2569.0
2025-06-26 10:03:00,IBO,,0.8795999884605408,0.8799999952316284,0.8795999884605408,0.8799999952316284,657.0
2025-06-26 10:03:00,IDR,,13.095000267028809,13.095000267028809,13.095000267028809,13.095000267028809,144.0
2025-06-26 10:03:00,IE,,9.475000381469727,9.5,9.470000267028809,9.5,2656.0
2025-06-26 10:03:00,IMO,,80.49800109863281,80.49800109863281,80.49800109863281,80.49800109863281,846.0
2025-06-26 10:03:00,INDO,,3.180000066757202,3.180000066757202,3.1702001094818115,3.180000066757202,9111.0
2025-06-26 10:03:00,ITRG,,1.5700000524520874,1.5700000524520874,1.565000057220459,1.565000057220459,26756.0
2025-06-26 10:03:00,KNW,,2.2209999561309814,2.25,2.2000999450683594,2.25,5642.0
2025-06-26 10:03:00,KULR,,5.054999828338623,5.059999942779541,5.025000095367432,5.03000020980835,4921.0
2025-06-26 10:03:00,LCTX,,1.0750000476837158,1.079200029373169,1.0750000476837158,1.079200029373169,1300.0
2025-06-26 10:03:00,LEU,,169.2899932861328,170.3000030517578,168.6300048828125,169.88499450683594,6291.0
2025-06-26 10:03:00,LMND,,42.167198181152344,42.16999816894531,42.060001373291016,42.11000061035156,11164.0
2025-06-26 10:03:00,LNG,,238.36000061035156,238.58999633789062,238.10000610351562,238.22000122070312,3214.0
2025-06-26 10:03:00,LODE,,3.630000114440918,3.640000104904175,3.609999895095825,3.609999895095825,9687.0
2025-06-26 10:03:00,MAG,,21.33919906616211,21.350000381469727,21.329999923706055,21.329999923706055,3843.0
2025-06-26 10:03:00,MPTI,,39.849998474121094,39.849998474121094,39.849998474121094,39.849998474121094,162.0
2025-06-26 10:03:00,MRT,,2.884999990463257,2.884999990463257,2.884999990463257,2.884999990463257,226.0
2025-06-26 10:03:00,MTA,,3.880000114440918,3.884999990463257,3.880000114440918,3.884999990463257,886.0
2025-06-26 10:03:00,MTNB,,0.921999990940094,0.921999990940094,0.921999990940094,0.921999990940094,259.0
2025-06-26 10:03:00,MXC,,9.378499984741211,9.378499984741211,9.25,9.279999732971191,1385.0
2025-06-26 10:03:00,NAK,,1.565000057220459,1.5700000524520874,1.5605000257492065,1.5605000257492065,41438.0
2025-06-26 10:03:00,NCL,,0.18250000476837158,0.18250000476837158,0.17990000545978546,0.17990000545978546,53099.0
2025-06-26 10:03:00,NFGC,,1.475000023841858,1.475000023841858,1.475000023841858,1.475000023841858,262.0
2025-06-26 10:03:00,NG,,3.8550000190734863,3.8598999977111816,3.8350000381469727,3.8499999046325684,23611.0
2025-06-26 10:03:00,NGD,,4.864999771118164,4.869999885559082,4.849999904632568,4.8597002029418945,66081.0
2025-06-26 10:03:00,NNVC,,1.2100000381469727,1.2148000001907349,1.2100000381469727,1.2148000001907349,597.0
2025-06-26 10:03:00,NRO,,3.180000066757202,3.180999994277954,3.180000066757202,3.180999994277954,8751.0
2025-06-26 10:03:00,OPTT,,0.5062999725341797,0.5091999769210815,0.5049999952316284,0.5076000094413757,27225.0
2025-06-26 10:03:00,ORLA,,9.960000038146973,9.960000038146973,9.954999923706055,9.960000038146973,718.0
2025-06-26 10:03:00,OSTX,,1.850000023841858,1.850000023841858,1.8301000595092773,1.8350000381469727,3173.0
2025-06-26 10:03:00,PED,,0.6579999923706055,0.6579999923706055,0.6579999923706055,0.6579999923706055,150.0
2025-06-26 10:03:00,PLG,,1.600000023841858,1.600000023841858,1.590000033378601,1.5901000499725342,8470.0
2025-06-26 10:03:00,PLMR,,149.00559997558594,149.47000122070312,149.00559997558594,149.47000122070312,2653.0
2025-06-26 10:03:00,PLX,,1.465000033378601,1.4700000286102295,1.465000033378601,1.4700000286102295,1383.0
2025-06-26 10:03:00,REI,,0.7628999948501587,0.7641400098800659,0.7628999948501587,0.7641400098800659,499.0
2025-06-26 10:03:00,REPX,,26.200000762939453,26.299999237060547,26.200000762939453,26.200000762939453,584.0
2025-06-26 10:03:00,SACH,,1.090000033378601,1.090000033378601,1.090000033378601,1.090000033378601,793.0
2025-06-26 10:03:00,SATX,,2.9600000381469727,2.9600000381469727,2.9600000381469727,2.9600000381469727,1600.0
2025-06-26 10:03:00,SEB,,2935.6298828125,2935.6298828125,2935.6298828125,2935.6298828125,1.0
2025-06-26 10:03:00,SENS,,0.4959000051021576,0.4959999918937683,0.4959000051021576,0.4959000051021576,613695.0
2025-06-26 10:03:00,SGN,,1.0099999904632568,1.0149999856948853,1.0099999904632568,1.0149999856948853,800.0
2025-06-26 10:03:00,SLI,,1.8499000072479248,1.850000023841858,1.8450000286102295,1.8499000072479248,2656.0
2025-06-26 10:03:00,SOAR,,1.4600000381469727,1.4600000381469727,1.4600000381469727,1.4600000381469727,103.0
2025-06-26 10:03:00,SVM,,4.125,4.135000228881836,4.119999885559082,4.129799842834473,24649.0
2025-06-26 10:03:00,TGB,,3.065000057220459,3.069999933242798,3.055000066757202,3.055000066757202,19014.0
2025-06-26 10:03:00,UAMY,,2.4284000396728516,2.430000066757202,2.4200000762939453,2.4200000762939453,8669.0
2025-06-26 10:03:00,UAVS,,1.090000033378601,1.0950000286102295,1.0801000595092773,1.0950000286102295,9918.0
2025-06-26 10:03:00,UEC,,6.900000095367432,6.940000057220459,6.900000095367432,6.934999942779541,63575.0
2025-06-26 10:03:00,URG,,1.0449999570846558,1.0449999570846558,1.0449999570846558,1.0449999570846558,637.0
2025-06-26 10:03:00,UTG,,35.328800201416016,35.328800201416016,35.328800201416016,35.328800201416016,101.0
2025-06-26 10:03:00,UUUU,,5.784999847412109,5.799900054931641,5.769999980926514,5.793099880218506,31839.0
2025-06-26 10:03:00,VGZ,,1.0199999809265137,1.0199999809265137,1.0199999809265137,1.0199999809265137,479.0
2025-06-26 10:03:00,VNRX,,0.7300000190734863,0.7300000190734863,0.7300000190734863,0.7300000190734863,1426.0
2025-06-26 10:03:00,VTAK,,0.2498999983072281,0.2498999983072281,0.24699999392032623,0.24699999392032623,35535.0
2025-06-26 10:03:00,VZLA,,2.9749999046325684,2.9798998832702637,2.9749999046325684,2.9749999046325684,2152.0
2025-06-26 10:03:00,WWR,,0.5845000147819519,0.5845000147819519,0.5845000147819519,0.5845000147819519,1001.0
2025-06-26 10:03:00,XPL,,0.6424999833106995,0.6424999833106995,0.6424999833106995,0.6424999833106995,100.0
2025-06-26 10:04:00,ARMN,,6.860000133514404,6.875,6.860000133514404,6.875,741.0
2025-06-26 10:04:00,ASM,,3.525099992752075,3.525099992752075,3.5199999809265137,3.5199999809265137,4954.0
2025-06-26 10:04:00,BEEP,,4.098299980163574,4.098299980163574,4.098299980163574,4.098299980163574,927.0
2025-06-26 10:04:00,BTG,,3.5952999591827393,3.5999999046325684,3.5899999141693115,3.5999999046325684,320525.0
2025-06-26 10:04:00,BURU,,0.3416999876499176,0.3418000042438507,0.3386000096797943,0.3389500081539154,24176.0
2025-06-26 10:04:00,CATX,,3.7249999046325684,3.7249999046325684,3.7100000381469727,3.7100000381469727,1029.0
2025-06-26 10:04:00,CBOE,,228.7899932861328,228.7899932861328,228.7899932861328,228.7899932861328,155.0
2025-06-26 10:04:00,CCEL,,6.045899868011475,6.079999923706055,5.989999771118164,5.989999771118164,3321.0
2025-06-26 10:04:00,CEF,,30.270000457763672,30.270000457763672,30.270000457763672,30.270000457763672,165.0
2025-06-26 10:04:00,CET,,47.310001373291016,47.310001373291016,47.29999923706055,47.29999923706055,1400.0
2025-06-26 10:04:00,CIK,,2.934999942779541,2.934999942779541,2.9300999641418457,2.9300999641418457,760.0
2025-06-26 10:04:00,CLDI,,0.20999999344348907,0.21209999918937683,0.20810000598430634,0.2094999998807907,7222.0
2025-06-26 10:04:00,CLM,,7.935100078582764,7.935100078582764,7.929999828338623,7.934899806976318,6061.0
2025-06-26 10:04:00,CPHI,,1.7400000095367432,1.7400000095367432,1.7400000095367432,1.7400000095367432,405.0
2025-06-26 10:04:00,CQP,,54.98500061035156,54.98500061035156,54.98500061035156,54.98500061035156,300.0
2025-06-26 10:04:00,CRF,,7.569900035858154,7.570000171661377,7.569900035858154,7.570000171661377,351.0
2025-06-26 10:04:00,CTGO,,20.770000457763672,20.770000457763672,20.770000457763672,20.770000457763672,184.0
2025-06-26 10:04:00,CTM,,1.0351999998092651,1.0392999649047852,1.0351999998092651,1.0392999649047852,1641.0
2025-06-26 10:04:00,DC,,3.755000114440918,3.755000114440918,3.755000114440918,3.755000114440918,255.0
2025-06-26 10:04:00,DDC,,10.539999961853027,10.550000190734863,10.539999961853027,10.539999961853027,556.0
2025-06-26 10:04:00,DNN,,1.784999966621399,1.7899999618530273,1.7799999713897705,1.784999966621399,66361.0
2025-06-26 10:04:00,EAD,,6.974999904632568,6.974999904632568,6.974999904632568,6.974999904632568,100.0
2025-06-26 10:04:00,ECF,,10.172499656677246,10.172499656677246,10.172499656677246,10.172499656677246,100.0
2025-06-26 10:04:00,ELLO,,17.309999465942383,17.360000610351562,17.309999465942383,17.360000610351562,312.0
2025-06-26 10:04:00,EMX,,2.5299999713897705,2.5299999713897705,2.5299999713897705,2.5299999713897705,300.0
2025-06-26 10:04:00,EQX,,5.855000019073486,5.864999771118164,5.855000019073486,5.864999771118164,36121.0
2025-06-26 10:04:00,ESP,,43.67499923706055,43.97999954223633,43.21500015258789,43.21500015258789,4676.0
2025-06-26 10:04:00,EVV,,10.140000343322754,10.140000343322754,10.140000343322754,10.140000343322754,155.0
2025-06-26 10:04:00,FOXO,,0.20419999957084656,0.20489999651908875,0.20419999957084656,0.20489999651908875,612.0
2025-06-26 10:04:00,FSP,,1.684999942779541,1.684999942779541,1.684999942779541,1.684999942779541,489.0
2025-06-26 10:04:00,FTF,,6.394999980926514,6.394999980926514,6.394999980926514,6.394999980926514,260.0
2025-06-26 10:04:00,FURY,,0.47519999742507935,0.47999998927116394,0.47519999742507935,0.47999998927116394,6942.0
2025-06-26 10:04:00,GAU,,1.2899999618530273,1.2949999570846558,1.2899999618530273,1.2949999570846558,13045.0
2025-06-26 10:04:00,GLDG,,0.7401000261306763,0.7426999807357788,0.7401000261306763,0.7426999807357788,249.0
2025-06-26 10:04:00,GLO,,5.315000057220459,5.315000057220459,5.315000057220459,5.315000057220459,450.0
2025-06-26 10:04:00,GNS,,0.7147529721260071,0.7149999737739563,0.7129009962081909,0.7149999737739563,6373.0
2025-06-26 10:04:00,GORO,,0.5439000129699707,0.5439000129699707,0.5351999998092651,0.5351999998092651,421.0
2025-06-26 10:04:00,GRF,,9.714400291442871,9.714400291442871,9.714400291442871,9.714400291442871,1487.0
2025-06-26 10:04:00,GSAT,,23.139999389648438,23.139999389648438,23.110000610351562,23.110000610351562,2153.0
2025-06-26 10:04:00,GTE,,4.954999923706055,4.954999923706055,4.949999809265137,4.949999809265137,594.0
2025-06-26 10:04:00,HNW,,12.359999656677246,12.359999656677246,12.359999656677246,12.359999656677246,0.0
2025-06-26 10:04:00,HUSA,,13.795999526977539,13.795999526977539,13.6899995803833,13.720000267028809,923.0
2025-06-26 10:04:00,IBO,,0.8806999921798706,0.8806999921798706,0.8759999871253967,0.8759999871253967,5256.0
2025-06-26 10:04:00,IE,,9.444999694824219,9.479999542236328,9.430000305175781,9.470000267028809,11988.0
2025-06-26 10:04:00,IGC,,0.3076010048389435,0.3076010048389435,0.3076010048389435,0.3076010048389435,351.0
2025-06-26 10:04:00,IMO,,80.3499984741211,80.38999938964844,80.3499984741211,80.38999938964844,221.0
2025-06-26 10:04:00,INDO,,3.174999952316284,3.180000066757202,3.1700000762939453,3.174999952316284,6006.0
2025-06-26 10:04:00,ITP,,0.1890999972820282,0.1890999972820282,0.1890999972820282,0.1890999972820282,855.0
2025-06-26 10:04:00,ITRG,,1.5613000392913818,1.5700000524520874,1.5613000392913818,1.5700000524520874,1304.0
2025-06-26 10:04:00,KNW,,2.2000999450683594,2.2300000190734863,2.2000999450683594,2.2200000286102295,5851.0
2025-06-26 10:04:00,KULR,,5.074999809265137,5.074999809265137,5.051799774169922,5.059999942779541,11306.0
2025-06-26 10:04:00,LCTX,,1.0850000381469727,1.0898000001907349,1.0788999795913696,1.0788999795913696,22783.0
2025-06-26 10:04:00,LEU,,167.41000366210938,169.93190002441406,167.19000244140625,169.2899932861328,6803.0
2025-06-26 10:04:00,LMND,,42.39500045776367,42.459999084472656,42.06999969482422,42.06999969482422,6501.0
2025-06-26 10:04:00,LNG,,238.36000061035156,238.47999572753906,238.24000549316406,238.24000549316406,785.0
2025-06-26 10:04:00,MAG,,21.309999465942383,21.329999923706055,21.309999465942383,21.329999923706055,13758.0
2025-06-26 10:04:00,MITQ,,0.6800000071525574,0.6800000071525574,0.6748999953269958,0.6748999953269958,840.0
2025-06-26 10:04:00,MRT,,2.890000104904175,2.890000104904175,2.890000104904175,2.890000104904175,285.0
2025-06-26 10:04:00,MTA,,3.873800039291382,3.880000114440918,3.873800039291382,3.880000114440918,712.0
2025-06-26 10:04:00,MTNB,,0.9200000166893005,0.9200000166893005,0.9200000166893005,0.9200000166893005,4667.0
2025-06-26 10:04:00,MYO,,2.2899999618530273,2.2899999618530273,2.2899999618530273,2.2899999618530273,492.0
2025-06-26 10:04:00,NAK,,1.5700000524520874,1.5700000524520874,1.559999942779541,1.5700000524520874,63325.0
2025-06-26 10:04:00,NCL,,0.18250000476837158,0.18250000476837158,0.18000000715255737,0.18250000476837158,33532.0
2025-06-26 10:04:00,NG,,3.864799976348877,3.865000009536743,3.859999895095825,3.859999895095825,7540.0
2025-06-26 10:04:00,NGD,,4.855000019073486,4.864999771118164,4.849999904632568,4.864999771118164,21300.0
2025-06-26 10:04:00,NNVC,,1.2000000476837158,1.2100000381469727,1.2000000476837158,1.2100000381469727,3879.0
2025-06-26 10:04:00,OBE,,5.494999885559082,5.5,5.494999885559082,5.5,3189.0
2025-06-26 10:04:00,OPTT,,0.5081999897956848,0.5081999897956848,0.507099986076355,0.507099986076355,2212.0
2025-06-26 10:04:00,ORLA,,9.949799537658691,9.960000038146973,9.930000305175781,9.960000038146973,2668.0
2025-06-26 10:04:00,OSTX,,1.8300000429153442,1.8300000429153442,1.8300000429153442,1.8300000429153442,304.0
2025-06-26 10:04:00,PLG,,1.5989999771118164,1.5989999771118164,1.5950000286102295,1.5950000286102295,602.0
2025-06-26 10:04:00,PLMR,,148.91000366210938,148.92999267578125,148.56939697265625,148.92999267578125,2469.0
2025-06-26 10:04:00,REI,,0.76419997215271,0.7650499939918518,0.7628999948501587,0.7650499939918518,3214.0
2025-06-26 10:04:00,SATX,,2.9600000381469727,2.9600000381469727,2.9600000381469727,2.9600000381469727,400.0
2025-06-26 10:04:00,SCCC,,24.94860076904297,24.94860076904297,24.94860076904297,24.94860076904297,0.0
2025-06-26 10:04:00,SENS,,0.4959000051021576,0.4959000051021576,0.4959000051021576,0.4959000051021576,6964.0
2025-06-26 10:04:00,SLI,,1.8550000190734863,1.8600000143051147,1.850000023841858,1.850000023841858,3811.0
2025-06-26 10:04:00,SOAR,,1.4550000429153442,1.4550000429153442,1.4550000429153442,1.4550000429153442,412.0
2025-06-26 10:04:00,SVM,,4.125,4.130000114440918,4.110000133514404,4.120100021362305,46353.0
2025-06-26 10:04:00,TGB,,3.065000057220459,3.069999933242798,3.059999942779541,3.065000057220459,10486.0
2025-06-26 10:04:00,THM,,0.9246500134468079,0.9246500134468079,0.9246500134468079,0.9246500134468079,3000.0
2025-06-26 10:04:00,UAMY,,2.4240000247955322,2.430000066757202,2.4240000247955322,2.4296998977661133,3380.0
2025-06-26 10:04:00,UAVS,,1.090000033378601,1.090000033378601,1.090000033378601,1.090000033378601,307.0
2025-06-26 10:04:00,UEC,,6.909999847412109,6.929900169372559,6.900100231170654,6.909999847412109,35323.0
2025-06-26 10:04:00,URG,,1.0449999570846558,1.0499999523162842,1.0449999570846558,1.0449999570846558,400.0
2025-06-26 10:04:00,USAS,,0.7970499992370605,0.7991999983787537,0.7936000227928162,0.7990999817848206,8185.0
2025-06-26 10:04:00,UTG,,35.34880065917969,35.34880065917969,35.34880065917969,35.34880065917969,150.0
2025-06-26 10:04:00,UUUU,,5.780099868774414,5.795000076293945,5.78000020980835,5.780099868774414,22854.0
2025-06-26 10:04:00,VTAK,,0.2498999983072281,0.2498999983072281,0.24979999661445618,0.24979999661445618,30100.0
2025-06-26 10:04:00,VZLA,,2.9751999378204346,2.9751999378204346,2.9700000286102295,2.9749999046325684,5565.0
2025-06-26 10:04:00,WRN,,1.2300000190734863,1.2300000190734863,1.2300000190734863,1.2300000190734863,0.0
2025-06-26 10:04:00,WWR,,0.5845000147819519,0.5845000147819519,0.5845000147819519,0.5845000147819519,153.0
2025-06-26 10:04:00,XPL,,0.65829998254776,0.65829998254776,0.65829998254776,0.65829998254776,0.0
2025-06-26 10:04:00,ZDGE,,4.0131001472473145,4.0131001472473145,4.0131001472473145,4.0131001472473145,313.0
2025-06-26 10:05:00,AMBO,,2.8199000358581543,2.8199000358581543,2.8199000358581543,2.8199000358581543,1134.0
2025-06-26 10:05:00,AREN,,5.670000076293945,5.670000076293945,5.670000076293945,5.670000076293945,171.0
2025-06-26 10:05:00,ARMN,,6.86929988861084,6.86929988861084,6.849999904632568,6.849999904632568,2150.0
2025-06-26 10:05:00,ASM,,3.5250000953674316,3.5299999713897705,3.5199999809265137,3.5199999809265137,4907.0
2025-06-26 10:05:00,ATNM,,1.559999942779541,1.559999942779541,1.559999942779541,1.559999942779541,1050.0
2025-06-26 10:05:00,AUST,,1.3600000143051147,1.3600000143051147,1.350000023841858,1.350000023841858,885.0
2025-06-26 10:05:00,BATL,,1.4800000190734863,1.4800000190734863,1.4700000286102295,1.4700000286102295,401.0
2025-06-26 10:05:00,BEEP,,4.0980000495910645,4.0980000495910645,4.0980000495910645,4.0980000495910645,657.0
2025-06-26 10:05:00,BKTI,,54.0,54.0,53.97999954223633,53.97999954223633,2200.0
2025-06-26 10:05:00,BTG,,3.5950000286102295,3.5999999046325684,3.5899999141693115,3.5950000286102295,45375.0
2025-06-26 10:05:00,BURU,,0.3400999903678894,0.34540000557899475,0.3400999903678894,0.3412500023841858,11847.0
2025-06-26 10:05:00,CATX,,3.700000047683716,3.700000047683716,3.700000047683716,3.700000047683716,123.0
2025-06-26 10:05:00,CCEL,,6.255000114440918,6.349999904632568,6.085000038146973,6.085000038146973,3328.0
2025-06-26 10:05:00,CEF,,30.260000228881836,30.2637996673584,30.260000228881836,30.2637996673584,702.0
2025-06-26 10:05:00,CET,,47.21630096435547,47.21630096435547,47.21630096435547,47.21630096435547,356.0
2025-06-26 10:05:00,CIK,,2.934999942779541,2.934999942779541,2.934999942779541,2.934999942779541,200.0
2025-06-26 10:05:00,CLDI,,0.20999999344348907,0.21220000088214874,0.20999999344348907,0.21010099351406097,1272.0
2025-06-26 10:05:00,CLM,,7.929999828338623,7.939899921417236,7.929999828338623,7.929999828338623,1488.0
2025-06-26 10:05:00,CMCL,,19.040000915527344,19.040000915527344,19.040000915527344,19.040000915527344,2216.0
2025-06-26 10:05:00,CQP,,54.74570083618164,54.90999984741211,54.744998931884766,54.83000183105469,3582.0
2025-06-26 10:05:00,CRF,,7.565000057220459,7.570000171661377,7.559999942779541,7.565000057220459,1772.0
2025-06-26 10:05:00,CTM,,1.0382000207901,1.0382000207901,1.0299999713897705,1.0299999713897705,3695.0
2025-06-26 10:05:00,DNN,,1.7799999713897705,1.7899999618530273,1.7799999713897705,1.7800999879837036,467116.0
2025-06-26 10:05:00,DSS,,0.9000999927520752,0.9000999927520752,0.9000999927520752,0.9000999927520752,100.0
2025-06-26 10:05:00,ECF,,10.180000305175781,10.180000305175781,10.15999984741211,10.15999984741211,911.0
2025-06-26 10:05:00,ELLO,,17.280000686645508,17.280000686645508,17.280000686645508,17.280000686645508,0.0
2025-06-26 10:05:00,EMX,,2.5251998901367188,2.5251998901367188,2.5251998901367188,2.5251998901367188,564.0
2025-06-26 10:05:00,EQX,,5.864999771118164,5.869999885559082,5.849999904632568,5.855000019073486,31488.0
2025-06-26 10:05:00,FOXO,,0.20419999957084656,0.20419999957084656,0.20419999957084656,0.20419999957084656,701.0
2025-06-26 10:05:00,FSP,,1.6699999570846558,1.6699999570846558,1.6699999570846558,1.6699999570846558,151.0
2025-06-26 10:05:00,FURY,,0.4740999937057495,0.4740999937057495,0.4740000069141388,0.4740000069141388,14511.0
2025-06-26 10:05:00,GAU,,1.2799999713897705,1.2799999713897705,1.2799999713897705,1.2799999713897705,787.0
2025-06-26 10:05:00,GBR,,1.094599962234497,1.094599962234497,1.0549999475479126,1.0800000429153442,4610.0
2025-06-26 10:05:00,GGN,,4.360000133514404,4.360000133514404,4.350100040435791,4.360000133514404,3508.0
2025-06-26 10:05:00,GLQ,,6.942299842834473,6.942299842834473,6.942299842834473,6.942299842834473,255.0
2025-06-26 10:05:00,GLV,,5.623000144958496,5.623000144958496,5.623000144958496,5.623000144958496,2728.0
2025-06-26 10:05:00,GNS,,0.7634000182151794,0.7710999846458435,0.7148000001907349,0.7634000182151794,275658.0
2025-06-26 10:05:00,GORO,,0.5394999980926514,0.5394999980926514,0.5351999998092651,0.5351999998092651,1110.0
2025-06-26 10:05:00,GSAT,,23.139999389648438,23.139999389648438,23.139999389648438,23.139999389648438,585.0
2025-06-26 10:05:00,GTE,,4.958099842071533,4.958099842071533,4.949999809265137,4.949999809265137,400.0
2025-06-26 10:05:00,HUSA,,13.720100402832031,13.765000343322754,13.620100021362305,13.72439956665039,1620.0
2025-06-26 10:05:00,IBO,,0.8758999705314636,0.8799999952316284,0.8758999705314636,0.8759099841117859,2674.0
2025-06-26 10:05:00,IDR,,13.039999961853027,13.039999961853027,13.039999961853027,13.039999961853027,624.0
2025-06-26 10:05:00,IMO,,80.38500213623047,80.38500213623047,80.38500213623047,80.38500213623047,351.0
2025-06-26 10:05:00,INDO,,3.1600000858306885,3.1603000164031982,3.1600000858306885,3.1600000858306885,1634.0
2025-06-26 10:05:00,ITRG,,1.5700000524520874,1.5700000524520874,1.5700000524520874,1.5700000524520874,2006.0
2025-06-26 10:05:00,KNW,,2.2137999534606934,2.2300000190734863,2.200000047683716,2.2300000190734863,2319.0
2025-06-26 10:05:00,KULR,,5.059999942779541,5.074999809265137,5.050000190734863,5.074999809265137,17340.0
2025-06-26 10:05:00,LCTX,,1.0850000381469727,1.0891000032424927,1.0850000381469727,1.0850000381469727,1092.0
2025-06-26 10:05:00,LEU,,169.4199981689453,169.4199981689453,168.01499938964844,168.01499938964844,6737.0
2025-06-26 10:05:00,LMND,,42.48500061035156,42.5,42.33000183105469,42.43000030517578,15548.0
2025-06-26 10:05:00,LNG,,238.36000061035156,238.36000061035156,237.9600067138672,237.9600067138672,562.0
2025-06-26 10:05:00,LODE,,3.5999999046325684,3.619999885559082,3.5999999046325684,3.619999885559082,1143.0
2025-06-26 10:05:00,MAG,,21.329999923706055,21.329999923706055,21.309999465942383,21.309999465942383,3777.0
2025-06-26 10:05:00,MTA,,3.859999895095825,3.890000104904175,3.859999895095825,3.875,426.0
2025-06-26 10:05:00,MTNB,,0.9154000282287598,0.9154000282287598,0.9154000282287598,0.9154000282287598,1000.0
2025-06-26 10:05:00,MYO,,2.2950000762939453,2.2950000762939453,2.2950000762939453,2.2950000762939453,30352.0
2025-06-26 10:05:00,NAK,,1.5850000381469727,1.590000033378601,1.559999942779541,1.565000057220459,47608.0
2025-06-26 10:05:00,NCL,,0.18119899928569794,0.18119899928569794,0.18119899928569794,0.18119899928569794,216.0
2025-06-26 10:05:00,NEWP,,1.3700000047683716,1.3700000047683716,1.3700000047683716,1.3700000047683716,3500.0
2025-06-26 10:05:00,NFGC,,1.475100040435791,1.475100040435791,1.475100040435791,1.475100040435791,350.0
2025-06-26 10:05:00,NG,,3.875,3.884999990463257,3.8550000190734863,3.869999885559082,37622.0
2025-06-26 10:05:00,NGD,,4.860799789428711,4.864999771118164,4.849999904632568,4.859899997711182,92685.0
2025-06-26 10:05:00,NHC,,108.6449966430664,108.6449966430664,108.6449966430664,108.6449966430664,713.0
2025-06-26 10:05:00,NNVC,,1.2080999612808228,1.2080999612808228,1.2000000476837158,1.205399990081787,13899.0
2025-06-26 10:05:00,OPTT,,0.5065990090370178,0.508400022983551,0.5052000284194946,0.5072000026702881,8492.0
2025-06-26 10:05:00,PLG,,1.5950000286102295,1.5950000286102295,1.5950000286102295,1.5950000286102295,850.0
2025-06-26 10:05:00,PLMR,,148.08999633789062,148.59019470214844,147.82000732421875,148.47999572753906,3119.0
2025-06-26 10:05:00,PLX,,1.4600000381469727,1.4600000381469727,1.4600000381469727,1.4600000381469727,1000.0
2025-06-26 10:05:00,REI,,0.7670000195503235,0.7670000195503235,0.7667999863624573,0.7667999863624573,3300.0
2025-06-26 10:05:00,REPX,,26.200000762939453,26.200000762939453,26.200000762939453,26.200000762939453,224.0
2025-06-26 10:05:00,SATX,,2.9600000381469727,2.9600000381469727,2.9600000381469727,2.9600000381469727,206.0
2025-06-26 10:05:00,SENS,,0.4959999918937683,0.4959999918937683,0.4959000051021576,0.4959000051021576,1202.0
2025-06-26 10:05:00,SGN,,1.0199999809265137,1.0199999809265137,1.0199999809265137,1.0199999809265137,1313.0
2025-06-26 10:05:00,SKYH,,9.59000015258789,9.59000015258789,9.59000015258789,9.59000015258789,601.0
2025-06-26 10:05:00,SLI,,1.8550000190734863,1.8559999465942383,1.8550000190734863,1.8550000190734863,667.0
2025-06-26 10:05:00,SVM,,4.130000114440918,4.130000114440918,4.120200157165527,4.120299816131592,21787.0
2025-06-26 10:05:00,TGB,,3.0645999908447266,3.069999933242798,3.059999942779541,3.065000057220459,34668.0
2025-06-26 10:05:00,TRX,,0.3374499976634979,0.3374499976634979,0.3374499976634979,0.3374499976634979,5000.0
2025-06-26 10:05:00,UAMY,,2.427799940109253,2.427799940109253,2.424999952316284,2.424999952316284,527.0
2025-06-26 10:05:00,UAVS,,1.0857000350952148,1.0889999866485596,1.0857000350952148,1.0889999866485596,694.0
2025-06-26 10:05:00,UEC,,6.909999847412109,6.909999847412109,6.900000095367432,6.901199817657471,58657.0
2025-06-26 10:05:00,URG,,1.034999966621399,1.0399999618530273,1.0348000526428223,1.0399999618530273,13719.0
2025-06-26 10:05:00,USAS,,0.7936009764671326,0.7936009764671326,0.7936009764671326,0.7936009764671326,425.0
2025-06-26 10:05:00,UTG,,35.349998474121094,35.349998474121094,35.349998474121094,35.349998474121094,645.0
2025-06-26 10:05:00,UUUU,,5.804999828338623,5.804999828338623,5.775000095367432,5.78000020980835,163873.0
2025-06-26 10:05:00,VTAK,,0.24979999661445618,0.2498999983072281,0.24979999661445618,0.2498999983072281,50009.0
2025-06-26 10:05:00,VZLA,,2.9800000190734863,2.9800000190734863,2.9749999046325684,2.9749999046325684,8942.0
2025-06-26 10:06:00,AMBO,,2.6500000953674316,2.6500000953674316,2.6500000953674316,2.6500000953674316,692.0
2025-06-26 10:06:00,AREN,,5.75,5.78000020980835,5.659999847412109,5.659999847412109,4124.0
2025-06-26 10:06:00,ASM,,3.5350000858306885,3.5350000858306885,3.5199999809265137,3.529900074005127,9227.0
2025-06-26 10:06:00,ATNM,,1.5699000358581543,1.5699000358581543,1.5699000358581543,1.5699000358581543,510.0
2025-06-26 10:06:00,BATL,,1.4694000482559204,1.489300012588501,1.4694000482559204,1.489300012588501,581.0
2025-06-26 10:06:00,BKTI,,54.0,54.0,54.0,54.0,845.0
2025-06-26 10:06:00,BTG,,3.5950000286102295,3.599900007247925,3.5899999141693115,3.595400094985962,28894.0
2025-06-26 10:06:00,BURU,,0.3400999903678894,0.34200000762939453,0.3400000035762787,0.3405500054359436,81153.0
2025-06-26 10:06:00,CATX,,3.7149999141693115,3.7300000190734863,3.7149999141693115,3.7200000286102295,1518.0
2025-06-26 10:06:00,CBOE,,228.8300018310547,228.8300018310547,228.7899932861328,228.7899932861328,1008.0
2025-06-26 10:06:00,CCEL,,5.960000038146973,6.334400177001953,5.960000038146973,6.142399787902832,17759.0
2025-06-26 10:06:00,CEF,,30.290000915527344,30.290000915527344,30.290000915527344,30.290000915527344,1413.0
2025-06-26 10:06:00,CIK,,2.9354000091552734,2.9354000091552734,2.930000066757202,2.930000066757202,776.0
2025-06-26 10:06:00,CLDI,,0.21209900081157684,0.21209900081157684,0.20999999344348907,0.210999995470047,1615.0
2025-06-26 10:06:00,CLM,,7.940000057220459,7.940000057220459,7.934999942779541,7.935100078582764,2758.0
2025-06-26 10:06:00,CQP,,54.900001525878906,54.900001525878906,54.72999954223633,54.81999969482422,600.0
2025-06-26 10:06:00,CRF,,7.565400123596191,7.565400123596191,7.565400123596191,7.565400123596191,248.0
2025-06-26 10:06:00,CTM,,1.034999966621399,1.0399999618530273,1.034999966621399,1.0399999618530273,1741.0
2025-06-26 10:06:00,CYBN,,8.520000457763672,8.520000457763672,8.520000457763672,8.520000457763672,1002.0
2025-06-26 10:06:00,DHY,,2.109999895095825,2.109999895095825,2.109999895095825,2.109999895095825,2528.0
2025-06-26 10:06:00,DNN,,1.7899999618530273,1.7899999618530273,1.7799999713897705,1.7862999439239502,7672.0
2025-06-26 10:06:00,DXF,,4.861700057983398,4.910999774932861,4.861700057983398,4.910999774932861,1000.0
2025-06-26 10:06:00,EQX,,5.875,5.880000114440918,5.860000133514404,5.869999885559082,110737.0
2025-06-26 10:06:00,ESBA,,7.443299770355225,7.443299770355225,7.443299770355225,7.443299770355225,0.0
2025-06-26 10:06:00,ESP,,43.53499984741211,43.53499984741211,43.53499984741211,43.53499984741211,133.0
2025-06-26 10:06:00,EVV,,10.154999732971191,10.154999732971191,10.154999732971191,10.154999732971191,101.0
2025-06-26 10:06:00,FOXO,,0.20452000200748444,0.20452000200748444,0.20419999957084656,0.20419999957084656,1794.0
2025-06-26 10:06:00,GAU,,1.284999966621399,1.284999966621399,1.284999966621399,1.284999966621399,4050.0
2025-06-26 10:06:00,GGN,,4.353300094604492,4.360000133514404,4.353300094604492,4.360000133514404,1403.0
2025-06-26 10:06:00,GLDG,,0.745199978351593,0.745199978351593,0.745199978351593,0.745199978351593,200.0
2025-06-26 10:06:00,GLQ,,6.928400039672852,6.928400039672852,6.928400039672852,6.928400039672852,256.0
2025-06-26 10:06:00,GNS,,0.7649000287055969,0.7699999809265137,0.75,0.760200023651123,245098.0
2025-06-26 10:06:00,GROY,,2.2950000762939453,2.2950000762939453,2.2950000762939453,2.2950000762939453,4386.0
2025-06-26 10:06:00,GTE,,4.949999809265137,4.949999809265137,4.949999809265137,4.949999809265137,527.0
2025-06-26 10:06:00,HUSA,,13.75,13.8100004196167,13.720000267028809,13.765000343322754,2518.0
2025-06-26 10:06:00,IBO,,0.8751999735832214,0.8799999952316284,0.8751999735832214,0.8760010004043579,2422.0
2025-06-26 10:06:00,IE,,9.4350004196167,9.460000038146973,9.430000305175781,9.430000305175781,11913.0
2025-06-26 10:06:00,IMO,,80.30000305175781,80.30000305175781,80.30000305175781,80.30000305175781,362.0
2025-06-26 10:06:00,INDO,,3.1401000022888184,3.1600000858306885,3.140000104904175,3.1600000858306885,7740.0
2025-06-26 10:06:00,INUV,,3.8399999141693115,3.8399999141693115,3.8399999141693115,3.8399999141693115,645.0
2025-06-26 10:06:00,ITP,,0.18860000371932983,0.18860000371932983,0.18860000371932983,0.18860000371932983,2400.0
2025-06-26 10:06:00,ITRG,,1.5750000476837158,1.5753999948501587,1.5700000524520874,1.5700000524520874,1700.0
2025-06-26 10:06:00,KNW,,2.2149999141693115,2.2149999141693115,2.2005999088287354,2.2149999141693115,3106.0
2025-06-26 10:06:00,KULR,,5.065000057220459,5.079999923706055,5.051000118255615,5.059899806976318,26070.0
2025-06-26 10:06:00,LCTX,,1.0850000381469727,1.090000033378601,1.0850000381469727,1.0850000381469727,4385.0
2025-06-26 10:06:00,LEU,,168.97500610351562,170.07000732421875,168.97500610351562,169.72000122070312,3780.0
2025-06-26 10:06:00,LMND,,42.310001373291016,42.54999923706055,42.310001373291016,42.41999816894531,5407.0
2025-06-26 10:06:00,LNG,,238.35000610351562,238.35000610351562,238.35000610351562,238.35000610351562,455.0
2025-06-26 10:06:00,MAG,,21.34000015258789,21.344999313354492,21.34000015258789,21.34000015258789,1165.0
2025-06-26 10:06:00,MAIA,,1.6309000253677368,1.6309000253677368,1.6309000253677368,1.6309000253677368,336.0
2025-06-26 10:06:00,MLSS,,0.7656000256538391,0.7656000256538391,0.7656000256538391,0.7656000256538391,400.0
2025-06-26 10:06:00,MRT,,2.8987998962402344,2.898900032043457,2.8987998962402344,2.898900032043457,412.0
2025-06-26 10:06:00,MTA,,3.859999895095825,3.859999895095825,3.859999895095825,3.859999895095825,128.0
2025-06-26 10:06:00,MTNB,,0.9243000149726868,0.9243000149726868,0.9243000149726868,0.9243000149726868,1000.0
2025-06-26 10:06:00,MXC,,9.399999618530273,9.399999618530273,9.399999618530273,9.399999618530273,100.0
2025-06-26 10:06:00,NAK,,1.5750000476837158,1.590000033378601,1.5700000524520874,1.590000033378601,114101.0
2025-06-26 10:06:00,NCL,,0.18129999935626984,0.18230000138282776,0.18129999935626984,0.18230000138282776,41728.0
2025-06-26 10:06:00,NEWP,,1.3700000047683716,1.3700000047683716,1.3700000047683716,1.3700000047683716,400.0
2025-06-26 10:06:00,NFGC,,1.4746999740600586,1.479099988937378,1.4700000286102295,1.4700000286102295,1130.0
2025-06-26 10:06:00,NG,,3.875,3.884999990463257,3.8701000213623047,3.875,15467.0
2025-06-26 10:06:00,NGD,,4.864999771118164,4.869900226593018,4.860000133514404,4.864999771118164,20003.0
2025-06-26 10:06:00,NNVC,,1.2000000476837158,1.2100000381469727,1.2000000476837158,1.2000000476837158,8475.0
2025-06-26 10:06:00,NRXS,,2.5799999237060547,2.5799999237060547,2.5799999237060547,2.5799999237060547,284.0
2025-06-26 10:06:00,OBE,,5.5,5.5,5.5,5.5,220.0
2025-06-26 10:06:00,OPTT,,0.5113999843597412,0.5113999843597412,0.5051000118255615,0.5051000118255615,20130.0
2025-06-26 10:06:00,ORLA,,9.949999809265137,9.949999809265137,9.9350004196167,9.9350004196167,1782.0
2025-06-26 10:06:00,PLG,,1.5988999605178833,1.5988999605178833,1.590000033378601,1.5950000286102295,616.0
2025-06-26 10:06:00,PLMR,,148.2574005126953,148.3699951171875,148.05999755859375,148.05999755859375,5114.0
2025-06-26 10:06:00,PLX,,1.465000033378601,1.4700000286102295,1.4550000429153442,1.4592000246047974,10015.0
2025-06-26 10:06:00,RCG,,2.5999999046325684,2.5999999046325684,2.5999999046325684,2.5999999046325684,0.0
2025-06-26 10:06:00,REI,,0.7680000066757202,0.7680000066757202,0.7670000195503235,0.76705002784729,8240.0
2025-06-26 10:06:00,RLGT,,6.010499954223633,6.010499954223633,6.010499954223633,6.010499954223633,641.0
2025-06-26 10:06:00,SEB,,2936.110107421875,2936.110107421875,2936.110107421875,2936.110107421875,1.0
2025-06-26 10:06:00,SENS,,0.49595001339912415,0.49595001339912415,0.4959000051021576,0.4959000051021576,4088.0
2025-06-26 10:06:00,SKYH,,9.59000015258789,9.59000015258789,9.59000015258789,9.59000015258789,135.0
2025-06-26 10:06:00,SLI,,1.8601000308990479,1.8601000308990479,1.8550000190734863,1.857699990272522,6199.0
2025-06-26 10:06:00,SLND,,3.799999952316284,3.799999952316284,3.799999952316284,3.799999952316284,277.0
2025-06-26 10:06:00,SOAR,,1.4550000429153442,1.4550000429153442,1.4550000429153442,1.4550000429153442,1533.0
2025-06-26 10:06:00,STXS,,2.194999933242798,2.194999933242798,2.194999933242798,2.194999933242798,209.0
2025-06-26 10:06:00,SVM,,4.123899936676025,4.135000228881836,4.119999885559082,4.129899978637695,55978.0
2025-06-26 10:06:00,TGB,,3.065000057220459,3.069999933242798,3.059999942779541,3.065000057220459,8812.0
2025-06-26 10:06:00,UAMY,,2.424999952316284,2.430000066757202,2.42330002784729,2.427999973297119,11553.0
2025-06-26 10:06:00,UAVS,,1.0817999839782715,1.0850000381469727,1.0800000429153442,1.0850000381469727,3338.0
2025-06-26 10:06:00,UEC,,6.90500020980835,6.909999847412109,6.894999980926514,6.90500020980835,28684.0
2025-06-26 10:06:00,URG,,1.034999966621399,1.0399999618530273,1.034999966621399,1.034999966621399,1630.0
2025-06-26 10:06:00,USAS,,0.7962499856948853,0.7962499856948853,0.7962499856948853,0.7962499856948853,670.0
2025-06-26 10:06:00,UUUU,,5.815000057220459,5.820000171661377,5.801300048828125,5.801300048828125,98725.0
2025-06-26 10:06:00,VGZ,,1.024999976158142,1.024999976158142,1.024999976158142,1.024999976158142,0.0
2025-06-26 10:06:00,VTAK,,0.2502000033855438,0.25200000405311584,0.24969999492168427,0.24979999661445618,29336.0
2025-06-26 10:06:00,VZLA,,2.9800000190734863,2.9800000190734863,2.9749999046325684,2.9749999046325684,6602.0
2025-06-26 10:06:00,WWR,,0.5870000123977661,0.5917009711265564,0.5870000123977661,0.5895000100135803,10700.0
2025-06-26 10:07:00,ARMN,,6.860000133514404,6.864999771118164,6.860000133514404,6.864999771118164,2246.0
2025-06-26 10:07:00,ASM,,3.5350000858306885,3.5350000858306885,3.5299999713897705,3.5299999713897705,3234.0
2025-06-26 10:07:00,ATNM,,1.5605000257492065,1.5605000257492065,1.5605000257492065,1.5605000257492065,506.0
2025-06-26 10:07:00,BATL,,1.4601000547409058,1.4601000547409058,1.4601000547409058,1.4601000547409058,1290.0
2025-06-26 10:07:00,BKTI,,53.57429885864258,53.57429885864258,53.57429885864258,53.57429885864258,200.0
2025-06-26 10:07:00,BTG,,3.5950000286102295,3.5998001098632812,3.5899999141693115,3.5950000286102295,27051.0
2025-06-26 10:07:00,BURU,,0.33719998598098755,0.3416000008583069,0.33709999918937683,0.3409999907016754,54432.0
2025-06-26 10:07:00,CATX,,3.7100000381469727,3.7100000381469727,3.7100000381469727,3.7100000381469727,228.0
2025-06-26 10:07:00,CCEL,,5.8105998039245605,6.019999980926514,5.800000190734863,6.001999855041504,8717.0
2025-06-26 10:07:00,CIK,,2.934999942779541,2.934999942779541,2.934999942779541,2.934999942779541,100.0
2025-06-26 10:07:00,CLDI,,0.20830099284648895,0.21220000088214874,0.20829999446868896,0.21209900081157684,9950.0
2025-06-26 10:07:00,CPHI,,1.7003999948501587,1.7003999948501587,1.7003999948501587,1.7003999948501587,308.0
2025-06-26 10:07:00,CQP,,54.744998931884766,54.900001525878906,54.744998931884766,54.849998474121094,747.0
2025-06-26 10:07:00,CRF,,7.565000057220459,7.565000057220459,7.559999942779541,7.559999942779541,238.0
2025-06-26 10:07:00,CTM,,1.034999966621399,1.034999966621399,1.034999966621399,1.034999966621399,404287.0
2025-06-26 10:07:00,CYBN,,8.510600090026855,8.510600090026855,8.510600090026855,8.510600090026855,1295.0
2025-06-26 10:07:00,DC,,3.759999990463257,3.759999990463257,3.759999990463257,3.759999990463257,483.0
2025-06-26 10:07:00,DDC,,10.539999961853027,10.539999961853027,10.539999961853027,10.539999961853027,299.0
2025-06-26 10:07:00,DNN,,1.7898999452590942,1.7899999618530273,1.7799999713897705,1.784999966621399,312191.0
2025-06-26 10:07:00,EAD,,6.974999904632568,6.974999904632568,6.974999904632568,6.974999904632568,100.0
2025-06-26 10:07:00,EPM,,4.690000057220459,4.690000057220459,4.690000057220459,4.690000057220459,201.0
2025-06-26 10:07:00,EQX,,5.875,5.875,5.869999885559082,5.875,30458.0
2025-06-26 10:07:00,FOXO,,0.20239999890327454,0.20239999890327454,0.20239999890327454,0.20239999890327454,900.0
2025-06-26 10:07:00,FSP,,1.6699999570846558,1.684999942779541,1.6699999570846558,1.684999942779541,575.0
2025-06-26 10:07:00,GAU,,1.284999966621399,1.284999966621399,1.2800999879837036,1.2800999879837036,25162.0
2025-06-26 10:07:00,GBR,,1.0750000476837158,1.0750000476837158,1.0750000476837158,1.0750000476837158,102.0
2025-06-26 10:07:00,GLO,,5.320000171661377,5.320000171661377,5.320000171661377,5.320000171661377,2458.0
2025-06-26 10:07:00,GNS,,0.7502999901771545,0.7657999992370605,0.7450000047683716,0.7637990117073059,142455.0
2025-06-26 10:07:00,GORO,,0.5394999980926514,0.5394999980926514,0.5394999980926514,0.5394999980926514,320.0
2025-06-26 10:07:00,GROY,,2.2899999618530273,2.2950000762939453,2.2899999618530273,2.2950000762939453,1336.0
2025-06-26 10:07:00,HUSA,,13.670000076293945,13.770000457763672,13.569999694824219,13.770000457763672,4335.0
2025-06-26 10:07:00,IBO,,0.8711000084877014,0.8759999871253967,0.8711000084877014,0.8759999871253967,8887.0
2025-06-26 10:07:00,IE,,9.470000267028809,9.470000267028809,9.449999809265137,9.449999809265137,11003.0
2025-06-26 10:07:00,IMO,,80.30500030517578,80.30500030517578,80.30500030517578,80.30500030517578,105.0
2025-06-26 10:07:00,INDO,,3.119999885559082,3.140000104904175,3.119999885559082,3.119999885559082,16074.0
2025-06-26 10:07:00,INUV,,3.799999952316284,3.799999952316284,3.799999952316284,3.799999952316284,220.0
2025-06-26 10:07:00,ITP,,0.18889999389648438,0.18889999389648438,0.18870000541210175,0.18870000541210175,3931.0
2025-06-26 10:07:00,ITRG,,1.5750000476837158,1.5750000476837158,1.5750000476837158,1.5750000476837158,615.0
2025-06-26 10:07:00,KNW,,2.227473020553589,2.2300000190734863,2.2200000286102295,2.2200000286102295,1595.0
2025-06-26 10:07:00,KULR,,5.089700222015381,5.090000152587891,5.074999809265137,5.074999809265137,8820.0
2025-06-26 10:07:00,LCTX,,1.0850000381469727,1.0850000381469727,1.0809999704360962,1.0850000381469727,2553.0
2025-06-26 10:07:00,LEU,,170.1999969482422,170.1999969482422,168.70010375976562,168.8800048828125,6642.0
2025-06-26 10:07:00,LMND,,42.45000076293945,42.47990036010742,42.310001373291016,42.310001373291016,6217.0
2025-06-26 10:07:00,LNG,,238.01499938964844,238.1699981689453,237.82000732421875,238.1699981689453,2535.0
2025-06-26 10:07:00,LODE,,3.609999895095825,3.609999895095825,3.5999999046325684,3.5999999046325684,60371.0
2025-06-26 10:07:00,MAG,,21.350000381469727,21.360000610351562,21.329999923706055,21.329999923706055,1740.0
2025-06-26 10:07:00,MITQ,,0.6807000041007996,0.6807000041007996,0.6807000041007996,0.6807000041007996,220.0
2025-06-26 10:07:00,MRT,,2.8951001167297363,2.8951001167297363,2.8951001167297363,2.8951001167297363,170.0
2025-06-26 10:07:00,MTA,,3.875,3.875,3.875,3.875,114.0
2025-06-26 10:07:00,MYO,,2.2950000762939453,2.299999952316284,2.2950000762939453,2.2950000762939453,698.0
2025-06-26 10:07:00,NAK,,1.5700000524520874,1.5800000429153442,1.559999942779541,1.5789999961853027,43765.0
2025-06-26 10:07:00,NCL,,0.18230000138282776,0.18230000138282776,0.18199999630451202,0.18219999969005585,23853.0
2025-06-26 10:07:00,NFGC,,1.4700000286102295,1.4700000286102295,1.4700000286102295,1.4700000286102295,160.0
2025-06-26 10:07:00,NG,,3.875,3.884999990463257,3.865000009536743,3.879300117492676,25389.0
2025-06-26 10:07:00,NGD,,4.864999771118164,4.869900226593018,4.849999904632568,4.860000133514404,139717.0
2025-06-26 10:07:00,NHS,,7.46999979019165,7.46999979019165,7.46999979019165,7.46999979019165,125.0
2025-06-26 10:07:00,NNVC,,1.2000000476837158,1.2000999450683594,1.2000000476837158,1.2000999450683594,900.0
2025-06-26 10:07:00,NRO,,3.180000066757202,3.180000066757202,3.1791999340057373,3.180000066757202,4778.0
2025-06-26 10:07:00,NRXS,,2.599900007247925,2.599900007247925,2.599900007247925,2.599900007247925,110.0
2025-06-26 10:07:00,OPTT,,0.5099999904632568,0.5120999813079834,0.5099999904632568,0.5113999843597412,49587.0
2025-06-26 10:07:00,ORLA,,10.0,10.005000114440918,9.949999809265137,9.949999809265137,8908.0
2025-06-26 10:07:00,OSTX,,1.8200000524520874,1.8600000143051147,1.8200000524520874,1.850000023841858,1331.0
2025-06-26 10:07:00,PLG,,1.5950000286102295,1.5950000286102295,1.5950000286102295,1.5950000286102295,236.0
2025-06-26 10:07:00,PLMR,,148.77000427246094,149.2100067138672,148.77000427246094,149.2100067138672,1826.0
2025-06-26 10:07:00,REI,,0.7699999809265137,0.7702999711036682,0.7678499817848206,0.7678499817848206,6392.0
2025-06-26 10:07:00,SBEV,,3.0299999713897705,3.0299999713897705,3.0299999713897705,3.0299999713897705,0.0
2025-06-26 10:07:00,SEB,,2935.510009765625,2936.60009765625,2935.5,2935.6298828125,21.0
2025-06-26 10:07:00,SENS,,0.4959000051021576,0.4959999918937683,0.4959000051021576,0.4959999918937683,499.0
2025-06-26 10:07:00,SGN,,1.0149999856948853,1.0149999856948853,1.0149999856948853,1.0149999856948853,200.0
2025-06-26 10:07:00,SLI,,1.8698999881744385,1.8698999881744385,1.8650000095367432,1.8650000095367432,5834.0
2025-06-26 10:07:00,SOAR,,1.4500000476837158,1.4550000429153442,1.440000057220459,1.4550000429153442,1150.0
2025-06-26 10:07:00,SVM,,4.125,4.125,4.125,4.125,237.0
2025-06-26 10:07:00,TGB,,3.0697999000549316,3.0699000358581543,3.059999942779541,3.059999942779541,39677.0
2025-06-26 10:07:00,THM,,0.9106000065803528,0.9106000065803528,0.9106000065803528,0.9106000065803528,10000.0
2025-06-26 10:07:00,TMQ,,1.4600000381469727,1.4600000381469727,1.4600000381469727,1.4600000381469727,210.0
2025-06-26 10:07:00,UAMY,,2.444999933242798,2.444999933242798,2.4200000762939453,2.4251999855041504,18747.0
2025-06-26 10:07:00,UEC,,6.906499862670898,6.914999961853027,6.869999885559082,6.900000095367432,51249.0
2025-06-26 10:07:00,URG,,1.034999966621399,1.0399999618530273,1.034999966621399,1.0354000329971313,2312.0
2025-06-26 10:07:00,USAS,,0.8048999905586243,0.8048999905586243,0.7989000082015991,0.7990000247955322,18777.0
2025-06-26 10:07:00,UTG,,35.29999923706055,35.35900115966797,35.29999923706055,35.35900115966797,982.0
2025-06-26 10:07:00,UUUU,,5.844600200653076,5.84499979019165,5.795000076293945,5.809999942779541,136646.0
2025-06-26 10:07:00,VTAK,,0.25290000438690186,0.25290000438690186,0.25154998898506165,0.2515999972820282,2871.0
2025-06-26 10:07:00,VZLA,,2.9749999046325684,2.9790000915527344,2.9749999046325684,2.9749999046325684,3185.0
2025-06-26 10:08:00,ARMN,,6.868599891662598,6.868599891662598,6.860000133514404,6.864999771118164,649.0
2025-06-26 10:08:00,ASM,,3.5367000102996826,3.5367000102996826,3.534600019454956,3.5350000858306885,3556.0
2025-06-26 10:08:00,ATNM,,1.559999942779541,1.559999942779541,1.559999942779541,1.559999942779541,149.0
2025-06-26 10:08:00,BATL,,1.468500018119812,1.468500018119812,1.468500018119812,1.468500018119812,226.0
2025-06-26 10:08:00,BKTI,,53.78499984741211,53.78499984741211,53.78499984741211,53.78499984741211,165.0
2025-06-26 10:08:00,BRBS,,3.2799999713897705,3.2799999713897705,3.2799999713897705,3.2799999713897705,278.0
2025-06-26 10:08:00,BTG,,3.5996999740600586,3.5996999740600586,3.5899999141693115,3.5950000286102295,4716.0
2025-06-26 10:08:00,BURU,,0.33869901299476624,0.33880001306533813,0.33500000834465027,0.3370499908924103,30980.0
2025-06-26 10:08:00,CATX,,3.700000047683716,3.7200000286102295,3.700000047683716,3.7100000381469727,633.0
2025-06-26 10:08:00,CCEL,,5.730000019073486,5.920000076293945,5.679999828338623,5.900000095367432,5158.0
2025-06-26 10:08:00,CEF,,30.290000915527344,30.290000915527344,30.290000915527344,30.290000915527344,300.0
2025-06-26 10:08:00,CIK,,2.934999942779541,2.934999942779541,2.934999942779541,2.934999942779541,102.0
2025-06-26 10:08:00,CLDI,,0.20839999616146088,0.21025000512599945,0.20829999446868896,0.20999999344348907,8930.0
2025-06-26 10:08:00,CLM,,7.939899921417236,7.939899921417236,7.929999828338623,7.934999942779541,711.0
2025-06-26 10:08:00,CPHI,,1.7337000370025635,1.7337000370025635,1.7337000370025635,1.7337000370025635,2138.0
2025-06-26 10:08:00,CQP,,54.910499572753906,54.910499572753906,54.910499572753906,54.910499572753906,300.0
2025-06-26 10:08:00,CRF,,7.565000057220459,7.570000171661377,7.559999942779541,7.559999942779541,6422.0
2025-06-26 10:08:00,CTM,,1.034999966621399,1.034999966621399,1.034999966621399,1.034999966621399,222.0
2025-06-26 10:08:00,CYBN,,8.569899559020996,8.569899559020996,8.569899559020996,8.569899559020996,450.0
2025-06-26 10:08:00,DC,,3.755000114440918,3.755000114440918,3.755000114440918,3.755000114440918,107.0
2025-06-26 10:08:00,DDC,,10.649999618530273,10.649999618530273,10.649999618530273,10.649999618530273,150.0
2025-06-26 10:08:00,DHY,,2.109999895095825,2.109999895095825,2.109999895095825,2.109999895095825,336.0
2025-06-26 10:08:00,DNN,,1.784999966621399,1.7999999523162842,1.7799999713897705,1.7898999452590942,2052840.0
2025-06-26 10:08:00,DSS,,0.9000999927520752,0.9000999927520752,0.9000999927520752,0.9000999927520752,150.0
2025-06-26 10:08:00,DXF,,4.883533000946045,4.883533000946045,4.883533000946045,4.883533000946045,250.0
2025-06-26 10:08:00,EAD,,6.974999904632568,6.974999904632568,6.974999904632568,6.974999904632568,112.0
2025-06-26 10:08:00,EIM,,9.550000190734863,9.550000190734863,9.550000190734863,9.550000190734863,241.0
2025-06-26 10:08:00,EMX,,2.5250000953674316,2.5299999713897705,2.5250000953674316,2.5299999713897705,700.0
2025-06-26 10:08:00,EQX,,5.875,5.875999927520752,5.869999885559082,5.875,5110.0
2025-06-26 10:08:00,ERH,,11.446000099182129,11.446000099182129,11.446000099182129,11.446000099182129,0.0
2025-06-26 10:08:00,FOXO,,0.20100000500679016,0.20100000500679016,0.20010000467300415,0.20010000467300415,3219.0
2025-06-26 10:08:00,FSP,,1.684999942779541,1.684999942779541,1.6699999570846558,1.684999942779541,405.0
2025-06-26 10:08:00,GGN,,4.360000133514404,4.360000133514404,4.360000133514404,4.360000133514404,2038.0
2025-06-26 10:08:00,GLDG,,0.7401000261306763,0.7401000261306763,0.7401000261306763,0.7401000261306763,427.0
2025-06-26 10:08:00,GNS,,0.7940000295639038,0.7972999811172485,0.7501999735832214,0.7940000295639038,169090.0
2025-06-26 10:08:00,GORO,,0.5394999980926514,0.5394999980926514,0.5379999876022339,0.5379999876022339,459.0
2025-06-26 10:08:00,GROY,,2.2799999713897705,2.2950000762939453,2.2750000953674316,2.2899999618530273,39865.0
2025-06-26 10:08:00,GSAT,,23.110000610351562,23.155000686645508,23.110000610351562,23.155000686645508,1227.0
2025-06-26 10:08:00,GTE,,4.949999809265137,4.949999809265137,4.949999809265137,4.949999809265137,254.0
2025-06-26 10:08:00,HUSA,,13.5600004196167,13.649999618530273,13.550000190734863,13.640000343322754,4977.0
2025-06-26 10:08:00,IBO,,0.8679999709129333,0.8711000084877014,0.8650000095367432,0.8672000169754028,16799.0
2025-06-26 10:08:00,IDR,,13.00059986114502,13.00059986114502,13.00059986114502,13.00059986114502,1013.0
2025-06-26 10:08:00,IMO,,80.2300033569336,80.27999877929688,80.2249984741211,80.27999877929688,579.0
2025-06-26 10:08:00,INDO,,3.119999885559082,3.1201000213623047,3.109999895095825,3.119999885559082,7437.0
2025-06-26 10:08:00,KNW,,2.174999952316284,2.2298998832702637,2.1500000953674316,2.174999952316284,5330.0
2025-06-26 10:08:00,KULR,,5.099999904632568,5.099999904632568,5.0808000564575195,5.085000038146973,4812.0
2025-06-26 10:08:00,LCTX,,1.0850000381469727,1.0850000381469727,1.0850000381469727,1.0850000381469727,817.0
2025-06-26 10:08:00,LEU,,170.4499969482422,170.8000030517578,170.3800048828125,170.3800048828125,2479.0
2025-06-26 10:08:00,LMND,,42.34000015258789,42.5,42.30979919433594,42.47999954223633,7244.0
2025-06-26 10:08:00,LNG,,237.5800018310547,237.85000610351562,237.5800018310547,237.75999450683594,1905.0
2025-06-26 10:08:00,MAG,,21.34000015258789,21.354999542236328,21.334999084472656,21.354999542236328,3657.0
2025-06-26 10:08:00,MLSS,,0.7700999975204468,0.7700999975204468,0.7700999975204468,0.7700999975204468,511.0
2025-06-26 10:08:00,MRT,,2.8959999084472656,2.898699998855591,2.8959999084472656,2.898699998855591,342.0
2025-06-26 10:08:00,MYO,,2.2899999618530273,2.2899999618530273,2.2899999618530273,2.2899999618530273,733.0
2025-06-26 10:08:00,NAK,,1.5700000524520874,1.5700000524520874,1.559999942779541,1.5700000524520874,4989.0
2025-06-26 10:08:00,NBH,,9.835000038146973,9.835000038146973,9.835000038146973,9.835000038146973,100.0
2025-06-26 10:08:00,NCL,,0.18149299919605255,0.18230000138282776,0.18140000104904175,0.18199999630451202,16327.0
2025-06-26 10:08:00,NEWP,,1.375,1.3763999938964844,1.375,1.3763999938964844,10000.0
2025-06-26 10:08:00,NG,,3.874000072479248,3.880000114440918,3.869999885559082,3.875,12124.0
2025-06-26 10:08:00,NGD,,4.864999771118164,4.864999771118164,4.860000133514404,4.860099792480469,85039.0
2025-06-26 10:08:00,NNVC,,1.2000000476837158,1.2050000429153442,1.2000000476837158,1.2000999450683594,309.0
2025-06-26 10:08:00,NRO,,3.1700000762939453,3.1700000762939453,3.1700000762939453,3.1700000762939453,1946.0
2025-06-26 10:08:00,OPTT,,0.5105999708175659,0.5117999911308289,0.5099999904632568,0.510699987411499,18346.0
2025-06-26 10:08:00,ORLA,,9.979999542236328,10.010000228881836,9.970000267028809,10.005000114440918,3828.0
2025-06-26 10:08:00,OSTX,,1.8600000143051147,1.8600000143051147,1.840000033378601,1.840000033378601,10915.0
2025-06-26 10:08:00,REI,,0.7730000019073486,0.7730000019073486,0.7730000019073486,0.7730000019073486,201.0
2025-06-26 10:08:00,SATX,,2.9600000381469727,2.9600000381469727,2.9600000381469727,2.9600000381469727,692.0
2025-06-26 10:08:00,SEB,,2935.43994140625,2935.530029296875,2923.6298828125,2935.530029296875,20.0
2025-06-26 10:08:00,SENS,,0.4950999915599823,0.4957999885082245,0.4950999915599823,0.4957999885082245,4067.0
2025-06-26 10:08:00,SLI,,1.8799999952316284,1.8799999952316284,1.8700000047683716,1.8700000047683716,14701.0
2025-06-26 10:08:00,SOAR,,1.4402999877929688,1.4501999616622925,1.4402999877929688,1.4501999616622925,4699.0
2025-06-26 10:08:00,STRW,,10.856399536132812,10.856399536132812,10.856399536132812,10.856399536132812,185.0
2025-06-26 10:08:00,SVM,,4.130000114440918,4.130000114440918,4.119999885559082,4.119999885559082,2772.0
2025-06-26 10:08:00,TGB,,3.065000057220459,3.065000057220459,3.059999942779541,3.059999942779541,14281.0
2025-06-26 10:08:00,TOON,,0.7303000092506409,0.730400025844574,0.7303000092506409,0.730400025844574,215.0
2025-06-26 10:08:00,TRX,,0.33959999680519104,0.33959999680519104,0.33959999680519104,0.33959999680519104,100.0
2025-06-26 10:08:00,UAMY,,2.440000057220459,2.450000047683716,2.440000057220459,2.444999933242798,14629.0
2025-06-26 10:08:00,UAVS,,1.0850000381469727,1.090000033378601,1.0850000381469727,1.090000033378601,449.0
2025-06-26 10:08:00,UEC,,6.927700042724609,6.927700042724609,6.90500020980835,6.90500020980835,57879.0
2025-06-26 10:08:00,URG,,1.0449999570846558,1.0499999523162842,1.034999966621399,1.0399999618530273,13514.0
2025-06-26 10:08:00,USAS,,0.8019499778747559,0.8048999905586243,0.7990999817848206,0.7990999817848206,24725.0
2025-06-26 10:08:00,UUUU,,5.855000019073486,5.860000133514404,5.829999923706055,5.84499979019165,73006.0
2025-06-26 10:08:00,VTAK,,0.25290000438690186,0.25290000438690186,0.2522999942302704,0.2522999942302704,7407.0
2025-06-26 10:08:00,VZLA,,2.9749999046325684,2.9755001068115234,2.9749999046325684,2.9749999046325684,3127.0
2025-06-26 10:08:00,WWR,,0.5899999737739563,0.5899999737739563,0.5899999737739563,0.5899999737739563,85735.0
2025-06-26 10:08:00,WYY,,3.434999942779541,3.434999942779541,3.434999942779541,3.434999942779541,362.0
2025-06-26 10:09:00,ACU,,40.5,40.5,40.5,40.5,1531.0
2025-06-26 10:09:00,AEON,,0.7642999887466431,0.7652000188827515,0.7642999887466431,0.7651000022888184,10554.0
2025-06-26 10:09:00,AREN,,5.650000095367432,5.690000057220459,5.650000095367432,5.679999828338623,719.0
2025-06-26 10:09:00,ARMN,,6.864999771118164,6.864999771118164,6.860000133514404,6.864999771118164,1685.0
2025-06-26 10:09:00,ASM,,3.5299999713897705,3.5399999618530273,3.5299999713897705,3.5399999618530273,3505.0
2025-06-26 10:09:00,ATNM,,1.5506000518798828,1.559999942779541,1.5506000518798828,1.559999942779541,727.0
2025-06-26 10:09:00,BEEP,,4.059999942779541,4.059999942779541,4.059999942779541,4.059999942779541,169.0
2025-06-26 10:09:00,BKTI,,53.78499984741211,53.78499984741211,53.78499984741211,53.78499984741211,117.0
2025-06-26 10:09:00,BTG,,3.5950000286102295,3.598099946975708,3.5899999141693115,3.5950000286102295,14198.0
2025-06-26 10:09:00,BURU,,0.33719998598098755,0.3375000059604645,0.336899995803833,0.3375000059604645,1451.0
2025-06-26 10:09:00,CATX,,3.700000047683716,3.7200000286102295,3.700000047683716,3.700000047683716,905.0
2025-06-26 10:09:00,CBOE,,228.5399932861328,228.5399932861328,228.5,228.5399932861328,1113.0
2025-06-26 10:09:00,CCEL,,5.800000190734863,5.909999847412109,5.699999809265137,5.909999847412109,1876.0
2025-06-26 10:09:00,CEF,,30.29789924621582,30.29789924621582,30.29789924621582,30.29789924621582,1125.0
2025-06-26 10:09:00,CIK,,2.934999942779541,2.934999942779541,2.934999942779541,2.934999942779541,200.0
2025-06-26 10:09:00,CLDI,,0.2094999998807907,0.21220000088214874,0.20829999446868896,0.20839999616146088,7129.0
2025-06-26 10:09:00,CLM,,7.934999942779541,7.939899921417236,7.933499813079834,7.9380998611450195,1141.0
2025-06-26 10:09:00,CQP,,54.744998931884766,54.90999984741211,54.744998931884766,54.744998931884766,600.0
2025-06-26 10:09:00,CRF,,7.564599990844727,7.565000057220459,7.564599990844727,7.565000057220459,705.0
2025-06-26 10:09:00,CTM,,1.0311000347137451,1.0364999771118164,1.0311000347137451,1.034999966621399,2801.0
2025-06-26 10:09:00,CVU,,3.1600000858306885,3.1600000858306885,3.1600000858306885,3.1600000858306885,692.0
2025-06-26 10:09:00,CYBN,,8.529999732971191,8.531599998474121,8.529999732971191,8.531599998474121,601.0
2025-06-26 10:09:00,DC,,3.7750000953674316,3.7750000953674316,3.755000114440918,3.755000114440918,6880.0
2025-06-26 10:09:00,DNN,,1.7898999452590942,1.7899999618530273,1.7800999879837036,1.7899999618530273,110319.0
2025-06-26 10:09:00,EPM,,4.704999923706055,4.704999923706055,4.704999923706055,4.704999923706055,259.0
2025-06-26 10:09:00,EQX,,5.864999771118164,5.875,5.860000133514404,5.875,43372.0
2025-06-26 10:09:00,FSP,,1.6699999570846558,1.6699999570846558,1.6699999570846558,1.6699999570846558,100.0
2025-06-26 10:09:00,GENC,,14.239999771118164,14.239999771118164,14.239999771118164,14.239999771118164,328.0
2025-06-26 10:09:00,GGN,,4.349999904632568,4.349999904632568,4.349999904632568,4.349999904632568,2501.0
2025-06-26 10:09:00,GNS,,0.7700999975204468,0.7972999811172485,0.7699999809265137,0.7900999784469604,203896.0
2025-06-26 10:09:00,GORO,,0.535099983215332,0.5394999980926514,0.535099983215332,0.5394999980926514,53720.0
2025-06-26 10:09:00,GROY,,2.279900074005127,2.2799999713897705,2.279900074005127,2.2799999713897705,319.0
2025-06-26 10:09:00,GSAT,,23.09000015258789,23.110000610351562,23.09000015258789,23.110000610351562,1354.0
2025-06-26 10:09:00,GTE,,4.954999923706055,4.954999923706055,4.954999923706055,4.954999923706055,106.0
2025-06-26 10:09:00,HUSA,,13.619999885559082,13.67300033569336,13.579999923706055,13.599499702453613,3099.0
2025-06-26 10:09:00,IBO,,0.8729010224342346,0.8777999877929688,0.8680999875068665,0.8777999877929688,6823.0
2025-06-26 10:09:00,IDR,,13.005000114440918,13.005000114440918,13.005000114440918,13.005000114440918,188.0
2025-06-26 10:09:00,IMO,,80.22000122070312,80.25,80.22000122070312,80.25,482.0
2025-06-26 10:09:00,INDO,,3.109999895095825,3.119999885559082,3.109999895095825,3.109999895095825,5599.0
2025-06-26 10:09:00,ITP,,0.1898999959230423,0.1898999959230423,0.1898999959230423,0.1898999959230423,11000.0
2025-06-26 10:09:00,ITRG,,1.5750000476837158,1.5750000476837158,1.5750000476837158,1.5750000476837158,200.0
2025-06-26 10:09:00,KNW,,2.1600000858306885,2.18969988822937,2.1500000953674316,2.1500000953674316,6177.0
2025-06-26 10:09:00,KULR,,5.09499979019165,5.09499979019165,5.090099811553955,5.09499979019165,4465.0
2025-06-26 10:09:00,LCTX,,1.0850000381469727,1.090000033378601,1.0845999717712402,1.090000033378601,1381.0
2025-06-26 10:09:00,LEU,,170.38999938964844,171.3000030517578,169.9600067138672,170.5742950439453,23686.0
2025-06-26 10:09:00,LMND,,42.319801330566406,42.395599365234375,42.13999938964844,42.395599365234375,3560.0
2025-06-26 10:09:00,LNG,,237.86500549316406,238.11000061035156,237.6699981689453,237.6699981689453,2311.0
2025-06-26 10:09:00,MAG,,21.350000381469727,21.350000381469727,21.34000015258789,21.34000015258789,908.0
2025-06-26 10:09:00,MITQ,,0.6807000041007996,0.6807000041007996,0.6807000041007996,0.6807000041007996,144.0
2025-06-26 10:09:00,MRT,,2.8519999980926514,2.880000114440918,2.8113999366760254,2.880000114440918,4689.0
2025-06-26 10:09:00,MTA,,3.884999990463257,3.884999990463257,3.880000114440918,3.880000114440918,1504.0
2025-06-26 10:09:00,MXC,,9.350000381469727,9.579999923706055,9.350000381469727,9.550000190734863,500.0
2025-06-26 10:09:00,NAK,,1.569000005722046,1.5700000524520874,1.559999942779541,1.5650999546051025,21790.0
2025-06-26 10:09:00,NCL,,0.18230000138282776,0.18299999833106995,0.18129999935626984,0.18129999935626984,68621.0
2025-06-26 10:09:00,NEWP,,1.3700000047683716,1.3700000047683716,1.3700000047683716,1.3700000047683716,121.0
2025-06-26 10:09:00,NFGC,,1.4707000255584717,1.475000023841858,1.4707000255584717,1.475000023841858,5600.0
2025-06-26 10:09:00,NG,,3.875,3.875,3.869999885559082,3.875,1870.0
2025-06-26 10:09:00,NGD,,4.869999885559082,4.869999885559082,4.860000133514404,4.860000133514404,13374.0
2025-06-26 10:09:00,NNVC,,1.2000000476837158,1.2000000476837158,1.2000000476837158,1.2000000476837158,1101.0
2025-06-26 10:09:00,OBE,,5.510000228881836,5.510000228881836,5.494999885559082,5.494999885559082,1120.0
2025-06-26 10:09:00,OPTT,,0.5145000219345093,0.5170000195503235,0.5105999708175659,0.510699987411499,15321.0
2025-06-26 10:09:00,ORLA,,9.994999885559082,9.994999885559082,9.975000381469727,9.989999771118164,2849.0
2025-06-26 10:09:00,OSTX,,1.8430999517440796,1.8593000173568726,1.8430999517440796,1.8593000173568726,2093.0
2025-06-26 10:09:00,PED,,0.6798999905586243,0.6798999905586243,0.6798999905586243,0.6798999905586243,103.0
2025-06-26 10:09:00,PLG,,1.600000023841858,1.600000023841858,1.5950000286102295,1.5950000286102295,3118.0
2025-06-26 10:09:00,PLX,,1.465000033378601,1.465000033378601,1.465000033378601,1.465000033378601,201.0
2025-06-26 10:09:00,RLGT,,6.010000228881836,6.010000228881836,6.010000228881836,6.010000228881836,1072.0
2025-06-26 10:09:00,SEB,,2930.0,2930.239990234375,2924.8701171875,2930.0,42.0
2025-06-26 10:09:00,SENS,,0.4950999915599823,0.4950999915599823,0.4950009882450104,0.4950999915599823,5901.0
2025-06-26 10:09:00,SGN,,1.01010000705719,1.01010000705719,1.01010000705719,1.01010000705719,518.0
2025-06-26 10:09:00,SLI,,1.875,1.875,1.875,1.875,207.0
2025-06-26 10:09:00,STXS,,2.194999933242798,2.194999933242798,2.194999933242798,2.194999933242798,134.0
2025-06-26 10:09:00,SVM,,4.130000114440918,4.130000114440918,4.125,4.125,328.0
2025-06-26 10:09:00,TGB,,3.055000066757202,3.066499948501587,3.055000066757202,3.065000057220459,33303.0
2025-06-26 10:09:00,TMQ,,1.4609999656677246,1.4699000120162964,1.4600000381469727,1.4600000381469727,3699.0
2025-06-26 10:09:00,TOON,,0.7300999760627747,0.7300999760627747,0.7300999760627747,0.7300999760627747,195.0
2025-06-26 10:09:00,TPET,,1.2258000373840332,1.2258000373840332,1.2258000373840332,1.2258000373840332,198.0
2025-06-26 10:09:00,UAMY,,2.4296998977661133,2.430000066757202,2.4245998859405518,2.430000066757202,3922.0
2025-06-26 10:09:00,UAVS,,1.0850000381469727,1.0850000381469727,1.0845999717712402,1.0850000381469727,684.0
2025-06-26 10:09:00,UEC,,6.929999828338623,6.949999809265137,6.909999847412109,6.925000190734863,56522.0
2025-06-26 10:09:00,URG,,1.0499999523162842,1.0499999523162842,1.0449999570846558,1.0449999570846558,773.0
2025-06-26 10:09:00,USAS,,0.8048999905586243,0.8048999905586243,0.8048999905586243,0.8048999905586243,477.0
2025-06-26 10:09:00,UUUU,,5.854700088500977,5.864999771118164,5.849999904632568,5.849999904632568,44029.0
2025-06-26 10:09:00,VTAK,,0.25255098938941956,0.2529999911785126,0.25255098938941956,0.2529999911785126,650.0
2025-06-26 10:09:00,VZLA,,2.9749999046325684,2.9800000190734863,2.9749999046325684,2.9749999046325684,14994.0
2025-06-26 10:09:00,WWR,,0.5867000222206116,0.5867000222206116,0.5867000222206116,0.5867000222206116,200.0
2025-06-26 10:10:00,AEON,,0.7535009980201721,0.7599999904632568,0.7535009980201721,0.7599999904632568,1620.0
2025-06-26 10:10:00,ARMN,,6.853499889373779,6.860599994659424,6.853499889373779,6.860599994659424,5820.0
2025-06-26 10:10:00,ASM,,3.5299999713897705,3.5408999919891357,3.5299999713897705,3.5399999618530273,9670.0
2025-06-26 10:10:00,ATNM,,1.5399999618530273,1.5499999523162842,1.5399999618530273,1.5499999523162842,897.0
2025-06-26 10:10:00,AZTR,,0.25589901208877563,0.25589901208877563,0.25589901208877563,0.25589901208877563,500.0
2025-06-26 10:10:00,BATL,,1.4600000381469727,1.4700000286102295,1.4600000381469727,1.4700000286102295,6074.0
2025-06-26 10:10:00,BKTI,,53.56999969482422,53.79359817504883,53.56999969482422,53.79359817504883,611.0
2025-06-26 10:10:00,BTG,,3.5950000286102295,3.5999999046325684,3.5950000286102295,3.5950000286102295,13760.0
2025-06-26 10:10:00,BURU,,0.33649998903274536,0.33739998936653137,0.33649998903274536,0.3370000123977661,13563.0
2025-06-26 10:10:00,CANF,,1.0504000186920166,1.0504000186920166,1.0504000186920166,1.0504000186920166,102.0
2025-06-26 10:10:00,CATX,,3.7100000381469727,3.7100000381469727,3.7100000381469727,3.7100000381469727,100.0
2025-06-26 10:10:00,CBOE,,228.5050048828125,228.5050048828125,228.49000549316406,228.49000549316406,559.0
2025-06-26 10:10:00,CCEL,,5.849999904632568,5.849999904632568,5.730000019073486,5.730000019073486,587.0
2025-06-26 10:10:00,CIK,,2.934999942779541,2.934999942779541,2.934999942779541,2.934999942779541,200.0
2025-06-26 10:10:00,CLDI,,0.21834999322891235,0.21879999339580536,0.20960000157356262,0.20960000157356262,12101.0
2025-06-26 10:10:00,CLM,,7.929999828338623,7.934999942779541,7.929999828338623,7.934999942779541,875.0
2025-06-26 10:10:00,CQP,,54.939998626708984,54.939998626708984,54.744998931884766,54.744998931884766,400.0
2025-06-26 10:10:00,CRF,,7.559999942779541,7.569900035858154,7.559999942779541,7.569900035858154,357.0
2025-06-26 10:10:00,CTM,,1.0399999618530273,1.0399999618530273,1.034999966621399,1.034999966621399,592.0
2025-06-26 10:10:00,CYBN,,8.529999732971191,8.560400009155273,8.529999732971191,8.560400009155273,289.0
2025-06-26 10:10:00,DC,,3.7799999713897705,3.7799999713897705,3.7699999809265137,3.7799999713897705,4139.0
2025-06-26 10:10:00,DNN,,1.784999966621399,1.7899999618530273,1.7799999713897705,1.7899999618530273,75159.0
2025-06-26 10:10:00,DSS,,0.9000999927520752,0.9000999927520752,0.9000999927520752,0.9000999927520752,144.0
2025-06-26 10:10:00,DXF,,4.945000171661377,4.945000171661377,4.945000171661377,4.945000171661377,413.0
2025-06-26 10:10:00,EMX,,2.5250000953674316,2.5250000953674316,2.5250000953674316,2.5250000953674316,2026.0
2025-06-26 10:10:00,ENX,,9.25,9.25,9.25,9.25,0.0
2025-06-26 10:10:00,EQX,,5.864999771118164,5.875,5.860000133514404,5.864999771118164,28314.0
2025-06-26 10:10:00,EVV,,10.154999732971191,10.154999732971191,10.154999732971191,10.154999732971191,100.0
2025-06-26 10:10:00,FOXO,,0.20100000500679016,0.20100000500679016,0.20100000500679016,0.20100000500679016,680326.0
2025-06-26 10:10:00,FSP,,1.684999942779541,1.684999942779541,1.6749999523162842,1.6799999475479126,2525.0
2025-06-26 10:10:00,FTF,,6.394999980926514,6.394999980926514,6.394999980926514,6.394999980926514,400.0
2025-06-26 10:10:00,GGN,,4.355000019073486,4.355000019073486,4.355000019073486,4.355000019073486,581.0
2025-06-26 10:10:00,GLO,,5.329999923706055,5.329999923706055,5.329999923706055,5.329999923706055,513.0
2025-06-26 10:10:00,GNS,,0.7863010168075562,0.7900000214576721,0.770101010799408,0.7702000141143799,112552.0
2025-06-26 10:10:00,GORO,,0.5350000262260437,0.5437999963760376,0.5350000262260437,0.5400000214576721,1760.0
2025-06-26 10:10:00,GROY,,2.2799999713897705,2.2799999713897705,2.2699999809265137,2.2799999713897705,8993.0
2025-06-26 10:10:00,GTE,,4.954999923706055,4.954999923706055,4.954999923706055,4.954999923706055,200.0
2025-06-26 10:10:00,HUSA,,13.592000007629395,13.592000007629395,13.580699920654297,13.580699920654297,516.0
2025-06-26 10:10:00,IBO,,0.8795999884605408,0.8799999952316284,0.8740000128746033,0.8799989819526672,22337.0
2025-06-26 10:10:00,IDR,,13.044300079345703,13.050000190734863,13.044300079345703,13.050000190734863,362.0
2025-06-26 10:10:00,IE,,9.489999771118164,9.5,9.475000381469727,9.489999771118164,2389.0
2025-06-26 10:10:00,IMO,,80.26499938964844,80.27999877929688,80.26499938964844,80.27999877929688,516.0
2025-06-26 10:10:00,INDO,,3.119999885559082,3.140000104904175,3.1050000190734863,3.109999895095825,9262.0
2025-06-26 10:10:00,ITRG,,1.559999942779541,1.5750000476837158,1.559999942779541,1.5750000476837158,11502.0
2025-06-26 10:10:00,KNW,,2.174999952316284,2.174999952316284,2.174999952316284,2.174999952316284,217.0
2025-06-26 10:10:00,KULR,,5.079999923706055,5.119999885559082,5.079999923706055,5.099899768829346,26361.0
2025-06-26 10:10:00,LCTX,,1.0850000381469727,1.0850000381469727,1.0850000381469727,1.0850000381469727,790.0
2025-06-26 10:10:00,LEU,,170.99000549316406,171.49000549316406,170.0,170.63499450683594,11717.0
2025-06-26 10:10:00,LMND,,42.189998626708984,42.31999969482422,42.189998626708984,42.31999969482422,3233.0
2025-06-26 10:10:00,LNG,,238.13999938964844,238.25,238.13999938964844,238.25,2022.0
2025-06-26 10:10:00,MAG,,21.34000015258789,21.360000610351562,21.34000015258789,21.346500396728516,7096.0
2025-06-26 10:10:00,MAIA,,1.636199951171875,1.636199951171875,1.636199951171875,1.636199951171875,2500.0
2025-06-26 10:10:00,MRT,,2.890000104904175,2.890000104904175,2.890000104904175,2.890000104904175,876.0
2025-06-26 10:10:00,MTA,,3.884999990463257,3.884999990463257,3.884999990463257,3.884999990463257,358.0
2025-06-26 10:10:00,MXC,,9.350000381469727,9.350000381469727,9.350000381469727,9.350000381469727,875.0
2025-06-26 10:10:00,NAK,,1.569000005722046,1.569000005722046,1.559999942779541,1.559999942779541,19027.0
2025-06-26 10:10:00,NCL,,0.18440000712871552,0.18520000576972961,0.18129999935626984,0.18230000138282776,139090.0
2025-06-26 10:10:00,NFGC,,1.4700000286102295,1.475000023841858,1.4700000286102295,1.475000023841858,632.0
2025-06-26 10:10:00,NG,,3.8550000190734863,3.875,3.8550000190734863,3.869999885559082,20904.0
2025-06-26 10:10:00,NGD,,4.869999885559082,4.879899978637695,4.860000133514404,4.860000133514404,57826.0
2025-06-26 10:10:00,NNVC,,1.2000000476837158,1.2000999450683594,1.2000000476837158,1.2000999450683594,611.0
2025-06-26 10:10:00,NRXS,,2.5899999141693115,2.5899999141693115,2.5899999141693115,2.5899999141693115,157.0
2025-06-26 10:10:00,OBE,,5.510000228881836,5.510000228881836,5.510000228881836,5.510000228881836,270.0
2025-06-26 10:10:00,OPTT,,0.51214998960495,0.5135999917984009,0.51214998960495,0.5121999979019165,930.0
2025-06-26 10:10:00,ORLA,,9.994999885559082,9.994999885559082,9.994999885559082,9.994999885559082,2700.0
2025-06-26 10:10:00,PLG,,1.5950000286102295,1.5950000286102295,1.593500018119812,1.593500018119812,3338.0
2025-06-26 10:10:00,PLMR,,149.30599975585938,149.50999450683594,149.30599975585938,149.3538055419922,1350.0
2025-06-26 10:10:00,REI,,0.7753000259399414,0.7753000259399414,0.7753000259399414,0.7753000259399414,238.0
2025-06-26 10:10:00,SATX,,2.9600000381469727,2.9649999141693115,2.9600000381469727,2.9600000381469727,8613.0
2025-06-26 10:10:00,SENS,,0.49505001306533813,0.49505001306533813,0.4950000047683716,0.4950000047683716,780.0
2025-06-26 10:10:00,SLI,,1.875,1.8799999952316284,1.875,1.875,2140.0
2025-06-26 10:10:00,SVM,,4.125,4.130000114440918,4.119999885559082,4.119999885559082,14078.0
2025-06-26 10:10:00,TGB,,3.0653998851776123,3.069999933242798,3.049999952316284,3.059999942779541,95367.0
2025-06-26 10:10:00,TRX,,0.33899998664855957,0.33899998664855957,0.33899998664855957,0.33899998664855957,100.0
2025-06-26 10:10:00,UAMY,,2.424999952316284,2.430000066757202,2.4217000007629395,2.430000066757202,7071.0
2025-06-26 10:10:00,UAVS,,1.0850000381469727,1.0850000381469727,1.0850000381469727,1.0850000381469727,403.0
2025-06-26 10:10:00,UEC,,6.945000171661377,6.949999809265137,6.934999942779541,6.934999942779541,40196.0
2025-06-26 10:10:00,URG,,1.0436999797821045,1.0499999523162842,1.0436999797821045,1.0499999523162842,1818.0
2025-06-26 10:10:00,USAS,,0.800000011920929,0.800000011920929,0.800000011920929,0.800000011920929,641.0
2025-06-26 10:10:00,UTG,,35.33000183105469,35.33000183105469,35.33000183105469,35.33000183105469,1475.0
2025-06-26 10:10:00,UUUU,,5.880000114440918,5.889999866485596,5.849999904632568,5.855000019073486,85691.0
2025-06-26 10:10:00,VTAK,,0.2524000108242035,0.2524000108242035,0.25220000743865967,0.25220000743865967,934.0
2025-06-26 10:10:00,VZLA,,2.9700000286102295,2.9800000190734863,2.9700000286102295,2.9749999046325684,4132.0
2025-06-26 10:10:00,WWR,,0.5899999737739563,0.5899999737739563,0.584833025932312,0.584833025932312,11614.0
2025-06-26 10:11:00,AEON,,0.7669000029563904,0.7669000029563904,0.7535009980201721,0.7535009980201721,506.0
2025-06-26 10:11:00,AIRI,,3.4100000858306885,3.4100000858306885,3.4000000953674316,3.4000000953674316,308.0
2025-06-26 10:11:00,ARMN,,6.835000038146973,6.849999904632568,6.835000038146973,6.849999904632568,597.0
2025-06-26 10:11:00,ASM,,3.5299999713897705,3.5299999713897705,3.525099992752075,3.5299999713897705,9748.0
2025-06-26 10:11:00,ATNM,,1.534999966621399,1.5499000549316406,1.534999966621399,1.5499000549316406,1972.0
2025-06-26 10:11:00,AZTR,,0.2549999952316284,0.2549999952316284,0.2549999952316284,0.2549999952316284,555.0
2025-06-26 10:11:00,BTG,,3.5899999141693115,3.5998001098632812,3.5899999141693115,3.5998001098632812,152005.0
2025-06-26 10:11:00,BURU,,0.334850013256073,0.33640000224113464,0.33329999446868896,0.33640000224113464,32847.0
2025-06-26 10:11:00,CATX,,3.700000047683716,3.7100000381469727,3.700000047683716,3.7100000381469727,3341.0
2025-06-26 10:11:00,CBOE,,228.4250030517578,228.42999267578125,228.4250030517578,228.42999267578125,721.0
2025-06-26 10:11:00,CCEL,,5.349999904632568,5.349999904632568,5.349999904632568,5.349999904632568,684.0
2025-06-26 10:11:00,CEF,,30.28499984741211,30.28499984741211,30.28499984741211,30.28499984741211,500.0
2025-06-26 10:11:00,CIK,,2.934999942779541,2.934999942779541,2.934999942779541,2.934999942779541,300.0
2025-06-26 10:11:00,CLDI,,0.21320000290870667,0.21979999542236328,0.21310000121593475,0.21410000324249268,3981.0
2025-06-26 10:11:00,CLM,,7.934999942779541,7.940000057220459,7.934999942779541,7.940000057220459,1674.0
2025-06-26 10:11:00,CPHI,,1.725000023841858,1.725000023841858,1.725000023841858,1.725000023841858,109.0
2025-06-26 10:11:00,CQP,,54.959999084472656,54.959999084472656,54.755001068115234,54.959999084472656,700.0
2025-06-26 10:11:00,CRF,,7.566299915313721,7.570000171661377,7.566299915313721,7.570000171661377,351.0
2025-06-26 10:11:00,CTM,,1.0393999814987183,1.0398999452590942,1.0393999814987183,1.0398999452590942,21000.0
2025-06-26 10:11:00,CYBN,,8.529999732971191,8.529999732971191,8.529999732971191,8.529999732971191,205.0
2025-06-26 10:11:00,DDC,,10.539999961853027,10.539999961853027,10.539999961853027,10.539999961853027,100.0
2025-06-26 10:11:00,DHY,,2.1050000190734863,2.109999895095825,2.1050000190734863,2.1050000190734863,6201.0
2025-06-26 10:11:00,DNN,,1.784999966621399,1.7899999618530273,1.7799999713897705,1.784999966621399,299615.0
2025-06-26 10:11:00,ECF,,10.135000228881836,10.135000228881836,10.135000228881836,10.135000228881836,0.0
2025-06-26 10:11:00,EMX,,2.5250000953674316,2.5250000953674316,2.5250000953674316,2.5250000953674316,100.0
2025-06-26 10:11:00,EQX,,5.864999771118164,5.869999885559082,5.860000133514404,5.860000133514404,4458.0
2025-06-26 10:11:00,FOXO,,0.20280000567436218,0.20284999907016754,0.20280000567436218,0.20284999907016754,5200.0
2025-06-26 10:11:00,GAU,,1.284999966621399,1.284999966621399,1.284999966621399,1.284999966621399,880.0
2025-06-26 10:11:00,GLV,,5.619999885559082,5.619999885559082,5.619999885559082,5.619999885559082,1178.0
2025-06-26 10:11:00,GNS,,0.7961999773979187,0.800000011920929,0.7824000120162964,0.786300003528595,212086.0
2025-06-26 10:11:00,GROY,,2.271199941635132,2.2799999713897705,2.271199941635132,2.2750000953674316,1955.0
2025-06-26 10:11:00,GTE,,4.96999979019165,4.96999979019165,4.960000038146973,4.960000038146973,379.0
2025-06-26 10:11:00,HUSA,,13.550000190734863,13.600000381469727,13.550000190734863,13.579999923706055,3288.0
2025-06-26 10:11:00,IBO,,0.8795999884605408,0.8795999884605408,0.8740000128746033,0.8795009851455688,2204.0
2025-06-26 10:11:00,IDR,,13.024999618530273,13.024999618530273,13.024999618530273,13.024999618530273,157.0
2025-06-26 10:11:00,IE,,9.489999771118164,9.489999771118164,9.479999542236328,9.489999771118164,2337.0
2025-06-26 10:11:00,IMO,,80.26000213623047,80.26000213623047,80.26000213623047,80.26000213623047,384.0
2025-06-26 10:11:00,INDO,,3.1600000858306885,3.1600000858306885,3.119999885559082,3.140000104904175,2642.0
2025-06-26 10:11:00,ITP,,0.1899999976158142,0.1899999976158142,0.1898999959230423,0.1898999959230423,9064.0
2025-06-26 10:11:00,ITRG,,1.559999942779541,1.559999942779541,1.554800033569336,1.559999942779541,4114.0
2025-06-26 10:11:00,JOB,,0.19609999656677246,0.19609999656677246,0.19609999656677246,0.19609999656677246,3352.0
2025-06-26 10:11:00,KNW,,2.1700000762939453,2.1700000762939453,2.1700000762939453,2.1700000762939453,570.0
2025-06-26 10:11:00,KULR,,5.039899826049805,5.079999923706055,5.030099868774414,5.079999923706055,16798.0
2025-06-26 10:11:00,LCTX,,1.065000057220459,1.0850000381469727,1.065000057220459,1.0850000381469727,10397.0
2025-06-26 10:11:00,LEU,,170.94000244140625,170.9499969482422,170.50999450683594,170.50999450683594,3645.0
2025-06-26 10:11:00,LMND,,42.15999984741211,42.279998779296875,42.06999969482422,42.279998779296875,5732.0
2025-06-26 10:11:00,LNG,,238.35000610351562,238.5,238.27000427246094,238.27000427246094,11163.0
2025-06-26 10:11:00,MAG,,21.325000762939453,21.325000762939453,21.31999969482422,21.31999969482422,706.0
2025-06-26 10:11:00,MXC,,9.039999961853027,9.050000190734863,9.029999732971191,9.039999961853027,1475.0
2025-06-26 10:11:00,MYO,,2.2899999618530273,2.2899999618530273,2.2899999618530273,2.2899999618530273,166.0
2025-06-26 10:11:00,NAK,,1.5645999908447266,1.5700000524520874,1.559999942779541,1.565000057220459,9499.0
2025-06-26 10:11:00,NCL,,0.1848900020122528,0.1848900020122528,0.18344999849796295,0.18344999849796295,3708.0
2025-06-26 10:11:00,NFGC,,1.475000023841858,1.4780999422073364,1.4701000452041626,1.4701000452041626,5375.0
2025-06-26 10:11:00,NG,,3.8550000190734863,3.859999895095825,3.8499999046325684,3.8499999046325684,3764.0
2025-06-26 10:11:00,NGD,,4.860000133514404,4.875,4.860000133514404,4.869999885559082,50665.0
2025-06-26 10:11:00,NHC,,108.78500366210938,108.78500366210938,108.78500366210938,108.78500366210938,183.0
2025-06-26 10:11:00,NNVC,,1.2000000476837158,1.2000000476837158,1.2000000476837158,1.2000000476837158,463.0
2025-06-26 10:11:00,OGEN,,3.5899999141693115,3.5899999141693115,3.5899999141693115,3.5899999141693115,121.0
2025-06-26 10:11:00,OPTT,,0.5120999813079834,0.5134999752044678,0.5120999813079834,0.5130000114440918,4116.0
2025-06-26 10:11:00,ORLA,,9.989999771118164,9.994999885559082,9.989999771118164,9.994999885559082,918.0
2025-06-26 10:11:00,OSTX,,1.840000033378601,1.840000033378601,1.840000033378601,1.840000033378601,1100.0
2025-06-26 10:11:00,PLG,,1.5988999605178833,1.5988999605178833,1.5988999605178833,1.5988999605178833,400.0
2025-06-26 10:11:00,PLX,,1.4699000120162964,1.4699000120162964,1.465000033378601,1.465000033378601,7000.0
2025-06-26 10:11:00,SATX,,2.9649999141693115,2.9649999141693115,2.9600000381469727,2.9649999141693115,600.0
2025-06-26 10:11:00,SENS,,0.4950000047683716,0.4950999915599823,0.4950000047683716,0.4950000047683716,8550.0
2025-06-26 10:11:00,SVM,,4.135000228881836,4.139999866485596,4.110000133514404,4.119999885559082,62922.0
2025-06-26 10:11:00,TGB,,3.0601999759674072,3.069700002670288,3.059999942779541,3.065000057220459,14553.0
2025-06-26 10:11:00,TOON,,0.7379999756813049,0.7379999756813049,0.7379999756813049,0.7379999756813049,333.0
2025-06-26 10:11:00,TPET,,1.225000023841858,1.225000023841858,1.225000023841858,1.225000023841858,2000.0
2025-06-26 10:11:00,UAMY,,2.424999952316284,2.424999952316284,2.424999952316284,2.424999952316284,824.0
2025-06-26 10:11:00,UAVS,,1.0855000019073486,1.0855000019073486,1.0855000019073486,1.0855000019073486,171.0
2025-06-26 10:11:00,UEC,,6.954999923706055,6.974999904632568,6.934999942779541,6.949699878692627,266780.0
2025-06-26 10:11:00,URG,,1.0499999523162842,1.0499999523162842,1.0449999570846558,1.0449999570846558,1551.0
2025-06-26 10:11:00,USAS,,0.8023999929428101,0.8048999905586243,0.8023999929428101,0.8048999905586243,4350.0
2025-06-26 10:11:00,UTG,,35.279998779296875,35.279998779296875,35.279998779296875,35.279998779296875,800.0
2025-06-26 10:11:00,UUU,,3.0,3.0,3.0,3.0,1410.0
2025-06-26 10:11:00,UUUU,,5.889999866485596,5.889999866485596,5.869999885559082,5.885000228881836,38465.0
2025-06-26 10:11:00,VTAK,,0.25216299295425415,0.25235098600387573,0.25216299295425415,0.25235098600387573,2188.0
2025-06-26 10:11:00,VZLA,,2.9649999141693115,2.9800000190734863,2.9600000381469727,2.9800000190734863,14464.0
2025-06-26 10:12:00,AIRI,,3.4100000858306885,3.4100000858306885,3.4100000858306885,3.4100000858306885,216.0
2025-06-26 10:12:00,AREN,,5.574999809265137,5.574999809265137,5.574999809265137,5.574999809265137,100.0
2025-06-26 10:12:00,ARMN,,6.835000038146973,6.840000152587891,6.8302998542785645,6.840000152587891,1304.0
2025-06-26 10:12:00,ASM,,3.5390000343322754,3.5390000343322754,3.5250000953674316,3.529900074005127,23696.0
2025-06-26 10:12:00,ATNM,,1.5393999814987183,1.5399999618530273,1.534999966621399,1.5393999814987183,55024.0
2025-06-26 10:12:00,BATL,,1.4600000381469727,1.4900000095367432,1.4600000381469727,1.4900000095367432,267.0
2025-06-26 10:12:00,BEEP,,4.059999942779541,4.059999942779541,4.059999942779541,4.059999942779541,225.0
2025-06-26 10:12:00,BKTI,,53.99129867553711,53.99129867553711,53.99129867553711,53.99129867553711,720.0
2025-06-26 10:12:00,BTG,,3.5950000286102295,3.5950000286102295,3.5899999141693115,3.5950000286102295,6264518.0
2025-06-26 10:12:00,BURU,,0.33320000767707825,0.3334999978542328,0.33219999074935913,0.3334999978542328,15480.0
2025-06-26 10:12:00,CANF,,1.0511000156402588,1.0511000156402588,1.0511000156402588,1.0511000156402588,913.0
2025-06-26 10:12:00,CATX,,3.630000114440918,3.700000047683716,3.630000114440918,3.700000047683716,12421.0
2025-06-26 10:12:00,CBOE,,228.5500030517578,228.5500030517578,228.4250030517578,228.4250030517578,1050.0
2025-06-26 10:12:00,CCEL,,5.53000020980835,5.53000020980835,5.519999980926514,5.519999980926514,410.0
2025-06-26 10:12:00,CEF,,30.290000915527344,30.290000915527344,30.290000915527344,30.290000915527344,339.0
2025-06-26 10:12:00,CIK,,2.934999942779541,2.934999942779541,2.934999942779541,2.934999942779541,100.0
2025-06-26 10:12:00,CLM,,7.934999942779541,7.940000057220459,7.934999942779541,7.940000057220459,1200.0
2025-06-26 10:12:00,CPHI,,1.7200000286102295,1.7200000286102295,1.7200000286102295,1.7200000286102295,833.0
2025-06-26 10:12:00,CQP,,55.08000183105469,55.08000183105469,54.755001068115234,54.79999923706055,1773.0
2025-06-26 10:12:00,CRF,,7.565000057220459,7.565000057220459,7.563499927520752,7.563499927520752,1761.0
2025-06-26 10:12:00,CTGO,,20.774999618530273,20.774999618530273,20.774999618530273,20.774999618530273,976.0
2025-06-26 10:12:00,CVM,,2.430000066757202,2.430000066757202,2.430000066757202,2.430000066757202,574.0
2025-06-26 10:12:00,CYBN,,8.5,8.567399978637695,8.5,8.567399978637695,812.0
2025-06-26 10:12:00,DDC,,10.5,10.5,10.5,10.5,741.0
2025-06-26 10:12:00,DHY,,2.1096999645233154,2.1098999977111816,2.1050000190734863,2.1050000190734863,7003.0
2025-06-26 10:12:00,DNN,,1.7800999879837036,1.7899999618530273,1.7799999713897705,1.784999966621399,336263.0
2025-06-26 10:12:00,EMX,,2.5250000953674316,2.5250000953674316,2.5250000953674316,2.5250000953674316,200.0
2025-06-26 10:12:00,EQX,,5.864999771118164,5.869999885559082,5.860000133514404,5.860000133514404,5615.0
2025-06-26 10:12:00,FOXO,,0.20100000500679016,0.20100000500679016,0.20100000500679016,0.20100000500679016,140.0
2025-06-26 10:12:00,GNS,,0.800000011920929,0.8100000023841858,0.7946000099182129,0.7962999939918518,253747.0
2025-06-26 10:12:00,GROY,,2.2799999713897705,2.2799999713897705,2.2701001167297363,2.2750000953674316,2390.0
2025-06-26 10:12:00,GSAT,,23.100000381469727,23.100000381469727,23.100000381469727,23.100000381469727,432.0
2025-06-26 10:12:00,GTE,,4.989999771118164,4.989999771118164,4.965000152587891,4.965000152587891,1826.0
2025-06-26 10:12:00,HUSA,,13.600000381469727,13.609999656677246,13.550000190734863,13.609999656677246,273773.0
2025-06-26 10:12:00,IBO,,0.8725000023841858,0.8795999884605408,0.8725000023841858,0.8795999884605408,2493.0
2025-06-26 10:12:00,IDR,,13.024999618530273,13.024999618530273,13.024999618530273,13.024999618530273,241.0
2025-06-26 10:12:00,IMO,,80.27999877929688,80.27999877929688,80.2699966430664,80.2699966430664,601.0
2025-06-26 10:12:00,INDO,,3.119999885559082,3.1700000762939453,3.119999885559082,3.130000114440918,11737.0
2025-06-26 10:12:00,ITRG,,1.559999942779541,1.559999942779541,1.5598000288009644,1.5598000288009644,15914.0
2025-06-26 10:12:00,KNW,,2.180000066757202,2.180000066757202,2.180000066757202,2.180000066757202,215.0
2025-06-26 10:12:00,KULR,,5.034999847412109,5.039999961853027,5.034599781036377,5.034999847412109,8054.0
2025-06-26 10:12:00,LCTX,,1.0499999523162842,1.0700000524520874,1.0499999523162842,1.0700000524520874,1009.0
2025-06-26 10:12:00,LEU,,170.7050018310547,171.1300048828125,170.60499572753906,170.60499572753906,4167.0
2025-06-26 10:12:00,LMND,,42.165000915527344,42.165000915527344,42.02000045776367,42.13999938964844,3170.0
2025-06-26 10:12:00,LNG,,238.45750427246094,238.6300048828125,238.3699951171875,238.3699951171875,18102.0
2025-06-26 10:12:00,LODE,,3.634999990463257,3.634999990463257,3.634999990463257,3.634999990463257,187.0
2025-06-26 10:12:00,MAG,,21.34000015258789,21.34000015258789,21.329999923706055,21.329999923706055,600.0
2025-06-26 10:12:00,MRT,,2.8450000286102295,2.8450000286102295,2.8450000286102295,2.8450000286102295,4300.0
2025-06-26 10:12:00,MTA,,3.8701000213623047,3.8701000213623047,3.8701000213623047,3.8701000213623047,0.0
2025-06-26 10:12:00,MXC,,9.0,9.0,9.0,9.0,515.0
2025-06-26 10:12:00,MYO,,2.2899999618530273,2.2899999618530273,2.2899999618530273,2.2899999618530273,140.0
2025-06-26 10:12:00,NAK,,1.565000057220459,1.5750000476837158,1.559999942779541,1.5676000118255615,43461.0
2025-06-26 10:12:00,NBH,,9.825300216674805,9.825300216674805,9.825300216674805,9.825300216674805,0.0
2025-06-26 10:12:00,NCL,,0.1873999983072281,0.18960000574588776,0.1834000051021576,0.1834000051021576,183673.0
2025-06-26 10:12:00,NFGC,,1.475000023841858,1.475000023841858,1.4700000286102295,1.4700000286102295,5630.0
2025-06-26 10:12:00,NG,,3.8550000190734863,3.8550000190734863,3.8550000190734863,3.8550000190734863,363.0
2025-06-26 10:12:00,NGD,,4.875,4.880000114440918,4.860000133514404,4.869900226593018,243595.0
2025-06-26 10:12:00,OBE,,5.519999980926514,5.519999980926514,5.519999980926514,5.519999980926514,3783.0
2025-06-26 10:12:00,OGEN,,3.5199999809265137,3.5199999809265137,3.5199999809265137,3.5199999809265137,995.0
2025-06-26 10:12:00,OPTT,,0.5130000114440918,0.5130500197410583,0.5099999904632568,0.5113999843597412,6216.0
2025-06-26 10:12:00,ORLA,,9.994999885559082,9.994999885559082,9.984999656677246,9.994999885559082,1445.0
2025-06-26 10:12:00,OSTX,,1.8598999977111816,1.8598999977111816,1.8598999977111816,1.8598999977111816,490.0
2025-06-26 10:12:00,PLG,,1.600000023841858,1.600000023841858,1.5950000286102295,1.5950000286102295,5104.0
2025-06-26 10:12:00,PLX,,1.4600000381469727,1.4600000381469727,1.4600000381469727,1.4600000381469727,1053.0
2025-06-26 10:12:00,PRK,,165.30499267578125,165.30499267578125,165.30499267578125,165.30499267578125,1061.0
2025-06-26 10:12:00,SENS,,0.4950000047683716,0.4950990080833435,0.4950000047683716,0.49505001306533813,2213.0
2025-06-26 10:12:00,SKYH,,9.625,9.625,9.625,9.625,157.0
2025-06-26 10:12:00,SLND,,3.799999952316284,3.799999952316284,3.799999952316284,3.799999952316284,282.0
2025-06-26 10:12:00,SVM,,4.135000228881836,4.139900207519531,4.130000114440918,4.130000114440918,34994.0
2025-06-26 10:12:00,TGB,,3.059999942779541,3.0699000358581543,3.059999942779541,3.0699000358581543,1470.0
2025-06-26 10:12:00,TMQ,,1.4609999656677246,1.4609999656677246,1.4609999656677246,1.4609999656677246,140.0
2025-06-26 10:12:00,TRX,,0.33340001106262207,0.33799999952316284,0.33340001106262207,0.33799999952316284,550.0
2025-06-26 10:12:00,UAMY,,2.424999952316284,2.430000066757202,2.424999952316284,2.424999952316284,1406.0
2025-06-26 10:12:00,UAVS,,1.0835000276565552,1.0835000276565552,1.0835000276565552,1.0835000276565552,181.0
2025-06-26 10:12:00,UEC,,6.960000038146973,6.980000019073486,6.949999809265137,6.954999923706055,67816.0
2025-06-26 10:12:00,URG,,1.0449999570846558,1.0499999523162842,1.0399999618530273,1.0449999570846558,8198.0
2025-06-26 10:12:00,USAS,,0.8004999756813049,0.8048999905586243,0.8004999756813049,0.8048999905586243,3332.0
2025-06-26 10:12:00,UTG,,35.32699966430664,35.32699966430664,35.279998779296875,35.279998779296875,5300.0
2025-06-26 10:12:00,UUUU,,5.855000019073486,5.888599872589111,5.840000152587891,5.885000228881836,77274.0
2025-06-26 10:12:00,VZLA,,2.9649999141693115,2.9649999141693115,2.9649999141693115,2.9649999141693115,743.0
2025-06-26 10:12:00,WWR,,0.5956000089645386,0.5956000089645386,0.5956000089645386,0.5956000089645386,267.0
2025-06-26 10:13:00,AEON,,0.7658990025520325,0.7658990025520325,0.7658990025520325,0.7658990025520325,130.0
2025-06-26 10:13:00,AIRI,,3.4100000858306885,3.4100000858306885,3.4100000858306885,3.4100000858306885,443.0
2025-06-26 10:13:00,AREN,,5.670000076293945,5.670000076293945,5.670000076293945,5.670000076293945,0.0
2025-06-26 10:13:00,ARMN,,6.829999923706055,6.829999923706055,6.829999923706055,6.829999923706055,598.0
2025-06-26 10:13:00,ASM,,3.5316998958587646,3.5399999618530273,3.5316998958587646,3.5399999618530273,6965.0
2025-06-26 10:13:00,ATNM,,1.5399999618530273,1.5399999618530273,1.5399999618530273,1.5399999618530273,3454.0
2025-06-26 10:13:00,BATL,,1.4900000095367432,1.4900000095367432,1.4900000095367432,1.4900000095367432,1154.0
2025-06-26 10:13:00,BTG,,3.5998001098632812,3.5998001098632812,3.5950000286102295,3.5950000286102295,10376.0
2025-06-26 10:13:00,BURU,,0.33640000224113464,0.33640000224113464,0.33329999446868896,0.33399999141693115,7189.0
2025-06-26 10:13:00,CANF,,1.0565999746322632,1.0565999746322632,1.0565999746322632,1.0565999746322632,159.0
2025-06-26 10:13:00,CATX,,3.6449999809265137,3.6500000953674316,3.630000114440918,3.6449999809265137,5827.0
2025-06-26 10:13:00,CBOE,,228.5500030517578,228.5500030517578,228.5500030517578,228.5500030517578,936.0
2025-06-26 10:13:00,CCEL,,5.100100040435791,5.821000099182129,5.100100040435791,5.699999809265137,5743.0
2025-06-26 10:13:00,CEF,,30.290000915527344,30.290000915527344,30.290000915527344,30.290000915527344,807.0
2025-06-26 10:13:00,CET,,47.220001220703125,47.220001220703125,47.220001220703125,47.220001220703125,1389.0
2025-06-26 10:13:00,CEV,,9.699999809265137,9.699999809265137,9.699999809265137,9.699999809265137,0.0
2025-06-26 10:13:00,CLM,,7.940000057220459,7.940000057220459,7.934999942779541,7.934999942779541,1290.0
2025-06-26 10:13:00,CQP,,55.09000015258789,55.09000015258789,54.98500061035156,54.98500061035156,400.0
2025-06-26 10:13:00,CRF,,7.565000057220459,7.565000057220459,7.565000057220459,7.565000057220459,708.0
2025-06-26 10:13:00,CVM,,2.4700000286102295,2.4700000286102295,2.4700000286102295,2.4700000286102295,885.0
2025-06-26 10:13:00,CYBN,,8.565899848937988,8.565899848937988,8.565899848937988,8.565899848937988,717.0
2025-06-26 10:13:00,DC,,3.7799999713897705,3.7799999713897705,3.7799999713897705,3.7799999713897705,370.0
2025-06-26 10:13:00,DHY,,2.1050000190734863,2.1098999977111816,2.1050000190734863,2.1098999977111816,7003.0
2025-06-26 10:13:00,DNN,,1.774999976158142,1.784999966621399,1.7699999809265137,1.784999966621399,1260153.0
2025-06-26 10:13:00,ELA,,5.860000133514404,6.024499893188477,5.860000133514404,6.024499893188477,2650.0
2025-06-26 10:13:00,EMX,,2.5288000106811523,2.5288000106811523,2.5288000106811523,2.5288000106811523,870.0
2025-06-26 10:13:00,EPM,,4.704999923706055,4.71999979019165,4.690000057220459,4.690000057220459,2107.0
2025-06-26 10:13:00,EQX,,5.86460018157959,5.868000030517578,5.860000133514404,5.864999771118164,14141.0
2025-06-26 10:13:00,EVM,,8.850000381469727,8.850000381469727,8.850000381469727,8.850000381469727,3263.0
2025-06-26 10:13:00,EVV,,10.149999618530273,10.149999618530273,10.149999618530273,10.149999618530273,300.0
2025-06-26 10:13:00,FOXO,,0.20280000567436218,0.20280000567436218,0.20280000567436218,0.20280000567436218,100.0
2025-06-26 10:13:00,FSP,,1.684999942779541,1.684999942779541,1.684999942779541,1.684999942779541,100.0
2025-06-26 10:13:00,GAU,,1.2899999618530273,1.2899999618530273,1.2899999618530273,1.2899999618530273,8214.0
2025-06-26 10:13:00,GNS,,0.8180570006370544,0.8230000138282776,0.7943999767303467,0.800000011920929,173768.0
2025-06-26 10:13:00,GORO,,0.5350000262260437,0.5350000262260437,0.5350000262260437,0.5350000262260437,0.0
2025-06-26 10:13:00,GROY,,2.2750000953674316,2.2799999713897705,2.2699999809265137,2.2799999713897705,20462.0
2025-06-26 10:13:00,GSAT,,23.149999618530273,23.149999618530273,23.104999542236328,23.104999542236328,1558.0
2025-06-26 10:13:00,GTE,,4.985000133514404,4.985000133514404,4.985000133514404,4.985000133514404,0.0
2025-06-26 10:13:00,HUSA,,13.704999923706055,13.75,13.6899995803833,13.6899995803833,1724.0
2025-06-26 10:13:00,IBO,,0.8726000189781189,0.8761000037193298,0.8726000189781189,0.8760499954223633,712.0
2025-06-26 10:13:00,IDR,,13.050000190734863,13.050000190734863,13.050000190734863,13.050000190734863,100.0
2025-06-26 10:13:00,IE,,9.529999732971191,9.529999732971191,9.489999771118164,9.5,30610.0
2025-06-26 10:13:00,IMO,,80.37999725341797,80.37999725341797,80.37999725341797,80.37999725341797,263.0
2025-06-26 10:13:00,INDO,,3.1449999809265137,3.1700000762939453,3.1201000213623047,3.1449999809265137,8024.0
2025-06-26 10:13:00,ITRG,,1.5700000524520874,1.5700000524520874,1.5700000524520874,1.5700000524520874,1508.0
2025-06-26 10:13:00,KNW,,1.990049958229065,2.1700000762939453,1.9900000095367432,2.1700000762939453,68291.0
2025-06-26 10:13:00,KULR,,5.054999828338623,5.060800075531006,5.034999847412109,5.034999847412109,9217.0
2025-06-26 10:13:00,LCTX,,1.0499999523162842,1.059999942779541,1.0499999523162842,1.059999942779541,2401.0
2025-06-26 10:13:00,LEU,,172.42999267578125,172.42999267578125,170.1999969482422,170.7100067138672,12086.0
2025-06-26 10:13:00,LMND,,42.275001525878906,42.31230163574219,42.165000915527344,42.165000915527344,7673.0
2025-06-26 10:13:00,LNG,,238.8000030517578,238.86000061035156,238.57000732421875,238.57000732421875,5795.0
2025-06-26 10:13:00,MAG,,21.329999923706055,21.329999923706055,21.329999923706055,21.329999923706055,306.0
2025-06-26 10:13:00,MAIA,,1.6399999856948853,1.6399999856948853,1.6399999856948853,1.6399999856948853,2755.0
2025-06-26 10:13:00,MYO,,2.2850000858306885,2.2850000858306885,2.2799999713897705,2.2799999713897705,10318.0
2025-06-26 10:13:00,NAK,,1.565000057220459,1.5680999755859375,1.565000057220459,1.5650999546051025,11237.0
2025-06-26 10:13:00,NCL,,0.1842000037431717,0.1873999983072281,0.1836010068655014,0.18690000474452972,59445.0
2025-06-26 10:13:00,NFGC,,1.475000023841858,1.475000023841858,1.4700000286102295,1.475000023841858,5400.0
2025-06-26 10:13:00,NG,,3.8550000190734863,3.8550000190734863,3.8450000286102295,3.8550000190734863,51885.0
2025-06-26 10:13:00,NGD,,4.869999885559082,4.875,4.869999885559082,4.875,33558.0
2025-06-26 10:13:00,NHS,,7.473800182342529,7.473800182342529,7.473800182342529,7.473800182342529,100.0
2025-06-26 10:13:00,NRXS,,2.549999952316284,2.549999952316284,2.549999952316284,2.549999952316284,1181.0
2025-06-26 10:13:00,OPTT,,0.5116000175476074,0.5128999948501587,0.5116000175476074,0.5116000175476074,3309.0
2025-06-26 10:13:00,ORLA,,10.005000114440918,10.005000114440918,9.984999656677246,9.989999771118164,2605.0
2025-06-26 10:13:00,OSTX,,1.8250000476837158,1.8250000476837158,1.8250000476837158,1.8250000476837158,340.0
2025-06-26 10:13:00,PLG,,1.600000023841858,1.600000023841858,1.5950000286102295,1.5990999937057495,1400.0
2025-06-26 10:13:00,PLMR,,148.93499755859375,148.93499755859375,148.93499755859375,148.93499755859375,680.0
2025-06-26 10:13:00,REI,,0.7757999897003174,0.7757999897003174,0.7757999897003174,0.7757999897003174,333.0
2025-06-26 10:13:00,SATX,,2.9600000381469727,2.9649999141693115,2.9600000381469727,2.9649999141693115,516.0
2025-06-26 10:13:00,SENS,,0.4950999915599823,0.4950999915599823,0.4950000047683716,0.4950009882450104,1913.0
2025-06-26 10:13:00,SVM,,4.135000228881836,4.135000228881836,4.130099773406982,4.130099773406982,4500.0
2025-06-26 10:13:00,TGB,,3.055000066757202,3.059999942779541,3.049999952316284,3.059999942779541,38319.0
2025-06-26 10:13:00,TMQ,,1.468000054359436,1.468000054359436,1.468000054359436,1.468000054359436,1025.0
2025-06-26 10:13:00,TPET,,1.2400000095367432,1.2400000095367432,1.229200005531311,1.229200005531311,2547.0
2025-06-26 10:13:00,TRX,,0.33799999952316284,0.33799999952316284,0.33799999952316284,0.33799999952316284,1700.0
2025-06-26 10:13:00,UAMY,,2.427999973297119,2.4284000396728516,2.424999952316284,2.424999952316284,6227.0
2025-06-26 10:13:00,UEC,,6.932499885559082,6.954999923706055,6.914999961853027,6.954999923706055,61619.0
2025-06-26 10:13:00,URG,,1.0499999523162842,1.0499999523162842,1.0399999618530273,1.0449999570846558,6951.0
2025-06-26 10:13:00,USAS,,0.8039000034332275,0.8131999969482422,0.8026000261306763,0.8026000261306763,12618.0
2025-06-26 10:13:00,UUUU,,5.849999904632568,5.855000019073486,5.835000038146973,5.849999904632568,31244.0
2025-06-26 10:13:00,VZLA,,2.9649999141693115,2.9649999141693115,2.9649999141693115,2.9649999141693115,265.0
2025-06-26 10:13:00,WWR,,0.5899500250816345,0.5899500250816345,0.5835999846458435,0.5873000025749207,10165.0
2025-06-26 10:14:00,AEON,,0.7605010271072388,0.7605010271072388,0.7605010271072388,0.7605010271072388,309.0
2025-06-26 10:14:00,AMBO,,2.6328999996185303,2.6328999996185303,2.6328999996185303,2.6328999996185303,229.0
2025-06-26 10:14:00,ARMN,,6.860000133514404,6.860000133514404,6.860000133514404,6.860000133514404,0.0
2025-06-26 10:14:00,ASM,,3.5399999618530273,3.5399999618530273,3.5299999713897705,3.5299999713897705,11099.0
2025-06-26 10:14:00,AUST,,1.3200000524520874,1.3200000524520874,1.3200000524520874,1.3200000524520874,235.0
2025-06-26 10:14:00,BATL,,1.4896999597549438,1.4896999597549438,1.4896999597549438,1.4896999597549438,2645.0
2025-06-26 10:14:00,BRBS,,3.2699999809265137,3.2699999809265137,3.2699999809265137,3.2699999809265137,1289.0
2025-06-26 10:14:00,BTG,,3.5950000286102295,3.5950000286102295,3.5950000286102295,3.5950000286102295,29260.0
2025-06-26 10:14:00,BURU,,0.3371500074863434,0.3371500074863434,0.3371500074863434,0.3371500074863434,7875.0
2025-06-26 10:14:00,CATX,,3.6500000953674316,3.6500000953674316,3.6500000953674316,3.6500000953674316,4379.0
2025-06-26 10:14:00,CCEL,,5.489999771118164,5.489999771118164,5.489999771118164,5.489999771118164,2956.0
2025-06-26 10:14:00,CLDI,,0.21559900045394897,0.21559900045394897,0.21559900045394897,0.21559900045394897,0.0
2025-06-26 10:14:00,CLM,,7.929999828338623,7.929999828338623,7.929999828338623,7.929999828338623,0.0
2025-06-26 10:14:00,COE,,32.70000076293945,32.70000076293945,32.70000076293945,32.70000076293945,383.0
2025-06-26 10:14:00,CVU,,3.2100000381469727,3.2100000381469727,3.2100000381469727,3.2100000381469727,2529.0
2025-06-26 10:14:00,CYBN,,8.539999961853027,8.539999961853027,8.539999961853027,8.539999961853027,480.0
2025-06-26 10:14:00,DC,,3.7899999618530273,3.7899999618530273,3.7899999618530273,3.7899999618530273,1598.0
2025-06-26 10:14:00,DDC,,10.380000114440918,10.380000114440918,10.380000114440918,10.380000114440918,0.0
2025-06-26 10:14:00,DHY,,2.109100103378296,2.109100103378296,2.109100103378296,2.109100103378296,6025.0
2025-06-26 10:14:00,DNN,,1.7854000329971313,1.7854000329971313,1.7854000329971313,1.7854000329971313,427525.0
2025-06-26 10:14:00,DSS,,0.9100000262260437,0.9100000262260437,0.9100000262260437,0.9100000262260437,0.0
2025-06-26 10:14:00,ELA,,5.860000133514404,5.860000133514404,5.860000133514404,5.860000133514404,5063.0
2025-06-26 10:14:00,ELMD,,21.94700050354004,21.94700050354004,21.94700050354004,21.94700050354004,1093.0
2025-06-26 10:14:00,EPM,,4.704999923706055,4.704999923706055,4.704999923706055,4.704999923706055,0.0
2025-06-26 10:14:00,EQX,,5.864999771118164,5.864999771118164,5.864999771118164,5.864999771118164,910.0
2025-06-26 10:14:00,EVV,,10.154999732971191,10.154999732971191,10.154999732971191,10.154999732971191,0.0
2025-06-26 10:14:00,FOXO,,0.20100000500679016,0.20100000500679016,0.20100000500679016,0.20100000500679016,1810.0
2025-06-26 10:14:00,FTF,,6.394999980926514,6.394999980926514,6.394999980926514,6.394999980926514,247.0
2025-06-26 10:14:00,FURY,,0.47699999809265137,0.47699999809265137,0.47699999809265137,0.47699999809265137,0.0
2025-06-26 10:14:00,GAU,,1.2949999570846558,1.2949999570846558,1.2949999570846558,1.2949999570846558,1137.0
2025-06-26 10:14:00,GNS,,0.8100500106811523,0.8198999762535095,0.8100000023841858,0.8100500106811523,77512.0
2025-06-26 10:14:00,GROY,,2.2750000953674316,2.2750000953674316,2.2750000953674316,2.2750000953674316,15308.0
2025-06-26 10:14:00,GSAT,,23.209999084472656,23.209999084472656,23.209999084472656,23.209999084472656,1214.0
2025-06-26 10:14:00,HUSA,,13.704700469970703,13.704700469970703,13.704700469970703,13.704700469970703,789.0
2025-06-26 10:14:00,IBO,,0.888700008392334,0.888700008392334,0.8883000016212463,0.8883000016212463,8579.0
2025-06-26 10:14:00,IDR,,13.050000190734863,13.050000190734863,13.050000190734863,13.050000190734863,1860.0
2025-06-26 10:14:00,IE,,9.529999732971191,9.529999732971191,9.529999732971191,9.529999732971191,1939.0
2025-06-26 10:14:00,IMO,,80.43000030517578,80.43000030517578,80.43000030517578,80.43000030517578,1820.0
2025-06-26 10:14:00,INDO,,3.1303000450134277,3.1303000450134277,3.1303000450134277,3.1303000450134277,202.0
2025-06-26 10:14:00,INUV,,3.819999933242798,3.819999933242798,3.819999933242798,3.819999933242798,1303.0
2025-06-26 10:14:00,ITRG,,1.5700000524520874,1.5700000524520874,1.565000057220459,1.565000057220459,365.0
2025-06-26 10:14:00,KNW,,1.9901000261306763,1.9950000047683716,1.9901000261306763,1.9950000047683716,4006.0
2025-06-26 10:14:00,KULR,,5.079999923706055,5.085000038146973,5.072999954223633,5.079999923706055,5535.0
2025-06-26 10:14:00,LCTX,,1.0449999570846558,1.059999942779541,1.0449999570846558,1.059999942779541,26130.0
2025-06-26 10:14:00,LEU,,172.1009979248047,172.5050048828125,172.01010131835938,172.5050048828125,10363.0
2025-06-26 10:14:00,LMND,,42.369998931884766,42.369998931884766,42.095001220703125,42.095001220703125,8571.0
2025-06-26 10:14:00,LNG,,238.8000030517578,238.8000030517578,238.60009765625,238.60009765625,1860.0
2025-06-26 10:14:00,LODE,,3.6338000297546387,3.6338000297546387,3.6338000297546387,3.6338000297546387,506.0
2025-06-26 10:14:00,LPTV,,0.014499999582767487,0.014499999582767487,0.014499999582767487,0.014499999582767487,0.0
2025-06-26 10:14:00,MAG,,21.350000381469727,21.350000381469727,21.350000381469727,21.350000381469727,1399.0
2025-06-26 10:14:00,MPTI,,40.36000061035156,40.36000061035156,40.36000061035156,40.36000061035156,226.0
2025-06-26 10:14:00,MXC,,9.010000228881836,9.010000228881836,9.010000228881836,9.010000228881836,1090.0
2025-06-26 10:14:00,MYO,,2.2850000858306885,2.2850000858306885,2.2850000858306885,2.2850000858306885,1054.0
2025-06-26 10:14:00,NAK,,1.559999942779541,1.559999942779541,1.559999942779541,1.559999942779541,52269.0
2025-06-26 10:14:00,NCL,,0.1842000037431717,0.1842000037431717,0.1842000037431717,0.1842000037431717,13423.0
2025-06-26 10:14:00,NFGC,,1.465000033378601,1.465000033378601,1.465000033378601,1.465000033378601,0.0
2025-06-26 10:14:00,NG,,3.865000009536743,3.865000009536743,3.865000009536743,3.865000009536743,9320.0
2025-06-26 10:14:00,NGD,,4.880000114440918,4.880000114440918,4.869999885559082,4.875,26693.0
2025-06-26 10:14:00,NNVC,,1.2000000476837158,1.2000000476837158,1.2000000476837158,1.2000000476837158,262.0
2025-06-26 10:14:00,ORLA,,10.0,10.0,10.0,10.0,1869.0
2025-06-26 10:14:00,OSTX,,1.809999942779541,1.809999942779541,1.809999942779541,1.809999942779541,0.0
2025-06-26 10:14:00,PED,,0.6799899935722351,0.6799899935722351,0.6799899935722351,0.6799899935722351,3755.0
2025-06-26 10:14:00,PLG,,1.5960999727249146,1.5960999727249146,1.5950000286102295,1.5950000286102295,950.0
2025-06-26 10:14:00,PLMR,,149.35000610351562,149.3699951171875,149.35000610351562,149.3699951171875,852.0
2025-06-26 10:14:00,SATX,,2.9600000381469727,2.9600000381469727,2.9600000381469727,2.9600000381469727,310.0
2025-06-26 10:14:00,SEB,,2930.199951171875,2930.199951171875,2930.199951171875,2930.199951171875,0.0
2025-06-26 10:14:00,SENS,,0.4953269958496094,0.4953269958496094,0.4953269958496094,0.4953269958496094,0.0
2025-06-26 10:14:00,SLI,,1.8898999691009521,1.8898999691009521,1.8898999691009521,1.8898999691009521,0.0
2025-06-26 10:14:00,SLND,,3.7950000762939453,3.7950000762939453,3.7950000762939453,3.7950000762939453,228.0
2025-06-26 10:14:00,SOAR,,1.4600000381469727,1.4600000381469727,1.4600000381469727,1.4600000381469727,1367.0
2025-06-26 10:14:00,SVM,,4.135000228881836,4.135000228881836,4.135000228881836,4.135000228881836,12724.0
2025-06-26 10:14:00,TOON,,0.7379999756813049,0.7379999756813049,0.7379999756813049,0.7379999756813049,298.0
2025-06-26 10:14:00,TPET,,1.2400000095367432,1.2400000095367432,1.2400000095367432,1.2400000095367432,204.0
2025-06-26 10:14:00,TRT,,5.409299850463867,5.409299850463867,5.409299850463867,5.409299850463867,2072.0
2025-06-26 10:14:00,TRX,,0.33799999952316284,0.33799999952316284,0.33799999952316284,0.33799999952316284,0.0
2025-06-26 10:14:00,UAMY,,2.428299903869629,2.430000066757202,2.424999952316284,2.424999952316284,1994.0
2025-06-26 10:14:00,UAVS,,1.089400053024292,1.089400053024292,1.089400053024292,1.089400053024292,0.0
2025-06-26 10:14:00,UEC,,6.96999979019165,6.96999979019165,6.949999809265137,6.949999809265137,110963.0
2025-06-26 10:14:00,URG,,1.0449999570846558,1.0449999570846558,1.0449999570846558,1.0449999570846558,1144.0
2025-06-26 10:14:00,USAS,,0.8084499835968018,0.8084499835968018,0.8084499835968018,0.8084499835968018,207.0
2025-06-26 10:14:00,UTG,,35.33000183105469,35.33000183105469,35.33000183105469,35.33000183105469,183.0
2025-06-26 10:14:00,UUUU,,5.875,5.875,5.875,5.875,41250.0
2025-06-26 10:14:00,VKI,,8.180000305175781,8.180000305175781,8.180000305175781,8.180000305175781,160.0
2025-06-26 10:14:00,VNRX,,0.7630000114440918,0.7630000114440918,0.7630000114440918,0.7630000114440918,7688.0
2025-06-26 10:14:00,VZLA,,2.9700000286102295,2.9700000286102295,2.9700000286102295,2.9700000286102295,16636.0
2025-06-26 10:14:00,WWR,,0.5961999893188477,0.5961999893188477,0.5961999893188477,0.5961999893188477,0.0
2025-06-26 10:15:00,AREN,,5.570000171661377,5.570000171661377,5.570000171661377,5.570000171661377,47416.0
2025-06-26 10:15:00,ARMN,,6.855000019073486,6.864999771118164,6.840000152587891,6.860000133514404,107703.0
2025-06-26 10:15:00,ASM,,3.5350000858306885,3.5499000549316406,3.5299999713897705,3.5448999404907227,33289.0
2025-06-26 10:15:00,BGI,,0.8999000191688538,0.8999000191688538,0.8999000191688538,0.8999000191688538,490.0
2025-06-26 10:15:00,BRBS,,3.2750000953674316,3.2750000953674316,3.2699999809265137,3.2699999809265137,1058.0
2025-06-26 10:15:00,BRN,,1.2350000143051147,1.2350000143051147,1.2350000143051147,1.2350000143051147,621.0
2025-06-26 10:15:00,BTG,,3.5950000286102295,3.5999999046325684,3.5934998989105225,3.5950000286102295,234409.0
2025-06-26 10:15:00,BURU,,0.3384000062942505,0.3384000062942505,0.33570000529289246,0.33730000257492065,29709.0
2025-06-26 10:15:00,CATX,,3.6600000858306885,3.6700000762939453,3.6600000858306885,3.6600000858306885,1948.0
2025-06-26 10:15:00,CCEL,,5.519999980926514,5.519999980926514,5.5,5.5,588.0
2025-06-26 10:15:00,CEF,,30.295000076293945,30.295000076293945,30.295000076293945,30.295000076293945,369.0
2025-06-26 10:15:00,CIK,,2.934999942779541,2.934999942779541,2.934999942779541,2.934999942779541,450.0
2025-06-26 10:15:00,CLDI,,0.20829999446868896,0.21559999883174896,0.20829999446868896,0.21559999883174896,315609.0
2025-06-26 10:15:00,CLM,,7.929999828338623,7.929999828338623,7.929999828338623,7.929999828338623,130930.0
2025-06-26 10:15:00,CQP,,55.165000915527344,55.25,55.165000915527344,55.2400016784668,1288.0
2025-06-26 10:15:00,CRF,,7.567699909210205,7.570000171661377,7.561500072479248,7.561500072479248,4118.0
2025-06-26 10:15:00,CTM,,1.039999008178711,1.039999008178711,1.039999008178711,1.039999008178711,1734.0
2025-06-26 10:15:00,CYBN,,8.550000190734863,8.569999694824219,8.510000228881836,8.550000190734863,5490.0
2025-06-26 10:15:00,DHY,,2.1050000190734863,2.1098999977111816,2.1050000190734863,2.1050000190734863,6101.0
2025-06-26 10:15:00,DNN,,1.7800999879837036,1.7899999618530273,1.7799999713897705,1.780500054359436,225745.0
2025-06-26 10:15:00,EAD,,6.980000019073486,6.980000019073486,6.980000019073486,6.980000019073486,320.0
2025-06-26 10:15:00,ELA,,5.855000019073486,6.012599945068359,5.855000019073486,6.012599945068359,4765.0
2025-06-26 10:15:00,ELLO,,17.540000915527344,17.540000915527344,17.540000915527344,17.540000915527344,6486.0
2025-06-26 10:15:00,EQX,,5.879899978637695,5.879899978637695,5.860000133514404,5.860000133514404,33444.0
2025-06-26 10:15:00,ESP,,43.189998626708984,43.79314422607422,43.189998626708984,43.79314422607422,867.0
2025-06-26 10:15:00,FSP,,1.684999942779541,1.684999942779541,1.684999942779541,1.684999942779541,261.0
2025-06-26 10:15:00,FURY,,0.4799000024795532,0.4799000024795532,0.4799000024795532,0.4799000024795532,48225.0
2025-06-26 10:15:00,GGN,,4.360000133514404,4.360000133514404,4.360000133514404,4.360000133514404,1000.0
2025-06-26 10:15:00,GNS,,0.8193989992141724,0.8197000026702881,0.8100000023841858,0.8100000023841858,106003.0
2025-06-26 10:15:00,GRF,,9.755000114440918,9.755000114440918,9.75,9.75,210.0
2025-06-26 10:15:00,GROY,,2.2750000953674316,2.275399923324585,2.27020001411438,2.2750000953674316,4714.0
2025-06-26 10:15:00,GSAT,,23.25,23.27280044555664,23.25,23.27280044555664,903.0
2025-06-26 10:15:00,GTE,,4.989999771118164,4.989999771118164,4.980000019073486,4.980000019073486,27492.0
2025-06-26 10:15:00,HUSA,,13.675000190734863,13.675000190734863,13.675000190734863,13.675000190734863,127.0
2025-06-26 10:15:00,IBO,,0.8992000222206116,0.8992000222206116,0.8887500166893005,0.8887500166893005,17001.0
2025-06-26 10:15:00,IDR,,13.036499977111816,13.036499977111816,13.036499977111816,13.036499977111816,886.0
2025-06-26 10:15:00,IE,,9.600000381469727,9.600000381469727,9.529999732971191,9.529999732971191,20911.0
2025-06-26 10:15:00,INDO,,3.140000104904175,3.1449999809265137,3.1314001083374023,3.1449999809265137,2831.0
2025-06-26 10:15:00,INFU,,6.400000095367432,6.400000095367432,6.400000095367432,6.400000095367432,464.0
2025-06-26 10:15:00,ITRG,,1.559999942779541,1.5700000524520874,1.559999942779541,1.5700000524520874,200.0
2025-06-26 10:15:00,KNW,,1.9955999851226807,2.0399999618530273,1.9900000095367432,1.9950000047683716,8885.0
2025-06-26 10:15:00,KULR,,5.09499979019165,5.099999904632568,5.076300144195557,5.079999923706055,4712.0
2025-06-26 10:15:00,LCTX,,1.0449999570846558,1.0449999570846558,1.0399999618530273,1.0449999570846558,6224.0
2025-06-26 10:15:00,LEU,,172.49000549316406,172.89999389648438,172.02999877929688,172.10000610351562,5595.0
2025-06-26 10:15:00,LMND,,42.415000915527344,42.4984016418457,42.36000061035156,42.380001068115234,3526.0
2025-06-26 10:15:00,LNG,,238.8000030517578,238.94000244140625,238.61000061035156,238.80499267578125,4407.0
2025-06-26 10:15:00,LODE,,3.6496999263763428,3.6496999263763428,3.6496999263763428,3.6496999263763428,1320.0
2025-06-26 10:15:00,MAG,,21.35849952697754,21.35849952697754,21.350000381469727,21.350000381469727,6216.0
2025-06-26 10:15:00,MPTI,,40.14400100708008,40.14400100708008,40.14400100708008,40.14400100708008,103.0
2025-06-26 10:15:00,MRT,,2.8222999572753906,2.8222999572753906,2.8222999572753906,2.8222999572753906,460.0
2025-06-26 10:15:00,MTA,,3.880000114440918,3.8863000869750977,3.869999885559082,3.869999885559082,58158.0
2025-06-26 10:15:00,MTNB,,0.9200999736785889,0.9200999736785889,0.9200999736785889,0.9200999736785889,698.0
2025-06-26 10:15:00,NAK,,1.559999942779541,1.559999942779541,1.5549999475479126,1.5549999475479126,4230.0
2025-06-26 10:15:00,NCL,,0.18410000205039978,0.18410000205039978,0.18410000205039978,0.18410000205039978,14224.0
2025-06-26 10:15:00,NFGC,,1.4700000286102295,1.4700000286102295,1.465000033378601,1.465000033378601,84383.0
2025-06-26 10:15:00,NG,,3.875,3.880000114440918,3.869999885559082,3.869999885559082,29677.0
2025-06-26 10:15:00,NGD,,4.88070011138916,4.889999866485596,4.869999885559082,4.875,89943.0
2025-06-26 10:15:00,NHS,,7.480000019073486,7.480000019073486,7.480000019073486,7.480000019073486,801.0
2025-06-26 10:15:00,NNVC,,1.2100000381469727,1.2100000381469727,1.2000000476837158,1.2000000476837158,2500.0
2025-06-26 10:15:00,NRO,,3.180000066757202,3.180000066757202,3.180000066757202,3.180000066757202,1001.0
2025-06-26 10:15:00,OPTT,,0.5146999955177307,0.5172989964485168,0.5127000212669373,0.5127000212669373,165196.0
2025-06-26 10:15:00,ORLA,,10.015000343322754,10.015000343322754,10.010000228881836,10.010000228881836,1184.0
2025-06-26 10:15:00,PLG,,1.600000023841858,1.600000023841858,1.5950000286102295,1.5951000452041626,779.0
2025-06-26 10:15:00,PLMR,,149.27499389648438,149.4199981689453,149.27499389648438,149.41000366210938,2527.0
2025-06-26 10:15:00,PLX,,1.4600000381469727,1.465000033378601,1.4600000381469727,1.4600000381469727,308.0
2025-06-26 10:15:00,REI,,0.7731500267982483,0.7731500267982483,0.7731500267982483,0.7731500267982483,0.0
2025-06-26 10:15:00,REPX,,26.489999771118164,26.489999771118164,26.489999771118164,26.489999771118164,1595.0
2025-06-26 10:15:00,SATX,,2.9649999141693115,2.9649999141693115,2.9649999141693115,2.9649999141693115,509.0
2025-06-26 10:15:00,SENS,,0.498199999332428,0.49889999628067017,0.4952999949455261,0.4952999949455261,743912.0
2025-06-26 10:15:00,SGN,,1.0099999904632568,1.0099999904632568,1.0099999904632568,1.0099999904632568,562.0
2025-06-26 10:15:00,SLI,,1.8849999904632568,1.885200023651123,1.8849999904632568,1.8849999904632568,296193.0
2025-06-26 10:15:00,SOAR,,1.4601999521255493,1.4601999521255493,1.4601000547409058,1.4601999521255493,9623.0
2025-06-26 10:15:00,SSY,,0.8659999966621399,0.8813999891281128,0.8659999966621399,0.8813999891281128,16021.0
2025-06-26 10:15:00,SVM,,4.139999866485596,4.139999866485596,4.130000114440918,4.139999866485596,18330.0
2025-06-26 10:15:00,TGB,,3.0701000690460205,3.0799999237060547,3.059999942779541,3.059999942779541,125970.0
2025-06-26 10:15:00,TMQ,,1.465000033378601,1.465000033378601,1.465000033378601,1.465000033378601,801.0
2025-06-26 10:15:00,TOVX,,0.43505001068115234,0.43505001068115234,0.43505001068115234,0.43505001068115234,2720.0
2025-06-26 10:15:00,TRX,,0.33340001106262207,0.33799999952316284,0.33340001106262207,0.33799999952316284,36766.0
2025-06-26 10:15:00,UAMY,,2.424999952316284,2.430000066757202,2.424799919128418,2.430000066757202,773632.0
2025-06-26 10:15:00,UAVS,,1.0800000429153442,1.0896999835968018,1.0800000429153442,1.0896999835968018,264710.0
2025-06-26 10:15:00,UEC,,6.945000171661377,6.96999979019165,6.929999828338623,6.965000152587891,143836.0
2025-06-26 10:15:00,URG,,1.0399999618530273,1.0499999523162842,1.0399999618530273,1.0449999570846558,3016.0
2025-06-26 10:15:00,UUUU,,5.855000019073486,5.885000228881836,5.849999904632568,5.875,40994.0
2025-06-26 10:15:00,VKI,,8.180000305175781,8.180000305175781,8.180000305175781,8.180000305175781,317.0
2025-06-26 10:15:00,VTAK,,0.25,0.25,0.25,0.25,2621.0
2025-06-26 10:15:00,VZLA,,2.9753000736236572,2.9798998832702637,2.9749999046325684,2.9798998832702637,14001.0
2025-06-26 10:15:00,WWR,,0.5911999940872192,0.5911999940872192,0.5911999940872192,0.5911999940872192,116901.0
2025-06-26 10:16:00,ARMN,,6.860000133514404,6.860000133514404,6.860000133514404,6.860000133514404,556.0
2025-06-26 10:16:00,ASM,,3.5399999618530273,3.5399999618530273,3.5350000858306885,3.5350000858306885,16659.0
2025-06-26 10:16:00,BATL,,1.4500000476837158,1.475000023841858,1.4500000476837158,1.475000023841858,7225.0
2025-06-26 10:16:00,BKTI,,53.33000183105469,53.494998931884766,53.33000183105469,53.33000183105469,804.0
2025-06-26 10:16:00,BRBS,,3.2750000953674316,3.2750000953674316,3.2750000953674316,3.2750000953674316,283.0
2025-06-26 10:16:00,BTG,,3.5998001098632812,3.599900007247925,3.5899999141693115,3.5950000286102295,27541.0
2025-06-26 10:16:00,BURU,,0.33970001339912415,0.34049999713897705,0.3357999920845032,0.3357999920845032,35772.0
2025-06-26 10:16:00,CATX,,3.6700000762939453,3.6700000762939453,3.6700000762939453,3.6700000762939453,792.0
2025-06-26 10:16:00,CBOE,,228.5500030517578,228.5800018310547,228.5500030517578,228.5800018310547,516.0
2025-06-26 10:16:00,CCEL,,5.659999847412109,5.730000019073486,5.519848823547363,5.585299968719482,1559.0
2025-06-26 10:16:00,CEF,,30.29010009765625,30.29010009765625,30.290000915527344,30.290000915527344,285.0
2025-06-26 10:16:00,CIK,,2.934999942779541,2.934999942779541,2.934999942779541,2.934999942779541,100.0
2025-06-26 10:16:00,CLDI,,0.20999999344348907,0.21559999883174896,0.20829999446868896,0.20999999344348907,3540.0
2025-06-26 10:16:00,CLM,,7.934999942779541,7.935200214385986,7.929999828338623,7.929999828338623,542.0
2025-06-26 10:16:00,CMCL,,19.149999618530273,19.149999618530273,19.149999618530273,19.149999618530273,543.0
2025-06-26 10:16:00,CMT,,16.809999465942383,16.809999465942383,16.809999465942383,16.809999465942383,466.0
2025-06-26 10:16:00,CQP,,55.099998474121094,55.11000061035156,55.099998474121094,55.11000061035156,634.0
2025-06-26 10:16:00,CRF,,7.566299915313721,7.570000171661377,7.565000057220459,7.565000057220459,4577.0
2025-06-26 10:16:00,CTM,,1.034999966621399,1.034999966621399,1.034999966621399,1.034999966621399,595.0
2025-06-26 10:16:00,CYBN,,8.549099922180176,8.549099922180176,8.430000305175781,8.430000305175781,724.0
2025-06-26 10:16:00,DHY,,2.1098999977111816,2.109999895095825,2.1050000190734863,2.1098999977111816,8012.0
2025-06-26 10:16:00,DNN,,1.7898000478744507,1.7899999618530273,1.7799999713897705,1.7800999879837036,222296.0
2025-06-26 10:16:00,EAD,,6.980000019073486,6.980000019073486,6.980000019073486,6.980000019073486,200.0
2025-06-26 10:16:00,EMX,,2.526700019836426,2.526700019836426,2.5250000953674316,2.5250000953674316,800.0
2025-06-26 10:16:00,EPM,,4.704999923706055,4.704999923706055,4.704999923706055,4.704999923706055,10186.0
2025-06-26 10:16:00,EQX,,5.875,5.880000114440918,5.869999885559082,5.869999885559082,20479.0
2025-06-26 10:16:00,ESP,,43.189998626708984,43.97999954223633,43.189998626708984,43.97999954223633,762.0
2025-06-26 10:16:00,EVV,,10.15999984741211,10.15999984741211,10.15999984741211,10.15999984741211,86273.0
2025-06-26 10:16:00,FOXO,,0.20110000669956207,0.20110000669956207,0.20110000669956207,0.20110000669956207,380.0
2025-06-26 10:16:00,FSP,,1.690000057220459,1.690000057220459,1.690000057220459,1.690000057220459,100.0
2025-06-26 10:16:00,FTF,,6.394999980926514,6.394999980926514,6.394999980926514,6.394999980926514,300.0
2025-06-26 10:16:00,GGN,,4.360000133514404,4.360000133514404,4.360000133514404,4.360000133514404,1000.0
2025-06-26 10:16:00,GNS,,0.8102999925613403,0.8198000192642212,0.8100000023841858,0.8188999891281128,90856.0
2025-06-26 10:16:00,GORO,,0.5350000262260437,0.5350000262260437,0.5350000262260437,0.5350000262260437,121588.0
2025-06-26 10:16:00,GRF,,9.704999923706055,9.75,9.704999923706055,9.75,2808.0
2025-06-26 10:16:00,GROY,,2.2750000953674316,2.2792000770568848,2.2699999809265137,2.2750000953674316,16616.0
2025-06-26 10:16:00,HUSA,,13.619999885559082,13.675000190734863,13.614999771118164,13.675000190734863,976.0
2025-06-26 10:16:00,IBO,,0.8985999822616577,0.8989999890327454,0.89410001039505,0.8989999890327454,5892.0
2025-06-26 10:16:00,IE,,9.604999542236328,9.675000190734863,9.59000015258789,9.604999542236328,275365.0
2025-06-26 10:16:00,IMO,,80.56999969482422,80.56999969482422,80.45999908447266,80.45999908447266,1660.0
2025-06-26 10:16:00,INDO,,3.1500000953674316,3.1500000953674316,3.134999990463257,3.134999990463257,4257.0
2025-06-26 10:16:00,ITP,,0.1898999959230423,0.1898999959230423,0.1881999969482422,0.18860000371932983,31097.0
2025-06-26 10:16:00,KNW,,2.0011000633239746,2.033600091934204,2.0011000633239746,2.033600091934204,2185.0
2025-06-26 10:16:00,KULR,,5.100100040435791,5.118000030517578,5.090000152587891,5.09060001373291,16070.0
2025-06-26 10:16:00,LCTX,,1.065000057220459,1.0700000524520874,1.0499999523162842,1.0499999523162842,31847.0
2025-06-26 10:16:00,LEU,,173.01499938964844,173.4272003173828,172.00010681152344,172.49000549316406,8915.0
2025-06-26 10:16:00,LMND,,42.5,42.51750183105469,42.380001068115234,42.380001068115234,4474.0
2025-06-26 10:16:00,LNG,,239.07000732421875,239.10000610351562,238.90499877929688,238.90499877929688,3395.0
2025-06-26 10:16:00,LODE,,3.6500000953674316,3.6500000953674316,3.6500000953674316,3.6500000953674316,682.0
2025-06-26 10:16:00,LSF,,6.14900016784668,6.14900016784668,6.14900016784668,6.14900016784668,129.0
2025-06-26 10:16:00,MAG,,21.350000381469727,21.350000381469727,21.34000015258789,21.350000381469727,6343.0
2025-06-26 10:16:00,MPTI,,40.318199157714844,40.318199157714844,40.318199157714844,40.318199157714844,105.0
2025-06-26 10:16:00,MTA,,3.869999885559082,3.880000114440918,3.869999885559082,3.869999885559082,1097.0
2025-06-26 10:16:00,MYO,,2.2850000858306885,2.2850000858306885,2.2850000858306885,2.2850000858306885,213.0
2025-06-26 10:16:00,NAK,,1.5616999864578247,1.565000057220459,1.5520000457763672,1.5549999475479126,37427.0
2025-06-26 10:16:00,NCL,,0.18410000205039978,0.1842000037431717,0.18410000205039978,0.18410000205039978,47825.0
2025-06-26 10:16:00,NFGC,,1.465000033378601,1.465000033378601,1.4601000547409058,1.465000033378601,6098.0
2025-06-26 10:16:00,NG,,3.8749001026153564,3.880000114440918,3.873300075531006,3.873300075531006,8367.0
2025-06-26 10:16:00,NGD,,4.870100021362305,4.889999866485596,4.869999885559082,4.885000228881836,128637.0
2025-06-26 10:16:00,NHC,,109.25,109.25,108.79499816894531,109.25,693.0
2025-06-26 10:16:00,NHS,,7.4899001121521,7.4899001121521,7.474999904632568,7.474999904632568,755.0
2025-06-26 10:16:00,NNVC,,1.2050000429153442,1.2050000429153442,1.2050000429153442,1.2050000429153442,1781.0
2025-06-26 10:16:00,NRO,,3.180000066757202,3.180000066757202,3.180000066757202,3.180000066757202,1101.0
2025-06-26 10:16:00,OBE,,5.525000095367432,5.53000020980835,5.519999980926514,5.519999980926514,1949.0
2025-06-26 10:16:00,OPTT,,0.5145999789237976,0.5162000060081482,0.5142999887466431,0.5148000121116638,3894.0
2025-06-26 10:16:00,ORLA,,10.010000228881836,10.020000457763672,10.010000228881836,10.010000228881836,3944.0
2025-06-26 10:16:00,PLG,,1.600000023841858,1.6100000143051147,1.590000033378601,1.600000023841858,25146.0
2025-06-26 10:16:00,PLMR,,149.27499389648438,149.27499389648438,149.27499389648438,149.27499389648438,478.0
2025-06-26 10:16:00,PLX,,1.4648000001907349,1.4648000001907349,1.4648000001907349,1.4648000001907349,2112.0
2025-06-26 10:16:00,REPX,,26.354999542236328,26.354999542236328,26.354999542236328,26.354999542236328,258.0
2025-06-26 10:16:00,SENS,,0.498199999332428,0.498199999332428,0.4981989860534668,0.498199999332428,3309.0
2025-06-26 10:16:00,SGN,,1.0099999904632568,1.0099999904632568,1.0099999904632568,1.0099999904632568,814.0
2025-06-26 10:16:00,SKYH,,9.619999885559082,9.619999885559082,9.619999885559082,9.619999885559082,1191.0
2025-06-26 10:16:00,SLI,,1.8849999904632568,1.8898999691009521,1.8849999904632568,1.8849999904632568,10901.0
2025-06-26 10:16:00,STXS,,2.200000047683716,2.200000047683716,2.200000047683716,2.200000047683716,628.0
2025-06-26 10:16:00,SVM,,4.135000228881836,4.135000228881836,4.135000228881836,4.135000228881836,4177.0
2025-06-26 10:16:00,TGB,,3.075000047683716,3.075000047683716,3.069999933242798,3.0701000690460205,12089.0
2025-06-26 10:16:00,TOVX,,0.4350999891757965,0.4350999891757965,0.4350999891757965,0.4350999891757965,101.0
2025-06-26 10:16:00,TPET,,1.23989999294281,1.2400000095367432,1.23989999294281,1.23989999294281,901.0
2025-06-26 10:16:00,UAMY,,2.424999952316284,2.430000066757202,2.424999952316284,2.424999952316284,3339.0
2025-06-26 10:16:00,UAVS,,1.0845999717712402,1.0850000381469727,1.0845999717712402,1.0850000381469727,2551.0
2025-06-26 10:16:00,UEC,,6.914999961853027,6.945000171661377,6.909999847412109,6.940000057220459,53817.0
2025-06-26 10:16:00,URG,,1.0499999523162842,1.0499999523162842,1.0399999618530273,1.0399999618530273,1729.0
2025-06-26 10:16:00,USAS,,0.8130999803543091,0.8130999803543091,0.8130999803543091,0.8130999803543091,510783.0
2025-06-26 10:16:00,UUUU,,5.869999885559082,5.875,5.849999904632568,5.855000019073486,39197.0
2025-06-26 10:16:00,VZLA,,2.9800000190734863,2.9800000190734863,2.9749999046325684,2.9749999046325684,12640.0
2025-06-26 10:16:00,XTNT,,0.6481990218162537,0.6481990218162537,0.6416500210762024,0.6416500210762024,2351.0
2025-06-26 10:17:00,AEON,,0.7605999708175659,0.7605999708175659,0.7605999708175659,0.7605999708175659,523.0
2025-06-26 10:17:00,AIRI,,3.4049999713897705,3.4049999713897705,3.4049999713897705,3.4049999713897705,360.0
2025-06-26 10:17:00,AREN,,5.53000020980835,5.53000020980835,5.53000020980835,5.53000020980835,108.0
2025-06-26 10:17:00,ARMN,,6.860000133514404,6.864999771118164,6.860000133514404,6.864999771118164,1615.0
2025-06-26 10:17:00,ASM,,3.5350000858306885,3.5399999618530273,3.5299999713897705,3.5350000858306885,17955.0
2025-06-26 10:17:00,AUST,,1.3700000047683716,1.3700000047683716,1.3700000047683716,1.3700000047683716,479.0
2025-06-26 10:17:00,BATL,,1.475000023841858,1.475000023841858,1.4505000114440918,1.4505000114440918,725.0
2025-06-26 10:17:00,BRBS,,3.2750000953674316,3.2750000953674316,3.2750000953674316,3.2750000953674316,220.0
2025-06-26 10:17:00,BTG,,3.5950000286102295,3.5999999046325684,3.5899999141693115,3.5950000286102295,39308.0
2025-06-26 10:17:00,BURU,,0.3409000039100647,0.34200000762939453,0.33970001339912415,0.33970001339912415,4285.0
2025-06-26 10:17:00,CATX,,3.6700000762939453,3.6700000762939453,3.6600000858306885,3.6700000762939453,960.0
2025-06-26 10:17:00,CCEL,,5.664999961853027,5.729899883270264,5.650000095367432,5.664999961853027,2384.0
2025-06-26 10:17:00,CEF,,30.274999618530273,30.274999618530273,30.274999618530273,30.274999618530273,368.0
2025-06-26 10:17:00,CIK,,2.934999942779541,2.934999942779541,2.934999942779541,2.934999942779541,200.0
2025-06-26 10:17:00,CLDI,,0.20810000598430634,0.21559900045394897,0.20810000598430634,0.20839999616146088,10970.0
2025-06-26 10:17:00,CLM,,7.934999942779541,7.940000057220459,7.934999942779541,7.934999942779541,849.0
2025-06-26 10:17:00,CQP,,55.099998474121094,55.099998474121094,55.099998474121094,55.099998474121094,506.0
2025-06-26 10:17:00,CRF,,7.565000057220459,7.565000057220459,7.559999942779541,7.559999942779541,1511.0
2025-06-26 10:17:00,CTM,,1.0398999452590942,1.0398999452590942,1.0398999452590942,1.0398999452590942,168.0
2025-06-26 10:17:00,DC,,3.7899999618530273,3.7899999618530273,3.7899999618530273,3.7899999618530273,893.0
2025-06-26 10:17:00,DHY,,2.1050000190734863,2.109999895095825,2.1050000190734863,2.1089999675750732,7605.0
2025-06-26 10:17:00,DNN,,1.7799999713897705,1.7899999618530273,1.7799999713897705,1.7896000146865845,14736.0
2025-06-26 10:17:00,DSS,,0.9399999976158142,0.9399999976158142,0.9200000166893005,0.9200000166893005,11077.0
2025-06-26 10:17:00,EIM,,9.569999694824219,9.569999694824219,9.569999694824219,9.569999694824219,752.0
2025-06-26 10:17:00,ELMD,,21.8700008392334,21.8700008392334,21.8700008392334,21.8700008392334,105.0
2025-06-26 10:17:00,EMX,,2.5250000953674316,2.5292999744415283,2.5250000953674316,2.5292999744415283,542.0
2025-06-26 10:17:00,EQX,,5.864999771118164,5.875,5.860000133514404,5.875,52226.0
2025-06-26 10:17:00,EVM,,8.84000015258789,8.84000015258789,8.84000015258789,8.84000015258789,262.0
2025-06-26 10:17:00,FOXO,,0.20100000500679016,0.20280000567436218,0.20100000500679016,0.20280000567436218,15630.0
2025-06-26 10:17:00,FSP,,1.690000057220459,1.690000057220459,1.684999942779541,1.684999942779541,278.0
2025-06-26 10:17:00,GAU,,1.2899999618530273,1.2899999618530273,1.2899999618530273,1.2899999618530273,109.0
2025-06-26 10:17:00,GBR,,1.0800000429153442,1.0800000429153442,1.0800000429153442,1.0800000429153442,1192.0
2025-06-26 10:17:00,GGN,,4.360000133514404,4.360000133514404,4.360000133514404,4.360000133514404,303.0
2025-06-26 10:17:00,GNS,,0.8100500106811523,0.8102999925613403,0.8100000023841858,0.8101999759674072,58097.0
2025-06-26 10:17:00,GRF,,9.70009994506836,9.710000038146973,9.70009994506836,9.710000038146973,364.0
2025-06-26 10:17:00,GROY,,2.2750000953674316,2.2750000953674316,2.2750000953674316,2.2750000953674316,6391.0
2025-06-26 10:17:00,GSAT,,23.280000686645508,23.280000686645508,23.229999542236328,23.229999542236328,2631.0
2025-06-26 10:17:00,GTE,,4.989999771118164,4.989999771118164,4.989999771118164,4.989999771118164,416.0
2025-06-26 10:17:00,HUSA,,13.300000190734863,13.569999694824219,13.300000190734863,13.569999694824219,5389.0
2025-06-26 10:17:00,IBO,,0.8959000110626221,0.8984000086784363,0.8900099992752075,0.898298978805542,3216.0
2025-06-26 10:17:00,IDR,,13.039999961853027,13.039999961853027,13.034000396728516,13.034000396728516,524.0
2025-06-26 10:17:00,IE,,9.670000076293945,9.670000076293945,9.604999542236328,9.609999656677246,9160.0
2025-06-26 10:17:00,IMO,,80.48999786376953,80.48999786376953,80.48999786376953,80.48999786376953,318.0
2025-06-26 10:17:00,INDO,,3.1500000953674316,3.1565001010894775,3.140000104904175,3.1505000591278076,4299.0
2025-06-26 10:17:00,ITRG,,1.5700000524520874,1.5700000524520874,1.5700000524520874,1.5700000524520874,1200.0
2025-06-26 10:17:00,KNW,,2.039900064468384,2.039900064468384,1.9900000095367432,2.005000114440918,19909.0
2025-06-26 10:17:00,KULR,,5.130000114440918,5.130000114440918,5.099999904632568,5.105000019073486,14757.0
2025-06-26 10:17:00,LCTX,,1.065000057220459,1.065000057220459,1.065000057220459,1.065000057220459,2319.0
2025-06-26 10:17:00,LEU,,172.44000244140625,173.16659545898438,172.0,173.0,5391.0
2025-06-26 10:17:00,LMND,,42.599998474121094,42.609500885009766,42.529998779296875,42.540000915527344,6408.0
2025-06-26 10:17:00,LNG,,239.00999450683594,239.11000061035156,239.00999450683594,239.11000061035156,1712.0
2025-06-26 10:17:00,MAG,,21.334999084472656,21.350000381469727,21.325000762939453,21.350000381469727,19832.0
2025-06-26 10:17:00,MAIA,,1.6449999809265137,1.6449999809265137,1.6449999809265137,1.6449999809265137,3434.0
2025-06-26 10:17:00,MITQ,,0.6854000091552734,0.6854000091552734,0.6854000091552734,0.6854000091552734,124.0
2025-06-26 10:17:00,MPTI,,40.1349983215332,40.1349983215332,40.1349983215332,40.1349983215332,102.0
2025-06-26 10:17:00,MRT,,2.8299999237060547,2.8299999237060547,2.800100088119507,2.807800054550171,3882.0
2025-06-26 10:17:00,MTA,,3.869999885559082,3.869999885559082,3.859999895095825,3.859999895095825,426.0
2025-06-26 10:17:00,NAK,,1.559999942779541,1.5694999694824219,1.559999942779541,1.559999942779541,11132.0
2025-06-26 10:17:00,NCL,,0.18410000205039978,0.18549999594688416,0.18410000205039978,0.18549999594688416,12812.0
2025-06-26 10:17:00,NG,,3.875,3.875,3.869999885559082,3.874799966812134,3045.0
2025-06-26 10:17:00,NGD,,4.869900226593018,4.880000114440918,4.860000133514404,4.869999885559082,117391.0
2025-06-26 10:17:00,NHS,,7.474999904632568,7.474999904632568,7.474999904632568,7.474999904632568,306.0
2025-06-26 10:17:00,NNVC,,1.2100000381469727,1.2100000381469727,1.2050000429153442,1.2050000429153442,1338.0
2025-06-26 10:17:00,OBE,,5.525000095367432,5.53000020980835,5.525000095367432,5.53000020980835,1155.0
2025-06-26 10:17:00,OPTT,,0.5152999758720398,0.5163000226020813,0.5139999985694885,0.5145999789237976,2754.0
2025-06-26 10:17:00,ORLA,,10.015000343322754,10.015000343322754,10.010000228881836,10.010000228881836,1195.0
2025-06-26 10:17:00,OSTX,,1.8200000524520874,1.8300000429153442,1.809999942779541,1.809999942779541,98243.0
2025-06-26 10:17:00,PLG,,1.5988999605178833,1.5990999937057495,1.590000033378601,1.5990999937057495,1509.0
2025-06-26 10:17:00,PLMR,,149.10000610351562,149.10000610351562,149.10000610351562,149.10000610351562,866.0
2025-06-26 10:17:00,PLX,,1.465000033378601,1.465000033378601,1.465000033378601,1.465000033378601,110.0
2025-06-26 10:17:00,SEB,,2946.102294921875,2946.102294921875,2946.102294921875,2946.102294921875,286.0
2025-06-26 10:17:00,SENS,,0.498199999332428,0.498199999332428,0.4981499910354614,0.4981499910354614,3500.0
2025-06-26 10:17:00,SGN,,1.0103000402450562,1.0103000402450562,1.0103000402450562,1.0103000402450562,1545.0
2025-06-26 10:17:00,SLI,,1.8949999809265137,1.8949999809265137,1.8898999691009521,1.8898999691009521,4959.0
2025-06-26 10:17:00,SSY,,0.8601999878883362,0.8601999878883362,0.8601999878883362,0.8601999878883362,5056.0
2025-06-26 10:17:00,SVM,,4.135000228881836,4.139999866485596,4.130000114440918,4.130000114440918,24478.0
2025-06-26 10:17:00,TGB,,3.0796000957489014,3.0796000957489014,3.0701000690460205,3.075000047683716,16599.0
2025-06-26 10:17:00,THM,,0.9110999703407288,0.9110999703407288,0.9110999703407288,0.9110999703407288,1203.0
2025-06-26 10:17:00,TOVX,,0.4350999891757965,0.4350999891757965,0.4350999891757965,0.4350999891757965,100.0
2025-06-26 10:17:00,TPET,,1.246899962425232,1.246899962425232,1.246899962425232,1.246899962425232,200.0
2025-06-26 10:17:00,TRX,,0.33970001339912415,0.33970001339912415,0.33970001339912415,0.33970001339912415,4314.0
2025-06-26 10:17:00,UAMY,,2.4254000186920166,2.430000066757202,2.4245998859405518,2.424999952316284,3619.0
2025-06-26 10:17:00,UAVS,,1.0820000171661377,1.0820000171661377,1.0820000171661377,1.0820000171661377,1010.0
2025-06-26 10:17:00,UEC,,6.914999961853027,6.925000190734863,6.909999847412109,6.919000148773193,35765.0
2025-06-26 10:17:00,URG,,1.0399999618530273,1.0499999523162842,1.0399999618530273,1.0399999618530273,11598.0
2025-06-26 10:17:00,UTG,,35.286800384521484,35.33000183105469,35.282501220703125,35.33000183105469,1676.0
2025-06-26 10:17:00,UUUU,,5.864999771118164,5.880000114440918,5.860000133514404,5.860199928283691,25208.0
2025-06-26 10:17:00,VGZ,,1.0202000141143799,1.0202000141143799,1.0200999975204468,1.0200999975204468,52762.0
2025-06-26 10:17:00,VTAK,,0.2510499954223633,0.2510499954223633,0.2510499954223633,0.2510499954223633,1205.0
2025-06-26 10:17:00,VZLA,,2.9749999046325684,2.9800000190734863,2.970099925994873,2.9800000190734863,7528.0
2025-06-26 10:17:00,WWR,,0.5940999984741211,0.5940999984741211,0.5940999984741211,0.5940999984741211,1001.0
2025-06-26 10:18:00,AIM,,8.819999694824219,8.819999694824219,8.819999694824219,8.819999694824219,130.0
2025-06-26 10:18:00,APT,,4.785200119018555,4.785200119018555,4.785200119018555,4.785200119018555,0.0
2025-06-26 10:18:00,AREN,,5.590000152587891,5.590000152587891,5.5,5.53000020980835,10773.0
2025-06-26 10:18:00,ARMN,,6.855000019073486,6.860000133514404,6.855000019073486,6.860000133514404,461.0
2025-06-26 10:18:00,ASM,,3.539900064468384,3.539900064468384,3.5299999713897705,3.5350000858306885,10447.0
2025-06-26 10:18:00,AZTR,,0.2549999952316284,0.2549999952316284,0.2549999952316284,0.2549999952316284,399.0
2025-06-26 10:18:00,BKTI,,52.900001525878906,53.400001525878906,52.900001525878906,52.900001525878906,1806.0
2025-06-26 10:18:00,BTG,,3.5950000286102295,3.5999999046325684,3.5910000801086426,3.5950000286102295,16400.0
2025-06-26 10:18:00,BURU,,0.3400000035762787,0.3400999903678894,0.33970001339912415,0.3400000035762787,4780.0
2025-06-26 10:18:00,CATX,,3.6700000762939453,3.6700000762939453,3.6600000858306885,3.6700000762939453,1495.0
2025-06-26 10:18:00,CCEL,,5.900000095367432,5.900000095367432,5.670000076293945,5.829999923706055,3744.0
2025-06-26 10:18:00,CEF,,30.287599563598633,30.287599563598633,30.287599563598633,30.287599563598633,1062.0
2025-06-26 10:18:00,CIK,,2.934999942779541,2.934999942779541,2.934999942779541,2.934999942779541,100.0
2025-06-26 10:18:00,CLM,,7.945000171661377,7.949999809265137,7.940000057220459,7.940000057220459,5627.0
2025-06-26 10:18:00,COHN,,9.842900276184082,9.842900276184082,9.842900276184082,9.842900276184082,204.0
2025-06-26 10:18:00,CQP,,55.099998474121094,55.099998474121094,55.099998474121094,55.099998474121094,304.0
2025-06-26 10:18:00,CRF,,7.559999942779541,7.559999942779541,7.559999942779541,7.559999942779541,182.0
2025-06-26 10:18:00,CTM,,1.0300999879837036,1.0300999879837036,1.0300999879837036,1.0300999879837036,15085.0
2025-06-26 10:18:00,DHY,,2.1050000190734863,2.109999895095825,2.1050000190734863,2.1071999073028564,6002.0
2025-06-26 10:18:00,DNN,,1.784999966621399,1.7899999618530273,1.7799999713897705,1.7799999713897705,159204.0
2025-06-26 10:18:00,EAD,,6.980000019073486,6.980000019073486,6.980000019073486,6.980000019073486,100.0
2025-06-26 10:18:00,EIM,,9.550000190734863,9.550000190734863,9.550000190734863,9.550000190734863,1011.0
2025-06-26 10:18:00,ELMD,,21.799999237060547,21.799999237060547,21.799999237060547,21.799999237060547,558.0
2025-06-26 10:18:00,EMX,,2.5399999618530273,2.5399999618530273,2.5299999713897705,2.5299999713897705,953.0
2025-06-26 10:18:00,EPM,,4.739999771118164,4.739999771118164,4.71999979019165,4.71999979019165,1037.0
2025-06-26 10:18:00,EQX,,5.869999885559082,5.880000114440918,5.860000133514404,5.864999771118164,82498.0
2025-06-26 10:18:00,EVV,,10.15999984741211,10.170000076293945,10.15999984741211,10.15999984741211,2100.0
2025-06-26 10:18:00,FOXO,,0.2020999938249588,0.2020999938249588,0.20100000500679016,0.20100000500679016,552.0
2025-06-26 10:18:00,FSP,,1.684999942779541,1.684999942779541,1.684999942779541,1.684999942779541,200.0
2025-06-26 10:18:00,FTF,,6.394999980926514,6.394999980926514,6.394999980926514,6.394999980926514,202.0
2025-06-26 10:18:00,FURY,,0.47870001196861267,0.47870001196861267,0.47870001196861267,0.47870001196861267,521.0
2025-06-26 10:18:00,GNS,,0.7921000123023987,0.8101000189781189,0.7914000153541565,0.8100000023841858,109405.0
2025-06-26 10:18:00,GRF,,9.75629997253418,9.75629997253418,9.75629997253418,9.75629997253418,0.0
2025-06-26 10:18:00,GROY,,2.2750000953674316,2.2750000953674316,2.2750000953674316,2.2750000953674316,165.0
2025-06-26 10:18:00,GSAT,,23.2450008392334,23.2450008392334,23.2450008392334,23.2450008392334,612.0
2025-06-26 10:18:00,GTE,,5.019999980926514,5.019999980926514,5.0,5.0,4404.0
2025-06-26 10:18:00,HUSA,,13.369999885559082,13.369999885559082,13.20009994506836,13.300000190734863,6358.0
2025-06-26 10:18:00,IBO,,0.8863999843597412,0.8913000226020813,0.8863999843597412,0.8913000226020813,1838.0
2025-06-26 10:18:00,IE,,9.640000343322754,9.640000343322754,9.640000343322754,9.640000343322754,469.0
2025-06-26 10:18:00,INDO,,3.1600000858306885,3.1600000858306885,3.140000104904175,3.1500000953674316,1502.0
2025-06-26 10:18:00,INUV,,3.940000057220459,3.940000057220459,3.940000057220459,3.940000057220459,297.0
2025-06-26 10:18:00,ITRG,,1.559999942779541,1.5700000524520874,1.559999942779541,1.5699000358581543,1467.0
2025-06-26 10:18:00,JOB,,0.19740000367164612,0.19859999418258667,0.19740000367164612,0.1981000006198883,562.0
2025-06-26 10:18:00,KNW,,2.013200044631958,2.0199999809265137,2.013200044631958,2.015000104904175,2688.0
2025-06-26 10:18:00,KULR,,5.130000114440918,5.159999847412109,5.125,5.130000114440918,14133.0
2025-06-26 10:18:00,LCTX,,1.065000057220459,1.0698000192642212,1.065000057220459,1.065000057220459,5321.0
2025-06-26 10:18:00,LEU,,171.94000244140625,172.0,171.50999450683594,172.0,6249.0
2025-06-26 10:18:00,LGL,,7.140500068664551,7.230000019073486,7.140500068664551,7.230000019073486,410.0
2025-06-26 10:18:00,LMND,,42.54999923706055,42.689998626708984,42.54999923706055,42.584999084472656,22559.0
2025-06-26 10:18:00,LNG,,238.77000427246094,238.9499969482422,238.77000427246094,238.9499969482422,2523.0
2025-06-26 10:18:00,LODE,,3.6440000534057617,3.6440000534057617,3.6440000534057617,3.6440000534057617,532.0
2025-06-26 10:18:00,MAG,,21.34000015258789,21.344999313354492,21.34000015258789,21.34000015258789,5446.0
2025-06-26 10:18:00,MAIA,,1.6467000246047974,1.6467000246047974,1.6467000246047974,1.6467000246047974,1250.0
2025-06-26 10:18:00,MPTI,,40.32590103149414,40.32590103149414,40.32590103149414,40.32590103149414,102.0
2025-06-26 10:18:00,MRT,,2.8494999408721924,2.8494999408721924,2.8494999408721924,2.8494999408721924,134.0
2025-06-26 10:18:00,MYO,,2.2850000858306885,2.2850000858306885,2.2850000858306885,2.2850000858306885,221.0
2025-06-26 10:18:00,NAK,,1.559999942779541,1.5700000524520874,1.559999942779541,1.559999942779541,6726.0
2025-06-26 10:18:00,NCL,,0.1834000051021576,0.18539999425411224,0.1834000051021576,0.18539999425411224,2863.0
2025-06-26 10:18:00,NFGC,,1.4550000429153442,1.465000033378601,1.4550000429153442,1.465000033378601,4230.0
2025-06-26 10:18:00,NG,,3.875,3.880000114440918,3.875,3.875,3160.0
2025-06-26 10:18:00,NGD,,4.864999771118164,4.869999885559082,4.860000133514404,4.86959981918335,109096.0
2025-06-26 10:18:00,NHS,,7.480000019073486,7.480000019073486,7.480000019073486,7.480000019073486,300.0
2025-06-26 10:18:00,NNVC,,1.2000999450683594,1.2050000429153442,1.2000999450683594,1.2050000429153442,3010.0
2025-06-26 10:18:00,OBE,,5.534999847412109,5.534999847412109,5.53000020980835,5.53000020980835,456.0
2025-06-26 10:18:00,OPTT,,0.5134099721908569,0.5196999907493591,0.5134099721908569,0.5163000226020813,2866.0
2025-06-26 10:18:00,ORLA,,10.010000228881836,10.015000343322754,10.005000114440918,10.015000343322754,2872.0
2025-06-26 10:18:00,PED,,0.6689000129699707,0.6689000129699707,0.6689000129699707,0.6689000129699707,213.0
2025-06-26 10:18:00,PLG,,1.600000023841858,1.600000023841858,1.590000033378601,1.5951000452041626,15876.0
2025-06-26 10:18:00,PLMR,,149.00999450683594,149.27499389648438,149.00999450683594,149.10000610351562,4812.0
2025-06-26 10:18:00,REI,,0.7759000062942505,0.7760000228881836,0.7731999754905701,0.7749000191688538,376742.0
2025-06-26 10:18:00,SATX,,2.9665000438690186,2.9665000438690186,2.9600000381469727,2.9600000381469727,700.0
2025-06-26 10:18:00,SBEV,,3.0299999713897705,3.0299999713897705,3.0299999713897705,3.0299999713897705,3952.0
2025-06-26 10:18:00,SEB,,2930.0,2930.0,2930.0,2930.0,1.0
2025-06-26 10:18:00,SENS,,0.498199999332428,0.498199999332428,0.49810001254081726,0.498199999332428,2590.0
2025-06-26 10:18:00,SLI,,1.8899999856948853,1.899999976158142,1.8899999856948853,1.899999976158142,12177.0
2025-06-26 10:18:00,SVM,,4.130000114440918,4.135300159454346,4.130000114440918,4.135000228881836,13245.0
2025-06-26 10:18:00,TGB,,3.069999933242798,3.0850000381469727,3.069999933242798,3.075000047683716,207238.0
2025-06-26 10:18:00,TMQ,,1.465000033378601,1.465000033378601,1.465000033378601,1.465000033378601,201.0
2025-06-26 10:18:00,TOVX,,0.4300999939441681,0.4300999939441681,0.4300999939441681,0.4300999939441681,140.0
2025-06-26 10:18:00,TPET,,1.249899983406067,1.249899983406067,1.2403000593185425,1.246500015258789,8462.0
2025-06-26 10:18:00,UAMY,,2.4200000762939453,2.4298999309539795,2.4200000762939453,2.424999952316284,3090.0
2025-06-26 10:18:00,UAVS,,1.089900016784668,1.089900016784668,1.0800000429153442,1.0850000381469727,7228.0
2025-06-26 10:18:00,UEC,,6.914999961853027,6.914999961853027,6.885000228881836,6.909999847412109,75592.0
2025-06-26 10:18:00,URG,,1.034999966621399,1.0399999618530273,1.034999966621399,1.0399999618530273,1659.0
2025-06-26 10:18:00,USAS,,0.8130999803543091,0.8130999803543091,0.8100000023841858,0.8101000189781189,5422.0
2025-06-26 10:18:00,UTG,,35.29999923706055,35.29999923706055,35.29999923706055,35.29999923706055,1086.0
2025-06-26 10:18:00,UUUU,,5.885000228881836,5.885000228881836,5.860000133514404,5.8694000244140625,58338.0
2025-06-26 10:18:00,VGZ,,1.0199999809265137,1.0199999809265137,1.0199999809265137,1.0199999809265137,5130.0
2025-06-26 10:18:00,VZLA,,2.9749999046325684,2.9749999046325684,2.9749999046325684,2.9749999046325684,158.0
2025-06-26 10:18:00,WRN,,1.2400000095367432,1.2400000095367432,1.2300000190734863,1.2400000095367432,86099.0
2025-06-26 10:18:00,XPL,,0.6424999833106995,0.6424999833106995,0.6424999833106995,0.6424999833106995,3799.0
2025-06-26 10:18:00,ZDGE,,4.099999904632568,4.099999904632568,4.099999904632568,4.099999904632568,601.0
2025-06-26 10:19:00,AIM,,8.680000305175781,8.989999771118164,8.65999984741211,8.680000305175781,1129.0
2025-06-26 10:19:00,AREN,,5.614999771118164,5.614999771118164,5.590000152587891,5.590000152587891,1671.0
2025-06-26 10:19:00,ARMN,,6.864999771118164,6.864999771118164,6.855000019073486,6.855000019073486,4432.0
2025-06-26 10:19:00,ASM,,3.530100107192993,3.5350000858306885,3.5299999713897705,3.5350000858306885,1995.0
2025-06-26 10:19:00,AZTR,,0.2549999952316284,0.2549999952316284,0.2549999952316284,0.2549999952316284,2002.0
2025-06-26 10:19:00,BKTI,,53.06999969482422,53.06999969482422,52.779998779296875,52.849998474121094,1267.0
2025-06-26 10:19:00,BRBS,,3.2799999713897705,3.2799999713897705,3.2799999713897705,3.2799999713897705,110.0
2025-06-26 10:19:00,BTG,,3.5950000286102295,3.5998001098632812,3.5899999141693115,3.5950000286102295,11354.0
2025-06-26 10:19:00,BURU,,0.33869999647140503,0.3391000032424927,0.33869999647140503,0.3391000032424927,2228.0
2025-06-26 10:19:00,CATX,,3.6700000762939453,3.6796998977661133,3.6700000762939453,3.6700000762939453,2189.0
2025-06-26 10:19:00,CBOE,,228.86000061035156,228.86000061035156,228.72999572753906,228.72999572753906,1427.0
2025-06-26 10:19:00,CCEL,,5.900000095367432,5.900000095367432,5.900000095367432,5.900000095367432,748.0
2025-06-26 10:19:00,CIK,,2.9391000270843506,2.9391000270843506,2.934999942779541,2.934999942779541,329.0
2025-06-26 10:19:00,CLDI,,0.20499999821186066,0.21129900217056274,0.20270000398159027,0.2084999978542328,14530.0
2025-06-26 10:19:00,CLM,,7.945000171661377,7.945000171661377,7.944900035858154,7.944900035858154,256.0
2025-06-26 10:19:00,CQP,,55.220001220703125,55.220001220703125,55.099998474121094,55.209999084472656,526.0
2025-06-26 10:19:00,CTM,,1.034999966621399,1.034999966621399,1.034999966621399,1.034999966621399,1505.0
2025-06-26 10:19:00,CYBN,,8.449999809265137,8.449999809265137,8.449999809265137,8.449999809265137,256.0
2025-06-26 10:19:00,DHY,,2.1050000190734863,2.109999895095825,2.1050000190734863,2.109999895095825,6502.0
2025-06-26 10:19:00,DIT,,105.69999694824219,105.69999694824219,105.69999694824219,105.69999694824219,103.0
2025-06-26 10:19:00,DNN,,1.774999976158142,1.7899999618530273,1.7699999809265137,1.7899999618530273,575452.0
2025-06-26 10:19:00,EAD,,6.980000019073486,6.980000019073486,6.980000019073486,6.980000019073486,219.0
2025-06-26 10:19:00,EQX,,5.875,5.875,5.869999885559082,5.869999885559082,1554.0
2025-06-26 10:19:00,FOXO,,0.2020999938249588,0.2020999938249588,0.2020999938249588,0.2020999938249588,1120.0
2025-06-26 10:19:00,FTF,,6.394999980926514,6.394999980926514,6.394999980926514,6.394999980926514,200.0
2025-06-26 10:19:00,GAU,,1.2899999618530273,1.294700026512146,1.2899999618530273,1.294700026512146,210.0
2025-06-26 10:19:00,GLDG,,0.7445999979972839,0.7450990080833435,0.7426000237464905,0.7450990080833435,15039.0
2025-06-26 10:19:00,GNS,,0.7770000100135803,0.7914999723434448,0.7739999890327454,0.7914999723434448,77358.0
2025-06-26 10:19:00,GROY,,2.2899999618530273,2.2899999618530273,2.259999990463257,2.2750000953674316,47451.0
2025-06-26 10:19:00,GTE,,5.03000020980835,5.03000020980835,5.019999980926514,5.019999980926514,688.0
2025-06-26 10:19:00,IBO,,0.8949999809265137,0.8949999809265137,0.8863999843597412,0.8863999843597412,10416.0
2025-06-26 10:19:00,IE,,9.640000343322754,9.640000343322754,9.640000343322754,9.640000343322754,363.0
2025-06-26 10:19:00,IMO,,80.58999633789062,80.58999633789062,80.58999633789062,80.58999633789062,506.0
2025-06-26 10:19:00,INDO,,3.130000114440918,3.140000104904175,3.119999885559082,3.140000104904175,6080.0
2025-06-26 10:19:00,INUV,,3.8582000732421875,3.8915998935699463,3.7899999618530273,3.7899999618530273,1494.0
2025-06-26 10:19:00,ITRG,,1.5700000524520874,1.5700000524520874,1.5700000524520874,1.5700000524520874,600.0
2025-06-26 10:19:00,JOB,,0.1988999992609024,0.1988999992609024,0.1988999992609024,0.1988999992609024,101.0
2025-06-26 10:19:00,KNW,,2.0000998973846436,2.0353000164031982,2.0000998973846436,2.0353000164031982,3203.0
2025-06-26 10:19:00,KULR,,5.11460018157959,5.139999866485596,5.110000133514404,5.130000114440918,9812.0
2025-06-26 10:19:00,LCTX,,1.069000005722046,1.069000005722046,1.059999942779541,1.059999942779541,1506.0
2025-06-26 10:19:00,LEU,,171.5460968017578,171.9199981689453,171.5460968017578,171.9199981689453,2011.0
2025-06-26 10:19:00,LMND,,42.66999816894531,42.66999816894531,42.599998474121094,42.630001068115234,4732.0
2025-06-26 10:19:00,LNG,,238.52999877929688,238.6699981689453,238.52999877929688,238.5399932861328,3457.0
2025-06-26 10:19:00,LODE,,3.6500000953674316,3.650399923324585,3.6500000953674316,3.650399923324585,404.0
2025-06-26 10:19:00,MAG,,21.31999969482422,21.329999923706055,21.31999969482422,21.329999923706055,1051.0
2025-06-26 10:19:00,MITQ,,0.6808000206947327,0.6808000206947327,0.6808000206947327,0.6808000206947327,215.0
2025-06-26 10:19:00,MPTI,,40.36000061035156,40.36000061035156,40.349998474121094,40.349998474121094,210.0
2025-06-26 10:19:00,MTNB,,0.9451000094413757,0.9451000094413757,0.9451000094413757,0.9451000094413757,1111.0
2025-06-26 10:19:00,MYO,,2.2799999713897705,2.2799999713897705,2.2750000953674316,2.2799999713897705,8433.0
2025-06-26 10:19:00,NAK,,1.5700000524520874,1.5786000490188599,1.565000057220459,1.565000057220459,79633.0
2025-06-26 10:19:00,NCL,,0.18230000138282776,0.18230000138282776,0.18230000138282776,0.18230000138282776,3057.0
2025-06-26 10:19:00,NG,,3.871000051498413,3.875,3.869999885559082,3.875,4259.0
2025-06-26 10:19:00,NGD,,4.865200042724609,4.869900226593018,4.860000133514404,4.860000133514404,47972.0
2025-06-26 10:19:00,NML,,8.763999938964844,8.763999938964844,8.763999938964844,8.763999938964844,133.0
2025-06-26 10:19:00,NNVC,,1.2026000022888184,1.2080999612808228,1.2026000022888184,1.2080999612808228,2336.0
2025-06-26 10:19:00,OPTT,,0.515999972820282,0.5166000127792358,0.5156999826431274,0.5166000127792358,4400.0
2025-06-26 10:19:00,ORLA,,10.005000114440918,10.005000114440918,10.005000114440918,10.005000114440918,331.0
2025-06-26 10:19:00,PLG,,1.600000023841858,1.600000023841858,1.600000023841858,1.600000023841858,200.0
2025-06-26 10:19:00,PLMR,,149.7550048828125,149.75750732421875,149.5449981689453,149.5449981689453,1765.0
2025-06-26 10:19:00,PLX,,1.4600000381469727,1.468999981880188,1.4600000381469727,1.468999981880188,1077.0
2025-06-26 10:19:00,REI,,0.7749999761581421,0.7749999761581421,0.7734000086784363,0.7734000086784363,3394.0
2025-06-26 10:19:00,REPX,,26.510000228881836,26.510000228881836,26.510000228881836,26.510000228881836,313.0
2025-06-26 10:19:00,SACH,,1.0999000072479248,1.0999000072479248,1.0999000072479248,1.0999000072479248,477.0
2025-06-26 10:19:00,SATX,,2.9600000381469727,2.9600000381469727,2.9600000381469727,2.9600000381469727,101.0
2025-06-26 10:19:00,SEB,,2925.0,2929.89990234375,2924.97998046875,2929.820068359375,20.0
2025-06-26 10:19:00,SENS,,0.4981499910354614,0.498199999332428,0.49810001254081726,0.498199999332428,607.0
2025-06-26 10:19:00,SLI,,1.8937000036239624,1.8937000036239624,1.8931000232696533,1.8931000232696533,736.0
2025-06-26 10:19:00,SLND,,3.799999952316284,3.799999952316284,3.799999952316284,3.799999952316284,220.0
2025-06-26 10:19:00,SOAR,,1.465000033378601,1.4699000120162964,1.465000033378601,1.4699000120162964,480.0
2025-06-26 10:19:00,STXS,,2.194999933242798,2.194999933242798,2.194999933242798,2.194999933242798,130.0
2025-06-26 10:19:00,SVM,,4.125,4.135000228881836,4.125,4.130000114440918,8065.0
2025-06-26 10:19:00,TGB,,3.0799999237060547,3.0899999141693115,3.079900026321411,3.079900026321411,50544.0
2025-06-26 10:19:00,TPET,,1.2450000047683716,1.2450000047683716,1.2450000047683716,1.2450000047683716,454.0
2025-06-26 10:19:00,UAMY,,2.427500009536743,2.427500009536743,2.424999952316284,2.427500009536743,504.0
2025-06-26 10:19:00,UAVS,,1.089400053024292,1.089900016784668,1.0850000381469727,1.0850000381469727,5867.0
2025-06-26 10:19:00,UEC,,6.882199764251709,6.909999847412109,6.880000114440918,6.909999847412109,23019.0
2025-06-26 10:19:00,URG,,1.034999966621399,1.0399999618530273,1.034999966621399,1.0399999618530273,5556.0
2025-06-26 10:19:00,USAS,,0.8130999803543091,0.8130999803543091,0.8115500211715698,0.8115500211715698,9307.0
2025-06-26 10:19:00,UTG,,35.369998931884766,35.38999938964844,35.369998931884766,35.369998931884766,922.0
2025-06-26 10:19:00,UUUU,,5.864999771118164,5.888999938964844,5.855000019073486,5.880000114440918,80465.0
2025-06-26 10:19:00,VGZ,,1.014799952507019,1.014799952507019,1.014799952507019,1.014799952507019,800.0
2025-06-26 10:19:00,VTAK,,0.25099998712539673,0.25099998712539673,0.25099998712539673,0.25099998712539673,1000.0
2025-06-26 10:19:00,VZLA,,2.9800000190734863,2.9800000190734863,2.9749999046325684,2.979099988937378,25596.0
2025-06-26 10:19:00,ZDGE,,4.119999885559082,4.119999885559082,4.119999885559082,4.119999885559082,771.0
2025-06-26 10:20:00,AIM,,9.050000190734863,9.050000190734863,8.899999618530273,8.949999809265137,1433.0
2025-06-26 10:20:00,ARMN,,6.864999771118164,6.869900226593018,6.855000019073486,6.855000019073486,700.0
2025-06-26 10:20:00,ASM,,3.5264999866485596,3.535399913787842,3.5199999809265137,3.530600070953369,16414.0
2025-06-26 10:20:00,AZTR,,0.2540000081062317,0.2540000081062317,0.2540000081062317,0.2540000081062317,201.0
2025-06-26 10:20:00,BRBS,,3.2750000953674316,3.2750000953674316,3.2750000953674316,3.2750000953674316,187.0
2025-06-26 10:20:00,BTG,,3.5950000286102295,3.5999999046325684,3.590100049972534,3.5999999046325684,32430.0
2025-06-26 10:20:00,BURU,,0.33880001306533813,0.33890101313591003,0.33869999647140503,0.33869999647140503,6767.0
2025-06-26 10:20:00,CATX,,3.6700000762939453,3.6700000762939453,3.6700000762939453,3.6700000762939453,285.0
2025-06-26 10:20:00,CCEL,,5.546199798583984,5.849400043487549,5.546199798583984,5.849400043487549,453.0
2025-06-26 10:20:00,CIK,,2.934999942779541,2.934999942779541,2.934999942779541,2.934999942779541,200.0
2025-06-26 10:20:00,CLDI,,0.2029999941587448,0.21119999885559082,0.2029999941587448,0.20679999887943268,551.0
2025-06-26 10:20:00,CLM,,7.940000057220459,7.941800117492676,7.940000057220459,7.940000057220459,1854.0
2025-06-26 10:20:00,CMCL,,19.149999618530273,19.149999618530273,19.149999618530273,19.149999618530273,251.0
2025-06-26 10:20:00,CMT,,16.735000610351562,16.735000610351562,16.735000610351562,16.735000610351562,178.0
2025-06-26 10:20:00,CQP,,55.07500076293945,55.09000015258789,55.07500076293945,55.09000015258789,312.0
2025-06-26 10:20:00,CRF,,7.567407131195068,7.569900035858154,7.559999942779541,7.565000057220459,1763.0
2025-06-26 10:20:00,CTM,,1.0300999879837036,1.0398999452590942,1.0300999879837036,1.0303000211715698,4682.0
2025-06-26 10:20:00,CYBN,,8.470000267028809,8.538999557495117,8.470000267028809,8.538999557495117,4322.0
2025-06-26 10:20:00,DC,,3.79010009765625,3.79010009765625,3.79010009765625,3.79010009765625,1120.0
2025-06-26 10:20:00,DHY,,2.1098999977111816,2.109999895095825,2.1050000190734863,2.1050000190734863,20113.0
2025-06-26 10:20:00,DNN,,1.774999976158142,1.7799999713897705,1.7699999809265137,1.7700999975204468,31499.0
2025-06-26 10:20:00,DSS,,0.9490000009536743,0.9490000009536743,0.9401999711990356,0.9401999711990356,3925.0
2025-06-26 10:20:00,EAD,,6.980000019073486,6.980000019073486,6.980000019073486,6.980000019073486,167.0
2025-06-26 10:20:00,ECF,,10.13010025024414,10.13010025024414,10.13010025024414,10.13010025024414,6856.0
2025-06-26 10:20:00,EIM,,9.5600004196167,9.5600004196167,9.550000190734863,9.550000190734863,350.0
2025-06-26 10:20:00,ELA,,6.019899845123291,6.019899845123291,6.019899845123291,6.019899845123291,5020.0
2025-06-26 10:20:00,EQX,,5.864999771118164,5.876500129699707,5.863500118255615,5.870100021362305,61283.0
2025-06-26 10:20:00,EVV,,10.15999984741211,10.15999984741211,10.15999984741211,10.15999984741211,203.0
2025-06-26 10:20:00,FSP,,1.684999942779541,1.684999942779541,1.684999942779541,1.684999942779541,130.0
2025-06-26 10:20:00,GAU,,1.2949999570846558,1.2949999570846558,1.2949999570846558,1.2949999570846558,169.0
2025-06-26 10:20:00,GGN,,4.360000133514404,4.360000133514404,4.360000133514404,4.360000133514404,100.0
2025-06-26 10:20:00,GLDG,,0.7451000213623047,0.7451000213623047,0.7451000213623047,0.7451000213623047,4000.0
2025-06-26 10:20:00,GLO,,5.335000038146973,5.335000038146973,5.335000038146973,5.335000038146973,205.0
2025-06-26 10:20:00,GNS,,0.7800999879837036,0.7831000089645386,0.7699999809265137,0.7771009802818298,76594.0
2025-06-26 10:20:00,GORO,,0.5422000288963318,0.5422000288963318,0.5422000288963318,0.5422000288963318,120.0
2025-06-26 10:20:00,GROY,,2.289900064468384,2.289900064468384,2.289900064468384,2.289900064468384,1506.0
2025-06-26 10:20:00,GTE,,5.03000020980835,5.03000020980835,5.03000020980835,5.03000020980835,450.0
2025-06-26 10:20:00,HUSA,,13.356300354003906,13.356300354003906,13.356300354003906,13.356300354003906,669.0
2025-06-26 10:20:00,IBO,,0.8920000195503235,0.8949000239372253,0.8919990062713623,0.8949000239372253,1806.0
2025-06-26 10:20:00,IDR,,13.050000190734863,13.050000190734863,13.03499984741211,13.039999961853027,1475.0
2025-06-26 10:20:00,IE,,9.604999542236328,9.630000114440918,9.585000038146973,9.630000114440918,6158.0
2025-06-26 10:20:00,INDO,,3.124799966812134,3.1356000900268555,3.119999885559082,3.119999885559082,2541.0
2025-06-26 10:20:00,INFU,,6.400000095367432,6.400000095367432,6.400000095367432,6.400000095367432,364.0
2025-06-26 10:20:00,ITP,,0.1898999959230423,0.1898999959230423,0.1898999959230423,0.1898999959230423,500.0
2025-06-26 10:20:00,ITRG,,1.565000057220459,1.5679999589920044,1.559999942779541,1.559999942779541,788.0
2025-06-26 10:20:00,JOB,,0.20100000500679016,0.20100000500679016,0.20100000500679016,0.20100000500679016,200.0
2025-06-26 10:20:00,KNW,,1.9500000476837158,2.0,1.909999966621399,2.0,26938.0
2025-06-26 10:20:00,KULR,,5.105000019073486,5.110000133514404,5.100100040435791,5.110000133514404,3499.0
2025-06-26 10:20:00,LCTX,,1.059999942779541,1.065000057220459,1.059999942779541,1.065000057220459,600.0
2025-06-26 10:20:00,LEU,,171.65499877929688,171.8000030517578,171.2899932861328,171.50999450683594,3252.0
2025-06-26 10:20:00,LMND,,42.650001525878906,42.7400016784668,42.599998474121094,42.63999938964844,7067.0
2025-06-26 10:20:00,LNG,,238.64999389648438,238.67999267578125,238.64999389648438,238.64999389648438,800.0
2025-06-26 10:20:00,LODE,,3.6500000953674316,3.6500000953674316,3.6449999809265137,3.6449999809265137,482.0
2025-06-26 10:20:00,MAG,,21.299999237060547,21.329999923706055,21.299999237060547,21.31999969482422,26305.0
2025-06-26 10:20:00,MITQ,,0.6807100176811218,0.6807100176811218,0.6807000041007996,0.6807000041007996,1887.0
2025-06-26 10:20:00,MPTI,,40.400001525878906,40.400001525878906,40.36000061035156,40.36000061035156,1240.0
2025-06-26 10:20:00,MTNB,,0.9399999976158142,0.9399999976158142,0.9399999976158142,0.9399999976158142,125.0
2025-06-26 10:20:00,NAK,,1.5750000476837158,1.5750000476837158,1.5700000524520874,1.5700000524520874,4286.0
2025-06-26 10:20:00,NBH,,9.835000038146973,9.835000038146973,9.835000038146973,9.835000038146973,17683.0
2025-06-26 10:20:00,NCL,,0.18219999969005585,0.18219999969005585,0.18160000443458557,0.18219999969005585,14753.0
2025-06-26 10:20:00,NFGC,,1.4600000381469727,1.4600000381469727,1.4600000381469727,1.4600000381469727,600.0
2025-06-26 10:20:00,NG,,3.890000104904175,3.9000000953674316,3.875,3.875,34315.0
2025-06-26 10:20:00,NGD,,4.864999771118164,4.869999885559082,4.860000133514404,4.860000133514404,115595.0
2025-06-26 10:20:00,NHS,,7.471499919891357,7.471499919891357,7.471499919891357,7.471499919891357,432.0
2025-06-26 10:20:00,NML,,8.785799980163574,8.789999961853027,8.785799980163574,8.789999961853027,1000.0
2025-06-26 10:20:00,NNVC,,1.2022000551223755,1.2022000551223755,1.2022000551223755,1.2022000551223755,263.0
2025-06-26 10:20:00,NRO,,3.180000066757202,3.180000066757202,3.180000066757202,3.180000066757202,505.0
2025-06-26 10:20:00,NRXS,,2.5799999237060547,2.5799999237060547,2.5799999237060547,2.5799999237060547,251.0
2025-06-26 10:20:00,NTIP,,1.2100000381469727,1.2100000381469727,1.2100000381469727,1.2100000381469727,417.0
2025-06-26 10:20:00,OPTT,,0.5159000158309937,0.515999972820282,0.5134000182151794,0.515999972820282,3333.0
2025-06-26 10:20:00,ORLA,,10.0,10.005000114440918,9.989999771118164,10.005000114440918,1168.0
2025-06-26 10:20:00,PHGE,,0.4690000116825104,0.4699999988079071,0.4690000116825104,0.4699999988079071,6089.0
2025-06-26 10:20:00,PLG,,1.5950000286102295,1.600000023841858,1.590000033378601,1.5999000072479248,2300.0
2025-06-26 10:20:00,PLX,,1.465000033378601,1.465000033378601,1.4600000381469727,1.4600000381469727,236.0
2025-06-26 10:20:00,REI,,0.7760000228881836,0.7760000228881836,0.7746000289916992,0.7746000289916992,5333.0
2025-06-26 10:20:00,RVP,,0.6606000065803528,0.6606000065803528,0.6606000065803528,0.6606000065803528,2383.0
2025-06-26 10:20:00,SATX,,2.9600000381469727,2.9600000381469727,2.9600000381469727,2.9600000381469727,381.0
2025-06-26 10:20:00,SENS,,0.498199999332428,0.498199999332428,0.49810001254081726,0.498199999332428,49986.0
2025-06-26 10:20:00,SLI,,1.8899999856948853,1.8990000486373901,1.8899999856948853,1.898800015449524,12436.0
2025-06-26 10:20:00,SLND,,3.799999952316284,3.799999952316284,3.799999952316284,3.799999952316284,307.0
2025-06-26 10:20:00,SOAR,,1.465000033378601,1.465000033378601,1.465000033378601,1.465000033378601,239.0
2025-06-26 10:20:00,SSY,,0.861299991607666,0.861299991607666,0.861299991607666,0.861299991607666,300.0
2025-06-26 10:20:00,SVM,,4.125,4.125,4.119999885559082,4.119999885559082,9921.0
2025-06-26 10:20:00,TGB,,3.069999933242798,3.0899999141693115,3.069999933242798,3.0799999237060547,47493.0
2025-06-26 10:20:00,TOVX,,0.4350999891757965,0.4350999891757965,0.4350999891757965,0.4350999891757965,117.0
2025-06-26 10:20:00,TPET,,1.2431000471115112,1.249899983406067,1.2431000471115112,1.249899983406067,657.0
2025-06-26 10:20:00,TRX,,0.335999995470047,0.335999995470047,0.335999995470047,0.335999995470047,20020.0
2025-06-26 10:20:00,UAMY,,2.430000066757202,2.430000066757202,2.4238998889923096,2.424999952316284,9348.0
2025-06-26 10:20:00,UAVS,,1.090000033378601,1.090000033378601,1.0850000381469727,1.0850000381469727,10005.0
2025-06-26 10:20:00,UEC,,6.885000228881836,6.900000095367432,6.869999885559082,6.889999866485596,24417.0
2025-06-26 10:20:00,URG,,1.034999966621399,1.0399999618530273,1.034999966621399,1.034999966621399,4320.0
2025-06-26 10:20:00,USAS,,0.8107749819755554,0.8130999803543091,0.810001015663147,0.810001015663147,11605.0
2025-06-26 10:20:00,UUUU,,5.850900173187256,5.864999771118164,5.840000152587891,5.860000133514404,83066.0
2025-06-26 10:20:00,VKI,,8.180000305175781,8.180000305175781,8.180000305175781,8.180000305175781,500.0
2025-06-26 10:20:00,VZLA,,2.9749999046325684,2.9800000190734863,2.9749999046325684,2.9800000190734863,5091.0
2025-06-26 10:20:00,WWR,,0.5940999984741211,0.5940999984741211,0.5940999984741211,0.5940999984741211,700.0
2025-06-26 10:20:00,ZDGE,,4.150000095367432,4.150000095367432,4.150000095367432,4.150000095367432,302.0
2025-06-26 10:21:00,AEON,,0.7668989896774292,0.7668989896774292,0.7668989896774292,0.7668989896774292,233.0
2025-06-26 10:21:00,AIM,,9.5,9.5,9.5,9.5,158.0
2025-06-26 10:21:00,AREN,,5.590000152587891,5.590000152587891,5.590000152587891,5.590000152587891,368.0
2025-06-26 10:21:00,ARMN,,6.855000019073486,6.860000133514404,6.855000019073486,6.860000133514404,1309.0
2025-06-26 10:21:00,ASM,,3.515000104904175,3.5283000469207764,3.509999990463257,3.5283000469207764,28929.0
2025-06-26 10:21:00,ATNM,,1.534999966621399,1.534999966621399,1.5299999713897705,1.5299999713897705,288.0
2025-06-26 10:21:00,BATL,,1.4739999771118164,1.4739999771118164,1.4739999771118164,1.4739999771118164,1702.0
2025-06-26 10:21:00,BKTI,,53.16999816894531,53.33000183105469,53.150001525878906,53.33000183105469,396.0
2025-06-26 10:21:00,BRN,,1.2300000190734863,1.2300000190734863,1.2300000190734863,1.2300000190734863,1000.0
2025-06-26 10:21:00,BTG,,3.5950000286102295,3.5999999046325684,3.5899999141693115,3.5950000286102295,55910.0
2025-06-26 10:21:00,BURU,,0.33880001306533813,0.3391000032424927,0.33869999647140503,0.33880001306533813,12982.0
2025-06-26 10:21:00,CATX,,3.6700000762939453,3.6786999702453613,3.6700000762939453,3.6740000247955322,2076.0
2025-06-26 10:21:00,CBOE,,228.86000061035156,228.86000061035156,228.86000061035156,228.86000061035156,1006.0
2025-06-26 10:21:00,CCEL,,5.600142002105713,5.800000190734863,5.5,5.550000190734863,3805.0
2025-06-26 10:21:00,CEF,,30.269899368286133,30.269899368286133,30.269899368286133,30.269899368286133,287.0
2025-06-26 10:21:00,CET,,47.24290084838867,47.25,47.24250030517578,47.24250030517578,1689.0
2025-06-26 10:21:00,CIK,,2.934999942779541,2.934999942779541,2.934999942779541,2.934999942779541,210.0
2025-06-26 10:21:00,CLM,,7.940000057220459,7.94320011138916,7.940000057220459,7.94320011138916,1571.0
2025-06-26 10:21:00,CMCL,,19.0,19.05500030517578,19.0,19.05500030517578,498.0
2025-06-26 10:21:00,CPHI,,1.749899983406067,1.749899983406067,1.746399998664856,1.746399998664856,1266.0
2025-06-26 10:21:00,CQP,,55.20500183105469,55.20500183105469,55.07500076293945,55.150001525878906,1073.0
2025-06-26 10:21:00,CRF,,7.569900035858154,7.569900035858154,7.559999942779541,7.559999942779541,1489.0
2025-06-26 10:21:00,DHY,,2.1050000190734863,2.109999895095825,2.1050000190734863,2.109999895095825,27104.0
2025-06-26 10:21:00,DNN,,1.774999976158142,1.7799999713897705,1.7699999809265137,1.774999976158142,24843.0
2025-06-26 10:21:00,ECF,,10.130000114440918,10.130000114440918,10.130000114440918,10.130000114440918,100.0
2025-06-26 10:21:00,ELA,,5.933884143829346,6.019999980926514,5.854899883270264,5.855000019073486,3878.0
2025-06-26 10:21:00,EMX,,2.5299999713897705,2.5350000858306885,2.5299999713897705,2.5299999713897705,6711.0
2025-06-26 10:21:00,EPM,,4.724999904632568,4.724999904632568,4.724999904632568,4.724999904632568,104.0
2025-06-26 10:21:00,EQX,,5.864999771118164,5.864999771118164,5.860000133514404,5.864999771118164,2985.0
2025-06-26 10:21:00,ESP,,43.97999954223633,43.97999954223633,43.97999954223633,43.97999954223633,146.0
2025-06-26 10:21:00,FTF,,6.394999980926514,6.394999980926514,6.394999980926514,6.394999980926514,200.0
2025-06-26 10:21:00,GLO,,5.333000183105469,5.333000183105469,5.333000183105469,5.333000183105469,1306.0
2025-06-26 10:21:00,GNS,,0.7904000282287598,0.7904000282287598,0.781000018119812,0.7875000238418579,31796.0
2025-06-26 10:21:00,GROY,,2.2799999713897705,2.2799999713897705,2.2799999713897705,2.2799999713897705,233.0
2025-06-26 10:21:00,HUSA,,13.149999618530273,13.28499984741211,13.119999885559082,13.28499984741211,11081.0
2025-06-26 10:21:00,IBO,,0.8820000290870667,0.8931940197944641,0.8723000288009644,0.8892999887466431,13781.0
2025-06-26 10:21:00,IDR,,13.0600004196167,13.0600004196167,13.050000190734863,13.050000190734863,864.0
2025-06-26 10:21:00,IE,,9.585000038146973,9.59000015258789,9.579999923706055,9.59000015258789,1052.0
2025-06-26 10:21:00,IMO,,80.55000305175781,80.55000305175781,80.55000305175781,80.55000305175781,295.0
2025-06-26 10:21:00,INDO,,3.111999988555908,3.119999885559082,3.111999988555908,3.119999885559082,1843.0
2025-06-26 10:21:00,JOB,,0.20152099430561066,0.20152099430561066,0.20152099430561066,0.20152099430561066,510.0
2025-06-26 10:21:00,KNW,,1.9319000244140625,1.9599000215530396,1.9319000244140625,1.9500000476837158,4785.0
2025-06-26 10:21:00,KULR,,5.119999885559082,5.119999885559082,5.079999923706055,5.10890007019043,15047.0
2025-06-26 10:21:00,LCTX,,1.059999942779541,1.0700000524520874,1.059999942779541,1.0700000524520874,11598.0
2025-06-26 10:21:00,LEU,,172.66000366210938,172.8000030517578,171.32000732421875,171.99000549316406,6548.0
2025-06-26 10:21:00,LMND,,42.64500045776367,42.65999984741211,42.564998626708984,42.619998931884766,7012.0
2025-06-26 10:21:00,LNG,,238.6750030517578,238.6750030517578,238.6750030517578,238.6750030517578,1166.0
2025-06-26 10:21:00,MAG,,21.299999237060547,21.30500030517578,21.299999237060547,21.299999237060547,2051.0
2025-06-26 10:21:00,MAIA,,1.645400047302246,1.645400047302246,1.645400047302246,1.645400047302246,1361.0
2025-06-26 10:21:00,MPTI,,40.810001373291016,40.810001373291016,40.47439956665039,40.47439956665039,387.0
2025-06-26 10:21:00,MPU,,1.0,1.0,0.9900000095367432,0.9900000095367432,232.0
2025-06-26 10:21:00,NAK,,1.5800000429153442,1.5800000429153442,1.5750999450683594,1.5800000429153442,35937.0
2025-06-26 10:21:00,NCL,,0.18119999766349792,0.18160100281238556,0.18119999766349792,0.18160000443458557,39923.0
2025-06-26 10:21:00,NFGC,,1.4550000429153442,1.4550000429153442,1.4550000429153442,1.4550000429153442,1066.0
2025-06-26 10:21:00,NG,,3.865000009536743,3.884999990463257,3.859999895095825,3.884999990463257,23355.0
2025-06-26 10:21:00,NGD,,4.860000133514404,4.866499900817871,4.860000133514404,4.864999771118164,23423.0
2025-06-26 10:21:00,NML,,8.789999961853027,8.789999961853027,8.786499977111816,8.786499977111816,455.0
2025-06-26 10:21:00,NRO,,3.184999942779541,3.184999942779541,3.184999942779541,3.184999942779541,500.0
2025-06-26 10:21:00,OPTT,,0.5149999856948853,0.5159000158309937,0.5134999752044678,0.5159000158309937,6658.0
2025-06-26 10:21:00,ORLA,,10.0,10.0,9.9931001663208,9.9931001663208,3861.0
2025-06-26 10:21:00,PLAG,,0.8500999808311462,0.8500999808311462,0.8500999808311462,0.8500999808311462,205.0
2025-06-26 10:21:00,PLG,,1.600000023841858,1.600000023841858,1.590000033378601,1.5999000072479248,1501.0
2025-06-26 10:21:00,PLMR,,150.18499755859375,150.75999450683594,150.18499755859375,150.75999450683594,580.0
2025-06-26 10:21:00,REI,,0.7746999859809875,0.7746999859809875,0.7746999859809875,0.7746999859809875,2682.0
2025-06-26 10:21:00,SEB,,2918.43994140625,2918.43994140625,2918.43994140625,2918.43994140625,2.0
2025-06-26 10:21:00,SENS,,0.4981499910354614,0.498199999332428,0.49810001254081726,0.498199999332428,1519.0
2025-06-26 10:21:00,SLI,,1.8906999826431274,1.8950999975204468,1.8899999856948853,1.8899999856948853,2187.0
2025-06-26 10:21:00,STXS,,2.194999933242798,2.194999933242798,2.194999933242798,2.194999933242798,112.0
2025-06-26 10:21:00,SVM,,4.119999885559082,4.125,4.119999885559082,4.125,432.0
2025-06-26 10:21:00,TGB,,3.069999933242798,3.0799999237060547,3.069999933242798,3.0799999237060547,36905.0
2025-06-26 10:21:00,TMQ,,1.4700000286102295,1.4700000286102295,1.4700000286102295,1.4700000286102295,2886.0
2025-06-26 10:21:00,TOVX,,0.4302000105381012,0.4302000105381012,0.4302000105381012,0.4302000105381012,104.0
2025-06-26 10:21:00,UAMY,,2.424999952316284,2.430000066757202,2.4200000762939453,2.424999952316284,7727.0
2025-06-26 10:21:00,UEC,,6.889999866485596,6.889999866485596,6.883699893951416,6.889999866485596,18563.0
2025-06-26 10:21:00,URG,,1.034999966621399,1.0399999618530273,1.034999966621399,1.034999966621399,1042.0
2025-06-26 10:21:00,UUUU,,5.860000133514404,5.869999885559082,5.84499979019165,5.850399971008301,92978.0
2025-06-26 10:21:00,VKI,,8.180000305175781,8.180000305175781,8.180000305175781,8.180000305175781,230.0
2025-06-26 10:21:00,VZLA,,2.9749999046325684,2.9800000190734863,2.9749999046325684,2.9800000190734863,2372.0
2025-06-26 10:21:00,WWR,,0.5835999846458435,0.5835999846458435,0.5835999846458435,0.5835999846458435,10001.0
2025-06-26 10:21:00,ZDGE,,4.190000057220459,4.190000057220459,4.179999828338623,4.179999828338623,3684.0
2025-06-26 10:22:00,AEON,,0.7669000029563904,0.7669000029563904,0.7669000029563904,0.7669000029563904,1081.0
2025-06-26 10:22:00,AIM,,9.300000190734863,9.399999618530273,9.300000190734863,9.399999618530273,296.0
2025-06-26 10:22:00,ARMN,,6.855000019073486,6.860000133514404,6.855000019073486,6.860000133514404,943.0
2025-06-26 10:22:00,ASM,,3.515000104904175,3.515000104904175,3.509999990463257,3.509999990463257,350.0
2025-06-26 10:22:00,ATNM,,1.534999966621399,1.534999966621399,1.534999966621399,1.534999966621399,268.0
2025-06-26 10:22:00,BEEP,,4.059999942779541,4.098400115966797,4.059999942779541,4.098400115966797,853.0
2025-06-26 10:22:00,BKTI,,53.29999923706055,53.29999923706055,53.209999084472656,53.209999084472656,1602.0
2025-06-26 10:22:00,BRBS,,3.2750000953674316,3.2750000953674316,3.2750000953674316,3.2750000953674316,106.0
2025-06-26 10:22:00,BTG,,3.589900016784668,3.593600034713745,3.5799999237060547,3.5901999473571777,321918.0
2025-06-26 10:22:00,BURU,,0.33880001306533813,0.33880001306533813,0.33785000443458557,0.33880001306533813,33510.0
2025-06-26 10:22:00,CATX,,3.6700000762939453,3.6700000762939453,3.6700000762939453,3.6700000762939453,169.0
2025-06-26 10:22:00,CBOE,,228.85499572753906,228.85499572753906,228.85499572753906,228.85499572753906,649.0
2025-06-26 10:22:00,CCEL,,5.550000190734863,5.638899803161621,5.440000057220459,5.638899803161621,5465.0
2025-06-26 10:22:00,CEF,,30.264999389648438,30.264999389648438,30.264400482177734,30.264400482177734,1253.0
2025-06-26 10:22:00,CET,,47.24290084838867,47.24290084838867,47.24290084838867,47.24290084838867,201.0
2025-06-26 10:22:00,CEV,,9.680000305175781,9.680000305175781,9.680000305175781,9.680000305175781,9154.0
2025-06-26 10:22:00,CIK,,2.934999942779541,2.934999942779541,2.930000066757202,2.934999942779541,1050.0
2025-06-26 10:22:00,CLDI,,0.20499999821186066,0.21130000054836273,0.20499999821186066,0.20819999277591705,2987.0
2025-06-26 10:22:00,CPHI,,1.7350000143051147,1.75,1.7350000143051147,1.75,700.0
2025-06-26 10:22:00,CQP,,55.20000076293945,55.20500183105469,55.20000076293945,55.20000076293945,626.0
2025-06-26 10:22:00,CRF,,7.56689977645874,7.56689977645874,7.565000057220459,7.565000057220459,218.0
2025-06-26 10:22:00,CYBN,,8.440699577331543,8.520000457763672,8.440699577331543,8.489999771118164,4268.0
2025-06-26 10:22:00,DHY,,2.1098999977111816,2.1098999977111816,2.1050000190734863,2.109100103378296,13011.0
2025-06-26 10:22:00,DNN,,1.7699999809265137,1.7797000408172607,1.7699999809265137,1.7797000408172607,13095.0
2025-06-26 10:22:00,EMX,,2.5299999713897705,2.5299999713897705,2.5299999713897705,2.5299999713897705,233.0
2025-06-26 10:22:00,EQX,,5.860000133514404,5.864999771118164,5.860000133514404,5.864999771118164,21291.0
2025-06-26 10:22:00,ERC,,9.369999885559082,9.369999885559082,9.369999885559082,9.369999885559082,11732.0
2025-06-26 10:22:00,EVV,,10.149999618530273,10.149999618530273,10.149999618530273,10.149999618530273,200.0
2025-06-26 10:22:00,FOXO,,0.2020999938249588,0.2020999938249588,0.2020999938249588,0.2020999938249588,1034.0
2025-06-26 10:22:00,FSP,,1.684999942779541,1.684999942779541,1.684999942779541,1.684999942779541,230.0
2025-06-26 10:22:00,GAU,,1.2899999618530273,1.2899999618530273,1.2899999618530273,1.2899999618530273,22427.0
2025-06-26 10:22:00,GLDG,,0.7448989748954773,0.7448989748954773,0.7448989748954773,0.7448989748954773,200.0
2025-06-26 10:22:00,GNS,,0.7997999787330627,0.800000011920929,0.7878999710083008,0.7878999710083008,116763.0
2025-06-26 10:22:00,GORO,,0.5350000262260437,0.539900004863739,0.5350000262260437,0.539900004863739,512.0
2025-06-26 10:22:00,GROY,,2.2850000858306885,2.2899999618530273,2.2850000858306885,2.2899999618530273,900.0
2025-06-26 10:22:00,HUSA,,13.116843223571777,13.239999771118164,13.100000381469727,13.149999618530273,6264.0
2025-06-26 10:22:00,IBO,,0.8816999793052673,0.8820989727973938,0.8790000081062317,0.8820000290870667,1903.0
2025-06-26 10:22:00,IDR,,13.069999694824219,13.069999694824219,13.069999694824219,13.069999694824219,205.0
2025-06-26 10:22:00,IE,,9.585000038146973,9.585000038146973,9.585000038146973,9.585000038146973,449.0
2025-06-26 10:22:00,IGC,,0.3084999918937683,0.3084999918937683,0.3084999918937683,0.3084999918937683,972.0
2025-06-26 10:22:00,INDO,,3.130000114440918,3.139699935913086,3.109999895095825,3.109999895095825,2227.0
2025-06-26 10:22:00,INUV,,3.861599922180176,3.861599922180176,3.861599922180176,3.861599922180176,400.0
2025-06-26 10:22:00,ITRG,,1.559999942779541,1.559999942779541,1.559999942779541,1.559999942779541,900.0
2025-06-26 10:22:00,KNW,,1.940000057220459,1.9473899602890015,1.909999966621399,1.930299997329712,11133.0
2025-06-26 10:22:00,KULR,,5.114999771118164,5.130000114440918,5.114999771118164,5.119999885559082,5459.0
2025-06-26 10:22:00,LCTX,,1.059999942779541,1.065000057220459,1.059999942779541,1.059999942779541,2006.0
2025-06-26 10:22:00,LEU,,172.5,172.84500122070312,172.5,172.8300018310547,4091.0
2025-06-26 10:22:00,LMND,,42.71969985961914,42.71969985961914,42.64500045776367,42.64500045776367,5681.0
2025-06-26 10:22:00,LNG,,238.94000244140625,238.94000244140625,238.6750030517578,238.6750030517578,2018.0
2025-06-26 10:22:00,LSF,,6.260000228881836,6.260000228881836,6.260000228881836,6.260000228881836,100.0
2025-06-26 10:22:00,MAG,,21.290000915527344,21.299999237060547,21.290000915527344,21.299999237060547,211.0
2025-06-26 10:22:00,MITQ,,0.6807000041007996,0.6908000111579895,0.6807000041007996,0.6908000111579895,8029.0
2025-06-26 10:22:00,MPTI,,40.66999816894531,40.66999816894531,40.45600128173828,40.45600128173828,380.0
2025-06-26 10:22:00,MTA,,3.859999895095825,3.865000009536743,3.859999895095825,3.859999895095825,1456.0
2025-06-26 10:22:00,NAK,,1.5800000429153442,1.5800000429153442,1.5750000476837158,1.579300045967102,37420.0
2025-06-26 10:22:00,NCL,,0.17710000276565552,0.18209999799728394,0.1770000010728836,0.18209999799728394,111191.0
2025-06-26 10:22:00,NG,,3.865000009536743,3.869999885559082,3.859999895095825,3.859999895095825,9908.0
2025-06-26 10:22:00,NGD,,4.855000019073486,4.869999885559082,4.849999904632568,4.860000133514404,78192.0
2025-06-26 10:22:00,NNVC,,1.2000000476837158,1.2000000476837158,1.2000000476837158,1.2000000476837158,194.0
2025-06-26 10:22:00,NRO,,3.1898999214172363,3.1898999214172363,3.184999942779541,3.184999942779541,1503.0
2025-06-26 10:22:00,OPTT,,0.5149999856948853,0.5149999856948853,0.5147979855537415,0.5149999856948853,6371.0
2025-06-26 10:22:00,ORLA,,9.96500015258789,9.989999771118164,9.96500015258789,9.989999771118164,5392.0
2025-06-26 10:22:00,OSTX,,1.809999942779541,1.809999942779541,1.809999942779541,1.809999942779541,1000.0
2025-06-26 10:22:00,REI,,0.7735000252723694,0.7746999859809875,0.7734000086784363,0.7746999859809875,2200.0
2025-06-26 10:22:00,SATX,,2.9600000381469727,2.9649999141693115,2.9600000381469727,2.9649999141693115,1000.0
2025-06-26 10:22:00,SENS,,0.49810001254081726,0.498199999332428,0.49810001254081726,0.4981499910354614,3739.0
2025-06-26 10:22:00,SLI,,1.898800015449524,1.898800015449524,1.8934999704360962,1.8934999704360962,3500.0
2025-06-26 10:22:00,STRW,,10.8100004196167,10.8100004196167,10.8100004196167,10.8100004196167,106.0
2025-06-26 10:22:00,STXS,,2.194999933242798,2.194999933242798,2.194999933242798,2.194999933242798,875.0
2025-06-26 10:22:00,SVM,,4.144999980926514,4.144999980926514,4.119999885559082,4.119999885559082,96108.0
2025-06-26 10:22:00,TGB,,3.069999933242798,3.0701000690460205,3.069999933242798,3.0701000690460205,6500.0
2025-06-26 10:22:00,TOVX,,0.4302000105381012,0.4302000105381012,0.4302000105381012,0.4302000105381012,100.0
2025-06-26 10:22:00,TPET,,1.246899962425232,1.246899962425232,1.246899962425232,1.246899962425232,170.0
2025-06-26 10:22:00,UAMY,,2.424999952316284,2.430000066757202,2.4200000762939453,2.424999952316284,18016.0
2025-06-26 10:22:00,UEC,,6.885000228881836,6.90500020980835,6.88070011138916,6.893499851226807,47082.0
2025-06-26 10:22:00,URG,,1.034999966621399,1.034999966621399,1.0299999713897705,1.0299999713897705,700.0
2025-06-26 10:22:00,USAS,,0.8130999803543091,0.8130999803543091,0.8100000023841858,0.8100000023841858,4008.0
2025-06-26 10:22:00,UTG,,35.369998931884766,35.369998931884766,35.290000915527344,35.290000915527344,412.0
2025-06-26 10:22:00,UUUU,,5.863500118255615,5.869999885559082,5.849999904632568,5.86329984664917,103317.0
2025-06-26 10:22:00,VKI,,8.180000305175781,8.180000305175781,8.180000305175781,8.180000305175781,130.0
2025-06-26 10:22:00,VTAK,,0.2515000104904175,0.2515000104904175,0.25099998712539673,0.25099998712539673,1179.0
2025-06-26 10:22:00,VZLA,,2.9790000915527344,2.9790000915527344,2.9749999046325684,2.9749999046325684,2956.0
2025-06-26 10:22:00,WWR,,0.5838000178337097,0.5838000178337097,0.5838000178337097,0.5838000178337097,260.0
2025-06-26 10:23:00,AIM,,9.390000343322754,9.390000343322754,9.390000343322754,9.390000343322754,256.0
2025-06-26 10:23:00,AREN,,5.590000152587891,5.590000152587891,5.590000152587891,5.590000152587891,1218.0
2025-06-26 10:23:00,ARMN,,6.849999904632568,6.849999904632568,6.849999904632568,6.849999904632568,865.0
2025-06-26 10:23:00,ASM,,3.505000114440918,3.509999990463257,3.5,3.509999990463257,86239.0
2025-06-26 10:23:00,AZTR,,0.2549999952316284,0.2549999952316284,0.2549999952316284,0.2549999952316284,226.0
2025-06-26 10:23:00,BATL,,1.5,1.5,1.48989999294281,1.48989999294281,5402.0
2025-06-26 10:23:00,BHB,,29.690000534057617,29.690000534057617,29.690000534057617,29.690000534057617,872.0
2025-06-26 10:23:00,BKTI,,53.75,53.75,53.75,53.75,224.0
2025-06-26 10:23:00,BRBS,,3.2699999809265137,3.2699999809265137,3.2699999809265137,3.2699999809265137,293.0
2025-06-26 10:23:00,BRN,,1.2350000143051147,1.2350000143051147,1.2350000143051147,1.2350000143051147,100.0
2025-06-26 10:23:00,BTG,,3.5850000381469727,3.5894999504089355,3.5799999237060547,3.5894999504089355,60740.0
2025-06-26 10:23:00,BURU,,0.33719998598098755,0.33880001306533813,0.33719998598098755,0.33880001306533813,7293.0
2025-06-26 10:23:00,CATX,,3.674999952316284,3.684999942779541,3.6700000762939453,3.6700000762939453,4186.0
2025-06-26 10:23:00,CBOE,,228.6199951171875,228.6199951171875,228.60000610351562,228.6199951171875,692.0
2025-06-26 10:23:00,CCEL,,5.796500205993652,5.796500205993652,5.300000190734863,5.550000190734863,6681.0
2025-06-26 10:23:00,CEF,,30.260000228881836,30.260000228881836,30.260000228881836,30.260000228881836,297.0
2025-06-26 10:23:00,CIK,,2.934999942779541,2.934999942779541,2.930000066757202,2.934999942779541,1222.0
2025-06-26 10:23:00,CLDI,,0.20900000631809235,0.20900000631809235,0.20900000631809235,0.20900000631809235,5170.0
2025-06-26 10:23:00,CLM,,7.945000171661377,7.945000171661377,7.945000171661377,7.945000171661377,233.0
2025-06-26 10:23:00,CMT,,16.81999969482422,16.81999969482422,16.81999969482422,16.81999969482422,233.0
2025-06-26 10:23:00,CPHI,,1.7649999856948853,1.7649999856948853,1.7649999856948853,1.7649999856948853,360.0
2025-06-26 10:23:00,CQP,,55.20000076293945,55.20000076293945,55.20000076293945,55.20000076293945,200.0
2025-06-26 10:23:00,CRF,,7.567999839782715,7.567999839782715,7.567999839782715,7.567999839782715,267.0
2025-06-26 10:23:00,CTM,,1.034999966621399,1.0399999618530273,1.0299999713897705,1.0399999618530273,3760.0
2025-06-26 10:23:00,CYBN,,8.510000228881836,8.510000228881836,8.510000228881836,8.510000228881836,247.0
2025-06-26 10:23:00,DHY,,2.109100103378296,2.1098999977111816,2.1050000190734863,2.1098999977111816,9001.0
2025-06-26 10:23:00,DNN,,1.7799999713897705,1.7799999713897705,1.774999976158142,1.774999976158142,3153.0
2025-06-26 10:23:00,ECF,,10.15999984741211,10.15999984741211,10.15999984741211,10.15999984741211,200.0
2025-06-26 10:23:00,EMX,,2.5199999809265137,2.5299999713897705,2.5199999809265137,2.5299999713897705,871.0
2025-06-26 10:23:00,EQX,,5.855000019073486,5.860000133514404,5.849999904632568,5.860000133514404,13451.0
2025-06-26 10:23:00,EVV,,10.150199890136719,10.150199890136719,10.150199890136719,10.150199890136719,318.0
2025-06-26 10:23:00,FTF,,6.389999866485596,6.389999866485596,6.389999866485596,6.389999866485596,100.0
2025-06-26 10:23:00,GAU,,1.284999966621399,1.284999966621399,1.2799999713897705,1.2799999713897705,4236.0
2025-06-26 10:23:00,GGN,,4.360000133514404,4.360000133514404,4.360000133514404,4.360000133514404,524.0
2025-06-26 10:23:00,GNS,,0.7956500053405762,0.7997999787330627,0.7900999784469604,0.7997999787330627,28420.0
2025-06-26 10:23:00,GORO,,0.539900004863739,0.539900004863739,0.5379999876022339,0.5379999876022339,400.0
2025-06-26 10:23:00,GROY,,2.2950000762939453,2.299999952316284,2.2850000858306885,2.2899999618530273,22355.0
2025-06-26 10:23:00,GSAT,,23.25,23.25,23.25,23.25,381.0
2025-06-26 10:23:00,GTE,,5.03000020980835,5.03000020980835,5.03000020980835,5.03000020980835,109.0
2025-06-26 10:23:00,HUSA,,13.074999809265137,13.074999809265137,13.0600004196167,13.0600004196167,480.0
2025-06-26 10:23:00,IBO,,0.8816999793052673,0.8816999793052673,0.8816999793052673,0.8816999793052673,290.0
2025-06-26 10:23:00,IDR,,13.01509952545166,13.050000190734863,13.01509952545166,13.034000396728516,2948.0
2025-06-26 10:23:00,IE,,9.550000190734863,9.569999694824219,9.550000190734863,9.569999694824219,984.0
2025-06-26 10:23:00,IGC,,0.3075999915599823,0.3075999915599823,0.3075999915599823,0.3075999915599823,1800.0
2025-06-26 10:23:00,INDO,,3.125,3.125,3.0999999046325684,3.119999885559082,8440.0
2025-06-26 10:23:00,INUV,,3.8327999114990234,3.8327999114990234,3.8327999114990234,3.8327999114990234,206.0
2025-06-26 10:23:00,ITP,,0.18930000066757202,0.18930000066757202,0.18930000066757202,0.18930000066757202,1000.0
2025-06-26 10:23:00,ITRG,,1.5549999475479126,1.559999942779541,1.5499999523162842,1.559999942779541,30825.0
2025-06-26 10:23:00,KNW,,1.940000057220459,1.940000057220459,1.9301999807357788,1.9301999807357788,706.0
2025-06-26 10:23:00,KULR,,5.105000019073486,5.119999885559082,5.101099967956543,5.114999771118164,13574.0
2025-06-26 10:23:00,LCTX,,1.065000057220459,1.0700000524520874,1.059999942779541,1.059999942779541,1532.0
2025-06-26 10:23:00,LEU,,172.8699951171875,173.0,172.3000030517578,172.8699951171875,2070.0
2025-06-26 10:23:00,LGL,,7.099999904632568,7.099999904632568,7.099999904632568,7.099999904632568,196.0
2025-06-26 10:23:00,LMND,,42.599998474121094,42.70000076293945,42.52000045776367,42.70000076293945,4014.0
2025-06-26 10:23:00,LNG,,239.1999969482422,239.1999969482422,239.08999633789062,239.08999633789062,1705.0
2025-06-26 10:23:00,LODE,,3.6500000953674316,3.6500000953674316,3.6500000953674316,3.6500000953674316,452.0
2025-06-26 10:23:00,MAG,,21.274999618530273,21.280000686645508,21.264999389648438,21.280000686645508,6036.0
2025-06-26 10:23:00,MPTI,,40.68000030517578,40.810001373291016,40.4900016784668,40.810001373291016,1301.0
2025-06-26 10:23:00,MRT,,2.8450000286102295,2.8450000286102295,2.8450000286102295,2.8450000286102295,373.0
2025-06-26 10:23:00,MTA,,3.8610000610351562,3.8610000610351562,3.8499999046325684,3.859999895095825,392.0
2025-06-26 10:23:00,NAK,,1.5800000429153442,1.5800000429153442,1.5700000524520874,1.5750000476837158,19155.0
2025-06-26 10:23:00,NCL,,0.1785999983549118,0.179299995303154,0.17720000445842743,0.17720000445842743,33201.0
2025-06-26 10:23:00,NFGC,,1.4550000429153442,1.4550000429153442,1.4550000429153442,1.4550000429153442,1030.0
2025-06-26 10:23:00,NG,,3.9000000953674316,3.9000000953674316,3.865000009536743,3.869999885559082,27454.0
2025-06-26 10:23:00,NGD,,4.855000019073486,4.855000019073486,4.849999904632568,4.855000019073486,7062.0
2025-06-26 10:23:00,NHS,,7.473999977111816,7.473999977111816,7.473999977111816,7.473999977111816,299.0
2025-06-26 10:23:00,NML,,8.800000190734863,8.800000190734863,8.800000190734863,8.800000190734863,536.0
2025-06-26 10:23:00,NNVC,,1.2000000476837158,1.2000000476837158,1.190000057220459,1.2000000476837158,7818.0
2025-06-26 10:23:00,NRO,,3.1842000484466553,3.1842000484466553,3.1842000484466553,3.1842000484466553,100.0
2025-06-26 10:23:00,OBE,,5.53000020980835,5.53000020980835,5.53000020980835,5.53000020980835,1370.0
2025-06-26 10:23:00,OPTT,,0.5138000249862671,0.5149999856948853,0.5134000182151794,0.5149999856948853,6005.0
2025-06-26 10:23:00,ORLA,,9.960000038146973,9.970000267028809,9.960000038146973,9.960000038146973,1469.0
2025-06-26 10:23:00,PLG,,1.5850000381469727,1.590000033378601,1.5800000429153442,1.590000033378601,808916.0
2025-06-26 10:23:00,PLMR,,150.38499450683594,150.38499450683594,150.38499450683594,150.38499450683594,464.0
2025-06-26 10:23:00,PLX,,1.465999960899353,1.465999960899353,1.4600000381469727,1.4600000381469727,282.0
2025-06-26 10:23:00,REI,,0.7759000062942505,0.7760000228881836,0.7746999859809875,0.7759000062942505,5655.0
2025-06-26 10:23:00,REPX,,26.520000457763672,26.520000457763672,26.489999771118164,26.5,2080.0
2025-06-26 10:23:00,SATX,,2.9600000381469727,2.9649999141693115,2.9600000381469727,2.9600000381469727,74587.0
2025-06-26 10:23:00,SEB,,2919.570068359375,2929.800048828125,2919.570068359375,2929.800048828125,4.0
2025-06-26 10:23:00,SENS,,0.498199999332428,0.498199999332428,0.49810001254081726,0.498199999332428,19366.0
2025-06-26 10:23:00,SLI,,1.8899999856948853,1.8899999856948853,1.8899999856948853,1.8899999856948853,1012.0
2025-06-26 10:23:00,SLND,,3.799999952316284,3.799999952316284,3.799999952316284,3.799999952316284,160.0
2025-06-26 10:23:00,STRW,,10.8100004196167,10.890000343322754,10.8100004196167,10.850000381469727,925.0
2025-06-26 10:23:00,SVM,,4.144999980926514,4.150000095367432,4.139999866485596,4.146500110626221,34899.0
2025-06-26 10:23:00,TGB,,3.065000057220459,3.0761001110076904,3.059999942779541,3.075000047683716,60859.0
2025-06-26 10:23:00,TMQ,,1.4700000286102295,1.4700000286102295,1.4700000286102295,1.4700000286102295,108.0
2025-06-26 10:23:00,TOVX,,0.4302000105381012,0.4302000105381012,0.4302000105381012,0.4302000105381012,135.0
2025-06-26 10:23:00,UAMY,,2.434999942779541,2.434999942779541,2.4149999618530273,2.4298999309539795,49552.0
2025-06-26 10:23:00,UAVS,,1.0800000429153442,1.090000033378601,1.0800000429153442,1.0850000381469727,2399.0
2025-06-26 10:23:00,UEC,,6.888800144195557,6.889999866485596,6.880000114440918,6.881199836730957,5222.0
2025-06-26 10:23:00,URG,,1.0449999570846558,1.0449999570846558,1.0299999713897705,1.034999966621399,43958.0
2025-06-26 10:23:00,USAS,,0.8019999861717224,0.8191999793052673,0.8019999861717224,0.8130999803543091,69689.0
2025-06-26 10:23:00,UTG,,35.369998931884766,35.369998931884766,35.321998596191406,35.321998596191406,1192.0
2025-06-26 10:23:00,UUUU,,5.860000133514404,5.864999771118164,5.849999904632568,5.864999771118164,12522.0
2025-06-26 10:23:00,VKI,,8.180000305175781,8.180000305175781,8.180000305175781,8.180000305175781,530.0
2025-06-26 10:23:00,VNRX,,0.75,0.75,0.75,0.75,719.0
2025-06-26 10:23:00,VTAK,,0.2515000104904175,0.2515000104904175,0.25099998712539673,0.25099998712539673,8813.0
2025-06-26 10:23:00,VZLA,,2.9600000381469727,2.9800000190734863,2.9600000381469727,2.9749999046325684,33466.0
2025-06-26 10:24:00,AIM,,9.149999618530273,9.199999809265137,9.149999618530273,9.199999809265137,645.0
2025-06-26 10:24:00,AIRI,,3.4100000858306885,3.4100000858306885,3.4100000858306885,3.4100000858306885,4945.0
2025-06-26 10:24:00,AMBO,,2.6500000953674316,2.6500000953674316,2.5999999046325684,2.5999999046325684,3793.0
2025-06-26 10:24:00,AREN,,5.590000152587891,5.590000152587891,5.590000152587891,5.590000152587891,276.0
2025-06-26 10:24:00,ARMN,,6.849999904632568,6.855000019073486,6.84499979019165,6.855000019073486,1500.0
2025-06-26 10:24:00,ARMP,,1.9550000429153442,1.9550000429153442,1.9392000436782837,1.9392000436782837,2732.0
2025-06-26 10:24:00,ASM,,3.505000114440918,3.509999990463257,3.505000114440918,3.505000114440918,2518.0
2025-06-26 10:24:00,ATNM,,1.5299999713897705,1.5299999713897705,1.5299999713897705,1.5299999713897705,629.0
2025-06-26 10:24:00,AUST,,1.309999942779541,1.309999942779541,1.309999942779541,1.309999942779541,146.0
2025-06-26 10:24:00,AZTR,,0.25290000438690186,0.25290000438690186,0.25290000438690186,0.25290000438690186,10002.0
2025-06-26 10:24:00,BATL,,1.499899983406067,1.499899983406067,1.499899983406067,1.499899983406067,4050.0
2025-06-26 10:24:00,BRBS,,3.2699999809265137,3.2699999809265137,3.2699999809265137,3.2699999809265137,112.0
2025-06-26 10:24:00,BRN,,1.2200000286102295,1.2200000286102295,1.2200000286102295,1.2200000286102295,1060.0
2025-06-26 10:24:00,BTG,,3.5850000381469727,3.5850000381469727,3.5850000381469727,3.5850000381469727,29834.0
2025-06-26 10:24:00,BURU,,0.33739998936653137,0.33739998936653137,0.33739998936653137,0.33739998936653137,2800.0
2025-06-26 10:24:00,CATX,,3.674999952316284,3.674999952316284,3.6749000549316406,3.674999952316284,1791.0
2025-06-26 10:24:00,CBOE,,228.32000732421875,228.73500061035156,228.32000732421875,228.73500061035156,1299.0
2025-06-26 10:24:00,CCEL,,5.799900054931641,5.799900054931641,5.799900054931641,5.799900054931641,383.0
2025-06-26 10:24:00,CEF,,30.25,30.25,30.25,30.25,1063.0
2025-06-26 10:24:00,CLDI,,0.20980000495910645,0.20980000495910645,0.20919999480247498,0.20919999480247498,2120.0
2025-06-26 10:24:00,CLM,,7.940000057220459,7.945000171661377,7.940000057220459,7.945000171661377,1269.0
2025-06-26 10:24:00,CPHI,,1.7699999809265137,1.7699999809265137,1.7699999809265137,1.7699999809265137,1032.0
2025-06-26 10:24:00,CQP,,55.369998931884766,55.369998931884766,55.20000076293945,55.20000076293945,304.0
2025-06-26 10:24:00,CRF,,7.563300132751465,7.563300132751465,7.563300132751465,7.563300132751465,355.0
2025-06-26 10:24:00,CYBN,,8.395000457763672,8.5,8.395000457763672,8.434100151062012,1407.0
2025-06-26 10:24:00,DC,,3.7799999713897705,3.7983999252319336,3.7799999713897705,3.7983999252319336,1479.0
2025-06-26 10:24:00,DHY,,2.109800100326538,2.109999895095825,2.109100103378296,2.109100103378296,9299.0
2025-06-26 10:24:00,DNN,,1.7788000106811523,1.7799999713897705,1.7699999809265137,1.774999976158142,16425.0
2025-06-26 10:24:00,EAD,,6.980000019073486,6.980000019073486,6.980000019073486,6.980000019073486,100.0
2025-06-26 10:24:00,ELA,,5.840000152587891,5.900000095367432,5.820000171661377,5.8856000900268555,2565.0
2025-06-26 10:24:00,EPM,,4.724999904632568,4.73859977722168,4.724999904632568,4.73859977722168,1720.0
2025-06-26 10:24:00,EQX,,5.855000019073486,5.855000019073486,5.855000019073486,5.855000019073486,302.0
2025-06-26 10:24:00,EVV,,10.149999618530273,10.149999618530273,10.149999618530273,10.149999618530273,1600.0
2025-06-26 10:24:00,FOXO,,0.20100000500679016,0.20110000669956207,0.20100000500679016,0.20110000669956207,15200.0
2025-06-26 10:24:00,FSI,,4.333600044250488,4.333600044250488,4.333600044250488,4.333600044250488,0.0
2025-06-26 10:24:00,FSP,,1.690000057220459,1.690000057220459,1.684999942779541,1.684999942779541,200.0
2025-06-26 10:24:00,FURY,,0.4844000041484833,0.4844000041484833,0.4844000041484833,0.4844000041484833,501.0
2025-06-26 10:24:00,GAU,,1.284999966621399,1.284999966621399,1.284999966621399,1.284999966621399,115.0
2025-06-26 10:24:00,GGN,,4.360000133514404,4.360000133514404,4.360000133514404,4.360000133514404,353.0
2025-06-26 10:24:00,GNS,,0.7915999889373779,0.7997999787330627,0.7914000153541565,0.7919999957084656,45315.0
2025-06-26 10:24:00,GORO,,0.539900004863739,0.539900004863739,0.539900004863739,0.539900004863739,1368.0
2025-06-26 10:24:00,GROY,,2.2950000762939453,2.2950000762939453,2.2950000762939453,2.2950000762939453,1503.0
2025-06-26 10:24:00,GSAT,,23.309999465942383,23.309999465942383,23.219999313354492,23.219999313354492,7329.0
2025-06-26 10:24:00,HNW,,12.350000381469727,12.350000381469727,12.350000381469727,12.350000381469727,0.0
2025-06-26 10:24:00,HUSA,,13.286499977111816,13.286499977111816,13.050000190734863,13.100000381469727,4383.0
2025-06-26 10:24:00,IBO,,0.8799999952316284,0.8813989758491516,0.8799999952316284,0.8810999989509583,2575.0
2025-06-26 10:24:00,IGC,,0.3075999915599823,0.3075999915599823,0.3075999915599823,0.3075999915599823,1867.0
2025-06-26 10:24:00,IMO,,80.58000183105469,80.58000183105469,80.5199966430664,80.5250015258789,1287.0
2025-06-26 10:24:00,INDO,,3.1106998920440674,3.11080002784729,3.109999895095825,3.11080002784729,2370.0
2025-06-26 10:24:00,INFU,,6.389999866485596,6.400000095367432,6.389999866485596,6.400000095367432,797.0
2025-06-26 10:24:00,ITP,,0.1881999969482422,0.1881999969482422,0.1881999969482422,0.1881999969482422,1300.0
2025-06-26 10:24:00,ITRG,,1.5549999475479126,1.5551999807357788,1.5499999523162842,1.5549999475479126,3647.0
2025-06-26 10:24:00,KNW,,1.9450000524520874,1.9500000476837158,1.9299999475479126,1.9500000476837158,1242.0
2025-06-26 10:24:00,KULR,,5.150000095367432,5.150000095367432,5.105000019073486,5.105000019073486,12817.0
2025-06-26 10:24:00,LCTX,,1.0640000104904175,1.065000057220459,1.0640000104904175,1.065000057220459,750.0
2025-06-26 10:24:00,LEU,,174.0399932861328,174.3300018310547,172.86000061035156,173.1999969482422,15076.0
2025-06-26 10:24:00,LMND,,42.5099983215332,42.63999938964844,42.41999816894531,42.52159881591797,5448.0
2025-06-26 10:24:00,LNG,,239.17999267578125,239.17999267578125,239.05499267578125,239.05499267578125,2006.0
2025-06-26 10:24:00,MAG,,21.260000228881836,21.270000457763672,21.25,21.270000457763672,5136.0
2025-06-26 10:24:00,MAIA,,1.6405999660491943,1.6405999660491943,1.6405999660491943,1.6405999660491943,300.0
2025-06-26 10:24:00,MPTI,,40.650001525878906,40.68000030517578,40.630001068115234,40.68000030517578,410.0
2025-06-26 10:24:00,MTA,,3.8499999046325684,3.8499999046325684,3.8499999046325684,3.8499999046325684,202.0
2025-06-26 10:24:00,MXC,,9.300000190734863,9.300000190734863,9.300000190734863,9.300000190734863,256.0
2025-06-26 10:24:00,MYO,,2.2750000953674316,2.2750000953674316,2.2750000953674316,2.2750000953674316,207.0
2025-06-26 10:24:00,NAK,,1.5700000524520874,1.5800000429153442,1.5700000524520874,1.5700000524520874,39552.0
2025-06-26 10:24:00,NBH,,9.835000038146973,9.835000038146973,9.835000038146973,9.835000038146973,100.0
2025-06-26 10:24:00,NCL,,0.1785999983549118,0.18219999969005585,0.1785999983549118,0.18219999969005585,819.0
2025-06-26 10:24:00,NG,,3.880000114440918,3.9000000953674316,3.880000114440918,3.8901000022888184,6996.0
2025-06-26 10:24:00,NGD,,4.850100040435791,4.859000205993652,4.849999904632568,4.855000019073486,24753.0
2025-06-26 10:24:00,NHS,,7.480000019073486,7.480000019073486,7.480000019073486,7.480000019073486,606.0
2025-06-26 10:24:00,NNVC,,1.190000057220459,1.2000000476837158,1.190000057220459,1.2000000476837158,2315.0
2025-06-26 10:24:00,NRO,,3.1800999641418457,3.1800999641418457,3.1800999641418457,3.1800999641418457,575.0
2025-06-26 10:24:00,OBE,,5.53000020980835,5.53000020980835,5.53000020980835,5.53000020980835,173.0
2025-06-26 10:24:00,OPTT,,0.5139999985694885,0.5139999985694885,0.5139999985694885,0.5139999985694885,10174.0
2025-06-26 10:24:00,ORLA,,9.960000038146973,9.960000038146973,9.960000038146973,9.960000038146973,101.0
2025-06-26 10:24:00,OSTX,,1.8300000429153442,1.8300000429153442,1.8300000429153442,1.8300000429153442,160.0
2025-06-26 10:24:00,PLAG,,0.8799999952316284,0.8799999952316284,0.8799999952316284,0.8799999952316284,100.0
2025-06-26 10:24:00,PLG,,1.5850000381469727,1.5891000032424927,1.5850000381469727,1.5850000381469727,1502.0
2025-06-26 10:24:00,PLMR,,149.3251953125,149.99000549316406,149.3251953125,149.99000549316406,3998.0
2025-06-26 10:24:00,PLX,,1.465000033378601,1.465000033378601,1.4600000381469727,1.465000033378601,583.0
2025-06-26 10:24:00,REI,,0.7753999829292297,0.7764000296592712,0.7751489877700806,0.7751489877700806,8784.0
2025-06-26 10:24:00,REPX,,26.530000686645508,26.530000686645508,26.520000457763672,26.520000457763672,612.0
2025-06-26 10:24:00,RVP,,0.6600000262260437,0.6600000262260437,0.6600000262260437,0.6600000262260437,169.0
2025-06-26 10:24:00,SATX,,2.9600000381469727,2.9600000381469727,2.9600000381469727,2.9600000381469727,816.0
2025-06-26 10:24:00,SEB,,2925.0,2927.8701171875,2918.7900390625,2925.0,326.0
2025-06-26 10:24:00,SENS,,0.498199999332428,0.498199999332428,0.49810001254081726,0.49810001254081726,5617.0
2025-06-26 10:24:00,SLI,,1.8899999856948853,1.8899999856948853,1.8899999856948853,1.8899999856948853,1100.0
2025-06-26 10:24:00,SLND,,3.794100046157837,3.794100046157837,3.794100046157837,3.794100046157837,291.0
2025-06-26 10:24:00,SSY,,0.8682000041007996,0.8682000041007996,0.8682000041007996,0.8682000041007996,908.0
2025-06-26 10:24:00,SVM,,4.144999980926514,4.144999980926514,4.139999866485596,4.144999980926514,1366.0
2025-06-26 10:24:00,TGB,,3.069999933242798,3.069999933242798,3.059999942779541,3.065000057220459,51371.0
2025-06-26 10:24:00,TPET,,1.249899983406067,1.25,1.2450000047683716,1.25,37479.0
2025-06-26 10:24:00,TRX,,0.3395000100135803,0.3395000100135803,0.3395000100135803,0.3395000100135803,100.0
2025-06-26 10:24:00,UAMY,,2.440000057220459,2.440000057220459,2.434000015258789,2.440000057220459,34953.0
2025-06-26 10:24:00,UAVS,,1.089900016784668,1.089900016784668,1.0850000381469727,1.0850000381469727,13057.0
2025-06-26 10:24:00,UEC,,6.869999885559082,6.900000095367432,6.860099792480469,6.8881001472473145,74572.0
2025-06-26 10:24:00,URG,,1.0449999570846558,1.0449999570846558,1.0449999570846558,1.0449999570846558,800.0
2025-06-26 10:24:00,USAS,,0.8096510171890259,0.8191999793052673,0.8001000285148621,0.8191999793052673,29849.0
2025-06-26 10:24:00,UTG,,35.44990158081055,35.44990158081055,35.30759811401367,35.30759811401367,486.0
2025-06-26 10:24:00,UUUU,,5.84499979019165,5.860000133514404,5.829999923706055,5.855000019073486,36352.0
2025-06-26 10:24:00,VZLA,,2.9649999141693115,2.9700000286102295,2.9600000381469727,2.9649999141693115,20786.0
2025-06-26 10:24:00,WRN,,1.2408000230789185,1.2408000230789185,1.2408000230789185,1.2408000230789185,315.0
2025-06-26 10:24:00,WWR,,0.5936999917030334,0.5936999917030334,0.5929999947547913,0.5929999947547913,700.0
2025-06-26 10:25:00,AIM,,9.119999885559082,9.770000457763672,9.119999885559082,9.770000457763672,1270.0
2025-06-26 10:25:00,AREN,,5.650000095367432,5.650000095367432,5.610000133514404,5.630000114440918,2433.0
2025-06-26 10:25:00,ARMN,,6.843999862670898,6.84499979019165,6.843999862670898,6.84499979019165,398.0
2025-06-26 10:25:00,ASM,,3.501199960708618,3.5113000869750977,3.5,3.5,46721.0
2025-06-26 10:25:00,BATL,,1.4903000593185425,1.4903000593185425,1.4900000095367432,1.4900000095367432,3164.0
2025-06-26 10:25:00,BEEP,,4.050000190734863,4.050000190734863,4.050000190734863,4.050000190734863,567.0
2025-06-26 10:25:00,BKTI,,53.529998779296875,53.529998779296875,53.529998779296875,53.529998779296875,373.0
2025-06-26 10:25:00,BRBS,,3.2750000953674316,3.2750000953674316,3.2750000953674316,3.2750000953674316,125.0
2025-06-26 10:25:00,BTG,,3.5897998809814453,3.5899999141693115,3.5799999237060547,3.5850000381469727,20302.0
2025-06-26 10:25:00,BURU,,0.34000998735427856,0.3409000039100647,0.3384000062942505,0.3384000062942505,10765.0
2025-06-26 10:25:00,CATX,,3.6700000762939453,3.674999952316284,3.6700000762939453,3.674999952316284,799.0
2025-06-26 10:25:00,CCEL,,5.625,5.789899826049805,5.625,5.763000011444092,520.0
2025-06-26 10:25:00,CEF,,30.260000228881836,30.260000228881836,30.25,30.25,4053.0
2025-06-26 10:25:00,CLDI,,0.20980000495910645,0.20980000495910645,0.20919999480247498,0.20980000495910645,1948.0
2025-06-26 10:25:00,CPHI,,1.7699999809265137,1.7699999809265137,1.7699999809265137,1.7699999809265137,775.0
2025-06-26 10:25:00,CQP,,55.19499969482422,55.19499969482422,55.130001068115234,55.15999984741211,1035.0
2025-06-26 10:25:00,CTM,,1.0311000347137451,1.0311000347137451,1.030900001525879,1.030900001525879,4134.0
2025-06-26 10:25:00,CYBN,,8.45829963684082,8.45829963684082,8.45829963684082,8.45829963684082,521.0
2025-06-26 10:25:00,DHY,,2.1098999977111816,2.109999895095825,2.1050000190734863,2.109999895095825,7906.0
2025-06-26 10:25:00,DNN,,1.7799999713897705,1.7799999713897705,1.7700999975204468,1.7700999975204468,112323.0
2025-06-26 10:25:00,EIM,,9.555000305175781,9.555000305175781,9.555000305175781,9.555000305175781,1500.0
2025-06-26 10:25:00,ELA,,5.925000190734863,6.099999904632568,5.880000114440918,5.980000019073486,8114.0
2025-06-26 10:25:00,ELMD,,21.770000457763672,21.774999618530273,21.770000457763672,21.774999618530273,827.0
2025-06-26 10:25:00,EMX,,2.5199999809265137,2.5299999713897705,2.5199999809265137,2.5299999713897705,906.0
2025-06-26 10:25:00,EQX,,5.859000205993652,5.860000133514404,5.849999904632568,5.855000019073486,7487.0
2025-06-26 10:25:00,ESP,,43.97999954223633,43.97999954223633,43.97999954223633,43.97999954223633,200.0
2025-06-26 10:25:00,EVV,,10.199999809265137,10.215399742126465,10.15999984741211,10.15999984741211,31364.0
2025-06-26 10:25:00,FOXO,,0.20100000500679016,0.20110000669956207,0.20100000500679016,0.20110000669956207,2312.0
2025-06-26 10:25:00,FSP,,1.684999942779541,1.684999942779541,1.684999942779541,1.684999942779541,200.0
2025-06-26 10:25:00,FTF,,6.394999980926514,6.394999980926514,6.394999980926514,6.394999980926514,200.0
2025-06-26 10:25:00,GNS,,0.7955999970436096,0.7957000136375427,0.7922999858856201,0.7935500144958496,10088.0
2025-06-26 10:25:00,GORO,,0.5353000164031982,0.5353000164031982,0.5353000164031982,0.5353000164031982,201.0
2025-06-26 10:25:00,GROY,,2.2950000762939453,2.299999952316284,2.2950000762939453,2.2950000762939453,4456.0
2025-06-26 10:25:00,GTE,,5.034999847412109,5.034999847412109,5.034999847412109,5.034999847412109,410.0
2025-06-26 10:25:00,IBO,,0.8809000253677368,0.8809000253677368,0.8809000253677368,0.8809000253677368,323.0
2025-06-26 10:25:00,IE,,9.529999732971191,9.529999732971191,9.529999732971191,9.529999732971191,203.0
2025-06-26 10:25:00,IMO,,80.66000366210938,80.66000366210938,80.66000366210938,80.66000366210938,758.0
2025-06-26 10:25:00,INDO,,3.1219000816345215,3.140000104904175,3.109999895095825,3.109999895095825,4161.0
2025-06-26 10:25:00,INFU,,6.389999866485596,6.389999866485596,6.389999866485596,6.389999866485596,149.0
2025-06-26 10:25:00,ITRG,,1.5549999475479126,1.5549999475479126,1.5549999475479126,1.5549999475479126,600.0
2025-06-26 10:25:00,KNW,,1.940000057220459,1.9499000310897827,1.9301999807357788,1.9499000310897827,3823.0
2025-06-26 10:25:00,KULR,,5.15500020980835,5.15749979019165,5.139999866485596,5.139999866485596,8410.0
2025-06-26 10:25:00,LCTX,,1.059999942779541,1.065000057220459,1.059999942779541,1.065000057220459,300.0
2025-06-26 10:25:00,LEU,,173.7958984375,174.32000732421875,172.82000732421875,174.05999755859375,9572.0
2025-06-26 10:25:00,LMND,,42.564998626708984,42.599998474121094,42.5,42.5099983215332,4427.0
2025-06-26 10:25:00,LNG,,239.1699981689453,239.1699981689453,239.1699981689453,239.1699981689453,457.0
2025-06-26 10:25:00,LODE,,3.6600000858306885,3.6600000858306885,3.6500000953674316,3.6500000953674316,741.0
2025-06-26 10:25:00,LSF,,6.376999855041504,6.376999855041504,6.376999855041504,6.376999855041504,1000.0
2025-06-26 10:25:00,MAG,,21.260000228881836,21.260000228881836,21.260000228881836,21.260000228881836,523.0
2025-06-26 10:25:00,MAIA,,1.649999976158142,1.649999976158142,1.6449999809265137,1.6449999809265137,13917.0
2025-06-26 10:25:00,MPTI,,40.68000030517578,40.68000030517578,40.68000030517578,40.68000030517578,232.0
2025-06-26 10:25:00,MTA,,3.8499999046325684,3.8499999046325684,3.8499999046325684,3.8499999046325684,10005.0
2025-06-26 10:25:00,MTNB,,0.9399999976158142,0.9399999976158142,0.9399999976158142,0.9399999976158142,178.0
2025-06-26 10:25:00,NAK,,1.5700000524520874,1.5788999795913696,1.5700000524520874,1.5788999795913696,6130.0
2025-06-26 10:25:00,NCL,,0.1789499968290329,0.179299995303154,0.1789499968290329,0.179299995303154,1911.0
2025-06-26 10:25:00,NFGC,,1.4550000429153442,1.4550000429153442,1.4550000429153442,1.4550000429153442,1484.0
2025-06-26 10:25:00,NG,,3.9100000858306885,3.9100000858306885,3.884999990463257,3.8893001079559326,60377.0
2025-06-26 10:25:00,NGD,,4.855000019073486,4.859799861907959,4.849999904632568,4.850500106811523,7676.0
2025-06-26 10:25:00,NNVC,,1.1974999904632568,1.2000000476837158,1.190000057220459,1.190000057220459,2558.0
2025-06-26 10:25:00,NRO,,3.186500072479248,3.186500072479248,3.186500072479248,3.186500072479248,499.0
2025-06-26 10:25:00,OBE,,5.545000076293945,5.545000076293945,5.539999961853027,5.539999961853027,521.0
2025-06-26 10:25:00,OPTT,,0.5126000046730042,0.5134000182151794,0.5123000144958496,0.5123000144958496,2400.0
2025-06-26 10:25:00,ORLA,,9.96500015258789,9.96500015258789,9.960000038146973,9.960000038146973,858.0
2025-06-26 10:25:00,OSTX,,1.8300000429153442,1.8300000429153442,1.8300000429153442,1.8300000429153442,721.0
2025-06-26 10:25:00,PLG,,1.5889999866485596,1.5889999866485596,1.5889999866485596,1.5889999866485596,300.0
2025-06-26 10:25:00,PLMR,,149.4600067138672,149.4600067138672,149.2550048828125,149.2550048828125,662.0
2025-06-26 10:25:00,PLX,,1.4500000476837158,1.4600000381469727,1.4500000476837158,1.4600000381469727,3719.0
2025-06-26 10:25:00,PW,,1.1200000047683716,1.1200000047683716,1.1200000047683716,1.1200000047683716,294.0
2025-06-26 10:25:00,RCG,,2.619999885559082,2.619999885559082,2.619999885559082,2.619999885559082,1763.0
2025-06-26 10:25:00,REI,,0.7756999731063843,0.7756999731063843,0.7756999731063843,0.7756999731063843,205.0
2025-06-26 10:25:00,REPX,,26.56999969482422,26.56999969482422,26.56999969482422,26.56999969482422,256.0
2025-06-26 10:25:00,RVP,,0.6600000262260437,0.6600000262260437,0.6600000262260437,0.6600000262260437,961.0
2025-06-26 10:25:00,SATX,,2.9600000381469727,2.9600000381469727,2.9600000381469727,2.9600000381469727,700.0
2025-06-26 10:25:00,SEB,,2925.0,2928.0,2923.0,2928.0,93.0
2025-06-26 10:25:00,SENS,,0.49810001254081726,0.49810001254081726,0.49810001254081726,0.49810001254081726,216.0
2025-06-26 10:25:00,SLI,,1.8949999809265137,1.8960000276565552,1.8949999809265137,1.8949999809265137,988.0
2025-06-26 10:25:00,SVM,,4.139999866485596,4.149899959564209,4.139999866485596,4.144999980926514,12531.0
2025-06-26 10:25:00,TGB,,3.065000057220459,3.065000057220459,3.059999942779541,3.059999942779541,28740.0
2025-06-26 10:25:00,THM,,0.9110999703407288,0.9110999703407288,0.9110999703407288,0.9110999703407288,5000.0
2025-06-26 10:25:00,TMQ,,1.4700000286102295,1.4700000286102295,1.4700000286102295,1.4700000286102295,100.0
2025-06-26 10:25:00,TOVX,,0.4350999891757965,0.4399000108242035,0.4350999891757965,0.4399000108242035,2475.0
2025-06-26 10:25:00,TPET,,1.2430000305175781,1.2430000305175781,1.2430000305175781,1.2430000305175781,1765.0
2025-06-26 10:25:00,TRX,,0.335999995470047,0.335999995470047,0.335999995470047,0.335999995470047,250.0
2025-06-26 10:25:00,UAMY,,2.4549999237060547,2.4600000381469727,2.434999942779541,2.438999891281128,55271.0
2025-06-26 10:25:00,UAVS,,1.0807000398635864,1.0807000398635864,1.0807000398635864,1.0807000398635864,5001.0
2025-06-26 10:25:00,UEC,,6.880000114440918,6.885000228881836,6.869999885559082,6.869999885559082,33098.0
2025-06-26 10:25:00,URG,,1.0449999570846558,1.0499999523162842,1.0449999570846558,1.0449999570846558,996.0
2025-06-26 10:25:00,USAS,,0.805400013923645,0.8093000054359436,0.805400013923645,0.8093000054359436,4336.0
2025-06-26 10:25:00,UTG,,35.369998931884766,35.369998931884766,35.369998931884766,35.369998931884766,156.0
2025-06-26 10:25:00,UUUU,,5.856299877166748,5.860000133514404,5.840000152587891,5.840000152587891,10087.0
2025-06-26 10:25:00,VGZ,,1.0198999643325806,1.0198999643325806,1.0198999643325806,1.0198999643325806,1012.0
2025-06-26 10:25:00,VZLA,,2.9649999141693115,2.9697000980377197,2.9600000381469727,2.9600000381469727,20340.0
2025-06-26 10:25:00,XTNT,,0.6349999904632568,0.6349999904632568,0.6349999904632568,0.6349999904632568,100.0
2025-06-26 10:26:00,AIM,,9.149999618530273,9.149999618530273,9.149999618530273,9.149999618530273,212.0
2025-06-26 10:26:00,AMBO,,2.609999895095825,2.609999895095825,2.609999895095825,2.609999895095825,6773.0
2025-06-26 10:26:00,AREN,,5.670000076293945,5.724999904632568,5.670000076293945,5.670000076293945,353.0
2025-06-26 10:26:00,ARMN,,6.849999904632568,6.849999904632568,6.849999904632568,6.849999904632568,255.0
2025-06-26 10:26:00,ASM,,3.505000114440918,3.509999990463257,3.505000114440918,3.509999990463257,3995.0
2025-06-26 10:26:00,ATNM,,1.5299999713897705,1.5299999713897705,1.5299999713897705,1.5299999713897705,256.0
2025-06-26 10:26:00,BTG,,3.589900016784668,3.589900016784668,3.5834999084472656,3.5897998809814453,54176.0
2025-06-26 10:26:00,BURU,,0.3393999934196472,0.3407999873161316,0.3393999934196472,0.3400000035762787,16606.0
2025-06-26 10:26:00,CATX,,3.6700000762939453,3.674999952316284,3.6700000762939453,3.674999952316284,1747.0
2025-06-26 10:26:00,CCEL,,5.630000114440918,5.699999809265137,5.630000114440918,5.699999809265137,1762.0
2025-06-26 10:26:00,CEF,,30.26810073852539,30.26810073852539,30.260000228881836,30.260000228881836,720.0
2025-06-26 10:26:00,CIK,,2.9351999759674072,2.9351999759674072,2.9351999759674072,2.9351999759674072,1688.0
2025-06-26 10:26:00,CLDI,,0.20649999380111694,0.2102999985218048,0.20649999380111694,0.2102999985218048,17415.0
2025-06-26 10:26:00,COHN,,9.807900428771973,9.807900428771973,9.807900428771973,9.807900428771973,543.0
2025-06-26 10:26:00,CQP,,55.189998626708984,55.189998626708984,55.189998626708984,55.189998626708984,326.0
2025-06-26 10:26:00,CRF,,7.565000057220459,7.565000057220459,7.565000057220459,7.565000057220459,471.0
2025-06-26 10:26:00,CTM,,1.034999966621399,1.034999966621399,1.034999966621399,1.034999966621399,307.0
2025-06-26 10:26:00,CYBN,,8.458399772644043,8.458399772644043,8.458399772644043,8.458399772644043,340.0
2025-06-26 10:26:00,DHY,,2.1098999977111816,2.109999895095825,2.1050000190734863,2.1098999977111816,10744.0
2025-06-26 10:26:00,DNN,,1.7798999547958374,1.7799999713897705,1.7699999809265137,1.7798000574111938,322739.0
2025-06-26 10:26:00,EAD,,6.980000019073486,6.980000019073486,6.980000019073486,6.980000019073486,100.0
2025-06-26 10:26:00,EIM,,9.5556001663208,9.5556001663208,9.5556001663208,9.5556001663208,432.0
2025-06-26 10:26:00,ELA,,6.079999923706055,6.079999923706055,6.0,6.0,532.0
2025-06-26 10:26:00,ELMD,,21.834999084472656,21.834999084472656,21.780000686645508,21.780000686645508,1300.0
2025-06-26 10:26:00,EPM,,4.730000019073486,4.730000019073486,4.730000019073486,4.730000019073486,113.0
2025-06-26 10:26:00,EQX,,5.860000133514404,5.860000133514404,5.849999904632568,5.855000019073486,2591.0
2025-06-26 10:26:00,ESP,,44.497798919677734,44.497798919677734,43.959999084472656,43.959999084472656,2228.0
2025-06-26 10:26:00,FOXO,,0.2029000073671341,0.2029000073671341,0.2029000073671341,0.2029000073671341,364.0
2025-06-26 10:26:00,GAU,,1.284999966621399,1.284999966621399,1.284999966621399,1.284999966621399,169.0
2025-06-26 10:26:00,GGN,,4.349999904632568,4.355000019073486,4.349999904632568,4.355000019073486,800.0
2025-06-26 10:26:00,GLDG,,0.7421000003814697,0.7421000003814697,0.7421000003814697,0.7421000003814697,1500.0
2025-06-26 10:26:00,GLO,,5.339399814605713,5.339399814605713,5.339399814605713,5.339399814605713,304.0
2025-06-26 10:26:00,GNS,,0.7914999723434448,0.7957000136375427,0.7914999723434448,0.7957000136375427,16355.0
2025-06-26 10:26:00,GORO,,0.536899983882904,0.536899983882904,0.536899983882904,0.536899983882904,450.0
2025-06-26 10:26:00,GROY,,2.2950000762939453,2.299299955368042,2.2950000762939453,2.299299955368042,3514.0
2025-06-26 10:26:00,GSAT,,23.270000457763672,23.290000915527344,23.270000457763672,23.270000457763672,1156.0
2025-06-26 10:26:00,IBO,,0.8820000290870667,0.8833000063896179,0.8809999823570251,0.8816999793052673,10083.0
2025-06-26 10:26:00,IDR,,13.029999732971191,13.029999732971191,13.029999732971191,13.029999732971191,185.0
2025-06-26 10:26:00,IE,,9.515000343322754,9.524999618530273,9.510000228881836,9.520000457763672,1353.0
2025-06-26 10:26:00,IMO,,80.73500061035156,80.73500061035156,80.69000244140625,80.69000244140625,777.0
2025-06-26 10:26:00,INDO,,3.134999990463257,3.1530001163482666,3.109999895095825,3.1530001163482666,2665.0
2025-06-26 10:26:00,ITRG,,1.551200032234192,1.551200032234192,1.551200032234192,1.551200032234192,1000.0
2025-06-26 10:26:00,JOB,,0.1965000033378601,0.1965000033378601,0.1965000033378601,0.1965000033378601,785.0
2025-06-26 10:26:00,KNW,,1.9867000579833984,1.98989999294281,1.9500000476837158,1.9500000476837158,4764.0
2025-06-26 10:26:00,KULR,,5.159999847412109,5.170000076293945,5.15500020980835,5.15500020980835,15229.0
2025-06-26 10:26:00,LCTX,,1.0549999475479126,1.065000057220459,1.0549999475479126,1.065000057220459,9532.0
2025-06-26 10:26:00,LEU,,174.86500549316406,175.39999389648438,174.0800018310547,174.0800018310547,13166.0
2025-06-26 10:26:00,LMND,,42.650001525878906,42.650001525878906,42.52000045776367,42.564998626708984,6596.0
2025-06-26 10:26:00,LNG,,239.07000732421875,239.32000732421875,239.02999877929688,239.13999938964844,6987.0
2025-06-26 10:26:00,LODE,,3.6500000953674316,3.6500000953674316,3.6500000953674316,3.6500000953674316,190.0
2025-06-26 10:26:00,MAG,,21.25,21.25,21.229999542236328,21.25,1455.0
2025-06-26 10:26:00,MPTI,,40.68000030517578,40.68000030517578,40.68000030517578,40.68000030517578,151.0
2025-06-26 10:26:00,MRT,,2.7850000858306885,2.799999952316284,2.7850000858306885,2.799999952316284,864.0
2025-06-26 10:26:00,MTA,,3.8399999141693115,3.869999885559082,3.8399999141693115,3.869999885559082,521.0
2025-06-26 10:26:00,MYO,,2.2750000953674316,2.2750000953674316,2.2750000953674316,2.2750000953674316,233.0
2025-06-26 10:26:00,NAK,,1.5700000524520874,1.5800000429153442,1.5700000524520874,1.5750000476837158,11963.0
2025-06-26 10:26:00,NBH,,9.835000038146973,9.835000038146973,9.835000038146973,9.835000038146973,113.0
2025-06-26 10:26:00,NCL,,0.17820000648498535,0.1785999983549118,0.17820000648498535,0.17820000648498535,1346138.0
2025-06-26 10:26:00,NFGC,,1.4500000476837158,1.4550000429153442,1.4500000476837158,1.4550000429153442,9188.0
2025-06-26 10:26:00,NG,,3.9049999713897705,3.9100000858306885,3.9000000953674316,3.9049999713897705,9402.0
2025-06-26 10:26:00,NGD,,4.855000019073486,4.859899997711182,4.849999904632568,4.855000019073486,10188.0
2025-06-26 10:26:00,NHS,,7.480000019073486,7.480000019073486,7.480000019073486,7.480000019073486,387.0
2025-06-26 10:26:00,NNVC,,1.190000057220459,1.1955000162124634,1.190000057220459,1.1955000162124634,1574.0
2025-06-26 10:26:00,NRO,,3.188999891281128,3.188999891281128,3.188999891281128,3.188999891281128,790.0
2025-06-26 10:26:00,NTIP,,1.2100000381469727,1.2100000381469727,1.2100000381469727,1.2100000381469727,889.0
2025-06-26 10:26:00,OBE,,5.539999961853027,5.539999961853027,5.539999961853027,5.539999961853027,1014.0
2025-06-26 10:26:00,OPTT,,0.5123000144958496,0.5133000016212463,0.5117999911308289,0.5117999911308289,6868.0
2025-06-26 10:26:00,ORLA,,9.970000267028809,9.970000267028809,9.960000038146973,9.960000038146973,672.0
2025-06-26 10:26:00,OSTX,,1.7999999523162842,1.7999999523162842,1.7999999523162842,1.7999999523162842,13607.0
2025-06-26 10:26:00,PED,,0.6690000295639038,0.6690000295639038,0.6690000295639038,0.6690000295639038,162.0
2025-06-26 10:26:00,PLG,,1.590000033378601,1.600000023841858,1.5800000429153442,1.5850000381469727,29030.0
2025-06-26 10:26:00,PLMR,,149.7100067138672,149.7100067138672,149.7100067138672,149.7100067138672,846.0
2025-06-26 10:26:00,PLX,,1.455199956893921,1.455199956893921,1.455199956893921,1.455199956893921,500.0
2025-06-26 10:26:00,REI,,0.7763000130653381,0.776390016078949,0.7760999798774719,0.7760999798774719,6075.0
2025-06-26 10:26:00,SATX,,2.9649999141693115,2.9649999141693115,2.9600000381469727,2.9600000381469727,3790.0
2025-06-26 10:26:00,SEB,,2929.800048828125,2929.800048828125,2918.06005859375,2918.06005859375,32.0
2025-06-26 10:26:00,SENS,,0.498199999332428,0.498199999332428,0.49810001254081726,0.49810001254081726,30244.0
2025-06-26 10:26:00,SLI,,1.8899999856948853,1.8899999856948853,1.8899999856948853,1.8899999856948853,521.0
2025-06-26 10:26:00,SOAR,,1.4600000381469727,1.4600000381469727,1.4600000381469727,1.4600000381469727,1009.0
2025-06-26 10:26:00,STXS,,2.1984000205993652,2.1984000205993652,2.1984000205993652,2.1984000205993652,219.0
2025-06-26 10:26:00,SVM,,4.144999980926514,4.148799896240234,4.140200138092041,4.144999980926514,5526.0
2025-06-26 10:26:00,TGB,,3.059999942779541,3.065000057220459,3.059999942779541,3.065000057220459,3344.0
2025-06-26 10:26:00,TOVX,,0.43700000643730164,0.43700000643730164,0.43700000643730164,0.43700000643730164,627.0
2025-06-26 10:26:00,UAMY,,2.4649999141693115,2.469899892807007,2.4600000381469727,2.4600000381469727,13974.0
2025-06-26 10:26:00,UAVS,,1.0850000381469727,1.0865999460220337,1.0750000476837158,1.0850000381469727,81243.0
2025-06-26 10:26:00,UEC,,6.872700214385986,6.880000114440918,6.869999885559082,6.875,8211.0
2025-06-26 10:26:00,URG,,1.0499999523162842,1.0499999523162842,1.0449999570846558,1.0499999523162842,722.0
2025-06-26 10:26:00,USAS,,0.8001000285148621,0.8050000071525574,0.8001000285148621,0.8050000071525574,29223.0
2025-06-26 10:26:00,UTG,,35.29010009765625,35.369998931884766,35.29010009765625,35.369998931884766,515.0
2025-06-26 10:26:00,UUUU,,5.864999771118164,5.869999885559082,5.860000133514404,5.860000133514404,12102.0
2025-06-26 10:26:00,VTAK,,0.2515999972820282,0.2515999972820282,0.2515999972820282,0.2515999972820282,241.0
2025-06-26 10:26:00,VZLA,,2.9700000286102295,2.9700000286102295,2.9649999141693115,2.9649999141693115,1660.0
2025-06-26 10:26:00,WWR,,0.5835999846458435,0.5838000178337097,0.5835999846458435,0.5838000178337097,1714.0
2025-06-26 10:27:00,AREN,,5.739999771118164,5.739999771118164,5.739999771118164,5.739999771118164,110.0
2025-06-26 10:27:00,ARMN,,6.829999923706055,6.840000152587891,6.829999923706055,6.840000152587891,3779.0
2025-06-26 10:27:00,ASM,,3.505000114440918,3.505000114440918,3.505000114440918,3.505000114440918,439.0
2025-06-26 10:27:00,BATL,,1.4800000190734863,1.4900000095367432,1.4800000190734863,1.4838999509811401,1354.0
2025-06-26 10:27:00,BRBS,,3.2750000953674316,3.2799999713897705,3.2699999809265137,3.2799999713897705,2408.0
2025-06-26 10:27:00,BTG,,3.5850000381469727,3.589900016784668,3.5799999237060547,3.5896999835968018,38489.0
2025-06-26 10:27:00,BURU,,0.3400999903678894,0.3400999903678894,0.3393000066280365,0.3393000066280365,2840.0
2025-06-26 10:27:00,CATX,,3.6700000762939453,3.6700000762939453,3.6600000858306885,3.6700000762939453,1263.0
2025-06-26 10:27:00,CBOE,,228.38999938964844,228.38999938964844,228.38999938964844,228.38999938964844,231.0
2025-06-26 10:27:00,CCEL,,5.630000114440918,5.630000114440918,5.630000114440918,5.630000114440918,617.0
2025-06-26 10:27:00,CET,,47.25,47.25,47.25,47.25,307.0
2025-06-26 10:27:00,CLDI,,0.20520000159740448,0.20810000598430634,0.20499999821186066,0.20800000429153442,10303.0
2025-06-26 10:27:00,CLM,,7.945000171661377,7.945000171661377,7.940000057220459,7.940000057220459,404.0
2025-06-26 10:27:00,COE,,32.970001220703125,32.970001220703125,32.970001220703125,32.970001220703125,100.0
2025-06-26 10:27:00,CQP,,55.189998626708984,55.189998626708984,55.189998626708984,55.189998626708984,326.0
2025-06-26 10:27:00,CTM,,1.034999966621399,1.034999966621399,1.0303000211715698,1.0311000347137451,2088.0
2025-06-26 10:27:00,DHY,,2.109999895095825,2.109999895095825,2.1050000190734863,2.1098999977111816,8520.0
2025-06-26 10:27:00,DNN,,1.7899999618530273,1.7899999618530273,1.7699999809265137,1.7798999547958374,1625223.0
2025-06-26 10:27:00,EAD,,6.973499774932861,6.973499774932861,6.973499774932861,6.973499774932861,453.0
2025-06-26 10:27:00,EQX,,5.850200176239014,5.855000019073486,5.849999904632568,5.855000019073486,6725.0
2025-06-26 10:27:00,ERC,,9.369999885559082,9.369999885559082,9.369999885559082,9.369999885559082,210.0
2025-06-26 10:27:00,FOXO,,0.20100000500679016,0.2029000073671341,0.20100000500679016,0.20239999890327454,11800.0
2025-06-26 10:27:00,FTF,,6.389999866485596,6.389999866485596,6.389999866485596,6.389999866485596,200.0
2025-06-26 10:27:00,GAU,,1.2799999713897705,1.284999966621399,1.2799999713897705,1.2799999713897705,581.0
2025-06-26 10:27:00,GGN,,4.349999904632568,4.349999904632568,4.349999904632568,4.349999904632568,200.0
2025-06-26 10:27:00,GLDG,,0.7421000003814697,0.7436000108718872,0.7421000003814697,0.7436000108718872,200.0
2025-06-26 10:27:00,GNS,,0.7868009805679321,0.7936000227928162,0.7868009805679321,0.7914000153541565,25250.0
2025-06-26 10:27:00,GORO,,0.5375999808311462,0.5375999808311462,0.5375999808311462,0.5375999808311462,6002.0
2025-06-26 10:27:00,GROY,,2.2950000762939453,2.2950000762939453,2.2950000762939453,2.2950000762939453,1103.0
2025-06-26 10:27:00,GSAT,,23.274999618530273,23.274999618530273,23.274999618530273,23.274999618530273,579.0
2025-06-26 10:27:00,GTE,,5.039999961853027,5.039999961853027,5.039999961853027,5.039999961853027,330.0
2025-06-26 10:27:00,HUSA,,13.264599800109863,13.319999694824219,13.199999809265137,13.199999809265137,929.0
2025-06-26 10:27:00,IBO,,0.8820000290870667,0.8831999897956848,0.8820000290870667,0.8820000290870667,2606.0
2025-06-26 10:27:00,IE,,9.630000114440918,9.630000114440918,9.515000343322754,9.515000343322754,18899.0
2025-06-26 10:27:00,IGC,,0.30880099534988403,0.30880099534988403,0.30880099534988403,0.30880099534988403,264.0
2025-06-26 10:27:00,IMO,,80.73999786376953,80.7750015258789,80.73999786376953,80.76499938964844,578.0
2025-06-26 10:27:00,INDO,,3.163800001144409,3.163800001144409,3.115000009536743,3.115000009536743,9016.0
2025-06-26 10:27:00,ITP,,0.1886499971151352,0.1886499971151352,0.1886499971151352,0.1886499971151352,1000.0
2025-06-26 10:27:00,ITRG,,1.5511000156402588,1.5511000156402588,1.5511000156402588,1.5511000156402588,110.0
2025-06-26 10:27:00,KNW,,1.9900000095367432,1.9900000095367432,1.9900000095367432,1.9900000095367432,188.0
2025-06-26 10:27:00,KULR,,5.169300079345703,5.170000076293945,5.150000095367432,5.159999847412109,25672.0
2025-06-26 10:27:00,LCTX,,1.059999942779541,1.059999942779541,1.0500999689102173,1.0549999475479126,12299.0
2025-06-26 10:27:00,LEU,,175.63999938964844,175.63999938964844,174.7899932861328,174.8800048828125,7302.0
2025-06-26 10:27:00,LMND,,42.58000183105469,42.68000030517578,42.5099983215332,42.630001068115234,4312.0
2025-06-26 10:27:00,LNG,,239.34300231933594,239.34300231933594,239.0399932861328,239.0749969482422,1980.0
2025-06-26 10:27:00,LODE,,3.6600000858306885,3.690000057220459,3.6600000858306885,3.6700000762939453,8556.0
2025-06-26 10:27:00,LSF,,6.260000228881836,6.260000228881836,6.260000228881836,6.260000228881836,105.0
2025-06-26 10:27:00,MAG,,21.2450008392334,21.2450008392334,21.2450008392334,21.2450008392334,308.0
2025-06-26 10:27:00,MPTI,,40.27239990234375,40.27239990234375,40.27239990234375,40.27239990234375,216.0
2025-06-26 10:27:00,MTA,,3.8399999141693115,3.8399999141693115,3.8399999141693115,3.8399999141693115,636.0
2025-06-26 10:27:00,MYO,,2.2750000953674316,2.2750000953674316,2.2750000953674316,2.2750000953674316,418.0
2025-06-26 10:27:00,NAK,,1.5700000524520874,1.5800000429153442,1.5700000524520874,1.5700000524520874,12155.0
2025-06-26 10:27:00,NCL,,0.17820000648498535,0.17820000648498535,0.17820000648498535,0.17820000648498535,103.0
2025-06-26 10:27:00,NFGC,,1.4550000429153442,1.4550000429153442,1.4550000429153442,1.4550000429153442,303.0
2025-06-26 10:27:00,NG,,3.9000000953674316,3.9049999713897705,3.9000000953674316,3.9007999897003174,2786.0
2025-06-26 10:27:00,NGD,,4.855000019073486,4.860000133514404,4.849999904632568,4.855000019073486,35611.0
2025-06-26 10:27:00,NHC,,108.61000061035156,108.61000061035156,108.61000061035156,108.61000061035156,269.0
2025-06-26 10:27:00,NHS,,7.480000019073486,7.480000019073486,7.480000019073486,7.480000019073486,101.0
2025-06-26 10:27:00,NNVC,,1.2029000520706177,1.2029000520706177,1.1833000183105469,1.190000057220459,1932.0
2025-06-26 10:27:00,NRO,,3.184999942779541,3.184999942779541,3.184999942779541,3.184999942779541,5601.0
2025-06-26 10:27:00,OBE,,5.545000076293945,5.545000076293945,5.539999961853027,5.539999961853027,701.0
2025-06-26 10:27:00,OPTT,,0.5121999979019165,0.5126000046730042,0.5121999979019165,0.5126000046730042,1133.0
2025-06-26 10:27:00,ORLA,,9.960000038146973,9.960000038146973,9.960000038146973,9.960000038146973,145.0
2025-06-26 10:27:00,PLG,,1.590000033378601,1.5990999937057495,1.590000033378601,1.5966999530792236,1450.0
2025-06-26 10:27:00,PLMR,,150.0,150.0,149.52499389648438,149.52499389648438,943.0
2025-06-26 10:27:00,PLX,,1.4550000429153442,1.4599000215530396,1.4550000429153442,1.4550000429153442,2318.0
2025-06-26 10:27:00,PZG,,0.6100000143051147,0.6100999712944031,0.6100000143051147,0.6100000143051147,10500.0
2025-06-26 10:27:00,REI,,0.7763000130653381,0.7763000130653381,0.7763000130653381,0.7763000130653381,182.0
2025-06-26 10:27:00,SEB,,2929.800048828125,2929.800048828125,2918.60009765625,2920.300048828125,7.0
2025-06-26 10:27:00,SENS,,0.49939998984336853,0.5,0.4981499910354614,0.498199999332428,75684.0
2025-06-26 10:27:00,SLI,,1.8949999809265137,1.8990000486373901,1.8899999856948853,1.8949999809265137,5354.0
2025-06-26 10:27:00,SLND,,3.799999952316284,3.799999952316284,3.799999952316284,3.799999952316284,173.0
2025-06-26 10:27:00,SVM,,4.144999980926514,4.149899959564209,4.144999980926514,4.149899959564209,2842.0
2025-06-26 10:27:00,TGB,,3.059999942779541,3.065200090408325,3.059999942779541,3.0601999759674072,26454.0
2025-06-26 10:27:00,TOON,,0.7379999756813049,0.7379999756813049,0.7379999756813049,0.7379999756813049,209.0
2025-06-26 10:27:00,TPET,,1.2400000095367432,1.243299961090088,1.2400000095367432,1.243299961090088,326.0
2025-06-26 10:27:00,TRX,,0.3391999900341034,0.3391999900341034,0.3391999900341034,0.3391999900341034,213.0
2025-06-26 10:27:00,UAMY,,2.4649999141693115,2.4651999473571777,2.4649999141693115,2.4649999141693115,2475.0
2025-06-26 10:27:00,UAVS,,1.0850000381469727,1.0850000381469727,1.0800000429153442,1.0850000381469727,6781.0
2025-06-26 10:27:00,UEC,,6.880000114440918,6.894999980926514,6.869999885559082,6.875,38621.0
2025-06-26 10:27:00,URG,,1.0449999570846558,1.0449999570846558,1.0399999618530273,1.0449999570846558,1131.0
2025-06-26 10:27:00,USAS,,0.8025000095367432,0.8050000071525574,0.8025000095367432,0.8050000071525574,543.0
2025-06-26 10:27:00,UTG,,35.369998931884766,35.369998931884766,35.369998931884766,35.369998931884766,1249.0
2025-06-26 10:27:00,UUUU,,5.869999885559082,5.880000114440918,5.864999771118164,5.864999771118164,39242.0
2025-06-26 10:27:00,VKI,,8.180000305175781,8.180000305175781,8.180000305175781,8.180000305175781,100.0
2025-06-26 10:27:00,VZLA,,2.978800058364868,2.978800058364868,2.9700000286102295,2.9700000286102295,21719.0
2025-06-26 10:27:00,WRN,,1.2491999864578247,1.2491999864578247,1.2491999864578247,1.2491999864578247,0.0
2025-06-26 10:27:00,WWR,,0.5914999842643738,0.59170001745224,0.5910000205039978,0.5910000205039978,3096.0
2025-06-26 10:27:00,WYY,,3.430999994277954,3.430999994277954,3.430999994277954,3.430999994277954,400.0
2025-06-26 10:27:00,XTNT,,0.6349999904632568,0.6349999904632568,0.6349999904632568,0.6349999904632568,196.0
2025-06-26 10:28:00,AEON,,0.7601010203361511,0.7669000029563904,0.7601010203361511,0.7669000029563904,2739.0
2025-06-26 10:28:00,ARMN,,6.835000038146973,6.840000152587891,6.835000038146973,6.835000038146973,1983.0
2025-06-26 10:28:00,ASM,,3.505000114440918,3.5088000297546387,3.5,3.5,3218.0
2025-06-26 10:28:00,ATNM,,1.534999966621399,1.534999966621399,1.534999966621399,1.534999966621399,200.0
2025-06-26 10:28:00,AWX,,2.4800000190734863,2.4800000190734863,2.4800000190734863,2.4800000190734863,599.0
2025-06-26 10:28:00,BKTI,,53.400001525878906,53.400001525878906,53.400001525878906,53.400001525878906,291.0
2025-06-26 10:28:00,BRBS,,3.2750000953674316,3.2750000953674316,3.2750000953674316,3.2750000953674316,106.0
2025-06-26 10:28:00,BTG,,3.575000047683716,3.5899999141693115,3.5701000690460205,3.5850000381469727,186690.0
2025-06-26 10:28:00,BURU,,0.3407000005245209,0.3409000039100647,0.3395009934902191,0.3395009934902191,1345.0
2025-06-26 10:28:00,CATX,,3.690000057220459,3.700000047683716,3.680000066757202,3.680000066757202,5061.0
2025-06-26 10:28:00,CBOE,,228.7449951171875,228.82000732421875,228.7449951171875,228.77000427246094,2466.0
2025-06-26 10:28:00,CCEL,,5.4770002365112305,5.4770002365112305,5.4770002365112305,5.4770002365112305,221.0
2025-06-26 10:28:00,CET,,47.2400016784668,47.25,47.2400016784668,47.25,593.0
2025-06-26 10:28:00,CLDI,,0.20520000159740448,0.20800000429153442,0.20520000159740448,0.20659999549388885,5216.0
2025-06-26 10:28:00,CLM,,7.945000171661377,7.948200225830078,7.940000057220459,7.945000171661377,5132.0
2025-06-26 10:28:00,COE,,32.9900016784668,32.9900016784668,32.9900016784668,32.9900016784668,236.0
2025-06-26 10:28:00,CPHI,,1.750100016593933,1.750100016593933,1.750100016593933,1.750100016593933,1212.0
2025-06-26 10:28:00,CQP,,55.189998626708984,55.189998626708984,55.189998626708984,55.189998626708984,299.0
2025-06-26 10:28:00,CRF,,7.565000057220459,7.565000057220459,7.563499927520752,7.563499927520752,497.0
2025-06-26 10:28:00,CTM,,1.0311000347137451,1.0367000102996826,1.0311000347137451,1.0367000102996826,1591.0
2025-06-26 10:28:00,DHY,,2.1050000190734863,2.1098999977111816,2.1050000190734863,2.1098999977111816,7004.0
2025-06-26 10:28:00,DNN,,1.7899999618530273,1.7899999618530273,1.784999966621399,1.784999966621399,33809.0
2025-06-26 10:28:00,EMX,,2.5250000953674316,2.5299999713897705,2.5250000953674316,2.5250000953674316,300.0
2025-06-26 10:28:00,EPM,,4.730000019073486,4.730000019073486,4.730000019073486,4.730000019073486,553.0
2025-06-26 10:28:00,EQX,,5.855000019073486,5.855000019073486,5.849999904632568,5.850399971008301,19457.0
2025-06-26 10:28:00,FLAG,,26.290000915527344,26.290000915527344,26.290000915527344,26.290000915527344,0.0
2025-06-26 10:28:00,FOXO,,0.2029000073671341,0.2029000073671341,0.20280000567436218,0.20288999378681183,7575.0
2025-06-26 10:28:00,FTF,,6.394999980926514,6.394999980926514,6.394999980926514,6.394999980926514,215.0
2025-06-26 10:28:00,GAU,,1.284999966621399,1.284999966621399,1.284999966621399,1.284999966621399,312.0
2025-06-26 10:28:00,GGN,,4.355000019073486,4.355000019073486,4.355000019073486,4.355000019073486,701.0
2025-06-26 10:28:00,GNS,,0.7799999713897705,0.7897359728813171,0.7735999822616577,0.7868000268936157,80618.0
2025-06-26 10:28:00,GORO,,0.5353000164031982,0.5353000164031982,0.5353000164031982,0.5353000164031982,200.0
2025-06-26 10:28:00,GROY,,2.2950000762939453,2.2994000911712646,2.2899999618530273,2.2899999618530273,9201.0
2025-06-26 10:28:00,HUSA,,13.289999961853027,13.289999961853027,13.255000114440918,13.255000114440918,1072.0
2025-06-26 10:28:00,IBO,,0.8973000049591064,0.8973000049591064,0.8855999708175659,0.8895000219345093,2609.0
2025-06-26 10:28:00,IDR,,13.039999961853027,13.039999961853027,13.029999732971191,13.029999732971191,632.0
2025-06-26 10:28:00,IE,,9.670000076293945,9.670000076293945,9.609999656677246,9.609999656677246,8252.0
2025-06-26 10:28:00,INDO,,3.130000114440918,3.1700000762939453,3.130000114440918,3.1700000762939453,7491.0
2025-06-26 10:28:00,INUV,,3.950000047683716,3.950000047683716,3.950000047683716,3.950000047683716,350.0
2025-06-26 10:28:00,ITP,,0.1881999969482422,0.1881999969482422,0.1881999969482422,0.1881999969482422,264.0
2025-06-26 10:28:00,ITRG,,1.5499999523162842,1.5499999523162842,1.5499999523162842,1.5499999523162842,160.0
2025-06-26 10:28:00,KNW,,1.9800000190734863,1.9800000190734863,1.9500000476837158,1.9500000476837158,2110.0
2025-06-26 10:28:00,KULR,,5.175000190734863,5.175000190734863,5.164999961853027,5.164999961853027,8966.0
2025-06-26 10:28:00,LCTX,,1.059999942779541,1.059999942779541,1.0549999475479126,1.0549999475479126,722.0
2025-06-26 10:28:00,LEU,,175.2949981689453,176.0,175.0,175.5,16399.0
2025-06-26 10:28:00,LGL,,6.979300022125244,6.979300022125244,6.979300022125244,6.979300022125244,106.0
2025-06-26 10:28:00,LMND,,42.63999938964844,42.63999938964844,42.54999923706055,42.54999923706055,809.0
2025-06-26 10:28:00,LNG,,239.0800018310547,239.0800018310547,239.0749969482422,239.0749969482422,1351.0
2025-06-26 10:28:00,MAG,,21.209999084472656,21.219999313354492,21.204999923706055,21.219999313354492,1971.0
2025-06-26 10:28:00,MRT,,2.7862000465393066,2.799999952316284,2.7862000465393066,2.799999952316284,2255.0
2025-06-26 10:28:00,MTA,,3.819999933242798,3.8399999141693115,3.809999942779541,3.8299999237060547,2565.0
2025-06-26 10:28:00,NAK,,1.5700000524520874,1.5800000429153442,1.5700000524520874,1.5785000324249268,27096.0
2025-06-26 10:28:00,NCL,,0.17749999463558197,0.17800000309944153,0.17749999463558197,0.17790000140666962,4348.0
2025-06-26 10:28:00,NFGC,,1.4598000049591064,1.4598000049591064,1.4500000476837158,1.4550000429153442,6200.0
2025-06-26 10:28:00,NG,,3.875,3.900899887084961,3.875,3.9000000953674316,12590.0
2025-06-26 10:28:00,NGD,,4.84499979019165,4.855000019073486,4.840000152587891,4.855000019073486,68842.0
2025-06-26 10:28:00,NHS,,7.5,7.5,7.480000019073486,7.489999771118164,5818.0
2025-06-26 10:28:00,NNVC,,1.190000057220459,1.2066999673843384,1.190000057220459,1.2066999673843384,700.0
2025-06-26 10:28:00,OPTT,,0.512499988079071,0.512499988079071,0.512499988079071,0.512499988079071,221.0
2025-06-26 10:28:00,ORLA,,9.949999809265137,9.961099624633789,9.9399995803833,9.961099624633789,9590.0
2025-06-26 10:28:00,PLAG,,0.8547999858856201,0.8547999858856201,0.8547999858856201,0.8547999858856201,155.0
2025-06-26 10:28:00,PLG,,1.5990999937057495,1.5990999937057495,1.5990999937057495,1.5990999937057495,1000.0
2025-06-26 10:28:00,PLMR,,150.02000427246094,150.02000427246094,149.98500061035156,150.0,1182.0
2025-06-26 10:28:00,PLX,,1.4500000476837158,1.4550000429153442,1.4500000476837158,1.4550000429153442,795.0
2025-06-26 10:28:00,REI,,0.7763000130653381,0.7763000130653381,0.7763000130653381,0.7763000130653381,400.0
2025-06-26 10:28:00,SATX,,2.9600000381469727,2.9600000381469727,2.9600000381469727,2.9600000381469727,382.0
2025-06-26 10:28:00,SEB,,2943.94873046875,2943.94873046875,2935.080078125,2935.080078125,3.0
2025-06-26 10:28:00,SENS,,0.499889999628067,0.4999000132083893,0.4996500015258789,0.4996500015258789,74337.0
2025-06-26 10:28:00,SGN,,1.0149999856948853,1.0149999856948853,1.01010000705719,1.0149999856948853,4400.0
2025-06-26 10:28:00,SKYH,,9.640000343322754,9.640000343322754,9.640000343322754,9.640000343322754,249.0
2025-06-26 10:28:00,SLI,,1.9049999713897705,1.9049999713897705,1.8949999809265137,1.8949999809265137,14627.0
2025-06-26 10:28:00,STXS,,2.194999933242798,2.194999933242798,2.194999933242798,2.194999933242798,202.0
2025-06-26 10:28:00,SVM,,4.144999980926514,4.144999980926514,4.139999866485596,4.144999980926514,5240.0
2025-06-26 10:28:00,TGB,,3.065000057220459,3.0699000358581543,3.059999942779541,3.065000057220459,25402.0
2025-06-26 10:28:00,TMQ,,1.4765000343322754,1.4765000343322754,1.4765000343322754,1.4765000343322754,108.0
2025-06-26 10:28:00,UAMY,,2.4649999141693115,2.4688000679016113,2.4649999141693115,2.4688000679016113,2534.0
2025-06-26 10:28:00,UAVS,,1.090000033378601,1.090000033378601,1.080899953842163,1.0810999870300293,2394.0
2025-06-26 10:28:00,UEC,,6.88640022277832,6.889999866485596,6.880000114440918,6.889999866485596,23050.0
2025-06-26 10:28:00,URG,,1.0449999570846558,1.0499999523162842,1.0449999570846558,1.0449999570846558,4547.0
2025-06-26 10:28:00,USAS,,0.8001000285148621,0.8001000285148621,0.8001000285148621,0.8001000285148621,1429.0
2025-06-26 10:28:00,UUU,,3.0653998851776123,3.0653998851776123,3.0653998851776123,3.0653998851776123,136.0
2025-06-26 10:28:00,UUUU,,5.875,5.880000114440918,5.869999885559082,5.880000114440918,16398.0
2025-06-26 10:28:00,VKI,,8.180000305175781,8.180000305175781,8.180000305175781,8.180000305175781,460.0
2025-06-26 10:28:00,VTAK,,0.251800000667572,0.251800000667572,0.2517000138759613,0.2517000138759613,4299.0
2025-06-26 10:28:00,VZLA,,2.978300094604492,2.9798998832702637,2.9700000286102295,2.9749999046325684,3616.0
2025-06-26 10:28:00,WWR,,0.5899999737739563,0.5899999737739563,0.5899999737739563,0.5899999737739563,2443.0
2025-06-26 10:28:00,ZDGE,,4.150000095367432,4.150000095367432,4.150000095367432,4.150000095367432,194.0
2025-06-26 10:29:00,ARMN,,6.835000038146973,6.835000038146973,6.835000038146973,6.835000038146973,642.0
2025-06-26 10:29:00,ARMP,,1.9205000400543213,1.9205000400543213,1.9205000400543213,1.9205000400543213,452.0
2025-06-26 10:29:00,ASM,,3.505000114440918,3.5051000118255615,3.505000114440918,3.505000114440918,823.0
2025-06-26 10:29:00,ATNM,,1.5449999570846558,1.5499999523162842,1.534999966621399,1.534999966621399,2841.0
2025-06-26 10:29:00,AZTR,,0.25290000438690186,0.25290000438690186,0.25290000438690186,0.25290000438690186,1167.0
2025-06-26 10:29:00,BATL,,1.4815000295639038,1.4815000295639038,1.4815000295639038,1.4815000295639038,592.0
2025-06-26 10:29:00,BRBS,,3.2750000953674316,3.2799999713897705,3.2750000953674316,3.2799999713897705,305.0
2025-06-26 10:29:00,BTG,,3.5794999599456787,3.5799999237060547,3.575000047683716,3.575000047683716,9892.0
2025-06-26 10:29:00,BURU,,0.3425000011920929,0.3425000011920929,0.3395000100135803,0.3403500020503998,18531.0
2025-06-26 10:29:00,CATX,,3.690000057220459,3.690000057220459,3.690000057220459,3.690000057220459,222.0
2025-06-26 10:29:00,CBOE,,228.25,228.77499389648438,228.25,228.77499389648438,5110.0
2025-06-26 10:29:00,CEF,,30.25,30.2549991607666,30.25,30.2549991607666,719.0
2025-06-26 10:29:00,CIK,,2.934999942779541,2.934999942779541,2.934999942779541,2.934999942779541,939.0
2025-06-26 10:29:00,COE,,32.9900016784668,32.9900016784668,32.9900016784668,32.9900016784668,1219.0
2025-06-26 10:29:00,CQP,,55.189998626708984,55.189998626708984,55.189998626708984,55.189998626708984,563.0
2025-06-26 10:29:00,CTM,,1.0300999879837036,1.030900001525879,1.0299999713897705,1.030900001525879,21103.0
2025-06-26 10:29:00,CVM,,2.4507999420166016,2.4507999420166016,2.450000047683716,2.450000047683716,410.0
2025-06-26 10:29:00,CYBN,,8.380000114440918,8.380000114440918,8.380000114440918,8.380000114440918,101.0
2025-06-26 10:29:00,DC,,3.7799999713897705,3.7799999713897705,3.7799999713897705,3.7799999713897705,323.0
2025-06-26 10:29:00,DHY,,2.1050000190734863,2.1098999977111816,2.1050000190734863,2.1098999977111816,4009.0
2025-06-26 10:29:00,DNN,,1.7867000102996826,1.7899999618530273,1.7799999713897705,1.7899999618530273,1299809.0
2025-06-26 10:29:00,EMX,,2.5299999713897705,2.5299999713897705,2.5250000953674316,2.5250000953674316,575.0
2025-06-26 10:29:00,EQX,,5.860000133514404,5.860000133514404,5.849999904632568,5.855000019073486,2592.0
2025-06-26 10:29:00,FOXO,,0.20270000398159027,0.20270000398159027,0.20270000398159027,0.20270000398159027,715.0
2025-06-26 10:29:00,FSP,,1.684999942779541,1.684999942779541,1.684999942779541,1.684999942779541,130.0
2025-06-26 10:29:00,GLDG,,0.7450000047683716,0.7450000047683716,0.7436000108718872,0.7436000108718872,2507.0
2025-06-26 10:29:00,GNS,,0.7872999906539917,0.7910000085830688,0.7738000154495239,0.7781000137329102,57558.0
2025-06-26 10:29:00,GROY,,2.2899999618530273,2.2950000762939453,2.2899999618530273,2.2950000762939453,320.0
2025-06-26 10:29:00,GTE,,5.03000020980835,5.03000020980835,5.03000020980835,5.03000020980835,861.0
2025-06-26 10:29:00,HUSA,,13.029999732971191,13.149999618530273,13.010000228881836,13.149999618530273,5040.0
2025-06-26 10:29:00,IBO,,0.891700029373169,0.8971999883651733,0.891700029373169,0.8971999883651733,5502.0
2025-06-26 10:29:00,IDR,,13.020000457763672,13.039999961853027,13.010000228881836,13.029999732971191,3503.0
2025-06-26 10:29:00,IE,,9.789999961853027,9.789999961853027,9.670000076293945,9.670000076293945,69862.0
2025-06-26 10:29:00,IGC,,0.3075999915599823,0.3075999915599823,0.3075999915599823,0.3075999915599823,1817.0
2025-06-26 10:29:00,IMO,,80.76000213623047,80.79000091552734,80.76000213623047,80.76000213623047,415.0
2025-06-26 10:29:00,INDO,,3.130000114440918,3.1500000953674316,3.130000114440918,3.130000114440918,8443.0
2025-06-26 10:29:00,INFU,,6.409999847412109,6.420000076293945,6.389999866485596,6.389999866485596,3377.0
2025-06-26 10:29:00,ITP,,0.18870000541210175,0.18870000541210175,0.18870000541210175,0.18870000541210175,100.0
2025-06-26 10:29:00,ITRG,,1.5549999475479126,1.5549999475479126,1.5549999475479126,1.5549999475479126,1306.0
2025-06-26 10:29:00,KNW,,1.9199999570846558,1.9793000221252441,1.9199999570846558,1.965000033378601,17352.0
2025-06-26 10:29:00,KULR,,5.159999847412109,5.179999828338623,5.15500020980835,5.170000076293945,18059.0
2025-06-26 10:29:00,LCTX,,1.059999942779541,1.059999942779541,1.0549999475479126,1.0549999475479126,7120.0
2025-06-26 10:29:00,LEU,,175.52999877929688,175.80740356445312,174.74000549316406,174.97999572753906,7328.0
2025-06-26 10:29:00,LGL,,7.25,7.25,7.25,7.25,193.0
2025-06-26 10:29:00,LMND,,42.672000885009766,42.70500183105469,42.63999938964844,42.63999938964844,9281.0
2025-06-26 10:29:00,LNG,,239.0850067138672,239.0850067138672,239.0850067138672,239.0850067138672,595.0
2025-06-26 10:29:00,LODE,,3.69350004196167,3.69350004196167,3.69350004196167,3.69350004196167,259.0
2025-06-26 10:29:00,MAG,,21.219999313354492,21.219999313354492,21.209999084472656,21.209999084472656,796.0
2025-06-26 10:29:00,MITQ,,0.6807000041007996,0.6807000041007996,0.6807000041007996,0.6807000041007996,351.0
2025-06-26 10:29:00,MPTI,,40.779998779296875,40.779998779296875,40.629398345947266,40.629398345947266,519.0
2025-06-26 10:29:00,MRT,,2.7772998809814453,2.7772998809814453,2.7772998809814453,2.7772998809814453,852.0
2025-06-26 10:29:00,MTNB,,0.9391000270843506,0.9391000270843506,0.9391000270843506,0.9391000270843506,2000.0
2025-06-26 10:29:00,MYND,,0.8919000029563904,0.8919000029563904,0.8919000029563904,0.8919000029563904,0.0
2025-06-26 10:29:00,MYO,,2.2799999713897705,2.2799999713897705,2.2750000953674316,2.2750000953674316,508.0
2025-06-26 10:29:00,NAK,,1.5750000476837158,1.5800000429153442,1.5700000524520874,1.5750000476837158,36529.0
2025-06-26 10:29:00,NCL,,0.17550000548362732,0.1776999980211258,0.17550000548362732,0.17710000276565552,45385.0
2025-06-26 10:29:00,NFGC,,1.4550000429153442,1.4550000429153442,1.4500000476837158,1.4550000429153442,338.0
2025-06-26 10:29:00,NG,,3.875,3.880000114440918,3.869999885559082,3.880000114440918,32124.0
2025-06-26 10:29:00,NGD,,4.84499979019165,4.849999904632568,4.840000152587891,4.840000152587891,69164.0
2025-06-26 10:29:00,NHC,,108.54000091552734,108.54000091552734,108.54000091552734,108.54000091552734,211.0
2025-06-26 10:29:00,NNVC,,1.2000000476837158,1.2000000476837158,1.2000000476837158,1.2000000476837158,501.0
2025-06-26 10:29:00,OPTT,,0.5114499926567078,0.5123000144958496,0.5109000205993652,0.5123000144958496,5777.0
2025-06-26 10:29:00,ORLA,,9.949999809265137,9.960000038146973,9.949999809265137,9.960000038146973,860.0
2025-06-26 10:29:00,PLG,,1.590000033378601,1.5950000286102295,1.590000033378601,1.5950000286102295,5325.0
2025-06-26 10:29:00,PLMR,,150.17010498046875,150.17010498046875,150.17010498046875,150.17010498046875,471.0
2025-06-26 10:29:00,PLX,,1.4550000429153442,1.4550000429153442,1.4550000429153442,1.4550000429153442,908.0
2025-06-26 10:29:00,REI,,0.7772499918937683,0.7774999737739563,0.7764000296592712,0.7764000296592712,2702.0
2025-06-26 10:29:00,SACH,,1.0992000102996826,1.0992000102996826,1.0992000102996826,1.0992000102996826,956.0
2025-06-26 10:29:00,SENS,,0.49970000982284546,0.4999000132083893,0.49959999322891235,0.4999000132083893,22514.0
2025-06-26 10:29:00,SGN,,1.0199999809265137,1.024999976158142,1.0149999856948853,1.0197999477386475,9868.0
2025-06-26 10:29:00,SLI,,1.90910005569458,1.90910005569458,1.9049999713897705,1.9049999713897705,1035.0
2025-06-26 10:29:00,SOAR,,1.465000033378601,1.465000033378601,1.465000033378601,1.465000033378601,111.0
2025-06-26 10:29:00,STXS,,2.2149999141693115,2.2149999141693115,2.200000047683716,2.200000047683716,7057.0
2025-06-26 10:29:00,SVM,,4.144999980926514,4.144999980926514,4.144999980926514,4.144999980926514,369.0
2025-06-26 10:29:00,TGB,,3.059999942779541,3.065000057220459,3.059999942779541,3.059999942779541,1307.0
2025-06-26 10:29:00,THM,,0.9290000200271606,0.9290000200271606,0.9290000200271606,0.9290000200271606,123.0
2025-06-26 10:29:00,UAMY,,2.4749999046325684,2.4749999046325684,2.4649999141693115,2.4649999141693115,10563.0
2025-06-26 10:29:00,UAVS,,1.0849000215530396,1.0888999700546265,1.0849000215530396,1.0888999700546265,5142.0
2025-06-26 10:29:00,UEC,,6.889999866485596,6.899899959564209,6.880000114440918,6.885000228881836,29298.0
2025-06-26 10:29:00,URG,,1.0499999523162842,1.0499999523162842,1.0499999523162842,1.0499999523162842,1300.0
2025-06-26 10:29:00,USAS,,0.8014500141143799,0.8028900027275085,0.800000011920929,0.8028900027275085,9354.0
2025-06-26 10:29:00,UUUU,,5.870999813079834,5.900000095367432,5.869999885559082,5.880000114440918,114418.0
2025-06-26 10:29:00,VTAK,,0.25189998745918274,0.25189998745918274,0.25189998745918274,0.25189998745918274,941.0
2025-06-26 10:29:00,VZLA,,2.9700000286102295,2.9749999046325684,2.9700000286102295,2.9700000286102295,9690.0
2025-06-26 10:29:00,WWR,,0.588450014591217,0.588450014591217,0.588450014591217,0.588450014591217,100.0
2025-06-26 10:29:00,XPL,,0.6424999833106995,0.6424999833106995,0.6424999833106995,0.6424999833106995,120.0
2025-06-26 10:29:00,ZDGE,,4.150000095367432,4.150000095367432,4.150000095367432,4.150000095367432,121.0
2025-06-26 10:30:00,ACU,,39.9900016784668,39.9900016784668,39.790000915527344,39.81999969482422,388.0
2025-06-26 10:30:00,AEON,,0.7602999806404114,0.7603009939193726,0.7602999806404114,0.7603009939193726,1226.0
2025-06-26 10:30:00,AREN,,5.739999771118164,5.739999771118164,5.739999771118164,5.739999771118164,142.0
2025-06-26 10:30:00,ARMN,,6.835000038146973,6.840000152587891,6.835000038146973,6.835000038146973,508.0
2025-06-26 10:30:00,ASM,,3.505000114440918,3.505000114440918,3.490000009536743,3.5,56409.0
2025-06-26 10:30:00,ATNM,,1.5549999475479126,1.5549999475479126,1.5549999475479126,1.5549999475479126,105.0
2025-06-26 10:30:00,AZTR,,0.25290000438690186,0.2549999952316284,0.25290000438690186,0.2549999952316284,1406.0
2025-06-26 10:30:00,BATL,,1.4800000190734863,1.4873000383377075,1.4800000190734863,1.4801000356674194,6505.0
2025-06-26 10:30:00,BRBS,,3.2750000953674316,3.2750000953674316,3.2750000953674316,3.2750000953674316,218.0
2025-06-26 10:30:00,BTG,,3.5762999057769775,3.5797998905181885,3.569999933242798,3.575000047683716,9490.0
2025-06-26 10:30:00,BURU,,0.34279999136924744,0.34290000796318054,0.3411000072956085,0.3424000144004822,9435.0
2025-06-26 10:30:00,CATX,,3.690000057220459,3.700000047683716,3.690000057220459,3.700000047683716,1653.0
2025-06-26 10:30:00,CBOE,,228.52999877929688,228.5399932861328,228.52999877929688,228.5399932861328,336.0
2025-06-26 10:30:00,CEF,,30.2450008392334,30.2450008392334,30.243999481201172,30.2450008392334,1165.0
2025-06-26 10:30:00,CET,,47.349998474121094,47.349998474121094,47.349998474121094,47.349998474121094,100.0
2025-06-26 10:30:00,CLDI,,0.20819999277591705,0.2084999978542328,0.20810000598430634,0.20810000598430634,600.0
2025-06-26 10:30:00,CLM,,7.945000171661377,7.945000171661377,7.940000057220459,7.940000057220459,796.0
2025-06-26 10:30:00,CQP,,55.189998626708984,55.189998626708984,55.189998626708984,55.189998626708984,403.0
2025-06-26 10:30:00,CRF,,7.565000057220459,7.570000171661377,7.559999942779541,7.567200183868408,3308.0
2025-06-26 10:30:00,CTM,,1.030900001525879,1.030900001525879,1.030900001525879,1.030900001525879,815.0
2025-06-26 10:30:00,CYBN,,8.380000114440918,8.380000114440918,8.380000114440918,8.380000114440918,415.0
2025-06-26 10:30:00,DC,,3.7899999618530273,3.7899999618530273,3.7899999618530273,3.7899999618530273,152.0
2025-06-26 10:30:00,DHY,,2.1098999977111816,2.109999895095825,2.1050000190734863,2.1098999977111816,12506.0
2025-06-26 10:30:00,DNN,,1.7899999618530273,1.7899999618530273,1.7800999879837036,1.7899999618530273,47710.0
2025-06-26 10:30:00,DSS,,0.9294999837875366,0.9294999837875366,0.9294999837875366,0.9294999837875366,500.0
2025-06-26 10:30:00,EMX,,2.5390000343322754,2.5390000343322754,2.5390000343322754,2.5390000343322754,232.0
2025-06-26 10:30:00,EQX,,5.855999946594238,5.855999946594238,5.849999904632568,5.855000019073486,10055.0
2025-06-26 10:30:00,ERC,,9.380000114440918,9.380000114440918,9.380000114440918,9.380000114440918,300.0
2025-06-26 10:30:00,ESP,,43.810001373291016,43.810001373291016,43.810001373291016,43.810001373291016,313.0
2025-06-26 10:30:00,EVV,,10.170000076293945,10.170000076293945,10.170000076293945,10.170000076293945,1110.0
2025-06-26 10:30:00,FOXO,,0.20270000398159027,0.20270000398159027,0.20270000398159027,0.20270000398159027,401.0
2025-06-26 10:30:00,FTF,,6.3907999992370605,6.3907999992370605,6.389999866485596,6.389999866485596,460.0
2025-06-26 10:30:00,GAU,,1.2799999713897705,1.2799999713897705,1.2799999713897705,1.2799999713897705,409.0
2025-06-26 10:30:00,GGN,,4.349999904632568,4.355299949645996,4.349999904632568,4.355299949645996,1113.0
2025-06-26 10:30:00,GNS,,0.784250020980835,0.7907969951629639,0.7832000255584717,0.7872999906539917,3763.0
2025-06-26 10:30:00,GORO,,0.535099983215332,0.5375000238418579,0.535099983215332,0.5375000238418579,2258.0
2025-06-26 10:30:00,GROY,,2.2899999618530273,2.2950000762939453,2.2850000858306885,2.2950000762939453,11907.0
2025-06-26 10:30:00,GSAT,,23.264999389648438,23.264999389648438,23.264999389648438,23.264999389648438,370.0
2025-06-26 10:30:00,GTE,,5.019999980926514,5.019999980926514,5.019999980926514,5.019999980926514,202.0
2025-06-26 10:30:00,HUSA,,13.204999923706055,13.204999923706055,13.204999923706055,13.204999923706055,1089.0
2025-06-26 10:30:00,IBO,,0.8970999717712402,0.8970999717712402,0.8918009996414185,0.8918009996414185,1841.0
2025-06-26 10:30:00,IDR,,13.039999961853027,13.039999961853027,13.039999961853027,13.039999961853027,281.0
2025-06-26 10:30:00,IE,,9.779999732971191,9.779999732971191,9.779999732971191,9.779999732971191,932.0
2025-06-26 10:30:00,IMO,,80.76499938964844,80.76499938964844,80.76000213623047,80.76000213623047,431.0
2025-06-26 10:30:00,INDO,,3.119999885559082,3.140000104904175,3.1105000972747803,3.140000104904175,4739.0
2025-06-26 10:30:00,ITP,,0.18870000541210175,0.18870000541210175,0.18870000541210175,0.18870000541210175,102.0
2025-06-26 10:30:00,ITRG,,1.5549999475479126,1.5549999475479126,1.5499999523162842,1.5549999475479126,1060.0
2025-06-26 10:30:00,KNW,,1.9399000406265259,1.9399000406265259,1.9199999570846558,1.9249999523162842,2805.0
2025-06-26 10:30:00,KULR,,5.130099773406982,5.159999847412109,5.130099773406982,5.159999847412109,12830.0
2025-06-26 10:30:00,LCTX,,1.0504000186920166,1.059999942779541,1.0504000186920166,1.059999942779541,610.0
2025-06-26 10:30:00,LEU,,175.27499389648438,175.6002960205078,175.00010681152344,175.17999267578125,4137.0
2025-06-26 10:30:00,LMND,,42.654998779296875,42.709999084472656,42.61000061035156,42.68000030517578,5709.0
2025-06-26 10:30:00,LNG,,239.13999938964844,239.13999938964844,239.0850067138672,239.0850067138672,2047.0
2025-06-26 10:30:00,LODE,,3.690000057220459,3.7016000747680664,3.690000057220459,3.7016000747680664,384.0
2025-06-26 10:30:00,MAG,,21.200000762939453,21.229999542236328,21.200000762939453,21.219999313354492,2378.0
2025-06-26 10:30:00,MITQ,,0.6920599937438965,0.699999988079071,0.6908000111579895,0.6908000111579895,3421.0
2025-06-26 10:30:00,MTA,,3.859999895095825,3.859999895095825,3.8399999141693115,3.8399999141693115,1548.0
2025-06-26 10:30:00,MTNB,,0.9200999736785889,0.9200999736785889,0.9200999736785889,0.9200999736785889,252.0
2025-06-26 10:30:00,NAK,,1.5788999795913696,1.5789999961853027,1.5700000524520874,1.5750000476837158,94313.0
2025-06-26 10:30:00,NBH,,9.835000038146973,9.835000038146973,9.835000038146973,9.835000038146973,103.0
2025-06-26 10:30:00,NCL,,0.1776999980211258,0.17990000545978546,0.17599999904632568,0.17990000545978546,16457.0
2025-06-26 10:30:00,NFGC,,1.4550000429153442,1.4550000429153442,1.4550000429153442,1.4550000429153442,200.0
2025-06-26 10:30:00,NG,,3.875,3.8798999786376953,3.869999885559082,3.8798999786376953,27891.0
2025-06-26 10:30:00,NGD,,4.840000152587891,4.849899768829346,4.840000152587891,4.840000152587891,6447.0
2025-06-26 10:30:00,NNVC,,1.2000000476837158,1.2000000476837158,1.2000000476837158,1.2000000476837158,2166.0
2025-06-26 10:30:00,OBE,,5.545199871063232,5.545199871063232,5.545199871063232,5.545199871063232,280.0
2025-06-26 10:30:00,OPTT,,0.5088000297546387,0.5117499828338623,0.5080999732017517,0.5117499828338623,12521.0
2025-06-26 10:30:00,ORLA,,9.970000267028809,9.979999542236328,9.949999809265137,9.970000267028809,7705.0
2025-06-26 10:30:00,PLG,,1.600000023841858,1.600000023841858,1.5950000286102295,1.5950000286102295,5100.0
2025-06-26 10:30:00,PLX,,1.4500000476837158,1.4550000429153442,1.4500000476837158,1.4550000429153442,378.0
2025-06-26 10:30:00,SATX,,2.9649999141693115,2.9649999141693115,2.9649999141693115,2.9649999141693115,218.0
2025-06-26 10:30:00,SEB,,2918.530029296875,2931.0048828125,2918.530029296875,2931.0048828125,2.0
2025-06-26 10:30:00,SENS,,0.4986000061035156,0.49959999322891235,0.4984999895095825,0.49959999322891235,11809.0
2025-06-26 10:30:00,SGN,,1.0199999809265137,1.0199999809265137,1.0099999904632568,1.0199999809265137,10105.0
2025-06-26 10:30:00,SLND,,3.799999952316284,3.799999952316284,3.799999952316284,3.799999952316284,274.0
2025-06-26 10:30:00,STXS,,2.2149999141693115,2.2149999141693115,2.2149999141693115,2.2149999141693115,120.0
2025-06-26 10:30:00,SVM,,4.144999980926514,4.149899959564209,4.139999866485596,4.144999980926514,10021.0
2025-06-26 10:30:00,TGB,,3.065000057220459,3.0653998851776123,3.059999942779541,3.065000057220459,1545.0
2025-06-26 10:30:00,TMQ,,1.476699948310852,1.476699948310852,1.4701000452041626,1.4701000452041626,6100.0
2025-06-26 10:30:00,TOVX,,0.4399000108242035,0.4399000108242035,0.4399000108242035,0.4399000108242035,269.0
2025-06-26 10:30:00,TPET,,1.249500036239624,1.249500036239624,1.2403000593185425,1.2403000593185425,290.0
2025-06-26 10:30:00,UAMY,,2.484999895095825,2.490000009536743,2.4749999046325684,2.4749999046325684,59655.0
2025-06-26 10:30:00,UEC,,6.889999866485596,6.889999866485596,6.885000228881836,6.889999866485596,9874.0
2025-06-26 10:30:00,URG,,1.0449999570846558,1.0499999523162842,1.0449999570846558,1.0449999570846558,6532.0
2025-06-26 10:30:00,USAS,,0.7990000247955322,0.7990999817848206,0.7989000082015991,0.7990999817848206,4860.0
2025-06-26 10:30:00,UUUU,,5.880000114440918,5.885000228881836,5.869999885559082,5.880000114440918,31703.0
2025-06-26 10:30:00,VZLA,,2.9700000286102295,2.9700000286102295,2.9700000286102295,2.9700000286102295,1332.0
2025-06-26 10:30:00,WWR,,0.5928000211715698,0.5928000211715698,0.5881999731063843,0.5881999731063843,711.0
2025-06-26 10:30:00,WYY,,3.440000057220459,3.440000057220459,3.440000057220459,3.440000057220459,1066.0
2025-06-26 10:30:00,ZDGE,,4.150000095367432,4.150000095367432,4.139999866485596,4.150000095367432,1691.0
2025-06-26 10:31:00,ARMN,,6.820000171661377,6.835000038146973,6.820000171661377,6.835000038146973,3315.0
2025-06-26 10:31:00,ASM,,3.5,3.509999990463257,3.490000009536743,3.5099000930786133,44746.0
2025-06-26 10:31:00,AUST,,1.3436000347137451,1.3450000286102295,1.3144999742507935,1.3144999742507935,10081.0
2025-06-26 10:31:00,AZTR,,0.25290000438690186,0.25290000438690186,0.25290000438690186,0.25290000438690186,1000.0
2025-06-26 10:31:00,BRBS,,3.2850000858306885,3.2850000858306885,3.2799999713897705,3.2799999713897705,4007.0
2025-06-26 10:31:00,BTG,,3.569999933242798,3.5799999237060547,3.569999933242798,3.575000047683716,71384.0
2025-06-26 10:31:00,BURU,,0.3400000035762787,0.34290000796318054,0.3400000035762787,0.34279999136924744,8926.0
2025-06-26 10:31:00,CATX,,3.6700000762939453,3.690000057220459,3.6700000762939453,3.690000057220459,3513.0
2025-06-26 10:31:00,CBOE,,228.8249969482422,228.9199981689453,228.53500366210938,228.59750366210938,3322.0
2025-06-26 10:31:00,CCEL,,5.360000133514404,5.510000228881836,5.360000133514404,5.46999979019165,3716.0
2025-06-26 10:31:00,CEF,,30.243900299072266,30.25,30.243900299072266,30.25,353.0
2025-06-26 10:31:00,CLDI,,0.210099995136261,0.2125999927520752,0.210099995136261,0.210099995136261,1610.0
2025-06-26 10:31:00,CLM,,7.945000171661377,7.945000171661377,7.945000171661377,7.945000171661377,197.0
2025-06-26 10:31:00,CMT,,16.739999771118164,16.739999771118164,16.739999771118164,16.739999771118164,231.0
2025-06-26 10:31:00,CQP,,55.189998626708984,55.189998626708984,55.18000030517578,55.189998626708984,2534.0
2025-06-26 10:31:00,CRF,,7.570000171661377,7.570000171661377,7.565000057220459,7.565000057220459,2148.0
2025-06-26 10:31:00,CTM,,1.0299999713897705,1.034999966621399,1.0299999713897705,1.034999966621399,1367.0
2025-06-26 10:31:00,CVM,,2.450000047683716,2.450000047683716,2.450000047683716,2.450000047683716,211.0
2025-06-26 10:31:00,CYBN,,8.446700096130371,8.446700096130371,8.446700096130371,8.446700096130371,451.0
2025-06-26 10:31:00,DHY,,2.109999895095825,2.115000009536743,2.1050000190734863,2.1050000190734863,32387.0
2025-06-26 10:31:00,DNN,,1.7899999618530273,1.7899999618530273,1.7799999713897705,1.7899999618530273,82139.0
2025-06-26 10:31:00,EAD,,6.980000019073486,6.980000019073486,6.980000019073486,6.980000019073486,104.0
2025-06-26 10:31:00,EIM,,9.5600004196167,9.5600004196167,9.5600004196167,9.5600004196167,400.0
2025-06-26 10:31:00,EQX,,5.849999904632568,5.855400085449219,5.849999904632568,5.850100040435791,12145.0
2025-06-26 10:31:00,ERH,,11.425600051879883,11.425600051879883,11.425600051879883,11.425600051879883,5690.0
2025-06-26 10:31:00,ESP,,44.689998626708984,44.689998626708984,44.689998626708984,44.689998626708984,361.0
2025-06-26 10:31:00,FOXO,,0.20100000500679016,0.20149999856948853,0.20100000500679016,0.20149999856948853,1809.0
2025-06-26 10:31:00,FSP,,1.690000057220459,1.690000057220459,1.684999942779541,1.684999942779541,1467.0
2025-06-26 10:31:00,GLDG,,0.7440999746322632,0.7440999746322632,0.7440999746322632,0.7440999746322632,200.0
2025-06-26 10:31:00,GNS,,0.7811999917030334,0.7871900200843811,0.7811999917030334,0.784250020980835,11911.0
2025-06-26 10:31:00,GORO,,0.539900004863739,0.539900004863739,0.5350000262260437,0.5350000262260437,809.0
2025-06-26 10:31:00,GROY,,2.299999952316284,2.299999952316284,2.2899999618530273,2.2899999618530273,14888.0
2025-06-26 10:31:00,IBO,,0.8925989866256714,0.8970999717712402,0.8915010094642639,0.8970999717712402,4097.0
2025-06-26 10:31:00,IDR,,13.069999694824219,13.069999694824219,13.0600004196167,13.0600004196167,630.0
2025-06-26 10:31:00,IE,,9.78499984741211,9.78499984741211,9.78499984741211,9.78499984741211,393692.0
2025-06-26 10:31:00,IMO,,80.80000305175781,80.80000305175781,80.80000305175781,80.80000305175781,182.0
2025-06-26 10:31:00,INDO,,3.1549999713897705,3.1549999713897705,3.121000051498413,3.140000104904175,1426.0
2025-06-26 10:31:00,ITRG,,1.5549999475479126,1.5549999475479126,1.5549999475479126,1.5549999475479126,637.0
2025-06-26 10:31:00,KNW,,1.9394999742507935,1.9394999742507935,1.9299999475479126,1.9299999475479126,6784.0
2025-06-26 10:31:00,KULR,,5.144999980926514,5.159999847412109,5.144999980926514,5.144999980926514,1987.0
2025-06-26 10:31:00,LCTX,,1.0549999475479126,1.059999942779541,1.0549999475479126,1.059999942779541,414.0
2025-06-26 10:31:00,LEU,,175.9499969482422,175.9499969482422,175.00010681152344,175.22999572753906,4679.0
2025-06-26 10:31:00,LMND,,42.72999954223633,42.75,42.619998931884766,42.650001525878906,18740.0
2025-06-26 10:31:00,LNG,,239.07000732421875,239.1999969482422,239.00999450683594,239.07000732421875,19250.0
2025-06-26 10:31:00,MAG,,21.200000762939453,21.219999313354492,21.190000534057617,21.200000762939453,8021.0
2025-06-26 10:31:00,MPTI,,40.724700927734375,40.724700927734375,40.724700927734375,40.724700927734375,241.0
2025-06-26 10:31:00,MTA,,3.869999885559082,3.869999885559082,3.869999885559082,3.869999885559082,130.0
2025-06-26 10:31:00,MTNB,,0.9200999736785889,0.9200999736785889,0.9200999736785889,0.9200999736785889,401.0
2025-06-26 10:31:00,MYO,,2.2799999713897705,2.2799999713897705,2.2799999713897705,2.2799999713897705,669.0
2025-06-26 10:31:00,NAK,,1.5750000476837158,1.5800000429153442,1.5736000537872314,1.5800000429153442,2981.0
2025-06-26 10:31:00,NFGC,,1.4550000429153442,1.4550000429153442,1.4550000429153442,1.4550000429153442,863.0
2025-06-26 10:31:00,NG,,3.860100030899048,3.869999885559082,3.859999895095825,3.869999885559082,29959.0
2025-06-26 10:31:00,NGD,,4.840000152587891,4.849899768829346,4.840000152587891,4.84499979019165,48864.0
2025-06-26 10:31:00,OBE,,5.550000190734863,5.550000190734863,5.550000190734863,5.550000190734863,492.0
2025-06-26 10:31:00,OPTT,,0.5044999718666077,0.5058460235595703,0.5044999718666077,0.5058460235595703,524.0
2025-06-26 10:31:00,ORLA,,9.949999809265137,9.960000038146973,9.949999809265137,9.960000038146973,1882.0
2025-06-26 10:31:00,PLG,,1.6100000143051147,1.6100000143051147,1.590000033378601,1.5950000286102295,15569.0
2025-06-26 10:31:00,PLMR,,150.2899932861328,150.30999755859375,150.0399932861328,150.30999755859375,1776.0
2025-06-26 10:31:00,PLX,,1.4550000429153442,1.4600000381469727,1.4550000429153442,1.4550000429153442,1710.0
2025-06-26 10:31:00,REI,,0.7789000272750854,0.7789000272750854,0.777400016784668,0.777899980545044,2751.0
2025-06-26 10:31:00,SATX,,2.9600000381469727,2.9600000381469727,2.9600000381469727,2.9600000381469727,504.0
2025-06-26 10:31:00,SEB,,2921.10009765625,2921.10009765625,2921.10009765625,2921.10009765625,1.0
2025-06-26 10:31:00,SENS,,0.5005000233650208,0.5005000233650208,0.4984999895095825,0.4986000061035156,110370.0
2025-06-26 10:31:00,SGN,,1.0199999809265137,1.0199999809265137,1.0149999856948853,1.0149999856948853,416.0
2025-06-26 10:31:00,SKYH,,9.649999618530273,9.649999618530273,9.649999618530273,9.649999618530273,461.0
2025-06-26 10:31:00,SLI,,1.9049999713897705,1.909999966621399,1.9049999713897705,1.9049999713897705,1216.0
2025-06-26 10:31:00,SVM,,4.149700164794922,4.150000095367432,4.139999866485596,4.144999980926514,12869.0
2025-06-26 10:31:00,TGB,,3.059999942779541,3.069999933242798,3.059999942779541,3.065000057220459,87826.0
2025-06-26 10:31:00,TMQ,,1.4800000190734863,1.4800000190734863,1.4753999710083008,1.4753999710083008,315.0
2025-06-26 10:31:00,TPET,,1.2450000047683716,1.25,1.2450000047683716,1.25,600.0
2025-06-26 10:31:00,UAMY,,2.515899896621704,2.5199999809265137,2.490000009536743,2.490000009536743,26152.0
2025-06-26 10:31:00,UAVS,,1.0848000049591064,1.0848000049591064,1.0848000049591064,1.0848000049591064,1370.0
2025-06-26 10:31:00,UEC,,6.889999866485596,6.889999866485596,6.880199909210205,6.885000228881836,22309.0
2025-06-26 10:31:00,URG,,1.0449999570846558,1.0499999523162842,1.0449999570846558,1.0449999570846558,1131.0
2025-06-26 10:31:00,USAS,,0.796999990940094,0.796999990940094,0.795799970626831,0.795799970626831,3400.0
2025-06-26 10:31:00,UUUU,,5.875,5.877999782562256,5.869999885559082,5.875,31446.0
2025-06-26 10:31:00,VKI,,8.180000305175781,8.180000305175781,8.170000076293945,8.180000305175781,608.0
2025-06-26 10:31:00,VZLA,,2.9749999046325684,2.9749999046325684,2.9700000286102295,2.9749999046325684,24145.0
2025-06-26 10:31:00,WWR,,0.5835999846458435,0.5891000032424927,0.5835999846458435,0.5891000032424927,10001.0
2025-06-26 10:32:00,ACU,,39.595001220703125,39.595001220703125,39.595001220703125,39.595001220703125,113.0
2025-06-26 10:32:00,AREN,,5.739999771118164,5.739999771118164,5.739999771118164,5.739999771118164,129.0
2025-06-26 10:32:00,ARMN,,6.8018999099731445,6.820000171661377,6.8018999099731445,6.820000171661377,7807.0
2025-06-26 10:32:00,ASM,,3.4981000423431396,3.505000114440918,3.490000009536743,3.5048999786376953,30721.0
2025-06-26 10:32:00,ATNM,,1.5549999475479126,1.5549999475479126,1.5549999475479126,1.5549999475479126,123.0
2025-06-26 10:32:00,AUST,,1.3550000190734863,1.3550000190734863,1.3550000190734863,1.3550000190734863,2509.0
2025-06-26 10:32:00,AZTR,,0.26159998774528503,0.2637999951839447,0.25290000438690186,0.25290000438690186,16882.0
2025-06-26 10:32:00,BKTI,,53.679901123046875,53.679901123046875,53.679901123046875,53.679901123046875,197.0
2025-06-26 10:32:00,BRBS,,3.2850000858306885,3.2850000858306885,3.2850000858306885,3.2850000858306885,118.0
2025-06-26 10:32:00,BTG,,3.5699000358581543,3.5799999237060547,3.5601000785827637,3.569999933242798,356201.0
2025-06-26 10:32:00,BURU,,0.33869999647140503,0.34209999442100525,0.33869999647140503,0.3402999937534332,13768.0
2025-06-26 10:32:00,CATX,,3.6700000762939453,3.6700000762939453,3.6700000762939453,3.6700000762939453,266.0
2025-06-26 10:32:00,CBOE,,228.88999938964844,228.88999938964844,228.88999938964844,228.88999938964844,194.0
2025-06-26 10:32:00,CLDI,,0.2117999941110611,0.21320000290870667,0.210099995136261,0.2101999968290329,7711.0
2025-06-26 10:32:00,CLM,,7.949999809265137,7.949999809265137,7.949999809265137,7.949999809265137,306.0
2025-06-26 10:32:00,CMCL,,18.950000762939453,18.950000762939453,18.950000762939453,18.950000762939453,107.0
2025-06-26 10:32:00,CMT,,16.81999969482422,16.81999969482422,16.81999969482422,16.81999969482422,1530.0
2025-06-26 10:32:00,CQP,,55.189998626708984,55.189998626708984,55.189998626708984,55.189998626708984,409.0
2025-06-26 10:32:00,CVM,,2.444999933242798,2.444999933242798,2.444999933242798,2.444999933242798,100.0
2025-06-26 10:32:00,CYBN,,8.5,8.5,8.449999809265137,8.449999809265137,1762.0
2025-06-26 10:32:00,DC,,3.7850000858306885,3.7850000858306885,3.7850000858306885,3.7850000858306885,205.0
2025-06-26 10:32:00,DDC,,10.319999694824219,10.319999694824219,10.25,10.313300132751465,15021.0
2025-06-26 10:32:00,DHY,,2.109999895095825,2.109999895095825,2.1050000190734863,2.1089999675750732,10000.0
2025-06-26 10:32:00,DNN,,1.7800999879837036,1.7899999618530273,1.7799999713897705,1.7899999618530273,150748.0
2025-06-26 10:32:00,DSS,,0.9490000009536743,0.9490000009536743,0.9490000009536743,0.9490000009536743,6872.0
2025-06-26 10:32:00,EAD,,6.970099925994873,6.970099925994873,6.970099925994873,6.970099925994873,366.0
2025-06-26 10:32:00,EMX,,2.5299999713897705,2.5299999713897705,2.5299999713897705,2.5299999713897705,150.0
2025-06-26 10:32:00,ENX,,9.180000305175781,9.239999771118164,9.180000305175781,9.239999771118164,2419.0
2025-06-26 10:32:00,EQX,,5.840000152587891,5.849999904632568,5.840000152587891,5.849999904632568,16208.0
2025-06-26 10:32:00,EVM,,8.84000015258789,8.850000381469727,8.84000015258789,8.84000015258789,4739.0
2025-06-26 10:32:00,FOXO,,0.2013999968767166,0.20149999856948853,0.20100000500679016,0.20100000500679016,3454.0
2025-06-26 10:32:00,FSP,,1.6950000524520874,1.6950000524520874,1.6950000524520874,1.6950000524520874,100.0
2025-06-26 10:32:00,FTF,,6.389999866485596,6.389999866485596,6.389999866485596,6.389999866485596,302.0
2025-06-26 10:32:00,GAU,,1.2869000434875488,1.2899999618530273,1.2869000434875488,1.2899999618530273,359.0
2025-06-26 10:32:00,GGN,,4.355000019073486,4.355000019073486,4.355000019073486,4.355000019073486,445.0
2025-06-26 10:32:00,GLDG,,0.742110013961792,0.742110013961792,0.742110013961792,0.742110013961792,2124.0
2025-06-26 10:32:00,GNS,,0.7707679867744446,0.7871999740600586,0.7700999975204468,0.7707679867744446,48963.0
2025-06-26 10:32:00,GORO,,0.539900004863739,0.539900004863739,0.539900004863739,0.539900004863739,450.0
2025-06-26 10:32:00,GROY,,2.2950000762939453,2.2950000762939453,2.2899999618530273,2.2899999618530273,308.0
2025-06-26 10:32:00,GSAT,,23.274999618530273,23.274999618530273,23.274999618530273,23.274999618530273,2123.0
2025-06-26 10:32:00,GTE,,5.034999847412109,5.034999847412109,5.025000095367432,5.025000095367432,1912.0
2025-06-26 10:32:00,HUSA,,13.100000381469727,13.100000381469727,13.050000190734863,13.050000190734863,935.0
2025-06-26 10:32:00,IBO,,0.8924000263214111,0.8938000202178955,0.8924000263214111,0.8938000202178955,4821.0
2025-06-26 10:32:00,IDR,,13.069999694824219,13.069999694824219,13.069999694824219,13.069999694824219,427.0
2025-06-26 10:32:00,IE,,9.774999618530273,9.78499984741211,9.760000228881836,9.78499984741211,2848.0
2025-06-26 10:32:00,IMO,,80.82499694824219,80.82499694824219,80.80999755859375,80.81999969482422,1133.0
2025-06-26 10:32:00,INDO,,3.1500000953674316,3.1500000953674316,3.1500000953674316,3.1500000953674316,918.0
2025-06-26 10:32:00,INFU,,6.434999942779541,6.434999942779541,6.434999942779541,6.434999942779541,110.0
2025-06-26 10:32:00,ITRG,,1.5549999475479126,1.5549999475479126,1.5549999475479126,1.5549999475479126,100.0
2025-06-26 10:32:00,KNW,,1.9322999715805054,1.9393999576568604,1.9299999475479126,1.9299999475479126,1918.0
2025-06-26 10:32:00,KULR,,5.150000095367432,5.159999847412109,5.139999866485596,5.144999980926514,8525.0
2025-06-26 10:32:00,LCTX,,1.0549999475479126,1.059999942779541,1.0549999475479126,1.059999942779541,1110.0
2025-06-26 10:32:00,LEU,,175.7100067138672,175.99600219726562,175.1300048828125,175.31349182128906,3897.0
2025-06-26 10:32:00,LMND,,42.69499969482422,42.74399948120117,42.66999816894531,42.720001220703125,4110.0
2025-06-26 10:32:00,LNG,,239.52000427246094,239.5399932861328,238.92999267578125,239.02999877929688,11566.0
2025-06-26 10:32:00,LODE,,3.680000066757202,3.680000066757202,3.6796000003814697,3.6796000003814697,636.0
2025-06-26 10:32:00,LSF,,6.119999885559082,6.119999885559082,6.119999885559082,6.119999885559082,334.0
2025-06-26 10:32:00,MAG,,21.200000762939453,21.200000762939453,21.170000076293945,21.200000762939453,3698.0
2025-06-26 10:32:00,MITQ,,0.6937000155448914,0.6937000155448914,0.6937000155448914,0.6937000155448914,1961.0
2025-06-26 10:32:00,MPTI,,40.810001373291016,40.810001373291016,40.810001373291016,40.810001373291016,311.0
2025-06-26 10:32:00,MYO,,2.2850000858306885,2.2850000858306885,2.2850000858306885,2.2850000858306885,460.0
2025-06-26 10:32:00,NAK,,1.5735000371932983,1.5800000429153442,1.570099949836731,1.5780999660491943,17160.0
2025-06-26 10:32:00,NBH,,9.819999694824219,9.835000038146973,9.819999694824219,9.835000038146973,252.0
2025-06-26 10:32:00,NCL,,0.1761000007390976,0.1785999983549118,0.17489999532699585,0.1785999983549118,10142.0
2025-06-26 10:32:00,NFGC,,1.4500999450683594,1.4550000429153442,1.4500000476837158,1.4550000429153442,8430.0
2025-06-26 10:32:00,NG,,3.8594000339508057,3.859999895095825,3.8499999046325684,3.859999895095825,5362.0
2025-06-26 10:32:00,NGD,,4.824999809265137,4.840000152587891,4.820000171661377,4.840000152587891,105228.0
2025-06-26 10:32:00,NNVC,,1.1920000314712524,1.1920000314712524,1.1920000314712524,1.1920000314712524,125.0
2025-06-26 10:32:00,NRO,,3.190000057220459,3.190000057220459,3.190000057220459,3.190000057220459,500.0
2025-06-26 10:32:00,NTIP,,1.2099000215530396,1.2099000215530396,1.2099000215530396,1.2099000215530396,300.0
2025-06-26 10:32:00,OPTT,,0.5067999958992004,0.5090000033378601,0.5067999958992004,0.5083000063896179,18051.0
2025-06-26 10:32:00,ORLA,,9.949999809265137,9.949999809265137,9.930000305175781,9.9399995803833,5983.0
2025-06-26 10:32:00,PLAG,,0.8749989867210388,0.8749989867210388,0.8749989867210388,0.8749989867210388,207.0
2025-06-26 10:32:00,PLMR,,149.6929931640625,149.6929931640625,149.6929931640625,149.6929931640625,402.0
2025-06-26 10:32:00,PLX,,1.4500000476837158,1.4550000429153442,1.4500000476837158,1.4550000429153442,500.0
2025-06-26 10:32:00,REI,,0.7785000205039978,0.7785500288009644,0.7782999873161316,0.7785500288009644,2469.0
2025-06-26 10:32:00,SACH,,1.0990999937057495,1.0990999937057495,1.0990999937057495,1.0990999937057495,440.0
2025-06-26 10:32:00,SATX,,2.9600000381469727,2.9600000381469727,2.9600000381469727,2.9600000381469727,200.0
2025-06-26 10:32:00,SEB,,2936.39990234375,2936.39990234375,2932.0,2932.0,2.0
2025-06-26 10:32:00,SENS,,0.5019000172615051,0.5067999958992004,0.5004000067710876,0.5004000067710876,97368.0
2025-06-26 10:32:00,SOAR,,1.465000033378601,1.465000033378601,1.4605000019073486,1.4605000019073486,608.0
2025-06-26 10:32:00,STXS,,2.2149999141693115,2.2149999141693115,2.2100000381469727,2.2100000381469727,3374.0
2025-06-26 10:32:00,SVM,,4.135000228881836,4.139999866485596,4.130000114440918,4.139999866485596,26088.0
2025-06-26 10:32:00,TGB,,3.059999942779541,3.0699000358581543,3.059999942779541,3.059999942779541,57727.0
2025-06-26 10:32:00,TMQ,,1.4800000190734863,1.4800000190734863,1.4800000190734863,1.4800000190734863,807.0
2025-06-26 10:32:00,TPET,,1.2450000047683716,1.2450000047683716,1.2450000047683716,1.2450000047683716,451.0
2025-06-26 10:32:00,UAMY,,2.5250000953674316,2.5299999713897705,2.515000104904175,2.5199999809265137,33986.0
2025-06-26 10:32:00,UAVS,,1.0800000429153442,1.0850000381469727,1.0800000429153442,1.0850000381469727,1451.0
2025-06-26 10:32:00,UEC,,6.864999771118164,6.885000228881836,6.864999771118164,6.880000114440918,33409.0
2025-06-26 10:32:00,URG,,1.0499999523162842,1.0499999523162842,1.0399999618530273,1.0499999523162842,23619.0
2025-06-26 10:32:00,USAS,,0.7975999712944031,0.7975999712944031,0.795199990272522,0.795199990272522,1350.0
2025-06-26 10:32:00,UUUU,,5.829999923706055,5.875,5.829999923706055,5.875,74061.0
2025-06-26 10:32:00,VKI,,8.180000305175781,8.180000305175781,8.180000305175781,8.180000305175781,360.0
2025-06-26 10:32:00,VTAK,,0.251800000667572,0.251800000667572,0.251800000667572,0.251800000667572,1074.0
2025-06-26 10:32:00,VZLA,,2.9749999046325684,2.9749999046325684,2.9700000286102295,2.9749999046325684,1421.0
2025-06-26 10:32:00,ZDGE,,4.170000076293945,4.170000076293945,4.150000095367432,4.150000095367432,704.0
2025-06-26 10:33:00,ACU,,39.54499816894531,39.54499816894531,39.54499816894531,39.54499816894531,311.0
2025-06-26 10:33:00,AEON,,0.7602999806404114,0.7602999806404114,0.7602999806404114,0.7602999806404114,321.0
2025-06-26 10:33:00,ARMN,,6.795000076293945,6.809999942779541,6.795000076293945,6.804999828338623,1468.0
2025-06-26 10:33:00,ASM,,3.494999885559082,3.494999885559082,3.490000009536743,3.490000009536743,29166.0
2025-06-26 10:33:00,AUST,,1.3301000595092773,1.3301000595092773,1.3301000595092773,1.3301000595092773,5221.0
2025-06-26 10:33:00,AZTR,,0.2588990032672882,0.259799987077713,0.2588990032672882,0.259799987077713,1200.0
2025-06-26 10:33:00,BATL,,1.4800000190734863,1.4800000190734863,1.4800000190734863,1.4800000190734863,567.0
2025-06-26 10:33:00,BTG,,3.569999933242798,3.569999933242798,3.559999942779541,3.5697999000549316,163965.0
2025-06-26 10:33:00,BURU,,0.335999995470047,0.3393999934196472,0.335999995470047,0.33869999647140503,26130.0
2025-06-26 10:33:00,CATX,,3.6700000762939453,3.6700000762939453,3.6700000762939453,3.6700000762939453,117.0
2025-06-26 10:33:00,CCEL,,5.300099849700928,5.900000095367432,5.300099849700928,5.550000190734863,8454.0
2025-06-26 10:33:00,CET,,47.35499954223633,47.3650016784668,47.315399169921875,47.315399169921875,4948.0
2025-06-26 10:33:00,CLDI,,0.21459999680519104,0.2184000015258789,0.2117999941110611,0.2151000052690506,3800.0
2025-06-26 10:33:00,CLM,,7.940000057220459,7.949999809265137,7.940000057220459,7.949999809265137,2169.0
2025-06-26 10:33:00,CQP,,55.189998626708984,55.189998626708984,55.189998626708984,55.189998626708984,301.0
2025-06-26 10:33:00,CRF,,7.567999839782715,7.567999839782715,7.567999839782715,7.567999839782715,137.0
2025-06-26 10:33:00,CVM,,2.4600000381469727,2.4600000381469727,2.4600000381469727,2.4600000381469727,184.0
2025-06-26 10:33:00,CYBN,,8.399999618530273,8.5,8.399999618530273,8.5,611.0
2025-06-26 10:33:00,DC,,3.7850000858306885,3.7850000858306885,3.7850000858306885,3.7850000858306885,126.0
2025-06-26 10:33:00,DDC,,10.270000457763672,10.270000457763672,10.270000457763672,10.270000457763672,120.0
2025-06-26 10:33:00,DHY,,2.109999895095825,2.109999895095825,2.0999999046325684,2.1050000190734863,14013.0
2025-06-26 10:33:00,DNN,,1.7899999618530273,1.7899999618530273,1.7799999713897705,1.7824000120162964,227306.0
2025-06-26 10:33:00,DSS,,0.9294999837875366,0.9294999837875366,0.910099983215332,0.910099983215332,255.0
2025-06-26 10:33:00,EIM,,9.550000190734863,9.550000190734863,9.550000190734863,9.550000190734863,2178.0
2025-06-26 10:33:00,EMX,,2.5290000438690186,2.5290000438690186,2.5290000438690186,2.5290000438690186,742.0
2025-06-26 10:33:00,ENX,,9.1899995803833,9.1899995803833,9.1899995803833,9.1899995803833,500.0
2025-06-26 10:33:00,EQX,,5.84499979019165,5.849899768829346,5.840000152587891,5.84499979019165,17569.0
2025-06-26 10:33:00,EVM,,8.84000015258789,8.84000015258789,8.84000015258789,8.84000015258789,200.0
2025-06-26 10:33:00,FOXO,,0.20149900019168854,0.20149900019168854,0.20149900019168854,0.20149900019168854,1018.0
2025-06-26 10:33:00,FSP,,1.6950000524520874,1.6950000524520874,1.6950000524520874,1.6950000524520874,1060.0
2025-06-26 10:33:00,GAU,,1.2799999713897705,1.2799999713897705,1.2799999713897705,1.2799999713897705,134.0
2025-06-26 10:33:00,GLV,,5.611599922180176,5.611599922180176,5.611599922180176,5.611599922180176,0.0
2025-06-26 10:33:00,GNS,,0.7746999859809875,0.7785000205039978,0.7663999795913696,0.7700999975204468,146732.0
2025-06-26 10:33:00,GORO,,0.5350000262260437,0.539900004863739,0.5350000262260437,0.539900004863739,277.0
2025-06-26 10:33:00,GROY,,2.2950000762939453,2.2950000762939453,2.2899999618530273,2.2950000762939453,1211.0
2025-06-26 10:33:00,GSAT,,23.290000915527344,23.290000915527344,23.280000686645508,23.280000686645508,6987.0
2025-06-26 10:33:00,GTE,,5.034999847412109,5.034999847412109,5.03000020980835,5.03000020980835,612.0
2025-06-26 10:33:00,HUSA,,13.09000015258789,13.09000015258789,13.050000190734863,13.0600004196167,1080.0
2025-06-26 10:33:00,IBO,,0.8938000202178955,0.8949999809265137,0.8938000202178955,0.8949999809265137,2162.0
2025-06-26 10:33:00,IDR,,13.045000076293945,13.045000076293945,13.045000076293945,13.045000076293945,443.0
2025-06-26 10:33:00,IE,,9.765000343322754,9.800000190734863,9.729999542236328,9.75,7802.0
2025-06-26 10:33:00,INDO,,3.1419999599456787,3.1419999599456787,3.140199899673462,3.140199899673462,689.0
2025-06-26 10:33:00,INFU,,6.434999942779541,6.434999942779541,6.434999942779541,6.434999942779541,258.0
2025-06-26 10:33:00,ITRG,,1.5549999475479126,1.5549999475479126,1.5549999475479126,1.5549999475479126,701.0
2025-06-26 10:33:00,KNW,,1.9217000007629395,1.9299999475479126,1.9199999570846558,1.9200999736785889,2383.0
2025-06-26 10:33:00,KULR,,5.189899921417236,5.192999839782715,5.150000095367432,5.150000095367432,19640.0
2025-06-26 10:33:00,LCTX,,1.0549999475479126,1.059999942779541,1.0549999475479126,1.0592000484466553,1198.0
2025-06-26 10:33:00,LEU,,175.9550018310547,176.69000244140625,175.7100067138672,175.7100067138672,7762.0
2025-06-26 10:33:00,LMND,,42.67499923706055,42.720001220703125,42.61000061035156,42.66999816894531,9529.0
2025-06-26 10:33:00,LNG,,239.4600067138672,239.4600067138672,239.33999633789062,239.4600067138672,2500.0
2025-06-26 10:33:00,LODE,,3.7100000381469727,3.7100000381469727,3.7100000381469727,3.7100000381469727,150.0
2025-06-26 10:33:00,MAG,,21.190000534057617,21.200000762939453,21.190000534057617,21.200000762939453,1207.0
2025-06-26 10:33:00,MPTI,,40.96500015258789,41.22999954223633,40.83000183105469,40.96500015258789,2007.0
2025-06-26 10:33:00,MTA,,3.869999885559082,3.869999885559082,3.869999885559082,3.869999885559082,100.0
2025-06-26 10:33:00,NAK,,1.5780999660491943,1.5800000429153442,1.5750000476837158,1.5800000429153442,3389.0
2025-06-26 10:33:00,NCL,,0.17710000276565552,0.17710000276565552,0.17710000276565552,0.17710000276565552,111.0
2025-06-26 10:33:00,NFGC,,1.4550000429153442,1.4550000429153442,1.4550000429153442,1.4550000429153442,100.0
2025-06-26 10:33:00,NG,,3.8550000190734863,3.859999895095825,3.8550000190734863,3.859999895095825,1466.0
2025-06-26 10:33:00,NGD,,4.829999923706055,4.829999923706055,4.820000171661377,4.824999809265137,5404.0
2025-06-26 10:33:00,NNVC,,1.190000057220459,1.2100000381469727,1.190000057220459,1.2100000381469727,800.0
2025-06-26 10:33:00,NRO,,3.180000066757202,3.180000066757202,3.180000066757202,3.180000066757202,0.0
2025-06-26 10:33:00,OPTT,,0.5072000026702881,0.5072000026702881,0.5067999958992004,0.5067999958992004,288.0
2025-06-26 10:33:00,ORLA,,9.949999809265137,9.949999809265137,9.949999809265137,9.949999809265137,2456.0
2025-06-26 10:33:00,PLX,,1.4500000476837158,1.4500000476837158,1.4500000476837158,1.4500000476837158,178.0
2025-06-26 10:33:00,REI,,0.777899980545044,0.777899980545044,0.777899980545044,0.777899980545044,3950.0
2025-06-26 10:33:00,REPX,,26.56999969482422,26.56999969482422,26.56999969482422,26.56999969482422,1124.0
2025-06-26 10:33:00,SENS,,0.5,0.5013999938964844,0.5,0.5013999938964844,14807.0
2025-06-26 10:33:00,SKYH,,9.699999809265137,9.699999809265137,9.699999809265137,9.699999809265137,141.0
2025-06-26 10:33:00,SSY,,0.8679999709129333,0.8679999709129333,0.8679999709129333,0.8679999709129333,350.0
2025-06-26 10:33:00,SVM,,4.125,4.130000114440918,4.125,4.130000114440918,6382.0
2025-06-26 10:33:00,TGB,,3.059999942779541,3.0653998851776123,3.059999942779541,3.065000057220459,10450.0
2025-06-26 10:33:00,TOON,,0.734000027179718,0.734000027179718,0.734000027179718,0.734000027179718,340.0
2025-06-26 10:33:00,UAMY,,2.517400026321411,2.5299999713897705,2.509999990463257,2.5299999713897705,14324.0
2025-06-26 10:33:00,UAVS,,1.0850000381469727,1.0888999700546265,1.0850000381469727,1.0888999700546265,227.0
2025-06-26 10:33:00,UEC,,6.881999969482422,6.889999866485596,6.864999771118164,6.864999771118164,20211.0
2025-06-26 10:33:00,URG,,1.0499999523162842,1.0499999523162842,1.0449999570846558,1.0499999523162842,4042.0
2025-06-26 10:33:00,USAS,,0.7950999736785889,0.796999990940094,0.7950999736785889,0.796999990940094,1535.0
2025-06-26 10:33:00,UTG,,35.31380081176758,35.31380081176758,35.31380081176758,35.31380081176758,1063.0
2025-06-26 10:33:00,UUUU,,5.849800109863281,5.849999904632568,5.829999923706055,5.829999923706055,34577.0
2025-06-26 10:33:00,VTAK,,0.25189998745918274,0.25200000405311584,0.25189998745918274,0.25200000405311584,3904.0
2025-06-26 10:33:00,VZLA,,2.9649999141693115,2.970099925994873,2.9649999141693115,2.970099925994873,25399.0
2025-06-26 10:33:00,WWR,,0.585099995136261,0.585099995136261,0.585099995136261,0.585099995136261,275.0
2025-06-26 10:33:00,WYY,,3.430000066757202,3.430000066757202,3.430000066757202,3.430000066757202,224.0
2025-06-26 10:33:00,ZDGE,,4.204999923706055,4.204999923706055,4.170000076293945,4.170000076293945,2611.0
2025-06-26 10:34:00,ACU,,39.77000045776367,39.77000045776367,39.77000045776367,39.77000045776367,542.0
2025-06-26 10:34:00,AEON,,0.7670000195503235,0.7670000195503235,0.7670000195503235,0.7670000195503235,183.0
2025-06-26 10:34:00,ARMN,,6.809999942779541,6.815000057220459,6.795000076293945,6.795000076293945,4736.0
2025-06-26 10:34:00,ASM,,3.4999001026153564,3.4999001026153564,3.4981000423431396,3.4981000423431396,6245.0
2025-06-26 10:34:00,AZTR,,0.2563999891281128,0.258899986743927,0.2563999891281128,0.258899986743927,3052.0
2025-06-26 10:34:00,BATL,,1.4973000288009644,1.4973000288009644,1.4973000288009644,1.4973000288009644,1028.0
2025-06-26 10:34:00,BKTI,,53.5,53.5,53.5,53.5,148.0
2025-06-26 10:34:00,BRBS,,3.2850000858306885,3.2850000858306885,3.2850000858306885,3.2850000858306885,115.0
2025-06-26 10:34:00,BTG,,3.565200090408325,3.569999933242798,3.563499927520752,3.5697999000549316,93625.0
2025-06-26 10:34:00,BURU,,0.335099995136261,0.3352999985218048,0.334199994802475,0.33500000834465027,6208.0
2025-06-26 10:34:00,CANF,,1.059999942779541,1.059999942779541,1.059999942779541,1.059999942779541,333.0
2025-06-26 10:34:00,CATX,,3.674999952316284,3.674999952316284,3.674999952316284,3.674999952316284,2070.0
2025-06-26 10:34:00,CCEL,,5.715000152587891,5.715000152587891,5.715000152587891,5.715000152587891,111.0
2025-06-26 10:34:00,CEF,,30.234699249267578,30.234699249267578,30.234699249267578,30.234699249267578,1050.0
2025-06-26 10:34:00,CLDI,,0.2198989987373352,0.2198999971151352,0.21170000731945038,0.21170000731945038,8125.0
2025-06-26 10:34:00,CLM,,7.942800045013428,7.949900150299072,7.940000057220459,7.942800045013428,1368.0
2025-06-26 10:34:00,CQP,,55.189998626708984,55.189998626708984,55.189998626708984,55.189998626708984,413.0
2025-06-26 10:34:00,CRF,,7.564199924468994,7.570000171661377,7.564199924468994,7.570000171661377,723.0
2025-06-26 10:34:00,CTM,,1.0399999618530273,1.0399999618530273,1.0399999618530273,1.0399999618530273,500.0
2025-06-26 10:34:00,CYBN,,8.475000381469727,8.475000381469727,8.475000381469727,8.475000381469727,200.0
2025-06-26 10:34:00,DHY,,2.1050000190734863,2.109999895095825,2.0999999046325684,2.1098999977111816,7012.0
2025-06-26 10:34:00,DNN,,1.784999966621399,1.7899999618530273,1.7799999713897705,1.784999966621399,934229.0
2025-06-26 10:34:00,EAD,,6.980000019073486,6.980000019073486,6.980000019073486,6.980000019073486,100.0
2025-06-26 10:34:00,ELMD,,21.864999771118164,21.864999771118164,21.864999771118164,21.864999771118164,441.0
2025-06-26 10:34:00,EQX,,5.84499979019165,5.84499979019165,5.840000152587891,5.84499979019165,7686.0
2025-06-26 10:34:00,FOXO,,0.20149999856948853,0.20149999856948853,0.20149999856948853,0.20149999856948853,100.0
2025-06-26 10:34:00,FTF,,6.389999866485596,6.389999866485596,6.389999866485596,6.389999866485596,305.0
2025-06-26 10:34:00,GNS,,0.789900004863739,0.7900000214576721,0.7702999711036682,0.7702999711036682,98985.0
2025-06-26 10:34:00,GROY,,2.2950000762939453,2.2950000762939453,2.2899999618530273,2.2899999618530273,453.0
2025-06-26 10:34:00,GSAT,,23.270000457763672,23.270000457763672,23.270000457763672,23.270000457763672,199.0
2025-06-26 10:34:00,HUSA,,13.149999618530273,13.232099533081055,13.080100059509277,13.232099533081055,1146.0
2025-06-26 10:34:00,IBO,,0.8938000202178955,0.8938999772071838,0.8938000202178955,0.8938999772071838,457.0
2025-06-26 10:34:00,IE,,9.744999885559082,9.770000457763672,9.739999771118164,9.765000343322754,1086.0
2025-06-26 10:34:00,IMO,,80.81500244140625,80.81500244140625,80.81500244140625,80.81500244140625,493.0
2025-06-26 10:34:00,INDO,,3.1503000259399414,3.1503000259399414,3.1459999084472656,3.1500000953674316,1162.0
2025-06-26 10:34:00,INUV,,3.9398999214172363,3.9398999214172363,3.9398999214172363,3.9398999214172363,110.0
2025-06-26 10:34:00,ITRG,,1.5549999475479126,1.5549999475479126,1.5499999523162842,1.5499999523162842,7451.0
2025-06-26 10:34:00,KNW,,1.9399000406265259,1.9399000406265259,1.9321999549865723,1.9321999549865723,368.0
2025-06-26 10:34:00,KULR,,5.164999961853027,5.190000057220459,5.164999961853027,5.170100212097168,11720.0
2025-06-26 10:34:00,LCTX,,1.0499999523162842,1.0549999475479126,1.0499999523162842,1.0549999475479126,200.0
2025-06-26 10:34:00,LEU,,175.9499969482422,175.9499969482422,175.1300048828125,175.72000122070312,5506.0
2025-06-26 10:34:00,LMND,,42.61000061035156,42.654998779296875,42.5099983215332,42.654998779296875,8384.0
2025-06-26 10:34:00,LNG,,239.43499755859375,239.4499969482422,239.25,239.32000732421875,4616.0
2025-06-26 10:34:00,LODE,,3.6960999965667725,3.6960999965667725,3.6960999965667725,3.6960999965667725,204.0
2025-06-26 10:34:00,MAG,,21.200000762939453,21.200000762939453,21.18000030517578,21.190000534057617,2820.0
2025-06-26 10:34:00,MXC,,9.539999961853027,9.539999961853027,9.539999961853027,9.539999961853027,110.0
2025-06-26 10:34:00,NAK,,1.5799000263214111,1.5800000429153442,1.570099949836731,1.5750000476837158,15215.0
2025-06-26 10:34:00,NBH,,9.819999694824219,9.819999694824219,9.819999694824219,9.819999694824219,383.0
2025-06-26 10:34:00,NFGC,,1.4550000429153442,1.4550000429153442,1.4550000429153442,1.4550000429153442,230.0
2025-06-26 10:34:00,NG,,3.869999885559082,3.880000114440918,3.8499999046325684,3.8499999046325684,12583.0
2025-06-26 10:34:00,NGD,,4.824999809265137,4.829999923706055,4.820000171661377,4.820000171661377,19733.0
2025-06-26 10:34:00,NNVC,,1.190000057220459,1.2100000381469727,1.190000057220459,1.2000000476837158,1328.0
2025-06-26 10:34:00,OGEN,,3.5199999809265137,3.5199999809265137,3.5199999809265137,3.5199999809265137,631.0
2025-06-26 10:34:00,OPTT,,0.5094000101089478,0.5094000101089478,0.5067999958992004,0.5069000124931335,11888.0
2025-06-26 10:34:00,ORLA,,9.959799766540527,9.959799766540527,9.959799766540527,9.959799766540527,223314.0
2025-06-26 10:34:00,OSTX,,1.7999999523162842,1.7999999523162842,1.7999999523162842,1.7999999523162842,457.0
2025-06-26 10:34:00,PLMR,,149.88270568847656,149.88999938964844,149.88270568847656,149.88999938964844,822.0
2025-06-26 10:34:00,PLX,,1.4550000429153442,1.4550000429153442,1.4550000429153442,1.4550000429153442,200.0
2025-06-26 10:34:00,SATX,,2.9639999866485596,2.9649999141693115,2.9639999866485596,2.9649999141693115,7101.0
2025-06-26 10:34:00,SEB,,2943.949951171875,2943.949951171875,2931.072509765625,2943.949951171875,3.0
2025-06-26 10:34:00,SENS,,0.4999000132083893,0.5,0.4993000030517578,0.5,10347.0
2025-06-26 10:34:00,SLI,,1.899999976158142,1.9049999713897705,1.899999976158142,1.9049999713897705,1536.0
2025-06-26 10:34:00,SLND,,3.799999952316284,3.799999952316284,3.799999952316284,3.799999952316284,221.0
2025-06-26 10:34:00,SVM,,4.125,4.130000114440918,4.119999885559082,4.125,11526.0
2025-06-26 10:34:00,TGB,,3.065000057220459,3.065000057220459,3.059999942779541,3.059999942779541,18964.0
2025-06-26 10:34:00,TPET,,1.2300000190734863,1.2400000095367432,1.2300000190734863,1.2400000095367432,6363.0
2025-06-26 10:34:00,UAMY,,2.5199999809265137,2.5199999809265137,2.5199999809265137,2.5199999809265137,5939.0
2025-06-26 10:34:00,UAVS,,1.0850000381469727,1.0850000381469727,1.0850000381469727,1.0850000381469727,1005.0
2025-06-26 10:34:00,UEC,,6.855000019073486,6.888599872589111,6.855000019073486,6.885000228881836,25006.0
2025-06-26 10:34:00,URG,,1.0499999523162842,1.0499999523162842,1.0433000326156616,1.0499999523162842,8079.0
2025-06-26 10:34:00,USAS,,0.7883999943733215,0.7937999963760376,0.7883999943733215,0.7937999963760376,8420.0
2025-06-26 10:34:00,UTG,,35.375,35.375,35.375,35.375,1376.0
2025-06-26 10:34:00,UUUU,,5.829999923706055,5.84499979019165,5.824999809265137,5.840000152587891,46645.0
2025-06-26 10:34:00,VKI,,8.170000076293945,8.180000305175781,8.170000076293945,8.180000305175781,776.0
2025-06-26 10:34:00,VTAK,,0.2515999972820282,0.2515999972820282,0.2515999972820282,0.2515999972820282,18039.0
2025-06-26 10:34:00,VZLA,,2.9600000381469727,2.9600000381469727,2.9600000381469727,2.9600000381469727,1163.0
2025-06-26 10:35:00,AEON,,0.7653999924659729,0.7670000195503235,0.7653999924659729,0.7670000195503235,2255.0
2025-06-26 10:35:00,AIM,,9.079999923706055,9.079999923706055,9.079999923706055,9.079999923706055,114.0
2025-06-26 10:35:00,AREN,,5.739999771118164,5.739999771118164,5.739999771118164,5.739999771118164,100.0
2025-06-26 10:35:00,ARMN,,6.820000171661377,6.829999923706055,6.820000171661377,6.820000171661377,3699.0
2025-06-26 10:35:00,ASM,,3.505000114440918,3.505000114440918,3.5,3.5,14067.0
2025-06-26 10:35:00,BATL,,1.5,1.5,1.4800000190734863,1.5,7624.0
2025-06-26 10:35:00,BKTI,,53.4900016784668,53.4900016784668,53.12739944458008,53.12739944458008,927.0
2025-06-26 10:35:00,BRBS,,3.2850000858306885,3.2850000858306885,3.2850000858306885,3.2850000858306885,128.0
2025-06-26 10:35:00,BTG,,3.57069993019104,3.5799999237060547,3.559999942779541,3.5699000358581543,446381.0
2025-06-26 10:35:00,BURU,,0.3321000039577484,0.3345000147819519,0.3321000039577484,0.33379998803138733,10041.0
2025-06-26 10:35:00,CANF,,1.0600999593734741,1.0600999593734741,1.0600999593734741,1.0600999593734741,0.0
2025-06-26 10:35:00,CBOE,,228.72999572753906,229.00999450683594,228.72999572753906,228.88999938964844,2055.0
2025-06-26 10:35:00,CEF,,30.25,30.25309944152832,30.25,30.25309944152832,2395.0
2025-06-26 10:35:00,CLDI,,0.2199999988079071,0.2199999988079071,0.2199999988079071,0.2199999988079071,10000.0
2025-06-26 10:35:00,CLM,,7.942800045013428,7.942800045013428,7.942800045013428,7.942800045013428,416.0
2025-06-26 10:35:00,CMCL,,18.920000076293945,19.010000228881836,18.829999923706055,18.829999923706055,2324.0
2025-06-26 10:35:00,COHN,,9.949999809265137,9.949999809265137,9.949999809265137,9.949999809265137,0.0
2025-06-26 10:35:00,CQP,,55.15999984741211,55.189998626708984,55.15999984741211,55.189998626708984,327.0
2025-06-26 10:35:00,CTM,,1.034000039100647,1.034999966621399,1.0299999713897705,1.0299999713897705,729.0
2025-06-26 10:35:00,DC,,3.7850000858306885,3.7850000858306885,3.7799999713897705,3.7850000858306885,20002.0
2025-06-26 10:35:00,DDC,,10.274999618530273,10.274999618530273,10.274999618530273,10.274999618530273,925.0
2025-06-26 10:35:00,DHY,,2.0999999046325684,2.109999895095825,2.0999999046325684,2.1098999977111816,9011.0
2025-06-26 10:35:00,DNN,,1.7835999727249146,1.7899999618530273,1.7799999713897705,1.784999966621399,1238964.0
2025-06-26 10:35:00,EMX,,2.524600028991699,2.524600028991699,2.524600028991699,2.524600028991699,232.0
2025-06-26 10:35:00,EQX,,5.855000019073486,5.860000133514404,5.840000152587891,5.840000152587891,34242.0
2025-06-26 10:35:00,ERH,,11.4399995803833,11.4399995803833,11.4399995803833,11.4399995803833,2010.0
2025-06-26 10:35:00,EVV,,10.1899995803833,10.1899995803833,10.180000305175781,10.1899995803833,1670.0
2025-06-26 10:35:00,FOXO,,0.20100000500679016,0.20100000500679016,0.20100000500679016,0.20100000500679016,4301.0
2025-06-26 10:35:00,GAU,,1.284999966621399,1.2898000478744507,1.284999966621399,1.284999966621399,1248.0
2025-06-26 10:35:00,GNS,,0.8270999789237976,0.8299999833106995,0.789900004863739,0.789900004863739,317571.0
2025-06-26 10:35:00,GORO,,0.539900004863739,0.539900004863739,0.539900004863739,0.539900004863739,240.0
2025-06-26 10:35:00,GROY,,2.2950000762939453,2.2950000762939453,2.2950000762939453,2.2950000762939453,356.0
2025-06-26 10:35:00,GSAT,,23.264999389648438,23.315000534057617,23.25,23.280000686645508,13462.0
2025-06-26 10:35:00,GTE,,5.039999961853027,5.039999961853027,5.034999847412109,5.034999847412109,6430.0
2025-06-26 10:35:00,HUSA,,13.119999885559082,13.119999885559082,13.119999885559082,13.119999885559082,154.0
2025-06-26 10:35:00,IBO,,0.8848999738693237,0.8942999839782715,0.8848999738693237,0.8937000036239624,3180.0
2025-06-26 10:35:00,IE,,9.770000457763672,9.774999618530273,9.744999885559082,9.744999885559082,5258.0
2025-06-26 10:35:00,INDO,,3.1549999713897705,3.1549999713897705,3.140000104904175,3.140000104904175,1354.0
2025-06-26 10:35:00,INUV,,3.890500068664551,3.890500068664551,3.890500068664551,3.890500068664551,501.0
2025-06-26 10:35:00,ITP,,0.18870000541210175,0.18870000541210175,0.18869799375534058,0.18869799375534058,1024.0
2025-06-26 10:35:00,ITRG,,1.5549999475479126,1.5549999475479126,1.5549999475479126,1.5549999475479126,305.0
2025-06-26 10:35:00,KNW,,1.9149999618530273,1.9321999549865723,1.909999966621399,1.9299999475479126,11207.0
2025-06-26 10:35:00,KULR,,5.15500020980835,5.169899940490723,5.150100231170654,5.164999961853027,7216.0
2025-06-26 10:35:00,LCTX,,1.059999942779541,1.059999942779541,1.059999942779541,1.059999942779541,448.0
2025-06-26 10:35:00,LEU,,175.75999450683594,175.9499969482422,175.3907928466797,175.9499969482422,3812.0
2025-06-26 10:35:00,LMND,,42.56999969482422,42.61000061035156,42.56999969482422,42.61000061035156,1613.0
2025-06-26 10:35:00,LNG,,240.14999389648438,240.3300018310547,239.4499969482422,239.4499969482422,27546.0
2025-06-26 10:35:00,MAG,,21.209999084472656,21.219999313354492,21.209999084472656,21.219999313354492,459.0
2025-06-26 10:35:00,MTA,,3.869999885559082,3.869999885559082,3.859999895095825,3.859999895095825,10353.0
2025-06-26 10:35:00,MTNB,,0.9200999736785889,0.9200999736785889,0.9200999736785889,0.9200999736785889,570.0
2025-06-26 10:35:00,MXC,,9.539999961853027,9.539999961853027,9.539999961853027,9.539999961853027,0.0
2025-06-26 10:35:00,MYO,,2.2850000858306885,2.2850000858306885,2.2850000858306885,2.2850000858306885,200.0
2025-06-26 10:35:00,NAK,,1.5799000263214111,1.5850000381469727,1.5700000524520874,1.5750000476837158,70071.0
2025-06-26 10:35:00,NCL,,0.17610099911689758,0.17710000276565552,0.17610099911689758,0.17710000276565552,279.0
2025-06-26 10:35:00,NFGC,,1.4550000429153442,1.4550000429153442,1.4550000429153442,1.4550000429153442,122.0
2025-06-26 10:35:00,NG,,3.884999990463257,3.884999990463257,3.875,3.875,6220.0
2025-06-26 10:35:00,NGD,,4.824999809265137,4.829999923706055,4.820000171661377,4.820000171661377,116211.0
2025-06-26 10:35:00,NHC,,108.2699966430664,108.63500213623047,108.2699966430664,108.63500213623047,1498.0
2025-06-26 10:35:00,NHS,,7.510000228881836,7.510000228881836,7.505000114440918,7.505000114440918,4106.0
2025-06-26 10:35:00,NML,,8.797499656677246,8.800000190734863,8.789999961853027,8.800000190734863,2380.0
2025-06-26 10:35:00,NNVC,,1.190000057220459,1.2063000202178955,1.190000057220459,1.190000057220459,1008.0
2025-06-26 10:35:00,OPTT,,0.5096719861030579,0.5096719861030579,0.5074999928474426,0.5074999928474426,601.0
2025-06-26 10:35:00,ORLA,,9.979999542236328,9.979999542236328,9.960000038146973,9.960000038146973,1461.0
2025-06-26 10:35:00,PLG,,1.600000023841858,1.6032999753952026,1.600000023841858,1.6032999753952026,2203.0
2025-06-26 10:35:00,PLMR,,149.7899932861328,149.9600067138672,149.7899932861328,149.9600067138672,1364.0
2025-06-26 10:35:00,PLX,,1.4500000476837158,1.4500000476837158,1.4500000476837158,1.4500000476837158,211.0
2025-06-26 10:35:00,REI,,0.7785000205039978,0.7785000205039978,0.7785000205039978,0.7785000205039978,100.0
2025-06-26 10:35:00,SACH,,1.0973999500274658,1.0973999500274658,1.0973999500274658,1.0973999500274658,209.0
2025-06-26 10:35:00,SATX,,2.9649999141693115,2.9649999141693115,2.9649999141693115,2.9649999141693115,512.0
2025-06-26 10:35:00,SEB,,2933.389892578125,2943.949951171875,2931.0048828125,2931.0048828125,43.0
2025-06-26 10:35:00,SENS,,0.49959999322891235,0.49959999322891235,0.49959999322891235,0.49959999322891235,227.0
2025-06-26 10:35:00,SKYH,,9.699999809265137,9.699999809265137,9.699999809265137,9.699999809265137,298.0
2025-06-26 10:35:00,SLI,,1.9006999731063843,1.9006999731063843,1.9006999731063843,1.9006999731063843,282.0
2025-06-26 10:35:00,SSY,,0.8600000143051147,0.8666999936103821,0.8600000143051147,0.8651999831199646,2130.0
2025-06-26 10:35:00,STRW,,10.819999694824219,10.819999694824219,10.819999694824219,10.819999694824219,149.0
2025-06-26 10:35:00,STXS,,2.2149999141693115,2.2179999351501465,2.2149999141693115,2.2179999351501465,920.0
2025-06-26 10:35:00,SVM,,4.130000114440918,4.139999866485596,4.119999885559082,4.124599933624268,30962.0
2025-06-26 10:35:00,TGB,,3.059999942779541,3.065000057220459,3.059999942779541,3.065000057220459,18390.0
2025-06-26 10:35:00,TMQ,,1.4900000095367432,1.4900000095367432,1.4800000190734863,1.4800000190734863,17954.0
2025-06-26 10:35:00,TOVX,,0.4399999976158142,0.4399999976158142,0.4399000108242035,0.4399999976158142,2540.0
2025-06-26 10:35:00,UAMY,,2.5199999809265137,2.5250000953674316,2.515000104904175,2.5250000953674316,20277.0
2025-06-26 10:35:00,UAVS,,1.0850000381469727,1.0850000381469727,1.0800000429153442,1.0850000381469727,7904.0
2025-06-26 10:35:00,UEC,,6.839700222015381,6.869900226593018,6.8308000564575195,6.860000133514404,45639.0
2025-06-26 10:35:00,URG,,1.0449999570846558,1.0499999523162842,1.0449999570846558,1.0449999570846558,2884.0
2025-06-26 10:35:00,USAS,,0.7973999977111816,0.7973999977111816,0.7918000221252441,0.7918000221252441,354.0
2025-06-26 10:35:00,UTG,,35.45000076293945,35.45000076293945,35.45000076293945,35.45000076293945,785.0
2025-06-26 10:35:00,UUUU,,5.820000171661377,5.84499979019165,5.809999942779541,5.835000038146973,66771.0
2025-06-26 10:35:00,VKI,,8.170000076293945,8.179900169372559,8.170000076293945,8.179900169372559,8074.0
2025-06-26 10:35:00,VZLA,,2.9690001010894775,2.9690001010894775,2.9600000381469727,2.9600000381469727,3271.0
2025-06-26 10:35:00,WWR,,0.5924999713897705,0.5924999713897705,0.5924999713897705,0.5924999713897705,309.0
2025-06-26 10:36:00,AIM,,9.130000114440918,9.130000114440918,9.130000114440918,9.130000114440918,241.0
2025-06-26 10:36:00,AREN,,5.739999771118164,5.739999771118164,5.729599952697754,5.729599952697754,1008.0
2025-06-26 10:36:00,ARMN,,6.829999923706055,6.829999923706055,6.824999809265137,6.824999809265137,1120.0
2025-06-26 10:36:00,ASM,,3.5,3.5018999576568604,3.5,3.5,8170.0
2025-06-26 10:36:00,ATNM,,1.5506000518798828,1.5599000453948975,1.5506000518798828,1.5599000453948975,641.0
2025-06-26 10:36:00,BCV,,18.780000686645508,18.780000686645508,18.780000686645508,18.780000686645508,0.0
2025-06-26 10:36:00,BTG,,3.575000047683716,3.5799999237060547,3.569999933242798,3.575000047683716,13168.0
2025-06-26 10:36:00,BURU,,0.3321000039577484,0.3336000144481659,0.3319999873638153,0.3321000039577484,24036.0
2025-06-26 10:36:00,CATX,,3.6700000762939453,3.674999952316284,3.6700000762939453,3.674999952316284,464.0
2025-06-26 10:36:00,CBOE,,228.75999450683594,228.81500244140625,228.75999450683594,228.81500244140625,1162.0
2025-06-26 10:36:00,CEF,,30.25,30.25,30.25,30.25,135.0
2025-06-26 10:36:00,CET,,47.47999954223633,47.47999954223633,47.47999954223633,47.47999954223633,200.0
2025-06-26 10:36:00,CLM,,7.9430999755859375,7.945000171661377,7.9430999755859375,7.945000171661377,1409.0
2025-06-26 10:36:00,CQP,,55.130001068115234,55.25,55.130001068115234,55.209999084472656,838.0
2025-06-26 10:36:00,CRF,,7.567999839782715,7.567999839782715,7.565000057220459,7.565000057220459,286.0
2025-06-26 10:36:00,CYBN,,8.539999961853027,8.539999961853027,8.539999961853027,8.539999961853027,301.0
2025-06-26 10:36:00,DC,,3.7699999809265137,3.7850000858306885,3.7699999809265137,3.7850000858306885,1563.0
2025-06-26 10:36:00,DHY,,2.109999895095825,2.109999895095825,2.1050000190734863,2.1098999977111816,3000.0
2025-06-26 10:36:00,DNN,,1.774999976158142,1.784999966621399,1.7699999809265137,1.7799999713897705,1075562.0
2025-06-26 10:36:00,ELA,,6.159999847412109,6.159999847412109,6.130000114440918,6.130000114440918,1188.0
2025-06-26 10:36:00,EPM,,4.75,4.75,4.75,4.75,235.0
2025-06-26 10:36:00,EQX,,5.864999771118164,5.864999771118164,5.849999904632568,5.864999771118164,30660.0
2025-06-26 10:36:00,ESP,,44.51359939575195,44.51359939575195,44.51359939575195,44.51359939575195,218.0
2025-06-26 10:36:00,EVM,,8.84000015258789,8.84000015258789,8.84000015258789,8.84000015258789,100.0
2025-06-26 10:36:00,FOXO,,0.2011999934911728,0.2011999934911728,0.2011999934911728,0.2011999934911728,2706.0
2025-06-26 10:36:00,FSP,,1.690000057220459,1.690000057220459,1.690000057220459,1.690000057220459,530.0
2025-06-26 10:36:00,FURY,,0.4844000041484833,0.4844000041484833,0.4844000041484833,0.4844000041484833,0.0
2025-06-26 10:36:00,GGN,,4.355000019073486,4.355000019073486,4.355000019073486,4.355000019073486,606.0
2025-06-26 10:36:00,GNS,,0.8184009790420532,0.8399999737739563,0.8137000203132629,0.829800009727478,125184.0
2025-06-26 10:36:00,GORO,,0.5350000262260437,0.5350000262260437,0.5350000262260437,0.5350000262260437,100.0
2025-06-26 10:36:00,GROY,,2.2950000762939453,2.2950000762939453,2.2950000762939453,2.2950000762939453,831.0
2025-06-26 10:36:00,GSAT,,23.2549991607666,23.290000915527344,23.2549991607666,23.290000915527344,6988.0
2025-06-26 10:36:00,GTE,,5.050000190734863,5.050000190734863,5.050000190734863,5.050000190734863,44596.0
2025-06-26 10:36:00,HUSA,,13.199999809265137,13.199999809265137,13.149999618530273,13.149999618530273,1668.0
2025-06-26 10:36:00,IBO,,0.8878999948501587,0.8950710296630859,0.8878999948501587,0.8878999948501587,2979.0
2025-06-26 10:36:00,IGC,,0.3091999888420105,0.3091999888420105,0.3091999888420105,0.3091999888420105,117.0
2025-06-26 10:36:00,IMO,,80.85590362548828,80.85590362548828,80.82499694824219,80.82499694824219,531.0
2025-06-26 10:36:00,INDO,,3.140000104904175,3.1500000953674316,3.140000104904175,3.1500000953674316,983.0
2025-06-26 10:36:00,ITP,,0.18870000541210175,0.18870000541210175,0.18870000541210175,0.18870000541210175,8000.0
2025-06-26 10:36:00,ITRG,,1.5549999475479126,1.5549999475479126,1.5549999475479126,1.5549999475479126,300.0
2025-06-26 10:36:00,KNW,,1.8650000095367432,1.940000057220459,1.8600000143051147,1.940000057220459,12773.0
2025-06-26 10:36:00,KULR,,5.150000095367432,5.159999847412109,5.144999980926514,5.15500020980835,8445.0
2025-06-26 10:36:00,LCTX,,1.0549999475479126,1.059999942779541,1.0549999475479126,1.059999942779541,1614.0
2025-06-26 10:36:00,LEU,,174.51010131835938,176.1999969482422,174.50999450683594,176.09500122070312,9242.0
2025-06-26 10:36:00,LMND,,42.654998779296875,42.689998626708984,42.64950180053711,42.64950180053711,2663.0
2025-06-26 10:36:00,LNG,,240.30999755859375,240.3699951171875,240.30999755859375,240.33999633789062,2393.0
2025-06-26 10:36:00,LSF,,6.119999885559082,6.119999885559082,6.119999885559082,6.119999885559082,2381.0
2025-06-26 10:36:00,MAG,,21.219999313354492,21.219999313354492,21.207000732421875,21.21660041809082,669.0
2025-06-26 10:36:00,MAIA,,1.6700999736785889,1.7100000381469727,1.6699999570846558,1.6699999570846558,14578.0
2025-06-26 10:36:00,MITQ,,0.6960999965667725,0.6960999965667725,0.6960999965667725,0.6960999965667725,319.0
2025-06-26 10:36:00,MPTI,,41.0,41.0,41.0,41.0,106.0
2025-06-26 10:36:00,MYO,,2.2850000858306885,2.2850000858306885,2.2850000858306885,2.2850000858306885,1157.0
2025-06-26 10:36:00,NAK,,1.5786000490188599,1.5799000263214111,1.5700000524520874,1.5736000537872314,24098.0
2025-06-26 10:36:00,NBH,,9.835000038146973,9.835000038146973,9.819999694824219,9.819999694824219,897.0
2025-06-26 10:36:00,NEWP,,1.3550000190734863,1.3650000095367432,1.350000023841858,1.3650000095367432,10113.0
2025-06-26 10:36:00,NG,,3.884999990463257,3.890000104904175,3.884999990463257,3.884999990463257,15491.0
2025-06-26 10:36:00,NGD,,4.824999809265137,4.829999923706055,4.820000171661377,4.820000171661377,98351.0
2025-06-26 10:36:00,NHC,,108.56500244140625,108.56500244140625,108.37000274658203,108.37000274658203,603.0
2025-06-26 10:36:00,NML,,8.800000190734863,8.817999839782715,8.800000190734863,8.800000190734863,4191.0
2025-06-26 10:36:00,NNVC,,1.190000057220459,1.2000000476837158,1.190000057220459,1.2000000476837158,540.0
2025-06-26 10:36:00,OPTT,,0.5099999904632568,0.510699987411499,0.5088000297546387,0.5099999904632568,121387.0
2025-06-26 10:36:00,ORLA,,9.979999542236328,9.979999542236328,9.979999542236328,9.979999542236328,145.0
2025-06-26 10:36:00,PHGE,,0.4570100009441376,0.47099998593330383,0.4570100009441376,0.47099998593330383,900.0
2025-06-26 10:36:00,PLG,,1.6050000190734863,1.6050000190734863,1.6050000190734863,1.6050000190734863,150.0
2025-06-26 10:36:00,PLX,,1.4550000429153442,1.4550000429153442,1.4550000429153442,1.4550000429153442,214.0
2025-06-26 10:36:00,REI,,0.7789999842643738,0.7791000008583069,0.777899980545044,0.777899980545044,601.0
2025-06-26 10:36:00,SACH,,1.098099946975708,1.098099946975708,1.098099946975708,1.098099946975708,540.0
2025-06-26 10:36:00,SATX,,2.960700035095215,2.960700035095215,2.960700035095215,2.960700035095215,256.0
2025-06-26 10:36:00,SEB,,2934.47509765625,2934.47509765625,2923.300048828125,2923.300048828125,5.0
2025-06-26 10:36:00,SENS,,0.49959999322891235,0.4999000132083893,0.49950000643730164,0.4999000132083893,3266.0
2025-06-26 10:36:00,SLI,,1.899999976158142,1.9049999713897705,1.899999976158142,1.9049999713897705,395.0
2025-06-26 10:36:00,STXS,,2.2149999141693115,2.2149999141693115,2.2149999141693115,2.2149999141693115,313.0
2025-06-26 10:36:00,SVM,,4.135000228881836,4.135000228881836,4.130000114440918,4.130000114440918,612.0
2025-06-26 10:36:00,TGB,,3.065000057220459,3.065000057220459,3.059999942779541,3.059999942779541,2216.0
2025-06-26 10:36:00,THM,,0.9384999871253967,0.9384999871253967,0.9384999871253967,0.9384999871253967,300.0
2025-06-26 10:36:00,TMQ,,1.4850000143051147,1.4900000095367432,1.4850000143051147,1.4900000095367432,690.0
2025-06-26 10:36:00,TOVX,,0.4399999976158142,0.4399999976158142,0.4399999976158142,0.4399999976158142,649.0
2025-06-26 10:36:00,UAVS,,1.090000033378601,1.090000033378601,1.090000033378601,1.090000033378601,301.0
2025-06-26 10:36:00,UEC,,6.835000038146973,6.840000152587891,6.829999923706055,6.835000038146973,15106.0
2025-06-26 10:36:00,URG,,1.0449999570846558,1.0499999523162842,1.0399999618530273,1.0399999618530273,6779.0
2025-06-26 10:36:00,UTG,,35.375,35.375,35.375,35.375,701.0
2025-06-26 10:36:00,UUUU,,5.804999828338623,5.819900035858154,5.800000190734863,5.819900035858154,16048.0
2025-06-26 10:36:00,VTAK,,0.2515999972820282,0.2515999972820282,0.2515999972820282,0.2515999972820282,100.0
2025-06-26 10:36:00,VZLA,,2.9637999534606934,2.9637999534606934,2.9637999534606934,2.9637999534606934,5233.0
2025-06-26 10:37:00,AEON,,0.765500009059906,0.7655010223388672,0.765500009059906,0.7655010223388672,885.0
2025-06-26 10:37:00,AIRI,,3.4100000858306885,3.4200000762939453,3.4100000858306885,3.4200000762939453,607.0
2025-06-26 10:37:00,ARMN,,6.824999809265137,6.824999809265137,6.820000171661377,6.820000171661377,1186.0
2025-06-26 10:37:00,ASM,,3.490000009536743,3.5,3.490000009536743,3.5,23185.0
2025-06-26 10:37:00,AZTR,,0.2587999999523163,0.258899986743927,0.25290000438690186,0.2529999911785126,11629.0
2025-06-26 10:37:00,BEEP,,4.065999984741211,4.065999984741211,4.065999984741211,4.065999984741211,1157.0
2025-06-26 10:37:00,BKTI,,54.0,54.0,53.93000030517578,54.0,811.0
2025-06-26 10:37:00,BTG,,3.575200080871582,3.5799999237060547,3.569999933242798,3.575000047683716,214487.0
2025-06-26 10:37:00,BURU,,0.33379998803138733,0.335999995470047,0.33219999074935913,0.3336000144481659,5027.0
2025-06-26 10:37:00,CATX,,3.674999952316284,3.676500082015991,3.674999952316284,3.674999952316284,496.0
2025-06-26 10:37:00,CBOE,,229.14999389648438,229.14999389648438,228.5,228.5,973.0
2025-06-26 10:37:00,CCEL,,5.400000095367432,5.899899959564209,5.400000095367432,5.899899959564209,1423.0
2025-06-26 10:37:00,CEF,,30.25,30.2549991607666,30.25,30.25,3900.0
2025-06-26 10:37:00,CLDI,,0.2198999971151352,0.2198999971151352,0.21240000426769257,0.2198999971151352,3300.0
2025-06-26 10:37:00,CLM,,7.945000171661377,7.945000171661377,7.945000171661377,7.945000171661377,253.0
2025-06-26 10:37:00,CQP,,55.310001373291016,55.310001373291016,55.130001068115234,55.130001068115234,2384.0
2025-06-26 10:37:00,CTM,,1.034999966621399,1.034999966621399,1.034999966621399,1.034999966621399,3830.0
2025-06-26 10:37:00,CVR,,12.09000015258789,12.199999809265137,12.04990005493164,12.199999809265137,524.0
2025-06-26 10:37:00,CYBN,,8.505999565124512,8.539999961853027,8.505999565124512,8.51039981842041,992.0
2025-06-26 10:37:00,DC,,3.759999990463257,3.7699999809265137,3.759999990463257,3.7699999809265137,509.0
2025-06-26 10:37:00,DHY,,2.0999999046325684,2.109999895095825,2.0999999046325684,2.1098999977111816,9510.0
2025-06-26 10:37:00,DNN,,1.774999976158142,1.7799999713897705,1.770400047302246,1.774999976158142,99633.0
2025-06-26 10:37:00,EAD,,6.979899883270264,6.979899883270264,6.979899883270264,6.979899883270264,109.0
2025-06-26 10:37:00,EMX,,2.5290000438690186,2.5290000438690186,2.5290000438690186,2.5290000438690186,100.0
2025-06-26 10:37:00,EPM,,4.75,4.75,4.75,4.75,360.0
2025-06-26 10:37:00,EQX,,5.860000133514404,5.864999771118164,5.860000133514404,5.860000133514404,50211.0
2025-06-26 10:37:00,ERC,,9.380000114440918,9.380000114440918,9.380000114440918,9.380000114440918,559.0
2025-06-26 10:37:00,ESP,,44.525001525878906,44.525001525878906,44.525001525878906,44.525001525878906,1824.0
2025-06-26 10:37:00,FOXO,,0.2012999951839447,0.2013999968767166,0.2011999934911728,0.2011999934911728,10625.0
2025-06-26 10:37:00,FSP,,1.690000057220459,1.690000057220459,1.690000057220459,1.690000057220459,209.0
2025-06-26 10:37:00,FTF,,6.389999866485596,6.389999866485596,6.389999866485596,6.389999866485596,100.0
2025-06-26 10:37:00,GAU,,1.284999966621399,1.284999966621399,1.284999966621399,1.284999966621399,152.0
2025-06-26 10:37:00,GLO,,5.340000152587891,5.340000152587891,5.340000152587891,5.340000152587891,780.0
2025-06-26 10:37:00,GNS,,0.8209999799728394,0.8230999708175659,0.8140000104904175,0.8140000104904175,48001.0
2025-06-26 10:37:00,GORO,,0.5397989749908447,0.5397989749908447,0.5350000262260437,0.5350000262260437,5100.0
2025-06-26 10:37:00,GROY,,2.2950000762939453,2.2950000762939453,2.2899999618530273,2.2950000762939453,742.0
2025-06-26 10:37:00,GSAT,,23.15999984741211,23.2450008392334,23.15999984741211,23.239999771118164,4883.0
2025-06-26 10:37:00,GTE,,5.039999961853027,5.039999961853027,5.039999961853027,5.039999961853027,137.0
2025-06-26 10:37:00,HUSA,,13.154999732971191,13.289999961853027,13.119999885559082,13.28499984741211,1073.0
2025-06-26 10:37:00,IBO,,0.883400022983551,0.8848990201950073,0.883400022983551,0.8848990201950073,571.0
2025-06-26 10:37:00,IE,,9.774999618530273,9.789999961853027,9.774999618530273,9.779999732971191,1265.0
2025-06-26 10:37:00,IMO,,80.86199951171875,80.86199951171875,80.83999633789062,80.83999633789062,502.0
2025-06-26 10:37:00,INDO,,3.134999990463257,3.1449999809265137,3.131999969482422,3.1449999809265137,812.0
2025-06-26 10:37:00,ITP,,0.1882999986410141,0.1882999986410141,0.1882999986410141,0.1882999986410141,100.0
2025-06-26 10:37:00,KNW,,1.8791999816894531,1.8895000219345093,1.8544000387191772,1.8544000387191772,7772.0
2025-06-26 10:37:00,KULR,,5.169099807739258,5.170000076293945,5.153500080108643,5.15500020980835,5860.0
2025-06-26 10:37:00,LCTX,,1.059999942779541,1.059999942779541,1.0506000518798828,1.059999942779541,9709.0
2025-06-26 10:37:00,LEU,,174.62179565429688,175.5,174.50999450683594,175.0446014404297,3644.0
2025-06-26 10:37:00,LMND,,42.52000045776367,42.66999816894531,42.47999954223633,42.65999984741211,4796.0
2025-06-26 10:37:00,LNG,,240.30999755859375,240.5500030517578,240.30999755859375,240.5500030517578,5461.0
2025-06-26 10:37:00,LODE,,3.730299949645996,3.730299949645996,3.6812000274658203,3.6812000274658203,783.0
2025-06-26 10:37:00,MAG,,21.204999923706055,21.209999084472656,21.190000534057617,21.209999084472656,8502.0
2025-06-26 10:37:00,MAIA,,1.6964999437332153,1.6964999437332153,1.6964999437332153,1.6964999437332153,150.0
2025-06-26 10:37:00,MRT,,2.7799999713897705,2.7850000858306885,2.771399974822998,2.7850000858306885,1490.0
2025-06-26 10:37:00,MTA,,3.869999885559082,3.869999885559082,3.859999895095825,3.859999895095825,585.0
2025-06-26 10:37:00,NAK,,1.573799967765808,1.5800000429153442,1.5700000524520874,1.5700000524520874,115191.0
2025-06-26 10:37:00,NCL,,0.17710000276565552,0.17710000276565552,0.17710000276565552,0.17710000276565552,100.0
2025-06-26 10:37:00,NEWP,,1.3600000143051147,1.3600000143051147,1.3600000143051147,1.3600000143051147,1554.0
2025-06-26 10:37:00,NFGC,,1.4550000429153442,1.4550000429153442,1.4550000429153442,1.4550000429153442,130.0
2025-06-26 10:37:00,NG,,3.875,3.884999990463257,3.869999885559082,3.884999990463257,4456.0
2025-06-26 10:37:00,NGD,,4.824999809265137,4.829999923706055,4.820000171661377,4.820000171661377,18584.0
2025-06-26 10:37:00,NHC,,108.7699966430664,108.7699966430664,108.4000015258789,108.4000015258789,1089.0
2025-06-26 10:37:00,NHS,,7.480000019073486,7.480000019073486,7.480000019073486,7.480000019073486,398.0
2025-06-26 10:37:00,NML,,8.795000076293945,8.795000076293945,8.795000076293945,8.795000076293945,2139.0
2025-06-26 10:37:00,NNVC,,1.1950000524520874,1.1950000524520874,1.1950000524520874,1.1950000524520874,7577.0
2025-06-26 10:37:00,NRXS,,2.5999999046325684,2.5999999046325684,2.5899999141693115,2.5999999046325684,1058.0
2025-06-26 10:37:00,OPTT,,0.5101000070571899,0.510699987411499,0.5101000070571899,0.510699987411499,7569.0
2025-06-26 10:37:00,ORLA,,9.960000038146973,9.975000381469727,9.960000038146973,9.970000267028809,1644.0
2025-06-26 10:37:00,PLMR,,149.4499969482422,149.5,149.44009399414062,149.44009399414062,676.0
2025-06-26 10:37:00,PLX,,1.4500000476837158,1.4500000476837158,1.4500000476837158,1.4500000476837158,200.0
2025-06-26 10:37:00,RCG,,2.619800090789795,2.619800090789795,2.619800090789795,2.619800090789795,0.0
2025-06-26 10:37:00,SATX,,2.9600000381469727,2.9600000381469727,2.9600000381469727,2.9600000381469727,194.0
2025-06-26 10:37:00,SEB,,2934.39990234375,2934.39990234375,2934.39990234375,2934.39990234375,12.0
2025-06-26 10:37:00,SENS,,0.49959999322891235,0.49959999322891235,0.49950000643730164,0.49950000643730164,9982.0
2025-06-26 10:37:00,SGN,,1.0199999809265137,1.0199999809265137,1.0199999809265137,1.0199999809265137,151.0
2025-06-26 10:37:00,SKYH,,9.699999809265137,9.699999809265137,9.699999809265137,9.699999809265137,190.0
2025-06-26 10:37:00,SLI,,1.9049999713897705,1.9049999713897705,1.9049999713897705,1.9049999713897705,1059.0
2025-06-26 10:37:00,SSY,,0.8641999959945679,0.8641999959945679,0.8641999959945679,0.8641999959945679,149.0
2025-06-26 10:37:00,STXS,,2.2149999141693115,2.2200000286102295,2.2149999141693115,2.2149999141693115,2884.0
2025-06-26 10:37:00,SVM,,4.130000114440918,4.139900207519531,4.130000114440918,4.130000114440918,18116.0
2025-06-26 10:37:00,TGB,,3.059999942779541,3.0699000358581543,3.059999942779541,3.065000057220459,41809.0
2025-06-26 10:37:00,THM,,0.9110999703407288,0.9110999703407288,0.9110999703407288,0.9110999703407288,10000.0
2025-06-26 10:37:00,TMQ,,1.4850000143051147,1.4851000308990479,1.4850000143051147,1.4851000308990479,1236.0
2025-06-26 10:37:00,TOON,,0.7300999760627747,0.7300999760627747,0.7300999760627747,0.7300999760627747,301.0
2025-06-26 10:37:00,TOVX,,0.4449999928474426,0.4449999928474426,0.4449999928474426,0.4449999928474426,315.0
2025-06-26 10:37:00,TPET,,1.2400000095367432,1.25,1.2350000143051147,1.2350000143051147,4807.0
2025-06-26 10:37:00,UAMY,,2.515000104904175,2.5199999809265137,2.515000104904175,2.515000104904175,1093.0
2025-06-26 10:37:00,UAVS,,1.0850000381469727,1.0895999670028687,1.0850000381469727,1.0895999670028687,1198.0
2025-06-26 10:37:00,UEC,,6.835400104522705,6.839200019836426,6.829999923706055,6.835000038146973,7832.0
2025-06-26 10:37:00,URG,,1.0449999570846558,1.0499999523162842,1.0449999570846558,1.0449999570846558,2159.0
2025-06-26 10:37:00,UTG,,35.30009841918945,35.439998626708984,35.30009841918945,35.439998626708984,3051.0
2025-06-26 10:37:00,UUUU,,5.804999828338623,5.809999942779541,5.800000190734863,5.804999828338623,26504.0
2025-06-26 10:37:00,VTAK,,0.2515999972820282,0.251800000667572,0.2515999972820282,0.251800000667572,8932.0
2025-06-26 10:37:00,VZLA,,2.9663000106811523,2.9700000286102295,2.9600000381469727,2.9600000381469727,2128.0
2025-06-26 10:37:00,WWR,,0.585099995136261,0.5924999713897705,0.585099995136261,0.5924999713897705,10810.0
2025-06-26 10:38:00,AEON,,0.7653999924659729,0.7653999924659729,0.7653999924659729,0.7653999924659729,100.0
2025-06-26 10:38:00,AIRI,,3.4309000968933105,3.4309000968933105,3.4309000968933105,3.4309000968933105,135.0
2025-06-26 10:38:00,AREN,,5.672100067138672,5.672100067138672,5.672100067138672,5.672100067138672,250.0
2025-06-26 10:38:00,ARMN,,6.824999809265137,6.824999809265137,6.820000171661377,6.820000171661377,3128.0
2025-06-26 10:38:00,ASM,,3.4823999404907227,3.5,3.4800000190734863,3.494999885559082,34968.0
2025-06-26 10:38:00,ATNM,,1.5499999523162842,1.5499999523162842,1.5499999523162842,1.5499999523162842,167.0
2025-06-26 10:38:00,AZTR,,0.2549999952316284,0.25699999928474426,0.2549999952316284,0.2563999891281128,3320.0
2025-06-26 10:38:00,BKTI,,54.01499938964844,54.01499938964844,53.40729904174805,53.900001525878906,1842.0
2025-06-26 10:38:00,BRBS,,3.2850000858306885,3.2850000858306885,3.2850000858306885,3.2850000858306885,413.0
2025-06-26 10:38:00,BTG,,3.565000057220459,3.5799999237060547,3.559999942779541,3.575000047683716,427042.0
2025-06-26 10:38:00,BURU,,0.33219999074935913,0.33219999074935913,0.33219999074935913,0.33219999074935913,1080.0
2025-06-26 10:38:00,CATX,,3.684999942779541,3.684999942779541,3.680000066757202,3.680000066757202,2730.0
2025-06-26 10:38:00,CBOE,,228.63999938964844,228.89500427246094,228.63999938964844,228.89500427246094,881.0
2025-06-26 10:38:00,CCEL,,5.690000057220459,5.699999809265137,5.690000057220459,5.699999809265137,200.0
2025-06-26 10:38:00,CEF,,30.237300872802734,30.239999771118164,30.235000610351562,30.239999771118164,834.0
2025-06-26 10:38:00,CEV,,9.64050006866455,9.64050006866455,9.64050006866455,9.64050006866455,1218.0
2025-06-26 10:38:00,CLDI,,0.21180100739002228,0.21180100739002228,0.21170000731945038,0.21170000731945038,1120.0
2025-06-26 10:38:00,CLM,,7.9430999755859375,7.945000171661377,7.9430999755859375,7.945000171661377,1279.0
2025-06-26 10:38:00,CMCL,,18.90999984741211,18.90999984741211,18.90999984741211,18.90999984741211,220.0
2025-06-26 10:38:00,CQP,,55.310001373291016,55.310001373291016,55.189998626708984,55.189998626708984,436.0
2025-06-26 10:38:00,CRF,,7.563000202178955,7.563000202178955,7.563000202178955,7.563000202178955,1121.0
2025-06-26 10:38:00,CTM,,1.0389000177383423,1.0389000177383423,1.0389000177383423,1.0389000177383423,305.0
2025-06-26 10:38:00,CVR,,12.0,12.199899673461914,12.0,12.199899673461914,651.0
2025-06-26 10:38:00,CYBN,,8.5600004196167,8.5600004196167,8.510000228881836,8.5600004196167,84279.0
2025-06-26 10:38:00,DC,,3.7699999809265137,3.7699999809265137,3.7699999809265137,3.7699999809265137,110.0
2025-06-26 10:38:00,DHY,,2.109999895095825,2.109999895095825,2.109999895095825,2.109999895095825,21447.0
2025-06-26 10:38:00,DNN,,1.7742999792099,1.7796000242233276,1.7699999809265137,1.774999976158142,102584.0
2025-06-26 10:38:00,DSS,,0.9294999837875366,0.9294999837875366,0.9294999837875366,0.9294999837875366,174.0
2025-06-26 10:38:00,EIM,,9.545000076293945,9.545000076293945,9.545000076293945,9.545000076293945,2400.0
2025-06-26 10:38:00,ELA,,6.125,6.125,6.125,6.125,155.0
2025-06-26 10:38:00,EQX,,5.855000019073486,5.864999771118164,5.849999904632568,5.864999771118164,22689.0
2025-06-26 10:38:00,ESP,,44.525001525878906,44.525001525878906,44.22610092163086,44.229000091552734,7131.0
2025-06-26 10:38:00,EVM,,8.84000015258789,8.84000015258789,8.84000015258789,8.84000015258789,168.0
2025-06-26 10:38:00,EVV,,10.170000076293945,10.170000076293945,10.170000076293945,10.170000076293945,500.0
2025-06-26 10:38:00,FOXO,,0.20200000703334808,0.20200000703334808,0.2013999968767166,0.2013999968767166,24180.0
2025-06-26 10:38:00,GGN,,4.355000019073486,4.355000019073486,4.355000019073486,4.355000019073486,613.0
2025-06-26 10:38:00,GLDG,,0.7434999942779541,0.7451000213623047,0.7434999942779541,0.7450000047683716,12700.0
2025-06-26 10:38:00,GNS,,0.8195000290870667,0.8230999708175659,0.8149999976158142,0.8201000094413757,66187.0
2025-06-26 10:38:00,GORO,,0.5374000072479248,0.5374000072479248,0.5374000072479248,0.5374000072479248,5000.0
2025-06-26 10:38:00,GROY,,2.2950000762939453,2.2950000762939453,2.2950000762939453,2.2950000762939453,1446.0
2025-06-26 10:38:00,GSAT,,23.155000686645508,23.155000686645508,23.155000686645508,23.155000686645508,3565.0
2025-06-26 10:38:00,HUSA,,13.076000213623047,13.149999618530273,13.076000213623047,13.076000213623047,1847.0
2025-06-26 10:38:00,IBO,,0.8848000168800354,0.8848000168800354,0.8826410174369812,0.8826410174369812,550.0
2025-06-26 10:38:00,IMO,,80.82779693603516,80.82779693603516,80.82779693603516,80.82779693603516,283.0
2025-06-26 10:38:00,INDO,,3.130000114440918,3.130000114440918,3.130000114440918,3.130000114440918,2326.0
2025-06-26 10:38:00,INFU,,6.440000057220459,6.449999809265137,6.420199871063232,6.420199871063232,1126.0
2025-06-26 10:38:00,ITRG,,1.5499999523162842,1.5499999523162842,1.5499999523162842,1.5499999523162842,401.0
2025-06-26 10:38:00,JOB,,0.20499999821186066,0.20499999821186066,0.20499999821186066,0.20499999821186066,0.0
2025-06-26 10:38:00,KNW,,1.8700000047683716,1.8799999952316284,1.8600000143051147,1.8799999952316284,7833.0
2025-06-26 10:38:00,KULR,,5.15500020980835,5.170000076293945,5.150000095367432,5.164999961853027,7535.0
2025-06-26 10:38:00,LCTX,,1.065000057220459,1.0700000524520874,1.059999942779541,1.059999942779541,28495.0
2025-06-26 10:38:00,LEU,,175.33999633789062,175.52000427246094,174.75559997558594,175.33999633789062,8139.0
2025-06-26 10:38:00,LMND,,42.47999954223633,42.4900016784668,42.45000076293945,42.47999954223633,2602.0
2025-06-26 10:38:00,LNG,,240.57000732421875,240.60000610351562,240.50999450683594,240.52000427246094,1289.0
2025-06-26 10:38:00,MAG,,21.200000762939453,21.200000762939453,21.190000534057617,21.190000534057617,1235.0
2025-06-26 10:38:00,MRT,,2.785099983215332,2.785099983215332,2.785099983215332,2.785099983215332,126.0
2025-06-26 10:38:00,NAK,,1.5700000524520874,1.5800000429153442,1.5700000524520874,1.5800000429153442,4636.0
2025-06-26 10:38:00,NBH,,9.835000038146973,9.835000038146973,9.835000038146973,9.835000038146973,103.0
2025-06-26 10:38:00,NFGC,,1.4550000429153442,1.4550000429153442,1.4550000429153442,1.4550000429153442,131.0
2025-06-26 10:38:00,NG,,3.869999885559082,3.8775999546051025,3.869999885559082,3.875,16702.0
2025-06-26 10:38:00,NGD,,4.824999809265137,4.829999923706055,4.820000171661377,4.824999809265137,161623.0
2025-06-26 10:38:00,NHS,,7.480100154876709,7.480100154876709,7.480100154876709,7.480100154876709,1338.0
2025-06-26 10:38:00,NRXS,,2.6500000953674316,2.6500000953674316,2.6500000953674316,2.6500000953674316,15118.0
2025-06-26 10:38:00,NTIP,,1.2094000577926636,1.2094000577926636,1.2094000577926636,1.2094000577926636,0.0
2025-06-26 10:38:00,OBE,,5.539999961853027,5.539999961853027,5.539999961853027,5.539999961853027,4054.0
2025-06-26 10:38:00,OPTT,,0.5101000070571899,0.510200023651123,0.5101000070571899,0.5101000070571899,5404.0
2025-06-26 10:38:00,ORLA,,9.960000038146973,9.960000038146973,9.949999809265137,9.960000038146973,3339.0
2025-06-26 10:38:00,PLG,,1.5950000286102295,1.6050000190734863,1.5950000286102295,1.6050000190734863,10579.0
2025-06-26 10:38:00,PLMR,,149.0749969482422,149.42999267578125,149.0749969482422,149.35009765625,955.0
2025-06-26 10:38:00,PLX,,1.4500000476837158,1.4550000429153442,1.4500000476837158,1.4550000429153442,218.0
2025-06-26 10:38:00,REI,,0.7782999873161316,0.7789999842643738,0.777999997138977,0.777999997138977,7163.0
2025-06-26 10:38:00,SACH,,1.0950000286102295,1.0950000286102295,1.0950000286102295,1.0950000286102295,2197.0
2025-06-26 10:38:00,SATX,,2.9649999141693115,2.9649999141693115,2.9600000381469727,2.9600000381469727,3165.0
2025-06-26 10:38:00,SEB,,2932.010009765625,2943.949951171875,2932.010009765625,2934.47509765625,5.0
2025-06-26 10:38:00,SENS,,0.5009999871253967,0.5013999938964844,0.49950000643730164,0.49959999322891235,41695.0
2025-06-26 10:38:00,SGN,,1.0199999809265137,1.0199999809265137,1.0199999809265137,1.0199999809265137,100.0
2025-06-26 10:38:00,SKYH,,9.667499542236328,9.667499542236328,9.630000114440918,9.664999961853027,1022.0
2025-06-26 10:38:00,SLI,,1.9049999713897705,1.9049999713897705,1.899999976158142,1.899999976158142,1820.0
2025-06-26 10:38:00,SOAR,,1.4700000286102295,1.4700000286102295,1.465000033378601,1.4700000286102295,4391.0
2025-06-26 10:38:00,SSY,,0.8421000242233276,0.8500000238418579,0.84170001745224,0.8500000238418579,3438.0
2025-06-26 10:38:00,STXS,,2.2249999046325684,2.2249999046325684,2.2200000286102295,2.2200000286102295,1238.0
2025-06-26 10:38:00,SVM,,4.135000228881836,4.139999866485596,4.119999885559082,4.135000228881836,69634.0
2025-06-26 10:38:00,TGB,,3.059999942779541,3.065000057220459,3.059999942779541,3.059999942779541,56450.0
2025-06-26 10:38:00,THM,,0.9110999703407288,0.9110999703407288,0.9110999703407288,0.9110999703407288,0.0
2025-06-26 10:38:00,TRX,,0.3393000066280365,0.3393000066280365,0.3393000066280365,0.3393000066280365,1100.0
2025-06-26 10:38:00,UAMY,,2.509999990463257,2.5199999809265137,2.509999990463257,2.5199999809265137,856.0
2025-06-26 10:38:00,UAVS,,1.0865999460220337,1.0865999460220337,1.0865999460220337,1.0865999460220337,501.0
2025-06-26 10:38:00,UEC,,6.855000019073486,6.860000133514404,6.832499980926514,6.832499980926514,34225.0
2025-06-26 10:38:00,URG,,1.0449999570846558,1.0499999523162842,1.0449999570846558,1.0449999570846558,5145.0
2025-06-26 10:38:00,USAS,,0.7938500046730042,0.7939000129699707,0.7938500046730042,0.7939000129699707,718.0
2025-06-26 10:38:00,UUUU,,5.804999828338623,5.820000171661377,5.800000190734863,5.804999828338623,29879.0
2025-06-26 10:38:00,VZLA,,2.9600000381469727,2.9690001010894775,2.9600000381469727,2.9649999141693115,869.0
2025-06-26 10:39:00,AEON,,0.7698000073432922,0.7698000073432922,0.7698000073432922,0.7698000073432922,124.0
2025-06-26 10:39:00,ARMN,,6.824999809265137,6.824999809265137,6.820000171661377,6.824999809265137,800.0
2025-06-26 10:39:00,ASM,,3.4814999103546143,3.484999895095825,3.4814999103546143,3.484999895095825,1474.0
2025-06-26 10:39:00,ATNM,,1.5499999523162842,1.5499999523162842,1.5499999523162842,1.5499999523162842,428.0
2025-06-26 10:39:00,AUST,,1.340000033378601,1.340000033378601,1.340000033378601,1.340000033378601,641.0
2025-06-26 10:39:00,BKTI,,53.56999969482422,54.0,53.54999923706055,54.0,484.0
2025-06-26 10:39:00,BTG,,3.575000047683716,3.5799999237060547,3.559999942779541,3.5699000358581543,186769.0
2025-06-26 10:39:00,BURU,,0.3321000039577484,0.33219999074935913,0.3321000039577484,0.33219999074935913,10803.0
2025-06-26 10:39:00,CATX,,3.680000066757202,3.684999942779541,3.680000066757202,3.684999942779541,1568.0
2025-06-26 10:39:00,CBOE,,228.89500427246094,228.89500427246094,228.89500427246094,228.89500427246094,496.0
2025-06-26 10:39:00,CCEL,,5.489999771118164,5.489999771118164,5.489999771118164,5.489999771118164,142.0
2025-06-26 10:39:00,CEF,,30.225000381469727,30.225000381469727,30.225000381469727,30.225000381469727,140.0
2025-06-26 10:39:00,CIK,,2.9398999214172363,2.9398999214172363,2.934999942779541,2.934999942779541,11368.0
2025-06-26 10:39:00,CQP,,55.314998626708984,55.314998626708984,55.314998626708984,55.314998626708984,225.0
2025-06-26 10:39:00,CTM,,1.034999966621399,1.034999966621399,1.034999966621399,1.034999966621399,198.0
2025-06-26 10:39:00,CVM,,2.468600034713745,2.468600034713745,2.468600034713745,2.468600034713745,599.0
2025-06-26 10:39:00,CVR,,12.22350025177002,12.249899864196777,12.0,12.012200355529785,905.0
2025-06-26 10:39:00,CYBN,,8.600000381469727,8.600000381469727,8.5600004196167,8.5600004196167,3328.0
2025-06-26 10:39:00,DNN,,1.774999976158142,1.774999976158142,1.774999976158142,1.774999976158142,93767.0
2025-06-26 10:39:00,EMX,,2.5250000953674316,2.5250000953674316,2.5250000953674316,2.5250000953674316,130.0
2025-06-26 10:39:00,EQX,,5.849999904632568,5.855000019073486,5.849999904632568,5.850200176239014,6191.0
2025-06-26 10:39:00,FOXO,,0.20149999856948853,0.20149999856948853,0.20149999856948853,0.20149999856948853,3178.0
2025-06-26 10:39:00,FSP,,1.690000057220459,1.690000057220459,1.690000057220459,1.690000057220459,760.0
2025-06-26 10:39:00,FTF,,6.389999866485596,6.389999866485596,6.389999866485596,6.389999866485596,100.0
2025-06-26 10:39:00,GENC,,14.229999542236328,14.229999542236328,14.229999542236328,14.229999542236328,334.0
2025-06-26 10:39:00,GLDG,,0.7421000003814697,0.7421000003814697,0.7421000003814697,0.7421000003814697,246.0
2025-06-26 10:39:00,GLO,,5.339900016784668,5.339900016784668,5.339900016784668,5.339900016784668,354.0
2025-06-26 10:39:00,GLQ,,6.936999797821045,6.936999797821045,6.936999797821045,6.936999797821045,0.0
2025-06-26 10:39:00,GNS,,0.8245000243186951,0.8245000243186951,0.8149999976158142,0.8162000179290771,55149.0
2025-06-26 10:39:00,GORO,,0.5350000262260437,0.5396999716758728,0.5350000262260437,0.5396999716758728,340.0
2025-06-26 10:39:00,GROY,,2.2950000762939453,2.2950000762939453,2.2899999618530273,2.2899999618530273,1748.0
2025-06-26 10:39:00,GSAT,,23.170000076293945,23.170000076293945,23.170000076293945,23.170000076293945,1730.0
2025-06-26 10:39:00,HUSA,,13.050000190734863,13.050000190734863,13.050000190734863,13.050000190734863,559.0
2025-06-26 10:39:00,IBO,,0.8877990245819092,0.8877990245819092,0.882099986076355,0.882099986076355,1463.0
2025-06-26 10:39:00,IE,,9.800000190734863,9.800000190734863,9.800000190734863,9.800000190734863,206.0
2025-06-26 10:39:00,IMO,,80.81999969482422,80.81999969482422,80.75,80.7699966430664,1146.0
2025-06-26 10:39:00,INDO,,3.130000114440918,3.140000104904175,3.109999895095825,3.130000114440918,10538.0
2025-06-26 10:39:00,ITP,,0.1897989958524704,0.1897989958524704,0.1897989958524704,0.1897989958524704,3001.0
2025-06-26 10:39:00,ITRG,,1.5549999475479126,1.5580999851226807,1.5549999475479126,1.5549999475479126,50000.0
2025-06-26 10:39:00,KNW,,1.8899999856948853,1.8899999856948853,1.8799999952316284,1.8799999952316284,5000.0
2025-06-26 10:39:00,KULR,,5.150100231170654,5.15500020980835,5.150100231170654,5.151100158691406,2046.0
2025-06-26 10:39:00,LCTX,,1.065000057220459,1.0700000524520874,1.065000057220459,1.0700000524520874,244.0
2025-06-26 10:39:00,LEU,,175.77459716796875,175.97999572753906,175.0,175.5,5132.0
2025-06-26 10:39:00,LMND,,42.38999938964844,42.47999954223633,42.369998931884766,42.47999954223633,6620.0
2025-06-26 10:39:00,LNG,,240.52999877929688,240.6999969482422,240.39999389648438,240.6999969482422,4941.0
2025-06-26 10:39:00,LODE,,3.700000047683716,3.7049999237060547,3.700000047683716,3.7049999237060547,5312.0
2025-06-26 10:39:00,MAG,,21.200000762939453,21.200000762939453,21.19499969482422,21.19499969482422,650.0
2025-06-26 10:39:00,MITQ,,0.698199987411499,0.699999988079071,0.6937000155448914,0.6970999836921692,23276.0
2025-06-26 10:39:00,MPTI,,40.97999954223633,40.97999954223633,40.97999954223633,40.97999954223633,262.0
2025-06-26 10:39:00,MRT,,2.789900064468384,2.789900064468384,2.789900064468384,2.789900064468384,750.0
2025-06-26 10:39:00,MTA,,3.8499999046325684,3.8499999046325684,3.8499999046325684,3.8499999046325684,162.0
2025-06-26 10:39:00,MYO,,2.2799999713897705,2.2850000858306885,2.2799999713897705,2.280100107192993,10810.0
2025-06-26 10:39:00,NAK,,1.5800000429153442,1.5800000429153442,1.570099949836731,1.5750000476837158,40753.0
2025-06-26 10:39:00,NCL,,0.17710000276565552,0.17710000276565552,0.17710000276565552,0.17710000276565552,8628.0
2025-06-26 10:39:00,NG,,3.8550000190734863,3.869999885559082,3.8548998832702637,3.869999885559082,35361.0
2025-06-26 10:39:00,NGD,,4.815000057220459,4.824999809265137,4.809999942779541,4.824999809265137,127157.0
2025-06-26 10:39:00,NNVC,,1.2000000476837158,1.2000000476837158,1.2000000476837158,1.2000000476837158,160.0
2025-06-26 10:39:00,OPTT,,0.5102999806404114,0.5102999806404114,0.5076000094413757,0.5101000070571899,12676.0
2025-06-26 10:39:00,ORLA,,9.96500015258789,9.96500015258789,9.949000358581543,9.949999809265137,6049.0
2025-06-26 10:39:00,PED,,0.6700000166893005,0.6700000166893005,0.6700000166893005,0.6700000166893005,0.0
2025-06-26 10:39:00,PLG,,1.600000023841858,1.600000023841858,1.600000023841858,1.600000023841858,100.0
2025-06-26 10:39:00,PLX,,1.4500000476837158,1.4500000476837158,1.4500000476837158,1.4500000476837158,136.0
2025-06-26 10:39:00,REI,,0.7786999940872192,0.7786999940872192,0.7786999940872192,0.7786999940872192,1775.0
2025-06-26 10:39:00,SATX,,2.9600000381469727,2.9600000381469727,2.9600000381469727,2.9600000381469727,401.0
2025-06-26 10:39:00,SBEV,,3.009999990463257,3.009999990463257,3.009999990463257,3.009999990463257,569.0
2025-06-26 10:39:00,SEB,,2937.469970703125,2943.949951171875,2937.469970703125,2942.89990234375,3.0
2025-06-26 10:39:00,SENS,,0.5,0.5041999816894531,0.5,0.5012999773025513,25795.0
2025-06-26 10:39:00,SGN,,1.0199999809265137,1.0199999809265137,1.0199999809265137,1.0199999809265137,110.0
2025-06-26 10:39:00,SLI,,1.905400037765503,1.905400037765503,1.905400037765503,1.905400037765503,198.0
2025-06-26 10:39:00,SSY,,0.8500000238418579,0.8500000238418579,0.8349999785423279,0.8420000076293945,1259.0
2025-06-26 10:39:00,SVM,,4.135000228881836,4.135000228881836,4.130000114440918,4.135000228881836,4232.0
2025-06-26 10:39:00,TGB,,3.059999942779541,3.065000057220459,3.059999942779541,3.065000057220459,2003.0
2025-06-26 10:39:00,TOON,,0.734050989151001,0.734050989151001,0.734050989151001,0.734050989151001,170.0
2025-06-26 10:39:00,UAMY,,2.515000104904175,2.5164999961853027,2.515000104904175,2.5164999961853027,1152.0
2025-06-26 10:39:00,UAVS,,1.080399990081787,1.090000033378601,1.080399990081787,1.090000033378601,1455.0
2025-06-26 10:39:00,UEC,,6.860000133514404,6.860000133514404,6.849999904632568,6.860000133514404,15240.0
2025-06-26 10:39:00,URG,,1.0499999523162842,1.0499999523162842,1.0449999570846558,1.0449999570846558,2934.0
2025-06-26 10:39:00,UTG,,35.375,35.375,35.32310104370117,35.32310104370117,693.0
2025-06-26 10:39:00,UUUU,,5.804999828338623,5.809999942779541,5.804800033569336,5.804999828338623,23315.0
2025-06-26 10:39:00,VGZ,,1.0149999856948853,1.0149999856948853,1.0149999856948853,1.0149999856948853,166.0
2025-06-26 10:39:00,VTAK,,0.2516010105609894,0.2516010105609894,0.2516010105609894,0.2516010105609894,501.0
2025-06-26 10:39:00,VZLA,,2.9600000381469727,2.9700000286102295,2.9600000381469727,2.9649999141693115,1771.0
2025-06-26 10:39:00,XPL,,0.6424999833106995,0.6424999833106995,0.6424999833106995,0.6424999833106995,113.0
2025-06-26 10:39:00,ZDGE,,4.232800006866455,4.248899936676025,4.184999942779541,4.184999942779541,12937.0
2025-06-26 10:40:00,ARMN,,6.820000171661377,6.824999809265137,6.820000171661377,6.824999809265137,900.0
2025-06-26 10:40:00,ASM,,3.4811999797821045,3.484999895095825,3.4811999797821045,3.484999895095825,20648.0
2025-06-26 10:40:00,ATNM,,1.5499999523162842,1.5499999523162842,1.5499999523162842,1.5499999523162842,304.0
2025-06-26 10:40:00,BKTI,,53.599998474121094,53.599998474121094,53.56999969482422,53.56999969482422,458.0
2025-06-26 10:40:00,BRBS,,3.2799999713897705,3.2799999713897705,3.2799999713897705,3.2799999713897705,119.0
2025-06-26 10:40:00,BTG,,3.574899911880493,3.5799999237060547,3.569999933242798,3.569999933242798,65354.0
2025-06-26 10:40:00,BURU,,0.3276999890804291,0.3321000039577484,0.3276999890804291,0.3321000039577484,30746.0
2025-06-26 10:40:00,CATX,,3.6700000762939453,3.6700000762939453,3.6700000762939453,3.6700000762939453,119.0
2025-06-26 10:40:00,CBOE,,228.89500427246094,228.89500427246094,228.89500427246094,228.89500427246094,236.0
2025-06-26 10:40:00,CET,,47.47999954223633,47.47999954223633,47.47999954223633,47.47999954223633,346.0
2025-06-26 10:40:00,CEV,,9.675000190734863,9.675000190734863,9.675000190734863,9.675000190734863,100.0
2025-06-26 10:40:00,CIK,,2.934999942779541,2.940000057220459,2.9300999641418457,2.9398999214172363,22402.0
2025-06-26 10:40:00,CLM,,7.949999809265137,7.949999809265137,7.940000057220459,7.949999809265137,3196.0
2025-06-26 10:40:00,CQP,,55.314998626708984,55.404998779296875,55.25,55.25,1304.0
2025-06-26 10:40:00,CRF,,7.569900035858154,7.569900035858154,7.569900035858154,7.569900035858154,2734.0
2025-06-26 10:40:00,DC,,3.7750000953674316,3.7750000953674316,3.7699999809265137,3.7750000953674316,830.0
2025-06-26 10:40:00,DNN,,1.7799999713897705,1.7799999713897705,1.774999976158142,1.774999976158142,9541.0
2025-06-26 10:40:00,EQX,,5.84499979019165,5.855000019073486,5.840000152587891,5.849999904632568,24835.0
2025-06-26 10:40:00,ERC,,9.380000114440918,9.380000114440918,9.380000114440918,9.380000114440918,100.0
2025-06-26 10:40:00,ERH,,11.316200256347656,11.316200256347656,11.316200256347656,11.316200256347656,2202.0
2025-06-26 10:40:00,EVM,,8.84000015258789,8.84000015258789,8.84000015258789,8.84000015258789,200.0
2025-06-26 10:40:00,GAU,,1.284999966621399,1.284999966621399,1.284999966621399,1.284999966621399,165.0
2025-06-26 10:40:00,GNS,,0.839900016784668,0.8399999737739563,0.8195000290870667,0.8243989944458008,180724.0
2025-06-26 10:40:00,GROY,,2.2950000762939453,2.2950000762939453,2.2950000762939453,2.2950000762939453,813.0
2025-06-26 10:40:00,GTE,,5.050000190734863,5.050000190734863,5.03000020980835,5.03000020980835,1692.0
2025-06-26 10:40:00,HUSA,,13.16450023651123,13.16450023651123,13.084500312805176,13.090900421142578,5480.0
2025-06-26 10:40:00,IBO,,0.8871639966964722,0.8871639966964722,0.8848999738693237,0.8848999738693237,1183.0
2025-06-26 10:40:00,IE,,9.805000305175781,9.805000305175781,9.78499984741211,9.78499984741211,1090.0
2025-06-26 10:40:00,IGC,,0.3091000020503998,0.3091000020503998,0.3091000020503998,0.3091000020503998,175.0
2025-06-26 10:40:00,IMO,,80.81999969482422,80.86000061035156,80.81999969482422,80.86000061035156,411.0
2025-06-26 10:40:00,INDO,,3.174999952316284,3.180000066757202,3.139899969100952,3.139899969100952,4475.0
2025-06-26 10:40:00,ITRG,,1.559999942779541,1.559999942779541,1.5549999475479126,1.5549999475479126,700.0
2025-06-26 10:40:00,KNW,,1.8600000143051147,1.8806999921798706,1.8600000143051147,1.8801000118255615,2031.0
2025-06-26 10:40:00,KULR,,5.139999866485596,5.151100158691406,5.13730001449585,5.151100158691406,5581.0
2025-06-26 10:40:00,LCTX,,1.0700000524520874,1.0700000524520874,1.0700000524520874,1.0700000524520874,359519.0
2025-06-26 10:40:00,LEU,,175.30999755859375,175.8000030517578,174.88999938964844,175.7794952392578,5341.0
2025-06-26 10:40:00,LMND,,42.380001068115234,42.43000030517578,42.35300064086914,42.41999816894531,10978.0
2025-06-26 10:40:00,LNG,,240.8800048828125,241.0,240.8000030517578,240.8000030517578,4671.0
2025-06-26 10:40:00,LODE,,3.7049999237060547,3.7049999237060547,3.7049999237060547,3.7049999237060547,202.0
2025-06-26 10:40:00,MAG,,21.200000762939453,21.204999923706055,21.200000762939453,21.200000762939453,528.0
2025-06-26 10:40:00,MTA,,3.8499999046325684,3.8499999046325684,3.8499999046325684,3.8499999046325684,1113.0
2025-06-26 10:40:00,MYO,,2.2799999713897705,2.2799999713897705,2.2799999713897705,2.2799999713897705,761.0
2025-06-26 10:40:00,NAK,,1.5800000429153442,1.590000033378601,1.5765000581741333,1.5765000581741333,69885.0
2025-06-26 10:40:00,NBH,,9.835000038146973,9.835000038146973,9.835000038146973,9.835000038146973,103.0
2025-06-26 10:40:00,NCL,,0.17720000445842743,0.17720000445842743,0.17720000445842743,0.17720000445842743,230.0
2025-06-26 10:40:00,NFGC,,1.4500000476837158,1.4500000476837158,1.4500000476837158,1.4500000476837158,371.0
2025-06-26 10:40:00,NG,,3.8499999046325684,3.8550000190734863,3.8450000286102295,3.8499999046325684,8441.0
2025-06-26 10:40:00,NGD,,4.819900035858154,4.819900035858154,4.809999942779541,4.809999942779541,12172.0
2025-06-26 10:40:00,NHC,,108.45999908447266,108.45999908447266,108.45999908447266,108.45999908447266,779.0
2025-06-26 10:40:00,NML,,8.800000190734863,8.800000190734863,8.800000190734863,8.800000190734863,212.0
2025-06-26 10:40:00,NNVC,,1.2000000476837158,1.2000000476837158,1.2000000476837158,1.2000000476837158,300.0
2025-06-26 10:40:00,OBE,,5.539999961853027,5.539999961853027,5.539999961853027,5.539999961853027,200.0
2025-06-26 10:40:00,OPTT,,0.5113999843597412,0.5113999843597412,0.5077999830245972,0.5090500116348267,26776.0
2025-06-26 10:40:00,ORLA,,9.970000267028809,9.970000267028809,9.964799880981445,9.96500015258789,1775.0
2025-06-26 10:40:00,PLG,,1.600000023841858,1.6050000190734863,1.590000033378601,1.600000023841858,15650.0
2025-06-26 10:40:00,PLMR,,149.8300018310547,149.8300018310547,149.32000732421875,149.32000732421875,619.0
2025-06-26 10:40:00,PLX,,1.4550000429153442,1.4550000429153442,1.4550000429153442,1.4550000429153442,197.0
2025-06-26 10:40:00,REI,,0.7788090109825134,0.7788090109825134,0.7788090109825134,0.7788090109825134,6144.0
2025-06-26 10:40:00,SATX,,2.9600000381469727,2.9600000381469727,2.9600000381469727,2.9600000381469727,819.0
2025-06-26 10:40:00,SENS,,0.5012000203132629,0.501800000667572,0.5001000165939331,0.5008999705314636,62660.0
2025-06-26 10:40:00,SLI,,1.9049999713897705,1.909999966621399,1.9005000591278076,1.902500033378601,11226.0
2025-06-26 10:40:00,SVM,,4.135000228881836,4.135000228881836,4.130000114440918,4.130000114440918,506.0
2025-06-26 10:40:00,TGB,,3.059999942779541,3.069999933242798,3.059999942779541,3.059999942779541,34430.0
2025-06-26 10:40:00,TMQ,,1.4850000143051147,1.4850000143051147,1.4850000143051147,1.4850000143051147,150.0
2025-06-26 10:40:00,TPET,,1.2350000143051147,1.2350000143051147,1.2350000143051147,1.2350000143051147,201.0
2025-06-26 10:40:00,TRX,,0.33340001106262207,0.33340001106262207,0.33340001106262207,0.33340001106262207,0.0
2025-06-26 10:40:00,UAMY,,2.5199999809265137,2.5199999809265137,2.509999990463257,2.515000104904175,9398.0
2025-06-26 10:40:00,UAVS,,1.090000033378601,1.090000033378601,1.0895999670028687,1.0895999670028687,475.0
2025-06-26 10:40:00,UEC,,6.84499979019165,6.860000133514404,6.84499979019165,6.860000133514404,10179.0
2025-06-26 10:40:00,URG,,1.0449999570846558,1.0499999523162842,1.0449999570846558,1.0449999570846558,963.0
2025-06-26 10:40:00,UTG,,35.4005012512207,35.4005012512207,35.375,35.375,765.0
2025-06-26 10:40:00,UUUU,,5.800099849700928,5.815000057220459,5.800000190734863,5.80109977722168,33878.0
2025-06-26 10:40:00,VTAK,,0.2517000138759613,0.2517000138759613,0.2517000138759613,0.2517000138759613,534.0
2025-06-26 10:40:00,VZLA,,2.9649999141693115,2.9649999141693115,2.9649999141693115,2.9649999141693115,766.0
2025-06-26 10:41:00,AEON,,0.7653999924659729,0.7653999924659729,0.7653999924659729,0.7653999924659729,542.0
2025-06-26 10:41:00,ARMN,,6.835000038146973,6.835000038146973,6.829999923706055,6.829999923706055,2682.0
2025-06-26 10:41:00,ASM,,3.490000009536743,3.490000009536743,3.4800000190734863,3.490000009536743,23180.0
2025-06-26 10:41:00,ATNM,,1.5399999618530273,1.5399999618530273,1.5399999618530273,1.5399999618530273,293.0
2025-06-26 10:41:00,BKTI,,53.11000061035156,53.11000061035156,53.11000061035156,53.11000061035156,2853.0
2025-06-26 10:41:00,BRN,,1.2300000190734863,1.2300000190734863,1.2300000190734863,1.2300000190734863,0.0
2025-06-26 10:41:00,BTG,,3.579900026321411,3.5799999237060547,3.569999933242798,3.579900026321411,9767229.0
2025-06-26 10:41:00,BURU,,0.3280999958515167,0.32850000262260437,0.3280999958515167,0.3280999958515167,3771.0
2025-06-26 10:41:00,CATX,,3.6700000762939453,3.680000066757202,3.6700000762939453,3.680000066757202,1471.0
2025-06-26 10:41:00,CBOE,,228.5749969482422,228.89500427246094,228.5749969482422,228.89500427246094,2436.0
2025-06-26 10:41:00,CCEL,,5.400000095367432,5.679999828338623,5.400000095367432,5.679999828338623,830.0
2025-06-26 10:41:00,CIK,,2.939300060272217,2.940000057220459,2.934999942779541,2.9365999698638916,22300.0
2025-06-26 10:41:00,CLDI,,0.2117999941110611,0.2117999941110611,0.2117999941110611,0.2117999941110611,621.0
2025-06-26 10:41:00,CPHI,,1.7899999618530273,1.7899999618530273,1.7899999618530273,1.7899999618530273,589.0
2025-06-26 10:41:00,CQP,,55.314998626708984,55.314998626708984,55.314998626708984,55.314998626708984,654.0
2025-06-26 10:41:00,CRF,,7.565000057220459,7.570000171661377,7.565000057220459,7.570000171661377,5203.0
2025-06-26 10:41:00,CTM,,1.0399999618530273,1.0399999618530273,1.0399999618530273,1.0399999618530273,200.0
2025-06-26 10:41:00,DC,,3.7899999618530273,3.7899999618530273,3.7799999713897705,3.7799999713897705,22899.0
2025-06-26 10:41:00,DNN,,1.7799999713897705,1.7799999713897705,1.7699999809265137,1.7799999713897705,12610.0
2025-06-26 10:41:00,EAD,,6.980000019073486,6.980000019073486,6.980000019073486,6.980000019073486,1594.0
2025-06-26 10:41:00,ELLO,,17.600000381469727,17.600000381469727,17.600000381469727,17.600000381469727,6684.0
2025-06-26 10:41:00,EMX,,2.5299999713897705,2.5299999713897705,2.5299999713897705,2.5299999713897705,1358.0
2025-06-26 10:41:00,EQX,,5.855199813842773,5.860000133514404,5.849999904632568,5.849999904632568,37378.0
2025-06-26 10:41:00,EVM,,8.84000015258789,8.84000015258789,8.84000015258789,8.84000015258789,102.0
2025-06-26 10:41:00,FTF,,6.389999866485596,6.389999866485596,6.389999866485596,6.389999866485596,200.0
2025-06-26 10:41:00,GAU,,1.284999966621399,1.284999966621399,1.284999966621399,1.284999966621399,658.0
2025-06-26 10:41:00,GNS,,0.836188018321991,0.8482000231742859,0.8299999833106995,0.8399999737739563,134576.0
2025-06-26 10:41:00,GROY,,2.2950000762939453,2.2950000762939453,2.2950000762939453,2.2950000762939453,251.0
2025-06-26 10:41:00,HUSA,,13.07450008392334,13.169899940490723,13.07450008392334,13.169899940490723,1140.0
2025-06-26 10:41:00,IBO,,0.8871999979019165,0.8877999782562256,0.8871999979019165,0.8877999782562256,4244.0
2025-06-26 10:41:00,IDR,,13.050000190734863,13.0600004196167,13.050000190734863,13.0600004196167,764.0
2025-06-26 10:41:00,IE,,9.829999923706055,9.829999923706055,9.829999923706055,9.829999923706055,161.0
2025-06-26 10:41:00,IMO,,80.86000061035156,80.86000061035156,80.86000061035156,80.86000061035156,151.0
2025-06-26 10:41:00,INDO,,3.1549999713897705,3.1549999713897705,3.1549999713897705,3.1549999713897705,303.0
2025-06-26 10:41:00,ITRG,,1.559999942779541,1.559999942779541,1.5549999475479126,1.559999942779541,1900.0
2025-06-26 10:41:00,KNW,,1.840000033378601,1.8600000143051147,1.8300000429153442,1.8600000143051147,3481.0
2025-06-26 10:41:00,KULR,,5.144999980926514,5.144999980926514,5.130099773406982,5.135000228881836,5423.0
2025-06-26 10:41:00,LCTX,,1.0700000524520874,1.0700000524520874,1.0700000524520874,1.0700000524520874,545.0
2025-06-26 10:41:00,LEU,,174.44500732421875,175.13999938964844,174.093505859375,175.13999938964844,4586.0
2025-06-26 10:41:00,LMND,,42.22309875488281,42.404998779296875,42.22309875488281,42.404998779296875,6930.0
2025-06-26 10:41:00,LNG,,241.02999877929688,241.02999877929688,240.92999267578125,241.0,2356.0
2025-06-26 10:41:00,LODE,,3.7100000381469727,3.7100000381469727,3.7100000381469727,3.7100000381469727,3354.0
2025-06-26 10:41:00,MAG,,21.209999084472656,21.209999084472656,21.190000534057617,21.200000762939453,1465.0
2025-06-26 10:41:00,MI,,2.280100107192993,2.280100107192993,2.280100107192993,2.280100107192993,476.0
2025-06-26 10:41:00,MITQ,,0.698199987411499,0.6995000243186951,0.698199987411499,0.6995000243186951,4072.0
2025-06-26 10:41:00,MRT,,2.7799999713897705,2.7799999713897705,2.7495999336242676,2.7699999809265137,4213.0
2025-06-26 10:41:00,MTA,,3.8499999046325684,3.8499999046325684,3.8499999046325684,3.8499999046325684,281.0
2025-06-26 10:41:00,MYO,,2.265000104904175,2.2799999713897705,2.265000104904175,2.2799999713897705,5053.0
2025-06-26 10:41:00,NAK,,1.5850000381469727,1.5898000001907349,1.5800000429153442,1.5896999835968018,12514.0
2025-06-26 10:41:00,NCL,,0.17720000445842743,0.17720000445842743,0.17720000445842743,0.17720000445842743,100.0
2025-06-26 10:41:00,NG,,3.868799924850464,3.869999885559082,3.8499999046325684,3.8499999046325684,23635.0
2025-06-26 10:41:00,NGD,,4.829899787902832,4.829899787902832,4.809999942779541,4.824999809265137,239547.0
2025-06-26 10:41:00,NHS,,7.5,7.5,7.5,7.5,400.0
2025-06-26 10:41:00,NNVC,,1.2000000476837158,1.2000000476837158,1.1996999979019165,1.1996999979019165,1540.0
2025-06-26 10:41:00,OBE,,5.554999828338623,5.554999828338623,5.550000190734863,5.550000190734863,2558.0
2025-06-26 10:41:00,OPTT,,0.5123000144958496,0.5123000144958496,0.510699987411499,0.5113999843597412,3191.0
2025-06-26 10:41:00,ORLA,,9.984999656677246,9.984999656677246,9.960000038146973,9.960000038146973,3155.0
2025-06-26 10:41:00,PHGE,,0.4652610123157501,0.4652610123157501,0.4652610123157501,0.4652610123157501,153.0
2025-06-26 10:41:00,PLG,,1.6050000190734863,1.6100000143051147,1.6050000190734863,1.6100000143051147,10737.0
2025-06-26 10:41:00,PLMR,,148.72000122070312,149.30999755859375,148.58399963378906,149.30999755859375,1981.0
2025-06-26 10:41:00,PLX,,1.4550000429153442,1.4600000381469727,1.4550000429153442,1.4550000429153442,14619.0
2025-06-26 10:41:00,REI,,0.7825000286102295,0.7825000286102295,0.7789000272750854,0.7791000008583069,10758.0
2025-06-26 10:41:00,REPX,,26.6299991607666,26.6299991607666,26.6299991607666,26.6299991607666,521.0
2025-06-26 10:41:00,SATX,,2.9600000381469727,2.9600000381469727,2.9600000381469727,2.9600000381469727,302.0
2025-06-26 10:41:00,SEB,,2934.47509765625,2943.949951171875,2934.469970703125,2943.949951171875,25.0
2025-06-26 10:41:00,SENS,,0.5,0.5012000203132629,0.5,0.5012000203132629,3236.0
2025-06-26 10:41:00,SLI,,1.9049999713897705,1.9067000150680542,1.9049999713897705,1.9049999713897705,5958.0
2025-06-26 10:41:00,SOAR,,1.475000023841858,1.475000023841858,1.475000023841858,1.475000023841858,764.0
2025-06-26 10:41:00,SSY,,0.8500000238418579,0.8500000238418579,0.8500000238418579,0.8500000238418579,0.0
2025-06-26 10:41:00,SVM,,4.130000114440918,4.135000228881836,4.130000114440918,4.135000228881836,8251.0
2025-06-26 10:41:00,TGB,,3.065000057220459,3.069999933242798,3.065000057220459,3.069999933242798,7807.0
2025-06-26 10:41:00,TOVX,,0.4449999928474426,0.4449999928474426,0.4449999928474426,0.4449999928474426,103.0
2025-06-26 10:41:00,UAMY,,2.5,2.509999990463257,2.5,2.509999990463257,14031.0
2025-06-26 10:41:00,UAVS,,1.0990999937057495,1.0990999937057495,1.0850000381469727,1.086400032043457,24453.0
2025-06-26 10:41:00,UEC,,6.845099925994873,6.845099925994873,6.841899871826172,6.841899871826172,8800.0
2025-06-26 10:41:00,URG,,1.0449999570846558,1.0499999523162842,1.0400999784469604,1.0449999570846558,4764.0
2025-06-26 10:41:00,UTG,,35.375,35.375,35.375,35.375,1937.0
2025-06-26 10:41:00,UUUU,,5.804999828338623,5.809999942779541,5.800000190734863,5.803999900817871,4874.0
2025-06-26 10:41:00,VNRX,,0.7710999846458435,0.7710999846458435,0.7710999846458435,0.7710999846458435,0.0
2025-06-26 10:41:00,VTAK,,0.2515999972820282,0.2515999972820282,0.2515999972820282,0.2515999972820282,824.0
2025-06-26 10:41:00,VZLA,,2.9649999141693115,2.9649999141693115,2.9649999141693115,2.9649999141693115,466.0
2025-06-26 10:41:00,WWR,,0.5924999713897705,0.5924999713897705,0.5924999713897705,0.5924999713897705,159922.0
2025-06-26 10:41:00,WYY,,3.440000057220459,3.440000057220459,3.440000057220459,3.440000057220459,185.0
2025-06-26 10:41:00,XPL,,0.6424999833106995,0.6424999833106995,0.6424999833106995,0.6424999833106995,110.0
2025-06-26 10:41:00,XTNT,,0.6349999904632568,0.6349999904632568,0.6349999904632568,0.6349999904632568,253.0
2025-06-26 10:42:00,ARMN,,6.820000171661377,6.835000038146973,6.809999942779541,6.835000038146973,5530.0
2025-06-26 10:42:00,ATNM,,1.5410000085830688,1.5410000085830688,1.5399999618530273,1.5399999618530273,335.0
2025-06-26 10:42:00,BATL,,1.472000002861023,1.472000002861023,1.472000002861023,1.472000002861023,495.0
2025-06-26 10:42:00,BQ,,2.0,2.0,2.0,2.0,0.0
2025-06-26 10:42:00,BRBS,,3.2850000858306885,3.2850000858306885,3.2850000858306885,3.2850000858306885,303.0
2025-06-26 10:42:00,BTG,,3.579699993133545,3.5799999237060547,3.569999933242798,3.569999933242798,208132.0
2025-06-26 10:42:00,BURU,,0.3280999958515167,0.33319899439811707,0.3280999958515167,0.3305499851703644,3951.0
2025-06-26 10:42:00,CATX,,3.6649999618530273,3.6700000762939453,3.6600000858306885,3.6649999618530273,2792.0
2025-06-26 10:42:00,CBOE,,228.5399932861328,228.5449981689453,228.27999877929688,228.5449981689453,664.0
2025-06-26 10:42:00,CCEL,,5.599999904632568,5.599999904632568,5.599999904632568,5.599999904632568,246.0
2025-06-26 10:42:00,CIK,,2.9398999214172363,2.940000057220459,2.934999942779541,2.939300060272217,13800.0
2025-06-26 10:42:00,CLDI,,0.21449999511241913,0.21449999511241913,0.21449999511241913,0.21449999511241913,500.0
2025-06-26 10:42:00,CLM,,7.940100193023682,7.945000171661377,7.940000057220459,7.945000171661377,7390.0
2025-06-26 10:42:00,CPHI,,1.7799999713897705,1.7799999713897705,1.7799999713897705,1.7799999713897705,3708.0
2025-06-26 10:42:00,CQP,,55.39500045776367,55.5,55.39500045776367,55.5,375.0
2025-06-26 10:42:00,CRF,,7.565000057220459,7.565000057220459,7.565000057220459,7.565000057220459,140.0
2025-06-26 10:42:00,CTGO,,20.65999984741211,20.65999984741211,20.65999984741211,20.65999984741211,309.0
2025-06-26 10:42:00,CTM,,1.034999966621399,1.034999966621399,1.034999966621399,1.034999966621399,1576.0
2025-06-26 10:42:00,CVR,,12.300000190734863,12.649999618530273,12.300000190734863,12.649999618530273,455.0
2025-06-26 10:42:00,CYBN,,8.539999961853027,8.539999961853027,8.539999961853027,8.539999961853027,394.0
2025-06-26 10:42:00,DC,,3.7899999618530273,3.7899999618530273,3.7899999618530273,3.7899999618530273,124.0
2025-06-26 10:42:00,DNN,,1.774999976158142,1.7799999713897705,1.773800015449524,1.774999976158142,33080.0
2025-06-26 10:42:00,DSS,,0.9294999837875366,0.9294999837875366,0.9294999837875366,0.9294999837875366,919.0
2025-06-26 10:42:00,EIM,,9.545000076293945,9.545000076293945,9.545000076293945,9.545000076293945,2300.0
2025-06-26 10:42:00,ELMD,,21.7549991607666,21.7549991607666,21.7549991607666,21.7549991607666,1806.0
2025-06-26 10:42:00,ENX,,9.1899995803833,9.1899995803833,9.1899995803833,9.1899995803833,0.0
2025-06-26 10:42:00,EQX,,5.860000133514404,5.869900226593018,5.849999904632568,5.855000019073486,122378.0
2025-06-26 10:42:00,ERC,,9.380000114440918,9.380000114440918,9.380000114440918,9.380000114440918,200.0
2025-06-26 10:42:00,EVV,,10.175000190734863,10.175000190734863,10.175000190734863,10.175000190734863,535.0
2025-06-26 10:42:00,GGN,,4.355000019073486,4.355000019073486,4.355000019073486,4.355000019073486,705.0
2025-06-26 10:42:00,GNS,,0.8325999975204468,0.8399999737739563,0.8324999809265137,0.8388000130653381,47852.0
2025-06-26 10:42:00,GROY,,2.2950000762939453,2.2950000762939453,2.2950000762939453,2.2950000762939453,170.0
2025-06-26 10:42:00,GSAT,,23.149999618530273,23.149999618530273,23.1299991607666,23.1299991607666,2438.0
2025-06-26 10:42:00,GTE,,5.050000190734863,5.050000190734863,5.050000190734863,5.050000190734863,109.0
2025-06-26 10:42:00,HUSA,,13.09529972076416,13.09529972076416,13.09529972076416,13.09529972076416,2249.0
2025-06-26 10:42:00,IBO,,0.8894000053405762,0.8964999914169312,0.8873000144958496,0.8873000144958496,3937.0
2025-06-26 10:42:00,IE,,9.899999618530273,9.899999618530273,9.829999923706055,9.829999923706055,4906.0
2025-06-26 10:42:00,IGC,,0.3098999857902527,0.3098999857902527,0.3098999857902527,0.3098999857902527,0.0
2025-06-26 10:42:00,IHT,,2.218714952468872,2.218714952468872,2.218714952468872,2.218714952468872,373.0
2025-06-26 10:42:00,IMO,,80.89700317382812,80.93000030517578,80.88999938964844,80.88999938964844,1117.0
2025-06-26 10:42:00,INDO,,3.1700000762939453,3.1700000762939453,3.1691999435424805,3.1700000762939453,1408.0
2025-06-26 10:42:00,ITP,,0.1889999955892563,0.1889999955892563,0.1889999955892563,0.1889999955892563,0.0
2025-06-26 10:42:00,ITRG,,1.565000057220459,1.565000057220459,1.559999942779541,1.559999942779541,7102.0
2025-06-26 10:42:00,KNW,,1.8450000286102295,1.8525999784469604,1.840000033378601,1.840000033378601,4109.0
2025-06-26 10:42:00,KULR,,5.139900207519531,5.150000095367432,5.130899906158447,5.144999980926514,8028.0
2025-06-26 10:42:00,LEU,,173.14999389648438,174.8000030517578,172.9600067138672,173.14999389648438,9403.0
2025-06-26 10:42:00,LMND,,42.15999984741211,42.27920150756836,42.099998474121094,42.2400016784668,19811.0
2025-06-26 10:42:00,LNG,,240.8000030517578,241.42430114746094,240.8000030517578,241.1699981689453,7365.0
2025-06-26 10:42:00,MAG,,21.209999084472656,21.229999542236328,21.200000762939453,21.219999313354492,3513.0
2025-06-26 10:42:00,MAIA,,1.679900050163269,1.679900050163269,1.679900050163269,1.679900050163269,634.0
2025-06-26 10:42:00,MPU,,0.9797000288963318,0.9797000288963318,0.9797000288963318,0.9797000288963318,1563.0
2025-06-26 10:42:00,MRT,,2.740000009536743,2.759999990463257,2.740000009536743,2.759999990463257,1442.0
2025-06-26 10:42:00,MYO,,2.259999990463257,2.259999990463257,2.259999990463257,2.259999990463257,1050.0
2025-06-26 10:42:00,NAK,,1.5850000381469727,1.590000033378601,1.5800000429153442,1.5896999835968018,28411.0
2025-06-26 10:42:00,NBH,,9.819999694824219,9.819999694824219,9.819999694824219,9.819999694824219,200.0
2025-06-26 10:42:00,NCL,,0.17710000276565552,0.17720000445842743,0.17710000276565552,0.17720000445842743,3939.0
2025-06-26 10:42:00,NEWP,,1.36080002784729,1.3691999912261963,1.36080002784729,1.3691999912261963,584.0
2025-06-26 10:42:00,NG,,3.865000009536743,3.869999885559082,3.860100030899048,3.8619000911712646,14350.0
2025-06-26 10:42:00,NGD,,4.809899806976318,4.829999923706055,4.800000190734863,4.824999809265137,429274.0
2025-06-26 10:42:00,NHS,,7.494999885559082,7.494999885559082,7.494999885559082,7.494999885559082,101.0
2025-06-26 10:42:00,NML,,8.8149995803833,8.8149995803833,8.8149995803833,8.8149995803833,367.0
2025-06-26 10:42:00,NNVC,,1.190000057220459,1.190000057220459,1.190000057220459,1.190000057220459,918.0
2025-06-26 10:42:00,OPTT,,0.5128999948501587,0.5130000114440918,0.5128999948501587,0.5128999948501587,1536512.0
2025-06-26 10:42:00,ORLA,,10.020000457763672,10.020000457763672,9.979999542236328,9.984999656677246,6560.0
2025-06-26 10:42:00,PLG,,1.6100000143051147,1.6100000143051147,1.6100000143051147,1.6100000143051147,600.0
2025-06-26 10:42:00,PLMR,,148.4250030517578,148.82000732421875,148.41000366210938,148.82000732421875,2134.0
2025-06-26 10:42:00,PLX,,1.465000033378601,1.475000023841858,1.4550000429153442,1.4550000429153442,25088.0
2025-06-26 10:42:00,REI,,0.7822999954223633,0.784500002861023,0.7822999954223633,0.784500002861023,4252.0
2025-06-26 10:42:00,REPX,,26.709999084472656,26.709999084472656,26.709999084472656,26.709999084472656,250.0
2025-06-26 10:42:00,SENS,,0.5001500248908997,0.5001500248908997,0.5001000165939331,0.5001500248908997,1367.0
2025-06-26 10:42:00,SKYH,,9.699999809265137,9.699999809265137,9.699999809265137,9.699999809265137,217.0
2025-06-26 10:42:00,SLI,,1.9063999652862549,1.90910005569458,1.9049999713897705,1.90910005569458,4151.0
2025-06-26 10:42:00,SOAR,,1.4704999923706055,1.4704999923706055,1.4704999923706055,1.4704999923706055,1213.0
2025-06-26 10:42:00,STXS,,2.2249999046325684,2.228600025177002,2.2200000286102295,2.2279999256134033,4292.0
2025-06-26 10:42:00,SVM,,4.135000228881836,4.148799896240234,4.130000114440918,4.130000114440918,46346.0
2025-06-26 10:42:00,TGB,,3.065000057220459,3.069999933242798,3.059999942779541,3.063499927520752,78060.0
2025-06-26 10:42:00,TOVX,,0.4435499906539917,0.4435499906539917,0.4435499906539917,0.4435499906539917,1234.0
2025-06-26 10:42:00,TPET,,1.2301000356674194,1.2301000356674194,1.2301000356674194,1.2301000356674194,384.0
2025-06-26 10:42:00,UAMY,,2.494999885559082,2.509999990463257,2.490000009536743,2.5099000930786133,60805.0
2025-06-26 10:42:00,UAVS,,1.0989999771118164,1.0989999771118164,1.0989999771118164,1.0989999771118164,360.0
2025-06-26 10:42:00,UEC,,6.815000057220459,6.84499979019165,6.809999942779541,6.84499979019165,20624.0
2025-06-26 10:42:00,URG,,1.0449999570846558,1.0499999523162842,1.0449999570846558,1.0449999570846558,3620.0
2025-06-26 10:42:00,UUUU,,5.764999866485596,5.815000057220459,5.760000228881836,5.800000190734863,163650.0
2025-06-26 10:42:00,VKI,,8.180000305175781,8.180000305175781,8.180000305175781,8.180000305175781,0.0
2025-06-26 10:42:00,VTAK,,0.2515999972820282,0.2515999972820282,0.2515999972820282,0.2515999972820282,200.0
2025-06-26 10:42:00,VZLA,,2.9649999141693115,2.9649999141693115,2.9649999141693115,2.9649999141693115,244.0
2025-06-26 10:42:00,WWR,,0.5999000072479248,0.5999000072479248,0.5999000072479248,0.5999000072479248,0.0
2025-06-26 10:43:00,AIM,,9.0600004196167,9.0600004196167,9.0600004196167,9.0600004196167,230.0
2025-06-26 10:43:00,ARMN,,6.829999923706055,6.829999923706055,6.820000171661377,6.820000171661377,1269.0
2025-06-26 10:43:00,ASM,,3.4900999069213867,3.5,3.490000009536743,3.4951000213623047,47696.0
2025-06-26 10:43:00,ATNM,,1.5399999618530273,1.5399999618530273,1.5399999618530273,1.5399999618530273,128.0
2025-06-26 10:43:00,BEEP,,4.034999847412109,4.034999847412109,4.034999847412109,4.034999847412109,254.0
2025-06-26 10:43:00,BRBS,,3.2699999809265137,3.2799999713897705,3.2699999809265137,3.2799999713897705,1448.0
2025-06-26 10:43:00,BTG,,3.5799999237060547,3.5899999141693115,3.569999933242798,3.5797998905181885,277826.0
2025-06-26 10:43:00,BURU,,0.32850000262260437,0.33320000767707825,0.3280999958515167,0.33059999346733093,5569.0
2025-06-26 10:43:00,CATX,,3.6500000953674316,3.6649999618530273,3.6500000953674316,3.6649999618530273,9478.0
2025-06-26 10:43:00,CBOE,,228.5449981689453,228.5449981689453,228.5449981689453,228.5449981689453,254.0
2025-06-26 10:43:00,CCEL,,5.8308000564575195,5.8308000564575195,5.8308000564575195,5.8308000564575195,601.0
2025-06-26 10:43:00,CEF,,30.265457153320312,30.265457153320312,30.265457153320312,30.265457153320312,541.0
2025-06-26 10:43:00,CEV,,9.694899559020996,9.694899559020996,9.694899559020996,9.694899559020996,600.0
2025-06-26 10:43:00,CIK,,2.940000057220459,2.940000057220459,2.934999942779541,2.939300060272217,11200.0
2025-06-26 10:43:00,CLDI,,0.2120009958744049,0.2120009958744049,0.2120009958744049,0.2120009958744049,0.0
2025-06-26 10:43:00,CLM,,7.945000171661377,7.945000171661377,7.945000171661377,7.945000171661377,106.0
2025-06-26 10:43:00,CQP,,55.45000076293945,55.459999084472656,55.45000076293945,55.459999084472656,470.0
2025-06-26 10:43:00,CRF,,7.559999942779541,7.559999942779541,7.559999942779541,7.559999942779541,1353.0
2025-06-26 10:43:00,CVR,,12.199999809265137,12.5,12.199999809265137,12.5,764.0
2025-06-26 10:43:00,DNN,,1.774999976158142,1.7799999713897705,1.7700999975204468,1.7799999713897705,15156.0
2025-06-26 10:43:00,ECF,,10.15999984741211,10.15999984741211,10.15999984741211,10.15999984741211,0.0
2025-06-26 10:43:00,ELLO,,17.90999984741211,17.90999984741211,17.90999984741211,17.90999984741211,477.0
2025-06-26 10:43:00,EQX,,5.864999771118164,5.869999885559082,5.860000133514404,5.860000133514404,37216.0
2025-06-26 10:43:00,ESP,,44.81880187988281,44.81880187988281,44.81880187988281,44.81880187988281,653.0
2025-06-26 10:43:00,EVM,,8.84000015258789,8.84000015258789,8.84000015258789,8.84000015258789,102.0
2025-06-26 10:43:00,EVV,,10.170000076293945,10.170000076293945,10.170000076293945,10.170000076293945,1483.0
2025-06-26 10:43:00,FOXO,,0.20149999856948853,0.20149999856948853,0.20149999856948853,0.20149999856948853,0.0
2025-06-26 10:43:00,FTF,,6.389999866485596,6.389999866485596,6.389999866485596,6.389999866485596,0.0
2025-06-26 10:43:00,GAU,,1.2899999618530273,1.2899999618530273,1.2899999618530273,1.2899999618530273,500.0
2025-06-26 10:43:00,GNS,,0.8354489803314209,0.839900016784668,0.8299999833106995,0.8361999988555908,32470.0
2025-06-26 10:43:00,GROY,,2.299999952316284,2.299999952316284,2.2950000762939453,2.2950000762939453,9261.0
2025-06-26 10:43:00,GTE,,5.053400039672852,5.053400039672852,5.053400039672852,5.053400039672852,282.0
2025-06-26 10:43:00,IDR,,13.09000015258789,13.100000381469727,13.0600004196167,13.0600004196167,6377.0
2025-06-26 10:43:00,IE,,9.914999961853027,9.949999809265137,9.90999984741211,9.930000305175781,41406.0
2025-06-26 10:43:00,IHT,,2.2699999809265137,2.2699999809265137,2.2699999809265137,2.2699999809265137,0.0
2025-06-26 10:43:00,IMO,,80.9000015258789,80.9000015258789,80.9000015258789,80.9000015258789,148.0
2025-06-26 10:43:00,INDO,,3.164799928665161,3.180000066757202,3.164799928665161,3.174999952316284,5546.0
2025-06-26 10:43:00,INFU,,6.460000038146973,6.46999979019165,6.440000057220459,6.449999809265137,3068.0
2025-06-26 10:43:00,ITRG,,1.565000057220459,1.565000057220459,1.565000057220459,1.565000057220459,1200.0
2025-06-26 10:43:00,KNW,,1.8200000524520874,1.840000033378601,1.809999942779541,1.8301000595092773,4853.0
2025-06-26 10:43:00,KULR,,5.125,5.139200210571289,5.125,5.135000228881836,9207.0
2025-06-26 10:43:00,LCTX,,1.0700000524520874,1.0700000524520874,1.0700000524520874,1.0700000524520874,0.0
2025-06-26 10:43:00,LEU,,173.7899932861328,174.05999755859375,173.06500244140625,173.7899932861328,6447.0
2025-06-26 10:43:00,LNG,,240.75,240.83999633789062,240.6999969482422,240.83999633789062,5874.0
2025-06-26 10:43:00,MAG,,21.25,21.25,21.229999542236328,21.229999542236328,896.0
2025-06-26 10:43:00,MITQ,,0.6908000111579895,0.6909999847412109,0.6908000111579895,0.6909000277519226,2668.0
2025-06-26 10:43:00,MRT,,2.7300000190734863,2.7300000190734863,2.7300000190734863,2.7300000190734863,792.0
2025-06-26 10:43:00,MTA,,3.869999885559082,3.869999885559082,3.8499999046325684,3.869999885559082,90091.0
2025-06-26 10:43:00,MTNB,,0.9200999736785889,0.9200999736785889,0.9200999736785889,0.9200999736785889,1995.0
2025-06-26 10:43:00,NAK,,1.5700000524520874,1.590000033378601,1.5700000524520874,1.5813000202178955,49221.0
2025-06-26 10:43:00,NBH,,9.819999694824219,9.819999694824219,9.819999694824219,9.819999694824219,200.0
2025-06-26 10:43:00,NEWP,,1.3650000095367432,1.3650000095367432,1.3650000095367432,1.3650000095367432,5040.0
2025-06-26 10:43:00,NFGC,,1.4600000381469727,1.4600000381469727,1.4600000381469727,1.4600000381469727,100.0
2025-06-26 10:43:00,NG,,3.865000009536743,3.875,3.859999895095825,3.869999885559082,9091.0
2025-06-26 10:43:00,NGD,,4.810699939727783,4.820000171661377,4.800000190734863,4.800000190734863,176743.0
2025-06-26 10:43:00,NHS,,7.5,7.5,7.5,7.5,0.0
2025-06-26 10:43:00,NNVC,,1.190000057220459,1.190000057220459,1.190000057220459,1.190000057220459,100.0
2025-06-26 10:43:00,OBE,,5.545000076293945,5.550000190734863,5.545000076293945,5.550000190734863,1755.0
2025-06-26 10:43:00,ORLA,,10.029999732971191,10.029999732971191,10.020000457763672,10.020000457763672,1286.0
2025-06-26 10:43:00,OSTX,,1.8299000263214111,1.8299000263214111,1.8299000263214111,1.8299000263214111,212.0
2025-06-26 10:43:00,PLMR,,148.67550659179688,148.67550659179688,148.63499450683594,148.63499450683594,684.0
2025-06-26 10:43:00,PLX,,1.465000033378601,1.465000033378601,1.465000033378601,1.465000033378601,602.0
2025-06-26 10:43:00,PRK,,165.89999389648438,165.89999389648438,165.89999389648438,165.89999389648438,860.0
2025-06-26 10:43:00,REI,,0.7879999876022339,0.7900000214576721,0.7846500277519226,0.7870000004768372,127402.0
2025-06-26 10:43:00,REPX,,26.690000534057617,26.690000534057617,26.690000534057617,26.690000534057617,348.0
2025-06-26 10:43:00,SATX,,2.9600000381469727,2.9600000381469727,2.9600000381469727,2.9600000381469727,198.0
2025-06-26 10:43:00,SEB,,2926.409912109375,2926.409912109375,2926.409912109375,2926.409912109375,1.0
2025-06-26 10:43:00,SENS,,0.5,0.5001000165939331,0.5,0.5001000165939331,4810.0
2025-06-26 10:43:00,SLI,,1.9049999713897705,1.9098999500274658,1.9049999713897705,1.9098999500274658,3631.0
2025-06-26 10:43:00,STXS,,2.2249999046325684,2.2249999046325684,2.2249999046325684,2.2249999046325684,162.0
2025-06-26 10:43:00,SVM,,4.144999980926514,4.149899959564209,4.138800144195557,4.138800144195557,22560.0
2025-06-26 10:43:00,TGB,,3.075000047683716,3.0754001140594482,3.059999942779541,3.0669000148773193,102060.0
2025-06-26 10:43:00,UAMY,,2.494999885559082,2.494999885559082,2.494800090789795,2.494999885559082,1351.0
2025-06-26 10:43:00,UAVS,,1.100000023841858,1.100000023841858,1.0950000286102295,1.0950000286102295,717.0
2025-06-26 10:43:00,UEC,,6.815000057220459,6.820000171661377,6.800000190734863,6.809999942779541,32918.0
2025-06-26 10:43:00,URG,,1.0499999523162842,1.0499999523162842,1.0449999570846558,1.0449999570846558,2315.0
2025-06-26 10:43:00,UTG,,35.45000076293945,35.45000076293945,35.45000076293945,35.45000076293945,212.0
2025-06-26 10:43:00,UUUU,,5.800000190734863,5.800000190734863,5.760000228881836,5.764999866485596,82067.0
2025-06-26 10:43:00,VTAK,,0.25189998745918274,0.25189998745918274,0.25189998745918274,0.25189998745918274,388.0
2025-06-26 10:43:00,VZLA,,2.9749999046325684,2.9800000190734863,2.9649999141693115,2.9649999141693115,13014.0
2025-06-26 10:44:00,ARMN,,6.830100059509277,6.830100059509277,6.830100059509277,6.830100059509277,1347.0
2025-06-26 10:44:00,ASM,,3.5,3.5,3.4946000576019287,3.4946000576019287,2359.0
2025-06-26 10:44:00,ATNM,,1.5399999618530273,1.5399999618530273,1.5399999618530273,1.5399999618530273,763.0
2025-06-26 10:44:00,AZTR,,0.2531009912490845,0.2531009912490845,0.2531009912490845,0.2531009912490845,532.0
2025-06-26 10:44:00,BRBS,,3.2750000953674316,3.2750000953674316,3.2750000953674316,3.2750000953674316,1124.0
2025-06-26 10:44:00,BTG,,3.5899999141693115,3.5899999141693115,3.5848000049591064,3.589900016784668,172952.0
2025-06-26 10:44:00,BURU,,0.32850000262260437,0.32850000262260437,0.32850000262260437,0.32850000262260437,702.0
2025-06-26 10:44:00,CATX,,3.640000104904175,3.6435000896453857,3.640000104904175,3.6435000896453857,2556.0
2025-06-26 10:44:00,CBOE,,228.3000030517578,228.5850067138672,228.3000030517578,228.5850067138672,2158.0
2025-06-26 10:44:00,CEF,,30.290000915527344,30.290000915527344,30.290000915527344,30.290000915527344,2909.0
2025-06-26 10:44:00,CEV,,9.675000190734863,9.675000190734863,9.675000190734863,9.675000190734863,110.0
2025-06-26 10:44:00,CIK,,2.940000057220459,2.940000057220459,2.940000057220459,2.940000057220459,26241.0
2025-06-26 10:44:00,CLDI,,0.21570000052452087,0.21570000052452087,0.21570000052452087,0.21570000052452087,428346.0
2025-06-26 10:44:00,CLM,,7.940299987792969,7.940299987792969,7.940299987792969,7.940299987792969,32335.0
2025-06-26 10:44:00,CQP,,55.400001525878906,55.400001525878906,55.400001525878906,55.400001525878906,687.0
2025-06-26 10:44:00,CVR,,12.0,12.0,12.0,12.0,947.0
2025-06-26 10:44:00,DC,,3.799999952316284,3.799999952316284,3.799999952316284,3.799999952316284,112.0
2025-06-26 10:44:00,DNN,,1.7799999713897705,1.7799999713897705,1.774999976158142,1.7755000591278076,47224.0
2025-06-26 10:44:00,DSS,,0.949999988079071,0.949999988079071,0.949999988079071,0.949999988079071,2526.0
2025-06-26 10:44:00,EIM,,9.545000076293945,9.545000076293945,9.545000076293945,9.545000076293945,0.0
2025-06-26 10:44:00,EPM,,4.760000228881836,4.760000228881836,4.760000228881836,4.760000228881836,569.0
2025-06-26 10:44:00,EQX,,5.880000114440918,5.880000114440918,5.869999885559082,5.869999885559082,18743.0
2025-06-26 10:44:00,ERC,,9.380000114440918,9.380000114440918,9.380000114440918,9.380000114440918,0.0
2025-06-26 10:44:00,EVV,,10.170000076293945,10.170000076293945,10.170000076293945,10.170000076293945,829.0
2025-06-26 10:44:00,GAU,,1.2899999618530273,1.2899999618530273,1.2899999618530273,1.2899999618530273,0.0
2025-06-26 10:44:00,GGN,,4.355000019073486,4.355000019073486,4.355000019073486,4.355000019073486,0.0
2025-06-26 10:44:00,GNS,,0.8532999753952026,0.8665900230407715,0.8518000245094299,0.8665000200271606,301204.0
2025-06-26 10:44:00,GROY,,2.299999952316284,2.309999942779541,2.299999952316284,2.299999952316284,28825.0
2025-06-26 10:44:00,GTE,,5.059999942779541,5.059999942779541,5.059999942779541,5.059999942779541,253.0
2025-06-26 10:44:00,IBO,,0.8873999714851379,0.8908500075340271,0.8873999714851379,0.8892999887466431,3230.0
2025-06-26 10:44:00,IDR,,13.100000381469727,13.100000381469727,13.100000381469727,13.100000381469727,0.0
2025-06-26 10:44:00,IE,,9.890000343322754,9.890000343322754,9.875,9.890000343322754,5727.0
2025-06-26 10:44:00,IMO,,80.98999786376953,80.98999786376953,80.98999786376953,80.98999786376953,526.0
2025-06-26 10:44:00,INDO,,3.189300060272217,3.189300060272217,3.174999952316284,3.174999952316284,675.0
2025-06-26 10:44:00,INFU,,6.489999771118164,6.489999771118164,6.489999771118164,6.489999771118164,1189.0
2025-06-26 10:44:00,INUV,,3.799999952316284,3.799999952316284,3.799999952316284,3.799999952316284,6709.0
2025-06-26 10:44:00,ITRG,,1.5700000524520874,1.5700000524520874,1.5700000524520874,1.5700000524520874,0.0
2025-06-26 10:44:00,KNW,,1.8299000263214111,1.8300000429153442,1.820099949836731,1.8300000429153442,3274.0
2025-06-26 10:44:00,KULR,,5.164999961853027,5.170000076293945,5.150000095367432,5.152299880981445,12643.0
2025-06-26 10:44:00,LCTX,,1.069000005722046,1.069000005722046,1.069000005722046,1.069000005722046,361771.0
2025-06-26 10:44:00,LEU,,173.44500732421875,173.44500732421875,173.44500732421875,173.44500732421875,5672.0
2025-06-26 10:44:00,LMND,,42.02000045776367,42.02000045776367,41.900001525878906,41.959999084472656,24841.0
2025-06-26 10:44:00,LNG,,240.4499969482422,240.47500610351562,240.4499969482422,240.47500610351562,5335.0
2025-06-26 10:44:00,LODE,,3.7098000049591064,3.7100000381469727,3.7098000049591064,3.7100000381469727,4139.0
2025-06-26 10:44:00,MAG,,21.280000686645508,21.28499984741211,21.274999618530273,21.28499984741211,2573.0
2025-06-26 10:44:00,MAIA,,1.6799999475479126,1.6799999475479126,1.6799999475479126,1.6799999475479126,685.0
2025-06-26 10:44:00,MITQ,,0.6909000277519226,0.6909000277519226,0.6909000277519226,0.6909000277519226,548.0
2025-06-26 10:44:00,MSN,,0.3806000053882599,0.3806000053882599,0.3806000053882599,0.3806000053882599,4410.0
2025-06-26 10:44:00,MTA,,3.859999895095825,3.859999895095825,3.859999895095825,3.859999895095825,220.0
2025-06-26 10:44:00,MYO,,2.265000104904175,2.265000104904175,2.265000104904175,2.265000104904175,646.0
2025-06-26 10:44:00,NAK,,1.5499999523162842,1.5614999532699585,1.5499999523162842,1.5614999532699585,261723.0
2025-06-26 10:44:00,NBH,,9.835000038146973,9.835000038146973,9.835000038146973,9.835000038146973,103.0
2025-06-26 10:44:00,NCL,,0.17509999871253967,0.17509999871253967,0.17509999871253967,0.17509999871253967,0.0
2025-06-26 10:44:00,NFGC,,1.4600000381469727,1.4600000381469727,1.4600000381469727,1.4600000381469727,127278.0
2025-06-26 10:44:00,NG,,3.8594000339508057,3.865000009536743,3.85509991645813,3.860100030899048,34098.0
2025-06-26 10:44:00,NGD,,4.824999809265137,4.824999809265137,4.820000171661377,4.824999809265137,168259.0
2025-06-26 10:44:00,NHS,,7.489999771118164,7.489999771118164,7.489999771118164,7.489999771118164,38235.0
2025-06-26 10:44:00,NNVC,,1.205299973487854,1.205299973487854,1.205299973487854,1.205299973487854,233.0
2025-06-26 10:44:00,OBE,,5.539999961853027,5.539999961853027,5.539999961853027,5.539999961853027,111.0
2025-06-26 10:44:00,OPTT,,0.5135999917984009,0.5135999917984009,0.5131000280380249,0.5131000280380249,11240.0
2025-06-26 10:44:00,ORLA,,10.04010009765625,10.050000190734863,10.04010009765625,10.050000190734863,1497.0
2025-06-26 10:44:00,PLMR,,148.07000732421875,148.22999572753906,148.07000732421875,148.22999572753906,994.0
2025-06-26 10:44:00,REI,,0.7879999876022339,0.7879999876022339,0.7879999876022339,0.7879999876022339,1709.0
2025-06-26 10:44:00,SATX,,2.9649999141693115,2.9649999141693115,2.9649999141693115,2.9649999141693115,746.0
2025-06-26 10:44:00,SBEV,,2.9700000286102295,2.9700000286102295,2.9700000286102295,2.9700000286102295,353.0
2025-06-26 10:44:00,SENS,,0.5,0.5,0.5,0.5,2196.0
2025-06-26 10:44:00,SLI,,1.9049999713897705,1.909999966621399,1.9049999713897705,1.909999966621399,7899.0
2025-06-26 10:44:00,SVM,,4.150000095367432,4.150000095367432,4.139999866485596,4.144999980926514,13437.0
2025-06-26 10:44:00,TPET,,1.2300000190734863,1.2300000190734863,1.2300000190734863,1.2300000190734863,511.0
2025-06-26 10:44:00,UAMY,,2.505000114440918,2.505000114440918,2.505000114440918,2.505000114440918,9962.0
2025-06-26 10:44:00,UAVS,,1.0901999473571777,1.0901999473571777,1.0901999473571777,1.0901999473571777,0.0
2025-06-26 10:44:00,UEC,,6.79010009765625,6.800000190734863,6.79010009765625,6.795000076293945,114211.0
2025-06-26 10:44:00,URG,,1.0449999570846558,1.0499999523162842,1.0449999570846558,1.0499999523162842,6899.0
2025-06-26 10:44:00,USAS,,0.8090999722480774,0.8090999722480774,0.8090999722480774,0.8090999722480774,35157.0
2025-06-26 10:44:00,UUUU,,5.764999866485596,5.764999866485596,5.75629997253418,5.760000228881836,55867.0
2025-06-26 10:44:00,VKI,,8.1899995803833,8.1899995803833,8.1899995803833,8.1899995803833,24397.0
2025-06-26 10:44:00,VTAK,,0.25440001487731934,0.25440001487731934,0.25440001487731934,0.25440001487731934,46027.0
2025-06-26 10:44:00,VZLA,,2.984999895095825,2.984999895095825,2.9809999465942383,2.984999895095825,1048983.0
2025-06-26 10:44:00,XPL,,0.6474999785423279,0.6474999785423279,0.6474999785423279,0.6474999785423279,1660.0
2025-06-26 10:44:00,ZDGE,,4.219900131225586,4.219900131225586,4.219900131225586,4.219900131225586,3113.0
2025-06-26 10:45:00,AEON,,0.765500009059906,0.765500009059906,0.765500009059906,0.765500009059906,1015.0
2025-06-26 10:45:00,AREN,,5.659999847412109,5.659999847412109,5.659999847412109,5.659999847412109,105.0
2025-06-26 10:45:00,ARMN,,6.829999923706055,6.835000038146973,6.829999923706055,6.835000038146973,4733.0
2025-06-26 10:45:00,ASM,,3.490000009536743,3.505000114440918,3.490000009536743,3.5048999786376953,23742.0
2025-06-26 10:45:00,AZTR,,0.2549999952316284,0.2549999952316284,0.2549999952316284,0.2549999952316284,1325.0
2025-06-26 10:45:00,BATL,,1.4800000190734863,1.4800000190734863,1.4800000190734863,1.4800000190734863,199.0
2025-06-26 10:45:00,BKTI,,53.279998779296875,53.279998779296875,53.279998779296875,53.279998779296875,352.0
2025-06-26 10:45:00,BTG,,3.590100049972534,3.5999999046325684,3.5799999237060547,3.585099935531616,655157.0
2025-06-26 10:45:00,BURU,,0.3287000060081482,0.33500000834465027,0.3285999894142151,0.3285999894142151,11919.0
2025-06-26 10:45:00,CATX,,3.640000104904175,3.640000104904175,3.640000104904175,3.640000104904175,114.0
2025-06-26 10:45:00,CBOE,,228.3800048828125,228.60000610351562,228.3000030517578,228.3000030517578,2334.0
2025-06-26 10:45:00,CCEL,,5.450300216674805,5.450300216674805,5.450300216674805,5.450300216674805,170.0
2025-06-26 10:45:00,CIK,,2.930000066757202,2.940000057220459,2.930000066757202,2.9398999214172363,4600.0
2025-06-26 10:45:00,CLDI,,0.21690000593662262,0.21690000593662262,0.21690000593662262,0.21690000593662262,101.0
2025-06-26 10:45:00,CQP,,55.4900016784668,55.4900016784668,55.3650016784668,55.3650016784668,1588.0
2025-06-26 10:45:00,CRF,,7.565000057220459,7.565000057220459,7.560999870300293,7.565000057220459,20696.0
2025-06-26 10:45:00,CTM,,1.031000018119812,1.031000018119812,1.031000018119812,1.031000018119812,542.0
2025-06-26 10:45:00,CYBN,,8.600000381469727,8.600000381469727,8.550000190734863,8.569999694824219,1502.0
2025-06-26 10:45:00,DNN,,1.7798999547958374,1.7799999713897705,1.774999976158142,1.774999976158142,69753.0
2025-06-26 10:45:00,EAD,,6.989999771118164,6.989999771118164,6.989999771118164,6.989999771118164,414.0
2025-06-26 10:45:00,EQX,,5.875,5.875,5.869999885559082,5.869999885559082,8088.0
2025-06-26 10:45:00,FOXO,,0.20100000500679016,0.20100000500679016,0.20100000500679016,0.20100000500679016,816738.0
2025-06-26 10:45:00,FSI,,4.380000114440918,4.389999866485596,4.380000114440918,4.389999866485596,2102.0
2025-06-26 10:45:00,FTF,,6.389999866485596,6.389999866485596,6.389999866485596,6.389999866485596,12414.0
2025-06-26 10:45:00,GAU,,1.2949999570846558,1.2949999570846558,1.2949999570846558,1.2949999570846558,375560.0
2025-06-26 10:45:00,GGN,,4.355000019073486,4.355000019073486,4.355000019073486,4.355000019073486,61466.0
2025-06-26 10:45:00,GNS,,0.8598989844322205,0.8600000143051147,0.8457000255584717,0.85589998960495,101370.0
2025-06-26 10:45:00,GROY,,2.305000066757202,2.3099000453948975,2.299999952316284,2.305000066757202,11228.0
2025-06-26 10:45:00,GTE,,5.059999942779541,5.059999942779541,5.050000190734863,5.050000190734863,2834.0
2025-06-26 10:45:00,HUSA,,13.15999984741211,13.15999984741211,13.149999618530273,13.149999618530273,1185.0
2025-06-26 10:45:00,IBO,,0.887499988079071,0.8891000151634216,0.887499988079071,0.8891000151634216,267.0
2025-06-26 10:45:00,IDR,,13.140000343322754,13.140000343322754,13.100000381469727,13.100000381469727,85191.0
2025-06-26 10:45:00,IE,,9.875,9.875,9.87399959564209,9.875,3284.0
2025-06-26 10:45:00,IMO,,80.95999908447266,80.95999908447266,80.91000366210938,80.91000366210938,1194.0
2025-06-26 10:45:00,INDO,,3.189500093460083,3.189500093460083,3.1700000762939453,3.174999952316284,829.0
2025-06-26 10:45:00,KNW,,1.8250000476837158,1.8250000476837158,1.8200000524520874,1.8200000524520874,572.0
2025-06-26 10:45:00,KULR,,5.1803998947143555,5.184999942779541,5.165599822998047,5.165599822998047,2581.0
2025-06-26 10:45:00,LCTX,,1.065000057220459,1.0700000524520874,1.065000057220459,1.0700000524520874,1305.0
2025-06-26 10:45:00,LEU,,174.0,174.6199951171875,173.77000427246094,173.77000427246094,2387.0
2025-06-26 10:45:00,LGL,,7.239999771118164,7.25,7.239999771118164,7.25,981.0
2025-06-26 10:45:00,LMND,,41.88999938964844,42.040000915527344,41.880001068115234,41.994998931884766,3376.0
2025-06-26 10:45:00,LNG,,240.55999755859375,240.59500122070312,240.3094940185547,240.3094940185547,4111.0
2025-06-26 10:45:00,LODE,,3.680000066757202,3.690000057220459,3.680000066757202,3.690000057220459,930.0
2025-06-26 10:45:00,MAG,,21.280000686645508,21.280000686645508,21.280000686645508,21.280000686645508,132.0
2025-06-26 10:45:00,MITQ,,0.6908000111579895,0.6909000277519226,0.6908000111579895,0.6909000277519226,822.0
2025-06-26 10:45:00,MYO,,2.2699999809265137,2.2699999809265137,2.265000104904175,2.265000104904175,2150.0
2025-06-26 10:45:00,NAK,,1.5549999475479126,1.559999942779541,1.5499999523162842,1.5500999689102173,22714.0
2025-06-26 10:45:00,NCL,,0.17566999793052673,0.17710000276565552,0.17509999871253967,0.17509999871253967,1476205.0
2025-06-26 10:45:00,NG,,3.8550000190734863,3.8550000190734863,3.8550000190734863,3.8550000190734863,1232.0
2025-06-26 10:45:00,NGD,,4.829899787902832,4.829899787902832,4.820000171661377,4.820000171661377,21197.0
2025-06-26 10:45:00,NNVC,,1.2049000263214111,1.2049000263214111,1.1908999681472778,1.1908999681472778,932.0
2025-06-26 10:45:00,OPTT,,0.5116999745368958,0.5116999745368958,0.5116999745368958,0.5116999745368958,320.0
2025-06-26 10:45:00,ORLA,,10.045000076293945,10.045000076293945,10.045000076293945,10.045000076293945,500.0
2025-06-26 10:45:00,PLG,,1.6087000370025635,1.6100000143051147,1.6050000190734863,1.6090999841690063,7743.0
2025-06-26 10:45:00,PLMR,,148.35499572753906,148.39999389648438,148.35499572753906,148.39999389648438,1063.0
2025-06-26 10:45:00,PLX,,1.465000033378601,1.465000033378601,1.465000033378601,1.465000033378601,205.0
2025-06-26 10:45:00,PZG,,0.6100999712944031,0.6100999712944031,0.6100999712944031,0.6100999712944031,1750.0
2025-06-26 10:45:00,REI,,0.7856500148773193,0.7874000072479248,0.7856500148773193,0.7860000133514404,1964.0
2025-06-26 10:45:00,REPX,,26.59000015258789,26.59000015258789,26.59000015258789,26.59000015258789,101.0
2025-06-26 10:45:00,SEB,,2934.47509765625,2934.47509765625,2934.47509765625,2934.47509765625,5.0
2025-06-26 10:45:00,SENS,,0.5,0.5001000165939331,0.5,0.5001000165939331,7397.0
2025-06-26 10:45:00,SGN,,1.0104000568389893,1.0199999809265137,1.0104000568389893,1.0199999809265137,624.0
2025-06-26 10:45:00,SLI,,1.9049999713897705,1.9049999713897705,1.899999976158142,1.899999976158142,1148.0
2025-06-26 10:45:00,SVM,,4.15500020980835,4.155300140380859,4.139999866485596,4.149899959564209,66918.0
2025-06-26 10:45:00,TGB,,3.0754001140594482,3.0799999237060547,3.070499897003174,3.070499897003174,25143.0
2025-06-26 10:45:00,TOON,,0.734000027179718,0.734000027179718,0.734000027179718,0.734000027179718,634.0
2025-06-26 10:45:00,TPET,,1.2300000190734863,1.2300000190734863,1.2300000190734863,1.2300000190734863,124.0
2025-06-26 10:45:00,TRX,,0.3337000012397766,0.3337000012397766,0.3337000012397766,0.3337000012397766,75999.0
2025-06-26 10:45:00,UAMY,,2.509999990463257,2.509999990463257,2.505000114440918,2.505000114440918,9647.0
2025-06-26 10:45:00,UAVS,,1.0987999439239502,1.100000023841858,1.0987999439239502,1.100000023841858,453672.0
2025-06-26 10:45:00,UEC,,6.815000057220459,6.820000171661377,6.789999961853027,6.795000076293945,29610.0
2025-06-26 10:45:00,URG,,1.0449999570846558,1.0499999523162842,1.0433000326156616,1.0449999570846558,3760.0
2025-06-26 10:45:00,UUUU,,5.78000020980835,5.789999961853027,5.760000228881836,5.764999866485596,20915.0
2025-06-26 10:45:00,VGZ,,1.0099999904632568,1.0199999809265137,1.0099999904632568,1.0099999904632568,17781.0
2025-06-26 10:45:00,VZLA,,2.9691998958587646,2.984999895095825,2.9600000381469727,2.984999895095825,236706.0
2025-06-26 10:45:00,WRN,,1.2450000047683716,1.2450000047683716,1.2450000047683716,1.2450000047683716,92604.0
2025-06-26 10:45:00,WWR,,0.5851100087165833,0.5851100087165833,0.5851100087165833,0.5851100087165833,161755.0
2025-06-26 10:45:00,ZDGE,,4.190000057220459,4.190000057220459,4.190000057220459,4.190000057220459,100.0
2025-06-26 10:46:00,AREN,,5.704999923706055,5.704999923706055,5.704999923706055,5.704999923706055,169.0
2025-06-26 10:46:00,ARMN,,6.829999923706055,6.829999923706055,6.829999923706055,6.829999923706055,225.0
2025-06-26 10:46:00,ASM,,3.494999885559082,3.494999885559082,3.494999885559082,3.494999885559082,2719.0
2025-06-26 10:46:00,ATNM,,1.5399999618530273,1.5399999618530273,1.5399999618530273,1.5399999618530273,250.0
2025-06-26 10:46:00,AZTR,,0.2533000111579895,0.2533000111579895,0.2533000111579895,0.2533000111579895,101.0
2025-06-26 10:46:00,BATL,,1.4900000095367432,1.4900000095367432,1.4900000095367432,1.4900000095367432,302.0
2025-06-26 10:46:00,BEEP,,4.050000190734863,4.050000190734863,4.050000190734863,4.050000190734863,766.0
2025-06-26 10:46:00,BRBS,,3.2799999713897705,3.2799999713897705,3.2799999713897705,3.2799999713897705,184.0
2025-06-26 10:46:00,BTG,,3.585200071334839,3.5999999046325684,3.5799999237060547,3.5910000801086426,428102.0
2025-06-26 10:46:00,BURU,,0.3292999863624573,0.33500000834465027,0.328900009393692,0.33204999566078186,2217.0
2025-06-26 10:46:00,CATX,,3.6500000953674316,3.6500000953674316,3.630000114440918,3.640000104904175,4600.0
2025-06-26 10:46:00,CBOE,,228.47999572753906,228.625,228.47999572753906,228.625,2179.0
2025-06-26 10:46:00,CCEL,,5.576000213623047,5.576000213623047,5.300099849700928,5.300099849700928,588.0
2025-06-26 10:46:00,CEF,,30.270000457763672,30.280000686645508,30.270000457763672,30.280000686645508,360.0
2025-06-26 10:46:00,CET,,47.36009979248047,47.540000915527344,47.36009979248047,47.540000915527344,4067.0
2025-06-26 10:46:00,CIK,,2.934999942779541,2.940000057220459,2.930000066757202,2.934999942779541,7200.0
2025-06-26 10:46:00,CQP,,55.40999984741211,55.40999984741211,55.40999984741211,55.40999984741211,240.0
2025-06-26 10:46:00,DC,,3.799999952316284,3.799999952316284,3.7899999618530273,3.790600061416626,508.0
2025-06-26 10:46:00,DNN,,1.7798999547958374,1.7799999713897705,1.7699999809265137,1.7799999713897705,66035.0
2025-06-26 10:46:00,ECF,,10.180000305175781,10.180000305175781,10.180000305175781,10.180000305175781,7356.0
2025-06-26 10:46:00,EIM,,9.545000076293945,9.545000076293945,9.539999961853027,9.545000076293945,34543.0
2025-06-26 10:46:00,EMX,,2.5299999713897705,2.5299999713897705,2.5299999713897705,2.5299999713897705,168.0
2025-06-26 10:46:00,EQX,,5.875,5.875,5.869999885559082,5.869999885559082,1859.0
2025-06-26 10:46:00,EVV,,10.170000076293945,10.170000076293945,10.170000076293945,10.170000076293945,400.0
2025-06-26 10:46:00,FOXO,,0.20000000298023224,0.20000000298023224,0.20000000298023224,0.20000000298023224,10200.0
2025-06-26 10:46:00,FTF,,6.39900016784668,6.399899959564209,6.389999866485596,6.389999866485596,671.0
2025-06-26 10:46:00,GNS,,0.8555999994277954,0.8600000143051147,0.8510000109672546,0.8600000143051147,59422.0
2025-06-26 10:46:00,GORO,,0.5397999882698059,0.5397999882698059,0.5350000262260437,0.5350000262260437,11200.0
2025-06-26 10:46:00,GROY,,2.299999952316284,2.305000066757202,2.299999952316284,2.305000066757202,3800.0
2025-06-26 10:46:00,GSAT,,23.110000610351562,23.1299991607666,23.110000610351562,23.1299991607666,572.0
2025-06-26 10:46:00,HUSA,,12.900099754333496,13.15999984741211,12.899999618530273,13.15999984741211,10391.0
2025-06-26 10:46:00,IBO,,0.8895000219345093,0.8895000219345093,0.889460027217865,0.889460027217865,970.0
2025-06-26 10:46:00,IDR,,13.164999961853027,13.164999961853027,13.149999618530273,13.149999618530273,313.0
2025-06-26 10:46:00,IGC,,0.3091000020503998,0.3091000020503998,0.3091000020503998,0.3091000020503998,28004.0
2025-06-26 10:46:00,INDO,,3.1640000343322754,3.1712000370025635,3.1500000953674316,3.1712000370025635,2290.0
2025-06-26 10:46:00,INFU,,6.460000038146973,6.46999979019165,6.460000038146973,6.460000038146973,1653.0
2025-06-26 10:46:00,KNW,,1.8300000429153442,1.8300000429153442,1.8300000429153442,1.8300000429153442,1216.0
2025-06-26 10:46:00,KULR,,5.184999942779541,5.1875,5.175000190734863,5.1875,4362.0
2025-06-26 10:46:00,LCTX,,1.065000057220459,1.065000057220459,1.065000057220459,1.065000057220459,2621.0
2025-06-26 10:46:00,LEU,,173.9167022705078,174.25,173.8800048828125,174.0,2125.0
2025-06-26 10:46:00,LMND,,41.86000061035156,41.900001525878906,41.79999923706055,41.900001525878906,7971.0
2025-06-26 10:46:00,LNG,,240.8300018310547,240.8300018310547,240.55999755859375,240.55999755859375,2001.0
2025-06-26 10:46:00,LODE,,3.680000066757202,3.684999942779541,3.680000066757202,3.684999942779541,15891.0
2025-06-26 10:46:00,MAG,,21.280000686645508,21.280000686645508,21.280000686645508,21.280000686645508,244.0
2025-06-26 10:46:00,MI,,2.280100107192993,2.280100107192993,2.280100107192993,2.280100107192993,810.0
2025-06-26 10:46:00,MITQ,,0.6945000290870667,0.6945000290870667,0.6909000277519226,0.6909000277519226,1967.0
2025-06-26 10:46:00,MRT,,2.7388999462127686,2.7388999462127686,2.7388999462127686,2.7388999462127686,102.0
2025-06-26 10:46:00,NAK,,1.5450999736785889,1.5520000457763672,1.5399999618530273,1.5511000156402588,140017.0
2025-06-26 10:46:00,NBH,,9.835000038146973,9.835000038146973,9.819999694824219,9.819999694824219,200.0
2025-06-26 10:46:00,NCL,,0.17569999396800995,0.17569999396800995,0.17569999396800995,0.17569999396800995,190.0
2025-06-26 10:46:00,NG,,3.8550000190734863,3.8550000190734863,3.8499999046325684,3.8499999046325684,981.0
2025-06-26 10:46:00,NGD,,4.820400238037109,4.829899787902832,4.820000171661377,4.820000171661377,13392.0
2025-06-26 10:46:00,NHS,,7.480000019073486,7.480000019073486,7.480000019073486,7.480000019073486,100.0
2025-06-26 10:46:00,NML,,8.819999694824219,8.819999694824219,8.819999694824219,8.819999694824219,144.0
2025-06-26 10:46:00,OBE,,5.539999961853027,5.539999961853027,5.539999961853027,5.539999961853027,191.0
2025-06-26 10:46:00,OPTT,,0.5120999813079834,0.5120999813079834,0.5120999813079834,0.5120999813079834,938.0
2025-06-26 10:46:00,ORLA,,10.04010009765625,10.04010009765625,10.04010009765625,10.04010009765625,545.0
2025-06-26 10:46:00,OSTX,,1.815000057220459,1.815000057220459,1.815000057220459,1.815000057220459,171.0
2025-06-26 10:46:00,PLMR,,148.01980590820312,148.01980590820312,148.01980590820312,148.01980590820312,905.0
2025-06-26 10:46:00,PLX,,1.465000033378601,1.4700000286102295,1.465000033378601,1.465000033378601,11575.0
2025-06-26 10:46:00,REI,,0.7843000292778015,0.7875999808311462,0.7843000292778015,0.7861999869346619,600.0
2025-06-26 10:46:00,SATX,,2.9600000381469727,2.9600000381469727,2.9600000381469727,2.9600000381469727,200.0
2025-06-26 10:46:00,SENS,,0.5,0.5001000165939331,0.5,0.5,11891.0
2025-06-26 10:46:00,SGN,,1.0099999904632568,1.0099999904632568,1.0099999904632568,1.0099999904632568,501.0
2025-06-26 10:46:00,SLI,,1.9010000228881836,1.9010000228881836,1.9010000228881836,1.9010000228881836,395.0
2025-06-26 10:46:00,SLND,,3.799999952316284,3.799999952316284,3.799999952316284,3.799999952316284,1503.0
2025-06-26 10:46:00,SVM,,4.15500020980835,4.159900188446045,4.139999866485596,4.150000095367432,79252.0
2025-06-26 10:46:00,TGB,,3.079900026321411,3.0799999237060547,3.069999933242798,3.0799999237060547,25465.0
2025-06-26 10:46:00,TMP,,62.540000915527344,62.540000915527344,62.540000915527344,62.540000915527344,589.0
2025-06-26 10:46:00,TPET,,1.225000023841858,1.2300000190734863,1.225000023841858,1.2300000190734863,1777.0
2025-06-26 10:46:00,TRX,,0.3370000123977661,0.3370000123977661,0.3370000123977661,0.3370000123977661,150.0
2025-06-26 10:46:00,UAMY,,2.515000104904175,2.515000104904175,2.5,2.5083999633789062,17603.0
2025-06-26 10:46:00,UAVS,,1.094599962234497,1.094599962234497,1.0928000211715698,1.0928000211715698,3831.0
2025-06-26 10:46:00,UEC,,6.7967000007629395,6.815000057220459,6.795000076293945,6.815000057220459,32264.0
2025-06-26 10:46:00,URG,,1.0404000282287598,1.0499999523162842,1.0404000282287598,1.0499999523162842,1830.0
2025-06-26 10:46:00,USAS,,0.8037999868392944,0.8037999868392944,0.8037999868392944,0.8037999868392944,258.0
2025-06-26 10:46:00,UTG,,35.31999969482422,35.31999969482422,35.31999969482422,35.31999969482422,1101.0
2025-06-26 10:46:00,UUUU,,5.775000095367432,5.78000020980835,5.764999866485596,5.78000020980835,15340.0
2025-06-26 10:46:00,VTAK,,0.2551000118255615,0.25519999861717224,0.2551000118255615,0.25519999861717224,11180.0
2025-06-26 10:46:00,VZLA,,2.9670000076293945,2.9700000286102295,2.9649999141693115,2.9649999141693115,1859.0
2025-06-26 10:46:00,ZDGE,,4.190000057220459,4.190000057220459,4.190000057220459,4.190000057220459,304.0
2025-06-26 10:47:00,ARMN,,6.835000038146973,6.835000038146973,6.835000038146973,6.835000038146973,220.0
2025-06-26 10:47:00,ASM,,3.494999885559082,3.494999885559082,3.490000009536743,3.490000009536743,406.0
2025-06-26 10:47:00,AZTR,,0.2531000077724457,0.2531000077724457,0.2531000077724457,0.2531000077724457,366.0
2025-06-26 10:47:00,BRBS,,3.2799999713897705,3.2799999713897705,3.2699999809265137,3.2699999809265137,202.0
2025-06-26 10:47:00,BTG,,3.5850000381469727,3.5899999141693115,3.5799999237060547,3.5894999504089355,56810.0
2025-06-26 10:47:00,BURU,,0.33000001311302185,0.3323499858379364,0.3292999863624573,0.3292999863624573,1592.0
2025-06-26 10:47:00,CATX,,3.6549999713897705,3.6600000858306885,3.6500000953674316,3.6600000858306885,11172.0
2025-06-26 10:47:00,CBOE,,228.5749969482422,228.5749969482422,228.5399932861328,228.5399932861328,697.0
2025-06-26 10:47:00,CET,,47.41999816894531,47.650001525878906,47.41999816894531,47.650001525878906,300.0
2025-06-26 10:47:00,CIK,,2.930000066757202,2.940000057220459,2.930000066757202,2.9398000240325928,6110.0
2025-06-26 10:47:00,CLM,,7.940000057220459,7.940000057220459,7.940000057220459,7.940000057220459,566.0
2025-06-26 10:47:00,CQP,,55.46500015258789,55.54999923706055,55.46500015258789,55.5,787.0
2025-06-26 10:47:00,CRF,,7.564799785614014,7.566699981689453,7.564799785614014,7.566699981689453,7045.0
2025-06-26 10:47:00,CTM,,1.0299999713897705,1.0399999618530273,1.0299999713897705,1.0399999618530273,3678.0
2025-06-26 10:47:00,DHY,,2.1066999435424805,2.1066999435424805,2.1066999435424805,2.1066999435424805,259.0
2025-06-26 10:47:00,DNN,,1.7799999713897705,1.7799999713897705,1.7746000289916992,1.7799999713897705,56112.0
2025-06-26 10:47:00,ECF,,10.15999984741211,10.15999984741211,10.140000343322754,10.140000343322754,230.0
2025-06-26 10:47:00,ELA,,6.099999904632568,6.099999904632568,6.099999904632568,6.099999904632568,149.0
2025-06-26 10:47:00,EPM,,4.744999885559082,4.744999885559082,4.744999885559082,4.744999885559082,116.0
2025-06-26 10:47:00,EQX,,5.885000228881836,5.885000228881836,5.869999885559082,5.869999885559082,44360.0
2025-06-26 10:47:00,ESP,,44.35499954223633,44.525001525878906,44.35499954223633,44.525001525878906,541.0
2025-06-26 10:47:00,FOXO,,0.20000000298023224,0.20000000298023224,0.20000000298023224,0.20000000298023224,1501.0
2025-06-26 10:47:00,GAU,,1.2949999570846558,1.2949999570846558,1.2949999570846558,1.2949999570846558,132.0
2025-06-26 10:47:00,GGN,,4.349999904632568,4.355000019073486,4.349999904632568,4.355000019073486,1100.0
2025-06-26 10:47:00,GNS,,0.839900016784668,0.8561999797821045,0.8302000164985657,0.8528000116348267,81690.0
2025-06-26 10:47:00,GROY,,2.299999952316284,2.305000066757202,2.299999952316284,2.299999952316284,1460.0
2025-06-26 10:47:00,GSAT,,23.100000381469727,23.100000381469727,23.09000015258789,23.100000381469727,2562.0
2025-06-26 10:47:00,HUSA,,12.979999542236328,12.979999542236328,12.90999984741211,12.90999984741211,780.0
2025-06-26 10:47:00,IBO,,0.8999999761581421,0.8999999761581421,0.8896009922027588,0.8896009922027588,4930.0
2025-06-26 10:47:00,IDR,,13.15999984741211,13.15999984741211,13.149999618530273,13.149999618530273,741.0
2025-06-26 10:47:00,IE,,9.864999771118164,9.869999885559082,9.850000381469727,9.869999885559082,970.0
2025-06-26 10:47:00,INDO,,3.1700000762939453,3.1700000762939453,3.1500000953674316,3.1500000953674316,669.0
2025-06-26 10:47:00,KNW,,1.8300000429153442,1.8301000595092773,1.8200000524520874,1.8250000476837158,3403.0
2025-06-26 10:47:00,KULR,,5.184999942779541,5.195000171661377,5.175000190734863,5.175000190734863,8065.0
2025-06-26 10:47:00,LCTX,,1.065000057220459,1.065000057220459,1.065000057220459,1.065000057220459,1304.0
2025-06-26 10:47:00,LEU,,174.02999877929688,174.75770568847656,173.827392578125,173.827392578125,2046.0
2025-06-26 10:47:00,LMND,,41.79499816894531,41.880001068115234,41.72999954223633,41.869998931884766,10542.0
2025-06-26 10:47:00,LNG,,241.0,241.0,240.66000366210938,240.66000366210938,886.0
2025-06-26 10:47:00,LODE,,3.7300000190734863,3.740000009536743,3.7100000381469727,3.7100000381469727,2127.0
2025-06-26 10:47:00,MAG,,21.309999465942383,21.309999465942383,21.270000457763672,21.270000457763672,1408.0
2025-06-26 10:47:00,MAIA,,1.684999942779541,1.684999942779541,1.684999942779541,1.684999942779541,300.0
2025-06-26 10:47:00,MITQ,,0.6920999884605408,0.6920999884605408,0.6920999884605408,0.6920999884605408,297.0
2025-06-26 10:47:00,NAK,,1.5577000379562378,1.559999942779541,1.544800043106079,1.5499999523162842,96092.0
2025-06-26 10:47:00,NCL,,0.1768999993801117,0.1768999993801117,0.1768999993801117,0.1768999993801117,164.0
2025-06-26 10:47:00,NEWP,,1.36899995803833,1.36899995803833,1.36899995803833,1.36899995803833,3000.0
2025-06-26 10:47:00,NFGC,,1.465000033378601,1.465000033378601,1.465000033378601,1.465000033378601,260.0
2025-06-26 10:47:00,NG,,3.8550000190734863,3.8550000190734863,3.8499999046325684,3.8550000190734863,4451.0
2025-06-26 10:47:00,NGD,,4.824999809265137,4.829899787902832,4.820000171661377,4.824999809265137,36872.0
2025-06-26 10:47:00,NHS,,7.499899864196777,7.499899864196777,7.489999771118164,7.489999771118164,5160.0
2025-06-26 10:47:00,NNVC,,1.2051000595092773,1.2051000595092773,1.1993999481201172,1.2000000476837158,1302.0
2025-06-26 10:47:00,OBE,,5.545000076293945,5.545000076293945,5.539999961853027,5.545000076293945,94165.0
2025-06-26 10:47:00,OPTT,,0.5141000151634216,0.5149999856948853,0.5130000114440918,0.5130000114440918,26629.0
2025-06-26 10:47:00,ORLA,,10.055000305175781,10.055000305175781,10.050000190734863,10.055000305175781,1925.0
2025-06-26 10:47:00,PED,,0.6799989938735962,0.6799989938735962,0.6799989938735962,0.6799989938735962,18066.0
2025-06-26 10:47:00,PLAG,,0.8619999885559082,0.8619999885559082,0.8619999885559082,0.8619999885559082,378.0
2025-06-26 10:47:00,PLG,,1.6100000143051147,1.6100000143051147,1.600000023841858,1.6100000143051147,19480.0
2025-06-26 10:47:00,PLX,,1.465000033378601,1.465000033378601,1.465000033378601,1.465000033378601,747.0
2025-06-26 10:47:00,PZG,,0.6100000143051147,0.6100000143051147,0.6100000143051147,0.6100000143051147,757.0
2025-06-26 10:47:00,REI,,0.7847999930381775,0.788100004196167,0.7785000205039978,0.7861999869346619,26110.0
2025-06-26 10:47:00,SATX,,2.9600000381469727,2.9600000381469727,2.9600000381469727,2.9600000381469727,200.0
2025-06-26 10:47:00,SENS,,0.4999000132083893,0.5,0.4999000132083893,0.5,6535.0
2025-06-26 10:47:00,SGN,,1.0104000568389893,1.0104000568389893,1.0104000568389893,1.0104000568389893,348.0
2025-06-26 10:47:00,SLI,,1.9049999713897705,1.909999966621399,1.9000999927520752,1.909999966621399,1001.0
2025-06-26 10:47:00,STXS,,2.2300000190734863,2.2300000190734863,2.2249999046325684,2.2249999046325684,932.0
2025-06-26 10:47:00,SVM,,4.15500020980835,4.15500020980835,4.150000095367432,4.15500020980835,3713.0
2025-06-26 10:47:00,TGB,,3.0745999813079834,3.0799999237060547,3.069999933242798,3.075000047683716,24544.0
2025-06-26 10:47:00,TMQ,,1.4900000095367432,1.4900000095367432,1.4900000095367432,1.4900000095367432,125.0
2025-06-26 10:47:00,UAMY,,2.5199999809265137,2.5199999809265137,2.515000104904175,2.515000104904175,14606.0
2025-06-26 10:47:00,UEC,,6.795000076293945,6.804999828338623,6.789999961853027,6.800000190734863,21322.0
2025-06-26 10:47:00,URG,,1.0410000085830688,1.0499999523162842,1.0399999618530273,1.0499999523162842,87847.0
2025-06-26 10:47:00,UUUU,,5.75,5.775000095367432,5.744999885559082,5.775000095367432,18581.0
2025-06-26 10:47:00,VGZ,,1.0049999952316284,1.0049999952316284,1.0049999952316284,1.0049999952316284,400.0
2025-06-26 10:47:00,VTAK,,0.256399005651474,0.256399005651474,0.25360000133514404,0.253601998090744,10477.0
2025-06-26 10:47:00,VZLA,,2.9700000286102295,2.9800000190734863,2.9649999141693115,2.9691998958587646,14589.0
2025-06-26 10:47:00,WYY,,3.4200000762939453,3.4200000762939453,3.4200000762939453,3.4200000762939453,310.0
2025-06-26 10:48:00,ARMN,,6.840000152587891,6.840000152587891,6.840000152587891,6.840000152587891,3061.0
2025-06-26 10:48:00,ASM,,3.5,3.5,3.490000009536743,3.4921000003814697,16559.0
2025-06-26 10:48:00,ATNM,,1.5399999618530273,1.5399999618530273,1.5399999618530273,1.5399999618530273,143.0
2025-06-26 10:48:00,AZTR,,0.25589999556541443,0.25600001215934753,0.2549999952316284,0.2549999952316284,2524.0
2025-06-26 10:48:00,BATL,,1.4900000095367432,1.4900000095367432,1.4900000095367432,1.4900000095367432,769.0
2025-06-26 10:48:00,BRBS,,3.2750000953674316,3.2750000953674316,3.2750000953674316,3.2750000953674316,303.0
2025-06-26 10:48:00,BTG,,3.5999999046325684,3.5999999046325684,3.5899999141693115,3.5899999141693115,297530.0
2025-06-26 10:48:00,BURU,,0.33000001311302185,0.33239901065826416,0.33000001311302185,0.33000001311302185,4398.0
2025-06-26 10:48:00,CATX,,3.6500000953674316,3.6549999713897705,3.6500000953674316,3.6549999713897705,2666.0
2025-06-26 10:48:00,CEF,,30.270000457763672,30.27989959716797,30.270000457763672,30.27989959716797,349.0
2025-06-26 10:48:00,CIK,,2.9375,2.940000057220459,2.930000066757202,2.934999942779541,5100.0
2025-06-26 10:48:00,CLDI,,0.21689899265766144,0.21689899265766144,0.21689899265766144,0.21689899265766144,607.0
2025-06-26 10:48:00,CLM,,7.944900035858154,7.944900035858154,7.944900035858154,7.944900035858154,1667.0
2025-06-26 10:48:00,CMCL,,18.989999771118164,18.989999771118164,18.989999771118164,18.989999771118164,240.0
2025-06-26 10:48:00,CQP,,55.509300231933594,55.54999923706055,55.5,55.54999923706055,789.0
2025-06-26 10:48:00,CRF,,7.564599990844727,7.564599990844727,7.564599990844727,7.564599990844727,439.0
2025-06-26 10:48:00,CTM,,1.034999966621399,1.034999966621399,1.034999966621399,1.034999966621399,2063.0
2025-06-26 10:48:00,CYBN,,8.5649995803833,8.588399887084961,8.545000076293945,8.545000076293945,3597.0
2025-06-26 10:48:00,DC,,3.7997000217437744,3.7997000217437744,3.7997000217437744,3.7997000217437744,254.0
2025-06-26 10:48:00,DIT,,106.0,106.0,106.0,106.0,105.0
2025-06-26 10:48:00,DNN,,1.774999976158142,1.7799999713897705,1.774999976158142,1.7799999713897705,43559.0
2025-06-26 10:48:00,DSS,,0.9639999866485596,0.9639999866485596,0.9639999866485596,0.9639999866485596,199.0
2025-06-26 10:48:00,ENX,,9.1899995803833,9.1899995803833,9.1899995803833,9.1899995803833,3119.0
2025-06-26 10:48:00,EPM,,4.730000019073486,4.730000019073486,4.730000019073486,4.730000019073486,103.0
2025-06-26 10:48:00,EQX,,5.889900207519531,5.889999866485596,5.880000114440918,5.885000228881836,41233.0
2025-06-26 10:48:00,ESP,,44.630001068115234,44.73529815673828,44.4900016784668,44.4900016784668,905.0
2025-06-26 10:48:00,EVM,,8.84000015258789,8.84000015258789,8.84000015258789,8.84000015258789,100.0
2025-06-26 10:48:00,FSP,,1.690000057220459,1.690000057220459,1.690000057220459,1.690000057220459,100.0
2025-06-26 10:48:00,FTF,,6.389999866485596,6.389999866485596,6.389999866485596,6.389999866485596,200.0
2025-06-26 10:48:00,GAU,,1.2949999570846558,1.2949999570846558,1.2949999570846558,1.2949999570846558,280.0
2025-06-26 10:48:00,GGN,,4.360000133514404,4.360000133514404,4.355000019073486,4.359000205993652,10925.0
2025-06-26 10:48:00,GLV,,5.599999904632568,5.610000133514404,5.599999904632568,5.6082000732421875,4769.0
2025-06-26 10:48:00,GNS,,0.8349999785423279,0.8500000238418579,0.8320000171661377,0.8320000171661377,30909.0
2025-06-26 10:48:00,GORO,,0.5374000072479248,0.5397999882698059,0.5350000262260437,0.5350000262260437,403.0
2025-06-26 10:48:00,GROY,,2.305000066757202,2.305000066757202,2.299999952316284,2.305000066757202,1010.0
2025-06-26 10:48:00,HUSA,,12.979999542236328,12.979999542236328,12.979999542236328,12.979999542236328,482.0
2025-06-26 10:48:00,IBO,,0.9056990146636963,0.9079999923706055,0.8972010016441345,0.8972010016441345,6178.0
2025-06-26 10:48:00,IE,,9.879300117492676,9.879300117492676,9.85319995880127,9.864999771118164,1945.0
2025-06-26 10:48:00,IMO,,81.01000213623047,81.01000213623047,81.01000213623047,81.01000213623047,484.0
2025-06-26 10:48:00,INDO,,3.140000104904175,3.140000104904175,3.140000104904175,3.140000104904175,648.0
2025-06-26 10:48:00,ITRG,,1.5700000524520874,1.5700000524520874,1.5700000524520874,1.5700000524520874,698570.0
2025-06-26 10:48:00,KNW,,1.820099949836731,1.8350000381469727,1.8200000524520874,1.8350000381469727,1881.0
2025-06-26 10:48:00,KULR,,5.184999942779541,5.184999942779541,5.183700084686279,5.184999942779541,5404.0
2025-06-26 10:48:00,LCTX,,1.065000057220459,1.065000057220459,1.059999942779541,1.059999942779541,4640.0
2025-06-26 10:48:00,LEU,,174.88999938964844,174.9499969482422,173.95700073242188,174.13999938964844,2257.0
2025-06-26 10:48:00,LMND,,41.91999816894531,41.91999816894531,41.79999923706055,41.79999923706055,6493.0
2025-06-26 10:48:00,LNG,,241.44000244140625,241.44000244140625,240.94000244140625,240.94000244140625,1547.0
2025-06-26 10:48:00,LODE,,3.7200000286102295,3.7200000286102295,3.7200000286102295,3.7200000286102295,234.0
2025-06-26 10:48:00,MAG,,21.31999969482422,21.31999969482422,21.309999465942383,21.31999969482422,875.0
2025-06-26 10:48:00,MAIA,,1.6700999736785889,1.6700999736785889,1.6700999736785889,1.6700999736785889,2169.0
2025-06-26 10:48:00,MITQ,,0.6980999708175659,0.6980999708175659,0.695900022983551,0.695900022983551,268.0
2025-06-26 10:48:00,MTA,,3.859999895095825,3.859999895095825,3.859999895095825,3.859999895095825,100.0
2025-06-26 10:48:00,NAK,,1.558899998664856,1.565000057220459,1.5499999523162842,1.5516999959945679,165310.0
2025-06-26 10:48:00,NBH,,9.819999694824219,9.819999694824219,9.819999694824219,9.819999694824219,200.0
2025-06-26 10:48:00,NG,,3.8698999881744385,3.869999885559082,3.859999895095825,3.859999895095825,13502.0
2025-06-26 10:48:00,NGD,,4.830599784851074,4.840000152587891,4.820000171661377,4.829999923706055,227612.0
2025-06-26 10:48:00,NHS,,7.489999771118164,7.499899864196777,7.480000019073486,7.499899864196777,849.0
2025-06-26 10:48:00,NNVC,,1.2000000476837158,1.2000000476837158,1.2000000476837158,1.2000000476837158,206.0
2025-06-26 10:48:00,OPTT,,0.5138000249862671,0.5149999856948853,0.5138000249862671,0.5149999856948853,20151.0
2025-06-26 10:48:00,ORLA,,10.085000038146973,10.085000038146973,10.0600004196167,10.0600004196167,2362.0
2025-06-26 10:48:00,PLG,,1.6200000047683716,1.6200000047683716,1.6200000047683716,1.6200000047683716,112.0
2025-06-26 10:48:00,PLMR,,148.5500030517578,148.56500244140625,148.47999572753906,148.47999572753906,1323.0
2025-06-26 10:48:00,REI,,0.7806000113487244,0.7806000113487244,0.7806000113487244,0.7806000113487244,7446.0
2025-06-26 10:48:00,REPX,,26.684999465942383,26.684999465942383,26.684999465942383,26.684999465942383,624.0
2025-06-26 10:48:00,SATX,,2.9600000381469727,2.9600000381469727,2.9600000381469727,2.9600000381469727,300.0
2025-06-26 10:48:00,SEB,,2934.47509765625,2934.47509765625,2934.47509765625,2934.47509765625,1.0
2025-06-26 10:48:00,SENS,,0.4997999966144562,0.5,0.4997999966144562,0.4999000132083893,37837.0
2025-06-26 10:48:00,SGN,,1.0149999856948853,1.0149999856948853,1.0104000568389893,1.0104000568389893,1840.0
2025-06-26 10:48:00,STRW,,10.760000228881836,10.8100004196167,10.75,10.8100004196167,4446.0
2025-06-26 10:48:00,STXS,,2.2300000190734863,2.2300000190734863,2.2300000190734863,2.2300000190734863,30850.0
2025-06-26 10:48:00,SVM,,4.15500020980835,4.15500020980835,4.150000095367432,4.15500020980835,3173.0
2025-06-26 10:48:00,TGB,,3.0799999237060547,3.0799999237060547,3.069999933242798,3.079900026321411,70977.0
2025-06-26 10:48:00,TPET,,1.2148000001907349,1.2206000089645386,1.2148000001907349,1.2206000089645386,840.0
2025-06-26 10:48:00,UAMY,,2.515000104904175,2.515000104904175,2.515000104904175,2.515000104904175,2051.0
2025-06-26 10:48:00,UAVS,,1.0950000286102295,1.0950000286102295,1.0950000286102295,1.0950000286102295,105.0
2025-06-26 10:48:00,UEC,,6.804999828338623,6.804999828338623,6.789999961853027,6.795000076293945,18766.0
2025-06-26 10:48:00,URG,,1.0449999570846558,1.0499999523162842,1.0404000282287598,1.0404000282287598,2252.0
2025-06-26 10:48:00,USAS,,0.8037999868392944,0.8098999857902527,0.8037999868392944,0.8098999857902527,7725.0
2025-06-26 10:48:00,UTG,,35.38999938964844,35.38999938964844,35.320098876953125,35.320098876953125,1391.0
2025-06-26 10:48:00,UUUU,,5.764999866485596,5.775000095367432,5.742499828338623,5.75,23736.0
2025-06-26 10:48:00,VGZ,,1.0049999952316284,1.0099999904632568,1.0049999952316284,1.0099999904632568,660.0
2025-06-26 10:48:00,VTAK,,0.2549999952316284,0.2563999891281128,0.25369998812675476,0.25369998812675476,6424.0
2025-06-26 10:48:00,VZLA,,2.9749999046325684,2.9800000190734863,2.970099925994873,2.9800000190734863,15058.0
2025-06-26 10:49:00,AEON,,0.7749999761581421,0.7749999761581421,0.7699000239372253,0.7699000239372253,4399.0
2025-06-26 10:49:00,AIM,,8.899999618530273,8.949999809265137,8.899999618530273,8.949999809265137,213.0
2025-06-26 10:49:00,ARMN,,6.835000038146973,6.840000152587891,6.835000038146973,6.840000152587891,2094.0
2025-06-26 10:49:00,ASM,,3.501499891281128,3.501499891281128,3.5,3.5,10494.0
2025-06-26 10:49:00,ATNM,,1.5399999618530273,1.5399999618530273,1.5399999618530273,1.5399999618530273,1181.0
2025-06-26 10:49:00,AWX,,2.440000057220459,2.450000047683716,2.440000057220459,2.450000047683716,1269.0
2025-06-26 10:49:00,AZTR,,0.25589999556541443,0.25589999556541443,0.25589999556541443,0.25589999556541443,1000.0
2025-06-26 10:49:00,BATL,,1.5199999809265137,1.5199999809265137,1.5,1.5,1437.0
2025-06-26 10:49:00,BRN,,1.2145999670028687,1.2145999670028687,1.2145999670028687,1.2145999670028687,7983.0
2025-06-26 10:49:00,BTG,,3.599600076675415,3.5999999046325684,3.5899999141693115,3.5952000617980957,244736.0
2025-06-26 10:49:00,BURU,,0.3287000060081482,0.33000001311302185,0.3287000060081482,0.33000001311302185,1105.0
2025-06-26 10:49:00,CANF,,1.065000057220459,1.065000057220459,1.065000057220459,1.065000057220459,10781.0
2025-06-26 10:49:00,CATX,,3.6549999713897705,3.6549999713897705,3.6549999713897705,3.6549999713897705,1098.0
2025-06-26 10:49:00,CIK,,2.940000057220459,2.940000057220459,2.940000057220459,2.940000057220459,1000.0
2025-06-26 10:49:00,CLM,,7.943299770355225,7.949999809265137,7.943299770355225,7.949999809265137,2531.0
2025-06-26 10:49:00,CMCL,,19.0,19.0,19.0,19.0,303.0
2025-06-26 10:49:00,CQP,,55.7400016784668,55.7400016784668,55.619998931884766,55.709999084472656,700.0
2025-06-26 10:49:00,CRF,,7.565000057220459,7.565000057220459,7.565000057220459,7.565000057220459,3936.0
2025-06-26 10:49:00,CYBN,,8.569999694824219,8.588000297546387,8.520000457763672,8.588000297546387,1900.0
2025-06-26 10:49:00,DHY,,2.1098999977111816,2.1098999977111816,2.1098999977111816,2.1098999977111816,1203.0
2025-06-26 10:49:00,DNN,,1.7799999713897705,1.7799999713897705,1.7699999809265137,1.774999976158142,36111.0
2025-06-26 10:49:00,EPM,,4.744999885559082,4.744999885559082,4.744999885559082,4.744999885559082,250.0
2025-06-26 10:49:00,EQX,,5.885000228881836,5.889999866485596,5.880000114440918,5.880000114440918,21145.0
2025-06-26 10:49:00,FOXO,,0.19990000128746033,0.20000000298023224,0.19990000128746033,0.20000000298023224,2062.0
2025-06-26 10:49:00,FSP,,1.684999942779541,1.690000057220459,1.684999942779541,1.690000057220459,941.0
2025-06-26 10:49:00,GLDG,,0.744799017906189,0.744799017906189,0.7441999912261963,0.7441999912261963,631.0
2025-06-26 10:49:00,GLO,,5.335400104522705,5.335400104522705,5.335400104522705,5.335400104522705,300.0
2025-06-26 10:49:00,GNS,,0.8199999928474426,0.8382999897003174,0.8199999928474426,0.8349999785423279,61535.0
2025-06-26 10:49:00,GORO,,0.5350000262260437,0.5350000262260437,0.5350000262260437,0.5350000262260437,200.0
2025-06-26 10:49:00,GROY,,2.305000066757202,2.305000066757202,2.305000066757202,2.305000066757202,1076.0
2025-06-26 10:49:00,GTE,,5.039999961853027,5.039999961853027,5.039999961853027,5.039999961853027,466.0
2025-06-26 10:49:00,HUSA,,12.974300384521484,12.974300384521484,12.974300384521484,12.974300384521484,947.0
2025-06-26 10:49:00,IBO,,0.9071000218391418,0.9104999899864197,0.9039750099182129,0.9039750099182129,4479.0
2025-06-26 10:49:00,IDR,,13.15999984741211,13.15999984741211,13.15999984741211,13.15999984741211,125.0
2025-06-26 10:49:00,IE,,9.859999656677246,9.90999984741211,9.859999656677246,9.880000114440918,2337.0
2025-06-26 10:49:00,INDO,,3.1401000022888184,3.1700000762939453,3.130000114440918,3.1700000762939453,8547.0
2025-06-26 10:49:00,ITP,,0.18889999389648438,0.18889999389648438,0.18889999389648438,0.18889999389648438,127696.0
2025-06-26 10:49:00,ITRG,,1.5700000524520874,1.5700000524520874,1.5700000524520874,1.5700000524520874,400.0
2025-06-26 10:49:00,KNW,,1.8350000381469727,1.847599983215332,1.8350000381469727,1.847599983215332,2116.0
2025-06-26 10:49:00,KULR,,5.191100120544434,5.195000171661377,5.184999942779541,5.184999942779541,3910.0
2025-06-26 10:49:00,LCTX,,1.065000057220459,1.0687999725341797,1.065000057220459,1.0687999725341797,1220.0
2025-06-26 10:49:00,LEU,,175.10499572753906,175.10499572753906,174.47340393066406,174.9600067138672,2473.0
2025-06-26 10:49:00,LMND,,41.939998626708984,41.970001220703125,41.86000061035156,41.900001525878906,4014.0
2025-06-26 10:49:00,LNG,,241.49000549316406,241.49000549316406,241.1699981689453,241.1699981689453,1567.0
2025-06-26 10:49:00,LODE,,3.729599952697754,3.729599952697754,3.729599952697754,3.729599952697754,1831.0
2025-06-26 10:49:00,MAG,,21.309999465942383,21.315000534057617,21.309999465942383,21.315000534057617,1168.0
2025-06-26 10:49:00,MRT,,2.7393999099731445,2.7393999099731445,2.7202000617980957,2.7202000617980957,901.0
2025-06-26 10:49:00,MTA,,3.869999885559082,3.869999885559082,3.859999895095825,3.859999895095825,379.0
2025-06-26 10:49:00,MTNB,,0.9200000166893005,0.9289000034332275,0.9200000166893005,0.9235000014305115,1350.0
2025-06-26 10:49:00,MYO,,2.280100107192993,2.280100107192993,2.2750000953674316,2.2750000953674316,4418.0
2025-06-26 10:49:00,NAK,,1.565000057220459,1.565000057220459,1.5499999523162842,1.5549999475479126,134742.0
2025-06-26 10:49:00,NBH,,9.84000015258789,9.84000015258789,9.84000015258789,9.84000015258789,200.0
2025-06-26 10:49:00,NEWP,,1.3700000047683716,1.375,1.3700000047683716,1.3700000047683716,2515.0
2025-06-26 10:49:00,NFGC,,1.465000033378601,1.465000033378601,1.465000033378601,1.465000033378601,131.0
2025-06-26 10:49:00,NG,,3.8550000190734863,3.869999885559082,3.8550000190734863,3.869999885559082,13248.0
2025-06-26 10:49:00,NGD,,4.831600189208984,4.840000152587891,4.830100059509277,4.835000038146973,24960.0
2025-06-26 10:49:00,NHS,,7.489999771118164,7.489999771118164,7.480000019073486,7.489999771118164,1310.0
2025-06-26 10:49:00,NML,,8.829999923706055,8.829999923706055,8.829999923706055,8.829999923706055,500.0
2025-06-26 10:49:00,NRO,,3.190000057220459,3.190000057220459,3.190000057220459,3.190000057220459,159812.0
2025-06-26 10:49:00,NRXS,,2.590100049972534,2.619999885559082,2.590100049972534,2.619999885559082,755.0
2025-06-26 10:49:00,OPTT,,0.5138999819755554,0.5139999985694885,0.513700008392334,0.5139999985694885,12005.0
2025-06-26 10:49:00,ORLA,,10.0649995803833,10.079999923706055,10.0649995803833,10.079999923706055,1883.0
2025-06-26 10:49:00,PLG,,1.6150000095367432,1.6150000095367432,1.6100000143051147,1.611299991607666,2348.0
2025-06-26 10:49:00,PLX,,1.4600000381469727,1.4600000381469727,1.4600000381469727,1.4600000381469727,700.0
2025-06-26 10:49:00,REI,,0.7784000039100647,0.7804999947547913,0.7784000039100647,0.7804999947547913,900.0
2025-06-26 10:49:00,RLGT,,6.030399799346924,6.030399799346924,6.030399799346924,6.030399799346924,747.0
2025-06-26 10:49:00,SATX,,2.9649999141693115,2.9649999141693115,2.9600000381469727,2.9600000381469727,3600.0
2025-06-26 10:49:00,SENS,,0.49959999322891235,0.4997999966144562,0.49959999322891235,0.49970000982284546,11048.0
2025-06-26 10:49:00,SLI,,1.9049999713897705,1.90910005569458,1.899999976158142,1.899999976158142,1693.0
2025-06-26 10:49:00,SVM,,4.15500020980835,4.159999847412109,4.15500020980835,4.155200004577637,3258.0
2025-06-26 10:49:00,TGB,,3.0701000690460205,3.0799999237060547,3.069999933242798,3.0799999237060547,206756.0
2025-06-26 10:49:00,TMQ,,1.4900000095367432,1.4900000095367432,1.4883999824523926,1.4883999824523926,3727.0
2025-06-26 10:49:00,TPET,,1.2197999954223633,1.2197999954223633,1.2101000547409058,1.2145999670028687,2733.0
2025-06-26 10:49:00,TRX,,0.3370000123977661,0.3370000123977661,0.3370000123977661,0.3370000123977661,326.0
2025-06-26 10:49:00,UAMY,,2.515000104904175,2.515000104904175,2.515000104904175,2.515000104904175,1292497.0
2025-06-26 10:49:00,UEC,,6.789999961853027,6.809999942779541,6.780200004577637,6.808000087738037,29521.0
2025-06-26 10:49:00,URG,,1.0449999570846558,1.0499999523162842,1.0449999570846558,1.0449999570846558,3829.0
2025-06-26 10:49:00,USAS,,0.8019999861717224,0.8019999861717224,0.8019999861717224,0.8019999861717224,3001.0
2025-06-26 10:49:00,UTG,,35.41999816894531,35.41999816894531,35.38999938964844,35.38999938964844,1044.0
2025-06-26 10:49:00,UUUU,,5.764999866485596,5.78000020980835,5.760000228881836,5.764999866485596,27019.0
2025-06-26 10:49:00,VKI,,8.1899995803833,8.1899995803833,8.1899995803833,8.1899995803833,101.0
2025-06-26 10:49:00,VTAK,,0.2549999952316284,0.2549999952316284,0.2549999952316284,0.2549999952316284,510.0
2025-06-26 10:49:00,VZLA,,2.984999895095825,2.984999895095825,2.975100040435791,2.975100040435791,27653.0
2025-06-26 10:49:00,WWR,,0.5899999737739563,0.5899999737739563,0.5899999737739563,0.5899999737739563,5000.0
2025-06-26 10:49:00,WYY,,3.450000047683716,3.450000047683716,3.450000047683716,3.450000047683716,100.0
2025-06-26 10:50:00,ACU,,39.529998779296875,39.529998779296875,39.529998779296875,39.529998779296875,106.0
2025-06-26 10:50:00,AEON,,0.7762500047683716,0.7799999713897705,0.7762500047683716,0.7771000266075134,1139.0
2025-06-26 10:50:00,ARMN,,6.835000038146973,6.835000038146973,6.829999923706055,6.829999923706055,400.0
2025-06-26 10:50:00,ASM,,3.490000009536743,3.505000114440918,3.490000009536743,3.505000114440918,13752.0
2025-06-26 10:50:00,ATNM,,1.5399999618530273,1.5399999618530273,1.5399999618530273,1.5399999618530273,460.0
2025-06-26 10:50:00,AZTR,,0.25619998574256897,0.25619998574256897,0.25619998574256897,0.25619998574256897,8013.0
2025-06-26 10:50:00,BKTI,,53.29999923706055,53.29999923706055,53.29999923706055,53.29999923706055,282.0
2025-06-26 10:50:00,BQ,,1.9227999448776245,1.9227999448776245,1.9227999448776245,1.9227999448776245,3305.0
2025-06-26 10:50:00,BRBS,,3.2699999809265137,3.2799999713897705,3.2699999809265137,3.2799999713897705,439.0
2025-06-26 10:50:00,BTG,,3.5950000286102295,3.5999999046325684,3.5899999141693115,3.5899999141693115,41637.0
2025-06-26 10:50:00,BURU,,0.3285999894142151,0.3287000060081482,0.3285999894142151,0.3287000060081482,999.0
2025-06-26 10:50:00,CATX,,3.6549999713897705,3.6549999713897705,3.6549999713897705,3.6549999713897705,282.0
2025-06-26 10:50:00,CBOE,,228.5500030517578,228.5500030517578,228.47999572753906,228.47999572753906,253.0
2025-06-26 10:50:00,CEF,,30.270000457763672,30.280000686645508,30.270000457763672,30.280000686645508,200.0
2025-06-26 10:50:00,CET,,47.630001068115234,47.630001068115234,47.630001068115234,47.630001068115234,105.0
2025-06-26 10:50:00,CIK,,2.940000057220459,2.940000057220459,2.930000066757202,2.940000057220459,20100.0
2025-06-26 10:50:00,CLDI,,0.2159000039100647,0.2159000039100647,0.2159000039100647,0.2159000039100647,8935.0
2025-06-26 10:50:00,CLM,,7.945000171661377,7.945000171661377,7.945000171661377,7.945000171661377,1100.0
2025-06-26 10:50:00,CQP,,55.790000915527344,55.85499954223633,55.625,55.63999938964844,2722.0
2025-06-26 10:50:00,CRF,,7.565000057220459,7.565000057220459,7.565000057220459,7.565000057220459,700.0
2025-06-26 10:50:00,CTM,,1.034999966621399,1.0399999618530273,1.034999966621399,1.034999966621399,16583.0
2025-06-26 10:50:00,CYBN,,8.5,8.5,8.5,8.5,1100.0
2025-06-26 10:50:00,DHY,,2.109999895095825,2.109999895095825,2.109999895095825,2.109999895095825,266.0
2025-06-26 10:50:00,DNN,,1.7799999713897705,1.7799999713897705,1.774999976158142,1.7798999547958374,4220.0
2025-06-26 10:50:00,EAD,,6.989999771118164,6.989999771118164,6.980000019073486,6.980000019073486,802.0
2025-06-26 10:50:00,ECF,,10.164999961853027,10.164999961853027,10.164999961853027,10.164999961853027,100.0
2025-06-26 10:50:00,ENX,,9.210000038146973,9.210000038146973,9.210000038146973,9.210000038146973,3359.0
2025-06-26 10:50:00,EPM,,4.744999885559082,4.744999885559082,4.744999885559082,4.744999885559082,840.0
2025-06-26 10:50:00,EQX,,5.880000114440918,5.889999866485596,5.880000114440918,5.880000114440918,71292.0
2025-06-26 10:50:00,ERC,,9.369999885559082,9.380000114440918,9.369999885559082,9.380000114440918,14249.0
2025-06-26 10:50:00,ESP,,44.74810028076172,44.74810028076172,44.74810028076172,44.74810028076172,297.0
2025-06-26 10:50:00,EVV,,10.170000076293945,10.170000076293945,10.170000076293945,10.170000076293945,419.0
2025-06-26 10:50:00,FOXO,,0.19990000128746033,0.19990000128746033,0.19990000128746033,0.19990000128746033,1850.0
2025-06-26 10:50:00,FSP,,1.684999942779541,1.684999942779541,1.684999942779541,1.684999942779541,530.0
2025-06-26 10:50:00,FTF,,6.389999866485596,6.389999866485596,6.389999866485596,6.389999866485596,200.0
2025-06-26 10:50:00,FURY,,0.48100000619888306,0.48100000619888306,0.48100000619888306,0.48100000619888306,52275.0
2025-06-26 10:50:00,GLDG,,0.7448999881744385,0.7448999881744385,0.7448999881744385,0.7448999881744385,460.0
2025-06-26 10:50:00,GLV,,5.599299907684326,5.599999904632568,5.599299907684326,5.599999904632568,2200.0
2025-06-26 10:50:00,GNS,,0.8414000272750854,0.8414000272750854,0.8217999935150146,0.824999988079071,20859.0
2025-06-26 10:50:00,GROY,,2.305000066757202,2.3099000453948975,2.305000066757202,2.3099000453948975,1070.0
2025-06-26 10:50:00,GSAT,,23.114999771118164,23.114999771118164,23.114999771118164,23.114999771118164,823.0
2025-06-26 10:50:00,GTE,,5.039999961853027,5.039999961853027,5.039999961853027,5.039999961853027,101.0
2025-06-26 10:50:00,IBO,,0.9159500002861023,0.9174000024795532,0.9064000248908997,0.9064000248908997,5408.0
2025-06-26 10:50:00,IE,,9.880000114440918,9.895000457763672,9.880000114440918,9.895000457763672,366.0
2025-06-26 10:50:00,INDO,,3.1600000858306885,3.1600000858306885,3.1600000858306885,3.1600000858306885,449.0
2025-06-26 10:50:00,ITRG,,1.5663000345230103,1.5663000345230103,1.565000057220459,1.565000057220459,1196.0
2025-06-26 10:50:00,JOB,,0.2014009952545166,0.2014009952545166,0.2014009952545166,0.2014009952545166,9483.0
2025-06-26 10:50:00,KULR,,5.184999942779541,5.195000171661377,5.184999942779541,5.195000171661377,12082.0
2025-06-26 10:50:00,LCTX,,1.065000057220459,1.065000057220459,1.065000057220459,1.065000057220459,503.0
2025-06-26 10:50:00,LEU,,175.3000030517578,175.50999450683594,175.10499572753906,175.10499572753906,2768.0
2025-06-26 10:50:00,LMND,,41.89289855957031,41.970001220703125,41.869998931884766,41.869998931884766,2110.0
2025-06-26 10:50:00,LNG,,241.34500122070312,241.4499969482422,241.30999755859375,241.3332061767578,3642.0
2025-06-26 10:50:00,LODE,,3.7249999046325684,3.7249999046325684,3.7098000049591064,3.7100000381469727,22261.0
2025-06-26 10:50:00,MAG,,21.299999237060547,21.30500030517578,21.295000076293945,21.30500030517578,2574.0
2025-06-26 10:50:00,MTA,,3.859999895095825,3.869999885559082,3.859999895095825,3.869999885559082,299.0
2025-06-26 10:50:00,MTNB,,0.9200000166893005,0.9200000166893005,0.9200000166893005,0.9200000166893005,194.0
2025-06-26 10:50:00,NAK,,1.559999942779541,1.5686999559402466,1.559999942779541,1.5683000087738037,19626.0
2025-06-26 10:50:00,NBH,,9.849900245666504,9.849900245666504,9.819999694824219,9.819999694824219,325.0
2025-06-26 10:50:00,NG,,3.859999895095825,3.859999895095825,3.8499999046325684,3.859999895095825,9287.0
2025-06-26 10:50:00,NGD,,4.829999923706055,4.840000152587891,4.829999923706055,4.829999923706055,132675.0
2025-06-26 10:50:00,NHC,,108.7300033569336,108.7300033569336,108.7300033569336,108.7300033569336,129.0
2025-06-26 10:50:00,NHS,,7.480000019073486,7.489699840545654,7.480000019073486,7.489699840545654,700.0
2025-06-26 10:50:00,NML,,8.819700241088867,8.819700241088867,8.819700241088867,8.819700241088867,1137.0
2025-06-26 10:50:00,NNVC,,1.1950000524520874,1.2000000476837158,1.1950000524520874,1.2000000476837158,3287.0
2025-06-26 10:50:00,NRO,,3.18969988822937,3.18969988822937,3.18969988822937,3.18969988822937,472.0
2025-06-26 10:50:00,OBE,,5.545000076293945,5.545000076293945,5.545000076293945,5.545000076293945,94365.0
2025-06-26 10:50:00,OGEN,,3.5199999809265137,3.5199999809265137,3.5199999809265137,3.5199999809265137,118.0
2025-06-26 10:50:00,OPTT,,0.5138000249862671,0.5138000249862671,0.5138000249862671,0.5138000249862671,1607896.0
2025-06-26 10:50:00,ORLA,,10.069999694824219,10.069999694824219,10.069999694824219,10.069999694824219,1192.0
2025-06-26 10:50:00,PLG,,1.6150000095367432,1.6152000427246094,1.6150000095367432,1.6152000427246094,3200.0
2025-06-26 10:50:00,PLMR,,149.2899932861328,149.2899932861328,149.2899932861328,149.2899932861328,416.0
2025-06-26 10:50:00,PLX,,1.465000033378601,1.465000033378601,1.465000033378601,1.465000033378601,230.0
2025-06-26 10:50:00,REI,,0.7852500081062317,0.7852500081062317,0.7807000279426575,0.7807000279426575,6006.0
2025-06-26 10:50:00,SATX,,2.9600000381469727,2.9600000381469727,2.9600000381469727,2.9600000381469727,202.0
2025-06-26 10:50:00,SEB,,2924.989990234375,2930.860107421875,2924.780029296875,2930.860107421875,49.0
2025-06-26 10:50:00,SENS,,0.49959999322891235,0.49970000982284546,0.49959999322891235,0.49959999322891235,4113.0
2025-06-26 10:50:00,SGN,,1.0199999809265137,1.0199999809265137,1.0149999856948853,1.0149999856948853,1384.0
2025-06-26 10:50:00,SLI,,1.9049999713897705,1.9049999713897705,1.9049999713897705,1.9049999713897705,527.0
2025-06-26 10:50:00,SSY,,0.8500000238418579,0.8500000238418579,0.8500000238418579,0.8500000238418579,30311.0
2025-06-26 10:50:00,SVM,,4.1596999168396,4.159999847412109,4.150199890136719,4.159999847412109,11148.0
2025-06-26 10:50:00,TGB,,3.069999933242798,3.0799999237060547,3.069999933242798,3.075000047683716,18165.0
2025-06-26 10:50:00,TMQ,,1.5109000205993652,1.5199999809265137,1.4850000143051147,1.4900000095367432,43212.0
2025-06-26 10:50:00,TOVX,,0.4449999928474426,0.4449999928474426,0.4449000060558319,0.4449000060558319,405.0
2025-06-26 10:50:00,UAMY,,2.515000104904175,2.515000104904175,2.5148000717163086,2.515000104904175,1374.0
2025-06-26 10:50:00,UAVS,,1.090000033378601,1.0901000499725342,1.090000033378601,1.0901000499725342,299.0
2025-06-26 10:50:00,UEC,,6.79010009765625,6.800000190734863,6.78000020980835,6.784999847412109,35121.0
2025-06-26 10:50:00,URG,,1.0499999523162842,1.0499999523162842,1.0449999570846558,1.0449999570846558,5673.0
2025-06-26 10:50:00,UUUU,,5.775000095367432,5.775000095367432,5.764999866485596,5.764999866485596,16778.0
2025-06-26 10:50:00,VZLA,,2.984999895095825,2.984999895095825,2.9800000190734863,2.9800000190734863,304.0
2025-06-26 10:50:00,WRN,,1.25,1.25,1.2450000047683716,1.2450000047683716,4000.0
2025-06-26 10:50:00,WWR,,0.5924999713897705,0.5924999713897705,0.5924999713897705,0.5924999713897705,100.0
2025-06-26 10:50:00,WYY,,3.4258999824523926,3.4258999824523926,3.4258999824523926,3.4258999824523926,5030.0
2025-06-26 10:51:00,AREN,,5.699999809265137,5.699999809265137,5.699999809265137,5.699999809265137,1000.0
2025-06-26 10:51:00,ARMN,,6.835000038146973,6.835000038146973,6.835000038146973,6.835000038146973,5575.0
2025-06-26 10:51:00,ASM,,3.4914000034332275,3.505000114440918,3.490000009536743,3.5,23671.0
2025-06-26 10:51:00,ATNM,,1.5449999570846558,1.5449999570846558,1.5399999618530273,1.5399999618530273,241.0
2025-06-26 10:51:00,AZTR,,0.25929999351501465,0.25929999351501465,0.25929999351501465,0.25929999351501465,302.0
2025-06-26 10:51:00,BATL,,1.5,1.5,1.5,1.5,1981.0
2025-06-26 10:51:00,BRBS,,3.2750000953674316,3.2799999713897705,3.2699999809265137,3.2799999713897705,2036.0
2025-06-26 10:51:00,BTG,,3.5998001098632812,3.5999999046325684,3.5899999141693115,3.5999999046325684,110574.0
2025-06-26 10:51:00,BURU,,0.3287000060081482,0.33219999074935913,0.3285999894142151,0.3287000060081482,4347.0
2025-06-26 10:51:00,CANF,,1.065000057220459,1.065000057220459,1.065000057220459,1.065000057220459,1073.0
2025-06-26 10:51:00,CATX,,3.6549999713897705,3.659899950027466,3.6549999713897705,3.6549999713897705,3697.0
2025-06-26 10:51:00,CBOE,,228.72000122070312,228.75999450683594,228.47999572753906,228.64999389648438,3446.0
2025-06-26 10:51:00,CEF,,30.270000457763672,30.270000457763672,30.270000457763672,30.270000457763672,200.0
2025-06-26 10:51:00,CIK,,2.944999933242798,2.944999933242798,2.9381000995635986,2.940000057220459,15601.0
2025-06-26 10:51:00,CLDI,,0.21559999883174896,0.21580000221729279,0.21559999883174896,0.21580000221729279,10919.0
2025-06-26 10:51:00,CMT,,16.979999542236328,16.979999542236328,16.979999542236328,16.979999542236328,345.0
2025-06-26 10:51:00,CQP,,55.76499938964844,55.76499938964844,55.76499938964844,55.76499938964844,367.0
2025-06-26 10:51:00,CRF,,7.565000057220459,7.567999839782715,7.565000057220459,7.567999839782715,1346.0
2025-06-26 10:51:00,CTM,,1.0351999998092651,1.0351999998092651,1.0299999713897705,1.034999966621399,2984.0
2025-06-26 10:51:00,CYBN,,8.53499984741211,8.550000190734863,8.53499984741211,8.550000190734863,1964.0
2025-06-26 10:51:00,DNN,,1.7798999547958374,1.7799999713897705,1.7699999809265137,1.774999976158142,198708.0
2025-06-26 10:51:00,EAD,,6.989999771118164,6.989999771118164,6.989999771118164,6.989999771118164,100.0
2025-06-26 10:51:00,EMX,,2.5350000858306885,2.5350000858306885,2.5350000858306885,2.5350000858306885,226.0
2025-06-26 10:51:00,ENX,,9.1899995803833,9.1899995803833,9.1899995803833,9.1899995803833,1800.0
2025-06-26 10:51:00,EQX,,5.880000114440918,5.885000228881836,5.880000114440918,5.885000228881836,615.0
2025-06-26 10:51:00,EVM,,8.84000015258789,8.84000015258789,8.84000015258789,8.84000015258789,119.0
2025-06-26 10:51:00,EVV,,10.180000305175781,10.180000305175781,10.180000305175781,10.180000305175781,1531.0
2025-06-26 10:51:00,FOXO,,0.20090000331401825,0.20090000331401825,0.19990000128746033,0.20090000331401825,6485.0
2025-06-26 10:51:00,GGN,,4.364999771118164,4.364999771118164,4.360000133514404,4.360000133514404,2320.0
2025-06-26 10:51:00,GLDG,,0.7437999844551086,0.7451000213623047,0.7437999844551086,0.7451000213623047,1627.0
2025-06-26 10:51:00,GLO,,5.339000225067139,5.339000225067139,5.339000225067139,5.339000225067139,100.0
2025-06-26 10:51:00,GLV,,5.590099811553955,5.599299907684326,5.590099811553955,5.599299907684326,1549.0
2025-06-26 10:51:00,GNS,,0.8500000238418579,0.8532000184059143,0.839900016784668,0.839900016784668,48285.0
2025-06-26 10:51:00,GORO,,0.5350000262260437,0.5350000262260437,0.5350000262260437,0.5350000262260437,104.0
2025-06-26 10:51:00,GROY,,2.308000087738037,2.309999942779541,2.305000066757202,2.305000066757202,6527.0
2025-06-26 10:51:00,GSAT,,23.1200008392334,23.1200008392334,23.1200008392334,23.1200008392334,291.0
2025-06-26 10:51:00,IBO,,0.9330989718437195,0.9332000017166138,0.916100025177002,0.916100025177002,54914.0
2025-06-26 10:51:00,IE,,9.885000228881836,9.885000228881836,9.885000228881836,9.885000228881836,155.0
2025-06-26 10:51:00,IMO,,81.06999969482422,81.06999969482422,80.98999786376953,80.98999786376953,828.0
2025-06-26 10:51:00,INDO,,3.144378900527954,3.1696999073028564,3.144378900527954,3.1696999073028564,3990.0
2025-06-26 10:51:00,KULR,,5.224999904632568,5.224999904632568,5.184999942779541,5.184999942779541,11053.0
2025-06-26 10:51:00,LCTX,,1.0549999475479126,1.065000057220459,1.0499999523162842,1.059999942779541,5154.0
2025-06-26 10:51:00,LEU,,176.1750030517578,176.1999969482422,175.0,175.0,5213.0
2025-06-26 10:51:00,LMND,,42.089900970458984,42.089900970458984,41.95500183105469,41.99879837036133,2994.0
2025-06-26 10:51:00,LNG,,241.35000610351562,241.43499755859375,241.35000610351562,241.35000610351562,1434.0
2025-06-26 10:51:00,LODE,,3.7100000381469727,3.7100000381469727,3.7100000381469727,3.7100000381469727,302.0
2025-06-26 10:51:00,MAG,,21.309999465942383,21.309999465942383,21.30500030517578,21.30500030517578,736.0
2025-06-26 10:51:00,MPTI,,41.130001068115234,41.16999816894531,41.0,41.0,1776.0
2025-06-26 10:51:00,MSN,,0.3806000053882599,0.3806000053882599,0.3806000053882599,0.3806000053882599,1185.0
2025-06-26 10:51:00,NAK,,1.5654000043869019,1.5700000524520874,1.565000057220459,1.5650999546051025,23415.0
2025-06-26 10:51:00,NCL,,0.17720000445842743,0.17720000445842743,0.17720000445842743,0.17720000445842743,2203.0
2025-06-26 10:51:00,NFGC,,1.465999960899353,1.465999960899353,1.465999960899353,1.465999960899353,149.0
2025-06-26 10:51:00,NG,,3.8550000190734863,3.8550000190734863,3.8499999046325684,3.8550000190734863,2703.0
2025-06-26 10:51:00,NGD,,4.844600200653076,4.860000133514404,4.829999923706055,4.829999923706055,298927.0
2025-06-26 10:51:00,NHS,,7.480000019073486,7.480000019073486,7.480000019073486,7.480000019073486,490.0
2025-06-26 10:51:00,OBE,,5.559999942779541,5.559999942779541,5.550000190734863,5.550000190734863,1312.0
2025-06-26 10:51:00,OPTT,,0.5138000249862671,0.5138000249862671,0.5138000249862671,0.5138000249862671,1232.0
2025-06-26 10:51:00,ORLA,,10.0649995803833,10.079899787902832,10.0649995803833,10.0649995803833,7027.0
2025-06-26 10:51:00,PLG,,1.6100000143051147,1.6200000047683716,1.6100000143051147,1.611299991607666,1452.0
2025-06-26 10:51:00,PLX,,1.465000033378601,1.4687000513076782,1.465000033378601,1.465000033378601,805.0
2025-06-26 10:51:00,REI,,0.7886000275611877,0.7886000275611877,0.7851999998092651,0.7852500081062317,10055.0
2025-06-26 10:51:00,REPX,,26.655000686645508,26.655000686645508,26.655000686645508,26.655000686645508,325.0
2025-06-26 10:51:00,SATX,,2.9600000381469727,2.9600000381469727,2.9600000381469727,2.9600000381469727,298.0
2025-06-26 10:51:00,SENS,,0.4993000030517578,0.49970000982284546,0.4993000030517578,0.4996989965438843,27470.0
2025-06-26 10:51:00,SKYH,,9.670000076293945,9.670000076293945,9.670000076293945,9.670000076293945,196.0
2025-06-26 10:51:00,SLI,,1.9049999713897705,1.9049999713897705,1.9049999713897705,1.9049999713897705,1071.0
2025-06-26 10:51:00,SOAR,,1.4795000553131104,1.4795000553131104,1.4795000553131104,1.4795000553131104,330.0
2025-06-26 10:51:00,STRW,,10.75,10.800000190734863,10.75,10.800000190734863,662.0
2025-06-26 10:51:00,SVM,,4.1508002281188965,4.15500020980835,4.1508002281188965,4.15500020980835,1371.0
2025-06-26 10:51:00,TGB,,3.0799999237060547,3.0799999237060547,3.069999933242798,3.075000047683716,22800.0
2025-06-26 10:51:00,TMQ,,1.5153000354766846,1.5153000354766846,1.5153000354766846,1.5153000354766846,3039.0
2025-06-26 10:51:00,TPET,,1.2107000350952148,1.2107000350952148,1.2107000350952148,1.2107000350952148,1500.0
2025-06-26 10:51:00,UAMY,,2.515000104904175,2.515000104904175,2.515000104904175,2.515000104904175,451.0
2025-06-26 10:51:00,UAVS,,1.0988999605178833,1.0988999605178833,1.0988999605178833,1.0988999605178833,388.0
2025-06-26 10:51:00,UEC,,6.804900169372559,6.804999828338623,6.789999961853027,6.800000190734863,30832.0
2025-06-26 10:51:00,URG,,1.0449999570846558,1.0449999570846558,1.0399999618530273,1.0449999570846558,8784.0
2025-06-26 10:51:00,USAS,,0.8019999861717224,0.8019999861717224,0.8019999861717224,0.8019999861717224,10400.0
2025-06-26 10:51:00,UUUU,,5.775000095367432,5.78000020980835,5.769999980926514,5.78000020980835,17811.0
2025-06-26 10:51:00,VTAK,,0.2549999952316284,0.2549999952316284,0.25429999828338623,0.25429999828338623,32299.0
2025-06-26 10:51:00,VZLA,,2.984999895095825,2.984999895095825,2.984999895095825,2.984999895095825,300.0
2025-06-26 10:51:00,WWR,,0.5989999771118164,0.5999000072479248,0.5989999771118164,0.5999000072479248,1640.0
2025-06-26 10:52:00,AEON,,0.7774999737739563,0.7774999737739563,0.7774999737739563,0.7774999737739563,334.0
2025-06-26 10:52:00,AREN,,5.650000095367432,5.650000095367432,5.650000095367432,5.650000095367432,102.0
2025-06-26 10:52:00,ARMN,,6.840000152587891,6.840000152587891,6.840000152587891,6.840000152587891,200.0
2025-06-26 10:52:00,ASM,,3.5099000930786133,3.5099000930786133,3.4999001026153564,3.5,35113.0
2025-06-26 10:52:00,ATNM,,1.5399999618530273,1.5399999618530273,1.5399999618530273,1.5399999618530273,159.0
2025-06-26 10:52:00,BATL,,1.4900000095367432,1.5,1.4900000095367432,1.5,400.0
2025-06-26 10:52:00,BRBS,,3.2750000953674316,3.2750000953674316,3.2750000953674316,3.2750000953674316,210.0
2025-06-26 10:52:00,BTG,,3.600100040435791,3.609999895095825,3.5999999046325684,3.5999999046325684,400696.0
2025-06-26 10:52:00,BURU,,0.3287000060081482,0.3287000060081482,0.3287000060081482,0.3287000060081482,1749.0
2025-06-26 10:52:00,CATX,,3.6549999713897705,3.6549999713897705,3.6549999713897705,3.6549999713897705,298.0
2025-06-26 10:52:00,CBOE,,228.5,228.74000549316406,228.5,228.72999572753906,1497.0
2025-06-26 10:52:00,CEF,,30.280000686645508,30.280000686645508,30.280000686645508,30.280000686645508,534.0
2025-06-26 10:52:00,CIK,,2.9402999877929688,2.950000047683716,2.940000057220459,2.9407999515533447,3400.0
2025-06-26 10:52:00,CLDI,,0.2175000011920929,0.2175000011920929,0.2175000011920929,0.2175000011920929,100.0
2025-06-26 10:52:00,CLM,,7.942200183868408,7.942200183868408,7.942200183868408,7.942200183868408,889.0
2025-06-26 10:52:00,CMCL,,18.989999771118164,18.989999771118164,18.989999771118164,18.989999771118164,217.0
2025-06-26 10:52:00,COHN,,9.944000244140625,9.944000244140625,9.944000244140625,9.944000244140625,2892.0
2025-06-26 10:52:00,CPHI,,1.7350000143051147,1.7350000143051147,1.7350000143051147,1.7350000143051147,328.0
2025-06-26 10:52:00,CQP,,55.76499938964844,55.76499938964844,55.560001373291016,55.560001373291016,550.0
2025-06-26 10:52:00,CTM,,1.0343999862670898,1.0343999862670898,1.0343999862670898,1.0343999862670898,1300.0
2025-06-26 10:52:00,CYBN,,8.569999694824219,8.569999694824219,8.569999694824219,8.569999694824219,1285.0
2025-06-26 10:52:00,DC,,3.7899999618530273,3.7899999618530273,3.7899999618530273,3.7899999618530273,406.0
2025-06-26 10:52:00,DNN,,1.784999966621399,1.7899999618530273,1.7747000455856323,1.7799999713897705,1463490.0
2025-06-26 10:52:00,DSS,,0.9399999976158142,0.949999988079071,0.9399999976158142,0.949999988079071,1740.0
2025-06-26 10:52:00,ELMD,,21.829999923706055,21.829999923706055,21.829999923706055,21.829999923706055,100.0
2025-06-26 10:52:00,ENX,,9.192999839782715,9.192999839782715,9.192999839782715,9.192999839782715,100.0
2025-06-26 10:52:00,EPM,,4.730000019073486,4.730000019073486,4.730000019073486,4.730000019073486,227.0
2025-06-26 10:52:00,EQX,,5.894999980926514,5.899899959564209,5.880000114440918,5.885000228881836,65334.0
2025-06-26 10:52:00,ERC,,9.385000228881836,9.385000228881836,9.385000228881836,9.385000228881836,200.0
2025-06-26 10:52:00,FOXO,,0.20000000298023224,0.20000000298023224,0.19994999468326569,0.19994999468326569,2024.0
2025-06-26 10:52:00,FSP,,1.684999942779541,1.684999942779541,1.684999942779541,1.684999942779541,271.0
2025-06-26 10:52:00,FTF,,6.389999866485596,6.389999866485596,6.389999866485596,6.389999866485596,200.0
2025-06-26 10:52:00,GGN,,4.364999771118164,4.364999771118164,4.364999771118164,4.364999771118164,212.0
2025-06-26 10:52:00,GLDG,,0.7437999844551086,0.7437999844551086,0.7437999844551086,0.7437999844551086,1000.0
2025-06-26 10:52:00,GLO,,5.339000225067139,5.339000225067139,5.339000225067139,5.339000225067139,100.0
2025-06-26 10:52:00,GLQ,,6.9344000816345215,6.9344000816345215,6.9344000816345215,6.9344000816345215,1276.0
2025-06-26 10:52:00,GNS,,0.8441900014877319,0.8499000072479248,0.8300009965896606,0.8400009870529175,25415.0
2025-06-26 10:52:00,GROY,,2.308000087738037,2.309999942779541,2.300800085067749,2.309999942779541,23225.0
2025-06-26 10:52:00,GSAT,,23.1200008392334,23.1200008392334,23.1200008392334,23.1200008392334,1685.0
2025-06-26 10:52:00,GTE,,5.039999961853027,5.039999961853027,5.039999961853027,5.039999961853027,107.0
2025-06-26 10:52:00,HNW,,12.349900245666504,12.349900245666504,12.349900245666504,12.349900245666504,7770.0
2025-06-26 10:52:00,IBO,,0.9398999810218811,0.9399999976158142,0.9330999851226807,0.9330999851226807,26488.0
2025-06-26 10:52:00,IDR,,13.199999809265137,13.199999809265137,13.180000305175781,13.180000305175781,966.0
2025-06-26 10:52:00,IMO,,81.01000213623047,81.05000305175781,81.01000213623047,81.05000305175781,1444.0
2025-06-26 10:52:00,INUV,,3.8499999046325684,3.8499999046325684,3.8499999046325684,3.8499999046325684,263.0
2025-06-26 10:52:00,ITRG,,1.5609999895095825,1.5609999895095825,1.5609999895095825,1.5609999895095825,500.0
2025-06-26 10:52:00,KNW,,1.833799958229065,1.833799958229065,1.833799958229065,1.833799958229065,486.0
2025-06-26 10:52:00,KULR,,5.230000019073486,5.239999771118164,5.220200061798096,5.230000019073486,5203.0
2025-06-26 10:52:00,LCTX,,1.0549999475479126,1.0549999475479126,1.0549999475479126,1.0549999475479126,306.0
2025-06-26 10:52:00,LEU,,176.9499969482422,176.9499969482422,176.1750030517578,176.1750030517578,4485.0
2025-06-26 10:52:00,LMND,,42.0,42.030643463134766,41.970001220703125,42.0,3629.0
2025-06-26 10:52:00,LNG,,241.3612060546875,241.3612060546875,241.35000610351562,241.35000610351562,688.0
2025-06-26 10:52:00,MAG,,21.31999969482422,21.31999969482422,21.309999465942383,21.309999465942383,1895.0
2025-06-26 10:52:00,MAIA,,1.684999942779541,1.684999942779541,1.684999942779541,1.684999942779541,182.0
2025-06-26 10:52:00,MPTI,,41.59000015258789,41.59000015258789,41.13999938964844,41.13999938964844,2109.0
2025-06-26 10:52:00,MSN,,0.3806999921798706,0.3806999921798706,0.3806000053882599,0.3806000053882599,244.0
2025-06-26 10:52:00,MTA,,3.8610000610351562,3.8610000610351562,3.859999895095825,3.859999895095825,635.0
2025-06-26 10:52:00,MTNB,,0.9200000166893005,0.9200000166893005,0.9200000166893005,0.9200000166893005,106.0
2025-06-26 10:52:00,NAK,,1.565000057220459,1.56850004196167,1.5600999593734741,1.5600999593734741,15006.0
2025-06-26 10:52:00,NBH,,9.819999694824219,9.819999694824219,9.819999694824219,9.819999694824219,100.0
2025-06-26 10:52:00,NCL,,0.17720000445842743,0.17720000445842743,0.17720000445842743,0.17720000445842743,204.0
2025-06-26 10:52:00,NG,,3.855299949645996,3.855299949645996,3.8550000190734863,3.8550000190734863,6779.0
2025-06-26 10:52:00,NGD,,4.850500106811523,4.860000133514404,4.840000152587891,4.840000152587891,158953.0
2025-06-26 10:52:00,NHC,,108.7300033569336,108.7300033569336,108.7300033569336,108.7300033569336,325.0
2025-06-26 10:52:00,NHS,,7.489999771118164,7.489999771118164,7.485000133514404,7.485000133514404,500.0
2025-06-26 10:52:00,NML,,8.813699722290039,8.813699722290039,8.813699722290039,8.813699722290039,1100.0
2025-06-26 10:52:00,NRXS,,2.635200023651123,2.635200023651123,2.635200023651123,2.635200023651123,100.0
2025-06-26 10:52:00,OGEN,,3.6600000858306885,3.6600000858306885,3.6600000858306885,3.6600000858306885,100.0
2025-06-26 10:52:00,OPTT,,0.5142999887466431,0.5144000053405762,0.5138999819755554,0.5138999819755554,2821.0
2025-06-26 10:52:00,ORLA,,10.09000015258789,10.09000015258789,10.069999694824219,10.069999694824219,1713.0
2025-06-26 10:52:00,PLG,,1.6101000308990479,1.6101000308990479,1.6101000308990479,1.6101000308990479,100.0
2025-06-26 10:52:00,PLX,,1.465999960899353,1.465999960899353,1.465000033378601,1.465000033378601,1038.0
2025-06-26 10:52:00,REI,,0.7798500061035156,0.7922999858856201,0.7798500061035156,0.7885000109672546,66478.0
2025-06-26 10:52:00,SATX,,2.9600000381469727,2.9600000381469727,2.9600000381469727,2.9600000381469727,516.0
2025-06-26 10:52:00,SENS,,0.4993000030517578,0.4993000030517578,0.4993000030517578,0.4993000030517578,2234.0
2025-06-26 10:52:00,SLI,,1.899999976158142,1.9081000089645386,1.899999976158142,1.9049999713897705,759.0
2025-06-26 10:52:00,STXS,,2.240000009536743,2.240000009536743,2.240000009536743,2.240000009536743,304.0
2025-06-26 10:52:00,SVM,,4.156700134277344,4.164999961853027,4.150000095367432,4.159999847412109,79606.0
2025-06-26 10:52:00,TGB,,3.0799999237060547,3.0799999237060547,3.0720999240875244,3.075000047683716,3178.0
2025-06-26 10:52:00,TMQ,,1.5199999809265137,1.5199999809265137,1.5199999809265137,1.5199999809265137,4904.0
2025-06-26 10:52:00,UAMY,,2.5199999809265137,2.5199999809265137,2.509999990463257,2.515000104904175,7001.0
2025-06-26 10:52:00,UAVS,,1.090000033378601,1.0997999906539917,1.090000033378601,1.0950000286102295,954.0
2025-06-26 10:52:00,UEC,,6.815000057220459,6.815400123596191,6.804999828338623,6.804999828338623,8351.0
2025-06-26 10:52:00,URG,,1.0499999523162842,1.0499999523162842,1.0449999570846558,1.0449999570846558,700.0
2025-06-26 10:52:00,UTG,,35.400001525878906,35.400001525878906,35.400001525878906,35.400001525878906,192.0
2025-06-26 10:52:00,UUU,,3.069999933242798,3.069999933242798,3.069999933242798,3.069999933242798,7367.0
2025-06-26 10:52:00,UUUU,,5.78980016708374,5.800000190734863,5.775199890136719,5.775199890136719,65766.0
2025-06-26 10:52:00,VGZ,,1.0089999437332153,1.0089999437332153,1.0089999437332153,1.0089999437332153,521.0
2025-06-26 10:52:00,VTAK,,0.257999986410141,0.2599000036716461,0.2549000084400177,0.2549999952316284,112543.0
2025-06-26 10:52:00,VZLA,,2.984999895095825,2.984999895095825,2.984600067138672,2.984600067138672,759.0
2025-06-26 10:52:00,ZDGE,,4.21999979019165,4.21999979019165,4.21999979019165,4.21999979019165,515.0
2025-06-26 10:53:00,ARMN,,6.840000152587891,6.840000152587891,6.840000152587891,6.840000152587891,503.0
2025-06-26 10:53:00,ASM,,3.5130999088287354,3.5130999088287354,3.5100998878479004,3.5100998878479004,33390.0
2025-06-26 10:53:00,AUST,,1.3450000286102295,1.3450000286102295,1.3450000286102295,1.3450000286102295,743.0
2025-06-26 10:53:00,BRBS,,3.2750000953674316,3.2799999713897705,3.2750000953674316,3.2799999713897705,4242.0
2025-06-26 10:53:00,BTG,,3.6096999645233154,3.6098999977111816,3.604099988937378,3.6096999645233154,32328.0
2025-06-26 10:53:00,BURU,,0.3285999894142151,0.3285999894142151,0.3285999894142151,0.3285999894142151,2961.0
2025-06-26 10:53:00,CATX,,3.6500000953674316,3.6500000953674316,3.6500000953674316,3.6500000953674316,1394.0
2025-06-26 10:53:00,CBOE,,228.49000549316406,228.49000549316406,228.47999572753906,228.47999572753906,686.0
2025-06-26 10:53:00,CCEL,,5.305300235748291,5.305300235748291,5.305300235748291,5.305300235748291,12085.0
2025-06-26 10:53:00,CIK,,2.940000057220459,2.940000057220459,2.940000057220459,2.940000057220459,2280.0
2025-06-26 10:53:00,CLM,,7.949999809265137,7.949999809265137,7.949999809265137,7.949999809265137,2589.0
2025-06-26 10:53:00,CQP,,55.76499938964844,55.76499938964844,55.76499938964844,55.76499938964844,200.0
2025-06-26 10:53:00,CYBN,,8.5,8.600000381469727,8.5,8.600000381469727,402.0
2025-06-26 10:53:00,DNN,,1.7799999713897705,1.7899999618530273,1.7799999713897705,1.7854000329971313,206486.0
2025-06-26 10:53:00,EQX,,5.90500020980835,5.909999847412109,5.900000095367432,5.909999847412109,170101.0
2025-06-26 10:53:00,GAU,,1.2949999570846558,1.2949999570846558,1.2949999570846558,1.2949999570846558,268.0
2025-06-26 10:53:00,GNS,,0.8335000276565552,0.8335000276565552,0.8317000269889832,0.8317000269889832,12533.0
2025-06-26 10:53:00,GORO,,0.5374490022659302,0.5374490022659302,0.5374490022659302,0.5374490022659302,1000.0
2025-06-26 10:53:00,HNW,,12.340499877929688,12.340499877929688,12.340499877929688,12.340499877929688,1238.0
2025-06-26 10:53:00,HUSA,,12.930000305175781,12.930000305175781,12.930000305175781,12.930000305175781,115.0
2025-06-26 10:53:00,IBO,,0.9398999810218811,0.9399999976158142,0.9186000227928162,0.9398999810218811,20623.0
2025-06-26 10:53:00,IE,,9.90999984741211,9.949999809265137,9.90999984741211,9.90999984741211,1169.0
2025-06-26 10:53:00,IMO,,81.0199966430664,81.0199966430664,81.0199966430664,81.0199966430664,442.0
2025-06-26 10:53:00,INDO,,3.1693999767303467,3.1693999767303467,3.1693999767303467,3.1693999767303467,1000.0
2025-06-26 10:53:00,ITRG,,1.5700000524520874,1.5700000524520874,1.5700000524520874,1.5700000524520874,465.0
2025-06-26 10:53:00,KULR,,5.230000019073486,5.242599964141846,5.230000019073486,5.235000133514404,3471.0
2025-06-26 10:53:00,LCTX,,1.059999942779541,1.059999942779541,1.0549999475479126,1.0549999475479126,1400.0
2025-06-26 10:53:00,LEU,,177.36959838867188,177.36959838867188,177.36959838867188,177.36959838867188,5636.0
2025-06-26 10:53:00,LMND,,42.0,42.02000045776367,41.959999084472656,41.959999084472656,1797.0
2025-06-26 10:53:00,LNG,,241.2449951171875,241.35499572753906,241.2100067138672,241.35499572753906,1557.0
2025-06-26 10:53:00,MAG,,21.329999923706055,21.329999923706055,21.329999923706055,21.329999923706055,292.0
2025-06-26 10:53:00,MPTI,,41.58000183105469,41.58000183105469,41.58000183105469,41.58000183105469,271.0
2025-06-26 10:53:00,MTA,,3.859999895095825,3.859999895095825,3.859999895095825,3.859999895095825,690.0
2025-06-26 10:53:00,NAK,,1.5645999908447266,1.5645999908447266,1.5645999908447266,1.5645999908447266,192.0
2025-06-26 10:53:00,NG,,3.8550000190734863,3.8550000190734863,3.8550000190734863,3.8550000190734863,1153.0
2025-06-26 10:53:00,NGD,,4.864999771118164,4.869999885559082,4.849999904632568,4.855199813842773,145986.0
2025-06-26 10:53:00,NHC,,108.7300033569336,108.7300033569336,108.7300033569336,108.7300033569336,211.0
2025-06-26 10:53:00,NHS,,7.485000133514404,7.485000133514404,7.485000133514404,7.485000133514404,0.0
2025-06-26 10:53:00,OBE,,5.545000076293945,5.545000076293945,5.545000076293945,5.545000076293945,4048.0
2025-06-26 10:53:00,OPTT,,0.5144000053405762,0.5144000053405762,0.5138999819755554,0.5138999819755554,600.0
2025-06-26 10:53:00,PED,,0.6700000166893005,0.6700000166893005,0.6700000166893005,0.6700000166893005,152.0
2025-06-26 10:53:00,PLMR,,149.64999389648438,149.64999389648438,149.64999389648438,149.64999389648438,924.0
2025-06-26 10:53:00,PLX,,1.4600000381469727,1.4600000381469727,1.4600000381469727,1.4600000381469727,2103.0
2025-06-26 10:53:00,REI,,0.7860999703407288,0.7860999703407288,0.7860999703407288,0.7860999703407288,1000.0
2025-06-26 10:53:00,SATX,,2.9600000381469727,2.9600000381469727,2.9600000381469727,2.9600000381469727,200.0
2025-06-26 10:53:00,SENS,,0.49935001134872437,0.49935001134872437,0.4993000030517578,0.4993000030517578,322.0
2025-06-26 10:53:00,SLI,,1.9049999713897705,1.9049999713897705,1.9049999713897705,1.9049999713897705,245.0
2025-06-26 10:53:00,STRW,,10.760000228881836,10.760000228881836,10.760000228881836,10.760000228881836,103.0
2025-06-26 10:53:00,SVM,,4.159999847412109,4.159999847412109,4.150000095367432,4.159900188446045,51779.0
2025-06-26 10:53:00,TGB,,3.0799999237060547,3.0799999237060547,3.069999933242798,3.0799999237060547,2850.0
2025-06-26 10:53:00,UEC,,6.815000057220459,6.815000057220459,6.815000057220459,6.815000057220459,11295.0
2025-06-26 10:53:00,URG,,1.0499999523162842,1.0499999523162842,1.0449999570846558,1.0449999570846558,1207.0
2025-06-26 10:53:00,USAS,,0.8068000078201294,0.8068000078201294,0.8068000078201294,0.8068000078201294,3525.0
2025-06-26 10:53:00,UTG,,35.45000076293945,35.45000076293945,35.45000076293945,35.45000076293945,753.0
2025-06-26 10:53:00,UUUU,,5.784999847412109,5.789999961853027,5.784999847412109,5.789999961853027,6907.0
2025-06-26 10:53:00,VTAK,,0.257999986410141,0.257999986410141,0.257999986410141,0.257999986410141,5310.0
2025-06-26 10:53:00,VZLA,,2.984999895095825,2.984999895095825,2.984999895095825,2.984999895095825,140.0
2025-06-26 10:54:00,AEON,,0.7763000130653381,0.7763000130653381,0.7763000130653381,0.7763000130653381,257.0
2025-06-26 10:54:00,ARMN,,6.84499979019165,6.84499979019165,6.84499979019165,6.84499979019165,5302.0
2025-06-26 10:54:00,ASM,,3.500699996948242,3.500699996948242,3.500699996948242,3.500699996948242,0.0
2025-06-26 10:54:00,BATL,,1.5499000549316406,1.5499999523162842,1.5499000549316406,1.5499999523162842,26119.0
2025-06-26 10:54:00,BKTI,,53.744998931884766,53.744998931884766,53.744998931884766,53.744998931884766,261.0
2025-06-26 10:54:00,BRBS,,3.2799999713897705,3.2799999713897705,3.2799999713897705,3.2799999713897705,0.0
2025-06-26 10:54:00,BTG,,3.6050000190734863,3.6050000190734863,3.6050000190734863,3.6050000190734863,127145.0
2025-06-26 10:54:00,CATX,,3.6500000953674316,3.6500000953674316,3.6500000953674316,3.6500000953674316,1480.0
2025-06-26 10:54:00,CBOE,,228.55499267578125,228.55499267578125,228.55499267578125,228.55499267578125,1164.0
2025-06-26 10:54:00,CEV,,9.663599967956543,9.663599967956543,9.663599967956543,9.663599967956543,0.0
2025-06-26 10:54:00,CIK,,2.930000066757202,2.9363999366760254,2.930000066757202,2.9363999366760254,15410.0
2025-06-26 10:54:00,CLM,,7.945000171661377,7.945000171661377,7.945000171661377,7.945000171661377,1212.0
2025-06-26 10:54:00,CRF,,7.565000057220459,7.565000057220459,7.565000057220459,7.565000057220459,350.0
2025-06-26 10:54:00,CTM,,1.034999966621399,1.034999966621399,1.034999966621399,1.034999966621399,1750.0
2025-06-26 10:54:00,CVU,,3.2100000381469727,3.2100000381469727,3.200000047683716,3.200000047683716,4971.0
2025-06-26 10:54:00,DNN,,1.774999976158142,1.774999976158142,1.774999976158142,1.774999976158142,0.0
2025-06-26 10:54:00,ELA,,6.135000228881836,6.135000228881836,6.135000228881836,6.135000228881836,0.0
2025-06-26 10:54:00,EQX,,5.900000095367432,5.900000095367432,5.900000095367432,5.900000095367432,95686.0
2025-06-26 10:54:00,ESP,,44.47999954223633,44.47999954223633,44.47999954223633,44.47999954223633,931.0
2025-06-26 10:54:00,FTF,,6.389999866485596,6.389999866485596,6.389999866485596,6.389999866485596,0.0
2025-06-26 10:54:00,GGN,,4.364999771118164,4.364999771118164,4.364999771118164,4.364999771118164,2210.0
2025-06-26 10:54:00,GNS,,0.8407999873161316,0.8407999873161316,0.8345000147819519,0.8345000147819519,44550.0
2025-06-26 10:54:00,GORO,,0.5350000262260437,0.5350000262260437,0.5350000262260437,0.5350000262260437,0.0
2025-06-26 10:54:00,GROY,,2.305000066757202,2.305000066757202,2.305000066757202,2.305000066757202,2254.0
2025-06-26 10:54:00,HUSA,,12.850000381469727,12.874099731445312,12.850000381469727,12.874099731445312,4243.0
2025-06-26 10:54:00,IE,,9.975000381469727,9.975000381469727,9.975000381469727,9.975000381469727,0.0
2025-06-26 10:54:00,KNW,,1.8049999475479126,1.8049999475479126,1.8049999475479126,1.8049999475479126,13810.0
2025-06-26 10:54:00,KULR,,5.242800235748291,5.242800235748291,5.242800235748291,5.242800235748291,7160.0
2025-06-26 10:54:00,LEU,,177.0,177.0,177.0,177.0,14082.0
2025-06-26 10:54:00,LMND,,41.90999984741211,41.90999984741211,41.90999984741211,41.90999984741211,4712.0
2025-06-26 10:54:00,LNG,,241.0800018310547,241.0800018310547,241.0800018310547,241.0800018310547,3511.0
2025-06-26 10:54:00,MAG,,21.329999923706055,21.329999923706055,21.329999923706055,21.329999923706055,1624.0
2025-06-26 10:54:00,MAIA,,1.684999942779541,1.684999942779541,1.684999942779541,1.684999942779541,180.0
2025-06-26 10:54:00,MLSS,,0.7598999738693237,0.7598999738693237,0.7598999738693237,0.7598999738693237,0.0
2025-06-26 10:54:00,MTA,,3.869999885559082,3.869999885559082,3.869999885559082,3.869999885559082,174.0
2025-06-26 10:54:00,MYO,,2.2799999713897705,2.2799999713897705,2.2799999713897705,2.2799999713897705,190.0
2025-06-26 10:54:00,NBH,,9.819999694824219,9.819999694824219,9.819999694824219,9.819999694824219,0.0
2025-06-26 10:54:00,NCL,,0.1785999983549118,0.1785999983549118,0.1785999983549118,0.1785999983549118,3558.0
2025-06-26 10:54:00,NG,,3.8299999237060547,3.8350000381469727,3.8299999237060547,3.8350000381469727,32894.0
2025-06-26 10:54:00,NGD,,4.860000133514404,4.864999771118164,4.860000133514404,4.860000133514404,277136.0
2025-06-26 10:54:00,NHS,,7.485000133514404,7.485000133514404,7.485000133514404,7.485000133514404,47634.0
2025-06-26 10:54:00,NRO,,3.190000057220459,3.190000057220459,3.190000057220459,3.190000057220459,1200.0
2025-06-26 10:54:00,OPTT,,0.51419997215271,0.51419997215271,0.51419997215271,0.51419997215271,0.0
2025-06-26 10:54:00,ORLA,,10.079999923706055,10.079999923706055,10.079999923706055,10.079999923706055,9219.0
2025-06-26 10:54:00,PLX,,1.465000033378601,1.465000033378601,1.465000033378601,1.465000033378601,300.0
2025-06-26 10:54:00,REI,,0.7800999879837036,0.7800999879837036,0.7800999879837036,0.7800999879837036,0.0
2025-06-26 10:54:00,REPX,,26.729999542236328,26.729999542236328,26.729999542236328,26.729999542236328,0.0
2025-06-26 10:54:00,SEB,,2915.77001953125,2915.77001953125,2915.77001953125,2915.77001953125,0.0
2025-06-26 10:54:00,SENS,,0.4993000030517578,0.4993000030517578,0.4993000030517578,0.4993000030517578,12697.0
2025-06-26 10:54:00,SLI,,1.8906999826431274,1.8906999826431274,1.8906999826431274,1.8906999826431274,9008.0
2025-06-26 10:54:00,SOAR,,1.4795000553131104,1.4795000553131104,1.4795000553131104,1.4795000553131104,752.0
2025-06-26 10:54:00,STXS,,2.2249999046325684,2.2249999046325684,2.2249999046325684,2.2249999046325684,12644.0
2025-06-26 10:54:00,SVM,,4.15500020980835,4.15500020980835,4.15500020980835,4.15500020980835,41963.0
2025-06-26 10:54:00,TGB,,3.075000047683716,3.075000047683716,3.075000047683716,3.075000047683716,0.0
2025-06-26 10:54:00,TMP,,62.529998779296875,62.529998779296875,62.529998779296875,62.529998779296875,440.0
2025-06-26 10:54:00,TMQ,,1.5246000289916992,1.5246000289916992,1.5246000289916992,1.5246000289916992,7637.0
2025-06-26 10:54:00,UAMY,,2.515000104904175,2.515000104904175,2.515000104904175,2.515000104904175,2821.0
2025-06-26 10:54:00,UEC,,6.800000190734863,6.800000190734863,6.800000190734863,6.800000190734863,23911.0
2025-06-26 10:54:00,UUUU,,5.760000228881836,5.761899948120117,5.760000228881836,5.761899948120117,43025.0
2025-06-26 10:54:00,VGZ,,1.0149999856948853,1.0149999856948853,1.0149999856948853,1.0149999856948853,20913.0
2025-06-26 10:54:00,VNRX,,0.7635999917984009,0.7635999917984009,0.7635999917984009,0.7635999917984009,34716.0
2025-06-26 10:54:00,VTAK,,0.25949999690055847,0.25949999690055847,0.25949999690055847,0.25949999690055847,14408.0
2025-06-26 10:54:00,VZLA,,2.984999895095825,2.984999895095825,2.984999895095825,2.984999895095825,10836.0
2025-06-26 10:55:00,ARMN,,6.855000019073486,6.855000019073486,6.855000019073486,6.855000019073486,0.0
2025-06-26 10:55:00,ASM,,3.5109000205993652,3.5181000232696533,3.5000998973846436,3.505000114440918,1577649.0
2025-06-26 10:55:00,AUST,,1.3538999557495117,1.3538999557495117,1.309999942779541,1.309999942779541,1360.0
2025-06-26 10:55:00,AZTR,,0.2644999921321869,0.2644999921321869,0.25619998574256897,0.25619998574256897,14500.0
2025-06-26 10:55:00,BEEP,,4.059999942779541,4.059999942779541,4.059999942779541,4.059999942779541,208.0
2025-06-26 10:55:00,BTG,,3.5999999046325684,3.609999895095825,3.5999999046325684,3.609999895095825,270975.0
2025-06-26 10:55:00,BURU,,0.33024999499320984,0.33070001006126404,0.32850000262260437,0.32965001463890076,22309.0
2025-06-26 10:55:00,CANF,,1.0633000135421753,1.0633000135421753,1.0633000135421753,1.0633000135421753,1013.0
2025-06-26 10:55:00,CATX,,3.640000104904175,3.6500000953674316,3.634999990463257,3.6500000953674316,2583.0
2025-06-26 10:55:00,CBOE,,228.3699951171875,228.55499267578125,228.3699951171875,228.55499267578125,659.0
2025-06-26 10:55:00,CIK,,2.940000057220459,2.940000057220459,2.930000066757202,2.934999942779541,35100.0
2025-06-26 10:55:00,CLDI,,0.2179500013589859,0.2179500013589859,0.2179500013589859,0.2179500013589859,888.0
2025-06-26 10:55:00,CQP,,55.76499938964844,55.76499938964844,55.76499938964844,55.76499938964844,788.0
2025-06-26 10:55:00,CRF,,7.570000171661377,7.570000171661377,7.565000057220459,7.565000057220459,417.0
2025-06-26 10:55:00,CTM,,1.0302000045776367,1.034999966621399,1.0302000045776367,1.034999966621399,2793.0
2025-06-26 10:55:00,CVM,,2.4600000381469727,2.4600000381469727,2.4600000381469727,2.4600000381469727,1000.0
2025-06-26 10:55:00,CVU,,3.2100000381469727,3.2100000381469727,3.2100000381469727,3.2100000381469727,783.0
2025-06-26 10:55:00,DNN,,1.7792999744415283,1.7792999744415283,1.7792999744415283,1.7792999744415283,24924072.0
2025-06-26 10:55:00,EIM,,9.545000076293945,9.545000076293945,9.545000076293945,9.545000076293945,903.0
2025-06-26 10:55:00,EPM,,4.730000019073486,4.744999885559082,4.730000019073486,4.744999885559082,258.0
2025-06-26 10:55:00,EQX,,5.894999980926514,5.894999980926514,5.889999866485596,5.889999866485596,39468.0
2025-06-26 10:55:00,GNS,,0.8446030020713806,0.8450000286102295,0.8345000147819519,0.8361380100250244,8132.0
2025-06-26 10:55:00,GROY,,2.305000066757202,2.305000066757202,2.300100088119507,2.305000066757202,6434.0
2025-06-26 10:55:00,GSAT,,23.209999084472656,23.209999084472656,23.209999084472656,23.209999084472656,1254.0
2025-06-26 10:55:00,HUSA,,12.87660026550293,12.87660026550293,12.87660026550293,12.87660026550293,1394.0
2025-06-26 10:55:00,IBO,,0.9350000023841858,0.9399999976158142,0.9350000023841858,0.9391000270843506,31907.0
2025-06-26 10:55:00,IE,,9.944999694824219,9.975000381469727,9.920100212097168,9.975000381469727,498793.0
2025-06-26 10:55:00,INFU,,6.465000152587891,6.465000152587891,6.465000152587891,6.465000152587891,770.0
2025-06-26 10:55:00,KNW,,1.809999942779541,1.809999942779541,1.8049999475479126,1.8049999475479126,1205.0
2025-06-26 10:55:00,KULR,,5.238100051879883,5.239999771118164,5.235000133514404,5.239999771118164,2676.0
2025-06-26 10:55:00,LCTX,,1.0499999523162842,1.0549999475479126,1.0499999523162842,1.0549999475479126,8697.0
2025-06-26 10:55:00,LEU,,176.9600067138672,176.97999572753906,176.91000366210938,176.91000366210938,5271.0
2025-06-26 10:55:00,LMND,,41.93000030517578,41.95500183105469,41.93000030517578,41.95500183105469,2701.0
2025-06-26 10:55:00,LNG,,241.11500549316406,241.11500549316406,241.0,241.0,709.0
2025-06-26 10:55:00,MAG,,21.329999923706055,21.329999923706055,21.329999923706055,21.329999923706055,1406.0
2025-06-26 10:55:00,MRT,,2.7304999828338623,2.7304999828338623,2.7304999828338623,2.7304999828338623,6028.0
2025-06-26 10:55:00,NAK,,1.5748000144958496,1.5750000476837158,1.5700000524520874,1.5750000476837158,83535.0
2025-06-26 10:55:00,NG,,3.8350000381469727,3.8399999141693115,3.8299999237060547,3.8299999237060547,42107.0
2025-06-26 10:55:00,NGD,,4.864999771118164,4.864999771118164,4.860000133514404,4.860000133514404,79232.0
2025-06-26 10:55:00,NHS,,7.480000019073486,7.480000019073486,7.480000019073486,7.480000019073486,405.0
2025-06-26 10:55:00,NRXS,,2.6275999546051025,2.6275999546051025,2.6275999546051025,2.6275999546051025,190.0
2025-06-26 10:55:00,OPTT,,0.5148000121116638,0.5164999961853027,0.51419997215271,0.51419997215271,1629534.0
2025-06-26 10:55:00,ORLA,,10.079999923706055,10.079999923706055,10.079999923706055,10.079999923706055,905.0
2025-06-26 10:55:00,PLG,,1.6100000143051147,1.6150000095367432,1.6100000143051147,1.6150000095367432,7323.0
2025-06-26 10:55:00,REI,,0.7766000032424927,0.7806000113487244,0.7766000032424927,0.7806000113487244,714050.0
2025-06-26 10:55:00,SACH,,1.100000023841858,1.100000023841858,1.100000023841858,1.100000023841858,100.0
2025-06-26 10:55:00,SENS,,0.4991999864578247,0.4993000030517578,0.4991999864578247,0.4991999864578247,1387.0
2025-06-26 10:55:00,SLI,,1.8902000188827515,1.8949999809265137,1.8899999856948853,1.8949999809265137,4721.0
2025-06-26 10:55:00,STXS,,2.2249999046325684,2.2249999046325684,2.2249999046325684,2.2249999046325684,496.0
2025-06-26 10:55:00,SVM,,4.15500020980835,4.1596999168396,4.15500020980835,4.15500020980835,12506.0
2025-06-26 10:55:00,TGB,,3.0701000690460205,3.0754001140594482,3.069999933242798,3.075000047683716,4510113.0
2025-06-26 10:55:00,TMQ,,1.5199999809265137,1.5199999809265137,1.5199999809265137,1.5199999809265137,0.0
2025-06-26 10:55:00,UAMY,,2.515000104904175,2.515000104904175,2.515000104904175,2.515000104904175,100.0
2025-06-26 10:55:00,UEC,,6.809999942779541,6.809999942779541,6.800000190734863,6.800000190734863,8115.0
2025-06-26 10:55:00,URG,,1.0499999523162842,1.0499999523162842,1.0449999570846558,1.0449999570846558,10535.0
2025-06-26 10:55:00,UTG,,35.439998626708984,35.44499969482422,35.439998626708984,35.44499969482422,1022.0
2025-06-26 10:55:00,UUUU,,5.7600998878479,5.769599914550781,5.760000228881836,5.764999866485596,53347.0
2025-06-26 10:55:00,VTAK,,0.26179999113082886,0.26190000772476196,0.25949999690055847,0.25949999690055847,98983.0
2025-06-26 10:55:00,VZLA,,2.984999895095825,2.98799991607666,2.984999895095825,2.98799991607666,310.0
2025-06-26 10:55:00,WRN,,1.2400000095367432,1.2400000095367432,1.2400000095367432,1.2400000095367432,361.0
2025-06-26 10:55:00,WWR,,0.5945000052452087,0.5945000052452087,0.5945000052452087,0.5945000052452087,0.0
2025-06-26 10:55:00,WYY,,3.4200000762939453,3.4200000762939453,3.413100004196167,3.413100004196167,210.0
2025-06-26 10:55:00,XTNT,,0.64410001039505,0.64410001039505,0.64410001039505,0.64410001039505,128.0
2025-06-26 10:56:00,ATNM,,1.5449999570846558,1.5449999570846558,1.5449999570846558,1.5449999570846558,0.0
2025-06-26 10:56:00,BRBS,,3.2850000858306885,3.2850000858306885,3.2850000858306885,3.2850000858306885,0.0
2025-06-26 10:56:00,CEF,,30.260000228881836,30.260000228881836,30.260000228881836,30.260000228881836,0.0
2025-06-26 10:56:00,ELMD,,21.81999969482422,21.81999969482422,21.81999969482422,21.81999969482422,0.0
2025-06-26 10:56:00,EMX,,2.5299999713897705,2.5299999713897705,2.5299999713897705,2.5299999713897705,506.0
2025-06-26 10:56:00,FSP,,1.684999942779541,1.684999942779541,1.684999942779541,1.684999942779541,0.0
2025-06-26 10:56:00,GLDG,,0.7422999739646912,0.7422999739646912,0.7422999739646912,0.7422999739646912,2520.0
2025-06-26 10:56:00,GTE,,5.039999961853027,5.039999961853027,5.039999961853027,5.039999961853027,2448.0
2025-06-26 10:56:00,IMO,,81.04000091552734,81.04000091552734,81.04000091552734,81.04000091552734,426.0
2025-06-26 10:56:00,ITRG,,1.5648000240325928,1.5648000240325928,1.5648000240325928,1.5648000240325928,208.0
2025-06-26 10:56:00,LNG,,241.2449951171875,241.2449951171875,241.2449951171875,241.2449951171875,1291.0
2025-06-26 10:56:00,MAG,,21.31999969482422,21.31999969482422,21.31999969482422,21.31999969482422,908.0
2025-06-26 10:56:00,MAIA,,1.684999942779541,1.684999942779541,1.684999942779541,1.684999942779541,0.0
2025-06-26 10:56:00,MTA,,3.865000009536743,3.865000009536743,3.865000009536743,3.865000009536743,131.0
2025-06-26 10:56:00,MYO,,2.2850000858306885,2.2850000858306885,2.2850000858306885,2.2850000858306885,271.0
2025-06-26 10:56:00,NCL,,0.17990000545978546,0.17990000545978546,0.17990000545978546,0.17990000545978546,472.0
2025-06-26 10:56:00,NHS,,7.485199928283691,7.485199928283691,7.485199928283691,7.485199928283691,300.0
2025-06-26 10:56:00,PLX,,1.4600000381469727,1.4600000381469727,1.4600000381469727,1.4600000381469727,404.0
2025-06-26 10:56:00,SCCE,,19.395599365234375,19.395599365234375,19.395599365234375,19.395599365234375,0.0
2025-06-26 10:56:00,SGN,,1.019700050354004,1.019700050354004,1.019700050354004,1.019700050354004,782.0
2025-06-26 10:56:00,SLI,,1.8960000276565552,1.8960000276565552,1.8960000276565552,1.8960000276565552,1681.0
2025-06-26 10:56:00,STRW,,10.774999618530273,10.774999618530273,10.774999618530273,10.774999618530273,0.0
2025-06-26 10:56:00,UAMY,,2.5250000953674316,2.5250000953674316,2.5250000953674316,2.5250000953674316,30744.0
2025-06-26 10:56:00,VGZ,,1.0299999713897705,1.0299999713897705,1.0299999713897705,1.0299999713897705,1750.0
2025-06-26 10:57:00,ACU,,39.540000915527344,39.540000915527344,39.540000915527344,39.540000915527344,399.0
2025-06-26 10:57:00,AIM,,9.0,9.0,9.0,9.0,288.0
2025-06-26 10:57:00,ARMN,,6.850100040435791,6.855000019073486,6.850100040435791,6.855000019073486,193082.0
2025-06-26 10:57:00,ASM,,3.505000114440918,3.505000114440918,3.505000114440918,3.505000114440918,55132.0
2025-06-26 10:57:00,ATNM,,1.5399999618530273,1.5449999570846558,1.5399999618530273,1.5449999570846558,74202.0
2025-06-26 10:57:00,BATL,,1.5117000341415405,1.5499999523162842,1.5117000341415405,1.5499999523162842,0.0
2025-06-26 10:57:00,BRN,,1.2200000286102295,1.2200000286102295,1.2200000286102295,1.2200000286102295,0.0
2025-06-26 10:57:00,BTG,,3.5999999046325684,3.6050000190734863,3.5999999046325684,3.6050000190734863,384133.0
2025-06-26 10:57:00,BURU,,0.32659998536109924,0.33070001006126404,0.32659998536109924,0.33070001006126404,15086.0
2025-06-26 10:57:00,CATX,,3.640000104904175,3.6500000953674316,3.640000104904175,3.6500000953674316,1298.0
2025-06-26 10:57:00,CBOE,,227.72000122070312,228.22000122070312,227.72000122070312,228.22000122070312,7055.0
2025-06-26 10:57:00,CLM,,7.94350004196167,7.94350004196167,7.94350004196167,7.94350004196167,2360.0
2025-06-26 10:57:00,CPHI,,1.725000023841858,1.725000023841858,1.725000023841858,1.725000023841858,710.0
2025-06-26 10:57:00,CQP,,55.689998626708984,55.689998626708984,55.689998626708984,55.689998626708984,2467.0
2025-06-26 10:57:00,CTM,,1.0399999618530273,1.0399999618530273,1.0399999618530273,1.0399999618530273,0.0
2025-06-26 10:57:00,DC,,3.799999952316284,3.799999952316284,3.799999952316284,3.799999952316284,405.0
2025-06-26 10:57:00,DNN,,1.7699999809265137,1.7799999713897705,1.7699999809265137,1.7699999809265137,171272.0
2025-06-26 10:57:00,EAD,,6.985000133514404,6.985000133514404,6.985000133514404,6.985000133514404,0.0
2025-06-26 10:57:00,EPM,,4.756199836730957,4.756199836730957,4.756199836730957,4.756199836730957,271.0
2025-06-26 10:57:00,EQX,,5.880000114440918,5.889999866485596,5.880000114440918,5.885000228881836,66176.0
2025-06-26 10:57:00,EVM,,8.829999923706055,8.835000038146973,8.829999923706055,8.835000038146973,793.0
2025-06-26 10:57:00,FSI,,4.389999866485596,4.389999866485596,4.389999866485596,4.389999866485596,313.0
2025-06-26 10:57:00,FTF,,6.389900207519531,6.389900207519531,6.389900207519531,6.389900207519531,15054.0
2025-06-26 10:57:00,GNS,,0.8317000269889832,0.8317000269889832,0.8216999769210815,0.823199987411499,64552.0
2025-06-26 10:57:00,GORO,,0.5350000262260437,0.5350000262260437,0.5350000262260437,0.5350000262260437,158584.0
2025-06-26 10:57:00,GROY,,2.305000066757202,2.305000066757202,2.305000066757202,2.305000066757202,6050.0
2025-06-26 10:57:00,HUSA,,13.040900230407715,13.130000114440918,12.9399995803833,12.9399995803833,4329.0
2025-06-26 10:57:00,IBO,,0.9440000057220459,0.9440000057220459,0.9333000183105469,0.9398999810218811,30606.0
2025-06-26 10:57:00,IDR,,13.199999809265137,13.199999809265137,13.199999809265137,13.199999809265137,106.0
2025-06-26 10:57:00,IE,,9.944999694824219,9.944999694824219,9.944999694824219,9.944999694824219,374.0
2025-06-26 10:57:00,IMO,,81.04000091552734,81.04000091552734,81.04000091552734,81.04000091552734,1499.0
2025-06-26 10:57:00,INDO,,3.1500000953674316,3.1500000953674316,3.1500000953674316,3.1500000953674316,13881.0
2025-06-26 10:57:00,INFU,,6.46999979019165,6.46999979019165,6.46999979019165,6.46999979019165,529.0
2025-06-26 10:57:00,INUV,,3.8513998985290527,3.8513998985290527,3.8513998985290527,3.8513998985290527,6404.0
2025-06-26 10:57:00,KNW,,1.784999966621399,1.7949999570846558,1.784999966621399,1.7949999570846558,10968.0
2025-06-26 10:57:00,KULR,,5.244999885559082,5.260000228881836,5.244999885559082,5.25,36312.0
2025-06-26 10:57:00,LCTX,,1.0449999570846558,1.0499999523162842,1.0449999570846558,1.0499999523162842,3447.0
2025-06-26 10:57:00,LEU,,177.50149536132812,178.1103973388672,177.50149536132812,177.7550048828125,11490.0
2025-06-26 10:57:00,LMND,,41.959999084472656,41.96039962768555,41.93000030517578,41.96039962768555,3839.0
2025-06-26 10:57:00,LNG,,241.27000427246094,241.2899932861328,241.27000427246094,241.2899932861328,1009.0
2025-06-26 10:57:00,LODE,,3.73799991607666,3.73799991607666,3.7300000190734863,3.7300000190734863,2712.0
2025-06-26 10:57:00,NAK,,1.5750000476837158,1.5765000581741333,1.5750000476837158,1.5765000581741333,15212.0
2025-06-26 10:57:00,NG,,3.9000000953674316,3.9000000953674316,3.8447000980377197,3.8450000286102295,36580.0
2025-06-26 10:57:00,NGD,,4.869999885559082,4.869999885559082,4.860199928283691,4.864999771118164,132013.0
2025-06-26 10:57:00,NHS,,7.485000133514404,7.485000133514404,7.485000133514404,7.485000133514404,100.0
2025-06-26 10:57:00,NNVC,,1.190000057220459,1.190000057220459,1.190000057220459,1.190000057220459,447.0
2025-06-26 10:57:00,NRXS,,2.6208999156951904,2.6208999156951904,2.6208999156951904,2.6208999156951904,481.0
2025-06-26 10:57:00,NTIP,,1.2050000429153442,1.2050000429153442,1.2050000429153442,1.2050000429153442,2055.0
2025-06-26 10:57:00,OGEN,,3.5899999141693115,3.5899999141693115,3.5899999141693115,3.5899999141693115,376.0
2025-06-26 10:57:00,OPTT,,0.5173500180244446,0.5174000263214111,0.5173500180244446,0.5174000263214111,4382.0
2025-06-26 10:57:00,ORLA,,10.079999923706055,10.079999923706055,10.079999923706055,10.079999923706055,4514.0
2025-06-26 10:57:00,PLMR,,149.25,149.25,149.25,149.25,213.0
2025-06-26 10:57:00,REI,,0.7815989851951599,0.7815989851951599,0.7791000008583069,0.7815989851951599,1873.0
2025-06-26 10:57:00,RVP,,0.6685000061988831,0.6685000061988831,0.6685000061988831,0.6685000061988831,2500.0
2025-06-26 10:57:00,SATX,,2.9600000381469727,2.9600000381469727,2.9600000381469727,2.9600000381469727,0.0
2025-06-26 10:57:00,SEB,,2943.0,2943.0,2943.0,2943.0,0.0
2025-06-26 10:57:00,SENS,,0.4991999864578247,0.4991999864578247,0.4991999864578247,0.4991999864578247,2309.0
2025-06-26 10:57:00,SLI,,1.8899999856948853,1.8899999856948853,1.8899999856948853,1.8899999856948853,101.0
2025-06-26 10:57:00,SVM,,4.15500020980835,4.15500020980835,4.15500020980835,4.15500020980835,102057.0
2025-06-26 10:57:00,TGB,,3.069999933242798,3.075000047683716,3.069999933242798,3.075000047683716,105402.0
2025-06-26 10:57:00,TOON,,0.7379000186920166,0.7379000186920166,0.7379000186920166,0.7379000186920166,548.0
2025-06-26 10:57:00,UAMY,,2.5250000953674316,2.5250000953674316,2.5250000953674316,2.5250000953674316,1027.0
2025-06-26 10:57:00,UAVS,,1.0990999937057495,1.0990999937057495,1.093500018119812,1.093500018119812,9116.0
2025-06-26 10:57:00,UEC,,6.819900035858154,6.824999809265137,6.815000057220459,6.824999809265137,62167.0
2025-06-26 10:57:00,URG,,1.0499999523162842,1.0499999523162842,1.0449999570846558,1.0499999523162842,4690.0
2025-06-26 10:57:00,USAS,,0.8055999875068665,0.8055999875068665,0.8055999875068665,0.8055999875068665,16328.0
2025-06-26 10:57:00,UUUU,,5.78000020980835,5.78000020980835,5.770100116729736,5.775000095367432,44186.0
2025-06-26 10:57:00,VGZ,,1.024999976158142,1.0252000093460083,1.024999976158142,1.0252000093460083,200.0
2025-06-26 10:57:00,VTAK,,0.26190000772476196,0.26190000772476196,0.26190000772476196,0.26190000772476196,61859.0
2025-06-26 10:57:00,VZLA,,2.984999895095825,2.984999895095825,2.984999895095825,2.984999895095825,1178.0
2025-06-26 10:58:00,APT,,4.75,4.75,4.75,4.75,5184.0
2025-06-26 10:58:00,AREN,,5.704999923706055,5.704999923706055,5.659999847412109,5.659999847412109,404.0
2025-06-26 10:58:00,ASM,,3.5000998973846436,3.505000114440918,3.5000998973846436,3.505000114440918,29002.0
2025-06-26 10:58:00,AUST,,1.309999942779541,1.309999942779541,1.309999942779541,1.309999942779541,1544.0
2025-06-26 10:58:00,BRBS,,3.2850000858306885,3.2850000858306885,3.2850000858306885,3.2850000858306885,31016.0
2025-06-26 10:58:00,BTG,,3.5999999046325684,3.6050000190734863,3.5999999046325684,3.5999999046325684,16518.0
2025-06-26 10:58:00,CATX,,3.6449999809265137,3.6449999809265137,3.6449999809265137,3.6449999809265137,286.0
2025-06-26 10:58:00,CBOE,,228.07000732421875,228.07000732421875,228.07000732421875,228.07000732421875,100.0
2025-06-26 10:58:00,CCEL,,5.28000020980835,5.28000020980835,5.28000020980835,5.28000020980835,0.0
2025-06-26 10:58:00,CEF,,30.2549991607666,30.2549991607666,30.2549991607666,30.2549991607666,0.0
2025-06-26 10:58:00,CLDI,,0.21770000457763672,0.21770000457763672,0.21770000457763672,0.21770000457763672,7198.0
2025-06-26 10:58:00,CQP,,55.83000183105469,55.83000183105469,55.83000183105469,55.83000183105469,0.0
2025-06-26 10:58:00,CRF,,7.56850004196167,7.570000171661377,7.567699909210205,7.570000171661377,2093.0
2025-06-26 10:58:00,CTGO,,20.709999084472656,20.794599533081055,20.709999084472656,20.794599533081055,567.0
2025-06-26 10:58:00,CYBN,,8.662400245666504,8.662400245666504,8.662400245666504,8.662400245666504,5952.0
2025-06-26 10:58:00,DNN,,1.774999976158142,1.774999976158142,1.774999976158142,1.774999976158142,2204.0
2025-06-26 10:58:00,ELMD,,21.690000534057617,21.690000534057617,21.690000534057617,21.690000534057617,0.0
2025-06-26 10:58:00,EMX,,2.5299999713897705,2.5299999713897705,2.5299999713897705,2.5299999713897705,128.0
2025-06-26 10:58:00,EQX,,5.880000114440918,5.885000228881836,5.880000114440918,5.885000228881836,406.0
2025-06-26 10:58:00,FOXO,,0.20080000162124634,0.20080000162124634,0.20080000162124634,0.20080000162124634,53099.0
2025-06-26 10:58:00,GGN,,4.364999771118164,4.364999771118164,4.364999771118164,4.364999771118164,0.0
2025-06-26 10:58:00,GNS,,0.8228999972343445,0.8277000188827515,0.8228999972343445,0.8246999979019165,39588.0
2025-06-26 10:58:00,GORO,,0.5350000262260437,0.5350000262260437,0.5350000262260437,0.5350000262260437,0.0
2025-06-26 10:58:00,GROY,,2.305000066757202,2.305000066757202,2.305000066757202,2.305000066757202,158.0
2025-06-26 10:58:00,HUSA,,13.016400337219238,13.016400337219238,13.016400337219238,13.016400337219238,775.0
2025-06-26 10:58:00,IBO,,0.9444000124931335,0.9444000124931335,0.9429000020027161,0.9429000020027161,1480.0
2025-06-26 10:58:00,IDR,,13.1899995803833,13.1899995803833,13.1899995803833,13.1899995803833,110.0
2025-06-26 10:58:00,IE,,9.944999694824219,9.944999694824219,9.944999694824219,9.944999694824219,197.0
2025-06-26 10:58:00,INDO,,3.1763999462127686,3.180000066757202,3.1763999462127686,3.180000066757202,15963.0
2025-06-26 10:58:00,KNW,,1.7799999713897705,1.7799999713897705,1.7799999713897705,1.7799999713897705,916.0
2025-06-26 10:58:00,KULR,,5.260000228881836,5.260000228881836,5.25,5.25,1874.0
2025-06-26 10:58:00,LMND,,41.86000061035156,41.900001525878906,41.83000183105469,41.88999938964844,6537.0
2025-06-26 10:58:00,LNG,,241.30999755859375,241.30999755859375,241.30999755859375,241.30999755859375,250.0
2025-06-26 10:58:00,LODE,,3.700000047683716,3.7300000190734863,3.700000047683716,3.7300000190734863,11922.0
2025-06-26 10:58:00,MPU,,0.9599999785423279,0.9599999785423279,0.9599999785423279,0.9599999785423279,3558.0
2025-06-26 10:58:00,NG,,3.899899959564209,3.9000000953674316,3.8949999809265137,3.9000000953674316,120325.0
2025-06-26 10:58:00,NHS,,7.485000133514404,7.485000133514404,7.485000133514404,7.485000133514404,1050.0
2025-06-26 10:58:00,NML,,8.819999694824219,8.819999694824219,8.819999694824219,8.819999694824219,1174.0
2025-06-26 10:58:00,NNVC,,1.2000000476837158,1.2000000476837158,1.2000000476837158,1.2000000476837158,274.0
2025-06-26 10:58:00,ORLA,,10.0600004196167,10.069999694824219,10.0600004196167,10.069999694824219,1473.0
2025-06-26 10:58:00,PED,,0.6700009703636169,0.6700009703636169,0.6700009703636169,0.6700009703636169,205.0
2025-06-26 10:58:00,PLMR,,149.25,149.25,149.25,149.25,1216.0
2025-06-26 10:58:00,PLX,,1.465000033378601,1.465000033378601,1.465000033378601,1.465000033378601,100.0
2025-06-26 10:58:00,REI,,0.7815999984741211,0.7815999984741211,0.7815999984741211,0.7815999984741211,6593.0
2025-06-26 10:58:00,SVM,,4.15500020980835,4.15500020980835,4.150000095367432,4.150000095367432,11417.0
2025-06-26 10:58:00,TGB,,3.069999933242798,3.075000047683716,3.069999933242798,3.069999933242798,14393.0
2025-06-26 10:58:00,TOVX,,0.4277999997138977,0.4277999997138977,0.4277999997138977,0.4277999997138977,58240.0
2025-06-26 10:58:00,TRX,,0.33329999446868896,0.33329999446868896,0.33329999446868896,0.33329999446868896,0.0
2025-06-26 10:58:00,UAMY,,2.5250000953674316,2.5250000953674316,2.5250000953674316,2.5250000953674316,689.0
2025-06-26 10:58:00,UAVS,,1.0902999639511108,1.0950000286102295,1.0902999639511108,1.0950000286102295,2449.0
2025-06-26 10:58:00,UEC,,6.814599990844727,6.814599990844727,6.814599990844727,6.814599990844727,160.0
2025-06-26 10:58:00,URG,,1.0449999570846558,1.0449999570846558,1.0449999570846558,1.0449999570846558,1200.0
2025-06-26 10:58:00,UTG,,35.45800018310547,35.45800018310547,35.45800018310547,35.45800018310547,105.0
2025-06-26 10:58:00,UUUU,,5.775000095367432,5.775000095367432,5.775000095367432,5.775000095367432,1321.0
2025-06-26 10:58:00,VTAK,,0.26190099120140076,0.2619999945163727,0.26190099120140076,0.2619999945163727,6387.0
2025-06-26 10:58:00,VZLA,,2.984999895095825,2.984999895095825,2.984999895095825,2.984999895095825,741.0
2025-06-26 10:58:00,XPL,,0.65829998254776,0.65829998254776,0.65829998254776,0.65829998254776,0.0
2025-06-26 10:59:00,ASM,,3.509999990463257,3.509999990463257,3.5000998973846436,3.5000998973846436,20795.0
2025-06-26 10:59:00,AZTR,,0.2581000030040741,0.2581000030040741,0.2581000030040741,0.2581000030040741,30083.0
2025-06-26 10:59:00,BATL,,1.5428999662399292,1.5428999662399292,1.5428999662399292,1.5428999662399292,139500.0
2025-06-26 10:59:00,BEEP,,4.079999923706055,4.079999923706055,4.079999923706055,4.079999923706055,1497.0
2025-06-26 10:59:00,BRBS,,3.2850000858306885,3.2850000858306885,3.2850000858306885,3.2850000858306885,227.0
2025-06-26 10:59:00,BTG,,3.6098999977111816,3.609999895095825,3.6050000190734863,3.6050000190734863,401461.0
2025-06-26 10:59:00,BURU,,0.32690000534057617,0.32690000534057617,0.32690000534057617,0.32690000534057617,3154.0
2025-06-26 10:59:00,CATX,,3.640000104904175,3.640000104904175,3.640000104904175,3.640000104904175,1005.0
2025-06-26 10:59:00,CBOE,,228.05999755859375,228.05999755859375,227.97000122070312,227.97000122070312,4130.0
2025-06-26 10:59:00,CIK,,2.9402999877929688,2.9402999877929688,2.940000057220459,2.940000057220459,40801.0
2025-06-26 10:59:00,CLDI,,0.2176000028848648,0.2176000028848648,0.2176000028848648,0.2176000028848648,3100.0
2025-06-26 10:59:00,CLM,,7.945000171661377,7.945000171661377,7.945000171661377,7.945000171661377,988.0
2025-06-26 10:59:00,CQP,,55.779998779296875,55.900001525878906,55.779998779296875,55.900001525878906,58059.0
2025-06-26 10:59:00,CYBN,,8.65999984741211,8.65999984741211,8.65999984741211,8.65999984741211,0.0
2025-06-26 10:59:00,DC,,3.7899999618530273,3.7899999618530273,3.7899999618530273,3.7899999618530273,3379.0
2025-06-26 10:59:00,DHY,,2.1050000190734863,2.1050000190734863,2.1050000190734863,2.1050000190734863,5010.0
2025-06-26 10:59:00,DNN,,1.774999976158142,1.774999976158142,1.774999976158142,1.774999976158142,61691.0
2025-06-26 10:59:00,ELA,,6.090000152587891,6.090000152587891,6.090000152587891,6.090000152587891,39393.0
2025-06-26 10:59:00,ELMD,,21.709999084472656,21.709999084472656,21.700000762939453,21.700000762939453,10867.0
2025-06-26 10:59:00,EQX,,5.890399932861328,5.900000095367432,5.889999866485596,5.889999866485596,26119.0
2025-06-26 10:59:00,FSP,,1.684999942779541,1.690000057220459,1.684999942779541,1.690000057220459,16870.0
2025-06-26 10:59:00,GAU,,1.3049999475479126,1.309999942779541,1.2999999523162842,1.2999999523162842,5605.0
2025-06-26 10:59:00,GNS,,0.8349999785423279,0.8349999785423279,0.8324000239372253,0.8324000239372253,61969.0
2025-06-26 10:59:00,GROY,,2.299999952316284,2.305000066757202,2.299999952316284,2.300800085067749,5622.0
2025-06-26 10:59:00,GTE,,5.039999961853027,5.039999961853027,5.039999961853027,5.039999961853027,0.0
2025-06-26 10:59:00,HUSA,,13.15999984741211,13.161199569702148,13.149999618530273,13.161199569702148,2876.0
2025-06-26 10:59:00,IBO,,0.9491000175476074,0.9491000175476074,0.9437000155448914,0.9437000155448914,10202.0
2025-06-26 10:59:00,IE,,9.944999694824219,9.944999694824219,9.944999694824219,9.944999694824219,1120.0
2025-06-26 10:59:00,IMO,,80.94000244140625,80.96499633789062,80.94000244140625,80.96499633789062,1377.0
2025-06-26 10:59:00,INDO,,3.190000057220459,3.190000057220459,3.190000057220459,3.190000057220459,2806.0
2025-06-26 10:59:00,INFU,,6.46999979019165,6.46999979019165,6.46999979019165,6.46999979019165,405.0
2025-06-26 10:59:00,ITP,,0.1889999955892563,0.1889999955892563,0.18889999389648438,0.18889999389648438,490.0
2025-06-26 10:59:00,ITRG,,1.559999942779541,1.559999942779541,1.5549999475479126,1.559999942779541,19127.0
2025-06-26 10:59:00,KNW,,1.7649999856948853,1.7649999856948853,1.7517999410629272,1.7599999904632568,32331.0
2025-06-26 10:59:00,KULR,,5.249000072479248,5.249000072479248,5.244999885559082,5.244999885559082,21737.0
2025-06-26 10:59:00,LCTX,,1.0449999570846558,1.0449999570846558,1.0449999570846558,1.0449999570846558,6496.0
2025-06-26 10:59:00,LEU,,178.35499572753906,178.51499938964844,178.0500030517578,178.0500030517578,13415.0
2025-06-26 10:59:00,LMND,,41.84000015258789,41.84000015258789,41.79999923706055,41.834999084472656,6570.0
2025-06-26 10:59:00,LNG,,240.97999572753906,241.05999755859375,240.97999572753906,241.05999755859375,7434.0
2025-06-26 10:59:00,LODE,,3.7300000190734863,3.7300000190734863,3.7300000190734863,3.7300000190734863,3001.0
2025-06-26 10:59:00,MAG,,21.309999465942383,21.309999465942383,21.309999465942383,21.309999465942383,1366.0
2025-06-26 10:59:00,MYO,,2.2850000858306885,2.2850000858306885,2.2850000858306885,2.2850000858306885,269.0
2025-06-26 10:59:00,NAK,,1.5736000537872314,1.5788999795913696,1.5736000537872314,1.5788999795913696,21345.0
2025-06-26 10:59:00,NG,,3.89490008354187,3.89490008354187,3.89490008354187,3.89490008354187,9324.0
2025-06-26 10:59:00,NGD,,4.864999771118164,4.869999885559082,4.860000133514404,4.869100093841553,46896.0
2025-06-26 10:59:00,NHS,,7.485000133514404,7.485000133514404,7.485000133514404,7.485000133514404,100.0
2025-06-26 10:59:00,OBE,,5.539999961853027,5.539999961853027,5.539999961853027,5.539999961853027,0.0
2025-06-26 10:59:00,OPTT,,0.5097000002861023,0.5097000002861023,0.5097000002861023,0.5097000002861023,148928.0
2025-06-26 10:59:00,ORLA,,10.060099601745605,10.0649995803833,10.060099601745605,10.0649995803833,1243.0
2025-06-26 10:59:00,PLG,,1.6087000370025635,1.6087000370025635,1.6087000370025635,1.6087000370025635,6151.0
2025-06-26 10:59:00,PLX,,1.465000033378601,1.465000033378601,1.465000033378601,1.465000033378601,116.0
2025-06-26 10:59:00,REI,,0.7804999947547913,0.7804999947547913,0.7804999947547913,0.7804999947547913,4052.0
2025-06-26 10:59:00,REPX,,26.65999984741211,26.704999923706055,26.65999984741211,26.65999984741211,16730.0
2025-06-26 10:59:00,SEB,,2926.97509765625,2926.97509765625,2926.97509765625,2926.97509765625,0.0
2025-06-26 10:59:00,SENS,,0.4991999864578247,0.4991999864578247,0.4991999864578247,0.4991999864578247,3514.0
2025-06-26 10:59:00,SKYH,,9.680000305175781,9.680000305175781,9.680000305175781,9.680000305175781,1001.0
2025-06-26 10:59:00,SLI,,1.8849999904632568,1.8849999904632568,1.8849999904632568,1.8849999904632568,10273.0
2025-06-26 10:59:00,SOAR,,1.4704999923706055,1.4704999923706055,1.4704999923706055,1.4704999923706055,0.0
2025-06-26 10:59:00,SSY,,0.8601999878883362,0.8601999878883362,0.8601999878883362,0.8601999878883362,1140.0
2025-06-26 10:59:00,STXS,,2.2300000190734863,2.2300000190734863,2.2300000190734863,2.2300000190734863,1417.0
2025-06-26 10:59:00,SVM,,4.150100231170654,4.159999847412109,4.139999866485596,4.144999980926514,64576.0
2025-06-26 10:59:00,TGB,,3.0625,3.0697999000549316,3.059999942779541,3.065000057220459,73693.0
2025-06-26 10:59:00,THM,,0.9172999858856201,0.9172999858856201,0.9172999858856201,0.9172999858856201,59733.0
2025-06-26 10:59:00,TOVX,,0.43070000410079956,0.43070000410079956,0.43070000410079956,0.43070000410079956,141.0
2025-06-26 10:59:00,TPET,,1.2200000286102295,1.2200000286102295,1.2200000286102295,1.2200000286102295,0.0
2025-06-26 10:59:00,UAVS,,1.0950000286102295,1.0950000286102295,1.0908000469207764,1.0908000469207764,1100.0
2025-06-26 10:59:00,UEC,,6.815000057220459,6.824999809265137,6.804999828338623,6.815000057220459,86754.0
2025-06-26 10:59:00,URG,,1.0449999570846558,1.0449999570846558,1.0449999570846558,1.0449999570846558,3224.0
2025-06-26 10:59:00,USAS,,0.808899998664856,0.808899998664856,0.808899998664856,0.808899998664856,658.0
2025-06-26 10:59:00,UTG,,35.38999938964844,35.38999938964844,35.38999938964844,35.38999938964844,601.0
2025-06-26 10:59:00,UUUU,,5.775000095367432,5.775400161743164,5.775000095367432,5.775000095367432,12267.0
2025-06-26 10:59:00,VKI,,8.1850004196167,8.1850004196167,8.1850004196167,8.1850004196167,0.0
2025-06-26 10:59:00,VTAK,,0.2619999945163727,0.26399898529052734,0.2619999945163727,0.26350000500679016,16420.0
2025-06-26 10:59:00,VZLA,,2.990000009536743,2.990000009536743,2.9851999282836914,2.9851999282836914,1808.0
2025-06-26 10:59:00,XTNT,,0.6349999904632568,0.6349999904632568,0.6349999904632568,0.6349999904632568,2553.0
2025-06-26 11:00:00,AEON,,0.7763000130653381,0.7763000130653381,0.7763000130653381,0.7763000130653381,0.0
2025-06-26 11:00:00,AREN,,5.650000095367432,5.650000095367432,5.650000095367432,5.650000095367432,112.0
2025-06-26 11:00:00,ARMN,,6.855000019073486,6.855000019073486,6.855000019073486,6.855000019073486,3461.0
2025-06-26 11:00:00,ASM,,3.5109000205993652,3.515000104904175,3.5109000205993652,3.5111000537872314,13865.0
2025-06-26 11:00:00,BTG,,3.6050000190734863,3.609999895095825,3.5999999046325684,3.6052000522613525,128929.0
2025-06-26 11:00:00,BURU,,0.32679998874664307,0.32679998874664307,0.32659998536109924,0.32679998874664307,1564.0
2025-06-26 11:00:00,CANF,,1.059999942779541,1.059999942779541,1.059999942779541,1.059999942779541,0.0
2025-06-26 11:00:00,CATX,,3.6449999809265137,3.6449999809265137,3.6449999809265137,3.6449999809265137,100.0
2025-06-26 11:00:00,CBOE,,227.88499450683594,228.0,227.72000122070312,227.98500061035156,2191.0
2025-06-26 11:00:00,CET,,47.630001068115234,47.630001068115234,47.630001068115234,47.630001068115234,0.0
2025-06-26 11:00:00,CMT,,16.959999084472656,16.959999084472656,16.959999084472656,16.959999084472656,143.0
2025-06-26 11:00:00,CRF,,7.565000057220459,7.565000057220459,7.565000057220459,7.565000057220459,1310.0
2025-06-26 11:00:00,CTM,,1.034999966621399,1.034999966621399,1.034999966621399,1.034999966621399,531238.0
2025-06-26 11:00:00,CVM,,2.4600000381469727,2.4600000381469727,2.4600000381469727,2.4600000381469727,480.0
2025-06-26 11:00:00,DHY,,2.1098999977111816,2.1098999977111816,2.1098999977111816,2.1098999977111816,2013.0
2025-06-26 11:00:00,DNN,,1.7799999713897705,1.7799999713897705,1.7699999809265137,1.7699999809265137,3179.0
2025-06-26 11:00:00,EAD,,6.989999771118164,6.989999771118164,6.989999771118164,6.989999771118164,30105.0
2025-06-26 11:00:00,ENSV,,0.023000000044703484,0.023000000044703484,0.023000000044703484,0.023000000044703484,27021.0
2025-06-26 11:00:00,EQX,,5.90500020980835,5.909999847412109,5.889999866485596,5.889999866485596,117001.0
2025-06-26 11:00:00,ESP,,44.44499969482422,44.44499969482422,44.44499969482422,44.44499969482422,0.0
2025-06-26 11:00:00,FSP,,1.684999942779541,1.684999942779541,1.684999942779541,1.684999942779541,500.0
2025-06-26 11:00:00,FTF,,6.380000114440918,6.380000114440918,6.380000114440918,6.380000114440918,2101.0
2025-06-26 11:00:00,GNS,,0.8371999859809875,0.8489000201225281,0.8371000289916992,0.8489000201225281,126854.0
2025-06-26 11:00:00,GROY,,2.299999952316284,2.299999952316284,2.299999952316284,2.299999952316284,1069.0
2025-06-26 11:00:00,GTE,,5.050000190734863,5.050000190734863,5.050000190734863,5.050000190734863,54091.0
2025-06-26 11:00:00,HUSA,,13.170000076293945,13.170000076293945,13.170000076293945,13.170000076293945,519.0
2025-06-26 11:00:00,IBO,,0.9451000094413757,0.9451000094413757,0.9445000290870667,0.9445000290870667,5208.0
2025-06-26 11:00:00,IE,,9.9399995803833,9.944999694824219,9.925000190734863,9.944999694824219,4348.0
2025-06-26 11:00:00,IMO,,80.91999816894531,80.91999816894531,80.91999816894531,80.91999816894531,533.0
2025-06-26 11:00:00,ITRG,,1.5549999475479126,1.5549999475479126,1.5549999475479126,1.5549999475479126,400.0
2025-06-26 11:00:00,KNW,,1.7699999809265137,1.7699999809265137,1.76010000705719,1.7699999809265137,1781.0
2025-06-26 11:00:00,KULR,,5.235000133514404,5.244999885559082,5.230800151824951,5.240099906921387,17152.0
2025-06-26 11:00:00,LCTX,,1.0449999570846558,1.0499999523162842,1.0449999570846558,1.0499999523162842,16680.0
2025-06-26 11:00:00,LEU,,177.75999450683594,178.35499572753906,177.75999450683594,178.35499572753906,4950.0
2025-06-26 11:00:00,LMND,,41.834999084472656,41.86000061035156,41.79999923706055,41.86000061035156,6155.0
2025-06-26 11:00:00,LNG,,241.08999633789062,241.14999389648438,241.08999633789062,241.08999633789062,1137.0
2025-06-26 11:00:00,LODE,,3.740000009536743,3.740000009536743,3.740000009536743,3.740000009536743,299.0
2025-06-26 11:00:00,MAG,,21.329999923706055,21.329999923706055,21.31999969482422,21.31999969482422,204.0
2025-06-26 11:00:00,MPU,,0.963699996471405,0.963699996471405,0.957099974155426,0.957099974155426,521.0
2025-06-26 11:00:00,MYO,,2.2850000858306885,2.2850000858306885,2.2850000858306885,2.2850000858306885,222.0
2025-06-26 11:00:00,NAK,,1.579800009727478,1.5800000429153442,1.579800009727478,1.5800000429153442,9831.0
2025-06-26 11:00:00,NCL,,0.1785999983549118,0.1785999983549118,0.1785999983549118,0.1785999983549118,0.0
2025-06-26 11:00:00,NFGC,,1.465000033378601,1.465000033378601,1.465000033378601,1.465000033378601,8205.0
2025-06-26 11:00:00,NG,,3.89520001411438,3.89520001411438,3.890000104904175,3.890000104904175,3094.0
2025-06-26 11:00:00,NGD,,4.8703999519348145,4.875,4.860000133514404,4.860000133514404,98428.0
2025-06-26 11:00:00,NHS,,7.485000133514404,7.485000133514404,7.485000133514404,7.485000133514404,0.0
2025-06-26 11:00:00,NRO,,3.190000057220459,3.190000057220459,3.190000057220459,3.190000057220459,0.0
2025-06-26 11:00:00,OBE,,5.545000076293945,5.545000076293945,5.545000076293945,5.545000076293945,101657.0
2025-06-26 11:00:00,ORLA,,10.0600004196167,10.069999694824219,10.0600004196167,10.069999694824219,1507.0
2025-06-26 11:00:00,PHGE,,0.4724999964237213,0.4724999964237213,0.4724999964237213,0.4724999964237213,2150.0
2025-06-26 11:00:00,PLMR,,149.2449951171875,149.43389892578125,149.2449951171875,149.2449951171875,1159.0
2025-06-26 11:00:00,PLX,,1.4550000429153442,1.4550000429153442,1.4550000429153442,1.4550000429153442,5161.0
2025-06-26 11:00:00,SACH,,1.0953999757766724,1.0953999757766724,1.0953999757766724,1.0953999757766724,1290.0
2025-06-26 11:00:00,SATX,,2.9649999141693115,2.9649999141693115,2.9600000381469727,2.9600000381469727,113237.0
2025-06-26 11:00:00,SCCC,,24.950199127197266,24.950199127197266,24.950199127197266,24.950199127197266,2339.0
2025-06-26 11:00:00,SCCD,,21.600000381469727,21.600000381469727,21.600000381469727,21.600000381469727,0.0
2025-06-26 11:00:00,SCCF,,19.112600326538086,19.112600326538086,19.112600326538086,19.112600326538086,496.0
2025-06-26 11:00:00,SCCG,,18.971599578857422,18.971599578857422,18.971599578857422,18.971599578857422,193.0
2025-06-26 11:00:00,SENS,,0.4986000061035156,0.49869999289512634,0.4986000061035156,0.49869999289512634,4383.0
2025-06-26 11:00:00,SGN,,1.0195000171661377,1.0195000171661377,1.0149999856948853,1.0149999856948853,870.0
2025-06-26 11:00:00,SLI,,1.8849999904632568,1.8849999904632568,1.8849999904632568,1.8849999904632568,665.0
2025-06-26 11:00:00,STXS,,2.2249999046325684,2.2249999046325684,2.2249999046325684,2.2249999046325684,290.0
2025-06-26 11:00:00,SVM,,4.15500020980835,4.15500020980835,4.15500020980835,4.15500020980835,8326.0
2025-06-26 11:00:00,TGB,,3.065200090408325,3.069999933242798,3.059999942779541,3.069999933242798,32599.0
2025-06-26 11:00:00,TOON,,0.7303000092506409,0.7303000092506409,0.7303000092506409,0.7303000092506409,697.0
2025-06-26 11:00:00,TPET,,1.2100000381469727,1.2101000547409058,1.2100000381469727,1.2101000547409058,198654.0
2025-06-26 11:00:00,TRX,,0.3395000100135803,0.3395000100135803,0.3395000100135803,0.3395000100135803,0.0
2025-06-26 11:00:00,UAMY,,2.5250000953674316,2.5250000953674316,2.5250000953674316,2.5250000953674316,1161.0
2025-06-26 11:00:00,UEC,,6.800000190734863,6.817999839782715,6.800000190734863,6.817999839782715,28838.0
2025-06-26 11:00:00,URG,,1.0497000217437744,1.0499999523162842,1.0449999570846558,1.0449999570846558,5927.0
2025-06-26 11:00:00,USAS,,0.8062509894371033,0.8062509894371033,0.8062509894371033,0.8062509894371033,100.0
2025-06-26 11:00:00,UUUU,,5.775000095367432,5.775000095367432,5.775000095367432,5.775000095367432,1174.0
2025-06-26 11:00:00,VTAK,,0.2619999945163727,0.2630000114440918,0.2619999945163727,0.2621000111103058,13564.0
2025-06-26 11:00:00,VZLA,,2.990000009536743,2.990000009536743,2.984999895095825,2.984999895095825,327.0
2025-06-26 11:01:00,AREN,,5.699999809265137,5.699999809265137,5.699999809265137,5.699999809265137,228.0
2025-06-26 11:01:00,ATNM,,1.534999966621399,1.534999966621399,1.534999966621399,1.534999966621399,0.0
2025-06-26 11:01:00,BATL,,1.524999976158142,1.524999976158142,1.524999976158142,1.524999976158142,800.0
2025-06-26 11:01:00,BKTI,,54.0,54.0,54.0,54.0,1160.0
2025-06-26 11:01:00,BURU,,0.3273009955883026,0.3273009955883026,0.3273009955883026,0.3273009955883026,0.0
2025-06-26 11:01:00,CBOE,,227.82000732421875,227.82000732421875,227.82000732421875,227.82000732421875,2074.0
2025-06-26 11:01:00,CEF,,30.29360008239746,30.29360008239746,30.29360008239746,30.29360008239746,0.0
2025-06-26 11:01:00,CIK,,2.940200090408325,2.940200090408325,2.940200090408325,2.940200090408325,0.0
2025-06-26 11:01:00,CLM,,7.9446001052856445,7.9446001052856445,7.9446001052856445,7.9446001052856445,292.0
2025-06-26 11:01:00,CRF,,7.565000057220459,7.565000057220459,7.565000057220459,7.565000057220459,211.0
2025-06-26 11:01:00,CTM,,1.034999966621399,1.034999966621399,1.034999966621399,1.034999966621399,425.0
2025-06-26 11:01:00,DC,,3.7950000762939453,3.7950000762939453,3.7950000762939453,3.7950000762939453,377.0
2025-06-26 11:01:00,ELLO,,18.489999771118164,18.489999771118164,18.489999771118164,18.489999771118164,3771.0
2025-06-26 11:01:00,ENX,,9.199999809265137,9.199999809265137,9.199999809265137,9.199999809265137,0.0
2025-06-26 11:01:00,FSP,,1.690000057220459,1.690000057220459,1.690000057220459,1.690000057220459,0.0
2025-06-26 11:01:00,GLO,,5.33459997177124,5.33459997177124,5.33459997177124,5.33459997177124,0.0
2025-06-26 11:01:00,GSAT,,23.219999313354492,23.219999313354492,23.200000762939453,23.200000762939453,600.0
2025-06-26 11:01:00,HUSA,,13.300000190734863,13.300000190734863,13.300000190734863,13.300000190734863,2627.0
2025-06-26 11:01:00,IMO,,81.0199966430664,81.0199966430664,81.0199966430664,81.0199966430664,0.0
2025-06-26 11:01:00,INDO,,3.180000066757202,3.180000066757202,3.180000066757202,3.180000066757202,0.0
2025-06-26 11:01:00,KULR,,5.239999771118164,5.239999771118164,5.239999771118164,5.239999771118164,13818.0
2025-06-26 11:01:00,LCTX,,1.0449999570846558,1.0449999570846558,1.0449999570846558,1.0449999570846558,893.0
2025-06-26 11:01:00,LNG,,241.1199951171875,241.1199951171875,241.1199951171875,241.1199951171875,1635.0
2025-06-26 11:01:00,MAG,,21.34000015258789,21.34000015258789,21.34000015258789,21.34000015258789,2064.0
2025-06-26 11:01:00,MPTI,,41.599998474121094,41.599998474121094,41.599998474121094,41.599998474121094,723.0
2025-06-26 11:01:00,NFGC,,1.4700000286102295,1.4700000286102295,1.4700000286102295,1.4700000286102295,0.0
2025-06-26 11:01:00,NG,,3.9100000858306885,3.9100000858306885,3.9100000858306885,3.9100000858306885,24253.0
2025-06-26 11:01:00,OBE,,5.554999828338623,5.554999828338623,5.554999828338623,5.554999828338623,1233.0
2025-06-26 11:01:00,OGEN,,3.587599992752075,3.587599992752075,3.587599992752075,3.587599992752075,1356.0
2025-06-26 11:01:00,ORLA,,10.079999923706055,10.079999923706055,10.079999923706055,10.079999923706055,7869.0
2025-06-26 11:01:00,PLG,,1.6100000143051147,1.6100000143051147,1.6100000143051147,1.6100000143051147,408.0
2025-06-26 11:01:00,REI,,0.7807000279426575,0.7807000279426575,0.7807000279426575,0.7807000279426575,0.0
2025-06-26 11:01:00,SATX,,2.9600000381469727,2.9600000381469727,2.9600000381469727,2.9600000381469727,508.0
2025-06-26 11:01:00,SCCF,,19.040000915527344,19.040000915527344,19.040000915527344,19.040000915527344,0.0
2025-06-26 11:01:00,SEB,,2938.0,2938.0,2938.0,2938.0,0.0
2025-06-26 11:01:00,SENS,,0.4984999895095825,0.4984999895095825,0.4984999895095825,0.4984999895095825,20755.0
2025-06-26 11:01:00,SLND,,3.799999952316284,3.799999952316284,3.799999952316284,3.799999952316284,362.0
2025-06-26 11:01:00,STXS,,2.221100091934204,2.221100091934204,2.221100091934204,2.221100091934204,0.0
2025-06-26 11:01:00,TMQ,,1.5199999809265137,1.5199999809265137,1.5199999809265137,1.5199999809265137,0.0
2025-06-26 11:01:00,UAVS,,1.0950000286102295,1.0950000286102295,1.0950000286102295,1.0950000286102295,0.0
2025-06-26 11:01:00,VTAK,,0.26269999146461487,0.26269999146461487,0.26269999146461487,0.26269999146461487,19687.0
2025-06-26 11:01:00,VZLA,,2.984999895095825,2.984999895095825,2.984999895095825,2.984999895095825,58585.0
2025-06-26 11:01:00,WRN,,1.249899983406067,1.249899983406067,1.249899983406067,1.249899983406067,64394.0
2025-06-26 11:01:00,ZDGE,,4.21999979019165,4.21999979019165,4.21999979019165,4.21999979019165,0.0
2025-06-26 11:02:00,ARMN,,6.860000133514404,6.860000133514404,6.860000133514404,6.860000133514404,3998.0
2025-06-26 11:02:00,ASM,,3.509999990463257,3.509999990463257,3.509999990463257,3.509999990463257,54835.0
2025-06-26 11:02:00,AZTR,,0.2549999952316284,0.2549999952316284,0.2549999952316284,0.2549999952316284,1529.0
2025-06-26 11:02:00,BKTI,,54.0,54.0,54.0,54.0,149.0
2025-06-26 11:02:00,BRBS,,3.2850000858306885,3.2850000858306885,3.2850000858306885,3.2850000858306885,364.0
2025-06-26 11:02:00,BTG,,3.615000009536743,3.619999885559082,3.609999895095825,3.609999895095825,197104.0
2025-06-26 11:02:00,BURU,,0.33000001311302185,0.33000001311302185,0.33000001311302185,0.33000001311302185,2151641.0
2025-06-26 11:02:00,CATX,,3.631200075149536,3.640000104904175,3.631200075149536,3.640000104904175,2311.0
2025-06-26 11:02:00,CBOE,,227.55999755859375,227.55999755859375,227.55999755859375,227.55999755859375,2322.0
2025-06-26 11:02:00,CCEL,,5.099999904632568,5.099999904632568,5.090000152587891,5.099999904632568,125031.0
2025-06-26 11:02:00,CEF,,30.295000076293945,30.295000076293945,30.295000076293945,30.295000076293945,152111.0
2025-06-26 11:02:00,CLM,,7.943299770355225,7.949999809265137,7.943299770355225,7.949999809265137,2807.0
2025-06-26 11:02:00,CMT,,16.989999771118164,17.010000228881836,16.93000030517578,16.979999542236328,3286.0
2025-06-26 11:02:00,CPHI,,1.75,1.75,1.75,1.75,0.0
2025-06-26 11:02:00,CQP,,55.97999954223633,55.97999954223633,55.97999954223633,55.97999954223633,3751.0
2025-06-26 11:02:00,CRF,,7.569900035858154,7.569900035858154,7.569900035858154,7.569900035858154,0.0
2025-06-26 11:02:00,CTM,,1.031000018119812,1.0364999771118164,1.0299999713897705,1.0299999713897705,3320.0
2025-06-26 11:02:00,DDC,,10.5,10.5,9.890000343322754,9.890000343322754,14588.0
2025-06-26 11:02:00,DHY,,2.1098999977111816,2.1098999977111816,2.1050000190734863,2.1098999977111816,11311.0
2025-06-26 11:02:00,DNN,,1.7899999618530273,1.7899999618530273,1.7799999713897705,1.784500002861023,1001920.0
2025-06-26 11:02:00,EMX,,2.5299999713897705,2.5299999713897705,2.5299999713897705,2.5299999713897705,1607.0
2025-06-26 11:02:00,EQX,,5.909999847412109,5.909999847412109,5.900000095367432,5.900000095367432,112417.0
2025-06-26 11:02:00,EVV,,10.170000076293945,10.170000076293945,10.170000076293945,10.170000076293945,6852.0
2025-06-26 11:02:00,FSP,,1.684999942779541,1.684999942779541,1.6799999475479126,1.684999942779541,18964.0
2025-06-26 11:02:00,FTF,,6.380000114440918,6.380099773406982,6.380000114440918,6.380099773406982,1500.0
2025-06-26 11:02:00,GAU,,1.2999999523162842,1.309999942779541,1.2999999523162842,1.2999999523162842,24604.0
2025-06-26 11:02:00,GGN,,4.364999771118164,4.364999771118164,4.364999771118164,4.364999771118164,85814.0
2025-06-26 11:02:00,GNS,,0.839900016784668,0.8399999737739563,0.824999988079071,0.8365340232849121,98769.0
2025-06-26 11:02:00,GROY,,2.309999942779541,2.309999942779541,2.305000066757202,2.305000066757202,13758.0
2025-06-26 11:02:00,HUSA,,13.100000381469727,13.241399765014648,13.100000381469727,13.241399765014648,1254.0
2025-06-26 11:02:00,IBO,,0.9419990181922913,0.9491000175476074,0.9401000142097473,0.9401010274887085,18880.0
2025-06-26 11:02:00,IE,,9.930000305175781,9.9399995803833,9.930000305175781,9.930000305175781,4634.0
2025-06-26 11:02:00,IMO,,81.05500030517578,81.05500030517578,81.0250015258789,81.0250015258789,71194.0
2025-06-26 11:02:00,ITRG,,1.5549999475479126,1.5549999475479126,1.5549999475479126,1.5549999475479126,4775.0
2025-06-26 11:02:00,KNW,,1.7949999570846558,1.7949999570846558,1.7949999570846558,1.7949999570846558,12156.0
2025-06-26 11:02:00,KULR,,5.224999904632568,5.239099979400635,5.224999904632568,5.235000133514404,5383.0
2025-06-26 11:02:00,LCTX,,1.0499999523162842,1.0499999523162842,1.0499999523162842,1.0499999523162842,646.0
2025-06-26 11:02:00,LEU,,178.94500732421875,179.27000427246094,178.94500732421875,179.05499267578125,13409.0
2025-06-26 11:02:00,LMND,,41.79869842529297,41.83000183105469,41.78049850463867,41.83000183105469,13501.0
2025-06-26 11:02:00,LNG,,241.4552001953125,241.4552001953125,241.1300048828125,241.22999572753906,6943.0
2025-06-26 11:02:00,MAG,,21.329999923706055,21.329999923706055,21.329999923706055,21.329999923706055,977.0
2025-06-26 11:02:00,MITQ,,0.7006999850273132,0.7006999850273132,0.7006999850273132,0.7006999850273132,7566.0
2025-06-26 11:02:00,MLSS,,0.7699999809265137,0.7699999809265137,0.7699999809265137,0.7699999809265137,3358.0
2025-06-26 11:02:00,MTA,,3.869999885559082,3.869999885559082,3.869999885559082,3.869999885559082,0.0
2025-06-26 11:02:00,MYND,,0.9444000124931335,0.9444000124931335,0.9444000124931335,0.9444000124931335,1519.0
2025-06-26 11:02:00,NAK,,1.5699000358581543,1.5699000358581543,1.565000057220459,1.565000057220459,54845.0
2025-06-26 11:02:00,NBH,,9.819999694824219,9.819999694824219,9.819999694824219,9.819999694824219,22265.0
2025-06-26 11:02:00,NCL,,0.17859899997711182,0.17859899997711182,0.1784989982843399,0.1784989982843399,1489982.0
2025-06-26 11:02:00,NG,,3.9100000858306885,3.9149999618530273,3.9100000858306885,3.9149999618530273,7956.0
2025-06-26 11:02:00,NGD,,4.880300045013428,4.889999866485596,4.869999885559082,4.875,560839.0
2025-06-26 11:02:00,NHS,,7.485000133514404,7.485000133514404,7.485000133514404,7.485000133514404,50089.0
2025-06-26 11:02:00,NRXS,,2.619999885559082,2.619999885559082,2.619999885559082,2.619999885559082,0.0
2025-06-26 11:02:00,OBE,,5.550000190734863,5.550000190734863,5.545000076293945,5.550000190734863,2772.0
2025-06-26 11:02:00,OPTT,,0.5133000016212463,0.5133000016212463,0.5097000002861023,0.5097000002861023,5976.0
2025-06-26 11:02:00,PLG,,1.6200000047683716,1.6200000047683716,1.600000023841858,1.6100000143051147,4235.0
2025-06-26 11:02:00,PLMR,,148.88999938964844,149.5,148.88999938964844,149.3022003173828,6249.0
2025-06-26 11:02:00,PLX,,1.4500000476837158,1.4600000381469727,1.4500000476837158,1.4550000429153442,3458.0
2025-06-26 11:02:00,REI,,0.7804999947547913,0.7804999947547913,0.7804999947547913,0.7804999947547913,728222.0
2025-06-26 11:02:00,RLGT,,6.050000190734863,6.050000190734863,6.039999961853027,6.039999961853027,462.0
2025-06-26 11:02:00,SATX,,2.9600000381469727,2.9600000381469727,2.9600000381469727,2.9600000381469727,196.0
2025-06-26 11:02:00,SEB,,2940.4599609375,2940.4599609375,2940.4599609375,2940.4599609375,0.0
2025-06-26 11:02:00,SENS,,0.4984999895095825,0.4984999895095825,0.4984999895095825,0.4984999895095825,763.0
2025-06-26 11:02:00,SGN,,1.0199999809265137,1.0199999809265137,1.0199999809265137,1.0199999809265137,1845.0
2025-06-26 11:02:00,SLI,,1.8849999904632568,1.8849999904632568,1.8849999904632568,1.8849999904632568,5060.0
2025-06-26 11:02:00,STXS,,2.2392001152038574,2.2392001152038574,2.2300000190734863,2.2300000190734863,49619.0
2025-06-26 11:02:00,SVM,,4.1656999588012695,4.1656999588012695,4.159999847412109,4.159999847412109,75886.0
2025-06-26 11:02:00,TGB,,3.069000005722046,3.069999933242798,3.059999942779541,3.0699000358581543,280256.0
2025-06-26 11:02:00,UAMY,,2.5350000858306885,2.5350000858306885,2.5299999713897705,2.5350000858306885,28271.0
2025-06-26 11:02:00,UAVS,,1.0920000076293945,1.0920000076293945,1.0920000076293945,1.0920000076293945,473928.0
2025-06-26 11:02:00,UEC,,6.829999923706055,6.829999923706055,6.809999942779541,6.829999923706055,59628.0
2025-06-26 11:02:00,URG,,1.0449999570846558,1.0499999523162842,1.0449999570846558,1.0499999523162842,10657.0
2025-06-26 11:02:00,USAS,,0.8090000152587891,0.8090000152587891,0.8090000152587891,0.8090000152587891,1014.0
2025-06-26 11:02:00,UTG,,35.380001068115234,35.380001068115234,35.380001068115234,35.380001068115234,100.0
2025-06-26 11:02:00,UUUU,,5.789999961853027,5.795000076293945,5.789999961853027,5.795000076293945,72562.0
2025-06-26 11:02:00,VTAK,,0.2630999982357025,0.2630999982357025,0.2619999945163727,0.2619999945163727,47315.0
2025-06-26 11:02:00,VZLA,,2.984999895095825,2.990000009536743,2.984999895095825,2.984999895095825,1400.0
2025-06-26 11:02:00,WYY,,3.440000057220459,3.440000057220459,3.440000057220459,3.440000057220459,426.0
2025-06-26 11:03:00,AEON,,0.7763000130653381,0.7763000130653381,0.7763000130653381,0.7763000130653381,137011.0
2025-06-26 11:03:00,ASM,,3.5123000144958496,3.515199899673462,3.5123000144958496,3.515199899673462,27508.0
2025-06-26 11:03:00,ATNM,,1.534999966621399,1.534999966621399,1.534999966621399,1.534999966621399,78556.0
2025-06-26 11:03:00,AUST,,1.3600000143051147,1.3600000143051147,1.3600000143051147,1.3600000143051147,3905.0
2025-06-26 11:03:00,BTG,,3.609999895095825,3.615000009536743,3.609999895095825,3.615000009536743,750.0
2025-06-26 11:03:00,CATX,,3.6380999088287354,3.6380999088287354,3.6380999088287354,3.6380999088287354,2041.0
2025-06-26 11:03:00,CBOE,,227.7899932861328,227.7899932861328,227.60000610351562,227.60000610351562,1786.0
2025-06-26 11:03:00,CCEL,,5.099999904632568,5.099999904632568,5.099999904632568,5.099999904632568,351.0
2025-06-26 11:03:00,CEF,,30.295000076293945,30.295000076293945,30.295000076293945,30.295000076293945,0.0
2025-06-26 11:03:00,CLDI,,0.21789999306201935,0.2199999988079071,0.2176000028848648,0.2176000028848648,8378.0
2025-06-26 11:03:00,CTM,,1.034999966621399,1.034999966621399,1.034999966621399,1.034999966621399,2653.0
2025-06-26 11:03:00,CVM,,2.490000009536743,2.5,2.4600000381469727,2.4700000286102295,4222.0
2025-06-26 11:03:00,DDC,,9.932000160217285,9.932000160217285,9.932000160217285,9.932000160217285,0.0
2025-06-26 11:03:00,DHY,,2.109800100326538,2.109800100326538,2.109800100326538,2.109800100326538,1000.0
2025-06-26 11:03:00,DNN,,1.7803000211715698,1.784999966621399,1.7799999713897705,1.784999966621399,19079.0
2025-06-26 11:03:00,DSS,,0.9399999976158142,0.9399999976158142,0.9399999976158142,0.9399999976158142,0.0
2025-06-26 11:03:00,EMX,,2.5350000858306885,2.5350000858306885,2.5299999713897705,2.5299999713897705,697.0
2025-06-26 11:03:00,EVM,,8.850000381469727,8.850000381469727,8.850000381469727,8.850000381469727,3257.0
2025-06-26 11:03:00,FURY,,0.47999998927116394,0.47999998927116394,0.47999998927116394,0.47999998927116394,0.0
2025-06-26 11:03:00,GNS,,0.839900016784668,0.8399900197982788,0.8299999833106995,0.8399900197982788,50650.0
2025-06-26 11:03:00,GROY,,2.305000066757202,2.305000066757202,2.299999952316284,2.305000066757202,2574.0
2025-06-26 11:03:00,IBO,,0.9440000057220459,0.9440000057220459,0.9440000057220459,0.9440000057220459,485.0
2025-06-26 11:03:00,INFU,,6.489999771118164,6.489999771118164,6.489999771118164,6.489999771118164,1409.0
2025-06-26 11:03:00,ITRG,,1.5549999475479126,1.5549999475479126,1.5549999475479126,1.5549999475479126,4073.0
2025-06-26 11:03:00,KULR,,5.224999904632568,5.224999904632568,5.224999904632568,5.224999904632568,180.0
2025-06-26 11:03:00,LCTX,,1.0449999570846558,1.0449999570846558,1.0449999570846558,1.0449999570846558,867.0
2025-06-26 11:03:00,LEU,,178.94500732421875,178.9499969482422,178.94500732421875,178.9499969482422,324.0
2025-06-26 11:03:00,LMND,,41.77000045776367,41.777198791503906,41.77000045776367,41.777198791503906,353.0
2025-06-26 11:03:00,LNG,,241.44630432128906,241.44630432128906,241.44630432128906,241.44630432128906,1734.0
2025-06-26 11:03:00,LODE,,3.7200000286102295,3.7200000286102295,3.7200000286102295,3.7200000286102295,1430.0
2025-06-26 11:03:00,MAIA,,1.6699999570846558,1.6699999570846558,1.6699999570846558,1.6699999570846558,105646.0
2025-06-26 11:03:00,MYO,,2.2799999713897705,2.2799999713897705,2.2799999713897705,2.2799999713897705,316.0
2025-06-26 11:03:00,NG,,3.9149999618530273,3.9200000762939453,3.9100000858306885,3.9200000762939453,4362.0
2025-06-26 11:03:00,NGD,,4.880000114440918,4.886499881744385,4.880000114440918,4.885000228881836,58562.0
2025-06-26 11:03:00,NTIP,,1.2093000411987305,1.2093000411987305,1.2093000411987305,1.2093000411987305,441.0
2025-06-26 11:03:00,OBE,,5.550000190734863,5.550000190734863,5.550000190734863,5.550000190734863,824.0
2025-06-26 11:03:00,ORLA,,10.074999809265137,10.074999809265137,10.074999809265137,10.074999809265137,405.0
2025-06-26 11:03:00,PLMR,,148.72500610351562,148.72500610351562,148.72500610351562,148.72500610351562,664.0
2025-06-26 11:03:00,SKYH,,9.680000305175781,9.680000305175781,9.680000305175781,9.680000305175781,166.0
2025-06-26 11:03:00,TGB,,3.065000057220459,3.065000057220459,3.065000057220459,3.065000057220459,3000.0
2025-06-26 11:03:00,THM,,0.9250490069389343,0.9250490069389343,0.9250490069389343,0.9250490069389343,177.0
2025-06-26 11:03:00,UAVS,,1.090000033378601,1.0947999954223633,1.090000033378601,1.0947999954223633,101.0
2025-06-26 11:03:00,UEC,,6.824999809265137,6.824999809265137,6.824999809265137,6.824999809265137,1220.0
2025-06-26 11:03:00,USAS,,0.8119999766349792,0.8119999766349792,0.8098999857902527,0.8098999857902527,1680.0
2025-06-26 11:03:00,UUUU,,5.793300151824951,5.793300151824951,5.793300151824951,5.793300151824951,303.0
2025-06-26 11:03:00,VKI,,8.1899995803833,8.1899995803833,8.1899995803833,8.1899995803833,0.0
2025-06-26 11:03:00,VZLA,,2.9851999282836914,2.9851999282836914,2.9851999282836914,2.9851999282836914,1000.0
2025-06-26 11:04:00,ARMN,,6.855000019073486,6.855000019073486,6.855000019073486,6.855000019073486,4911.0
2025-06-26 11:04:00,ATNM,,1.534999966621399,1.534999966621399,1.534999966621399,1.534999966621399,0.0
2025-06-26 11:04:00,AZTR,,0.2597990036010742,0.2597990036010742,0.2597990036010742,0.2597990036010742,407.0
2025-06-26 11:04:00,BKTI,,54.0,54.0,54.0,54.0,282.0
2025-06-26 11:04:00,BRBS,,3.2850000858306885,3.2850000858306885,3.2850000858306885,3.2850000858306885,608.0
2025-06-26 11:04:00,BTG,,3.615000009536743,3.615000009536743,3.615000009536743,3.615000009536743,38638.0
2025-06-26 11:04:00,BURU,,0.3287000060081482,0.3287000060081482,0.3287000060081482,0.3287000060081482,30610.0
2025-06-26 11:04:00,CATX,,3.609999895095825,3.609999895095825,3.609999895095825,3.609999895095825,18872.0
2025-06-26 11:04:00,CBOE,,227.4199981689453,227.42999267578125,227.1300048828125,227.32449340820312,3216.0
2025-06-26 11:04:00,CEF,,30.29840087890625,30.29840087890625,30.29840087890625,30.29840087890625,0.0
2025-06-26 11:04:00,CIK,,2.9410998821258545,2.944999933242798,2.9410998821258545,2.944999933242798,322075.0
2025-06-26 11:04:00,CLDI,,0.2189989984035492,0.2189989984035492,0.21799999475479126,0.21799999475479126,2100.0
2025-06-26 11:04:00,CLM,,7.945000171661377,7.945000171661377,7.945000171661377,7.945000171661377,799.0
2025-06-26 11:04:00,CMT,,17.084999084472656,17.084999084472656,17.084999084472656,17.084999084472656,0.0
2025-06-26 11:04:00,CQP,,55.97999954223633,55.97999954223633,55.97999954223633,55.97999954223633,605.0
2025-06-26 11:04:00,CRF,,7.565000057220459,7.565000057220459,7.565000057220459,7.565000057220459,256150.0
2025-06-26 11:04:00,CTGO,,20.709999084472656,20.709999084472656,20.709999084472656,20.709999084472656,2915.0
2025-06-26 11:04:00,CYBN,,8.5600004196167,8.5600004196167,8.5600004196167,8.5600004196167,110023.0
2025-06-26 11:04:00,DC,,3.7899999618530273,3.7899999618530273,3.7899999618530273,3.7899999618530273,631.0
2025-06-26 11:04:00,DNN,,1.784999966621399,1.7899999618530273,1.784999966621399,1.7899999618530273,205093.0
2025-06-26 11:04:00,EAD,,6.989999771118164,6.989999771118164,6.989999771118164,6.989999771118164,0.0
2025-06-26 11:04:00,ELA,,6.0,6.0,6.0,6.0,287.0
2025-06-26 11:04:00,EMX,,2.5350000858306885,2.5350000858306885,2.5350000858306885,2.5350000858306885,781.0
2025-06-26 11:04:00,ENX,,9.193499565124512,9.193499565124512,9.193499565124512,9.193499565124512,9678.0
2025-06-26 11:04:00,EQX,,5.914999961853027,5.914999961853027,5.911300182342529,5.911300182342529,128621.0
2025-06-26 11:04:00,ERC,,9.385000228881836,9.385000228881836,9.385000228881836,9.385000228881836,0.0
2025-06-26 11:04:00,GAU,,1.2949999570846558,1.2949999570846558,1.2949999570846558,1.2949999570846558,0.0
2025-06-26 11:04:00,GLDG,,0.7455999851226807,0.7455999851226807,0.7443000078201294,0.7443000078201294,2157.0
2025-06-26 11:04:00,GLQ,,6.9430999755859375,6.9430999755859375,6.9430999755859375,6.9430999755859375,102.0
2025-06-26 11:04:00,GNS,,0.8324999809265137,0.8399999737739563,0.8324999809265137,0.8375499844551086,47562.0
2025-06-26 11:04:00,GSAT,,23.21769905090332,23.21769905090332,23.21769905090332,23.21769905090332,652.0
2025-06-26 11:04:00,GTE,,5.0594000816345215,5.0594000816345215,5.0594000816345215,5.0594000816345215,722.0
2025-06-26 11:04:00,HUSA,,13.050000190734863,13.163599967956543,13.050000190734863,13.100000381469727,3571.0
2025-06-26 11:04:00,IBO,,0.9031000137329102,0.9031000137329102,0.9031000137329102,0.9031000137329102,41952.0
2025-06-26 11:04:00,IE,,9.930000305175781,9.930000305175781,9.930000305175781,9.930000305175781,1004.0
2025-06-26 11:04:00,IMO,,81.08000183105469,81.08000183105469,81.08000183105469,81.08000183105469,597.0
2025-06-26 11:04:00,INDO,,3.174999952316284,3.174999952316284,3.174999952316284,3.174999952316284,726817.0
2025-06-26 11:04:00,KNW,,1.7899999618530273,1.7899999618530273,1.7899999618530273,1.7899999618530273,1209.0
2025-06-26 11:04:00,KULR,,5.21999979019165,5.230000019073486,5.21999979019165,5.220099925994873,33643.0
2025-06-26 11:04:00,LEU,,179.32000732421875,179.58999633789062,179.2100067138672,179.58999633789062,11141.0
2025-06-26 11:04:00,LMND,,41.845001220703125,41.845001220703125,41.817298889160156,41.817298889160156,13318.0
2025-06-26 11:04:00,MAG,,21.334999084472656,21.334999084472656,21.334999084472656,21.334999084472656,1597.0
2025-06-26 11:04:00,MTA,,3.869999885559082,3.869999885559082,3.869999885559082,3.869999885559082,0.0
2025-06-26 11:04:00,MYO,,2.2850000858306885,2.2850000858306885,2.2850000858306885,2.2850000858306885,108.0
2025-06-26 11:04:00,NAK,,1.559999942779541,1.559999942779541,1.559999942779541,1.559999942779541,86870.0
2025-06-26 11:04:00,NCL,,0.17720000445842743,0.17720000445842743,0.17720000445842743,0.17720000445842743,5117.0
2025-06-26 11:04:00,NFGC,,1.4700000286102295,1.4700000286102295,1.4700000286102295,1.4700000286102295,144700.0
2025-06-26 11:04:00,NG,,3.934999942779541,3.9354000091552734,3.930000066757202,3.934799909591675,28119.0
2025-06-26 11:04:00,NGD,,4.885000228881836,4.885000228881836,4.885000228881836,4.885000228881836,13373.0
2025-06-26 11:04:00,NHC,,108.75,108.75,108.75,108.75,115.0
2025-06-26 11:04:00,OPTT,,0.5135999917984009,0.5135999917984009,0.5134999752044678,0.5134999752044678,612.0
2025-06-26 11:04:00,ORLA,,10.074999809265137,10.079999923706055,10.074999809265137,10.079999923706055,1387.0
2025-06-26 11:04:00,PHGE,,0.4674000144004822,0.4674000144004822,0.4674000144004822,0.4674000144004822,3326.0
2025-06-26 11:04:00,PLX,,1.4550000429153442,1.4550000429153442,1.4550000429153442,1.4550000429153442,335.0
2025-06-26 11:04:00,PRK,,165.85000610351562,165.85000610351562,165.85000610351562,165.85000610351562,396.0
2025-06-26 11:04:00,REI,,0.7803000211715698,0.7803000211715698,0.7803000211715698,0.7803000211715698,2714.0
2025-06-26 11:04:00,SENS,,0.4984999895095825,0.4984999895095825,0.4984999895095825,0.4984999895095825,9446.0
2025-06-26 11:04:00,STXS,,2.244999885559082,2.244999885559082,2.244999885559082,2.244999885559082,4268.0
2025-06-26 11:04:00,SVM,,4.164999961853027,4.166500091552734,4.164999961853027,4.164999961853027,1534.0
2025-06-26 11:04:00,TGB,,3.0799999237060547,3.0799999237060547,3.0701000690460205,3.0701000690460205,185496.0
2025-06-26 11:04:00,TMQ,,1.5299999713897705,1.5299999713897705,1.5291999578475952,1.5291999578475952,282273.0
2025-06-26 11:04:00,TOVX,,0.4334990084171295,0.4334990084171295,0.4334990084171295,0.4334990084171295,2304.0
2025-06-26 11:04:00,UEC,,6.820000171661377,6.820000171661377,6.820000171661377,6.820000171661377,11854.0
2025-06-26 11:04:00,URG,,1.0549999475479126,1.0549999475479126,1.0499999523162842,1.0499999523162842,37522.0
2025-06-26 11:04:00,UUUU,,5.800000190734863,5.800000190734863,5.795000076293945,5.795000076293945,43550.0
2025-06-26 11:04:00,VTAK,,0.2630000114440918,0.2630000114440918,0.2619999945163727,0.2619999945163727,5594.0
2025-06-26 11:04:00,VZLA,,2.998699903488159,3.0,2.984999895095825,2.9888999462127686,94669.0
2025-06-26 11:05:00,AREN,,5.590000152587891,5.650000095367432,5.590000152587891,5.650000095367432,741.0
2025-06-26 11:05:00,ARMN,,6.860000133514404,6.860000133514404,6.860000133514404,6.860000133514404,600.0
2025-06-26 11:05:00,ASM,,3.5199999809265137,3.5199999809265137,3.5199999809265137,3.5199999809265137,7655.0
2025-06-26 11:05:00,ATNM,,1.534999966621399,1.534999966621399,1.534999966621399,1.534999966621399,79561.0
2025-06-26 11:05:00,BATL,,1.534000039100647,1.534000039100647,1.534000039100647,1.534000039100647,1987.0
2025-06-26 11:05:00,BGI,,0.8709999918937683,0.8709999918937683,0.8709999918937683,0.8709999918937683,867.0
2025-06-26 11:05:00,BRBS,,3.2850000858306885,3.2850000858306885,3.2850000858306885,3.2850000858306885,224.0
2025-06-26 11:05:00,BTG,,3.615000009536743,3.615000009536743,3.615000009536743,3.615000009536743,11682.0
2025-06-26 11:05:00,BURU,,0.32785001397132874,0.32850000262260437,0.32739999890327454,0.32850000262260437,2473.0
2025-06-26 11:05:00,CIK,,2.9400999546051025,2.9400999546051025,2.9400999546051025,2.9400999546051025,6000.0
2025-06-26 11:05:00,CLM,,7.942599773406982,7.942599773406982,7.942599773406982,7.942599773406982,2094.0
2025-06-26 11:05:00,CQP,,55.97999954223633,55.97999954223633,55.97999954223633,55.97999954223633,103.0
2025-06-26 11:05:00,CYBN,,8.5600004196167,8.5600004196167,8.5600004196167,8.5600004196167,107.0
2025-06-26 11:05:00,DHY,,2.1098999977111816,2.1098999977111816,2.1098999977111816,2.1098999977111816,11011.0
2025-06-26 11:05:00,DNN,,1.7899999618530273,1.7899999618530273,1.784999966621399,1.784999966621399,37171.0
2025-06-26 11:05:00,EIM,,9.545000076293945,9.545000076293945,9.545000076293945,9.545000076293945,784.0
2025-06-26 11:05:00,EPM,,4.75,4.75,4.739999771118164,4.739999771118164,533.0
2025-06-26 11:05:00,EQX,,5.920000076293945,5.920000076293945,5.914999961853027,5.914999961853027,3107.0
2025-06-26 11:05:00,EVM,,8.850000381469727,8.850000381469727,8.850000381469727,8.850000381469727,0.0
2025-06-26 11:05:00,FOXO,,0.20069999992847443,0.20069999992847443,0.20069999992847443,0.20069999992847443,5374.0
2025-06-26 11:05:00,FSP,,1.690000057220459,1.690000057220459,1.690000057220459,1.690000057220459,780.0
2025-06-26 11:05:00,GGN,,4.360000133514404,4.364999771118164,4.360000133514404,4.364999771118164,14414.0
2025-06-26 11:05:00,GNS,,0.8302000164985657,0.8325999975204468,0.8302000164985657,0.8325999975204468,11369.0
2025-06-26 11:05:00,GROY,,2.305000066757202,2.305000066757202,2.305000066757202,2.305000066757202,1004.0
2025-06-26 11:05:00,HUSA,,13.121700286865234,13.121700286865234,13.121700286865234,13.121700286865234,100.0
2025-06-26 11:05:00,IBO,,0.9096999764442444,0.9096999764442444,0.9096999764442444,0.9096999764442444,3000.0
2025-06-26 11:05:00,IE,,9.930000305175781,9.960000038146973,9.930000305175781,9.9399995803833,10160.0
2025-06-26 11:05:00,INDO,,3.1700000762939453,3.1700000762939453,3.1700000762939453,3.1700000762939453,600.0
2025-06-26 11:05:00,ITRG,,1.5549999475479126,1.5549999475479126,1.5549999475479126,1.5549999475479126,861.0
2025-06-26 11:05:00,LCTX,,1.0499999523162842,1.0499999523162842,1.0499999523162842,1.0499999523162842,0.0
2025-06-26 11:05:00,LEU,,179.42039489746094,179.42039489746094,178.55999755859375,178.55999755859375,8369.0
2025-06-26 11:05:00,LMND,,41.79999923706055,41.894901275634766,41.79999923706055,41.894901275634766,491.0
2025-06-26 11:05:00,LNG,,241.52999877929688,241.67999267578125,241.4149932861328,241.4149932861328,63000.0
2025-06-26 11:05:00,LODE,,3.7100000381469727,3.7100000381469727,3.708899974822998,3.708899974822998,6785.0
2025-06-26 11:05:00,MITQ,,0.6909000277519226,0.6909000277519226,0.6909000277519226,0.6909000277519226,386.0
2025-06-26 11:05:00,MTA,,3.869999885559082,3.869999885559082,3.869999885559082,3.869999885559082,94213.0
2025-06-26 11:05:00,MXC,,9.449999809265137,9.449999809265137,9.449999809265137,9.449999809265137,10669.0
2025-06-26 11:05:00,NG,,3.9351999759674072,3.9351999759674072,3.9351999759674072,3.9351999759674072,1609.0
2025-06-26 11:05:00,NGD,,4.889900207519531,4.889900207519531,4.880000114440918,4.885000228881836,15528.0
2025-06-26 11:05:00,NHC,,108.9000015258789,108.9000015258789,108.9000015258789,108.9000015258789,462.0
2025-06-26 11:05:00,NHS,,7.483500003814697,7.483500003814697,7.483500003814697,7.483500003814697,590.0
2025-06-26 11:05:00,ORLA,,10.074999809265137,10.074999809265137,10.074999809265137,10.074999809265137,2179.0
2025-06-26 11:05:00,PLMR,,148.97999572753906,148.97999572753906,148.97999572753906,148.97999572753906,2439.0
2025-06-26 11:05:00,REI,,0.7851999998092651,0.7851999998092651,0.785099983215332,0.785099983215332,11057.0
2025-06-26 11:05:00,SKYH,,9.675000190734863,9.680000305175781,9.675000190734863,9.680000305175781,652.0
2025-06-26 11:05:00,SLI,,1.8849999904632568,1.8849999904632568,1.8849999904632568,1.8849999904632568,3196.0
2025-06-26 11:05:00,SVM,,4.164999961853027,4.164999961853027,4.164999961853027,4.164999961853027,706.0
2025-06-26 11:05:00,TGB,,3.075000047683716,3.075000047683716,3.07069993019104,3.075000047683716,21299.0
2025-06-26 11:05:00,UAMY,,2.5350000858306885,2.5350000858306885,2.5350000858306885,2.5350000858306885,1644.0
2025-06-26 11:05:00,UAVS,,1.0950000286102295,1.100000023841858,1.0950000286102295,1.100000023841858,1701.0
2025-06-26 11:05:00,UEC,,6.824999809265137,6.829999923706055,6.815000057220459,6.815000057220459,13545.0
2025-06-26 11:05:00,URG,,1.0549999475479126,1.0549999475479126,1.0549999475479126,1.0549999475479126,1483.0
2025-06-26 11:05:00,USAS,,0.8120999932289124,0.8120999932289124,0.8119999766349792,0.8119999766349792,43930.0
2025-06-26 11:05:00,UTG,,35.38999938964844,35.38999938964844,35.38999938964844,35.38999938964844,767.0
2025-06-26 11:05:00,UUUU,,5.815000057220459,5.815000057220459,5.798299789428711,5.798299789428711,47606.0
2025-06-26 11:05:00,VTAK,,0.2630000114440918,0.2630000114440918,0.26249998807907104,0.26249998807907104,19890.0
2025-06-26 11:05:00,VZLA,,2.994999885559082,2.994999885559082,2.994999885559082,2.994999885559082,4129.0
2025-06-26 11:06:00,ACU,,39.6349983215332,39.81999969482422,39.6349983215332,39.81999969482422,206.0
2025-06-26 11:06:00,ARMN,,6.859899997711182,6.859899997711182,6.859899997711182,6.859899997711182,0.0
2025-06-26 11:06:00,ATNM,,1.534999966621399,1.534999966621399,1.534999966621399,1.534999966621399,215.0
2025-06-26 11:06:00,BTG,,3.615000009536743,3.615000009536743,3.615000009536743,3.615000009536743,9945.0
2025-06-26 11:06:00,BURU,,0.3273000121116638,0.3273000121116638,0.3273000121116638,0.3273000121116638,2597.0
2025-06-26 11:06:00,CATX,,3.5999999046325684,3.5999999046325684,3.5999999046325684,3.5999999046325684,1273.0
2025-06-26 11:06:00,CBOE,,227.5800018310547,227.5800018310547,227.5800018310547,227.5800018310547,4586.0
2025-06-26 11:06:00,CIK,,2.9402999877929688,2.9402999877929688,2.9402999877929688,2.9402999877929688,10000.0
2025-06-26 11:06:00,CLM,,7.940100193023682,7.940100193023682,7.940100193023682,7.940100193023682,1710.0
2025-06-26 11:06:00,CPHI,,1.7400000095367432,1.7400000095367432,1.7400000095367432,1.7400000095367432,0.0
2025-06-26 11:06:00,CQP,,55.97999954223633,55.97999954223633,55.97999954223633,55.97999954223633,0.0
2025-06-26 11:06:00,CRF,,7.564499855041504,7.564499855041504,7.564499855041504,7.564499855041504,2097.0
2025-06-26 11:06:00,CTM,,1.034999966621399,1.034999966621399,1.034999966621399,1.034999966621399,8385.0
2025-06-26 11:06:00,CVM,,2.4700000286102295,2.4700000286102295,2.4700000286102295,2.4700000286102295,3663.0
2025-06-26 11:06:00,DNN,,1.7899999618530273,1.7899999618530273,1.7799999713897705,1.7799999713897705,70405.0
2025-06-26 11:06:00,EPM,,4.740099906921387,4.769999980926514,4.740099906921387,4.769999980926514,5532.0
2025-06-26 11:06:00,EQX,,5.920000076293945,5.920000076293945,5.920000076293945,5.920000076293945,7978.0
2025-06-26 11:06:00,GGN,,4.360000133514404,4.360000133514404,4.360000133514404,4.360000133514404,0.0
2025-06-26 11:06:00,GNS,,0.8449000120162964,0.8449000120162964,0.8449000120162964,0.8449000120162964,46221.0
2025-06-26 11:06:00,GORO,,0.5396000146865845,0.5396000146865845,0.5396000146865845,0.5396000146865845,0.0
2025-06-26 11:06:00,GROY,,2.305000066757202,2.305000066757202,2.305000066757202,2.305000066757202,6179.0
2025-06-26 11:06:00,GSAT,,23.170000076293945,23.190000534057617,23.170000076293945,23.190000534057617,1746.0
2025-06-26 11:06:00,GTE,,5.054999828338623,5.054999828338623,5.054999828338623,5.054999828338623,1359.0
2025-06-26 11:06:00,HUSA,,13.190500259399414,13.190500259399414,13.190500259399414,13.190500259399414,423.0
2025-06-26 11:06:00,IBO,,0.9289000034332275,0.9289000034332275,0.9279999732971191,0.9279999732971191,10552.0
2025-06-26 11:06:00,IMO,,81.26000213623047,81.26000213623047,81.26000213623047,81.26000213623047,1679.0
2025-06-26 11:06:00,INDO,,3.180000066757202,3.180000066757202,3.180000066757202,3.180000066757202,2913.0
2025-06-26 11:06:00,ITRG,,1.5612000226974487,1.5612000226974487,1.5612000226974487,1.5612000226974487,5775.0
2025-06-26 11:06:00,KNW,,1.7899999618530273,1.7899999618530273,1.7899999618530273,1.7899999618530273,1758.0
2025-06-26 11:06:00,KULR,,5.190100193023682,5.190100193023682,5.190100193023682,5.190100193023682,10022.0
2025-06-26 11:06:00,LEU,,178.85499572753906,178.85499572753906,178.85499572753906,178.85499572753906,7688.0
2025-06-26 11:06:00,LMND,,41.66999816894531,41.67499923706055,41.66999816894531,41.67499923706055,9386.0
2025-06-26 11:06:00,LNG,,241.59500122070312,241.59500122070312,241.39999389648438,241.39999389648438,11084.0
2025-06-26 11:06:00,LODE,,3.700000047683716,3.700000047683716,3.700000047683716,3.700000047683716,590.0
2025-06-26 11:06:00,MAG,,21.334999084472656,21.334999084472656,21.334999084472656,21.334999084472656,2267.0
2025-06-26 11:06:00,MI,,2.2799999713897705,2.2799999713897705,2.2799999713897705,2.2799999713897705,3817.0
2025-06-26 11:06:00,MTA,,3.869499921798706,3.869499921798706,3.869499921798706,3.869499921798706,465.0
2025-06-26 11:06:00,NAK,,1.5399999618530273,1.5500999689102173,1.5399999618530273,1.5500999689102173,72180.0
2025-06-26 11:06:00,NCL,,0.17720000445842743,0.17720000445842743,0.17720000445842743,0.17720000445842743,10295.0
2025-06-26 11:06:00,NG,,3.9382998943328857,3.9382998943328857,3.9382998943328857,3.9382998943328857,5479.0
2025-06-26 11:06:00,NGD,,4.880000114440918,4.880000114440918,4.880000114440918,4.880000114440918,37433.0
2025-06-26 11:06:00,NHS,,7.485000133514404,7.485000133514404,7.485000133514404,7.485000133514404,0.0
2025-06-26 11:06:00,NML,,8.819999694824219,8.819999694824219,8.819999694824219,8.819999694824219,624.0
2025-06-26 11:06:00,OPTT,,0.5087000131607056,0.5087000131607056,0.5087000131607056,0.5087000131607056,107642.0
2025-06-26 11:06:00,ORLA,,10.0649995803833,10.0649995803833,10.0649995803833,10.0649995803833,1010.0
2025-06-26 11:06:00,PLG,,1.6152000427246094,1.6152000427246094,1.6152000427246094,1.6152000427246094,0.0
2025-06-26 11:06:00,REI,,0.7893000245094299,0.7893000245094299,0.7893000245094299,0.7893000245094299,0.0
2025-06-26 11:06:00,REPX,,26.700000762939453,26.700000762939453,26.700000762939453,26.700000762939453,0.0
2025-06-26 11:06:00,RLGT,,6.04040002822876,6.04040002822876,6.04040002822876,6.04040002822876,404.0
2025-06-26 11:06:00,SATX,,2.9600000381469727,2.9600000381469727,2.9600000381469727,2.9600000381469727,500.0
2025-06-26 11:06:00,SCCE,,19.545000076293945,19.545000076293945,19.545000076293945,19.545000076293945,0.0
2025-06-26 11:06:00,SENS,,0.4984999895095825,0.4984999895095825,0.4984999895095825,0.4984999895095825,67594.0
2025-06-26 11:06:00,TGB,,3.075000047683716,3.075000047683716,3.075000047683716,3.075000047683716,25435.0
2025-06-26 11:06:00,UAMY,,2.5350000858306885,2.5350000858306885,2.5350000858306885,2.5350000858306885,513.0
2025-06-26 11:06:00,UEC,,6.818699836730957,6.818699836730957,6.815000057220459,6.815000057220459,18414.0
2025-06-26 11:06:00,URG,,1.0499999523162842,1.0499999523162842,1.0499999523162842,1.0499999523162842,0.0
2025-06-26 11:06:00,USAS,,0.820900022983551,0.820900022983551,0.820900022983551,0.820900022983551,0.0
2025-06-26 11:06:00,UTG,,35.390098571777344,35.390098571777344,35.390098571777344,35.390098571777344,2369.0
2025-06-26 11:06:00,UUUU,,5.784999847412109,5.784999847412109,5.784999847412109,5.784999847412109,84838.0
2025-06-26 11:06:00,VZLA,,2.984999895095825,2.984999895095825,2.984999895095825,2.984999895095825,53542.0
2025-06-26 11:06:00,WWR,,0.5900999903678894,0.5900999903678894,0.5900999903678894,0.5900999903678894,0.0
2025-06-26 11:06:00,XPL,,0.649649977684021,0.649649977684021,0.649649977684021,0.649649977684021,0.0
2025-06-26 11:06:00,ZDGE,,4.179999828338623,4.179999828338623,4.179999828338623,4.179999828338623,48038.0
2025-06-26 11:07:00,AREN,,5.585000038146973,5.585000038146973,5.585000038146973,5.585000038146973,712.0
2025-06-26 11:07:00,ASM,,3.5250000953674316,3.5250000953674316,3.515199899673462,3.515199899673462,37884.0
2025-06-26 11:07:00,ATNM,,1.534999966621399,1.534999966621399,1.534999966621399,1.534999966621399,100.0
2025-06-26 11:07:00,BRN,,1.2115999460220337,1.2115999460220337,1.2115999460220337,1.2115999460220337,12615.0
2025-06-26 11:07:00,BTG,,3.615000009536743,3.619999885559082,3.615000009536743,3.615000009536743,19916.0
2025-06-26 11:07:00,BURU,,0.3255999982357025,0.32659998536109924,0.3255999982357025,0.32659998536109924,5101.0
2025-06-26 11:07:00,CATX,,3.5999999046325684,3.609999895095825,3.5999999046325684,3.5999999046325684,316.0
2025-06-26 11:07:00,CBOE,,227.46499633789062,227.46499633789062,227.46499633789062,227.46499633789062,510.0
2025-06-26 11:07:00,CCEL,,5.28000020980835,5.28000020980835,5.25,5.25,4266.0
2025-06-26 11:07:00,CIK,,2.9409000873565674,2.9409000873565674,2.9409000873565674,2.9409000873565674,4000.0
2025-06-26 11:07:00,CQP,,55.97999954223633,56.130001068115234,55.97999954223633,56.130001068115234,64220.0
2025-06-26 11:07:00,CTM,,1.0398999452590942,1.0398999452590942,1.0398999452590942,1.0398999452590942,230.0
2025-06-26 11:07:00,DHY,,2.1096999645233154,2.1096999645233154,2.1096999645233154,2.1096999645233154,5025.0
2025-06-26 11:07:00,DNN,,1.7899999618530273,1.7899999618530273,1.7799999713897705,1.7799999713897705,47712.0
2025-06-26 11:07:00,EAD,,6.989999771118164,6.989999771118164,6.989999771118164,6.989999771118164,30450.0
2025-06-26 11:07:00,EQX,,5.929999828338623,5.929999828338623,5.909999847412109,5.909999847412109,86891.0
2025-06-26 11:07:00,GAU,,1.2949999570846558,1.2949999570846558,1.2949999570846558,1.2949999570846558,413951.0
2025-06-26 11:07:00,GGN,,4.36899995803833,4.36899995803833,4.36899995803833,4.36899995803833,103728.0
2025-06-26 11:07:00,GNS,,0.8396000266075134,0.8428000211715698,0.8396000266075134,0.8428000211715698,12859.0
2025-06-26 11:07:00,GROY,,2.305000066757202,2.305000066757202,2.299999952316284,2.299999952316284,12956.0
2025-06-26 11:07:00,HUSA,,13.114500045776367,13.114500045776367,13.010000228881836,13.010000228881836,308.0
2025-06-26 11:07:00,IBO,,0.9270849823951721,0.9270849823951721,0.9270849823951721,0.9270849823951721,696.0
2025-06-26 11:07:00,IE,,9.90999984741211,9.914999961853027,9.90999984741211,9.914999961853027,183.0
2025-06-26 11:07:00,INDO,,3.1888999938964844,3.190000057220459,3.1800999641418457,3.190000057220459,1243.0
2025-06-26 11:07:00,ITRG,,1.5699000358581543,1.5699000358581543,1.5699000358581543,1.5699000358581543,4991.0
2025-06-26 11:07:00,KNW,,1.76010000705719,1.76010000705719,1.76010000705719,1.76010000705719,5055.0
2025-06-26 11:07:00,KULR,,5.195000171661377,5.197500228881836,5.190299987792969,5.190299987792969,738.0
2025-06-26 11:07:00,LCTX,,1.0499999523162842,1.0499999523162842,1.0499999523162842,1.0499999523162842,420338.0
2025-06-26 11:07:00,LEU,,179.19500732421875,179.19500732421875,178.65499877929688,178.65499877929688,4280.0
2025-06-26 11:07:00,LMND,,41.6593017578125,41.685001373291016,41.650001525878906,41.650001525878906,7269.0
2025-06-26 11:07:00,LNG,,241.6649932861328,241.7489013671875,241.5500030517578,241.5500030517578,4151.0
2025-06-26 11:07:00,LODE,,3.690000057220459,3.690000057220459,3.690000057220459,3.690000057220459,1335.0
2025-06-26 11:07:00,MAG,,21.34000015258789,21.34000015258789,21.34000015258789,21.34000015258789,0.0
2025-06-26 11:07:00,MAIA,,1.6799999475479126,1.6799999475479126,1.6799999475479126,1.6799999475479126,1976.0
2025-06-26 11:07:00,MITQ,,0.7046989798545837,0.7046989798545837,0.7046989798545837,0.7046989798545837,4855.0
2025-06-26 11:07:00,MRT,,2.753999948501587,2.753999948501587,2.753999948501587,2.753999948501587,4922.0
2025-06-26 11:07:00,NAK,,1.544600009918213,1.544600009918213,1.5400999784469604,1.5400999784469604,11276.0
2025-06-26 11:07:00,NCL,,0.17720000445842743,0.17720000445842743,0.17720000445842743,0.17720000445842743,280.0
2025-06-26 11:07:00,NFGC,,1.4700000286102295,1.4700000286102295,1.4700000286102295,1.4700000286102295,130.0
2025-06-26 11:07:00,NG,,3.934999942779541,3.934999942779541,3.934999942779541,3.934999942779541,163.0
2025-06-26 11:07:00,NGD,,4.885200023651123,4.889999866485596,4.885200023651123,4.889999866485596,15592.0
2025-06-26 11:07:00,NNVC,,1.2100000381469727,1.2100000381469727,1.2050000429153442,1.2050000429153442,2411.0
2025-06-26 11:07:00,NRXS,,2.6301000118255615,2.6301000118255615,2.6301000118255615,2.6301000118255615,28415.0
2025-06-26 11:07:00,OPTT,,0.5099999904632568,0.5099999904632568,0.5080999732017517,0.5080999732017517,2506.0
2025-06-26 11:07:00,ORLA,,10.079999923706055,10.079999923706055,10.079999923706055,10.079999923706055,2074.0
2025-06-26 11:07:00,OSTX,,1.8300000429153442,1.8300000429153442,1.8250000476837158,1.8250000476837158,15878.0
2025-06-26 11:07:00,OZ,,66.0,66.0,66.0,66.0,502.0
2025-06-26 11:07:00,PLG,,1.6150000095367432,1.6150000095367432,1.6150000095367432,1.6150000095367432,972661.0
2025-06-26 11:07:00,PLMR,,148.76759338378906,149.02999877929688,148.69000244140625,149.02999877929688,1976.0
2025-06-26 11:07:00,PLX,,1.4700000286102295,1.4700000286102295,1.4700000286102295,1.4700000286102295,14985.0
2025-06-26 11:07:00,REI,,0.7870000004768372,0.7882999777793884,0.7870000004768372,0.7882999777793884,747253.0
2025-06-26 11:07:00,RLGT,,6.039999961853027,6.045000076293945,6.039999961853027,6.045000076293945,278.0
2025-06-26 11:07:00,SATX,,2.960900068283081,2.960900068283081,2.960900068283081,2.960900068283081,2000.0
2025-06-26 11:07:00,SENS,,0.49825000762939453,0.49825000762939453,0.498199999332428,0.49825000762939453,56855.0
2025-06-26 11:07:00,SLI,,1.8849999904632568,1.8899999856948853,1.8849999904632568,1.8899999856948853,3000.0
2025-06-26 11:07:00,SOAR,,1.4652999639511108,1.4652999639511108,1.4652999639511108,1.4652999639511108,101099.0
2025-06-26 11:07:00,STXS,,2.240000009536743,2.240000009536743,2.240000009536743,2.240000009536743,100.0
2025-06-26 11:07:00,SVM,,4.164999961853027,4.164999961853027,4.160399913787842,4.164999961853027,28769.0
2025-06-26 11:07:00,TGB,,3.075000047683716,3.075000047683716,3.075000047683716,3.075000047683716,200.0
2025-06-26 11:07:00,UAMY,,2.515000104904175,2.5332999229431152,2.515000104904175,2.5332999229431152,17502.0
2025-06-26 11:07:00,UAVS,,1.094599962234497,1.100000023841858,1.093500018119812,1.100000023841858,3907.0
2025-06-26 11:07:00,UEC,,6.815000057220459,6.815000057220459,6.8119001388549805,6.815000057220459,5265.0
2025-06-26 11:07:00,URG,,1.0499999523162842,1.0549999475479126,1.0499999523162842,1.0549999475479126,679825.0
2025-06-26 11:07:00,USAS,,0.8208000063896179,0.8208000063896179,0.8208000063896179,0.8208000063896179,850876.0
2025-06-26 11:07:00,UTG,,35.369998931884766,35.369998931884766,35.369998931884766,35.369998931884766,0.0
2025-06-26 11:07:00,UUUU,,5.775000095367432,5.789999961853027,5.775000095367432,5.784999847412109,31148.0
2025-06-26 11:07:00,VGZ,,1.0199999809265137,1.0199999809265137,1.0199999809265137,1.0199999809265137,0.0
2025-06-26 11:07:00,VTAK,,0.26010000705718994,0.2630000114440918,0.26010000705718994,0.2630000114440918,47588.0
2025-06-26 11:07:00,ZDGE,,4.21999979019165,4.21999979019165,4.206500053405762,4.206500053405762,1125.0
2025-06-26 11:08:00,CCEL,,5.289999961853027,5.289999961853027,5.289999961853027,5.289999961853027,568.0
2025-06-26 11:08:00,CET,,47.720001220703125,47.720001220703125,47.720001220703125,47.720001220703125,0.0
2025-06-26 11:08:00,CLM,,7.945000171661377,7.945000171661377,7.945000171661377,7.945000171661377,643.0
2025-06-26 11:08:00,GAU,,1.2949999570846558,1.2949999570846558,1.2949999570846558,1.2949999570846558,0.0
2025-06-26 11:08:00,GLDG,,0.7437000274658203,0.7437000274658203,0.7437000274658203,0.7437000274658203,3126.0
2025-06-26 11:08:00,GLO,,5.33459997177124,5.33459997177124,5.33459997177124,5.33459997177124,0.0
2025-06-26 11:08:00,GSAT,,23.170000076293945,23.170000076293945,23.170000076293945,23.170000076293945,182.0
2025-06-26 11:08:00,IE,,9.914999961853027,9.914999961853027,9.914999961853027,9.914999961853027,3109.0
2025-06-26 11:08:00,INDO,,3.1600000858306885,3.1600000858306885,3.1600000858306885,3.1600000858306885,0.0
2025-06-26 11:08:00,KNW,,1.7691999673843384,1.7691999673843384,1.7691999673843384,1.7691999673843384,0.0
2025-06-26 11:08:00,MPTI,,41.46500015258789,41.46500015258789,41.46500015258789,41.46500015258789,0.0
2025-06-26 11:08:00,NEWP,,1.363700032234192,1.363700032234192,1.363700032234192,1.363700032234192,0.0
2025-06-26 11:08:00,OGEN,,3.589900016784668,3.589900016784668,3.589900016784668,3.589900016784668,349.0
2025-06-26 11:08:00,ORLA,,10.085000038146973,10.085000038146973,10.085000038146973,10.085000038146973,3272.0
2025-06-26 11:08:00,RVP,,0.6549999713897705,0.6549999713897705,0.6549999713897705,0.6549999713897705,281.0
2025-06-26 11:08:00,SBEV,,2.9765000343322754,2.9765000343322754,2.9765000343322754,2.9765000343322754,0.0
2025-06-26 11:08:00,STXS,,2.240000009536743,2.240000009536743,2.240000009536743,2.240000009536743,2847.0
2025-06-26 11:08:00,UUUU,,5.78000020980835,5.78000020980835,5.78000020980835,5.78000020980835,0.0
2025-06-26 11:08:00,WWR,,0.5900999903678894,0.5900999903678894,0.5900999903678894,0.5900999903678894,0.0
2025-06-26 11:08:00,ZDGE,,4.275000095367432,4.275000095367432,4.275000095367432,4.275000095367432,6637.0
2025-06-26 11:09:00,AIRI,,3.430000066757202,3.430000066757202,3.430000066757202,3.430000066757202,1395.0
2025-06-26 11:09:00,ARMN,,6.864999771118164,6.864999771118164,6.864999771118164,6.864999771118164,209325.0
2025-06-26 11:09:00,ASM,,3.5299999713897705,3.5299999713897705,3.5299999713897705,3.5299999713897705,27934.0
2025-06-26 11:09:00,BKTI,,53.6327018737793,53.6327018737793,53.6327018737793,53.6327018737793,1355.0
2025-06-26 11:09:00,BRBS,,3.2850000858306885,3.2850000858306885,3.2850000858306885,3.2850000858306885,796.0
2025-06-26 11:09:00,BTG,,3.615000009536743,3.615000009536743,3.615000009536743,3.615000009536743,41349.0
2025-06-26 11:09:00,CATX,,3.5999999046325684,3.615499973297119,3.5999999046325684,3.5999999046325684,1918.0
2025-06-26 11:09:00,CBOE,,227.25,227.25,227.25,227.25,1701.0
2025-06-26 11:09:00,CEF,,30.31999969482422,30.31999969482422,30.31999969482422,30.31999969482422,153428.0
2025-06-26 11:09:00,CKX,,10.449999809265137,10.449999809265137,10.449999809265137,10.449999809265137,0.0
2025-06-26 11:09:00,CLM,,7.945000171661377,7.945000171661377,7.945000171661377,7.945000171661377,310.0
2025-06-26 11:09:00,CMT,,17.049999237060547,17.049999237060547,17.049999237060547,17.049999237060547,7615.0
2025-06-26 11:09:00,CPHI,,1.7400000095367432,1.7400000095367432,1.7400000095367432,1.7400000095367432,68907.0
2025-06-26 11:09:00,CQP,,56.04999923706055,56.04999923706055,56.04999923706055,56.04999923706055,605.0
2025-06-26 11:09:00,CRF,,7.563300132751465,7.563300132751465,7.563300132751465,7.563300132751465,1387.0
2025-06-26 11:09:00,CTM,,1.034999966621399,1.034999966621399,1.034999966621399,1.034999966621399,5255.0
2025-06-26 11:09:00,CYBN,,8.619000434875488,8.619000434875488,8.600000381469727,8.600000381469727,1988.0
2025-06-26 11:09:00,DC,,3.809999942779541,3.809999942779541,3.809999942779541,3.809999942779541,2197.0
2025-06-26 11:09:00,DHY,,2.1098999977111816,2.1098999977111816,2.0999999046325684,2.1059999465942383,24079.0
2025-06-26 11:09:00,DNN,,1.7899999618530273,1.7899999618530273,1.784999966621399,1.7899999618530273,89679.0
2025-06-26 11:09:00,ECF,,10.170000076293945,10.170000076293945,10.170000076293945,10.170000076293945,872.0
2025-06-26 11:09:00,EQX,,5.934999942779541,5.948800086975098,5.934999942779541,5.948800086975098,117095.0
2025-06-26 11:09:00,FOXO,,0.20000000298023224,0.20000000298023224,0.20000000298023224,0.20000000298023224,19587.0
2025-06-26 11:09:00,GLV,,5.610000133514404,5.610000133514404,5.610000133514404,5.610000133514404,0.0
2025-06-26 11:09:00,GNS,,0.8352000117301941,0.8399999737739563,0.8352000117301941,0.8396000266075134,41245.0
2025-06-26 11:09:00,GSAT,,23.170000076293945,23.170000076293945,23.170000076293945,23.170000076293945,857.0
2025-06-26 11:09:00,HUSA,,13.020000457763672,13.020000457763672,13.020000457763672,13.020000457763672,325.0
2025-06-26 11:09:00,IBO,,0.9258999824523926,0.9300000071525574,0.9258999824523926,0.9300000071525574,10773.0
2025-06-26 11:09:00,IMO,,81.23999786376953,81.23999786376953,81.23999786376953,81.23999786376953,757.0
2025-06-26 11:09:00,INDO,,3.1600000858306885,3.1600000858306885,3.1600000858306885,3.1600000858306885,739591.0
2025-06-26 11:09:00,ITP,,0.18940000236034393,0.18940000236034393,0.18940000236034393,0.18940000236034393,1387.0
2025-06-26 11:09:00,KULR,,5.196199893951416,5.196199893951416,5.190100193023682,5.190100193023682,3719.0
2025-06-26 11:09:00,LEU,,178.5500030517578,178.5500030517578,178.20860290527344,178.20860290527344,6343.0
2025-06-26 11:09:00,LMND,,41.595001220703125,41.599998474121094,41.595001220703125,41.599998474121094,15771.0
2025-06-26 11:09:00,LNG,,241.55990600585938,241.55990600585938,241.32000732421875,241.33999633789062,18260.0
2025-06-26 11:09:00,MAG,,21.344999313354492,21.344999313354492,21.344999313354492,21.344999313354492,422354.0
2025-06-26 11:09:00,MAIA,,1.7010999917984009,1.7010999917984009,1.7010999917984009,1.7010999917984009,5087.0
2025-06-26 11:09:00,MITQ,,0.6930000185966492,0.6930000185966492,0.6930000185966492,0.6930000185966492,2512.0
2025-06-26 11:09:00,MPTI,,41.2599983215332,41.400001525878906,41.22999954223633,41.400001525878906,25872.0
2025-06-26 11:09:00,MPU,,0.9732999801635742,0.9732999801635742,0.9732999801635742,0.9732999801635742,2071.0
2025-06-26 11:09:00,MRT,,2.799999952316284,2.799999952316284,2.799999952316284,2.799999952316284,125.0
2025-06-26 11:09:00,MTNB,,0.9350500106811523,0.9350500106811523,0.9350500106811523,0.9350500106811523,1348.0
2025-06-26 11:09:00,MYO,,2.2850000858306885,2.2850000858306885,2.2850000858306885,2.2850000858306885,653.0
2025-06-26 11:09:00,NAK,,1.5399999618530273,1.5499999523162842,1.5399999618530273,1.5490000247955322,40430.0
2025-06-26 11:09:00,NCL,,0.17569999396800995,0.17579999566078186,0.17569999396800995,0.17579999566078186,27881.0
2025-06-26 11:09:00,NG,,3.930000066757202,3.930000066757202,3.930000066757202,3.930000066757202,12016.0
2025-06-26 11:09:00,NGD,,4.894999980926514,4.894999980926514,4.889999866485596,4.889999866485596,193924.0
2025-06-26 11:09:00,NNVC,,1.2000999450683594,1.2000999450683594,1.2000999450683594,1.2000999450683594,1029.0
2025-06-26 11:09:00,OPTT,,0.5099999904632568,0.5138000249862671,0.5099999904632568,0.5138000249862671,105605.0
2025-06-26 11:09:00,OSTX,,1.840000033378601,1.840000033378601,1.840000033378601,1.840000033378601,793.0
2025-06-26 11:09:00,PLG,,1.6150000095367432,1.6150000095367432,1.6150000095367432,1.6150000095367432,10000.0
2025-06-26 11:09:00,PLMR,,148.9853973388672,148.9853973388672,148.9853973388672,148.9853973388672,1165.0
2025-06-26 11:09:00,PW,,1.123900055885315,1.123900055885315,1.123900055885315,1.123900055885315,1077.0
2025-06-26 11:09:00,REI,,0.7883999943733215,0.7883999943733215,0.7883999943733215,0.7883999943733215,18923.0
2025-06-26 11:09:00,REPX,,26.670000076293945,26.670000076293945,26.670000076293945,26.670000076293945,18711.0
2025-06-26 11:09:00,SEB,,2928.60009765625,2928.60009765625,2915.0,2915.0,666.0
2025-06-26 11:09:00,SENS,,0.498199999332428,0.4982999861240387,0.498199999332428,0.4982999861240387,20899.0
2025-06-26 11:09:00,SKYH,,9.670000076293945,9.670000076293945,9.670000076293945,9.670000076293945,481.0
2025-06-26 11:09:00,SLI,,1.8849999904632568,1.8849999904632568,1.8849999904632568,1.8849999904632568,1314.0
2025-06-26 11:09:00,SVM,,4.159999847412109,4.159999847412109,4.159999847412109,4.159999847412109,22808.0
2025-06-26 11:09:00,TGB,,3.075000047683716,3.075000047683716,3.069999933242798,3.075000047683716,8142.0
2025-06-26 11:09:00,TRX,,0.33469998836517334,0.33469998836517334,0.33469998836517334,0.33469998836517334,80892.0
2025-06-26 11:09:00,UAMY,,2.515000104904175,2.515000104904175,2.515000104904175,2.515000104904175,4358.0
2025-06-26 11:09:00,UEC,,6.815000057220459,6.815000057220459,6.8125,6.8125,11312.0
2025-06-26 11:09:00,URG,,1.0399999618530273,1.0449999570846558,1.0399999618530273,1.0449999570846558,51551.0
2025-06-26 11:09:00,USAS,,0.8199999928474426,0.8248999714851379,0.8199999928474426,0.8246999979019165,19144.0
2025-06-26 11:09:00,UUUU,,5.774600028991699,5.7789998054504395,5.774600028991699,5.7789998054504395,4352546.0
2025-06-26 11:09:00,VTAK,,0.2605000138282776,0.2605000138282776,0.25999999046325684,0.2605000138282776,10083.0
2025-06-26 11:09:00,VZLA,,2.9888999462127686,2.9888999462127686,2.984499931335449,2.984499931335449,1414.0
2025-06-26 11:09:00,WWR,,0.5964000225067139,0.5964000225067139,0.5964000225067139,0.5964000225067139,0.0
2025-06-26 11:10:00,AREN,,5.65500020980835,5.65500020980835,5.65500020980835,5.65500020980835,249.0
2025-06-26 11:10:00,ARMN,,6.864999771118164,6.864999771118164,6.864999771118164,6.864999771118164,3789.0
2025-06-26 11:10:00,ASM,,3.5299999713897705,3.5299999713897705,3.5299999713897705,3.5299999713897705,31487.0
2025-06-26 11:10:00,ATNM,,1.5348000526428223,1.5348000526428223,1.5348000526428223,1.5348000526428223,1174.0
2025-06-26 11:10:00,AZTR,,0.26109999418258667,0.26109999418258667,0.26109999418258667,0.26109999418258667,0.0
2025-06-26 11:10:00,BKTI,,54.0,54.0,54.0,54.0,414.0
2025-06-26 11:10:00,BTG,,3.615000009536743,3.615000009536743,3.615000009536743,3.615000009536743,8144.0
2025-06-26 11:10:00,BURU,,0.3240000009536743,0.3240000009536743,0.3240000009536743,0.3240000009536743,14599.0
2025-06-26 11:10:00,CANF,,1.059999942779541,1.059999942779541,1.059999942779541,1.059999942779541,19109.0
2025-06-26 11:10:00,CIK,,2.9407999515533447,2.944999933242798,2.9407999515533447,2.944999933242798,19277.0
2025-06-26 11:10:00,CLDI,,0.21860000491142273,0.21860000491142273,0.21860000491142273,0.21860000491142273,0.0
2025-06-26 11:10:00,CLM,,7.945000171661377,7.945000171661377,7.945000171661377,7.945000171661377,460.0
2025-06-26 11:10:00,CPHI,,1.7359000444412231,1.7359000444412231,1.7359000444412231,1.7359000444412231,1210.0
2025-06-26 11:10:00,CQP,,55.92499923706055,55.92499923706055,55.92499923706055,55.92499923706055,850.0
2025-06-26 11:10:00,CRF,,7.566454887390137,7.566454887390137,7.566454887390137,7.566454887390137,1473.0
2025-06-26 11:10:00,DC,,3.805000066757202,3.805000066757202,3.805000066757202,3.805000066757202,0.0
2025-06-26 11:10:00,DHY,,2.1059999465942383,2.1059999465942383,2.1059999465942383,2.1059999465942383,16004.0
2025-06-26 11:10:00,DNN,,1.784999966621399,1.7899999618530273,1.784999966621399,1.7898999452590942,14952.0
2025-06-26 11:10:00,ECF,,10.160200119018555,10.160200119018555,10.160200119018555,10.160200119018555,0.0
2025-06-26 11:10:00,ELMD,,21.739999771118164,21.739999771118164,21.739999771118164,21.739999771118164,1670.0
2025-06-26 11:10:00,EQX,,5.934999942779541,5.934999942779541,5.934999942779541,5.934999942779541,19803.0
2025-06-26 11:10:00,ESP,,44.44499969482422,44.44499969482422,44.44499969482422,44.44499969482422,40643.0
2025-06-26 11:10:00,FSI,,4.409999847412109,4.409999847412109,4.409999847412109,4.409999847412109,587.0
2025-06-26 11:10:00,GGN,,4.364999771118164,4.364999771118164,4.364999771118164,4.364999771118164,0.0
2025-06-26 11:10:00,GNS,,0.8672999739646912,0.875,0.8607000112533569,0.8689000010490417,177396.0
2025-06-26 11:10:00,GORO,,0.5350000262260437,0.5350000262260437,0.5350000262260437,0.5350000262260437,165589.0
2025-06-26 11:10:00,GROY,,2.299999952316284,2.299999952316284,2.299999952316284,2.299999952316284,23493.0
2025-06-26 11:10:00,HUSA,,13.058500289916992,13.058500289916992,13.058500289916992,13.058500289916992,2752.0
2025-06-26 11:10:00,IBO,,0.9300209879875183,0.9300209879875183,0.9300209879875183,0.9300209879875183,3035.0
2025-06-26 11:10:00,IDR,,13.265000343322754,13.279999732971191,13.239999771118164,13.239999771118164,7100.0
2025-06-26 11:10:00,IE,,9.914999961853027,9.914999961853027,9.914999961853027,9.914999961853027,1302.0
2025-06-26 11:10:00,IMO,,81.26180267333984,81.26180267333984,81.26180267333984,81.26180267333984,568.0
2025-06-26 11:10:00,KNW,,1.7799999713897705,1.7799999713897705,1.7799999713897705,1.7799999713897705,705540.0
2025-06-26 11:10:00,KULR,,5.190100193023682,5.195000171661377,5.190100193023682,5.195000171661377,5517.0
2025-06-26 11:10:00,LCTX,,1.0449999570846558,1.0449999570846558,1.0449999570846558,1.0449999570846558,2492.0
2025-06-26 11:10:00,LEU,,177.97999572753906,178.14999389648438,177.3300018310547,178.14999389648438,13741.0
2025-06-26 11:10:00,LMND,,41.61000061035156,41.61000061035156,41.599998474121094,41.599998474121094,2982.0
2025-06-26 11:10:00,LNG,,241.49000549316406,241.49000549316406,241.49000549316406,241.49000549316406,2273.0
2025-06-26 11:10:00,MAG,,21.350000381469727,21.350000381469727,21.350000381469727,21.350000381469727,0.0
2025-06-26 11:10:00,MITQ,,0.6908000111579895,0.6940990090370178,0.6890000104904175,0.6940990090370178,3150.0
2025-06-26 11:10:00,NCL,,0.17569999396800995,0.17569999396800995,0.17569999396800995,0.17569999396800995,20246.0
2025-06-26 11:10:00,NFGC,,1.4700000286102295,1.4700000286102295,1.4700000286102295,1.4700000286102295,1575.0
2025-06-26 11:10:00,NG,,3.924999952316284,3.924999952316284,3.924999952316284,3.924999952316284,17127.0
2025-06-26 11:10:00,NGD,,4.894999980926514,4.894999980926514,4.889999866485596,4.894999980926514,73921.0
2025-06-26 11:10:00,NHS,,7.485000133514404,7.485000133514404,7.485000133514404,7.485000133514404,51349.0
2025-06-26 11:10:00,NRO,,3.194999933242798,3.194999933242798,3.194999933242798,3.194999933242798,0.0
2025-06-26 11:10:00,OGEN,,3.5299999713897705,3.5299999713897705,3.5299999713897705,3.5299999713897705,239.0
2025-06-26 11:10:00,OPTT,,0.5120000243186951,0.5120000243186951,0.5120000243186951,0.5120000243186951,3063.0
2025-06-26 11:10:00,ORLA,,10.119999885559082,10.125,10.119999885559082,10.125,28581.0
2025-06-26 11:10:00,PHGE,,0.45179998874664307,0.45179998874664307,0.45179998874664307,0.45179998874664307,6901.0
2025-06-26 11:10:00,PLG,,1.6188000440597534,1.6188000440597534,1.6188000440597534,1.6188000440597534,972.0
2025-06-26 11:10:00,PZG,,0.6036159992218018,0.6036159992218018,0.6036159992218018,0.6036159992218018,204.0
2025-06-26 11:10:00,RCG,,2.6198999881744385,2.6198999881744385,2.6198999881744385,2.6198999881744385,0.0
2025-06-26 11:10:00,REI,,0.7883999943733215,0.7883999943733215,0.7883999943733215,0.7883999943733215,442.0
2025-06-26 11:10:00,SENS,,0.498199999332428,0.498199999332428,0.498199999332428,0.498199999332428,0.0
2025-06-26 11:10:00,SLI,,1.8849999904632568,1.8849999904632568,1.8849999904632568,1.8849999904632568,1176.0
2025-06-26 11:10:00,SOAR,,1.4699000120162964,1.4699000120162964,1.4699000120162964,1.4699000120162964,377.0
2025-06-26 11:10:00,SVM,,4.170000076293945,4.175000190734863,4.159999847412109,4.169899940490723,157215.0
2025-06-26 11:10:00,TGB,,3.075000047683716,3.075000047683716,3.069999933242798,3.075000047683716,17412.0
2025-06-26 11:10:00,TMQ,,1.5006999969482422,1.5006999969482422,1.5006999969482422,1.5006999969482422,15595.0
2025-06-26 11:10:00,TOON,,0.7360000014305115,0.7360000014305115,0.7360000014305115,0.7360000014305115,595.0
2025-06-26 11:10:00,TOVX,,0.43869999051094055,0.43869999051094055,0.43869999051094055,0.43869999051094055,7978.0
2025-06-26 11:10:00,TPET,,1.2199000120162964,1.2199000120162964,1.2199000120162964,1.2199000120162964,3206.0
2025-06-26 11:10:00,TRX,,0.33709999918937683,0.33709999918937683,0.33709999918937683,0.33709999918937683,0.0
2025-06-26 11:10:00,UAMY,,2.515000104904175,2.515000104904175,2.515000104904175,2.515000104904175,1128.0
2025-06-26 11:10:00,UAVS,,1.0950000286102295,1.0950000286102295,1.0950000286102295,1.0950000286102295,2126.0
2025-06-26 11:10:00,UEC,,6.824999809265137,6.824999809265137,6.8206000328063965,6.8206000328063965,25721.0
2025-06-26 11:10:00,URG,,1.0399999618530273,1.0399999618530273,1.0399999618530273,1.0399999618530273,5409.0
2025-06-26 11:10:00,USAS,,0.8188999891281128,0.8219000101089478,0.8188999891281128,0.8219000101089478,26855.0
2025-06-26 11:10:00,UTG,,35.41939926147461,35.41939926147461,35.41939926147461,35.41939926147461,66847.0
2025-06-26 11:10:00,UUUU,,5.771900177001953,5.775000095367432,5.771900177001953,5.775000095367432,938.0
2025-06-26 11:10:00,VTAK,,0.25850000977516174,0.25850000977516174,0.25850000977516174,0.25850000977516174,14826.0
2025-06-26 11:10:00,VZLA,,2.988800048828125,2.988800048828125,2.988800048828125,2.988800048828125,0.0
2025-06-26 11:10:00,WWR,,0.5963000059127808,0.5963000059127808,0.5963000059127808,0.5963000059127808,188686.0
2025-06-26 11:10:00,XTNT,,0.6481000185012817,0.6481000185012817,0.6481000185012817,0.6481000185012817,0.0
2025-06-26 11:11:00,ARMN,,6.855000019073486,6.860000133514404,6.855000019073486,6.860000133514404,3227.0
2025-06-26 11:11:00,ASM,,3.5250000953674316,3.5250000953674316,3.5250000953674316,3.5250000953674316,2275.0
2025-06-26 11:11:00,ATNM,,1.5299999713897705,1.5299999713897705,1.5299999713897705,1.5299999713897705,329.0
2025-06-26 11:11:00,BATL,,1.5159000158309937,1.524999976158142,1.5159000158309937,1.5159000158309937,143704.0
2025-06-26 11:11:00,BTG,,3.615000009536743,3.615000009536743,3.609999895095825,3.615000009536743,26059.0
2025-06-26 11:11:00,BURU,,0.3240000009536743,0.32420000433921814,0.3240000009536743,0.3240000009536743,11021.0
2025-06-26 11:11:00,CATX,,3.609999895095825,3.609999895095825,3.5999999046325684,3.5999999046325684,14778.0
2025-06-26 11:11:00,CCEL,,5.28000020980835,5.28000020980835,5.28000020980835,5.28000020980835,133.0
2025-06-26 11:11:00,CIK,,2.944999933242798,2.944999933242798,2.9440999031066895,2.944999933242798,7000.0
2025-06-26 11:11:00,CLDI,,0.21860000491142273,0.21860000491142273,0.21860000491142273,0.21860000491142273,475242.0
2025-06-26 11:11:00,CLM,,7.944499969482422,7.944499969482422,7.944499969482422,7.944499969482422,1569.0
2025-06-26 11:11:00,CQP,,55.92499923706055,55.92499923706055,55.92499923706055,55.92499923706055,200.0
2025-06-26 11:11:00,CRF,,7.570000171661377,7.570000171661377,7.565000057220459,7.565000057220459,252.0
2025-06-26 11:11:00,CTGO,,20.739999771118164,20.739999771118164,20.739999771118164,20.739999771118164,253.0
2025-06-26 11:11:00,CTM,,1.034999966621399,1.0369999408721924,1.034999966621399,1.0369999408721924,5996.0
2025-06-26 11:11:00,CVM,,2.4700000286102295,2.4700000286102295,2.4700000286102295,2.4700000286102295,229.0
2025-06-26 11:11:00,DC,,3.819999933242798,3.819999933242798,3.805000066757202,3.805000066757202,152223.0
2025-06-26 11:11:00,DHY,,2.0999999046325684,2.1098999977111816,2.0999999046325684,2.1050000190734863,8001.0
2025-06-26 11:11:00,DNN,,1.7899999618530273,1.7899999618530273,1.7799999713897705,1.7799999713897705,82563.0
2025-06-26 11:11:00,ELMD,,21.71500015258789,21.71500015258789,21.71500015258789,21.71500015258789,130.0
2025-06-26 11:11:00,EMX,,2.5450000762939453,2.5450000762939453,2.5450000762939453,2.5450000762939453,157.0
2025-06-26 11:11:00,EQX,,5.934999942779541,5.940000057220459,5.929999828338623,5.929999828338623,6667.0
2025-06-26 11:11:00,ERC,,9.385000228881836,9.385000228881836,9.385000228881836,9.385000228881836,19462.0
2025-06-26 11:11:00,FSP,,1.6950000524520874,1.6950000524520874,1.690000057220459,1.690000057220459,3798.0
2025-06-26 11:11:00,GAU,,1.2999999523162842,1.3049999475479126,1.2999999523162842,1.2999999523162842,435849.0
2025-06-26 11:11:00,GGN,,4.361000061035156,4.361000061035156,4.361000061035156,4.361000061035156,113034.0
2025-06-26 11:11:00,GNS,,0.8748000264167786,0.875,0.860601007938385,0.8682379722595215,51269.0
2025-06-26 11:11:00,GROY,,2.299999952316284,2.299999952316284,2.2950000762939453,2.299999952316284,6059.0
2025-06-26 11:11:00,HNW,,12.350099563598633,12.350099563598633,12.350099563598633,12.350099563598633,2215.0
2025-06-26 11:11:00,HUSA,,13.050000190734863,13.050000190734863,13.050000190734863,13.050000190734863,5728.0
2025-06-26 11:11:00,IBO,,0.9280419945716858,0.9280419945716858,0.9222000241279602,0.9222000241279602,590.0
2025-06-26 11:11:00,INDO,,3.1649999618530273,3.1649999618530273,3.1649999618530273,3.1649999618530273,315.0
2025-06-26 11:11:00,ITP,,0.18979999423027039,0.18979999423027039,0.18970000743865967,0.18970000743865967,1000.0
2025-06-26 11:11:00,ITRG,,1.5635000467300415,1.5635000467300415,1.5635000467300415,1.5635000467300415,1333.0
2025-06-26 11:11:00,KNW,,1.770900011062622,1.774999976158142,1.7700999975204468,1.7700999975204468,958.0
2025-06-26 11:11:00,KULR,,5.195000171661377,5.197500228881836,5.195000171661377,5.197500228881836,1276.0
2025-06-26 11:11:00,LCTX,,1.0399999618530273,1.0499999523162842,1.0399999618530273,1.0499999523162842,5364.0
2025-06-26 11:11:00,LEU,,178.00999450683594,178.02499389648438,176.47000122070312,177.6999969482422,7229.0
2025-06-26 11:11:00,LGL,,7.239999771118164,7.239999771118164,7.239999771118164,7.239999771118164,141.0
2025-06-26 11:11:00,LMND,,41.5,41.60499954223633,41.47999954223633,41.60499954223633,17057.0
2025-06-26 11:11:00,LNG,,241.41000366210938,241.5399932861328,241.41000366210938,241.5399932861328,952.0
2025-06-26 11:11:00,LODE,,3.700500011444092,3.700500011444092,3.700500011444092,3.700500011444092,300.0
2025-06-26 11:11:00,MAG,,21.360000610351562,21.360000610351562,21.350000381469727,21.35540008544922,429951.0
2025-06-26 11:11:00,MITQ,,0.6851000189781189,0.6851000189781189,0.6807000041007996,0.6807000041007996,2983.0
2025-06-26 11:11:00,MPTI,,41.459999084472656,41.459999084472656,41.459999084472656,41.459999084472656,201.0
2025-06-26 11:11:00,MRT,,2.759999990463257,2.759999990463257,2.759999990463257,2.759999990463257,1715.0
2025-06-26 11:11:00,MTA,,3.859999895095825,3.859999895095825,3.859999895095825,3.859999895095825,1351.0
2025-06-26 11:11:00,NAK,,1.5499999523162842,1.5499999523162842,1.541200041770935,1.5499999523162842,41930.0
2025-06-26 11:11:00,NBH,,9.82919979095459,9.839900016784668,9.82919979095459,9.839900016784668,3730.0
2025-06-26 11:11:00,NFGC,,1.4700000286102295,1.4700000286102295,1.4700000286102295,1.4700000286102295,1360.0
2025-06-26 11:11:00,NG,,3.924999952316284,3.930000066757202,3.9200000762939453,3.924999952316284,4966.0
2025-06-26 11:11:00,NGD,,4.875,4.8902997970581055,4.869999885559082,4.889999866485596,527789.0
2025-06-26 11:11:00,NML,,8.819999694824219,8.819999694824219,8.819999694824219,8.819999694824219,156.0
2025-06-26 11:11:00,NNVC,,1.2000000476837158,1.2000000476837158,1.2000000476837158,1.2000000476837158,872.0
2025-06-26 11:11:00,OBE,,5.554999828338623,5.554999828338623,5.554999828338623,5.554999828338623,1261.0
2025-06-26 11:11:00,OPTT,,0.5120999813079834,0.5130000114440918,0.5120999813079834,0.5130000114440918,1205.0
2025-06-26 11:11:00,ORLA,,10.125,10.125,10.125,10.125,126.0
2025-06-26 11:11:00,OSTX,,1.840000033378601,1.840000033378601,1.840000033378601,1.840000033378601,247.0
2025-06-26 11:11:00,PLG,,1.6150000095367432,1.6150000095367432,1.6100000143051147,1.6101000308990479,1346.0
2025-06-26 11:11:00,REI,,0.7893000245094299,0.7893000245094299,0.7883999943733215,0.7883999943733215,2778.0
2025-06-26 11:11:00,SATX,,2.9600000381469727,2.9649999141693115,2.9600000381469727,2.9600000381469727,5388.0
2025-06-26 11:11:00,SENS,,0.498199999332428,0.4982999861240387,0.498199999332428,0.4982999861240387,1771188.0
2025-06-26 11:11:00,SKYH,,9.6899995803833,9.6899995803833,9.6899995803833,9.6899995803833,167.0
2025-06-26 11:11:00,SLI,,1.8899999856948853,1.8899999856948853,1.888100028038025,1.889299988746643,3860.0
2025-06-26 11:11:00,STRW,,10.775099754333496,10.775099754333496,10.775099754333496,10.775099754333496,14598.0
2025-06-26 11:11:00,SVM,,4.160099983215332,4.175000190734863,4.159999847412109,4.175000190734863,122843.0
2025-06-26 11:11:00,TGB,,3.075000047683716,3.0764999389648438,3.075000047683716,3.075000047683716,7628.0
2025-06-26 11:11:00,TPET,,1.215000033378601,1.2200000286102295,1.215000033378601,1.2200000286102295,560.0
2025-06-26 11:11:00,UAMY,,2.515000104904175,2.51990008354187,2.509999990463257,2.509999990463257,830.0
2025-06-26 11:11:00,UAVS,,1.0993000268936157,1.0993000268936157,1.0993000268936157,1.0993000268936157,5001.0
2025-06-26 11:11:00,UEC,,6.829999923706055,6.829999923706055,6.809999942779541,6.820000171661377,21073.0
2025-06-26 11:11:00,URG,,1.034999966621399,1.0399999618530273,1.0299999713897705,1.0399999618530273,21898.0
2025-06-26 11:11:00,USAS,,0.8188999891281128,0.8188999891281128,0.8188999891281128,0.8188999891281128,4425.0
2025-06-26 11:11:00,UUUU,,5.769999980926514,5.769999980926514,5.764800071716309,5.769999980926514,21366.0
2025-06-26 11:11:00,VZLA,,2.9860999584198,2.990000009536743,2.9860999584198,2.990000009536743,1579487.0
2025-06-26 11:11:00,WRN,,1.25,1.2509000301361084,1.25,1.2509000301361084,1011.0
2025-06-26 11:11:00,WWR,,0.5932000279426575,0.5932000279426575,0.5932000279426575,0.5932000279426575,533.0
2025-06-26 11:11:00,WYY,,3.4800000190734863,3.4800000190734863,3.4800000190734863,3.4800000190734863,1715.0
2025-06-26 11:12:00,AREN,,5.659999847412109,5.670000076293945,5.599999904632568,5.599999904632568,2533.0
2025-06-26 11:12:00,ARMN,,6.860000133514404,6.860000133514404,6.860000133514404,6.860000133514404,1695.0
2025-06-26 11:12:00,ASM,,3.529900074005127,3.529900074005127,3.529900074005127,3.529900074005127,738.0
2025-06-26 11:12:00,ATNM,,1.5299999713897705,1.5299999713897705,1.5299999713897705,1.5299999713897705,166.0
2025-06-26 11:12:00,BKTI,,54.0,54.0,54.0,54.0,327.0
2025-06-26 11:12:00,BRBS,,3.2850000858306885,3.2850000858306885,3.2799999713897705,3.2850000858306885,377.0
2025-06-26 11:12:00,BTG,,3.615000009536743,3.615000009536743,3.6103999614715576,3.6103999614715576,4345.0
2025-06-26 11:12:00,BURU,,0.32199999690055847,0.3240000009536743,0.32170000672340393,0.3240000009536743,16472.0
2025-06-26 11:12:00,CATX,,3.5999999046325684,3.609999895095825,3.5950000286102295,3.5999999046325684,12526.0
2025-06-26 11:12:00,CBOE,,227.47500610351562,227.47500610351562,227.47500610351562,227.47500610351562,627.0
2025-06-26 11:12:00,CCEL,,5.559899806976318,5.559899806976318,5.559899806976318,5.559899806976318,228.0
2025-06-26 11:12:00,CIK,,2.944999933242798,2.944999933242798,2.940000057220459,2.9440999031066895,6202.0
2025-06-26 11:12:00,CMT,,17.045000076293945,17.045000076293945,17.0,17.020000457763672,1400.0
2025-06-26 11:12:00,CQP,,56.050201416015625,56.050201416015625,55.92499923706055,55.92499923706055,689.0
2025-06-26 11:12:00,CYBN,,8.569999694824219,8.569999694824219,8.569999694824219,8.569999694824219,526.0
2025-06-26 11:12:00,DC,,3.815000057220459,3.815000057220459,3.810699939727783,3.815000057220459,489.0
2025-06-26 11:12:00,DHY,,2.1050000190734863,2.109999895095825,2.0999999046325684,2.109999895095825,3301.0
2025-06-26 11:12:00,DNN,,1.784999966621399,1.7899999618530273,1.7799999713897705,1.7899999618530273,33559.0
2025-06-26 11:12:00,ELMD,,21.510000228881836,21.639999389648438,21.510000228881836,21.639999389648438,1597.0
2025-06-26 11:12:00,EQX,,5.934999942779541,5.940000057220459,5.929999828338623,5.934999942779541,13504.0
2025-06-26 11:12:00,FSP,,1.6950000524520874,1.6950000524520874,1.6950000524520874,1.6950000524520874,484.0
2025-06-26 11:12:00,FTF,,6.385000228881836,6.385000228881836,6.385000228881836,6.385000228881836,1413.0
2025-06-26 11:12:00,GAU,,1.3049999475479126,1.3049999475479126,1.3049999475479126,1.3049999475479126,910.0
2025-06-26 11:12:00,GNS,,0.8639000058174133,0.8744999766349792,0.8626999855041504,0.8744999766349792,18633.0
2025-06-26 11:12:00,GROY,,2.299999952316284,2.299999952316284,2.299999952316284,2.299999952316284,100.0
2025-06-26 11:12:00,GSAT,,23.139999389648438,23.139999389648438,23.139999389648438,23.139999389648438,2706.0
2025-06-26 11:12:00,HUSA,,13.050000190734863,13.104999542236328,13.050000190734863,13.104999542236328,735.0
2025-06-26 11:12:00,IBO,,0.9281010031700134,0.9281010031700134,0.9281010031700134,0.9281010031700134,762.0
2025-06-26 11:12:00,IDR,,13.270000457763672,13.270000457763672,13.270000457763672,13.270000457763672,151.0
2025-06-26 11:12:00,IE,,9.970000267028809,9.970000267028809,9.899999618530273,9.899999618530273,8689.0
2025-06-26 11:12:00,IGC,,0.3098999857902527,0.3098999857902527,0.3098999857902527,0.3098999857902527,2969.0
2025-06-26 11:12:00,IMO,,81.29000091552734,81.29000091552734,81.2699966430664,81.27999877929688,1662.0
2025-06-26 11:12:00,INDO,,3.1649999618530273,3.1649999618530273,3.1649999618530273,3.1649999618530273,165.0
2025-06-26 11:12:00,ITRG,,1.565000057220459,1.565000057220459,1.565000057220459,1.565000057220459,1018.0
2025-06-26 11:12:00,KNW,,1.7711000442504883,1.774999976158142,1.7711000442504883,1.774999976158142,601.0
2025-06-26 11:12:00,KULR,,5.198500156402588,5.21999979019165,5.190000057220459,5.197500228881836,60940.0
2025-06-26 11:12:00,LCTX,,1.045199990272522,1.0499999523162842,1.0399999618530273,1.0399999618530273,5029.0
2025-06-26 11:12:00,LEU,,177.6750030517578,177.98500061035156,177.37049865722656,177.4600067138672,3175.0
2025-06-26 11:12:00,LMND,,41.59000015258789,41.61000061035156,41.5,41.5099983215332,7352.0
2025-06-26 11:12:00,LNG,,241.57000732421875,241.57000732421875,241.5,241.5,633.0
2025-06-26 11:12:00,LODE,,3.700000047683716,3.700000047683716,3.690000057220459,3.690000057220459,234.0
2025-06-26 11:12:00,MAG,,21.364999771118164,21.364999771118164,21.364999771118164,21.364999771118164,130.0
2025-06-26 11:12:00,MAIA,,1.7000000476837158,1.7000000476837158,1.7000000476837158,1.7000000476837158,3693.0
2025-06-26 11:12:00,MITQ,,0.6840999722480774,0.6840999722480774,0.6823409795761108,0.6823409795761108,767.0
2025-06-26 11:12:00,MPTI,,41.36000061035156,41.459999084472656,41.36000061035156,41.459999084472656,418.0
2025-06-26 11:12:00,MRT,,2.799999952316284,2.799999952316284,2.758500099182129,2.758500099182129,376.0
2025-06-26 11:12:00,MTA,,3.865000009536743,3.865000009536743,3.865000009536743,3.865000009536743,221.0
2025-06-26 11:12:00,MXC,,9.255000114440918,9.255000114440918,9.255000114440918,9.255000114440918,618.0
2025-06-26 11:12:00,NAK,,1.5444999933242798,1.5489000082015991,1.5405999422073364,1.5449999570846558,2261.0
2025-06-26 11:12:00,NBH,,9.819999694824219,9.829999923706055,9.819999694824219,9.829999923706055,400.0
2025-06-26 11:12:00,NCL,,0.1784999966621399,0.1784999966621399,0.17569999396800995,0.17569999396800995,19346.0
2025-06-26 11:12:00,NEWP,,1.3650000095367432,1.3700000047683716,1.3650000095367432,1.3700000047683716,76533.0
2025-06-26 11:12:00,NG,,3.934999942779541,3.934999942779541,3.9200000762939453,3.924999952316284,20325.0
2025-06-26 11:12:00,NGD,,4.880000114440918,4.889999866485596,4.869999885559082,4.880000114440918,187000.0
2025-06-26 11:12:00,NNVC,,1.2129000425338745,1.2129000425338745,1.2000000476837158,1.2001999616622925,3100.0
2025-06-26 11:12:00,OPTT,,0.5138999819755554,0.5138999819755554,0.5120999813079834,0.5130000114440918,11358.0
2025-06-26 11:12:00,ORLA,,10.130000114440918,10.135000228881836,10.125,10.125,2724.0
2025-06-26 11:12:00,PLG,,1.6200000047683716,1.6200000047683716,1.6100000143051147,1.6200000047683716,3516.0
2025-06-26 11:12:00,REI,,0.7871000170707703,0.7882999777793884,0.7871000170707703,0.7872999906539917,23615.0
2025-06-26 11:12:00,RLGT,,6.039999961853027,6.039999961853027,6.039999961853027,6.039999961853027,482.0
2025-06-26 11:12:00,SEB,,2939.60009765625,2939.60009765625,2938.10009765625,2938.25,4.0
2025-06-26 11:12:00,SENS,,0.498199999332428,0.498199999332428,0.49810001254081726,0.498199999332428,59606.0
2025-06-26 11:12:00,SKYH,,9.670000076293945,9.670000076293945,9.670000076293945,9.670000076293945,498.0
2025-06-26 11:12:00,SLI,,1.899999976158142,1.899999976158142,1.8899999856948853,1.8899999856948853,6257.0
2025-06-26 11:12:00,SVM,,4.159999847412109,4.164999961853027,4.159999847412109,4.159999847412109,4401.0
2025-06-26 11:12:00,TGB,,3.075000047683716,3.075000047683716,3.069999933242798,3.075000047683716,5041.0
2025-06-26 11:12:00,THM,,0.9132000207901001,0.9132000207901001,0.9132000207901001,0.9132000207901001,570.0
2025-06-26 11:12:00,UAMY,,2.515000104904175,2.515000104904175,2.515000104904175,2.515000104904175,399.0
2025-06-26 11:12:00,UAVS,,1.0999000072479248,1.0999000072479248,1.0999000072479248,1.0999000072479248,1040.0
2025-06-26 11:12:00,UEC,,6.835000038146973,6.840000152587891,6.826700210571289,6.826700210571289,15789.0
2025-06-26 11:12:00,URG,,1.034999966621399,1.0399999618530273,1.0299999713897705,1.0299999713897705,25369.0
2025-06-26 11:12:00,USAS,,0.8190000057220459,0.8190000057220459,0.8190000057220459,0.8190000057220459,387.0
2025-06-26 11:12:00,UTG,,35.49800109863281,35.49800109863281,35.49800109863281,35.49800109863281,1097.0
2025-06-26 11:12:00,UUUU,,5.775000095367432,5.775000095367432,5.769999980926514,5.769999980926514,14159.0
2025-06-26 11:12:00,VTAK,,0.2599000036716461,0.25999999046325684,0.2599000036716461,0.25999999046325684,638.0
2025-06-26 11:12:00,VZLA,,2.994999885559082,3.0,2.984999895095825,2.9897000789642334,201414.0
2025-06-26 11:12:00,WRN,,1.2549999952316284,1.2584999799728394,1.2549999952316284,1.2584999799728394,2407.0
2025-06-26 11:12:00,WYY,,3.4800000190734863,3.4800000190734863,3.4800000190734863,3.4800000190734863,400.0
2025-06-26 11:13:00,AMBO,,2.4000000953674316,2.4700000286102295,2.4000000953674316,2.4700000286102295,2297.0
2025-06-26 11:13:00,ARMN,,6.869999885559082,6.869999885559082,6.864999771118164,6.869999885559082,1603.0
2025-06-26 11:13:00,ASM,,3.528599977493286,3.5299999713897705,3.5250000953674316,3.5250000953674316,2871.0
2025-06-26 11:13:00,BTG,,3.615000009536743,3.615000009536743,3.6131999492645264,3.615000009536743,12669.0
2025-06-26 11:13:00,BURU,,0.32284998893737793,0.32284998893737793,0.322299987077713,0.322299987077713,1561.0
2025-06-26 11:13:00,CATX,,3.5899999141693115,3.5950000286102295,3.5799999237060547,3.5950000286102295,1767.0
2025-06-26 11:13:00,CIK,,2.940200090408325,2.944999933242798,2.940200090408325,2.9442999362945557,6000.0
2025-06-26 11:13:00,CLM,,7.945000171661377,7.947299957275391,7.945000171661377,7.947299957275391,360.0
2025-06-26 11:13:00,CPHI,,1.759600043296814,1.759600043296814,1.759600043296814,1.759600043296814,185.0
2025-06-26 11:13:00,CQP,,55.92499923706055,55.92499923706055,55.92499923706055,55.92499923706055,700.0
2025-06-26 11:13:00,CRF,,7.565000057220459,7.565000057220459,7.563499927520752,7.563499927520752,830.0
2025-06-26 11:13:00,CTM,,1.034999966621399,1.0399999618530273,1.034999966621399,1.0395519733428955,10634.0
2025-06-26 11:13:00,CYBN,,8.61929988861084,8.61929988861084,8.579999923706055,8.579999923706055,686.0
2025-06-26 11:13:00,DHY,,2.1096999645233154,2.109999895095825,2.0999999046325684,2.1050000190734863,11003.0
2025-06-26 11:13:00,DNN,,1.784999966621399,1.7899999618530273,1.7847000360488892,1.7899999618530273,24128.0
2025-06-26 11:13:00,ECF,,10.170000076293945,10.170000076293945,10.170000076293945,10.170000076293945,11727.0
2025-06-26 11:13:00,EPM,,4.764999866485596,4.764999866485596,4.764999866485596,4.764999866485596,146.0
2025-06-26 11:13:00,EQX,,5.929999828338623,5.934999942779541,5.929999828338623,5.934999942779541,10390.0
2025-06-26 11:13:00,GAU,,1.3049999475479126,1.3049999475479126,1.3049999475479126,1.3049999475479126,200.0
2025-06-26 11:13:00,GGN,,4.369999885559082,4.369999885559082,4.369999885559082,4.369999885559082,100.0
2025-06-26 11:13:00,GNS,,0.8724489808082581,0.875,0.8701000213623047,0.8719990253448486,56993.0
2025-06-26 11:13:00,GROY,,2.2950000762939453,2.2950000762939453,2.2950000762939453,2.2950000762939453,112.0
2025-06-26 11:13:00,IBO,,0.9243000149726868,0.9280999898910522,0.9243000149726868,0.9279999732971191,3904.0
2025-06-26 11:13:00,IDR,,13.270000457763672,13.270000457763672,13.270000457763672,13.270000457763672,460.0
2025-06-26 11:13:00,IE,,9.920000076293945,9.960000038146973,9.920000076293945,9.952300071716309,5389.0
2025-06-26 11:13:00,IMO,,81.27999877929688,81.30999755859375,81.27999877929688,81.27999877929688,1257.0
2025-06-26 11:13:00,INDO,,3.1802000999450684,3.1802000999450684,3.150899887084961,3.150899887084961,751.0
2025-06-26 11:13:00,INUV,,3.918800115585327,3.918800115585327,3.918800115585327,3.918800115585327,311.0
2025-06-26 11:13:00,ITP,,0.18979999423027039,0.18979999423027039,0.18979999423027039,0.18979999423027039,100.0
2025-06-26 11:13:00,ITRG,,1.565000057220459,1.565000057220459,1.565000057220459,1.565000057220459,510.0
2025-06-26 11:13:00,KNW,,1.7899999618530273,1.809999942779541,1.7899999618530273,1.809999942779541,581.0
2025-06-26 11:13:00,KULR,,5.195000171661377,5.1987409591674805,5.190000057220459,5.195000171661377,3139.0
2025-06-26 11:13:00,LCTX,,1.0449999570846558,1.0449999570846558,1.0399999618530273,1.0449999570846558,637.0
2025-06-26 11:13:00,LEU,,177.4250030517578,177.5,177.24249267578125,177.35560607910156,3456.0
2025-06-26 11:13:00,LMND,,41.560001373291016,41.58000183105469,41.540000915527344,41.54999923706055,2930.0
2025-06-26 11:13:00,LNG,,241.85560607910156,241.85560607910156,241.5,241.5,5085.0
2025-06-26 11:13:00,MAG,,21.3799991607666,21.3799991607666,21.3700008392334,21.3700008392334,1743.0
2025-06-26 11:13:00,MPTI,,40.88999938964844,40.88999938964844,40.88999938964844,40.88999938964844,348.0
2025-06-26 11:13:00,MRT,,2.7959001064300537,2.7959001064300537,2.75,2.752000093460083,10312.0
2025-06-26 11:13:00,NAK,,1.5449999570846558,1.545199990272522,1.5449999570846558,1.545199990272522,3986.0
2025-06-26 11:13:00,NCL,,0.17714999616146088,0.17714999616146088,0.17714999616146088,0.17714999616146088,1381.0
2025-06-26 11:13:00,NFGC,,1.4700000286102295,1.4700000286102295,1.4700000286102295,1.4700000286102295,1800.0
2025-06-26 11:13:00,NG,,3.930000066757202,3.930000066757202,3.930000066757202,3.930000066757202,662.0
2025-06-26 11:13:00,NGD,,4.885000228881836,4.889999866485596,4.880000114440918,4.885000228881836,7309.0
2025-06-26 11:13:00,NNVC,,1.2199000120162964,1.2199000120162964,1.2199000120162964,1.2199000120162964,126.0
2025-06-26 11:13:00,OPTT,,0.5149999856948853,0.5149999856948853,0.5130000114440918,0.5149999856948853,1503.0
2025-06-26 11:13:00,ORLA,,10.135000228881836,10.135000228881836,10.130000114440918,10.135000228881836,765.0
2025-06-26 11:13:00,OSTX,,1.840000033378601,1.840000033378601,1.840000033378601,1.840000033378601,897.0
2025-06-26 11:13:00,PED,,0.6759999990463257,0.6759999990463257,0.6759999990463257,0.6759999990463257,280.0
2025-06-26 11:13:00,PLG,,1.6188000440597534,1.6188000440597534,1.6100000143051147,1.6114000082015991,2050.0
2025-06-26 11:13:00,PLMR,,148.5850067138672,148.5850067138672,148.5850067138672,148.5850067138672,214.0
2025-06-26 11:13:00,PLX,,1.4800000190734863,1.4800000190734863,1.475000023841858,1.4800000190734863,2173.0
2025-06-26 11:13:00,REI,,0.7857999801635742,0.7871000170707703,0.7857999801635742,0.7871000170707703,11044.0
2025-06-26 11:13:00,SATX,,2.9600000381469727,2.9600000381469727,2.9600000381469727,2.9600000381469727,202.0
2025-06-26 11:13:00,SEB,,2945.4599609375,2945.4599609375,2937.0,2943.949951171875,28.0
2025-06-26 11:13:00,SENS,,0.49799999594688416,0.498199999332428,0.49799999594688416,0.49810001254081726,19004.0
2025-06-26 11:13:00,SKYH,,9.625,9.670000076293945,9.625,9.649999618530273,2482.0
2025-06-26 11:13:00,SLI,,1.899999976158142,1.899999976158142,1.8949999809265137,1.8990000486373901,5474.0
2025-06-26 11:13:00,SSY,,0.8648999929428101,0.8648999929428101,0.8648999929428101,0.8648999929428101,265.0
2025-06-26 11:13:00,STRW,,10.800000190734863,10.800000190734863,10.800000190734863,10.800000190734863,277.0
2025-06-26 11:13:00,STXS,,2.240000009536743,2.240000009536743,2.239000082015991,2.239000082015991,361.0
2025-06-26 11:13:00,SVM,,4.164999961853027,4.164999961853027,4.159999847412109,4.159999847412109,23890.0
2025-06-26 11:13:00,TGB,,3.075000047683716,3.075000047683716,3.070499897003174,3.075000047683716,32120.0
2025-06-26 11:13:00,TMP,,62.630001068115234,62.630001068115234,62.630001068115234,62.630001068115234,870.0
2025-06-26 11:13:00,TPET,,1.2100000381469727,1.2100000381469727,1.2100000381469727,1.2100000381469727,538.0
2025-06-26 11:13:00,UAMY,,2.5250000953674316,2.5250000953674316,2.509999990463257,2.5197999477386475,13270.0
2025-06-26 11:13:00,UAVS,,1.090000033378601,1.090000033378601,1.090000033378601,1.090000033378601,156.0
2025-06-26 11:13:00,UEC,,6.835000038146973,6.840000152587891,6.829999923706055,6.835000038146973,3683.0
2025-06-26 11:13:00,URG,,1.0299999713897705,1.0399999618530273,1.0299999713897705,1.0364999771118164,12059.0
2025-06-26 11:13:00,USAS,,0.8201500177383423,0.8201500177383423,0.8184999823570251,0.8198999762535095,8243.0
2025-06-26 11:13:00,UUUU,,5.775700092315674,5.78000020980835,5.769999980926514,5.775000095367432,9019.0
2025-06-26 11:13:00,VTAK,,0.2599000036716461,0.2599000036716461,0.2599000036716461,0.2599000036716461,387.0
2025-06-26 11:13:00,VZLA,,3.0,3.0,2.990999937057495,2.994999885559082,54613.0
2025-06-26 11:13:00,WYY,,3.475100040435791,3.475100040435791,3.475100040435791,3.475100040435791,248.0
2025-06-26 11:13:00,ZDGE,,4.239999771118164,4.309999942779541,4.239999771118164,4.289999961853027,800.0
2025-06-26 11:14:00,ARMN,,6.873499870300293,6.875,6.873499870300293,6.875,854.0
2025-06-26 11:14:00,ASM,,3.5299999713897705,3.538100004196167,3.5199999809265137,3.5299999713897705,24438.0
2025-06-26 11:14:00,ATNM,,1.5299999713897705,1.5299999713897705,1.5299999713897705,1.5299999713897705,348.0
2025-06-26 11:14:00,AZTR,,0.2592499852180481,0.2592499852180481,0.25920000672340393,0.25920000672340393,263407.0
2025-06-26 11:14:00,BKTI,,54.71969985961914,54.71969985961914,54.71969985961914,54.71969985961914,354.0
2025-06-26 11:14:00,BRBS,,3.2850000858306885,3.2850000858306885,3.2850000858306885,3.2850000858306885,215.0
2025-06-26 11:14:00,BTG,,3.615000009536743,3.619999885559082,3.615000009536743,3.619999885559082,7476.0
2025-06-26 11:14:00,BURU,,0.32245001196861267,0.3228999972343445,0.322299987077713,0.3228999972343445,5187.0
2025-06-26 11:14:00,CATX,,3.5899999141693115,3.5899999141693115,3.5815999507904053,3.5899999141693115,764.0
2025-06-26 11:14:00,CBOE,,227.27000427246094,227.27000427246094,227.27000427246094,227.27000427246094,181.0
2025-06-26 11:14:00,CCEL,,5.164599895477295,5.164599895477295,5.164599895477295,5.164599895477295,188.0
2025-06-26 11:14:00,CEF,,30.31999969482422,30.31999969482422,30.31999969482422,30.31999969482422,120.0
2025-06-26 11:14:00,CET,,47.720001220703125,47.720001220703125,47.720001220703125,47.720001220703125,23640.0
2025-06-26 11:14:00,CEV,,9.670000076293945,9.670000076293945,9.670000076293945,9.670000076293945,14082.0
2025-06-26 11:14:00,CIK,,2.9409000873565674,2.944200038909912,2.9409000873565674,2.944200038909912,4000.0
2025-06-26 11:14:00,CLDI,,0.21899999678134918,0.21899999678134918,0.21899999678134918,0.21899999678134918,100.0
2025-06-26 11:14:00,CLM,,7.94189977645874,7.94189977645874,7.94189977645874,7.94189977645874,457.0
2025-06-26 11:14:00,CMCL,,19.065000534057617,19.065000534057617,19.062999725341797,19.062999725341797,400.0
2025-06-26 11:14:00,CQP,,55.92499923706055,55.92499923706055,55.92499923706055,55.92499923706055,300.0
2025-06-26 11:14:00,CRF,,7.565000057220459,7.565000057220459,7.565000057220459,7.565000057220459,756.0
2025-06-26 11:14:00,CTM,,1.034999966621399,1.034999966621399,1.034999966621399,1.034999966621399,100.0
2025-06-26 11:14:00,CYBN,,8.59160041809082,8.626899719238281,8.59160041809082,8.626899719238281,410.0
2025-06-26 11:14:00,DHY,,2.1068999767303467,2.109999895095825,2.0999999046325684,2.109999895095825,7002.0
2025-06-26 11:14:00,DIT,,105.69999694824219,105.69999694824219,105.69999694824219,105.69999694824219,109.0
2025-06-26 11:14:00,DNN,,1.7862999439239502,1.7899999618530273,1.7799999713897705,1.7862999439239502,1010924.0
2025-06-26 11:14:00,EAD,,6.989999771118164,6.989999771118164,6.989999771118164,6.989999771118164,710.0
2025-06-26 11:14:00,EIM,,9.545000076293945,9.545000076293945,9.545000076293945,9.545000076293945,403.0
2025-06-26 11:14:00,EPM,,4.739999771118164,4.7600998878479,4.739999771118164,4.760000228881836,2210.0
2025-06-26 11:14:00,EQX,,5.940000057220459,5.940000057220459,5.934999942779541,5.934999942779541,3557.0
2025-06-26 11:14:00,ERC,,9.385000228881836,9.385000228881836,9.385000228881836,9.385000228881836,425.0
2025-06-26 11:14:00,FSP,,1.6950000524520874,1.6950000524520874,1.6950000524520874,1.6950000524520874,322.0
2025-06-26 11:14:00,FTF,,6.385000228881836,6.385000228881836,6.385000228881836,6.385000228881836,100.0
2025-06-26 11:14:00,GAU,,1.3049999475479126,1.3049999475479126,1.3049999475479126,1.3049999475479126,200.0
2025-06-26 11:14:00,GGN,,4.365099906921387,4.369999885559082,4.360300064086914,4.369999885559082,4450.0
2025-06-26 11:14:00,GLO,,5.335000038146973,5.335000038146973,5.335000038146973,5.335000038146973,14338.0
2025-06-26 11:14:00,GLV,,5.619999885559082,5.619999885559082,5.619999885559082,5.619999885559082,11215.0
2025-06-26 11:14:00,GNS,,0.8648999929428101,0.8748000264167786,0.8500000238418579,0.8748000264167786,35184.0
2025-06-26 11:14:00,GROY,,2.299999952316284,2.299999952316284,2.2950000762939453,2.299999952316284,2300.0
2025-06-26 11:14:00,GSAT,,23.149999618530273,23.149999618530273,23.149999618530273,23.149999618530273,2842.0
2025-06-26 11:14:00,GTE,,5.070000171661377,5.070000171661377,5.070000171661377,5.070000171661377,886.0
2025-06-26 11:14:00,HUSA,,13.109999656677246,13.109999656677246,13.0600004196167,13.0600004196167,521.0
2025-06-26 11:14:00,IBO,,0.9229999780654907,0.9229999780654907,0.9229999780654907,0.9229999780654907,522.0
2025-06-26 11:14:00,IE,,9.90999984741211,9.90999984741211,9.90999984741211,9.90999984741211,401.0
2025-06-26 11:14:00,IMO,,81.25749969482422,81.25749969482422,81.25749969482422,81.25749969482422,275.0
2025-06-26 11:14:00,INDO,,3.1600000858306885,3.1800999641418457,3.1600000858306885,3.1600000858306885,4198.0
2025-06-26 11:14:00,ITP,,0.18979999423027039,0.18979999423027039,0.18979999423027039,0.18979999423027039,200.0
2025-06-26 11:14:00,ITRG,,1.5666999816894531,1.5666999816894531,1.5666999816894531,1.5666999816894531,637.0
2025-06-26 11:14:00,KNW,,1.7899999618530273,1.7949999570846558,1.7899999618530273,1.7949999570846558,4519.0
2025-06-26 11:14:00,KULR,,5.190000057220459,5.197500228881836,5.190000057220459,5.195000171661377,5225.0
2025-06-26 11:14:00,LCTX,,1.0449999570846558,1.0449999570846558,1.0399999618530273,1.0449999570846558,328.0
2025-06-26 11:14:00,LEU,,177.4763946533203,178.0,177.0,177.24000549316406,8769.0
2025-06-26 11:14:00,LMND,,41.525001525878906,41.540000915527344,41.5,41.529998779296875,1802.0
2025-06-26 11:14:00,LNG,,241.7899932861328,241.7899932861328,241.64999389648438,241.64999389648438,1352.0
2025-06-26 11:14:00,MAG,,21.389999389648438,21.389999389648438,21.385000228881836,21.385000228881836,869.0
2025-06-26 11:14:00,MITQ,,0.6841999888420105,0.6841999888420105,0.6841999888420105,0.6841999888420105,3000.0
2025-06-26 11:14:00,MLSS,,0.7699999809265137,0.7699999809265137,0.7699999809265137,0.7699999809265137,5309.0
2025-06-26 11:14:00,MRT,,2.7500998973846436,2.7500998973846436,2.7500998973846436,2.7500998973846436,1500.0
2025-06-26 11:14:00,MTNB,,0.9350000023841858,0.9350000023841858,0.9350000023841858,0.9350000023841858,367.0
2025-06-26 11:14:00,NAK,,1.5449999570846558,1.5499999523162842,1.5413999557495117,1.5489000082015991,31069.0
2025-06-26 11:14:00,NBH,,9.819999694824219,9.819999694824219,9.819999694824219,9.819999694824219,200.0
2025-06-26 11:14:00,NCL,,0.17579999566078186,0.17714999616146088,0.17579999566078186,0.17714999616146088,1173.0
2025-06-26 11:14:00,NGD,,4.90500020980835,4.90500020980835,4.885000228881836,4.885000228881836,369928.0
2025-06-26 11:14:00,NHS,,7.483500003814697,7.483500003814697,7.480100154876709,7.480100154876709,938.0
2025-06-26 11:14:00,NML,,8.819999694824219,8.819999694824219,8.819999694824219,8.819999694824219,100.0
2025-06-26 11:14:00,NRO,,3.190000057220459,3.190000057220459,3.190000057220459,3.190000057220459,170417.0
2025-06-26 11:14:00,OPTT,,0.5144000053405762,0.5149999856948853,0.5144000053405762,0.5149999856948853,800.0
2025-06-26 11:14:00,ORLA,,10.149999618530273,10.149999618530273,10.140000343322754,10.140000343322754,2007.0
2025-06-26 11:14:00,PHGE,,0.45989999175071716,0.45989999175071716,0.45989999175071716,0.45989999175071716,450.0
2025-06-26 11:14:00,PLG,,1.6150000095367432,1.6150000095367432,1.6150000095367432,1.6150000095367432,675.0
2025-06-26 11:14:00,PLMR,,148.7729949951172,148.7729949951172,148.7729949951172,148.7729949951172,1243.0
2025-06-26 11:14:00,REI,,0.7833999991416931,0.7858999967575073,0.7803999781608582,0.7857999801635742,18305.0
2025-06-26 11:14:00,SATX,,2.9600000381469727,2.9600000381469727,2.9600000381469727,2.9600000381469727,207.0
2025-06-26 11:14:00,SBEV,,3.045300006866455,3.045300006866455,3.045300006866455,3.045300006866455,5795.0
2025-06-26 11:14:00,SEB,,2946.0,2955.81005859375,2922.0,2922.0,19.0
2025-06-26 11:14:00,SENS,,0.4975999891757965,0.4980370104312897,0.4975999891757965,0.49799999594688416,24583.0
2025-06-26 11:14:00,SLI,,1.895400047302246,1.895400047302246,1.8899999856948853,1.8899999856948853,2571.0
2025-06-26 11:14:00,SVM,,4.170000076293945,4.170000076293945,4.159999847412109,4.1666998863220215,5611.0
2025-06-26 11:14:00,TGB,,3.0850000381469727,3.0850000381469727,3.0701000690460205,3.0701000690460205,117722.0
2025-06-26 11:14:00,TMQ,,1.5,1.5,1.5,1.5,219.0
2025-06-26 11:14:00,TOON,,0.7301999926567078,0.7378990054130554,0.7301999926567078,0.7378990054130554,435.0
2025-06-26 11:14:00,TPET,,1.218400001525879,1.218400001525879,1.2102999687194824,1.2102999687194824,4033.0
2025-06-26 11:14:00,UAMY,,2.529900074005127,2.529900074005127,2.5250000953674316,2.5262999534606934,1339.0
2025-06-26 11:14:00,UEC,,6.835000038146973,6.840000152587891,6.829999923706055,6.840000152587891,19135.0
2025-06-26 11:14:00,URG,,1.0300999879837036,1.034999966621399,1.0299999713897705,1.0299999713897705,10703.0
2025-06-26 11:14:00,USAS,,0.8188999891281128,0.8188999891281128,0.8188999891281128,0.8188999891281128,225.0
2025-06-26 11:14:00,UUUU,,5.78000020980835,5.78000020980835,5.770100116729736,5.775000095367432,27351.0
2025-06-26 11:14:00,VTAK,,0.25999999046325684,0.25999999046325684,0.25999999046325684,0.25999999046325684,120.0
2025-06-26 11:14:00,VZLA,,2.994999885559082,3.0,2.990999937057495,3.0,64187.0
2025-06-26 11:14:00,ZDGE,,4.289999961853027,4.289999961853027,4.289999961853027,4.289999961853027,200.0
2025-06-26 11:15:00,ACU,,39.61000061035156,39.61000061035156,39.61000061035156,39.61000061035156,106.0
2025-06-26 11:15:00,ARMN,,6.880000114440918,6.880000114440918,6.880000114440918,6.880000114440918,988.0
2025-06-26 11:15:00,ATNM,,1.5199999809265137,1.5299999713897705,1.5199999809265137,1.5299999713897705,10473.0
2025-06-26 11:15:00,AWX,,2.4800000190734863,2.4800000190734863,2.4800000190734863,2.4800000190734863,684.0
2025-06-26 11:15:00,AZTR,,0.25929999351501465,0.25929999351501465,0.25929999351501465,0.25929999351501465,5116.0
2025-06-26 11:15:00,BATL,,1.524999976158142,1.524999976158142,1.524999976158142,1.524999976158142,2252.0
2025-06-26 11:15:00,BRBS,,3.2850000858306885,3.2850000858306885,3.2799999713897705,3.2850000858306885,674.0
2025-06-26 11:15:00,BTG,,3.609999895095825,3.619999885559082,3.609999895095825,3.609999895095825,38813.0
2025-06-26 11:15:00,BURU,,0.3222000002861023,0.322299987077713,0.32170000672340393,0.32199999690055847,6799.0
2025-06-26 11:15:00,CATX,,3.6050000190734863,3.6050000190734863,3.5799999237060547,3.5899999141693115,16240.0
2025-06-26 11:15:00,CBOE,,227.45700073242188,227.45700073242188,227.45700073242188,227.45700073242188,353.0
2025-06-26 11:15:00,CCEL,,5.159999847412109,5.159999847412109,5.159999847412109,5.159999847412109,340.0
2025-06-26 11:15:00,CIK,,2.9440999031066895,2.944999933242798,2.940000057220459,2.944999933242798,6300.0
2025-06-26 11:15:00,CLM,,7.942599773406982,7.942599773406982,7.942599773406982,7.942599773406982,361.0
2025-06-26 11:15:00,CPHI,,1.7599999904632568,1.7599999904632568,1.7599999904632568,1.7599999904632568,100.0
2025-06-26 11:15:00,CQP,,55.92499923706055,55.92499923706055,55.92499923706055,55.92499923706055,248.0
2025-06-26 11:15:00,CRF,,7.565400123596191,7.565400123596191,7.560100078582764,7.565000057220459,824.0
2025-06-26 11:15:00,CTM,,1.034999966621399,1.0399999618530273,1.034999966621399,1.034999966621399,9014.0
2025-06-26 11:15:00,CYBN,,8.604999542236328,8.604999542236328,8.604999542236328,8.604999542236328,222.0
2025-06-26 11:15:00,DC,,3.809999942779541,3.809999942779541,3.809999942779541,3.809999942779541,797.0
2025-06-26 11:15:00,DHY,,2.109999895095825,2.109999895095825,2.0999999046325684,2.0999999046325684,18129.0
2025-06-26 11:15:00,DNN,,1.7999999523162842,1.7999999523162842,1.7799999713897705,1.7847000360488892,2324850.0
2025-06-26 11:15:00,ELLO,,18.33917236328125,18.33917236328125,18.33917236328125,18.33917236328125,217.0
2025-06-26 11:15:00,EMX,,2.549999952316284,2.549999952316284,2.5450000762939453,2.549999952316284,2542.0
2025-06-26 11:15:00,ENX,,9.199999809265137,9.199999809265137,9.190999984741211,9.190999984741211,2426.0
2025-06-26 11:15:00,EPM,,4.760000228881836,4.760000228881836,4.760000228881836,4.760000228881836,132.0
2025-06-26 11:15:00,EQX,,5.934999942779541,5.940000057220459,5.929999828338623,5.929999828338623,93344.0
2025-06-26 11:15:00,ESP,,44.400001525878906,44.400001525878906,44.400001525878906,44.400001525878906,200.0
2025-06-26 11:15:00,FOXO,,0.20000000298023224,0.20000000298023224,0.20000000298023224,0.20000000298023224,2000.0
2025-06-26 11:15:00,FTF,,6.385000228881836,6.385000228881836,6.385000228881836,6.385000228881836,117.0
2025-06-26 11:15:00,GBR,,1.059999942779541,1.059999942779541,1.059999942779541,1.059999942779541,1664.0
2025-06-26 11:15:00,GGN,,4.361100196838379,4.361100196838379,4.361100196838379,4.361100196838379,746.0
2025-06-26 11:15:00,GLDG,,0.7462999820709229,0.7462999820709229,0.7462999820709229,0.7462999820709229,110.0
2025-06-26 11:15:00,GNS,,0.8598999977111816,0.8648999929428101,0.8575990200042725,0.8648999929428101,26475.0
2025-06-26 11:15:00,IBO,,0.9243999719619751,0.9279999732971191,0.923799991607666,0.9279999732971191,6530.0
2025-06-26 11:15:00,IE,,9.910900115966797,9.910900115966797,9.910900115966797,9.910900115966797,2140.0
2025-06-26 11:15:00,IMO,,81.31999969482422,81.31999969482422,81.31999969482422,81.31999969482422,290.0
2025-06-26 11:15:00,INDO,,3.1426000595092773,3.1426000595092773,3.1426000595092773,3.1426000595092773,140.0
2025-06-26 11:15:00,ITP,,0.18970000743865967,0.18970000743865967,0.18970000743865967,0.18970000743865967,100.0
2025-06-26 11:15:00,ITRG,,1.559999942779541,1.559999942779541,1.559999942779541,1.559999942779541,319.0
2025-06-26 11:15:00,KNW,,1.7999999523162842,1.7999999523162842,1.7999999523162842,1.7999999523162842,625.0
2025-06-26 11:15:00,KULR,,5.179900169372559,5.195000171661377,5.170000076293945,5.195000171661377,5522.0
2025-06-26 11:15:00,LCTX,,1.0449999570846558,1.0499999523162842,1.0399999618530273,1.0449999570846558,2155.0
2025-06-26 11:15:00,LEU,,177.8249969482422,177.8249969482422,177.2949981689453,177.2949981689453,2590.0
2025-06-26 11:15:00,LMND,,41.54499816894531,41.56999969482422,41.54499816894531,41.54990005493164,2341.0
2025-06-26 11:15:00,LNG,,241.77000427246094,241.8000030517578,241.61500549316406,241.6300048828125,3989.0
2025-06-26 11:15:00,LODE,,3.7056000232696533,3.7056000232696533,3.7056000232696533,3.7056000232696533,229.0
2025-06-26 11:15:00,MAIA,,1.7000000476837158,1.7000000476837158,1.7000000476837158,1.7000000476837158,644.0
2025-06-26 11:15:00,MRT,,2.7509000301361084,2.7509000301361084,2.7509000301361084,2.7509000301361084,541.0
2025-06-26 11:15:00,MYO,,2.2860000133514404,2.2860000133514404,2.2799999713897705,2.2799999713897705,740.0
2025-06-26 11:15:00,NAK,,1.5490000247955322,1.5490000247955322,1.5399999618530273,1.5449999570846558,5073.0
2025-06-26 11:15:00,NCL,,0.17569999396800995,0.17569999396800995,0.17569999396800995,0.17569999396800995,929.0
2025-06-26 11:15:00,NFGC,,1.475000023841858,1.475000023841858,1.4700000286102295,1.4700000286102295,1010.0
2025-06-26 11:15:00,NG,,3.934999942779541,3.934999942779541,3.934999942779541,3.934999942779541,2101.0
2025-06-26 11:15:00,NGD,,4.90500020980835,4.909999847412109,4.900000095367432,4.900000095367432,42202.0
2025-06-26 11:15:00,NML,,8.819999694824219,8.829999923706055,8.819999694824219,8.82800006866455,1200.0
2025-06-26 11:15:00,OBE,,5.559999942779541,5.559999942779541,5.559999942779541,5.559999942779541,746.0
2025-06-26 11:15:00,OPTT,,0.5129500031471252,0.5138000249862671,0.5129500031471252,0.5138000249862671,10027.0
2025-06-26 11:15:00,ORLA,,10.109999656677246,10.140000343322754,10.109999656677246,10.140000343322754,2914.0
2025-06-26 11:15:00,PLG,,1.615399956703186,1.615399956703186,1.6150000095367432,1.6150000095367432,2250.0
2025-06-26 11:15:00,PLX,,1.475000023841858,1.475000023841858,1.475000023841858,1.475000023841858,350.0
2025-06-26 11:15:00,REI,,0.7833999991416931,0.7833999991416931,0.7833999991416931,0.7833999991416931,1105.0
2025-06-26 11:15:00,SATX,,2.9600000381469727,2.9600000381469727,2.9600000381469727,2.9600000381469727,229.0
2025-06-26 11:15:00,SENS,,0.4975000023841858,0.4975999891757965,0.4975000023841858,0.4975999891757965,9262.0
2025-06-26 11:15:00,SLI,,1.8899999856948853,1.8967000246047974,1.8899999856948853,1.8967000246047974,1380.0
2025-06-26 11:15:00,SOAR,,1.465000033378601,1.465000033378601,1.465000033378601,1.465000033378601,323.0
2025-06-26 11:15:00,SVM,,4.170000076293945,4.170000076293945,4.170000076293945,4.170000076293945,346.0
2025-06-26 11:15:00,TGB,,3.0801000595092773,3.085200071334839,3.0801000595092773,3.0850000381469727,16100.0
2025-06-26 11:15:00,TMQ,,1.5,1.5,1.5,1.5,240.0
2025-06-26 11:15:00,UAMY,,2.5250000953674316,2.5250000953674316,2.5250000953674316,2.5250000953674316,308.0
2025-06-26 11:15:00,UAVS,,1.0966999530792236,1.0966999530792236,1.0966999530792236,1.0966999530792236,157.0
2025-06-26 11:15:00,UEC,,6.849999904632568,6.860000133514404,6.840000152587891,6.840000152587891,76863.0
2025-06-26 11:15:00,URG,,1.0399999618530273,1.0399999618530273,1.0299999713897705,1.0299999713897705,9211.0
2025-06-26 11:15:00,USAS,,0.8187999725341797,0.8187999725341797,0.8187999725341797,0.8187999725341797,1110.0
2025-06-26 11:15:00,UUUU,,5.785200119018555,5.785200119018555,5.775000095367432,5.775000095367432,10248.0
2025-06-26 11:15:00,VGZ,,1.0149999856948853,1.0149999856948853,1.0099999904632568,1.0099999904632568,132278.0
2025-06-26 11:15:00,VKI,,8.199999809265137,8.199999809265137,8.189000129699707,8.189000129699707,33312.0
2025-06-26 11:15:00,VTAK,,0.2599000036716461,0.2599000036716461,0.2599000036716461,0.2599000036716461,107.0
2025-06-26 11:15:00,VZLA,,2.994999885559082,2.994999885559082,2.991300106048584,2.991300106048584,12229.0
2025-06-26 11:15:00,WWR,,0.5961999893188477,0.5961999893188477,0.5961999893188477,0.5961999893188477,149.0
2025-06-26 11:15:00,ZDGE,,4.289999961853027,4.289999961853027,4.289999961853027,4.289999961853027,1531.0
2025-06-26 11:16:00,ACU,,39.790000915527344,39.790000915527344,39.790000915527344,39.790000915527344,281.0
2025-06-26 11:16:00,ARMN,,6.885000228881836,6.885000228881836,6.885000228881836,6.885000228881836,140.0
2025-06-26 11:16:00,ASM,,3.5450000762939453,3.5450000762939453,3.5399999618530273,3.5399999618530273,7301.0
2025-06-26 11:16:00,ATNM,,1.5149999856948853,1.5199999809265137,1.5149999856948853,1.5199999809265137,5991.0
2025-06-26 11:16:00,AZTR,,0.2572000026702881,0.25870001316070557,0.2572000026702881,0.25870001316070557,1381.0
2025-06-26 11:16:00,BATL,,1.524999976158142,1.524999976158142,1.524999976158142,1.524999976158142,1197.0
2025-06-26 11:16:00,BHM,,12.35200023651123,12.35200023651123,12.35200023651123,12.35200023651123,0.0
2025-06-26 11:16:00,BRBS,,3.2850000858306885,3.2850000858306885,3.2799999713897705,3.2799999713897705,331.0
2025-06-26 11:16:00,BTG,,3.609999895095825,3.619999885559082,3.609999895095825,3.619999885559082,18296.0
2025-06-26 11:16:00,BURU,,0.32170000672340393,0.322299987077713,0.321399986743927,0.3222000002861023,6594.0
2025-06-26 11:16:00,CATX,,3.609999895095825,3.609999895095825,3.6012001037597656,3.6054999828338623,5074.0
2025-06-26 11:16:00,CBOE,,227.50999450683594,227.50999450683594,227.50999450683594,227.50999450683594,1048.0
2025-06-26 11:16:00,CEF,,30.329999923706055,30.329999923706055,30.329999923706055,30.329999923706055,111.0
2025-06-26 11:16:00,CIK,,2.944999933242798,2.944999933242798,2.9400999546051025,2.944999933242798,12101.0
2025-06-26 11:16:00,CLM,,7.945000171661377,7.945000171661377,7.945000171661377,7.945000171661377,180.0
2025-06-26 11:16:00,CMCL,,19.06999969482422,19.06999969482422,19.065000534057617,19.065000534057617,766.0
2025-06-26 11:16:00,CPHI,,1.7649999856948853,1.7699999809265137,1.7350000143051147,1.7597999572753906,2257.0
2025-06-26 11:16:00,CQP,,56.029998779296875,56.029998779296875,55.880001068115234,55.93000030517578,702.0
2025-06-26 11:16:00,CTM,,1.0399999618530273,1.0399999618530273,1.034999966621399,1.034999966621399,230.0
2025-06-26 11:16:00,CYBN,,8.569999694824219,8.604999542236328,8.569999694824219,8.604999542236328,606.0
2025-06-26 11:16:00,DC,,3.805000066757202,3.805000066757202,3.805000066757202,3.805000066757202,1064.0
2025-06-26 11:16:00,DHY,,2.109800100326538,2.109999895095825,2.0999999046325684,2.1096999645233154,7001.0
2025-06-26 11:16:00,DNN,,1.7999999523162842,1.7999999523162842,1.7899999618530273,1.7899999618530273,56234.0
2025-06-26 11:16:00,EAD,,6.989999771118164,6.989999771118164,6.989999771118164,6.989999771118164,100.0
2025-06-26 11:16:00,ELMD,,21.40999984741211,21.440000534057617,21.40999984741211,21.440000534057617,846.0
2025-06-26 11:16:00,EQX,,5.934999942779541,5.935299873352051,5.929999828338623,5.929999828338623,56258.0
2025-06-26 11:16:00,ESP,,44.525001525878906,44.599998474121094,44.5,44.5,531.0
2025-06-26 11:16:00,FOXO,,0.20000100135803223,0.20000100135803223,0.19990000128746033,0.19990099966526031,4455.0
2025-06-26 11:16:00,GAU,,1.3049999475479126,1.3049999475479126,1.3049999475479126,1.3049999475479126,205.0
2025-06-26 11:16:00,GNS,,0.8698999881744385,0.8698999881744385,0.857699990272522,0.8600000143051147,21108.0
2025-06-26 11:16:00,GROY,,2.299999952316284,2.299999952316284,2.299999952316284,2.299999952316284,101.0
2025-06-26 11:16:00,HNW,,12.350000381469727,12.350000381469727,12.350000381469727,12.350000381469727,11540.0
2025-06-26 11:16:00,HUSA,,13.109999656677246,13.184700012207031,13.109999656677246,13.171699523925781,1456.0
2025-06-26 11:16:00,IBO,,0.9268490076065063,0.9300000071525574,0.9236999750137329,0.9236999750137329,8731.0
2025-06-26 11:16:00,IE,,9.925000190734863,9.925000190734863,9.925000190734863,9.925000190734863,148.0
2025-06-26 11:16:00,INDO,,3.1600000858306885,3.1600000858306885,3.1600000858306885,3.1600000858306885,450.0
2025-06-26 11:16:00,INFU,,6.489999771118164,6.489999771118164,6.489999771118164,6.489999771118164,158.0
2025-06-26 11:16:00,KNW,,1.7799999713897705,1.799299955368042,1.7799999713897705,1.784999966621399,1811.0
2025-06-26 11:16:00,KULR,,5.170000076293945,5.1778998374938965,5.170000076293945,5.1778998374938965,1438.0
2025-06-26 11:16:00,LCTX,,1.0449999570846558,1.0449999570846558,1.0399999618530273,1.0449999570846558,864.0
2025-06-26 11:16:00,LEU,,179.5449981689453,179.97999572753906,177.51980590820312,177.8300018310547,9875.0
2025-06-26 11:16:00,LMND,,41.51499938964844,41.63990020751953,41.5099983215332,41.54499816894531,3364.0
2025-06-26 11:16:00,LNG,,241.71499633789062,241.8000030517578,241.5500030517578,241.7550048828125,8056.0
2025-06-26 11:16:00,LSF,,6.130000114440918,6.130000114440918,6.130000114440918,6.130000114440918,679.0
2025-06-26 11:16:00,MAG,,21.399999618530273,21.399999618530273,21.395000457763672,21.399999618530273,2625.0
2025-06-26 11:16:00,MAIA,,1.690000057220459,1.690000057220459,1.690000057220459,1.690000057220459,3989.0
2025-06-26 11:16:00,MITQ,,0.6753000020980835,0.6753000020980835,0.6753000020980835,0.6753000020980835,396.0
2025-06-26 11:16:00,MRT,,2.7539000511169434,2.7874999046325684,2.7539000511169434,2.7874999046325684,497.0
2025-06-26 11:16:00,MTA,,3.8694000244140625,3.8694000244140625,3.8694000244140625,3.8694000244140625,871.0
2025-06-26 11:16:00,NAK,,1.545199990272522,1.5499999523162842,1.5399999618530273,1.5449999570846558,45339.0
2025-06-26 11:16:00,NBH,,9.829999923706055,9.838700294494629,9.829999923706055,9.838700294494629,1000.0
2025-06-26 11:16:00,NCL,,0.17714999616146088,0.17714999616146088,0.17714999616146088,0.17714999616146088,100.0
2025-06-26 11:16:00,NFGC,,1.4701000452041626,1.4701000452041626,1.4701000452041626,1.4701000452041626,156.0
2025-06-26 11:16:00,NG,,3.934999942779541,3.934999942779541,3.934999942779541,3.934999942779541,1842.0
2025-06-26 11:16:00,NGD,,4.90500020980835,4.90500020980835,4.900000095367432,4.900000095367432,35287.0
2025-06-26 11:16:00,NHS,,7.484000205993652,7.485000133514404,7.484000205993652,7.485000133514404,324.0
2025-06-26 11:16:00,NML,,8.828200340270996,8.828200340270996,8.828200340270996,8.828200340270996,510.0
2025-06-26 11:16:00,NNVC,,1.2135000228881836,1.2135000228881836,1.2100000381469727,1.2100000381469727,421.0
2025-06-26 11:16:00,OGEN,,3.5199999809265137,3.5199999809265137,3.5199999809265137,3.5199999809265137,202.0
2025-06-26 11:16:00,OPTT,,0.5126000046730042,0.5134999752044678,0.5120999813079834,0.5120999813079834,5651.0
2025-06-26 11:16:00,ORLA,,10.109999656677246,10.109999656677246,10.090200424194336,10.109999656677246,2409.0
2025-06-26 11:16:00,PHGE,,0.45179998874664307,0.45179998874664307,0.45179998874664307,0.45179998874664307,1000.0
2025-06-26 11:16:00,PLG,,1.6150000095367432,1.6150000095367432,1.6150000095367432,1.6150000095367432,1603.0
2025-06-26 11:16:00,PLMR,,148.80999755859375,148.80999755859375,148.80999755859375,148.80999755859375,2343.0
2025-06-26 11:16:00,PLX,,1.475000023841858,1.475000023841858,1.475000023841858,1.475000023841858,101.0
2025-06-26 11:16:00,REI,,0.7840999960899353,0.7847999930381775,0.78329998254776,0.7847999930381775,19956.0
2025-06-26 11:16:00,RLGT,,6.010000228881836,6.03000020980835,6.010000228881836,6.03000020980835,730.0
2025-06-26 11:16:00,SEB,,2946.0,2946.0,2946.0,2946.0,1.0
2025-06-26 11:16:00,SENS,,0.4975000023841858,0.4975990056991577,0.4975000023841858,0.49755001068115234,1300.0
2025-06-26 11:16:00,SKYH,,9.630000114440918,9.630000114440918,9.630000114440918,9.630000114440918,338.0
2025-06-26 11:16:00,STXS,,2.234999895095825,2.234999895095825,2.234999895095825,2.234999895095825,111.0
2025-06-26 11:16:00,SVM,,4.169899940490723,4.170000076293945,4.164999961853027,4.164999961853027,2822.0
2025-06-26 11:16:00,TGB,,3.0850000381469727,3.0850000381469727,3.0799999237060547,3.0799999237060547,7251.0
2025-06-26 11:16:00,TMQ,,1.5049999952316284,1.5049999952316284,1.5,1.5,3786.0
2025-06-26 11:16:00,TPET,,1.2101000547409058,1.2101000547409058,1.2101000547409058,1.2101000547409058,2004.0
2025-06-26 11:16:00,UAMY,,2.5250000953674316,2.5250000953674316,2.5250000953674316,2.5250000953674316,423.0
2025-06-26 11:16:00,UAVS,,1.0901000499725342,1.0901000499725342,1.0901000499725342,1.0901000499725342,314.0
2025-06-26 11:16:00,UEC,,6.860000133514404,6.860000133514404,6.849999904632568,6.860000133514404,18402.0
2025-06-26 11:16:00,URG,,1.034999966621399,1.0399999618530273,1.0299999713897705,1.0299999713897705,10301.0
2025-06-26 11:16:00,UUUU,,5.784999847412109,5.800000190734863,5.783299922943115,5.784999847412109,30871.0
2025-06-26 11:16:00,VGZ,,1.0099999904632568,1.0099999904632568,1.0099999904632568,1.0099999904632568,1000.0
2025-06-26 11:16:00,VTAK,,0.25929999351501465,0.25929999351501465,0.25929999351501465,0.25929999351501465,351.0
2025-06-26 11:16:00,VZLA,,2.9965999126434326,3.0,2.990000009536743,2.9988999366760254,30542.0
2025-06-26 11:16:00,WWR,,0.5963000059127808,0.5963000059127808,0.5932000279426575,0.5932000279426575,4278.0
2025-06-26 11:16:00,ZDGE,,4.284999847412109,4.284999847412109,4.284999847412109,4.284999847412109,922.0
2025-06-26 11:17:00,AIRI,,3.4200000762939453,3.4200000762939453,3.4200000762939453,3.4200000762939453,659.0
2025-06-26 11:17:00,AREN,,5.650000095367432,5.670000076293945,5.650000095367432,5.659999847412109,1434.0
2025-06-26 11:17:00,ASM,,3.5425000190734863,3.5425000190734863,3.5399999618530273,3.5399999618530273,1736.0
2025-06-26 11:17:00,ATNM,,1.5149999856948853,1.5149999856948853,1.5149999856948853,1.5149999856948853,145.0
2025-06-26 11:17:00,AWX,,2.4800000190734863,2.4800000190734863,2.4800000190734863,2.4800000190734863,347.0
2025-06-26 11:17:00,BEEP,,4.056600093841553,4.056600093841553,4.056600093841553,4.056600093841553,976.0
2025-06-26 11:17:00,BTG,,3.625,3.6254000663757324,3.615000009536743,3.615000009536743,162922.0
2025-06-26 11:17:00,BURU,,0.322299987077713,0.322299987077713,0.3216499984264374,0.32170000672340393,3464.0
2025-06-26 11:17:00,CATX,,3.6050000190734863,3.609999895095825,3.6050000190734863,3.609999895095825,1123.0
2025-06-26 11:17:00,CIK,,2.9453001022338867,2.9453001022338867,2.9453001022338867,2.9453001022338867,2423.0
2025-06-26 11:17:00,CLM,,7.946700096130371,7.946700096130371,7.946700096130371,7.946700096130371,283.0
2025-06-26 11:17:00,CMCL,,19.06999969482422,19.06999969482422,19.06999969482422,19.06999969482422,742.0
2025-06-26 11:17:00,CQP,,56.040000915527344,56.040000915527344,56.040000915527344,56.040000915527344,200.0
2025-06-26 11:17:00,CRF,,7.562699794769287,7.562699794769287,7.562699794769287,7.562699794769287,101.0
2025-06-26 11:17:00,CTM,,1.0300999879837036,1.034999966621399,1.0300999879837036,1.034999966621399,3405.0
2025-06-26 11:17:00,CYBN,,8.520000457763672,8.569999694824219,8.520000457763672,8.569999694824219,673.0
2025-06-26 11:17:00,DC,,3.819999933242798,3.819999933242798,3.809999942779541,3.809999942779541,26348.0
2025-06-26 11:17:00,DHY,,2.109999895095825,2.109999895095825,2.109800100326538,2.109800100326538,1185.0
2025-06-26 11:17:00,DNN,,1.8049999475479126,1.809999942779541,1.7899999618530273,1.7905000448226929,2674013.0
2025-06-26 11:17:00,ECF,,10.15999984741211,10.15999984741211,10.15999984741211,10.15999984741211,200.0
2025-06-26 11:17:00,ELMD,,21.308900833129883,21.360000610351562,21.308900833129883,21.360000610351562,556.0
2025-06-26 11:17:00,EPM,,4.739999771118164,4.739999771118164,4.739999771118164,4.739999771118164,100.0
2025-06-26 11:17:00,EQX,,5.929999828338623,5.940000057220459,5.929999828338623,5.934999942779541,22839.0
2025-06-26 11:17:00,EVV,,10.15999984741211,10.15999984741211,10.15999984741211,10.15999984741211,130.0
2025-06-26 11:17:00,FOXO,,0.20010000467300415,0.20010000467300415,0.20010000467300415,0.20010000467300415,100.0
2025-06-26 11:17:00,FSP,,1.6950000524520874,1.6950000524520874,1.6950000524520874,1.6950000524520874,214.0
2025-06-26 11:17:00,GAU,,1.315000057220459,1.315000057220459,1.309999942779541,1.309999942779541,6830.0
2025-06-26 11:17:00,GBR,,1.0700000524520874,1.0700000524520874,1.0700000524520874,1.0700000524520874,1588.0
2025-06-26 11:17:00,GGN,,4.369999885559082,4.369999885559082,4.364999771118164,4.364999771118164,4194.0
2025-06-26 11:17:00,GNS,,0.8658000230789185,0.8698999881744385,0.8619999885559082,0.8654500246047974,18409.0
2025-06-26 11:17:00,GORO,,0.5350000262260437,0.5350000262260437,0.5350000262260437,0.5350000262260437,100.0
2025-06-26 11:17:00,GROY,,2.2950000762939453,2.299999952316284,2.2950000762939453,2.2950000762939453,36030.0
2025-06-26 11:17:00,GSAT,,23.155000686645508,23.155000686645508,23.155000686645508,23.155000686645508,354.0
2025-06-26 11:17:00,IBO,,0.9281010031700134,0.9281010031700134,0.9236999750137329,0.9281010031700134,3500.0
2025-06-26 11:17:00,IE,,9.9399995803833,9.9399995803833,9.90999984741211,9.90999984741211,603.0
2025-06-26 11:17:00,IMO,,81.33999633789062,81.33999633789062,81.33000183105469,81.33000183105469,278.0
2025-06-26 11:17:00,INDO,,3.163300037384033,3.163300037384033,3.144399881362915,3.144399881362915,559.0
2025-06-26 11:17:00,KNW,,1.7690000534057617,1.7799999713897705,1.7690000534057617,1.7799999713897705,7597.0
2025-06-26 11:17:00,KULR,,5.177599906921387,5.177599906921387,5.170000076293945,5.175000190734863,1924.0
2025-06-26 11:17:00,LCTX,,1.0399999618530273,1.0490000247955322,1.0399999618530273,1.0449999570846558,2147.0
2025-06-26 11:17:00,LEU,,179.4550018310547,180.8699951171875,179.110107421875,179.4550018310547,14461.0
2025-06-26 11:17:00,LMND,,41.619998931884766,41.63999938964844,41.540000915527344,41.540000915527344,15676.0
2025-06-26 11:17:00,LNG,,241.80999755859375,241.80999755859375,241.80999755859375,241.80999755859375,1016.0
2025-06-26 11:17:00,LODE,,3.7049999237060547,3.7049999237060547,3.7049999237060547,3.7049999237060547,7958.0
2025-06-26 11:17:00,MAG,,21.385000228881836,21.390100479125977,21.385000228881836,21.389999389648438,600.0
2025-06-26 11:17:00,NAK,,1.5551999807357788,1.5551999807357788,1.5413000583648682,1.5413000583648682,67150.0
2025-06-26 11:17:00,NCL,,0.17720000445842743,0.17720000445842743,0.17720000445842743,0.17720000445842743,206.0
2025-06-26 11:17:00,NFGC,,1.475000023841858,1.475000023841858,1.475000023841858,1.475000023841858,130.0
2025-06-26 11:17:00,NG,,3.933500051498413,3.934999942779541,3.933500051498413,3.934999942779541,1072.0
2025-06-26 11:17:00,NGD,,4.90500020980835,4.90500020980835,4.900000095367432,4.901899814605713,5773.0
2025-06-26 11:17:00,NML,,8.819999694824219,8.819999694824219,8.819999694824219,8.819999694824219,200.0
2025-06-26 11:17:00,OPTT,,0.5121999979019165,0.5134999752044678,0.5101000070571899,0.5134999752044678,4170.0
2025-06-26 11:17:00,ORLA,,10.104999542236328,10.104999542236328,10.100000381469727,10.100000381469727,598.0
2025-06-26 11:17:00,OSTX,,1.8350000381469727,1.8350000381469727,1.8350000381469727,1.8350000381469727,105.0
2025-06-26 11:17:00,PLMR,,149.1999969482422,149.1999969482422,148.80999755859375,148.89999389648438,6539.0
2025-06-26 11:17:00,PRK,,165.64500427246094,165.64500427246094,165.64500427246094,165.64500427246094,203.0
2025-06-26 11:17:00,REI,,0.78329998254776,0.7840999960899353,0.78329998254776,0.7840999960899353,201.0
2025-06-26 11:17:00,REPX,,26.739999771118164,26.739999771118164,26.739999771118164,26.739999771118164,229.0
2025-06-26 11:17:00,SATX,,2.9600000381469727,2.9600000381469727,2.9600000381469727,2.9600000381469727,400.0
2025-06-26 11:17:00,SEB,,2958.10009765625,2960.0,2957.10009765625,2957.10009765625,51.0
2025-06-26 11:17:00,SENS,,0.49729999899864197,0.4975999891757965,0.49720001220703125,0.4975000023841858,26534.0
2025-06-26 11:17:00,SIF,,3.4000000953674316,3.4000000953674316,3.4000000953674316,3.4000000953674316,765.0
2025-06-26 11:17:00,SLI,,1.8901000022888184,1.8901000022888184,1.8901000022888184,1.8901000022888184,1000.0
2025-06-26 11:17:00,SLND,,3.798099994659424,3.798099994659424,3.798099994659424,3.798099994659424,905.0
2025-06-26 11:17:00,STXS,,2.2399001121520996,2.240000009536743,2.234999895095825,2.240000009536743,7798.0
2025-06-26 11:17:00,SVM,,4.170000076293945,4.170000076293945,4.165800094604492,4.170000076293945,6720.0
2025-06-26 11:17:00,TGB,,3.089900016784668,3.0899999141693115,3.0799999237060547,3.0850000381469727,91334.0
2025-06-26 11:17:00,TPET,,1.215000033378601,1.215000033378601,1.215000033378601,1.215000033378601,283.0
2025-06-26 11:17:00,UAMY,,2.5199999809265137,2.525399923324585,2.5199999809265137,2.5250000953674316,1823.0
2025-06-26 11:17:00,UAVS,,1.0950000286102295,1.0950000286102295,1.0950000286102295,1.0950000286102295,3565.0
2025-06-26 11:17:00,UEC,,6.889999866485596,6.889999866485596,6.851200103759766,6.851200103759766,43921.0
2025-06-26 11:17:00,URG,,1.0434999465942383,1.0499999523162842,1.034999966621399,1.034999966621399,38535.0
2025-06-26 11:17:00,USAS,,0.8287000060081482,0.8287000060081482,0.8188999891281128,0.8188999891281128,22609.0
2025-06-26 11:17:00,UUUU,,5.809999942779541,5.815000057220459,5.784999847412109,5.784999847412109,107864.0
2025-06-26 11:17:00,VGZ,,1.0199999809265137,1.0199999809265137,1.0199999809265137,1.0199999809265137,100.0
2025-06-26 11:17:00,VKI,,8.199899673461914,8.199899673461914,8.199899673461914,8.199899673461914,975.0
2025-06-26 11:17:00,VZLA,,2.994999885559082,3.0,2.994999885559082,2.9990999698638916,23556.0
2025-06-26 11:17:00,WRN,,1.256500005722046,1.256500005722046,1.256500005722046,1.256500005722046,100.0
2025-06-26 11:17:00,WYY,,3.4302000999450684,3.4302000999450684,3.4302000999450684,3.4302000999450684,3198.0
2025-06-26 11:17:00,XPL,,0.6413999795913696,0.6413999795913696,0.6413999795913696,0.6413999795913696,6549.0
2025-06-26 11:17:00,ZDGE,,4.251800060272217,4.284999847412109,4.251800060272217,4.284999847412109,654.0
2025-06-26 11:18:00,ASM,,3.54010009765625,3.5499000549316406,3.54010009765625,3.5499000549316406,20133.0
2025-06-26 11:18:00,ATNM,,1.5099999904632568,1.5175000429153442,1.5099999904632568,1.51010000705719,6272.0
2025-06-26 11:18:00,AZTR,,0.25859999656677246,0.25859999656677246,0.2572000026702881,0.25859999656677246,4705.0
2025-06-26 11:18:00,BRBS,,3.2850000858306885,3.2850000858306885,3.2850000858306885,3.2850000858306885,327.0
2025-06-26 11:18:00,BTG,,3.630000114440918,3.630000114440918,3.619999885559082,3.6201000213623047,182203.0
2025-06-26 11:18:00,BURU,,0.3218500018119812,0.32199999690055847,0.32170000672340393,0.32199999690055847,7755.0
2025-06-26 11:18:00,CATX,,3.6050000190734863,3.634999990463257,3.5999999046325684,3.6050000190734863,9989.0
2025-06-26 11:18:00,CBOE,,227.36000061035156,227.4199981689453,227.24000549316406,227.32000732421875,1676.0
2025-06-26 11:18:00,CEF,,30.315000534057617,30.315000534057617,30.315000534057617,30.315000534057617,157.0
2025-06-26 11:18:00,CIK,,2.940000057220459,2.944999933242798,2.940000057220459,2.9407999515533447,3000.0
2025-06-26 11:18:00,CLM,,7.940000057220459,7.945000171661377,7.940000057220459,7.945000171661377,404.0
2025-06-26 11:18:00,CQP,,56.029998779296875,56.040000915527344,55.91999816894531,56.040000915527344,846.0
2025-06-26 11:18:00,CRF,,7.566299915313721,7.570000171661377,7.565000057220459,7.565000057220459,1261.0
2025-06-26 11:18:00,CTGO,,20.809999465942383,20.809999465942383,20.809999465942383,20.809999465942383,384.0
2025-06-26 11:18:00,CTM,,1.0334999561309814,1.0391000509262085,1.0299999713897705,1.0391000509262085,4672.0
2025-06-26 11:18:00,DC,,3.819999933242798,3.8299999237060547,3.819999933242798,3.819999933242798,631.0
2025-06-26 11:18:00,DHY,,2.115000009536743,2.115000009536743,2.109999895095825,2.109999895095825,9105.0
2025-06-26 11:18:00,DNN,,1.7999999523162842,1.809999942779541,1.7999999523162842,1.8006000518798828,471914.0
2025-06-26 11:18:00,DSS,,0.9429000020027161,0.9429000020027161,0.9429000020027161,0.9429000020027161,28684.0
2025-06-26 11:18:00,EAD,,6.989999771118164,6.989999771118164,6.989999771118164,6.989999771118164,112.0
2025-06-26 11:18:00,ECF,,10.15999984741211,10.15999984741211,10.15999984741211,10.15999984741211,600.0
2025-06-26 11:18:00,EIM,,9.545000076293945,9.550000190734863,9.545000076293945,9.545000076293945,3783.0
2025-06-26 11:18:00,ELA,,6.0,6.0,6.0,6.0,160.0
2025-06-26 11:18:00,ELLO,,17.300100326538086,17.300100326538086,17.300100326538086,17.300100326538086,194.0
2025-06-26 11:18:00,ELMD,,21.3799991607666,21.3799991607666,21.209999084472656,21.209999084472656,1663.0
2025-06-26 11:18:00,EMX,,2.5446999073028564,2.5446999073028564,2.5446999073028564,2.5446999073028564,218.0
2025-06-26 11:18:00,EP,,5.419899940490723,5.419899940490723,5.419899940490723,5.419899940490723,504.0
2025-06-26 11:18:00,EPM,,4.730100154876709,4.730100154876709,4.730100154876709,4.730100154876709,1549.0
2025-06-26 11:18:00,EQX,,5.93310022354126,5.934999942779541,5.929999828338623,5.929999828338623,79549.0
2025-06-26 11:18:00,EVM,,8.850000381469727,8.850000381469727,8.850000381469727,8.850000381469727,14105.0
2025-06-26 11:18:00,FOXO,,0.20010000467300415,0.20010000467300415,0.20000000298023224,0.20000000298023224,10405.0
2025-06-26 11:18:00,FRD,,16.100000381469727,16.100000381469727,16.100000381469727,16.100000381469727,0.0
2025-06-26 11:18:00,FTF,,6.385000228881836,6.385000228881836,6.385000228881836,6.385000228881836,348.0
2025-06-26 11:18:00,GAU,,1.315000057220459,1.315000057220459,1.315000057220459,1.315000057220459,100.0
2025-06-26 11:18:00,GGN,,4.36870002746582,4.369999885559082,4.36870002746582,4.369999885559082,4171.0
2025-06-26 11:18:00,GNS,,0.8597999811172485,0.8691999912261963,0.8500000238418579,0.863099992275238,33946.0
2025-06-26 11:18:00,GORO,,0.539900004863739,0.539900004863739,0.5350000262260437,0.5350000262260437,211.0
2025-06-26 11:18:00,GROY,,2.2899999618530273,2.2950000762939453,2.2899999618530273,2.2950000762939453,8904.0
2025-06-26 11:18:00,HUSA,,13.109999656677246,13.109999656677246,13.109999656677246,13.109999656677246,213.0
2025-06-26 11:18:00,IBO,,0.9258999824523926,0.9259009957313538,0.9236999750137329,0.9236999750137329,3505.0
2025-06-26 11:18:00,IE,,9.925000190734863,9.925000190734863,9.925000190734863,9.925000190734863,108.0
2025-06-26 11:18:00,IMO,,81.28500366210938,81.31999969482422,81.28500366210938,81.31999969482422,1199.0
2025-06-26 11:18:00,INDO,,3.1549999713897705,3.1549999713897705,3.1549999713897705,3.1549999713897705,152.0
2025-06-26 11:18:00,INFU,,6.485000133514404,6.485000133514404,6.485000133514404,6.485000133514404,233.0
2025-06-26 11:18:00,ITRG,,1.559999942779541,1.565000057220459,1.559999942779541,1.565000057220459,387.0
2025-06-26 11:18:00,KNW,,1.7654000520706177,1.7690000534057617,1.76010000705719,1.76010000705719,590.0
2025-06-26 11:18:00,KULR,,5.177499771118164,5.177499771118164,5.170100212097168,5.177499771118164,1661283.0
2025-06-26 11:18:00,LCTX,,1.0449999570846558,1.0449999570846558,1.0399999618530273,1.0449999570846558,1232.0
2025-06-26 11:18:00,LEU,,180.72000122070312,180.7299041748047,179.75999450683594,180.72000122070312,16412.0
2025-06-26 11:18:00,LMND,,41.730098724365234,41.790000915527344,41.599998474121094,41.599998474121094,4750.0
2025-06-26 11:18:00,LNG,,241.68499755859375,241.68499755859375,241.58999633789062,241.58999633789062,1062.0
2025-06-26 11:18:00,LODE,,3.700000047683716,3.700000047683716,3.700000047683716,3.700000047683716,1283.0
2025-06-26 11:18:00,MAG,,21.3799991607666,21.3799991607666,21.3799991607666,21.3799991607666,520.0
2025-06-26 11:18:00,MTA,,3.865000009536743,3.865000009536743,3.865000009536743,3.865000009536743,546.0
2025-06-26 11:18:00,NAK,,1.5450999736785889,1.5599000453948975,1.5449999570846558,1.5597000122070312,12319.0
2025-06-26 11:18:00,NBH,,9.819999694824219,9.819999694824219,9.819999694824219,9.819999694824219,100.0
2025-06-26 11:18:00,NG,,3.934999942779541,3.940000057220459,3.930000066757202,3.934999942779541,1615400.0
2025-06-26 11:18:00,NGD,,4.900000095367432,4.909999847412109,4.900000095367432,4.90500020980835,2952.0
2025-06-26 11:18:00,NHS,,7.485000133514404,7.485000133514404,7.485000133514404,7.485000133514404,490.0
2025-06-26 11:18:00,NML,,8.835000038146973,8.835000038146973,8.819999694824219,8.819999694824219,2760.0
2025-06-26 11:18:00,NNVC,,1.2100000381469727,1.2151999473571777,1.2100000381469727,1.2151999473571777,1170.0
2025-06-26 11:18:00,OPTT,,0.5101000070571899,0.5101000070571899,0.5101000070571899,0.5101000070571899,310.0
2025-06-26 11:18:00,ORLA,,10.101099967956543,10.104999542236328,10.101099967956543,10.104999542236328,846.0
2025-06-26 11:18:00,PLG,,1.6145999431610107,1.6188000440597534,1.6100000143051147,1.6109999418258667,8096.0
2025-06-26 11:18:00,PLMR,,149.24009704589844,149.24009704589844,149.24009704589844,149.24009704589844,775.0
2025-06-26 11:18:00,PLX,,1.475000023841858,1.475000023841858,1.4700000286102295,1.475000023841858,815.0
2025-06-26 11:18:00,REI,,0.78329998254776,0.78329998254776,0.78329998254776,0.78329998254776,500.0
2025-06-26 11:18:00,SATX,,2.9600000381469727,2.9600000381469727,2.9600000381469727,2.9600000381469727,200.0
2025-06-26 11:18:00,SENS,,0.4970000088214874,0.49709999561309814,0.4970000088214874,0.49709999561309814,4092.0
2025-06-26 11:18:00,SLI,,1.899999976158142,1.899999976158142,1.8899999856948853,1.8899999856948853,1683.0
2025-06-26 11:18:00,SLND,,3.799999952316284,3.799999952316284,3.799999952316284,3.799999952316284,401.0
2025-06-26 11:18:00,STRW,,10.779999732971191,10.800000190734863,10.779999732971191,10.800000190734863,1809.0
2025-06-26 11:18:00,STXS,,2.234999895095825,2.234999895095825,2.234999895095825,2.234999895095825,1038.0
2025-06-26 11:18:00,SVM,,4.170000076293945,4.170000076293945,4.164999961853027,4.164999961853027,1362.0
2025-06-26 11:18:00,TGB,,3.1050000190734863,3.109999895095825,3.0799999237060547,3.0899999141693115,316379.0
2025-06-26 11:18:00,TMQ,,1.5099999904632568,1.5099999904632568,1.5099999904632568,1.5099999904632568,105.0
2025-06-26 11:18:00,UAMY,,2.5199999809265137,2.5250000953674316,2.5199999809265137,2.5199999809265137,5372.0
2025-06-26 11:18:00,UAVS,,1.0950000286102295,1.0950000286102295,1.0950000286102295,1.0950000286102295,155.0
2025-06-26 11:18:00,UEC,,6.894999980926514,6.909999847412109,6.880000114440918,6.885000228881836,35761.0
2025-06-26 11:18:00,URG,,1.0449999570846558,1.0499999523162842,1.0449999570846558,1.0499999523162842,627.0
2025-06-26 11:18:00,USAS,,0.8266500234603882,0.8266500234603882,0.8266500234603882,0.8266500234603882,1526.0
2025-06-26 11:18:00,UUUU,,5.800000190734863,5.809999942779541,5.795000076293945,5.809999942779541,62999.0
2025-06-26 11:18:00,VGZ,,1.0149999856948853,1.0149999856948853,1.0149999856948853,1.0149999856948853,166.0
2025-06-26 11:18:00,VTAK,,0.25920000672340393,0.25920000672340393,0.25920000672340393,0.25920000672340393,115.0
2025-06-26 11:18:00,VZLA,,2.994999885559082,2.994999885559082,2.994999885559082,2.994999885559082,457.0
2025-06-26 11:18:00,WYY,,3.5369999408721924,3.549999952316284,3.4800000190734863,3.4800000190734863,15085.0
2025-06-26 11:18:00,ZDGE,,4.284999847412109,4.284999847412109,4.242000102996826,4.284999847412109,800.0
2025-06-26 11:19:00,AIM,,8.899999618530273,8.899999618530273,8.899999618530273,8.899999618530273,0.0
2025-06-26 11:19:00,ARMN,,6.889999866485596,6.889999866485596,6.885000228881836,6.885000228881836,3929.0
2025-06-26 11:19:00,ASM,,3.5450000762939453,3.5450000762939453,3.5299999713897705,3.54010009765625,30636.0
2025-06-26 11:19:00,ATNM,,1.5149999856948853,1.5149999856948853,1.5099999904632568,1.5099999904632568,1010.0
2025-06-26 11:19:00,AZTR,,0.26249998807907104,0.26249998807907104,0.25859999656677246,0.25859999656677246,13688.0
2025-06-26 11:19:00,BKTI,,54.3650016784668,54.3650016784668,54.3650016784668,54.3650016784668,1089.0
2025-06-26 11:19:00,BRBS,,3.2850000858306885,3.2850000858306885,3.2850000858306885,3.2850000858306885,200.0
2025-06-26 11:19:00,BTG,,3.625,3.630000114440918,3.619999885559082,3.619999885559082,123846.0
2025-06-26 11:19:00,BURU,,0.32190099358558655,0.322299987077713,0.32170000672340393,0.32190001010894775,26034.0
2025-06-26 11:19:00,CATX,,3.634999990463257,3.634999990463257,3.6050000190734863,3.6050000190734863,4762.0
2025-06-26 11:19:00,CBOE,,227.38999938964844,227.4550018310547,227.37240600585938,227.42999267578125,690.0
2025-06-26 11:19:00,CIK,,2.9400999546051025,2.944999933242798,2.9400999546051025,2.940200090408325,2101.0
2025-06-26 11:19:00,COHN,,10.061800003051758,10.061800003051758,10.061800003051758,10.061800003051758,191.0
2025-06-26 11:19:00,CQP,,56.029998779296875,56.029998779296875,55.869998931884766,56.02000045776367,550.0
2025-06-26 11:19:00,CRF,,7.559999942779541,7.5640997886657715,7.559999942779541,7.5640997886657715,666.0
2025-06-26 11:19:00,CTM,,1.0399999618530273,1.0399999618530273,1.0399999618530273,1.0399999618530273,218.0
2025-06-26 11:19:00,DHY,,2.115000009536743,2.115000009536743,2.115000009536743,2.115000009536743,1000.0
2025-06-26 11:19:00,DNN,,1.7999999523162842,1.809999942779541,1.7999999523162842,1.7999999523162842,35610.0
2025-06-26 11:19:00,ECF,,10.15999984741211,10.15999984741211,10.15999984741211,10.15999984741211,284.0
2025-06-26 11:19:00,ELMD,,21.295000076293945,21.295000076293945,21.295000076293945,21.295000076293945,176.0
2025-06-26 11:19:00,EQX,,5.934999942779541,5.934999942779541,5.929999828338623,5.929999828338623,8801.0
2025-06-26 11:19:00,FOXO,,0.20010000467300415,0.20010000467300415,0.20010000467300415,0.20010000467300415,199.0
2025-06-26 11:19:00,FURY,,0.4844000041484833,0.4844000041484833,0.4844000041484833,0.4844000041484833,60379.0
2025-06-26 11:19:00,GLDG,,0.7437999844551086,0.7437999844551086,0.7437999844551086,0.7437999844551086,100.0
2025-06-26 11:19:00,GNS,,0.8597999811172485,0.8597999811172485,0.8501999974250793,0.8550509810447693,7209.0
2025-06-26 11:19:00,GORO,,0.539900004863739,0.539900004863739,0.539900004863739,0.539900004863739,300.0
2025-06-26 11:19:00,GROY,,2.2850000858306885,2.2899999618530273,2.282900094985962,2.2850000858306885,4525.0
2025-06-26 11:19:00,GSAT,,23.1299991607666,23.1299991607666,23.1299991607666,23.1299991607666,520.0
2025-06-26 11:19:00,IBO,,0.926800012588501,0.9300000071525574,0.926800012588501,0.9276000261306763,1849.0
2025-06-26 11:19:00,IDR,,13.3100004196167,13.3149995803833,13.284099578857422,13.284099578857422,1642.0
2025-06-26 11:19:00,IE,,9.90999984741211,9.925000190734863,9.90999984741211,9.90999984741211,1372.0
2025-06-26 11:19:00,ITRG,,1.559999942779541,1.565000057220459,1.559999942779541,1.565000057220459,400.0
2025-06-26 11:19:00,KNW,,1.7599999904632568,1.7699999809265137,1.7599999904632568,1.7599999904632568,5131.0
2025-06-26 11:19:00,KULR,,5.177499771118164,5.177499771118164,5.170100212097168,5.177499771118164,3478.0
2025-06-26 11:19:00,LCTX,,1.0449999570846558,1.0499999523162842,1.0449999570846558,1.0499999523162842,723.0
2025-06-26 11:19:00,LEU,,181.47999572753906,181.5,180.7100067138672,180.7198944091797,20701.0
2025-06-26 11:19:00,LMND,,41.849998474121094,41.907501220703125,41.810001373291016,41.81999969482422,4638.0
2025-06-26 11:19:00,LNG,,241.8800048828125,242.0,241.7100067138672,241.7100067138672,7900.0
2025-06-26 11:19:00,MAG,,21.3799991607666,21.3799991607666,21.364999771118164,21.3799991607666,2249.0
2025-06-26 11:19:00,MRT,,2.75,2.75,2.75,2.75,2006.0
2025-06-26 11:19:00,MTNB,,0.9328600168228149,0.9328600168228149,0.9300000071525574,0.9320999979972839,2410.0
2025-06-26 11:19:00,MYO,,2.2799999713897705,2.2850000858306885,2.2799999713897705,2.2850000858306885,1659.0
2025-06-26 11:19:00,NAK,,1.5489000082015991,1.5499999523162842,1.5399999618530273,1.5449999570846558,9561.0
2025-06-26 11:19:00,NG,,3.9398999214172363,3.9398999214172363,3.930000066757202,3.930000066757202,4605.0
2025-06-26 11:19:00,NGD,,4.90500020980835,4.909303188323975,4.900000095367432,4.90500020980835,49488.0
2025-06-26 11:19:00,OBE,,5.570000171661377,5.570000171661377,5.570000171661377,5.570000171661377,601.0
2025-06-26 11:19:00,OGEN,,3.509999990463257,3.509999990463257,3.509999990463257,3.509999990463257,456.0
2025-06-26 11:19:00,ORLA,,10.100000381469727,10.104999542236328,10.095000267028809,10.100000381469727,3449.0
2025-06-26 11:19:00,OSTX,,1.8398000001907349,1.8398000001907349,1.8398000001907349,1.8398000001907349,645.0
2025-06-26 11:19:00,PED,,0.6700000166893005,0.6700000166893005,0.6601999998092651,0.6601999998092651,223.0
2025-06-26 11:19:00,PHGE,,0.45989999175071716,0.45989999175071716,0.45989999175071716,0.45989999175071716,359.0
2025-06-26 11:19:00,PLG,,1.6150000095367432,1.6200000047683716,1.6100000143051147,1.6150000095367432,3444.0
2025-06-26 11:19:00,PLMR,,149.36000061035156,149.3699951171875,149.36000061035156,149.36749267578125,1063.0
2025-06-26 11:19:00,PLX,,1.475000023841858,1.475000023841858,1.4700000286102295,1.4700000286102295,225.0
2025-06-26 11:19:00,REI,,0.7838000059127808,0.7838000059127808,0.7833999991416931,0.7838000059127808,5428.0
2025-06-26 11:19:00,SATX,,2.9600000381469727,2.9600000381469727,2.9600000381469727,2.9600000381469727,125.0
2025-06-26 11:19:00,SEB,,2935.199951171875,2946.0,2935.199951171875,2945.9951171875,3.0
2025-06-26 11:19:00,SENS,,0.4968999922275543,0.4970099925994873,0.4968999922275543,0.4970099925994873,10784.0
2025-06-26 11:19:00,SGN,,1.0199999809265137,1.0199999809265137,1.0199999809265137,1.0199999809265137,130.0
2025-06-26 11:19:00,SLI,,1.8899999856948853,1.8906999826431274,1.8899999856948853,1.8906999826431274,5906.0
2025-06-26 11:19:00,STRW,,10.79010009765625,10.79010009765625,10.79010009765625,10.79010009765625,536.0
2025-06-26 11:19:00,STXS,,2.2399001121520996,2.240000009536743,2.2399001121520996,2.240000009536743,2686.0
2025-06-26 11:19:00,SVM,,4.164999961853027,4.179999828338623,4.159999847412109,4.164999961853027,227747.0
2025-06-26 11:19:00,TGB,,3.0999999046325684,3.109999895095825,3.0999999046325684,3.0999999046325684,205512.0
2025-06-26 11:19:00,TMQ,,1.5009000301361084,1.5009000301361084,1.5009000301361084,1.5009000301361084,186.0
2025-06-26 11:19:00,TPET,,1.215000033378601,1.215000033378601,1.215000033378601,1.215000033378601,1038.0
2025-06-26 11:19:00,TRX,,0.3393000066280365,0.3393000066280365,0.3393000066280365,0.3393000066280365,82094.0
2025-06-26 11:19:00,UAMY,,2.5250000953674316,2.5250000953674316,2.5199999809265137,2.5250000953674316,872.0
2025-06-26 11:19:00,UAVS,,1.1100000143051147,1.1100000143051147,1.0999000072479248,1.0999000072479248,105982.0
2025-06-26 11:19:00,UEC,,6.8979997634887695,6.8979997634887695,6.889999866485596,6.894999980926514,8041.0
2025-06-26 11:19:00,URG,,1.0399999618530273,1.0499999523162842,1.0399999618530273,1.0399999618530273,43860.0
2025-06-26 11:19:00,USAS,,0.824400007724762,0.824400007724762,0.824400007724762,0.824400007724762,560.0
2025-06-26 11:19:00,UTG,,35.31959915161133,35.31959915161133,35.31959915161133,35.31959915161133,890.0
2025-06-26 11:19:00,UUUU,,5.784999847412109,5.791900157928467,5.78000020980835,5.791900157928467,6119.0
2025-06-26 11:19:00,VKI,,8.199999809265137,8.199999809265137,8.199999809265137,8.199999809265137,0.0
2025-06-26 11:19:00,VNRX,,0.7699999809265137,0.7699999809265137,0.7699999809265137,0.7699999809265137,100.0
2025-06-26 11:19:00,VTAK,,0.2581000030040741,0.2581000030040741,0.2581000030040741,0.2581000030040741,119.0
2025-06-26 11:19:00,VZLA,,3.0,3.0,3.0,3.0,1500.0
2025-06-26 11:19:00,WRN,,1.250100016593933,1.2549999952316284,1.250100016593933,1.2549999952316284,1535.0
2025-06-26 11:19:00,ZDGE,,4.256199836730957,4.256199836730957,4.246300220489502,4.246300220489502,500.0
2025-06-26 11:20:00,AIRI,,3.390000104904175,3.390000104904175,3.390000104904175,3.390000104904175,2759.0
2025-06-26 11:20:00,ARMN,,6.889999866485596,6.889999866485596,6.889999866485596,6.889999866485596,2192.0
2025-06-26 11:20:00,ASM,,3.549999952316284,3.549999952316284,3.549999952316284,3.549999952316284,208.0
2025-06-26 11:20:00,ATNM,,1.5099999904632568,1.5149999856948853,1.5099999904632568,1.5099999904632568,700.0
2025-06-26 11:20:00,AZTR,,0.25859999656677246,0.25859999656677246,0.25859999656677246,0.25859999656677246,2101.0
2025-06-26 11:20:00,BATL,,1.524999976158142,1.524999976158142,1.524999976158142,1.524999976158142,419.0
2025-06-26 11:20:00,BHM,,12.380000114440918,12.380000114440918,12.380000114440918,12.380000114440918,890.0
2025-06-26 11:20:00,BRBS,,3.2850000858306885,3.2850000858306885,3.2809998989105225,3.2809998989105225,555.0
2025-06-26 11:20:00,BTG,,3.6231000423431396,3.630000114440918,3.619999885559082,3.625,165490.0
2025-06-26 11:20:00,BURU,,0.32420000433921814,0.32440000772476196,0.3221000134944916,0.3221000134944916,8898.0
2025-06-26 11:20:00,CATX,,3.6649999618530273,3.6700000762939453,3.634999990463257,3.6649999618530273,10939.0
2025-06-26 11:20:00,CBOE,,227.50999450683594,227.50999450683594,227.50999450683594,227.50999450683594,403.0
2025-06-26 11:20:00,CIK,,2.940000057220459,2.940000057220459,2.940000057220459,2.940000057220459,100.0
2025-06-26 11:20:00,CLM,,7.942599773406982,7.942599773406982,7.942599773406982,7.942599773406982,442.0
2025-06-26 11:20:00,CMCL,,19.06999969482422,19.06999969482422,19.06999969482422,19.06999969482422,427.0
2025-06-26 11:20:00,CQP,,55.91999816894531,56.029998779296875,55.91550064086914,55.91999816894531,606.0
2025-06-26 11:20:00,CYBN,,8.520000457763672,8.520000457763672,8.520000457763672,8.520000457763672,240.0
2025-06-26 11:20:00,DC,,3.819999933242798,3.819999933242798,3.819999933242798,3.819999933242798,1004.0
2025-06-26 11:20:00,DHY,,2.115000009536743,2.115000009536743,2.115000009536743,2.115000009536743,3000.0
2025-06-26 11:20:00,DNN,,1.801300048828125,1.809999942779541,1.7999999523162842,1.8049999475479126,25868.0
2025-06-26 11:20:00,EAD,,6.989999771118164,6.989999771118164,6.986499786376953,6.986499786376953,794.0
2025-06-26 11:20:00,EIM,,9.556500434875488,9.556500434875488,9.556500434875488,9.556500434875488,13734.0
2025-06-26 11:20:00,EMX,,2.5399999618530273,2.5399999618530273,2.5399999618530273,2.5399999618530273,601.0
2025-06-26 11:20:00,EPM,,4.755000114440918,4.755000114440918,4.755000114440918,4.755000114440918,301.0
2025-06-26 11:20:00,EQX,,5.940000057220459,5.940000057220459,5.929999828338623,5.929999828338623,11241.0
2025-06-26 11:20:00,ERC,,9.369999885559082,9.369999885559082,9.369999885559082,9.369999885559082,200.0
2025-06-26 11:20:00,ESBA,,7.840000152587891,7.840000152587891,7.840000152587891,7.840000152587891,2667.0
2025-06-26 11:20:00,FSP,,1.690000057220459,1.690000057220459,1.690000057220459,1.690000057220459,100.0
2025-06-26 11:20:00,GAU,,1.315000057220459,1.315000057220459,1.315000057220459,1.315000057220459,377.0
2025-06-26 11:20:00,GLDG,,0.7437000274658203,0.7437000274658203,0.7437000274658203,0.7437000274658203,3050.0
2025-06-26 11:20:00,GLO,,5.340000152587891,5.340000152587891,5.335000038146973,5.335000038146973,782.0
2025-06-26 11:20:00,GNS,,0.8549010157585144,0.8597999811172485,0.8501999974250793,0.8597999811172485,14204.0
2025-06-26 11:20:00,GORO,,0.5434489846229553,0.5434489846229553,0.5388000011444092,0.539900004863739,4754.0
2025-06-26 11:20:00,GROY,,2.2850000858306885,2.2850000858306885,2.2850000858306885,2.2850000858306885,489.0
2025-06-26 11:20:00,HUSA,,13.119999885559082,13.119999885559082,13.119999885559082,13.119999885559082,308.0
2025-06-26 11:20:00,IBO,,0.9300000071525574,0.9300000071525574,0.9300000071525574,0.9300000071525574,1437.0
2025-06-26 11:20:00,IDR,,13.3149995803833,13.3149995803833,13.3149995803833,13.3149995803833,114.0
2025-06-26 11:20:00,IE,,9.920000076293945,9.920000076293945,9.90999984741211,9.90999984741211,999.0
2025-06-26 11:20:00,IMO,,81.19000244140625,81.29499816894531,81.18000030517578,81.29499816894531,1064.0
2025-06-26 11:20:00,INUV,,3.875,3.875,3.875,3.875,190.0
2025-06-26 11:20:00,ITP,,0.18889999389648438,0.18889999389648438,0.18889999389648438,0.18889999389648438,441.0
2025-06-26 11:20:00,ITRG,,1.5666999816894531,1.5666999816894531,1.5666999816894531,1.5666999816894531,297.0
2025-06-26 11:20:00,KNW,,1.760699987411499,1.7694000005722046,1.760699987411499,1.7694000005722046,387.0
2025-06-26 11:20:00,KULR,,5.15500020980835,5.175000190734863,5.150000095367432,5.175000190734863,6354.0
2025-06-26 11:20:00,LCTX,,1.0449999570846558,1.0449999570846558,1.0399999618530273,1.0449999570846558,859.0
2025-06-26 11:20:00,LEU,,181.6300048828125,181.7100067138672,180.94000244140625,181.0,6524.0
2025-06-26 11:20:00,LMND,,41.85499954223633,41.85499954223633,41.810001373291016,41.810001373291016,660.0
2025-06-26 11:20:00,LNG,,241.9499969482422,241.9499969482422,241.9199981689453,241.9199981689453,749.0
2025-06-26 11:20:00,LODE,,3.7040998935699463,3.7040998935699463,3.7040998935699463,3.7040998935699463,1550.0
2025-06-26 11:20:00,MAG,,21.3700008392334,21.389999389648438,21.3700008392334,21.389999389648438,1123.0
2025-06-26 11:20:00,MHH,,6.679999828338623,6.789999961853027,6.649899959564209,6.650000095367432,1540.0
2025-06-26 11:20:00,MITQ,,0.6894999742507935,0.6894999742507935,0.6894999742507935,0.6894999742507935,253.0
2025-06-26 11:20:00,MRT,,2.7300000190734863,2.7500998973846436,2.7300000190734863,2.7500998973846436,574.0
2025-06-26 11:20:00,MTA,,3.869999885559082,3.869999885559082,3.865000009536743,3.869999885559082,2970.0
2025-06-26 11:20:00,NAK,,1.559000015258789,1.559000015258789,1.5499999523162842,1.5499999523162842,33935.0
2025-06-26 11:20:00,NBH,,9.819999694824219,9.819999694824219,9.819999694824219,9.819999694824219,101.0
2025-06-26 11:20:00,NCL,,0.17640000581741333,0.17640000581741333,0.17634999752044678,0.17634999752044678,2646.0
2025-06-26 11:20:00,NFGC,,1.4700000286102295,1.4700000286102295,1.4700000286102295,1.4700000286102295,1382.0
2025-06-26 11:20:00,NG,,3.934999942779541,3.934999942779541,3.934999942779541,3.934999942779541,248.0
2025-06-26 11:20:00,NGD,,4.90500020980835,4.905200004577637,4.900000095367432,4.900000095367432,15330.0
2025-06-26 11:20:00,NHS,,7.489999771118164,7.489999771118164,7.489999771118164,7.489999771118164,412.0
2025-06-26 11:20:00,NNVC,,1.200600028038025,1.200600028038025,1.200600028038025,1.200600028038025,196.0
2025-06-26 11:20:00,NRO,,3.190000057220459,3.199899911880493,3.190000057220459,3.199899911880493,2801.0
2025-06-26 11:20:00,OBE,,5.570000171661377,5.570000171661377,5.570000171661377,5.570000171661377,114.0
2025-06-26 11:20:00,OPTT,,0.5102999806404114,0.5117499828338623,0.5102999806404114,0.5117499828338623,2840.0
2025-06-26 11:20:00,ORLA,,10.09000015258789,10.119999885559082,10.09000015258789,10.109999656677246,5533.0
2025-06-26 11:20:00,PLG,,1.6150000095367432,1.618899941444397,1.6150000095367432,1.618899941444397,324.0
2025-06-26 11:20:00,PLX,,1.475000023841858,1.475000023841858,1.475000023841858,1.475000023841858,467.0
2025-06-26 11:20:00,REI,,0.7833999991416931,0.7833999991416931,0.7833999991416931,0.7833999991416931,410.0
2025-06-26 11:20:00,SATX,,2.9600000381469727,2.9600000381469727,2.9600000381469727,2.9600000381469727,123887.0
2025-06-26 11:20:00,SEB,,2934.659912109375,2936.110107421875,2934.659912109375,2936.110107421875,2.0
2025-06-26 11:20:00,SENS,,0.4968999922275543,0.4968999922275543,0.4968999922275543,0.4968999922275543,913.0
2025-06-26 11:20:00,SGN,,1.0099999904632568,1.0099999904632568,1.0099999904632568,1.0099999904632568,1033.0
2025-06-26 11:20:00,SIF,,3.446000099182129,3.446000099182129,3.446000099182129,3.446000099182129,322.0
2025-06-26 11:20:00,SLND,,3.7899999618530273,3.799999952316284,3.7899999618530273,3.799999952316284,8713.0
2025-06-26 11:20:00,STXS,,2.2307000160217285,2.234999895095825,2.2307000160217285,2.234999895095825,3055.0
2025-06-26 11:20:00,SVM,,4.160099983215332,4.164999961853027,4.159999847412109,4.159999847412109,26743.0
2025-06-26 11:20:00,TGB,,3.1052000522613525,3.109999895095825,3.1052000522613525,3.1098999977111816,21946.0
2025-06-26 11:20:00,UAMY,,2.527100086212158,2.527100086212158,2.5250000953674316,2.5250000953674316,1533.0
2025-06-26 11:20:00,UAVS,,1.1276999711990356,1.1276999711990356,1.1181000471115112,1.1181000471115112,10141.0
2025-06-26 11:20:00,UEC,,6.919899940490723,6.920000076293945,6.894999980926514,6.894999980926514,49778.0
2025-06-26 11:20:00,URG,,1.0399999618530273,1.0399999618530273,1.0399999618530273,1.0399999618530273,1929.0
2025-06-26 11:20:00,USAS,,0.8266000151634216,0.8266000151634216,0.8266000151634216,0.8266000151634216,140.0
2025-06-26 11:20:00,UTG,,35.400001525878906,35.400001525878906,35.400001525878906,35.400001525878906,220.0
2025-06-26 11:20:00,UUUU,,5.784999847412109,5.800000190734863,5.784999847412109,5.785900115966797,15427.0
2025-06-26 11:20:00,VNRX,,0.7717509865760803,0.7717509865760803,0.7717509865760803,0.7717509865760803,0.0
2025-06-26 11:20:00,VZLA,,2.994999885559082,3.0,2.994999885559082,3.0,762.0
2025-06-26 11:20:00,WYY,,3.4400999546051025,3.4400999546051025,3.4400999546051025,3.4400999546051025,1518.0
2025-06-26 11:20:00,ZDGE,,4.284999847412109,4.284999847412109,4.242000102996826,4.242000102996826,500.0
2025-06-26 11:21:00,ARMN,,6.880000114440918,6.889999866485596,6.880000114440918,6.880000114440918,4832.0
2025-06-26 11:21:00,ASM,,3.5450000762939453,3.5450000762939453,3.54010009765625,3.5450000762939453,6474.0
2025-06-26 11:21:00,ATNM,,1.5099999904632568,1.5154000520706177,1.5049999952316284,1.5154000520706177,5539.0
2025-06-26 11:21:00,AZTR,,0.25859999656677246,0.25859999656677246,0.25859999656677246,0.25859999656677246,1199.0
2025-06-26 11:21:00,BHB,,29.6299991607666,29.6299991607666,29.6299991607666,29.6299991607666,474.0
2025-06-26 11:21:00,BRBS,,3.2799999713897705,3.2850000858306885,3.2799999713897705,3.2850000858306885,868.0
2025-06-26 11:21:00,BTG,,3.625,3.630000114440918,3.619999885559082,3.619999885559082,26799.0
2025-06-26 11:21:00,BURU,,0.3244999945163727,0.3262999951839447,0.32420098781585693,0.32420098781585693,6571.0
2025-06-26 11:21:00,CATX,,3.6700000762939453,3.680000066757202,3.6600000858306885,3.6700000762939453,7662.0
2025-06-26 11:21:00,CBOE,,227.4199981689453,227.60000610351562,227.17999267578125,227.49000549316406,5010.0
2025-06-26 11:21:00,CIK,,2.941499948501587,2.944999933242798,2.940000057220459,2.944999933242798,1200.0
2025-06-26 11:21:00,CLDI,,0.2187490016222,0.2187490016222,0.2187490016222,0.2187490016222,301.0
2025-06-26 11:21:00,CLM,,7.945000171661377,7.945000171661377,7.942399978637695,7.942399978637695,1003.0
2025-06-26 11:21:00,CPHI,,1.75,1.75,1.75,1.75,3099.0
2025-06-26 11:21:00,CQP,,55.91999816894531,55.91999816894531,55.91999816894531,55.91999816894531,527.0
2025-06-26 11:21:00,CRF,,7.559999942779541,7.565000057220459,7.559999942779541,7.565000057220459,264.0
2025-06-26 11:21:00,CTM,,1.0399999618530273,1.0399999618530273,1.0390000343322754,1.0390000343322754,1681.0
2025-06-26 11:21:00,CVM,,2.490000009536743,2.490000009536743,2.490000009536743,2.490000009536743,275.0
2025-06-26 11:21:00,DHY,,2.115000009536743,2.115000009536743,2.109999895095825,2.115000009536743,5140.0
2025-06-26 11:21:00,DNN,,1.805299997329712,1.809999942779541,1.7999999523162842,1.8049999475479126,95856.0
2025-06-26 11:21:00,EAD,,6.989999771118164,6.989999771118164,6.989999771118164,6.989999771118164,200.0
2025-06-26 11:21:00,ECF,,10.170999526977539,10.170999526977539,10.15999984741211,10.15999984741211,2001.0
2025-06-26 11:21:00,ELA,,5.980100154876709,6.0,5.909999847412109,6.0,12591.0
2025-06-26 11:21:00,ELMD,,21.34000015258789,21.3799991607666,21.295000076293945,21.295000076293945,652.0
2025-06-26 11:21:00,EMX,,2.5450000762939453,2.5450000762939453,2.5450000762939453,2.5450000762939453,277.0
2025-06-26 11:21:00,EQX,,5.934999942779541,5.940000057220459,5.929999828338623,5.940000057220459,5096.0
2025-06-26 11:21:00,FTF,,6.385000228881836,6.385000228881836,6.385000228881836,6.385000228881836,200.0
2025-06-26 11:21:00,GNS,,0.8411999940872192,0.8546000123023987,0.8399999737739563,0.8546000123023987,53944.0
2025-06-26 11:21:00,GROY,,2.2850000858306885,2.2850000858306885,2.2850000858306885,2.2850000858306885,600.0
2025-06-26 11:21:00,GSAT,,23.145000457763672,23.145000457763672,23.145000457763672,23.145000457763672,577.0
2025-06-26 11:21:00,GTE,,5.070000171661377,5.070000171661377,5.070000171661377,5.070000171661377,401.0
2025-06-26 11:21:00,HUSA,,13.119999885559082,13.119999885559082,13.119999885559082,13.119999885559082,670.0
2025-06-26 11:21:00,IBO,,0.9283990263938904,0.9283990263938904,0.9283990263938904,0.9283990263938904,1192.0
2025-06-26 11:21:00,IDR,,13.260000228881836,13.279999732971191,13.260000228881836,13.279999732971191,989.0
2025-06-26 11:21:00,IE,,9.9399995803833,9.9399995803833,9.920000076293945,9.920000076293945,1168.0
2025-06-26 11:21:00,IMO,,81.23999786376953,81.23999786376953,81.19499969482422,81.19499969482422,948.0
2025-06-26 11:21:00,INDO,,3.1649999618530273,3.169300079345703,3.160900115966797,3.1621999740600586,3868.0
2025-06-26 11:21:00,INUV,,3.9000000953674316,3.9000000953674316,3.893399953842163,3.893399953842163,2556.0
2025-06-26 11:21:00,ITRG,,1.559999942779541,1.565000057220459,1.559999942779541,1.565000057220459,701.0
2025-06-26 11:21:00,KNW,,1.76010000705719,1.760599970817566,1.76010000705719,1.760599970817566,313.0
2025-06-26 11:21:00,KULR,,5.130000114440918,5.157299995422363,5.130000114440918,5.1508002281188965,19451.0
2025-06-26 11:21:00,LCTX,,1.034999966621399,1.0449999570846558,1.034999966621399,1.0449999570846558,11424.0
2025-06-26 11:21:00,LEU,,181.52000427246094,181.72999572753906,181.00999450683594,181.49000549316406,5794.0
2025-06-26 11:21:00,LMND,,41.84000015258789,41.849998474121094,41.790000915527344,41.810001373291016,3402.0
2025-06-26 11:21:00,LNG,,241.91000366210938,241.93319702148438,241.91000366210938,241.93319702148438,1890.0
2025-06-26 11:21:00,MAG,,21.360000610351562,21.364999771118164,21.360000610351562,21.364999771118164,1316.0
2025-06-26 11:21:00,MHH,,6.699900150299072,6.699900150299072,6.699900150299072,6.699900150299072,913.0
2025-06-26 11:21:00,MYO,,2.2799999713897705,2.2799999713897705,2.2799999713897705,2.2799999713897705,663.0
2025-06-26 11:21:00,NAK,,1.558500051498413,1.5599000453948975,1.5549999475479126,1.5549999475479126,1312.0
2025-06-26 11:21:00,NBH,,9.829999923706055,9.829999923706055,9.829999923706055,9.829999923706055,201.0
2025-06-26 11:21:00,NCL,,0.17569999396800995,0.17569999396800995,0.17569999396800995,0.17569999396800995,3360.0
2025-06-26 11:21:00,NG,,3.940000057220459,3.940000057220459,3.934999942779541,3.934999942779541,2246.0
2025-06-26 11:21:00,NGD,,4.90500020980835,4.909999847412109,4.900000095367432,4.90500020980835,19544.0
2025-06-26 11:21:00,NHC,,108.69499969482422,108.91000366210938,108.69499969482422,108.91000366210938,639.0
2025-06-26 11:21:00,NHS,,7.489999771118164,7.489999771118164,7.489999771118164,7.489999771118164,1069.0
2025-06-26 11:21:00,NRXS,,2.5999999046325684,2.5999999046325684,2.5999999046325684,2.5999999046325684,120.0
2025-06-26 11:21:00,OBE,,5.574999809265137,5.574999809265137,5.574999809265137,5.574999809265137,322.0
2025-06-26 11:21:00,OPTT,,0.5123000144958496,0.5123000144958496,0.5102999806404114,0.5123000144958496,2053330.0
2025-06-26 11:21:00,ORLA,,10.079999923706055,10.095000267028809,10.079999923706055,10.095000267028809,2042.0
2025-06-26 11:21:00,OSTX,,1.8200000524520874,1.839900016784668,1.8200000524520874,1.839900016784668,797.0
2025-06-26 11:21:00,PLG,,1.6050000190734863,1.6150000095367432,1.6050000190734863,1.6150000095367432,21903.0
2025-06-26 11:21:00,PLMR,,149.47500610351562,149.47500610351562,149.47500610351562,149.47500610351562,3597.0
2025-06-26 11:21:00,REI,,0.7840999960899353,0.7840999960899353,0.7833999991416931,0.7833999991416931,2200.0
2025-06-26 11:21:00,REPX,,26.760000228881836,26.760000228881836,26.760000228881836,26.760000228881836,325.0
2025-06-26 11:21:00,SATX,,2.9600000381469727,2.9600000381469727,2.9600000381469727,2.9600000381469727,2875.0
2025-06-26 11:21:00,SENS,,0.49559998512268066,0.4968999922275543,0.495525985956192,0.4968999922275543,89274.0
2025-06-26 11:21:00,SGN,,1.0298000574111938,1.0298000574111938,1.0199999809265137,1.0199999809265137,5025.0
2025-06-26 11:21:00,SLI,,1.8899999856948853,1.8899999856948853,1.8899999856948853,1.8899999856948853,1074.0
2025-06-26 11:21:00,SLND,,3.799999952316284,3.799999952316284,3.799999952316284,3.799999952316284,3046.0
2025-06-26 11:21:00,SVM,,4.160099983215332,4.169899940490723,4.160099983215332,4.164999961853027,5366.0
2025-06-26 11:21:00,TGB,,3.0999999046325684,3.109999895095825,3.0999999046325684,3.1015000343322754,36946.0
2025-06-26 11:21:00,TMQ,,1.5,1.5099999904632568,1.5,1.5099999904632568,2902.0
2025-06-26 11:21:00,TOON,,0.7341009974479675,0.7341009974479675,0.7341009974479675,0.7341009974479675,1360.0
2025-06-26 11:21:00,UAMY,,2.5250000953674316,2.5250000953674316,2.5199999809265137,2.5250000953674316,1204.0
2025-06-26 11:21:00,UAVS,,1.125,1.125,1.1200000047683716,1.1200000047683716,670.0
2025-06-26 11:21:00,UEC,,6.904600143432617,6.920000076293945,6.900000095367432,6.914999961853027,29268.0
2025-06-26 11:21:00,URG,,1.0399999618530273,1.0489000082015991,1.0399999618530273,1.0399999618530273,3327.0
2025-06-26 11:21:00,UUUU,,5.784999847412109,5.789999961853027,5.780099868774414,5.789999961853027,4373.0
2025-06-26 11:21:00,VTAK,,0.2581000030040741,0.2581000030040741,0.2581000030040741,0.2581000030040741,482.0
2025-06-26 11:21:00,VZLA,,3.0,3.0,2.9914000034332275,2.994999885559082,10704.0
2025-06-26 11:21:00,WWR,,0.597000002861023,0.5992000102996826,0.597000002861023,0.5990999937057495,1199.0
2025-06-26 11:21:00,XPL,,0.6416000127792358,0.6416000127792358,0.6416000127792358,0.6416000127792358,124.0
2025-06-26 11:21:00,ZDGE,,4.239999771118164,4.246300220489502,4.239999771118164,4.242000102996826,500.0
2025-06-26 11:22:00,ACU,,40.099998474121094,40.099998474121094,40.099998474121094,40.099998474121094,7387.0
2025-06-26 11:22:00,ARMN,,6.880000114440918,6.880000114440918,6.875,6.875100135803223,4049.0
2025-06-26 11:22:00,ASM,,3.5399999618530273,3.544600009918213,3.5399999618530273,3.544600009918213,503.0
2025-06-26 11:22:00,ATNM,,1.5099999904632568,1.5198999643325806,1.5099999904632568,1.5198999643325806,1621.0
2025-06-26 11:22:00,BATL,,1.5499999523162842,1.5499999523162842,1.5399999618530273,1.5399999618530273,5146.0
2025-06-26 11:22:00,BTG,,3.6298999786376953,3.630000114440918,3.619999885559082,3.619999885559082,93763.0
2025-06-26 11:22:00,BURU,,0.32420000433921814,0.3243499994277954,0.32420000433921814,0.3243499994277954,3560.0
2025-06-26 11:22:00,CATX,,3.6700000762939453,3.6700000762939453,3.6614999771118164,3.6700000762939453,944.0
2025-06-26 11:22:00,CBOE,,227.61000061035156,227.72000122070312,227.4199981689453,227.51499938964844,1770.0
2025-06-26 11:22:00,CEF,,30.31909942626953,30.31909942626953,30.315000534057617,30.317800521850586,1054.0
2025-06-26 11:22:00,CLM,,7.945000171661377,7.946499824523926,7.945000171661377,7.946499824523926,611.0
2025-06-26 11:22:00,CPHI,,1.7799999713897705,1.7799999713897705,1.7599999904632568,1.7599999904632568,4832.0
2025-06-26 11:22:00,CQP,,55.91999816894531,55.91999816894531,55.91999816894531,55.91999816894531,510.0
2025-06-26 11:22:00,CTM,,1.034999966621399,1.034999966621399,1.0299999713897705,1.034999966621399,5155.0
2025-06-26 11:22:00,CYBN,,8.529999732971191,8.529999732971191,8.529999732971191,8.529999732971191,2033.0
2025-06-26 11:22:00,DHY,,2.113300085067749,2.115000009536743,2.1110999584198,2.11299991607666,7000.0
2025-06-26 11:22:00,DNN,,1.809999942779541,1.809999942779541,1.7999999523162842,1.7999999523162842,147306.0
2025-06-26 11:22:00,ECF,,10.170000076293945,10.170000076293945,10.170000076293945,10.170000076293945,100.0
2025-06-26 11:22:00,ELA,,5.920000076293945,5.929999828338623,5.920000076293945,5.929999828338623,212.0
2025-06-26 11:22:00,EQX,,5.929999828338623,5.934999942779541,5.929999828338623,5.934999942779541,15614.0
2025-06-26 11:22:00,EVM,,8.84000015258789,8.850000381469727,8.84000015258789,8.850000381469727,400.0
2025-06-26 11:22:00,EVV,,10.16670036315918,10.16670036315918,10.16670036315918,10.16670036315918,0.0
2025-06-26 11:22:00,FOXO,,0.20000000298023224,0.20010000467300415,0.19999900460243225,0.19999900460243225,2800.0
2025-06-26 11:22:00,FSP,,1.690000057220459,1.690000057220459,1.690000057220459,1.690000057220459,400.0
2025-06-26 11:22:00,GAU,,1.309999942779541,1.309999942779541,1.309999942779541,1.309999942779541,8800.0
2025-06-26 11:22:00,GENC,,14.194999694824219,14.194999694824219,14.194999694824219,14.194999694824219,304.0
2025-06-26 11:22:00,GLDG,,0.7473000288009644,0.7473000288009644,0.7473000288009644,0.7473000288009644,1047.0
2025-06-26 11:22:00,GNS,,0.8287000060081482,0.843500018119812,0.824999988079071,0.8411999940872192,33632.0
2025-06-26 11:22:00,GORO,,0.550000011920929,0.5515000224113464,0.5446000099182129,0.5468999743461609,8273.0
2025-06-26 11:22:00,GROY,,2.2850000858306885,2.2850000858306885,2.280100107192993,2.280100107192993,1076.0
2025-06-26 11:22:00,GSAT,,23.145000457763672,23.145000457763672,23.145000457763672,23.145000457763672,2172.0
2025-06-26 11:22:00,HUSA,,13.119999885559082,13.119999885559082,13.119999885559082,13.119999885559082,236.0
2025-06-26 11:22:00,IBO,,0.9300000071525574,0.9300000071525574,0.9243999719619751,0.9284999966621399,6171.0
2025-06-26 11:22:00,IDR,,13.25,13.255000114440918,13.229999542236328,13.255000114440918,775.0
2025-06-26 11:22:00,IE,,9.9350004196167,9.9350004196167,9.9350004196167,9.9350004196167,189.0
2025-06-26 11:22:00,IMO,,81.18000030517578,81.23500061035156,81.18000030517578,81.20999908447266,1900.0
2025-06-26 11:22:00,INDO,,3.1401000022888184,3.1600000858306885,3.1401000022888184,3.1600000858306885,2632.0
2025-06-26 11:22:00,INUV,,3.8949999809265137,3.8949999809265137,3.8949999809265137,3.8949999809265137,288.0
2025-06-26 11:22:00,ITRG,,1.559999942779541,1.559999942779541,1.559999942779541,1.559999942779541,305.0
2025-06-26 11:22:00,KNW,,1.76010000705719,1.76010000705719,1.76010000705719,1.76010000705719,1674.0
2025-06-26 11:22:00,KULR,,5.110300064086914,5.130099773406982,5.110000133514404,5.130000114440918,21961.0
2025-06-26 11:22:00,LCTX,,1.034999966621399,1.034999966621399,1.034999966621399,1.034999966621399,705.0
2025-06-26 11:22:00,LEU,,182.14999389648438,182.61500549316406,181.63999938964844,181.77999877929688,8740.0
2025-06-26 11:22:00,LMND,,41.900001525878906,41.900001525878906,41.79999923706055,41.8380012512207,3167.0
2025-06-26 11:22:00,LNG,,242.02110290527344,242.02110290527344,241.91000366210938,241.91000366210938,1118.0
2025-06-26 11:22:00,MAG,,21.3799991607666,21.3799991607666,21.360000610351562,21.3799991607666,920.0
2025-06-26 11:22:00,MHH,,6.869999885559082,6.898900032043457,6.869999885559082,6.898900032043457,1000.0
2025-06-26 11:22:00,NAK,,1.5499999523162842,1.5585999488830566,1.5499999523162842,1.5549999475479126,3832.0
2025-06-26 11:22:00,NBH,,9.829999923706055,9.838700294494629,9.819999694824219,9.838700294494629,900.0
2025-06-26 11:22:00,NCL,,0.17560000717639923,0.17630000412464142,0.1753000020980835,0.17630000412464142,1140.0
2025-06-26 11:22:00,NFGC,,1.475000023841858,1.475000023841858,1.475000023841858,1.475000023841858,231.0
2025-06-26 11:22:00,NG,,3.940000057220459,3.940000057220459,3.930000066757202,3.934999942779541,7452.0
2025-06-26 11:22:00,NGD,,4.926499843597412,4.926499843597412,4.900000095367432,4.90500020980835,145488.0
2025-06-26 11:22:00,NHC,,108.58999633789062,108.58999633789062,108.58999633789062,108.58999633789062,548.0
2025-06-26 11:22:00,NHS,,7.498000144958496,7.498000144958496,7.498000144958496,7.498000144958496,241.0
2025-06-26 11:22:00,NRO,,3.190000057220459,3.190000057220459,3.190000057220459,3.190000057220459,100.0
2025-06-26 11:22:00,NRXS,,2.6008999347686768,2.6008999347686768,2.6008999347686768,2.6008999347686768,311.0
2025-06-26 11:22:00,OPTT,,0.5123800039291382,0.5123800039291382,0.5123000144958496,0.5123000144958496,3164.0
2025-06-26 11:22:00,ORLA,,10.09000015258789,10.09000015258789,10.085000038146973,10.085000038146973,3108.0
2025-06-26 11:22:00,PLG,,1.6089999675750732,1.6089999675750732,1.6050000190734863,1.6050000190734863,3409.0
2025-06-26 11:22:00,PLMR,,150.2050018310547,150.2050018310547,149.91000366210938,149.91000366210938,851.0
2025-06-26 11:22:00,PRK,,165.2100067138672,165.22000122070312,165.2100067138672,165.22000122070312,668.0
2025-06-26 11:22:00,REI,,0.7809000015258789,0.7839999794960022,0.7806000113487244,0.7836999893188477,9558.0
2025-06-26 11:22:00,RLGT,,6.0254998207092285,6.0254998207092285,6.0254998207092285,6.0254998207092285,555.0
2025-06-26 11:22:00,SATX,,2.9600000381469727,2.9600000381469727,2.9600000381469727,2.9600000381469727,367.0
2025-06-26 11:22:00,SENS,,0.49559998512268066,0.49559998512268066,0.49549999833106995,0.49549999833106995,690.0
2025-06-26 11:22:00,SLND,,3.799999952316284,3.799999952316284,3.799999952316284,3.799999952316284,9938.0
2025-06-26 11:22:00,SVM,,4.160999774932861,4.170000076293945,4.159999847412109,4.170000076293945,8510.0
2025-06-26 11:22:00,TGB,,3.109499931335449,3.109999895095825,3.100100040435791,3.109999895095825,16051.0
2025-06-26 11:22:00,TPET,,1.2199000120162964,1.2199000120162964,1.2199000120162964,1.2199000120162964,520.0
2025-06-26 11:22:00,UAMY,,2.5250000953674316,2.5250000953674316,2.5199999809265137,2.5250000953674316,629.0
2025-06-26 11:22:00,UEC,,6.909999847412109,6.909999847412109,6.891900062561035,6.90500020980835,41992.0
2025-06-26 11:22:00,URG,,1.0399999618530273,1.0499999523162842,1.0399999618530273,1.0499999523162842,8245.0
2025-06-26 11:22:00,USAS,,0.8264999985694885,0.82669997215271,0.826200008392334,0.82669997215271,5385.0
2025-06-26 11:22:00,UTG,,35.400001525878906,35.400001525878906,35.400001525878906,35.400001525878906,243.0
2025-06-26 11:22:00,UUUU,,5.784999847412109,5.789999961853027,5.78000020980835,5.784999847412109,16306.0
2025-06-26 11:22:00,VGZ,,1.0160000324249268,1.0160000324249268,1.0160000324249268,1.0160000324249268,128.0
2025-06-26 11:22:00,VTAK,,0.2578999996185303,0.25859999656677246,0.2578999996185303,0.25859999656677246,2315.0
2025-06-26 11:22:00,VZLA,,2.996500015258789,2.996500015258789,2.994999885559082,2.994999885559082,5706.0
2025-06-26 11:22:00,WWR,,0.6000000238418579,0.6000000238418579,0.5920000076293945,0.5996999740600586,26675.0
2025-06-26 11:22:00,ZDGE,,4.259799957275391,4.259799957275391,4.239999771118164,4.239999771118164,708.0
2025-06-26 11:23:00,ASM,,3.544800043106079,3.549999952316284,3.544800043106079,3.5497000217437744,1379.0
2025-06-26 11:23:00,ATNM,,1.5,1.5,1.5,1.5,309.0
2025-06-26 11:23:00,BATL,,1.5440000295639038,1.5440000295639038,1.5440000295639038,1.5440000295639038,1085.0
2025-06-26 11:23:00,BTG,,3.625,3.630000114440918,3.619999885559082,3.6294000148773193,171622.0
2025-06-26 11:23:00,BURU,,0.32190001010894775,0.32440000772476196,0.32190001010894775,0.32440000772476196,11199.0
2025-06-26 11:23:00,CATX,,3.6700000762939453,3.6700000762939453,3.6700000762939453,3.6700000762939453,171.0
2025-06-26 11:23:00,CBOE,,227.32000732421875,227.58999633789062,227.32000732421875,227.58999633789062,560.0
2025-06-26 11:23:00,CCEL,,5.039999961853027,5.224999904632568,5.000100135803223,5.000100135803223,2670.0
2025-06-26 11:23:00,CLDI,,0.21690000593662262,0.21850000321865082,0.21690000593662262,0.21850000321865082,4695.0
2025-06-26 11:23:00,CLM,,7.940000057220459,7.940000057220459,7.940000057220459,7.940000057220459,1000.0
2025-06-26 11:23:00,CMCL,,19.139999389648438,19.15999984741211,19.100000381469727,19.117000579833984,1278.0
2025-06-26 11:23:00,CQP,,55.91999816894531,55.91999816894531,55.91999816894531,55.91999816894531,200.0
2025-06-26 11:23:00,CRF,,7.570000171661377,7.570000171661377,7.564799785614014,7.564799785614014,600.0
2025-06-26 11:23:00,CTM,,1.0389000177383423,1.0389000177383423,1.0389000177383423,1.0389000177383423,300.0
2025-06-26 11:23:00,DHY,,2.110100030899048,2.115000009536743,2.109999895095825,2.115000009536743,7146.0
2025-06-26 11:23:00,DNN,,1.8049999475479126,1.809999942779541,1.7999999523162842,1.809999942779541,122431.0
2025-06-26 11:23:00,EAD,,6.989999771118164,6.989999771118164,6.989999771118164,6.989999771118164,100.0
2025-06-26 11:23:00,ELA,,6.045000076293945,6.045000076293945,6.045000076293945,6.045000076293945,3777.0
2025-06-26 11:23:00,EQX,,5.934999942779541,5.940000057220459,5.929999828338623,5.929999828338623,19928.0
2025-06-26 11:23:00,FOXO,,0.19990000128746033,0.19990000128746033,0.19990000128746033,0.19990000128746033,196.0
2025-06-26 11:23:00,FSP,,1.6950000524520874,1.6950000524520874,1.6950000524520874,1.6950000524520874,100.0
2025-06-26 11:23:00,FTF,,6.385000228881836,6.385000228881836,6.385000228881836,6.385000228881836,200.0
2025-06-26 11:23:00,GAU,,1.315000057220459,1.315000057220459,1.315000057220459,1.315000057220459,103.0
2025-06-26 11:23:00,GENC,,14.194999694824219,14.194999694824219,14.194999694824219,14.194999694824219,123.0
2025-06-26 11:23:00,GGN,,4.369999885559082,4.369999885559082,4.364999771118164,4.364999771118164,267.0
2025-06-26 11:23:00,GLDG,,0.7470999956130981,0.7470999956130981,0.7470999956130981,0.7470999956130981,1600.0
2025-06-26 11:23:00,GLQ,,6.940000057220459,6.940000057220459,6.940000057220459,6.940000057220459,0.0
2025-06-26 11:23:00,GNS,,0.8399999737739563,0.8399999737739563,0.8251000046730042,0.8251000046730042,4702.0
2025-06-26 11:23:00,GORO,,0.550000011920929,0.5501000285148621,0.550000011920929,0.5501000285148621,1200.0
2025-06-26 11:23:00,GROY,,2.2850000858306885,2.2850000858306885,2.2850000858306885,2.2850000858306885,900.0
2025-06-26 11:23:00,HUSA,,13.102499961853027,13.102499961853027,13.086400032043457,13.086400032043457,1000.0
2025-06-26 11:23:00,IBO,,0.9270989894866943,0.9272000193595886,0.9270989894866943,0.9272000193595886,1248.0
2025-06-26 11:23:00,IDR,,13.220000267028809,13.239999771118164,13.220000267028809,13.229999542236328,748.0
2025-06-26 11:23:00,IE,,9.920000076293945,9.930000305175781,9.920000076293945,9.930000305175781,614.0
2025-06-26 11:23:00,IMO,,81.25,81.25,81.20999908447266,81.20999908447266,1040.0
2025-06-26 11:23:00,KNW,,1.7300000190734863,1.7661999464035034,1.7100000381469727,1.7649999856948853,33985.0
2025-06-26 11:23:00,KULR,,5.105000019073486,5.110099792480469,5.099999904632568,5.105000019073486,34179.0
2025-06-26 11:23:00,LCTX,,1.0399999618530273,1.0399999618530273,1.034999966621399,1.034999966621399,1066.0
2025-06-26 11:23:00,LEU,,181.6199951171875,181.6199951171875,181.6199951171875,181.6199951171875,29010.0
2025-06-26 11:23:00,LMND,,41.810001373291016,41.900001525878906,41.810001373291016,41.900001525878906,1072.0
2025-06-26 11:23:00,LNG,,242.05999755859375,242.1300048828125,241.97999572753906,242.0,4251.0
2025-06-26 11:23:00,MAG,,21.3799991607666,21.389999389648438,21.3799991607666,21.389999389648438,18460.0
2025-06-26 11:23:00,MHH,,6.849999904632568,6.849999904632568,6.849999904632568,6.849999904632568,1175.0
2025-06-26 11:23:00,MTA,,3.869999885559082,3.869999885559082,3.869999885559082,3.869999885559082,168.0
2025-06-26 11:23:00,MTNB,,0.9301999807357788,0.9315999746322632,0.9300000071525574,0.9315000176429749,4001.0
2025-06-26 11:23:00,MWG,,0.25999999046325684,0.25999999046325684,0.25999999046325684,0.25999999046325684,10378.0
2025-06-26 11:23:00,NAK,,1.5399999618530273,1.559999942779541,1.5399999618530273,1.5549999475479126,58989.0
2025-06-26 11:23:00,NCL,,0.17569999396800995,0.17569999396800995,0.17569999396800995,0.17569999396800995,1526.0
2025-06-26 11:23:00,NEWP,,1.3700000047683716,1.3700000047683716,1.3700000047683716,1.3700000047683716,800.0
2025-06-26 11:23:00,NG,,3.940000057220459,3.940000057220459,3.934999942779541,3.934999942779541,858.0
2025-06-26 11:23:00,NGD,,4.919899940490723,4.925000190734863,4.909999847412109,4.925000190734863,126881.0
2025-06-26 11:23:00,NNVC,,1.2000000476837158,1.2000000476837158,1.2000000476837158,1.2000000476837158,500.0
2025-06-26 11:23:00,OBE,,5.570000171661377,5.570000171661377,5.570000171661377,5.570000171661377,309.0
2025-06-26 11:23:00,OPTT,,0.5125489830970764,0.5126000046730042,0.5123000144958496,0.5126000046730042,1280.0
2025-06-26 11:23:00,ORLA,,10.09000015258789,10.09000015258789,10.09000015258789,10.09000015258789,985.0
2025-06-26 11:23:00,OSTX,,1.8200000524520874,1.8200000524520874,1.8200000524520874,1.8200000524520874,2001.0
2025-06-26 11:23:00,PHGE,,0.45179998874664307,0.45179998874664307,0.45179998874664307,0.45179998874664307,100.0
2025-06-26 11:23:00,PLG,,1.601099967956543,1.6059000492095947,1.601099967956543,1.6059000492095947,5431.0
2025-06-26 11:23:00,PLMR,,150.4499969482422,150.4499969482422,150.4499969482422,150.4499969482422,3450.0
2025-06-26 11:23:00,REPX,,26.739999771118164,26.739999771118164,26.739999771118164,26.739999771118164,602.0
2025-06-26 11:23:00,SATX,,2.9600000381469727,2.9600000381469727,2.9600000381469727,2.9600000381469727,194.0
2025-06-26 11:23:00,SENS,,0.49549999833106995,0.49559998512268066,0.49549999833106995,0.49549999833106995,2467.0
2025-06-26 11:23:00,SKYH,,9.619999885559082,9.619999885559082,9.609999656677246,9.619999885559082,1156.0
2025-06-26 11:23:00,SLND,,3.890000104904175,3.890000104904175,3.7999000549316406,3.799999952316284,15254.0
2025-06-26 11:23:00,SSY,,0.8650000095367432,0.8650000095367432,0.8575000166893005,0.8575000166893005,16911.0
2025-06-26 11:23:00,STXS,,2.240000009536743,2.240000009536743,2.240000009536743,2.240000009536743,1119.0
2025-06-26 11:23:00,SVM,,4.164999961853027,4.170000076293945,4.164999961853027,4.164999961853027,10897.0
2025-06-26 11:23:00,TGB,,3.109999895095825,3.109999895095825,3.0999999046325684,3.109999895095825,32336.0
2025-06-26 11:23:00,TPET,,1.2200000286102295,1.2200000286102295,1.2200000286102295,1.2200000286102295,412.0
2025-06-26 11:23:00,UAMY,,2.5250000953674316,2.529900074005127,2.5199999809265137,2.5250000953674316,2730.0
2025-06-26 11:23:00,UEC,,6.885000228881836,6.909999847412109,6.885000228881836,6.900300025939941,15503.0
2025-06-26 11:23:00,URG,,1.034999966621399,1.0449999570846558,1.034999966621399,1.0399999618530273,21818.0
2025-06-26 11:23:00,USAS,,0.8251500129699707,0.8255230188369751,0.824400007724762,0.8255230188369751,1700.0
2025-06-26 11:23:00,UUUU,,5.775000095367432,5.789999961853027,5.775000095367432,5.788099765777588,8078.0
2025-06-26 11:23:00,VTAK,,0.257099986076355,0.25760000944137573,0.257099986076355,0.25760000944137573,4300.0
2025-06-26 11:23:00,VZLA,,3.0,3.0,2.994999885559082,2.994999885559082,252.0
2025-06-26 11:23:00,WWR,,0.6000000238418579,0.6000000238418579,0.6000000238418579,0.6000000238418579,100.0
2025-06-26 11:23:00,WYY,,3.450000047683716,3.5490000247955322,3.430000066757202,3.5299999713897705,24026.0
2025-06-26 11:23:00,ZDGE,,4.239999771118164,4.239999771118164,4.239999771118164,4.239999771118164,2125.0
2025-06-26 11:24:00,AEON,,0.7698000073432922,0.7698000073432922,0.7698000073432922,0.7698000073432922,418.0
2025-06-26 11:24:00,AREN,,5.550000190734863,5.550000190734863,5.550000190734863,5.550000190734863,74311.0
2025-06-26 11:24:00,ARMN,,6.885000228881836,6.885000228881836,6.885000228881836,6.885000228881836,164.0
2025-06-26 11:24:00,ASM,,3.549999952316284,3.549999952316284,3.5399999618530273,3.5399999618530273,3655.0
2025-06-26 11:24:00,ATNM,,1.5,1.5,1.5,1.5,100.0
2025-06-26 11:24:00,BTG,,3.619999885559082,3.630000114440918,3.619999885559082,3.625,147522.0
2025-06-26 11:24:00,BURU,,0.3212999999523163,0.32295000553131104,0.3212999999523163,0.32295000553131104,29146.0
2025-06-26 11:24:00,CATX,,3.6700000762939453,3.6700000762939453,3.6600000858306885,3.6600000858306885,500.0
2025-06-26 11:24:00,CBOE,,227.75990295410156,227.75990295410156,227.5399932861328,227.69000244140625,1083.0
2025-06-26 11:24:00,CCEL,,5.25,5.25,5.25,5.25,233.0
2025-06-26 11:24:00,CEF,,30.315000534057617,30.315000534057617,30.309999465942383,30.309999465942383,950.0
2025-06-26 11:24:00,CLDI,,0.2150000035762787,0.21639999747276306,0.2150000035762787,0.21639999747276306,14320.0
2025-06-26 11:24:00,CLM,,7.945199966430664,7.945199966430664,7.945000171661377,7.945099830627441,5023.0
2025-06-26 11:24:00,CMCL,,19.16189956665039,19.16189956665039,19.16189956665039,19.16189956665039,1006.0
2025-06-26 11:24:00,CQP,,55.904998779296875,55.91999816894531,55.81999969482422,55.91999816894531,632.0
2025-06-26 11:24:00,CRF,,7.565000057220459,7.565000057220459,7.559999942779541,7.559999942779541,1051.0
2025-06-26 11:24:00,CTGO,,20.799999237060547,20.799999237060547,20.799999237060547,20.799999237060547,1024.0
2025-06-26 11:24:00,CTM,,1.0398000478744507,1.0399999618530273,1.0299999713897705,1.0312000513076782,2070.0
2025-06-26 11:24:00,DC,,3.819999933242798,3.825000047683716,3.819999933242798,3.819999933242798,4763.0
2025-06-26 11:24:00,DHY,,2.115000009536743,2.115000009536743,2.110100030899048,2.115000009536743,3037.0
2025-06-26 11:24:00,DNN,,1.809999942779541,1.809999942779541,1.7999999523162842,1.7999999523162842,104213.0
2025-06-26 11:24:00,EAD,,6.989999771118164,6.989999771118164,6.989999771118164,6.989999771118164,102.0
2025-06-26 11:24:00,EMX,,2.5399999618530273,2.5450000762939453,2.5399999618530273,2.5450000762939453,271.0
2025-06-26 11:24:00,EQX,,5.934999942779541,5.940000057220459,5.929999828338623,5.934999942779541,12695.0
2025-06-26 11:24:00,ESP,,44.5005989074707,44.5005989074707,44.5005989074707,44.5005989074707,564.0
2025-06-26 11:24:00,EVM,,8.850000381469727,8.850000381469727,8.835000038146973,8.850000381469727,1400.0
2025-06-26 11:24:00,FOXO,,0.20010000467300415,0.20010000467300415,0.20010000467300415,0.20010000467300415,2356.0
2025-06-26 11:24:00,FURY,,0.48010000586509705,0.48010000586509705,0.48010000586509705,0.48010000586509705,1036.0
2025-06-26 11:24:00,GAU,,1.315000057220459,1.315000057220459,1.315000057220459,1.315000057220459,345.0
2025-06-26 11:24:00,GGN,,4.360000133514404,4.360000133514404,4.360000133514404,4.360000133514404,137.0
2025-06-26 11:24:00,GNS,,0.8331000208854675,0.8399999737739563,0.8331000208854675,0.8399999737739563,2377.0
2025-06-26 11:24:00,GROY,,2.2799999713897705,2.2899999618530273,2.2799999713897705,2.2850000858306885,4539.0
2025-06-26 11:24:00,GTE,,5.074999809265137,5.074999809265137,5.074999809265137,5.074999809265137,342.0
2025-06-26 11:24:00,IBO,,0.9200999736785889,0.9271000027656555,0.9200999736785889,0.9271000027656555,7813.0
2025-06-26 11:24:00,IDR,,13.199999809265137,13.210000038146973,13.199999809265137,13.210000038146973,230.0
2025-06-26 11:24:00,IE,,9.920000076293945,9.920000076293945,9.920000076293945,9.920000076293945,1134.0
2025-06-26 11:24:00,IMO,,81.25499725341797,81.25499725341797,81.22000122070312,81.22000122070312,697.0
2025-06-26 11:24:00,ITRG,,1.559999942779541,1.559999942779541,1.559999942779541,1.559999942779541,1210.0
2025-06-26 11:24:00,KNW,,1.7350000143051147,1.7350000143051147,1.7285000085830688,1.7285000085830688,1031.0
2025-06-26 11:24:00,KULR,,5.100800037384033,5.119999885559082,5.09499979019165,5.110000133514404,71807.0
2025-06-26 11:24:00,LCTX,,1.034999966621399,1.0399999618530273,1.0300999879837036,1.0399999618530273,2825.0
2025-06-26 11:24:00,LEU,,182.18499755859375,182.18499755859375,181.67999267578125,181.67999267578125,1729.0
2025-06-26 11:24:00,LMND,,41.7400016784668,41.84000015258789,41.7400016784668,41.84000015258789,2628.0
2025-06-26 11:24:00,LNG,,242.14999389648438,242.16000366210938,241.99000549316406,242.1199951171875,4317.0
2025-06-26 11:24:00,MAG,,21.389999389648438,21.389999389648438,21.375,21.375,1145.0
2025-06-26 11:24:00,MWG,,0.25999999046325684,0.26269999146461487,0.25999999046325684,0.26269999146461487,748.0
2025-06-26 11:24:00,NAK,,1.5449999570846558,1.5489000082015991,1.5399999618530273,1.5449999570846558,5232.0
2025-06-26 11:24:00,NBH,,9.819999694824219,9.819999694824219,9.819999694824219,9.819999694824219,300.0
2025-06-26 11:24:00,NCL,,0.17560000717639923,0.17630000412464142,0.17560000717639923,0.17630000412464142,24019.0
2025-06-26 11:24:00,NFGC,,1.4700000286102295,1.4800000190734863,1.4700000286102295,1.475000023841858,3779.0
2025-06-26 11:24:00,NG,,3.934999942779541,3.934999942779541,3.934999942779541,3.934999942779541,11621.0
2025-06-26 11:24:00,NGD,,4.909999847412109,4.920000076293945,4.909999847412109,4.909999847412109,19184.0
2025-06-26 11:24:00,NHS,,7.489999771118164,7.489999771118164,7.489999771118164,7.489999771118164,590.0
2025-06-26 11:24:00,NNVC,,1.2100000381469727,1.2100000381469727,1.2100000381469727,1.2100000381469727,406.0
2025-06-26 11:24:00,NRO,,3.190000057220459,3.190000057220459,3.190000057220459,3.190000057220459,299.0
2025-06-26 11:24:00,NRXS,,2.6008999347686768,2.6008999347686768,2.6008999347686768,2.6008999347686768,0.0
2025-06-26 11:24:00,OPTT,,0.5125489830970764,0.5127999782562256,0.5125489830970764,0.5125499963760376,1833.0
2025-06-26 11:24:00,ORLA,,10.100000381469727,10.100000381469727,10.09000015258789,10.09000015258789,699.0
2025-06-26 11:24:00,PHGE,,0.45190098881721497,0.45190098881721497,0.45190098881721497,0.45190098881721497,300.0
2025-06-26 11:24:00,PLX,,1.4700000286102295,1.4700000286102295,1.4700000286102295,1.4700000286102295,100.0
2025-06-26 11:24:00,REI,,0.7831000089645386,0.7851999998092651,0.7810999751091003,0.7839000225067139,40366.0
2025-06-26 11:24:00,SATX,,2.9600000381469727,2.9600000381469727,2.9600000381469727,2.9600000381469727,1096.0
2025-06-26 11:24:00,SEB,,2955.0,2955.0,2955.0,2955.0,1.0
2025-06-26 11:24:00,SENS,,0.4952000081539154,0.49559998512268066,0.4952000081539154,0.49559998512268066,19776.0
2025-06-26 11:24:00,SLI,,1.8849999904632568,1.8906999826431274,1.8849999904632568,1.8906999826431274,6445.0
2025-06-26 11:24:00,SLND,,3.9800000190734863,3.9800000190734863,3.893899917602539,3.893899917602539,10156.0
2025-06-26 11:24:00,STRW,,10.770000457763672,10.771400451660156,10.770000457763672,10.771400451660156,1059.0
2025-06-26 11:24:00,SVM,,4.164999961853027,4.164999961853027,4.16480016708374,4.164999961853027,10093.0
2025-06-26 11:24:00,TGB,,3.1050000190734863,3.1050000190734863,3.100100040435791,3.1050000190734863,7109.0
2025-06-26 11:24:00,TMQ,,1.5,1.5,1.5,1.5,696.0
2025-06-26 11:24:00,TOON,,0.7303000092506409,0.7303000092506409,0.7303000092506409,0.7303000092506409,138.0
2025-06-26 11:24:00,UAMY,,2.5199999809265137,2.5250000953674316,2.5199999809265137,2.5250000953674316,424.0
2025-06-26 11:24:00,UAVS,,1.1200000047683716,1.1200000047683716,1.1200000047683716,1.1200000047683716,1635.0
2025-06-26 11:24:00,UEC,,6.900000095367432,6.900000095367432,6.880000114440918,6.885000228881836,26952.0
2025-06-26 11:24:00,URG,,1.0399999618530273,1.0399999618530273,1.034999966621399,1.0399999618530273,7250.0
2025-06-26 11:24:00,USAS,,0.8258000016212463,0.8258000016212463,0.8258000016212463,0.8258000016212463,750.0
2025-06-26 11:24:00,UTG,,35.31999969482422,35.31999969482422,35.31999969482422,35.31999969482422,230.0
2025-06-26 11:24:00,UUUU,,5.78000020980835,5.78000020980835,5.775000095367432,5.775000095367432,7558.0
2025-06-26 11:24:00,VGZ,,1.0149999856948853,1.0199999809265137,1.0149999856948853,1.0199999809265137,2600.0
2025-06-26 11:24:00,VTAK,,0.25600001215934753,0.2578999996185303,0.25600001215934753,0.25600001215934753,16820.0
2025-06-26 11:24:00,VZLA,,2.994999885559082,2.999000072479248,2.994999885559082,2.995300054550171,12272.0
2025-06-26 11:24:00,WRN,,1.2595000267028809,1.2595000267028809,1.2595000267028809,1.2595000267028809,145.0
2025-06-26 11:24:00,ZDGE,,4.239999771118164,4.239999771118164,4.239999771118164,4.239999771118164,100.0
2025-06-26 11:25:00,AMBI,,4.550000190734863,4.550000190734863,4.550000190734863,4.550000190734863,0.0
2025-06-26 11:25:00,ARMN,,6.885000228881836,6.885000228881836,6.885000228881836,6.885000228881836,101.0
2025-06-26 11:25:00,ASM,,3.5399999618530273,3.5399999618530273,3.5399999618530273,3.5399999618530273,7005.0
2025-06-26 11:25:00,ATNM,,1.5,1.5049999952316284,1.5,1.5,2691.0
2025-06-26 11:25:00,AZTR,,0.2612000107765198,0.2612000107765198,0.2612000107765198,0.2612000107765198,373.0
2025-06-26 11:25:00,BRBS,,3.2850000858306885,3.2850000858306885,3.2850000858306885,3.2850000858306885,346.0
2025-06-26 11:25:00,BTG,,3.640000104904175,3.640000104904175,3.619999885559082,3.619999885559082,187099.0
2025-06-26 11:25:00,BURU,,0.32100000977516174,0.3224000036716461,0.32100000977516174,0.3217009902000427,3616.0
2025-06-26 11:25:00,CATX,,3.6549999713897705,3.6700000762939453,3.6500000953674316,3.6700000762939453,5580.0
2025-06-26 11:25:00,CBOE,,227.6300048828125,227.6300048828125,227.5,227.6300048828125,1610.0
2025-06-26 11:25:00,CCEL,,5.247600078582764,5.247600078582764,5.247600078582764,5.247600078582764,314.0
2025-06-26 11:25:00,CEFD,,19.125,19.125,19.125,19.125,0.0
2025-06-26 11:25:00,CEV,,9.670000076293945,9.670000076293945,9.670000076293945,9.670000076293945,126.0
2025-06-26 11:25:00,CIK,,2.9400999546051025,2.9400999546051025,2.9400999546051025,2.9400999546051025,2000.0
2025-06-26 11:25:00,CLDI,,0.21674899756908417,0.21674899756908417,0.21674899756908417,0.21674899756908417,1483.0
2025-06-26 11:25:00,CLM,,7.9446001052856445,7.945000171661377,7.940000057220459,7.945000171661377,549.0
2025-06-26 11:25:00,CMT,,17.020000457763672,17.020000457763672,17.020000457763672,17.020000457763672,508.0
2025-06-26 11:25:00,CQP,,55.779998779296875,55.904998779296875,55.720001220703125,55.904998779296875,4612.0
2025-06-26 11:25:00,CTM,,1.0311000347137451,1.0311000347137451,1.0311000347137451,1.0311000347137451,473.0
2025-06-26 11:25:00,CYBN,,8.609999656677246,8.609999656677246,8.600000381469727,8.609999656677246,631.0
2025-06-26 11:25:00,DHY,,2.109999895095825,2.1110999584198,2.109999895095825,2.110300064086914,4141.0
2025-06-26 11:25:00,DNN,,1.8006999492645264,1.809999942779541,1.7999999523162842,1.809999942779541,39773.0
2025-06-26 11:25:00,ELMD,,21.290000915527344,21.360000610351562,21.290000915527344,21.360000610351562,307.0
2025-06-26 11:25:00,EMX,,2.5450000762939453,2.5450000762939453,2.5450000762939453,2.5450000762939453,105.0
2025-06-26 11:25:00,EQX,,5.934999942779541,5.940000057220459,5.929999828338623,5.929999828338623,9855.0
2025-06-26 11:25:00,ERH,,11.350099563598633,11.359999656677246,11.350000381469727,11.359999656677246,1760.0
2025-06-26 11:25:00,EVI,,19.3799991607666,19.3799991607666,19.3799991607666,19.3799991607666,0.0
2025-06-26 11:25:00,EVM,,8.850000381469727,8.850000381469727,8.850000381469727,8.850000381469727,121.0
2025-06-26 11:25:00,FOXO,,0.20000000298023224,0.20000000298023224,0.20000000298023224,0.20000000298023224,941997.0
2025-06-26 11:25:00,FSP,,1.6950000524520874,1.6950000524520874,1.6950000524520874,1.6950000524520874,498.0
2025-06-26 11:25:00,GNS,,0.8389000296592712,0.8389000296592712,0.8331000208854675,0.833899974822998,23461.0
2025-06-26 11:25:00,GORO,,0.550000011920929,0.550000011920929,0.5498999953269958,0.5498999953269958,18529.0
2025-06-26 11:25:00,GRF,,9.880000114440918,9.880000114440918,9.880000114440918,9.880000114440918,0.0
2025-06-26 11:25:00,GROY,,2.2799999713897705,2.2850000858306885,2.2799999713897705,2.2850000858306885,960.0
2025-06-26 11:25:00,IBO,,0.9258000254631042,0.9258000254631042,0.9258000254631042,0.9258000254631042,2423.0
2025-06-26 11:25:00,INDO,,3.1500000953674316,3.1500000953674316,3.1500000953674316,3.1500000953674316,219.0
2025-06-26 11:25:00,KNW,,1.7350000143051147,1.7350000143051147,1.7350000143051147,1.7350000143051147,488.0
2025-06-26 11:25:00,KULR,,5.114999771118164,5.129899978637695,5.105000019073486,5.110000133514404,29497.0
2025-06-26 11:25:00,LCTX,,1.034999966621399,1.0399999618530273,1.034999966621399,1.0399999618530273,1444.0
2025-06-26 11:25:00,LEU,,183.2449951171875,183.2449951171875,182.19760131835938,182.19760131835938,9032.0
2025-06-26 11:25:00,LMND,,41.65999984741211,41.66999816894531,41.65999984741211,41.66999816894531,1331.0
2025-06-26 11:25:00,LNG,,242.00999450683594,242.14999389648438,241.89999389648438,242.14999389648438,17271.0
2025-06-26 11:25:00,MAG,,21.3799991607666,21.385000228881836,21.3799991607666,21.3799991607666,746.0
2025-06-26 11:25:00,MYO,,2.280100107192993,2.280100107192993,2.2799999713897705,2.280100107192993,4223.0
2025-06-26 11:25:00,NAK,,1.5399999618530273,1.5490000247955322,1.5399999618530273,1.5449999570846558,6307.0
2025-06-26 11:25:00,NCL,,0.17569999396800995,0.17569999396800995,0.17569999396800995,0.17569999396800995,400.0
2025-06-26 11:25:00,NG,,3.9798998832702637,3.9800000190734863,3.940000057220459,3.940000057220459,151182.0
2025-06-26 11:25:00,NGD,,4.914999961853027,4.920000076293945,4.909999847412109,4.909999847412109,34973.0
2025-06-26 11:25:00,NHS,,7.498000144958496,7.498000144958496,7.498000144958496,7.498000144958496,170.0
2025-06-26 11:25:00,NML,,8.824600219726562,8.824600219726562,8.824600219726562,8.824600219726562,485.0
2025-06-26 11:25:00,NNVC,,1.2000000476837158,1.2100000381469727,1.2000000476837158,1.2000000476837158,4116.0
2025-06-26 11:25:00,OGEN,,3.490000009536743,3.490000009536743,3.490000009536743,3.490000009536743,107.0
2025-06-26 11:25:00,OPTT,,0.5125510096549988,0.5125510096549988,0.5125510096549988,0.5125510096549988,248.0
2025-06-26 11:25:00,ORLA,,10.09000015258789,10.09119987487793,10.09000015258789,10.09119987487793,581.0
2025-06-26 11:25:00,PLG,,1.6100000143051147,1.6100000143051147,1.600000023841858,1.6050000190734863,10853.0
2025-06-26 11:25:00,PLMR,,150.1649932861328,150.1649932861328,150.1649932861328,150.1649932861328,1124.0
2025-06-26 11:25:00,PLX,,1.475000023841858,1.4753999710083008,1.475000023841858,1.475000023841858,1132.0
2025-06-26 11:25:00,PRK,,165.2100067138672,165.2100067138672,165.2100067138672,165.2100067138672,200.0
2025-06-26 11:25:00,REI,,0.7851999998092651,0.7851999998092651,0.784600019454956,0.7849000096321106,3391.0
2025-06-26 11:25:00,SACH,,1.0990999937057495,1.0990999937057495,1.0990999937057495,1.0990999937057495,365.0
2025-06-26 11:25:00,SATX,,2.9549999237060547,2.9549999237060547,2.9549999237060547,2.9549999237060547,170.0
2025-06-26 11:25:00,SEB,,2960.0,2960.0,2945.989990234375,2960.0,22.0
2025-06-26 11:25:00,SENS,,0.4950999915599823,0.4950999915599823,0.4950000047683716,0.4950000047683716,33590.0
2025-06-26 11:25:00,SLI,,1.8803000450134277,1.8803000450134277,1.8799999952316284,1.8799999952316284,914.0
2025-06-26 11:25:00,SLND,,3.9000000953674316,4.019999980926514,3.9000000953674316,4.00600004196167,3234.0
2025-06-26 11:25:00,SSY,,0.8687499761581421,0.8687499761581421,0.8687499761581421,0.8687499761581421,9777.0
2025-06-26 11:25:00,STRW,,10.761199951171875,10.761199951171875,10.761199951171875,10.761199951171875,799.0
2025-06-26 11:25:00,STXS,,2.240000009536743,2.244999885559082,2.240000009536743,2.240000009536743,2091.0
2025-06-26 11:25:00,SVM,,4.159999847412109,4.170000076293945,4.159999847412109,4.164999961853027,20100.0
2025-06-26 11:25:00,TGB,,3.1050000190734863,3.1050000190734863,3.1050000190734863,3.1050000190734863,2915.0
2025-06-26 11:25:00,TOVX,,0.4449999928474426,0.4449999928474426,0.4399999976158142,0.4399999976158142,627.0
2025-06-26 11:25:00,TRX,,0.3346000015735626,0.3346000015735626,0.3346000015735626,0.3346000015735626,3000.0
2025-06-26 11:25:00,UAMY,,2.5250000953674316,2.5280001163482666,2.5199999809265137,2.5199999809265137,1940.0
2025-06-26 11:25:00,UAVS,,1.1200000047683716,1.1200000047683716,1.1200000047683716,1.1200000047683716,150.0
2025-06-26 11:25:00,UEC,,6.894999980926514,6.920000076293945,6.8917999267578125,6.894800186157227,67162.0
2025-06-26 11:25:00,URG,,1.0399999618530273,1.0399999618530273,1.0299999713897705,1.0399999618530273,5179.0
2025-06-26 11:25:00,USAS,,0.8259000182151794,0.8259000182151794,0.8245000243186951,0.8245000243186951,10700.0
2025-06-26 11:25:00,UTG,,35.400001525878906,35.400001525878906,35.400001525878906,35.400001525878906,1559.0
2025-06-26 11:25:00,UUUU,,5.769999980926514,5.78000020980835,5.769999980926514,5.769999980926514,24929.0
2025-06-26 11:25:00,VTAK,,0.25690001249313354,0.25690001249313354,0.25690001249313354,0.25690001249313354,4980.0
2025-06-26 11:25:00,VZLA,,3.0,3.0,2.990000009536743,3.0,11238.0
2025-06-26 11:25:00,WWR,,0.5924999713897705,0.5950000286102295,0.5924999713897705,0.5950000286102295,1215.0
2025-06-26 11:25:00,ZDGE,,4.250800132751465,4.250800132751465,4.250800132751465,4.250800132751465,345.0
2025-06-26 11:26:00,AMBI,,4.840000152587891,4.840000152587891,4.75,4.75,753.0
2025-06-26 11:26:00,ARMN,,6.889999866485596,6.889999866485596,6.889999866485596,6.889999866485596,174.0
2025-06-26 11:26:00,ASM,,3.5459001064300537,3.549999952316284,3.5459001064300537,3.549999952316284,3361.0
2025-06-26 11:26:00,ATNM,,1.5,1.5,1.4800000190734863,1.5,6506.0
2025-06-26 11:26:00,AZTR,,0.2612000107765198,0.2612000107765198,0.2612000107765198,0.2612000107765198,2225.0
2025-06-26 11:26:00,BATL,,1.5299999713897705,1.559999942779541,1.5299999713897705,1.5399999618530273,7136.0
2025-06-26 11:26:00,BKTI,,54.70000076293945,54.70000076293945,54.369998931884766,54.369998931884766,440.0
2025-06-26 11:26:00,BRBS,,3.280100107192993,3.280100107192993,3.280100107192993,3.280100107192993,599.0
2025-06-26 11:26:00,BTG,,3.629499912261963,3.640000104904175,3.619999885559082,3.640000104904175,369833.0
2025-06-26 11:26:00,BURU,,0.3206999897956848,0.32199999690055847,0.3203999996185303,0.32199999690055847,33403.0
2025-06-26 11:26:00,CATX,,3.6549999713897705,3.6549999713897705,3.640000104904175,3.6549999713897705,1477.0
2025-06-26 11:26:00,CBOE,,227.44500732421875,227.5,227.44500732421875,227.5,1613.0
2025-06-26 11:26:00,CCEL,,5.440000057220459,5.440000057220459,5.440000057220459,5.440000057220459,2082.0
2025-06-26 11:26:00,CEF,,30.31999969482422,30.31999969482422,30.31999969482422,30.31999969482422,163.0
2025-06-26 11:26:00,CET,,47.694400787353516,47.694400787353516,47.694400787353516,47.694400787353516,305.0
2025-06-26 11:26:00,CIK,,2.944999933242798,2.944999933242798,2.940000057220459,2.944999933242798,2348.0
2025-06-26 11:26:00,CLM,,7.9446001052856445,7.9446001052856445,7.940000057220459,7.940000057220459,655.0
2025-06-26 11:26:00,CQP,,55.80500030517578,55.83000183105469,55.80500030517578,55.83000183105469,500.0
2025-06-26 11:26:00,CTM,,1.0300999879837036,1.0399999618530273,1.0299999713897705,1.034999966621399,5137.0
2025-06-26 11:26:00,CYBN,,8.640000343322754,8.649999618530273,8.609999656677246,8.609999656677246,3365.0
2025-06-26 11:26:00,DC,,3.819999933242798,3.819999933242798,3.819999933242798,3.819999933242798,102.0
2025-06-26 11:26:00,DHY,,2.115000009536743,2.115000009536743,2.110100030899048,2.110599994659424,3001.0
2025-06-26 11:26:00,DNN,,1.8049999475479126,1.809999942779541,1.7999999523162842,1.809999942779541,48107.0
2025-06-26 11:26:00,EAD,,6.989999771118164,6.989999771118164,6.989999771118164,6.989999771118164,101.0
2025-06-26 11:26:00,ECF,,10.15999984741211,10.15999984741211,10.15999984741211,10.15999984741211,102.0
2025-06-26 11:26:00,EMX,,2.5450000762939453,2.5450000762939453,2.5450000762939453,2.5450000762939453,512.0
2025-06-26 11:26:00,EPM,,4.755000114440918,4.755000114440918,4.755000114440918,4.755000114440918,148.0
2025-06-26 11:26:00,EQX,,5.940000057220459,5.940000057220459,5.929999828338623,5.934999942779541,12283.0
2025-06-26 11:26:00,ERC,,9.369999885559082,9.369999885559082,9.369999885559082,9.369999885559082,420.0
2025-06-26 11:26:00,ERH,,11.350000381469727,11.350000381469727,11.350000381469727,11.350000381469727,200.0
2025-06-26 11:26:00,EVM,,8.850000381469727,8.850000381469727,8.850000381469727,8.850000381469727,179.0
2025-06-26 11:26:00,FOXO,,0.19990000128746033,0.19990000128746033,0.19990000128746033,0.19990000128746033,2867.0
2025-06-26 11:26:00,FTF,,6.385000228881836,6.385000228881836,6.385000228881836,6.385000228881836,200.0
2025-06-26 11:26:00,GLDG,,0.746999979019165,0.7472000122070312,0.746999979019165,0.7472000122070312,1554.0
2025-06-26 11:26:00,GNS,,0.8459500074386597,0.8790000081062317,0.8352000117301941,0.839900016784668,106773.0
2025-06-26 11:26:00,GORO,,0.5419999957084656,0.550000011920929,0.5419999957084656,0.550000011920929,2200.0
2025-06-26 11:26:00,GROY,,2.2850000858306885,2.2850000858306885,2.280100107192993,2.280100107192993,1570.0
2025-06-26 11:26:00,HUSA,,13.119999885559082,13.119999885559082,13.119799613952637,13.119799613952637,2634.0
2025-06-26 11:26:00,IBO,,0.9150000214576721,0.9258000254631042,0.9150000214576721,0.9258000254631042,9322.0
2025-06-26 11:26:00,IGC,,0.30970001220703125,0.30970001220703125,0.30869999527931213,0.30869999527931213,600.0
2025-06-26 11:26:00,IMO,,81.12000274658203,81.19999694824219,81.12000274658203,81.16000366210938,5661.0
2025-06-26 11:26:00,INDO,,3.1500000953674316,3.1500000953674316,3.1500000953674316,3.1500000953674316,485.0
2025-06-26 11:26:00,INFU,,6.485000133514404,6.485000133514404,6.485000133514404,6.485000133514404,1505.0
2025-06-26 11:26:00,ITRG,,1.565000057220459,1.565000057220459,1.559999942779541,1.559999942779541,1357.0
2025-06-26 11:26:00,KNW,,1.7300000190734863,1.7300000190734863,1.7300000190734863,1.7300000190734863,1384.0
2025-06-26 11:26:00,KULR,,5.110000133514404,5.119900226593018,5.110000133514404,5.119200229644775,3544.0
2025-06-26 11:26:00,LCTX,,1.034999966621399,1.034999966621399,1.034999966621399,1.034999966621399,545.0
2025-06-26 11:26:00,LEU,,183.5,184.0,183.07000732421875,183.2449951171875,6640.0
2025-06-26 11:26:00,LMND,,41.70000076293945,41.71780014038086,41.65999984741211,41.68000030517578,3003.0
2025-06-26 11:26:00,LNG,,241.99000549316406,242.01559448242188,241.8699951171875,241.8699951171875,3218.0
2025-06-26 11:26:00,LODE,,3.700000047683716,3.7100000381469727,3.700000047683716,3.700000047683716,1053.0
2025-06-26 11:26:00,MAG,,21.3799991607666,21.3799991607666,21.3799991607666,21.3799991607666,107.0
2025-06-26 11:26:00,MAIA,,1.6633000373840332,1.6633000373840332,1.659999966621399,1.659999966621399,506.0
2025-06-26 11:26:00,MPTI,,41.07500076293945,41.07500076293945,41.07500076293945,41.07500076293945,504.0
2025-06-26 11:26:00,MTA,,3.865000009536743,3.865000009536743,3.865000009536743,3.865000009536743,328.0
2025-06-26 11:26:00,MWG,,0.26010000705718994,0.26010000705718994,0.26010000705718994,0.26010000705718994,328.0
2025-06-26 11:26:00,MYND,,0.925000011920929,0.925000011920929,0.925000011920929,0.925000011920929,150.0
2025-06-26 11:26:00,MYO,,2.2750000953674316,2.2750000953674316,2.2750000953674316,2.2750000953674316,135.0
2025-06-26 11:26:00,NAK,,1.5498000383377075,1.5499999523162842,1.5433000326156616,1.545199990272522,4187.0
2025-06-26 11:26:00,NBH,,9.819999694824219,9.819999694824219,9.819999694824219,9.819999694824219,100.0
2025-06-26 11:26:00,NCL,,0.1754000037908554,0.1754000037908554,0.1754000037908554,0.1754000037908554,1200.0
2025-06-26 11:26:00,NG,,3.990000009536743,3.990000009536743,3.9746999740600586,3.990000009536743,47037.0
2025-06-26 11:26:00,NGD,,4.914999961853027,4.919000148773193,4.909999847412109,4.909999847412109,21810.0
2025-06-26 11:26:00,NML,,8.835000038146973,8.835000038146973,8.820099830627441,8.820099830627441,800.0
2025-06-26 11:26:00,OBE,,5.565000057220459,5.570000171661377,5.565000057220459,5.570000171661377,1771.0
2025-06-26 11:26:00,OPTT,,0.512499988079071,0.5126000046730042,0.512499988079071,0.5126000046730042,2201.0
2025-06-26 11:26:00,ORLA,,10.079999923706055,10.085000038146973,10.079999923706055,10.085000038146973,784.0
2025-06-26 11:26:00,OSTX,,1.8294999599456787,1.8294999599456787,1.8294999599456787,1.8294999599456787,500.0
2025-06-26 11:26:00,PLG,,1.6098999977111816,1.6100000143051147,1.600000023841858,1.6100000143051147,8926.0
2025-06-26 11:26:00,PLMR,,150.41000366210938,150.41000366210938,150.02999877929688,150.39999389648438,3116.0
2025-06-26 11:26:00,REI,,0.784600019454956,0.7849000096321106,0.784600019454956,0.7849000096321106,2761.0
2025-06-26 11:26:00,SCCG,,19.0,19.0,19.0,19.0,244.0
2025-06-26 11:26:00,SENS,,0.49505001306533813,0.4950999915599823,0.4950000047683716,0.4950999915599823,61110.0
2025-06-26 11:26:00,SGN,,1.0199999809265137,1.0199999809265137,1.0199999809265137,1.0199999809265137,360.0
2025-06-26 11:26:00,SLI,,1.8799999952316284,1.8899999856948853,1.8799999952316284,1.8899999856948853,2029.0
2025-06-26 11:26:00,SLND,,3.8801000118255615,4.099999904632568,3.8801000118255615,4.099999904632568,1030.0
2025-06-26 11:26:00,SOAR,,1.465000033378601,1.465000033378601,1.465000033378601,1.465000033378601,130.0
2025-06-26 11:26:00,SVM,,4.170000076293945,4.170000076293945,4.159999847412109,4.159999847412109,714.0
2025-06-26 11:26:00,TGB,,3.0950000286102295,3.109999895095825,3.0899999141693115,3.109999895095825,101372.0
2025-06-26 11:26:00,THM,,0.9240000247955322,0.9240000247955322,0.9240000247955322,0.9240000247955322,326.0
2025-06-26 11:26:00,TMQ,,1.4900000095367432,1.5,1.4900000095367432,1.5,4113.0
2025-06-26 11:26:00,TOON,,0.7379999756813049,0.7379999756813049,0.7379999756813049,0.7379999756813049,632.0
2025-06-26 11:26:00,TRX,,0.3391999900341034,0.3391999900341034,0.3391999900341034,0.3391999900341034,15168.0
2025-06-26 11:26:00,UAMY,,2.5250000953674316,2.5250000953674316,2.5199999809265137,2.5199999809265137,6523.0
2025-06-26 11:26:00,UEC,,6.880099773406982,6.894999980926514,6.880000114440918,6.890100002288818,18320.0
2025-06-26 11:26:00,URG,,1.0299999713897705,1.0399999618530273,1.0299999713897705,1.0399999618530273,3698.0
2025-06-26 11:26:00,USAS,,0.8259999752044678,0.8259999752044678,0.824400007724762,0.8259000182151794,6200.0
2025-06-26 11:26:00,UUUU,,5.765100002288818,5.765399932861328,5.760000228881836,5.764999866485596,2958.0
2025-06-26 11:26:00,VTAK,,0.2554999887943268,0.2565000057220459,0.2554999887943268,0.2565000057220459,9440.0
2025-06-26 11:26:00,VZLA,,2.994999885559082,2.994999885559082,2.994999885559082,2.994999885559082,1351.0
2025-06-26 11:26:00,WRN,,1.25,1.250100016593933,1.25,1.25,1337.0
2025-06-26 11:26:00,WWR,,0.5924500226974487,0.5924999713897705,0.5924500226974487,0.5924999713897705,840.0
2025-06-26 11:26:00,ZDGE,,4.239999771118164,4.269999980926514,4.239999771118164,4.269999980926514,700.0
2025-06-26 11:27:00,AMBI,,4.550000190734863,5.0,4.519999980926514,4.900000095367432,31343.0
2025-06-26 11:27:00,AMBO,,2.5850000381469727,2.5850000381469727,2.5850000381469727,2.5850000381469727,283.0
2025-06-26 11:27:00,ASM,,3.5450000762939453,3.5450000762939453,3.5450000762939453,3.5450000762939453,106.0
2025-06-26 11:27:00,ATNM,,1.5,1.5,1.4950000047683716,1.499899983406067,1200.0
2025-06-26 11:27:00,BATL,,1.559999942779541,1.559999942779541,1.559999942779541,1.559999942779541,1120.0
2025-06-26 11:27:00,BRBS,,3.2850000858306885,3.2850000858306885,3.2850000858306885,3.2850000858306885,401.0
2025-06-26 11:27:00,BTG,,3.6296000480651855,3.6298999786376953,3.6212000846862793,3.6296000480651855,33613.0
2025-06-26 11:27:00,BURU,,0.3206999897956848,0.3206999897956848,0.3203999996185303,0.3206999897956848,11344.0
2025-06-26 11:27:00,CATX,,3.6549999713897705,3.6698999404907227,3.640000104904175,3.6549999713897705,1515.0
2025-06-26 11:27:00,CBOE,,227.44000244140625,227.44000244140625,227.44000244140625,227.44000244140625,245.0
2025-06-26 11:27:00,CCEL,,5.25,5.25,5.25,5.25,188.0
2025-06-26 11:27:00,CET,,47.720001220703125,47.720001220703125,47.720001220703125,47.720001220703125,101.0
2025-06-26 11:27:00,CIK,,2.9409000873565674,2.944999933242798,2.940000057220459,2.944999933242798,8000.0
2025-06-26 11:27:00,CLM,,7.945000171661377,7.945000171661377,7.940000057220459,7.940000057220459,2252.0
2025-06-26 11:27:00,CQP,,55.80500030517578,55.80500030517578,55.80500030517578,55.80500030517578,587.0
2025-06-26 11:27:00,CRF,,7.565000057220459,7.565199851989746,7.565000057220459,7.565199851989746,946.0
2025-06-26 11:27:00,CTM,,1.034999966621399,1.0399999618530273,1.034999966621399,1.0399999618530273,200.0
2025-06-26 11:27:00,DC,,3.819999933242798,3.819999933242798,3.819999933242798,3.819999933242798,201.0
2025-06-26 11:27:00,DHY,,2.115000009536743,2.115000009536743,2.110100030899048,2.115000009536743,2100.0
2025-06-26 11:27:00,DNN,,1.809999942779541,1.809999942779541,1.7999999523162842,1.809999942779541,17762.0
2025-06-26 11:27:00,ECF,,10.15999984741211,10.15999984741211,10.15999984741211,10.15999984741211,100.0
2025-06-26 11:27:00,ELMD,,21.290000915527344,21.290000915527344,21.290000915527344,21.290000915527344,437.0
2025-06-26 11:27:00,EQX,,5.934999942779541,5.940000057220459,5.929999828338623,5.940000057220459,49501.0
2025-06-26 11:27:00,ERH,,11.347000122070312,11.347000122070312,11.347000122070312,11.347000122070312,100.0
2025-06-26 11:27:00,EVM,,8.850000381469727,8.850000381469727,8.850000381469727,8.850000381469727,100.0
2025-06-26 11:27:00,FOXO,,0.19990000128746033,0.19990000128746033,0.19990000128746033,0.19990000128746033,323.0
2025-06-26 11:27:00,GNS,,0.8600000143051147,0.8606989979743958,0.8443009853363037,0.8443009853363037,22941.0
2025-06-26 11:27:00,GORO,,0.548799991607666,0.548799991607666,0.548799991607666,0.548799991607666,12838.0
2025-06-26 11:27:00,GROY,,2.2850000858306885,2.2850000858306885,2.2799999713897705,2.2850000858306885,720.0
2025-06-26 11:27:00,GSAT,,23.135000228881836,23.149999618530273,23.135000228881836,23.139999389648438,5788.0
2025-06-26 11:27:00,HUSA,,13.119999885559082,13.119999885559082,13.119999885559082,13.119999885559082,338.0
2025-06-26 11:27:00,IBO,,0.9140999913215637,0.9150000214576721,0.9090999960899353,0.9150000214576721,7450.0
2025-06-26 11:27:00,IDR,,13.149999618530273,13.15999984741211,13.149999618530273,13.15999984741211,852.0
2025-06-26 11:27:00,IE,,9.90999984741211,9.925000190734863,9.90999984741211,9.925000190734863,2153.0
2025-06-26 11:27:00,IGC,,0.3086499869823456,0.3086499869823456,0.3086499869823456,0.3086499869823456,145.0
2025-06-26 11:27:00,IMO,,81.12760162353516,81.1500015258789,81.08999633789062,81.1500015258789,3100.0
2025-06-26 11:27:00,INDO,,3.1438000202178955,3.1500000953674316,3.1438000202178955,3.1500000953674316,4437.0
2025-06-26 11:27:00,KNW,,1.7400000095367432,1.7400000095367432,1.7300000190734863,1.7300000190734863,1052.0
2025-06-26 11:27:00,KULR,,5.119999885559082,5.119999885559082,5.114999771118164,5.119999885559082,2972.0
2025-06-26 11:27:00,LEU,,183.33999633789062,184.0,183.0399932861328,183.50999450683594,16818.0
2025-06-26 11:27:00,LMND,,41.709999084472656,41.75,41.689998626708984,41.737300872802734,3428.0
2025-06-26 11:27:00,LNG,,241.98500061035156,242.02999877929688,241.98500061035156,241.98500061035156,4139.0
2025-06-26 11:27:00,MAG,,21.364999771118164,21.375,21.364999771118164,21.3700008392334,1229.0
2025-06-26 11:27:00,MRT,,2.7769999504089355,2.7769999504089355,2.7769999504089355,2.7769999504089355,2480.0
2025-06-26 11:27:00,MTA,,3.850100040435791,3.859999895095825,3.8499999046325684,3.859999895095825,3046.0
2025-06-26 11:27:00,MTNB,,0.9251000285148621,0.9300000071525574,0.9251000285148621,0.9300000071525574,7703.0
2025-06-26 11:27:00,MYND,,0.925000011920929,0.925000011920929,0.925000011920929,0.925000011920929,300.0
2025-06-26 11:27:00,MYO,,2.2699999809265137,2.2699999809265137,2.2699999809265137,2.2699999809265137,1734.0
2025-06-26 11:27:00,NAK,,1.534999966621399,1.5463999509811401,1.534999966621399,1.5399999618530273,66179.0
2025-06-26 11:27:00,NG,,4.0,4.0,3.9800000190734863,3.9899001121520996,137536.0
2025-06-26 11:27:00,NGD,,4.909900188446045,4.919899940490723,4.900000095367432,4.909999847412109,119761.0
2025-06-26 11:27:00,NHC,,108.5999984741211,108.5999984741211,108.5999984741211,108.5999984741211,460.0
2025-06-26 11:27:00,NNVC,,1.190000057220459,1.190000057220459,1.190000057220459,1.190000057220459,300.0
2025-06-26 11:27:00,OBE,,5.570000171661377,5.570000171661377,5.570000171661377,5.570000171661377,116.0
2025-06-26 11:27:00,OPTT,,0.512598991394043,0.5126000046730042,0.512598991394043,0.5126000046730042,781.0
2025-06-26 11:27:00,ORLA,,10.074999809265137,10.079999923706055,10.074999809265137,10.079999923706055,782.0
2025-06-26 11:27:00,OSTX,,1.8222999572753906,1.8222999572753906,1.8222999572753906,1.8222999572753906,1756.0
2025-06-26 11:27:00,PLG,,1.600000023841858,1.6050000190734863,1.600000023841858,1.6050000190734863,600.0
2025-06-26 11:27:00,PLMR,,150.97999572753906,150.97999572753906,150.6699981689453,150.6699981689453,870.0
2025-06-26 11:27:00,PZG,,0.6021000146865845,0.6021000146865845,0.6021000146865845,0.6021000146865845,1015.0
2025-06-26 11:27:00,REI,,0.7832000255584717,0.7851999998092651,0.7832000255584717,0.784600019454956,5212.0
2025-06-26 11:27:00,SACH,,1.0950000286102295,1.0950000286102295,1.0950000286102295,1.0950000286102295,140.0
2025-06-26 11:27:00,SATX,,2.9549999237060547,2.9549999237060547,2.9549999237060547,2.9549999237060547,213.0
2025-06-26 11:27:00,SCCD,,21.600000381469727,21.600000381469727,21.600000381469727,21.600000381469727,0.0
2025-06-26 11:27:00,SEB,,2959.429931640625,2960.0,2939.85009765625,2946.135009765625,9.0
2025-06-26 11:27:00,SENS,,0.4950000047683716,0.4950999915599823,0.4950000047683716,0.4950999915599823,32138.0
2025-06-26 11:27:00,SLI,,1.8848999738693237,1.8899999856948853,1.875,1.8875000476837158,18676.0
2025-06-26 11:27:00,SOAR,,1.4600000381469727,1.4600000381469727,1.4600000381469727,1.4600000381469727,500.0
2025-06-26 11:27:00,SVM,,4.159999847412109,4.165200233459473,4.15500020980835,4.164999961853027,54208.0
2025-06-26 11:27:00,TGB,,3.0899999141693115,3.0999999046325684,3.0899999141693115,3.0899999141693115,9301.0
2025-06-26 11:27:00,TMQ,,1.4800000190734863,1.4800000190734863,1.4800000190734863,1.4800000190734863,108.0
2025-06-26 11:27:00,TOVX,,0.4449999928474426,0.4449999928474426,0.4449999928474426,0.4449999928474426,1425.0
2025-06-26 11:27:00,TPET,,1.2100000381469727,1.2100000381469727,1.2100000381469727,1.2100000381469727,368.0
2025-06-26 11:27:00,UAMY,,2.5250000953674316,2.5299999713897705,2.5199999809265137,2.5250000953674316,63524.0
2025-06-26 11:27:00,UAVS,,1.1150000095367432,1.1150000095367432,1.1150000095367432,1.1150000095367432,1500.0
2025-06-26 11:27:00,UEC,,6.885000228881836,6.889999866485596,6.881999969482422,6.889999866485596,3809.0
2025-06-26 11:27:00,URG,,1.034999966621399,1.0399999618530273,1.0299999713897705,1.0399999618530273,17922.0
2025-06-26 11:27:00,UTG,,35.369998931884766,35.375,35.369998931884766,35.375,1203.0
2025-06-26 11:27:00,UUUU,,5.775000095367432,5.78000020980835,5.760000228881836,5.760000228881836,30799.0
2025-06-26 11:27:00,VTAK,,0.25540000200271606,0.25540000200271606,0.25429999828338623,0.25429999828338623,283.0
2025-06-26 11:27:00,VZLA,,2.994999885559082,3.0,2.9900999069213867,2.9900999069213867,10088.0
2025-06-26 11:27:00,WWR,,0.5900999903678894,0.5900999903678894,0.5900999903678894,0.5900999903678894,1500.0
2025-06-26 11:27:00,ZDGE,,4.210000038146973,4.239999771118164,4.179999828338623,4.239999771118164,12420.0
2025-06-26 11:28:00,AIRI,,3.359999895095825,3.359999895095825,3.359999895095825,3.359999895095825,388.0
2025-06-26 11:28:00,AMBI,,4.550000190734863,4.550000190734863,4.550000190734863,4.550000190734863,33517.0
2025-06-26 11:28:00,AMBO,,2.609999895095825,2.609999895095825,2.609999895095825,2.609999895095825,554.0
2025-06-26 11:28:00,ARMN,,6.869999885559082,6.880000114440918,6.869999885559082,6.880000114440918,7940.0
2025-06-26 11:28:00,ASM,,3.5399999618530273,3.5450000762939453,3.5399999618530273,3.5399999618530273,15049.0
2025-06-26 11:28:00,ATNM,,1.4910000562667847,1.4910000562667847,1.4910000562667847,1.4910000562667847,190.0
2025-06-26 11:28:00,AZTR,,0.257999986410141,0.257999986410141,0.257999986410141,0.257999986410141,1793.0
2025-06-26 11:28:00,BATL,,1.4800000190734863,1.4800000190734863,1.4800000190734863,1.4800000190734863,7006.0
2025-06-26 11:28:00,BKTI,,54.262001037597656,54.262001037597656,54.262001037597656,54.262001037597656,159.0
2025-06-26 11:28:00,BRBS,,3.2799999713897705,3.2799999713897705,3.2799999713897705,3.2799999713897705,372.0
2025-06-26 11:28:00,BTG,,3.6298999786376953,3.6298999786376953,3.625,3.625,12615.0
2025-06-26 11:28:00,BURU,,0.32100000977516174,0.32100000977516174,0.3206999897956848,0.3206999897956848,12597.0
2025-06-26 11:28:00,CATX,,3.6549999713897705,3.6549999713897705,3.640000104904175,3.6549999713897705,803.0
2025-06-26 11:28:00,CBOE,,227.4550018310547,227.4550018310547,227.4550018310547,227.4550018310547,955.0
2025-06-26 11:28:00,CEF,,30.309999465942383,30.309999465942383,30.30500030517578,30.30500030517578,420.0
2025-06-26 11:28:00,CIK,,2.944999933242798,2.944999933242798,2.9409000873565674,2.944999933242798,5000.0
2025-06-26 11:28:00,CLM,,7.945199966430664,7.945199966430664,7.945199966430664,7.945199966430664,930.0
2025-06-26 11:28:00,CQP,,55.819801330566406,55.819801330566406,55.80500030517578,55.80500030517578,454.0
2025-06-26 11:28:00,CTGO,,20.709999084472656,20.709999084472656,20.709999084472656,20.709999084472656,569.0
2025-06-26 11:28:00,CTM,,1.034999966621399,1.034999966621399,1.034999966621399,1.034999966621399,2056.0
2025-06-26 11:28:00,CYBN,,8.640000343322754,8.649999618530273,8.640000343322754,8.649999618530273,1191.0
2025-06-26 11:28:00,DC,,3.8299999237060547,3.8299999237060547,3.819999933242798,3.819999933242798,779.0
2025-06-26 11:28:00,DHY,,2.110100030899048,2.115000009536743,2.110100030899048,2.115000009536743,3029.0
2025-06-26 11:28:00,DNN,,1.809999942779541,1.809999942779541,1.7999999523162842,1.809999942779541,25801.0
2025-06-26 11:28:00,EAD,,6.989999771118164,6.989999771118164,6.989999771118164,6.989999771118164,182.0
2025-06-26 11:28:00,ECF,,10.15999984741211,10.15999984741211,10.15999984741211,10.15999984741211,300.0
2025-06-26 11:28:00,ENX,,9.199999809265137,9.199999809265137,9.199999809265137,9.199999809265137,100.0
2025-06-26 11:28:00,EQX,,5.934999942779541,5.940000057220459,5.929999828338623,5.929999828338623,7562.0
2025-06-26 11:28:00,ESP,,44.52000045776367,44.52000045776367,44.52000045776367,44.52000045776367,255.0
2025-06-26 11:28:00,EVM,,8.850000381469727,8.850000381469727,8.850000381469727,8.850000381469727,100.0
2025-06-26 11:28:00,FTF,,6.385000228881836,6.385000228881836,6.385000228881836,6.385000228881836,210.0
2025-06-26 11:28:00,GLDG,,0.746999979019165,0.746999979019165,0.746999979019165,0.746999979019165,3830.0
2025-06-26 11:28:00,GNS,,0.8587489724159241,0.8598999977111816,0.850600004196167,0.8598999977111816,7106.0
2025-06-26 11:28:00,GROY,,2.2850000858306885,2.2899999618530273,2.2799999713897705,2.2899999618530273,3491.0
2025-06-26 11:28:00,HUSA,,13.15999984741211,13.15999984741211,13.15999984741211,13.15999984741211,319.0
2025-06-26 11:28:00,IBO,,0.9002010226249695,0.9140999913215637,0.8999999761581421,0.9116500020027161,12938.0
2025-06-26 11:28:00,IDR,,13.119999885559082,13.119999885559082,13.119999885559082,13.119999885559082,198.0
2025-06-26 11:28:00,IE,,9.920000076293945,9.920000076293945,9.920000076293945,9.920000076293945,609.0
2025-06-26 11:28:00,IMO,,81.08999633789062,81.08999633789062,81.08999633789062,81.08999633789062,360.0
2025-06-26 11:28:00,INDO,,3.1449999809265137,3.1500000953674316,3.1449999809265137,3.1500000953674316,1718.0
2025-06-26 11:28:00,ITRG,,1.565000057220459,1.565000057220459,1.559999942779541,1.559999942779541,1612.0
2025-06-26 11:28:00,KNW,,1.7300000190734863,1.7301000356674194,1.7300000190734863,1.7301000356674194,366.0
2025-06-26 11:28:00,KULR,,5.109600067138672,5.119999885559082,5.09499979019165,5.114999771118164,18841.0
2025-06-26 11:28:00,LCTX,,1.0399999618530273,1.0399999618530273,1.034999966621399,1.0399999618530273,1211.0
2025-06-26 11:28:00,LEU,,183.27000427246094,183.66000366210938,183.02000427246094,183.35000610351562,5127.0
2025-06-26 11:28:00,LMND,,41.75,41.75,41.689998626708984,41.74409866333008,3656.0
2025-06-26 11:28:00,MAG,,21.360000610351562,21.360000610351562,21.354999542236328,21.360000610351562,5057.0
2025-06-26 11:28:00,MTA,,3.859999895095825,3.859999895095825,3.859999895095825,3.859999895095825,210.0
2025-06-26 11:28:00,MTNB,,0.9251999855041504,0.9251999855041504,0.9236999750137329,0.9236999750137329,1575.0
2025-06-26 11:28:00,NAK,,1.534999966621399,1.5351999998092651,1.5299999713897705,1.5351999998092651,10760.0
2025-06-26 11:28:00,NBH,,9.819999694824219,9.819999694824219,9.819999694824219,9.819999694824219,100.0
2025-06-26 11:28:00,NCL,,0.17640000581741333,0.17640000581741333,0.17640000581741333,0.17640000581741333,4715.0
2025-06-26 11:28:00,NG,,4.005000114440918,4.010000228881836,3.994999885559082,3.994999885559082,79617.0
2025-06-26 11:28:00,NGD,,4.90500020980835,4.909900188446045,4.900000095367432,4.900000095367432,23899.0
2025-06-26 11:28:00,NHS,,7.5,7.5,7.489999771118164,7.489999771118164,2697.0
2025-06-26 11:28:00,NML,,8.849900245666504,8.849900245666504,8.849900245666504,8.849900245666504,1544.0
2025-06-26 11:28:00,NNVC,,1.1800999641418457,1.1904000043869019,1.1799999475479126,1.190000057220459,6617.0
2025-06-26 11:28:00,OBE,,5.559999942779541,5.559999942779541,5.559999942779541,5.559999942779541,612.0
2025-06-26 11:28:00,OPTT,,0.5123500227928162,0.512499988079071,0.5123000144958496,0.512499988079071,6119.0
2025-06-26 11:28:00,PLG,,1.6050000190734863,1.6050000190734863,1.6050000190734863,1.6050000190734863,7300.0
2025-06-26 11:28:00,PLMR,,151.0050048828125,151.05999755859375,150.98500061035156,150.98500061035156,1868.0
2025-06-26 11:28:00,REI,,0.7832000255584717,0.785099983215332,0.7832000255584717,0.785099983215332,3256.0
2025-06-26 11:28:00,SACH,,1.090000033378601,1.090000033378601,1.090000033378601,1.090000033378601,115.0
2025-06-26 11:28:00,SATX,,2.9549999237060547,2.9549999237060547,2.9549999237060547,2.9549999237060547,107.0
2025-06-26 11:28:00,SENS,,0.4950000047683716,0.4950000047683716,0.4950000047683716,0.4950000047683716,305.0
2025-06-26 11:28:00,SGN,,1.0149999856948853,1.0149999856948853,1.0149999856948853,1.0149999856948853,139.0
2025-06-26 11:28:00,STXS,,2.2300000190734863,2.2300000190734863,2.2300000190734863,2.2300000190734863,101.0
2025-06-26 11:28:00,SVM,,4.160099983215332,4.169899940490723,4.159999847412109,4.160099983215332,6071.0
2025-06-26 11:28:00,TGB,,3.0799999237060547,3.0899999141693115,3.0799999237060547,3.0899999141693115,117471.0
2025-06-26 11:28:00,TRX,,0.3368000090122223,0.33899998664855957,0.33500000834465027,0.33500000834465027,13560.0
2025-06-26 11:28:00,UAMY,,2.5299999713897705,2.5299999713897705,2.5250000953674316,2.5250000953674316,622.0
2025-06-26 11:28:00,UAVS,,1.1171000003814697,1.1198999881744385,1.1100000143051147,1.1198999881744385,8215.0
2025-06-26 11:28:00,UEC,,6.889999866485596,6.900000095367432,6.880099773406982,6.885000228881836,46702.0
2025-06-26 11:28:00,URG,,1.034999966621399,1.0399999618530273,1.0299999713897705,1.034999966621399,1001.0
2025-06-26 11:28:00,USAS,,0.8267999887466431,0.8270000219345093,0.8259999752044678,0.8260999917984009,30784.0
2025-06-26 11:28:00,UTG,,35.375,35.375,35.375,35.375,1216.0
2025-06-26 11:28:00,UUUU,,5.775000095367432,5.775199890136719,5.764999866485596,5.775199890136719,21470.0
2025-06-26 11:28:00,VTAK,,0.2515999972820282,0.25429999828338623,0.2515999972820282,0.25429999828338623,7688.0
2025-06-26 11:28:00,VZLA,,2.9918999671936035,2.995300054550171,2.990000009536743,2.994999885559082,16327.0
2025-06-26 11:28:00,WWR,,0.5924000144004822,0.5924000144004822,0.5924000144004822,0.5924000144004822,1700.0
2025-06-26 11:28:00,ZDGE,,4.190000057220459,4.190000057220459,4.190000057220459,4.190000057220459,1311.0
2025-06-26 11:29:00,APT,,4.79040002822876,4.79040002822876,4.79040002822876,4.79040002822876,191.0
2025-06-26 11:29:00,AREN,,5.659999847412109,5.659999847412109,5.550000190734863,5.550000190734863,393.0
2025-06-26 11:29:00,ARMN,,6.869999885559082,6.870100021362305,6.869999885559082,6.869999885559082,507.0
2025-06-26 11:29:00,ASM,,3.5399999618530273,3.5399999618530273,3.5399999618530273,3.5399999618530273,145.0
2025-06-26 11:29:00,AZTR,,0.2599000036716461,0.2599000036716461,0.2599000036716461,0.2599000036716461,4400.0
2025-06-26 11:29:00,BKTI,,54.650001525878906,54.650001525878906,54.650001525878906,54.650001525878906,706.0
2025-06-26 11:29:00,BRBS,,3.2850000858306885,3.2850000858306885,3.2850000858306885,3.2850000858306885,287.0
2025-06-26 11:29:00,BTG,,3.6245999336242676,3.6245999336242676,3.6245999336242676,3.6245999336242676,5536.0
2025-06-26 11:29:00,BURU,,0.32190001010894775,0.3236500024795532,0.32190001010894775,0.32190001010894775,26559.0
2025-06-26 11:29:00,CATX,,3.6600000858306885,3.6700000762939453,3.6600000858306885,3.6600000858306885,1937.0
2025-06-26 11:29:00,CBOE,,227.25,227.47500610351562,227.25,227.3625030517578,1526.0
2025-06-26 11:29:00,CIK,,2.9409000873565674,2.9409000873565674,2.9400999546051025,2.9400999546051025,4002.0
2025-06-26 11:29:00,CLDI,,0.21889999508857727,0.21889999508857727,0.2151000052690506,0.2151000052690506,1827.0
2025-06-26 11:29:00,CLM,,7.940000057220459,7.940000057220459,7.940000057220459,7.940000057220459,750.0
2025-06-26 11:29:00,CPHI,,1.7699999809265137,1.7699999809265137,1.7699999809265137,1.7699999809265137,11152.0
2025-06-26 11:29:00,CQP,,55.80500030517578,55.80500030517578,55.70000076293945,55.80500030517578,562.0
2025-06-26 11:29:00,CTM,,1.0399999618530273,1.0399999618530273,1.034999966621399,1.034999966621399,310.0
2025-06-26 11:29:00,CYBN,,8.649399757385254,8.649399757385254,8.649399757385254,8.649399757385254,151.0
2025-06-26 11:29:00,DC,,3.809999942779541,3.815000057220459,3.809999942779541,3.815000057220459,2469.0
2025-06-26 11:29:00,DHY,,2.109999895095825,2.109999895095825,2.109999895095825,2.109999895095825,183.0
2025-06-26 11:29:00,DNN,,1.809999942779541,1.809999942779541,1.7999999523162842,1.8049999475479126,52035.0
2025-06-26 11:29:00,EAD,,6.989999771118164,6.989999771118164,6.989999771118164,6.989999771118164,2063.0
2025-06-26 11:29:00,EMX,,2.5399999618530273,2.5399999618530273,2.5399999618530273,2.5399999618530273,434.0
2025-06-26 11:29:00,EPM,,4.755000114440918,4.755000114440918,4.755000114440918,4.755000114440918,27778.0
2025-06-26 11:29:00,EQX,,5.929999828338623,5.934999942779541,5.929999828338623,5.934999942779541,6413.0
2025-06-26 11:29:00,EVM,,8.850000381469727,8.850000381469727,8.850000381469727,8.850000381469727,0.0
2025-06-26 11:29:00,FSP,,1.684999942779541,1.6950000524520874,1.684999942779541,1.690000057220459,1420.0
2025-06-26 11:29:00,FTF,,6.385000228881836,6.386099815368652,6.380000114440918,6.386099815368652,9215.0
2025-06-26 11:29:00,GAU,,1.315000057220459,1.315000057220459,1.315000057220459,1.315000057220459,106.0
2025-06-26 11:29:00,GENC,,14.224599838256836,14.224599838256836,14.224599838256836,14.224599838256836,1217.0
2025-06-26 11:29:00,GLO,,5.334400177001953,5.336400032043457,5.334400177001953,5.336400032043457,863.0
2025-06-26 11:29:00,GNS,,0.8550000190734863,0.8597999811172485,0.8507000207901001,0.8549000024795532,26665.0
2025-06-26 11:29:00,GORO,,0.5487989783287048,0.5487989783287048,0.5487989783287048,0.5487989783287048,6017.0
2025-06-26 11:29:00,GROY,,2.274600028991699,2.2850000858306885,2.274600028991699,2.2850000858306885,5057.0
2025-06-26 11:29:00,GSAT,,23.155000686645508,23.15999984741211,23.1299991607666,23.13249969482422,2590.0
2025-06-26 11:29:00,IBO,,0.9140999913215637,0.9140999913215637,0.9002000093460083,0.9002000093460083,5315.0
2025-06-26 11:29:00,IE,,9.850000381469727,9.90999984741211,9.850000381469727,9.90999984741211,8713.0
2025-06-26 11:29:00,IMO,,81.0,81.01000213623047,80.95559692382812,80.97000122070312,859.0
2025-06-26 11:29:00,INDO,,3.1451001167297363,3.1451001167297363,3.1301000118255615,3.1410999298095703,7314.0
2025-06-26 11:29:00,INFU,,6.489999771118164,6.5,6.489999771118164,6.5,1193.0
2025-06-26 11:29:00,ITRG,,1.559999942779541,1.559999942779541,1.559999942779541,1.559999942779541,6206.0
2025-06-26 11:29:00,KNW,,1.7497999668121338,1.7497999668121338,1.7497999668121338,1.7497999668121338,3022.0
2025-06-26 11:29:00,KULR,,5.105000019073486,5.109600067138672,5.100100040435791,5.109600067138672,3575.0
2025-06-26 11:29:00,LCTX,,1.034999966621399,1.0399999618530273,1.034999966621399,1.0399999618530273,1035.0
2025-06-26 11:29:00,LEU,,181.0,184.0,181.0,183.7100067138672,10980.0
2025-06-26 11:29:00,LMND,,41.650001525878906,41.65999984741211,41.650001525878906,41.65999984741211,606.0
2025-06-26 11:29:00,LNG,,242.02000427246094,242.02999877929688,241.99000549316406,241.99000549316406,819.0
2025-06-26 11:29:00,LODE,,3.700000047683716,3.700000047683716,3.700000047683716,3.700000047683716,137.0
2025-06-26 11:29:00,MAG,,21.360000610351562,21.360000610351562,21.360000610351562,21.360000610351562,105.0
2025-06-26 11:29:00,MPTI,,40.880001068115234,40.880001068115234,40.880001068115234,40.880001068115234,710.0
2025-06-26 11:29:00,MTA,,3.859999895095825,3.859999895095825,3.859999895095825,3.859999895095825,186.0
2025-06-26 11:29:00,MTNB,,0.9399999976158142,0.9399999976158142,0.9399999976158142,0.9399999976158142,1854.0
2025-06-26 11:29:00,MYND,,0.8899999856948853,0.8899999856948853,0.8899999856948853,0.8899999856948853,127.0
2025-06-26 11:29:00,MYO,,2.259999990463257,2.265000104904175,2.25,2.265000104904175,1360.0
2025-06-26 11:29:00,NAK,,1.5312999486923218,1.5399999618530273,1.5299999713897705,1.534999966621399,271524.0
2025-06-26 11:29:00,NCL,,0.17720000445842743,0.17819899320602417,0.17560000717639923,0.17819899320602417,6085.0
2025-06-26 11:29:00,NEWP,,1.36080002784729,1.36080002784729,1.36080002784729,1.36080002784729,2064.0
2025-06-26 11:29:00,NG,,4.025000095367432,4.03000020980835,4.0,4.010000228881836,193643.0
2025-06-26 11:29:00,NGD,,4.900000095367432,4.909999847412109,4.900000095367432,4.909999847412109,4104.0
2025-06-26 11:29:00,NNVC,,1.1799999475479126,1.180899977684021,1.1799999475479126,1.180899977684021,36701.0
2025-06-26 11:29:00,OBE,,5.550000190734863,5.559999942779541,5.550000190734863,5.559999942779541,2138.0
2025-06-26 11:29:00,OPTT,,0.5123000144958496,0.5123999714851379,0.5121999979019165,0.5123000144958496,9550.0
2025-06-26 11:29:00,ORLA,,10.069999694824219,10.074999809265137,10.069999694824219,10.069999694824219,1228.0
2025-06-26 11:29:00,OSTX,,1.8200000524520874,1.8200000524520874,1.8200000524520874,1.8200000524520874,610.0
2025-06-26 11:29:00,PLG,,1.5950000286102295,1.600000023841858,1.5950000286102295,1.600000023841858,7243.0
2025-06-26 11:29:00,PRK,,165.19000244140625,165.19000244140625,165.19000244140625,165.19000244140625,307.0
2025-06-26 11:29:00,RCG,,2.619999885559082,2.619999885559082,2.619999885559082,2.619999885559082,4276.0
2025-06-26 11:29:00,REI,,0.7838000059127808,0.7851999998092651,0.7832000255584717,0.7842000126838684,8289.0
2025-06-26 11:29:00,REPX,,26.68000030517578,26.68000030517578,26.68000030517578,26.68000030517578,584.0
2025-06-26 11:29:00,SACH,,1.090000033378601,1.090000033378601,1.090000033378601,1.090000033378601,0.0
2025-06-26 11:29:00,SEB,,2958.82275390625,2958.82275390625,2958.82275390625,2958.82275390625,2.0
2025-06-26 11:29:00,SENS,,0.4950990080833435,0.4950999915599823,0.4950000047683716,0.4950000047683716,20897.0
2025-06-26 11:29:00,SGN,,1.0149999856948853,1.0149999856948853,1.0149999856948853,1.0149999856948853,1685.0
2025-06-26 11:29:00,SKYH,,9.595000267028809,9.625,9.595000267028809,9.609999656677246,1318.0
2025-06-26 11:29:00,SLI,,1.8799999952316284,1.8899999856948853,1.8799999952316284,1.8799999952316284,1450.0
2025-06-26 11:29:00,SLND,,4.050000190734863,4.050000190734863,4.034999847412109,4.034999847412109,237.0
2025-06-26 11:29:00,SOAR,,1.4600000381469727,1.4600000381469727,1.4600000381469727,1.4600000381469727,1164.0
2025-06-26 11:29:00,STXS,,2.234999895095825,2.23799991607666,2.234999895095825,2.23799991607666,445.0
2025-06-26 11:29:00,SVM,,4.159999847412109,4.161499977111816,4.159999847412109,4.160399913787842,26501.0
2025-06-26 11:29:00,TGB,,3.073499917984009,3.0899999141693115,3.069999933242798,3.0799999237060547,96622.0
2025-06-26 11:29:00,TRX,,0.33799999952316284,0.33799999952316284,0.33799999952316284,0.33799999952316284,0.0
2025-06-26 11:29:00,UAMY,,2.5299999713897705,2.5299999713897705,2.5199999809265137,2.5199999809265137,959.0
2025-06-26 11:29:00,UAVS,,1.1100000143051147,1.1100000143051147,1.1100000143051147,1.1100000143051147,2139.0
2025-06-26 11:29:00,UEC,,6.920000076293945,6.920000076293945,6.889999866485596,6.894999980926514,29859.0
2025-06-26 11:29:00,URG,,1.0399999618530273,1.0399999618530273,1.0299999713897705,1.034999966621399,3454.0
2025-06-26 11:29:00,UUUU,,5.78000020980835,5.78000020980835,5.764999866485596,5.769999980926514,14822.0
2025-06-26 11:29:00,VZLA,,2.9851999282836914,2.990000009536743,2.9800000190734863,2.990000009536743,32983.0
2025-06-26 11:29:00,WRN,,1.25,1.25,1.2450000047683716,1.25,23559.0
2025-06-26 11:29:00,WWR,,0.5924000144004822,0.5924000144004822,0.5924000144004822,0.5924000144004822,322.0
2025-06-26 11:29:00,XPL,,0.640999972820282,0.640999972820282,0.640999972820282,0.640999972820282,249.0
2025-06-26 11:30:00,ARMN,,6.875,6.875,6.875,6.875,211.0
2025-06-26 11:30:00,ASM,,3.5450000762939453,3.5450000762939453,3.5399999618530273,3.5399999618530273,1291.0
2025-06-26 11:30:00,BTG,,3.623500108718872,3.630000114440918,3.619999885559082,3.625,80522.0
2025-06-26 11:30:00,BURU,,0.32359999418258667,0.3237000107765198,0.3181999921798706,0.3237000107765198,16521.0
2025-06-26 11:30:00,CATX,,3.6500000953674316,3.669800043106079,3.6500000953674316,3.6600000858306885,5507.0
2025-06-26 11:30:00,CBOE,,227.4600067138672,227.4600067138672,227.4600067138672,227.4600067138672,828.0
2025-06-26 11:30:00,CCEL,,5.449999809265137,5.449999809265137,5.449999809265137,5.449999809265137,282.0
2025-06-26 11:30:00,CEF,,30.315000534057617,30.315000534057617,30.315000534057617,30.315000534057617,301.0
2025-06-26 11:30:00,CIK,,2.940000057220459,2.944999933242798,2.940000057220459,2.944999933242798,18577.0
2025-06-26 11:30:00,CLM,,7.940000057220459,7.940000057220459,7.940000057220459,7.940000057220459,1368.0
2025-06-26 11:30:00,CQP,,55.724998474121094,55.810001373291016,55.68000030517578,55.810001373291016,3020.0
2025-06-26 11:30:00,CRF,,7.563499927520752,7.565000057220459,7.563499927520752,7.565000057220459,394.0
2025-06-26 11:30:00,CVM,,2.450000047683716,2.450000047683716,2.450000047683716,2.450000047683716,18350.0
2025-06-26 11:30:00,CYBN,,8.619999885559082,8.619999885559082,8.619999885559082,8.619999885559082,318.0
2025-06-26 11:30:00,DC,,3.809999942779541,3.809999942779541,3.805000066757202,3.8092000484466553,1923.0
2025-06-26 11:30:00,DHY,,2.110100030899048,2.110100030899048,2.110100030899048,2.110100030899048,1012.0
2025-06-26 11:30:00,DNN,,1.8079999685287476,1.809999942779541,1.8049999475479126,1.8049999475479126,16202.0
2025-06-26 11:30:00,DSS,,0.9200999736785889,0.9200999736785889,0.9200999736785889,0.9200999736785889,481.0
2025-06-26 11:30:00,ECF,,10.15999984741211,10.15999984741211,10.15999984741211,10.15999984741211,221.0
2025-06-26 11:30:00,EMX,,2.5453999042510986,2.5453999042510986,2.5453999042510986,2.5453999042510986,521.0
2025-06-26 11:30:00,EQX,,5.934999942779541,5.940000057220459,5.929999828338623,5.934999942779541,11558.0
2025-06-26 11:30:00,ERC,,9.385000228881836,9.385000228881836,9.385000228881836,9.385000228881836,2127.0
2025-06-26 11:30:00,ERH,,11.359399795532227,11.359399795532227,11.359399795532227,11.359399795532227,269.0
2025-06-26 11:30:00,ESP,,44.80419921875,44.80419921875,44.80419921875,44.80419921875,225.0
2025-06-26 11:30:00,FOXO,,0.19990099966526031,0.19990099966526031,0.19990099966526031,0.19990099966526031,216.0
2025-06-26 11:30:00,FSP,,1.684999942779541,1.684999942779541,1.684999942779541,1.684999942779541,230.0
2025-06-26 11:30:00,FTF,,6.380000114440918,6.380000114440918,6.380000114440918,6.380000114440918,100.0
2025-06-26 11:30:00,GAU,,1.315000057220459,1.315000057220459,1.315000057220459,1.315000057220459,100.0
2025-06-26 11:30:00,GENC,,14.237600326538086,14.237600326538086,14.237600326538086,14.237600326538086,419.0
2025-06-26 11:30:00,GGN,,4.369900226593018,4.369900226593018,4.369900226593018,4.369900226593018,0.0
2025-06-26 11:30:00,GLO,,5.3358001708984375,5.3358001708984375,5.3358001708984375,5.3358001708984375,0.0
2025-06-26 11:30:00,GNS,,0.8517000079154968,0.8597999811172485,0.8517000079154968,0.8568999767303467,6883.0
2025-06-26 11:30:00,GROY,,2.2750000953674316,2.2750000953674316,2.2750000953674316,2.2750000953674316,1399.0
2025-06-26 11:30:00,GSAT,,23.100000381469727,23.139999389648438,23.100000381469727,23.139999389648438,2242.0
2025-06-26 11:30:00,HUSA,,13.271699905395508,13.271699905395508,13.270000457763672,13.270000457763672,376.0
2025-06-26 11:30:00,IBO,,0.9142000079154968,0.9142000079154968,0.9085999727249146,0.9085999727249146,2284.0
2025-06-26 11:30:00,IE,,9.867300033569336,9.867300033569336,9.850000381469727,9.850000381469727,4008.0
2025-06-26 11:30:00,IGC,,0.30889999866485596,0.30889999866485596,0.30889999866485596,0.30889999866485596,412.0
2025-06-26 11:30:00,IMO,,81.01000213623047,81.02999877929688,80.98999786376953,80.98999786376953,1896.0
2025-06-26 11:30:00,INDO,,3.1449999809265137,3.1489999294281006,3.1401000022888184,3.1401000022888184,3359.0
2025-06-26 11:30:00,INFU,,6.489999771118164,6.489999771118164,6.489999771118164,6.489999771118164,129.0
2025-06-26 11:30:00,ITRG,,1.5549999475479126,1.5549999475479126,1.5549999475479126,1.5549999475479126,1335.0
2025-06-26 11:30:00,KNW,,1.7301000356674194,1.7301000356674194,1.7301000356674194,1.7301000356674194,1064.0
2025-06-26 11:30:00,KULR,,5.100900173187256,5.110000133514404,5.09499979019165,5.099999904632568,17675.0
2025-06-26 11:30:00,LCTX,,1.034999966621399,1.0399999618530273,1.034999966621399,1.0399999618530273,346.0
2025-06-26 11:30:00,LEU,,180.92999267578125,181.79989624023438,180.83999633789062,181.0,29152.0
2025-06-26 11:30:00,LMND,,41.54499816894531,41.650001525878906,41.525001525878906,41.650001525878906,11876.0
2025-06-26 11:30:00,LNG,,241.61000061035156,242.22999572753906,241.41000366210938,242.05999755859375,20042.0
2025-06-26 11:30:00,LODE,,3.7049999237060547,3.7049999237060547,3.7049999237060547,3.7049999237060547,113.0
2025-06-26 11:30:00,MAG,,21.354999542236328,21.354999542236328,21.340900421142578,21.354999542236328,1960.0
2025-06-26 11:30:00,MITQ,,0.6830999851226807,0.6830999851226807,0.6830999851226807,0.6830999851226807,529.0
2025-06-26 11:30:00,MYO,,2.259999990463257,2.259999990463257,2.2565999031066895,2.259999990463257,2541.0
2025-06-26 11:30:00,NAK,,1.5299999713897705,1.534999966621399,1.5299999713897705,1.534999966621399,14870.0
2025-06-26 11:30:00,NBH,,9.819999694824219,9.819999694824219,9.819999694824219,9.819999694824219,200.0
2025-06-26 11:30:00,NFGC,,1.465000033378601,1.4700000286102295,1.465000033378601,1.4700000286102295,500.0
2025-06-26 11:30:00,NG,,4.019999980926514,4.025000095367432,4.013999938964844,4.025000095367432,26571.0
2025-06-26 11:30:00,NGD,,4.900000095367432,4.909999847412109,4.900000095367432,4.900000095367432,22884.0
2025-06-26 11:30:00,NNVC,,1.1799999475479126,1.1799999475479126,1.1799999475479126,1.1799999475479126,1462.0
2025-06-26 11:30:00,OBE,,5.550600051879883,5.550600051879883,5.550600051879883,5.550600051879883,566.0
2025-06-26 11:30:00,OGEN,,3.4820001125335693,3.4820001125335693,3.4820001125335693,3.4820001125335693,445.0
2025-06-26 11:30:00,OPTT,,0.5123500227928162,0.5123500227928162,0.5123000144958496,0.5123000144958496,478.0
2025-06-26 11:30:00,ORLA,,10.069999694824219,10.074999809265137,10.069999694824219,10.074999809265137,2797.0
2025-06-26 11:30:00,OSTX,,1.812000036239624,1.812000036239624,1.812000036239624,1.812000036239624,111.0
2025-06-26 11:30:00,PHGE,,0.4559989869594574,0.4559989869594574,0.4559989869594574,0.4559989869594574,481.0
2025-06-26 11:30:00,PLG,,1.600000023841858,1.600000023841858,1.600000023841858,1.600000023841858,6269.0
2025-06-26 11:30:00,PLMR,,150.77000427246094,150.77000427246094,150.69000244140625,150.69000244140625,807.0
2025-06-26 11:30:00,PLX,,1.4700000286102295,1.475000023841858,1.4700000286102295,1.475000023841858,3620.0
2025-06-26 11:30:00,REI,,0.7832000255584717,0.7832000255584717,0.7832000255584717,0.7832000255584717,128.0
2025-06-26 11:30:00,REPX,,26.719999313354492,26.719999313354492,26.719999313354492,26.719999313354492,452.0
2025-06-26 11:30:00,RLGT,,6.005000114440918,6.005000114440918,6.005000114440918,6.005000114440918,526.0
2025-06-26 11:30:00,SEB,,2946.1298828125,2954.0,2946.1298828125,2954.0,4.0
2025-06-26 11:30:00,SENS,,0.4941999912261963,0.49505001306533813,0.4941999912261963,0.4950000047683716,66977.0
2025-06-26 11:30:00,SLI,,1.8849999904632568,1.8849999904632568,1.8849999904632568,1.8849999904632568,100.0
2025-06-26 11:30:00,SOAR,,1.4500000476837158,1.4500000476837158,1.4500000476837158,1.4500000476837158,925.0
2025-06-26 11:30:00,SVM,,4.159999847412109,4.164999961853027,4.159999847412109,4.159999847412109,7940.0
2025-06-26 11:30:00,TGB,,3.075000047683716,3.0799999237060547,3.069999933242798,3.0794999599456787,36721.0
2025-06-26 11:30:00,UAMY,,2.5250000953674316,2.5299999713897705,2.5199999809265137,2.5199999809265137,2582.0
2025-06-26 11:30:00,UAVS,,1.1047999858856201,1.1050000190734863,1.1047999858856201,1.1050000190734863,5001.0
2025-06-26 11:30:00,UEC,,6.914999961853027,6.920000076293945,6.910099983215332,6.914999961853027,9329.0
2025-06-26 11:30:00,URG,,1.0299999713897705,1.0399999618530273,1.0299999713897705,1.0399999618530273,14888.0
2025-06-26 11:30:00,UUUU,,5.769999980926514,5.775000095367432,5.769999980926514,5.775000095367432,604.0
2025-06-26 11:30:00,VGZ,,1.0199999809265137,1.0199999809265137,1.0199999809265137,1.0199999809265137,0.0
2025-06-26 11:30:00,VTAK,,0.2515999972820282,0.2542000114917755,0.2515999972820282,0.2542000114917755,400.0
2025-06-26 11:30:00,VZLA,,2.9800000190734863,2.990000009536743,2.9800000190734863,2.984999895095825,33533.0
2025-06-26 11:30:00,ZDGE,,4.142000198364258,4.175000190734863,4.142000198364258,4.175000190734863,1400.0
2025-06-26 11:31:00,AREN,,5.590000152587891,5.590000152587891,5.590000152587891,5.590000152587891,112.0
2025-06-26 11:31:00,ARMN,,6.869999885559082,6.869999885559082,6.869999885559082,6.869999885559082,0.0
2025-06-26 11:31:00,ASM,,3.548099994659424,3.548099994659424,3.5399999618530273,3.5450000762939453,1375.0
2025-06-26 11:31:00,ATNM,,1.4950000047683716,1.4950000047683716,1.4901000261306763,1.4901000261306763,1112.0
2025-06-26 11:31:00,BRBS,,3.2850000858306885,3.2899999618530273,3.2850000858306885,3.2899999618530273,281.0
2025-06-26 11:31:00,BTG,,3.630000114440918,3.630000114440918,3.619999885559082,3.625,23104.0
2025-06-26 11:31:00,BURU,,0.3231000006198883,0.3231000006198883,0.3206999897956848,0.3206999897956848,434.0
2025-06-26 11:31:00,CATX,,3.6449999809265137,3.6449999809265137,3.630000114440918,3.6449999809265137,1180.0
2025-06-26 11:31:00,CBOE,,227.875,227.9199981689453,227.1300048828125,227.25,15483.0
2025-06-26 11:31:00,CEF,,30.305200576782227,30.3085994720459,30.30500030517578,30.30500030517578,3110.0
2025-06-26 11:31:00,CIK,,2.940000057220459,2.941499948501587,2.940000057220459,2.940000057220459,3100.0
2025-06-26 11:31:00,CLDI,,0.21889899671077728,0.21889899671077728,0.21889899671077728,0.21889899671077728,0.0
2025-06-26 11:31:00,CQP,,55.779998779296875,55.779998779296875,55.77000045776367,55.77000045776367,713.0
2025-06-26 11:31:00,CRF,,7.564599990844727,7.564599990844727,7.564599990844727,7.564599990844727,203.0
2025-06-26 11:31:00,CTM,,1.039430022239685,1.039430022239685,1.039430022239685,1.039430022239685,1021.0
2025-06-26 11:31:00,CVM,,2.4700000286102295,2.490000009536743,2.4700000286102295,2.490000009536743,819.0
2025-06-26 11:31:00,DC,,3.805000066757202,3.805000066757202,3.805000066757202,3.805000066757202,192895.0
2025-06-26 11:31:00,DHY,,2.115000009536743,2.115000009536743,2.1110999584198,2.1110999584198,2000.0
2025-06-26 11:31:00,DNN,,1.8049999475479126,1.809999942779541,1.7999999523162842,1.809999942779541,2323.0
2025-06-26 11:31:00,EQX,,5.934999942779541,5.940000057220459,5.929999828338623,5.934999942779541,11755.0
2025-06-26 11:31:00,ESP,,44.79999923706055,44.79999923706055,44.79999923706055,44.79999923706055,362.0
2025-06-26 11:31:00,FOXO,,0.20000000298023224,0.20000000298023224,0.20000000298023224,0.20000000298023224,401.0
2025-06-26 11:31:00,GAU,,1.309999942779541,1.309999942779541,1.309999942779541,1.309999942779541,100.0
2025-06-26 11:31:00,GNS,,0.8560000061988831,0.8595989942550659,0.852849006652832,0.8572999835014343,32434.0
2025-06-26 11:31:00,GSAT,,23.1299991607666,23.1299991607666,23.1299991607666,23.1299991607666,277.0
2025-06-26 11:31:00,HUSA,,13.260000228881836,13.260000228881836,13.260000228881836,13.260000228881836,594.0
2025-06-26 11:31:00,IBO,,0.9128999710083008,0.9244999885559082,0.9128999710083008,0.9244999885559082,4511.0
2025-06-26 11:31:00,IDR,,13.130000114440918,13.130000114440918,13.119999885559082,13.130000114440918,1163.0
2025-06-26 11:31:00,IE,,9.869999885559082,9.869999885559082,9.869999885559082,9.869999885559082,6758.0
2025-06-26 11:31:00,IMO,,81.0199966430664,81.05999755859375,80.9800033569336,80.9800033569336,1205.0
2025-06-26 11:31:00,INDO,,3.134999990463257,3.1489999294281006,3.130000114440918,3.1489999294281006,3670.0
2025-06-26 11:31:00,ITRG,,1.5549999475479126,1.559000015258789,1.5549999475479126,1.559000015258789,915.0
2025-06-26 11:31:00,KNW,,1.7401000261306763,1.7450000047683716,1.7401000261306763,1.7401000261306763,2643.0
2025-06-26 11:31:00,KULR,,5.09499979019165,5.110000133514404,5.09499979019165,5.110000133514404,3928.0
2025-06-26 11:31:00,LCTX,,1.0399999618530273,1.0399999618530273,1.034999966621399,1.0399999618530273,865.0
2025-06-26 11:31:00,LEU,,180.07000732421875,181.17999267578125,179.8000030517578,180.9949951171875,6873.0
2025-06-26 11:31:00,LMND,,41.5099983215332,41.58000183105469,41.5099983215332,41.52000045776367,2998.0
2025-06-26 11:31:00,LNG,,241.4550018310547,241.6634063720703,241.41000366210938,241.4600067138672,6817.0
2025-06-26 11:31:00,MAG,,21.34000015258789,21.34000015258789,21.334999084472656,21.34000015258789,934.0
2025-06-26 11:31:00,MAIA,,1.6634000539779663,1.6634000539779663,1.6634000539779663,1.6634000539779663,373.0
2025-06-26 11:31:00,NAK,,1.5363999605178833,1.5399999618530273,1.5299999713897705,1.5299999713897705,14439.0
2025-06-26 11:31:00,NFGC,,1.4700000286102295,1.4700000286102295,1.4697999954223633,1.4697999954223633,472.0
2025-06-26 11:31:00,NG,,4.015900135040283,4.015900135040283,4.014999866485596,4.014999866485596,1202.0
2025-06-26 11:31:00,NGD,,4.900000095367432,4.90500020980835,4.900000095367432,4.900000095367432,58008.0
2025-06-26 11:31:00,NML,,8.835000038146973,8.835000038146973,8.835000038146973,8.835000038146973,1729.0
2025-06-26 11:31:00,NNVC,,1.184399962425232,1.184399962425232,1.184399962425232,1.184399962425232,336956.0
2025-06-26 11:31:00,NRO,,3.190000057220459,3.194999933242798,3.190000057220459,3.1905999183654785,1229.0
2025-06-26 11:31:00,OPTT,,0.5123000144958496,0.5123500227928162,0.5123000144958496,0.5123500227928162,1909.0
2025-06-26 11:31:00,ORLA,,10.0600004196167,10.069999694824219,10.0600004196167,10.069999694824219,889.0
2025-06-26 11:31:00,PLG,,1.5950000286102295,1.5950000286102295,1.5950000286102295,1.5950000286102295,0.0
2025-06-26 11:31:00,PLMR,,150.50999450683594,150.50999450683594,150.50999450683594,150.50999450683594,378.0
2025-06-26 11:31:00,PLX,,1.4700000286102295,1.475000023841858,1.4700000286102295,1.475000023841858,320.0
2025-06-26 11:31:00,REI,,0.7832000255584717,0.7832000255584717,0.7832000255584717,0.7832000255584717,1728.0
2025-06-26 11:31:00,SATX,,2.9549999237060547,2.9549999237060547,2.9549999237060547,2.9549999237060547,235.0
2025-06-26 11:31:00,SEB,,2959.0,2960.0,2953.0,2960.0,10.0
2025-06-26 11:31:00,SENS,,0.49309998750686646,0.4941500127315521,0.49309998750686646,0.49410000443458557,44538.0
2025-06-26 11:31:00,SGN,,1.0198999643325806,1.0198999643325806,1.0198999643325806,1.0198999643325806,662.0
2025-06-26 11:31:00,SKYH,,9.550000190734863,9.550000190734863,9.550000190734863,9.550000190734863,215.0
2025-06-26 11:31:00,SLI,,1.889299988746643,1.889299988746643,1.889299988746643,1.889299988746643,573.0
2025-06-26 11:31:00,SVM,,4.159999847412109,4.164999961853027,4.159999847412109,4.159999847412109,57942.0
2025-06-26 11:31:00,TGB,,3.089900016784668,3.0899999141693115,3.075000047683716,3.075000047683716,135740.0
2025-06-26 11:31:00,UAMY,,2.515000104904175,2.5199999809265137,2.509999990463257,2.5199999809265137,10821.0
2025-06-26 11:31:00,UAVS,,1.1002999544143677,1.1002999544143677,1.1002999544143677,1.1002999544143677,250.0
2025-06-26 11:31:00,UEC,,6.90500020980835,6.920000076293945,6.894999980926514,6.920000076293945,37464.0
2025-06-26 11:31:00,URG,,1.034999966621399,1.0399999618530273,1.034999966621399,1.034999966621399,2867.0
2025-06-26 11:31:00,UTG,,35.375,35.375,35.375,35.375,203.0
2025-06-26 11:31:00,UUUU,,5.764999866485596,5.775000095367432,5.764999866485596,5.769999980926514,7309.0
2025-06-26 11:31:00,VTAK,,0.2517000138759613,0.25200000405311584,0.2515999972820282,0.2515999972820282,5044.0
2025-06-26 11:31:00,VZLA,,2.9800000190734863,2.9800000190734863,2.9800000190734863,2.9800000190734863,593.0
2025-06-26 11:31:00,WWR,,0.5892999768257141,0.5924500226974487,0.5887500047683716,0.5924500226974487,4648.0
2025-06-26 11:31:00,ZDGE,,4.130000114440918,4.179999828338623,4.130000114440918,4.139999866485596,1280.0
2025-06-26 11:32:00,AEON,,0.7728999853134155,0.7728999853134155,0.7728999853134155,0.7728999853134155,229.0
2025-06-26 11:32:00,AREN,,5.617499828338623,5.617499828338623,5.617499828338623,5.617499828338623,441.0
2025-06-26 11:32:00,ASM,,3.5399999618530273,3.5399999618530273,3.5399999618530273,3.5399999618530273,122.0
2025-06-26 11:32:00,ATNM,,1.499500036239624,1.499500036239624,1.499500036239624,1.499500036239624,842.0
2025-06-26 11:32:00,BRBS,,3.2850000858306885,3.2850000858306885,3.2850000858306885,3.2850000858306885,276.0
2025-06-26 11:32:00,BTG,,3.625,3.625,3.624799966812134,3.625,17753.0
2025-06-26 11:32:00,BURU,,0.32359999418258667,0.32359999418258667,0.3208000063896179,0.3208000063896179,8551.0
2025-06-26 11:32:00,CATX,,3.6649999618530273,3.6649999618530273,3.6500000953674316,3.6500000953674316,3331.0
2025-06-26 11:32:00,CBOE,,227.875,227.875,227.875,227.875,847.0
2025-06-26 11:32:00,CEF,,30.315000534057617,30.315000534057617,30.315000534057617,30.315000534057617,1640.0
2025-06-26 11:32:00,CIK,,2.940000057220459,2.940000057220459,2.940000057220459,2.940000057220459,103.0
2025-06-26 11:32:00,CQP,,55.80500030517578,55.869998931884766,55.75,55.869998931884766,2569.0
2025-06-26 11:32:00,CRF,,7.559999942779541,7.559999942779541,7.559999942779541,7.559999942779541,1280.0
2025-06-26 11:32:00,CTM,,1.0399999618530273,1.0399999618530273,1.0399999618530273,1.0399999618530273,102.0
2025-06-26 11:32:00,CVM,,2.4800000190734863,2.4800000190734863,2.4800000190734863,2.4800000190734863,4733.0
2025-06-26 11:32:00,DC,,3.799999952316284,3.799999952316284,3.799999952316284,3.799999952316284,121.0
2025-06-26 11:32:00,DHY,,2.115000009536743,2.115000009536743,2.1110999584198,2.112799882888794,5000.0
2025-06-26 11:32:00,DNN,,1.805799961090088,1.809999942779541,1.7999999523162842,1.8032000064849854,33302.0
2025-06-26 11:32:00,ELMD,,21.329999923706055,21.329999923706055,21.329999923706055,21.329999923706055,186.0
2025-06-26 11:32:00,ENX,,9.199999809265137,9.199999809265137,9.199999809265137,9.199999809265137,156.0
2025-06-26 11:32:00,EQX,,5.934999942779541,5.934999942779541,5.929999828338623,5.934999942779541,43032.0
2025-06-26 11:32:00,ERC,,9.369999885559082,9.369999885559082,9.369999885559082,9.369999885559082,0.0
2025-06-26 11:32:00,FSP,,1.684999942779541,1.684999942779541,1.684999942779541,1.684999942779541,351.0
2025-06-26 11:32:00,FTF,,6.380000114440918,6.380000114440918,6.380000114440918,6.380000114440918,102.0
2025-06-26 11:32:00,GNS,,0.8560000061988831,0.8596000075340271,0.8532999753952026,0.8586000204086304,12604.0
2025-06-26 11:32:00,GORO,,0.548799991607666,0.548799991607666,0.548799991607666,0.548799991607666,140.0
2025-06-26 11:32:00,GROY,,2.2750000953674316,2.2750000953674316,2.2750000953674316,2.2750000953674316,305.0
2025-06-26 11:32:00,GSAT,,23.11400032043457,23.11400032043457,23.100000381469727,23.100000381469727,641.0
2025-06-26 11:32:00,HUSA,,13.273900032043457,13.273900032043457,13.273900032043457,13.273900032043457,4199.0
2025-06-26 11:32:00,IBO,,0.9128100275993347,0.9128999710083008,0.9128100275993347,0.9128999710083008,1328.0
2025-06-26 11:32:00,IDR,,13.104999542236328,13.104999542236328,13.104999542236328,13.104999542236328,409.0
2025-06-26 11:32:00,IMO,,81.04000091552734,81.04000091552734,81.04000091552734,81.04000091552734,441.0
2025-06-26 11:32:00,INDO,,3.1166999340057373,3.1166999340057373,3.1166999340057373,3.1166999340057373,10424.0
2025-06-26 11:32:00,ITRG,,1.5549999475479126,1.5549999475479126,1.5549999475479126,1.5549999475479126,0.0
2025-06-26 11:32:00,KNW,,1.746899962425232,1.75,1.7448999881744385,1.749400019645691,1818.0
2025-06-26 11:32:00,KULR,,5.090099811553955,5.099999904632568,5.090099811553955,5.09499979019165,10401.0
2025-06-26 11:32:00,LCTX,,1.034999966621399,1.0399999618530273,1.034999966621399,1.034999966621399,2054.0
2025-06-26 11:32:00,LEU,,179.6199951171875,181.2100067138672,179.6199951171875,180.24000549316406,7819.0
2025-06-26 11:32:00,LMND,,41.560001373291016,41.560001373291016,41.47999954223633,41.560001373291016,2260.0
2025-06-26 11:32:00,LNG,,241.6649932861328,241.75,241.3000030517578,241.6649932861328,12755.0
2025-06-26 11:32:00,LODE,,3.7149999141693115,3.7149999141693115,3.7039999961853027,3.7039999961853027,1200.0
2025-06-26 11:32:00,MAG,,21.329999923706055,21.329999923706055,21.329999923706055,21.329999923706055,3011.0
2025-06-26 11:32:00,MPTI,,40.88999938964844,40.88999938964844,40.88999938964844,40.88999938964844,400.0
2025-06-26 11:32:00,MYO,,2.255000114440918,2.259999990463257,2.255000114440918,2.259999990463257,2974.0
2025-06-26 11:32:00,NAK,,1.534999966621399,1.534999966621399,1.5299999713897705,1.5299999713897705,10731.0
2025-06-26 11:32:00,NCL,,0.17589999735355377,0.17589999735355377,0.17589999735355377,0.17589999735355377,200.0
2025-06-26 11:32:00,NFGC,,1.4700000286102295,1.4700000286102295,1.4700000286102295,1.4700000286102295,2967.0
2025-06-26 11:32:00,NG,,4.014999866485596,4.025000095367432,3.994999885559082,4.014999866485596,105291.0
2025-06-26 11:32:00,NGD,,4.90500020980835,4.90500020980835,4.900000095367432,4.90500020980835,45825.0
2025-06-26 11:32:00,NNVC,,1.1699999570846558,1.1799999475479126,1.1699999570846558,1.1799999475479126,1629.0
2025-06-26 11:32:00,NRO,,3.190000057220459,3.190000057220459,3.190000057220459,3.190000057220459,847.0
2025-06-26 11:32:00,OPTT,,0.5108000040054321,0.5123000144958496,0.5108000040054321,0.5123000144958496,13393.0
2025-06-26 11:32:00,ORLA,,10.069000244140625,10.069000244140625,10.069000244140625,10.069000244140625,617.0
2025-06-26 11:32:00,OSTX,,1.840000033378601,1.840000033378601,1.840000033378601,1.840000033378601,12314.0
2025-06-26 11:32:00,PLMR,,150.5,150.5751953125,150.5,150.5751953125,856.0
2025-06-26 11:32:00,PZG,,0.6154000163078308,0.6154000163078308,0.6154000163078308,0.6154000163078308,3054.0
2025-06-26 11:32:00,REI,,0.7832000255584717,0.7839000225067139,0.7832000255584717,0.7839000225067139,6368.0
2025-06-26 11:32:00,SEB,,2952.56494140625,2952.56494140625,2952.56494140625,2952.56494140625,11.0
2025-06-26 11:32:00,SENS,,0.49309998750686646,0.49309998750686646,0.49300000071525574,0.49309998750686646,27292.0
2025-06-26 11:32:00,SLI,,1.8849999904632568,1.8849999904632568,1.8849999904632568,1.8849999904632568,282.0
2025-06-26 11:32:00,SLND,,4.03000020980835,4.03000020980835,4.03000020980835,4.03000020980835,157.0
2025-06-26 11:32:00,SVM,,4.15500020980835,4.159999847412109,4.150000095367432,4.159999847412109,17583.0
2025-06-26 11:32:00,TGB,,3.0899999141693115,3.0899999141693115,3.080899953842163,3.089400053024292,3635.0
2025-06-26 11:32:00,UAMY,,2.515000104904175,2.515000104904175,2.515000104904175,2.515000104904175,476.0
2025-06-26 11:32:00,UAVS,,1.1002000570297241,1.1002000570297241,1.1002000570297241,1.1002000570297241,0.0
2025-06-26 11:32:00,UEC,,6.90500020980835,6.90500020980835,6.889999866485596,6.900000095367432,16957.0
2025-06-26 11:32:00,URG,,1.034999966621399,1.0399999618530273,1.0299999713897705,1.034999966621399,12622.0
2025-06-26 11:32:00,USAS,,0.8274000287055969,0.8274000287055969,0.8274000287055969,0.8274000287055969,830.0
2025-06-26 11:32:00,UTG,,35.44850158691406,35.44850158691406,35.44850158691406,35.44850158691406,421.0
2025-06-26 11:32:00,UUUU,,5.775000095367432,5.78000020980835,5.764999866485596,5.764999866485596,29173.0
2025-06-26 11:32:00,VZLA,,2.9800000190734863,2.9800000190734863,2.9800000190734863,2.9800000190734863,103.0
2025-06-26 11:32:00,WRN,,1.2450000047683716,1.2450000047683716,1.2450000047683716,1.2450000047683716,101.0
2025-06-26 11:32:00,WYY,,3.4700000286102295,3.4700000286102295,3.4700000286102295,3.4700000286102295,2123.0
2025-06-26 11:32:00,ZDGE,,4.1020002365112305,4.125,4.1020002365112305,4.105000019073486,1021.0
2025-06-26 11:33:00,ARMN,,6.869999885559082,6.875,6.869999885559082,6.875,249090.0
2025-06-26 11:33:00,ATNM,,1.4950000047683716,1.5,1.4950000047683716,1.5,263.0
2025-06-26 11:33:00,BTG,,3.625,3.6254000663757324,3.619999885559082,3.625,6423.0
2025-06-26 11:33:00,BURU,,0.3221000134944916,0.3248000144958496,0.3221000134944916,0.3248000144958496,17944.0
2025-06-26 11:33:00,CANF,,1.0700000524520874,1.0700000524520874,1.059999942779541,1.059999942779541,2543.0
2025-06-26 11:33:00,CATX,,3.6577000617980957,3.6577000617980957,3.6577000617980957,3.6577000617980957,1291.0
2025-06-26 11:33:00,CBOE,,227.6199951171875,227.8350067138672,227.6199951171875,227.6199951171875,668.0
2025-06-26 11:33:00,CCEL,,5.4253997802734375,5.4253997802734375,5.4253997802734375,5.4253997802734375,563.0
2025-06-26 11:33:00,CIK,,2.9400999546051025,2.9400999546051025,2.9400999546051025,2.9400999546051025,0.0
2025-06-26 11:33:00,CLDI,,0.21570999920368195,0.21570999920368195,0.21570999920368195,0.21570999920368195,501861.0
2025-06-26 11:33:00,CMCL,,19.059999465942383,19.059999465942383,19.059999465942383,19.059999465942383,286.0
2025-06-26 11:33:00,CQP,,55.80500030517578,55.80500030517578,55.80500030517578,55.80500030517578,342.0
2025-06-26 11:33:00,DHY,,2.109999895095825,2.112799882888794,2.109999895095825,2.109999895095825,5146.0
2025-06-26 11:33:00,DNN,,1.809999942779541,1.809999942779541,1.8049999475479126,1.809999942779541,31361.0
2025-06-26 11:33:00,ELMD,,21.290000915527344,21.290000915527344,21.290000915527344,21.290000915527344,240.0
2025-06-26 11:33:00,EPM,,4.755000114440918,4.755000114440918,4.755000114440918,4.755000114440918,101.0
2025-06-26 11:33:00,EQX,,5.934999942779541,5.934999942779541,5.929999828338623,5.934999942779541,10708.0
2025-06-26 11:33:00,ERC,,9.391194343566895,9.391194343566895,9.391194343566895,9.391194343566895,23629.0
2025-06-26 11:33:00,ESP,,44.83000183105469,44.83000183105469,44.83000183105469,44.83000183105469,504.0
2025-06-26 11:33:00,FOXO,,0.20010000467300415,0.20010000467300415,0.20010000467300415,0.20010000467300415,841.0
2025-06-26 11:33:00,GAU,,1.3049999475479126,1.3111000061035156,1.3049999475479126,1.3111000061035156,14492.0
2025-06-26 11:33:00,GNS,,0.8641999959945679,0.8679999709129333,0.859499990940094,0.859499990940094,34854.0
2025-06-26 11:33:00,GROY,,2.2748000621795654,2.2750000953674316,2.2748000621795654,2.2750000953674316,669.0
2025-06-26 11:33:00,GTE,,5.052000045776367,5.052000045776367,5.052000045776367,5.052000045776367,3331.0
2025-06-26 11:33:00,IBO,,0.9299989938735962,0.9300000071525574,0.9222999811172485,0.9222999811172485,1506849.0
2025-06-26 11:33:00,IE,,9.885000228881836,9.899999618530273,9.885000228881836,9.899999618530273,6050.0
2025-06-26 11:33:00,INDO,,3.130000114440918,3.130000114440918,3.130000114440918,3.130000114440918,500.0
2025-06-26 11:33:00,INFU,,6.489999771118164,6.489999771118164,6.489999771118164,6.489999771118164,942.0
2025-06-26 11:33:00,KNW,,1.7450000047683716,1.75,1.7401000261306763,1.75,10109.0
2025-06-26 11:33:00,KULR,,5.085000038146973,5.099999904632568,5.085000038146973,5.09499979019165,14555.0
2025-06-26 11:33:00,LCTX,,1.034999966621399,1.0399999618530273,1.0299999713897705,1.0299999713897705,2016.0
2025-06-26 11:33:00,LEU,,179.77999877929688,179.88999938964844,178.9208984375,178.9208984375,6076.0
2025-06-26 11:33:00,LMND,,41.54999923706055,41.564998626708984,41.53499984741211,41.540000915527344,6938.0
2025-06-26 11:33:00,LNG,,241.65499877929688,241.72000122070312,241.65499877929688,241.67999267578125,882.0
2025-06-26 11:33:00,LODE,,3.75,3.75,3.7174999713897705,3.7300000190734863,5059.0
2025-06-26 11:33:00,MAG,,21.34000015258789,21.34000015258789,21.34000015258789,21.34000015258789,591.0
2025-06-26 11:33:00,MTA,,3.8499999046325684,3.8499999046325684,3.8499999046325684,3.8499999046325684,1587.0
2025-06-26 11:33:00,MYO,,2.250200033187866,2.250200033187866,2.250200033187866,2.250200033187866,3058.0
2025-06-26 11:33:00,NAK,,1.5362999439239502,1.5399999618530273,1.533400058746338,1.5362999439239502,18536.0
2025-06-26 11:33:00,NG,,4.014900207519531,4.014999866485596,4.010300159454346,4.014999866485596,4287.0
2025-06-26 11:33:00,NGD,,4.90500020980835,4.905200004577637,4.900000095367432,4.900000095367432,68762.0
2025-06-26 11:33:00,NHS,,7.494999885559082,7.494999885559082,7.494999885559082,7.494999885559082,17811.0
2025-06-26 11:33:00,NNVC,,1.1699999570846558,1.1770999431610107,1.1699999570846558,1.1770999431610107,11620.0
2025-06-26 11:33:00,OBE,,5.550000190734863,5.550000190734863,5.550000190734863,5.550000190734863,267.0
2025-06-26 11:33:00,OPTT,,0.5108000040054321,0.5108000040054321,0.5108000040054321,0.5108000040054321,1176.0
2025-06-26 11:33:00,PLG,,1.600000023841858,1.600000023841858,1.590000033378601,1.590000033378601,1091571.0
2025-06-26 11:33:00,PLX,,1.475000023841858,1.4800000190734863,1.475000023841858,1.4800000190734863,209.0
2025-06-26 11:33:00,REI,,0.7831000089645386,0.7838500142097473,0.7831000089645386,0.7832000255584717,1803.0
2025-06-26 11:33:00,SATX,,2.9549999237060547,2.9549999237060547,2.9549999237060547,2.9549999237060547,226.0
2025-06-26 11:33:00,SENS,,0.49300000071525574,0.49309998750686646,0.49300000071525574,0.49300000071525574,53173.0
2025-06-26 11:33:00,SLI,,1.8799999952316284,1.8799999952316284,1.8799999952316284,1.8799999952316284,1863.0
2025-06-26 11:33:00,STXS,,2.234999895095825,2.239000082015991,2.234999895095825,2.239000082015991,203.0
2025-06-26 11:33:00,SVM,,4.150000095367432,4.159999847412109,4.150000095367432,4.15500020980835,10248.0
2025-06-26 11:33:00,TGB,,3.0801000595092773,3.0899999141693115,3.0801000595092773,3.0899999141693115,13192.0
2025-06-26 11:33:00,TMQ,,1.4800000190734863,1.4800000190734863,1.4800000190734863,1.4800000190734863,1254.0
2025-06-26 11:33:00,TRX,,0.3346000015735626,0.3346000015735626,0.3346000015735626,0.3346000015735626,115065.0
2025-06-26 11:33:00,UAMY,,2.515000104904175,2.515000104904175,2.515000104904175,2.515000104904175,1554.0
2025-06-26 11:33:00,UAVS,,1.1090999841690063,1.1090999841690063,1.1090999841690063,1.1090999841690063,628934.0
2025-06-26 11:33:00,UEC,,6.909999847412109,6.909999847412109,6.900000095367432,6.900000095367432,27531.0
2025-06-26 11:33:00,URG,,1.034999966621399,1.034999966621399,1.0299999713897705,1.0299999713897705,2315.0
2025-06-26 11:33:00,USAS,,0.8274000287055969,0.8274000287055969,0.8274000287055969,0.8274000287055969,1200.0
2025-06-26 11:33:00,UUUU,,5.775000095367432,5.775000095367432,5.775000095367432,5.775000095367432,14242.0
2025-06-26 11:33:00,VZLA,,2.9885001182556152,2.9885001182556152,2.9885001182556152,2.9885001182556152,543.0
2025-06-26 11:33:00,WWR,,0.5871009826660156,0.5871009826660156,0.5871009826660156,0.5871009826660156,6276.0
2025-06-26 11:33:00,ZDGE,,4.099999904632568,4.125,4.099999904632568,4.107999801635742,987.0
2025-06-26 11:34:00,ASM,,3.5450000762939453,3.5450000762939453,3.5450000762939453,3.5450000762939453,502.0
2025-06-26 11:34:00,AUST,,1.350000023841858,1.350000023841858,1.350000023841858,1.350000023841858,2063.0
2025-06-26 11:34:00,AZTR,,0.258899986743927,0.258899986743927,0.258899986743927,0.258899986743927,3077.0
2025-06-26 11:34:00,BRBS,,3.2850000858306885,3.2850000858306885,3.2850000858306885,3.2850000858306885,367.0
2025-06-26 11:34:00,BTG,,3.619999885559082,3.630000114440918,3.619999885559082,3.625,11884.0
2025-06-26 11:34:00,BURU,,0.3240000009536743,0.3248000144958496,0.3215999901294708,0.32350000739097595,16399.0
2025-06-26 11:34:00,CATX,,3.6700000762939453,3.6700000762939453,3.6549999713897705,3.6549999713897705,1734.0
2025-06-26 11:34:00,CBOE,,227.8350067138672,227.8350067138672,227.67999267578125,227.71499633789062,1971.0
2025-06-26 11:34:00,CIK,,2.940000057220459,2.944999933242798,2.940000057220459,2.940000057220459,477602.0
2025-06-26 11:34:00,CLM,,7.945000171661377,7.945000171661377,7.945000171661377,7.945000171661377,207.0
2025-06-26 11:34:00,CMCL,,19.059999465942383,19.059999465942383,19.059999465942383,19.059999465942383,100.0
2025-06-26 11:34:00,CQP,,55.79499816894531,55.91999816894531,55.689998626708984,55.689998626708984,1788.0
2025-06-26 11:34:00,CRF,,7.559999942779541,7.559999942779541,7.559999942779541,7.559999942779541,1301.0
2025-06-26 11:34:00,CYBN,,8.579999923706055,8.579999923706055,8.579999923706055,8.579999923706055,712.0
2025-06-26 11:34:00,DDC,,10.305000305175781,10.305000305175781,10.305000305175781,10.305000305175781,31586.0
2025-06-26 11:34:00,DHY,,2.110100030899048,2.110100030899048,2.110100030899048,2.110100030899048,1000.0
2025-06-26 11:34:00,DNN,,1.8100999593734741,1.8200000524520874,1.7999999523162842,1.8049999475479126,2992398.0
2025-06-26 11:34:00,ELMD,,21.290000915527344,21.290000915527344,21.290000915527344,21.290000915527344,110.0
2025-06-26 11:34:00,EMX,,2.5450000762939453,2.5450000762939453,2.5450000762939453,2.5450000762939453,110.0
2025-06-26 11:34:00,EQX,,5.934999942779541,5.934999942779541,5.929999828338623,5.934999942779541,25449.0
2025-06-26 11:34:00,ESP,,45.0,45.0,45.0,45.0,508.0
2025-06-26 11:34:00,EVI,,19.408700942993164,19.408700942993164,19.408700942993164,19.408700942993164,924.0
2025-06-26 11:34:00,EVM,,8.84000015258789,8.84000015258789,8.84000015258789,8.84000015258789,16655.0
2025-06-26 11:34:00,EVV,,10.164999961853027,10.164999961853027,10.164999961853027,10.164999961853027,138048.0
2025-06-26 11:34:00,FOXO,,0.2000499963760376,0.2000499963760376,0.2000499963760376,0.2000499963760376,222.0
2025-06-26 11:34:00,FSP,,1.684999942779541,1.684999942779541,1.684999942779541,1.684999942779541,102.0
2025-06-26 11:34:00,GAU,,1.3051999807357788,1.3051999807357788,1.3051999807357788,1.3051999807357788,8817.0
2025-06-26 11:34:00,GBR,,1.0570000410079956,1.0570000410079956,1.0570000410079956,1.0570000410079956,2504.0
2025-06-26 11:34:00,GGN,,4.364999771118164,4.364999771118164,4.364999771118164,4.364999771118164,127802.0
2025-06-26 11:34:00,GLDG,,0.7472000122070312,0.7472000122070312,0.7472000122070312,0.7472000122070312,3431.0
2025-06-26 11:34:00,GLV,,5.610000133514404,5.619999885559082,5.610000133514404,5.613999843597412,6301.0
2025-06-26 11:34:00,GNS,,0.8500000238418579,0.8679999709129333,0.8458999991416931,0.8679999709129333,27585.0
2025-06-26 11:34:00,GROY,,2.2750000953674316,2.2799999713897705,2.2699999809265137,2.2750000953674316,6135.0
2025-06-26 11:34:00,GSAT,,23.18000030517578,23.18000030517578,23.13990020751953,23.13990020751953,4980.0
2025-06-26 11:34:00,IBO,,0.9297999739646912,0.9297999739646912,0.9276999831199646,0.9297999739646912,854.0
2025-06-26 11:34:00,IDR,,13.109999656677246,13.109999656677246,13.104999542236328,13.104999542236328,511.0
2025-06-26 11:34:00,IE,,9.885000228881836,9.885000228881836,9.885000228881836,9.885000228881836,3395.0
2025-06-26 11:34:00,IMO,,80.97000122070312,80.97000122070312,80.97000122070312,80.97000122070312,539.0
2025-06-26 11:34:00,INDO,,3.109999895095825,3.134500026702881,3.109999895095825,3.134500026702881,1274.0
2025-06-26 11:34:00,INFU,,6.5,6.5,6.499000072479248,6.499000072479248,980.0
2025-06-26 11:34:00,ITRG,,1.5499999523162842,1.5499999523162842,1.5499999523162842,1.5499999523162842,761243.0
2025-06-26 11:34:00,KNW,,1.745300054550171,1.745300054550171,1.745300054550171,1.745300054550171,211.0
2025-06-26 11:34:00,KULR,,5.0802001953125,5.090000152587891,5.079999923706055,5.090000152587891,16830.0
2025-06-26 11:34:00,LCTX,,1.0299999713897705,1.034999966621399,1.0299999713897705,1.0299999713897705,991.0
2025-06-26 11:34:00,LEU,,179.86500549316406,179.86500549316406,179.2183074951172,179.5500030517578,1626.0
2025-06-26 11:34:00,LMND,,41.43000030517578,41.529998779296875,41.41999816894531,41.529998779296875,5309.0
2025-06-26 11:34:00,LNG,,241.88999938964844,241.88999938964844,241.65499877929688,241.65499877929688,992.0
2025-06-26 11:34:00,LODE,,3.7799999713897705,3.7799999713897705,3.753000020980835,3.753000020980835,1642.0
2025-06-26 11:34:00,MAG,,21.34000015258789,21.34000015258789,21.34000015258789,21.34000015258789,118.0
2025-06-26 11:34:00,MPTI,,40.88999938964844,40.88999938964844,40.88999938964844,40.88999938964844,165.0
2025-06-26 11:34:00,MSN,,0.3806000053882599,0.3806000053882599,0.3806000053882599,0.3806000053882599,100.0
2025-06-26 11:34:00,MYO,,2.25,2.25,2.25,2.25,246.0
2025-06-26 11:34:00,NAK,,1.5303000211715698,1.5367000102996826,1.5299999713897705,1.534999966621399,4482.0
2025-06-26 11:34:00,NBH,,9.819999694824219,9.819999694824219,9.819999694824219,9.819999694824219,400.0
2025-06-26 11:34:00,NCL,,0.17509999871253967,0.17579999566078186,0.17499999701976776,0.17579999566078186,65019.0
2025-06-26 11:34:00,NFGC,,1.465999960899353,1.465999960899353,1.465999960899353,1.465999960899353,343.0
2025-06-26 11:34:00,NG,,4.014999866485596,4.016499996185303,4.013999938964844,4.014999866485596,2957.0
2025-06-26 11:34:00,NGD,,4.90500020980835,4.909999847412109,4.900000095367432,4.909900188446045,14640.0
2025-06-26 11:34:00,NML,,8.829999923706055,8.829999923706055,8.829999923706055,8.829999923706055,261.0
2025-06-26 11:34:00,NNVC,,1.155400037765503,1.1699999570846558,1.149999976158142,1.1699999570846558,6291.0
2025-06-26 11:34:00,OBE,,5.550000190734863,5.550000190734863,5.550000190734863,5.550000190734863,197.0
2025-06-26 11:34:00,OPTT,,0.5113000273704529,0.5113000273704529,0.5113000273704529,0.5113000273704529,120.0
2025-06-26 11:34:00,ORLA,,10.0649995803833,10.0649995803833,10.0649995803833,10.0649995803833,899.0
2025-06-26 11:34:00,PLG,,1.5950000286102295,1.5988999605178833,1.5950000286102295,1.5988999605178833,1150.0
2025-06-26 11:34:00,PLX,,1.4700000286102295,1.4700000286102295,1.4700000286102295,1.4700000286102295,457.0
2025-06-26 11:34:00,REI,,0.7831000089645386,0.7836999893188477,0.7831000089645386,0.7831000089645386,2509.0
2025-06-26 11:34:00,SACH,,1.090999960899353,1.090999960899353,1.090999960899353,1.090999960899353,15977.0
2025-06-26 11:34:00,SENS,,0.49309998750686646,0.49309998750686646,0.49300000071525574,0.4930500090122223,48025.0
2025-06-26 11:34:00,STXS,,2.234999895095825,2.234999895095825,2.234999895095825,2.234999895095825,265.0
2025-06-26 11:34:00,SVM,,4.159999847412109,4.159999847412109,4.15500020980835,4.15500020980835,574.0
2025-06-26 11:34:00,TGB,,3.0897998809814453,3.0897998809814453,3.0850000381469727,3.0850000381469727,6747.0
2025-06-26 11:34:00,TMQ,,1.4800000190734863,1.4881000518798828,1.4800000190734863,1.4881000518798828,2407.0
2025-06-26 11:34:00,UAMY,,2.515000104904175,2.515000104904175,2.515000104904175,2.515000104904175,949.0
2025-06-26 11:34:00,UAVS,,1.100000023841858,1.100000023841858,1.100000023841858,1.100000023841858,243.0
2025-06-26 11:34:00,UEC,,6.909999847412109,6.909999847412109,6.900000095367432,6.90500020980835,12042.0
2025-06-26 11:34:00,URG,,1.034999966621399,1.0399999618530273,1.0299999713897705,1.0299999713897705,6034.0
2025-06-26 11:34:00,UTG,,35.375,35.375,35.375,35.375,290.0
2025-06-26 11:34:00,UUUU,,5.78000020980835,5.78000020980835,5.775000095367432,5.775000095367432,7308.0
2025-06-26 11:34:00,VKI,,8.199999809265137,8.210000038146973,8.199999809265137,8.199999809265137,37886.0
2025-06-26 11:34:00,VTAK,,0.2526000142097473,0.25360000133514404,0.2515999972820282,0.25360000133514404,5460.0
2025-06-26 11:34:00,VZLA,,2.984999895095825,2.984999895095825,2.9800000190734863,2.9800000190734863,457.0
2025-06-26 11:34:00,WWR,,0.5892000198364258,0.5892000198364258,0.5871999859809875,0.5871999859809875,6322.0
2025-06-26 11:34:00,XTNT,,0.6399000287055969,0.6399000287055969,0.6299999952316284,0.633400022983551,20671.0
2025-06-26 11:34:00,ZDGE,,4.076000213623047,4.085000038146973,4.07420015335083,4.085000038146973,1200.0
2025-06-26 11:35:00,AEON,,0.7750999927520752,0.7750999927520752,0.7728999853134155,0.7728999853134155,714.0
2025-06-26 11:35:00,ARMN,,6.869999885559082,6.869999885559082,6.869999885559082,6.869999885559082,120.0
2025-06-26 11:35:00,ASM,,3.5399999618530273,3.5450000762939453,3.5399999618530273,3.5450000762939453,2264.0
2025-06-26 11:35:00,ATNM,,1.4950000047683716,1.4950000047683716,1.4950000047683716,1.4950000047683716,124.0
2025-06-26 11:35:00,BATL,,1.4800000190734863,1.4800000190734863,1.4800000190734863,1.4800000190734863,169340.0
2025-06-26 11:35:00,BRBS,,3.2850000858306885,3.2850000858306885,3.2799999713897705,3.2850000858306885,334.0
2025-06-26 11:35:00,BRN,,1.1922999620437622,1.1922999620437622,1.1922999620437622,1.1922999620437622,15337.0
2025-06-26 11:35:00,BTG,,3.630000114440918,3.630000114440918,3.619999885559082,3.625,108645.0
2025-06-26 11:35:00,BURU,,0.3239000141620636,0.3239000141620636,0.3197000026702881,0.32179999351501465,25747.0
2025-06-26 11:35:00,CATX,,3.6700000762939453,3.6700000762939453,3.6700000762939453,3.6700000762939453,208.0
2025-06-26 11:35:00,CBOE,,227.8350067138672,227.8350067138672,227.8350067138672,227.8350067138672,687.0
2025-06-26 11:35:00,CEF,,30.309999465942383,30.309999465942383,30.309999465942383,30.309999465942383,138.0
2025-06-26 11:35:00,CET,,47.61579895019531,47.61579895019531,47.61579895019531,47.61579895019531,3480.0
2025-06-26 11:35:00,CLDI,,0.21559999883174896,0.21799999475479126,0.21559999883174896,0.21580000221729279,1996.0
2025-06-26 11:35:00,CLM,,7.940000057220459,7.945000171661377,7.940000057220459,7.945000171661377,420.0
2025-06-26 11:35:00,CMCL,,19.03499984741211,19.03499984741211,19.03499984741211,19.03499984741211,112.0
2025-06-26 11:35:00,CQP,,55.79499816894531,55.79499816894531,55.79499816894531,55.79499816894531,200.0
2025-06-26 11:35:00,CRF,,7.565000057220459,7.565000057220459,7.565000057220459,7.565000057220459,319.0
2025-06-26 11:35:00,CTM,,1.0399999618530273,1.0399999618530273,1.0399999618530273,1.0399999618530273,100.0
2025-06-26 11:35:00,CYBN,,8.600000381469727,8.600000381469727,8.600000381469727,8.600000381469727,1013.0
2025-06-26 11:35:00,DC,,3.799999952316284,3.799999952316284,3.799999952316284,3.799999952316284,299.0
2025-06-26 11:35:00,DDC,,10.305000305175781,10.305000305175781,10.305000305175781,10.305000305175781,567.0
2025-06-26 11:35:00,DHY,,2.115000009536743,2.115000009536743,2.1101999282836914,2.1110999584198,5000.0
2025-06-26 11:35:00,DNN,,1.8099000453948975,1.815000057220459,1.8005000352859497,1.8099000453948975,37796430.0
2025-06-26 11:35:00,ELMD,,21.334999084472656,21.334999084472656,21.290000915527344,21.290000915527344,320.0
2025-06-26 11:35:00,EMX,,2.5450000762939453,2.5450000762939453,2.5450000762939453,2.5450000762939453,246.0
2025-06-26 11:35:00,EQX,,5.934999942779541,5.934999942779541,5.929999828338623,5.929999828338623,8794.0
2025-06-26 11:35:00,ESP,,45.0,45.0,45.0,45.0,251.0
2025-06-26 11:35:00,FTF,,6.380000114440918,6.380000114440918,6.380000114440918,6.380000114440918,200.0
2025-06-26 11:35:00,GAU,,1.3049999475479126,1.3049999475479126,1.3049999475479126,1.3049999475479126,254.0
2025-06-26 11:35:00,GLDG,,0.7472000122070312,0.7472000122070312,0.7472000122070312,0.7472000122070312,416.0
2025-06-26 11:35:00,GNS,,0.8521000146865845,0.8601999878883362,0.8460000157356262,0.8496999740600586,20460.0
2025-06-26 11:35:00,GROY,,2.2750000953674316,2.2750000953674316,2.2699999809265137,2.2750000953674316,2370.0
2025-06-26 11:35:00,IBO,,0.9287999868392944,0.9297999739646912,0.9287999868392944,0.9297999739646912,2670.0
2025-06-26 11:35:00,IE,,9.885000228881836,9.885000228881836,9.885000228881836,9.885000228881836,356.0
2025-06-26 11:35:00,INDO,,3.1110999584198,3.119999885559082,3.1110999584198,3.1191000938415527,1017.0
2025-06-26 11:35:00,ITRG,,1.5499999523162842,1.5549999475479126,1.5499999523162842,1.5549999475479126,1530.0
2025-06-26 11:35:00,KNW,,1.7549999952316284,1.7549999952316284,1.75,1.75,1035.0
2025-06-26 11:35:00,KULR,,5.085000038146973,5.090000152587891,5.0802001953125,5.085000038146973,11085.0
2025-06-26 11:35:00,LCTX,,1.034999966621399,1.034999966621399,1.034999966621399,1.034999966621399,237.0
2025-06-26 11:35:00,LEU,,179.90499877929688,180.1199951171875,179.31509399414062,179.89999389648438,3535.0
2025-06-26 11:35:00,LMND,,41.43000030517578,41.477500915527344,41.43000030517578,41.477500915527344,1581.0
2025-06-26 11:35:00,LNG,,241.99000549316406,241.99000549316406,241.89999389648438,241.89999389648438,952.0
2025-06-26 11:35:00,MAG,,21.334999084472656,21.34000015258789,21.334999084472656,21.34000015258789,606.0
2025-06-26 11:35:00,MITQ,,0.6830999851226807,0.6830999851226807,0.6830999851226807,0.6830999851226807,212.0
2025-06-26 11:35:00,MPTI,,40.90999984741211,40.90999984741211,40.90999984741211,40.90999984741211,133.0
2025-06-26 11:35:00,MTA,,3.8510000705718994,3.8510000705718994,3.8510000705718994,3.8510000705718994,697.0
2025-06-26 11:35:00,NAK,,1.5389000177383423,1.5399999618530273,1.5299999713897705,1.5398000478744507,22841.0
2025-06-26 11:35:00,NCL,,0.1768999993801117,0.1770000010728836,0.1768999993801117,0.1770000010728836,454.0
2025-06-26 11:35:00,NFGC,,1.4700000286102295,1.4700000286102295,1.4700000286102295,1.4700000286102295,500.0
2025-06-26 11:35:00,NG,,4.013999938964844,4.025000095367432,4.013999938964844,4.014999866485596,52247.0
2025-06-26 11:35:00,NGD,,4.9004998207092285,4.905200004577637,4.900000095367432,4.90500020980835,49391.0
2025-06-26 11:35:00,NHS,,7.495299816131592,7.495299816131592,7.495299816131592,7.495299816131592,2100.0
2025-06-26 11:35:00,NNVC,,1.1549999713897705,1.1549999713897705,1.149999976158142,1.1549999713897705,3284.0
2025-06-26 11:35:00,NRO,,3.1988000869750977,3.1988000869750977,3.190000057220459,3.190000057220459,790.0
2025-06-26 11:35:00,OPTT,,0.5080999732017517,0.5112990140914917,0.5080999732017517,0.5112990140914917,86236.0
2025-06-26 11:35:00,ORLA,,10.0600004196167,10.0600004196167,10.055000305175781,10.0600004196167,3908.0
2025-06-26 11:35:00,OSTX,,1.8596999645233154,1.8596999645233154,1.8596999645233154,1.8596999645233154,145.0
2025-06-26 11:35:00,PLG,,1.5950000286102295,1.5997999906539917,1.5950000286102295,1.5997999906539917,10334.0
2025-06-26 11:35:00,PLMR,,150.74000549316406,150.74000549316406,150.7100067138672,150.7100067138672,666.0
2025-06-26 11:35:00,PLX,,1.4759999513626099,1.4759999513626099,1.4759999513626099,1.4759999513626099,680.0
2025-06-26 11:35:00,REI,,0.7803999781608582,0.7803999781608582,0.7803999781608582,0.7803999781608582,1100.0
2025-06-26 11:35:00,SATX,,2.950000047683716,2.9549999237060547,2.950000047683716,2.9549999237060547,419.0
2025-06-26 11:35:00,SENS,,0.49410000443458557,0.49480000138282776,0.49300000071525574,0.49309998750686646,316771.0
2025-06-26 11:35:00,STXS,,2.234999895095825,2.240000009536743,2.234999895095825,2.234999895095825,539.0
2025-06-26 11:35:00,SVM,,4.150000095367432,4.159999847412109,4.150000095367432,4.159999847412109,758.0
2025-06-26 11:35:00,TGB,,3.0850000381469727,3.0899999141693115,3.0801000595092773,3.0899999141693115,126490.0
2025-06-26 11:35:00,UAMY,,2.515000104904175,2.515000104904175,2.515000104904175,2.515000104904175,661.0
2025-06-26 11:35:00,UAVS,,1.103600025177002,1.1050000190734863,1.1002000570297241,1.1050000190734863,1339.0
2025-06-26 11:35:00,UEC,,6.902500152587891,6.909999847412109,6.900000095367432,6.903500080108643,2832.0
2025-06-26 11:35:00,URG,,1.034999966621399,1.0369000434875488,1.0299999713897705,1.034999966621399,7853.0
2025-06-26 11:35:00,USAS,,0.8266990184783936,0.8273000121116638,0.8266990184783936,0.8273000121116638,1521.0
2025-06-26 11:35:00,UTG,,35.375,35.375,35.375,35.375,307.0
2025-06-26 11:35:00,UUUU,,5.779099941253662,5.779900074005127,5.769999980926514,5.7743000984191895,10882.0
2025-06-26 11:35:00,VZLA,,2.9800000190734863,2.9809999465942383,2.9800000190734863,2.9800000190734863,15031.0
2025-06-26 11:35:00,WWR,,0.5892000198364258,0.5892000198364258,0.5892000198364258,0.5892000198364258,1677.0
2025-06-26 11:35:00,ZDGE,,4.073599815368652,4.073599815368652,4.073599815368652,4.073599815368652,721.0
2025-06-26 11:36:00,AEON,,0.7774999737739563,0.7774999737739563,0.7757999897003174,0.7757999897003174,4141.0
2025-06-26 11:36:00,AIM,,8.829999923706055,8.84000015258789,8.829999923706055,8.84000015258789,7611.0
2025-06-26 11:36:00,ASM,,3.5450000762939453,3.5450000762939453,3.5450000762939453,3.5450000762939453,103.0
2025-06-26 11:36:00,ATNM,,1.4950000047683716,1.4950000047683716,1.4950000047683716,1.4950000047683716,219.0
2025-06-26 11:36:00,BATL,,1.4700000286102295,1.4800000190734863,1.4700000286102295,1.4800000190734863,2715.0
2025-06-26 11:36:00,BRBS,,3.2850000858306885,3.2850000858306885,3.2799999713897705,3.2850000858306885,1263.0
2025-06-26 11:36:00,BTG,,3.625,3.629499912261963,3.619999885559082,3.619999885559082,24058.0
2025-06-26 11:36:00,BURU,,0.3239000141620636,0.3239000141620636,0.3239000141620636,0.3239000141620636,1393.0
2025-06-26 11:36:00,CATX,,3.6700000762939453,3.6700000762939453,3.6700000762939453,3.6700000762939453,206.0
2025-06-26 11:36:00,CET,,47.61000061035156,47.61000061035156,47.61000061035156,47.61000061035156,196.0
2025-06-26 11:36:00,CLDI,,0.21660000085830688,0.21799999475479126,0.21660000085830688,0.21799999475479126,3541.0
2025-06-26 11:36:00,CLM,,7.945000171661377,7.945000171661377,7.945000171661377,7.945000171661377,151.0
2025-06-26 11:36:00,CPHI,,1.7699999809265137,1.7699999809265137,1.7699999809265137,1.7699999809265137,1549.0
2025-06-26 11:36:00,CQP,,55.75,55.79999923706055,55.599998474121094,55.79499816894531,2696.0
2025-06-26 11:36:00,CRF,,7.559999942779541,7.570000171661377,7.559999942779541,7.565299987792969,1150.0
2025-06-26 11:36:00,CTM,,1.034999966621399,1.0398999452590942,1.0311000347137451,1.0398999452590942,41120.0
2025-06-26 11:36:00,CVM,,2.4600000381469727,2.4600000381469727,2.4600000381469727,2.4600000381469727,115.0
2025-06-26 11:36:00,CYBN,,8.630000114440918,8.630000114440918,8.619999885559082,8.619999885559082,300.0
2025-06-26 11:36:00,DHY,,2.1110999584198,2.115000009536743,2.1110999584198,2.1110999584198,4504.0
2025-06-26 11:36:00,DNN,,1.8095999956130981,1.809999942779541,1.8036999702453613,1.8049999475479126,280619.0
2025-06-26 11:36:00,ELMD,,21.34000015258789,21.34000015258789,21.290000915527344,21.290000915527344,1107.0
2025-06-26 11:36:00,EPM,,4.755000114440918,4.755000114440918,4.755000114440918,4.755000114440918,105.0
2025-06-26 11:36:00,EQX,,5.929999828338623,5.940000057220459,5.929999828338623,5.934999942779541,7733.0
2025-06-26 11:36:00,EVI,,19.5,19.5,19.5,19.5,508.0
2025-06-26 11:36:00,EVV,,10.164999961853027,10.164999961853027,10.164999961853027,10.164999961853027,202.0
2025-06-26 11:36:00,GBR,,1.0700000524520874,1.0700000524520874,1.0700000524520874,1.0700000524520874,400.0
2025-06-26 11:36:00,GGN,,4.364999771118164,4.364999771118164,4.364999771118164,4.364999771118164,1300.0
2025-06-26 11:36:00,GNS,,0.8460000157356262,0.858299970626831,0.8460000157356262,0.8460000157356262,2328.0
2025-06-26 11:36:00,GORO,,0.5483999848365784,0.5483999848365784,0.5483999848365784,0.5483999848365784,5133.0
2025-06-26 11:36:00,GROY,,2.2699999809265137,2.2750000953674316,2.2699999809265137,2.2750000953674316,202.0
2025-06-26 11:36:00,IBO,,0.9296990036964417,0.9296990036964417,0.9296990036964417,0.9296990036964417,308.0
2025-06-26 11:36:00,IE,,9.899999618530273,9.899999618530273,9.899999618530273,9.899999618530273,870.0
2025-06-26 11:36:00,IMO,,81.0199966430664,81.0199966430664,80.98999786376953,80.98999786376953,477.0
2025-06-26 11:36:00,INDO,,3.115000009536743,3.119800090789795,3.115000009536743,3.119800090789795,390.0
2025-06-26 11:36:00,ITRG,,1.5549999475479126,1.5549999475479126,1.5549999475479126,1.5549999475479126,4000.0
2025-06-26 11:36:00,KULR,,5.085000038146973,5.090000152587891,5.0802001953125,5.090000152587891,34335.0
2025-06-26 11:36:00,LCTX,,1.0336999893188477,1.0336999893188477,1.0336999893188477,1.0336999893188477,232.0
2025-06-26 11:36:00,LEU,,180.36000061035156,180.36000061035156,180.00999450683594,180.00999450683594,1726.0
2025-06-26 11:36:00,LMND,,41.619998931884766,41.630001068115234,41.439998626708984,41.45500183105469,13105.0
2025-06-26 11:36:00,LNG,,242.07000732421875,242.07000732421875,241.8699951171875,241.8699951171875,2077.0
2025-06-26 11:36:00,LODE,,3.7699999809265137,3.7929000854492188,3.759999990463257,3.759999990463257,9332.0
2025-06-26 11:36:00,MAG,,21.334999084472656,21.34000015258789,21.334999084472656,21.34000015258789,1825.0
2025-06-26 11:36:00,MITQ,,0.6894999742507935,0.6894999742507935,0.6775000095367432,0.6783000230789185,1986.0
2025-06-26 11:36:00,MRT,,2.779900074005127,2.779900074005127,2.779900074005127,2.779900074005127,8893.0
2025-06-26 11:36:00,MTA,,3.8450000286102295,3.8452000617980957,3.8450000286102295,3.8452000617980957,2200.0
2025-06-26 11:36:00,MTNB,,0.949999988079071,0.949999988079071,0.949999988079071,0.949999988079071,396.0
2025-06-26 11:36:00,MYO,,2.25,2.25,2.25,2.25,117.0
2025-06-26 11:36:00,NAK,,1.545199990272522,1.5499000549316406,1.5299999713897705,1.5383750200271606,87881.0
2025-06-26 11:36:00,NBH,,9.819999694824219,9.819999694824219,9.819999694824219,9.819999694824219,200.0
2025-06-26 11:36:00,NFGC,,1.4700000286102295,1.4700000286102295,1.4700000286102295,1.4700000286102295,269.0
2025-06-26 11:36:00,NG,,4.019999980926514,4.019999980926514,4.0100998878479,4.014999866485596,7329.0
2025-06-26 11:36:00,NGD,,4.90500020980835,4.90500020980835,4.900000095367432,4.900000095367432,15663.0
2025-06-26 11:36:00,NNVC,,1.149999976158142,1.1549999713897705,1.149999976158142,1.149999976158142,1425.0
2025-06-26 11:36:00,NRO,,3.190000057220459,3.190000057220459,3.190000057220459,3.190000057220459,194.0
2025-06-26 11:36:00,OPTT,,0.5085600018501282,0.5099999904632568,0.5080999732017517,0.5080999732017517,53093.0
2025-06-26 11:36:00,OSTX,,1.8700000047683716,1.8700000047683716,1.8499000072479248,1.850000023841858,15543.0
2025-06-26 11:36:00,PHGE,,0.4519999921321869,0.4519999921321869,0.4519999921321869,0.4519999921321869,100.0
2025-06-26 11:36:00,PLG,,1.5950000286102295,1.5950000286102295,1.5950000286102295,1.5950000286102295,200.0
2025-06-26 11:36:00,PLMR,,150.97999572753906,150.97999572753906,150.74000549316406,150.74000549316406,2730.0
2025-06-26 11:36:00,PZG,,0.6019999980926514,0.6034500002861023,0.6018999814987183,0.6034500002861023,2218.0
2025-06-26 11:36:00,REI,,0.7803999781608582,0.7803999781608582,0.7803999781608582,0.7803999781608582,300.0
2025-06-26 11:36:00,SACH,,1.0932999849319458,1.0932999849319458,1.0932999849319458,1.0932999849319458,631.0
2025-06-26 11:36:00,SEB,,2959.0,2959.0,2957.22998046875,2957.22998046875,2.0
2025-06-26 11:36:00,SENS,,0.4934999942779541,0.4943000078201294,0.4934999942779541,0.4943000078201294,55366.0
2025-06-26 11:36:00,SKYH,,9.569999694824219,9.569999694824219,9.569999694824219,9.569999694824219,1029.0
2025-06-26 11:36:00,SLI,,1.8898999691009521,1.8898999691009521,1.8849999904632568,1.8849999904632568,607.0
2025-06-26 11:36:00,SVM,,4.15500020980835,4.159999847412109,4.15500020980835,4.159999847412109,419.0
2025-06-26 11:36:00,TGB,,3.0899999141693115,3.0899999141693115,3.0799999237060547,3.0899999141693115,97496.0
2025-06-26 11:36:00,TMQ,,1.4900000095367432,1.4900000095367432,1.4800000190734863,1.4800000190734863,1808.0
2025-06-26 11:36:00,TPET,,1.2192000150680542,1.2192000150680542,1.2192000150680542,1.2192000150680542,595.0
2025-06-26 11:36:00,UAMY,,2.509999990463257,2.5199999809265137,2.509999990463257,2.515000104904175,7737.0
2025-06-26 11:36:00,UEC,,6.913700103759766,6.920000076293945,6.909999847412109,6.909999847412109,14398.0
2025-06-26 11:36:00,URG,,1.034999966621399,1.0399999618530273,1.034999966621399,1.034999966621399,2269.0
2025-06-26 11:36:00,USAS,,0.8274000287055969,0.8274000287055969,0.8274000287055969,0.8274000287055969,869.0
2025-06-26 11:36:00,UTG,,35.375,35.375,35.375,35.375,500.0
2025-06-26 11:36:00,UUUU,,5.789999961853027,5.789999961853027,5.775000095367432,5.775000095367432,19957.0
2025-06-26 11:36:00,VGZ,,1.0149999856948853,1.0199999809265137,1.0149999856948853,1.0199999809265137,142650.0
2025-06-26 11:36:00,VTAK,,0.25209999084472656,0.2524000108242035,0.25209999084472656,0.2524000108242035,1202.0
2025-06-26 11:36:00,VZLA,,2.9749999046325684,2.984999895095825,2.9700000286102295,2.9800000190734863,55719.0
2025-06-26 11:36:00,ZDGE,,4.052499771118164,4.085000038146973,4.052499771118164,4.085000038146973,929.0
2025-06-26 11:37:00,ARMN,,6.869999885559082,6.869999885559082,6.869999885559082,6.869999885559082,843.0
2025-06-26 11:37:00,ASM,,3.5450000762939453,3.5450000762939453,3.5450000762939453,3.5450000762939453,3701.0
2025-06-26 11:37:00,BTG,,3.6296000480651855,3.630000114440918,3.619999885559082,3.625,74298.0
2025-06-26 11:37:00,BURU,,0.3239000141620636,0.3239000141620636,0.32010000944137573,0.3239000141620636,11088.0
2025-06-26 11:37:00,CATX,,3.6700000762939453,3.6700000762939453,3.6700000762939453,3.6700000762939453,254.0
2025-06-26 11:37:00,CBOE,,227.7274932861328,227.8350067138672,227.7274932861328,227.8350067138672,1347.0
2025-06-26 11:37:00,CEF,,30.309999465942383,30.309999465942383,30.309999465942383,30.309999465942383,1139.0
2025-06-26 11:37:00,CIK,,2.940000057220459,2.940000057220459,2.940000057220459,2.940000057220459,100.0
2025-06-26 11:37:00,CLDI,,0.21529999375343323,0.21539999544620514,0.21529999375343323,0.21539999544620514,2537.0
2025-06-26 11:37:00,CLM,,7.9446001052856445,7.949999809265137,7.9446001052856445,7.949999809265137,1264.0
2025-06-26 11:37:00,CMCL,,19.030000686645508,19.030000686645508,19.030000686645508,19.030000686645508,236.0
2025-06-26 11:37:00,CQP,,55.755001068115234,55.755001068115234,55.755001068115234,55.755001068115234,200.0
2025-06-26 11:37:00,CTM,,1.030900001525879,1.034999966621399,1.030900001525879,1.034999966621399,3280.0
2025-06-26 11:37:00,CYBN,,8.626700401306152,8.626700401306152,8.626700401306152,8.626700401306152,1025.0
2025-06-26 11:37:00,DHY,,2.1101999282836914,2.115000009536743,2.109999895095825,2.115000009536743,6001.0
2025-06-26 11:37:00,DNN,,1.8049999475479126,1.809999942779541,1.8000999689102173,1.8049999475479126,25039.0
2025-06-26 11:37:00,EQX,,5.929999828338623,5.934999942779541,5.929999828338623,5.934999942779541,45966.0
2025-06-26 11:37:00,FOXO,,0.20010000467300415,0.20010000467300415,0.20010000467300415,0.20010000467300415,4803.0
2025-06-26 11:37:00,FTF,,6.380000114440918,6.380000114440918,6.380000114440918,6.380000114440918,100.0
2025-06-26 11:37:00,GBR,,1.0698000192642212,1.0698000192642212,1.0698000192642212,1.0698000192642212,261.0
2025-06-26 11:37:00,GGN,,4.364999771118164,4.364999771118164,4.364999771118164,4.364999771118164,100.0
2025-06-26 11:37:00,GLDG,,0.7434999942779541,0.7434999942779541,0.7434999942779541,0.7434999942779541,810.0
2025-06-26 11:37:00,GLV,,5.619999885559082,5.619999885559082,5.619999885559082,5.619999885559082,100.0
2025-06-26 11:37:00,GNS,,0.8615999817848206,0.8615999817848206,0.8364999890327454,0.8458999991416931,52355.0
2025-06-26 11:37:00,GROY,,2.2750000953674316,2.2790000438690186,2.2699999809265137,2.2750000953674316,2902.0
2025-06-26 11:37:00,IBO,,0.9297000169754028,0.9297000169754028,0.9297000169754028,0.9297000169754028,1803.0
2025-06-26 11:37:00,IE,,9.914999961853027,9.920000076293945,9.904999732971191,9.904999732971191,6533.0
2025-06-26 11:37:00,IMO,,81.02999877929688,81.02999877929688,81.02999877929688,81.02999877929688,193.0
2025-06-26 11:37:00,INDO,,3.119999885559082,3.119999885559082,3.115000009536743,3.119999885559082,2440.0
2025-06-26 11:37:00,INFU,,6.514999866485596,6.514999866485596,6.514999866485596,6.514999866485596,120.0
2025-06-26 11:37:00,KNW,,1.7799999713897705,1.7799999713897705,1.7699999809265137,1.7699999809265137,1454.0
2025-06-26 11:37:00,KULR,,5.090000152587891,5.090000152587891,5.085000038146973,5.090000152587891,4282.0
2025-06-26 11:37:00,LCTX,,1.0299999713897705,1.0299999713897705,1.0299999713897705,1.0299999713897705,101.0
2025-06-26 11:37:00,LEU,,181.5,181.5800018310547,180.36000061035156,180.36000061035156,6413.0
2025-06-26 11:37:00,LMND,,41.709999084472656,41.709999084472656,41.62009811401367,41.65999984741211,2643.0
2025-06-26 11:37:00,LNG,,242.01499938964844,242.19000244140625,241.9199981689453,242.19000244140625,1085.0
2025-06-26 11:37:00,MAG,,21.329999923706055,21.34000015258789,21.325000762939453,21.34000015258789,1672.0
2025-06-26 11:37:00,MTA,,3.8499999046325684,3.8499999046325684,3.8499999046325684,3.8499999046325684,806.0
2025-06-26 11:37:00,NAK,,1.5489000082015991,1.5499999523162842,1.5399999618530273,1.5449999570846558,23354.0
2025-06-26 11:37:00,NEWP,,1.3650000095367432,1.3650000095367432,1.3650000095367432,1.3650000095367432,5101.0
2025-06-26 11:37:00,NFGC,,1.4700000286102295,1.4700000286102295,1.4648000001907349,1.4700000286102295,1400.0
2025-06-26 11:37:00,NG,,4.005000114440918,4.014999866485596,4.0,4.014999866485596,20690.0
2025-06-26 11:37:00,NGD,,4.899700164794922,4.90500020980835,4.889999866485596,4.90500020980835,157194.0
2025-06-26 11:37:00,NHC,,108.4000015258789,108.62000274658203,108.4000015258789,108.62000274658203,910.0
2025-06-26 11:37:00,NNVC,,1.1549999713897705,1.1549999713897705,1.149999976158142,1.149999976158142,570.0
2025-06-26 11:37:00,OPTT,,0.5091000199317932,0.5099989771842957,0.5081999897956848,0.5091000199317932,38651.0
2025-06-26 11:37:00,OSTX,,1.8600000143051147,1.864400029182434,1.8600000143051147,1.864400029182434,2737.0
2025-06-26 11:37:00,PHGE,,0.4519999921321869,0.4519999921321869,0.4519999921321869,0.4519999921321869,102.0
2025-06-26 11:37:00,PLG,,1.5950000286102295,1.5989999771118164,1.5950000286102295,1.5989999771118164,3225.0
2025-06-26 11:37:00,PLX,,1.4700000286102295,1.4800000190734863,1.4700000286102295,1.475000023841858,6087.0
2025-06-26 11:37:00,PZG,,0.5999000072479248,0.6018999814987183,0.5999000072479248,0.6018999814987183,7882.0
2025-06-26 11:37:00,REI,,0.7820000052452087,0.7820000052452087,0.7803999781608582,0.7803999781608582,1763.0
2025-06-26 11:37:00,SEB,,2946.130126953125,2958.719970703125,2946.130126953125,2958.719970703125,4.0
2025-06-26 11:37:00,SENS,,0.49344998598098755,0.4934990108013153,0.4934000074863434,0.4934000074863434,6202.0
2025-06-26 11:37:00,SLI,,1.8838000297546387,1.8899999856948853,1.8838000297546387,1.8849999904632568,6378.0
2025-06-26 11:37:00,SLND,,4.03000020980835,4.03000020980835,4.03000020980835,4.03000020980835,146.0
2025-06-26 11:37:00,SOAR,,1.4450000524520874,1.4450000524520874,1.4450000524520874,1.4450000524520874,4000.0
2025-06-26 11:37:00,SVM,,4.15500020980835,4.159999847412109,4.15500020980835,4.15500020980835,6581.0
2025-06-26 11:37:00,TGB,,3.0850000381469727,3.0899999141693115,3.0850000381469727,3.0899999141693115,19489.0
2025-06-26 11:37:00,TPET,,1.2178000211715698,1.2178000211715698,1.2178000211715698,1.2178000211715698,800.0
2025-06-26 11:37:00,UAMY,,2.5250000953674316,2.5250000953674316,2.5146000385284424,2.5146000385284424,6648.0
2025-06-26 11:37:00,UEC,,6.909999847412109,6.920000076293945,6.909999847412109,6.9197001457214355,5331.0
2025-06-26 11:37:00,URG,,1.034999966621399,1.0399999618530273,1.034999966621399,1.034999966621399,7299.0
2025-06-26 11:37:00,UTG,,35.369998931884766,35.400001525878906,35.369998931884766,35.375,1193.0
2025-06-26 11:37:00,UUUU,,5.789999961853027,5.789999961853027,5.78000020980835,5.78849983215332,3931.0
2025-06-26 11:37:00,VGZ,,1.0199999809265137,1.0199999809265137,1.0199999809265137,1.0199999809265137,200.0
2025-06-26 11:37:00,VNRX,,0.7799999713897705,0.7799999713897705,0.7717999815940857,0.7717999815940857,35491.0
2025-06-26 11:37:00,VTAK,,0.2524999976158142,0.2524999976158142,0.2524999976158142,0.2524999976158142,330.0
2025-06-26 11:37:00,VZLA,,2.9749999046325684,2.9800000190734863,2.9749999046325684,2.9800000190734863,5281.0
2025-06-26 11:37:00,ZDGE,,4.039999961853027,4.054999828338623,4.019999980926514,4.054999828338623,900.0
2025-06-26 11:38:00,ASM,,3.5450000762939453,3.5499000549316406,3.5399999618530273,3.5450000762939453,10196.0
2025-06-26 11:38:00,ATNM,,1.5195000171661377,1.5195000171661377,1.4950000047683716,1.5,6106.0
2025-06-26 11:38:00,AZTR,,0.258899986743927,0.258899986743927,0.258899986743927,0.258899986743927,500.0
2025-06-26 11:38:00,BATL,,1.4699000120162964,1.475000023841858,1.4699000120162964,1.4700000286102295,4655.0
2025-06-26 11:38:00,BRBS,,3.2899999618530273,3.2899999618530273,3.2899999618530273,3.2899999618530273,376.0
2025-06-26 11:38:00,BTG,,3.6256000995635986,3.6296000480651855,3.625,3.625,27782.0
2025-06-26 11:38:00,BURU,,0.3199999928474426,0.3239000141620636,0.3199999928474426,0.3239000141620636,19970.0
2025-06-26 11:38:00,CBOE,,227.8350067138672,227.8350067138672,227.6199951171875,227.6199951171875,1202.0
2025-06-26 11:38:00,CEF,,30.329999923706055,30.329999923706055,30.329999923706055,30.329999923706055,111.0
2025-06-26 11:38:00,CLM,,7.942299842834473,7.945000171661377,7.940000057220459,7.945000171661377,1363.0
2025-06-26 11:38:00,CMCL,,19.03499984741211,19.03499984741211,19.03499984741211,19.03499984741211,327.0
2025-06-26 11:38:00,CQP,,55.69499969482422,55.755001068115234,55.59000015258789,55.755001068115234,2427.0
2025-06-26 11:38:00,CRF,,7.570000171661377,7.570000171661377,7.565000057220459,7.565000057220459,5201.0
2025-06-26 11:38:00,CTM,,1.034999966621399,1.0399999618530273,1.034999966621399,1.034999966621399,520.0
2025-06-26 11:38:00,CVM,,2.4600000381469727,2.4600000381469727,2.4600000381469727,2.4600000381469727,201.0
2025-06-26 11:38:00,DC,,3.805000066757202,3.805000066757202,3.8046998977661133,3.8046998977661133,4044.0
2025-06-26 11:38:00,DHY,,2.109999895095825,2.1110999584198,2.109999895095825,2.1110999584198,21881.0
2025-06-26 11:38:00,DNN,,1.8049999475479126,1.809999942779541,1.8047000169754028,1.8049999475479126,58122.0
2025-06-26 11:38:00,DXF,,4.763000011444092,4.763000011444092,4.763000011444092,4.763000011444092,149.0
2025-06-26 11:38:00,EMX,,2.5399999618530273,2.5399999618530273,2.5399999618530273,2.5399999618530273,140.0
2025-06-26 11:38:00,EPM,,4.755000114440918,4.755000114440918,4.755000114440918,4.755000114440918,291.0
2025-06-26 11:38:00,EQX,,5.929999828338623,5.934999942779541,5.929999828338623,5.934999942779541,6926.0
2025-06-26 11:38:00,ERC,,9.390000343322754,9.390000343322754,9.369999885559082,9.369999885559082,900.0
2025-06-26 11:38:00,EVI,,19.649999618530273,19.649999618530273,19.649999618530273,19.649999618530273,444.0
2025-06-26 11:38:00,EVV,,10.164999961853027,10.164999961853027,10.164999961853027,10.164999961853027,200.0
2025-06-26 11:38:00,FOXO,,0.20010000467300415,0.20010000467300415,0.20010000467300415,0.20010000467300415,120.0
2025-06-26 11:38:00,FSP,,1.690000057220459,1.690000057220459,1.684999942779541,1.684999942779541,504.0
2025-06-26 11:38:00,FTF,,6.3846001625061035,6.3846001625061035,6.3846001625061035,6.3846001625061035,602.0
2025-06-26 11:38:00,FURY,,0.48429998755455017,0.48429998755455017,0.48429998755455017,0.48429998755455017,131.0
2025-06-26 11:38:00,GGN,,4.364999771118164,4.364999771118164,4.364999771118164,4.364999771118164,300.0
2025-06-26 11:38:00,GNS,,0.8658999800682068,0.8658999800682068,0.8577560186386108,0.8658000230789185,13680.0
2025-06-26 11:38:00,GROY,,2.2750000953674316,2.2750000953674316,2.2699999809265137,2.2750000953674316,27744.0
2025-06-26 11:38:00,GTE,,5.050000190734863,5.050000190734863,5.050000190734863,5.050000190734863,100.0
2025-06-26 11:38:00,HUSA,,13.130000114440918,13.130000114440918,13.130000114440918,13.130000114440918,270.0
2025-06-26 11:38:00,IBO,,0.9297000169754028,0.9297000169754028,0.9297000169754028,0.9297000169754028,1001.0
2025-06-26 11:38:00,IE,,9.944899559020996,9.944899559020996,9.9399995803833,9.9399995803833,441.0
2025-06-26 11:38:00,IMO,,81.08000183105469,81.08000183105469,81.08000183105469,81.08000183105469,128.0
2025-06-26 11:38:00,INDO,,3.119999885559082,3.119999885559082,3.115000009536743,3.115000009536743,2468.0
2025-06-26 11:38:00,INUV,,3.890000104904175,3.890000104904175,3.890000104904175,3.890000104904175,557.0
2025-06-26 11:38:00,ITRG,,1.5499999523162842,1.5499999523162842,1.5499999523162842,1.5499999523162842,394.0
2025-06-26 11:38:00,KNW,,1.8250000476837158,1.840000033378601,1.7799999713897705,1.7799999713897705,59045.0
2025-06-26 11:38:00,KULR,,5.085000038146973,5.090000152587891,5.079999923706055,5.089900016784668,17762.0
2025-06-26 11:38:00,LCTX,,1.0299999713897705,1.034999966621399,1.024999976158142,1.034999966621399,34803.0
2025-06-26 11:38:00,LEU,,179.98699951171875,181.22999572753906,179.89999389648438,179.98699951171875,4802.0
2025-06-26 11:38:00,LMND,,41.70000076293945,41.79999923706055,41.68000030517578,41.79999923706055,3042.0
2025-06-26 11:38:00,LNG,,242.1699981689453,242.1699981689453,241.9949951171875,242.1699981689453,1910.0
2025-06-26 11:38:00,LODE,,3.7799999713897705,3.7799999713897705,3.7799999713897705,3.7799999713897705,6318.0
2025-06-26 11:38:00,MAG,,21.329999923706055,21.329999923706055,21.329999923706055,21.329999923706055,180.0
2025-06-26 11:38:00,MTA,,3.8499999046325684,3.8499999046325684,3.8452000617980957,3.8452000617980957,2345.0
2025-06-26 11:38:00,MYO,,2.250999927520752,2.250999927520752,2.250999927520752,2.250999927520752,446.0
2025-06-26 11:38:00,NAK,,1.5549999475479126,1.559000015258789,1.5489000082015991,1.5489000082015991,59214.0
2025-06-26 11:38:00,NBH,,9.819999694824219,9.819999694824219,9.819999694824219,9.819999694824219,200.0
2025-06-26 11:38:00,NCL,,0.1770000010728836,0.1770000010728836,0.1770000010728836,0.1770000010728836,5055.0
2025-06-26 11:38:00,NFGC,,1.4700000286102295,1.4700000286102295,1.4700000286102295,1.4700000286102295,100.0
2025-06-26 11:38:00,NG,,4.014999866485596,4.014999866485596,4.0,4.005000114440918,45587.0
2025-06-26 11:38:00,NGD,,4.889999866485596,4.900000095367432,4.889999866485596,4.894999980926514,200937.0
2025-06-26 11:38:00,NHC,,108.62999725341797,108.6449966430664,108.62000274658203,108.6449966430664,1416.0
2025-06-26 11:38:00,NML,,8.838700294494629,8.838700294494629,8.838700294494629,8.838700294494629,195.0
2025-06-26 11:38:00,NNVC,,1.149999976158142,1.1549999713897705,1.149999976158142,1.149999976158142,2300.0
2025-06-26 11:38:00,OBE,,5.559999942779541,5.559999942779541,5.559999942779541,5.559999942779541,525.0
2025-06-26 11:38:00,OPTT,,0.5091000199317932,0.5091000199317932,0.5091000199317932,0.5091000199317932,1679.0
2025-06-26 11:38:00,OSTX,,1.875,1.875,1.875,1.875,200.0
2025-06-26 11:38:00,PHGE,,0.4560000002384186,0.4560000002384186,0.4560000002384186,0.4560000002384186,1500.0
2025-06-26 11:38:00,PLG,,1.5950000286102295,1.5950000286102295,1.5950000286102295,1.5950000286102295,19250.0
2025-06-26 11:38:00,REI,,0.7803999781608582,0.7803999781608582,0.7803999781608582,0.7803999781608582,400.0
2025-06-26 11:38:00,REPX,,26.670000076293945,26.670000076293945,26.670000076293945,26.670000076293945,742.0
2025-06-26 11:38:00,SENS,,0.4934990108013153,0.4934990108013153,0.4934000074863434,0.4934000074863434,6117.0
2025-06-26 11:38:00,SLI,,1.8849999904632568,1.8899999856948853,1.8849999904632568,1.8898999691009521,1206.0
2025-06-26 11:38:00,SOAR,,1.4485000371932983,1.4485000371932983,1.4485000371932983,1.4485000371932983,607.0
2025-06-26 11:38:00,STXS,,2.240000009536743,2.240000009536743,2.240000009536743,2.240000009536743,1242.0
2025-06-26 11:38:00,SVM,,4.15500020980835,4.15500020980835,4.15500020980835,4.15500020980835,1130.0
2025-06-26 11:38:00,TGB,,3.0899999141693115,3.0899999141693115,3.0799999237060547,3.0799999237060547,6510.0
2025-06-26 11:38:00,TPET,,1.2100000381469727,1.2100000381469727,1.2100000381469727,1.2100000381469727,151.0
2025-06-26 11:38:00,TRX,,0.3362500071525574,0.3362500071525574,0.3362500071525574,0.3362500071525574,100.0
2025-06-26 11:38:00,UAMY,,2.5299999713897705,2.5299999713897705,2.5239999294281006,2.525399923324585,3220.0
2025-06-26 11:38:00,UAVS,,1.1101000308990479,1.1150000095367432,1.100100040435791,1.100100040435791,33235.0
2025-06-26 11:38:00,UEC,,6.914999961853027,6.929999828338623,6.914999961853027,6.920000076293945,42519.0
2025-06-26 11:38:00,URG,,1.034999966621399,1.0399999618530273,1.0299999713897705,1.034999966621399,3146.0
2025-06-26 11:38:00,UUUU,,5.7982001304626465,5.800000190734863,5.780099868774414,5.784999847412109,27093.0
2025-06-26 11:38:00,VKI,,8.199999809265137,8.199999809265137,8.199999809265137,8.199999809265137,130.0
2025-06-26 11:38:00,VZLA,,2.9749999046325684,2.9749999046325684,2.9749999046325684,2.9749999046325684,140.0
2025-06-26 11:38:00,WWR,,0.5892000198364258,0.5892000198364258,0.5881999731063843,0.5889179706573486,2700.0
2025-06-26 11:38:00,WYY,,3.4700000286102295,3.4700000286102295,3.4700000286102295,3.4700000286102295,693.0
2025-06-26 11:38:00,ZDGE,,4.074999809265137,4.074999809265137,4.039999961853027,4.039999961853027,1401.0
2025-06-26 11:39:00,AEON,,0.7699999809265137,0.7700999975204468,0.7699999809265137,0.7700999975204468,2297.0
2025-06-26 11:39:00,ARMN,,6.869999885559082,6.869999885559082,6.869999885559082,6.869999885559082,408.0
2025-06-26 11:39:00,ATNM,,1.5099999904632568,1.5099999904632568,1.5099999904632568,1.5099999904632568,113.0
2025-06-26 11:39:00,BATL,,1.4600000381469727,1.4700000286102295,1.4600000381469727,1.4636000394821167,14126.0
2025-06-26 11:39:00,BTG,,3.630000114440918,3.630000114440918,3.630000114440918,3.630000114440918,578.0
2025-06-26 11:39:00,BURU,,0.3199999928474426,0.3199999928474426,0.3199999928474426,0.3199999928474426,11746.0
2025-06-26 11:39:00,CATX,,3.6700000762939453,3.6700000762939453,3.6700000762939453,3.6700000762939453,414.0
2025-06-26 11:39:00,CBOE,,227.6999969482422,227.6999969482422,227.6999969482422,227.6999969482422,1444.0
2025-06-26 11:39:00,CEF,,30.329999923706055,30.329999923706055,30.329999923706055,30.329999923706055,6000.0
2025-06-26 11:39:00,CIK,,2.9300999641418457,2.940000057220459,2.9300999641418457,2.940000057220459,1209.0
2025-06-26 11:39:00,CLDI,,0.21660000085830688,0.21799899637699127,0.21660000085830688,0.21799899637699127,300.0
2025-06-26 11:39:00,CQP,,55.70000076293945,55.70000076293945,55.70000076293945,55.70000076293945,346.0
2025-06-26 11:39:00,CRF,,7.562699794769287,7.570000171661377,7.562699794769287,7.565000057220459,626.0
2025-06-26 11:39:00,CTGO,,20.760000228881836,20.760000228881836,20.760000228881836,20.760000228881836,1007.0
2025-06-26 11:39:00,CTM,,1.034999966621399,1.034999966621399,1.034999966621399,1.034999966621399,304.0
2025-06-26 11:39:00,CVU,,3.126499891281128,3.126499891281128,3.126499891281128,3.126499891281128,541.0
2025-06-26 11:39:00,CYBN,,8.579999923706055,8.579999923706055,8.579999923706055,8.579999923706055,460.0
2025-06-26 11:39:00,DC,,3.799999952316284,3.799999952316284,3.799999952316284,3.799999952316284,101.0
2025-06-26 11:39:00,DHY,,2.0999999046325684,2.0999999046325684,2.0999999046325684,2.0999999046325684,400.0
2025-06-26 11:39:00,DNN,,1.8063000440597534,1.809999942779541,1.8049999475479126,1.8049999475479126,17058.0
2025-06-26 11:39:00,EQX,,5.934999942779541,5.940000057220459,5.929999828338623,5.934999942779541,6592.0
2025-06-26 11:39:00,EVM,,8.850000381469727,8.850000381469727,8.850000381469727,8.850000381469727,200.0
2025-06-26 11:39:00,FOXO,,0.20010000467300415,0.20010000467300415,0.20010000467300415,0.20010000467300415,254.0
2025-06-26 11:39:00,FTF,,6.385000228881836,6.385000228881836,6.385000228881836,6.385000228881836,228.0
2025-06-26 11:39:00,GAU,,1.3049999475479126,1.3049999475479126,1.3049999475479126,1.3049999475479126,567.0
2025-06-26 11:39:00,GGN,,4.364799976348877,4.364799976348877,4.364799976348877,4.364799976348877,621.0
2025-06-26 11:39:00,GNS,,0.875,0.8769000172615051,0.8650100231170654,0.8654999732971191,44259.0
2025-06-26 11:39:00,GORO,,0.5472999811172485,0.5472999811172485,0.5472999811172485,0.5472999811172485,5100.0
2025-06-26 11:39:00,GROY,,2.2750000953674316,2.2750000953674316,2.2699999809265137,2.2750000953674316,1202.0
2025-06-26 11:39:00,GSAT,,23.178800582885742,23.178800582885742,23.178800582885742,23.178800582885742,1277.0
2025-06-26 11:39:00,GTE,,5.050000190734863,5.050000190734863,5.050000190734863,5.050000190734863,250.0
2025-06-26 11:39:00,HUSA,,13.194999694824219,13.194999694824219,13.194999694824219,13.194999694824219,101.0
2025-06-26 11:39:00,IBO,,0.9175999760627747,0.9297000169754028,0.9175999760627747,0.9297000169754028,5592.0
2025-06-26 11:39:00,IE,,9.960000038146973,9.960000038146973,9.944000244140625,9.949999809265137,592397.0
2025-06-26 11:39:00,IMO,,81.04000091552734,81.06999969482422,81.03500366210938,81.03500366210938,521.0
2025-06-26 11:39:00,INDO,,3.140000104904175,3.1449999809265137,3.140000104904175,3.140000104904175,2474.0
2025-06-26 11:39:00,INFU,,6.489999771118164,6.510000228881836,6.489999771118164,6.5,2997.0
2025-06-26 11:39:00,ITRG,,1.5549999475479126,1.5549999475479126,1.5499999523162842,1.5499999523162842,1206.0
2025-06-26 11:39:00,KNW,,1.840000033378601,1.840000033378601,1.8381999731063843,1.840000033378601,1574.0
2025-06-26 11:39:00,KULR,,5.110000133514404,5.119999885559082,5.080100059509277,5.085000038146973,40805.0
2025-06-26 11:39:00,LCTX,,1.024999976158142,1.0299999713897705,1.0199999809265137,1.0299999713897705,15797.0
2025-06-26 11:39:00,LEU,,180.1649932861328,181.00990295410156,179.16000366210938,179.24000549316406,4056.0
2025-06-26 11:39:00,LMND,,41.720001220703125,41.7400016784668,41.720001220703125,41.73500061035156,1192.0
2025-06-26 11:39:00,LNG,,242.09500122070312,242.2100067138672,241.99000549316406,242.16619873046875,2247.0
2025-06-26 11:39:00,MAG,,21.334999084472656,21.334999084472656,21.329999923706055,21.329999923706055,401.0
2025-06-26 11:39:00,NAK,,1.5549999475479126,1.558899998664856,1.5549999475479126,1.5549999475479126,2553.0
2025-06-26 11:39:00,NEWP,,1.3650000095367432,1.3650000095367432,1.3650000095367432,1.3650000095367432,1000.0
2025-06-26 11:39:00,NFGC,,1.4700000286102295,1.4700000286102295,1.4700000286102295,1.4700000286102295,1969.0
2025-06-26 11:39:00,NG,,3.990000009536743,4.010000228881836,3.984999895095825,4.010000228881836,57281.0
2025-06-26 11:39:00,NGD,,4.900700092315674,4.909900188446045,4.889999866485596,4.900000095367432,150351.0
2025-06-26 11:39:00,NHS,,7.491000175476074,7.491000175476074,7.491000175476074,7.491000175476074,510.0
2025-06-26 11:39:00,NNVC,,1.1693999767303467,1.1699999570846558,1.1500999927520752,1.1549999713897705,5182.0
2025-06-26 11:39:00,NRXS,,2.5999999046325684,2.5999999046325684,2.5999999046325684,2.5999999046325684,29892.0
2025-06-26 11:39:00,OBE,,5.559999942779541,5.559999942779541,5.550000190734863,5.554999828338623,5226.0
2025-06-26 11:39:00,OPTT,,0.5091000199317932,0.5091000199317932,0.5091000199317932,0.5091000199317932,1000.0
2025-06-26 11:39:00,ORLA,,10.0600004196167,10.060099601745605,10.055000305175781,10.060099601745605,3724.0
2025-06-26 11:39:00,PED,,0.6700000166893005,0.6700000166893005,0.6700000166893005,0.6700000166893005,608.0
2025-06-26 11:39:00,PLG,,1.600000023841858,1.600000023841858,1.590000033378601,1.5950000286102295,8700.0
2025-06-26 11:39:00,PLMR,,151.1999969482422,151.1999969482422,151.1999969482422,151.1999969482422,258.0
2025-06-26 11:39:00,PLX,,1.475000023841858,1.475000023841858,1.475000023841858,1.475000023841858,100.0
2025-06-26 11:39:00,REI,,0.7803999781608582,0.7821000218391418,0.7803999781608582,0.7803999781608582,949.0
2025-06-26 11:39:00,SATX,,2.950000047683716,2.950000047683716,2.950000047683716,2.950000047683716,381.0
2025-06-26 11:39:00,SEB,,2958.5,2958.5,2952.56494140625,2952.56494140625,3.0
2025-06-26 11:39:00,SENS,,0.4934000074863434,0.4934999942779541,0.4934000074863434,0.4934000074863434,14889.0
2025-06-26 11:39:00,SLI,,1.8899999856948853,1.8899999856948853,1.8899999856948853,1.8899999856948853,1682.0
2025-06-26 11:39:00,SOAR,,1.4450000524520874,1.4493000507354736,1.4450000524520874,1.4493000507354736,774.0
2025-06-26 11:39:00,SVM,,4.15500020980835,4.159999847412109,4.15500020980835,4.15500020980835,613.0
2025-06-26 11:39:00,TGB,,3.0850000381469727,3.0899999141693115,3.0799999237060547,3.089900016784668,22372.0
2025-06-26 11:39:00,UAMY,,2.5299999713897705,2.5299999713897705,2.5250000953674316,2.529900074005127,4369.0
2025-06-26 11:39:00,UAVS,,1.1050000190734863,1.1101000308990479,1.1050000190734863,1.1101000308990479,51999.0
2025-06-26 11:39:00,UEC,,6.920000076293945,6.920000076293945,6.909999847412109,6.920000076293945,14088.0
2025-06-26 11:39:00,URG,,1.0399999618530273,1.0399999618530273,1.034999966621399,1.0399999618530273,1977.0
2025-06-26 11:39:00,UUUU,,5.789999961853027,5.798999786376953,5.789999961853027,5.795000076293945,7560.0
2025-06-26 11:39:00,VZLA,,2.9700000286102295,2.9749999046325684,2.9700000286102295,2.970099925994873,4458.0
2025-06-26 11:39:00,WWR,,0.5892999768257141,0.5892999768257141,0.5892000198364258,0.5892000198364258,9354.0
2025-06-26 11:39:00,WYY,,3.5165998935699463,3.5165998935699463,3.5165998935699463,3.5165998935699463,389.0
2025-06-26 11:40:00,ARMN,,6.875,6.875,6.875,6.875,270.0
2025-06-26 11:40:00,ASM,,3.5548999309539795,3.5548999309539795,3.549999952316284,3.549999952316284,13685.0
2025-06-26 11:40:00,AZTR,,0.2574000060558319,0.2574000060558319,0.2574000060558319,0.2574000060558319,1869.0
2025-06-26 11:40:00,BATL,,1.4558000564575195,1.4600000381469727,1.4558000564575195,1.4593000411987305,1562.0
2025-06-26 11:40:00,BKTI,,54.72999954223633,54.72999954223633,54.72999954223633,54.72999954223633,281.0
2025-06-26 11:40:00,BQ,,2.077500104904175,2.077500104904175,2.077500104904175,2.077500104904175,3902.0
2025-06-26 11:40:00,BRBS,,3.2850000858306885,3.2850000858306885,3.2850000858306885,3.2850000858306885,301.0
2025-06-26 11:40:00,BTG,,3.630000114440918,3.630000114440918,3.630000114440918,3.630000114440918,1441.0
2025-06-26 11:40:00,CANF,,1.059999942779541,1.059999942779541,1.059999942779541,1.059999942779541,115.0
2025-06-26 11:40:00,CATX,,3.6700000762939453,3.6700000762939453,3.6700000762939453,3.6700000762939453,953.0
2025-06-26 11:40:00,CBOE,,227.4600067138672,227.52000427246094,227.33999633789062,227.52000427246094,1434.0
2025-06-26 11:40:00,CEF,,30.325000762939453,30.335399627685547,30.325000762939453,30.335399627685547,392.0
2025-06-26 11:40:00,CIK,,2.940000057220459,2.940000057220459,2.940000057220459,2.940000057220459,100.0
2025-06-26 11:40:00,CLDI,,0.21529999375343323,0.21529999375343323,0.21529999375343323,0.21529999375343323,100.0
2025-06-26 11:40:00,CLM,,7.949900150299072,7.949900150299072,7.949900150299072,7.949900150299072,437.0
2025-06-26 11:40:00,CMT,,17.024999618530273,17.024999618530273,17.024999618530273,17.024999618530273,381.0
2025-06-26 11:40:00,CQP,,55.70000076293945,55.70000076293945,55.70000076293945,55.70000076293945,300.0
2025-06-26 11:40:00,CTM,,1.034999966621399,1.0399999618530273,1.034999966621399,1.034999966621399,13202.0
2025-06-26 11:40:00,DNN,,1.8102999925613403,1.8200000524520874,1.7999999523162842,1.8049999475479126,763676.0
2025-06-26 11:40:00,ELMD,,21.299999237060547,21.299999237060547,21.299999237060547,21.299999237060547,110.0
2025-06-26 11:40:00,EQX,,5.929999828338623,5.940000057220459,5.929999828338623,5.929999828338623,5481.0
2025-06-26 11:40:00,ERC,,9.380000114440918,9.380000114440918,9.380000114440918,9.380000114440918,1468.0
2025-06-26 11:40:00,FOXO,,0.20007699728012085,0.20007699728012085,0.20007699728012085,0.20007699728012085,2000.0
2025-06-26 11:40:00,FSP,,1.684999942779541,1.684999942779541,1.684999942779541,1.684999942779541,233.0
2025-06-26 11:40:00,FTF,,6.385000228881836,6.389100074768066,6.385000228881836,6.389100074768066,600.0
2025-06-26 11:40:00,GAU,,1.309999942779541,1.309999942779541,1.309999942779541,1.309999942779541,479361.0
2025-06-26 11:40:00,GBR,,1.059999942779541,1.059999942779541,1.059999942779541,1.059999942779541,29658.0
2025-06-26 11:40:00,GGN,,4.375,4.375,4.364999771118164,4.364999771118164,15388.0
2025-06-26 11:40:00,GLQ,,6.9415998458862305,6.9415998458862305,6.9415998458862305,6.9415998458862305,2579.0
2025-06-26 11:40:00,GNS,,0.8898000121116638,0.8899999856948853,0.8769000172615051,0.8769000172615051,113368.0
2025-06-26 11:40:00,GORO,,0.5419999957084656,0.5419999957084656,0.5419999957084656,0.5419999957084656,5003.0
2025-06-26 11:40:00,GROY,,2.2709999084472656,2.2799999713897705,2.2699999809265137,2.2799999713897705,1873.0
2025-06-26 11:40:00,GTE,,5.050000190734863,5.050000190734863,5.050000190734863,5.050000190734863,132.0
2025-06-26 11:40:00,HUSA,,13.1899995803833,13.199899673461914,13.1899995803833,13.199899673461914,2898.0
2025-06-26 11:40:00,IBO,,0.9236999750137329,0.9236999750137329,0.9236509799957275,0.9236509799957275,823.0
2025-06-26 11:40:00,IGC,,0.3075999915599823,0.3075999915599823,0.3075999915599823,0.3075999915599823,1870.0
2025-06-26 11:40:00,IMO,,81.12999725341797,81.12999725341797,81.06999969482422,81.12999725341797,1534.0
2025-06-26 11:40:00,INDO,,3.130000114440918,3.140000104904175,3.130000114440918,3.139899969100952,8054.0
2025-06-26 11:40:00,ITRG,,1.5549999475479126,1.5549999475479126,1.5549999475479126,1.5549999475479126,2465.0
2025-06-26 11:40:00,KNW,,1.8600000143051147,1.8600000143051147,1.8499000072479248,1.8499000072479248,2641.0
2025-06-26 11:40:00,KULR,,5.114999771118164,5.119999885559082,5.105000019073486,5.105000019073486,3436.0
2025-06-26 11:40:00,LCTX,,1.0199999809265137,1.024999976158142,1.0199999809265137,1.024999976158142,464.0
2025-06-26 11:40:00,LEU,,181.4311981201172,181.4311981201172,180.00010681152344,180.2899932861328,3135.0
2025-06-26 11:40:00,LMND,,41.689998626708984,41.720001220703125,41.65999984741211,41.720001220703125,1350.0
2025-06-26 11:40:00,LNG,,242.13999938964844,242.2100067138672,242.09500122070312,242.09500122070312,2829.0
2025-06-26 11:40:00,LODE,,3.787899971008301,3.787899971008301,3.7799999713897705,3.7799999713897705,2880.0
2025-06-26 11:40:00,MAG,,21.34000015258789,21.34000015258789,21.34000015258789,21.34000015258789,4950.0
2025-06-26 11:40:00,MPTI,,41.029998779296875,41.029998779296875,40.95759963989258,40.95759963989258,806.0
2025-06-26 11:40:00,MSN,,0.3880000114440918,0.3927989900112152,0.3880000114440918,0.3927989900112152,300.0
2025-06-26 11:40:00,MTA,,3.8494999408721924,3.8499999046325684,3.8450000286102295,3.8450000286102295,2605.0
2025-06-26 11:40:00,NAK,,1.5551999807357788,1.5551999807357788,1.554800033569336,1.5549999475479126,2141.0
2025-06-26 11:40:00,NBH,,9.859999656677246,9.869999885559082,9.829999923706055,9.829999923706055,56043.0
2025-06-26 11:40:00,NEWP,,1.3650000095367432,1.3650000095367432,1.3645999431610107,1.3645999431610107,1300.0
2025-06-26 11:40:00,NG,,3.9700000286102295,3.984999895095825,3.9649999141693115,3.984999895095825,31840.0
2025-06-26 11:40:00,NGD,,4.901100158691406,4.90500020980835,4.900000095367432,4.900000095367432,25389.0
2025-06-26 11:40:00,NNVC,,1.159999966621399,1.1799999475479126,1.149999976158142,1.149999976158142,8944.0
2025-06-26 11:40:00,OBE,,5.550000190734863,5.550000190734863,5.550000190734863,5.550000190734863,243.0
2025-06-26 11:40:00,OPTT,,0.5098999738693237,0.5099999904632568,0.5097000002861023,0.5099999904632568,7126.0
2025-06-26 11:40:00,ORLA,,10.055000305175781,10.0600004196167,10.055000305175781,10.0600004196167,332.0
2025-06-26 11:40:00,OSTX,,1.875599980354309,1.875599980354309,1.875599980354309,1.875599980354309,338.0
2025-06-26 11:40:00,PHGE,,0.45989999175071716,0.45989999175071716,0.45989999175071716,0.45989999175071716,633.0
2025-06-26 11:40:00,PLG,,1.600000023841858,1.600000023841858,1.590000033378601,1.5950000286102295,2441.0
2025-06-26 11:40:00,PLX,,1.475000023841858,1.475000023841858,1.475000023841858,1.475000023841858,313.0
2025-06-26 11:40:00,REI,,0.7803999781608582,0.7803999781608582,0.7803999781608582,0.7803999781608582,700.0
2025-06-26 11:40:00,RLGT,,6.010000228881836,6.010000228881836,6.010000228881836,6.010000228881836,111.0
2025-06-26 11:40:00,SENS,,0.4934000074863434,0.4934990108013153,0.4934000074863434,0.4934990108013153,6912.0
2025-06-26 11:40:00,SLI,,1.8949999809265137,1.8949999809265137,1.8949999809265137,1.8949999809265137,268.0
2025-06-26 11:40:00,STXS,,2.234800100326538,2.234800100326538,2.234800100326538,2.234800100326538,481.0
2025-06-26 11:40:00,SVM,,4.159999847412109,4.159999847412109,4.15500020980835,4.159999847412109,421.0
2025-06-26 11:40:00,SVT,,46.93000030517578,46.93000030517578,46.900001525878906,46.900001525878906,1253.0
2025-06-26 11:40:00,TGB,,3.080399990081787,3.0899999141693115,3.0801000595092773,3.0850000381469727,44664.0
2025-06-26 11:40:00,TMQ,,1.4950000047683716,1.4950000047683716,1.4950000047683716,1.4950000047683716,502.0
2025-06-26 11:40:00,TPET,,1.2100000381469727,1.2100000381469727,1.2100000381469727,1.2100000381469727,1221.0
2025-06-26 11:40:00,UAMY,,2.530100107192993,2.5399999618530273,2.5250000953674316,2.5250000953674316,21276.0
2025-06-26 11:40:00,UEC,,6.914999961853027,6.920000076293945,6.909999847412109,6.920000076293945,19739.0
2025-06-26 11:40:00,URG,,1.034999966621399,1.0399999618530273,1.034999966621399,1.034999966621399,2959.0
2025-06-26 11:40:00,USAS,,0.8281000256538391,0.8281000256538391,0.8281000256538391,0.8281000256538391,1148.0
2025-06-26 11:40:00,UUUU,,5.800000190734863,5.800000190734863,5.795000076293945,5.795000076293945,4636.0
2025-06-26 11:40:00,VGZ,,1.0191999673843384,1.0199999809265137,1.01010000705719,1.01010000705719,15602.0
2025-06-26 11:40:00,VKI,,8.20989990234375,8.20989990234375,8.20989990234375,8.20989990234375,3150.0
2025-06-26 11:40:00,VTAK,,0.2522999942302704,0.2522999942302704,0.25220000743865967,0.2522999942302704,5421.0
2025-06-26 11:40:00,VZLA,,2.9700000286102295,2.9700000286102295,2.9700000286102295,2.9700000286102295,134.0
2025-06-26 11:40:00,WWR,,0.5910999774932861,0.5910999774932861,0.5910999774932861,0.5910999774932861,200.0
2025-06-26 11:40:00,XPL,,0.6496999859809875,0.6496999859809875,0.6496999859809875,0.6496999859809875,400.0
2025-06-26 11:40:00,ZDGE,,4.074999809265137,4.074999809265137,4.041999816894531,4.041999816894531,600.0
2025-06-26 11:41:00,ARMN,,6.864999771118164,6.8790998458862305,6.864999771118164,6.8790998458862305,6912.0
2025-06-26 11:41:00,ASM,,3.5450000762939453,3.5583999156951904,3.5399999618530273,3.5583999156951904,28936.0
2025-06-26 11:41:00,ATNM,,1.5146000385284424,1.5149999856948853,1.5146000385284424,1.5149999856948853,3063.0
2025-06-26 11:41:00,BATL,,1.4500000476837158,1.4600000381469727,1.4500000476837158,1.4550000429153442,16402.0
2025-06-26 11:41:00,BEEP,,4.010000228881836,4.010000228881836,4.010000228881836,4.010000228881836,173.0
2025-06-26 11:41:00,BKTI,,55.04999923706055,55.04999923706055,55.029998779296875,55.029998779296875,274.0
2025-06-26 11:41:00,BTG,,3.625,3.630000114440918,3.625,3.625,22741.0
2025-06-26 11:41:00,BURU,,0.32120001316070557,0.32359999418258667,0.3199999928474426,0.32179999351501465,14780.0
2025-06-26 11:41:00,CATX,,3.6600000858306885,3.674999952316284,3.6600000858306885,3.674999952316284,3016.0
2025-06-26 11:41:00,CBOE,,227.47999572753906,227.5399932861328,227.46499633789062,227.47500610351562,2635.0
2025-06-26 11:41:00,CLDI,,0.21580000221729279,0.21580000221729279,0.21529999375343323,0.21529999375343323,2233.0
2025-06-26 11:41:00,CLM,,7.945000171661377,7.945000171661377,7.945000171661377,7.945000171661377,344.0
2025-06-26 11:41:00,CQP,,55.709999084472656,55.709999084472656,55.709999084472656,55.709999084472656,210.0
2025-06-26 11:41:00,CRF,,7.570000171661377,7.570000171661377,7.565000057220459,7.565000057220459,5366.0
2025-06-26 11:41:00,CTM,,1.0351999998092651,1.0399999618530273,1.034999966621399,1.0399999618530273,750.0
2025-06-26 11:41:00,DC,,3.799999952316284,3.799999952316284,3.799999952316284,3.799999952316284,615.0
2025-06-26 11:41:00,DHY,,2.1096999645233154,2.1096999645233154,2.1096999645233154,2.1096999645233154,1915.0
2025-06-26 11:41:00,DNN,,1.815000057220459,1.8200000524520874,1.8100999593734741,1.8100999593734741,109997.0
2025-06-26 11:41:00,ELMD,,21.264999389648438,21.264999389648438,21.264999389648438,21.264999389648438,168.0
2025-06-26 11:41:00,EMX,,2.559999942779541,2.559999942779541,2.5399999618530273,2.5450000762939453,15796.0
2025-06-26 11:41:00,EQX,,5.914999961853027,5.940000057220459,5.909999847412109,5.934999942779541,84019.0
2025-06-26 11:41:00,ESP,,45.400001525878906,45.45000076293945,45.400001525878906,45.45000076293945,1889.0
2025-06-26 11:41:00,FTF,,6.385000228881836,6.385000228881836,6.385000228881836,6.385000228881836,100.0
2025-06-26 11:41:00,GBR,,1.059999942779541,1.059999942779541,1.059999942779541,1.059999942779541,100.0
2025-06-26 11:41:00,GGN,,4.375,4.375,4.375,4.375,200.0
2025-06-26 11:41:00,GNS,,0.8898000121116638,0.8899000287055969,0.8813999891281128,0.8815000057220459,43173.0
2025-06-26 11:41:00,GORO,,0.5421000123023987,0.5421000123023987,0.5421000123023987,0.5421000123023987,334.0
2025-06-26 11:41:00,GROY,,2.2750000953674316,2.2799999713897705,2.2699999809265137,2.2799999713897705,2719.0
2025-06-26 11:41:00,GTE,,5.050000190734863,5.050000190734863,5.050000190734863,5.050000190734863,618.0
2025-06-26 11:41:00,HUSA,,13.268699645996094,13.268699645996094,13.265000343322754,13.265000343322754,965.0
2025-06-26 11:41:00,IBO,,0.9210000038146973,0.9210000038146973,0.9204000234603882,0.9204000234603882,803.0
2025-06-26 11:41:00,IDR,,13.140000343322754,13.140000343322754,13.119999885559082,13.119999885559082,105093.0
2025-06-26 11:41:00,IE,,9.949999809265137,9.960000038146973,9.944999694824219,9.960000038146973,4684.0
2025-06-26 11:41:00,IGC,,0.3100000023841858,0.3100000023841858,0.30880001187324524,0.30880001187324524,17046.0
2025-06-26 11:41:00,INDO,,3.1291000843048096,3.129300117492676,3.125,3.1284000873565674,1348.0
2025-06-26 11:41:00,INFU,,6.505000114440918,6.505000114440918,6.505000114440918,6.505000114440918,317.0
2025-06-26 11:41:00,ITRG,,1.5549999475479126,1.5549999475479126,1.5549999475479126,1.5549999475479126,601.0
2025-06-26 11:41:00,JOB,,0.20309999585151672,0.20309999585151672,0.20309999585151672,0.20309999585151672,1414.0
2025-06-26 11:41:00,KNW,,1.8450000286102295,1.8600000143051147,1.840000033378601,1.8600000143051147,4007.0
2025-06-26 11:41:00,KULR,,5.130000114440918,5.130000114440918,5.110000133514404,5.114999771118164,7914.0
2025-06-26 11:41:00,LEU,,180.39999389648438,182.0,180.39999389648438,181.6300048828125,2662.0
2025-06-26 11:41:00,LMND,,41.7400016784668,41.7400016784668,41.70000076293945,41.709999084472656,1668.0
2025-06-26 11:41:00,LNG,,242.19500732421875,242.2050018310547,242.00999450683594,242.0800018310547,11934.0
2025-06-26 11:41:00,LODE,,3.7699999809265137,3.7850000858306885,3.7699999809265137,3.7850000858306885,283.0
2025-06-26 11:41:00,MAG,,21.309999465942383,21.329999923706055,21.309999465942383,21.329999923706055,1242.0
2025-06-26 11:41:00,MTA,,3.8450000286102295,3.8450000286102295,3.8450000286102295,3.8450000286102295,122.0
2025-06-26 11:41:00,NAK,,1.5549999475479126,1.559999942779541,1.5549999475479126,1.5549999475479126,5012.0
2025-06-26 11:41:00,NCL,,0.17520099878311157,0.17520099878311157,0.17520099878311157,0.17520099878311157,202.0
2025-06-26 11:41:00,NEWP,,1.3650000095367432,1.3650000095367432,1.3650000095367432,1.3650000095367432,1000.0
2025-06-26 11:41:00,NG,,3.950000047683716,3.9700000286102295,3.950000047683716,3.9700000286102295,41982.0
2025-06-26 11:41:00,NGD,,4.889999866485596,4.909999847412109,4.889999866485596,4.900000095367432,227880.0
2025-06-26 11:41:00,NHS,,7.5,7.5,7.494999885559082,7.494999885559082,800.0
2025-06-26 11:41:00,NNVC,,1.159999966621399,1.1699999570846558,1.149999976158142,1.1649999618530273,3791.0
2025-06-26 11:41:00,OPTT,,0.5103999972343445,0.5103999972343445,0.5097000002861023,0.5099999904632568,9322.0
2025-06-26 11:41:00,ORLA,,10.03499984741211,10.055000305175781,10.029999732971191,10.050000190734863,2550.0
2025-06-26 11:41:00,PED,,0.675000011920929,0.675000011920929,0.675000011920929,0.675000011920929,200.0
2025-06-26 11:41:00,PLG,,1.5950000286102295,1.5988999605178833,1.590000033378601,1.5988999605178833,3300.0
2025-06-26 11:41:00,PLMR,,151.1999969482422,151.1999969482422,151.1999969482422,151.1999969482422,3612.0
2025-06-26 11:41:00,PLX,,1.475000023841858,1.475000023841858,1.4700000286102295,1.4700000286102295,807.0
2025-06-26 11:41:00,REI,,0.7803999781608582,0.7803999781608582,0.7803999781608582,0.7803999781608582,300.0
2025-06-26 11:41:00,SENS,,0.4934000074863434,0.4934999942779541,0.4934000074863434,0.4934999942779541,25375.0
2025-06-26 11:41:00,SLI,,1.8899999856948853,1.8960000276565552,1.8899999856948853,1.8960000276565552,2697.0
2025-06-26 11:41:00,SOAR,,1.4493000507354736,1.4493000507354736,1.4493000507354736,1.4493000507354736,523.0
2025-06-26 11:41:00,SVM,,4.149899959564209,4.15500020980835,4.144999980926514,4.15500020980835,6309.0
2025-06-26 11:41:00,TGB,,3.0803000926971436,3.0899999141693115,3.0799999237060547,3.0850000381469727,175863.0
2025-06-26 11:41:00,TOON,,0.7317000031471252,0.7317000031471252,0.7317000031471252,0.7317000031471252,250.0
2025-06-26 11:41:00,TPET,,1.2101000547409058,1.2101000547409058,1.2100000381469727,1.2101000547409058,3650.0
2025-06-26 11:41:00,TRX,,0.3346000015735626,0.3346000015735626,0.3346000015735626,0.3346000015735626,3640.0
2025-06-26 11:41:00,UAMY,,2.5199999809265137,2.536400079727173,2.5199999809265137,2.534600019454956,18131.0
2025-06-26 11:41:00,UEC,,6.914999961853027,6.920000076293945,6.909999847412109,6.920000076293945,11676.0
2025-06-26 11:41:00,URG,,1.034999966621399,1.0399999618530273,1.034999966621399,1.034999966621399,2787.0
2025-06-26 11:41:00,USAS,,0.8263000249862671,0.828249990940094,0.8260999917984009,0.828249990940094,19958.0
2025-06-26 11:41:00,UTG,,35.400001525878906,35.400001525878906,35.400001525878906,35.400001525878906,201.0
2025-06-26 11:41:00,UUUU,,5.800000190734863,5.800000190734863,5.784999847412109,5.800000190734863,67892.0
2025-06-26 11:41:00,VTAK,,0.2524000108242035,0.2524000108242035,0.2524000108242035,0.2524000108242035,162.0
2025-06-26 11:41:00,VZLA,,2.9649999141693115,2.9700000286102295,2.9649999141693115,2.9700000286102295,10778.0
2025-06-26 11:41:00,WRN,,1.2450000047683716,1.2450000047683716,1.2450000047683716,1.2450000047683716,100.0
2025-06-26 11:41:00,WWR,,0.5949000120162964,0.5949000120162964,0.5949000120162964,0.5949000120162964,1205.0
2025-06-26 11:41:00,WYY,,3.509999990463257,3.509999990463257,3.509999990463257,3.509999990463257,432.0
2025-06-26 11:41:00,ZDGE,,4.039999961853027,4.041999816894531,4.039999961853027,4.041999816894531,600.0
2025-06-26 11:42:00,ARMN,,6.864999771118164,6.864999771118164,6.864999771118164,6.864999771118164,1895.0
2025-06-26 11:42:00,BCV,,18.780000686645508,18.780000686645508,18.780000686645508,18.780000686645508,3343.0
2025-06-26 11:42:00,BRBS,,3.2899999618530273,3.2899999618530273,3.2799999713897705,3.2799999713897705,213.0
2025-06-26 11:42:00,BTG,,3.625,3.630000114440918,3.625,3.625,34201.0
2025-06-26 11:42:00,BURU,,0.322299987077713,0.322299987077713,0.322299987077713,0.322299987077713,3306.0
2025-06-26 11:42:00,CATX,,3.6449999809265137,3.6500000953674316,3.6449999809265137,3.6500000953674316,1241.0
2025-06-26 11:42:00,CBOE,,227.43499755859375,227.43499755859375,227.43499755859375,227.43499755859375,210.0
2025-06-26 11:42:00,CEF,,30.32550048828125,30.32550048828125,30.32550048828125,30.32550048828125,639.0
2025-06-26 11:42:00,CIK,,2.940000057220459,2.940000057220459,2.940000057220459,2.940000057220459,100.0
2025-06-26 11:42:00,CLDI,,0.21660000085830688,0.21660000085830688,0.21660000085830688,0.21660000085830688,3446.0
2025-06-26 11:42:00,CLM,,7.945000171661377,7.945000171661377,7.945000171661377,7.945000171661377,193.0
2025-06-26 11:42:00,CPHI,,1.7537000179290771,1.7537000179290771,1.7537000179290771,1.7537000179290771,932.0
2025-06-26 11:42:00,CQP,,55.71500015258789,55.71500015258789,55.63999938964844,55.709999084472656,500.0
2025-06-26 11:42:00,CTM,,1.034999966621399,1.0398999452590942,1.031000018119812,1.034999966621399,5091.0
2025-06-26 11:42:00,DNN,,1.815000057220459,1.815000057220459,1.815000057220459,1.815000057220459,14850.0
2025-06-26 11:42:00,EQX,,5.914999961853027,5.920000076293945,5.909999847412109,5.914999961853027,40238.0
2025-06-26 11:42:00,EVM,,8.84000015258789,8.84000015258789,8.84000015258789,8.84000015258789,101.0
2025-06-26 11:42:00,EVV,,10.15999984741211,10.15999984741211,10.15999984741211,10.15999984741211,100.0
2025-06-26 11:42:00,FOXO,,0.2000499963760376,0.2000499963760376,0.2000499963760376,0.2000499963760376,100.0
2025-06-26 11:42:00,GGN,,4.375,4.375,4.375,4.375,200.0
2025-06-26 11:42:00,GNS,,0.8945990204811096,0.8946999907493591,0.8813999891281128,0.8855990171432495,214761.0
2025-06-26 11:42:00,GROY,,2.2750000953674316,2.2750000953674316,2.2699999809265137,2.2699999809265137,515.0
2025-06-26 11:42:00,GSAT,,23.190000534057617,23.190000534057617,23.190000534057617,23.190000534057617,629.0
2025-06-26 11:42:00,GTE,,5.050000190734863,5.050000190734863,5.050000190734863,5.050000190734863,444.0
2025-06-26 11:42:00,HUSA,,13.199999809265137,13.199999809265137,13.199999809265137,13.199999809265137,190.0
2025-06-26 11:42:00,IBO,,0.925599992275238,0.925599992275238,0.9204000234603882,0.9222000241279602,2259.0
2025-06-26 11:42:00,IDR,,13.135000228881836,13.164299964904785,13.135000228881836,13.135000228881836,105484.0
2025-06-26 11:42:00,IE,,9.949999809265137,9.949999809265137,9.9399995803833,9.9399995803833,3776.0
2025-06-26 11:42:00,IGC,,0.30790001153945923,0.30790001153945923,0.30790001153945923,0.30790001153945923,355.0
2025-06-26 11:42:00,IMO,,81.08000183105469,81.16000366210938,81.08000183105469,81.16000366210938,400.0
2025-06-26 11:42:00,INDO,,3.130000114440918,3.130000114440918,3.130000114440918,3.130000114440918,3206.0
2025-06-26 11:42:00,INFU,,6.420000076293945,6.489999771118164,6.420000076293945,6.489999771118164,3972.0
2025-06-26 11:42:00,ITRG,,1.5499999523162842,1.5549999475479126,1.5499999523162842,1.5549999475479126,394.0
2025-06-26 11:42:00,KNW,,1.829200029373169,1.8300000429153442,1.809999942779541,1.8300000429153442,555.0
2025-06-26 11:42:00,KULR,,5.140900135040283,5.150000095367432,5.130000114440918,5.130000114440918,10160.0
2025-06-26 11:42:00,LCTX,,1.024999976158142,1.024999976158142,1.0199999809265137,1.0199999809265137,468.0
2025-06-26 11:42:00,LEU,,180.55999755859375,180.7949981689453,180.55999755859375,180.7949981689453,589.0
2025-06-26 11:42:00,LMND,,41.81999969482422,41.81999969482422,41.71500015258789,41.71500015258789,3494.0
2025-06-26 11:42:00,LNG,,242.10000610351562,242.25999450683594,242.10000610351562,242.19500732421875,6226.0
2025-06-26 11:42:00,LODE,,3.7699999809265137,3.7850000858306885,3.7699999809265137,3.7850000858306885,548.0
2025-06-26 11:42:00,MAG,,21.31089973449707,21.31999969482422,21.309999465942383,21.309999465942383,1439.0
2025-06-26 11:42:00,MRT,,2.7699999809265137,2.7699999809265137,2.7699999809265137,2.7699999809265137,178.0
2025-06-26 11:42:00,MTA,,3.8399999141693115,3.8399999141693115,3.8299999237060547,3.8399999141693115,1227.0
2025-06-26 11:42:00,NAK,,1.558899998664856,1.558899998664856,1.5549999475479126,1.5549999475479126,3089.0
2025-06-26 11:42:00,NFGC,,1.465000033378601,1.465000033378601,1.465000033378601,1.465000033378601,200.0
2025-06-26 11:42:00,NG,,3.9549999237060547,3.9549999237060547,3.953000068664551,3.9549999237060547,4310.0
2025-06-26 11:42:00,NGD,,4.894999980926514,4.900000095367432,4.889999866485596,4.894999980926514,35297.0
2025-06-26 11:42:00,OPTT,,0.5103999972343445,0.5103999972343445,0.5103999972343445,0.5103999972343445,410.0
2025-06-26 11:42:00,ORLA,,10.035400390625,10.035400390625,10.029999732971191,10.03499984741211,1584.0
2025-06-26 11:42:00,PED,,0.6700000166893005,0.6700000166893005,0.6700000166893005,0.6700000166893005,352.0
2025-06-26 11:42:00,PLG,,1.5951999425888062,1.5951999425888062,1.5951999425888062,1.5951999425888062,652.0
2025-06-26 11:42:00,PLMR,,151.39999389648438,151.47500610351562,151.39999389648438,151.47500610351562,940.0
2025-06-26 11:42:00,PLX,,1.475000023841858,1.475000023841858,1.4709999561309814,1.4709999561309814,512.0
2025-06-26 11:42:00,REI,,0.7803999781608582,0.7815999984741211,0.7803999781608582,0.7803999781608582,5320.0
2025-06-26 11:42:00,SATX,,2.950000047683716,2.950000047683716,2.950000047683716,2.950000047683716,100.0
2025-06-26 11:42:00,SENS,,0.4934999942779541,0.4934999942779541,0.4934000074863434,0.4934990108013153,41297.0
2025-06-26 11:42:00,SOAR,,1.4450000524520874,1.4450000524520874,1.440500020980835,1.440500020980835,869.0
2025-06-26 11:42:00,SVM,,4.144999980926514,4.150000095367432,4.144999980926514,4.150000095367432,743.0
2025-06-26 11:42:00,SVT,,46.915000915527344,46.915000915527344,46.900001525878906,46.90999984741211,9492.0
2025-06-26 11:42:00,TGB,,3.087599992752075,3.0899999141693115,3.0799999237060547,3.0850000381469727,35633.0
2025-06-26 11:42:00,TPET,,1.2101000547409058,1.2101000547409058,1.2101000547409058,1.2101000547409058,478.0
2025-06-26 11:42:00,TRX,,0.3346000015735626,0.3346000015735626,0.3346000015735626,0.3346000015735626,1200.0
2025-06-26 11:42:00,UAVS,,1.100000023841858,1.1050000190734863,1.100000023841858,1.100000023841858,1651.0
2025-06-26 11:42:00,UEC,,6.914999961853027,6.920000076293945,6.909999847412109,6.916200160980225,16244.0
2025-06-26 11:42:00,URG,,1.0399999618530273,1.0399999618530273,1.034999966621399,1.034999966621399,19528.0
2025-06-26 11:42:00,UTG,,35.4031982421875,35.4031982421875,35.40169906616211,35.40169906616211,1078.0
2025-06-26 11:42:00,UUUU,,5.789999961853027,5.800000190734863,5.784800052642822,5.800000190734863,27978.0
2025-06-26 11:42:00,VZLA,,2.9649999141693115,2.9700000286102295,2.9600000381469727,2.9649999141693115,4408.0
2025-06-26 11:42:00,ZDGE,,4.054999828338623,4.074999809265137,4.039999961853027,4.039999961853027,700.0
2025-06-26 11:43:00,ARMN,,6.860000133514404,6.860000133514404,6.860000133514404,6.860000133514404,303.0
2025-06-26 11:43:00,ASM,,3.54229998588562,3.54229998588562,3.5399999618530273,3.5399999618530273,1647.0
2025-06-26 11:43:00,AZTR,,0.25859999656677246,0.25859999656677246,0.25859999656677246,0.25859999656677246,306048.0
2025-06-26 11:43:00,BRBS,,3.2850000858306885,3.2850000858306885,3.2850000858306885,3.2850000858306885,227.0
2025-06-26 11:43:00,BRN,,1.2000000476837158,1.2000000476837158,1.2000000476837158,1.2000000476837158,100.0
2025-06-26 11:43:00,BTG,,3.630000114440918,3.630000114440918,3.625,3.625,26248.0
2025-06-26 11:43:00,BURU,,0.3237999975681305,0.3237999975681305,0.3224000036716461,0.3224000036716461,8380.0
2025-06-26 11:43:00,CATX,,3.6500000953674316,3.6500000953674316,3.6449999809265137,3.6449999809265137,1040.0
2025-06-26 11:43:00,CBOE,,227.4550018310547,227.4550018310547,227.4550018310547,227.4550018310547,312.0
2025-06-26 11:43:00,CIK,,2.940000057220459,2.940000057220459,2.940000057220459,2.940000057220459,100.0
2025-06-26 11:43:00,CLDI,,0.21799999475479126,0.21799999475479126,0.21699999272823334,0.21699999272823334,2175.0
2025-06-26 11:43:00,CLM,,7.940000057220459,7.945000171661377,7.940000057220459,7.942599773406982,443.0
2025-06-26 11:43:00,CQP,,55.71500015258789,55.71500015258789,55.71500015258789,55.71500015258789,187.0
2025-06-26 11:43:00,CRF,,7.565000057220459,7.565000057220459,7.565000057220459,7.565000057220459,347.0
2025-06-26 11:43:00,CTM,,1.034999966621399,1.034999966621399,1.034999966621399,1.034999966621399,101.0
2025-06-26 11:43:00,DHY,,2.1098999977111816,2.1098999977111816,2.1098999977111816,2.1098999977111816,374.0
2025-06-26 11:43:00,DNN,,1.815000057220459,1.8200000524520874,1.815000057220459,1.8200000524520874,3078.0
2025-06-26 11:43:00,ELMD,,21.280000686645508,21.34000015258789,21.280000686645508,21.309999465942383,1128.0
2025-06-26 11:43:00,EMX,,2.555000066757202,2.555000066757202,2.555000066757202,2.555000066757202,206.0
2025-06-26 11:43:00,EQX,,5.914999961853027,5.920000076293945,5.909999847412109,5.914999961853027,3096.0
2025-06-26 11:43:00,FOXO,,0.20010000467300415,0.20010000467300415,0.20010000467300415,0.20010000467300415,100.0
2025-06-26 11:43:00,FTF,,6.385000228881836,6.385000228881836,6.385000228881836,6.385000228881836,105.0
2025-06-26 11:43:00,GGN,,4.374300003051758,4.374300003051758,4.374300003051758,4.374300003051758,1000.0
2025-06-26 11:43:00,GNS,,0.8815000057220459,0.8979989886283875,0.8813999891281128,0.8920000195503235,51695.0
2025-06-26 11:43:00,GROY,,2.265000104904175,2.2699999809265137,2.265000104904175,2.2699999809265137,14788.0
2025-06-26 11:43:00,GTE,,5.050000190734863,5.050000190734863,5.050000190734863,5.050000190734863,105.0
2025-06-26 11:43:00,HUSA,,13.241299629211426,13.241299629211426,13.241299629211426,13.241299629211426,268.0
2025-06-26 11:43:00,IBO,,0.9204000234603882,0.9248999953269958,0.9204000234603882,0.9248989820480347,1085.0
2025-06-26 11:43:00,IE,,9.90999984741211,9.930000305175781,9.90999984741211,9.930000305175781,605103.0
2025-06-26 11:43:00,IMO,,81.12000274658203,81.12000274658203,81.12000274658203,81.12000274658203,103027.0
2025-06-26 11:43:00,INDO,,3.130000114440918,3.130000114440918,3.119999885559082,3.130000114440918,3233.0
2025-06-26 11:43:00,INFU,,6.409999847412109,6.420000076293945,6.409999847412109,6.420000076293945,313.0
2025-06-26 11:43:00,ITRG,,1.5499999523162842,1.559999942779541,1.5499999523162842,1.5499999523162842,1511.0
2025-06-26 11:43:00,KNW,,1.8300000429153442,1.847599983215332,1.8300000429153442,1.847599983215332,1132.0
2025-06-26 11:43:00,KULR,,5.149899959564209,5.150000095367432,5.144999980926514,5.144999980926514,3324.0
2025-06-26 11:43:00,LCTX,,1.0199999809265137,1.0199999809265137,1.0199999809265137,1.0199999809265137,200.0
2025-06-26 11:43:00,LEU,,180.11659240722656,180.75120544433594,180.11659240722656,180.75120544433594,1067.0
2025-06-26 11:43:00,LMND,,41.790000915527344,41.790000915527344,41.720001220703125,41.7400016784668,3585.0
2025-06-26 11:43:00,LNG,,242.02000427246094,242.19000244140625,241.99000549316406,242.11500549316406,12516.0
2025-06-26 11:43:00,MAG,,21.315000534057617,21.31999969482422,21.315000534057617,21.31999969482422,304.0
2025-06-26 11:43:00,MITQ,,0.6800000071525574,0.6800000071525574,0.6800000071525574,0.6800000071525574,300.0
2025-06-26 11:43:00,MRT,,2.75,2.75,2.75,2.75,314.0
2025-06-26 11:43:00,MTNB,,0.9301000237464905,0.9399999976158142,0.9301000237464905,0.9399999976158142,4172.0
2025-06-26 11:43:00,NAK,,1.5549999475479126,1.558899998664856,1.5499999523162842,1.5549999475479126,2646.0
2025-06-26 11:43:00,NCL,,0.17720000445842743,0.17720000445842743,0.1768999993801117,0.1768999993801117,12019.0
2025-06-26 11:43:00,NG,,3.9749999046325684,3.979099988937378,3.940000057220459,3.9509999752044678,53472.0
2025-06-26 11:43:00,NGD,,4.894999980926514,4.900000095367432,4.889999866485596,4.894999980926514,12837.0
2025-06-26 11:43:00,NNVC,,1.1649999618530273,1.1649999618530273,1.1649999618530273,1.1649999618530273,703.0
2025-06-26 11:43:00,NRO,,3.195199966430664,3.195199966430664,3.195199966430664,3.195199966430664,864.0
2025-06-26 11:43:00,OPTT,,0.5103999972343445,0.5103999972343445,0.5103999972343445,0.5103999972343445,710.0
2025-06-26 11:43:00,ORLA,,10.024999618530273,10.024999618530273,10.024999618530273,10.024999618530273,319.0
2025-06-26 11:43:00,OSTX,,1.8700000047683716,1.8799999952316284,1.8700000047683716,1.8799999952316284,450.0
2025-06-26 11:43:00,PLMR,,151.46499633789062,151.46499633789062,151.46499633789062,151.46499633789062,290.0
2025-06-26 11:43:00,PLX,,1.4700000286102295,1.4700000286102295,1.4700000286102295,1.4700000286102295,113.0
2025-06-26 11:43:00,REI,,0.7803000211715698,0.7803999781608582,0.7803000211715698,0.7803999781608582,1059.0
2025-06-26 11:43:00,RLGT,,6.010000228881836,6.010000228881836,6.010000228881836,6.010000228881836,326.0
2025-06-26 11:43:00,SEB,,2952.56494140625,2952.56494140625,2949.0,2949.0,11.0
2025-06-26 11:43:00,SENS,,0.4934000074863434,0.4934999942779541,0.4934000074863434,0.4934000074863434,26905.0
2025-06-26 11:43:00,SGN,,1.010200023651123,1.0149999856948853,1.010200023651123,1.0149999856948853,2000.0
2025-06-26 11:43:00,SLI,,1.8949999809265137,1.8949999809265137,1.8899999856948853,1.8899999856948853,3064.0
2025-06-26 11:43:00,SVM,,4.144999980926514,4.150000095367432,4.144999980926514,4.146699905395508,1695.0
2025-06-26 11:43:00,TGB,,3.0799999237060547,3.089900016784668,3.0799999237060547,3.0799999237060547,10843.0
2025-06-26 11:43:00,TMQ,,1.4950000047683716,1.4950000047683716,1.4950000047683716,1.4950000047683716,124.0
2025-06-26 11:43:00,UAMY,,2.5250000953674316,2.5250000953674316,2.5250000953674316,2.5250000953674316,1036.0
2025-06-26 11:43:00,UAVS,,1.090000033378601,1.1050000190734863,1.090000033378601,1.1050000190734863,15326.0
2025-06-26 11:43:00,UEC,,6.920100212097168,6.929999828338623,6.914100170135498,6.920000076293945,30715.0
2025-06-26 11:43:00,URG,,1.0449999570846558,1.0499999523162842,1.034999966621399,1.0399999618530273,12793.0
2025-06-26 11:43:00,USAS,,0.826200008392334,0.826200008392334,0.826200008392334,0.826200008392334,750.0
2025-06-26 11:43:00,UTG,,35.369998931884766,35.40679931640625,35.369998931884766,35.40679931640625,711.0
2025-06-26 11:43:00,UUUU,,5.795000076293945,5.800000190734863,5.789999961853027,5.789999961853027,10811.0
2025-06-26 11:43:00,VZLA,,2.9649999141693115,2.9649999141693115,2.9649999141693115,2.9649999141693115,2201493.0
2025-06-26 11:43:00,WWR,,0.5949000120162964,0.5949000120162964,0.5949000120162964,0.5949000120162964,712.0
2025-06-26 11:43:00,ZDGE,,4.059999942779541,4.059999942779541,4.059999942779541,4.059999942779541,400.0
2025-06-26 11:44:00,AREN,,5.605000019073486,5.605000019073486,5.605000019073486,5.605000019073486,234.0
2025-06-26 11:44:00,ARMN,,6.855000019073486,6.860000133514404,6.855000019073486,6.860000133514404,2884.0
2025-06-26 11:44:00,ASM,,3.544800043106079,3.5450000762939453,3.544800043106079,3.5450000762939453,5152.0
2025-06-26 11:44:00,BRBS,,3.2850000858306885,3.2850000858306885,3.2850000858306885,3.2850000858306885,384.0
2025-06-26 11:44:00,BTG,,3.625,3.625,3.625,3.625,10226.0
2025-06-26 11:44:00,BURU,,0.3239000141620636,0.3239000141620636,0.3231000006198883,0.3231000006198883,10877.0
2025-06-26 11:44:00,CATX,,3.6500000953674316,3.6549999713897705,3.6500000953674316,3.6549999713897705,2302.0
2025-06-26 11:44:00,CBOE,,227.3000030517578,227.4199981689453,227.2100067138672,227.4199981689453,1490.0
2025-06-26 11:44:00,CEF,,30.329999923706055,30.329999923706055,30.329999923706055,30.329999923706055,314.0
2025-06-26 11:44:00,CET,,47.709999084472656,47.709999084472656,47.709999084472656,47.709999084472656,100.0
2025-06-26 11:44:00,CQP,,55.71500015258789,55.71500015258789,55.71500015258789,55.71500015258789,520.0
2025-06-26 11:44:00,CRF,,7.562600135803223,7.562600135803223,7.562600135803223,7.562600135803223,500.0
2025-06-26 11:44:00,CTM,,1.034999966621399,1.0399999618530273,1.034999966621399,1.034999966621399,348.0
2025-06-26 11:44:00,CYBN,,8.600000381469727,8.600000381469727,8.579999923706055,8.579999923706055,231.0
2025-06-26 11:44:00,DC,,3.805000066757202,3.805000066757202,3.805000066757202,3.805000066757202,100.0
2025-06-26 11:44:00,DNN,,1.809999942779541,1.8200000524520874,1.809999942779541,1.819700002670288,122987.0
2025-06-26 11:44:00,ELMD,,21.28499984741211,21.34000015258789,21.28499984741211,21.34000015258789,201.0
2025-06-26 11:44:00,EMX,,2.555000066757202,2.555000066757202,2.555000066757202,2.555000066757202,102.0
2025-06-26 11:44:00,EPM,,4.760000228881836,4.760000228881836,4.760000228881836,4.760000228881836,603.0
2025-06-26 11:44:00,EQX,,5.914999961853027,5.920000076293945,5.914999961853027,5.914999961853027,5540.0
2025-06-26 11:44:00,ERC,,9.390000343322754,9.390000343322754,9.390000343322754,9.390000343322754,700.0
2025-06-26 11:44:00,ESP,,45.36090087890625,45.36090087890625,45.029998779296875,45.029998779296875,4443.0
2025-06-26 11:44:00,EVV,,10.164999961853027,10.164999961853027,10.164999961853027,10.164999961853027,200.0
2025-06-26 11:44:00,FOXO,,0.20010000467300415,0.20010000467300415,0.20010000467300415,0.20010000467300415,100.0
2025-06-26 11:44:00,FSP,,1.684999942779541,1.684999942779541,1.684999942779541,1.684999942779541,100.0
2025-06-26 11:44:00,GGN,,4.374199867248535,4.376699924468994,4.374199867248535,4.376699924468994,2789.0
2025-06-26 11:44:00,GLV,,5.617000102996826,5.617000102996826,5.617000102996826,5.617000102996826,100.0
2025-06-26 11:44:00,GNS,,0.8799999952316284,0.8899999856948853,0.8702999949455261,0.8815000057220459,37557.0
2025-06-26 11:44:00,GROY,,2.265000104904175,2.265000104904175,2.259999990463257,2.265000104904175,47164.0
2025-06-26 11:44:00,IBO,,0.9448990225791931,0.9449999928474426,0.9248999953269958,0.9248999953269958,65907.0
2025-06-26 11:44:00,IE,,9.90999984741211,9.90999984741211,9.904999732971191,9.90999984741211,2470.0
2025-06-26 11:44:00,IMO,,81.02999877929688,81.0999984741211,81.02999877929688,81.0999984741211,573.0
2025-06-26 11:44:00,INFU,,6.389999866485596,6.389999866485596,6.389999866485596,6.389999866485596,238.0
2025-06-26 11:44:00,KULR,,5.150000095367432,5.150000095367432,5.140100002288818,5.144999980926514,2817.0
2025-06-26 11:44:00,LCTX,,1.023900032043457,1.0299999713897705,1.0199999809265137,1.0299999713897705,7148.0
2025-06-26 11:44:00,LEU,,180.7550048828125,180.8000030517578,180.7550048828125,180.7550048828125,1466.0
2025-06-26 11:44:00,LMND,,41.7599983215332,41.81999969482422,41.75,41.81999969482422,4342.0
2025-06-26 11:44:00,LNG,,241.9600067138672,242.02999877929688,241.85000610351562,241.97999572753906,2453.0
2025-06-26 11:44:00,LODE,,3.744999885559082,3.759999990463257,3.744999885559082,3.759999990463257,576.0
2025-06-26 11:44:00,MITQ,,0.6922000050544739,0.6922000050544739,0.6922000050544739,0.6922000050544739,535.0
2025-06-26 11:44:00,MSN,,0.38600000739097595,0.38600000739097595,0.38600000739097595,0.38600000739097595,100.0
2025-06-26 11:44:00,MYO,,2.25,2.2502999305725098,2.25,2.2502999305725098,1744.0
2025-06-26 11:44:00,NAK,,1.5547000169754028,1.559999942779541,1.5499999523162842,1.5549999475479126,26788.0
2025-06-26 11:44:00,NBH,,9.835000038146973,9.854999542236328,9.835000038146973,9.854999542236328,9723.0
2025-06-26 11:44:00,NCL,,0.17710000276565552,0.17710000276565552,0.17710000276565552,0.17710000276565552,2000.0
2025-06-26 11:44:00,NEWP,,1.364799976348877,1.364799976348877,1.364799976348877,1.364799976348877,170.0
2025-06-26 11:44:00,NFGC,,1.4600000381469727,1.465000033378601,1.4600000381469727,1.465000033378601,418.0
2025-06-26 11:44:00,NG,,3.984999895095825,3.984999895095825,3.9700000286102295,3.970099925994873,18746.0
2025-06-26 11:44:00,NGD,,4.894999980926514,4.900000095367432,4.894999980926514,4.894999980926514,1689.0
2025-06-26 11:44:00,NML,,8.829999923706055,8.829999923706055,8.829999923706055,8.829999923706055,310.0
2025-06-26 11:44:00,NNVC,,1.1794999837875366,1.1794999837875366,1.1593999862670898,1.1593999862670898,2100.0
2025-06-26 11:44:00,NRXS,,2.609999895095825,2.609999895095825,2.609999895095825,2.609999895095825,29993.0
2025-06-26 11:44:00,OBE,,5.550000190734863,5.550000190734863,5.550000190734863,5.550000190734863,207.0
2025-06-26 11:44:00,OPTT,,0.5098000168800354,0.5103999972343445,0.5098000168800354,0.5101000070571899,4683.0
2025-06-26 11:44:00,ORLA,,10.029999732971191,10.029999732971191,10.015000343322754,10.029999732971191,3902.0
2025-06-26 11:44:00,OSTX,,1.8701000213623047,1.8752000331878662,1.8701000213623047,1.8752000331878662,1512.0
2025-06-26 11:44:00,PED,,0.6751999855041504,0.6751999855041504,0.6751999855041504,0.6751999855041504,210.0
2025-06-26 11:44:00,PHGE,,0.4580000042915344,0.4580000042915344,0.4580000042915344,0.4580000042915344,1000.0
2025-06-26 11:44:00,PLG,,1.5850000381469727,1.5950000286102295,1.5846999883651733,1.5950000286102295,49066.0
2025-06-26 11:44:00,PLMR,,151.22000122070312,151.22000122070312,151.22000122070312,151.22000122070312,2514.0
2025-06-26 11:44:00,PLX,,1.4700000286102295,1.475000023841858,1.4700000286102295,1.475000023841858,226.0
2025-06-26 11:44:00,REI,,0.7815999984741211,0.7815999984741211,0.7803999781608582,0.781000018119812,3270.0
2025-06-26 11:44:00,REPX,,26.690000534057617,26.690000534057617,26.690000534057617,26.690000534057617,209.0
2025-06-26 11:44:00,SATX,,2.950000047683716,2.950000047683716,2.950000047683716,2.950000047683716,100.0
2025-06-26 11:44:00,SEB,,2949.199951171875,2958.580078125,2946.1298828125,2958.39990234375,10.0
2025-06-26 11:44:00,SENS,,0.4934000074863434,0.4934999942779541,0.4934000074863434,0.4934000074863434,18050.0
2025-06-26 11:44:00,SGN,,1.0119999647140503,1.0119999647140503,1.0119999647140503,1.0119999647140503,2231.0
2025-06-26 11:44:00,SOAR,,1.4499000310897827,1.4499000310897827,1.4450000524520874,1.4450000524520874,422.0
2025-06-26 11:44:00,SVM,,4.144999980926514,4.144999980926514,4.144999980926514,4.144999980926514,193.0
2025-06-26 11:44:00,TGB,,3.0799999237060547,3.0799999237060547,3.069999933242798,3.0799999237060547,112181.0
2025-06-26 11:44:00,THM,,0.9100000262260437,0.9132000207901001,0.9100000262260437,0.9132000207901001,3490.0
2025-06-26 11:44:00,UAMY,,2.5199999809265137,2.5299999713897705,2.5199999809265137,2.5299999713897705,705.0
2025-06-26 11:44:00,UEC,,6.925000190734863,6.929999828338623,6.920000076293945,6.929999828338623,8873.0
2025-06-26 11:44:00,URG,,1.0499999523162842,1.0499999523162842,1.0449999570846558,1.0449999570846558,247.0
2025-06-26 11:44:00,USAS,,0.826200008392334,0.8270000219345093,0.826200008392334,0.8270000219345093,1243.0
2025-06-26 11:44:00,UTG,,35.404998779296875,35.404998779296875,35.404998779296875,35.404998779296875,133.0
2025-06-26 11:44:00,UUUU,,5.800000190734863,5.800000190734863,5.795000076293945,5.795000076293945,1953.0
2025-06-26 11:44:00,VTAK,,0.2522999942302704,0.2524000108242035,0.25209999084472656,0.252250999212265,4748.0
2025-06-26 11:44:00,VZLA,,2.9649999141693115,2.9667000770568848,2.9649999141693115,2.9667000770568848,2142.0
2025-06-26 11:44:00,WRN,,1.2400000095367432,1.2450000047683716,1.2400000095367432,1.2450000047683716,305.0
2025-06-26 11:44:00,WWR,,0.5917999744415283,0.5917999744415283,0.5874000191688538,0.5874000191688538,350.0
2025-06-26 11:44:00,WYY,,3.5,3.5,3.5,3.5,1049.0
2025-06-26 11:44:00,ZDGE,,4.059999942779541,4.059999942779541,4.026000022888184,4.026000022888184,400.0
2025-06-26 11:45:00,AREN,,5.599999904632568,5.599999904632568,5.579999923706055,5.579999923706055,1409.0
2025-06-26 11:45:00,ARMN,,6.855000019073486,6.855000019073486,6.855000019073486,6.855000019073486,136.0
2025-06-26 11:45:00,ASM,,3.5450000762939453,3.5499000549316406,3.5399999618530273,3.5408999919891357,18065.0
2025-06-26 11:45:00,BKTI,,55.224998474121094,55.224998474121094,55.224998474121094,55.224998474121094,135.0
2025-06-26 11:45:00,BRBS,,3.2850000858306885,3.2850000858306885,3.2850000858306885,3.2850000858306885,321.0
2025-06-26 11:45:00,BTG,,3.625,3.630000114440918,3.619999885559082,3.619999885559082,9941.0
2025-06-26 11:45:00,BURU,,0.3239000141620636,0.3239000141620636,0.3231000006198883,0.3239000141620636,2289.0
2025-06-26 11:45:00,CATX,,3.640000104904175,3.6500000953674316,3.640000104904175,3.6500000953674316,420.0
2025-06-26 11:45:00,CBOE,,227.2324981689453,227.26840209960938,227.07000732421875,227.14999389648438,1557.0
2025-06-26 11:45:00,CIK,,2.940000057220459,2.940000057220459,2.940000057220459,2.940000057220459,102.0
2025-06-26 11:45:00,CLDI,,0.21889999508857727,0.21889999508857727,0.21719999611377716,0.21719999611377716,1842.0
2025-06-26 11:45:00,CLM,,7.9475998878479,7.9475998878479,7.940000057220459,7.940100193023682,3159.0
2025-06-26 11:45:00,CQP,,55.720001220703125,55.720001220703125,55.650001525878906,55.650001525878906,300.0
2025-06-26 11:45:00,CRF,,7.559999942779541,7.565000057220459,7.559999942779541,7.565000057220459,544.0
2025-06-26 11:45:00,CTM,,1.034999966621399,1.034999966621399,1.034999966621399,1.034999966621399,2325.0
2025-06-26 11:45:00,CYBN,,8.579999923706055,8.619999885559082,8.579999923706055,8.609999656677246,3742.0
2025-06-26 11:45:00,DC,,3.809999942779541,3.809999942779541,3.805000066757202,3.805000066757202,941.0
2025-06-26 11:45:00,DHY,,2.1089999675750732,2.1089999675750732,2.1089999675750732,2.1089999675750732,2507.0
2025-06-26 11:45:00,DNN,,1.8200000524520874,1.8200000524520874,1.815000057220459,1.815000057220459,3353.0
2025-06-26 11:45:00,ELLO,,17.100000381469727,18.200000762939453,17.020000457763672,17.299999237060547,1021.0
2025-06-26 11:45:00,EMX,,2.549999952316284,2.555000066757202,2.549999952316284,2.555000066757202,3317.0
2025-06-26 11:45:00,EPM,,4.75,4.760000228881836,4.75,4.760000228881836,1390.0
2025-06-26 11:45:00,EQX,,5.920000076293945,5.920000076293945,5.909999847412109,5.909999847412109,10728.0
2025-06-26 11:45:00,EVM,,8.84000015258789,8.84000015258789,8.84000015258789,8.84000015258789,400.0
2025-06-26 11:45:00,EVV,,10.163900375366211,10.163900375366211,10.163900375366211,10.163900375366211,2068.0
2025-06-26 11:45:00,FOXO,,0.20010000467300415,0.20010000467300415,0.20000000298023224,0.20010000467300415,2230.0
2025-06-26 11:45:00,FTF,,6.389999866485596,6.389999866485596,6.389999866485596,6.389999866485596,197.0
2025-06-26 11:45:00,GNS,,0.8797990083694458,0.8798999786376953,0.8708000183105469,0.8753499984741211,29021.0
2025-06-26 11:45:00,GROY,,2.2690999507904053,2.2690999507904053,2.265000104904175,2.265000104904175,4000.0
2025-06-26 11:45:00,GTE,,5.050000190734863,5.050000190734863,5.050000190734863,5.050000190734863,310.0
2025-06-26 11:45:00,HUSA,,13.199999809265137,13.24899959564209,13.199999809265137,13.24899959564209,1101.0
2025-06-26 11:45:00,IBO,,0.9449999928474426,0.9449999928474426,0.9448999762535095,0.9449499845504761,8271.0
2025-06-26 11:45:00,IE,,9.925000190734863,9.925000190734863,9.925000190734863,9.925000190734863,221.0
2025-06-26 11:45:00,IMO,,81.05000305175781,81.05000305175781,81.05000305175781,81.05000305175781,157.0
2025-06-26 11:45:00,INDO,,3.130000114440918,3.130000114440918,3.130000114440918,3.130000114440918,1622.0
2025-06-26 11:45:00,ITRG,,1.5549999475479126,1.5566999912261963,1.5499999523162842,1.5499999523162842,2300.0
2025-06-26 11:45:00,KNW,,1.850000023841858,1.850000023841858,1.850000023841858,1.850000023841858,674.0
2025-06-26 11:45:00,KULR,,5.144999980926514,5.150000095367432,5.140100002288818,5.144999980926514,2171.0
2025-06-26 11:45:00,LCTX,,1.0199999809265137,1.0199999809265137,1.0199999809265137,1.0199999809265137,835.0
2025-06-26 11:45:00,LEU,,180.1800994873047,180.6999969482422,180.1800994873047,180.1800994873047,2203.0
2025-06-26 11:45:00,LMND,,41.810001373291016,41.810001373291016,41.75,41.75,4882.0
2025-06-26 11:45:00,LNG,,241.96499633789062,241.96499633789062,241.9600067138672,241.9600067138672,3270.0
2025-06-26 11:45:00,MAG,,21.299999237060547,21.309999465942383,21.295000076293945,21.309999465942383,1249.0
2025-06-26 11:45:00,MITQ,,0.6766999959945679,0.6990000009536743,0.6766999959945679,0.6990000009536743,6620.0
2025-06-26 11:45:00,MRT,,2.754199981689453,2.754199981689453,2.754199981689453,2.754199981689453,114.0
2025-06-26 11:45:00,MTA,,3.8299999237060547,3.8399999141693115,3.8299999237060547,3.8399999141693115,797.0
2025-06-26 11:45:00,MYO,,2.25,2.25,2.25,2.25,490.0
2025-06-26 11:45:00,NAK,,1.5549999475479126,1.5551999807357788,1.5535000562667847,1.5549999475479126,12170.0
2025-06-26 11:45:00,NBH,,9.82349967956543,9.829999923706055,9.82349967956543,9.829999923706055,5700.0
2025-06-26 11:45:00,NCL,,0.17820000648498535,0.17820000648498535,0.17599999904632568,0.17720000445842743,3320.0
2025-06-26 11:45:00,NG,,3.984999895095825,3.984999895095825,3.984999895095825,3.984999895095825,6026.0
2025-06-26 11:45:00,NGD,,4.894999980926514,4.894999980926514,4.889999866485596,4.889999866485596,5041.0
2025-06-26 11:45:00,NNVC,,1.1649999618530273,1.1680999994277954,1.1649999618530273,1.1680999994277954,203.0
2025-06-26 11:45:00,OGEN,,3.5299999713897705,3.5299999713897705,3.5299999713897705,3.5299999713897705,200.0
2025-06-26 11:45:00,OPTT,,0.5098999738693237,0.5098999738693237,0.5098000168800354,0.5098999738693237,3073.0
2025-06-26 11:45:00,ORLA,,10.005000114440918,10.0201997756958,10.005000114440918,10.0201997756958,7193.0
2025-06-26 11:45:00,OSTX,,1.8700000047683716,1.8700000047683716,1.8700000047683716,1.8700000047683716,1694.0
2025-06-26 11:45:00,PLG,,1.5850000381469727,1.5850000381469727,1.5850000381469727,1.5850000381469727,5200.0
2025-06-26 11:45:00,PLX,,1.4700000286102295,1.4700000286102295,1.4700000286102295,1.4700000286102295,200.0
2025-06-26 11:45:00,PRK,,165.25999450683594,165.25999450683594,165.25999450683594,165.25999450683594,305.0
2025-06-26 11:45:00,REI,,0.7803999781608582,0.7803999781608582,0.7803999781608582,0.7803999781608582,600.0
2025-06-26 11:45:00,SATX,,2.950000047683716,2.950000047683716,2.950000047683716,2.950000047683716,302.0
2025-06-26 11:45:00,SEB,,2957.0,2962.800048828125,2956.0,2958.909912109375,57.0
2025-06-26 11:45:00,SENS,,0.4936999976634979,0.4943000078201294,0.4934000074863434,0.4934999942779541,146338.0
2025-06-26 11:45:00,SGN,,1.0149999856948853,1.0149999856948853,1.0149999856948853,1.0149999856948853,1000.0
2025-06-26 11:45:00,SLI,,1.8990999460220337,1.8990999460220337,1.8955999612808228,1.8955999612808228,605.0
2025-06-26 11:45:00,SVM,,4.144999980926514,4.144999980926514,4.139999866485596,4.139999866485596,845.0
2025-06-26 11:45:00,SVT,,46.900001525878906,46.900001525878906,46.900001525878906,46.900001525878906,831.0
2025-06-26 11:45:00,TGB,,3.0901999473571777,3.0999999046325684,3.0799999237060547,3.0799999237060547,374504.0
2025-06-26 11:45:00,THM,,0.8973000049591064,0.8999999761581421,0.8973000049591064,0.8999999761581421,520.0
2025-06-26 11:45:00,TMQ,,1.4904999732971191,1.4904999732971191,1.4904999732971191,1.4904999732971191,158.0
2025-06-26 11:45:00,TRX,,0.335999995470047,0.335999995470047,0.335999995470047,0.335999995470047,125.0
2025-06-26 11:45:00,UAMY,,2.532599925994873,2.5350000858306885,2.5199999809265137,2.5199999809265137,8409.0
2025-06-26 11:45:00,UAVS,,1.0997999906539917,1.0997999906539917,1.0950000286102295,1.0950000286102295,234.0
2025-06-26 11:45:00,UEC,,6.929699897766113,6.929999828338623,6.920000076293945,6.925000190734863,3973.0
2025-06-26 11:45:00,URG,,1.0449999570846558,1.0499999523162842,1.0449999570846558,1.0449999570846558,1785.0
2025-06-26 11:45:00,USAS,,0.8274000287055969,0.8274000287055969,0.8274000287055969,0.8274000287055969,100.0
2025-06-26 11:45:00,UTG,,35.449100494384766,35.449100494384766,35.449100494384766,35.449100494384766,516.0
2025-06-26 11:45:00,UUUU,,5.794600009918213,5.800000190734863,5.789999961853027,5.795000076293945,4010.0
2025-06-26 11:45:00,VGZ,,1.0199999809265137,1.0199999809265137,1.0149999856948853,1.0149999856948853,3728.0
2025-06-26 11:45:00,VTAK,,0.2522999942302704,0.2522999942302704,0.2522999942302704,0.2522999942302704,150.0
2025-06-26 11:45:00,VZLA,,2.9646999835968018,2.9690001010894775,2.9646999835968018,2.9690001010894775,1059.0
2025-06-26 11:45:00,WYY,,3.4600000381469727,3.4649999141693115,3.4600000381469727,3.4649999141693115,935.0
2025-06-26 11:45:00,ZDGE,,4.059999942779541,4.059999942779541,4.026000022888184,4.026000022888184,1000.0
2025-06-26 11:46:00,AMBO,,2.5,2.5,2.5,2.5,500.0
2025-06-26 11:46:00,ARMN,,6.855000019073486,6.855000019073486,6.855000019073486,6.855000019073486,110.0
2025-06-26 11:46:00,ARMP,,1.940000057220459,1.940000057220459,1.940000057220459,1.940000057220459,319.0
2025-06-26 11:46:00,ASM,,3.54010009765625,3.549999952316284,3.54010009765625,3.549999952316284,5722.0
2025-06-26 11:46:00,ATNM,,1.5149999856948853,1.5149999856948853,1.5149999856948853,1.5149999856948853,136638.0
2025-06-26 11:46:00,AZTR,,0.25859999656677246,0.25859999656677246,0.25859999656677246,0.25859999656677246,200.0
2025-06-26 11:46:00,BRBS,,3.2850000858306885,3.2850000858306885,3.2850000858306885,3.2850000858306885,360.0
2025-06-26 11:46:00,BRN,,1.2000000476837158,1.2100000381469727,1.2000000476837158,1.2100000381469727,2254.0
2025-06-26 11:46:00,BTG,,3.625,3.630000114440918,3.619999885559082,3.625,20243.0
2025-06-26 11:46:00,BURU,,0.3234499990940094,0.32350000739097595,0.3234499990940094,0.32350000739097595,350.0
2025-06-26 11:46:00,CATX,,3.640000104904175,3.6500000953674316,3.640000104904175,3.6500000953674316,708.0
2025-06-26 11:46:00,CBOE,,227.14500427246094,227.14500427246094,227.14500427246094,227.14500427246094,1047.0
2025-06-26 11:46:00,CIK,,2.940000057220459,2.940000057220459,2.940000057220459,2.940000057220459,110.0
2025-06-26 11:46:00,CLDI,,0.22190000116825104,0.22190000116825104,0.21889999508857727,0.21889999508857727,8005.0
2025-06-26 11:46:00,CLM,,7.940000057220459,7.940000057220459,7.940000057220459,7.940000057220459,384.0
2025-06-26 11:46:00,CQP,,55.720001220703125,55.720001220703125,55.720001220703125,55.720001220703125,403.0
2025-06-26 11:46:00,CTM,,1.034999966621399,1.034999966621399,1.034999966621399,1.034999966621399,160.0
2025-06-26 11:46:00,CVM,,2.4600000381469727,2.4600000381469727,2.4600000381469727,2.4600000381469727,229.0
2025-06-26 11:46:00,CYBN,,8.59000015258789,8.59000015258789,8.579999923706055,8.579999923706055,628.0
2025-06-26 11:46:00,DNN,,1.8300000429153442,1.8300000429153442,1.809999942779541,1.8300000429153442,1847057.0
2025-06-26 11:46:00,ELA,,5.849999904632568,5.9375,5.849999904632568,5.849999904632568,439.0
2025-06-26 11:46:00,ELLO,,17.100000381469727,17.899999618530273,17.100000381469727,17.899999618530273,230.0
2025-06-26 11:46:00,ELMD,,21.34000015258789,21.34000015258789,21.34000015258789,21.34000015258789,131.0
2025-06-26 11:46:00,EQX,,5.920000076293945,5.920000076293945,5.909999847412109,5.920000076293945,12614.0
2025-06-26 11:46:00,EVM,,8.84000015258789,8.84000015258789,8.84000015258789,8.84000015258789,100.0
2025-06-26 11:46:00,FSP,,1.684999942779541,1.684999942779541,1.684999942779541,1.684999942779541,230.0
2025-06-26 11:46:00,FTF,,6.389999866485596,6.389999866485596,6.389999866485596,6.389999866485596,800.0
2025-06-26 11:46:00,GNS,,0.8889999985694885,0.8899999856948853,0.879610002040863,0.879800021648407,30643.0
2025-06-26 11:46:00,GROY,,2.2699999809265137,2.2699999809265137,2.265000104904175,2.265000104904175,242.0
2025-06-26 11:46:00,HUSA,,13.210000038146973,13.210000038146973,13.199999809265137,13.199999809265137,947.0
2025-06-26 11:46:00,IBO,,0.9698989987373352,0.9698989987373352,0.9421489834785461,0.9421489834785461,105426.0
2025-06-26 11:46:00,IDR,,13.130000114440918,13.130000114440918,13.130000114440918,13.130000114440918,187.0
2025-06-26 11:46:00,IE,,9.925000190734863,9.9399995803833,9.90999984741211,9.90999984741211,1624.0
2025-06-26 11:46:00,IGC,,0.3099989891052246,0.3099989891052246,0.3099989891052246,0.3099989891052246,500.0
2025-06-26 11:46:00,IMO,,81.09500122070312,81.09500122070312,81.08999633789062,81.08999633789062,1308.0
2025-06-26 11:46:00,INDO,,3.1301000118255615,3.134999990463257,3.1301000118255615,3.134999990463257,461.0
2025-06-26 11:46:00,INFU,,6.360000133514404,6.380000114440918,6.360000133514404,6.380000114440918,296.0
2025-06-26 11:46:00,ITRG,,1.5499999523162842,1.5499999523162842,1.5499999523162842,1.5499999523162842,1008.0
2025-06-26 11:46:00,KNW,,1.8600000143051147,1.8600000143051147,1.8600000143051147,1.8600000143051147,105.0
2025-06-26 11:46:00,KULR,,5.155200004577637,5.159999847412109,5.140100002288818,5.150000095367432,23324.0
2025-06-26 11:46:00,LCTX,,1.0199999809265137,1.024999976158142,1.0199999809265137,1.0199999809265137,5370.0
2025-06-26 11:46:00,LEU,,180.6999969482422,181.10000610351562,180.52999877929688,180.52999877929688,1775.0
2025-06-26 11:46:00,LMND,,41.724998474121094,41.79499816894531,41.720001220703125,41.7666015625,2698.0
2025-06-26 11:46:00,LNG,,241.97999572753906,241.97999572753906,241.97500610351562,241.97500610351562,378.0
2025-06-26 11:46:00,LODE,,3.75,3.75,3.75,3.75,212.0
2025-06-26 11:46:00,MAG,,21.299999237060547,21.299999237060547,21.290000915527344,21.290000915527344,659.0
2025-06-26 11:46:00,MTA,,3.838099956512451,3.838099956512451,3.838099956512451,3.838099956512451,309.0
2025-06-26 11:46:00,MTNB,,0.9301000237464905,0.9301000237464905,0.9301000237464905,0.9301000237464905,1000.0
2025-06-26 11:46:00,MYO,,2.2400999069213867,2.25,2.240000009536743,2.25,1041.0
2025-06-26 11:46:00,NAK,,1.5549999475479126,1.559999942779541,1.5500999689102173,1.5549999475479126,15950.0
2025-06-26 11:46:00,NBH,,9.828700065612793,9.828700065612793,9.8100004196167,9.819999694824219,25373.0
2025-06-26 11:46:00,NCL,,0.17810000479221344,0.17810000479221344,0.17810000479221344,0.17810000479221344,10000.0
2025-06-26 11:46:00,NG,,3.984999895095825,3.984999895095825,3.984999895095825,3.984999895095825,1057.0
2025-06-26 11:46:00,NGD,,4.894999980926514,4.899199962615967,4.889999866485596,4.894999980926514,11616.0
2025-06-26 11:46:00,NML,,8.84000015258789,8.84000015258789,8.829999923706055,8.829999923706055,551.0
2025-06-26 11:46:00,NNVC,,1.1706000566482544,1.1749999523162842,1.1706000566482544,1.1749999523162842,339.0
2025-06-26 11:46:00,NRO,,3.190000057220459,3.190000057220459,3.190000057220459,3.190000057220459,109.0
2025-06-26 11:46:00,OBE,,5.550000190734863,5.550000190734863,5.550000190734863,5.550000190734863,841.0
2025-06-26 11:46:00,OGEN,,3.490000009536743,3.490000009536743,3.490000009536743,3.490000009536743,105.0
2025-06-26 11:46:00,OPTT,,0.5098999738693237,0.5098999738693237,0.5098999738693237,0.5098999738693237,100.0
2025-06-26 11:46:00,ORLA,,9.989999771118164,10.005000114440918,9.979999542236328,10.005000114440918,4632.0
2025-06-26 11:46:00,OSTX,,1.8550000190734863,1.8650000095367432,1.8550000190734863,1.8650000095367432,1341.0
2025-06-26 11:46:00,PLG,,1.5857000350952148,1.5857000350952148,1.5850000381469727,1.5850000381469727,604.0
2025-06-26 11:46:00,PLX,,1.475000023841858,1.475000023841858,1.475000023841858,1.475000023841858,100.0
2025-06-26 11:46:00,RCG,,2.611599922180176,2.611599922180176,2.611599922180176,2.611599922180176,4816.0
2025-06-26 11:46:00,REI,,0.7800999879837036,0.7803999781608582,0.7800999879837036,0.7803999781608582,810.0
2025-06-26 11:46:00,SATX,,2.950000047683716,2.950000047683716,2.950000047683716,2.950000047683716,211.0
2025-06-26 11:46:00,SBEV,,3.0488998889923096,3.0488998889923096,3.0488998889923096,3.0488998889923096,1500.0
2025-06-26 11:46:00,SCCE,,19.350099563598633,19.350099563598633,19.350099563598633,19.350099563598633,671.0
2025-06-26 11:46:00,SEB,,2966.97998046875,2966.97998046875,2966.97998046875,2966.97998046875,2.0
2025-06-26 11:46:00,SENS,,0.49540001153945923,0.49540001153945923,0.4936999976634979,0.4936999976634979,124827.0
2025-06-26 11:46:00,SKYH,,9.529999732971191,9.550000190734863,9.529999732971191,9.550000190734863,1690.0
2025-06-26 11:46:00,SLI,,1.899999976158142,1.899999976158142,1.892300009727478,1.892300009727478,548.0
2025-06-26 11:46:00,SVM,,4.150000095367432,4.150000095367432,4.144999980926514,4.144999980926514,1690.0
2025-06-26 11:46:00,SVT,,46.959999084472656,46.959999084472656,46.91999816894531,46.91999816894531,2992.0
2025-06-26 11:46:00,TGB,,3.0950000286102295,3.0957999229431152,3.0950000286102295,3.0957999229431152,2600.0
2025-06-26 11:46:00,TRX,,0.33469998836517334,0.33469998836517334,0.33469998836517334,0.33469998836517334,100.0
2025-06-26 11:46:00,UAMY,,2.5450000762939453,2.5450000762939453,2.530100107192993,2.5399999618530273,9191.0
2025-06-26 11:46:00,UEC,,6.940100193023682,6.949999809265137,6.920000076293945,6.925000190734863,71472.0
2025-06-26 11:46:00,URG,,1.0449999570846558,1.0499999523162842,1.0449999570846558,1.0449999570846558,2628.0
2025-06-26 11:46:00,USAS,,0.8274000287055969,0.8274000287055969,0.8274000287055969,0.8274000287055969,109.0
2025-06-26 11:46:00,UTG,,35.42499923706055,35.42499923706055,35.42499923706055,35.42499923706055,123.0
2025-06-26 11:46:00,UUUU,,5.800000190734863,5.804999828338623,5.795000076293945,5.800000190734863,32223.0
2025-06-26 11:46:00,VKI,,8.210000038146973,8.210000038146973,8.210000038146973,8.210000038146973,750.0
2025-06-26 11:46:00,VZLA,,2.9649999141693115,2.9649999141693115,2.9649999141693115,2.9649999141693115,108.0
2025-06-26 11:46:00,WWR,,0.5950000286102295,0.5950000286102295,0.5949000120162964,0.5949000120162964,9300.0
2025-06-26 11:47:00,AEON,,0.7705000042915344,0.7705000042915344,0.7705000042915344,0.7705000042915344,321.0
2025-06-26 11:47:00,AMBO,,2.5,2.5,2.5,2.5,446.0
2025-06-26 11:47:00,ARMN,,6.855000019073486,6.855000019073486,6.855000019073486,6.855000019073486,340.0
2025-06-26 11:47:00,ASM,,3.5499000549316406,3.5499000549316406,3.5399999618530273,3.5499000549316406,20204.0
2025-06-26 11:47:00,ATNM,,1.51010000705719,1.51010000705719,1.51010000705719,1.51010000705719,462.0
2025-06-26 11:47:00,AWX,,2.4800000190734863,2.4800000190734863,2.4800000190734863,2.4800000190734863,207.0
2025-06-26 11:47:00,BGI,,0.8600000143051147,0.8711000084877014,0.8600000143051147,0.8711000084877014,2325.0
2025-06-26 11:47:00,BTG,,3.625,3.625,3.625,3.625,60630.0
2025-06-26 11:47:00,BURU,,0.323199987411499,0.32350000739097595,0.3230000138282776,0.32350000739097595,20616.0
2025-06-26 11:47:00,CATX,,3.640000104904175,3.6480000019073486,3.640000104904175,3.640000104904175,2026.0
2025-06-26 11:47:00,CBOE,,227.33749389648438,227.42999267578125,227.05999755859375,227.4199981689453,2282.0
2025-06-26 11:47:00,CLDI,,0.21940000355243683,0.21940000355243683,0.21940000355243683,0.21940000355243683,20065.0
2025-06-26 11:47:00,CLM,,7.940000057220459,7.945000171661377,7.940000057220459,7.945000171661377,3980.0
2025-06-26 11:47:00,CQP,,55.720001220703125,55.720001220703125,55.720001220703125,55.720001220703125,667.0
2025-06-26 11:47:00,CRF,,7.565000057220459,7.565000057220459,7.565000057220459,7.565000057220459,148.0
2025-06-26 11:47:00,CTM,,1.034999966621399,1.0399999618530273,1.034999966621399,1.0399999618530273,800.0
2025-06-26 11:47:00,CVM,,2.450000047683716,2.450000047683716,2.450000047683716,2.450000047683716,100.0
2025-06-26 11:47:00,DC,,3.809999942779541,3.809999942779541,3.805000066757202,3.8090999126434326,735.0
2025-06-26 11:47:00,DNN,,1.8200000524520874,1.8300000429153442,1.8200000524520874,1.8202999830245972,3096431.0
2025-06-26 11:47:00,EQX,,5.920000076293945,5.920000076293945,5.909999847412109,5.920000076293945,2694.0
2025-06-26 11:47:00,ERC,,9.390000343322754,9.392499923706055,9.390000343322754,9.390000343322754,1214.0
2025-06-26 11:47:00,ESP,,44.560001373291016,44.560001373291016,44.560001373291016,44.560001373291016,200.0
2025-06-26 11:47:00,FOXO,,0.20010000467300415,0.20010000467300415,0.20010000467300415,0.20010000467300415,619.0
2025-06-26 11:47:00,GAU,,1.309999942779541,1.309999942779541,1.309999942779541,1.309999942779541,40374.0
2025-06-26 11:47:00,GBR,,1.0600999593734741,1.0600999593734741,1.0600999593734741,1.0600999593734741,1428.0
2025-06-26 11:47:00,GENC,,14.180000305175781,14.180000305175781,14.180000305175781,14.180000305175781,248.0
2025-06-26 11:47:00,GLQ,,6.947700023651123,6.949999809265137,6.947700023651123,6.949999809265137,2219.0
2025-06-26 11:47:00,GNS,,0.8927000164985657,0.8927000164985657,0.8799999952316284,0.8888999819755554,9256.0
2025-06-26 11:47:00,GROY,,2.2750000953674316,2.2750000953674316,2.2646000385284424,2.2646000385284424,13834.0
2025-06-26 11:47:00,GSAT,,23.184999465942383,23.184999465942383,23.184999465942383,23.184999465942383,647.0
2025-06-26 11:47:00,GTE,,5.050000190734863,5.050000190734863,5.050000190734863,5.050000190734863,175.0
2025-06-26 11:47:00,HUSA,,13.229999542236328,13.229999542236328,13.21500015258789,13.21500015258789,373.0
2025-06-26 11:47:00,IBO,,0.9898999929428101,0.9900000095367432,0.9686999917030334,0.9688000082969666,34282.0
2025-06-26 11:47:00,IE,,9.925000190734863,9.925000190734863,9.925000190734863,9.925000190734863,407.0
2025-06-26 11:47:00,IGC,,0.3100000023841858,0.3100000023841858,0.3100000023841858,0.3100000023841858,12000.0
2025-06-26 11:47:00,IMO,,81.13999938964844,81.16000366210938,81.13999938964844,81.16000366210938,782.0
2025-06-26 11:47:00,ITRG,,1.5499999523162842,1.5549999475479126,1.5499999523162842,1.5549999475479126,600.0
2025-06-26 11:47:00,KNW,,1.8700000047683716,1.8700000047683716,1.8600000143051147,1.8690999746322632,1034.0
2025-06-26 11:47:00,KULR,,5.159900188446045,5.159999847412109,5.150000095367432,5.15500020980835,3489.0
2025-06-26 11:47:00,LCTX,,1.0199999809265137,1.0199999809265137,1.0199999809265137,1.0199999809265137,1971.0
2025-06-26 11:47:00,LEU,,182.0,182.0,182.0,182.0,5262.0
2025-06-26 11:47:00,LMND,,41.66080093383789,41.75,41.65999984741211,41.75,3738.0
2025-06-26 11:47:00,LNG,,241.97999572753906,242.11000061035156,241.97999572753906,242.0800018310547,1160.0
2025-06-26 11:47:00,LODE,,3.75,3.75,3.75,3.75,197.0
2025-06-26 11:47:00,MTA,,3.8313000202178955,3.8313000202178955,3.8310000896453857,3.8310000896453857,534.0
2025-06-26 11:47:00,MYO,,2.240999937057495,2.240999937057495,2.240999937057495,2.240999937057495,299.0
2025-06-26 11:47:00,NAK,,1.5549999475479126,1.559999942779541,1.5499999523162842,1.559999942779541,12862.0
2025-06-26 11:47:00,NBH,,9.800000190734863,9.819999694824219,9.800000190734863,9.819999694824219,52614.0
2025-06-26 11:47:00,NCL,,0.1777999997138977,0.1777999997138977,0.1777999997138977,0.1777999997138977,862.0
2025-06-26 11:47:00,NG,,4.014800071716309,4.019999980926514,3.989300012588501,3.989300012588501,36288.0
2025-06-26 11:47:00,NGD,,4.894999980926514,4.900000095367432,4.889999866485596,4.894999980926514,14949.0
2025-06-26 11:47:00,NHS,,7.489999771118164,7.489999771118164,7.489999771118164,7.489999771118164,800.0
2025-06-26 11:47:00,NNVC,,1.179900050163269,1.179900050163269,1.1749999523162842,1.1749999523162842,500.0
2025-06-26 11:47:00,NRXS,,2.5899999141693115,2.5899999141693115,2.5899999141693115,2.5899999141693115,124.0
2025-06-26 11:47:00,OBE,,5.554999828338623,5.554999828338623,5.550000190734863,5.550000190734863,378.0
2025-06-26 11:47:00,OPTT,,0.5099999904632568,0.5099999904632568,0.5098999738693237,0.5098999738693237,918.0
2025-06-26 11:47:00,ORLA,,9.989999771118164,9.989999771118164,9.989999771118164,9.989999771118164,565.0
2025-06-26 11:47:00,PHGE,,0.46000000834465027,0.46000000834465027,0.4560000002384186,0.4560000002384186,458.0
2025-06-26 11:47:00,PLX,,1.4700000286102295,1.472000002861023,1.4700000286102295,1.472000002861023,1313.0
2025-06-26 11:47:00,REI,,0.7800999879837036,0.7807000279426575,0.7800999879837036,0.7800999879837036,987.0
2025-06-26 11:47:00,SATX,,2.950000047683716,2.9549999237060547,2.950000047683716,2.9549999237060547,502.0
2025-06-26 11:47:00,SCCG,,19.100000381469727,19.100000381469727,19.100000381469727,19.100000381469727,0.0
2025-06-26 11:47:00,SENS,,0.4970000088214874,0.4970000088214874,0.49549999833106995,0.49549999833106995,154662.0
2025-06-26 11:47:00,SGN,,1.0104999542236328,1.0104999542236328,1.0104999542236328,1.0104999542236328,184.0
2025-06-26 11:47:00,SLI,,1.8949999809265137,1.8949999809265137,1.8949999809265137,1.8949999809265137,3006.0
2025-06-26 11:47:00,TGB,,3.0950000286102295,3.0950000286102295,3.090100049972534,3.0950000286102295,2996.0
2025-06-26 11:47:00,TPET,,1.2102999687194824,1.2102999687194824,1.2102999687194824,1.2102999687194824,412.0
2025-06-26 11:47:00,UEC,,6.949999809265137,6.949999809265137,6.940000057220459,6.945000171661377,11618.0
2025-06-26 11:47:00,URG,,1.0499999523162842,1.0499999523162842,1.0399999618530273,1.0449999570846558,2854.0
2025-06-26 11:47:00,USAS,,0.8260999917984009,0.8260999917984009,0.8260999917984009,0.8260999917984009,530.0
2025-06-26 11:47:00,UUUU,,5.808599948883057,5.809999942779541,5.800000190734863,5.804999828338623,36867.0
2025-06-26 11:47:00,VTAK,,0.2522990107536316,0.2522999942302704,0.25220000743865967,0.25220000743865967,9000.0
2025-06-26 11:47:00,VZLA,,2.9649999141693115,2.9700000286102295,2.9649999141693115,2.9649999141693115,1184.0
2025-06-26 11:47:00,WWR,,0.5950000286102295,0.5950000286102295,0.5949000120162964,0.5949000120162964,2011.0
2025-06-26 11:47:00,ZDGE,,4.021999835968018,4.021999835968018,4.01200008392334,4.01200008392334,500.0
2025-06-26 11:48:00,ARMN,,6.855000019073486,6.855000019073486,6.8520002365112305,6.855000019073486,2602.0
2025-06-26 11:48:00,ASM,,3.5452001094818115,3.5452001094818115,3.5452001094818115,3.5452001094818115,508.0
2025-06-26 11:48:00,ATNM,,1.5199999809265137,1.5199999809265137,1.5149999856948853,1.5149999856948853,600.0
2025-06-26 11:48:00,AZTR,,0.2574000060558319,0.2574000060558319,0.2574000060558319,0.2574000060558319,6187.0
2025-06-26 11:48:00,BGI,,0.8500999808311462,0.8500999808311462,0.8500999808311462,0.8500999808311462,561.0
2025-06-26 11:48:00,BRBS,,3.2850000858306885,3.2850000858306885,3.2850000858306885,3.2850000858306885,110.0
2025-06-26 11:48:00,BTG,,3.630000114440918,3.630000114440918,3.625,3.625,5740.0
2025-06-26 11:48:00,BURU,,0.3230000138282776,0.3230000138282776,0.3230000138282776,0.3230000138282776,2147.0
2025-06-26 11:48:00,CATX,,3.6449999809265137,3.6449999809265137,3.640000104904175,3.640000104904175,719.0
2025-06-26 11:48:00,CBOE,,227.3300018310547,227.3300018310547,227.3300018310547,227.3300018310547,488.0
2025-06-26 11:48:00,CEF,,30.315000534057617,30.325000762939453,30.315000534057617,30.325000762939453,1166.0
2025-06-26 11:48:00,CIK,,2.940000057220459,2.940000057220459,2.940000057220459,2.940000057220459,100.0
2025-06-26 11:48:00,CMCL,,19.045000076293945,19.045000076293945,19.045000076293945,19.045000076293945,101.0
2025-06-26 11:48:00,CQP,,55.66999816894531,55.720001220703125,55.66999816894531,55.720001220703125,264.0
2025-06-26 11:48:00,CTM,,1.0364999771118164,1.0364999771118164,1.034999966621399,1.034999966621399,1609.0
2025-06-26 11:48:00,CYBN,,8.609999656677246,8.609999656677246,8.609999656677246,8.609999656677246,197.0
2025-06-26 11:48:00,DNN,,1.8200000524520874,1.8300000429153442,1.809999942779541,1.820099949836731,2296760.0
2025-06-26 11:48:00,ELMD,,21.31999969482422,21.34000015258789,21.31999969482422,21.34000015258789,964.0
2025-06-26 11:48:00,EQX,,5.920000076293945,5.920000076293945,5.914999961853027,5.920000076293945,6321.0
2025-06-26 11:48:00,FSP,,1.690000057220459,1.690000057220459,1.690000057220459,1.690000057220459,177.0
2025-06-26 11:48:00,FTF,,6.385000228881836,6.385000228881836,6.385000228881836,6.385000228881836,263.0
2025-06-26 11:48:00,GAU,,1.309999942779541,1.309999942779541,1.309999942779541,1.309999942779541,355.0
2025-06-26 11:48:00,GLQ,,6.964399814605713,6.964399814605713,6.964399814605713,6.964399814605713,172.0
2025-06-26 11:48:00,GLV,,5.619999885559082,5.619999885559082,5.619999885559082,5.619999885559082,170.0
2025-06-26 11:48:00,GNS,,0.8880000114440918,0.8884999752044678,0.8701000213623047,0.8884999752044678,29426.0
2025-06-26 11:48:00,GORO,,0.5472999811172485,0.5472999811172485,0.5472999811172485,0.5472999811172485,148.0
2025-06-26 11:48:00,GROY,,2.265000104904175,2.2750000953674316,2.265000104904175,2.2750000953674316,23145.0
2025-06-26 11:48:00,GTE,,5.065000057220459,5.065000057220459,5.050000190734863,5.050000190734863,2750.0
2025-06-26 11:48:00,HUSA,,13.25,13.25,13.25,13.25,2158.0
2025-06-26 11:48:00,IBO,,0.9800999760627747,0.9900000095367432,0.9736999869346619,0.9857000112533569,21527.0
2025-06-26 11:48:00,IDR,,13.105600357055664,13.109999656677246,13.105600357055664,13.109999656677246,792.0
2025-06-26 11:48:00,IGC,,0.3100000023841858,0.3100000023841858,0.3100000023841858,0.3100000023841858,2719.0
2025-06-26 11:48:00,INDO,,3.134999990463257,3.134999990463257,3.134999990463257,3.134999990463257,135.0
2025-06-26 11:48:00,INFU,,6.385000228881836,6.385000228881836,6.380000114440918,6.380000114440918,1062.0
2025-06-26 11:48:00,INUV,,3.9398999214172363,3.9398999214172363,3.9398999214172363,3.9398999214172363,117.0
2025-06-26 11:48:00,ITRG,,1.551200032234192,1.551200032234192,1.551200032234192,1.551200032234192,102.0
2025-06-26 11:48:00,KNW,,1.8899999856948853,1.899999976158142,1.8849999904632568,1.899999976158142,26201.0
2025-06-26 11:48:00,KULR,,5.15500020980835,5.15500020980835,5.144999980926514,5.15500020980835,22900.0
2025-06-26 11:48:00,LCTX,,1.0199999809265137,1.0199999809265137,1.0199999809265137,1.0199999809265137,1312.0
2025-06-26 11:48:00,LEU,,181.6199951171875,182.0,181.27000427246094,182.0,2737.0
2025-06-26 11:48:00,LMND,,41.599998474121094,41.65999984741211,41.599998474121094,41.650001525878906,2906.0
2025-06-26 11:48:00,LNG,,241.98500061035156,241.98500061035156,241.88999938964844,241.98500061035156,1683.0
2025-06-26 11:48:00,MAG,,21.299999237060547,21.309999465942383,21.295000076293945,21.299999237060547,5634.0
2025-06-26 11:48:00,MRT,,2.752500057220459,2.752500057220459,2.752500057220459,2.752500057220459,245.0
2025-06-26 11:48:00,NAK,,1.5499999523162842,1.5599000453948975,1.5499999523162842,1.5599000453948975,4234.0
2025-06-26 11:48:00,NG,,4.019999980926514,4.019999980926514,4.019999980926514,4.019999980926514,107.0
2025-06-26 11:48:00,NGD,,4.889999866485596,4.899899959564209,4.889999866485596,4.899899959564209,1535.0
2025-06-26 11:48:00,NNVC,,1.1576000452041626,1.172700047492981,1.1576000452041626,1.1700999736785889,2297.0
2025-06-26 11:48:00,NRXS,,2.5799999237060547,2.5799999237060547,2.5799999237060547,2.5799999237060547,200.0
2025-06-26 11:48:00,OGEN,,3.490000009536743,3.4900999069213867,3.490000009536743,3.4900999069213867,676.0
2025-06-26 11:48:00,OSTX,,1.8600000143051147,1.8600000143051147,1.8600000143051147,1.8600000143051147,145.0
2025-06-26 11:48:00,PLAG,,0.8619999885559082,0.8619999885559082,0.8619999885559082,0.8619999885559082,2589.0
2025-06-26 11:48:00,PLG,,1.5850000381469727,1.5850000381469727,1.5850000381469727,1.5850000381469727,669.0
2025-06-26 11:48:00,PLX,,1.4700000286102295,1.4700000286102295,1.4700000286102295,1.4700000286102295,210.0
2025-06-26 11:48:00,REI,,0.7799999713897705,0.7813000082969666,0.7799999713897705,0.7807000279426575,3528.0
2025-06-26 11:48:00,SATX,,2.9549999237060547,2.9549999237060547,2.950000047683716,2.950000047683716,677.0
2025-06-26 11:48:00,SENS,,0.4970000088214874,0.4970000088214874,0.4968999922275543,0.4970000088214874,52608.0
2025-06-26 11:48:00,SKYH,,9.529999732971191,9.539999961853027,9.529999732971191,9.529999732971191,1135.0
2025-06-26 11:48:00,SLI,,1.8949999809265137,1.8949999809265137,1.8949999809265137,1.8949999809265137,4548.0
2025-06-26 11:48:00,SVM,,4.150000095367432,4.150000095367432,4.14139986038208,4.149899959564209,6952.0
2025-06-26 11:48:00,TGB,,3.0901999473571777,3.0999999046325684,3.0899999141693115,3.0950000286102295,70757.0
2025-06-26 11:48:00,THM,,0.8999999761581421,0.8999999761581421,0.8955000042915344,0.8955000042915344,2600.0
2025-06-26 11:48:00,TPET,,1.215000033378601,1.215000033378601,1.215000033378601,1.215000033378601,4011.0
2025-06-26 11:48:00,TRX,,0.33789899945259094,0.33789899945259094,0.33789899945259094,0.33789899945259094,23147.0
2025-06-26 11:48:00,UAMY,,2.5450000762939453,2.549999952316284,2.5450000762939453,2.5450000762939453,2297.0
2025-06-26 11:48:00,UAVS,,1.09660005569458,1.09660005569458,1.09660005569458,1.09660005569458,500.0
2025-06-26 11:48:00,UEC,,6.940000057220459,6.945000171661377,6.934999942779541,6.945000171661377,15089.0
2025-06-26 11:48:00,URG,,1.0449999570846558,1.0499999523162842,1.0399999618530273,1.0449999570846558,5540.0
2025-06-26 11:48:00,UUUU,,5.820000171661377,5.820000171661377,5.804999828338623,5.804999828338623,57460.0
2025-06-26 11:48:00,VGZ,,1.0299999713897705,1.0299999713897705,1.024999976158142,1.024999976158142,225.0
2025-06-26 11:48:00,VTAK,,0.25200000405311584,0.2522999942302704,0.2519490122795105,0.2519490122795105,15451.0
2025-06-26 11:48:00,VZLA,,2.9700000286102295,2.9700000286102295,2.9649999141693115,2.9649999141693115,6542.0
2025-06-26 11:48:00,XPL,,0.65829998254776,0.65829998254776,0.65829998254776,0.65829998254776,111.0
2025-06-26 11:48:00,ZDGE,,4.010000228881836,4.019999980926514,4.010000228881836,4.019999980926514,500.0
2025-06-26 11:49:00,ASM,,3.549999952316284,3.549999952316284,3.549999952316284,3.549999952316284,350.0
2025-06-26 11:49:00,ATNM,,1.51010000705719,1.51010000705719,1.51010000705719,1.51010000705719,3012.0
2025-06-26 11:49:00,AZTR,,0.2572000026702881,0.2572000026702881,0.25609999895095825,0.25609999895095825,3350.0
2025-06-26 11:49:00,BEEP,,4.058000087738037,4.058000087738037,4.058000087738037,4.058000087738037,2096.0
2025-06-26 11:49:00,BRBS,,3.2799999713897705,3.2850000858306885,3.2799999713897705,3.2850000858306885,211.0
2025-06-26 11:49:00,BTG,,3.6254000663757324,3.630000114440918,3.619999885559082,3.630000114440918,35613.0
2025-06-26 11:49:00,BURU,,0.32199999690055847,0.3230000138282776,0.32170000672340393,0.3230000138282776,7152.0
2025-06-26 11:49:00,CATX,,3.640000104904175,3.640000104904175,3.640000104904175,3.640000104904175,314.0
2025-06-26 11:49:00,CBOE,,227.25,227.25,227.25,227.25,1034.0
2025-06-26 11:49:00,CCEL,,5.400000095367432,5.400000095367432,5.400000095367432,5.400000095367432,534.0
2025-06-26 11:49:00,CET,,47.68000030517578,47.68000030517578,47.68000030517578,47.68000030517578,245.0
2025-06-26 11:49:00,CLDI,,0.22599999606609344,0.22759999334812164,0.22200000286102295,0.22200000286102295,2421.0
2025-06-26 11:49:00,CLM,,7.940000057220459,7.945000171661377,7.940000057220459,7.945000171661377,753.0
2025-06-26 11:49:00,CMT,,16.969999313354492,16.979999542236328,16.969999313354492,16.979999542236328,650.0
2025-06-26 11:49:00,CQP,,55.724998474121094,55.724998474121094,55.724998474121094,55.724998474121094,125.0
2025-06-26 11:49:00,CTM,,1.0300999879837036,1.0390000343322754,1.0300999879837036,1.034999966621399,929.0
2025-06-26 11:49:00,CVU,,3.128999948501587,3.128999948501587,3.128999948501587,3.128999948501587,351.0
2025-06-26 11:49:00,CYBN,,8.529999732971191,8.600000381469727,8.529999732971191,8.600000381469727,305.0
2025-06-26 11:49:00,DNN,,1.8200000524520874,1.8200000524520874,1.8100999593734741,1.8200000524520874,69935.0
2025-06-26 11:49:00,DSS,,0.9200000166893005,0.9200000166893005,0.9200000166893005,0.9200000166893005,100.0
2025-06-26 11:49:00,EMX,,2.555000066757202,2.555000066757202,2.549999952316284,2.549999952316284,3881.0
2025-06-26 11:49:00,EQX,,5.920000076293945,5.920000076293945,5.909999847412109,5.920000076293945,5793.0
2025-06-26 11:49:00,ERC,,9.380000114440918,9.380000114440918,9.380000114440918,9.380000114440918,203.0
2025-06-26 11:49:00,ESP,,44.98649978637695,44.98649978637695,44.98649978637695,44.98649978637695,332.0
2025-06-26 11:49:00,EVV,,10.15999984741211,10.15999984741211,10.15999984741211,10.15999984741211,3050.0
2025-06-26 11:49:00,FOXO,,0.20010000467300415,0.20010000467300415,0.20010000467300415,0.20010000467300415,2100.0
2025-06-26 11:49:00,GGN,,4.374599933624268,4.374599933624268,4.374599933624268,4.374599933624268,2000.0
2025-06-26 11:49:00,GLDG,,0.7452999949455261,0.7452999949455261,0.7452999949455261,0.7452999949455261,309.0
2025-06-26 11:49:00,GLO,,5.335000038146973,5.340000152587891,5.335000038146973,5.335000038146973,24480.0
2025-06-26 11:49:00,GNS,,0.8860999941825867,0.8878999948501587,0.8798999786376953,0.8877999782562256,12980.0
2025-06-26 11:49:00,GROY,,2.2750000953674316,2.2799999713897705,2.265000104904175,2.265199899673462,35629.0
2025-06-26 11:49:00,GTE,,5.068900108337402,5.068900108337402,5.068900108337402,5.068900108337402,101.0
2025-06-26 11:49:00,HUSA,,13.300000190734863,13.311300277709961,13.300000190734863,13.311300277709961,1297.0
2025-06-26 11:49:00,IBO,,0.9736999869346619,0.9800999760627747,0.9736999869346619,0.9800999760627747,15261.0
2025-06-26 11:49:00,IDR,,13.140000343322754,13.140000343322754,13.140000343322754,13.140000343322754,107.0
2025-06-26 11:49:00,IE,,9.920000076293945,9.920000076293945,9.88010025024414,9.88010025024414,3006.0
2025-06-26 11:49:00,INDO,,3.119999885559082,3.130000114440918,3.119999885559082,3.130000114440918,3403.0
2025-06-26 11:49:00,ITRG,,1.5499999523162842,1.5499999523162842,1.5499999523162842,1.5499999523162842,700.0
2025-06-26 11:49:00,KNW,,1.8849999904632568,1.8849999904632568,1.8849999904632568,1.8849999904632568,103.0
2025-06-26 11:49:00,KULR,,5.150100231170654,5.15500020980835,5.150000095367432,5.150000095367432,4744.0
2025-06-26 11:49:00,LCTX,,1.0099999904632568,1.0281000137329102,1.0099999904632568,1.0199999809265137,20809.0
2025-06-26 11:49:00,LEU,,181.0800018310547,181.6999969482422,180.9499969482422,181.6999969482422,2591.0
2025-06-26 11:49:00,LMND,,41.599998474121094,41.630001068115234,41.599998474121094,41.619998931884766,2074.0
2025-06-26 11:49:00,LNG,,242.10000610351562,242.10000610351562,241.98500061035156,241.98500061035156,1107.0
2025-06-26 11:49:00,MAG,,21.299999237060547,21.299999237060547,21.299999237060547,21.299999237060547,701.0
2025-06-26 11:49:00,MRT,,2.756200075149536,2.756200075149536,2.756200075149536,2.756200075149536,5000.0
2025-06-26 11:49:00,NAK,,1.554800033569336,1.5549999475479126,1.5499999523162842,1.5549999475479126,1393.0
2025-06-26 11:49:00,NBH,,9.800000190734863,9.8100004196167,9.800000190734863,9.800000190734863,3412.0
2025-06-26 11:49:00,NCL,,0.17599999904632568,0.17710000276565552,0.17599999904632568,0.17710000276565552,40169.0
2025-06-26 11:49:00,NG,,4.025000095367432,4.025000095367432,4.019999980926514,4.019999980926514,10034.0
2025-06-26 11:49:00,NGD,,4.896500110626221,4.896500110626221,4.894999980926514,4.894999980926514,3571.0
2025-06-26 11:49:00,NHS,,7.5,7.5,7.494999885559082,7.494999885559082,1000.0
2025-06-26 11:49:00,NML,,8.854999542236328,8.854999542236328,8.854999542236328,8.854999542236328,160.0
2025-06-26 11:49:00,NNVC,,1.1799999475479126,1.1799999475479126,1.1643999814987183,1.1675000190734863,4349.0
2025-06-26 11:49:00,NRXS,,2.5999999046325684,2.5999999046325684,2.5999999046325684,2.5999999046325684,1010.0
2025-06-26 11:49:00,ORLA,,9.994999885559082,10.0,9.989999771118164,10.0,2177.0
2025-06-26 11:49:00,OSTX,,1.8600000143051147,1.8600000143051147,1.8600000143051147,1.8600000143051147,531.0
2025-06-26 11:49:00,PED,,0.6703000068664551,0.6703000068664551,0.6703000068664551,0.6703000068664551,202.0
2025-06-26 11:49:00,PLX,,1.4700000286102295,1.4700000286102295,1.4700000286102295,1.4700000286102295,325.0
2025-06-26 11:49:00,PRK,,165.25,165.25,165.25,165.25,183.0
2025-06-26 11:49:00,REI,,0.7800999879837036,0.7800999879837036,0.7800999879837036,0.7800999879837036,2372.0
2025-06-26 11:49:00,SATX,,2.950000047683716,2.950000047683716,2.950000047683716,2.950000047683716,149.0
2025-06-26 11:49:00,SENS,,0.4968999922275543,0.4970000088214874,0.4968999922275543,0.4970000088214874,3585.0
2025-06-26 11:49:00,SLI,,1.8949999809265137,1.8949999809265137,1.8949999809265137,1.8949999809265137,296.0
2025-06-26 11:49:00,SVM,,4.144999980926514,4.144999980926514,4.144999980926514,4.144999980926514,483.0
2025-06-26 11:49:00,SVT,,46.900001525878906,46.900001525878906,46.900001525878906,46.900001525878906,3677.0
2025-06-26 11:49:00,TGB,,3.0950000286102295,3.0950000286102295,3.0899999141693115,3.0950000286102295,14755.0
2025-06-26 11:49:00,TOON,,0.7350000143051147,0.7350000143051147,0.7350000143051147,0.7350000143051147,330.0
2025-06-26 11:49:00,UAMY,,2.555000066757202,2.559999942779541,2.5450000762939453,2.5450000762939453,65254.0
2025-06-26 11:49:00,UEC,,6.93179988861084,6.940000057220459,6.929999828338623,6.940000057220459,14007.0
2025-06-26 11:49:00,URG,,1.0449999570846558,1.0499999523162842,1.0399999618530273,1.0449999570846558,3891.0
2025-06-26 11:49:00,UTG,,35.42499923706055,35.42499923706055,35.42499923706055,35.42499923706055,100.0
2025-06-26 11:49:00,UUUU,,5.804999828338623,5.820000171661377,5.800000190734863,5.820000171661377,49855.0
2025-06-26 11:49:00,VGZ,,1.020900011062622,1.0298999547958374,1.020900011062622,1.0298999547958374,32819.0
2025-06-26 11:49:00,VZLA,,2.9649999141693115,2.9700000286102295,2.9649999141693115,2.9700000286102295,471.0
2025-06-26 11:49:00,WRN,,1.2409000396728516,1.2409000396728516,1.2409000396728516,1.2409000396728516,3000.0
2025-06-26 11:49:00,ZDGE,,4.01200008392334,4.01200008392334,4.01200008392334,4.01200008392334,400.0
2025-06-26 11:50:00,AIRI,,3.3575730323791504,3.3575730323791504,3.3575730323791504,3.3575730323791504,305.0
2025-06-26 11:50:00,ARMN,,6.849999904632568,6.849999904632568,6.849999904632568,6.849999904632568,112.0
2025-06-26 11:50:00,ASM,,3.5450000762939453,3.5450000762939453,3.5450000762939453,3.5450000762939453,520.0
2025-06-26 11:50:00,AWX,,2.4800000190734863,2.4800000190734863,2.4800000190734863,2.4800000190734863,294.0
2025-06-26 11:50:00,BKTI,,55.060001373291016,55.060001373291016,54.89500045776367,54.89500045776367,200.0
2025-06-26 11:50:00,BRBS,,3.2850000858306885,3.2850000858306885,3.2850000858306885,3.2850000858306885,235.0
2025-06-26 11:50:00,BTG,,3.6296000480651855,3.6296000480651855,3.6266000270843506,3.6294000148773193,15261.0
2025-06-26 11:50:00,BURU,,0.32269999384880066,0.32269999384880066,0.32199999690055847,0.32199999690055847,1021.0
2025-06-26 11:50:00,CANF,,1.065000057220459,1.065000057220459,1.065000057220459,1.065000057220459,1000.0
2025-06-26 11:50:00,CATX,,3.634999990463257,3.640000104904175,3.630000114440918,3.640000104904175,2470.0
2025-06-26 11:50:00,CIK,,2.940000057220459,2.940000057220459,2.940000057220459,2.940000057220459,100.0
2025-06-26 11:50:00,CLDI,,0.22589999437332153,0.227400004863739,0.22589999437332153,0.227400004863739,4250.0
2025-06-26 11:50:00,CLM,,7.945000171661377,7.945000171661377,7.945000171661377,7.945000171661377,740.0
2025-06-26 11:50:00,CMCL,,19.026100158691406,19.026100158691406,19.026100158691406,19.026100158691406,706.0
2025-06-26 11:50:00,CQP,,55.724998474121094,55.7400016784668,55.724998474121094,55.724998474121094,703.0
2025-06-26 11:50:00,CRF,,7.565000057220459,7.565000057220459,7.565000057220459,7.565000057220459,2232.0
2025-06-26 11:50:00,CTM,,1.034999966621399,1.034999966621399,1.034999966621399,1.034999966621399,260.0
2025-06-26 11:50:00,CYBN,,8.569999694824219,8.569999694824219,8.569999694824219,8.569999694824219,1000.0
2025-06-26 11:50:00,DHY,,2.1098999977111816,2.1098999977111816,2.1098999977111816,2.1098999977111816,101.0
2025-06-26 11:50:00,DNN,,1.8151999711990356,1.8200000524520874,1.815000057220459,1.8200000524520874,33674.0
2025-06-26 11:50:00,EMX,,2.555000066757202,2.555000066757202,2.555000066757202,2.555000066757202,120.0
2025-06-26 11:50:00,EQX,,5.920000076293945,5.920000076293945,5.909999847412109,5.909999847412109,6715.0
2025-06-26 11:50:00,EVV,,10.166099548339844,10.166099548339844,10.166099548339844,10.166099548339844,2000.0
2025-06-26 11:50:00,FOXO,,0.20010000467300415,0.20010000467300415,0.20010000467300415,0.20010000467300415,100.0
2025-06-26 11:50:00,FTF,,6.385000228881836,6.385000228881836,6.385000228881836,6.385000228881836,375.0
2025-06-26 11:50:00,GAU,,1.315000057220459,1.315000057220459,1.315000057220459,1.315000057220459,1013.0
2025-06-26 11:50:00,GBR,,1.0700000524520874,1.0700000524520874,1.065000057220459,1.065000057220459,1300.0
2025-06-26 11:50:00,GNS,,0.8847990036010742,0.8848999738693237,0.8758999705314636,0.8830000162124634,19562.0
2025-06-26 11:50:00,GORO,,0.5439000129699707,0.5439000129699707,0.5439000129699707,0.5439000129699707,215.0
2025-06-26 11:50:00,GROY,,2.2750000953674316,2.2750000953674316,2.2750000953674316,2.2750000953674316,903.0
2025-06-26 11:50:00,GSAT,,23.184999465942383,23.184999465942383,23.184999465942383,23.184999465942383,110.0
2025-06-26 11:50:00,GTE,,5.065000057220459,5.065000057220459,5.065000057220459,5.065000057220459,140.0
2025-06-26 11:50:00,HUSA,,13.305000305175781,13.305000305175781,13.305000305175781,13.305000305175781,345.0
2025-06-26 11:50:00,IBO,,0.9739990234375,0.9800000190734863,0.9736999869346619,0.973800003528595,12160.0
2025-06-26 11:50:00,IDR,,13.119999885559082,13.119999885559082,13.109999656677246,13.109999656677246,2336.0
2025-06-26 11:50:00,IE,,9.920000076293945,9.920000076293945,9.920000076293945,9.920000076293945,286.0
2025-06-26 11:50:00,IMO,,81.20999908447266,81.20999908447266,81.20999908447266,81.20999908447266,317.0
2025-06-26 11:50:00,INDO,,3.1208999156951904,3.1208999156951904,3.1208999156951904,3.1208999156951904,279.0
2025-06-26 11:50:00,ITRG,,1.5499999523162842,1.5499999523162842,1.5499999523162842,1.5499999523162842,300.0
2025-06-26 11:50:00,KNW,,1.8767000436782837,1.899999976158142,1.875,1.899999976158142,967.0
2025-06-26 11:50:00,KULR,,5.15500020980835,5.157800197601318,5.15500020980835,5.15500020980835,1742.0
2025-06-26 11:50:00,LCTX,,1.0099999904632568,1.0190999507904053,1.0099999904632568,1.0099999904632568,5250.0
2025-06-26 11:50:00,LEU,,180.1999969482422,180.9949951171875,180.1999969482422,180.9949951171875,2047.0
2025-06-26 11:50:00,LMND,,41.60499954223633,41.619998931884766,41.56999969482422,41.584999084472656,3606.0
2025-06-26 11:50:00,LNG,,242.03500366210938,242.11000061035156,242.0,242.11000061035156,1801.0
2025-06-26 11:50:00,MAG,,21.309999465942383,21.309999465942383,21.30500030517578,21.309999465942383,908.0
2025-06-26 11:50:00,MITQ,,0.6848000288009644,0.6848000288009644,0.6848000288009644,0.6848000288009644,120.0
2025-06-26 11:50:00,MRT,,2.7558999061584473,2.7558999061584473,2.7558999061584473,2.7558999061584473,250.0
2025-06-26 11:50:00,MTA,,3.8399999141693115,3.8399999141693115,3.8392999172210693,3.8392999172210693,1773.0
2025-06-26 11:50:00,NAK,,1.5499999523162842,1.559999942779541,1.5499999523162842,1.5549999475479126,13928.0
2025-06-26 11:50:00,NBH,,9.8149995803833,9.819999694824219,9.8149995803833,9.819999694824219,2000.0
2025-06-26 11:50:00,NCL,,0.17599999904632568,0.17599999904632568,0.17599999904632568,0.17599999904632568,1001.0
2025-06-26 11:50:00,NG,,4.025000095367432,4.03000020980835,4.019999980926514,4.025000095367432,35419.0
2025-06-26 11:50:00,NGD,,4.889999866485596,4.900000095367432,4.889999866485596,4.889999866485596,22081.0
2025-06-26 11:50:00,NHC,,108.08499908447266,108.12000274658203,108.08499908447266,108.12000274658203,368.0
2025-06-26 11:50:00,NHS,,7.490699768066406,7.490699768066406,7.490699768066406,7.490699768066406,2020.0
2025-06-26 11:50:00,NML,,8.84000015258789,8.84000015258789,8.84000015258789,8.84000015258789,241.0
2025-06-26 11:50:00,NNVC,,1.190000057220459,1.190000057220459,1.1749999523162842,1.190000057220459,500.0
2025-06-26 11:50:00,NRXS,,2.5999999046325684,2.5999999046325684,2.569999933242798,2.569999933242798,2710.0
2025-06-26 11:50:00,OBE,,5.550000190734863,5.550000190734863,5.550000190734863,5.550000190734863,288.0
2025-06-26 11:50:00,OPTT,,0.5077000260353088,0.5098999738693237,0.5077000260353088,0.5098999738693237,4429.0
2025-06-26 11:50:00,ORLA,,9.994999885559082,9.994999885559082,9.994999885559082,9.994999885559082,608.0
2025-06-26 11:50:00,PLG,,1.5850000381469727,1.5850000381469727,1.5850000381469727,1.5850000381469727,110.0
2025-06-26 11:50:00,PLX,,1.475000023841858,1.4800000190734863,1.475000023841858,1.4800000190734863,1600.0
2025-06-26 11:50:00,REI,,0.7807000279426575,0.7813000082969666,0.7800999879837036,0.7800999879837036,6779.0
2025-06-26 11:50:00,SATX,,2.950000047683716,2.950000047683716,2.950000047683716,2.950000047683716,210.0
2025-06-26 11:50:00,SBEV,,3.0067999362945557,3.0067999362945557,3.0067999362945557,3.0067999362945557,100.0
2025-06-26 11:50:00,SENS,,0.4968999922275543,0.4970000088214874,0.4968999922275543,0.4970000088214874,10322.0
2025-06-26 11:50:00,SKYH,,9.510000228881836,9.53499984741211,9.510000228881836,9.53499984741211,4030.0
2025-06-26 11:50:00,STRW,,10.760000228881836,10.760000228881836,10.760000228881836,10.760000228881836,120.0
2025-06-26 11:50:00,SVM,,4.15500020980835,4.159999847412109,4.150000095367432,4.15500020980835,62013.0
2025-06-26 11:50:00,SVT,,46.900001525878906,46.900001525878906,46.900001525878906,46.900001525878906,219.0
2025-06-26 11:50:00,TGB,,3.0950000286102295,3.0950000286102295,3.0950000286102295,3.0950000286102295,1919.0
2025-06-26 11:50:00,TPET,,1.2000000476837158,1.2100000381469727,1.2000000476837158,1.2100000381469727,5777.0
2025-06-26 11:50:00,UAMY,,2.559999942779541,2.559999942779541,2.549999952316284,2.549999952316284,1324.0
2025-06-26 11:50:00,UAVS,,1.0902999639511108,1.0907000303268433,1.0901000499725342,1.0901000499725342,5350.0
2025-06-26 11:50:00,UEC,,6.9145002365112305,6.934999942779541,6.909999847412109,6.930099964141846,39199.0
2025-06-26 11:50:00,URG,,1.0449999570846558,1.0499999523162842,1.0399999618530273,1.0449999570846558,2927.0
2025-06-26 11:50:00,UTG,,35.430301666259766,35.45000076293945,35.430301666259766,35.439998626708984,1269.0
2025-06-26 11:50:00,UUUU,,5.804999828338623,5.809999942779541,5.800000190734863,5.804999828338623,24280.0
2025-06-26 11:50:00,VTAK,,0.25119999051094055,0.25200000405311584,0.25119999051094055,0.25200000405311584,7289.0
2025-06-26 11:50:00,VZLA,,2.9649999141693115,2.9649999141693115,2.9649999141693115,2.9649999141693115,1367.0
2025-06-26 11:50:00,WRN,,1.2450000047683716,1.2450000047683716,1.2446000576019287,1.2446000576019287,2661.0
2025-06-26 11:50:00,ZDGE,,4.010000228881836,4.010000228881836,4.010000228881836,4.010000228881836,506.0
2025-06-26 11:51:00,AIRI,,3.359999895095825,3.359999895095825,3.359999895095825,3.359999895095825,105.0
2025-06-26 11:51:00,ARMN,,6.855000019073486,6.860000133514404,6.855000019073486,6.855000019073486,1138.0
2025-06-26 11:51:00,ASM,,3.5450000762939453,3.549999952316284,3.5399999618530273,3.5499000549316406,12807.0
2025-06-26 11:51:00,ATNM,,1.517699956893921,1.517699956893921,1.517699956893921,1.517699956893921,200.0
2025-06-26 11:51:00,AUST,,1.3200000524520874,1.3200000524520874,1.3200000524520874,1.3200000524520874,965.0
2025-06-26 11:51:00,AZTR,,0.2574000060558319,0.2574000060558319,0.2558000087738037,0.2558000087738037,4753.0
2025-06-26 11:51:00,BKTI,,55.38999938964844,55.45650100708008,54.66999816894531,54.66999816894531,3497.0
2025-06-26 11:51:00,BRBS,,3.2850000858306885,3.2850000858306885,3.2850000858306885,3.2850000858306885,249.0
2025-06-26 11:51:00,BTG,,3.634999990463257,3.640000104904175,3.619999885559082,3.630000114440918,1419567.0
2025-06-26 11:51:00,BURU,,0.32280001044273376,0.32280001044273376,0.32280001044273376,0.32280001044273376,166.0
2025-06-26 11:51:00,CATX,,3.634999990463257,3.634999990463257,3.634999990463257,3.634999990463257,139.0
2025-06-26 11:51:00,CIK,,2.940000057220459,2.940000057220459,2.940000057220459,2.940000057220459,103.0
2025-06-26 11:51:00,CLM,,7.945000171661377,7.945000171661377,7.945000171661377,7.945000171661377,470.0
2025-06-26 11:51:00,CMCL,,19.059999465942383,19.059999465942383,19.059999465942383,19.059999465942383,557.0
2025-06-26 11:51:00,CQP,,55.68000030517578,55.724998474121094,55.68000030517578,55.724998474121094,300.0
2025-06-26 11:51:00,CTM,,1.034999966621399,1.0391000509262085,1.034999966621399,1.0391000509262085,1100.0
2025-06-26 11:51:00,CYBN,,8.569999694824219,8.569999694824219,8.569999694824219,8.569999694824219,132.0
2025-06-26 11:51:00,DC,,3.799999952316284,3.799999952316284,3.799999952316284,3.799999952316284,312.0
2025-06-26 11:51:00,DNN,,1.809999942779541,1.8200000524520874,1.809999942779541,1.815000057220459,46459.0
2025-06-26 11:51:00,DSS,,0.9300000071525574,0.9300000071525574,0.9300000071525574,0.9300000071525574,549.0
2025-06-26 11:51:00,ELMD,,21.415000915527344,21.415000915527344,21.34000015258789,21.34000015258789,1391.0
2025-06-26 11:51:00,EQX,,5.909999847412109,5.925000190734863,5.90500020980835,5.920000076293945,224413.0
2025-06-26 11:51:00,FOXO,,0.20010000467300415,0.20010000467300415,0.2000499963760376,0.2000499963760376,1040.0
2025-06-26 11:51:00,FSP,,1.684999942779541,1.684999942779541,1.684999942779541,1.684999942779541,100.0
2025-06-26 11:51:00,GNS,,0.8907999992370605,0.8914999961853027,0.8704000115394592,0.8848999738693237,29043.0
2025-06-26 11:51:00,GROY,,2.2750000953674316,2.2750000953674316,2.2720000743865967,2.2720000743865967,623.0
2025-06-26 11:51:00,GSAT,,23.209999084472656,23.209999084472656,23.200000762939453,23.200000762939453,1454.0
2025-06-26 11:51:00,HUSA,,13.305000305175781,13.305000305175781,13.305000305175781,13.305000305175781,103.0
2025-06-26 11:51:00,IBO,,0.9745000004768372,0.9800000190734863,0.9745000004768372,0.9745000004768372,3309.0
2025-06-26 11:51:00,IDR,,13.130000114440918,13.130000114440918,13.130000114440918,13.130000114440918,607.0
2025-06-26 11:51:00,IE,,9.925000190734863,9.930000305175781,9.910099983215332,9.910099983215332,2710.0
2025-06-26 11:51:00,IGC,,0.30799999833106995,0.30799999833106995,0.30799999833106995,0.30799999833106995,2241.0
2025-06-26 11:51:00,IMO,,81.20500183105469,81.20500183105469,81.20500183105469,81.20500183105469,737.0
2025-06-26 11:51:00,INDO,,3.119999885559082,3.1210999488830566,3.119999885559082,3.1210999488830566,1534.0
2025-06-26 11:51:00,ITRG,,1.5499999523162842,1.5549999475479126,1.5499999523162842,1.5549999475479126,652.0
2025-06-26 11:51:00,KNW,,1.875,1.875,1.875,1.875,336.0
2025-06-26 11:51:00,KULR,,5.15500020980835,5.15749979019165,5.150000095367432,5.150000095367432,2700.0
2025-06-26 11:51:00,LCTX,,1.0099999904632568,1.0149999856948853,1.0099999904632568,1.0149999856948853,411.0
2025-06-26 11:51:00,LEU,,179.75999450683594,180.5,179.75999450683594,180.01010131835938,2053.0
2025-06-26 11:51:00,LMND,,41.65999984741211,41.65999984741211,41.599998474121094,41.599998474121094,2883.0
2025-06-26 11:51:00,LNG,,241.89999389648438,242.00999450683594,241.88999938964844,242.00999450683594,2339.0
2025-06-26 11:51:00,LODE,,3.740000009536743,3.740000009536743,3.740000009536743,3.740000009536743,502.0
2025-06-26 11:51:00,MAG,,21.31999969482422,21.31999969482422,21.31999969482422,21.31999969482422,205.0
2025-06-26 11:51:00,MITQ,,0.6851000189781189,0.6851000189781189,0.6600000262260437,0.6765000224113464,13642.0
2025-06-26 11:51:00,MPTI,,40.7599983215332,40.7599983215332,40.7599983215332,40.7599983215332,1065.0
2025-06-26 11:51:00,MRT,,2.7360000610351562,2.7360000610351562,2.7360000610351562,2.7360000610351562,1026.0
2025-06-26 11:51:00,MYO,,2.240000009536743,2.249000072479248,2.240000009536743,2.249000072479248,260.0
2025-06-26 11:51:00,NAK,,1.5549999475479126,1.559499979019165,1.5499999523162842,1.5499999523162842,3000.0
2025-06-26 11:51:00,NG,,4.019999980926514,4.03000020980835,4.010000228881836,4.025000095367432,70353.0
2025-06-26 11:51:00,NGD,,4.894999980926514,4.900000095367432,4.889999866485596,4.894999980926514,73156.0
2025-06-26 11:51:00,OPTT,,0.5091999769210815,0.5091999769210815,0.5091999769210815,0.5091999769210815,200.0
2025-06-26 11:51:00,ORLA,,9.989999771118164,9.994999885559082,9.989999771118164,9.989999771118164,1101.0
2025-06-26 11:51:00,PLX,,1.475000023841858,1.475000023841858,1.4700000286102295,1.4700000286102295,236.0
2025-06-26 11:51:00,REI,,0.7800999879837036,0.7813000082969666,0.7800999879837036,0.7813000082969666,3354.0
2025-06-26 11:51:00,REPX,,26.719999313354492,26.719999313354492,26.719999313354492,26.719999313354492,1564.0
2025-06-26 11:51:00,SBEV,,2.997999906539917,2.997999906539917,2.997999906539917,2.997999906539917,201.0
2025-06-26 11:51:00,SEB,,2961.5,2961.5,2956.0,2956.18994140625,7.0
2025-06-26 11:51:00,SENS,,0.4968999922275543,0.4970000088214874,0.4968999922275543,0.4969500005245209,15910.0
2025-06-26 11:51:00,SGN,,1.000100016593933,1.0149999856948853,1.000100016593933,1.0103000402450562,13446.0
2025-06-26 11:51:00,SLI,,1.8949999809265137,1.8949999809265137,1.8949999809265137,1.8949999809265137,194.0
2025-06-26 11:51:00,SVM,,4.159999847412109,4.164999961853027,4.150000095367432,4.159999847412109,166364.0
2025-06-26 11:51:00,TGB,,3.0950000286102295,3.0999999046325684,3.0899999141693115,3.0950000286102295,15532.0
2025-06-26 11:51:00,TPET,,1.2000000476837158,1.2000000476837158,1.2000000476837158,1.2000000476837158,1266.0
2025-06-26 11:51:00,UAMY,,2.559999942779541,2.559999942779541,2.559999942779541,2.559999942779541,4281.0
2025-06-26 11:51:00,UAVS,,1.0964000225067139,1.0996999740600586,1.0964000225067139,1.0996999740600586,751.0
2025-06-26 11:51:00,UEC,,6.918700218200684,6.920000076293945,6.912499904632568,6.920000076293945,1279.0
2025-06-26 11:51:00,URG,,1.0449999570846558,1.0499999523162842,1.0399999618530273,1.0449999570846558,2650.0
2025-06-26 11:51:00,USAS,,0.8285999894142151,0.8285999894142151,0.8285999894142151,0.8285999894142151,603.0
2025-06-26 11:51:00,UTG,,35.42499923706055,35.42499923706055,35.42499923706055,35.42499923706055,100.0
2025-06-26 11:51:00,UUUU,,5.800000190734863,5.809999942779541,5.800000190734863,5.804900169372559,9578.0
2025-06-26 11:51:00,VGZ,,1.024999976158142,1.0299999713897705,1.024999976158142,1.0299999713897705,544.0
2025-06-26 11:51:00,VTAK,,0.25130000710487366,0.25130000710487366,0.25119999051094055,0.25119999051094055,709.0
2025-06-26 11:51:00,VZLA,,2.965399980545044,2.9700000286102295,2.9649999141693115,2.9700000286102295,16517.0
2025-06-26 11:52:00,AIRI,,3.375,3.375,3.375,3.375,1009.0
2025-06-26 11:52:00,ARMN,,6.855000019073486,6.855000019073486,6.855000019073486,6.855000019073486,1062.0
2025-06-26 11:52:00,ASM,,3.549999952316284,3.549999952316284,3.5480000972747803,3.5480000972747803,1502.0
2025-06-26 11:52:00,AZTR,,0.2572999894618988,0.2572999894618988,0.2572999894618988,0.2572999894618988,227.0
2025-06-26 11:52:00,BEEP,,4.058000087738037,4.058000087738037,4.058000087738037,4.058000087738037,1508.0
2025-06-26 11:52:00,BKTI,,55.56999969482422,55.56999969482422,55.56999969482422,55.56999969482422,294.0
2025-06-26 11:52:00,BTG,,3.6301000118255615,3.640000104904175,3.630000114440918,3.6301000118255615,56151.0
2025-06-26 11:52:00,BURU,,0.32280001044273376,0.32280001044273376,0.32120001316070557,0.32199999690055847,2482.0
2025-06-26 11:52:00,CANF,,1.0645999908447266,1.0645999908447266,1.0645999908447266,1.0645999908447266,500.0
2025-06-26 11:52:00,CATX,,3.634999990463257,3.634999990463257,3.619999885559082,3.634999990463257,1053.0
2025-06-26 11:52:00,CBOE,,227.46499633789062,227.46499633789062,227.42999267578125,227.46499633789062,1716.0
2025-06-26 11:52:00,CLDI,,0.22759999334812164,0.22759999334812164,0.22759999334812164,0.22759999334812164,500.0
2025-06-26 11:52:00,CLM,,7.942599773406982,7.942599773406982,7.942599773406982,7.942599773406982,347.0
2025-06-26 11:52:00,CMCL,,19.059999465942383,19.06999969482422,19.045000076293945,19.045000076293945,890.0
2025-06-26 11:52:00,COHN,,10.029999732971191,10.029999732971191,10.029999732971191,10.029999732971191,205.0
2025-06-26 11:52:00,CQP,,55.73500061035156,55.73500061035156,55.73500061035156,55.73500061035156,1188.0
2025-06-26 11:52:00,CTM,,1.0399999618530273,1.0399999618530273,1.034999966621399,1.034999966621399,1130.0
2025-06-26 11:52:00,DHY,,2.0999999046325684,2.0999999046325684,2.0999999046325684,2.0999999046325684,201.0
2025-06-26 11:52:00,DNN,,1.809999942779541,1.8200000524520874,1.809999942779541,1.8148000240325928,719264.0
2025-06-26 11:52:00,ELA,,5.840000152587891,5.840000152587891,5.840000152587891,5.840000152587891,531.0
2025-06-26 11:52:00,ELMD,,21.344999313354492,21.360000610351562,21.344999313354492,21.360000610351562,25183.0
2025-06-26 11:52:00,EQX,,5.909999847412109,5.914999961853027,5.909999847412109,5.909999847412109,7707.0
2025-06-26 11:52:00,EVV,,10.164999961853027,10.170000076293945,10.164999961853027,10.170000076293945,2300.0
2025-06-26 11:52:00,FTF,,6.385000228881836,6.385000228881836,6.385000228881836,6.385000228881836,254.0
2025-06-26 11:52:00,GNS,,0.8938000202178955,0.8989999890327454,0.8839010000228882,0.8907999992370605,64620.0
2025-06-26 11:52:00,GROY,,2.2750000953674316,2.2750000953674316,2.2701001167297363,2.2750000953674316,5220.0
2025-06-26 11:52:00,HUSA,,13.305000305175781,13.305000305175781,13.305000305175781,13.305000305175781,382.0
2025-06-26 11:52:00,IBO,,0.9786999821662903,0.9800000190734863,0.9624999761581421,0.9745000004768372,57479.0
2025-06-26 11:52:00,IE,,9.914999961853027,9.914999961853027,9.90999984741211,9.90999984741211,1348.0
2025-06-26 11:52:00,ITRG,,1.5549999475479126,1.5549999475479126,1.5499999523162842,1.5499999523162842,244.0
2025-06-26 11:52:00,KNW,,1.8849999904632568,1.8859000205993652,1.8849999904632568,1.8859000205993652,6175.0
2025-06-26 11:52:00,KULR,,5.15749979019165,5.15749979019165,5.150100231170654,5.150100231170654,1159.0
2025-06-26 11:52:00,LCTX,,1.0099999904632568,1.0149999856948853,1.0099999904632568,1.0099999904632568,7913.0
2025-06-26 11:52:00,LEU,,179.76499938964844,180.0,179.3300018310547,179.9499969482422,3130.0
2025-06-26 11:52:00,LMND,,41.720001220703125,41.720001220703125,41.689998626708984,41.689998626708984,1578.0
2025-06-26 11:52:00,LNG,,241.9250030517578,241.9250030517578,241.86000061035156,241.91000366210938,17702.0
2025-06-26 11:52:00,MAG,,21.315000534057617,21.315000534057617,21.315000534057617,21.315000534057617,207.0
2025-06-26 11:52:00,MAIA,,1.6606999635696411,1.6606999635696411,1.6606999635696411,1.6606999635696411,300.0
2025-06-26 11:52:00,NAK,,1.5499999523162842,1.559999942779541,1.5499999523162842,1.5549999475479126,14181.0
2025-06-26 11:52:00,NBH,,9.8100004196167,9.8100004196167,9.8100004196167,9.8100004196167,200.0
2025-06-26 11:52:00,NCL,,0.17810000479221344,0.17810000479221344,0.17810000479221344,0.17810000479221344,178.0
2025-06-26 11:52:00,NFGC,,1.465000033378601,1.4700000286102295,1.465000033378601,1.4700000286102295,16390.0
2025-06-26 11:52:00,NG,,4.025000095367432,4.025000095367432,4.010000228881836,4.010000228881836,20092.0
2025-06-26 11:52:00,NGD,,4.894999980926514,4.894999980926514,4.889999866485596,4.889999866485596,7046.0
2025-06-26 11:52:00,NHS,,7.49459981918335,7.49459981918335,7.49459981918335,7.49459981918335,500.0
2025-06-26 11:52:00,NNVC,,1.1749000549316406,1.1899000406265259,1.1699999570846558,1.1899000406265259,7700.0
2025-06-26 11:52:00,NRO,,3.194999933242798,3.194999933242798,3.194999933242798,3.194999933242798,786.0
2025-06-26 11:52:00,NRXS,,2.559999942779541,2.559999942779541,2.559999942779541,2.559999942779541,183.0
2025-06-26 11:52:00,OPTT,,0.5091999769210815,0.5091999769210815,0.5091999769210815,0.5091999769210815,2000.0
2025-06-26 11:52:00,ORLA,,9.975000381469727,9.979999542236328,9.975000381469727,9.979999542236328,835.0
2025-06-26 11:52:00,PLG,,1.5850000381469727,1.5850000381469727,1.5850000381469727,1.5850000381469727,100.0
2025-06-26 11:52:00,PLX,,1.4700000286102295,1.4700000286102295,1.4700000286102295,1.4700000286102295,114.0
2025-06-26 11:52:00,REI,,0.7802000045776367,0.7813000082969666,0.7800999879837036,0.7800999879837036,7195.0
2025-06-26 11:52:00,SATX,,2.950000047683716,2.950000047683716,2.950000047683716,2.950000047683716,306.0
2025-06-26 11:52:00,SENS,,0.4968999922275543,0.4970000088214874,0.4968999922275543,0.4968999922275543,13073.0
2025-06-26 11:52:00,STRW,,10.729999542236328,10.729999542236328,10.729999542236328,10.729999542236328,134.0
2025-06-26 11:52:00,SVM,,4.150000095367432,4.159999847412109,4.150000095367432,4.159999847412109,4509.0
2025-06-26 11:52:00,TGB,,3.0950000286102295,3.0999999046325684,3.0950000286102295,3.0950000286102295,7390.0
2025-06-26 11:52:00,THM,,0.9086499810218811,0.9086499810218811,0.9086499810218811,0.9086499810218811,201.0
2025-06-26 11:52:00,TPET,,1.2100000381469727,1.2100000381469727,1.2030999660491943,1.2030999660491943,6592.0
2025-06-26 11:52:00,UAMY,,2.559999942779541,2.565500020980835,2.549999952316284,2.559999942779541,20473.0
2025-06-26 11:52:00,UAVS,,1.0997999906539917,1.0997999906539917,1.0997999906539917,1.0997999906539917,500.0
2025-06-26 11:52:00,UEC,,6.91480016708374,6.914999961853027,6.909999847412109,6.914999961853027,10371.0
2025-06-26 11:52:00,URG,,1.0449999570846558,1.0499999523162842,1.0399999618530273,1.0399999618530273,5761.0
2025-06-26 11:52:00,USAS,,0.8197500109672546,0.8260999917984009,0.8188999891281128,0.8260999917984009,17993.0
2025-06-26 11:52:00,UTG,,35.42499923706055,35.42499923706055,35.42499923706055,35.42499923706055,710.0
2025-06-26 11:52:00,UUUU,,5.795000076293945,5.805099964141846,5.789999961853027,5.805099964141846,55685.0
2025-06-26 11:52:00,VZLA,,2.9649999141693115,2.9700000286102295,2.9649999141693115,2.9700000286102295,15356.0
2025-06-26 11:52:00,WRN,,1.2450000047683716,1.25,1.2450000047683716,1.25,3100.0
2025-06-26 11:52:00,ZDGE,,4.010000228881836,4.010000228881836,4.010000228881836,4.010000228881836,510.0
2025-06-26 11:53:00,AEON,,0.7771999835968018,0.7771999835968018,0.7771999835968018,0.7771999835968018,294.0
2025-06-26 11:53:00,AIRI,,3.3499999046325684,3.375,3.3499999046325684,3.375,298.0
2025-06-26 11:53:00,AREN,,5.570000171661377,5.570000171661377,5.570000171661377,5.570000171661377,205.0
2025-06-26 11:53:00,ASM,,3.549999952316284,3.549999952316284,3.544600009918213,3.544600009918213,769.0
2025-06-26 11:53:00,ATNM,,1.51010000705719,1.51010000705719,1.51010000705719,1.51010000705719,105.0
2025-06-26 11:53:00,BATL,,1.5,1.5,1.5,1.5,347.0
2025-06-26 11:53:00,BRBS,,3.2850000858306885,3.2850000858306885,3.2850000858306885,3.2850000858306885,215.0
2025-06-26 11:53:00,BRN,,1.2300000190734863,1.2300000190734863,1.2300000190734863,1.2300000190734863,100.0
2025-06-26 11:53:00,BTG,,3.634999990463257,3.640000104904175,3.6347999572753906,3.634999990463257,20062.0
2025-06-26 11:53:00,BURU,,0.32269999384880066,0.3227739930152893,0.321399986743927,0.3227739930152893,3295.0
2025-06-26 11:53:00,CATX,,3.634999990463257,3.634999990463257,3.630000114440918,3.634999990463257,906.0
2025-06-26 11:53:00,CIK,,2.940000057220459,2.940000057220459,2.940000057220459,2.940000057220459,100.0
2025-06-26 11:53:00,CLDI,,0.22300000488758087,0.22920000553131104,0.22300000488758087,0.22920000553131104,15329.0
2025-06-26 11:53:00,CLM,,7.945000171661377,7.945000171661377,7.945000171661377,7.945000171661377,2643.0
2025-06-26 11:53:00,CMCL,,19.09950065612793,19.09950065612793,19.09950065612793,19.09950065612793,1420.0
2025-06-26 11:53:00,CQP,,55.869998931884766,55.900001525878906,55.73749923706055,55.79999923706055,882.0
2025-06-26 11:53:00,CTM,,1.034999966621399,1.034999966621399,1.034999966621399,1.034999966621399,200.0
2025-06-26 11:53:00,CVM,,2.4514000415802,2.4514000415802,2.4514000415802,2.4514000415802,100.0
2025-06-26 11:53:00,CYBN,,8.539999961853027,8.569999694824219,8.5,8.569999694824219,11336.0
2025-06-26 11:53:00,DHY,,2.1098999977111816,2.1098999977111816,2.1098999977111816,2.1098999977111816,132.0
2025-06-26 11:53:00,DNN,,1.8101999759674072,1.8200000524520874,1.809999942779541,1.815000057220459,126009.0
2025-06-26 11:53:00,ELMD,,21.300100326538086,21.34000015258789,21.300100326538086,21.34000015258789,526.0
2025-06-26 11:53:00,EP,,5.260000228881836,5.260000228881836,5.260000228881836,5.260000228881836,278.0
2025-06-26 11:53:00,EQX,,5.909999847412109,5.914999961853027,5.900000095367432,5.909999847412109,76284.0
2025-06-26 11:53:00,ESP,,45.233001708984375,45.233001708984375,45.233001708984375,45.233001708984375,424.0
2025-06-26 11:53:00,EVM,,8.84000015258789,8.84000015258789,8.84000015258789,8.84000015258789,195.0
2025-06-26 11:53:00,FOXO,,0.20010000467300415,0.20010000467300415,0.20010000467300415,0.20010000467300415,339.0
2025-06-26 11:53:00,FSP,,1.684999942779541,1.684999942779541,1.684999942779541,1.684999942779541,108.0
2025-06-26 11:53:00,GBR,,1.0700000524520874,1.0700000524520874,1.0700000524520874,1.0700000524520874,406.0
2025-06-26 11:53:00,GLQ,,6.953800201416016,6.953800201416016,6.953800201416016,6.953800201416016,107.0
2025-06-26 11:53:00,GNS,,0.8988010287284851,0.8988999724388123,0.890500009059906,0.8938000202178955,63973.0
2025-06-26 11:53:00,GORO,,0.5473999977111816,0.5473999977111816,0.5473999977111816,0.5473999977111816,194.0
2025-06-26 11:53:00,GROY,,2.2750000953674316,2.2750000953674316,2.2699999809265137,2.2750000953674316,5361.0
2025-06-26 11:53:00,GSAT,,23.209999084472656,23.219999313354492,23.200000762939453,23.219999313354492,935.0
2025-06-26 11:53:00,GTE,,5.059999942779541,5.059999942779541,5.059999942779541,5.059999942779541,404.0
2025-06-26 11:53:00,IBO,,0.9686499834060669,0.9786999821662903,0.9686499834060669,0.9786999821662903,3894.0
2025-06-26 11:53:00,IDR,,13.119999885559082,13.119999885559082,13.119999885559082,13.119999885559082,228.0
2025-06-26 11:53:00,IE,,9.914999961853027,9.914999961853027,9.914999961853027,9.914999961853027,420.0
2025-06-26 11:53:00,INDO,,3.1201000213623047,3.1201000213623047,3.1201000213623047,3.1201000213623047,201.0
2025-06-26 11:53:00,INUV,,3.9000000953674316,3.9000000953674316,3.9000000953674316,3.9000000953674316,100.0
2025-06-26 11:53:00,ITRG,,1.5499999523162842,1.5499999523162842,1.5499999523162842,1.5499999523162842,600.0
2025-06-26 11:53:00,KNW,,1.8799999952316284,1.8799999952316284,1.8799999952316284,1.8799999952316284,2045.0
2025-06-26 11:53:00,KULR,,5.15749979019165,5.15749979019165,5.150000095367432,5.15500020980835,1504.0
2025-06-26 11:53:00,LCTX,,1.0099999904632568,1.0199999809265137,1.0099999904632568,1.0099999904632568,2253.0
2025-06-26 11:53:00,LEU,,180.14500427246094,180.14500427246094,180.14500427246094,180.14500427246094,1389.0
2025-06-26 11:53:00,LMND,,41.7599983215332,41.790000915527344,41.75,41.75,1250.0
2025-06-26 11:53:00,LNG,,241.94200134277344,241.94200134277344,241.94200134277344,241.94200134277344,490.0
2025-06-26 11:53:00,MAG,,21.316499710083008,21.316499710083008,21.309999465942383,21.316499710083008,1178.0
2025-06-26 11:53:00,MYND,,0.8900009989738464,0.8900009989738464,0.8900009989738464,0.8900009989738464,219.0
2025-06-26 11:53:00,MYO,,2.25,2.25,2.25,2.25,2309.0
2025-06-26 11:53:00,NAK,,1.5578999519348145,1.5578999519348145,1.5578999519348145,1.5578999519348145,521.0
2025-06-26 11:53:00,NCL,,0.17719900608062744,0.17719900608062744,0.17719900608062744,0.17719900608062744,100.0
2025-06-26 11:53:00,NFGC,,1.465000033378601,1.465000033378601,1.465000033378601,1.465000033378601,300.0
2025-06-26 11:53:00,NG,,4.025000095367432,4.025000095367432,4.019999980926514,4.019999980926514,4682.0
2025-06-26 11:53:00,NGD,,4.890699863433838,4.895299911499023,4.889999866485596,4.894999980926514,50015.0
2025-06-26 11:53:00,NNVC,,1.1749999523162842,1.1749999523162842,1.1749999523162842,1.1749999523162842,100.0
2025-06-26 11:53:00,OBE,,5.550000190734863,5.550000190734863,5.550000190734863,5.550000190734863,249.0
2025-06-26 11:53:00,OGEN,,3.490000009536743,3.490000009536743,3.490000009536743,3.490000009536743,138.0
2025-06-26 11:53:00,OPTT,,0.5083000063896179,0.5092999935150146,0.5077000260353088,0.5077000260353088,1836.0
2025-06-26 11:53:00,ORLA,,9.979999542236328,9.979999542236328,9.979999542236328,9.979999542236328,2146.0
2025-06-26 11:53:00,OSTX,,1.8401000499725342,1.8401000499725342,1.8401000499725342,1.8401000499725342,400.0
2025-06-26 11:53:00,PLMR,,151.27499389648438,151.3000030517578,151.13999938964844,151.13999938964844,5350.0
2025-06-26 11:53:00,PRK,,165.25,165.25,165.25,165.25,1178.0
2025-06-26 11:53:00,REI,,0.7800999879837036,0.7813000082969666,0.7800999879837036,0.7813000082969666,11717.0
2025-06-26 11:53:00,SACH,,1.090000033378601,1.090000033378601,1.090000033378601,1.090000033378601,2232.0
2025-06-26 11:53:00,SBEV,,3.1989998817443848,3.1989998817443848,3.009999990463257,3.009999990463257,5069.0
2025-06-26 11:53:00,SEB,,2956.0,2956.18994140625,2954.969970703125,2956.18994140625,47.0
2025-06-26 11:53:00,SENS,,0.4968999922275543,0.4970000088214874,0.4968999922275543,0.4968999922275543,20679.0
2025-06-26 11:53:00,SLI,,1.8949999809265137,1.8990999460220337,1.8949999809265137,1.8949999809265137,1345.0
2025-06-26 11:53:00,STXS,,2.234800100326538,2.234800100326538,2.234800100326538,2.234800100326538,628.0
2025-06-26 11:53:00,SVM,,4.156000137329102,4.159900188446045,4.150000095367432,4.154699802398682,29436.0
2025-06-26 11:53:00,SVT,,46.900001525878906,46.900001525878906,46.900001525878906,46.900001525878906,201.0
2025-06-26 11:53:00,TGB,,3.0933001041412354,3.099900007247925,3.0899999141693115,3.099900007247925,11068.0
2025-06-26 11:53:00,TPET,,1.2098000049591064,1.2098000049591064,1.2098000049591064,1.2098000049591064,3526.0
2025-06-26 11:53:00,TRX,,0.33390799164772034,0.33390799164772034,0.33390799164772034,0.33390799164772034,315.0
2025-06-26 11:53:00,UAMY,,2.5601000785827637,2.5625,2.5601000785827637,2.5625,770.0
2025-06-26 11:53:00,UAVS,,1.0954999923706055,1.0988999605178833,1.0954999923706055,1.0988999605178833,701.0
2025-06-26 11:53:00,UEC,,6.914999961853027,6.920000076293945,6.909999847412109,6.914999961853027,9103.0
2025-06-26 11:53:00,URG,,1.0399999618530273,1.0499999523162842,1.0399999618530273,1.0449999570846558,3820.0
2025-06-26 11:53:00,USAS,,0.8134999871253967,0.8259999752044678,0.8134999871253967,0.8251000046730042,20127.0
2025-06-26 11:53:00,UTG,,35.42499923706055,35.42499923706055,35.42499923706055,35.42499923706055,100.0
2025-06-26 11:53:00,VGZ,,1.0210000276565552,1.0299999713897705,1.0210000276565552,1.0299999713897705,2976.0
2025-06-26 11:53:00,VKI,,8.199999809265137,8.199999809265137,8.199999809265137,8.199999809265137,130.0
2025-06-26 11:53:00,VZLA,,2.9700000286102295,2.9700000286102295,2.9693000316619873,2.9700000286102295,2034.0
2025-06-26 11:53:00,ZDGE,,4.010000228881836,4.065000057220459,4.010000228881836,4.065000057220459,701.0
2025-06-26 11:54:00,ARMN,,6.849999904632568,6.849999904632568,6.849999904632568,6.849999904632568,104.0
2025-06-26 11:54:00,ASM,,3.5399999618530273,3.5450000762939453,3.5399999618530273,3.5450000762939453,3404.0
2025-06-26 11:54:00,ATNM,,1.5149999856948853,1.5149999856948853,1.5149999856948853,1.5149999856948853,125.0
2025-06-26 11:54:00,BRBS,,3.2899999618530273,3.2899999618530273,3.2899999618530273,3.2899999618530273,219.0
2025-06-26 11:54:00,BTG,,3.6338000297546387,3.640000104904175,3.6301000118255615,3.634999990463257,15018.0
2025-06-26 11:54:00,BURU,,0.32019999623298645,0.32269999384880066,0.32010000944137573,0.32269999384880066,1881.0
2025-06-26 11:54:00,CATX,,3.634999990463257,3.634999990463257,3.634999990463257,3.634999990463257,1066.0
2025-06-26 11:54:00,CBOE,,227.74000549316406,227.8000030517578,227.61000061035156,227.61000061035156,1367.0
2025-06-26 11:54:00,CIK,,2.934999942779541,2.934999942779541,2.934999942779541,2.934999942779541,100.0
2025-06-26 11:54:00,CLDI,,0.22259999811649323,0.2290000021457672,0.22259999811649323,0.2290000021457672,990.0
2025-06-26 11:54:00,CLM,,7.940000057220459,7.945000171661377,7.940000057220459,7.940000057220459,1461.0
2025-06-26 11:54:00,CQP,,55.880001068115234,55.880001068115234,55.810001373291016,55.810001373291016,400.0
2025-06-26 11:54:00,CRF,,7.559999942779541,7.559999942779541,7.559999942779541,7.559999942779541,427.0
2025-06-26 11:54:00,CTM,,1.034999966621399,1.0399999618530273,1.0299999713897705,1.0299999713897705,825.0
2025-06-26 11:54:00,CVM,,2.450000047683716,2.450000047683716,2.450000047683716,2.450000047683716,517.0
2025-06-26 11:54:00,DNN,,1.8102999925613403,1.8200000524520874,1.809999942779541,1.8101999759674072,412611.0
2025-06-26 11:54:00,EQX,,5.90500020980835,5.90500020980835,5.90500020980835,5.90500020980835,7415.0
2025-06-26 11:54:00,EVM,,8.84000015258789,8.84000015258789,8.84000015258789,8.84000015258789,566.0
2025-06-26 11:54:00,FTF,,6.385000228881836,6.385000228881836,6.385000228881836,6.385000228881836,155.0
2025-06-26 11:54:00,GAU,,1.309999942779541,1.3112000226974487,1.309999942779541,1.3112000226974487,600.0
2025-06-26 11:54:00,GGN,,4.379899978637695,4.379899978637695,4.379899978637695,4.379899978637695,388.0
2025-06-26 11:54:00,GNS,,0.8938000202178955,0.8999999761581421,0.8906000256538391,0.8988000154495239,61093.0
2025-06-26 11:54:00,GROY,,2.2750000953674316,2.2799999713897705,2.2699999809265137,2.2750000953674316,6418.0
2025-06-26 11:54:00,GSAT,,23.19499969482422,23.19499969482422,23.19499969482422,23.19499969482422,382.0
2025-06-26 11:54:00,HUSA,,13.399999618530273,13.399999618530273,13.272700309753418,13.272700309753418,1150.0
2025-06-26 11:54:00,IBO,,0.9678000211715698,0.9692000150680542,0.9599999785423279,0.9692000150680542,3034.0
2025-06-26 11:54:00,IDR,,13.110099792480469,13.119999885559082,13.100000381469727,13.119999885559082,6231.0
2025-06-26 11:54:00,IE,,9.900099754333496,9.900099754333496,9.900099754333496,9.900099754333496,2881.0
2025-06-26 11:54:00,INDO,,3.1205999851226807,3.1205999851226807,3.1205999851226807,3.1205999851226807,275.0
2025-06-26 11:54:00,INUV,,3.799999952316284,3.809999942779541,3.799999952316284,3.809999942779541,959.0
2025-06-26 11:54:00,ITRG,,1.5549999475479126,1.559999942779541,1.5549999475479126,1.5549999475479126,35761.0
2025-06-26 11:54:00,KULR,,5.15749979019165,5.159999847412109,5.150100231170654,5.150100231170654,2515.0
2025-06-26 11:54:00,LCTX,,1.0099999904632568,1.0149999856948853,1.0099999904632568,1.0099999904632568,1217.0
2025-06-26 11:54:00,LEU,,180.0,180.17999267578125,179.88999938964844,180.1699981689453,1049.0
2025-06-26 11:54:00,LMND,,41.75,41.79999923706055,41.7400016784668,41.790000915527344,3882.0
2025-06-26 11:54:00,LNG,,241.9499969482422,241.9499969482422,241.9499969482422,241.9499969482422,335.0
2025-06-26 11:54:00,MAG,,21.295000076293945,21.299999237060547,21.295000076293945,21.299999237060547,427.0
2025-06-26 11:54:00,MAIA,,1.6624579429626465,1.6624579429626465,1.6624579429626465,1.6624579429626465,310.0
2025-06-26 11:54:00,MITQ,,0.6725500226020813,0.6725500226020813,0.6725500226020813,0.6725500226020813,368.0
2025-06-26 11:54:00,MYO,,2.25,2.25,2.25,2.25,867.0
2025-06-26 11:54:00,NAK,,1.5549999475479126,1.558899998664856,1.5544999837875366,1.5549999475479126,4066.0
2025-06-26 11:54:00,NBH,,9.8149995803833,9.8149995803833,9.8149995803833,9.8149995803833,200.0
2025-06-26 11:54:00,NCL,,0.17720000445842743,0.17720000445842743,0.17720000445842743,0.17720000445842743,102.0
2025-06-26 11:54:00,NG,,4.03000020980835,4.03000020980835,4.019999980926514,4.019999980926514,16807.0
2025-06-26 11:54:00,NGD,,4.894999980926514,4.894999980926514,4.894999980926514,4.894999980926514,4088.0
2025-06-26 11:54:00,NNVC,,1.1747000217437744,1.1749999523162842,1.1747000217437744,1.1749999523162842,310.0
2025-06-26 11:54:00,NRXS,,2.549999952316284,2.569999933242798,2.549999952316284,2.569999933242798,200.0
2025-06-26 11:54:00,OPTT,,0.5091999769210815,0.5091999769210815,0.5084499716758728,0.5084499716758728,1229.0
2025-06-26 11:54:00,ORLA,,9.979999542236328,9.979999542236328,9.979999542236328,9.979999542236328,959.0
2025-06-26 11:54:00,PHGE,,0.45989999175071716,0.45989999175071716,0.45989999175071716,0.45989999175071716,1726.0
2025-06-26 11:54:00,PLX,,1.472000002861023,1.475000023841858,1.4700000286102295,1.4700000286102295,429.0
2025-06-26 11:54:00,REI,,0.7807000279426575,0.7813000082969666,0.7800999879837036,0.7813000082969666,54966.0
2025-06-26 11:54:00,SACH,,1.090000033378601,1.090000033378601,1.090000033378601,1.090000033378601,926.0
2025-06-26 11:54:00,SATX,,2.9546000957489014,2.9546000957489014,2.950000047683716,2.950000047683716,2017.0
2025-06-26 11:54:00,SBEV,,3.25,3.25,3.140000104904175,3.140000104904175,5153.0
2025-06-26 11:54:00,SENS,,0.4970000088214874,0.4970000088214874,0.4968999922275543,0.4968999922275543,21332.0
2025-06-26 11:54:00,SLI,,1.8949999809265137,1.8949999809265137,1.8949999809265137,1.8949999809265137,1041.0
2025-06-26 11:54:00,SVM,,4.155300140380859,4.155399799346924,4.150000095367432,4.15500020980835,27768.0
2025-06-26 11:54:00,TGB,,3.0950000286102295,3.0950000286102295,3.0920000076293945,3.0950000286102295,921.0
2025-06-26 11:54:00,UAMY,,2.565000057220459,2.569999933242798,2.56030011177063,2.569999933242798,1789.0
2025-06-26 11:54:00,UAVS,,1.0999000072479248,1.0999000072479248,1.0996999740600586,1.0996999740600586,200.0
2025-06-26 11:54:00,UEC,,6.914999961853027,6.918099880218506,6.909999847412109,6.911200046539307,35014.0
2025-06-26 11:54:00,URG,,1.0399999618530273,1.0499999523162842,1.0399999618530273,1.0399999618530273,2100.0
2025-06-26 11:54:00,USAS,,0.8274000287055969,0.8274000287055969,0.8274000287055969,0.8274000287055969,103.0
2025-06-26 11:54:00,UTG,,35.46500015258789,35.46500015258789,35.439998626708984,35.439998626708984,351.0
2025-06-26 11:54:00,UUUU,,5.7947001457214355,5.7947001457214355,5.7947001457214355,5.7947001457214355,3639.0
2025-06-26 11:54:00,VTAK,,0.25060001015663147,0.25060001015663147,0.25060001015663147,0.25060001015663147,600.0
2025-06-26 11:54:00,VZLA,,2.9649999141693115,2.9700000286102295,2.9600000381469727,2.9667000770568848,4509.0
2025-06-26 11:54:00,WRN,,1.2447999715805054,1.2447999715805054,1.2447999715805054,1.2447999715805054,3200.0
2025-06-26 11:54:00,ZDGE,,4.059999942779541,4.059999942779541,4.03000020980835,4.039999961853027,1261.0
2025-06-26 11:55:00,AREN,,5.610000133514404,5.610000133514404,5.610000133514404,5.610000133514404,452.0
2025-06-26 11:55:00,ARMN,,6.849999904632568,6.849999904632568,6.849999904632568,6.849999904632568,1093.0
2025-06-26 11:55:00,ASM,,3.5450000762939453,3.5450000762939453,3.5411999225616455,3.5411999225616455,2101.0
2025-06-26 11:55:00,ATNM,,1.5149999856948853,1.5149999856948853,1.51010000705719,1.51010000705719,717.0
2025-06-26 11:55:00,AZTR,,0.2572999894618988,0.2572999894618988,0.2551009953022003,0.2565000057220459,2000.0
2025-06-26 11:55:00,BKTI,,55.0099983215332,55.380001068115234,55.0099983215332,55.380001068115234,1576.0
2025-06-26 11:55:00,BRBS,,3.2850000858306885,3.2850000858306885,3.2850000858306885,3.2850000858306885,106.0
2025-06-26 11:55:00,BRN,,1.2400000095367432,1.2400000095367432,1.2400000095367432,1.2400000095367432,10277.0
2025-06-26 11:55:00,BTG,,3.634999990463257,3.6389999389648438,3.634999990463257,3.634999990463257,19444.0
2025-06-26 11:55:00,BURU,,0.3240000009536743,0.3240000009536743,0.321399986743927,0.32269999384880066,10139.0
2025-06-26 11:55:00,CATX,,3.634999990463257,3.634999990463257,3.619999885559082,3.619999885559082,1205.0
2025-06-26 11:55:00,CBOE,,227.7050018310547,227.7050018310547,227.7050018310547,227.7050018310547,105.0
2025-06-26 11:55:00,CEF,,30.34269905090332,30.34269905090332,30.34269905090332,30.34269905090332,446.0
2025-06-26 11:55:00,CIK,,2.930000066757202,2.940000057220459,2.930000066757202,2.940000057220459,2141.0
2025-06-26 11:55:00,CLDI,,0.22920000553131104,0.22920000553131104,0.22920000553131104,0.22920000553131104,339.0
2025-06-26 11:55:00,CLM,,7.941400051116943,7.949900150299072,7.941400051116943,7.942599773406982,5836.0
2025-06-26 11:55:00,CQP,,55.880001068115234,55.9900016784668,55.880001068115234,55.9900016784668,700.0
2025-06-26 11:55:00,CRF,,7.570000171661377,7.570000171661377,7.559999942779541,7.565000057220459,4613.0
2025-06-26 11:55:00,CTM,,1.0312000513076782,1.0312000513076782,1.0312000513076782,1.0312000513076782,280.0
2025-06-26 11:55:00,CYBN,,8.4399995803833,8.4399995803833,8.4399995803833,8.4399995803833,166.0
2025-06-26 11:55:00,DC,,3.805000066757202,3.805000066757202,3.799999952316284,3.799999952316284,1203.0
2025-06-26 11:55:00,DNN,,1.8151999711990356,1.819599986076355,1.809999942779541,1.8148000240325928,78139.0
2025-06-26 11:55:00,ELMD,,21.434999465942383,21.434999465942383,21.3799991607666,21.3799991607666,502.0
2025-06-26 11:55:00,EMX,,2.555000066757202,2.558000087738037,2.555000066757202,2.558000087738037,1214.0
2025-06-26 11:55:00,EPM,,4.763000011444092,4.763000011444092,4.763000011444092,4.763000011444092,221.0
2025-06-26 11:55:00,EQX,,5.909999847412109,5.909999847412109,5.900000095367432,5.900000095367432,5910.0
2025-06-26 11:55:00,ESP,,45.19599914550781,45.19599914550781,45.19599914550781,45.19599914550781,347.0
2025-06-26 11:55:00,FOXO,,0.20000000298023224,0.20000000298023224,0.19990000128746033,0.20000000298023224,17998.0
2025-06-26 11:55:00,FTF,,6.385000228881836,6.385000228881836,6.385000228881836,6.385000228881836,100.0
2025-06-26 11:55:00,GAU,,1.309999942779541,1.309999942779541,1.309999942779541,1.309999942779541,108.0
2025-06-26 11:55:00,GLDG,,0.7458999752998352,0.7458999752998352,0.7458999752998352,0.7458999752998352,151.0
2025-06-26 11:55:00,GLO,,5.340000152587891,5.340000152587891,5.340000152587891,5.340000152587891,126.0
2025-06-26 11:55:00,GNS,,0.8884999752044678,0.899399995803833,0.8720999956130981,0.899399995803833,22007.0
2025-06-26 11:55:00,GORO,,0.5473999977111816,0.5473999977111816,0.5473999977111816,0.5473999977111816,10000.0
2025-06-26 11:55:00,GROY,,2.2750000953674316,2.2750000953674316,2.2699999809265137,2.2699999809265137,10793.0
2025-06-26 11:55:00,GSAT,,23.190000534057617,23.190000534057617,23.190000534057617,23.190000534057617,178.0
2025-06-26 11:55:00,HUSA,,13.305000305175781,13.305000305175781,13.305000305175781,13.305000305175781,186.0
2025-06-26 11:55:00,IBO,,0.9900000095367432,0.9900000095367432,0.9678000211715698,0.9678000211715698,45618.0
2025-06-26 11:55:00,IDR,,13.100000381469727,13.109999656677246,13.100000381469727,13.109999656677246,458.0
2025-06-26 11:55:00,IE,,9.914999961853027,9.914999961853027,9.914999961853027,9.914999961853027,16367.0
2025-06-26 11:55:00,IGC,,0.3091999888420105,0.3091999888420105,0.3091999888420105,0.3091999888420105,300.0
2025-06-26 11:55:00,INDO,,3.130000114440918,3.138000011444092,3.130000114440918,3.130000114440918,737.0
2025-06-26 11:55:00,ITRG,,1.5549999475479126,1.5549999475479126,1.5549999475479126,1.5549999475479126,3000.0
2025-06-26 11:55:00,KNW,,1.8849999904632568,1.899999976158142,1.8799999952316284,1.899999976158142,5628.0
2025-06-26 11:55:00,KULR,,5.1596999168396,5.1596999168396,5.150000095367432,5.15500020980835,1268.0
2025-06-26 11:55:00,LCTX,,1.0099999904632568,1.0191999673843384,1.0099999904632568,1.0151000022888184,19956.0
2025-06-26 11:55:00,LEU,,180.35000610351562,180.35000610351562,179.76010131835938,180.27430725097656,830.0
2025-06-26 11:55:00,LMND,,41.63999938964844,41.76499938964844,41.63999938964844,41.76499938964844,3057.0
2025-06-26 11:55:00,LNG,,242.02499389648438,242.11000061035156,241.9499969482422,241.9499969482422,951.0
2025-06-26 11:55:00,MAG,,21.299999237060547,21.299999237060547,21.295000076293945,21.299999237060547,1304.0
2025-06-26 11:55:00,MITQ,,0.6725500226020813,0.6725500226020813,0.6725500226020813,0.6725500226020813,109.0
2025-06-26 11:55:00,MPTI,,40.80400085449219,40.9718017578125,40.79499816894531,40.9718017578125,1433.0
2025-06-26 11:55:00,MRT,,2.7360000610351562,2.7360000610351562,2.7360000610351562,2.7360000610351562,100.0
2025-06-26 11:55:00,MYO,,2.259999990463257,2.259999990463257,2.25,2.25,942.0
2025-06-26 11:55:00,NAK,,1.558899998664856,1.558899998664856,1.5500999689102173,1.5500999689102173,1688.0
2025-06-26 11:55:00,NCL,,0.17630000412464142,0.17630000412464142,0.17630000412464142,0.17630000412464142,1152.0
2025-06-26 11:55:00,NFGC,,1.465000033378601,1.4700000286102295,1.465000033378601,1.4700000286102295,1300.0
2025-06-26 11:55:00,NG,,4.025000095367432,4.025000095367432,4.019999980926514,4.025000095367432,7548.0
2025-06-26 11:55:00,NGD,,4.894999980926514,4.894999980926514,4.889999866485596,4.889999866485596,3902.0
2025-06-26 11:55:00,NNVC,,1.174299955368042,1.174299955368042,1.174299955368042,1.174299955368042,101.0
2025-06-26 11:55:00,NRXS,,2.559999942779541,2.5801000595092773,2.559999942779541,2.5801000595092773,300.0
2025-06-26 11:55:00,OPTT,,0.5077000260353088,0.5092999935150146,0.5077000260353088,0.5087000131607056,1666.0
2025-06-26 11:55:00,ORLA,,9.970000267028809,9.979999542236328,9.970000267028809,9.970000267028809,3891.0
2025-06-26 11:55:00,PED,,0.6703010201454163,0.6703010201454163,0.6703010201454163,0.6703010201454163,150.0
2025-06-26 11:55:00,PHGE,,0.4589940011501312,0.4589940011501312,0.4589940011501312,0.4589940011501312,246.0
2025-06-26 11:55:00,PLMR,,151.35000610351562,151.35000610351562,151.35000610351562,151.35000610351562,1050.0
2025-06-26 11:55:00,REI,,0.7802000045776367,0.7803000211715698,0.7802000045776367,0.7803000211715698,764.0
2025-06-26 11:55:00,SATX,,2.950000047683716,2.950000047683716,2.950000047683716,2.950000047683716,304.0
2025-06-26 11:55:00,SENS,,0.4968999922275543,0.4970000088214874,0.4968999922275543,0.4969500005245209,20459.0
2025-06-26 11:55:00,SKYH,,9.475000381469727,9.510000228881836,9.475000381469727,9.510000228881836,1610.0
2025-06-26 11:55:00,SLI,,1.8949999809265137,1.8967000246047974,1.8949999809265137,1.8967000246047974,503.0
2025-06-26 11:55:00,SLND,,3.944999933242798,3.944999933242798,3.944999933242798,3.944999933242798,136.0
2025-06-26 11:55:00,SVM,,4.159999847412109,4.159999847412109,4.150000095367432,4.15500020980835,2539.0
2025-06-26 11:55:00,TGB,,3.0952000617980957,3.0952000617980957,3.0905001163482666,3.0905001163482666,2327.0
2025-06-26 11:55:00,THM,,0.8999999761581421,0.8999999761581421,0.8999999761581421,0.8999999761581421,125.0
2025-06-26 11:55:00,UAMY,,2.565000057220459,2.567500114440918,2.559999942779541,2.565000057220459,25812.0
2025-06-26 11:55:00,UAVS,,1.0950000286102295,1.100000023841858,1.0950000286102295,1.100000023841858,3364.0
2025-06-26 11:55:00,UEC,,6.90500020980835,6.914999961853027,6.90500020980835,6.914999961853027,9963.0
2025-06-26 11:55:00,URG,,1.0449999570846558,1.0489000082015991,1.0399999618530273,1.0449999570846558,4552.0
2025-06-26 11:55:00,UTG,,35.46500015258789,35.46500015258789,35.46500015258789,35.46500015258789,200.0
2025-06-26 11:55:00,UUUU,,5.789999961853027,5.800000190734863,5.789999961853027,5.795000076293945,2500.0
2025-06-26 11:55:00,VTAK,,0.25060099363327026,0.250900000333786,0.25060099363327026,0.250900000333786,1630.0
2025-06-26 11:55:00,VZLA,,2.9649999141693115,2.9700000286102295,2.9649999141693115,2.9677000045776367,708.0
2025-06-26 11:55:00,ZDGE,,4.050000190734863,4.050000190734863,4.050000190734863,4.050000190734863,402.0
2025-06-26 11:56:00,ACU,,39.90999984741211,39.90999984741211,39.90999984741211,39.90999984741211,285.0
2025-06-26 11:56:00,ARMN,,6.855000019073486,6.860000133514404,6.855000019073486,6.855000019073486,985.0
2025-06-26 11:56:00,ASM,,3.5399999618530273,3.541599988937378,3.5399999618530273,3.541599988937378,3502.0
2025-06-26 11:56:00,AZTR,,0.25859999656677246,0.25859999656677246,0.25859999656677246,0.25859999656677246,40006.0
2025-06-26 11:56:00,BKTI,,55.0,55.0,55.0,55.0,602.0
2025-06-26 11:56:00,BRBS,,3.2850000858306885,3.2899999618530273,3.2850000858306885,3.2850000858306885,685.0
2025-06-26 11:56:00,BTG,,3.6301000118255615,3.640000104904175,3.6301000118255615,3.634999990463257,22383.0
2025-06-26 11:56:00,BURU,,0.32399898767471313,0.32399898767471313,0.32399898767471313,0.32399898767471313,1546.0
2025-06-26 11:56:00,CATX,,3.634999990463257,3.634999990463257,3.619999885559082,3.619999885559082,207.0
2025-06-26 11:56:00,CBOE,,227.7050018310547,227.7100067138672,227.7050018310547,227.7100067138672,424.0
2025-06-26 11:56:00,CIK,,2.940000057220459,2.940000057220459,2.940000057220459,2.940000057220459,100.0
2025-06-26 11:56:00,CLDI,,0.22595100104808807,0.22595100104808807,0.22595100104808807,0.22595100104808807,578.0
2025-06-26 11:56:00,CLM,,7.94350004196167,7.94350004196167,7.94350004196167,7.94350004196167,655.0
2025-06-26 11:56:00,CQP,,55.82500076293945,55.880001068115234,55.82500076293945,55.880001068115234,1377.0
2025-06-26 11:56:00,CRF,,7.565000057220459,7.570000171661377,7.565000057220459,7.570000171661377,248.0
2025-06-26 11:56:00,CTM,,1.0449999570846558,1.0449999570846558,1.0396000146865845,1.0399999618530273,44322.0
2025-06-26 11:56:00,CYBN,,8.430000305175781,8.430000305175781,8.430000305175781,8.430000305175781,105.0
2025-06-26 11:56:00,DC,,3.805000066757202,3.805000066757202,3.805000066757202,3.805000066757202,226.0
2025-06-26 11:56:00,DNN,,1.815000057220459,1.8200000524520874,1.815000057220459,1.815000057220459,38898.0
2025-06-26 11:56:00,ELMD,,21.450000762939453,21.450000762939453,21.450000762939453,21.450000762939453,335.0
2025-06-26 11:56:00,EPM,,4.760000228881836,4.760000228881836,4.760000228881836,4.760000228881836,362.0
2025-06-26 11:56:00,EQX,,5.90500020980835,5.909999847412109,5.900000095367432,5.900000095367432,44421.0
2025-06-26 11:56:00,ERC,,9.390000343322754,9.390000343322754,9.390000343322754,9.390000343322754,173.0
2025-06-26 11:56:00,EVV,,10.164999961853027,10.164999961853027,10.164999961853027,10.164999961853027,122.0
2025-06-26 11:56:00,FSP,,1.690000057220459,1.690000057220459,1.690000057220459,1.690000057220459,100.0
2025-06-26 11:56:00,GAU,,1.3200000524520874,1.3200000524520874,1.309999942779541,1.309999942779541,11230.0
2025-06-26 11:56:00,GNS,,0.8989999890327454,0.8989999890327454,0.8805999755859375,0.8948000073432922,43355.0
2025-06-26 11:56:00,GORO,,0.5473999977111816,0.5473999977111816,0.5473999977111816,0.5473999977111816,100.0
2025-06-26 11:56:00,GROY,,2.2750000953674316,2.2750000953674316,2.2699999809265137,2.2750000953674316,6707.0
2025-06-26 11:56:00,GSAT,,23.190000534057617,23.190000534057617,23.190000534057617,23.190000534057617,1333.0
2025-06-26 11:56:00,GTE,,5.070000171661377,5.070000171661377,5.070000171661377,5.070000171661377,320.0
2025-06-26 11:56:00,HUSA,,13.305000305175781,13.305000305175781,13.305000305175781,13.305000305175781,945.0
2025-06-26 11:56:00,IBO,,0.9919999837875366,0.9990000128746033,0.9803000092506409,0.9803000092506409,15805.0
2025-06-26 11:56:00,IDR,,13.100000381469727,13.100000381469727,13.100000381469727,13.100000381469727,101.0
2025-06-26 11:56:00,IE,,9.920000076293945,9.920000076293945,9.920000076293945,9.920000076293945,1004.0
2025-06-26 11:56:00,IGC,,0.30959999561309814,0.30959999561309814,0.30959999561309814,0.30959999561309814,211.0
2025-06-26 11:56:00,IMO,,81.22000122070312,81.22000122070312,81.22000122070312,81.22000122070312,174.0
2025-06-26 11:56:00,ITRG,,1.5549999475479126,1.5549999475479126,1.5549999475479126,1.5549999475479126,257.0
2025-06-26 11:56:00,JOB,,0.20589999854564667,0.20589999854564667,0.20589999854564667,0.20589999854564667,198.0
2025-06-26 11:56:00,KNW,,1.899999976158142,1.899999976158142,1.88100004196167,1.88100004196167,9695.0
2025-06-26 11:56:00,KULR,,5.150100231170654,5.159999847412109,5.150100231170654,5.159999847412109,1239.0
2025-06-26 11:56:00,LCTX,,1.0099999904632568,1.0191999673843384,1.0099999904632568,1.0191999673843384,5797.0
2025-06-26 11:56:00,LEU,,180.5500030517578,180.5500030517578,179.52099609375,180.00999450683594,4381.0
2025-06-26 11:56:00,LMND,,41.564998626708984,41.619998931884766,41.5099983215332,41.619998931884766,1744.0
2025-06-26 11:56:00,LNG,,241.89500427246094,242.02499389648438,241.85000610351562,242.02499389648438,9669.0
2025-06-26 11:56:00,MAG,,21.30500030517578,21.30500030517578,21.30500030517578,21.30500030517578,500.0
2025-06-26 11:56:00,MITQ,,0.6725999712944031,0.6725999712944031,0.6725999712944031,0.6725999712944031,1637.0
2025-06-26 11:56:00,MRT,,2.744999885559082,2.744999885559082,2.744999885559082,2.744999885559082,550.0
2025-06-26 11:56:00,MXC,,9.238200187683105,9.238200187683105,9.238200187683105,9.238200187683105,200.0
2025-06-26 11:56:00,NAK,,1.5688999891281128,1.5700000524520874,1.555899977684021,1.555899977684021,36463.0
2025-06-26 11:56:00,NBH,,9.800000190734863,9.8100004196167,9.800000190734863,9.8100004196167,555.0
2025-06-26 11:56:00,NCL,,0.1761000007390976,0.17630000412464142,0.17599999904632568,0.17630000412464142,4110.0
2025-06-26 11:56:00,NFGC,,1.4700000286102295,1.4700000286102295,1.4700000286102295,1.4700000286102295,4368.0
2025-06-26 11:56:00,NG,,4.041900157928467,4.050000190734863,4.03000020980835,4.03000020980835,98712.0
2025-06-26 11:56:00,NGD,,4.894999980926514,4.894999980926514,4.889999866485596,4.889999866485596,5801.0
2025-06-26 11:56:00,NHC,,108.0999984741211,108.0999984741211,108.0999984741211,108.0999984741211,824.0
2025-06-26 11:56:00,NNVC,,1.160099983215332,1.1614999771118164,1.160099983215332,1.1614999771118164,16700.0
2025-06-26 11:56:00,NRO,,3.194999933242798,3.194999933242798,3.194999933242798,3.194999933242798,2596.0
2025-06-26 11:56:00,NRXS,,2.569999933242798,2.569999933242798,2.569999933242798,2.569999933242798,177.0
2025-06-26 11:56:00,OBE,,5.550000190734863,5.550000190734863,5.550000190734863,5.550000190734863,222.0
2025-06-26 11:56:00,OGEN,,3.490000009536743,3.490000009536743,3.490000009536743,3.490000009536743,475.0
2025-06-26 11:56:00,OPTT,,0.5092999935150146,0.5092999935150146,0.5076000094413757,0.5084999799728394,2000.0
2025-06-26 11:56:00,ORLA,,9.979999542236328,9.979999542236328,9.970000267028809,9.970000267028809,1417.0
2025-06-26 11:56:00,OSTX,,1.850000023841858,1.850000023841858,1.850000023841858,1.850000023841858,3906.0
2025-06-26 11:56:00,PLG,,1.5889999866485596,1.590000033378601,1.5889999866485596,1.590000033378601,500.0
2025-06-26 11:56:00,PLX,,1.4700000286102295,1.4700000286102295,1.4700000286102295,1.4700000286102295,106.0
2025-06-26 11:56:00,REI,,0.7800999879837036,0.7807999849319458,0.7799999713897705,0.7802000045776367,3536.0
2025-06-26 11:56:00,SBEV,,3.279400110244751,3.279400110244751,3.2699999809265137,3.27839994430542,2087.0
2025-06-26 11:56:00,SENS,,0.4969500005245209,0.4970000088214874,0.4969500005245209,0.4969500005245209,32400.0
2025-06-26 11:56:00,SLI,,1.8949999809265137,1.8949999809265137,1.8906999826431274,1.8906999826431274,658.0
2025-06-26 11:56:00,SVM,,4.15500020980835,4.15500020980835,4.15500020980835,4.15500020980835,320.0
2025-06-26 11:56:00,TGB,,3.0950000286102295,3.0950000286102295,3.0950000286102295,3.0950000286102295,1298.0
2025-06-26 11:56:00,TPET,,1.2000000476837158,1.2007999420166016,1.2000000476837158,1.2007999420166016,1620.0
2025-06-26 11:56:00,UAMY,,2.5450000762939453,2.559999942779541,2.5450000762939453,2.559999942779541,14646.0
2025-06-26 11:56:00,UEC,,6.914999961853027,6.920000076293945,6.909999847412109,6.909999847412109,25521.0
2025-06-26 11:56:00,URG,,1.0449999570846558,1.0499999523162842,1.0399999618530273,1.0449999570846558,2935.0
2025-06-26 11:56:00,USAS,,0.8274000287055969,0.8274000287055969,0.8274000287055969,0.8274000287055969,100.0
2025-06-26 11:56:00,UTG,,35.46500015258789,35.46500015258789,35.46500015258789,35.46500015258789,138.0
2025-06-26 11:56:00,UUUU,,5.79449987411499,5.800000190734863,5.793600082397461,5.795000076293945,5083.0
2025-06-26 11:56:00,VKI,,8.199999809265137,8.199999809265137,8.199999809265137,8.199999809265137,190.0
2025-06-26 11:56:00,VTAK,,0.2502000033855438,0.25060001015663147,0.2502000033855438,0.25049999356269836,14702.0
2025-06-26 11:56:00,VZLA,,2.9649999141693115,2.9649999141693115,2.9649999141693115,2.9649999141693115,369.0
2025-06-26 11:56:00,ZDGE,,4.059999942779541,4.059999942779541,4.059999942779541,4.059999942779541,302.0
2025-06-26 11:57:00,ACU,,40.060001373291016,40.060001373291016,40.060001373291016,40.060001373291016,175.0
2025-06-26 11:57:00,ARMN,,6.860000133514404,6.860000133514404,6.860000133514404,6.860000133514404,132.0
2025-06-26 11:57:00,ASM,,3.549999952316284,3.549999952316284,3.5399999618530273,3.5450000762939453,1087.0
2025-06-26 11:57:00,ATNM,,1.5149999856948853,1.5149999856948853,1.5149999856948853,1.5149999856948853,102.0
2025-06-26 11:57:00,BRBS,,3.2799999713897705,3.2799999713897705,3.2799999713897705,3.2799999713897705,255.0
2025-06-26 11:57:00,BTG,,3.6357998847961426,3.640000104904175,3.630000114440918,3.640000104904175,75547.0
2025-06-26 11:57:00,BURU,,0.3221000134944916,0.3240000009536743,0.322050005197525,0.323199987411499,1970.0
2025-06-26 11:57:00,CANF,,1.059999942779541,1.0600999593734741,1.059999942779541,1.0600999593734741,508.0
2025-06-26 11:57:00,CATX,,3.619999885559082,3.640000104904175,3.619999885559082,3.640000104904175,482.0
2025-06-26 11:57:00,CBOE,,227.7050018310547,227.7050018310547,227.7050018310547,227.7050018310547,634.0
2025-06-26 11:57:00,CIK,,2.940000057220459,2.940000057220459,2.934999942779541,2.934999942779541,700.0
2025-06-26 11:57:00,CMT,,16.96500015258789,16.96500015258789,16.96500015258789,16.96500015258789,269.0
2025-06-26 11:57:00,CQP,,55.72999954223633,55.779998779296875,55.72999954223633,55.779998779296875,1756.0
2025-06-26 11:57:00,CRF,,7.562600135803223,7.562600135803223,7.562600135803223,7.562600135803223,568.0
2025-06-26 11:57:00,CTM,,1.0449999570846558,1.0449999570846558,1.0449999570846558,1.0449999570846558,233.0
2025-06-26 11:57:00,CYBN,,8.430000305175781,8.510000228881836,8.430000305175781,8.430000305175781,430.0
2025-06-26 11:57:00,DHY,,2.109999895095825,2.109999895095825,2.1098999977111816,2.1098999977111816,1630.0
2025-06-26 11:57:00,DNN,,1.8200000524520874,1.8200000524520874,1.809999942779541,1.8200000524520874,1060757.0
2025-06-26 11:57:00,EAD,,6.981100082397461,6.981100082397461,6.981100082397461,6.981100082397461,725.0
2025-06-26 11:57:00,EQX,,5.90500020980835,5.909999847412109,5.900000095367432,5.90500020980835,5294.0
2025-06-26 11:57:00,ERC,,9.380000114440918,9.380000114440918,9.380000114440918,9.380000114440918,200.0
2025-06-26 11:57:00,FOXO,,0.20000000298023224,0.20000000298023224,0.20000000298023224,0.20000000298023224,610.0
2025-06-26 11:57:00,FSP,,1.684999942779541,1.684999942779541,1.684999942779541,1.684999942779541,328.0
2025-06-26 11:57:00,FTF,,6.380000114440918,6.385000228881836,6.380000114440918,6.385000228881836,406.0
2025-06-26 11:57:00,GAU,,1.315000057220459,1.315000057220459,1.315000057220459,1.315000057220459,1108.0
2025-06-26 11:57:00,GNS,,0.8944010138511658,0.8999999761581421,0.892300009727478,0.8992000222206116,183673.0
2025-06-26 11:57:00,GORO,,0.548799991607666,0.548799991607666,0.5440000295639038,0.5440000295639038,4052.0
2025-06-26 11:57:00,GROY,,2.2750000953674316,2.279099941253662,2.2750000953674316,2.279099941253662,1213.0
2025-06-26 11:57:00,HUSA,,13.255000114440918,13.255000114440918,13.255000114440918,13.255000114440918,206.0
2025-06-26 11:57:00,IBO,,0.9999499917030334,1.0,0.9919999837875366,0.9919999837875366,27284.0
2025-06-26 11:57:00,IDR,,13.100000381469727,13.100000381469727,13.100000381469727,13.100000381469727,190.0
2025-06-26 11:57:00,IGC,,0.30889999866485596,0.3093000054359436,0.30799999833106995,0.30799999833106995,12520.0
2025-06-26 11:57:00,IMO,,81.19999694824219,81.2249984741211,81.19999694824219,81.2249984741211,1362.0
2025-06-26 11:57:00,INDO,,3.119999885559082,3.1310999393463135,3.119999885559082,3.1310999393463135,3400.0
2025-06-26 11:57:00,ITRG,,1.559999942779541,1.559999942779541,1.559999942779541,1.559999942779541,100.0
2025-06-26 11:57:00,KNW,,1.8899999856948853,1.899999976158142,1.8899999856948853,1.8992999792099,15831.0
2025-06-26 11:57:00,KULR,,5.15500020980835,5.159900188446045,5.15500020980835,5.15500020980835,4576.0
2025-06-26 11:57:00,LCTX,,1.0099999904632568,1.0191999673843384,1.0099999904632568,1.0099999904632568,5413.0
2025-06-26 11:57:00,LMND,,41.59550094604492,41.599998474121094,41.529998779296875,41.54999923706055,5089.0
2025-06-26 11:57:00,LNG,,241.90499877929688,241.91000366210938,241.83999633789062,241.83999633789062,2701.0
2025-06-26 11:57:00,LODE,,3.740000009536743,3.740000009536743,3.740000009536743,3.740000009536743,145.0
2025-06-26 11:57:00,MAG,,21.316600799560547,21.316600799560547,21.30500030517578,21.30500030517578,9630.0
2025-06-26 11:57:00,MITQ,,0.6800000071525574,0.6800000071525574,0.6800000071525574,0.6800000071525574,2051.0
2025-06-26 11:57:00,MRT,,2.753499984741211,2.753499984741211,2.753499984741211,2.753499984741211,1048.0
2025-06-26 11:57:00,MTNB,,0.949999988079071,0.949999988079071,0.9499499797821045,0.9499499797821045,329.0
2025-06-26 11:57:00,MYND,,0.9599999785423279,0.9599999785423279,0.9589999914169312,0.9595000147819519,630.0
2025-06-26 11:57:00,MYO,,2.255000114440918,2.255000114440918,2.255000114440918,2.255000114440918,299.0
2025-06-26 11:57:00,NAK,,1.569700002670288,1.5699000358581543,1.559999942779541,1.565000057220459,39407.0
2025-06-26 11:57:00,NCL,,0.1761000007390976,0.1761000007390976,0.1761000007390976,0.1761000007390976,153.0
2025-06-26 11:57:00,NEWP,,1.3700000047683716,1.3700000047683716,1.3700000047683716,1.3700000047683716,100.0
2025-06-26 11:57:00,NFGC,,1.475000023841858,1.475000023841858,1.475000023841858,1.475000023841858,100.0
2025-06-26 11:57:00,NG,,4.045000076293945,4.045000076293945,4.04010009765625,4.04010009765625,3409.0
2025-06-26 11:57:00,NGD,,4.894999980926514,4.900000095367432,4.889999866485596,4.889999866485596,24042.0
2025-06-26 11:57:00,NHS,,7.495200157165527,7.495200157165527,7.495200157165527,7.495200157165527,100.0
2025-06-26 11:57:00,NNVC,,1.166599988937378,1.166599988937378,1.166599988937378,1.166599988937378,150.0
2025-06-26 11:57:00,OBE,,5.550000190734863,5.550000190734863,5.550000190734863,5.550000190734863,167.0
2025-06-26 11:57:00,OPTT,,0.5077009797096252,0.5084499716758728,0.5076000094413757,0.5076000094413757,1316.0
2025-06-26 11:57:00,ORLA,,9.989999771118164,9.989999771118164,9.979999542236328,9.979999542236328,4332.0
2025-06-26 11:57:00,OSTX,,1.8600000143051147,1.8600000143051147,1.8600000143051147,1.8600000143051147,200.0
2025-06-26 11:57:00,PED,,0.6606000065803528,0.6606000065803528,0.6606000065803528,0.6606000065803528,520.0
2025-06-26 11:57:00,PLX,,1.4700000286102295,1.475000023841858,1.4700000286102295,1.475000023841858,606.0
2025-06-26 11:57:00,REI,,0.7791500091552734,0.7806000113487244,0.7782999873161316,0.7800999879837036,65208.0
2025-06-26 11:57:00,SATX,,2.9549999237060547,2.9549999237060547,2.9549999237060547,2.9549999237060547,198.0
2025-06-26 11:57:00,SBEV,,3.252000093460083,3.299999952316284,3.200000047683716,3.2799999713897705,5231.0
2025-06-26 11:57:00,SENS,,0.49692800641059875,0.4970000088214874,0.4968999922275543,0.4968999922275543,4648.0
2025-06-26 11:57:00,SLI,,1.8949999809265137,1.8949999809265137,1.8899999856948853,1.8949999809265137,1797.0
2025-06-26 11:57:00,SLND,,3.868799924850464,3.868799924850464,3.868799924850464,3.868799924850464,548.0
2025-06-26 11:57:00,SVM,,4.159900188446045,4.169899940490723,4.150000095367432,4.164999961853027,120881.0
2025-06-26 11:57:00,TGB,,3.0950000286102295,3.095400094985962,3.0950000286102295,3.0952000617980957,5226.0
2025-06-26 11:57:00,TPET,,1.2096999883651733,1.2096999883651733,1.2096999883651733,1.2096999883651733,114.0
2025-06-26 11:57:00,UAMY,,2.5499000549316406,2.5499000549316406,2.5450000762939453,2.5450000762939453,557.0
2025-06-26 11:57:00,UEC,,6.920000076293945,6.920000076293945,6.914999961853027,6.914999961853027,57332.0
2025-06-26 11:57:00,URG,,1.0499999523162842,1.0499999523162842,1.0399999618530273,1.0449999570846558,3374.0
2025-06-26 11:57:00,USAS,,0.8288000226020813,0.8288000226020813,0.8274000287055969,0.8288000226020813,1059403.0
2025-06-26 11:57:00,UUUU,,5.795000076293945,5.800000190734863,5.793300151824951,5.795000076293945,33461.0
2025-06-26 11:57:00,VZLA,,2.9649999141693115,2.9700000286102295,2.9649999141693115,2.9700000286102295,268.0
2025-06-26 11:57:00,WRN,,1.2450000047683716,1.2450000047683716,1.2450000047683716,1.2450000047683716,100.0
2025-06-26 11:57:00,XPL,,0.6481999754905701,0.6499999761581421,0.6481999754905701,0.6499999761581421,1230.0
2025-06-26 11:58:00,ACU,,39.90999984741211,39.90999984741211,39.90999984741211,39.90999984741211,544.0
2025-06-26 11:58:00,AEON,,0.7706009745597839,0.7706009745597839,0.7706009745597839,0.7706009745597839,393.0
2025-06-26 11:58:00,ARMN,,6.855000019073486,6.855000019073486,6.855000019073486,6.855000019073486,2501.0
2025-06-26 11:58:00,ASM,,3.549999952316284,3.549999952316284,3.549999952316284,3.549999952316284,2148.0
2025-06-26 11:58:00,ATNM,,1.51010000705719,1.51010000705719,1.51010000705719,1.51010000705719,441.0
2025-06-26 11:58:00,BKTI,,54.029998779296875,54.44499969482422,54.0,54.44499969482422,4964.0
2025-06-26 11:58:00,BRBS,,3.2850000858306885,3.2850000858306885,3.2850000858306885,3.2850000858306885,397.0
2025-06-26 11:58:00,BTG,,3.639699935913086,3.640000104904175,3.630000114440918,3.6393001079559326,318418.0
2025-06-26 11:58:00,CATX,,3.630000114440918,3.630000114440918,3.619999885559082,3.619999885559082,3570.0
2025-06-26 11:58:00,CBOE,,227.85000610351562,227.85000610351562,227.75,227.7899932861328,1448.0
2025-06-26 11:58:00,CEF,,30.34670066833496,30.34670066833496,30.34670066833496,30.34670066833496,540.0
2025-06-26 11:58:00,CIK,,2.940000057220459,2.940000057220459,2.940000057220459,2.940000057220459,100.0
2025-06-26 11:58:00,CKX,,10.5,10.5,10.5,10.5,101.0
2025-06-26 11:58:00,CLM,,7.940000057220459,7.940000057220459,7.940000057220459,7.940000057220459,140.0
2025-06-26 11:58:00,CQP,,55.790000915527344,55.790000915527344,55.790000915527344,55.790000915527344,100.0
2025-06-26 11:58:00,CVM,,2.450000047683716,2.450000047683716,2.450000047683716,2.450000047683716,134.0
2025-06-26 11:58:00,CYBN,,8.510000228881836,8.576299667358398,8.510000228881836,8.576299667358398,580.0
2025-06-26 11:58:00,DNN,,1.815000057220459,1.8300000429153442,1.809999942779541,1.8200000524520874,6324735.0
2025-06-26 11:58:00,EAD,,6.980000019073486,6.980000019073486,6.980000019073486,6.980000019073486,325.0
2025-06-26 11:58:00,ELMD,,21.450000762939453,21.450000762939453,21.450000762939453,21.450000762939453,510.0
2025-06-26 11:58:00,EMX,,2.555000066757202,2.555000066757202,2.555000066757202,2.555000066757202,102.0
2025-06-26 11:58:00,EQX,,5.900000095367432,5.914999961853027,5.900000095367432,5.90500020980835,98293.0
2025-06-26 11:58:00,ERC,,9.390000343322754,9.390000343322754,9.390000343322754,9.390000343322754,200.0
2025-06-26 11:58:00,FOXO,,0.20000000298023224,0.20000000298023224,0.19990000128746033,0.19990000128746033,6000.0
2025-06-26 11:58:00,FURY,,0.484499990940094,0.484499990940094,0.484499990940094,0.484499990940094,206.0
2025-06-26 11:58:00,GAU,,1.315000057220459,1.315000057220459,1.315000057220459,1.315000057220459,104.0
2025-06-26 11:58:00,GNS,,0.8902999758720398,0.8938999772071838,0.8866000175476074,0.8938999772071838,15492.0
2025-06-26 11:58:00,GROY,,2.2750000953674316,2.2750000953674316,2.2699999809265137,2.2699999809265137,1471.0
2025-06-26 11:58:00,GSAT,,23.229999542236328,23.229999542236328,23.229999542236328,23.229999542236328,720.0
2025-06-26 11:58:00,GTE,,5.067800045013428,5.067800045013428,5.067800045013428,5.067800045013428,106.0
2025-06-26 11:58:00,HUSA,,13.239999771118164,13.239999771118164,13.239999771118164,13.239999771118164,324.0
2025-06-26 11:58:00,IBO,,0.9955000281333923,1.0,0.9955000281333923,0.9999499917030334,11162.0
2025-06-26 11:58:00,IE,,9.920000076293945,9.930000305175781,9.920000076293945,9.920000076293945,1215.0
2025-06-26 11:58:00,ITRG,,1.565000057220459,1.565000057220459,1.5551999807357788,1.5551999807357788,14218.0
2025-06-26 11:58:00,KNW,,1.899999976158142,1.899999976158142,1.8899999856948853,1.8899999856948853,2669.0
2025-06-26 11:58:00,KULR,,5.15500020980835,5.15880012512207,5.153299808502197,5.15500020980835,1309.0
2025-06-26 11:58:00,LCTX,,1.0191999673843384,1.0191999673843384,1.0099999904632568,1.0099999904632568,4572.0
2025-06-26 11:58:00,LEU,,180.9499969482422,180.9499969482422,180.75,180.75,835.0
2025-06-26 11:58:00,LMND,,41.52000045776367,41.560001373291016,41.5099983215332,41.529998779296875,970.0
2025-06-26 11:58:00,LNG,,241.89999389648438,241.9499969482422,241.89999389648438,241.90499877929688,3405.0
2025-06-26 11:58:00,MAG,,21.30500030517578,21.309999465942383,21.30500030517578,21.309999465942383,961.0
2025-06-26 11:58:00,MXC,,9.100000381469727,9.100000381469727,9.100000381469727,9.100000381469727,256.0
2025-06-26 11:58:00,MYO,,2.25,2.255000114440918,2.25,2.255000114440918,1180.0
2025-06-26 11:58:00,NAK,,1.565000057220459,1.569000005722046,1.565000057220459,1.569000005722046,4260.0
2025-06-26 11:58:00,NCL,,0.1765500009059906,0.1765500009059906,0.1765500009059906,0.1765500009059906,500.0
2025-06-26 11:58:00,NFGC,,1.475100040435791,1.475100040435791,1.475100040435791,1.475100040435791,200.0
2025-06-26 11:58:00,NG,,4.039999961853027,4.050000190734863,4.039999961853027,4.04010009765625,7287.0
2025-06-26 11:58:00,NGD,,4.894999980926514,4.900000095367432,4.889999866485596,4.894999980926514,13727.0
2025-06-26 11:58:00,NHS,,7.489999771118164,7.489999771118164,7.489999771118164,7.489999771118164,1575.0
2025-06-26 11:58:00,NNVC,,1.166599988937378,1.166599988937378,1.166599988937378,1.166599988937378,100.0
2025-06-26 11:58:00,NRXS,,2.559999942779541,2.559999942779541,2.559999942779541,2.559999942779541,210.0
2025-06-26 11:58:00,OBE,,5.550000190734863,5.550000190734863,5.550000190734863,5.550000190734863,231.0
2025-06-26 11:58:00,OPTT,,0.5081999897956848,0.5087000131607056,0.5081999897956848,0.5087000131607056,1411.0
2025-06-26 11:58:00,ORLA,,9.989899635314941,9.989899635314941,9.989899635314941,9.989899635314941,414.0
2025-06-26 11:58:00,PLG,,1.590000033378601,1.590000033378601,1.590000033378601,1.590000033378601,200.0
2025-06-26 11:58:00,PLX,,1.4700000286102295,1.475000023841858,1.4700000286102295,1.4700000286102295,302.0
2025-06-26 11:58:00,REI,,0.7746000289916992,0.7770000100135803,0.7746000289916992,0.7764999866485596,19337.0
2025-06-26 11:58:00,SATX,,2.950000047683716,2.950000047683716,2.950000047683716,2.950000047683716,215.0
2025-06-26 11:58:00,SBEV,,3.299999952316284,3.3499999046325684,3.299999952316284,3.299999952316284,2959.0
2025-06-26 11:58:00,SEB,,2945.139892578125,2946.010009765625,2945.139892578125,2946.010009765625,7.0
2025-06-26 11:58:00,SENS,,0.4970000088214874,0.4970000088214874,0.4969010055065155,0.4969500005245209,2159.0
2025-06-26 11:58:00,SLI,,1.8949999809265137,1.8949999809265137,1.8949999809265137,1.8949999809265137,284.0
2025-06-26 11:58:00,SVM,,4.164999961853027,4.165299892425537,4.159999847412109,4.164999961853027,29092.0
2025-06-26 11:58:00,TGB,,3.0950000286102295,3.0999999046325684,3.0950000286102295,3.0950000286102295,2165.0
2025-06-26 11:58:00,TOVX,,0.43209999799728394,0.43209999799728394,0.43209999799728394,0.43209999799728394,255.0
2025-06-26 11:58:00,UAMY,,2.5450000762939453,2.5450000762939453,2.5450000762939453,2.5450000762939453,538.0
2025-06-26 11:58:00,UEC,,6.925000190734863,6.929999828338623,6.914999961853027,6.920000076293945,28454.0
2025-06-26 11:58:00,URG,,1.0449999570846558,1.0499999523162842,1.0399999618530273,1.0449999570846558,4503.0
2025-06-26 11:58:00,USAS,,0.8288999795913696,0.8288999795913696,0.8288000226020813,0.8288000226020813,3144.0
2025-06-26 11:58:00,UUUU,,5.795000076293945,5.800000190734863,5.795000076293945,5.795000076293945,5249.0
2025-06-26 11:58:00,VNRX,,0.7699999809265137,0.7699999809265137,0.7699999809265137,0.7699999809265137,9119.0
2025-06-26 11:58:00,VTAK,,0.2502000033855438,0.2502000033855438,0.2502000033855438,0.2502000033855438,156.0
2025-06-26 11:58:00,VZLA,,2.9700000286102295,2.9700000286102295,2.9697999954223633,2.9697999954223633,3117.0
2025-06-26 11:58:00,WWR,,0.6029999852180481,0.6029999852180481,0.6029999852180481,0.6029999852180481,415.0
2025-06-26 11:58:00,XPL,,0.6499999761581421,0.6499999761581421,0.6499999761581421,0.6499999761581421,9227.0
2025-06-26 11:58:00,ZDGE,,4.039999961853027,4.041999816894531,4.039999961853027,4.041999816894531,604.0
2025-06-26 11:59:00,AEON,,0.7705000042915344,0.7705000042915344,0.7705000042915344,0.7705000042915344,367.0
2025-06-26 11:59:00,ARMN,,6.850100040435791,6.855000019073486,6.850100040435791,6.855000019073486,1309.0
2025-06-26 11:59:00,ASM,,3.5467000007629395,3.5467000007629395,3.5467000007629395,3.5467000007629395,6170.0
2025-06-26 11:59:00,ATNM,,1.5149999856948853,1.5149999856948853,1.5149999856948853,1.5149999856948853,200.0
2025-06-26 11:59:00,AUST,,1.3200000524520874,1.3200000524520874,1.3200000524520874,1.3200000524520874,316.0
2025-06-26 11:59:00,BKTI,,54.130001068115234,54.25,54.125,54.25,3042.0
2025-06-26 11:59:00,BTG,,3.639899969100952,3.640000104904175,3.630000114440918,3.639899969100952,675563.0
2025-06-26 11:59:00,BURU,,0.32304999232292175,0.32304999232292175,0.32304999232292175,0.32304999232292175,7051.0
2025-06-26 11:59:00,CANF,,1.059999942779541,1.065500020980835,1.059999942779541,1.065500020980835,5187.0
2025-06-26 11:59:00,CATX,,3.619999885559082,3.619999885559082,3.6196999549865723,3.619999885559082,1535.0
2025-06-26 11:59:00,CBOE,,227.8800048828125,227.8800048828125,227.8800048828125,227.8800048828125,392.0
2025-06-26 11:59:00,CET,,47.68000030517578,47.68000030517578,47.68000030517578,47.68000030517578,314.0
2025-06-26 11:59:00,CIK,,2.940000057220459,2.940000057220459,2.934999942779541,2.934999942779541,1766.0
2025-06-26 11:59:00,CKX,,10.699999809265137,10.699999809265137,10.484000205993652,10.484000205993652,1502.0
2025-06-26 11:59:00,CLM,,7.945000171661377,7.949900150299072,7.940000057220459,7.940000057220459,1056.0
2025-06-26 11:59:00,CQP,,55.78499984741211,55.790000915527344,55.72999954223633,55.72999954223633,1059.0
2025-06-26 11:59:00,CRF,,7.569900035858154,7.569900035858154,7.569900035858154,7.569900035858154,113.0
2025-06-26 11:59:00,CTM,,1.0449999570846558,1.0499999523162842,1.0449999570846558,1.0499999523162842,412.0
2025-06-26 11:59:00,CYBN,,8.505000114440918,8.505000114440918,8.505000114440918,8.505000114440918,229.0
2025-06-26 11:59:00,DC,,3.799999952316284,3.799999952316284,3.799999952316284,3.799999952316284,220.0
2025-06-26 11:59:00,DNN,,1.8200000524520874,1.8200000524520874,1.815000057220459,1.8194999694824219,417789.0
2025-06-26 11:59:00,ELMD,,21.450000762939453,21.450000762939453,21.450000762939453,21.450000762939453,223.0
2025-06-26 11:59:00,EMX,,2.555999994277954,2.555999994277954,2.555999994277954,2.555999994277954,129.0
2025-06-26 11:59:00,EQX,,5.90500020980835,5.909999847412109,5.900000095367432,5.90500020980835,47180.0
2025-06-26 11:59:00,EVM,,8.84000015258789,8.84000015258789,8.84000015258789,8.84000015258789,100.0
2025-06-26 11:59:00,FOXO,,0.20000000298023224,0.20000000298023224,0.19990000128746033,0.19990000128746033,17790.0
2025-06-26 11:59:00,FRD,,16.40999984741211,16.40999984741211,16.18000030517578,16.18000030517578,1742.0
2025-06-26 11:59:00,FSP,,1.684999942779541,1.684999942779541,1.684999942779541,1.684999942779541,100.0
2025-06-26 11:59:00,FTF,,6.385000228881836,6.385000228881836,6.385000228881836,6.385000228881836,100.0
2025-06-26 11:59:00,GAU,,1.315000057220459,1.315000057220459,1.315000057220459,1.315000057220459,208.0
2025-06-26 11:59:00,GNS,,0.8600000143051147,0.8928999900817871,0.8299999833106995,0.8928999900817871,122338.0
2025-06-26 11:59:00,GROY,,2.2750000953674316,2.2750000953674316,2.2699999809265137,2.2699999809265137,716.0
2025-06-26 11:59:00,GTE,,5.050000190734863,5.070000171661377,5.050000190734863,5.065000057220459,1269.0
2025-06-26 11:59:00,HUSA,,13.279999732971191,13.279999732971191,13.279999732971191,13.279999732971191,100.0
2025-06-26 11:59:00,IBO,,1.0099999904632568,1.0099999904632568,0.9973000288009644,0.9974009990692139,36379.0
2025-06-26 11:59:00,IDR,,13.100000381469727,13.100000381469727,13.100000381469727,13.100000381469727,471.0
2025-06-26 11:59:00,IE,,9.885000228881836,9.9399995803833,9.885000228881836,9.9399995803833,9888.0
2025-06-26 11:59:00,IMO,,81.2300033569336,81.2300033569336,81.2300033569336,81.2300033569336,158.0
2025-06-26 11:59:00,INDO,,3.119999885559082,3.119999885559082,3.119999885559082,3.119999885559082,197.0
2025-06-26 11:59:00,JOB,,0.2029999941587448,0.2029999941587448,0.2029999941587448,0.2029999941587448,678.0
2025-06-26 11:59:00,KNW,,1.9299999475479126,1.9299999475479126,1.9249999523162842,1.9249999523162842,438.0
2025-06-26 11:59:00,KULR,,5.15749979019165,5.159999847412109,5.15500020980835,5.159999847412109,1676.0
2025-06-26 11:59:00,LCTX,,1.0191999673843384,1.0191999673843384,1.0099999904632568,1.0099999904632568,19047.0
2025-06-26 11:59:00,LEU,,180.58999633789062,181.0,180.3300018310547,180.58999633789062,1804662.0
2025-06-26 11:59:00,LMND,,41.599998474121094,41.619998931884766,41.54359817504883,41.54499816894531,4052.0
2025-06-26 11:59:00,LNG,,242.02000427246094,242.07000732421875,242.00999450683594,242.07000732421875,508.0
2025-06-26 11:59:00,MAG,,21.30500030517578,21.305299758911133,21.30500030517578,21.305299758911133,5226.0
2025-06-26 11:59:00,MTA,,3.8499999046325684,3.8499999046325684,3.8499999046325684,3.8499999046325684,227.0
2025-06-26 11:59:00,MYO,,2.255000114440918,2.255000114440918,2.25,2.25,411.0
2025-06-26 11:59:00,NAK,,1.5666999816894531,1.5699000358581543,1.5600999593734741,1.565000057220459,21115.0
2025-06-26 11:59:00,NBH,,9.799200057983398,9.800000190734863,9.79699993133545,9.800000190734863,3098.0
2025-06-26 11:59:00,NCL,,0.1762000024318695,0.1762000024318695,0.1762000024318695,0.1762000024318695,1000.0
2025-06-26 11:59:00,NG,,4.050000190734863,4.050000190734863,4.0406999588012695,4.0406999588012695,10473.0
2025-06-26 11:59:00,NGD,,4.894999980926514,4.894999980926514,4.894999980926514,4.894999980926514,1855.0
2025-06-26 11:59:00,NHS,,7.485000133514404,7.489999771118164,7.485000133514404,7.489999771118164,2877.0
2025-06-26 11:59:00,NML,,8.829999923706055,8.829999923706055,8.829999923706055,8.829999923706055,790.0
2025-06-26 11:59:00,NNVC,,1.1749999523162842,1.187000036239624,1.166599988937378,1.187000036239624,1900.0
2025-06-26 11:59:00,NRXS,,2.549999952316284,2.549999952316284,2.549999952316284,2.549999952316284,201.0
2025-06-26 11:59:00,OBE,,5.550000190734863,5.550000190734863,5.550000190734863,5.550000190734863,1453.0
2025-06-26 11:59:00,OPTT,,0.5077000260353088,0.5084499716758728,0.5076010227203369,0.5084499716758728,45301.0
2025-06-26 11:59:00,ORLA,,9.979999542236328,9.979999542236328,9.979999542236328,9.979999542236328,451.0
2025-06-26 11:59:00,OSTX,,1.8372999429702759,1.8372999429702759,1.8372999429702759,1.8372999429702759,148.0
2025-06-26 11:59:00,PLG,,1.5850000381469727,1.590000033378601,1.5850000381469727,1.590000033378601,2000.0
2025-06-26 11:59:00,PLMR,,151.35000610351562,151.35000610351562,151.35000610351562,151.35000610351562,176.0
2025-06-26 11:59:00,PLX,,1.4700000286102295,1.4700000286102295,1.4700000286102295,1.4700000286102295,226.0
2025-06-26 11:59:00,REI,,0.7746999859809875,0.7746999859809875,0.7746000289916992,0.7746000289916992,502.0
2025-06-26 11:59:00,SACH,,1.0894999504089355,1.0894999504089355,1.0894999504089355,1.0894999504089355,1160.0
2025-06-26 11:59:00,SATX,,2.9539999961853027,2.9539999961853027,2.9539999961853027,2.9539999961853027,1179.0
2025-06-26 11:59:00,SBEV,,3.4800000190734863,3.5868000984191895,3.4800000190734863,3.5,3062.0
2025-06-26 11:59:00,SENS,,0.4969500005245209,0.4970000088214874,0.4968999922275543,0.4968999922275543,36831.0
2025-06-26 11:59:00,SGN,,1.0,1.0,1.0,1.0,129.0
2025-06-26 11:59:00,SLI,,1.895400047302246,1.899999976158142,1.895400047302246,1.899999976158142,302.0
2025-06-26 11:59:00,SLND,,3.9600000381469727,3.9600000381469727,3.9600000381469727,3.9600000381469727,332.0
2025-06-26 11:59:00,SVM,,4.164999961853027,4.164999961853027,4.164999961853027,4.164999961853027,737.0
2025-06-26 11:59:00,TGB,,3.0999999046325684,3.0999999046325684,3.0899999141693115,3.0950000286102295,155100.0
2025-06-26 11:59:00,TOON,,0.7329999804496765,0.7329999804496765,0.7329999804496765,0.7329999804496765,150.0
2025-06-26 11:59:00,TRX,,0.3377000093460083,0.3377000093460083,0.3377000093460083,0.3377000093460083,100.0
2025-06-26 11:59:00,UAMY,,2.549999952316284,2.549999952316284,2.5450000762939453,2.5450000762939453,4414.0
2025-06-26 11:59:00,UEC,,6.940000057220459,6.940000057220459,6.920000076293945,6.920000076293945,12040.0
2025-06-26 11:59:00,URG,,1.0449999570846558,1.0499999523162842,1.0399999618530273,1.0449999570846558,1912.0
2025-06-26 11:59:00,USAS,,0.8273000121116638,0.8289999961853027,0.8273000121116638,0.8289999961853027,800.0
2025-06-26 11:59:00,UTG,,35.46500015258789,35.46500015258789,35.46500015258789,35.46500015258789,303.0
2025-06-26 11:59:00,UUUU,,5.789999961853027,5.800000190734863,5.789999961853027,5.800000190734863,5328.0
2025-06-26 11:59:00,VGZ,,1.0199999809265137,1.0199999809265137,1.0199999809265137,1.0199999809265137,500.0
2025-06-26 11:59:00,VTAK,,0.25099998712539673,0.25099998712539673,0.25099998712539673,0.25099998712539673,189.0
2025-06-26 11:59:00,VZLA,,2.9665000438690186,2.9700000286102295,2.9649999141693115,2.9700000286102295,12426.0
2025-06-26 12:00:00,AIRI,,3.347100019454956,3.347100019454956,3.347100019454956,3.347100019454956,159.0
2025-06-26 12:00:00,ARMN,,6.855000019073486,6.855000019073486,6.855000019073486,6.855000019073486,502.0
2025-06-26 12:00:00,AZTR,,0.25999999046325684,0.25999999046325684,0.25859999656677246,0.25859999656677246,6429.0
2025-06-26 12:00:00,BKTI,,54.25,54.25,54.246700286865234,54.246700286865234,1914.0
2025-06-26 12:00:00,BRBS,,3.2850000858306885,3.2850000858306885,3.2850000858306885,3.2850000858306885,573.0
2025-06-26 12:00:00,BTG,,3.6380999088287354,3.640000104904175,3.630000114440918,3.630000114440918,129577.0
2025-06-26 12:00:00,BURU,,0.323199987411499,0.325300008058548,0.32269999384880066,0.32350000739097595,51919.0
2025-06-26 12:00:00,CANF,,1.0606000423431396,1.0606000423431396,1.0606000423431396,1.0606000423431396,246.0
2025-06-26 12:00:00,CATX,,3.640000104904175,3.6500000953674316,3.628999948501587,3.628999948501587,9075.0
2025-06-26 12:00:00,CBOE,,227.8699951171875,227.8699951171875,227.8699951171875,227.8699951171875,258.0
2025-06-26 12:00:00,CKX,,11.199999809265137,11.449999809265137,10.5,10.7253999710083,4288.0
2025-06-26 12:00:00,CLM,,7.945000171661377,7.945899963378906,7.945000171661377,7.945899963378906,1757.0
2025-06-26 12:00:00,CMCL,,19.145000457763672,19.145000457763672,19.100000381469727,19.100000381469727,1528.0
2025-06-26 12:00:00,CMT,,16.860000610351562,16.860000610351562,16.860000610351562,16.860000610351562,250.0
2025-06-26 12:00:00,CQP,,55.72999954223633,55.77000045776367,55.68000030517578,55.72999954223633,1071.0
2025-06-26 12:00:00,CRF,,7.565000057220459,7.565000057220459,7.565000057220459,7.565000057220459,454.0
2025-06-26 12:00:00,CTM,,1.0449999570846558,1.0449999570846558,1.0449999570846558,1.0449999570846558,131.0
2025-06-26 12:00:00,CYBN,,8.529999732971191,8.529999732971191,8.49839973449707,8.49839973449707,984.0
2025-06-26 12:00:00,DC,,3.805000066757202,3.805000066757202,3.805000066757202,3.805000066757202,371.0
2025-06-26 12:00:00,DNN,,1.8200000524520874,1.8200000524520874,1.809999942779541,1.8200000524520874,232037.0
2025-06-26 12:00:00,ELMD,,21.450000762939453,21.450000762939453,21.450000762939453,21.450000762939453,420.0
2025-06-26 12:00:00,EMX,,2.549999952316284,2.555000066757202,2.549999952316284,2.555000066757202,3501.0
2025-06-26 12:00:00,EQX,,5.90500020980835,5.90500020980835,5.900000095367432,5.90500020980835,1860.0
2025-06-26 12:00:00,EVM,,8.84000015258789,8.84000015258789,8.84000015258789,8.84000015258789,100.0
2025-06-26 12:00:00,FSP,,1.684999942779541,1.684999942779541,1.684999942779541,1.684999942779541,100.0
2025-06-26 12:00:00,FTF,,6.380000114440918,6.380000114440918,6.380000114440918,6.380000114440918,200.0
2025-06-26 12:00:00,GGN,,4.369999885559082,4.369999885559082,4.369999885559082,4.369999885559082,614.0
2025-06-26 12:00:00,GNS,,0.8679999709129333,0.8841000199317932,0.8525999784469604,0.8673999905586243,27773.0
2025-06-26 12:00:00,GROY,,2.2750000953674316,2.2750000953674316,2.2750000953674316,2.2750000953674316,1875.0
2025-06-26 12:00:00,GTE,,5.059999942779541,5.059999942779541,5.059999942779541,5.059999942779541,417.0
2025-06-26 12:00:00,HUSA,,13.25,13.25,13.25,13.25,129.0
2025-06-26 12:00:00,IBO,,1.0002000331878662,1.0099999904632568,1.0,1.0096999406814575,10687.0
2025-06-26 12:00:00,IDR,,13.100000381469727,13.100000381469727,13.100000381469727,13.100000381469727,191.0
2025-06-26 12:00:00,IE,,9.885000228881836,9.890000343322754,9.885000228881836,9.890000343322754,258.0
2025-06-26 12:00:00,IMO,,81.26000213623047,81.26000213623047,81.23999786376953,81.23999786376953,587.0
2025-06-26 12:00:00,INDO,,3.130000114440918,3.130000114440918,3.119999885559082,3.130000114440918,898.0
2025-06-26 12:00:00,KNW,,1.9000999927520752,1.9149999618530273,1.9000999927520752,1.9149999618530273,2153.0
2025-06-26 12:00:00,KULR,,5.150100231170654,5.15500020980835,5.150000095367432,5.152699947357178,4551.0
2025-06-26 12:00:00,LCTX,,1.0099999904632568,1.0153000354766846,1.0099999904632568,1.0099999904632568,2776.0
2025-06-26 12:00:00,LEU,,181.0,181.0,180.38999938964844,180.49000549316406,2022.0
2025-06-26 12:00:00,LMND,,41.59980010986328,41.630001068115234,41.56999969482422,41.599998474121094,4887.0
2025-06-26 12:00:00,LNG,,242.17999267578125,242.17999267578125,242.05499267578125,242.05499267578125,1127.0
2025-06-26 12:00:00,LODE,,3.7574000358581543,3.7574000358581543,3.7574000358581543,3.7574000358581543,1130.0
2025-06-26 12:00:00,MAG,,21.30500030517578,21.309999465942383,21.299999237060547,21.299999237060547,3081.0
2025-06-26 12:00:00,MYO,,2.255000114440918,2.255000114440918,2.255000114440918,2.255000114440918,147.0
2025-06-26 12:00:00,NAK,,1.569700002670288,1.569700002670288,1.565000057220459,1.565000057220459,2600.0
2025-06-26 12:00:00,NBH,,9.805000305175781,9.805000305175781,9.805000305175781,9.805000305175781,813.0
2025-06-26 12:00:00,NFGC,,1.475000023841858,1.475000023841858,1.475000023841858,1.475000023841858,100.0
2025-06-26 12:00:00,NG,,4.049900054931641,4.050000190734863,4.049900054931641,4.050000190734863,1689.0
2025-06-26 12:00:00,NGD,,4.894999980926514,4.900000095367432,4.889999866485596,4.889999866485596,5117.0
2025-06-26 12:00:00,NNVC,,1.1747000217437744,1.1747000217437744,1.166599988937378,1.166599988937378,300.0
2025-06-26 12:00:00,OPTT,,0.5070000290870667,0.508400022983551,0.5059999823570251,0.5083000063896179,19060.0
2025-06-26 12:00:00,ORLA,,9.994999885559082,10.0,9.989999771118164,9.989999771118164,2721.0
2025-06-26 12:00:00,PLG,,1.589400053024292,1.589400053024292,1.589400053024292,1.589400053024292,219.0
2025-06-26 12:00:00,PLMR,,151.1300048828125,151.35000610351562,151.1300048828125,151.35000610351562,800.0
2025-06-26 12:00:00,REI,,0.7749999761581421,0.7749999761581421,0.7746999859809875,0.7746999859809875,953.0
2025-06-26 12:00:00,SATX,,2.950000047683716,2.950000047683716,2.950000047683716,2.950000047683716,667.0
2025-06-26 12:00:00,SBEV,,3.6500000953674316,3.6500000953674316,3.569999933242798,3.5899999141693115,5407.0
2025-06-26 12:00:00,SENS,,0.4968999922275543,0.4970000088214874,0.4968999922275543,0.4970000088214874,58425.0
2025-06-26 12:00:00,SGN,,1.0049999952316284,1.0049999952316284,1.0049999952316284,1.0049999952316284,150.0
2025-06-26 12:00:00,SKYH,,9.470000267028809,9.470000267028809,9.470000267028809,9.470000267028809,1111.0
2025-06-26 12:00:00,SLI,,1.8949999809265137,1.8949999809265137,1.8949999809265137,1.8949999809265137,239.0
2025-06-26 12:00:00,SOAR,,1.440500020980835,1.440500020980835,1.440500020980835,1.440500020980835,105.0
2025-06-26 12:00:00,STXS,,2.234999895095825,2.234999895095825,2.2300000190734863,2.2300000190734863,603.0
2025-06-26 12:00:00,SVM,,4.159999847412109,4.162399768829346,4.159999847412109,4.159999847412109,3380.0
2025-06-26 12:00:00,TGB,,3.109999895095825,3.109999895095825,3.0899999141693115,3.0999999046325684,234571.0
2025-06-26 12:00:00,TMP,,62.60499954223633,62.60499954223633,62.60499954223633,62.60499954223633,773.0
2025-06-26 12:00:00,UAMY,,2.549999952316284,2.549999952316284,2.549999952316284,2.549999952316284,567.0
2025-06-26 12:00:00,UEC,,6.960000038146973,6.965000152587891,6.940000057220459,6.940000057220459,109260.0
2025-06-26 12:00:00,URG,,1.0449999570846558,1.0499999523162842,1.0399999618530273,1.0449999570846558,3822.0
2025-06-26 12:00:00,UUUU,,5.795000076293945,5.800000190734863,5.795000076293945,5.795000076293945,5118.0
2025-06-26 12:00:00,VGZ,,1.024999976158142,1.024999976158142,1.024999976158142,1.024999976158142,100.0
2025-06-26 12:00:00,VKI,,8.199999809265137,8.199999809265137,8.199999809265137,8.199999809265137,160.0
2025-06-26 12:00:00,VZLA,,2.9700000286102295,2.9700000286102295,2.9700000286102295,2.9700000286102295,404.0
2025-06-26 12:00:00,WRN,,1.2450000047683716,1.2450000047683716,1.2450000047683716,1.2450000047683716,100.0
2025-06-26 12:00:00,XPL,,0.6510999798774719,0.6510999798774719,0.6510999798774719,0.6510999798774719,110.0
2025-06-26 12:00:00,ZDGE,,4.039999961853027,4.039999961853027,4.010000228881836,4.010000228881836,901.0
2025-06-26 12:01:00,ARMN,,6.855000019073486,6.855000019073486,6.855000019073486,6.855000019073486,300.0
2025-06-26 12:01:00,ASM,,3.549999952316284,3.549999952316284,3.5450000762939453,3.549999952316284,13258.0
2025-06-26 12:01:00,ATNM,,1.5149999856948853,1.5149999856948853,1.5149999856948853,1.5149999856948853,345.0
2025-06-26 12:01:00,AZTR,,0.25999999046325684,0.25999999046325684,0.25999999046325684,0.25999999046325684,2201.0
2025-06-26 12:01:00,BKTI,,54.25,54.25,54.25,54.25,499.0
2025-06-26 12:01:00,BRBS,,3.2850000858306885,3.2899999618530273,3.2850000858306885,3.2899999618530273,2677.0
2025-06-26 12:01:00,BTG,,3.640000104904175,3.640000104904175,3.630000114440918,3.640000104904175,318570.0
2025-06-26 12:01:00,BURU,,0.32739999890327454,0.32839998602867126,0.32624998688697815,0.32624998688697815,8474.0
2025-06-26 12:01:00,CATX,,3.6445999145507812,3.6449999809265137,3.6445999145507812,3.6445999145507812,877.0
2025-06-26 12:01:00,CBOE,,227.6999969482422,227.91000366210938,227.6999969482422,227.8699951171875,2902.0
2025-06-26 12:01:00,CIK,,2.940000057220459,2.940000057220459,2.940000057220459,2.940000057220459,100.0
2025-06-26 12:01:00,CKX,,10.725000381469727,11.399999618530273,10.725000381469727,10.725000381469727,9960.0
2025-06-26 12:01:00,CLM,,7.949999809265137,7.949999809265137,7.949999809265137,7.949999809265137,297.0
2025-06-26 12:01:00,CQP,,55.849998474121094,55.849998474121094,55.75,55.790000915527344,697.0
2025-06-26 12:01:00,CTGO,,20.7549991607666,20.7549991607666,20.7549991607666,20.7549991607666,365.0
2025-06-26 12:01:00,CYBN,,8.579999923706055,8.579999923706055,8.579999923706055,8.579999923706055,200.0
2025-06-26 12:01:00,DDC,,10.117899894714355,10.117899894714355,10.117899894714355,10.117899894714355,415.0
2025-06-26 12:01:00,DNN,,1.8250000476837158,1.8300000429153442,1.809999942779541,1.8145999908447266,2046375.0
2025-06-26 12:01:00,EIM,,9.55459976196289,9.55459976196289,9.55459976196289,9.55459976196289,1952.0
2025-06-26 12:01:00,EMX,,2.549999952316284,2.5592000484466553,2.549999952316284,2.5592000484466553,3410.0
2025-06-26 12:01:00,EQX,,5.90500020980835,5.90500020980835,5.900000095367432,5.900000095367432,4096.0
2025-06-26 12:01:00,ERH,,11.364500045776367,11.364500045776367,11.364500045776367,11.364500045776367,100.0
2025-06-26 12:01:00,FOXO,,0.19990099966526031,0.19990099966526031,0.19990099966526031,0.19990099966526031,2676.0
2025-06-26 12:01:00,FSP,,1.684999942779541,1.684999942779541,1.684999942779541,1.684999942779541,130.0
2025-06-26 12:01:00,FTF,,6.385000228881836,6.389999866485596,6.385000228881836,6.389999866485596,200.0
2025-06-26 12:01:00,GAU,,1.315000057220459,1.315000057220459,1.315000057220459,1.315000057220459,203.0
2025-06-26 12:01:00,GLO,,5.340000152587891,5.340000152587891,5.340000152587891,5.340000152587891,1001.0
2025-06-26 12:01:00,GNS,,0.8715000152587891,0.8837000131607056,0.8622000217437744,0.8837000131607056,45751.0
2025-06-26 12:01:00,GORO,,0.5486000180244446,0.5486000180244446,0.5464000105857849,0.5464000105857849,202.0
2025-06-26 12:01:00,GROY,,2.2750000953674316,2.2750000953674316,2.2699999809265137,2.2750000953674316,1211.0
2025-06-26 12:01:00,GSAT,,23.299999237060547,23.299999237060547,23.260000228881836,23.260000228881836,1128.0
2025-06-26 12:01:00,IBO,,1.024999976158142,1.0299999713897705,1.0,1.0049999952316284,46740.0
2025-06-26 12:01:00,IDR,,13.119999885559082,13.130000114440918,13.109999656677246,13.109999656677246,1696.0
2025-06-26 12:01:00,IE,,9.885000228881836,9.899999618530273,9.885000228881836,9.899999618530273,2327.0
2025-06-26 12:01:00,IGC,,0.3093000054359436,0.3093000054359436,0.3093000054359436,0.3093000054359436,115.0
2025-06-26 12:01:00,IMO,,81.30999755859375,81.30999755859375,81.30999755859375,81.30999755859375,100.0
2025-06-26 12:01:00,ITP,,0.1881999969482422,0.1889999955892563,0.1881999969482422,0.1889999955892563,1225.0
2025-06-26 12:01:00,ITRG,,1.559999942779541,1.559999942779541,1.559999942779541,1.559999942779541,400.0
2025-06-26 12:01:00,KNW,,1.9046000242233276,1.9046000242233276,1.9000999927520752,1.9020999670028687,1913.0
2025-06-26 12:01:00,KULR,,5.15749979019165,5.159999847412109,5.150000095367432,5.15500020980835,11500.0
2025-06-26 12:01:00,LCTX,,1.0149999856948853,1.0149999856948853,1.0099999904632568,1.0099999904632568,1886.0
2025-06-26 12:01:00,LEU,,181.5,181.5,181.0399932861328,181.0399932861328,1799.0
2025-06-26 12:01:00,LMND,,41.63999938964844,41.63999938964844,41.63999938964844,41.63999938964844,669.0
2025-06-26 12:01:00,LNG,,242.10000610351562,242.19000244140625,242.10000610351562,242.19000244140625,375.0
2025-06-26 12:01:00,MAG,,21.315000534057617,21.315000534057617,21.305299758911133,21.305299758911133,4753.0
2025-06-26 12:01:00,MYO,,2.255000114440918,2.255000114440918,2.255000114440918,2.255000114440918,491.0
2025-06-26 12:01:00,NAK,,1.565000057220459,1.5651999711990356,1.561900019645691,1.565000057220459,16340.0
2025-06-26 12:01:00,NBH,,9.800000190734863,9.800000190734863,9.800000190734863,9.800000190734863,7333.0
2025-06-26 12:01:00,NFGC,,1.4800000190734863,1.4800000190734863,1.4800000190734863,1.4800000190734863,410.0
2025-06-26 12:01:00,NG,,4.050000190734863,4.050000190734863,4.045000076293945,4.050000190734863,1110.0
2025-06-26 12:01:00,NGD,,4.894999980926514,4.900000095367432,4.889999866485596,4.894999980926514,9704.0
2025-06-26 12:01:00,NRXS,,2.549999952316284,2.549999952316284,2.549999952316284,2.549999952316284,300.0
2025-06-26 12:01:00,OBE,,5.545000076293945,5.545000076293945,5.545000076293945,5.545000076293945,446.0
2025-06-26 12:01:00,OPTT,,0.5081999897956848,0.5081999897956848,0.5081999897956848,0.5081999897956848,1500.0
2025-06-26 12:01:00,ORLA,,9.994999885559082,9.994999885559082,9.984999656677246,9.989999771118164,2675.0
2025-06-26 12:01:00,PHGE,,0.4559989869594574,0.4559989869594574,0.4559989869594574,0.4559989869594574,800.0
2025-06-26 12:01:00,PLG,,1.5850000381469727,1.590000033378601,1.5800000429153442,1.590000033378601,5606.0
2025-06-26 12:01:00,PLMR,,151.572998046875,151.572998046875,151.33999633789062,151.33999633789062,1951.0
2025-06-26 12:01:00,PLX,,1.4700000286102295,1.4700000286102295,1.4700000286102295,1.4700000286102295,100.0
2025-06-26 12:01:00,REI,,0.7730000019073486,0.7759000062942505,0.7717000246047974,0.7746000289916992,14804.0
2025-06-26 12:01:00,RLGT,,6.005000114440918,6.005000114440918,6.005000114440918,6.005000114440918,542.0
2025-06-26 12:01:00,RVP,,0.6600000262260437,0.6600000262260437,0.6600000262260437,0.6600000262260437,211.0
2025-06-26 12:01:00,SBEV,,3.740000009536743,3.740000009536743,3.609999895095825,3.680000066757202,13401.0
2025-06-26 12:01:00,SENS,,0.49720001220703125,0.49729999899864197,0.4969500005245209,0.4970000088214874,42532.0
2025-06-26 12:01:00,SLI,,1.8949999809265137,1.8949999809265137,1.8949999809265137,1.8949999809265137,177.0
2025-06-26 12:01:00,STXS,,2.2393999099731445,2.2393999099731445,2.2393999099731445,2.2393999099731445,482.0
2025-06-26 12:01:00,SVM,,4.164999961853027,4.170000076293945,4.159999847412109,4.159999847412109,7890.0
2025-06-26 12:01:00,TGB,,3.100100040435791,3.109999895095825,3.100100040435791,3.109999895095825,62581.0
2025-06-26 12:01:00,TMQ,,1.4900000095367432,1.4900000095367432,1.4900000095367432,1.4900000095367432,500.0
2025-06-26 12:01:00,TPET,,1.2050000429153442,1.2050000429153442,1.2050000429153442,1.2050000429153442,1044.0
2025-06-26 12:01:00,UAMY,,2.5450000762939453,2.549999952316284,2.5450000762939453,2.549999952316284,1300.0
2025-06-26 12:01:00,UAVS,,1.0901000499725342,1.0901000499725342,1.0901000499725342,1.0901000499725342,934.0
2025-06-26 12:01:00,UEC,,6.980000019073486,6.980000019073486,6.949999809265137,6.954999923706055,74986.0
2025-06-26 12:01:00,URG,,1.0449999570846558,1.0499999523162842,1.0449999570846558,1.0449999570846558,5707.0
2025-06-26 12:01:00,USAS,,0.8281000256538391,0.8281000256538391,0.8281000256538391,0.8281000256538391,305.0
2025-06-26 12:01:00,UTG,,35.47060012817383,35.47060012817383,35.47060012817383,35.47060012817383,117.0
2025-06-26 12:01:00,UUUU,,5.824999809265137,5.824999809265137,5.800000190734863,5.800000190734863,153354.0
2025-06-26 12:01:00,VGZ,,1.0199999809265137,1.020900011062622,1.0199999809265137,1.020900011062622,10104.0
2025-06-26 12:01:00,VTAK,,0.25099998712539673,0.25099998712539673,0.25099998712539673,0.25099998712539673,2505.0
2025-06-26 12:01:00,VZLA,,2.9677000045776367,2.9700000286102295,2.9677000045776367,2.9700000286102295,232.0
2025-06-26 12:02:00,ARMN,,6.859099864959717,6.860000133514404,6.859099864959717,6.860000133514404,1095.0
2025-06-26 12:02:00,ASM,,3.555000066757202,3.555000066757202,3.549799919128418,3.549799919128418,39054.0
2025-06-26 12:02:00,BKTI,,54.25,54.25,54.25,54.25,182.0
2025-06-26 12:02:00,BTG,,3.640000104904175,3.640000104904175,3.634999990463257,3.634999990463257,105962.0
2025-06-26 12:02:00,BURU,,0.3278000056743622,0.3278000056743622,0.327349990606308,0.327349990606308,3148.0
2025-06-26 12:02:00,CBOE,,227.6300048828125,227.6999969482422,227.6300048828125,227.6999969482422,1171.0
2025-06-26 12:02:00,CKX,,10.550000190734863,10.932000160217285,10.470000267028809,10.899999618530273,4337.0
2025-06-26 12:02:00,CLM,,7.945000171661377,7.945000171661377,7.945000171661377,7.945000171661377,102.0
2025-06-26 12:02:00,CQP,,55.849998474121094,55.849998474121094,55.77000045776367,55.77000045776367,301.0
2025-06-26 12:02:00,CTM,,1.0449999570846558,1.0449999570846558,1.0440000295639038,1.0449999570846558,839.0
2025-06-26 12:02:00,CYBN,,8.494999885559082,8.494999885559082,8.45930004119873,8.45930004119873,284.0
2025-06-26 12:02:00,DC,,3.805000066757202,3.805000066757202,3.805000066757202,3.805000066757202,122.0
2025-06-26 12:02:00,DDC,,10.100000381469727,10.100000381469727,10.100000381469727,10.100000381469727,1373.0
2025-06-26 12:02:00,DNN,,1.8250000476837158,1.8300000429153442,1.8200000524520874,1.8295999765396118,437509.0
2025-06-26 12:02:00,ELMD,,21.31999969482422,21.31999969482422,21.31999969482422,21.31999969482422,500.0
2025-06-26 12:02:00,EMX,,2.555000066757202,2.555000066757202,2.555000066757202,2.555000066757202,7800.0
2025-06-26 12:02:00,EQX,,5.90500020980835,5.90500020980835,5.900000095367432,5.90500020980835,1357.0
2025-06-26 12:02:00,EVV,,10.164999961853027,10.164999961853027,10.164999961853027,10.164999961853027,200.0
2025-06-26 12:02:00,FOXO,,0.20000000298023224,0.20000000298023224,0.20000000298023224,0.20000000298023224,1006071.0
2025-06-26 12:02:00,FSP,,1.690000057220459,1.690000057220459,1.684999942779541,1.684999942779541,288.0
2025-06-26 12:02:00,GGN,,4.375,4.375,4.375,4.375,201.0
2025-06-26 12:02:00,GNS,,0.8600999712944031,0.8729990124702454,0.8575000166893005,0.8701000213623047,99328.0
2025-06-26 12:02:00,GORO,,0.5464000105857849,0.5464000105857849,0.5464000105857849,0.5464000105857849,102.0
2025-06-26 12:02:00,GROY,,2.2750000953674316,2.2750000953674316,2.2699999809265137,2.2750000953674316,1876.0
2025-06-26 12:02:00,GSAT,,23.344100952148438,23.344100952148438,23.344100952148438,23.344100952148438,1667.0
2025-06-26 12:02:00,HUSA,,13.289999961853027,13.289999961853027,13.289999961853027,13.289999961853027,411.0
2025-06-26 12:02:00,IBO,,1.024999976158142,1.0299999713897705,1.0199999809265137,1.0199999809265137,10636.0
2025-06-26 12:02:00,IDR,,13.140000343322754,13.140000343322754,13.140000343322754,13.140000343322754,416.0
2025-06-26 12:02:00,IE,,9.890000343322754,9.890000343322754,9.890000343322754,9.890000343322754,100.0
2025-06-26 12:02:00,IMO,,81.25,81.27999877929688,81.25,81.27999877929688,624.0
2025-06-26 12:02:00,INDO,,3.125,3.125,3.125,3.125,150.0
2025-06-26 12:02:00,KNW,,1.909999966621399,1.9158999919891357,1.909999966621399,1.9158999919891357,5511.0
2025-06-26 12:02:00,KULR,,5.144999980926514,5.15749979019165,5.144999980926514,5.15749979019165,9185.0
2025-06-26 12:02:00,LCTX,,1.0,1.0099999904632568,1.0,1.0099999904632568,16927.0
2025-06-26 12:02:00,LMND,,41.65999984741211,41.65999984741211,41.65999984741211,41.65999984741211,1198.0
2025-06-26 12:02:00,LNG,,242.1300048828125,242.1699981689453,242.1300048828125,242.16000366210938,3731.0
2025-06-26 12:02:00,MAG,,21.31999969482422,21.31999969482422,21.310699462890625,21.310699462890625,5342.0
2025-06-26 12:02:00,MITQ,,0.6800000071525574,0.6800000071525574,0.6800000071525574,0.6800000071525574,205.0
2025-06-26 12:02:00,MTA,,3.843400001525879,3.843400001525879,3.843400001525879,3.843400001525879,253.0
2025-06-26 12:02:00,NAK,,1.565000057220459,1.569000005722046,1.565000057220459,1.569000005722046,2200.0
2025-06-26 12:02:00,NBH,,9.799099922180176,9.799099922180176,9.799099922180176,9.799099922180176,1900.0
2025-06-26 12:02:00,NCL,,0.17630000412464142,0.17630000412464142,0.17630000412464142,0.17630000412464142,1349.0
2025-06-26 12:02:00,NFGC,,1.4800000190734863,1.4800000190734863,1.475000023841858,1.4800000190734863,6757.0
2025-06-26 12:02:00,NG,,4.050000190734863,4.050000190734863,4.045000076293945,4.050000190734863,2585.0
2025-06-26 12:02:00,NGD,,4.894999980926514,4.900000095367432,4.889999866485596,4.900000095367432,74732.0
2025-06-26 12:02:00,NHC,,107.83000183105469,107.83000183105469,107.83000183105469,107.83000183105469,215.0
2025-06-26 12:02:00,NHS,,7.500199794769287,7.503799915313721,7.500199794769287,7.503799915313721,1612.0
2025-06-26 12:02:00,NNVC,,1.166599988937378,1.166599988937378,1.166599988937378,1.166599988937378,208.0
2025-06-26 12:02:00,OBE,,5.545000076293945,5.545000076293945,5.545000076293945,5.545000076293945,255.0
2025-06-26 12:02:00,OPTT,,0.5081999897956848,0.5081999897956848,0.5081999897956848,0.5081999897956848,1080.0
2025-06-26 12:02:00,PLG,,1.590000033378601,1.590000033378601,1.5800000429153442,1.590000033378601,6336.0
2025-06-26 12:02:00,PLMR,,151.6649932861328,151.6649932861328,151.6649932861328,151.6649932861328,360.0
2025-06-26 12:02:00,PLX,,1.4700000286102295,1.4700000286102295,1.4700000286102295,1.4700000286102295,107.0
2025-06-26 12:02:00,REI,,0.7738000154495239,0.7749999761581421,0.7716000080108643,0.7716000080108643,4450.0
2025-06-26 12:02:00,SENS,,0.4991999864578247,0.4993000030517578,0.49720001220703125,0.4972499907016754,104734.0
2025-06-26 12:02:00,SLI,,1.8949999809265137,1.8949999809265137,1.8949999809265137,1.8949999809265137,400.0
2025-06-26 12:02:00,SVM,,4.164599895477295,4.170000076293945,4.163300037384033,4.170000076293945,3715.0
2025-06-26 12:02:00,TGB,,3.103300094604492,3.1050000190734863,3.0999999046325684,3.0999999046325684,11660.0
2025-06-26 12:02:00,TMQ,,1.4967000484466553,1.4967000484466553,1.4967000484466553,1.4967000484466553,201.0
2025-06-26 12:02:00,UAMY,,2.5250000953674316,2.5450000762939453,2.5250000953674316,2.54010009765625,75763.0
2025-06-26 12:02:00,UAVS,,1.0988999605178833,1.100000023841858,1.0950000286102295,1.0950000286102295,535.0
2025-06-26 12:02:00,UEC,,6.985000133514404,6.989999771118164,6.980000019073486,6.980000019073486,44976.0
2025-06-26 12:02:00,URG,,1.0449999570846558,1.0499999523162842,1.0449999570846558,1.0449999570846558,2298.0
2025-06-26 12:02:00,UUUU,,5.815000057220459,5.829999923706055,5.815000057220459,5.824999809265137,66438.0
2025-06-26 12:02:00,VGZ,,1.0299999713897705,1.0299999713897705,1.0299999713897705,1.0299999713897705,102.0
2025-06-26 12:02:00,VZLA,,2.9649999141693115,2.9700000286102295,2.9649999141693115,2.9700000286102295,944.0
2025-06-26 12:03:00,AIRI,,3.450000047683716,3.450000047683716,3.369999885559082,3.4000000953674316,2100.0
2025-06-26 12:03:00,AREN,,5.579999923706055,5.579999923706055,5.579999923706055,5.579999923706055,154.0
2025-06-26 12:03:00,ARMN,,6.864999771118164,6.864999771118164,6.860000133514404,6.860000133514404,4507.0
2025-06-26 12:03:00,ASM,,3.555000066757202,3.555000066757202,3.549999952316284,3.5510001182556152,8855.0
2025-06-26 12:03:00,AZTR,,0.25859999656677246,0.25859999656677246,0.25859999656677246,0.25859999656677246,600.0
2025-06-26 12:03:00,BKTI,,54.25,54.25,54.2400016784668,54.25,2103.0
2025-06-26 12:03:00,BRBS,,3.2850000858306885,3.2850000858306885,3.2850000858306885,3.2850000858306885,215.0
2025-06-26 12:03:00,BTG,,3.639899969100952,3.640000104904175,3.634999990463257,3.637200117111206,26323.0
2025-06-26 12:03:00,BURU,,0.32989901304244995,0.32989901304244995,0.3273000121116638,0.327349990606308,1213.0
2025-06-26 12:03:00,CATX,,3.6700000762939453,3.6700000762939453,3.6500000953674316,3.6500000953674316,2273.0
2025-06-26 12:03:00,CIK,,2.940000057220459,2.940000057220459,2.940000057220459,2.940000057220459,300.0
2025-06-26 12:03:00,CKX,,11.0,11.199999809265137,10.550000190734863,10.550000190734863,7090.0
2025-06-26 12:03:00,CLDI,,0.22269999980926514,0.22269999980926514,0.22269999980926514,0.22269999980926514,100.0
2025-06-26 12:03:00,CLM,,7.949999809265137,7.949999809265137,7.9446001052856445,7.9446001052856445,1166.0
2025-06-26 12:03:00,CQP,,55.849998474121094,55.849998474121094,55.7400016784668,55.849998474121094,653.0
2025-06-26 12:03:00,CRF,,7.565000057220459,7.5680999755859375,7.559999942779541,7.565000057220459,1234.0
2025-06-26 12:03:00,CTM,,1.042099952697754,1.042099952697754,1.042099952697754,1.042099952697754,175.0
2025-06-26 12:03:00,DNN,,1.8300000429153442,1.8300000429153442,1.8200000524520874,1.8300000429153442,1985592.0
2025-06-26 12:03:00,EMX,,2.555000066757202,2.555000066757202,2.555000066757202,2.555000066757202,137.0
2025-06-26 12:03:00,EPM,,4.75,4.75,4.75,4.75,293.0
2025-06-26 12:03:00,EQX,,5.90500020980835,5.90500020980835,5.900000095367432,5.90500020980835,18774.0
2025-06-26 12:03:00,FOXO,,0.19990000128746033,0.19990000128746033,0.19990000128746033,0.19990000128746033,100.0
2025-06-26 12:03:00,FSP,,1.684999942779541,1.684999942779541,1.684999942779541,1.684999942779541,292.0
2025-06-26 12:03:00,GAU,,1.315000057220459,1.315000057220459,1.315000057220459,1.315000057220459,200.0
2025-06-26 12:03:00,GGN,,4.369999885559082,4.369999885559082,4.369999885559082,4.369999885559082,513.0
2025-06-26 12:03:00,GLDG,,0.7464500069618225,0.746999979019165,0.7464500069618225,0.746999979019165,1325.0
2025-06-26 12:03:00,GNS,,0.8598999977111816,0.8600000143051147,0.8525999784469604,0.8526999950408936,27430.0
2025-06-26 12:03:00,GROY,,2.2750000953674316,2.2750000953674316,2.2699999809265137,2.2750000953674316,11010.0
2025-06-26 12:03:00,GSAT,,23.347999572753906,23.347999572753906,23.347999572753906,23.347999572753906,300.0
2025-06-26 12:03:00,GTE,,5.059999942779541,5.059999942779541,5.059999942779541,5.059999942779541,239.0
2025-06-26 12:03:00,IBO,,0.9951000213623047,1.0299999713897705,0.9800999760627747,1.020400047302246,99376.0
2025-06-26 12:03:00,IE,,9.885000228881836,9.886199951171875,9.88379955291748,9.88379955291748,2192.0
2025-06-26 12:03:00,INDO,,3.115000009536743,3.121000051498413,3.109999895095825,3.121000051498413,3472.0
2025-06-26 12:03:00,ITP,,0.1888989955186844,0.1888989955186844,0.1888989955186844,0.1888989955186844,233.0
2025-06-26 12:03:00,KULR,,5.120100021362305,5.145100116729736,5.120100021362305,5.145100116729736,4558.0
2025-06-26 12:03:00,LCTX,,1.0,1.0,1.0,1.0,1084.0
2025-06-26 12:03:00,LEU,,182.06500244140625,182.2899932861328,182.0,182.11000061035156,2641.0
2025-06-26 12:03:00,LMND,,41.630001068115234,41.65999984741211,41.619998931884766,41.63999938964844,2404.0
2025-06-26 12:03:00,LNG,,242.09500122070312,242.1699981689453,242.07000732421875,242.16000366210938,2842.0
2025-06-26 12:03:00,MAG,,21.329999923706055,21.329999923706055,21.319900512695312,21.319900512695312,8025.0
2025-06-26 12:03:00,MAIA,,1.6699999570846558,1.6699999570846558,1.6699999570846558,1.6699999570846558,101.0
2025-06-26 12:03:00,NAK,,1.5666999816894531,1.5666999816894531,1.559999942779541,1.565000057220459,14407.0
2025-06-26 12:03:00,NBY,,0.5929009914398193,0.5929009914398193,0.5929009914398193,0.5929009914398193,347.0
2025-06-26 12:03:00,NEWP,,1.375,1.375,1.3650000095367432,1.3700000047683716,1700.0
2025-06-26 12:03:00,NFGC,,1.4800000190734863,1.4800000190734863,1.4800000190734863,1.4800000190734863,339.0
2025-06-26 12:03:00,NG,,4.0518999099731445,4.059999942779541,4.050000190734863,4.050000190734863,21531.0
2025-06-26 12:03:00,NGD,,4.899899959564209,4.900000095367432,4.889999866485596,4.900000095367432,184263.0
2025-06-26 12:03:00,NRXS,,2.549999952316284,2.549999952316284,2.549999952316284,2.549999952316284,799.0
2025-06-26 12:03:00,OPTT,,0.5081999897956848,0.5081999897956848,0.5081999897956848,0.5081999897956848,1603.0
2025-06-26 12:03:00,ORLA,,9.994999885559082,9.994999885559082,9.994999885559082,9.994999885559082,656.0
2025-06-26 12:03:00,OSTX,,1.8600000143051147,1.8600000143051147,1.8600000143051147,1.8600000143051147,235.0
2025-06-26 12:03:00,PLG,,1.590000033378601,1.590000033378601,1.590000033378601,1.590000033378601,1000.0
2025-06-26 12:03:00,PLMR,,151.6649932861328,151.6649932861328,151.6649932861328,151.6649932861328,661.0
2025-06-26 12:03:00,PLX,,1.4700000286102295,1.475000023841858,1.4700000286102295,1.475000023841858,1734.0
2025-06-26 12:03:00,REI,,0.7727000117301941,0.7749999761581421,0.7727000117301941,0.7738000154495239,16556.0
2025-06-26 12:03:00,SATX,,2.950000047683716,2.950000047683716,2.950000047683716,2.950000047683716,110.0
2025-06-26 12:03:00,SEB,,2945.1298828125,2945.1298828125,2945.1298828125,2945.1298828125,1.0
2025-06-26 12:03:00,SENS,,0.49959999322891235,0.5019999742507935,0.49939998984336853,0.49939998984336853,79427.0
2025-06-26 12:03:00,SLI,,1.8949999809265137,1.8992999792099,1.8949999809265137,1.8992999792099,630.0
2025-06-26 12:03:00,SSY,,0.8899999856948853,0.8899999856948853,0.8899999856948853,0.8899999856948853,1000.0
2025-06-26 12:03:00,SVM,,4.164999961853027,4.164999961853027,4.164999961853027,4.164999961853027,203.0
2025-06-26 12:03:00,TGB,,3.1050000190734863,3.1050000190734863,3.0999999046325684,3.0999999046325684,450.0
2025-06-26 12:03:00,TRX,,0.3334999978542328,0.3334999978542328,0.3334999978542328,0.3334999978542328,109.0
2025-06-26 12:03:00,UAMY,,2.5250000953674316,2.5299999713897705,2.5199999809265137,2.5199999809265137,1783.0
2025-06-26 12:03:00,UEC,,7.0,7.0,6.980100154876709,6.985000133514404,65364.0
2025-06-26 12:03:00,URG,,1.0449999570846558,1.0499999523162842,1.0449999570846558,1.0449999570846558,4354.0
2025-06-26 12:03:00,USAS,,0.8288000226020813,0.8288000226020813,0.8288000226020813,0.8288000226020813,603.0
2025-06-26 12:03:00,UTG,,35.46220016479492,35.46220016479492,35.46220016479492,35.46220016479492,227.0
2025-06-26 12:03:00,UUUU,,5.844600200653076,5.84499979019165,5.820000171661377,5.820000171661377,5675970.0
2025-06-26 12:03:00,VGZ,,1.0199999809265137,1.0199999809265137,1.0199999809265137,1.0199999809265137,100.0
2025-06-26 12:03:00,VTAK,,0.2502000033855438,0.2502000033855438,0.2502000033855438,0.2502000033855438,11024.0
2025-06-26 12:03:00,VZLA,,2.9700000286102295,2.9749999046325684,2.9600000381469727,2.9700000286102295,22316.0
2025-06-26 12:04:00,AIRI,,3.490000009536743,3.490000009536743,3.441499948501587,3.441499948501587,3638.0
2025-06-26 12:04:00,AREN,,5.577000141143799,5.577000141143799,5.570000171661377,5.574999809265137,1436.0
2025-06-26 12:04:00,ASM,,3.559999942779541,3.559999942779541,3.549999952316284,3.559999942779541,11955.0
2025-06-26 12:04:00,AUST,,1.3200000524520874,1.3200000524520874,1.3200000524520874,1.3200000524520874,588.0
2025-06-26 12:04:00,BKTI,,54.18000030517578,54.209999084472656,54.0,54.15999984741211,5480.0
2025-06-26 12:04:00,BRBS,,3.2850000858306885,3.2850000858306885,3.2850000858306885,3.2850000858306885,291.0
2025-06-26 12:04:00,BTG,,3.6319000720977783,3.640000104904175,3.6319000720977783,3.6345999240875244,2021.0
2025-06-26 12:04:00,BURU,,0.328249990940094,0.328249990940094,0.3278000056743622,0.3278000056743622,612.0
2025-06-26 12:04:00,CBOE,,227.7899932861328,227.7899932861328,227.7899932861328,227.7899932861328,1702.0
2025-06-26 12:04:00,CLDI,,0.22269999980926514,0.22269999980926514,0.22269999980926514,0.22269999980926514,300.0
2025-06-26 12:04:00,CLM,,7.940000057220459,7.949900150299072,7.940000057220459,7.9471001625061035,1212.0
2025-06-26 12:04:00,CQP,,55.849998474121094,55.849998474121094,55.77000045776367,55.77000045776367,500.0
2025-06-26 12:04:00,CRF,,7.570000171661377,7.570000171661377,7.559999942779541,7.567200183868408,2545.0
2025-06-26 12:04:00,CYBN,,8.5649995803833,8.5649995803833,8.5600004196167,8.5600004196167,747.0
2025-06-26 12:04:00,DC,,3.805000066757202,3.8066999912261963,3.805000066757202,3.8066999912261963,705.0
2025-06-26 12:04:00,DNN,,1.8253999948501587,1.8300000429153442,1.8200000524520874,1.8300000429153442,580270.0
2025-06-26 12:04:00,ELMD,,21.40399932861328,21.40399932861328,21.40399932861328,21.40399932861328,838.0
2025-06-26 12:04:00,EQX,,5.90500020980835,5.90500020980835,5.90500020980835,5.90500020980835,1539.0
2025-06-26 12:04:00,ERC,,9.390000343322754,9.390000343322754,9.390000343322754,9.390000343322754,200.0
2025-06-26 12:04:00,EVV,,10.170000076293945,10.170000076293945,10.170000076293945,10.170000076293945,100.0
2025-06-26 12:04:00,FOXO,,0.20000000298023224,0.20000000298023224,0.20000000298023224,0.20000000298023224,2513.0
2025-06-26 12:04:00,FSP,,1.690000057220459,1.690000057220459,1.684999942779541,1.684999942779541,373.0
2025-06-26 12:04:00,FTF,,6.389999866485596,6.389999866485596,6.385000228881836,6.385000228881836,700.0
2025-06-26 12:04:00,GLDG,,0.7458999752998352,0.7458999752998352,0.7458999752998352,0.7458999752998352,247.0
2025-06-26 12:04:00,GLO,,5.349999904632568,5.349999904632568,5.349999904632568,5.349999904632568,109.0
2025-06-26 12:04:00,GNS,,0.869700014591217,0.8700000047683716,0.8527010083198547,0.8527010083198547,10237.0
2025-06-26 12:04:00,GORO,,0.5486999750137329,0.5486999750137329,0.5486999750137329,0.5486999750137329,566.0
2025-06-26 12:04:00,GROY,,2.2750000953674316,2.2799999713897705,2.2699999809265137,2.2750000953674316,906.0
2025-06-26 12:04:00,GTE,,5.059999942779541,5.059999942779541,5.059999942779541,5.059999942779541,156.0
2025-06-26 12:04:00,HUSA,,13.25,13.25,13.25,13.25,100.0
2025-06-26 12:04:00,IBO,,0.9948310256004333,1.0,0.9772999882698059,0.9803000092506409,79496.0
2025-06-26 12:04:00,IE,,9.899999618530273,9.899999618530273,9.899999618530273,9.899999618530273,1918.0
2025-06-26 12:04:00,IMO,,81.27999877929688,81.30000305175781,81.27999877929688,81.30000305175781,248.0
2025-06-26 12:04:00,INDO,,3.1110999584198,3.114500045776367,3.1110999584198,3.114500045776367,376.0
2025-06-26 12:04:00,KULR,,5.090000152587891,5.119999885559082,5.085000038146973,5.119999885559082,38270.0
2025-06-26 12:04:00,LCTX,,1.0,1.0091999769210815,1.0,1.0,6355.0
2025-06-26 12:04:00,LEU,,181.6199951171875,182.0,181.6199951171875,181.8300018310547,3148.0
2025-06-26 12:04:00,LMND,,41.61000061035156,41.68000030517578,41.61000061035156,41.650001525878906,2484.0
2025-06-26 12:04:00,LNG,,242.1300048828125,242.27999877929688,242.1199951171875,242.17999267578125,27691.0
2025-06-26 12:04:00,MAG,,21.325000762939453,21.325000762939453,21.31999969482422,21.325000762939453,640.0
2025-06-26 12:04:00,MAIA,,1.6611000299453735,1.6611000299453735,1.6611000299453735,1.6611000299453735,238.0
2025-06-26 12:04:00,MTA,,3.8399999141693115,3.8399999141693115,3.8399999141693115,3.8399999141693115,798.0
2025-06-26 12:04:00,MYO,,2.255000114440918,2.255000114440918,2.255000114440918,2.255000114440918,106.0
2025-06-26 12:04:00,NAK,,1.565000057220459,1.565000057220459,1.565000057220459,1.565000057220459,1259.0
2025-06-26 12:04:00,NCL,,0.17820000648498535,0.17820000648498535,0.17710000276565552,0.17710000276565552,5973.0
2025-06-26 12:04:00,NEWP,,1.3746000528335571,1.3746000528335571,1.3746000528335571,1.3746000528335571,1000.0
2025-06-26 12:04:00,NFGC,,1.4850000143051147,1.4850000143051147,1.4850000143051147,1.4850000143051147,130.0
2025-06-26 12:04:00,NG,,4.054999828338623,4.054999828338623,4.050000190734863,4.050000190734863,529.0
2025-06-26 12:04:00,NGD,,4.894999980926514,4.900000095367432,4.889999866485596,4.889999866485596,49107.0
2025-06-26 12:04:00,NRXS,,2.549999952316284,2.549999952316284,2.549999952316284,2.549999952316284,2640.0
2025-06-26 12:04:00,OPTT,,0.5081999897956848,0.5081999897956848,0.5081999897956848,0.5081999897956848,1000.0
2025-06-26 12:04:00,ORLA,,9.989999771118164,9.994999885559082,9.984999656677246,9.994999885559082,1500.0
2025-06-26 12:04:00,PHGE,,0.4560000002384186,0.4560000002384186,0.4560000002384186,0.4560000002384186,223.0
2025-06-26 12:04:00,PLAG,,0.8619999885559082,0.8619999885559082,0.8619999885559082,0.8619999885559082,100.0
2025-06-26 12:04:00,PLG,,1.5892000198364258,1.5892000198364258,1.5892000198364258,1.5892000198364258,234.0
2025-06-26 12:04:00,PLMR,,151.6699981689453,151.69000244140625,151.6649932861328,151.69000244140625,11903.0
2025-06-26 12:04:00,PLX,,1.4700000286102295,1.475000023841858,1.4700000286102295,1.475000023841858,200.0
2025-06-26 12:04:00,REI,,0.7728000283241272,0.7738000154495239,0.772599995136261,0.7728000283241272,4512.0
2025-06-26 12:04:00,SATX,,2.950000047683716,2.950000047683716,2.950000047683716,2.950000047683716,102.0
2025-06-26 12:04:00,SEB,,2962.0,2962.0,2962.0,2962.0,1.0
2025-06-26 12:04:00,SENS,,0.4973999857902527,0.49959999322891235,0.4973999857902527,0.49959999322891235,44231.0
2025-06-26 12:04:00,SGN,,0.9898899793624878,1.0049999952316284,0.977400004863739,1.0049999952316284,14919.0
2025-06-26 12:04:00,SLI,,1.8949999809265137,1.8952000141143799,1.8949999809265137,1.8952000141143799,787.0
2025-06-26 12:04:00,STXS,,2.234999895095825,2.234999895095825,2.234999895095825,2.234999895095825,240.0
2025-06-26 12:04:00,SVM,,4.170000076293945,4.170000076293945,4.168799877166748,4.168799877166748,1167.0
2025-06-26 12:04:00,TGB,,3.1050000190734863,3.1050000190734863,3.1050000190734863,3.1050000190734863,500.0
2025-06-26 12:04:00,TMQ,,1.4905999898910522,1.4905999898910522,1.4905999898910522,1.4905999898910522,507.0
2025-06-26 12:04:00,TRX,,0.3376989960670471,0.3376989960670471,0.3376989960670471,0.3376989960670471,500.0
2025-06-26 12:04:00,UAMY,,2.5299999713897705,2.5350000858306885,2.5250000953674316,2.5299999713897705,7629.0
2025-06-26 12:04:00,UEC,,6.994999885559082,7.0,6.989999771118164,6.994999885559082,32984.0
2025-06-26 12:04:00,URG,,1.0449999570846558,1.0499999523162842,1.0449999570846558,1.0489000082015991,11242.0
2025-06-26 12:04:00,USAS,,0.8288999795913696,0.8288999795913696,0.8288999795913696,0.8288999795913696,200.0
2025-06-26 12:04:00,UUUU,,5.84499979019165,5.849999904632568,5.840000152587891,5.84499979019165,18207.0
2025-06-26 12:04:00,VKI,,8.199999809265137,8.199999809265137,8.199999809265137,8.199999809265137,140.0
2025-06-26 12:04:00,ZDGE,,4.010000228881836,4.010000228881836,4.010000228881836,4.010000228881836,403.0
2025-06-26 12:05:00,AIRI,,3.4200000762939453,3.549999952316284,3.3399999141693115,3.4200000762939453,24473.0
2025-06-26 12:05:00,ASM,,3.559999942779541,3.5699000358581543,3.555000066757202,3.5553998947143555,28579.0
2025-06-26 12:05:00,AZTR,,0.25999999046325684,0.26249998807907104,0.2574009895324707,0.2574009895324707,67257.0
2025-06-26 12:05:00,BEEP,,4.070000171661377,4.070000171661377,4.070000171661377,4.070000171661377,207.0
2025-06-26 12:05:00,BHB,,29.575000762939453,29.575000762939453,29.575000762939453,29.575000762939453,125.0
2025-06-26 12:05:00,BRBS,,3.2850000858306885,3.2850000858306885,3.2850000858306885,3.2850000858306885,413.0
2025-06-26 12:05:00,BTG,,3.6396000385284424,3.640000104904175,3.6301000118255615,3.640000104904175,10385.0
2025-06-26 12:05:00,BURU,,0.3297399878501892,0.3297399878501892,0.3297399878501892,0.3297399878501892,8001.0
2025-06-26 12:05:00,CIK,,2.940000057220459,2.940000057220459,2.940000057220459,2.940000057220459,100.0
2025-06-26 12:05:00,CLM,,7.945000171661377,7.945000171661377,7.945000171661377,7.945000171661377,211.0
2025-06-26 12:05:00,COE,,33.30379867553711,33.30379867553711,33.30379867553711,33.30379867553711,518.0
2025-06-26 12:05:00,CPHI,,1.7669999599456787,1.7669999599456787,1.7669999599456787,1.7669999599456787,200.0
2025-06-26 12:05:00,CQP,,55.77000045776367,55.77000045776367,55.77000045776367,55.77000045776367,335.0
2025-06-26 12:05:00,CTM,,1.0400999784469604,1.0400999784469604,1.0400999784469604,1.0400999784469604,500.0
2025-06-26 12:05:00,DC,,3.805000066757202,3.805000066757202,3.805000066757202,3.805000066757202,202.0
2025-06-26 12:05:00,DNN,,1.8250000476837158,1.8300000429153442,1.8200000524520874,1.8250000476837158,517296.0
2025-06-26 12:05:00,EAD,,6.981200218200684,6.981200218200684,6.981200218200684,6.981200218200684,233.0
2025-06-26 12:05:00,EQX,,5.90500020980835,5.90500020980835,5.900000095367432,5.900000095367432,11297.0
2025-06-26 12:05:00,FTF,,6.380000114440918,6.380099773406982,6.380000114440918,6.380099773406982,1650.0
2025-06-26 12:05:00,GAU,,1.315000057220459,1.315000057220459,1.315000057220459,1.315000057220459,208.0
2025-06-26 12:05:00,GLDG,,0.7459099888801575,0.7459099888801575,0.7459099888801575,0.7459099888801575,576.0
2025-06-26 12:05:00,GNS,,0.8690000176429749,0.8697999715805054,0.8600999712944031,0.8697999715805054,3988.0
2025-06-26 12:05:00,GROY,,2.2699999809265137,2.2750000953674316,2.2699999809265137,2.2750000953674316,988697.0
2025-06-26 12:05:00,GSAT,,23.329999923706055,23.329999923706055,23.329999923706055,23.329999923706055,156.0
2025-06-26 12:05:00,IBO,,0.9836999773979187,0.9922000169754028,0.9700000286102295,0.9921010136604309,16728.0
2025-06-26 12:05:00,IDR,,13.194999694824219,13.194999694824219,13.149999618530273,13.149999618530273,1767.0
2025-06-26 12:05:00,IE,,9.869999885559082,9.899999618530273,9.869999885559082,9.899999618530273,8788.0
2025-06-26 12:05:00,IGC,,0.30904901027679443,0.30904901027679443,0.30809998512268066,0.30809998512268066,1900.0
2025-06-26 12:05:00,IMO,,81.30999755859375,81.30999755859375,81.30999755859375,81.30999755859375,1008.0
2025-06-26 12:05:00,INDO,,3.119999885559082,3.119999885559082,3.119999885559082,3.119999885559082,519.0
2025-06-26 12:05:00,ITP,,0.1889999955892563,0.1889999955892563,0.1889999955892563,0.1889999955892563,9606.0
2025-06-26 12:05:00,ITRG,,1.568600058555603,1.568600058555603,1.568600058555603,1.568600058555603,1000.0
2025-06-26 12:05:00,KULR,,5.09499979019165,5.099999904632568,5.080100059509277,5.088799953460693,42924.0
2025-06-26 12:05:00,LCTX,,1.0,1.0051000118255615,1.0,1.0051000118255615,6597.0
2025-06-26 12:05:00,LEU,,181.35000610351562,181.52000427246094,181.35000610351562,181.52000427246094,983.0
2025-06-26 12:05:00,LMND,,41.619998931884766,41.619998931884766,41.56999969482422,41.59000015258789,1749.0
2025-06-26 12:05:00,LNG,,242.5,242.5,242.1750030517578,242.25999450683594,3694.0
2025-06-26 12:05:00,MAG,,21.309999465942383,21.31999969482422,21.30500030517578,21.31999969482422,6326.0
2025-06-26 12:05:00,MTNB,,0.949999988079071,0.949999988079071,0.949999988079071,0.949999988079071,508.0
2025-06-26 12:05:00,MXC,,9.109999656677246,9.109999656677246,9.109999656677246,9.109999656677246,149.0
2025-06-26 12:05:00,NAK,,1.559999942779541,1.5688999891281128,1.559999942779541,1.559999942779541,3241.0
2025-06-26 12:05:00,NCL,,0.17820000648498535,0.17820000648498535,0.17800000309944153,0.17800000309944153,12000.0
2025-06-26 12:05:00,NFGC,,1.4850000143051147,1.4850000143051147,1.4850000143051147,1.4850000143051147,1300.0
2025-06-26 12:05:00,NG,,4.059700012207031,4.059899806976318,4.050000190734863,4.055799961090088,14512.0
2025-06-26 12:05:00,NGD,,4.894999980926514,4.894999980926514,4.889999866485596,4.889999866485596,6651.0
2025-06-26 12:05:00,OBE,,5.570000171661377,5.570000171661377,5.550000190734863,5.550000190734863,5680.0
2025-06-26 12:05:00,OPTT,,0.5083000063896179,0.5098999738693237,0.5066999793052673,0.5098000168800354,6472.0
2025-06-26 12:05:00,ORLA,,9.984999656677246,9.989999771118164,9.984999656677246,9.989999771118164,847.0
2025-06-26 12:05:00,PLAG,,0.8654000163078308,0.8654000163078308,0.8654000163078308,0.8654000163078308,150.0
2025-06-26 12:05:00,PLMR,,151.4499969482422,151.62489318847656,151.4499969482422,151.62489318847656,813.0
2025-06-26 12:05:00,PLX,,1.479699969291687,1.479699969291687,1.4700000286102295,1.4700000286102295,1621.0
2025-06-26 12:05:00,REI,,0.7749999761581421,0.7749999761581421,0.7728000283241272,0.7728000283241272,12402.0
2025-06-26 12:05:00,RVP,,0.6510000228881836,0.660099983215332,0.6510000228881836,0.6600000262260437,5086.0
2025-06-26 12:05:00,SATX,,2.950000047683716,2.950000047683716,2.950000047683716,2.950000047683716,305.0
2025-06-26 12:05:00,SEB,,2956.06494140625,2967.0,2956.06494140625,2961.7099609375,4.0
2025-06-26 12:05:00,SENS,,0.498199999332428,0.4982999861240387,0.4973500072956085,0.4973500072956085,14796.0
2025-06-26 12:05:00,SGN,,0.9898999929428101,0.9898999929428101,0.9898999929428101,0.9898999929428101,509.0
2025-06-26 12:05:00,SLI,,1.9049999713897705,1.9091999530792236,1.899999976158142,1.899999976158142,12328.0
2025-06-26 12:05:00,SVM,,4.164999961853027,4.164999961853027,4.164599895477295,4.164599895477295,869.0
2025-06-26 12:05:00,TGB,,3.0999999046325684,3.109800100326538,3.0999999046325684,3.1050000190734863,5498.0
2025-06-26 12:05:00,TPET,,1.2000999450683594,1.2050000429153442,1.2000000476837158,1.2050000429153442,1009.0
2025-06-26 12:05:00,UAMY,,2.5250000953674316,2.5299999713897705,2.5250000953674316,2.5299999713897705,4152.0
2025-06-26 12:05:00,UEC,,7.005000114440918,7.010000228881836,6.989999771118164,6.994999885559082,144150.0
2025-06-26 12:05:00,URG,,1.0499999523162842,1.059999942779541,1.0449999570846558,1.0499999523162842,18023.0
2025-06-26 12:05:00,USAS,,0.828449010848999,0.8288999795913696,0.828449010848999,0.8288999795913696,1300.0
2025-06-26 12:05:00,UUUU,,5.879499912261963,5.880000114440918,5.840000152587891,5.84660005569458,87333.0
2025-06-26 12:05:00,VGZ,,1.0299999713897705,1.0299999713897705,1.024999976158142,1.0299999713897705,3281.0
2025-06-26 12:05:00,VZLA,,2.9649999141693115,2.9649999141693115,2.9649999141693115,2.9649999141693115,1685.0
2025-06-26 12:05:00,WRN,,1.25,1.25,1.2450000047683716,1.2450000047683716,5001.0
2025-06-26 12:05:00,WWR,,0.595300018787384,0.5953500270843506,0.595300018787384,0.5953500270843506,300.0
2025-06-26 12:06:00,AIRI,,3.319999933242798,3.4149999618530273,3.319999933242798,3.3399999141693115,12861.0
2025-06-26 12:06:00,ARMN,,6.864999771118164,6.864999771118164,6.864999771118164,6.864999771118164,225.0
2025-06-26 12:06:00,ASM,,3.559999942779541,3.569999933242798,3.559999942779541,3.559999942779541,33367.0
2025-06-26 12:06:00,ATNM,,1.534999966621399,1.534999966621399,1.5149999856948853,1.5149999856948853,15071.0
2025-06-26 12:06:00,BRBS,,3.2850000858306885,3.2850000858306885,3.2850000858306885,3.2850000858306885,124.0
2025-06-26 12:06:00,BTG,,3.640000104904175,3.640000104904175,3.634999990463257,3.634999990463257,27590.0
2025-06-26 12:06:00,BURU,,0.3280999958515167,0.3280999958515167,0.3280999958515167,0.3280999958515167,5004.0
2025-06-26 12:06:00,CATX,,3.6549999713897705,3.6549999713897705,3.6549999713897705,3.6549999713897705,521.0
2025-06-26 12:06:00,CLDI,,0.21299999952316284,0.22259999811649323,0.20999999344348907,0.22259999811649323,22471.0
2025-06-26 12:06:00,CLM,,7.949999809265137,7.949999809265137,7.949999809265137,7.949999809265137,354.0
2025-06-26 12:06:00,COE,,33.22999954223633,33.25,33.20000076293945,33.20000076293945,717.0
2025-06-26 12:06:00,CQP,,55.86000061035156,55.86000061035156,55.689998626708984,55.77000045776367,500.0
2025-06-26 12:06:00,CRF,,7.565000057220459,7.570000171661377,7.565000057220459,7.565000057220459,2096.0
2025-06-26 12:06:00,CTM,,1.0449999570846558,1.0499999523162842,1.0449999570846558,1.0499999523162842,2825.0
2025-06-26 12:06:00,CVM,,2.4600000381469727,2.4600000381469727,2.4600000381469727,2.4600000381469727,846.0
2025-06-26 12:06:00,DC,,3.805000066757202,3.805000066757202,3.805000066757202,3.805000066757202,201.0
2025-06-26 12:06:00,DNN,,1.8343000411987305,1.840000033378601,1.8200000524520874,1.8300000429153442,2512708.0
2025-06-26 12:06:00,EQX,,5.90500020980835,5.909900188446045,5.889999866485596,5.90500020980835,180679.0
2025-06-26 12:06:00,EVM,,8.84000015258789,8.84000015258789,8.84000015258789,8.84000015258789,100.0
2025-06-26 12:06:00,FSP,,1.684999942779541,1.684999942779541,1.684999942779541,1.684999942779541,100.0
2025-06-26 12:06:00,FTF,,6.385000228881836,6.385000228881836,6.385000228881836,6.385000228881836,100.0
2025-06-26 12:06:00,GGN,,4.375,4.375,4.375,4.375,120.0
2025-06-26 12:06:00,GNS,,0.8960000276565552,0.8960000276565552,0.8690000176429749,0.8960000276565552,39267.0
2025-06-26 12:06:00,GROY,,2.2750000953674316,2.2750000953674316,2.2699999809265137,2.2750000953674316,2987.0
2025-06-26 12:06:00,GSAT,,23.34939956665039,23.34939956665039,23.34939956665039,23.34939956665039,205.0
2025-06-26 12:06:00,HUSA,,13.258000373840332,13.258000373840332,13.258000373840332,13.258000373840332,100.0
2025-06-26 12:06:00,IBO,,0.9825999736785889,0.9909999966621399,0.9815000295639038,0.9824000000953674,6446.0
2025-06-26 12:06:00,IE,,9.890000343322754,9.890000343322754,9.869999885559082,9.869999885559082,1486.0
2025-06-26 12:06:00,IMO,,81.4000015258789,81.4000015258789,81.31999969482422,81.31999969482422,2068.0
2025-06-26 12:06:00,INDO,,3.110100030899048,3.110100030899048,3.110100030899048,3.110100030899048,224.0
2025-06-26 12:06:00,INFU,,6.389999866485596,6.389999866485596,6.389999866485596,6.389999866485596,290.0
2025-06-26 12:06:00,JOB,,0.20499999821186066,0.20499999821186066,0.20499999821186066,0.20499999821186066,100.0
2025-06-26 12:06:00,KNW,,1.9249999523162842,1.9299999475479126,1.9249999523162842,1.9299999475479126,825.0
2025-06-26 12:06:00,KULR,,5.114999771118164,5.114999771118164,5.09089994430542,5.09499979019165,9130.0
2025-06-26 12:06:00,LCTX,,1.0,1.0,1.0,1.0,1304.0
2025-06-26 12:06:00,LEU,,182.3054962158203,182.3054962158203,181.01100158691406,182.3054962158203,3898.0
2025-06-26 12:06:00,LMND,,41.599998474121094,41.6150016784668,41.599998474121094,41.6150016784668,786.0
2025-06-26 12:06:00,MAG,,21.309999465942383,21.309999465942383,21.299999237060547,21.299999237060547,1374.0
2025-06-26 12:06:00,MYO,,2.255000114440918,2.255000114440918,2.255000114440918,2.255000114440918,402.0
2025-06-26 12:06:00,NAK,,1.5700000524520874,1.5700000524520874,1.565000057220459,1.565000057220459,5400.0
2025-06-26 12:06:00,NCL,,0.17659999430179596,0.17659999430179596,0.17659999430179596,0.17659999430179596,5103.0
2025-06-26 12:06:00,NFGC,,1.4800000190734863,1.4800000190734863,1.4800000190734863,1.4800000190734863,189.0
2025-06-26 12:06:00,NG,,4.065000057220459,4.070000171661377,4.054999828338623,4.059999942779541,9385.0
2025-06-26 12:06:00,NGD,,4.894999980926514,4.900000095367432,4.889999866485596,4.889999866485596,210316.0
2025-06-26 12:06:00,NNVC,,1.190000057220459,1.190000057220459,1.190000057220459,1.190000057220459,226.0
2025-06-26 12:06:00,OBE,,5.559999942779541,5.559999942779541,5.559999942779541,5.559999942779541,459.0
2025-06-26 12:06:00,OPTT,,0.5088000297546387,0.5088000297546387,0.5083000063896179,0.5083000063896179,300.0
2025-06-26 12:06:00,ORLA,,9.989999771118164,9.989999771118164,9.984999656677246,9.984999656677246,1738.0
2025-06-26 12:06:00,OSTX,,1.8600000143051147,1.8600000143051147,1.8600000143051147,1.8600000143051147,1445.0
2025-06-26 12:06:00,PED,,0.6606000065803528,0.6606000065803528,0.6606000065803528,0.6606000065803528,700.0
2025-06-26 12:06:00,PHGE,,0.4560000002384186,0.4560000002384186,0.4560000002384186,0.4560000002384186,3022.0
2025-06-26 12:06:00,PLG,,1.590000033378601,1.590000033378601,1.5887000560760498,1.5887000560760498,1055.0
2025-06-26 12:06:00,PLMR,,151.625,151.625,151.625,151.625,110.0
2025-06-26 12:06:00,REI,,0.7728999853134155,0.7749000191688538,0.7728999853134155,0.7749000191688538,13515.0
2025-06-26 12:06:00,RVP,,0.6575000286102295,0.6575000286102295,0.6575000286102295,0.6575000286102295,2393.0
2025-06-26 12:06:00,SATX,,2.950000047683716,2.950000047683716,2.950000047683716,2.950000047683716,528.0
2025-06-26 12:06:00,SENS,,0.499099999666214,0.49939998984336853,0.498199999332428,0.498199999332428,10053.0
2025-06-26 12:06:00,SLI,,1.9049999713897705,1.9049999713897705,1.9049999713897705,1.9049999713897705,960.0
2025-06-26 12:06:00,SVM,,4.164999961853027,4.164999961853027,4.164999961853027,4.164999961853027,1254.0
2025-06-26 12:06:00,TGB,,3.0999999046325684,3.109999895095825,3.0999999046325684,3.1050000190734863,41541.0
2025-06-26 12:06:00,UAMY,,2.5250000953674316,2.5299999713897705,2.5250000953674316,2.5299999713897705,399.0
2025-06-26 12:06:00,UEC,,7.050000190734863,7.050000190734863,7.0,7.009799957275391,204665.0
2025-06-26 12:06:00,URG,,1.059999942779541,1.059999942779541,1.0499999523162842,1.0499999523162842,2703.0
2025-06-26 12:06:00,UTG,,35.46500015258789,35.46500015258789,35.439998626708984,35.439998626708984,246.0
2025-06-26 12:06:00,UUUU,,5.925000190734863,5.929299831390381,5.875,5.879799842834473,123157.0
2025-06-26 12:06:00,VKI,,8.199999809265137,8.199999809265137,8.199999809265137,8.199999809265137,130.0
2025-06-26 12:06:00,VZLA,,2.969099998474121,2.9700000286102295,2.969099998474121,2.9700000286102295,3171.0
2025-06-26 12:06:00,WWR,,0.595350980758667,0.595350980758667,0.5874000191688538,0.5874000191688538,2025.0
2025-06-26 12:06:00,XTNT,,0.6349509954452515,0.6349509954452515,0.6349509954452515,0.6349509954452515,1083.0
2025-06-26 12:06:00,ZDGE,,4.010000228881836,4.010000228881836,4.010000228881836,4.010000228881836,214.0
2025-06-26 12:07:00,ASM,,3.569999933242798,3.569999933242798,3.565000057220459,3.565000057220459,1298.0
2025-06-26 12:07:00,ATNM,,1.534999966621399,1.534999966621399,1.534999966621399,1.534999966621399,422.0
2025-06-26 12:07:00,AWX,,2.450000047683716,2.450000047683716,2.450000047683716,2.450000047683716,200.0
2025-06-26 12:07:00,BKTI,,55.160301208496094,55.160301208496094,54.709999084472656,54.709999084472656,902.0
2025-06-26 12:07:00,BRBS,,3.2850000858306885,3.2850000858306885,3.2850000858306885,3.2850000858306885,446.0
2025-06-26 12:07:00,BTG,,3.640000104904175,3.640000104904175,3.6396000385284424,3.6396000385284424,13031.0
2025-06-26 12:07:00,BURU,,0.328000009059906,0.328000009059906,0.3264999985694885,0.3264999985694885,3144.0
2025-06-26 12:07:00,CEF,,30.350000381469727,30.350000381469727,30.350000381469727,30.350000381469727,200.0
2025-06-26 12:07:00,CIK,,2.940000057220459,2.940000057220459,2.940000057220459,2.940000057220459,1100.0
2025-06-26 12:07:00,CLM,,7.942800045013428,7.942800045013428,7.942800045013428,7.942800045013428,203.0
2025-06-26 12:07:00,CMCL,,19.200000762939453,19.200000762939453,19.200000762939453,19.200000762939453,520.0
2025-06-26 12:07:00,COE,,33.099998474121094,33.099998474121094,33.099998474121094,33.099998474121094,343.0
2025-06-26 12:07:00,CQP,,55.77000045776367,55.77000045776367,55.77000045776367,55.77000045776367,400.0
2025-06-26 12:07:00,CRF,,7.570000171661377,7.570000171661377,7.565000057220459,7.565000057220459,258.0
2025-06-26 12:07:00,CTM,,1.0449999570846558,1.0449999570846558,1.0399999618530273,1.0449999570846558,823.0
2025-06-26 12:07:00,CYBN,,8.484999656677246,8.484999656677246,8.484999656677246,8.484999656677246,322.0
2025-06-26 12:07:00,DHY,,2.109999895095825,2.109999895095825,2.109999895095825,2.109999895095825,409.0
2025-06-26 12:07:00,DNN,,1.8300000429153442,1.840000033378601,1.8300000429153442,1.8350000381469727,99125.0
2025-06-26 12:07:00,EQX,,5.90500020980835,5.90500020980835,5.900000095367432,5.90500020980835,2687.0
2025-06-26 12:07:00,FOXO,,0.20000000298023224,0.20000000298023224,0.20000000298023224,0.20000000298023224,1694.0
2025-06-26 12:07:00,FSP,,1.690000057220459,1.690000057220459,1.690000057220459,1.690000057220459,100.0
2025-06-26 12:07:00,GAU,,1.3200000524520874,1.3200000524520874,1.3200000524520874,1.3200000524520874,108.0
2025-06-26 12:07:00,GLDG,,0.746999979019165,0.746999979019165,0.7465000152587891,0.7465000152587891,3227.0
2025-06-26 12:07:00,GLQ,,6.968699932098389,6.968699932098389,6.968699932098389,6.968699932098389,100.0
2025-06-26 12:07:00,GNS,,0.9164999723434448,0.9265999794006348,0.8802000284194946,0.895999014377594,250022.0
2025-06-26 12:07:00,GORO,,0.5443999767303467,0.5443999767303467,0.5443999767303467,0.5443999767303467,100.0
2025-06-26 12:07:00,GROY,,2.2750000953674316,2.2750000953674316,2.2750000953674316,2.2750000953674316,866.0
2025-06-26 12:07:00,GSAT,,23.34000015258789,23.345699310302734,23.34000015258789,23.345699310302734,1645.0
2025-06-26 12:07:00,HUSA,,13.25,13.25,13.25,13.25,341.0
2025-06-26 12:07:00,IBO,,0.9900000095367432,1.0,0.9825999736785889,0.9825999736785889,8299.0
2025-06-26 12:07:00,IE,,9.880000114440918,9.890000343322754,9.880000114440918,9.880000114440918,1542.0
2025-06-26 12:07:00,INDO,,3.1298999786376953,3.1298999786376953,3.1298999786376953,3.1298999786376953,180.0
2025-06-26 12:07:00,ITP,,0.1889999955892563,0.1889999955892563,0.1889999955892563,0.1889999955892563,5014.0
2025-06-26 12:07:00,ITRG,,1.565000057220459,1.565000057220459,1.565000057220459,1.565000057220459,5000.0
2025-06-26 12:07:00,KNW,,1.899999976158142,1.9199999570846558,1.899999976158142,1.9199999570846558,1752.0
2025-06-26 12:07:00,KULR,,5.114999771118164,5.114999771118164,5.114999771118164,5.114999771118164,342.0
2025-06-26 12:07:00,LCTX,,1.0049999952316284,1.0049999952316284,1.0,1.0,1016.0
2025-06-26 12:07:00,LEU,,181.56179809570312,182.4199981689453,181.50999450683594,182.1300048828125,1541.0
2025-06-26 12:07:00,LMND,,41.619998931884766,41.63999938964844,41.619998931884766,41.619998931884766,1691.0
2025-06-26 12:07:00,LNG,,242.4199981689453,242.4199981689453,242.4199981689453,242.4199981689453,715.0
2025-06-26 12:07:00,MAG,,21.325000762939453,21.329999923706055,21.31999969482422,21.31999969482422,1843.0
2025-06-26 12:07:00,NAK,,1.568600058555603,1.5688999891281128,1.565000057220459,1.565000057220459,5912.0
2025-06-26 12:07:00,NEWP,,1.37090003490448,1.37090003490448,1.37090003490448,1.37090003490448,376.0
2025-06-26 12:07:00,NFGC,,1.4800000190734863,1.4800000190734863,1.4800000190734863,1.4800000190734863,130.0
2025-06-26 12:07:00,NG,,4.065000057220459,4.070000171661377,4.065000057220459,4.065000057220459,1031.0
2025-06-26 12:07:00,NGD,,4.894999980926514,4.900000095367432,4.889999866485596,4.894999980926514,19333.0
2025-06-26 12:07:00,NHC,,107.69499969482422,107.69499969482422,107.69499969482422,107.69499969482422,367.0
2025-06-26 12:07:00,OPTT,,0.5088000297546387,0.5098000168800354,0.5077000260353088,0.5077000260353088,3375.0
2025-06-26 12:07:00,PHGE,,0.45399999618530273,0.4560000002384186,0.45399999618530273,0.45399999618530273,757.0
2025-06-26 12:07:00,PLMR,,151.625,151.625,151.625,151.625,128.0
2025-06-26 12:07:00,PLX,,1.475000023841858,1.475000023841858,1.475000023841858,1.475000023841858,122.0
2025-06-26 12:07:00,REI,,0.776199996471405,0.776199996471405,0.7728999853134155,0.7730000019073486,11927.0
2025-06-26 12:07:00,SENS,,0.4984999895095825,0.4986000061035156,0.4984000027179718,0.4986000061035156,6193.0
2025-06-26 12:07:00,SKYH,,9.5,9.5,9.5,9.5,314.0
2025-06-26 12:07:00,SLI,,1.9049999713897705,1.909999966621399,1.9049999713897705,1.909999966621399,200.0
2025-06-26 12:07:00,SOAR,,1.4450000524520874,1.4450000524520874,1.4450000524520874,1.4450000524520874,100.0
2025-06-26 12:07:00,SVT,,46.75,46.900001525878906,46.75,46.900001525878906,16131.0
2025-06-26 12:07:00,TGB,,3.0950000286102295,3.1050000190734863,3.0950000286102295,3.0999999046325684,26767.0
2025-06-26 12:07:00,TPET,,1.2099000215530396,1.2099000215530396,1.2099000215530396,1.2099000215530396,150.0
2025-06-26 12:07:00,UAMY,,2.5234999656677246,2.5234999656677246,2.5234999656677246,2.5234999656677246,100.0
2025-06-26 12:07:00,UAVS,,1.0987999439239502,1.0987999439239502,1.0957000255584717,1.0957000255584717,9323.0
2025-06-26 12:07:00,UEC,,7.034999847412109,7.054999828338623,7.034900188446045,7.050000190734863,300445.0
2025-06-26 12:07:00,URG,,1.0549999475479126,1.059999942779541,1.0529999732971191,1.0549999475479126,10419.0
2025-06-26 12:07:00,USAS,,0.828499972820282,0.8288999795913696,0.828499972820282,0.8288999795913696,883.0
2025-06-26 12:07:00,UUUU,,5.925000190734863,5.929999828338623,5.920000076293945,5.926599979400635,40662.0
2025-06-26 12:07:00,VKI,,8.190199851989746,8.190199851989746,8.190199851989746,8.190199851989746,160.0
2025-06-26 12:07:00,VZLA,,2.9649999141693115,2.9700000286102295,2.9649999141693115,2.9649999141693115,3604.0
2025-06-26 12:08:00,AREN,,5.619999885559082,5.619999885559082,5.619999885559082,5.619999885559082,193.0
2025-06-26 12:08:00,ARMN,,6.869999885559082,6.869999885559082,6.864999771118164,6.864999771118164,925.0
2025-06-26 12:08:00,ASM,,3.5699000358581543,3.569999933242798,3.568000078201294,3.569999933242798,11324.0
2025-06-26 12:08:00,AWX,,2.450000047683716,2.450000047683716,2.450000047683716,2.450000047683716,201.0
2025-06-26 12:08:00,BATL,,1.4701999425888062,1.4701999425888062,1.4701999425888062,1.4701999425888062,502.0
2025-06-26 12:08:00,BKTI,,54.86000061035156,54.86000061035156,54.86000061035156,54.86000061035156,326.0
2025-06-26 12:08:00,BTG,,3.639899969100952,3.640000104904175,3.634999990463257,3.640000104904175,43244.0
2025-06-26 12:08:00,BURU,,0.3262999951839447,0.3262999951839447,0.3262999951839447,0.3262999951839447,900.0
2025-06-26 12:08:00,CATX,,3.6549999713897705,3.6549999713897705,3.6549999713897705,3.6549999713897705,143.0
2025-06-26 12:08:00,CEF,,30.350000381469727,30.350000381469727,30.349899291992188,30.350000381469727,963.0
2025-06-26 12:08:00,CIK,,2.940000057220459,2.940000057220459,2.9314000606536865,2.9314000606536865,3397.0
2025-06-26 12:08:00,CLM,,7.9446001052856445,7.9446001052856445,7.940000057220459,7.940000057220459,1156.0
2025-06-26 12:08:00,CQP,,55.77000045776367,55.77000045776367,55.77000045776367,55.77000045776367,200.0
2025-06-26 12:08:00,CRF,,7.559999942779541,7.562699794769287,7.559999942779541,7.562699794769287,298.0
2025-06-26 12:08:00,CTM,,1.0449999570846558,1.0449999570846558,1.0449999570846558,1.0449999570846558,200.0
2025-06-26 12:08:00,DC,,3.805000066757202,3.805000066757202,3.805000066757202,3.805000066757202,100.0
2025-06-26 12:08:00,DNN,,1.8301000595092773,1.840000033378601,1.8300000429153442,1.8301000595092773,394498.0
2025-06-26 12:08:00,DSS,,0.9350000023841858,0.9350000023841858,0.9350000023841858,0.9350000023841858,216.0
2025-06-26 12:08:00,EMX,,2.555000066757202,2.555000066757202,2.555000066757202,2.555000066757202,608.0
2025-06-26 12:08:00,EQX,,5.90500020980835,5.90500020980835,5.900000095367432,5.90500020980835,15702.0
2025-06-26 12:08:00,ESP,,44.891300201416016,44.891300201416016,44.891300201416016,44.891300201416016,130.0
2025-06-26 12:08:00,FOXO,,0.20000000298023224,0.20000000298023224,0.19989900290966034,0.19989900290966034,9888.0
2025-06-26 12:08:00,FTF,,6.385000228881836,6.385000228881836,6.385000228881836,6.385000228881836,100.0
2025-06-26 12:08:00,GAU,,1.315000057220459,1.315000057220459,1.315000057220459,1.315000057220459,149.0
2025-06-26 12:08:00,GGN,,4.377999782562256,4.377999782562256,4.377999782562256,4.377999782562256,130.0
2025-06-26 12:08:00,GLQ,,6.960000038146973,6.960000038146973,6.960000038146973,6.960000038146973,100.0
2025-06-26 12:08:00,GNS,,0.9198989868164062,0.9300000071525574,0.905800998210907,0.9225000143051147,148795.0
2025-06-26 12:08:00,GROY,,2.2750000953674316,2.2750000953674316,2.2750000953674316,2.2750000953674316,467.0
2025-06-26 12:08:00,GSAT,,23.360000610351562,23.360000610351562,23.360000610351562,23.360000610351562,1054.0
2025-06-26 12:08:00,GTE,,5.070000171661377,5.070000171661377,5.070000171661377,5.070000171661377,7021.0
2025-06-26 12:08:00,IBO,,0.9987000226974487,1.0,0.9900000095367432,0.9900000095367432,3947.0
2025-06-26 12:08:00,IE,,9.8100004196167,9.859999656677246,9.8100004196167,9.859999656677246,7706.0
2025-06-26 12:08:00,IGC,,0.30799999833106995,0.30809998512268066,0.30799999833106995,0.30809998512268066,2605.0
2025-06-26 12:08:00,IMO,,81.37000274658203,81.4000015258789,81.37000274658203,81.4000015258789,257.0
2025-06-26 12:08:00,INDO,,3.109999895095825,3.111999988555908,3.109999895095825,3.111999988555908,527.0
2025-06-26 12:08:00,KNW,,1.8801000118255615,1.9124000072479248,1.8801000118255615,1.9124000072479248,3770.0
2025-06-26 12:08:00,KULR,,5.110599994659424,5.119999885559082,5.110099792480469,5.110099792480469,4865.0
2025-06-26 12:08:00,LCTX,,1.0,1.0,1.0,1.0,1104.0
2025-06-26 12:08:00,LEU,,181.58999633789062,182.3000030517578,181.58999633789062,181.58999633789062,1821722.0
2025-06-26 12:08:00,LMND,,41.599998474121094,41.63999938964844,41.599998474121094,41.599998474121094,1165.0
2025-06-26 12:08:00,LNG,,242.4550018310547,242.4550018310547,242.35000610351562,242.4199981689453,932.0
2025-06-26 12:08:00,LODE,,3.7695000171661377,3.7695000171661377,3.759999990463257,3.759999990463257,867.0
2025-06-26 12:08:00,LPTV,,0.014499999582767487,0.014499999582767487,0.014499999582767487,0.014499999582767487,11340.0
2025-06-26 12:08:00,MAG,,21.34000015258789,21.34000015258789,21.31999969482422,21.325000762939453,2582.0
2025-06-26 12:08:00,MYO,,2.255000114440918,2.255000114440918,2.255000114440918,2.255000114440918,253.0
2025-06-26 12:08:00,NAK,,1.5700000524520874,1.5700000524520874,1.565000057220459,1.565000057220459,1130.0
2025-06-26 12:08:00,NBH,,9.795000076293945,9.795000076293945,9.795000076293945,9.795000076293945,300.0
2025-06-26 12:08:00,NEWP,,1.3799999952316284,1.3799999952316284,1.3799999952316284,1.3799999952316284,100.0
2025-06-26 12:08:00,NG,,4.0619001388549805,4.070000171661377,4.0619001388549805,4.070000171661377,10165.0
2025-06-26 12:08:00,NGD,,4.889999866485596,4.900000095367432,4.889999866485596,4.900000095367432,5619.0
2025-06-26 12:08:00,NHC,,108.08499908447266,108.08499908447266,108.08499908447266,108.08499908447266,396.0
2025-06-26 12:08:00,NNVC,,1.1852999925613403,1.1862000226974487,1.1852999925613403,1.1862000226974487,2000.0
2025-06-26 12:08:00,OPTT,,0.5105000138282776,0.5105000138282776,0.5087000131607056,0.5095000267028809,15900.0
2025-06-26 12:08:00,ORLA,,9.984999656677246,9.984999656677246,9.984999656677246,9.984999656677246,342.0
2025-06-26 12:08:00,PLG,,1.5850000381469727,1.5850000381469727,1.5850000381469727,1.5850000381469727,260.0
2025-06-26 12:08:00,PLMR,,151.625,151.625,151.625,151.625,216.0
2025-06-26 12:08:00,PLX,,1.465000033378601,1.475000023841858,1.465000033378601,1.472000002861023,2315.0
2025-06-26 12:08:00,REI,,0.777999997138977,0.777999997138977,0.7763000130653381,0.7763000130653381,28164.0
2025-06-26 12:08:00,SATX,,2.950000047683716,2.950000047683716,2.950000047683716,2.950000047683716,422.0
2025-06-26 12:08:00,SEB,,2960.0,2967.0,2955.97998046875,2961.10009765625,36.0
2025-06-26 12:08:00,SENS,,0.4993000030517578,0.4993000030517578,0.4984999895095825,0.4984999895095825,12589.0
2025-06-26 12:08:00,SKYH,,9.520000457763672,9.520000457763672,9.5,9.5,917.0
2025-06-26 12:08:00,SLI,,1.9092999696731567,1.9098999500274658,1.899999976158142,1.9098999500274658,11035.0
2025-06-26 12:08:00,SOAR,,1.4500000476837158,1.4500000476837158,1.4500000476837158,1.4500000476837158,101.0
2025-06-26 12:08:00,SVT,,46.88999938964844,46.88999938964844,46.88999938964844,46.88999938964844,110.0
2025-06-26 12:08:00,TGB,,3.0899999141693115,3.0950000286102295,3.0899999141693115,3.0950000286102295,15946.0
2025-06-26 12:08:00,TOON,,0.7325000166893005,0.7325000166893005,0.7300000190734863,0.7303000092506409,3339.0
2025-06-26 12:08:00,TPET,,1.2002999782562256,1.2100000381469727,1.2002999782562256,1.2100000381469727,2699.0
2025-06-26 12:08:00,UAMY,,2.5250000953674316,2.5299999713897705,2.5250000953674316,2.5250000953674316,4827.0
2025-06-26 12:08:00,UEC,,7.025000095367432,7.034999847412109,7.011099815368652,7.034800052642822,56319.0
2025-06-26 12:08:00,URG,,1.059999942779541,1.059999942779541,1.0499999523162842,1.0549999475479126,14069.0
2025-06-26 12:08:00,USAS,,0.8289999961853027,0.8289999961853027,0.8288999795913696,0.8288999795913696,6150.0
2025-06-26 12:08:00,UTG,,35.459999084472656,35.459999084472656,35.459999084472656,35.459999084472656,249.0
2025-06-26 12:08:00,UUUU,,5.925000190734863,5.929999828338623,5.909999847412109,5.929999828338623,63603.0
2025-06-26 12:08:00,VGZ,,1.024999976158142,1.024999976158142,1.024999976158142,1.024999976158142,3000.0
2025-06-26 12:08:00,VTAK,,0.2505989968776703,0.25099998712539673,0.2505989968776703,0.2505989968776703,5806.0
2025-06-26 12:08:00,VZLA,,2.9649999141693115,2.9649999141693115,2.9649999141693115,2.9649999141693115,227.0
2025-06-26 12:08:00,ZDGE,,4.010000228881836,4.010000228881836,4.010000228881836,4.010000228881836,202.0
2025-06-26 12:09:00,AIM,,9.199999809265137,9.199999809265137,9.199999809265137,9.199999809265137,203.0
2025-06-26 12:09:00,ARMN,,6.864999771118164,6.864999771118164,6.864999771118164,6.864999771118164,200.0
2025-06-26 12:09:00,ASM,,3.5731000900268555,3.5799999237060547,3.569999933242798,3.569999933242798,35827.0
2025-06-26 12:09:00,BRBS,,3.2850000858306885,3.2850000858306885,3.2850000858306885,3.2850000858306885,147.0
2025-06-26 12:09:00,BTG,,3.6394999027252197,3.640000104904175,3.63100004196167,3.640000104904175,56787.0
2025-06-26 12:09:00,BURU,,0.3264000117778778,0.3264000117778778,0.3264000117778778,0.3264000117778778,1000.0
2025-06-26 12:09:00,CATX,,3.6549999713897705,3.6549999713897705,3.6549999713897705,3.6549999713897705,306.0
2025-06-26 12:09:00,CBOE,,227.6649932861328,227.8000030517578,227.66000366210938,227.8000030517578,1066.0
2025-06-26 12:09:00,CIK,,2.940000057220459,2.940000057220459,2.940000057220459,2.940000057220459,100.0
2025-06-26 12:09:00,CLDI,,0.21170000731945038,0.21170000731945038,0.21170000731945038,0.21170000731945038,450.0
2025-06-26 12:09:00,CLM,,7.945000171661377,7.945000171661377,7.940000057220459,7.940000057220459,740.0
2025-06-26 12:09:00,CPHI,,1.7599999904632568,1.7599999904632568,1.7000000476837158,1.7599999904632568,4598.0
2025-06-26 12:09:00,CQP,,55.77000045776367,55.77000045776367,55.68000030517578,55.709999084472656,327.0
2025-06-26 12:09:00,CTGO,,20.770000457763672,20.829999923706055,20.770000457763672,20.795000076293945,976.0
2025-06-26 12:09:00,CTM,,1.0449999570846558,1.0499999523162842,1.0399999618530273,1.0499999523162842,680.0
2025-06-26 12:09:00,CYBN,,8.53499984741211,8.53499984741211,8.5,8.5,3421.0
2025-06-26 12:09:00,DC,,3.8050999641418457,3.8050999641418457,3.8050999641418457,3.8050999641418457,145.0
2025-06-26 12:09:00,DHY,,2.1012001037597656,2.1012001037597656,2.1012001037597656,2.1012001037597656,725.0
2025-06-26 12:09:00,DNN,,1.840000033378601,1.850000023841858,1.8300000429153442,1.830399990081787,3174335.0
2025-06-26 12:09:00,EAD,,6.988999843597412,6.988999843597412,6.988999843597412,6.988999843597412,2873.0
2025-06-26 12:09:00,EMX,,2.555000066757202,2.559999942779541,2.555000066757202,2.5589001178741455,854.0
2025-06-26 12:09:00,ENX,,9.199999809265137,9.199999809265137,9.199999809265137,9.199999809265137,0.0
2025-06-26 12:09:00,EQX,,5.894999980926514,5.90500020980835,5.889999866485596,5.90500020980835,127631.0
2025-06-26 12:09:00,EVM,,8.84000015258789,8.84000015258789,8.84000015258789,8.84000015258789,100.0
2025-06-26 12:09:00,GNS,,0.9198489785194397,0.9200000166893005,0.9154000282287598,0.9199000000953674,96427.0
2025-06-26 12:09:00,GORO,,0.5439000129699707,0.5439000129699707,0.5439000129699707,0.5439000129699707,152.0
2025-06-26 12:09:00,GROY,,2.2750000953674316,2.2750000953674316,2.2750000953674316,2.2750000953674316,727.0
2025-06-26 12:09:00,HUSA,,13.196399688720703,13.210000038146973,13.111000061035156,13.210000038146973,3043.0
2025-06-26 12:09:00,IBO,,0.9948999881744385,1.0,0.9948999881744385,0.9987000226974487,4946.0
2025-06-26 12:09:00,IDR,,13.194999694824219,13.194999694824219,13.194999694824219,13.194999694824219,234.0
2025-06-26 12:09:00,IE,,9.8149995803833,9.8149995803833,9.8149995803833,9.8149995803833,673.0
2025-06-26 12:09:00,IMO,,81.37000274658203,81.37999725341797,81.37000274658203,81.37999725341797,274.0
2025-06-26 12:09:00,INDO,,3.1191999912261963,3.1191999912261963,3.115000009536743,3.115000009536743,210.0
2025-06-26 12:09:00,JOB,,0.20569999516010284,0.20569999516010284,0.20569999516010284,0.20569999516010284,200.0
2025-06-26 12:09:00,KNW,,1.875,1.8799999952316284,1.8707000017166138,1.8799999952316284,1201.0
2025-06-26 12:09:00,KULR,,5.101200103759766,5.119999885559082,5.100100040435791,5.110799789428711,8776.0
2025-06-26 12:09:00,LCTX,,1.0,1.0,1.0,1.0,1305.0
2025-06-26 12:09:00,LEU,,181.80999755859375,182.74989318847656,181.58999633789062,181.58999633789062,3072.0
2025-06-26 12:09:00,LMND,,41.56999969482422,41.63999938964844,41.56999969482422,41.619998931884766,4871.0
2025-06-26 12:09:00,LNG,,242.3800048828125,242.4550018310547,242.32000732421875,242.41000366210938,2086.0
2025-06-26 12:09:00,LODE,,3.765000104904175,3.765000104904175,3.765000104904175,3.765000104904175,724.0
2025-06-26 12:09:00,MAG,,21.325000762939453,21.344999313354492,21.325000762939453,21.344999313354492,5567.0
2025-06-26 12:09:00,MITQ,,0.6800000071525574,0.6800000071525574,0.6800000071525574,0.6800000071525574,284.0
2025-06-26 12:09:00,MWG,,0.26249998807907104,0.26249998807907104,0.26249998807907104,0.26249998807907104,3000.0
2025-06-26 12:09:00,MYO,,2.255000114440918,2.259999990463257,2.2500998973846436,2.2500998973846436,1976.0
2025-06-26 12:09:00,NAK,,1.5648000240325928,1.565000057220459,1.559999942779541,1.559999942779541,5700.0
2025-06-26 12:09:00,NFGC,,1.475000023841858,1.4800000190734863,1.475000023841858,1.4800000190734863,3400.0
2025-06-26 12:09:00,NG,,4.065000057220459,4.070000171661377,4.065000057220459,4.070000171661377,1871.0
2025-06-26 12:09:00,NGD,,4.894999980926514,4.899899959564209,4.889999866485596,4.899899959564209,15662.0
2025-06-26 12:09:00,OPTT,,0.510450005531311,0.5119990110397339,0.510450005531311,0.5119990110397339,601.0
2025-06-26 12:09:00,ORLA,,9.984999656677246,9.989899635314941,9.984999656677246,9.984999656677246,1138.0
2025-06-26 12:09:00,PHGE,,0.4519999921321869,0.4519999921321869,0.4519999921321869,0.4519999921321869,1000.0
2025-06-26 12:09:00,PLG,,1.5800000429153442,1.590000033378601,1.5800000429153442,1.5891000032424927,3843.0
2025-06-26 12:09:00,PLMR,,151.625,151.625,151.625,151.625,114.0
2025-06-26 12:09:00,PLX,,1.465000033378601,1.465000033378601,1.465000033378601,1.465000033378601,100.0
2025-06-26 12:09:00,SENS,,0.5008500218391418,0.5009999871253967,0.4993000030517578,0.4993000030517578,27372.0
2025-06-26 12:09:00,SLI,,1.907099962234497,1.909999966621399,1.9049999713897705,1.9049999713897705,2034.0
2025-06-26 12:09:00,SVM,,4.175000190734863,4.179999828338623,4.170000076293945,4.170000076293945,4617.0
2025-06-26 12:09:00,SVT,,46.900001525878906,46.900001525878906,46.869998931884766,46.88999938964844,1260.0
2025-06-26 12:09:00,TGB,,3.0899999141693115,3.0999999046325684,3.0899999141693115,3.0950000286102295,50805.0
2025-06-26 12:09:00,TMQ,,1.4950000047683716,1.4950000047683716,1.4950000047683716,1.4950000047683716,100.0
2025-06-26 12:09:00,TPET,,1.2000000476837158,1.200600028038025,1.2000000476837158,1.200600028038025,5389.0
2025-06-26 12:09:00,UAMY,,2.5299999713897705,2.5299999713897705,2.5280001163482666,2.5280001163482666,1902.0
2025-06-26 12:09:00,UAVS,,1.0950000286102295,1.0988999605178833,1.0950000286102295,1.0988999605178833,312.0
2025-06-26 12:09:00,UEC,,7.014999866485596,7.045000076293945,7.014999866485596,7.025000095367432,153581.0
2025-06-26 12:09:00,URG,,1.065000057220459,1.0700000524520874,1.0549999475479126,1.059000015258789,52470.0
2025-06-26 12:09:00,USAS,,0.8334000110626221,0.8334000110626221,0.8299000263214111,0.8299000263214111,10853.0
2025-06-26 12:09:00,UUUU,,5.980000019073486,5.980000019073486,5.920000076293945,5.920000076293945,136082.0
2025-06-26 12:09:00,VTAK,,0.25060001015663147,0.25060001015663147,0.25060001015663147,0.25060001015663147,111.0
2025-06-26 12:09:00,VZLA,,2.9649999141693115,2.9649999141693115,2.960099935531616,2.960099935531616,1609.0
2025-06-26 12:09:00,WWR,,0.5913000106811523,0.6033999919891357,0.5913000106811523,0.6033999919891357,3594.0
2025-06-26 12:09:00,XPL,,0.6577000021934509,0.65829998254776,0.6577000021934509,0.65829998254776,208.0
2025-06-26 12:10:00,ACU,,39.52000045776367,39.52000045776367,39.52000045776367,39.52000045776367,231.0
2025-06-26 12:10:00,AIM,,9.199999809265137,9.199999809265137,9.199999809265137,9.199999809265137,211.0
2025-06-26 12:10:00,ARMN,,6.864999771118164,6.864999771118164,6.860000133514404,6.860000133514404,400.0
2025-06-26 12:10:00,ASM,,3.5762999057769775,3.5762999057769775,3.572499990463257,3.572499990463257,7671.0
2025-06-26 12:10:00,ATNM,,1.534999966621399,1.534999966621399,1.534999966621399,1.534999966621399,4000.0
2025-06-26 12:10:00,BRBS,,3.2850000858306885,3.2850000858306885,3.2850000858306885,3.2850000858306885,107.0
2025-06-26 12:10:00,BTG,,3.634999990463257,3.640000104904175,3.630000114440918,3.640000104904175,74612.0
2025-06-26 12:10:00,BURU,,0.3240000009536743,0.3249000012874603,0.3240000009536743,0.3249000012874603,2857.0
2025-06-26 12:10:00,CATX,,3.6549999713897705,3.6549999713897705,3.6549999713897705,3.6549999713897705,139.0
2025-06-26 12:10:00,CBOE,,227.6999969482422,227.6999969482422,227.6999969482422,227.6999969482422,763.0
2025-06-26 12:10:00,CIK,,2.940000057220459,2.940000057220459,2.940000057220459,2.940000057220459,100.0
2025-06-26 12:10:00,CLM,,7.945000171661377,7.945000171661377,7.945000171661377,7.945000171661377,2253.0
2025-06-26 12:10:00,CQP,,55.77000045776367,55.77000045776367,55.77000045776367,55.77000045776367,366.0
2025-06-26 12:10:00,CRF,,7.566299915313721,7.570000171661377,7.559999942779541,7.559999942779541,754.0
2025-06-26 12:10:00,CTGO,,20.829999923706055,20.950000762939453,20.829999923706055,20.950000762939453,1181.0
2025-06-26 12:10:00,CTM,,1.0479999780654907,1.0479999780654907,1.0449999570846558,1.0449999570846558,707.0
2025-06-26 12:10:00,CYBN,,8.53499984741211,8.53499984741211,8.53499984741211,8.53499984741211,486.0
2025-06-26 12:10:00,DNN,,1.840000033378601,1.850000023841858,1.840000033378601,1.840000033378601,1415926.0
2025-06-26 12:10:00,EQX,,5.889999866485596,5.900000095367432,5.889999866485596,5.889999866485596,63577.0
2025-06-26 12:10:00,FOXO,,0.19999000430107117,0.19999000430107117,0.19990000128746033,0.19990000128746033,800.0
2025-06-26 12:10:00,FTF,,6.385000228881836,6.385000228881836,6.385000228881836,6.385000228881836,700.0
2025-06-26 12:10:00,GAU,,1.315000057220459,1.315000057220459,1.315000057220459,1.315000057220459,130.0
2025-06-26 12:10:00,GGN,,4.375,4.375,4.375,4.375,860.0
2025-06-26 12:10:00,GLDG,,0.7465000152587891,0.7465000152587891,0.7465000152587891,0.7465000152587891,4000.0
2025-06-26 12:10:00,GLQ,,6.959400177001953,6.959400177001953,6.959400177001953,6.959400177001953,107.0
2025-06-26 12:10:00,GNS,,0.9235000014305115,0.9235000014305115,0.9197999835014343,0.9197999835014343,39178.0
2025-06-26 12:10:00,GROY,,2.2899999618530273,2.2899999618530273,2.265000104904175,2.2750000953674316,39286.0
2025-06-26 12:10:00,HUSA,,13.263099670410156,13.263099670410156,13.263099670410156,13.263099670410156,284.0
2025-06-26 12:10:00,IBO,,0.9878000020980835,0.9948999881744385,0.9878000020980835,0.9948999881744385,6444.0
2025-06-26 12:10:00,IMO,,81.38999938964844,81.38999938964844,81.37999725341797,81.37999725341797,381.0
2025-06-26 12:10:00,INDO,,3.115000009536743,3.119999885559082,3.115000009536743,3.115000009536743,2354.0
2025-06-26 12:10:00,ITRG,,1.559999942779541,1.5645999908447266,1.559999942779541,1.5645999908447266,1200.0
2025-06-26 12:10:00,JOB,,0.20579999685287476,0.20579999685287476,0.20579999685287476,0.20579999685287476,7700.0
2025-06-26 12:10:00,KNW,,1.8899999856948853,1.892699956893921,1.8702000379562378,1.875,1690.0
2025-06-26 12:10:00,KULR,,5.099999904632568,5.102200031280518,5.099999904632568,5.099999904632568,2936.0
2025-06-26 12:10:00,LCTX,,1.0,1.0094000101089478,1.0,1.0,11475.0
2025-06-26 12:10:00,LEU,,181.57000732421875,182.0,181.57000732421875,181.875,3013.0
2025-06-26 12:10:00,LMND,,41.59000015258789,41.59000015258789,41.58000183105469,41.58000183105469,1446.0
2025-06-26 12:10:00,LNG,,242.41000366210938,242.47999572753906,242.41000366210938,242.41000366210938,1207.0
2025-06-26 12:10:00,MAG,,21.329999923706055,21.34000015258789,21.329999923706055,21.34000015258789,1330.0
2025-06-26 12:10:00,MITQ,,0.6800000071525574,0.6800000071525574,0.6800000071525574,0.6800000071525574,294.0
2025-06-26 12:10:00,MTNB,,0.9399999976158142,0.9399999976158142,0.9399999976158142,0.9399999976158142,108.0
2025-06-26 12:10:00,MYO,,2.25600004196167,2.258699893951416,2.255000114440918,2.258699893951416,1395.0
2025-06-26 12:10:00,NAK,,1.565000057220459,1.565000057220459,1.565000057220459,1.565000057220459,422.0
2025-06-26 12:10:00,NCL,,0.17820000648498535,0.17820000648498535,0.17659999430179596,0.17659999430179596,12660.0
2025-06-26 12:10:00,NFGC,,1.475000023841858,1.475000023841858,1.475000023841858,1.475000023841858,315.0
2025-06-26 12:10:00,NG,,4.065000057220459,4.070000171661377,4.065000057220459,4.070000171661377,459.0
2025-06-26 12:10:00,NGD,,4.889999866485596,4.899899959564209,4.889999866485596,4.889999866485596,33523.0
2025-06-26 12:10:00,NNVC,,1.1799999475479126,1.1799999475479126,1.1799999475479126,1.1799999475479126,311.0
2025-06-26 12:10:00,OBE,,5.565499782562256,5.565499782562256,5.565499782562256,5.565499782562256,1000.0
2025-06-26 12:10:00,OPTT,,0.5105000138282776,0.5105000138282776,0.5105000138282776,0.5105000138282776,548.0
2025-06-26 12:10:00,ORLA,,9.984999656677246,9.984999656677246,9.984999656677246,9.984999656677246,595.0
2025-06-26 12:10:00,PED,,0.6682999730110168,0.6682999730110168,0.6682999730110168,0.6682999730110168,153.0
2025-06-26 12:10:00,PLAG,,0.8654000163078308,0.8654000163078308,0.8654000163078308,0.8654000163078308,150.0
2025-06-26 12:10:00,PLG,,1.600000023841858,1.600000023841858,1.5950000286102295,1.5950000286102295,3725.0
2025-06-26 12:10:00,PLMR,,151.3300018310547,151.72500610351562,151.3300018310547,151.72500610351562,3352.0
2025-06-26 12:10:00,PLX,,1.465000033378601,1.465000033378601,1.465000033378601,1.465000033378601,1701.0
2025-06-26 12:10:00,PZG,,0.5989999771118164,0.5999000072479248,0.5989999771118164,0.5999000072479248,1994.0
2025-06-26 12:10:00,REI,,0.7773500084877014,0.7773500084877014,0.7773500084877014,0.7773500084877014,1600.0
2025-06-26 12:10:00,SEB,,2950.050048828125,2950.050048828125,2950.050048828125,2950.050048828125,1.0
2025-06-26 12:10:00,SENS,,0.5016999840736389,0.5016999840736389,0.5008999705314636,0.5008999705314636,2383.0
2025-06-26 12:10:00,SLI,,1.9149999618530273,1.9149999618530273,1.9092999696731567,1.9092999696731567,9301.0
2025-06-26 12:10:00,SOAR,,1.4450000524520874,1.4450000524520874,1.4450000524520874,1.4450000524520874,414.0
2025-06-26 12:10:00,SVM,,4.175000190734863,4.175000190734863,4.175000190734863,4.175000190734863,304.0
2025-06-26 12:10:00,TGB,,3.1050000190734863,3.109999895095825,3.0950000286102295,3.0998001098632812,77740.0
2025-06-26 12:10:00,TRX,,0.3346000015735626,0.3355009853839874,0.33330100774765015,0.3355009853839874,15614.0
2025-06-26 12:10:00,UAMY,,2.5350000858306885,2.5350000858306885,2.5299999713897705,2.5299999713897705,14647.0
2025-06-26 12:10:00,UEC,,7.005000114440918,7.014999866485596,7.0,7.010000228881836,109431.0
2025-06-26 12:10:00,URG,,1.065000057220459,1.0700000524520874,1.059999942779541,1.065000057220459,6739.0
2025-06-26 12:10:00,USAS,,0.833299994468689,0.833299994468689,0.833299994468689,0.833299994468689,125.0
2025-06-26 12:10:00,UTG,,35.470001220703125,35.470001220703125,35.470001220703125,35.470001220703125,417.0
2025-06-26 12:10:00,UUUU,,5.960000038146973,5.974999904632568,5.949999809265137,5.974999904632568,49224.0
2025-06-26 12:10:00,VGZ,,1.0299999713897705,1.0299999713897705,1.0299999713897705,1.0299999713897705,100.0
2025-06-26 12:10:00,VKI,,8.199999809265137,8.199999809265137,8.199999809265137,8.199999809265137,320.0
2025-06-26 12:10:00,VZLA,,2.9649999141693115,2.9649999141693115,2.9649999141693115,2.9649999141693115,278.0
2025-06-26 12:10:00,WRN,,1.25,1.25,1.25,1.25,117.0
2025-06-26 12:10:00,WWR,,0.5913000106811523,0.5913000106811523,0.5913000106811523,0.5913000106811523,211.0
2025-06-26 12:10:00,ZDGE,,4.010000228881836,4.010000228881836,4.010000228881836,4.010000228881836,101.0
2025-06-26 12:11:00,AEON,,0.7705000042915344,0.7706000208854675,0.7705000042915344,0.7706000208854675,783.0
2025-06-26 12:11:00,ARMN,,6.860000133514404,6.860000133514404,6.855000019073486,6.860000133514404,3122.0
2025-06-26 12:11:00,ASM,,3.569999933242798,3.5799999237060547,3.569999933242798,3.5799999237060547,8336.0
2025-06-26 12:11:00,ATNM,,1.534999966621399,1.534999966621399,1.534999966621399,1.534999966621399,500.0
2025-06-26 12:11:00,AZTR,,0.2619999945163727,0.2619999945163727,0.2619999945163727,0.2619999945163727,100.0
2025-06-26 12:11:00,BRBS,,3.2850000858306885,3.2850000858306885,3.2850000858306885,3.2850000858306885,324.0
2025-06-26 12:11:00,BTG,,3.6347999572753906,3.640000104904175,3.630000114440918,3.640000104904175,342937.0
2025-06-26 12:11:00,BURU,,0.32499998807907104,0.32499998807907104,0.32405000925064087,0.32475000619888306,5445.0
2025-06-26 12:11:00,CATX,,3.640000104904175,3.6549999713897705,3.640000104904175,3.6549999713897705,823.0
2025-06-26 12:11:00,CBOE,,227.7899932861328,227.7899932861328,227.7899932861328,227.7899932861328,740.0
2025-06-26 12:11:00,CCEL,,5.389900207519531,5.389900207519531,5.389900207519531,5.389900207519531,481.0
2025-06-26 12:11:00,CEF,,30.357099533081055,30.357099533081055,30.357099533081055,30.357099533081055,2022.0
2025-06-26 12:11:00,CLM,,7.944799900054932,7.945000171661377,7.944799900054932,7.945000171661377,816.0
2025-06-26 12:11:00,CMCL,,19.079999923706055,19.204500198364258,19.079999923706055,19.204500198364258,1564.0
2025-06-26 12:11:00,CQP,,55.73500061035156,55.73500061035156,55.73500061035156,55.73500061035156,200.0
2025-06-26 12:11:00,CTGO,,20.829999923706055,20.829999923706055,20.829999923706055,20.829999923706055,283.0
2025-06-26 12:11:00,CVM,,2.4600000381469727,2.4600000381469727,2.4600000381469727,2.4600000381469727,100.0
2025-06-26 12:11:00,CYBN,,8.53499984741211,8.53499984741211,8.53499984741211,8.53499984741211,1009.0
2025-06-26 12:11:00,DC,,3.799999952316284,3.799999952316284,3.799999952316284,3.799999952316284,100.0
2025-06-26 12:11:00,DHY,,2.109999895095825,2.109999895095825,2.109999895095825,2.109999895095825,111.0
2025-06-26 12:11:00,DNN,,1.8350000381469727,1.8450000286102295,1.8300000429153442,1.8401000499725342,1308847.0
2025-06-26 12:11:00,DXF,,4.88129997253418,4.88129997253418,4.829999923706055,4.829999923706055,576.0
2025-06-26 12:11:00,EIM,,9.550000190734863,9.550000190734863,9.550000190734863,9.550000190734863,311.0
2025-06-26 12:11:00,ELMD,,21.415000915527344,21.510000228881836,21.415000915527344,21.510000228881836,384.0
2025-06-26 12:11:00,EQX,,5.885000228881836,5.894999980926514,5.880000114440918,5.894999980926514,32707.0
2025-06-26 12:11:00,ERC,,9.390000343322754,9.390000343322754,9.390000343322754,9.390000343322754,200.0
2025-06-26 12:11:00,EVM,,8.84000015258789,8.84000015258789,8.84000015258789,8.84000015258789,203.0
2025-06-26 12:11:00,EVV,,10.170000076293945,10.170000076293945,10.170000076293945,10.170000076293945,1071.0
2025-06-26 12:11:00,FOXO,,0.19989900290966034,0.19989900290966034,0.19989900290966034,0.19989900290966034,750.0
2025-06-26 12:11:00,FSP,,1.690000057220459,1.690000057220459,1.684999942779541,1.690000057220459,511.0
2025-06-26 12:11:00,FTF,,6.381100177764893,6.381100177764893,6.381100177764893,6.381100177764893,500.0
2025-06-26 12:11:00,GAU,,1.3188999891281128,1.3188999891281128,1.3188999891281128,1.3188999891281128,1032.0
2025-06-26 12:11:00,GLDG,,0.7469000220298767,0.746999979019165,0.7465000152587891,0.7465000152587891,849.0
2025-06-26 12:11:00,GNS,,0.9200000166893005,0.9218000173568726,0.9200000166893005,0.9200999736785889,20922.0
2025-06-26 12:11:00,GROY,,2.2899999618530273,2.2899999618530273,2.2899999618530273,2.2899999618530273,160.0
2025-06-26 12:11:00,GTE,,5.070000171661377,5.070000171661377,5.070000171661377,5.070000171661377,798.0
2025-06-26 12:11:00,IBO,,0.9912999868392944,0.9914000034332275,0.9911999702453613,0.9912999868392944,2872.0
2025-06-26 12:11:00,IDR,,13.12969970703125,13.130000114440918,13.119999885559082,13.130000114440918,1090.0
2025-06-26 12:11:00,IMO,,81.36000061035156,81.38999938964844,81.36000061035156,81.38999938964844,1267.0
2025-06-26 12:11:00,INDO,,3.109999895095825,3.109999895095825,3.109999895095825,3.109999895095825,1000.0
2025-06-26 12:11:00,ITRG,,1.559999942779541,1.559999942779541,1.559999942779541,1.559999942779541,2658.0
2025-06-26 12:11:00,KNW,,1.8899999856948853,1.8899999856948853,1.8899999856948853,1.8899999856948853,1882.0
2025-06-26 12:11:00,KULR,,5.109899997711182,5.110000133514404,5.099999904632568,5.099999904632568,600.0
2025-06-26 12:11:00,LCTX,,1.0,1.0089000463485718,1.0,1.0,5503.0
2025-06-26 12:11:00,LEU,,181.49000549316406,181.61000061035156,180.64999389648438,181.61000061035156,3136.0
2025-06-26 12:11:00,LMND,,41.58000183105469,41.58000183105469,41.540000915527344,41.56999969482422,3973.0
2025-06-26 12:11:00,LNG,,242.1999969482422,242.4492950439453,242.1999969482422,242.4492950439453,2235.0
2025-06-26 12:11:00,LODE,,3.7699999809265137,3.7699999809265137,3.760699987411499,3.760699987411499,969.0
2025-06-26 12:11:00,MAG,,21.315000534057617,21.329999923706055,21.315000534057617,21.329999923706055,1182.0
2025-06-26 12:11:00,MWG,,0.26249998807907104,0.26249998807907104,0.26249998807907104,0.26249998807907104,100.0
2025-06-26 12:11:00,NAK,,1.5664000511169434,1.5700000524520874,1.5664000511169434,1.5700000524520874,650.0
2025-06-26 12:11:00,NBH,,9.789999961853027,9.789999961853027,9.788000106811523,9.789999961853027,4457.0
2025-06-26 12:11:00,NCL,,0.17749999463558197,0.17820000648498535,0.17749999463558197,0.17820000648498535,18651.0
2025-06-26 12:11:00,NEWP,,1.375,1.375,1.375,1.375,201.0
2025-06-26 12:11:00,NFGC,,1.475000023841858,1.475000023841858,1.475000023841858,1.475000023841858,131.0
2025-06-26 12:11:00,NG,,4.065000057220459,4.070000171661377,4.059999942779541,4.070000171661377,12790.0
2025-06-26 12:11:00,NGD,,4.880000114440918,4.8907999992370605,4.880000114440918,4.890100002288818,117099.0
2025-06-26 12:11:00,NML,,8.849800109863281,8.849800109863281,8.849800109863281,8.849800109863281,590.0
2025-06-26 12:11:00,NNVC,,1.1699999570846558,1.1699999570846558,1.1699999570846558,1.1699999570846558,5163.0
2025-06-26 12:11:00,OBE,,5.559999942779541,5.559999942779541,5.559999942779541,5.559999942779541,2460.0
2025-06-26 12:11:00,OPTT,,0.5105000138282776,0.5105000138282776,0.5103999972343445,0.5105000138282776,3188.0
2025-06-26 12:11:00,ORLA,,9.989999771118164,9.989999771118164,9.989999771118164,9.989999771118164,12615.0
2025-06-26 12:11:00,PHGE,,0.45399999618530273,0.45399999618530273,0.45399999618530273,0.45399999618530273,1050.0
2025-06-26 12:11:00,PLG,,1.5950000286102295,1.5950000286102295,1.5950000286102295,1.5950000286102295,1505.0
2025-06-26 12:11:00,PLX,,1.4800000190734863,1.4800000190734863,1.465000033378601,1.465000033378601,6757.0
2025-06-26 12:11:00,REI,,0.7767999768257141,0.7768999934196472,0.7767999768257141,0.7768999934196472,7807.0
2025-06-26 12:11:00,SATX,,2.950000047683716,2.950000047683716,2.950000047683716,2.950000047683716,324.0
2025-06-26 12:11:00,SBEV,,3.799999952316284,4.179999828338623,3.7799999713897705,3.799999952316284,39985.0
2025-06-26 12:11:00,SEB,,2950.050048828125,2950.050048828125,2950.050048828125,2950.050048828125,3.0
2025-06-26 12:11:00,SENS,,0.5019000172615051,0.5020999908447266,0.5016999840736389,0.5016999840736389,6231.0
2025-06-26 12:11:00,SGN,,1.0099999904632568,1.0099999904632568,1.0099999904632568,1.0099999904632568,222.0
2025-06-26 12:11:00,SLI,,1.9190000295639038,1.9190000295639038,1.909999966621399,1.909999966621399,1347.0
2025-06-26 12:11:00,SVM,,4.166900157928467,4.170000076293945,4.160799980163574,4.170000076293945,8518.0
2025-06-26 12:11:00,TGB,,3.109999895095825,3.109999895095825,3.0999999046325684,3.1050000190734863,74347.0
2025-06-26 12:11:00,TMQ,,1.5,1.5,1.4950000047683716,1.4950000047683716,4258.0
2025-06-26 12:11:00,TPET,,1.1749999523162842,1.2050000429153442,1.1699999570846558,1.2050000429153442,20137.0
2025-06-26 12:11:00,TRX,,0.33309999108314514,0.33329999446868896,0.33309999108314514,0.33329999446868896,300.0
2025-06-26 12:11:00,UAMY,,2.5399999618530273,2.5399999618530273,2.534600019454956,2.534600019454956,481.0
2025-06-26 12:11:00,UAVS,,1.0950000286102295,1.0950000286102295,1.0950000286102295,1.0950000286102295,874.0
2025-06-26 12:11:00,UEC,,6.944900035858154,7.005000114440918,6.941299915313721,7.0,86373.0
2025-06-26 12:11:00,URG,,1.0598000288009644,1.065000057220459,1.0598000288009644,1.065000057220459,70890.0
2025-06-26 12:11:00,USAS,,0.8309999704360962,0.8309999704360962,0.8309999704360962,0.8309999704360962,106.0
2025-06-26 12:11:00,UUUU,,5.933499813079834,5.954999923706055,5.925000190734863,5.954999923706055,104440.0
2025-06-26 12:11:00,VTAK,,0.2503499984741211,0.2503499984741211,0.2503499984741211,0.2503499984741211,200.0
2025-06-26 12:12:00,AREN,,5.585000038146973,5.585000038146973,5.585000038146973,5.585000038146973,105.0
2025-06-26 12:12:00,ARMN,,6.859000205993652,6.859000205993652,6.859000205993652,6.859000205993652,250.0
2025-06-26 12:12:00,ASM,,3.5752999782562256,3.5799999237060547,3.569999933242798,3.5799999237060547,10309.0
2025-06-26 12:12:00,ATNM,,1.5299999713897705,1.5299999713897705,1.5299999713897705,1.5299999713897705,104.0
2025-06-26 12:12:00,BATL,,1.4700000286102295,1.4700000286102295,1.4700000286102295,1.4700000286102295,1812.0
2025-06-26 12:12:00,BEEP,,4.077099800109863,4.077099800109863,4.077099800109863,4.077099800109863,703.0
2025-06-26 12:12:00,BKTI,,54.529998779296875,54.529998779296875,54.529998779296875,54.529998779296875,295.0
2025-06-26 12:12:00,BRBS,,3.2850000858306885,3.2850000858306885,3.2850000858306885,3.2850000858306885,163.0
2025-06-26 12:12:00,BTG,,3.640000104904175,3.640000104904175,3.630000114440918,3.6308000087738037,78568.0
2025-06-26 12:12:00,BURU,,0.3249000012874603,0.3249500095844269,0.3249000012874603,0.3249500095844269,2109.0
2025-06-26 12:12:00,CATX,,3.6500000953674316,3.6500000953674316,3.6500000953674316,3.6500000953674316,148.0
2025-06-26 12:12:00,CBOE,,227.7899932861328,227.7899932861328,227.7899932861328,227.7899932861328,251.0
2025-06-26 12:12:00,CIK,,2.940000057220459,2.940000057220459,2.930000066757202,2.930000066757202,16100.0
2025-06-26 12:12:00,CLDI,,0.21170000731945038,0.21220000088214874,0.21170000731945038,0.21220000088214874,600.0
2025-06-26 12:12:00,CQP,,55.7400016784668,55.7400016784668,55.689998626708984,55.689998626708984,1097.0
2025-06-26 12:12:00,CTM,,1.0449999570846558,1.0449999570846558,1.0449999570846558,1.0449999570846558,230.0
2025-06-26 12:12:00,DC,,3.805000066757202,3.805000066757202,3.805000066757202,3.805000066757202,133.0
2025-06-26 12:12:00,DNN,,1.840000033378601,1.840000033378601,1.8300000429153442,1.830299973487854,350176.0
2025-06-26 12:12:00,EIM,,9.550000190734863,9.550000190734863,9.550000190734863,9.550000190734863,500.0
2025-06-26 12:12:00,EQX,,5.885000228881836,5.885000228881836,5.880000114440918,5.880000114440918,1420.0
2025-06-26 12:12:00,ESBA,,7.639999866485596,7.639999866485596,7.639999866485596,7.639999866485596,0.0
2025-06-26 12:12:00,FOXO,,0.19990000128746033,0.20000000298023224,0.19979999959468842,0.20000000298023224,27648.0
2025-06-26 12:12:00,GAU,,1.315000057220459,1.315000057220459,1.315000057220459,1.315000057220459,107.0
2025-06-26 12:12:00,GNS,,0.9298999905586243,0.9298999905586243,0.8999999761581421,0.9200000166893005,54666.0
2025-06-26 12:12:00,GROY,,2.29010009765625,2.2999000549316406,2.289299964904785,2.2899999618530273,35122.0
2025-06-26 12:12:00,GTE,,5.065000057220459,5.065000057220459,5.065000057220459,5.065000057220459,481.0
2025-06-26 12:12:00,IBO,,0.9986000061035156,1.0,0.9914000034332275,0.9914000034332275,25933.0
2025-06-26 12:12:00,IE,,9.819999694824219,9.828499794006348,9.819999694824219,9.828499794006348,919.0
2025-06-26 12:12:00,IGC,,0.3099989891052246,0.3099989891052246,0.3099989891052246,0.3099989891052246,256.0
2025-06-26 12:12:00,INDO,,3.1198999881744385,3.1198999881744385,3.115000009536743,3.115000009536743,2398.0
2025-06-26 12:12:00,ITRG,,1.5549999475479126,1.5549999475479126,1.5549999475479126,1.5549999475479126,399.0
2025-06-26 12:12:00,KNW,,1.8899999856948853,1.8899999856948853,1.8899999856948853,1.8899999856948853,330.0
2025-06-26 12:12:00,KULR,,5.110000133514404,5.110000133514404,5.101799964904785,5.10890007019043,720.0
2025-06-26 12:12:00,LCTX,,1.0002000331878662,1.0088000297546387,1.0,1.0,2953.0
2025-06-26 12:12:00,LEU,,181.8000030517578,181.97000122070312,181.39999389648438,181.39999389648438,4370.0
2025-06-26 12:12:00,LMND,,41.56999969482422,41.58000183105469,41.540000915527344,41.58000183105469,2660.0
2025-06-26 12:12:00,LNG,,242.26499938964844,242.26499938964844,242.25250244140625,242.25250244140625,901.0
2025-06-26 12:12:00,LODE,,3.7699999809265137,3.7699999809265137,3.7699999809265137,3.7699999809265137,121.0
2025-06-26 12:12:00,MAG,,21.31999969482422,21.31999969482422,21.31999969482422,21.31999969482422,669.0
2025-06-26 12:12:00,MYO,,2.255000114440918,2.255000114440918,2.255000114440918,2.255000114440918,346.0
2025-06-26 12:12:00,NAK,,1.5687999725341797,1.5687999725341797,1.559999942779541,1.5600999593734741,18258.0
2025-06-26 12:12:00,NCL,,0.17809900641441345,0.17809900641441345,0.17809900641441345,0.17809900641441345,374.0
2025-06-26 12:12:00,NG,,4.070000171661377,4.070000171661377,4.059999942779541,4.065000057220459,2113.0
2025-06-26 12:12:00,NGD,,4.885000228881836,4.886499881744385,4.880000114440918,4.880000114440918,5614.0
2025-06-26 12:12:00,NHS,,7.509200096130371,7.509200096130371,7.509200096130371,7.509200096130371,220.0
2025-06-26 12:12:00,NRO,,3.194999933242798,3.194999933242798,3.194999933242798,3.194999933242798,102.0
2025-06-26 12:12:00,OPTT,,0.5105000138282776,0.510699987411499,0.5105000138282776,0.510699987411499,721.0
2025-06-26 12:12:00,PLMR,,151.1800994873047,151.1800994873047,151.17999267578125,151.17999267578125,391.0
2025-06-26 12:12:00,REI,,0.777999997138977,0.777999997138977,0.7767999768257141,0.7771999835968018,4496.0
2025-06-26 12:12:00,SBEV,,4.110000133514404,4.130000114440918,3.75,3.859999895095825,35763.0
2025-06-26 12:12:00,SENS,,0.5009999871253967,0.501800000667572,0.5005999803543091,0.5016999840736389,55908.0
2025-06-26 12:12:00,SLND,,4.0,4.0,4.0,4.0,1039.0
2025-06-26 12:12:00,SVM,,4.164999961853027,4.164999961853027,4.164999961853027,4.164999961853027,134.0
2025-06-26 12:12:00,TGB,,3.1050000190734863,3.1050000190734863,3.1050000190734863,3.1050000190734863,946.0
2025-06-26 12:12:00,TPET,,1.1749999523162842,1.1799999475479126,1.1749999523162842,1.1799999475479126,399.0
2025-06-26 12:12:00,UAMY,,2.5250000953674316,2.5399999618530273,2.5250000953674316,2.5397000312805176,22462.0
2025-06-26 12:12:00,UEC,,6.96999979019165,6.980000019073486,6.945000171661377,6.945000171661377,50886.0
2025-06-26 12:12:00,URG,,1.0499999523162842,1.0549999475479126,1.0499999523162842,1.0549999475479126,2100.0
2025-06-26 12:12:00,USAS,,0.8321999907493591,0.8321999907493591,0.8321999907493591,0.8321999907493591,535.0
2025-06-26 12:12:00,UTG,,35.459999084472656,35.459999084472656,35.459999084472656,35.459999084472656,150.0
2025-06-26 12:12:00,UUUU,,5.934999942779541,5.940000057220459,5.920000076293945,5.929999828338623,90631.0
2025-06-26 12:12:00,VGZ,,1.024999976158142,1.024999976158142,1.024999976158142,1.024999976158142,418.0
2025-06-26 12:12:00,VTAK,,0.25,0.2502000033855438,0.25,0.2502000033855438,11118.0
2025-06-26 12:12:00,VZLA,,2.9649999141693115,2.9649999141693115,2.9649999141693115,2.9649999141693115,1893.0
2025-06-26 12:12:00,WWR,,0.5913000106811523,0.5913000106811523,0.5913000106811523,0.5913000106811523,432.0
2025-06-26 12:12:00,ZDGE,,4.010000228881836,4.010000228881836,4.010000228881836,4.010000228881836,101.0
2025-06-26 12:13:00,AREN,,5.587600231170654,5.587600231170654,5.587600231170654,5.587600231170654,263.0
2025-06-26 12:13:00,ARMN,,6.860000133514404,6.860000133514404,6.855000019073486,6.855000019073486,1040.0
2025-06-26 12:13:00,ASM,,3.569999933242798,3.5799999237060547,3.569999933242798,3.5764999389648438,11918.0
2025-06-26 12:13:00,AZTR,,0.25999999046325684,0.26010000705718994,0.25999999046325684,0.25999999046325684,3565.0
2025-06-26 12:13:00,BCV,,18.69099998474121,18.69099998474121,18.69099998474121,18.69099998474121,238.0
2025-06-26 12:13:00,BTG,,3.634999990463257,3.640000104904175,3.634999990463257,3.640000104904175,29114.0
2025-06-26 12:13:00,BURU,,0.32534998655319214,0.32589998841285706,0.3249500095844269,0.3249500095844269,27975.0
2025-06-26 12:13:00,CATX,,3.6600000858306885,3.6600000858306885,3.640000104904175,3.6549999713897705,2327.0
2025-06-26 12:13:00,CBOE,,227.73500061035156,227.73500061035156,227.73500061035156,227.73500061035156,750.0
2025-06-26 12:13:00,CEF,,30.360000610351562,30.360000610351562,30.360000610351562,30.360000610351562,505.0
2025-06-26 12:13:00,CEFD,,19.110000610351562,19.110000610351562,19.110000610351562,19.110000610351562,2632.0
2025-06-26 12:13:00,CIK,,2.9300999641418457,2.9300999641418457,2.9300999641418457,2.9300999641418457,1000.0
2025-06-26 12:13:00,CMCL,,19.1466007232666,19.1466007232666,19.1466007232666,19.1466007232666,1001.0
2025-06-26 12:13:00,CQP,,55.95000076293945,55.95000076293945,55.7400016784668,55.7400016784668,1901.0
2025-06-26 12:13:00,CRF,,7.568399906158447,7.568399906158447,7.568399906158447,7.568399906158447,5000.0
2025-06-26 12:13:00,CVM,,2.4600000381469727,2.4600000381469727,2.4600000381469727,2.4600000381469727,180.0
2025-06-26 12:13:00,CYBN,,8.5,8.5,8.5,8.5,314.0
2025-06-26 12:13:00,DC,,3.805000066757202,3.805000066757202,3.805000066757202,3.805000066757202,140.0
2025-06-26 12:13:00,DHY,,2.109999895095825,2.109999895095825,2.109999895095825,2.109999895095825,311.0
2025-06-26 12:13:00,DNN,,1.8300000429153442,1.840000033378601,1.8300000429153442,1.840000033378601,190742.0
2025-06-26 12:13:00,ELMD,,21.415000915527344,21.415000915527344,21.415000915527344,21.415000915527344,402.0
2025-06-26 12:13:00,EPM,,4.75,4.75,4.75,4.75,181.0
2025-06-26 12:13:00,EQX,,5.885200023651123,5.889999866485596,5.881800174713135,5.885000228881836,17015.0
2025-06-26 12:13:00,EVM,,8.84000015258789,8.84000015258789,8.84000015258789,8.84000015258789,100.0
2025-06-26 12:13:00,FOXO,,0.19979999959468842,0.19979999959468842,0.19979999959468842,0.19979999959468842,1850.0
2025-06-26 12:13:00,GAU,,1.309999942779541,1.315000057220459,1.309999942779541,1.309999942779541,5299.0
2025-06-26 12:13:00,GNS,,0.9399999976158142,0.9399999976158142,0.9201099872589111,0.9298999905586243,117972.0
2025-06-26 12:13:00,GORO,,0.5400999784469604,0.5400999784469604,0.5400999784469604,0.5400999784469604,301.0
2025-06-26 12:13:00,GROY,,2.289299964904785,2.299999952316284,2.2799999713897705,2.2894999980926514,43706.0
2025-06-26 12:13:00,GSAT,,23.354999542236328,23.354999542236328,23.354999542236328,23.354999542236328,723.0
2025-06-26 12:13:00,GTE,,5.070000171661377,5.070000171661377,5.070000171661377,5.070000171661377,388.0
2025-06-26 12:13:00,HUSA,,13.25220012664795,13.25220012664795,13.25220012664795,13.25220012664795,301.0
2025-06-26 12:13:00,IBO,,1.0098999738693237,1.0099999904632568,0.9997000098228455,1.0,17019.0
2025-06-26 12:13:00,IGC,,0.3080489933490753,0.30809998512268066,0.3075000047683716,0.30809998512268066,2326.0
2025-06-26 12:13:00,IMO,,81.41000366210938,81.41000366210938,81.41000366210938,81.41000366210938,775.0
2025-06-26 12:13:00,INDO,,3.1110999584198,3.111999988555908,3.109999895095825,3.111999988555908,1036.0
2025-06-26 12:13:00,KULR,,5.105000019073486,5.110000133514404,5.1020002365112305,5.105000019073486,8409.0
2025-06-26 12:13:00,LCTX,,1.0,1.0099999904632568,1.0,1.0,25109.0
2025-06-26 12:13:00,LEU,,181.9149932861328,181.9149932861328,181.75999450683594,181.90499877929688,1249.0
2025-06-26 12:13:00,LMND,,41.52009963989258,41.56999969482422,41.52000045776367,41.56999969482422,2735.0
2025-06-26 12:13:00,LNG,,242.5500030517578,242.5500030517578,242.5500030517578,242.5500030517578,643.0
2025-06-26 12:13:00,MAG,,21.329999923706055,21.329999923706055,21.329999923706055,21.329999923706055,296.0
2025-06-26 12:13:00,MPTI,,41.02000045776367,41.029998779296875,41.0,41.0,1381.0
2025-06-26 12:13:00,NAK,,1.565000057220459,1.5700000524520874,1.5600999593734741,1.565000057220459,28225.0
2025-06-26 12:13:00,NFGC,,1.475000023841858,1.475000023841858,1.475000023841858,1.475000023841858,160.0
2025-06-26 12:13:00,NG,,4.065000057220459,4.065800189971924,4.065000057220459,4.065000057220459,1606.0
2025-06-26 12:13:00,NGD,,4.889900207519531,4.889999866485596,4.880000114440918,4.88070011138916,35935.0
2025-06-26 12:13:00,NHS,,7.505000114440918,7.505000114440918,7.505000114440918,7.505000114440918,461.0
2025-06-26 12:13:00,NNVC,,1.215000033378601,1.215000033378601,1.188099980354309,1.188099980354309,11534.0
2025-06-26 12:13:00,NTIP,,1.2100000381469727,1.2100000381469727,1.2100000381469727,1.2100000381469727,1059.0
2025-06-26 12:13:00,OBE,,5.554999828338623,5.554999828338623,5.554999828338623,5.554999828338623,100.0
2025-06-26 12:13:00,OPTT,,0.5105000138282776,0.5105000138282776,0.510450005531311,0.510450005531311,502.0
2025-06-26 12:13:00,PHGE,,0.453900009393692,0.453900009393692,0.453900009393692,0.453900009393692,200.0
2025-06-26 12:13:00,PLMR,,151.17999267578125,151.17999267578125,151.17999267578125,151.17999267578125,200.0
2025-06-26 12:13:00,REI,,0.7767999768257141,0.777400016784668,0.7767999768257141,0.777400016784668,2143.0
2025-06-26 12:13:00,SATX,,2.950000047683716,2.950000047683716,2.950000047683716,2.950000047683716,419.0
2025-06-26 12:13:00,SBEV,,4.296299934387207,4.389999866485596,4.059999942779541,4.059999942779541,100683.0
2025-06-26 12:13:00,SENS,,0.5,0.5005999803543091,0.5,0.5005999803543091,1728.0
2025-06-26 12:13:00,SGN,,1.0099999904632568,1.0099999904632568,1.0099999904632568,1.0099999904632568,406.0
2025-06-26 12:13:00,SVM,,4.159999847412109,4.169899940490723,4.159999847412109,4.169899940490723,21521.0
2025-06-26 12:13:00,TGB,,3.109999895095825,3.109999895095825,3.1050000190734863,3.1050000190734863,82422.0
2025-06-26 12:13:00,TMP,,62.86000061035156,62.86000061035156,62.849998474121094,62.849998474121094,515.0
2025-06-26 12:13:00,TMQ,,1.4900000095367432,1.5099999904632568,1.4900000095367432,1.5099999904632568,16237.0
2025-06-26 12:13:00,TPET,,1.1749999523162842,1.179800033569336,1.1700999736785889,1.179800033569336,7604.0
2025-06-26 12:13:00,TRX,,0.3359000086784363,0.3359000086784363,0.3359000086784363,0.3359000086784363,500.0
2025-06-26 12:13:00,UAMY,,2.5250000953674316,2.5299999713897705,2.5250000953674316,2.5299999713897705,21826.0
2025-06-26 12:13:00,UEC,,6.940000057220459,6.96999979019165,6.940000057220459,6.965000152587891,15387.0
2025-06-26 12:13:00,URG,,1.0499999523162842,1.0549999475479126,1.0499999523162842,1.0549999475479126,4136.0
2025-06-26 12:13:00,USAS,,0.833079993724823,0.833079993724823,0.833079993724823,0.833079993724823,661.0
2025-06-26 12:13:00,UTG,,35.459999084472656,35.459999084472656,35.459999084472656,35.459999084472656,105.0
2025-06-26 12:13:00,UUUU,,5.930099964141846,5.940000057220459,5.920000076293945,5.930799961090088,64036.0
2025-06-26 12:13:00,VGZ,,1.024999976158142,1.0267000198364258,1.024999976158142,1.0267000198364258,4005.0
2025-06-26 12:13:00,VTAK,,0.25049901008605957,0.25049901008605957,0.24609999358654022,0.2483000010251999,3032.0
2025-06-26 12:13:00,VZLA,,2.9649999141693115,2.9649999141693115,2.9649999141693115,2.9649999141693115,449.0
2025-06-26 12:14:00,APT,,4.795000076293945,4.795000076293945,4.795000076293945,4.795000076293945,280.0
2025-06-26 12:14:00,AREN,,5.590000152587891,5.590000152587891,5.590000152587891,5.590000152587891,452.0
2025-06-26 12:14:00,ASM,,3.572000026702881,3.572000026702881,3.5701000690460205,3.5701000690460205,5627.0
2025-06-26 12:14:00,AUST,,1.3200000524520874,1.3200000524520874,1.3200000524520874,1.3200000524520874,818.0
2025-06-26 12:14:00,BATL,,1.4850000143051147,1.4850000143051147,1.4850000143051147,1.4850000143051147,3059.0
2025-06-26 12:14:00,BKTI,,54.8650016784668,54.8650016784668,54.8650016784668,54.8650016784668,287.0
2025-06-26 12:14:00,BTG,,3.634999990463257,3.640000104904175,3.6301000118255615,3.6352999210357666,50147.0
2025-06-26 12:14:00,BURU,,0.32600000500679016,0.32600000500679016,0.3253999948501587,0.3253999948501587,12100.0
2025-06-26 12:14:00,CATX,,3.6549999713897705,3.6549999713897705,3.640000104904175,3.640000104904175,436.0
2025-06-26 12:14:00,CBOE,,227.72999572753906,227.72999572753906,227.72999572753906,227.72999572753906,449.0
2025-06-26 12:14:00,CIK,,2.940000057220459,2.940000057220459,2.940000057220459,2.940000057220459,1000.0
2025-06-26 12:14:00,CLDI,,0.21209999918937683,0.21209999918937683,0.21209999918937683,0.21209999918937683,300.0
2025-06-26 12:14:00,CLM,,7.940000057220459,7.940000057220459,7.940000057220459,7.940000057220459,3198.0
2025-06-26 12:14:00,CQP,,55.88999938964844,55.93000030517578,55.88999938964844,55.93000030517578,207.0
2025-06-26 12:14:00,CRF,,7.570000171661377,7.570000171661377,7.559999942779541,7.565000057220459,1416.0
2025-06-26 12:14:00,CTM,,1.0499999523162842,1.0499999523162842,1.0499999523162842,1.0499999523162842,132.0
2025-06-26 12:14:00,DC,,3.805000066757202,3.809999942779541,3.805000066757202,3.805000066757202,1379.0
2025-06-26 12:14:00,DNN,,1.8300000429153442,1.840000033378601,1.8300000429153442,1.8350000381469727,47254.0
2025-06-26 12:14:00,EIM,,9.539999961853027,9.550000190734863,9.539999961853027,9.550000190734863,2200.0
2025-06-26 12:14:00,ELA,,5.809999942779541,5.809999942779541,5.809999942779541,5.809999942779541,158.0
2025-06-26 12:14:00,ELMD,,21.309999465942383,21.479999542236328,21.309999465942383,21.479999542236328,400.0
2025-06-26 12:14:00,EQX,,5.885000228881836,5.889999866485596,5.880000114440918,5.885000228881836,46517.0
2025-06-26 12:14:00,FOXO,,0.19979999959468842,0.20000000298023224,0.19979999959468842,0.19999900460243225,2100.0
2025-06-26 12:14:00,GAU,,1.3049999475479126,1.309999942779541,1.2999999523162842,1.309999942779541,34035.0
2025-06-26 12:14:00,GLDG,,0.746999979019165,0.746999979019165,0.746999979019165,0.746999979019165,500.0
2025-06-26 12:14:00,GNS,,0.9009000062942505,0.9399999976158142,0.8913000226020813,0.9399999976158142,120840.0
2025-06-26 12:14:00,GORO,,0.5468000173568726,0.5468000173568726,0.5468000173568726,0.5468000173568726,302.0
2025-06-26 12:14:00,GROY,,2.2950000762939453,2.299999952316284,2.2799999713897705,2.289900064468384,36533.0
2025-06-26 12:14:00,GTE,,5.070000171661377,5.070000171661377,5.070000171661377,5.070000171661377,138.0
2025-06-26 12:14:00,HUSA,,13.229999542236328,13.25,13.11400032043457,13.11400032043457,926.0
2025-06-26 12:14:00,IBO,,1.0049999952316284,1.0096999406814575,1.0,1.009600043296814,7601.0
2025-06-26 12:14:00,IDR,,13.130000114440918,13.130000114440918,13.130000114440918,13.130000114440918,1430.0
2025-06-26 12:14:00,IE,,9.819999694824219,9.819999694824219,9.819999694824219,9.819999694824219,807.0
2025-06-26 12:14:00,INDO,,3.11080002784729,3.115000009536743,3.109999895095825,3.109999895095825,3973.0
2025-06-26 12:14:00,ITRG,,1.559999942779541,1.559999942779541,1.5549999475479126,1.5549999475479126,1125.0
2025-06-26 12:14:00,JOB,,0.2046000063419342,0.2046000063419342,0.2046000063419342,0.2046000063419342,29150.0
2025-06-26 12:14:00,KNW,,1.8799999952316284,1.8799999952316284,1.8799999952316284,1.8799999952316284,114.0
2025-06-26 12:14:00,KULR,,5.09499979019165,5.105000019073486,5.090099811553955,5.105000019073486,9922.0
2025-06-26 12:14:00,LCTX,,1.0,1.0092999935150146,1.0,1.0052000284194946,7367.0
2025-06-26 12:14:00,LEU,,182.0749969482422,182.3000030517578,181.63999938964844,181.63999938964844,1643.0
2025-06-26 12:14:00,LMND,,41.59000015258789,41.599998474121094,41.530601501464844,41.54999923706055,4308.0
2025-06-26 12:14:00,LNG,,242.6999969482422,242.6999969482422,242.55999755859375,242.55999755859375,866.0
2025-06-26 12:14:00,LODE,,3.7699999809265137,3.7699999809265137,3.759999990463257,3.759999990463257,215.0
2025-06-26 12:14:00,MAG,,21.329999923706055,21.329999923706055,21.325000762939453,21.325000762939453,921.0
2025-06-26 12:14:00,MRT,,2.7750000953674316,2.7750000953674316,2.759999990463257,2.759999990463257,2289.0
2025-06-26 12:14:00,NAK,,1.565000057220459,1.5700000524520874,1.5600999593734741,1.565000057220459,7690.0
2025-06-26 12:14:00,NG,,4.065000057220459,4.070000171661377,4.065000057220459,4.070000171661377,1494.0
2025-06-26 12:14:00,NGD,,4.880000114440918,4.889999866485596,4.880000114440918,4.885000228881836,8778.0
2025-06-26 12:14:00,NHS,,7.5,7.5,7.5,7.5,395.0
2025-06-26 12:14:00,NNVC,,1.2117999792099,1.2117999792099,1.2100000381469727,1.2100000381469727,1100.0
2025-06-26 12:14:00,OPTT,,0.5118989944458008,0.5118989944458008,0.5108000040054321,0.5108000040054321,289.0
2025-06-26 12:14:00,ORLA,,10.010000228881836,10.010000228881836,10.0,10.0,3751.0
2025-06-26 12:14:00,PLG,,1.5951000452041626,1.5951000452041626,1.5951000452041626,1.5951000452041626,101.0
2025-06-26 12:14:00,PZG,,0.6018999814987183,0.6018999814987183,0.6018999814987183,0.6018999814987183,100.0
2025-06-26 12:14:00,REI,,0.7767999768257141,0.7767999768257141,0.7767999768257141,0.7767999768257141,157.0
2025-06-26 12:14:00,SACH,,1.089900016784668,1.089900016784668,1.089900016784668,1.089900016784668,1095.0
2025-06-26 12:14:00,SBEV,,3.990000009536743,4.309999942779541,3.800100088119507,4.307600021362305,58937.0
2025-06-26 12:14:00,SENS,,0.5001000165939331,0.5001000165939331,0.5001000165939331,0.5001000165939331,171.0
2025-06-26 12:14:00,SKYH,,9.529999732971191,9.529999732971191,9.520000457763672,9.520000457763672,5466.0
2025-06-26 12:14:00,SLI,,1.9049999713897705,1.9199999570846558,1.899999976158142,1.909999966621399,16401.0
2025-06-26 12:14:00,SVM,,4.175000190734863,4.175300121307373,4.159999847412109,4.164700031280518,58947.0
2025-06-26 12:14:00,TGB,,3.109999895095825,3.109999895095825,3.0999999046325684,3.109999895095825,27406.0
2025-06-26 12:14:00,TMQ,,1.4950000047683716,1.4950000047683716,1.4950000047683716,1.4950000047683716,300.0
2025-06-26 12:14:00,TPET,,1.1699999570846558,1.1700999736785889,1.1699999570846558,1.1700999736785889,890.0
2025-06-26 12:14:00,UAMY,,2.5250000953674316,2.5299999713897705,2.5250000953674316,2.5299999713897705,1278.0
2025-06-26 12:14:00,UEC,,6.956500053405762,6.960000038146973,6.934999942779541,6.934999942779541,11083.0
2025-06-26 12:14:00,URG,,1.0499999523162842,1.0549999475479126,1.0499999523162842,1.0499999523162842,5159.0
2025-06-26 12:14:00,UUUU,,5.925000190734863,5.934999942779541,5.920000076293945,5.934999942779541,18733.0
2025-06-26 12:14:00,VZLA,,2.9690001010894775,2.9700000286102295,2.9600000381469727,2.969099998474121,82556.0
2025-06-26 12:14:00,XPL,,0.6452999711036682,0.6452999711036682,0.6452999711036682,0.6452999711036682,110.0
2025-06-26 12:14:00,ZDGE,,4.010000228881836,4.010000228881836,4.010000228881836,4.010000228881836,101.0
2025-06-26 12:15:00,ARMN,,6.849999904632568,6.849999904632568,6.849999904632568,6.849999904632568,100.0
2025-06-26 12:15:00,ASM,,3.575000047683716,3.575000047683716,3.575000047683716,3.575000047683716,1501.0
2025-06-26 12:15:00,ATNM,,1.534999966621399,1.534999966621399,1.534999966621399,1.534999966621399,314.0
2025-06-26 12:15:00,BCV,,18.700000762939453,18.75,18.700000762939453,18.75,425.0
2025-06-26 12:15:00,BGI,,0.8700000047683716,0.8700000047683716,0.8700000047683716,0.8700000047683716,209.0
2025-06-26 12:15:00,BKTI,,54.27000045776367,54.36000061035156,54.27000045776367,54.36000061035156,614.0
2025-06-26 12:15:00,BRBS,,3.2850000858306885,3.2899999618530273,3.2850000858306885,3.2899999618530273,685.0
2025-06-26 12:15:00,BTG,,3.634999990463257,3.640000104904175,3.634999990463257,3.634999990463257,7029.0
2025-06-26 12:15:00,BURU,,0.32589998841285706,0.32589998841285706,0.32589998841285706,0.32589998841285706,841.0
2025-06-26 12:15:00,CATX,,3.680000066757202,3.684999942779541,3.6500000953674316,3.6500000953674316,8911.0
2025-06-26 12:15:00,CBOE,,227.69000244140625,227.69000244140625,227.69000244140625,227.69000244140625,421.0
2025-06-26 12:15:00,CLDI,,0.22065100073814392,0.22065100073814392,0.21209999918937683,0.21209999918937683,11088.0
2025-06-26 12:15:00,CMCL,,19.09000015258789,19.09000015258789,19.09000015258789,19.09000015258789,400.0
2025-06-26 12:15:00,CMT,,16.940200805664062,16.940200805664062,16.940200805664062,16.940200805664062,229.0
2025-06-26 12:15:00,CPHI,,1.7599999904632568,1.7599999904632568,1.7350000143051147,1.7350000143051147,1551.0
2025-06-26 12:15:00,CQP,,55.939998626708984,55.959999084472656,55.869998931884766,55.869998931884766,665.0
2025-06-26 12:15:00,CYBN,,8.569899559020996,8.569899559020996,8.569899559020996,8.569899559020996,1093.0
2025-06-26 12:15:00,DC,,3.805000066757202,3.805000066757202,3.805000066757202,3.805000066757202,121.0
2025-06-26 12:15:00,DNN,,1.8300000429153442,1.840000033378601,1.8300000429153442,1.840000033378601,269748.0
2025-06-26 12:15:00,EAD,,6.985300064086914,6.985300064086914,6.985300064086914,6.985300064086914,3157.0
2025-06-26 12:15:00,EQX,,5.885000228881836,5.900000095367432,5.880000114440918,5.880000114440918,141321.0
2025-06-26 12:15:00,ERC,,9.395000457763672,9.396499633789062,9.395000457763672,9.396499633789062,1200.0
2025-06-26 12:15:00,EVI,,19.940000534057617,19.940000534057617,19.940000534057617,19.940000534057617,331.0
2025-06-26 12:15:00,EVM,,8.84000015258789,8.84000015258789,8.84000015258789,8.84000015258789,100.0
2025-06-26 12:15:00,FOXO,,0.20000000298023224,0.20000000298023224,0.19989900290966034,0.19989900290966034,505.0
2025-06-26 12:15:00,FTF,,6.380000114440918,6.385000228881836,6.380000114440918,6.385000228881836,445.0
2025-06-26 12:15:00,GAU,,1.3049999475479126,1.3049999475479126,1.2999999523162842,1.2999999523162842,4915.0
2025-06-26 12:15:00,GGN,,4.373899936676025,4.373899936676025,4.373899936676025,4.373899936676025,200.0
2025-06-26 12:15:00,GNS,,0.9347000122070312,0.9399999976158142,0.9003000259399414,0.9235000014305115,75604.0
2025-06-26 12:15:00,GROY,,2.2950000762939453,2.2950000762939453,2.2899999618530273,2.2950000762939453,3693.0
2025-06-26 12:15:00,GTE,,5.070000171661377,5.070000171661377,5.070000171661377,5.070000171661377,201.0
2025-06-26 12:15:00,HUSA,,13.260000228881836,13.260000228881836,13.25,13.25,254.0
2025-06-26 12:15:00,IBO,,0.9803000092506409,1.0098999738693237,0.9800000190734863,1.0003999471664429,19678.0
2025-06-26 12:15:00,IE,,9.8100004196167,9.819999694824219,9.8100004196167,9.819999694824219,1261.0
2025-06-26 12:15:00,IGC,,0.3086000084877014,0.3086000084877014,0.3086000084877014,0.3086000084877014,1083.0
2025-06-26 12:15:00,IMO,,81.52999877929688,81.52999877929688,81.47000122070312,81.47000122070312,1554.0
2025-06-26 12:15:00,INDO,,3.119999885559082,3.119999885559082,3.119999885559082,3.119999885559082,2714.0
2025-06-26 12:15:00,ITRG,,1.559999942779541,1.559999942779541,1.559999942779541,1.559999942779541,1222.0
2025-06-26 12:15:00,JOB,,0.20459899306297302,0.20459899306297302,0.20459899306297302,0.20459899306297302,3701.0
2025-06-26 12:15:00,KNW,,1.8792999982833862,1.8792999982833862,1.8792999982833862,1.8792999982833862,398.0
2025-06-26 12:15:00,KULR,,5.099999904632568,5.099999904632568,5.09499979019165,5.099999904632568,4391.0
2025-06-26 12:15:00,LCTX,,1.0049999952316284,1.0098999738693237,1.0,1.0,4683.0
2025-06-26 12:15:00,LEU,,182.76499938964844,183.0,182.0800018310547,182.0800018310547,7385.0
2025-06-26 12:15:00,LMND,,41.619998931884766,41.63999938964844,41.599998474121094,41.599998474121094,2504.0
2025-06-26 12:15:00,LNG,,242.9199981689453,242.9199981689453,242.6999969482422,242.6999969482422,931.0
2025-06-26 12:15:00,LODE,,3.776099920272827,3.776099920272827,3.776099920272827,3.776099920272827,922.0
2025-06-26 12:15:00,MAG,,21.329999923706055,21.329999923706055,21.329999923706055,21.329999923706055,1731.0
2025-06-26 12:15:00,NAK,,1.565000057220459,1.565000057220459,1.559999942779541,1.559999942779541,10780.0
2025-06-26 12:15:00,NCL,,0.17790000140666962,0.17790000140666962,0.17790000140666962,0.17790000140666962,168.0
2025-06-26 12:15:00,NFGC,,1.4701000452041626,1.4701000452041626,1.4701000452041626,1.4701000452041626,1072.0
2025-06-26 12:15:00,NG,,4.079999923706055,4.079999923706055,4.065000057220459,4.065000057220459,22333.0
2025-06-26 12:15:00,NGD,,4.892000198364258,4.900000095367432,4.880000114440918,4.880000114440918,96335.0
2025-06-26 12:15:00,NNVC,,1.2100000381469727,1.2100000381469727,1.2100000381469727,1.2100000381469727,200.0
2025-06-26 12:15:00,OBE,,5.559999942779541,5.559999942779541,5.559999942779541,5.559999942779541,2063.0
2025-06-26 12:15:00,OGEN,,3.5250000953674316,3.5250000953674316,3.5250000953674316,3.5250000953674316,486.0
2025-06-26 12:15:00,OPTT,,0.5107489824295044,0.5108000040054321,0.5107489824295044,0.5107489824295044,1053.0
2025-06-26 12:15:00,ORLA,,10.010000228881836,10.010000228881836,10.010000228881836,10.010000228881836,585.0
2025-06-26 12:15:00,OSTX,,1.8301000595092773,1.850000023841858,1.8301000595092773,1.840000033378601,10000.0
2025-06-26 12:15:00,PHGE,,0.45179998874664307,0.45179998874664307,0.45179998874664307,0.45179998874664307,1001.0
2025-06-26 12:15:00,PLG,,1.5950000286102295,1.600000023841858,1.5950000286102295,1.5956000089645386,21940.0
2025-06-26 12:15:00,PZG,,0.6018999814987183,0.6018999814987183,0.6018999814987183,0.6018999814987183,128.0
2025-06-26 12:15:00,REI,,0.777400016784668,0.777400016784668,0.777400016784668,0.777400016784668,100.0
2025-06-26 12:15:00,SBEV,,4.1875,4.28000020980835,3.890000104904175,3.8966000080108643,48921.0
2025-06-26 12:15:00,SEB,,2963.554931640625,2967.110107421875,2960.0,2960.0,4.0
2025-06-26 12:15:00,SENS,,0.5,0.5001000165939331,0.5,0.5001000165939331,872.0
2025-06-26 12:15:00,SKYH,,9.529999732971191,9.529999732971191,9.529999732971191,9.529999732971191,105.0
2025-06-26 12:15:00,SLI,,1.9149999618530273,1.9149999618530273,1.9049999713897705,1.9049999713897705,12525.0
2025-06-26 12:15:00,SVM,,4.175000190734863,4.175000190734863,4.175000190734863,4.175000190734863,513.0
2025-06-26 12:15:00,TGB,,3.115000009536743,3.119999885559082,3.109800100326538,3.109999895095825,212075.0
2025-06-26 12:15:00,TPET,,1.176900029182434,1.176900029182434,1.1699999570846558,1.1749999523162842,11428.0
2025-06-26 12:15:00,UAMY,,2.5250000953674316,2.5299999713897705,2.5250000953674316,2.5299999713897705,201.0
2025-06-26 12:15:00,UEC,,6.960000038146973,6.960000038146973,6.934999942779541,6.960000038146973,7324884.0
2025-06-26 12:15:00,URG,,1.0499999523162842,1.0549999475479126,1.0499999523162842,1.0499999523162842,16241.0
2025-06-26 12:15:00,USAS,,0.8313199877738953,0.8313199877738953,0.8313199877738953,0.8313199877738953,774.0
2025-06-26 12:15:00,UUUU,,5.929999828338623,5.929999828338623,5.920000076293945,5.925000190734863,28484.0
2025-06-26 12:15:00,VTAK,,0.2483000010251999,0.25049999356269836,0.2483000010251999,0.25049999356269836,2410.0
2025-06-26 12:15:00,VZLA,,2.9609999656677246,2.9700000286102295,2.9600000381469727,2.9700000286102295,168369.0
2025-06-26 12:16:00,AREN,,5.590000152587891,5.590000152587891,5.590000152587891,5.590000152587891,116.0
2025-06-26 12:16:00,ARMN,,6.855000019073486,6.855000019073486,6.855000019073486,6.855000019073486,1209.0
2025-06-26 12:16:00,ASM,,3.571700096130371,3.571700096130371,3.569999933242798,3.5713000297546387,5582.0
2025-06-26 12:16:00,BATL,,1.4945000410079956,1.4945000410079956,1.4945000410079956,1.4945000410079956,999.0
2025-06-26 12:16:00,BRN,,1.2003999948501587,1.2009999752044678,1.2003999948501587,1.2009999752044678,1010.0
2025-06-26 12:16:00,BTG,,3.634999990463257,3.640000104904175,3.6301000118255615,3.634999990463257,63430.0
2025-06-26 12:16:00,BURU,,0.3260999917984009,0.3260999917984009,0.3248000144958496,0.3248000144958496,8764.0
2025-06-26 12:16:00,CATX,,3.680000066757202,3.680000066757202,3.6705000400543213,3.680000066757202,1123.0
2025-06-26 12:16:00,CBOE,,227.60000610351562,227.69000244140625,227.57000732421875,227.6699981689453,1905.0
2025-06-26 12:16:00,CIK,,2.940000057220459,2.940000057220459,2.940000057220459,2.940000057220459,100.0
2025-06-26 12:16:00,CLM,,7.949999809265137,7.949999809265137,7.945000171661377,7.945000171661377,656.0
2025-06-26 12:16:00,CQP,,55.869998931884766,55.959999084472656,55.869998931884766,55.95000076293945,750.0
2025-06-26 12:16:00,CRF,,7.565000057220459,7.570000171661377,7.559999942779541,7.565000057220459,788.0
2025-06-26 12:16:00,CYBN,,8.53499984741211,8.53499984741211,8.53499984741211,8.53499984741211,222.0
2025-06-26 12:16:00,DC,,3.805000066757202,3.805000066757202,3.805000066757202,3.805000066757202,102.0
2025-06-26 12:16:00,DNN,,1.8301000595092773,1.840000033378601,1.8300000429153442,1.830399990081787,245438.0
2025-06-26 12:16:00,DSS,,0.9599999785423279,0.9599999785423279,0.9599999785423279,0.9599999785423279,116.0
2025-06-26 12:16:00,EAD,,6.9899001121521,6.989999771118164,6.9899001121521,6.989999771118164,200.0
2025-06-26 12:16:00,EIM,,9.550100326538086,9.550100326538086,9.550100326538086,9.550100326538086,1116.0
2025-06-26 12:16:00,ELMD,,21.309999465942383,21.479999542236328,21.309999465942383,21.479999542236328,603.0
2025-06-26 12:16:00,EQX,,5.880099773406982,5.885000228881836,5.880000114440918,5.885000228881836,34074.0
2025-06-26 12:16:00,EVM,,8.84000015258789,8.84000015258789,8.84000015258789,8.84000015258789,100.0
2025-06-26 12:16:00,FSP,,1.684999942779541,1.684999942779541,1.684999942779541,1.684999942779541,230.0
2025-06-26 12:16:00,FURY,,0.4821999967098236,0.4821999967098236,0.4821999967098236,0.4821999967098236,300.0
2025-06-26 12:16:00,GAU,,1.2999999523162842,1.2999999523162842,1.2999999523162842,1.2999999523162842,200.0
2025-06-26 12:16:00,GGN,,4.375,4.375,4.375,4.375,201.0
2025-06-26 12:16:00,GLDG,,0.7464500069618225,0.7464500069618225,0.7464500069618225,0.7464500069618225,500.0
2025-06-26 12:16:00,GLQ,,6.960000038146973,6.960000038146973,6.960000038146973,6.960000038146973,100.0
2025-06-26 12:16:00,GLV,,5.610099792480469,5.610099792480469,5.610099792480469,5.610099792480469,1200.0
2025-06-26 12:16:00,GNS,,0.9386000037193298,0.9399999976158142,0.9161999821662903,0.9327999949455261,72511.0
2025-06-26 12:16:00,GORO,,0.5400999784469604,0.5400999784469604,0.5400999784469604,0.5400999784469604,101.0
2025-06-26 12:16:00,GROY,,2.2950000762939453,2.2950000762939453,2.2950000762939453,2.2950000762939453,156.0
2025-06-26 12:16:00,HUSA,,13.265199661254883,13.265199661254883,13.265199661254883,13.265199661254883,1213.0
2025-06-26 12:16:00,IBO,,0.9950000047683716,0.9975000023841858,0.9818000197410583,0.9818000197410583,8958.0
2025-06-26 12:16:00,IE,,9.829999923706055,9.829999923706055,9.8149995803833,9.829700469970703,12509.0
2025-06-26 12:16:00,INDO,,3.109999895095825,3.115000009536743,3.109999895095825,3.115000009536743,811.0
2025-06-26 12:16:00,ITRG,,1.559999942779541,1.559999942779541,1.5549999475479126,1.5549999475479126,1352.0
2025-06-26 12:16:00,KNW,,1.875,1.875,1.8708000183105469,1.8708000183105469,1116.0
2025-06-26 12:16:00,KULR,,5.114799976348877,5.119900226593018,5.099999904632568,5.099999904632568,10301.0
2025-06-26 12:16:00,LCTX,,1.0049999952316284,1.0099999904632568,1.0,1.0091999769210815,25830.0
2025-06-26 12:16:00,LEU,,182.2550048828125,182.77000427246094,182.2550048828125,182.2550048828125,2117.0
2025-06-26 12:16:00,LMND,,41.68000030517578,41.689998626708984,41.639198303222656,41.639198303222656,2461.0
2025-06-26 12:16:00,LNG,,242.8000030517578,242.9199981689453,242.8000030517578,242.9199981689453,1677.0
2025-06-26 12:16:00,LODE,,3.765000104904175,3.765000104904175,3.765000104904175,3.765000104904175,157.0
2025-06-26 12:16:00,MAG,,21.31999969482422,21.31999969482422,21.31999969482422,21.31999969482422,600.0
2025-06-26 12:16:00,MAIA,,1.6604000329971313,1.6604000329971313,1.6604000329971313,1.6604000329971313,770.0
2025-06-26 12:16:00,MRT,,2.765199899673462,2.765199899673462,2.765199899673462,2.765199899673462,242.0
2025-06-26 12:16:00,NAK,,1.559999942779541,1.565000057220459,1.559999942779541,1.565000057220459,4896.0
2025-06-26 12:16:00,NG,,4.074999809265137,4.079999923706055,4.070000171661377,4.079999923706055,14074.0
2025-06-26 12:16:00,NGD,,4.894999980926514,4.894999980926514,4.889999866485596,4.894999980926514,15124.0
2025-06-26 12:16:00,NNVC,,1.190000057220459,1.2300000190734863,1.190000057220459,1.2300000190734863,7133.0
2025-06-26 12:16:00,ORLA,,10.010000228881836,10.010000228881836,10.010000228881836,10.010000228881836,193.0
2025-06-26 12:16:00,PHGE,,0.4560000002384186,0.4560000002384186,0.4560000002384186,0.4560000002384186,100.0
2025-06-26 12:16:00,PLG,,1.600000023841858,1.600000023841858,1.5950000286102295,1.600000023841858,2360.0
2025-06-26 12:16:00,PLMR,,151.3800048828125,151.3800048828125,151.3800048828125,151.3800048828125,1021.0
2025-06-26 12:16:00,PLX,,1.475000023841858,1.475000023841858,1.475000023841858,1.475000023841858,712.0
2025-06-26 12:16:00,REI,,0.777400016784668,0.777400016784668,0.7767999768257141,0.7767999768257141,623.0
2025-06-26 12:16:00,SATX,,2.950000047683716,2.950000047683716,2.950000047683716,2.950000047683716,221.0
2025-06-26 12:16:00,SBEV,,3.9700000286102295,4.25,3.9700000286102295,4.150000095367432,62018.0
2025-06-26 12:16:00,SENS,,0.5,0.5,0.5,0.5,813.0
2025-06-26 12:16:00,SGN,,0.9955000281333923,1.000100016593933,0.9955000281333923,1.000100016593933,515.0
2025-06-26 12:16:00,SKYH,,9.543499946594238,9.550000190734863,9.543499946594238,9.550000190734863,545.0
2025-06-26 12:16:00,SLI,,1.9105000495910645,1.9105000495910645,1.9105000495910645,1.9105000495910645,1878.0
2025-06-26 12:16:00,SOAR,,1.440500020980835,1.440500020980835,1.440500020980835,1.440500020980835,111.0
2025-06-26 12:16:00,STRW,,10.729999542236328,10.729999542236328,10.729999542236328,10.729999542236328,104.0
2025-06-26 12:16:00,STXS,,2.234999895095825,2.234999895095825,2.234999895095825,2.234999895095825,102.0
2025-06-26 12:16:00,SVM,,4.175000190734863,4.175000190734863,4.170000076293945,4.170000076293945,2606.0
2025-06-26 12:16:00,TGB,,3.110100030899048,3.119999885559082,3.109999895095825,3.11899995803833,66902.0
2025-06-26 12:16:00,THM,,0.9047999978065491,0.9047999978065491,0.9047999978065491,0.9047999978065491,100.0
2025-06-26 12:16:00,TMQ,,1.4905999898910522,1.4905999898910522,1.4905999898910522,1.4905999898910522,344.0
2025-06-26 12:16:00,TPET,,1.1799999475479126,1.1799999475479126,1.179900050163269,1.179900050163269,475.0
2025-06-26 12:16:00,UAMY,,2.5299999713897705,2.5299999713897705,2.5250000953674316,2.5250000953674316,429.0
2025-06-26 12:16:00,UEC,,6.934999942779541,6.960000038146973,6.934999942779541,6.9552001953125,21789.0
2025-06-26 12:16:00,URG,,1.0499999523162842,1.059999942779541,1.0499999523162842,1.0549999475479126,48663.0
2025-06-26 12:16:00,USAS,,0.8309999704360962,0.8309999704360962,0.8309999704360962,0.8309999704360962,550.0
2025-06-26 12:16:00,UUUU,,5.914999961853027,5.929999828338623,5.911300182342529,5.925000190734863,23745.0
2025-06-26 12:16:00,VTAK,,0.2480500042438507,0.24809999763965607,0.2460000067949295,0.24609999358654022,2152.0
2025-06-26 12:16:00,VZLA,,2.9600000381469727,2.9600000381469727,2.9549999237060547,2.9549999237060547,7808.0
2025-06-26 12:16:00,WRN,,1.2450000047683716,1.2450000047683716,1.2450000047683716,1.2450000047683716,500.0
2025-06-26 12:16:00,ZDGE,,4.010000228881836,4.010000228881836,4.010000228881836,4.010000228881836,101.0
2025-06-26 12:17:00,AEON,,0.7773000001907349,0.7773000001907349,0.7773000001907349,0.7773000001907349,378.0
2025-06-26 12:17:00,AREN,,5.59499979019165,5.59499979019165,5.59499979019165,5.59499979019165,109.0
2025-06-26 12:17:00,ARMN,,6.855000019073486,6.855000019073486,6.849999904632568,6.855000019073486,590.0
2025-06-26 12:17:00,ASM,,3.571000099182129,3.571000099182129,3.5701000690460205,3.5701000690460205,3199.0
2025-06-26 12:17:00,ATNM,,1.5300999879837036,1.5300999879837036,1.5300999879837036,1.5300999879837036,490.0
2025-06-26 12:17:00,BATL,,1.4700000286102295,1.4700000286102295,1.4700000286102295,1.4700000286102295,1118.0
2025-06-26 12:17:00,BRBS,,3.2850000858306885,3.2850000858306885,3.2850000858306885,3.2850000858306885,103.0
2025-06-26 12:17:00,BTG,,3.634999990463257,3.640000104904175,3.634999990463257,3.634999990463257,21131.0
2025-06-26 12:17:00,BURU,,0.328000009059906,0.328000009059906,0.32589998841285706,0.3260999917984009,59220.0
2025-06-26 12:17:00,CATX,,3.686300039291382,3.686300039291382,3.686300039291382,3.686300039291382,500.0
2025-06-26 12:17:00,CEFD,,19.100000381469727,19.138700485229492,19.100000381469727,19.138700485229492,0.0
2025-06-26 12:17:00,CET,,47.66999816894531,47.6797981262207,47.66999816894531,47.6797981262207,319.0
2025-06-26 12:17:00,CLDI,,0.2151000052690506,0.2151000052690506,0.2151000052690506,0.2151000052690506,200.0
2025-06-26 12:17:00,CLM,,7.945000171661377,7.945000171661377,7.945000171661377,7.945000171661377,140.0
2025-06-26 12:17:00,CQP,,55.970001220703125,55.970001220703125,55.880001068115234,55.970001220703125,600.0
2025-06-26 12:17:00,CRF,,7.565499782562256,7.565499782562256,7.565499782562256,7.565499782562256,216.0
2025-06-26 12:17:00,CTM,,1.0499999523162842,1.0499999523162842,1.0499999523162842,1.0499999523162842,100.0
2025-06-26 12:17:00,CYBN,,8.539999961853027,8.539999961853027,8.5,8.5,724.0
2025-06-26 12:17:00,DNN,,1.8300000429153442,1.840000033378601,1.8300000429153442,1.8350000381469727,2968933.0
2025-06-26 12:17:00,DXF,,4.760000228881836,4.760000228881836,4.760000228881836,4.760000228881836,200.0
2025-06-26 12:17:00,EAD,,6.988999843597412,6.988999843597412,6.988999843597412,6.988999843597412,3735.0
2025-06-26 12:17:00,EMX,,2.549999952316284,2.555000066757202,2.549999952316284,2.555000066757202,2454.0
2025-06-26 12:17:00,EQX,,5.885000228881836,5.889999866485596,5.880000114440918,5.880099773406982,20353.0
2025-06-26 12:17:00,ESP,,45.17250061035156,45.29999923706055,45.084999084472656,45.29999923706055,1239.0
2025-06-26 12:17:00,FTF,,6.385000228881836,6.385000228881836,6.385000228881836,6.385000228881836,100.0
2025-06-26 12:17:00,GAU,,1.3049999475479126,1.3049999475479126,1.2999999523162842,1.3049999475479126,23910.0
2025-06-26 12:17:00,GNS,,0.9399999976158142,0.9430990219116211,0.92010098695755,0.92010098695755,68604.0
2025-06-26 12:17:00,GROY,,2.2950000762939453,2.2950000762939453,2.2950000762939453,2.2950000762939453,2229.0
2025-06-26 12:17:00,GSAT,,23.354999542236328,23.354999542236328,23.354999542236328,23.354999542236328,455.0
2025-06-26 12:17:00,HUSA,,13.284700393676758,13.284700393676758,13.284700393676758,13.284700393676758,1012.0
2025-06-26 12:17:00,IBO,,0.9973999857902527,0.9973999857902527,0.9950000047683716,0.9950000047683716,5475.0
2025-06-26 12:17:00,IE,,9.819999694824219,9.829899787902832,9.8100004196167,9.819999694824219,1494.0
2025-06-26 12:17:00,IMO,,81.48999786376953,81.48999786376953,81.47000122070312,81.47000122070312,654.0
2025-06-26 12:17:00,INDO,,3.119999885559082,3.119999885559082,3.113300085067749,3.119999885559082,744.0
2025-06-26 12:17:00,INFU,,6.409999847412109,6.409999847412109,6.409999847412109,6.409999847412109,539.0
2025-06-26 12:17:00,ITRG,,1.5599000453948975,1.5599000453948975,1.5500999689102173,1.5500999689102173,2829.0
2025-06-26 12:17:00,KNW,,1.875,1.8798999786376953,1.8734999895095825,1.8734999895095825,2751.0
2025-06-26 12:17:00,KULR,,5.105000019073486,5.110799789428711,5.100100040435791,5.110799789428711,8689.0
2025-06-26 12:17:00,LCTX,,1.0198999643325806,1.0198999643325806,1.0049999952316284,1.0049999952316284,34931.0
2025-06-26 12:17:00,LEU,,181.61599731445312,181.66000366210938,181.61599731445312,181.64999389648438,930.0
2025-06-26 12:17:00,LMND,,41.709999084472656,41.709999084472656,41.65999984741211,41.70000076293945,1200.0
2025-06-26 12:17:00,LNG,,242.76499938964844,242.82000732421875,242.7100067138672,242.82000732421875,7135.0
2025-06-26 12:17:00,LODE,,3.7599000930786133,3.759999990463257,3.7599000930786133,3.759999990463257,2887.0
2025-06-26 12:17:00,MAG,,21.315000534057617,21.31999969482422,21.315000534057617,21.31999969482422,1454.0
2025-06-26 12:17:00,MRT,,2.7799999713897705,2.7799999713897705,2.7799999713897705,2.7799999713897705,105.0
2025-06-26 12:17:00,MYO,,2.255000114440918,2.255000114440918,2.255000114440918,2.255000114440918,593.0
2025-06-26 12:17:00,NAK,,1.565000057220459,1.565000057220459,1.5645999908447266,1.565000057220459,11467.0
2025-06-26 12:17:00,NBH,,9.79259967803955,9.79259967803955,9.79259967803955,9.79259967803955,108.0
2025-06-26 12:17:00,NG,,4.070099830627441,4.085000038146973,4.070000171661377,4.074999809265137,137097.0
2025-06-26 12:17:00,NGD,,4.885000228881836,4.889999866485596,4.880000114440918,4.889999866485596,100922.0
2025-06-26 12:17:00,NHC,,108.05999755859375,108.05999755859375,108.05999755859375,108.05999755859375,124.0
2025-06-26 12:17:00,NML,,8.850000381469727,8.850000381469727,8.840399742126465,8.840399742126465,2110.0
2025-06-26 12:17:00,NRXS,,2.549999952316284,2.549999952316284,2.549999952316284,2.549999952316284,1429.0
2025-06-26 12:17:00,OBE,,5.5625,5.5625,5.5625,5.5625,2081.0
2025-06-26 12:17:00,OPTT,,0.5138999819755554,0.5138999819755554,0.511900007724762,0.5120000243186951,17347.0
2025-06-26 12:17:00,ORLA,,10.005000114440918,10.005000114440918,10.005000114440918,10.005000114440918,1072.0
2025-06-26 12:17:00,PLX,,1.475000023841858,1.475000023841858,1.475000023841858,1.475000023841858,403.0
2025-06-26 12:17:00,REI,,0.7767999768257141,0.7768999934196472,0.7767999768257141,0.7768999934196472,306.0
2025-06-26 12:17:00,SBEV,,3.9000000953674316,4.199999809265137,3.9000000953674316,3.9700000286102295,31418.0
2025-06-26 12:17:00,SEB,,2966.219970703125,2967.110107421875,2959.93994140625,2964.449951171875,8.0
2025-06-26 12:17:00,SENS,,0.4997999966144562,0.5,0.4997999966144562,0.5,14249.0
2025-06-26 12:17:00,SLI,,1.9190000295639038,1.9190000295639038,1.9186999797821045,1.9186999797821045,3005.0
2025-06-26 12:17:00,SOAR,,1.4500000476837158,1.4500000476837158,1.4500000476837158,1.4500000476837158,413.0
2025-06-26 12:17:00,STXS,,2.238600015640259,2.238600015640259,2.234999895095825,2.234999895095825,615.0
2025-06-26 12:17:00,SVM,,4.170000076293945,4.170199871063232,4.159999847412109,4.170000076293945,33317.0
2025-06-26 12:17:00,TGB,,3.110100030899048,3.115000009536743,3.109999895095825,3.115000009536743,10982.0
2025-06-26 12:17:00,TMP,,62.790000915527344,62.790000915527344,62.790000915527344,62.790000915527344,1025.0
2025-06-26 12:17:00,TPET,,1.1790000200271606,1.1790000200271606,1.1790000200271606,1.1790000200271606,260.0
2025-06-26 12:17:00,TRX,,0.335999995470047,0.335999995470047,0.335999995470047,0.335999995470047,188.0
2025-06-26 12:17:00,UAMY,,2.5280001163482666,2.5299999713897705,2.5250000953674316,2.5250000953674316,1394.0
2025-06-26 12:17:00,UAVS,,1.0901000499725342,1.0901000499725342,1.090000033378601,1.0901000499725342,28704.0
2025-06-26 12:17:00,UEC,,6.929999828338623,6.934999942779541,6.920100212097168,6.934999942779541,15337.0
2025-06-26 12:17:00,URG,,1.0549999475479126,1.0549999475479126,1.0499999523162842,1.0499999523162842,1821.0
2025-06-26 12:17:00,UTG,,35.470001220703125,35.470001220703125,35.46500015258789,35.46500015258789,420.0
2025-06-26 12:17:00,UUUU,,5.909999847412109,5.914999961853027,5.900000095367432,5.914999961853027,38036.0
2025-06-26 12:17:00,VGZ,,1.0199999809265137,1.0199999809265137,1.0199999809265137,1.0199999809265137,472.0
2025-06-26 12:17:00,VKI,,8.20989990234375,8.20989990234375,8.20989990234375,8.20989990234375,100.0
2025-06-26 12:17:00,VNRX,,0.7820000052452087,0.7820000052452087,0.7782999873161316,0.7782999873161316,1035.0
2025-06-26 12:17:00,VTAK,,0.2484000027179718,0.2484000027179718,0.2480500042438507,0.2480500042438507,1319.0
2025-06-26 12:17:00,VZLA,,2.9600000381469727,2.9600000381469727,2.9549999237060547,2.9549999237060547,1425.0
2025-06-26 12:18:00,AIM,,9.050000190734863,9.050000190734863,9.050000190734863,9.050000190734863,102.0
2025-06-26 12:18:00,ARMN,,6.850299835205078,6.856500148773193,6.850299835205078,6.856500148773193,673.0
2025-06-26 12:18:00,ASM,,3.559999942779541,3.569999933242798,3.559999942779541,3.569999933242798,12614.0
2025-06-26 12:18:00,BEEP,,4.079999923706055,4.079999923706055,4.079999923706055,4.079999923706055,1091.0
2025-06-26 12:18:00,BRBS,,3.2850000858306885,3.2850000858306885,3.2850000858306885,3.2850000858306885,52726.0
2025-06-26 12:18:00,BTG,,3.634999990463257,3.634999990463257,3.634999990463257,3.634999990463257,11889.0
2025-06-26 12:18:00,BURU,,0.32710000872612,0.328000009059906,0.326200008392334,0.328000009059906,5506.0
2025-06-26 12:18:00,CATX,,3.6700000762939453,3.680000066757202,3.6700000762939453,3.680000066757202,323.0
2025-06-26 12:18:00,CBOE,,227.6999969482422,227.6999969482422,227.63999938964844,227.63999938964844,1524.0
2025-06-26 12:18:00,CIK,,2.940000057220459,2.940000057220459,2.940000057220459,2.940000057220459,100.0
2025-06-26 12:18:00,CLDI,,0.2151000052690506,0.2151000052690506,0.2151000052690506,0.2151000052690506,200.0
2025-06-26 12:18:00,CMT,,16.988300323486328,16.988300323486328,16.988300323486328,16.988300323486328,506.0
2025-06-26 12:18:00,CQP,,55.880001068115234,55.970001220703125,55.880001068115234,55.880001068115234,730.0
2025-06-26 12:18:00,CRF,,7.569900035858154,7.569900035858154,7.569900035858154,7.569900035858154,100.0
2025-06-26 12:18:00,CTGO,,20.729999542236328,20.729999542236328,20.729999542236328,20.729999542236328,866.0
2025-06-26 12:18:00,CYBN,,8.470000267028809,8.550000190734863,8.470000267028809,8.550000190734863,218.0
2025-06-26 12:18:00,DC,,3.799999952316284,3.799999952316284,3.799999952316284,3.799999952316284,104.0
2025-06-26 12:18:00,DNN,,1.8248000144958496,1.8350000381469727,1.8200000524520874,1.8300000429153442,2461197.0
2025-06-26 12:18:00,DXF,,4.75,4.75,4.75,4.75,173.0
2025-06-26 12:18:00,EQX,,5.885000228881836,5.885000228881836,5.880000114440918,5.885000228881836,9050.0
2025-06-26 12:18:00,EVM,,8.84000015258789,8.84000015258789,8.84000015258789,8.84000015258789,100.0
2025-06-26 12:18:00,GAU,,1.3049999475479126,1.3049999475479126,1.2999999523162842,1.2999999523162842,3206.0
2025-06-26 12:18:00,GLDG,,0.7465000152587891,0.7465000152587891,0.7464500069618225,0.7464500069618225,4780.0
2025-06-26 12:18:00,GNS,,0.9699000120162964,0.9699000120162964,0.9699000120162964,0.9699000120162964,384123.0
2025-06-26 12:18:00,GORO,,0.5400999784469604,0.5400999784469604,0.5400999784469604,0.5400999784469604,200.0
2025-06-26 12:18:00,GROY,,2.2850000858306885,2.2946999073028564,2.2850000858306885,2.2946999073028564,7511.0
2025-06-26 12:18:00,HUSA,,13.25,13.25,13.25,13.25,455.0
2025-06-26 12:18:00,IBO,,0.9975000023841858,0.9975000023841858,0.9852010011672974,0.9948989748954773,9322.0
2025-06-26 12:18:00,IE,,9.829999923706055,9.829999923706055,9.829999923706055,9.829999923706055,852.0
2025-06-26 12:18:00,IMO,,81.45999908447266,81.47000122070312,81.45999908447266,81.47000122070312,267.0
2025-06-26 12:18:00,ITRG,,1.559999942779541,1.559999942779541,1.559999942779541,1.559999942779541,851585.0
2025-06-26 12:18:00,JOB,,0.2046000063419342,0.2046000063419342,0.2046000063419342,0.2046000063419342,250.0
2025-06-26 12:18:00,KULR,,5.105000019073486,5.119999885559082,5.100100040435791,5.100100040435791,7813.0
2025-06-26 12:18:00,LCTX,,1.01010000705719,1.0149999856948853,1.0099999904632568,1.0149999856948853,32675.0
2025-06-26 12:18:00,LMND,,41.69499969482422,41.70000076293945,41.65999984741211,41.68000030517578,1687.0
2025-06-26 12:18:00,LNG,,242.76499938964844,242.76499938964844,242.76499938964844,242.76499938964844,667.0
2025-06-26 12:18:00,LODE,,3.7771999835968018,3.7771999835968018,3.7771999835968018,3.7771999835968018,1013.0
2025-06-26 12:18:00,MAG,,21.309999465942383,21.31999969482422,21.309999465942383,21.315000534057617,1232.0
2025-06-26 12:18:00,MTNB,,0.9400500059127808,0.9400500059127808,0.9400500059127808,0.9400500059127808,400.0
2025-06-26 12:18:00,NAK,,1.5687999725341797,1.5687999725341797,1.559999942779541,1.5635000467300415,3236.0
2025-06-26 12:18:00,NCL,,0.17759999632835388,0.17759999632835388,0.17759999632835388,0.17759999632835388,5066.0
2025-06-26 12:18:00,NEWP,,1.3799999952316284,1.3799999952316284,1.3799999952316284,1.3799999952316284,5000.0
2025-06-26 12:18:00,NFGC,,1.475000023841858,1.475000023841858,1.475000023841858,1.475000023841858,100.0
2025-06-26 12:18:00,NG,,4.054999828338623,4.074999809265137,4.050000190734863,4.074999809265137,19258.0
2025-06-26 12:18:00,NGD,,4.880000114440918,4.885000228881836,4.880000114440918,4.885000228881836,5387.0
2025-06-26 12:18:00,OPTT,,0.5114970207214355,0.5126000046730042,0.5114970207214355,0.5126000046730042,1319.0
2025-06-26 12:18:00,ORLA,,10.005000114440918,10.005000114440918,10.005000114440918,10.005000114440918,406.0
2025-06-26 12:18:00,PHGE,,0.45339998602867126,0.45339998602867126,0.45339998602867126,0.45339998602867126,4385.0
2025-06-26 12:18:00,PLG,,1.5950000286102295,1.600000023841858,1.5950000286102295,1.5950000286102295,500.0
2025-06-26 12:18:00,PLX,,1.475000023841858,1.475000023841858,1.475000023841858,1.475000023841858,326.0
2025-06-26 12:18:00,PZG,,0.6014000177383423,0.6014000177383423,0.6014000177383423,0.6014000177383423,100.0
2025-06-26 12:18:00,REI,,0.7768999934196472,0.777400016784668,0.7768999934196472,0.777400016784668,250.0
2025-06-26 12:18:00,REPX,,26.670000076293945,26.670000076293945,26.670000076293945,26.670000076293945,705.0
2025-06-26 12:18:00,SBEV,,4.139999866485596,4.179999828338623,3.859999895095825,3.9000000953674316,40762.0
2025-06-26 12:18:00,SEB,,2956.034912109375,2956.034912109375,2956.034912109375,2956.034912109375,1.0
2025-06-26 12:18:00,SENS,,0.49959999322891235,0.4997999966144562,0.49950000643730164,0.4997999966144562,33901.0
2025-06-26 12:18:00,SLI,,1.9149999618530273,1.9149999618530273,1.909999966621399,1.9149999618530273,4023.0
2025-06-26 12:18:00,STXS,,2.234999895095825,2.234999895095825,2.234999895095825,2.234999895095825,143.0
2025-06-26 12:18:00,SVM,,4.159999847412109,4.179900169372559,4.159999847412109,4.170000076293945,57469.0
2025-06-26 12:18:00,TGB,,3.115000009536743,3.1196999549865723,3.115000009536743,3.115000009536743,8007.0
2025-06-26 12:18:00,THM,,0.8976500034332275,0.8976500034332275,0.8976500034332275,0.8976500034332275,600.0
2025-06-26 12:18:00,TPET,,1.179900050163269,1.179900050163269,1.179900050163269,1.179900050163269,402.0
2025-06-26 12:18:00,UAMY,,2.5250000953674316,2.5299999713897705,2.5250000953674316,2.5299999713897705,755.0
2025-06-26 12:18:00,UAVS,,1.090000033378601,1.090000033378601,1.090000033378601,1.090000033378601,131.0
2025-06-26 12:18:00,UEC,,6.929999828338623,6.929999828338623,6.909999847412109,6.925000190734863,111181.0
2025-06-26 12:18:00,URG,,1.0499999523162842,1.0549999475479126,1.0499999523162842,1.0549999475479126,605.0
2025-06-26 12:18:00,USAS,,0.832198977470398,0.832198977470398,0.832198977470398,0.832198977470398,110.0
2025-06-26 12:18:00,UTG,,35.46110153198242,35.46500015258789,35.46110153198242,35.46500015258789,426.0
2025-06-26 12:18:00,UUUU,,5.909999847412109,5.914999961853027,5.894999980926514,5.90500020980835,65025.0
2025-06-26 12:18:00,VZLA,,2.9590001106262207,2.9600000381469727,2.9549999237060547,2.9549999237060547,39046.0
2025-06-26 12:18:00,WYY,,3.430000066757202,3.430000066757202,3.430000066757202,3.430000066757202,750.0
2025-06-26 12:18:00,ZDGE,,4.050000190734863,4.050000190734863,4.050000190734863,4.050000190734863,100.0
2025-06-26 12:19:00,AIM,,9.210000038146973,9.210000038146973,9.210000038146973,9.210000038146973,150.0
2025-06-26 12:19:00,AREN,,5.625,5.625,5.625,5.625,207.0
2025-06-26 12:19:00,ARMN,,6.849999904632568,6.855000019073486,6.849999904632568,6.855000019073486,280.0
2025-06-26 12:19:00,ASM,,3.5731000900268555,3.574899911880493,3.559999942779541,3.565000057220459,25824.0
2025-06-26 12:19:00,ATNM,,1.534999966621399,1.534999966621399,1.534999966621399,1.534999966621399,191.0
2025-06-26 12:19:00,BRBS,,3.2850000858306885,3.2850000858306885,3.2850000858306885,3.2850000858306885,600.0
2025-06-26 12:19:00,BTG,,3.634999990463257,3.640000104904175,3.630000114440918,3.6354000568389893,18578.0
2025-06-26 12:19:00,BURU,,0.32659998536109924,0.32710000872612,0.3260999917984009,0.3260999917984009,15908.0
2025-06-26 12:19:00,CATX,,3.6700000762939453,3.6700000762939453,3.6700000762939453,3.6700000762939453,284.0
2025-06-26 12:19:00,CBOE,,227.74000549316406,227.77000427246094,227.6999969482422,227.6999969482422,1760.0
2025-06-26 12:19:00,CLM,,7.949900150299072,7.949900150299072,7.945099830627441,7.945099830627441,300.0
2025-06-26 12:19:00,CMT,,17.040000915527344,17.040000915527344,17.0,17.0,794.0
2025-06-26 12:19:00,CQP,,55.970001220703125,55.970001220703125,55.880001068115234,55.880001068115234,600.0
2025-06-26 12:19:00,CRF,,7.569900035858154,7.569900035858154,7.569900035858154,7.569900035858154,258.0
2025-06-26 12:19:00,CTGO,,20.770000457763672,20.770000457763672,20.770000457763672,20.770000457763672,162.0
2025-06-26 12:19:00,CTM,,1.0449999570846558,1.0449999570846558,1.0449999570846558,1.0449999570846558,105.0
2025-06-26 12:19:00,CYBN,,8.5600004196167,8.5600004196167,8.5600004196167,8.5600004196167,501.0
2025-06-26 12:19:00,DC,,3.805000066757202,3.805000066757202,3.805000066757202,3.805000066757202,144.0
2025-06-26 12:19:00,DHY,,2.109999895095825,2.109999895095825,2.109999895095825,2.109999895095825,103.0
2025-06-26 12:19:00,DNN,,1.8250000476837158,1.8300000429153442,1.8205000162124634,1.8300000429153442,152404.0
2025-06-26 12:19:00,DXF,,4.764699935913086,4.769999980926514,4.699999809265137,4.760000228881836,726.0
2025-06-26 12:19:00,EMX,,2.559999942779541,2.559999942779541,2.559999942779541,2.559999942779541,302.0
2025-06-26 12:19:00,EPM,,4.760000228881836,4.767000198364258,4.756400108337402,4.756400108337402,3253.0
2025-06-26 12:19:00,EQX,,5.885000228881836,5.885200023651123,5.880000114440918,5.880000114440918,7037.0
2025-06-26 12:19:00,ERH,,11.359999656677246,11.359999656677246,11.359999656677246,11.359999656677246,100.0
2025-06-26 12:19:00,ESP,,45.099998474121094,45.099998474121094,45.099998474121094,45.099998474121094,151.0
2025-06-26 12:19:00,EVM,,8.84000015258789,8.84000015258789,8.84000015258789,8.84000015258789,100.0
2025-06-26 12:19:00,FOXO,,0.19990000128746033,0.20000000298023224,0.19990000128746033,0.20000000298023224,10100.0
2025-06-26 12:19:00,GAU,,1.3049999475479126,1.3049999475479126,1.3049999475479126,1.3049999475479126,300.0
2025-06-26 12:19:00,GLDG,,0.7468000054359436,0.7468000054359436,0.7468000054359436,0.7468000054359436,100.0
2025-06-26 12:19:00,GNS,,0.9869999885559082,0.9869999885559082,0.9700000286102295,0.9869999885559082,284798.0
2025-06-26 12:19:00,GROY,,2.2950000762939453,2.2950000762939453,2.2799999713897705,2.2899999618530273,23395.0
2025-06-26 12:19:00,GSAT,,23.354999542236328,23.354999542236328,23.34000015258789,23.34000015258789,3396.0
2025-06-26 12:19:00,HUSA,,13.100000381469727,13.210200309753418,13.100000381469727,13.210200309753418,4744.0
2025-06-26 12:19:00,IBO,,0.9850999712944031,0.9973999857902527,0.9850999712944031,0.9973999857902527,4516.0
2025-06-26 12:19:00,IE,,9.824999809265137,9.829999923706055,9.824999809265137,9.824999809265137,1493.0
2025-06-26 12:19:00,IMO,,81.4800033569336,81.4800033569336,81.4800033569336,81.4800033569336,159.0
2025-06-26 12:19:00,INDO,,3.109999895095825,3.109999895095825,3.109999895095825,3.109999895095825,115.0
2025-06-26 12:19:00,KNW,,1.8600000143051147,1.8700000047683716,1.8600000143051147,1.8700000047683716,3080.0
2025-06-26 12:19:00,KULR,,5.125,5.130000114440918,5.120100021362305,5.125,15962.0
2025-06-26 12:19:00,LCTX,,1.0149999856948853,1.0149999856948853,1.0149999856948853,1.0149999856948853,223.0
2025-06-26 12:19:00,LEU,,182.02499389648438,182.02999877929688,181.71499633789062,181.71499633789062,1403.0
2025-06-26 12:19:00,LMND,,41.67499923706055,41.70000076293945,41.63999938964844,41.70000076293945,4035.0
2025-06-26 12:19:00,LNG,,242.76499938964844,242.83999633789062,242.76499938964844,242.77499389648438,759.0
2025-06-26 12:19:00,MAG,,21.329999923706055,21.329999923706055,21.309999465942383,21.309999465942383,1046.0
2025-06-26 12:19:00,MTA,,3.859999895095825,3.859999895095825,3.8499999046325684,3.8499999046325684,958.0
2025-06-26 12:19:00,MYO,,2.255000114440918,2.255000114440918,2.2546000480651855,2.2546000480651855,1714.0
2025-06-26 12:19:00,NAK,,1.5688999891281128,1.5688999891281128,1.5627000331878662,1.565000057220459,5732.0
2025-06-26 12:19:00,NBH,,9.798800468444824,9.798800468444824,9.798800468444824,9.798800468444824,200.0
2025-06-26 12:19:00,NCL,,0.17759999632835388,0.17759999632835388,0.17759999632835388,0.17759999632835388,1500.0
2025-06-26 12:19:00,NG,,4.054999828338623,4.065000057220459,4.054999828338623,4.059999942779541,17510.0
2025-06-26 12:19:00,NGD,,4.885000228881836,4.889999866485596,4.880000114440918,4.885000228881836,12696.0
2025-06-26 12:19:00,NHS,,7.489999771118164,7.489999771118164,7.489999771118164,7.489999771118164,951.0
2025-06-26 12:19:00,NNVC,,1.190000057220459,1.190000057220459,1.190000057220459,1.190000057220459,100.0
2025-06-26 12:19:00,NRO,,3.194999933242798,3.1988000869750977,3.194999933242798,3.1988000869750977,535.0
2025-06-26 12:19:00,OBE,,5.565000057220459,5.565000057220459,5.565000057220459,5.565000057220459,100.0
2025-06-26 12:19:00,OPTT,,0.5156999826431274,0.5174000263214111,0.5130000114440918,0.5139999985694885,16127.0
2025-06-26 12:19:00,ORLA,,10.010000228881836,10.010000228881836,10.005000114440918,10.010000228881836,1042.0
2025-06-26 12:19:00,PHGE,,0.45339998602867126,0.45339998602867126,0.45339998602867126,0.45339998602867126,700.0
2025-06-26 12:19:00,PLG,,1.598099946975708,1.598099946975708,1.598099946975708,1.598099946975708,1145.0
2025-06-26 12:19:00,PLMR,,151.16000366210938,151.16000366210938,151.08999633789062,151.08999633789062,835.0
2025-06-26 12:19:00,PZG,,0.6013000011444092,0.6013000011444092,0.6013000011444092,0.6013000011444092,100.0
2025-06-26 12:19:00,REI,,0.7767999768257141,0.777400016784668,0.7767999768257141,0.777400016784668,600.0
2025-06-26 12:19:00,SBEV,,4.094799995422363,4.179999828338623,4.000100135803223,4.139999866485596,20101.0
2025-06-26 12:19:00,SEB,,2966.610107421875,2966.610107421875,2966.610107421875,2966.610107421875,2.0
2025-06-26 12:19:00,SENS,,0.49959999322891235,0.49959999322891235,0.49950000643730164,0.49950000643730164,252.0
2025-06-26 12:19:00,SLI,,1.9149999618530273,1.9149999618530273,1.9149999618530273,1.9149999618530273,136.0
2025-06-26 12:19:00,STRW,,10.729999542236328,10.729999542236328,10.729999542236328,10.729999542236328,270.0
2025-06-26 12:19:00,SVM,,4.170300006866455,4.175000190734863,4.170000076293945,4.170000076293945,32689.0
2025-06-26 12:19:00,TMQ,,1.4900000095367432,1.4900000095367432,1.4900000095367432,1.4900000095367432,167.0
2025-06-26 12:19:00,TPET,,1.1699999570846558,1.1712000370025635,1.1699999570846558,1.1712000370025635,404.0
2025-06-26 12:19:00,UAMY,,2.5299999713897705,2.5299999713897705,2.5250000953674316,2.5250000953674316,285.0
2025-06-26 12:19:00,UAVS,,1.0850000381469727,1.089900016784668,1.0850000381469727,1.089900016784668,3413.0
2025-06-26 12:19:00,UEC,,6.940000057220459,6.940000057220459,6.920000076293945,6.929999828338623,22475.0
2025-06-26 12:19:00,URG,,1.0499999523162842,1.0499999523162842,1.0499999523162842,1.0499999523162842,1584.0
2025-06-26 12:19:00,USAS,,0.8335000276565552,0.8335000276565552,0.8324999809265137,0.8324999809265137,1606.0
2025-06-26 12:19:00,UUUU,,5.909999847412109,5.920000076293945,5.909999847412109,5.914999961853027,22677.0
2025-06-26 12:19:00,VZLA,,2.964600086212158,2.9700000286102295,2.9590001106262207,2.964600086212158,2669325.0
2025-06-26 12:19:00,WWR,,0.595300018787384,0.595300018787384,0.595300018787384,0.595300018787384,609.0
2025-06-26 12:19:00,XTNT,,0.6347000002861023,0.6347000002861023,0.6347000002861023,0.6347000002861023,1000.0
2025-06-26 12:20:00,ASM,,3.569999933242798,3.5752999782562256,3.569999933242798,3.5752999782562256,5199.0
2025-06-26 12:20:00,ATNM,,1.5499999523162842,1.5499999523162842,1.534999966621399,1.534999966621399,22821.0
2025-06-26 12:20:00,AZTR,,0.2587999999523163,0.25999999046325684,0.2587999999523163,0.25940001010894775,5477.0
2025-06-26 12:20:00,BKTI,,55.25120162963867,55.25120162963867,54.8849983215332,54.8849983215332,1075.0
2025-06-26 12:20:00,BTG,,3.6398000717163086,3.640000104904175,3.630000114440918,3.634999990463257,20847190.0
2025-06-26 12:20:00,BURU,,0.32710000872612,0.32710000872612,0.3264999985694885,0.32659998536109924,2610.0
2025-06-26 12:20:00,CBOE,,227.60000610351562,227.64999389648438,227.60000610351562,227.64999389648438,423.0
2025-06-26 12:20:00,CEF,,30.3700008392334,30.3700008392334,30.3700008392334,30.3700008392334,110.0
2025-06-26 12:20:00,CIK,,2.940000057220459,2.940000057220459,2.940000057220459,2.940000057220459,100.0
2025-06-26 12:20:00,CLM,,7.945199966430664,7.945199966430664,7.945199966430664,7.945199966430664,118.0
2025-06-26 12:20:00,CQP,,55.88999938964844,55.970001220703125,55.880001068115234,55.880001068115234,915.0
2025-06-26 12:20:00,CRF,,7.565000057220459,7.565000057220459,7.565000057220459,7.565000057220459,317.0
2025-06-26 12:20:00,CTM,,1.0399999618530273,1.0449999570846558,1.0399999618530273,1.0449999570846558,1351.0
2025-06-26 12:20:00,DNN,,1.8300000429153442,1.8300000429153442,1.8246999979019165,1.8300000429153442,43407.0
2025-06-26 12:20:00,DXF,,4.769999980926514,4.769999980926514,4.769999980926514,4.769999980926514,200.0
2025-06-26 12:20:00,EMX,,2.555000066757202,2.555000066757202,2.555000066757202,2.555000066757202,484.0
2025-06-26 12:20:00,EQX,,5.885000228881836,5.889999866485596,5.880000114440918,5.880000114440918,31432.0
2025-06-26 12:20:00,ERH,,11.365900039672852,11.365900039672852,11.365900039672852,11.365900039672852,250.0
2025-06-26 12:20:00,FOXO,,0.20000000298023224,0.20000000298023224,0.20000000298023224,0.20000000298023224,301.0
2025-06-26 12:20:00,FSP,,1.684999942779541,1.684999942779541,1.684999942779541,1.684999942779541,607.0
2025-06-26 12:20:00,GAU,,1.2999999523162842,1.3049999475479126,1.2999999523162842,1.3049999475479126,5900.0
2025-06-26 12:20:00,GLDG,,0.7468990087509155,0.7468990087509155,0.7468990087509155,0.7468990087509155,500.0
2025-06-26 12:20:00,GLQ,,6.960000038146973,6.960000038146973,6.960000038146973,6.960000038146973,5584.0
2025-06-26 12:20:00,GNS,,0.9800999760627747,0.9869999885559082,0.9800000190734863,0.9869999885559082,173667.0
2025-06-26 12:20:00,GROY,,2.2950000762939453,2.299099922180176,2.2950000762939453,2.2950000762939453,1761.0
2025-06-26 12:20:00,GSAT,,23.469999313354492,23.469999313354492,23.459999084472656,23.459999084472656,802.0
2025-06-26 12:20:00,IBO,,1.0,1.0,0.9911999702453613,0.9911999702453613,12254.0
2025-06-26 12:20:00,IDR,,13.145000457763672,13.145000457763672,13.145000457763672,13.145000457763672,1130.0
2025-06-26 12:20:00,IE,,9.829999923706055,9.850000381469727,9.829999923706055,9.84000015258789,2875.0
2025-06-26 12:20:00,IMO,,81.48500061035156,81.48999786376953,81.48500061035156,81.48999786376953,244.0
2025-06-26 12:20:00,INDO,,3.109999895095825,3.119999885559082,3.109999895095825,3.1189000606536865,1139.0
2025-06-26 12:20:00,KULR,,5.125199794769287,5.130000114440918,5.120999813079834,5.130000114440918,1239.0
2025-06-26 12:20:00,LCTX,,1.0149999856948853,1.0149999856948853,1.0149999856948853,1.0149999856948853,694.0
2025-06-26 12:20:00,LMND,,41.63999938964844,41.7234992980957,41.63999938964844,41.7234992980957,1616.0
2025-06-26 12:20:00,LNG,,242.80999755859375,242.82000732421875,242.66490173339844,242.7449951171875,1891.0
2025-06-26 12:20:00,LODE,,3.758500099182129,3.759000062942505,3.758500099182129,3.759000062942505,3568.0
2025-06-26 12:20:00,MAG,,21.350000381469727,21.350000381469727,21.34000015258789,21.34000015258789,1906.0
2025-06-26 12:20:00,MITQ,,0.6700000166893005,0.6700000166893005,0.6700000166893005,0.6700000166893005,2208.0
2025-06-26 12:20:00,MTA,,3.8550000190734863,3.8550000190734863,3.8550000190734863,3.8550000190734863,204.0
2025-06-26 12:20:00,MWG,,0.25999999046325684,0.25999999046325684,0.25999999046325684,0.25999999046325684,100.0
2025-06-26 12:20:00,MYO,,2.255000114440918,2.255000114440918,2.255000114440918,2.255000114440918,943.0
2025-06-26 12:20:00,NAK,,1.5699000358581543,1.5699000358581543,1.559999942779541,1.565000057220459,41267.0
2025-06-26 12:20:00,NBH,,9.79889965057373,9.79889965057373,9.79889965057373,9.79889965057373,1519.0
2025-06-26 12:20:00,NCL,,0.17710000276565552,0.17710000276565552,0.17710000276565552,0.17710000276565552,154.0
2025-06-26 12:20:00,NFGC,,1.475000023841858,1.475000023841858,1.475000023841858,1.475000023841858,215.0
2025-06-26 12:20:00,NGD,,4.8902997970581055,4.894999980926514,4.880000114440918,4.880000114440918,103273.0
2025-06-26 12:20:00,NHC,,108.19999694824219,108.19999694824219,108.19999694824219,108.19999694824219,433.0
2025-06-26 12:20:00,NNVC,,1.1992000341415405,1.1992000341415405,1.198799967765808,1.198799967765808,200.0
2025-06-26 12:20:00,OBE,,5.574999809265137,5.574999809265137,5.570000171661377,5.570000171661377,1575.0
2025-06-26 12:20:00,OPTT,,0.5159000158309937,0.5159000158309937,0.5156000256538391,0.5156000256538391,1656.0
2025-06-26 12:20:00,ORLA,,10.020000457763672,10.020000457763672,10.010000228881836,10.010000228881836,2978.0
2025-06-26 12:20:00,PHGE,,0.45489999651908875,0.45489999651908875,0.45489999651908875,0.45489999651908875,2625.0
2025-06-26 12:20:00,REI,,0.7767999768257141,0.777400016784668,0.7767999768257141,0.777400016784668,8116.0
2025-06-26 12:20:00,SATX,,2.950000047683716,2.950000047683716,2.950000047683716,2.950000047683716,202.0
2025-06-26 12:20:00,SBEV,,4.539999961853027,4.539999961853027,4.059999942779541,4.060299873352051,89139.0
2025-06-26 12:20:00,SEB,,2956.14990234375,2956.14990234375,2956.14990234375,2956.14990234375,2.0
2025-06-26 12:20:00,SENS,,0.49924999475479126,0.49959999322891235,0.49924999475479126,0.49959999322891235,51205.0
2025-06-26 12:20:00,SLI,,1.909999966621399,1.909999966621399,1.909999966621399,1.909999966621399,262.0
2025-06-26 12:20:00,STXS,,2.239000082015991,2.239000082015991,2.239000082015991,2.239000082015991,115.0
2025-06-26 12:20:00,SVM,,4.175000190734863,4.179999828338623,4.170000076293945,4.170000076293945,6629.0
2025-06-26 12:20:00,TGB,,3.1198999881744385,3.1198999881744385,3.115000009536743,3.115000009536743,5244.0
2025-06-26 12:20:00,TOON,,0.7336000204086304,0.7336000204086304,0.7336000204086304,0.7336000204086304,205.0
2025-06-26 12:20:00,TPET,,1.1699999570846558,1.1749999523162842,1.1699999570846558,1.1749999523162842,2170.0
2025-06-26 12:20:00,UAVS,,1.0850000381469727,1.0850000381469727,1.0850000381469727,1.0850000381469727,5145.0
2025-06-26 12:20:00,UEC,,6.940000057220459,6.940000057220459,6.933000087738037,6.940000057220459,3921.0
2025-06-26 12:20:00,URG,,1.0499999523162842,1.0540000200271606,1.0499999523162842,1.0499999523162842,4803.0
2025-06-26 12:20:00,USAS,,0.8323010206222534,0.8323010206222534,0.8323010206222534,0.8323010206222534,264.0
2025-06-26 12:20:00,UTG,,35.470001220703125,35.470001220703125,35.46500015258789,35.46500015258789,373.0
2025-06-26 12:20:00,UUU,,3.070199966430664,3.070199966430664,3.070199966430664,3.070199966430664,1196.0
2025-06-26 12:20:00,UUUU,,5.925000190734863,5.925000190734863,5.914999961853027,5.914999961853027,17853.0
2025-06-26 12:20:00,VGZ,,1.0260000228881836,1.0260000228881836,1.0260000228881836,1.0260000228881836,257.0
2025-06-26 12:20:00,VZLA,,2.9649999141693115,2.9649999141693115,2.9649999141693115,2.9649999141693115,820.0
2025-06-26 12:20:00,XTNT,,0.6299999952316284,0.6299999952316284,0.6299999952316284,0.6299999952316284,1041.0
2025-06-26 12:20:00,ZDGE,,4.045000076293945,4.045000076293945,4.045000076293945,4.045000076293945,308.0
2025-06-26 12:21:00,AEON,,0.7771989703178406,0.7771989703178406,0.7771989703178406,0.7771989703178406,1435.0
2025-06-26 12:21:00,ARMN,,6.855000019073486,6.855000019073486,6.855000019073486,6.855000019073486,1809.0
2025-06-26 12:21:00,ARMP,,1.9299999475479126,1.9299999475479126,1.9299999475479126,1.9299999475479126,876.0
2025-06-26 12:21:00,ASM,,3.5803000926971436,3.5850000381469727,3.569999933242798,3.569999933242798,42932.0
2025-06-26 12:21:00,ATNM,,1.5500999689102173,1.5500999689102173,1.5500999689102173,1.5500999689102173,978.0
2025-06-26 12:21:00,BRBS,,3.2850000858306885,3.2899999618530273,3.2850000858306885,3.2850000858306885,4450.0
2025-06-26 12:21:00,BTG,,3.639699935913086,3.639899969100952,3.6393001079559326,3.6393001079559326,1465.0
2025-06-26 12:21:00,BURU,,0.3278000056743622,0.328000009059906,0.3273000121116638,0.3278000056743622,2941.0
2025-06-26 12:21:00,CATX,,3.6700000762939453,3.680000066757202,3.6700000762939453,3.680000066757202,425.0
2025-06-26 12:21:00,CBOE,,227.6649932861328,227.6649932861328,227.60000610351562,227.60000610351562,1147.0
2025-06-26 12:21:00,CCEL,,5.0680999755859375,5.0680999755859375,5.0680999755859375,5.0680999755859375,218.0
2025-06-26 12:21:00,CIK,,2.940000057220459,2.940000057220459,2.940000057220459,2.940000057220459,100.0
2025-06-26 12:21:00,CKX,,10.975000381469727,10.975000381469727,10.975000381469727,10.975000381469727,310.0
2025-06-26 12:21:00,CLDI,,0.22214899957180023,0.22214899957180023,0.22214899957180023,0.22214899957180023,150.0
2025-06-26 12:21:00,CLM,,7.94980001449585,7.94980001449585,7.94980001449585,7.94980001449585,332.0
2025-06-26 12:21:00,CMT,,17.06999969482422,17.06999969482422,17.06999969482422,17.06999969482422,504.0
2025-06-26 12:21:00,CQP,,55.89500045776367,55.970001220703125,55.88999938964844,55.88999938964844,400.0
2025-06-26 12:21:00,CRF,,7.562699794769287,7.562699794769287,7.562699794769287,7.562699794769287,230.0
2025-06-26 12:21:00,CTM,,1.0489000082015991,1.0498000383377075,1.0435999631881714,1.0435999631881714,600.0
2025-06-26 12:21:00,DC,,3.805000066757202,3.809999942779541,3.805000066757202,3.809999942779541,306.0
2025-06-26 12:21:00,DDC,,10.140000343322754,10.140000343322754,10.140000343322754,10.140000343322754,359.0
2025-06-26 12:21:00,DIT,,105.01000213623047,105.01000213623047,105.01000213623047,105.01000213623047,347.0
2025-06-26 12:21:00,DNN,,1.8350000381469727,1.840000033378601,1.8200000524520874,1.8300000429153442,1336086.0
2025-06-26 12:21:00,DXF,,4.829999923706055,4.840000152587891,4.829999923706055,4.840000152587891,320.0
2025-06-26 12:21:00,EMX,,2.555000066757202,2.555000066757202,2.555000066757202,2.555000066757202,183.0
2025-06-26 12:21:00,EPM,,4.760000228881836,4.760000228881836,4.760000228881836,4.760000228881836,100.0
2025-06-26 12:21:00,EQX,,5.900000095367432,5.900000095367432,5.889999866485596,5.889999866485596,47347.0
2025-06-26 12:21:00,ERC,,9.396699905395508,9.399999618530273,9.396699905395508,9.399999618530273,2070.0
2025-06-26 12:21:00,ERH,,11.354999542236328,11.354999542236328,11.354999542236328,11.354999542236328,100.0
2025-06-26 12:21:00,EVM,,8.84000015258789,8.84000015258789,8.84000015258789,8.84000015258789,100.0
2025-06-26 12:21:00,FSP,,1.684999942779541,1.690000057220459,1.684999942779541,1.690000057220459,359.0
2025-06-26 12:21:00,GAU,,1.2949999570846558,1.3049999475479126,1.2799999713897705,1.3049999475479126,254872.0
2025-06-26 12:21:00,GLDG,,0.7465649843215942,0.7465649843215942,0.7465649843215942,0.7465649843215942,902.0
2025-06-26 12:21:00,GNS,,0.9869999885559082,0.9869999885559082,0.961201012134552,0.9800500273704529,183625.0
2025-06-26 12:21:00,GROY,,2.2950000762939453,2.2950000762939453,2.2899999618530273,2.2899999618530273,1572.0
2025-06-26 12:21:00,GSAT,,23.469999313354492,23.469999313354492,23.469999313354492,23.469999313354492,340.0
2025-06-26 12:21:00,GTE,,5.079999923706055,5.079999923706055,5.074999809265137,5.074999809265137,966.0
2025-06-26 12:21:00,IBO,,1.0099999904632568,1.0099999904632568,0.9973999857902527,0.9973999857902527,12418.0
2025-06-26 12:21:00,IE,,9.850000381469727,9.850000381469727,9.850000381469727,9.850000381469727,1124.0
2025-06-26 12:21:00,IMO,,81.48500061035156,81.51000213623047,81.48500061035156,81.5,516.0
2025-06-26 12:21:00,INDO,,3.119999885559082,3.119999885559082,3.1096999645233154,3.109999895095825,838.0
2025-06-26 12:21:00,ITP,,0.1881999969482422,0.1882999986410141,0.1881999969482422,0.1882999986410141,5141.0
2025-06-26 12:21:00,KNW,,1.8693000078201294,1.8700000047683716,1.8600000143051147,1.8600000143051147,600.0
2025-06-26 12:21:00,KULR,,5.125,5.130000114440918,5.125,5.130000114440918,1933.0
2025-06-26 12:21:00,LCTX,,1.0199999809265137,1.0199999809265137,1.0130000114440918,1.0130000114440918,50656.0
2025-06-26 12:21:00,LEU,,182.74989318847656,182.74989318847656,181.97999572753906,181.97999572753906,285.0
2025-06-26 12:21:00,LMND,,41.54999923706055,41.630001068115234,41.54999923706055,41.630001068115234,4163.0
2025-06-26 12:21:00,LNG,,242.7899932861328,242.7899932861328,242.7899932861328,242.7899932861328,133.0
2025-06-26 12:21:00,LODE,,3.7799999713897705,3.7799999713897705,3.759999990463257,3.759999990463257,3444.0
2025-06-26 12:21:00,MAG,,21.350000381469727,21.350000381469727,21.340900421142578,21.344999313354492,909.0
2025-06-26 12:21:00,MPTI,,41.400001525878906,41.400001525878906,41.400001525878906,41.400001525878906,119.0
2025-06-26 12:21:00,MSN,,0.3806009888648987,0.3806009888648987,0.3806009888648987,0.3806009888648987,320.0
2025-06-26 12:21:00,MTA,,3.85509991645813,3.85509991645813,3.85509991645813,3.85509991645813,430.0
2025-06-26 12:21:00,MTNB,,0.9401000142097473,0.9401000142097473,0.9401000142097473,0.9401000142097473,671.0
2025-06-26 12:21:00,MYO,,2.255000114440918,2.255000114440918,2.255000114440918,2.255000114440918,285.0
2025-06-26 12:21:00,NAK,,1.559999942779541,1.565000057220459,1.559999942779541,1.565000057220459,12822.0
2025-06-26 12:21:00,NBH,,9.800000190734863,9.800000190734863,9.800000190734863,9.800000190734863,300.0
2025-06-26 12:21:00,NFGC,,1.475000023841858,1.475000023841858,1.475000023841858,1.475000023841858,183.0
2025-06-26 12:21:00,NG,,4.069900035858154,4.070000171661377,4.054999828338623,4.054999828338623,12859.0
2025-06-26 12:21:00,NGD,,4.894999980926514,4.894999980926514,4.889999866485596,4.889999866485596,8460.0
2025-06-26 12:21:00,NNVC,,1.2100000381469727,1.2100000381469727,1.2100000381469727,1.2100000381469727,100.0
2025-06-26 12:21:00,OBE,,5.574999809265137,5.579999923706055,5.574999809265137,5.574999809265137,2676.0
2025-06-26 12:21:00,OPTT,,0.5156499743461609,0.5156499743461609,0.5156490206718445,0.5156490206718445,777.0
2025-06-26 12:21:00,ORLA,,10.010000228881836,10.029999732971191,10.010000228881836,10.024999618530273,9420.0
2025-06-26 12:21:00,OSTX,,1.8573999404907227,1.8700000047683716,1.850000023841858,1.8600000143051147,1835.0
2025-06-26 12:21:00,PED,,0.6643509864807129,0.6643509864807129,0.6643509864807129,0.6643509864807129,9826.0
2025-06-26 12:21:00,PLG,,1.590000033378601,1.600000023841858,1.590000033378601,1.600000023841858,7755.0
2025-06-26 12:21:00,PLX,,1.475000023841858,1.475000023841858,1.475000023841858,1.475000023841858,309.0
2025-06-26 12:21:00,PZG,,0.5987409949302673,0.5987409949302673,0.5987409949302673,0.5987409949302673,557.0
2025-06-26 12:21:00,REI,,0.7767999768257141,0.777400016784668,0.7767999768257141,0.777400016784668,607.0
2025-06-26 12:21:00,RLGT,,6.014999866485596,6.014999866485596,6.010000228881836,6.010000228881836,883.0
2025-06-26 12:21:00,SATX,,2.950000047683716,2.950000047683716,2.950000047683716,2.950000047683716,265.0
2025-06-26 12:21:00,SBEV,,4.579999923706055,4.579999923706055,4.519999980926514,4.539999961853027,24528.0
2025-06-26 12:21:00,SENS,,0.4991999864578247,0.4991999864578247,0.4991999864578247,0.4991999864578247,23718.0
2025-06-26 12:21:00,SKYH,,9.550000190734863,9.550000190734863,9.550000190734863,9.550000190734863,106.0
2025-06-26 12:21:00,SLI,,1.9199999570846558,1.9299999475479126,1.9149999618530273,1.9199999570846558,40133.0
2025-06-26 12:21:00,SVM,,4.179999828338623,4.179999828338623,4.170100212097168,4.175000190734863,1880.0
2025-06-26 12:21:00,TGB,,3.1198999881744385,3.1198999881744385,3.110100030899048,3.115000009536743,15144.0
2025-06-26 12:21:00,TPET,,1.1749999523162842,1.1749999523162842,1.1749999523162842,1.1749999523162842,1233.0
2025-06-26 12:21:00,UAMY,,2.5199999809265137,2.5299999713897705,2.5199999809265137,2.5299999713897705,3875.0
2025-06-26 12:21:00,UAVS,,1.089900016784668,1.089900016784668,1.0800000429153442,1.0800000429153442,1059.0
2025-06-26 12:21:00,UEC,,6.954999923706055,6.960000038146973,6.929999828338623,6.940000057220459,20321.0
2025-06-26 12:21:00,URG,,1.0549999475479126,1.0549999475479126,1.0499999523162842,1.0499999523162842,3801.0
2025-06-26 12:21:00,UUUU,,5.945000171661377,5.954999923706055,5.925000190734863,5.925000190734863,40891.0
2025-06-26 12:21:00,VGZ,,1.024999976158142,1.024999976158142,1.024999976158142,1.024999976158142,100.0
2025-06-26 12:21:00,VTAK,,0.24860000610351562,0.249099999666214,0.24860000610351562,0.24860000610351562,1650.0
2025-06-26 12:21:00,VZLA,,2.969899892807007,2.9700000286102295,2.9600000381469727,2.968899965286255,57153.0
2025-06-26 12:21:00,ZDGE,,4.045000076293945,4.045000076293945,4.045000076293945,4.045000076293945,444.0
2025-06-26 12:22:00,ASM,,3.575000047683716,3.5899999141693115,3.575000047683716,3.5813000202178955,31044.0
2025-06-26 12:22:00,ATNM,,1.5599000453948975,1.5599000453948975,1.5599000453948975,1.5599000453948975,173.0
2025-06-26 12:22:00,BRBS,,3.2899999618530273,3.2899999618530273,3.2850000858306885,3.2850000858306885,2952.0
2025-06-26 12:22:00,BTG,,3.640000104904175,3.640000104904175,3.638700008392334,3.640000104904175,1146.0
2025-06-26 12:22:00,BURU,,0.328000009059906,0.328000009059906,0.327349990606308,0.3278000056743622,12174.0
2025-06-26 12:22:00,CANF,,1.0601999759674072,1.0601999759674072,1.059999942779541,1.059999942779541,1005.0
2025-06-26 12:22:00,CATX,,3.680000066757202,3.690000057220459,3.6700000762939453,3.680000066757202,659.0
2025-06-26 12:22:00,CEF,,30.386499404907227,30.386499404907227,30.3799991607666,30.3799991607666,3100.0
2025-06-26 12:22:00,CLDI,,0.21889999508857727,0.21889999508857727,0.2151000052690506,0.2151000052690506,1000.0
2025-06-26 12:22:00,CLM,,7.945000171661377,7.945000171661377,7.945000171661377,7.945000171661377,250.0
2025-06-26 12:22:00,CQP,,55.970001220703125,55.970001220703125,55.88999938964844,55.970001220703125,833.0
2025-06-26 12:22:00,CTM,,1.0399999618530273,1.0499999523162842,1.0399999618530273,1.0449999570846558,542.0
2025-06-26 12:22:00,CYBN,,8.5600004196167,8.5600004196167,8.515000343322754,8.515000343322754,1009.0
2025-06-26 12:22:00,DNN,,1.8330999612808228,1.840000033378601,1.8300000429153442,1.830399990081787,141540.0
2025-06-26 12:22:00,DXF,,4.860000133514404,4.860000133514404,4.860000133514404,4.860000133514404,549.0
2025-06-26 12:22:00,ELA,,5.889999866485596,5.889999866485596,5.889999866485596,5.889999866485596,209.0
2025-06-26 12:22:00,ELMD,,21.299999237060547,21.299999237060547,21.299999237060547,21.299999237060547,349.0
2025-06-26 12:22:00,EQX,,5.894999980926514,5.900000095367432,5.889999866485596,5.894999980926514,4713.0
2025-06-26 12:22:00,FOXO,,0.20000000298023224,0.20000000298023224,0.20000000298023224,0.20000000298023224,1999.0
2025-06-26 12:22:00,FTF,,6.380000114440918,6.385000228881836,6.380000114440918,6.385000228881836,426.0
2025-06-26 12:22:00,GAU,,1.2899999618530273,1.2949999570846558,1.2799999713897705,1.2949999570846558,195020.0
2025-06-26 12:22:00,GLDG,,0.746999979019165,0.746999979019165,0.746999979019165,0.746999979019165,213.0
2025-06-26 12:22:00,GNS,,0.9458500146865845,0.9761000275611877,0.9154999852180481,0.9751999974250793,252209.0
2025-06-26 12:22:00,GORO,,0.5400999784469604,0.5400999784469604,0.5400999784469604,0.5400999784469604,100.0
2025-06-26 12:22:00,GROY,,2.2950000762939453,2.299999952316284,2.2950000762939453,2.299999952316284,535.0
2025-06-26 12:22:00,HUSA,,13.154999732971191,13.154999732971191,13.154999732971191,13.154999732971191,826.0
2025-06-26 12:22:00,IBO,,1.000100016593933,1.009600043296814,1.000100016593933,1.009600043296814,1175.0
2025-06-26 12:22:00,IE,,9.84000015258789,9.84000015258789,9.84000015258789,9.84000015258789,629.0
2025-06-26 12:22:00,IGC,,0.3080489933490753,0.3080489933490753,0.30799999833106995,0.30799999833106995,3517.0
2025-06-26 12:22:00,IMO,,81.54000091552734,81.54000091552734,81.48999786376953,81.48999786376953,1746.0
2025-06-26 12:22:00,INDO,,3.119999885559082,3.119999885559082,3.109999895095825,3.109999895095825,1064.0
2025-06-26 12:22:00,INFU,,6.409999847412109,6.409999847412109,6.409999847412109,6.409999847412109,202.0
2025-06-26 12:22:00,ITRG,,1.559999942779541,1.559999942779541,1.559999942779541,1.559999942779541,273.0
2025-06-26 12:22:00,KNW,,1.8701000213623047,1.8701000213623047,1.8694000244140625,1.8694000244140625,4063.0
2025-06-26 12:22:00,KULR,,5.150000095367432,5.150400161743164,5.125,5.125,19856.0
2025-06-26 12:22:00,LCTX,,1.0199999809265137,1.0199999809265137,1.0149999856948853,1.0199999809265137,8790.0
2025-06-26 12:22:00,LEU,,181.97999572753906,181.97999572753906,181.97999572753906,181.97999572753906,500.0
2025-06-26 12:22:00,LMND,,41.54999923706055,41.61000061035156,41.54999923706055,41.556400299072266,6172.0
2025-06-26 12:22:00,LNG,,242.80999755859375,242.80999755859375,242.75999450683594,242.75999450683594,1305.0
2025-06-26 12:22:00,MAG,,21.350000381469727,21.350000381469727,21.344999313354492,21.344999313354492,444.0
2025-06-26 12:22:00,MITQ,,0.6700000166893005,0.6700000166893005,0.6700000166893005,0.6700000166893005,150.0
2025-06-26 12:22:00,MRT,,2.766400098800659,2.766400098800659,2.766400098800659,2.766400098800659,327.0
2025-06-26 12:22:00,MTA,,3.8550000190734863,3.8550000190734863,3.8550000190734863,3.8550000190734863,116.0
2025-06-26 12:22:00,MXC,,9.119999885559082,9.460000038146973,9.119999885559082,9.460000038146973,309.0
2025-06-26 12:22:00,NAK,,1.5700000524520874,1.5700000524520874,1.565000057220459,1.565000057220459,843.0
2025-06-26 12:22:00,NCL,,0.17820000648498535,0.17820000648498535,0.17810000479221344,0.17810000479221344,14660.0
2025-06-26 12:22:00,NG,,4.065000057220459,4.069900035858154,4.064700126647949,4.069900035858154,7974.0
2025-06-26 12:22:00,NGD,,4.893700122833252,4.894999980926514,4.889999866485596,4.894999980926514,1941.0
2025-06-26 12:22:00,NNVC,,1.198699951171875,1.2204999923706055,1.198699951171875,1.2204999923706055,1100.0
2025-06-26 12:22:00,OBE,,5.574999809265137,5.574999809265137,5.574999809265137,5.574999809265137,200.0
2025-06-26 12:22:00,OPTT,,0.5164999961853027,0.5166000127792358,0.5156999826431274,0.5156999826431274,5169.0
2025-06-26 12:22:00,PLG,,1.6100000143051147,1.6100000143051147,1.6100000143051147,1.6100000143051147,200.0
2025-06-26 12:22:00,PLX,,1.475000023841858,1.475000023841858,1.475000023841858,1.475000023841858,511.0
2025-06-26 12:22:00,REI,,0.777400016784668,0.777999997138977,0.7770140171051025,0.7770140171051025,2142.0
2025-06-26 12:22:00,RLGT,,6.014999866485596,6.014999866485596,6.014999866485596,6.014999866485596,293.0
2025-06-26 12:22:00,SACH,,1.089400053024292,1.090000033378601,1.089400053024292,1.090000033378601,1263.0
2025-06-26 12:22:00,SEB,,2966.969970703125,2966.969970703125,2966.969970703125,2966.969970703125,2.0
2025-06-26 12:22:00,SENS,,0.5018500089645386,0.5029000043869019,0.4991990029811859,0.4991990029811859,103329.0
2025-06-26 12:22:00,SIF,,3.450000047683716,3.450000047683716,3.450000047683716,3.450000047683716,514.0
2025-06-26 12:22:00,SKYH,,9.529999732971191,9.529999732971191,9.529999732971191,9.529999732971191,507.0
2025-06-26 12:22:00,SLI,,1.9249999523162842,1.9249999523162842,1.9199999570846558,1.9249999523162842,29890.0
2025-06-26 12:22:00,SLND,,3.9600000381469727,3.984999895095825,3.9600000381469727,3.984999895095825,648.0
2025-06-26 12:22:00,SOAR,,1.440000057220459,1.440000057220459,1.440000057220459,1.440000057220459,239.0
2025-06-26 12:22:00,STXS,,2.234999895095825,2.234999895095825,2.234999895095825,2.234999895095825,747.0
2025-06-26 12:22:00,SVM,,4.175000190734863,4.175000190734863,4.170000076293945,4.170000076293945,559.0
2025-06-26 12:22:00,SVT,,46.900001525878906,46.900001525878906,46.900001525878906,46.900001525878906,227.0
2025-06-26 12:22:00,TGB,,3.115000009536743,3.119999885559082,3.115000009536743,3.119999885559082,662.0
2025-06-26 12:22:00,TOVX,,0.43209999799728394,0.43209999799728394,0.43209999799728394,0.43209999799728394,1030.0
2025-06-26 12:22:00,TPET,,1.184999942779541,1.184999942779541,1.1749999523162842,1.1749999523162842,2142.0
2025-06-26 12:22:00,UAMY,,2.5350000858306885,2.5350000858306885,2.5232999324798584,2.5232999324798584,10816.0
2025-06-26 12:22:00,UAVS,,1.0850000381469727,1.0850000381469727,1.0850000381469727,1.0850000381469727,270.0
2025-06-26 12:22:00,UEC,,6.945000171661377,6.954999923706055,6.940000057220459,6.954999923706055,9157.0
2025-06-26 12:22:00,URG,,1.0549999475479126,1.0549999475479126,1.0499999523162842,1.0549999475479126,7229.0
2025-06-26 12:22:00,UUUU,,5.940100193023682,5.949999809265137,5.933300018310547,5.945000171661377,48222.0
2025-06-26 12:22:00,VZLA,,2.9649999141693115,2.969899892807007,2.9649999141693115,2.9649999141693115,10997.0
2025-06-26 12:22:00,ZDGE,,4.059999942779541,4.059999942779541,4.050000190734863,4.050000190734863,970.0
2025-06-26 12:23:00,ARMN,,6.860000133514404,6.860000133514404,6.855000019073486,6.855000019073486,1616.0
2025-06-26 12:23:00,ASM,,3.575000047683716,3.5799999237060547,3.5745999813079834,3.5745999813079834,2006.0
2025-06-26 12:23:00,ATNM,,1.5549999475479126,1.5549999475479126,1.5549999475479126,1.5549999475479126,598.0
2025-06-26 12:23:00,BHB,,29.579999923706055,29.579999923706055,29.579999923706055,29.579999923706055,119.0
2025-06-26 12:23:00,BRBS,,3.2950000762939453,3.2950000762939453,3.2950000762939453,3.2950000762939453,112.0
2025-06-26 12:23:00,BTG,,3.640000104904175,3.640000104904175,3.634999990463257,3.634999990463257,10766.0
2025-06-26 12:23:00,BURU,,0.3280999958515167,0.3280999958515167,0.3278999924659729,0.3278999924659729,5217.0
2025-06-26 12:23:00,CATX,,3.6809000968933105,3.6809000968933105,3.6700000762939453,3.680000066757202,1470.0
2025-06-26 12:23:00,CEF,,30.37579917907715,30.3799991607666,30.37579917907715,30.3799991607666,320.0
2025-06-26 12:23:00,CET,,47.66999816894531,47.66999816894531,47.66999816894531,47.66999816894531,102.0
2025-06-26 12:23:00,CIK,,2.940000057220459,2.940000057220459,2.940000057220459,2.940000057220459,100.0
2025-06-26 12:23:00,CLDI,,0.2151000052690506,0.2151000052690506,0.2151000052690506,0.2151000052690506,755.0
2025-06-26 12:23:00,CLM,,7.942800045013428,7.949900150299072,7.942800045013428,7.949900150299072,606.0
2025-06-26 12:23:00,CQP,,55.900001525878906,55.970001220703125,55.88999938964844,55.900001525878906,603.0
2025-06-26 12:23:00,CRF,,7.570000171661377,7.570000171661377,7.570000171661377,7.570000171661377,5006.0
2025-06-26 12:23:00,CTM,,1.0499999523162842,1.0499999523162842,1.0449999570846558,1.0449999570846558,4900.0
2025-06-26 12:23:00,CYBN,,8.489999771118164,8.489999771118164,8.489999771118164,8.489999771118164,194.0
2025-06-26 12:23:00,DHY,,2.109999895095825,2.109999895095825,2.109999895095825,2.109999895095825,377.0
2025-06-26 12:23:00,DNN,,1.840000033378601,1.840000033378601,1.8301000595092773,1.8305000066757202,45905.0
2025-06-26 12:23:00,ELMD,,21.405000686645508,21.405000686645508,21.405000686645508,21.405000686645508,205.0
2025-06-26 12:23:00,EMX,,2.5597000122070312,2.5597000122070312,2.5597000122070312,2.5597000122070312,500.0
2025-06-26 12:23:00,EPM,,4.760000228881836,4.760000228881836,4.760000228881836,4.760000228881836,159.0
2025-06-26 12:23:00,EQX,,5.880000114440918,5.895199775695801,5.880000114440918,5.890600204467773,97044.0
2025-06-26 12:23:00,ERC,,9.390000343322754,9.390000343322754,9.390000343322754,9.390000343322754,200.0
2025-06-26 12:23:00,EVI,,19.84000015258789,19.84000015258789,19.84000015258789,19.84000015258789,0.0
2025-06-26 12:23:00,EVM,,8.84000015258789,8.84000015258789,8.84000015258789,8.84000015258789,200.0
2025-06-26 12:23:00,EVV,,10.170000076293945,10.170000076293945,10.170000076293945,10.170000076293945,100.0
2025-06-26 12:23:00,FOXO,,0.19990000128746033,0.19990000128746033,0.19990000128746033,0.19990000128746033,101.0
2025-06-26 12:23:00,FSI,,4.468999862670898,4.468999862670898,4.468999862670898,4.468999862670898,1003.0
2025-06-26 12:23:00,FURY,,0.484499990940094,0.484499990940094,0.484499990940094,0.484499990940094,311.0
2025-06-26 12:23:00,GAU,,1.2899999618530273,1.2949999570846558,1.2799999713897705,1.2899999618530273,75749.0
2025-06-26 12:23:00,GNS,,0.9639999866485596,0.9747999906539917,0.9458490014076233,0.9458490014076233,92953.0
2025-06-26 12:23:00,GORO,,0.5401999950408936,0.5465899705886841,0.5401999950408936,0.5465899705886841,434.0
2025-06-26 12:23:00,GROY,,2.299999952316284,2.299999952316284,2.2950000762939453,2.2950000762939453,1449.0
2025-06-26 12:23:00,IBO,,1.0099999904632568,1.0099999904632568,1.0002000331878662,1.0002000331878662,5880.0
2025-06-26 12:23:00,IE,,9.859999656677246,9.869999885559082,9.859999656677246,9.869999885559082,1500.0
2025-06-26 12:23:00,IGC,,0.3080489933490753,0.3080489933490753,0.3075000047683716,0.3075000047683716,364.0
2025-06-26 12:23:00,IMO,,81.52999877929688,81.52999877929688,81.51000213623047,81.51000213623047,263.0
2025-06-26 12:23:00,INDO,,3.119999885559082,3.119999885559082,3.119999885559082,3.119999885559082,300.0
2025-06-26 12:23:00,ITRG,,1.5549999475479126,1.5549999475479126,1.5549999475479126,1.5549999475479126,324.0
2025-06-26 12:23:00,JOB,,0.20469999313354492,0.20469999313354492,0.20200000703334808,0.2037000060081482,7000.0
2025-06-26 12:23:00,KULR,,5.150000095367432,5.15500020980835,5.135000228881836,5.144999980926514,20431.0
2025-06-26 12:23:00,LCTX,,1.0189000368118286,1.0199999809265137,1.0134999752044678,1.0149999856948853,4253.0
2025-06-26 12:23:00,LEU,,182.08999633789062,182.25,182.0749969482422,182.0749969482422,2127.0
2025-06-26 12:23:00,LMND,,41.54999923706055,41.54999923706055,41.52000045776367,41.520599365234375,2250.0
2025-06-26 12:23:00,LNG,,242.77999877929688,242.80999755859375,242.77999877929688,242.80999755859375,533.0
2025-06-26 12:23:00,LODE,,3.7799999713897705,3.7799999713897705,3.7799999713897705,3.7799999713897705,826.0
2025-06-26 12:23:00,MITQ,,0.660099983215332,0.6747999787330627,0.660099983215332,0.6747999787330627,1077.0
2025-06-26 12:23:00,MTA,,3.8598999977111816,3.8598999977111816,3.8598999977111816,3.8598999977111816,336.0
2025-06-26 12:23:00,MTNB,,0.949999988079071,0.949999988079071,0.949999988079071,0.949999988079071,100.0
2025-06-26 12:23:00,MYO,,2.255000114440918,2.255000114440918,2.255000114440918,2.255000114440918,529.0
2025-06-26 12:23:00,NAK,,1.559999942779541,1.5666999816894531,1.559999942779541,1.5666999816894531,2603.0
2025-06-26 12:23:00,NG,,4.065000057220459,4.070000171661377,4.060100078582764,4.065000057220459,13046.0
2025-06-26 12:23:00,NGD,,4.889999866485596,4.900000095367432,4.889999866485596,4.900000095367432,13080.0
2025-06-26 12:23:00,NHC,,108.25,108.25,108.13999938964844,108.23999786376953,596.0
2025-06-26 12:23:00,NHS,,7.510000228881836,7.510000228881836,7.510000228881836,7.510000228881836,202.0
2025-06-26 12:23:00,NML,,8.84000015258789,8.848899841308594,8.84000015258789,8.848899841308594,367.0
2025-06-26 12:23:00,NNVC,,1.2130999565124512,1.2161999940872192,1.2130999565124512,1.2130999565124512,1400.0
2025-06-26 12:23:00,OPTT,,0.5168499946594238,0.5168499946594238,0.5156999826431274,0.5162000060081482,24492.0
2025-06-26 12:23:00,ORLA,,9.997200012207031,9.997200012207031,9.997200012207031,9.997200012207031,338.0
2025-06-26 12:23:00,PLAG,,0.8999000191688538,0.8999000191688538,0.8999000191688538,0.8999000191688538,150.0
2025-06-26 12:23:00,PLG,,1.6050000190734863,1.6100000143051147,1.6050000190734863,1.6050000190734863,12900.0
2025-06-26 12:23:00,PLMR,,150.6699981689453,150.6699981689453,150.6699981689453,150.6699981689453,239.0
2025-06-26 12:23:00,REI,,0.777400016784668,0.777400016784668,0.7767999768257141,0.777400016784668,1070.0
2025-06-26 12:23:00,SENS,,0.5016999840736389,0.5016999840736389,0.5016000270843506,0.5016000270843506,16252.0
2025-06-26 12:23:00,SIF,,3.5,3.5,3.4600000381469727,3.4600000381469727,1087.0
2025-06-26 12:23:00,SLI,,1.9249999523162842,1.9249999523162842,1.9249999523162842,1.9249999523162842,108.0
2025-06-26 12:23:00,STXS,,2.234999895095825,2.234999895095825,2.234999895095825,2.234999895095825,152.0
2025-06-26 12:23:00,SVM,,4.1757001876831055,4.1757001876831055,4.1757001876831055,4.1757001876831055,2001.0
2025-06-26 12:23:00,TGB,,3.1201000213623047,3.125,3.119999885559082,3.119999885559082,72609.0
2025-06-26 12:23:00,UAMY,,2.5350000858306885,2.5350000858306885,2.5350000858306885,2.5350000858306885,674.0
2025-06-26 12:23:00,UEC,,6.940000057220459,6.949999809265137,6.940000057220459,6.945000171661377,2314.0
2025-06-26 12:23:00,URG,,1.0499999523162842,1.0549999475479126,1.0499999523162842,1.0499999523162842,4568.0
2025-06-26 12:23:00,USAS,,0.8324999809265137,0.8324999809265137,0.8324999809265137,0.8324999809265137,113.0
2025-06-26 12:23:00,UUUU,,5.929999828338623,5.949999809265137,5.929999828338623,5.940000057220459,21188.0
2025-06-26 12:23:00,VZLA,,2.9700000286102295,2.9700000286102295,2.961899995803833,2.961899995803833,27206.0
2025-06-26 12:23:00,WRN,,1.2400000095367432,1.2450000047683716,1.2400000095367432,1.2450000047683716,900.0
2025-06-26 12:23:00,XPL,,0.6510999798774719,0.6510999798774719,0.6510999798774719,0.6510999798774719,201.0
2025-06-26 12:24:00,AREN,,5.625,5.625,5.625,5.625,237.0
2025-06-26 12:24:00,ARMN,,6.855000019073486,6.855000019073486,6.849999904632568,6.849999904632568,422.0
2025-06-26 12:24:00,ASM,,3.575200080871582,3.575200080871582,3.575200080871582,3.575200080871582,1464.0
2025-06-26 12:24:00,BRBS,,3.2950000762939453,3.299999952316284,3.2950000762939453,3.299999952316284,273.0
2025-06-26 12:24:00,BTG,,3.6387999057769775,3.6394999027252197,3.634999990463257,3.634999990463257,2596.0
2025-06-26 12:24:00,BURU,,0.3287000060081482,0.3287000060081482,0.32819899916648865,0.32819899916648865,1856.0
2025-06-26 12:24:00,CATX,,3.6700000762939453,3.680000066757202,3.6700000762939453,3.680000066757202,321.0
2025-06-26 12:24:00,CBOE,,227.60000610351562,227.60000610351562,227.60000610351562,227.60000610351562,447.0
2025-06-26 12:24:00,CET,,47.67250061035156,47.67250061035156,47.66999816894531,47.66999816894531,332.0
2025-06-26 12:24:00,CIK,,2.934999942779541,2.934999942779541,2.934999942779541,2.934999942779541,100.0
2025-06-26 12:24:00,CLM,,7.940100193023682,7.949900150299072,7.940100193023682,7.949900150299072,817.0
2025-06-26 12:24:00,CMCL,,19.13360023498535,19.13360023498535,19.100000381469727,19.100000381469727,995.0
2025-06-26 12:24:00,COHN,,10.0,10.0,10.0,10.0,414.0
2025-06-26 12:24:00,CQP,,55.939998626708984,56.0,55.91999816894531,55.91999816894531,2943.0
2025-06-26 12:24:00,CRF,,7.570000171661377,7.570000171661377,7.565000057220459,7.565000057220459,442.0
2025-06-26 12:24:00,CTM,,1.0449999570846558,1.0499999523162842,1.0399999618530273,1.0499999523162842,1230.0
2025-06-26 12:24:00,CYBN,,8.505000114440918,8.505000114440918,8.505000114440918,8.505000114440918,335.0
2025-06-26 12:24:00,DNN,,1.830299973487854,1.840000033378601,1.8301000595092773,1.840000033378601,13832.0
2025-06-26 12:24:00,ELMD,,21.510000228881836,21.510000228881836,21.510000228881836,21.510000228881836,179.0
2025-06-26 12:24:00,EMX,,2.554800033569336,2.554800033569336,2.554800033569336,2.554800033569336,502.0
2025-06-26 12:24:00,EQX,,5.894999980926514,5.900000095367432,5.885000228881836,5.885000228881836,104179.0
2025-06-26 12:24:00,EVV,,10.170000076293945,10.170000076293945,10.170000076293945,10.170000076293945,100.0
2025-06-26 12:24:00,FSP,,1.690000057220459,1.690000057220459,1.690000057220459,1.690000057220459,113.0
2025-06-26 12:24:00,GAU,,1.284999966621399,1.2899999618530273,1.2799999713897705,1.2899999618530273,20747.0
2025-06-26 12:24:00,GGN,,4.380000114440918,4.380000114440918,4.380000114440918,4.380000114440918,11263.0
2025-06-26 12:24:00,GNS,,0.9483000040054321,0.9639999866485596,0.9445000290870667,0.9639999866485596,66738.0
2025-06-26 12:24:00,GROY,,2.2950000762939453,2.2988998889923096,2.2950000762939453,2.2950000762939453,1530.0
2025-06-26 12:24:00,GSAT,,23.461000442504883,23.461000442504883,23.461000442504883,23.461000442504883,577.0
2025-06-26 12:24:00,IBO,,1.0104000568389893,1.0199999809265137,1.009600043296814,1.0099999904632568,17416.0
2025-06-26 12:24:00,IE,,9.859999656677246,9.859999656677246,9.859999656677246,9.859999656677246,710.0
2025-06-26 12:24:00,IMO,,81.51000213623047,81.51000213623047,81.51000213623047,81.51000213623047,189.0
2025-06-26 12:24:00,INDO,,3.130000114440918,3.130000114440918,3.1110000610351562,3.1110000610351562,2345.0
2025-06-26 12:24:00,ITRG,,1.5549999475479126,1.5549999475479126,1.5549999475479126,1.5549999475479126,567.0
2025-06-26 12:24:00,KNW,,1.8899999856948853,1.8899999856948853,1.8899999856948853,1.8899999856948853,120.0
2025-06-26 12:24:00,KULR,,5.15500020980835,5.159999847412109,5.150000095367432,5.15500020980835,2404517.0
2025-06-26 12:24:00,LCTX,,1.0149999856948853,1.0149999856948853,1.0149999856948853,1.0149999856948853,2231.0
2025-06-26 12:24:00,LEU,,182.7449951171875,182.75,182.17999267578125,182.64999389648438,4316.0
2025-06-26 12:24:00,LMND,,41.53499984741211,41.58000183105469,41.52000045776367,41.53499984741211,2784.0
2025-06-26 12:24:00,LNG,,242.81500244140625,242.88999938964844,242.80999755859375,242.80999755859375,1530.0
2025-06-26 12:24:00,LODE,,3.7899999618530273,3.7899999618530273,3.7799999713897705,3.7799999713897705,586.0
2025-06-26 12:24:00,MAG,,21.344999313354492,21.344999313354492,21.334999084472656,21.34000015258789,1660.0
2025-06-26 12:24:00,MYO,,2.255000114440918,2.255000114440918,2.255000114440918,2.255000114440918,246.0
2025-06-26 12:24:00,NAK,,1.5688999891281128,1.5688999891281128,1.565000057220459,1.565000057220459,2023.0
2025-06-26 12:24:00,NBH,,9.800000190734863,9.800000190734863,9.800000190734863,9.800000190734863,905.0
2025-06-26 12:24:00,NCL,,0.17820000648498535,0.17820000648498535,0.1777999997138977,0.1777999997138977,2765.0
2025-06-26 12:24:00,NG,,4.065000057220459,4.065000057220459,4.065000057220459,4.065000057220459,303.0
2025-06-26 12:24:00,NGD,,4.894999980926514,4.894999980926514,4.894999980926514,4.894999980926514,860.0
2025-06-26 12:24:00,NML,,8.843400001525879,8.850000381469727,8.843400001525879,8.850000381469727,400.0
2025-06-26 12:24:00,NNVC,,1.2137000560760498,1.2137000560760498,1.2137000560760498,1.2137000560760498,102.0
2025-06-26 12:24:00,NRXS,,2.549999952316284,2.549999952316284,2.549999952316284,2.549999952316284,658.0
2025-06-26 12:24:00,OBE,,5.574999809265137,5.574999809265137,5.574999809265137,5.574999809265137,100.0
2025-06-26 12:24:00,OPTT,,0.5168499946594238,0.5168499946594238,0.5168499946594238,0.5168499946594238,1114.0
2025-06-26 12:24:00,ORLA,,10.0,10.005000114440918,10.0,10.0,1734.0
2025-06-26 12:24:00,PLG,,1.6100000143051147,1.6100000143051147,1.6100000143051147,1.6100000143051147,250.0
2025-06-26 12:24:00,REI,,0.777400016784668,0.777400016784668,0.777400016784668,0.777400016784668,566.0
2025-06-26 12:24:00,SATX,,2.950000047683716,2.950000047683716,2.950000047683716,2.950000047683716,555.0
2025-06-26 12:24:00,SEB,,2955.0,2956.39990234375,2951.14990234375,2956.39990234375,5.0
2025-06-26 12:24:00,SENS,,0.5016989707946777,0.5016989707946777,0.5016000270843506,0.5016000270843506,1327.0
2025-06-26 12:24:00,SIF,,3.6700000762939453,3.7100000381469727,3.552500009536743,3.552500009536743,2000.0
2025-06-26 12:24:00,SKYH,,9.529999732971191,9.550000190734863,9.529999732971191,9.550000190734863,990.0
2025-06-26 12:24:00,SLI,,1.929900050163269,1.9299999475479126,1.929900050163269,1.9299999475479126,409.0
2025-06-26 12:24:00,SVM,,4.17579984664917,4.17579984664917,4.175000190734863,4.175000190734863,1404.0
2025-06-26 12:24:00,TGB,,3.119999885559082,3.125,3.119999885559082,3.124799966812134,12004.0
2025-06-26 12:24:00,TOON,,0.7350000143051147,0.7350000143051147,0.7350000143051147,0.7350000143051147,500.0
2025-06-26 12:24:00,UAMY,,2.5350000858306885,2.5350000858306885,2.530100107192993,2.530100107192993,2826.0
2025-06-26 12:24:00,UAVS,,1.0850000381469727,1.0850000381469727,1.0850000381469727,1.0850000381469727,300.0
2025-06-26 12:24:00,UEC,,6.945000171661377,6.949999809265137,6.942800045013428,6.945000171661377,6245.0
2025-06-26 12:24:00,URG,,1.0499999523162842,1.0549999475479126,1.0499999523162842,1.0499999523162842,3803.0
2025-06-26 12:24:00,UUUU,,5.935400009155273,5.935400009155273,5.929999828338623,5.933599948883057,1287.0
2025-06-26 12:24:00,VGZ,,1.024999976158142,1.024999976158142,1.024999976158142,1.024999976158142,100.0
2025-06-26 12:24:00,VKI,,8.199999809265137,8.199999809265137,8.199999809265137,8.199999809265137,100.0
2025-06-26 12:24:00,WRN,,1.2400000095367432,1.2400000095367432,1.2400000095367432,1.2400000095367432,100.0
2025-06-26 12:24:00,WWR,,0.5951499938964844,0.5951499938964844,0.5951499938964844,0.5951499938964844,432.0
2025-06-26 12:25:00,ACU,,39.52000045776367,39.52000045776367,39.52000045776367,39.52000045776367,257.0
2025-06-26 12:25:00,ARMN,,6.849999904632568,6.855000019073486,6.849999904632568,6.855000019073486,2115.0
2025-06-26 12:25:00,ASM,,3.565200090408325,3.575000047683716,3.565200090408325,3.575000047683716,20366.0
2025-06-26 12:25:00,ATNM,,1.5700000524520874,1.5700000524520874,1.559999942779541,1.559999942779541,4342.0
2025-06-26 12:25:00,BTG,,3.639699935913086,3.640000104904175,3.630000114440918,3.640000104904175,261324.0
2025-06-26 12:25:00,BURU,,0.328698992729187,0.328698992729187,0.328698992729187,0.328698992729187,400.0
2025-06-26 12:25:00,CATX,,3.6700000762939453,3.6700000762939453,3.6700000762939453,3.6700000762939453,100.0
2025-06-26 12:25:00,CBOE,,227.75999450683594,227.8000030517578,227.64999389648438,227.6999969482422,6915.0
2025-06-26 12:25:00,CET,,47.68000030517578,47.68000030517578,47.68000030517578,47.68000030517578,200.0
2025-06-26 12:25:00,CIK,,2.940000057220459,2.940000057220459,2.940000057220459,2.940000057220459,100.0
2025-06-26 12:25:00,CLDI,,0.22920000553131104,0.22920000553131104,0.22920000553131104,0.22920000553131104,150.0
2025-06-26 12:25:00,CLM,,7.945000171661377,7.945000171661377,7.945000171661377,7.945000171661377,263.0
2025-06-26 12:25:00,CMCL,,19.18000030517578,19.18000030517578,19.139999389648438,19.139999389648438,615.0
2025-06-26 12:25:00,CMT,,17.079999923706055,17.079999923706055,17.079999923706055,17.079999923706055,203.0
2025-06-26 12:25:00,CQP,,55.9900016784668,56.0,55.939998626708984,55.97999954223633,1079.0
2025-06-26 12:25:00,CTM,,1.0449999570846558,1.0498000383377075,1.0449999570846558,1.0498000383377075,614.0
2025-06-26 12:25:00,CVM,,2.430000066757202,2.4600000381469727,2.430000066757202,2.4600000381469727,14085.0
2025-06-26 12:25:00,CYBN,,8.558600425720215,8.558600425720215,8.558600425720215,8.558600425720215,151.0
2025-06-26 12:25:00,DC,,3.815000057220459,3.815000057220459,3.809999942779541,3.809999942779541,1118.0
2025-06-26 12:25:00,DNN,,1.8350000381469727,1.840000033378601,1.8301000595092773,1.840000033378601,14927.0
2025-06-26 12:25:00,EQX,,5.889999866485596,5.900000095367432,5.880000114440918,5.889999866485596,71348.0
2025-06-26 12:25:00,FOXO,,0.20000000298023224,0.20000000298023224,0.20000000298023224,0.20000000298023224,9225.0
2025-06-26 12:25:00,FSP,,1.684999942779541,1.684999942779541,1.684999942779541,1.684999942779541,144.0
2025-06-26 12:25:00,GAU,,1.2949999570846558,1.2949999570846558,1.2799999713897705,1.2799999713897705,39198.0
2025-06-26 12:25:00,GNS,,0.9617499709129333,0.9739999771118164,0.9469000101089478,0.9469000101089478,167758.0
2025-06-26 12:25:00,GORO,,0.5465999841690063,0.5465999841690063,0.5465999841690063,0.5465999841690063,100.0
2025-06-26 12:25:00,GROY,,2.2950000762939453,2.299999952316284,2.2950000762939453,2.2950000762939453,4127.0
2025-06-26 12:25:00,GSAT,,23.450000762939453,23.450000762939453,23.450000762939453,23.450000762939453,121.0
2025-06-26 12:25:00,GTE,,5.079999923706055,5.090000152587891,5.079999923706055,5.090000152587891,326.0
2025-06-26 12:25:00,HUSA,,13.199999809265137,13.199999809265137,13.199999809265137,13.199999809265137,524.0
2025-06-26 12:25:00,IBO,,1.01010000705719,1.0199999809265137,1.01010000705719,1.0149999856948853,7570.0
2025-06-26 12:25:00,IDR,,13.21500015258789,13.21500015258789,13.170000076293945,13.170000076293945,1363.0
2025-06-26 12:25:00,IE,,9.859999656677246,9.859999656677246,9.859999656677246,9.859999656677246,234.0
2025-06-26 12:25:00,IMO,,81.54000091552734,81.54000091552734,81.49500274658203,81.49500274658203,339.0
2025-06-26 12:25:00,INDO,,3.130000114440918,3.130000114440918,3.115000009536743,3.130000114440918,3674.0
2025-06-26 12:25:00,ITRG,,1.559999942779541,1.559999942779541,1.559999942779541,1.559999942779541,508.0
2025-06-26 12:25:00,JOB,,0.20469999313354492,0.20469999313354492,0.20469999313354492,0.20469999313354492,236.0
2025-06-26 12:25:00,KULR,,5.15749979019165,5.15749979019165,5.150000095367432,5.15500020980835,967.0
2025-06-26 12:25:00,LCTX,,1.0149999856948853,1.0149999856948853,1.0149999856948853,1.0149999856948853,180.0
2025-06-26 12:25:00,LEU,,182.37840270996094,182.45970153808594,182.22999572753906,182.45970153808594,3542.0
2025-06-26 12:25:00,LMND,,41.56869888305664,41.56869888305664,41.52000045776367,41.52000045776367,345.0
2025-06-26 12:25:00,LNG,,242.9199981689453,242.9199981689453,242.7899932861328,242.7949981689453,3067.0
2025-06-26 12:25:00,MAG,,21.350000381469727,21.350000381469727,21.34000015258789,21.34000015258789,2663.0
2025-06-26 12:25:00,MTA,,3.8499999046325684,3.8499999046325684,3.8499999046325684,3.8499999046325684,717.0
2025-06-26 12:25:00,NAK,,1.565000057220459,1.565000057220459,1.565000057220459,1.565000057220459,8600.0
2025-06-26 12:25:00,NBH,,9.800000190734863,9.800000190734863,9.795000076293945,9.795000076293945,200.0
2025-06-26 12:25:00,NG,,4.065000057220459,4.070000171661377,4.064000129699707,4.070000171661377,17759.0
2025-06-26 12:25:00,NGD,,4.894999980926514,4.900000095367432,4.889999866485596,4.8979997634887695,82792.0
2025-06-26 12:25:00,NML,,8.84000015258789,8.84000015258789,8.84000015258789,8.84000015258789,507.0
2025-06-26 12:25:00,NNVC,,1.214900016784668,1.214900016784668,1.2057000398635864,1.2057000398635864,266.0
2025-06-26 12:25:00,OBE,,5.579999923706055,5.579999923706055,5.579999923706055,5.579999923706055,4071.0
2025-06-26 12:25:00,OPTT,,0.5199999809265137,0.5210999846458435,0.5171999931335449,0.5171999931335449,169030.0
2025-06-26 12:25:00,ORLA,,10.0,10.0,10.0,10.0,3054.0
2025-06-26 12:25:00,PHGE,,0.46000000834465027,0.46000000834465027,0.46000000834465027,0.46000000834465027,0.0
2025-06-26 12:25:00,PLG,,1.6050000190734863,1.6100000143051147,1.6050000190734863,1.6100000143051147,3168.0
2025-06-26 12:25:00,PLMR,,150.6743927001953,150.6743927001953,150.6743927001953,150.6743927001953,811.0
2025-06-26 12:25:00,PLX,,1.475000023841858,1.475000023841858,1.475000023841858,1.475000023841858,109.0
2025-06-26 12:25:00,REI,,0.777400016784668,0.7785000205039978,0.7767999768257141,0.7768999934196472,15534.0
2025-06-26 12:25:00,SATX,,2.950000047683716,2.950000047683716,2.950000047683716,2.950000047683716,413.0
2025-06-26 12:25:00,SEB,,2951.510009765625,2966.8701171875,2951.510009765625,2963.300048828125,14.0
2025-06-26 12:25:00,SENS,,0.5027999877929688,0.5059000253677368,0.5016000270843506,0.5016499757766724,53783.0
2025-06-26 12:25:00,SGN,,1.0046000480651855,1.0046000480651855,1.0046000480651855,1.0046000480651855,1503.0
2025-06-26 12:25:00,SIF,,3.69350004196167,3.69350004196167,3.5999999046325684,3.5999999046325684,1000.0
2025-06-26 12:25:00,SLI,,1.9249999523162842,1.9249999523162842,1.9249999523162842,1.9249999523162842,200.0
2025-06-26 12:25:00,SVM,,4.175000190734863,4.175000190734863,4.175000190734863,4.175000190734863,413.0
2025-06-26 12:25:00,TGB,,3.125,3.125,3.119999885559082,3.1203999519348145,22777.0
2025-06-26 12:25:00,THM,,0.8999999761581421,0.8999999761581421,0.8999999761581421,0.8999999761581421,901.0
2025-06-26 12:25:00,TPET,,1.184999942779541,1.1899000406265259,1.184999942779541,1.1898000240325928,6400.0
2025-06-26 12:25:00,UAMY,,2.5350000858306885,2.5350000858306885,2.5350000858306885,2.5350000858306885,332.0
2025-06-26 12:25:00,UAVS,,1.0850000381469727,1.0850000381469727,1.0850000381469727,1.0850000381469727,595.0
2025-06-26 12:25:00,UEC,,6.945000171661377,6.945000171661377,6.945000171661377,6.945000171661377,1574.0
2025-06-26 12:25:00,URG,,1.059999942779541,1.059999942779541,1.0499999523162842,1.0549999475479126,2756.0
2025-06-26 12:25:00,UTG,,35.45000076293945,35.459999084472656,35.45000076293945,35.459999084472656,318.0
2025-06-26 12:25:00,UUUU,,5.940000057220459,5.940000057220459,5.933300018310547,5.934999942779541,8001.0
2025-06-26 12:25:00,VGZ,,1.0267000198364258,1.0299999713897705,1.024999976158142,1.0299999713897705,3500.0
2025-06-26 12:25:00,VKI,,8.199999809265137,8.209799766540527,8.199999809265137,8.209799766540527,6200.0
2025-06-26 12:25:00,VNRX,,0.7979999780654907,0.7985000014305115,0.7904999852180481,0.7904999852180481,1228.0
2025-06-26 12:25:00,VTAK,,0.24979999661445618,0.24980099499225616,0.24979999661445618,0.24980099499225616,2560.0
2025-06-26 12:25:00,VZLA,,2.9800000190734863,2.9800000190734863,2.9651999473571777,2.969899892807007,66487.0
2025-06-26 12:25:00,XTNT,,0.6395990252494812,0.6395990252494812,0.6395990252494812,0.6395990252494812,1142.0
2025-06-26 12:26:00,AEON,,0.7703999876976013,0.7774999737739563,0.7703999876976013,0.7771999835968018,6409.0
2025-06-26 12:26:00,AIM,,9.100000381469727,9.100000381469727,9.100000381469727,9.100000381469727,748.0
2025-06-26 12:26:00,ASM,,3.569000005722046,3.569999933242798,3.5627999305725098,3.5627999305725098,3755.0
2025-06-26 12:26:00,ATNM,,1.5750000476837158,1.5750000476837158,1.5750000476837158,1.5750000476837158,100.0
2025-06-26 12:26:00,BRBS,,3.2850000858306885,3.2899999618530273,3.2850000858306885,3.2899999618530273,5787.0
2025-06-26 12:26:00,BTG,,3.640000104904175,3.6500000953674316,3.637500047683716,3.640000104904175,509900.0
2025-06-26 12:26:00,BURU,,0.329800009727478,0.33000001311302185,0.3287000060081482,0.33000001311302185,7194.0
2025-06-26 12:26:00,CATX,,3.680000066757202,3.680000066757202,3.6700000762939453,3.680000066757202,454.0
2025-06-26 12:26:00,CBOE,,227.8800048828125,227.92999267578125,227.8800048828125,227.92999267578125,519.0
2025-06-26 12:26:00,CLM,,7.949900150299072,7.949900150299072,7.949900150299072,7.949900150299072,217.0
2025-06-26 12:26:00,CMCL,,19.229999542236328,19.229999542236328,19.190000534057617,19.190000534057617,916.0
2025-06-26 12:26:00,CQP,,55.935001373291016,56.02000045776367,55.935001373291016,55.939998626708984,581.0
2025-06-26 12:26:00,CRF,,7.559999942779541,7.570000171661377,7.559999942779541,7.565000057220459,402.0
2025-06-26 12:26:00,CTM,,1.0400999784469604,1.0499000549316406,1.0400999784469604,1.0499000549316406,1203.0
2025-06-26 12:26:00,CYBN,,8.569999694824219,8.569999694824219,8.545000076293945,8.545000076293945,711.0
2025-06-26 12:26:00,DNN,,1.8350000381469727,1.840000033378601,1.8300000429153442,1.8350000381469727,27975.0
2025-06-26 12:26:00,ELMD,,21.489999771118164,21.489999771118164,21.399999618530273,21.399999618530273,202.0
2025-06-26 12:26:00,EMX,,2.555000066757202,2.5592000484466553,2.555000066757202,2.5592000484466553,1180.0
2025-06-26 12:26:00,EQX,,5.889999866485596,5.894999980926514,5.889999866485596,5.889999866485596,1774.0
2025-06-26 12:26:00,ESP,,45.0,45.0,45.0,45.0,660.0
2025-06-26 12:26:00,EVV,,10.180000305175781,10.180000305175781,10.180000305175781,10.180000305175781,250.0
2025-06-26 12:26:00,FOXO,,0.20000000298023224,0.20000000298023224,0.20000000298023224,0.20000000298023224,1494.0
2025-06-26 12:26:00,FSP,,1.684999942779541,1.684999942779541,1.684999942779541,1.684999942779541,159.0
2025-06-26 12:26:00,FTF,,6.385000228881836,6.385000228881836,6.385000228881836,6.385000228881836,216.0
2025-06-26 12:26:00,FURY,,0.4844000041484833,0.4844000041484833,0.4844000041484833,0.4844000041484833,220.0
2025-06-26 12:26:00,GAU,,1.2899999618530273,1.2999999523162842,1.2799999713897705,1.2949999570846558,146510.0
2025-06-26 12:26:00,GBR,,1.0700000524520874,1.0700000524520874,1.0700000524520874,1.0700000524520874,270.0
2025-06-26 12:26:00,GNS,,0.9697999954223633,0.9699000120162964,0.9599999785423279,0.9699000120162964,19424.0
2025-06-26 12:26:00,GROY,,2.2950000762939453,2.2950000762939453,2.2950000762939453,2.2950000762939453,378.0
2025-06-26 12:26:00,GSAT,,23.479999542236328,23.479999542236328,23.46500015258789,23.479999542236328,609.0
2025-06-26 12:26:00,GTE,,5.085000038146973,5.085000038146973,5.085000038146973,5.085000038146973,509.0
2025-06-26 12:26:00,IBO,,1.0103000402450562,1.0199999809265137,1.01010000705719,1.0196000337600708,5959.0
2025-06-26 12:26:00,IE,,9.880000114440918,9.880000114440918,9.859999656677246,9.859999656677246,861.0
2025-06-26 12:26:00,IMO,,81.55999755859375,81.55999755859375,81.55999755859375,81.55999755859375,188.0
2025-06-26 12:26:00,INDO,,3.134999990463257,3.140000104904175,3.134999990463257,3.140000104904175,2791.0
2025-06-26 12:26:00,INFU,,6.400000095367432,6.400000095367432,6.400000095367432,6.400000095367432,1104.0
2025-06-26 12:26:00,INUV,,3.8371999263763428,3.8371999263763428,3.8371999263763428,3.8371999263763428,484.0
2025-06-26 12:26:00,ITP,,0.18855099380016327,0.18855099380016327,0.18850000202655792,0.18850000202655792,2175.0
2025-06-26 12:26:00,JOB,,0.20499999821186066,0.20499999821186066,0.20499999821186066,0.20499999821186066,1000.0
2025-06-26 12:26:00,KNW,,1.9049999713897705,1.9049999713897705,1.8801000118255615,1.8801000118255615,1400.0
2025-06-26 12:26:00,KULR,,5.144999980926514,5.159999847412109,5.144999980926514,5.15500020980835,23607.0
2025-06-26 12:26:00,LEU,,182.5,182.5,181.8699951171875,182.23500061035156,1800.0
2025-06-26 12:26:00,LMND,,41.474998474121094,41.599998474121094,41.474998474121094,41.55500030517578,4062.0
2025-06-26 12:26:00,LNG,,242.97999572753906,243.0,242.9499969482422,242.9499969482422,2827.0
2025-06-26 12:26:00,MAG,,21.350000381469727,21.350000381469727,21.350000381469727,21.350000381469727,701.0
2025-06-26 12:26:00,MSN,,0.3928000032901764,0.3928000032901764,0.3928000032901764,0.3928000032901764,0.0
2025-06-26 12:26:00,MWG,,0.25999999046325684,0.26499998569488525,0.25999999046325684,0.25999999046325684,18527.0
2025-06-26 12:26:00,NAK,,1.565000057220459,1.565000057220459,1.565000057220459,1.565000057220459,1050.0
2025-06-26 12:26:00,NCL,,0.1785999983549118,0.1785999983549118,0.1785999983549118,0.1785999983549118,1601.0
2025-06-26 12:26:00,NG,,4.070000171661377,4.070000171661377,4.064000129699707,4.064000129699707,1629.0
2025-06-26 12:26:00,NGD,,4.894999980926514,4.900000095367432,4.889999866485596,4.899799823760986,56490.0
2025-06-26 12:26:00,NNVC,,1.2000999450683594,1.205899953842163,1.2000999450683594,1.2058000564575195,454.0
2025-06-26 12:26:00,OBE,,5.590000152587891,5.590000152587891,5.590000152587891,5.590000152587891,230.0
2025-06-26 12:26:00,OPTT,,0.5199999809265137,0.5199999809265137,0.5175650119781494,0.5175650119781494,27528.0
2025-06-26 12:26:00,ORLA,,10.0,10.0,10.0,10.0,181.0
2025-06-26 12:26:00,PLX,,1.475000023841858,1.475000023841858,1.475000023841858,1.475000023841858,213.0
2025-06-26 12:26:00,REI,,0.7781000137329102,0.7796000242233276,0.777400016784668,0.7783989906311035,36236.0
2025-06-26 12:26:00,SATX,,2.950000047683716,2.950000047683716,2.950000047683716,2.950000047683716,306.0
2025-06-26 12:26:00,SBEV,,4.300000190734863,5.110000133514404,4.28000020980835,4.760000228881836,263074.0
2025-06-26 12:26:00,SENS,,0.5027999877929688,0.5027999877929688,0.5026999711990356,0.5027999877929688,29578.0
2025-06-26 12:26:00,SIF,,3.7799999713897705,3.8299999237060547,3.5999999046325684,3.700000047683716,34613.0
2025-06-26 12:26:00,SLI,,1.9199999570846558,1.9249999523162842,1.9199999570846558,1.9249999523162842,859.0
2025-06-26 12:26:00,STXS,,2.244999885559082,2.244999885559082,2.240000009536743,2.240000009536743,1086.0
2025-06-26 12:26:00,SVM,,4.179699897766113,4.179999828338623,4.179699897766113,4.179900169372559,10468.0
2025-06-26 12:26:00,TGB,,3.1252999305725098,3.1252999305725098,3.119999885559082,3.119999885559082,24016.0
2025-06-26 12:26:00,TOON,,0.7325509786605835,0.7325509786605835,0.7325509786605835,0.7325509786605835,387.0
2025-06-26 12:26:00,TPET,,1.1799999475479126,1.1899000406265259,1.1799999475479126,1.184999942779541,4298.0
2025-06-26 12:26:00,UAMY,,2.5350000858306885,2.5350000858306885,2.5350000858306885,2.5350000858306885,400.0
2025-06-26 12:26:00,UEC,,6.949999809265137,6.949999809265137,6.943299770355225,6.949999809265137,6542.0
2025-06-26 12:26:00,URG,,1.0549999475479126,1.059999942779541,1.0499999523162842,1.0499999523162842,4730.0
2025-06-26 12:26:00,UUUU,,5.939499855041504,5.940000057220459,5.929999828338623,5.9309000968933105,10315.0
2025-06-26 12:26:00,VGZ,,1.024999976158142,1.024999976158142,1.024999976158142,1.024999976158142,550.0
2025-06-26 12:26:00,VKI,,8.199999809265137,8.199999809265137,8.199999809265137,8.199999809265137,386.0
2025-06-26 12:26:00,VZLA,,2.9700000286102295,2.9800000190734863,2.9700000286102295,2.9800000190734863,54702.0
2025-06-26 12:26:00,ZDGE,,4.050000190734863,4.050000190734863,4.050000190734863,4.050000190734863,1027.0
2025-06-26 12:27:00,AREN,,5.659999847412109,5.659999847412109,5.590000152587891,5.625,3765.0
2025-06-26 12:27:00,ARMN,,6.855000019073486,6.855000019073486,6.855000019073486,6.855000019073486,150.0
2025-06-26 12:27:00,ASM,,3.569999933242798,3.569999933242798,3.559999942779541,3.565000057220459,31391.0
2025-06-26 12:27:00,ATNM,,1.5750000476837158,1.5750000476837158,1.5750000476837158,1.5750000476837158,2006.0
2025-06-26 12:27:00,BGI,,0.8600000143051147,0.8600000143051147,0.8600000143051147,0.8600000143051147,1082.0
2025-06-26 12:27:00,BTG,,3.640000104904175,3.6500000953674316,3.640000104904175,3.640000104904175,297600.0
2025-06-26 12:27:00,BURU,,0.3294999897480011,0.329800009727478,0.3294999897480011,0.329800009727478,12605.0
2025-06-26 12:27:00,CANF,,1.059999942779541,1.059999942779541,1.059999942779541,1.059999942779541,190.0
2025-06-26 12:27:00,CATX,,3.6700000762939453,3.680000066757202,3.6700000762939453,3.6700000762939453,1358.0
2025-06-26 12:27:00,CBOE,,227.91000366210938,227.9199981689453,227.91000366210938,227.9199981689453,651.0
2025-06-26 12:27:00,CIK,,2.940000057220459,2.940000057220459,2.930000066757202,2.940000057220459,1850.0
2025-06-26 12:27:00,CLM,,7.949999809265137,7.949999809265137,7.944300174713135,7.944300174713135,2744.0
2025-06-26 12:27:00,CMCL,,19.145000457763672,19.209999084472656,19.145000457763672,19.209999084472656,1129.0
2025-06-26 12:27:00,CMT,,17.045000076293945,17.045000076293945,17.045000076293945,17.045000076293945,101.0
2025-06-26 12:27:00,CQP,,55.935001373291016,56.02000045776367,55.935001373291016,56.02000045776367,200.0
2025-06-26 12:27:00,CRF,,7.559999942779541,7.565000057220459,7.559999942779541,7.562699794769287,868.0
2025-06-26 12:27:00,CTM,,1.0449999570846558,1.0449999570846558,1.0449999570846558,1.0449999570846558,215.0
2025-06-26 12:27:00,CYBN,,8.630000114440918,8.630000114440918,8.579999923706055,8.579999923706055,1196.0
2025-06-26 12:27:00,DNN,,1.8346999883651733,1.840000033378601,1.8300000429153442,1.8387000560760498,43976.0
2025-06-26 12:27:00,ELMD,,21.510000228881836,21.510000228881836,21.5,21.5,762.0
2025-06-26 12:27:00,EPM,,4.789999961853027,4.789999961853027,4.769999980926514,4.769999980926514,840.0
2025-06-26 12:27:00,EQX,,5.894999980926514,5.894999980926514,5.889999866485596,5.890100002288818,24603.0
2025-06-26 12:27:00,ESP,,45.01499938964844,45.095001220703125,44.79999923706055,45.095001220703125,1406.0
2025-06-26 12:27:00,FOXO,,0.20000000298023224,0.20000000298023224,0.20000000298023224,0.20000000298023224,5535.0
2025-06-26 12:27:00,GAU,,1.2949999570846558,1.2949999570846558,1.2899999618530273,1.2899999618530273,42048.0
2025-06-26 12:27:00,GBR,,1.0908000469207764,1.0908000469207764,1.0908000469207764,1.0908000469207764,116.0
2025-06-26 12:27:00,GGN,,4.370999813079834,4.370999813079834,4.370999813079834,4.370999813079834,3962.0
2025-06-26 12:27:00,GLDG,,0.746749997138977,0.7469000220298767,0.7466999888420105,0.746749997138977,7909.0
2025-06-26 12:27:00,GNS,,0.9799000024795532,0.9800000190734863,0.9620000123977661,0.9626010060310364,204004.0
2025-06-26 12:27:00,GORO,,0.5465999841690063,0.5465999841690063,0.5465999841690063,0.5465999841690063,615.0
2025-06-26 12:27:00,GROY,,2.2950000762939453,2.2950000762939453,2.2950000762939453,2.2950000762939453,1463.0
2025-06-26 12:27:00,GSAT,,23.479999542236328,23.479999542236328,23.479999542236328,23.479999542236328,448.0
2025-06-26 12:27:00,HUSA,,13.220000267028809,13.220000267028809,13.220000267028809,13.220000267028809,210.0
2025-06-26 12:27:00,IBO,,1.0199999809265137,1.0199999809265137,1.010599970817566,1.0197999477386475,5944.0
2025-06-26 12:27:00,IDR,,13.1899995803833,13.1899995803833,13.170000076293945,13.1899995803833,1549.0
2025-06-26 12:27:00,IE,,9.869999885559082,9.869999885559082,9.869999885559082,9.869999885559082,917.0
2025-06-26 12:27:00,IMO,,81.58000183105469,81.58999633789062,81.58000183105469,81.58999633789062,416.0
2025-06-26 12:27:00,INDO,,3.1700000762939453,3.1700000762939453,3.1301000118255615,3.134999990463257,9786.0
2025-06-26 12:27:00,ITRG,,1.559999942779541,1.559999942779541,1.559999942779541,1.559999942779541,248.0
2025-06-26 12:27:00,KNW,,1.9149999618530273,1.9149999618530273,1.9149999618530273,1.9149999618530273,107.0
2025-06-26 12:27:00,KULR,,5.149899959564209,5.149899959564209,5.140100002288818,5.140100002288818,5998.0
2025-06-26 12:27:00,LCTX,,1.0099999904632568,1.0149999856948853,1.0099999904632568,1.0149999856948853,2356.0
2025-06-26 12:27:00,LEU,,182.32000732421875,182.32000732421875,182.25,182.25,908.0
2025-06-26 12:27:00,LMND,,41.52000045776367,41.52000045776367,41.474998474121094,41.474998474121094,2600.0
2025-06-26 12:27:00,LNG,,243.0399932861328,243.0399932861328,242.97999572753906,242.97999572753906,1856.0
2025-06-26 12:27:00,MAG,,21.344999313354492,21.344999313354492,21.34000015258789,21.344999313354492,711.0
2025-06-26 12:27:00,MRT,,2.799999952316284,2.799999952316284,2.769200086593628,2.769200086593628,1145.0
2025-06-26 12:27:00,MTNB,,0.9401000142097473,0.9401000142097473,0.9401000142097473,0.9401000142097473,100.0
2025-06-26 12:27:00,MYND,,0.9599999785423279,0.9599999785423279,0.9599999785423279,0.9599999785423279,623.0
2025-06-26 12:27:00,MYO,,2.255000114440918,2.255000114440918,2.2532999515533447,2.255000114440918,556.0
2025-06-26 12:27:00,NAK,,1.5787999629974365,1.5787999629974365,1.565000057220459,1.5700000524520874,62472.0
2025-06-26 12:27:00,NBH,,9.795000076293945,9.795000076293945,9.795000076293945,9.795000076293945,300.0
2025-06-26 12:27:00,NCL,,0.1785999983549118,0.1785999983549118,0.1785999983549118,0.1785999983549118,1317.0
2025-06-26 12:27:00,NFGC,,1.4700000286102295,1.4700000286102295,1.4700000286102295,1.4700000286102295,1315.0
2025-06-26 12:27:00,NG,,4.070000171661377,4.070000171661377,4.059999942779541,4.059999942779541,706.0
2025-06-26 12:27:00,NGD,,4.894999980926514,4.900000095367432,4.889999866485596,4.900000095367432,12577743.0
2025-06-26 12:27:00,NHS,,7.508600234985352,7.508600234985352,7.508600234985352,7.508600234985352,1400.0
2025-06-26 12:27:00,NNVC,,1.215000033378601,1.215000033378601,1.215000033378601,1.215000033378601,201.0
2025-06-26 12:27:00,OPTT,,0.5187000036239624,0.5199999809265137,0.5187000036239624,0.5187000036239624,2772.0
2025-06-26 12:27:00,ORLA,,9.989999771118164,9.989999771118164,9.989999771118164,9.989999771118164,1827.0
2025-06-26 12:27:00,PED,,0.6682000160217285,0.6682000160217285,0.6682000160217285,0.6682000160217285,620.0
2025-06-26 12:27:00,REI,,0.7786999940872192,0.7786999940872192,0.7786999940872192,0.7786999940872192,760.0
2025-06-26 12:27:00,SATX,,2.9500999450683594,2.9549999237060547,2.950000047683716,2.950000047683716,1108.0
2025-06-26 12:27:00,SBEV,,4.190000057220459,4.938300132751465,4.190000057220459,4.349999904632568,235345.0
2025-06-26 12:27:00,SENS,,0.5026999711990356,0.5027999877929688,0.5026999711990356,0.5027499794960022,3093.0
2025-06-26 12:27:00,SIF,,3.5,3.8857998847961426,3.5,3.7799999713897705,25163.0
2025-06-26 12:27:00,SLI,,1.9290000200271606,1.9299999475479126,1.9249999523162842,1.9249999523162842,2612.0
2025-06-26 12:27:00,SVM,,4.179999828338623,4.179999828338623,4.175000190734863,4.175000190734863,236.0
2025-06-26 12:27:00,SVT,,46.900001525878906,46.900001525878906,46.900001525878906,46.900001525878906,10000.0
2025-06-26 12:27:00,TGB,,3.125,3.125,3.125,3.125,1731.0
2025-06-26 12:27:00,THM,,0.9049000144004822,0.9049000144004822,0.9049000144004822,0.9049000144004822,4500.0
2025-06-26 12:27:00,TRX,,0.3345000147819519,0.3345000147819519,0.3345000147819519,0.3345000147819519,130.0
2025-06-26 12:27:00,UAMY,,2.5350000858306885,2.5350000858306885,2.5320000648498535,2.5350000858306885,1448.0
2025-06-26 12:27:00,UEC,,6.960000038146973,7.0,6.945000171661377,6.945000171661377,153628.0
2025-06-26 12:27:00,URG,,1.0549999475479126,1.0549999475479126,1.0499999523162842,1.0499999523162842,5794.0
2025-06-26 12:27:00,UTG,,35.469600677490234,35.469600677490234,35.45000076293945,35.45000076293945,700.0
2025-06-26 12:27:00,UUUU,,5.929999828338623,5.938700199127197,5.929999828338623,5.934999942779541,14637.0
2025-06-26 12:27:00,VKI,,8.204999923706055,8.204999923706055,8.204999923706055,8.204999923706055,1517.0
2025-06-26 12:27:00,VNRX,,0.800000011920929,0.800000011920929,0.800000011920929,0.800000011920929,200.0
2025-06-26 12:27:00,VTAK,,0.250900000333786,0.250900000333786,0.250900000333786,0.250900000333786,1136.0
2025-06-26 12:27:00,VZLA,,2.9749999046325684,2.9749999046325684,2.9749999046325684,2.9749999046325684,869.0
2025-06-26 12:28:00,AEON,,0.7702000141143799,0.7702000141143799,0.7702000141143799,0.7702000141143799,245.0
2025-06-26 12:28:00,ARMN,,6.855000019073486,6.855000019073486,6.855000019073486,6.855000019073486,2308.0
2025-06-26 12:28:00,ASM,,3.569999933242798,3.569999933242798,3.559999942779541,3.565000057220459,12754.0
2025-06-26 12:28:00,ATNM,,1.5549999475479126,1.5700000524520874,1.5549999475479126,1.5700000524520874,4460.0
2025-06-26 12:28:00,BATL,,1.5,1.5,1.4900000095367432,1.4900000095367432,717.0
2025-06-26 12:28:00,BKTI,,55.130001068115234,55.130001068115234,55.130001068115234,55.130001068115234,260.0
2025-06-26 12:28:00,BTG,,3.638000011444092,3.640000104904175,3.630000114440918,3.640000104904175,381428.0
2025-06-26 12:28:00,BURU,,0.3296999931335449,0.329800009727478,0.3294999897480011,0.3294999897480011,2320.0
2025-06-26 12:28:00,CATX,,3.6600000858306885,3.6700000762939453,3.6600000858306885,3.6700000762939453,423.0
2025-06-26 12:28:00,CBOE,,227.94500732421875,227.94500732421875,227.89999389648438,227.89999389648438,753.0
2025-06-26 12:28:00,CET,,47.69499969482422,47.69499969482422,47.66999816894531,47.66999816894531,300.0
2025-06-26 12:28:00,CIK,,2.940000057220459,2.940000057220459,2.934999942779541,2.934999942779541,228.0
2025-06-26 12:28:00,CLM,,7.949900150299072,7.949900150299072,7.949900150299072,7.949900150299072,179.0
2025-06-26 12:28:00,CQP,,55.935001373291016,56.02000045776367,55.935001373291016,55.935001373291016,900.0
2025-06-26 12:28:00,CRF,,7.570000171661377,7.570000171661377,7.559999942779541,7.559999942779541,2904.0
2025-06-26 12:28:00,CTM,,1.045799970626831,1.045799970626831,1.0400999784469604,1.0400999784469604,650.0
2025-06-26 12:28:00,CYBN,,8.579999923706055,8.619999885559082,8.579999923706055,8.619999885559082,3117.0
2025-06-26 12:28:00,DNN,,1.8350000381469727,1.840000033378601,1.8350000381469727,1.8350000381469727,11169.0
2025-06-26 12:28:00,EPM,,4.78000020980835,4.78879976272583,4.78000020980835,4.78879976272583,405.0
2025-06-26 12:28:00,EQX,,5.885000228881836,5.889999866485596,5.885000228881836,5.889999866485596,37321.0
2025-06-26 12:28:00,EVV,,10.170000076293945,10.180000305175781,10.170000076293945,10.170000076293945,5900.0
2025-06-26 12:28:00,FTF,,6.385000228881836,6.385000228881836,6.385000228881836,6.385000228881836,100.0
2025-06-26 12:28:00,GAU,,1.284999966621399,1.2899999618530273,1.2799999713897705,1.2899999618530273,12279.0
2025-06-26 12:28:00,GGN,,4.369999885559082,4.369999885559082,4.369999885559082,4.369999885559082,500.0
2025-06-26 12:28:00,GNS,,0.9645500183105469,0.9850000143051147,0.9556000232696533,0.9800000190734863,141509.0
2025-06-26 12:28:00,GROY,,2.2997000217437744,2.299999952316284,2.2950000762939453,2.299999952316284,2307.0
2025-06-26 12:28:00,GSAT,,23.450000762939453,23.450000762939453,23.450000762939453,23.450000762939453,541.0
2025-06-26 12:28:00,IBO,,1.0299999713897705,1.0299999713897705,1.020400047302246,1.0296000242233276,8971.0
2025-06-26 12:28:00,IE,,9.885000228881836,9.890000343322754,9.880000114440918,9.880000114440918,1108.0
2025-06-26 12:28:00,IMO,,81.56999969482422,81.56999969482422,81.56999969482422,81.56999969482422,505.0
2025-06-26 12:28:00,INDO,,3.158099889755249,3.158099889755249,3.150099992752075,3.150099992752075,2150.0
2025-06-26 12:28:00,ITRG,,1.559999942779541,1.559999942779541,1.55840003490448,1.55840003490448,422.0
2025-06-26 12:28:00,KNW,,1.9010000228881836,1.909999966621399,1.9010000228881836,1.909999966621399,2000.0
2025-06-26 12:28:00,KULR,,5.144999980926514,5.150000095367432,5.139999866485596,5.150000095367432,11916.0
2025-06-26 12:28:00,LCTX,,1.0099999904632568,1.0149999856948853,1.0099999904632568,1.0099999904632568,1808.0
2025-06-26 12:28:00,LEU,,182.11000061035156,182.60499572753906,182.11000061035156,182.36000061035156,2895.0
2025-06-26 12:28:00,LMND,,41.54999923706055,41.560001373291016,41.4900016784668,41.52000045776367,2651.0
2025-06-26 12:28:00,LNG,,243.05999755859375,243.19000244140625,243.05999755859375,243.1199951171875,678.0
2025-06-26 12:28:00,LODE,,3.789799928665161,3.789799928665161,3.789799928665161,3.789799928665161,421.0
2025-06-26 12:28:00,MAG,,21.34000015258789,21.34000015258789,21.334999084472656,21.34000015258789,4786.0
2025-06-26 12:28:00,MAIA,,1.6749999523162842,1.6749999523162842,1.6749999523162842,1.6749999523162842,266.0
2025-06-26 12:28:00,MTA,,3.859999895095825,3.859999895095825,3.859800100326538,3.859800100326538,2651.0
2025-06-26 12:28:00,MYO,,2.255000114440918,2.255000114440918,2.255000114440918,2.255000114440918,727.0
2025-06-26 12:28:00,NAK,,1.5788999795913696,1.5788999795913696,1.5750000476837158,1.5788999795913696,1748.0
2025-06-26 12:28:00,NCL,,0.17919999361038208,0.179298996925354,0.1789499968290329,0.179298996925354,11741.0
2025-06-26 12:28:00,NG,,4.054999828338623,4.065000057220459,4.054999828338623,4.065000057220459,18168.0
2025-06-26 12:28:00,NGD,,4.894999980926514,4.900000095367432,4.890100002288818,4.900000095367432,5575.0
2025-06-26 12:28:00,NML,,8.845000267028809,8.845000267028809,8.845000267028809,8.845000267028809,1010.0
2025-06-26 12:28:00,NNVC,,1.2069000005722046,1.2069000005722046,1.2069000005722046,1.2069000005722046,100.0
2025-06-26 12:28:00,OGEN,,3.509999990463257,3.509999990463257,3.509999990463257,3.509999990463257,273.0
2025-06-26 12:28:00,OPTT,,0.5187000036239624,0.5187000036239624,0.5186989903450012,0.5187000036239624,1175.0
2025-06-26 12:28:00,PLG,,1.6050000190734863,1.6100000143051147,1.604599952697754,1.6050000190734863,5549.0
2025-06-26 12:28:00,PLX,,1.4700000286102295,1.4700000286102295,1.4700000286102295,1.4700000286102295,100.0
2025-06-26 12:28:00,REI,,0.7754999995231628,0.777999997138977,0.7754999995231628,0.777899980545044,1250.0
2025-06-26 12:28:00,RLGT,,6.019999980926514,6.019999980926514,6.019999980926514,6.019999980926514,148.0
2025-06-26 12:28:00,SATX,,2.950000047683716,2.950000047683716,2.950000047683716,2.950000047683716,210.0
2025-06-26 12:28:00,SBEV,,4.150000095367432,4.230000019073486,4.150000095367432,4.230000019073486,25448.0
2025-06-26 12:28:00,SENS,,0.5026999711990356,0.5027999877929688,0.5026999711990356,0.5027499794960022,6574.0
2025-06-26 12:28:00,SIF,,3.5299999713897705,3.609999895095825,3.4800000190734863,3.5299999713897705,18493.0
2025-06-26 12:28:00,SLI,,1.9249999523162842,1.9249999523162842,1.9249999523162842,1.9249999523162842,140.0
2025-06-26 12:28:00,SVM,,4.175000190734863,4.175000190734863,4.175000190734863,4.175000190734863,449.0
2025-06-26 12:28:00,TGB,,3.119999885559082,3.125,3.119999885559082,3.125,9321.0
2025-06-26 12:28:00,TRX,,0.3314000070095062,0.33309999108314514,0.3314000070095062,0.33309999108314514,7160.0
2025-06-26 12:28:00,UAMY,,2.5450000762939453,2.549999952316284,2.534899950027466,2.5350000858306885,17262.0
2025-06-26 12:28:00,UAVS,,1.090000033378601,1.090000033378601,1.090000033378601,1.090000033378601,150.0
2025-06-26 12:28:00,UEC,,6.958799839019775,6.960000038146973,6.949999809265137,6.960000038146973,6564.0
2025-06-26 12:28:00,URG,,1.0499999523162842,1.0549999475479126,1.0499999523162842,1.0549999475479126,2374.0
2025-06-26 12:28:00,UUUU,,5.921299934387207,5.938700199127197,5.920000076293945,5.938700199127197,42508.0
2025-06-26 12:28:00,VGZ,,1.0199999809265137,1.0199999809265137,1.0199999809265137,1.0199999809265137,110.0
2025-06-26 12:28:00,WRN,,1.2450000047683716,1.2450000047683716,1.2400000095367432,1.2400000095367432,660.0
2025-06-26 12:29:00,AEON,,0.770799994468689,0.770799994468689,0.770799994468689,0.770799994468689,580.0
2025-06-26 12:29:00,ARMN,,6.855000019073486,6.85890007019043,6.849999904632568,6.855000019073486,2716.0
2025-06-26 12:29:00,ASM,,3.565000057220459,3.569999933242798,3.559999942779541,3.569999933242798,18994.0
2025-06-26 12:29:00,ATNM,,1.5549999475479126,1.5549999475479126,1.5549999475479126,1.5549999475479126,100.0
2025-06-26 12:29:00,BTG,,3.630000114440918,3.640000104904175,3.630000114440918,3.640000104904175,21920.0
2025-06-26 12:29:00,BURU,,0.3310999870300293,0.3310999870300293,0.3298499882221222,0.32989999651908875,7477.0
2025-06-26 12:29:00,CATX,,3.6700000762939453,3.6703999042510986,3.6600000858306885,3.6700000762939453,907.0
2025-06-26 12:29:00,CBOE,,227.94500732421875,227.94500732421875,227.94500732421875,227.94500732421875,457.0
2025-06-26 12:29:00,CET,,47.66659927368164,47.66659927368164,47.66659927368164,47.66659927368164,193.0
2025-06-26 12:29:00,CLM,,7.945000171661377,7.945000171661377,7.945000171661377,7.945000171661377,459.0
2025-06-26 12:29:00,CMT,,17.045000076293945,17.045000076293945,17.045000076293945,17.045000076293945,119.0
2025-06-26 12:29:00,CQP,,55.939998626708984,55.97999954223633,55.880001068115234,55.9375,650.0
2025-06-26 12:29:00,CTGO,,20.799699783325195,20.799699783325195,20.799699783325195,20.799699783325195,1139.0
2025-06-26 12:29:00,CTM,,1.0467000007629395,1.0499999523162842,1.0467000007629395,1.0499999523162842,573.0
2025-06-26 12:29:00,DC,,3.815000057220459,3.815000057220459,3.815000057220459,3.815000057220459,146.0
2025-06-26 12:29:00,DNN,,1.840000033378601,1.840000033378601,1.8300000429153442,1.840000033378601,81141.0
2025-06-26 12:29:00,DSS,,0.9603999853134155,0.9603999853134155,0.9603999853134155,0.9603999853134155,31726.0
2025-06-26 12:29:00,EQX,,5.885000228881836,5.885000228881836,5.885000228881836,5.885000228881836,796.0
2025-06-26 12:29:00,ERC,,9.395000457763672,9.395000457763672,9.39009952545166,9.395000457763672,1550.0
2025-06-26 12:29:00,EVV,,10.170000076293945,10.170000076293945,10.170000076293945,10.170000076293945,231.0
2025-06-26 12:29:00,FTF,,6.385000228881836,6.385000228881836,6.385000228881836,6.385000228881836,130.0
2025-06-26 12:29:00,GLDG,,0.746999979019165,0.746999979019165,0.746999979019165,0.746999979019165,2000.0
2025-06-26 12:29:00,GNS,,0.940500020980835,0.9694989919662476,0.9399999976158142,0.9648000001907349,64383.0
2025-06-26 12:29:00,GROY,,2.2950000762939453,2.2950000762939453,2.2950000762939453,2.2950000762939453,873.0
2025-06-26 12:29:00,HUSA,,13.210000038146973,13.220000267028809,13.210000038146973,13.220000267028809,207.0
2025-06-26 12:29:00,IBO,,1.0299999713897705,1.0299999713897705,1.020400047302246,1.0298999547958374,23336.0
2025-06-26 12:29:00,IE,,9.899999618530273,9.899999618530273,9.899999618530273,9.899999618530273,394.0
2025-06-26 12:29:00,IMO,,81.54000091552734,81.54000091552734,81.54000091552734,81.54000091552734,525.0
2025-06-26 12:29:00,INDO,,3.1549999713897705,3.1549999713897705,3.151099920272827,3.1549999713897705,919.0
2025-06-26 12:29:00,ITRG,,1.559999942779541,1.559999942779541,1.5549999475479126,1.5599000453948975,5545.0
2025-06-26 12:29:00,KNW,,1.9000999927520752,1.9000999927520752,1.9000999927520752,1.9000999927520752,496.0
2025-06-26 12:29:00,KULR,,5.130000114440918,5.150000095367432,5.125,5.144999980926514,6590.0
2025-06-26 12:29:00,LCTX,,1.0099999904632568,1.0099999904632568,1.0049999952316284,1.0099999904632568,14094.0
2025-06-26 12:29:00,LEU,,182.44000244140625,182.69000244140625,182.43499755859375,182.43499755859375,2227.0
2025-06-26 12:29:00,LMND,,41.66999816894531,41.68989944458008,41.560001373291016,41.56999969482422,4304.0
2025-06-26 12:29:00,LNG,,242.55499267578125,243.05999755859375,242.55499267578125,243.05999755859375,7889.0
2025-06-26 12:29:00,MAG,,21.329999923706055,21.34000015258789,21.329999923706055,21.34000015258789,538.0
2025-06-26 12:29:00,MTA,,3.8598999977111816,3.8598999977111816,3.8598999977111816,3.8598999977111816,1422.0
2025-06-26 12:29:00,NAK,,1.5786999464035034,1.5800000429153442,1.5750000476837158,1.5750000476837158,2621.0
2025-06-26 12:29:00,NBH,,9.795000076293945,9.795000076293945,9.795000076293945,9.795000076293945,100.0
2025-06-26 12:29:00,NCL,,0.17980000376701355,0.17980000376701355,0.17919999361038208,0.17919999361038208,92747.0
2025-06-26 12:29:00,NG,,4.054999828338623,4.059999942779541,4.050000190734863,4.050000190734863,10982.0
2025-06-26 12:29:00,NGD,,4.894999980926514,4.900000095367432,4.894999980926514,4.894999980926514,7949.0
2025-06-26 12:29:00,NNVC,,1.2206000089645386,1.2206000089645386,1.2200000286102295,1.2200000286102295,300.0
2025-06-26 12:29:00,OBE,,5.590000152587891,5.590000152587891,5.585000038146973,5.590000152587891,9653.0
2025-06-26 12:29:00,OGEN,,3.506999969482422,3.506999969482422,3.506999969482422,3.506999969482422,377.0
2025-06-26 12:29:00,OPTT,,0.5199000239372253,0.5199999809265137,0.5174000263214111,0.5187000036239624,3820.0
2025-06-26 12:29:00,ORLA,,9.984999656677246,9.989999771118164,9.984999656677246,9.984999656677246,749.0
2025-06-26 12:29:00,PLG,,1.6050000190734863,1.6050000190734863,1.6050000190734863,1.6050000190734863,621.0
2025-06-26 12:29:00,PLX,,1.4700000286102295,1.475000023841858,1.4700000286102295,1.475000023841858,413.0
2025-06-26 12:29:00,REI,,0.7749999761581421,0.7766000032424927,0.7749999761581421,0.7766000032424927,2400.0
2025-06-26 12:29:00,SEB,,2955.93505859375,2955.93505859375,2955.93505859375,2955.93505859375,2.0
2025-06-26 12:29:00,SENS,,0.5027499794960022,0.5027999877929688,0.5026999711990356,0.5027999877929688,120535.0
2025-06-26 12:29:00,SIF,,3.309999942779541,3.5399999618530273,3.309999942779541,3.5399999618530273,16778.0
2025-06-26 12:29:00,SLI,,1.9299999475479126,1.9299999475479126,1.9249999523162842,1.9249999523162842,1379.0
2025-06-26 12:29:00,SVM,,4.175000190734863,4.175000190734863,4.175000190734863,4.175000190734863,317.0
2025-06-26 12:29:00,TGB,,3.119999885559082,3.1285998821258545,3.119999885559082,3.1285998821258545,35334.0
2025-06-26 12:29:00,THM,,0.9049999713897705,0.9049999713897705,0.9049999713897705,0.9049999713897705,100.0
2025-06-26 12:29:00,TPET,,1.184999942779541,1.184999942779541,1.184999942779541,1.184999942779541,189.0
2025-06-26 12:29:00,UAMY,,2.547499895095825,2.549999952316284,2.5450000762939453,2.549999952316284,543.0
2025-06-26 12:29:00,UAVS,,1.0891000032424927,1.0891000032424927,1.0891000032424927,1.0891000032424927,524.0
2025-06-26 12:29:00,UEC,,6.945000171661377,6.960000038146973,6.945000171661377,6.954999923706055,6976.0
2025-06-26 12:29:00,URG,,1.0549999475479126,1.0549999475479126,1.0499999523162842,1.0499999523162842,5166.0
2025-06-26 12:29:00,USAS,,0.833050012588501,0.8335999846458435,0.8299000263214111,0.833549976348877,39042.0
2025-06-26 12:29:00,UTG,,35.499900817871094,35.499900817871094,35.46500015258789,35.46500015258789,3015.0
2025-06-26 12:29:00,UUUU,,5.925000190734863,5.929999828338623,5.920000076293945,5.925000190734863,4839.0
2025-06-26 12:29:00,VNRX,,0.7983999848365784,0.7983999848365784,0.7983999848365784,0.7983999848365784,200.0
2025-06-26 12:29:00,VZLA,,2.9800000190734863,2.9800000190734863,2.9800000190734863,2.9800000190734863,149.0
2025-06-26 12:29:00,XPL,,0.6499999761581421,0.6499999761581421,0.6499999761581421,0.6499999761581421,5200.0
2025-06-26 12:29:00,ZDGE,,4.03000020980835,4.03000020980835,4.03000020980835,4.03000020980835,525.0
2025-06-26 12:30:00,AIRI,,3.340100049972534,3.340100049972534,3.340100049972534,3.340100049972534,1080.0
2025-06-26 12:30:00,AREN,,5.675000190734863,5.675000190734863,5.630000114440918,5.630000114440918,304.0
2025-06-26 12:30:00,ARMN,,6.855000019073486,6.855000019073486,6.855000019073486,6.855000019073486,330.0
2025-06-26 12:30:00,ASM,,3.569999933242798,3.569999933242798,3.559999942779541,3.565000057220459,19075.0
2025-06-26 12:30:00,BEEP,,4.087500095367432,4.087500095367432,4.087500095367432,4.087500095367432,1000.0
2025-06-26 12:30:00,BRBS,,3.2799999713897705,3.2799999713897705,3.2750000953674316,3.2799999713897705,2836.0
2025-06-26 12:30:00,BTG,,3.637500047683716,3.640000104904175,3.634999990463257,3.640000104904175,27012.0
2025-06-26 12:30:00,BURU,,0.3310999870300293,0.33180001378059387,0.3310999870300293,0.33180001378059387,200.0
2025-06-26 12:30:00,CATX,,3.6700000762939453,3.671600103378296,3.6700000762939453,3.671600103378296,2194.0
2025-06-26 12:30:00,CIK,,2.940000057220459,2.940000057220459,2.940000057220459,2.940000057220459,100.0
2025-06-26 12:30:00,CLM,,7.945000171661377,7.945000171661377,7.945000171661377,7.945000171661377,2286.0
2025-06-26 12:30:00,CQP,,55.97999954223633,55.97999954223633,55.935001373291016,55.970001220703125,300.0
2025-06-26 12:30:00,CRF,,7.570000171661377,7.570000171661377,7.565000057220459,7.565000057220459,281.0
2025-06-26 12:30:00,CTM,,1.0449999570846558,1.0449999570846558,1.0449999570846558,1.0449999570846558,136.0
2025-06-26 12:30:00,DC,,3.809999942779541,3.809999942779541,3.809999942779541,3.809999942779541,375.0
2025-06-26 12:30:00,DNN,,1.840000033378601,1.840000033378601,1.8350000381469727,1.8350000381469727,14518.0
2025-06-26 12:30:00,EPM,,4.78000020980835,4.78000020980835,4.78000020980835,4.78000020980835,344.0
2025-06-26 12:30:00,EQX,,5.889999866485596,5.889999866485596,5.880000114440918,5.885000228881836,28762.0
2025-06-26 12:30:00,ERH,,11.353799819946289,11.353799819946289,11.353799819946289,11.353799819946289,223.0
2025-06-26 12:30:00,ESP,,45.165000915527344,45.165000915527344,45.0,45.040000915527344,969.0
2025-06-26 12:30:00,FTF,,6.385000228881836,6.385000228881836,6.385000228881836,6.385000228881836,100.0
2025-06-26 12:30:00,GAU,,1.2889000177383423,1.2889000177383423,1.2799999713897705,1.2799999713897705,1710.0
2025-06-26 12:30:00,GLDG,,0.746749997138977,0.746749997138977,0.7465999722480774,0.7465999722480774,3400.0
2025-06-26 12:30:00,GNS,,0.9516000151634216,0.9577000141143799,0.9408010244369507,0.9449989795684814,56712.0
2025-06-26 12:30:00,GROY,,2.2950000762939453,2.2950000762939453,2.2950000762939453,2.2950000762939453,273.0
2025-06-26 12:30:00,GSAT,,23.454999923706055,23.454999923706055,23.454999923706055,23.454999923706055,162.0
2025-06-26 12:30:00,HUSA,,13.300000190734863,13.300000190734863,13.279999732971191,13.279999732971191,3128.0
2025-06-26 12:30:00,IBO,,1.0296000242233276,1.0297000408172607,1.0199999809265137,1.020400047302246,10038.0
2025-06-26 12:30:00,IDR,,13.15999984741211,13.15999984741211,13.15999984741211,13.15999984741211,304.0
2025-06-26 12:30:00,IE,,9.875,9.899900436401367,9.875,9.899900436401367,983.0
2025-06-26 12:30:00,IMO,,81.55000305175781,81.55000305175781,81.55000305175781,81.55000305175781,191.0
2025-06-26 12:30:00,INDO,,3.1549999713897705,3.1552000045776367,3.1510000228881836,3.1510000228881836,3799.0
2025-06-26 12:30:00,KULR,,5.125,5.125,5.125,5.125,1381.0
2025-06-26 12:30:00,LCTX,,1.0049999952316284,1.0099999904632568,1.0,1.0099999904632568,7455.0
2025-06-26 12:30:00,LEU,,182.14999389648438,182.44500732421875,182.14999389648438,182.44500732421875,1542.0
2025-06-26 12:30:00,LMND,,41.619998931884766,41.668701171875,41.58000183105469,41.59000015258789,2585.0
2025-06-26 12:30:00,LNG,,242.6746063232422,242.6746063232422,242.6746063232422,242.6746063232422,460.0
2025-06-26 12:30:00,MAG,,21.35460090637207,21.35460090637207,21.34000015258789,21.34000015258789,1248.0
2025-06-26 12:30:00,MITQ,,0.6800000071525574,0.6800000071525574,0.6747999787330627,0.6747999787330627,862.0
2025-06-26 12:30:00,NAK,,1.5750000476837158,1.5788999795913696,1.5733000040054321,1.5788999795913696,14750.0
2025-06-26 12:30:00,NCL,,0.17990000545978546,0.18029999732971191,0.17960000038146973,0.17990000545978546,149319.0
2025-06-26 12:30:00,NG,,4.054999828338623,4.054999828338623,4.054999828338623,4.054999828338623,3943.0
2025-06-26 12:30:00,NGD,,4.894999980926514,4.900000095367432,4.889999866485596,4.889999866485596,2596.0
2025-06-26 12:30:00,NHS,,7.5,7.5,7.5,7.5,161.0
2025-06-26 12:30:00,OBE,,5.585000038146973,5.585000038146973,5.585000038146973,5.585000038146973,800.0
2025-06-26 12:30:00,OPTT,,0.5199999809265137,0.5199999809265137,0.5187000036239624,0.5199999809265137,10736.0
2025-06-26 12:30:00,ORLA,,9.989999771118164,9.989999771118164,9.989999771118164,9.989999771118164,1792.0
2025-06-26 12:30:00,OSTX,,1.8494999408721924,1.8494999408721924,1.8494999408721924,1.8494999408721924,307.0
2025-06-26 12:30:00,PLMR,,150.6999969482422,150.9149932861328,150.6999969482422,150.91000366210938,3552.0
2025-06-26 12:30:00,REI,,0.7746999859809875,0.7746999859809875,0.7746000289916992,0.7746999859809875,2936.0
2025-06-26 12:30:00,RLGT,,6.014999866485596,6.014999866485596,6.014999866485596,6.014999866485596,137.0
2025-06-26 12:30:00,SATX,,2.950000047683716,2.950000047683716,2.950000047683716,2.950000047683716,198.0
2025-06-26 12:30:00,SEB,,2969.069580078125,2969.069580078125,2960.0,2963.43505859375,34.0
2025-06-26 12:30:00,SENS,,0.5029000043869019,0.5029000043869019,0.5027499794960022,0.5027999877929688,24302.0
2025-06-26 12:30:00,SIF,,3.2699999809265137,3.2799999713897705,3.2699999809265137,3.2799999713897705,300.0
2025-06-26 12:30:00,SLND,,3.93149995803833,3.9700000286102295,3.93149995803833,3.9700000286102295,642.0
2025-06-26 12:30:00,SOAR,,1.4425150156021118,1.4425150156021118,1.4400999546051025,1.4400999546051025,436.0
2025-06-26 12:30:00,SVM,,4.1753997802734375,4.1753997802734375,4.175000190734863,4.175000190734863,1509.0
2025-06-26 12:30:00,SVT,,46.900001525878906,46.900001525878906,46.900001525878906,46.900001525878906,100.0
2025-06-26 12:30:00,TGB,,3.119999885559082,3.130000114440918,3.119999885559082,3.119999885559082,5317.0
2025-06-26 12:30:00,THM,,0.8901000022888184,0.8949000239372253,0.8901000022888184,0.8949000239372253,1057.0
2025-06-26 12:30:00,TRX,,0.33070001006126404,0.33079999685287476,0.33070001006126404,0.33079999685287476,30380.0
2025-06-26 12:30:00,UAMY,,2.5450000762939453,2.549999952316284,2.5450000762939453,2.5450000762939453,329.0
2025-06-26 12:30:00,UAVS,,1.0865000486373901,1.0865000486373901,1.0800000429153442,1.0800000429153442,825.0
2025-06-26 12:30:00,UEC,,6.945000171661377,6.949999809265137,6.945000171661377,6.945000171661377,939.0
2025-06-26 12:30:00,URG,,1.0499999523162842,1.0549999475479126,1.0499999523162842,1.0499999523162842,1855.0
2025-06-26 12:30:00,UUUU,,5.926700115203857,5.926700115203857,5.920000076293945,5.925000190734863,8266.0
2025-06-26 12:30:00,VGZ,,1.024999976158142,1.024999976158142,1.024999976158142,1.024999976158142,100.0
2025-06-26 12:30:00,VTAK,,0.2492000013589859,0.2492000013589859,0.2492000013589859,0.2492000013589859,400.0
2025-06-26 12:30:00,VZLA,,2.9788999557495117,2.9788999557495117,2.9788999557495117,2.9788999557495117,556.0
2025-06-26 12:30:00,WRN,,1.2450000047683716,1.2450000047683716,1.2450000047683716,1.2450000047683716,110.0
2025-06-26 12:30:00,XPL,,0.6557000279426575,0.6557000279426575,0.6557000279426575,0.6557000279426575,100.0
2025-06-26 12:30:00,ZDGE,,4.050000190734863,4.050000190734863,4.050000190734863,4.050000190734863,100.0
2025-06-26 12:31:00,ARMN,,6.860000133514404,6.860000133514404,6.860000133514404,6.860000133514404,197.0
2025-06-26 12:31:00,ASM,,3.569999933242798,3.5799999237060547,3.569999933242798,3.5799999237060547,17821.0
2025-06-26 12:31:00,ATNM,,1.5549999475479126,1.5549999475479126,1.5549999475479126,1.5549999475479126,200.0
2025-06-26 12:31:00,BHB,,29.639999389648438,29.639999389648438,29.639999389648438,29.639999389648438,648.0
2025-06-26 12:31:00,BRBS,,3.2699999809265137,3.2750000953674316,3.2699999809265137,3.2750000953674316,235.0
2025-06-26 12:31:00,BTG,,3.6398000717163086,3.640000104904175,3.630000114440918,3.639899969100952,211666.0
2025-06-26 12:31:00,BURU,,0.3314499855041504,0.3319000005722046,0.3312999904155731,0.33149999380111694,22152.0
2025-06-26 12:31:00,CATX,,3.6700000762939453,3.6700000762939453,3.6700000762939453,3.6700000762939453,123.0
2025-06-26 12:31:00,CBOE,,227.9499969482422,227.9499969482422,227.9499969482422,227.9499969482422,745.0
2025-06-26 12:31:00,CIK,,2.9367001056671143,2.9367001056671143,2.9367001056671143,2.9367001056671143,1700.0
2025-06-26 12:31:00,CLM,,7.942599773406982,7.949999809265137,7.942599773406982,7.949999809265137,1826.0
2025-06-26 12:31:00,CQP,,56.0,56.0,55.935001373291016,55.935001373291016,500.0
2025-06-26 12:31:00,CTM,,1.0499999523162842,1.0499999523162842,1.0449999570846558,1.0449999570846558,730.0
2025-06-26 12:31:00,DNN,,1.840000033378601,1.840000033378601,1.8350000381469727,1.8350000381469727,5111.0
2025-06-26 12:31:00,EQX,,5.889999866485596,5.889999866485596,5.880000114440918,5.880000114440918,1270.0
2025-06-26 12:31:00,ERC,,9.390000343322754,9.390000343322754,9.390000343322754,9.390000343322754,600.0
2025-06-26 12:31:00,ESP,,45.11000061035156,45.150001525878906,45.11000061035156,45.150001525878906,355.0
2025-06-26 12:31:00,FSI,,4.480000019073486,4.480000019073486,4.480000019073486,4.480000019073486,200.0
2025-06-26 12:31:00,FTF,,6.385000228881836,6.385000228881836,6.385000228881836,6.385000228881836,3067.0
2025-06-26 12:31:00,GAU,,1.2899999618530273,1.2899999618530273,1.2847000360488892,1.2847000360488892,30886.0
2025-06-26 12:31:00,GENC,,14.25,14.25,14.25,14.25,112.0
2025-06-26 12:31:00,GGN,,4.380000114440918,4.380000114440918,4.380000114440918,4.380000114440918,1000.0
2025-06-26 12:31:00,GLDG,,0.746999979019165,0.746999979019165,0.7468000054359436,0.7468000054359436,922.0
2025-06-26 12:31:00,GNS,,0.9490990042686462,0.9517999887466431,0.9480000138282776,0.95169997215271,104819.0
2025-06-26 12:31:00,GORO,,0.5400999784469604,0.545898973941803,0.5400999784469604,0.545898973941803,1600.0
2025-06-26 12:31:00,GROY,,2.2950000762939453,2.299999952316284,2.2950000762939453,2.2950000762939453,907.0
2025-06-26 12:31:00,GSAT,,23.459999084472656,23.459999084472656,23.454999923706055,23.454999923706055,703.0
2025-06-26 12:31:00,HUSA,,13.199999809265137,13.199999809265137,13.199999809265137,13.199999809265137,1748.0
2025-06-26 12:31:00,IBO,,1.0296000242233276,1.0299999713897705,1.0290000438690186,1.0299999713897705,809.0
2025-06-26 12:31:00,IE,,9.875,9.880000114440918,9.850000381469727,9.880000114440918,3979.0
2025-06-26 12:31:00,IMO,,81.54000091552734,81.54000091552734,81.54000091552734,81.54000091552734,359.0
2025-06-26 12:31:00,INDO,,3.1600000858306885,3.1600000858306885,3.150700092315674,3.150700092315674,5750.0
2025-06-26 12:31:00,ITP,,0.18820099532604218,0.18820099532604218,0.1881999969482422,0.1881999969482422,754.0
2025-06-26 12:31:00,KULR,,5.119999885559082,5.125199794769287,5.119999885559082,5.125199794769287,3301.0
2025-06-26 12:31:00,LCTX,,1.0049999952316284,1.0099999904632568,1.0049999952316284,1.0049999952316284,2151.0
2025-06-26 12:31:00,LEU,,182.2899932861328,182.5,182.16000366210938,182.16000366210938,1582.0
2025-06-26 12:31:00,LMND,,41.689998626708984,41.689998626708984,41.599998474121094,41.625,2932.0
2025-06-26 12:31:00,LNG,,242.55999755859375,242.64999389648438,242.55999755859375,242.64999389648438,468.0
2025-06-26 12:31:00,LODE,,3.7799999713897705,3.7799999713897705,3.7799999713897705,3.7799999713897705,110.0
2025-06-26 12:31:00,MTA,,3.859999895095825,3.859999895095825,3.859999895095825,3.859999895095825,141.0
2025-06-26 12:31:00,NAK,,1.5750000476837158,1.5800000429153442,1.5750000476837158,1.5800000429153442,8015.0
2025-06-26 12:31:00,NBH,,9.800000190734863,9.800000190734863,9.795000076293945,9.795000076293945,2700.0
2025-06-26 12:31:00,NCL,,0.17919999361038208,0.17919999361038208,0.17919999361038208,0.17919999361038208,2601.0
2025-06-26 12:31:00,NG,,4.074999809265137,4.0792999267578125,4.054999828338623,4.059999942779541,61434.0
2025-06-26 12:31:00,NGD,,4.910099983215332,4.920000076293945,4.889999866485596,4.894999980926514,284735.0
2025-06-26 12:31:00,NHC,,108.05500030517578,108.05500030517578,108.05500030517578,108.05500030517578,333.0
2025-06-26 12:31:00,OBE,,5.585000038146973,5.590000152587891,5.585000038146973,5.590000152587891,1400.0
2025-06-26 12:31:00,OPTT,,0.5224999785423279,0.5246999859809875,0.5194000005722046,0.5194000005722046,174498.0
2025-06-26 12:31:00,ORLA,,9.989999771118164,9.989999771118164,9.989999771118164,9.989999771118164,1126.0
2025-06-26 12:31:00,OSTX,,1.8600000143051147,1.8600000143051147,1.8600000143051147,1.8600000143051147,1105.0
2025-06-26 12:31:00,PLAG,,0.8596000075340271,0.8596000075340271,0.8596000075340271,0.8596000075340271,103.0
2025-06-26 12:31:00,PLMR,,150.6199951171875,150.6199951171875,150.6199951171875,150.6199951171875,417.0
2025-06-26 12:31:00,PLX,,1.4700000286102295,1.4700000286102295,1.4700000286102295,1.4700000286102295,110.0
2025-06-26 12:31:00,REI,,0.7754499912261963,0.7754499912261963,0.7754499912261963,0.7754499912261963,601.0
2025-06-26 12:31:00,SATX,,2.950000047683716,2.950000047683716,2.950000047683716,2.950000047683716,462.0
2025-06-26 12:31:00,SEB,,2963.0,2963.0,2963.0,2963.0,1.0
2025-06-26 12:31:00,SENS,,0.5029000043869019,0.5029000043869019,0.5028499960899353,0.5029000043869019,13630.0
2025-06-26 12:31:00,SLI,,1.9249999523162842,1.940000057220459,1.920300006866455,1.9249999523162842,62600.0
2025-06-26 12:31:00,SVM,,4.175000190734863,4.178800106048584,4.175000190734863,4.175000190734863,885.0
2025-06-26 12:31:00,TGB,,3.125,3.125,3.119999885559082,3.125,5390.0
2025-06-26 12:31:00,TMQ,,1.4900000095367432,1.4900000095367432,1.4900000095367432,1.4900000095367432,921.0
2025-06-26 12:31:00,UAMY,,2.5450000762939453,2.5450000762939453,2.541300058364868,2.5450000762939453,2741.0
2025-06-26 12:31:00,UEC,,6.960000038146973,6.960000038146973,6.945000171661377,6.945000171661377,26580.0
2025-06-26 12:31:00,URG,,1.0499999523162842,1.058899998664856,1.0499999523162842,1.0499999523162842,2882.0
2025-06-26 12:31:00,USAS,,0.8305010199546814,0.8305010199546814,0.8305010199546814,0.8305010199546814,100.0
2025-06-26 12:31:00,UUUU,,5.929999828338623,5.940000057220459,5.914999961853027,5.92519998550415,55364.0
2025-06-26 12:31:00,VGZ,,1.0199999809265137,1.024999976158142,1.0199999809265137,1.024999976158142,301.0
2025-06-26 12:31:00,VNRX,,0.800000011920929,0.800000011920929,0.800000011920929,0.800000011920929,200.0
2025-06-26 12:31:00,VTAK,,0.24969999492168427,0.24969999492168427,0.2492000013589859,0.2492000013589859,230.0
2025-06-26 12:31:00,VZLA,,2.9749999046325684,2.9749999046325684,2.9749999046325684,2.9749999046325684,672.0
2025-06-26 12:31:00,ZDGE,,4.03000020980835,4.03000020980835,4.03000020980835,4.03000020980835,504.0
2025-06-26 12:32:00,AREN,,5.71999979019165,5.71999979019165,5.71999979019165,5.71999979019165,115.0
2025-06-26 12:32:00,ARMN,,6.849999904632568,6.855000019073486,6.849999904632568,6.855000019073486,1383.0
2025-06-26 12:32:00,ASM,,3.569999933242798,3.5799999237060547,3.569999933242798,3.5799999237060547,3505.0
2025-06-26 12:32:00,ATNM,,1.5549999475479126,1.5549999475479126,1.5549999475479126,1.5549999475479126,158.0
2025-06-26 12:32:00,AZTR,,0.2574999928474426,0.2574999928474426,0.2574999928474426,0.2574999928474426,1161.0
2025-06-26 12:32:00,BRBS,,3.2750000953674316,3.2750000953674316,3.2750000953674316,3.2750000953674316,208.0
2025-06-26 12:32:00,BTG,,3.6396000385284424,3.6396000385284424,3.633500099182129,3.6350998878479004,19110.0
2025-06-26 12:32:00,BURU,,0.3314499855041504,0.3319000005722046,0.3314499855041504,0.3319000005722046,4100.0
2025-06-26 12:32:00,CATX,,3.6700000762939453,3.6700000762939453,3.6600000858306885,3.6700000762939453,616.0
2025-06-26 12:32:00,CBOE,,228.1750030517578,228.1750030517578,228.08999633789062,228.08999633789062,1262.0
2025-06-26 12:32:00,CEF,,30.3799991607666,30.380199432373047,30.3799991607666,30.380199432373047,1987.0
2025-06-26 12:32:00,CIK,,2.934999942779541,2.940000057220459,2.934999942779541,2.940000057220459,3697.0
2025-06-26 12:32:00,CLM,,7.947199821472168,7.949900150299072,7.940000057220459,7.949900150299072,827.0
2025-06-26 12:32:00,CMCL,,19.145000457763672,19.145000457763672,19.145000457763672,19.145000457763672,135.0
2025-06-26 12:32:00,CQP,,55.935001373291016,56.02000045776367,55.900001525878906,56.02000045776367,561.0
2025-06-26 12:32:00,CTM,,1.0449999570846558,1.0499999523162842,1.0449999570846558,1.0499999523162842,2337.0
2025-06-26 12:32:00,DNN,,1.8350000381469727,1.840000033378601,1.8350000381469727,1.840000033378601,1373.0
2025-06-26 12:32:00,EPM,,4.78000020980835,4.78000020980835,4.78000020980835,4.78000020980835,100.0
2025-06-26 12:32:00,EQX,,5.889999866485596,5.889999866485596,5.885000228881836,5.885000228881836,1178.0
2025-06-26 12:32:00,ERC,,9.395000457763672,9.395000457763672,9.390000343322754,9.390000343322754,368.0
2025-06-26 12:32:00,ESP,,45.20000076293945,45.20000076293945,45.20000076293945,45.20000076293945,116.0
2025-06-26 12:32:00,EVM,,8.84000015258789,8.84000015258789,8.84000015258789,8.84000015258789,100.0
2025-06-26 12:32:00,FSI,,4.4899001121521,4.4899001121521,4.4899001121521,4.4899001121521,1519.0
2025-06-26 12:32:00,FSP,,1.684999942779541,1.684999942779541,1.684999942779541,1.684999942779541,111.0
2025-06-26 12:32:00,FTF,,6.389999866485596,6.389999866485596,6.389999866485596,6.389999866485596,125.0
2025-06-26 12:32:00,GAU,,1.2949999570846558,1.2949999570846558,1.2949999570846558,1.2949999570846558,1800.0
2025-06-26 12:32:00,GLDG,,0.746749997138977,0.7468000054359436,0.746749997138977,0.746749997138977,2391.0
2025-06-26 12:32:00,GLO,,5.34499979019165,5.349999904632568,5.34499979019165,5.349999904632568,200.0
2025-06-26 12:32:00,GNS,,0.9526990056037903,0.9577000141143799,0.9451000094413757,0.9491000175476074,152704.0
2025-06-26 12:32:00,GORO,,0.5400999784469604,0.5400999784469604,0.5400999784469604,0.5400999784469604,100.0
2025-06-26 12:32:00,GROY,,2.2950000762939453,2.299999952316284,2.2950000762939453,2.2950000762939453,483.0
2025-06-26 12:32:00,GSAT,,23.40999984741211,23.469999313354492,23.40999984741211,23.454999923706055,5571.0
2025-06-26 12:32:00,IBO,,1.0200999975204468,1.0299999713897705,1.0199999809265137,1.024999976158142,3714.0
2025-06-26 12:32:00,IE,,9.885000228881836,9.885000228881836,9.885000228881836,9.885000228881836,582.0
2025-06-26 12:32:00,ITRG,,1.5549999475479126,1.5549999475479126,1.5549999475479126,1.5549999475479126,224.0
2025-06-26 12:32:00,KULR,,5.114999771118164,5.119999885559082,5.114999771118164,5.119900226593018,5233.0
2025-06-26 12:32:00,LCTX,,1.0099999904632568,1.0099999904632568,1.0049999952316284,1.0099999904632568,5261.0
2025-06-26 12:32:00,LMND,,41.709999084472656,41.7599983215332,41.68000030517578,41.68000030517578,5380.0
2025-06-26 12:32:00,LNG,,242.6024932861328,242.61749267578125,242.5482940673828,242.5482940673828,752.0
2025-06-26 12:32:00,MAG,,21.350500106811523,21.350500106811523,21.350500106811523,21.350500106811523,602.0
2025-06-26 12:32:00,MTNB,,0.9401010274887085,0.9401010274887085,0.9401010274887085,0.9401010274887085,10262.0
2025-06-26 12:32:00,MXC,,9.460000038146973,9.460000038146973,9.460000038146973,9.460000038146973,635.0
2025-06-26 12:32:00,NAK,,1.5800000429153442,1.5800000429153442,1.570099949836731,1.570099949836731,12423.0
2025-06-26 12:32:00,NBH,,9.796099662780762,9.796099662780762,9.796099662780762,9.796099662780762,125.0
2025-06-26 12:32:00,NCL,,0.18150000274181366,0.18150000274181366,0.17921000719070435,0.17921000719070435,4960.0
2025-06-26 12:32:00,NFGC,,1.475000023841858,1.475000023841858,1.475000023841858,1.475000023841858,130.0
2025-06-26 12:32:00,NG,,4.074999809265137,4.075699806213379,4.074999809265137,4.074999809265137,5818.0
2025-06-26 12:32:00,NGD,,4.90500020980835,4.914999961853027,4.900000095367432,4.914999961853027,198328.0
2025-06-26 12:32:00,NHS,,7.5,7.5,7.5,7.5,100.0
2025-06-26 12:32:00,OPTT,,0.5224999785423279,0.524599015712738,0.5202999711036682,0.5224499702453613,7583.0
2025-06-26 12:32:00,PLG,,1.6100000143051147,1.6100000143051147,1.600100040435791,1.6050000190734863,1460.0
2025-06-26 12:32:00,PLX,,1.475000023841858,1.475000023841858,1.475000023841858,1.475000023841858,209.0
2025-06-26 12:32:00,REI,,0.7746000289916992,0.7753999829292297,0.7746000289916992,0.7753999829292297,6291.0
2025-06-26 12:32:00,RLGT,,6.014999866485596,6.014999866485596,6.014999866485596,6.014999866485596,470.0
2025-06-26 12:32:00,SACH,,1.0800000429153442,1.0800000429153442,1.0800000429153442,1.0800000429153442,3163.0
2025-06-26 12:32:00,SATX,,2.950000047683716,2.950000047683716,2.950000047683716,2.950000047683716,166.0
2025-06-26 12:32:00,SEB,,2969.64990234375,2969.64990234375,2946.132080078125,2950.0,8.0
2025-06-26 12:32:00,SENS,,0.5027999877929688,0.5029000043869019,0.5027999877929688,0.5029000043869019,3617.0
2025-06-26 12:32:00,SKYH,,9.550000190734863,9.550000190734863,9.539999961853027,9.539999961853027,201.0
2025-06-26 12:32:00,SLI,,1.9249999523162842,1.9292999505996704,1.9249999523162842,1.9292999505996704,200.0
2025-06-26 12:32:00,SVM,,4.179999828338623,4.179999828338623,4.172699928283691,4.172699928283691,2476.0
2025-06-26 12:32:00,TGB,,3.125,3.130000114440918,3.119999885559082,3.125,8321.0
2025-06-26 12:32:00,TOVX,,0.4332509934902191,0.4332509934902191,0.4332509934902191,0.4332509934902191,150.0
2025-06-26 12:32:00,TPET,,1.1800999641418457,1.1800999641418457,1.1800999641418457,1.1800999641418457,215.0
2025-06-26 12:32:00,TRX,,0.33009999990463257,0.33009999990463257,0.33009999990463257,0.33009999990463257,1001.0
2025-06-26 12:32:00,UAMY,,2.5299999713897705,2.549999952316284,2.5299999713897705,2.5450000762939453,27946.0
2025-06-26 12:32:00,UAVS,,1.090000033378601,1.090000033378601,1.0800000429153442,1.0800000429153442,9772.0
2025-06-26 12:32:00,UEC,,6.945000171661377,6.960000038146973,6.945000171661377,6.960000038146973,9619.0
2025-06-26 12:32:00,URG,,1.0499999523162842,1.0575000047683716,1.0499999523162842,1.0499999523162842,5159.0
2025-06-26 12:32:00,USAS,,0.8323000073432922,0.8323000073432922,0.8323000073432922,0.8323000073432922,999.0
2025-06-26 12:32:00,UUUU,,5.934999942779541,5.934999942779541,5.934999942779541,5.934999942779541,1749.0
2025-06-26 12:32:00,VTAK,,0.24979999661445618,0.24979999661445618,0.24979999661445618,0.24979999661445618,936.0
2025-06-26 12:32:00,VZLA,,2.9800000190734863,2.9800000190734863,2.9749999046325684,2.9749999046325684,1152.0
2025-06-26 12:32:00,XPL,,0.65829998254776,0.65829998254776,0.6444000005722046,0.6444000005722046,221.0
2025-06-26 12:33:00,ACU,,39.349998474121094,39.349998474121094,39.349998474121094,39.349998474121094,110.0
2025-06-26 12:33:00,ARMN,,6.855000019073486,6.855000019073486,6.855000019073486,6.855000019073486,110.0
2025-06-26 12:33:00,ASM,,3.5799999237060547,3.5799999237060547,3.5799999237060547,3.5799999237060547,12609.0
2025-06-26 12:33:00,ATNM,,1.5549999475479126,1.5549999475479126,1.5549999475479126,1.5549999475479126,756.0
2025-06-26 12:33:00,BKTI,,54.775001525878906,54.775001525878906,54.775001525878906,54.775001525878906,140.0
2025-06-26 12:33:00,BRBS,,3.2750000953674316,3.2750000953674316,3.2750000953674316,3.2750000953674316,726.0
2025-06-26 12:33:00,BTG,,3.631200075149536,3.639899969100952,3.631200075149536,3.635200023651123,58241.0
2025-06-26 12:33:00,BURU,,0.3310000002384186,0.33149999380111694,0.3310000002384186,0.33149999380111694,2085.0
2025-06-26 12:33:00,CANF,,1.069100022315979,1.069100022315979,1.069100022315979,1.069100022315979,1157.0
2025-06-26 12:33:00,CATX,,3.6700000762939453,3.6700000762939453,3.6700000762939453,3.6700000762939453,315.0
2025-06-26 12:33:00,CBOE,,227.97000122070312,228.1699981689453,227.97000122070312,228.1699981689453,582.0
2025-06-26 12:33:00,CIK,,2.940000057220459,2.940000057220459,2.934999942779541,2.940000057220459,300.0
2025-06-26 12:33:00,CLDI,,0.2290000021457672,0.2290000021457672,0.22439999878406525,0.22439999878406525,5900.0
2025-06-26 12:33:00,CPHI,,1.8007999658584595,1.8007999658584595,1.8007999658584595,1.8007999658584595,895.0
2025-06-26 12:33:00,CQP,,55.935001373291016,55.95000076293945,55.935001373291016,55.935001373291016,406.0
2025-06-26 12:33:00,CRF,,7.566299915313721,7.570000171661377,7.559999942779541,7.559999942779541,633.0
2025-06-26 12:33:00,CTM,,1.0449999570846558,1.0449999570846558,1.0399999618530273,1.0399999618530273,734.0
2025-06-26 12:33:00,CYBN,,8.479999542236328,8.479999542236328,8.479999542236328,8.479999542236328,224.0
2025-06-26 12:33:00,DNN,,1.8336999416351318,1.840000033378601,1.8336999416351318,1.8350000381469727,15030.0
2025-06-26 12:33:00,ELA,,5.820000171661377,5.820000171661377,5.820000171661377,5.820000171661377,295.0
2025-06-26 12:33:00,EPM,,4.78000020980835,4.78000020980835,4.78000020980835,4.78000020980835,172.0
2025-06-26 12:33:00,EQX,,5.885000228881836,5.889900207519531,5.880000114440918,5.885000228881836,11991.0
2025-06-26 12:33:00,FOXO,,0.19990000128746033,0.20000000298023224,0.19990000128746033,0.20000000298023224,2153.0
2025-06-26 12:33:00,GAU,,1.2899999618530273,1.2899999618530273,1.284999966621399,1.2899999618530273,12986.0
2025-06-26 12:33:00,GGN,,4.369999885559082,4.369999885559082,4.369999885559082,4.369999885559082,300.0
2025-06-26 12:33:00,GNS,,0.949999988079071,0.9526990056037903,0.9399999976158142,0.9526990056037903,37230.0
2025-06-26 12:33:00,GROY,,2.2950000762939453,2.2950000762939453,2.2950000762939453,2.2950000762939453,3847.0
2025-06-26 12:33:00,HUSA,,13.239999771118164,13.239999771118164,13.199999809265137,13.239999771118164,926.0
2025-06-26 12:33:00,IBO,,1.0290000438690186,1.0299999713897705,1.020400047302246,1.020400047302246,4737.0
2025-06-26 12:33:00,IDR,,13.15999984741211,13.15999984741211,13.15999984741211,13.15999984741211,1088.0
2025-06-26 12:33:00,IE,,9.885000228881836,9.885000228881836,9.885000228881836,9.885000228881836,102.0
2025-06-26 12:33:00,IMO,,81.49500274658203,81.49500274658203,81.49500274658203,81.49500274658203,230.0
2025-06-26 12:33:00,INDO,,3.1535000801086426,3.1686999797821045,3.1535000801086426,3.1600000858306885,672.0
2025-06-26 12:33:00,ITRG,,1.559999942779541,1.559999942779541,1.551200032234192,1.551200032234192,1260.0
2025-06-26 12:33:00,JOB,,0.20499999821186066,0.20499999821186066,0.20499999821186066,0.20499999821186066,1000.0
2025-06-26 12:33:00,KULR,,5.114999771118164,5.119999885559082,5.114999771118164,5.114999771118164,12071.0
2025-06-26 12:33:00,LCTX,,1.0149999856948853,1.0199999809265137,1.0149999856948853,1.0149999856948853,10230.0
2025-06-26 12:33:00,LEU,,182.44500732421875,182.44500732421875,182.3249969482422,182.3249969482422,1472.0
2025-06-26 12:33:00,LMND,,41.724998474121094,41.744998931884766,41.724998474121094,41.72999954223633,970.0
2025-06-26 12:33:00,LNG,,242.64999389648438,242.69749450683594,242.64999389648438,242.69749450683594,2477.0
2025-06-26 12:33:00,LODE,,3.7799999713897705,3.7799999713897705,3.7799999713897705,3.7799999713897705,612.0
2025-06-26 12:33:00,MAG,,21.344999313354492,21.350000381469727,21.344999313354492,21.350000381469727,1298.0
2025-06-26 12:33:00,MPTI,,41.41889953613281,41.41889953613281,41.41889953613281,41.41889953613281,313.0
2025-06-26 12:33:00,MRT,,2.7899999618530273,2.828700065612793,2.7899999618530273,2.828700065612793,1659.0
2025-06-26 12:33:00,MYND,,0.9003000259399414,0.9269999861717224,0.9003000259399414,0.9269999861717224,1029.0
2025-06-26 12:33:00,NAK,,1.5750000476837158,1.5750000476837158,1.5750000476837158,1.5750000476837158,610.0
2025-06-26 12:33:00,NBH,,9.795000076293945,9.795000076293945,9.795000076293945,9.795000076293945,300.0
2025-06-26 12:33:00,NCL,,0.18170000612735748,0.18170000612735748,0.18170000612735748,0.18170000612735748,105.0
2025-06-26 12:33:00,NG,,4.074999809265137,4.074999809265137,4.074999809265137,4.074999809265137,540.0
2025-06-26 12:33:00,NGD,,4.90500020980835,4.90500020980835,4.9008002281188965,4.90500020980835,14877.0
2025-06-26 12:33:00,OPTT,,0.5224999785423279,0.5230000019073486,0.5224999785423279,0.5224999785423279,2842.0
2025-06-26 12:33:00,OSTX,,1.8700000047683716,1.8700000047683716,1.8700000047683716,1.8700000047683716,1875.0
2025-06-26 12:33:00,PLG,,1.6050000190734863,1.6050000190734863,1.6050000190734863,1.6050000190734863,760.0
2025-06-26 12:33:00,PLMR,,150.77000427246094,150.77000427246094,150.77000427246094,150.77000427246094,482.0
2025-06-26 12:33:00,PLX,,1.475000023841858,1.475000023841858,1.4700000286102295,1.4700000286102295,756.0
2025-06-26 12:33:00,SBEV,,4.292900085449219,4.369999885559082,4.050000190734863,4.099999904632568,35074.0
2025-06-26 12:33:00,SEB,,2973.60009765625,2973.60009765625,2973.60009765625,2973.60009765625,4.0
2025-06-26 12:33:00,SENS,,0.505299985408783,0.5054000020027161,0.5028499960899353,0.5029000043869019,47830.0
2025-06-26 12:33:00,SKYH,,9.550000190734863,9.550000190734863,9.550000190734863,9.550000190734863,154.0
2025-06-26 12:33:00,SLI,,1.9208999872207642,1.9208999872207642,1.9208999872207642,1.9208999872207642,659.0
2025-06-26 12:33:00,TGB,,3.120800018310547,3.130000114440918,3.119999885559082,3.125,10448.0
2025-06-26 12:33:00,UAMY,,2.5350000858306885,2.5350000858306885,2.5350000858306885,2.5350000858306885,213.0
2025-06-26 12:33:00,UAVS,,1.090000033378601,1.0901999473571777,1.090000033378601,1.0901999473571777,1581.0
2025-06-26 12:33:00,UEC,,6.954999923706055,6.954999923706055,6.94189977645874,6.945000171661377,9004.0
2025-06-26 12:33:00,URG,,1.0499999523162842,1.0575000047683716,1.0499999523162842,1.0499999523162842,1781.0
2025-06-26 12:33:00,USAS,,0.8310999870300293,0.8329499959945679,0.8310999870300293,0.8310999870300293,12050.0
2025-06-26 12:33:00,UUUU,,5.949999809265137,5.949999809265137,5.934999942779541,5.934999942779541,16116.0
2025-06-26 12:33:00,VNRX,,0.800000011920929,0.800000011920929,0.800000011920929,0.800000011920929,200.0
2025-06-26 12:33:00,VTAK,,0.24969999492168427,0.24969999492168427,0.24969999492168427,0.24969999492168427,2799.0
2025-06-26 12:33:00,VZLA,,2.9711999893188477,2.9711999893188477,2.9711999893188477,2.9711999893188477,10105.0
2025-06-26 12:33:00,WRN,,1.2400000095367432,1.2450000047683716,1.2400000095367432,1.2450000047683716,425.0
2025-06-26 12:33:00,ZDGE,,4.039999961853027,4.039999961853027,4.039999961853027,4.039999961853027,527.0
2025-06-26 12:34:00,ACU,,39.67499923706055,39.67499923706055,39.67499923706055,39.67499923706055,772.0
2025-06-26 12:34:00,AREN,,5.675000190734863,5.675000190734863,5.675000190734863,5.675000190734863,2364.0
2025-06-26 12:34:00,ARMN,,6.855000019073486,6.855000019073486,6.855000019073486,6.855000019073486,203.0
2025-06-26 12:34:00,ASM,,3.575000047683716,3.575000047683716,3.569999933242798,3.575000047683716,13948.0
2025-06-26 12:34:00,BATL,,1.4950000047683716,1.4950000047683716,1.4950000047683716,1.4950000047683716,277.0
2025-06-26 12:34:00,BRBS,,3.2750000953674316,3.2750000953674316,3.2750000953674316,3.2750000953674316,263.0
2025-06-26 12:34:00,BTG,,3.630000114440918,3.640000104904175,3.630000114440918,3.640000104904175,71307.0
2025-06-26 12:34:00,BURU,,0.3319000005722046,0.3319000005722046,0.33180001378059387,0.3319000005722046,739.0
2025-06-26 12:34:00,CATX,,3.6700000762939453,3.6700000762939453,3.666599988937378,3.6700000762939453,571.0
2025-06-26 12:34:00,CBOE,,228.17999267578125,228.17999267578125,228.13999938964844,228.17999267578125,558.0
2025-06-26 12:34:00,CEF,,30.385000228881836,30.385000228881836,30.385000228881836,30.385000228881836,256.0
2025-06-26 12:34:00,CET,,47.66999816894531,47.66999816894531,47.66999816894531,47.66999816894531,213.0
2025-06-26 12:34:00,CIK,,2.940000057220459,2.940000057220459,2.940000057220459,2.940000057220459,100.0
2025-06-26 12:34:00,CLM,,7.945000171661377,7.949999809265137,7.940000057220459,7.947999954223633,9530.0
2025-06-26 12:34:00,CMCL,,19.209999084472656,19.209999084472656,19.209999084472656,19.209999084472656,312.0
2025-06-26 12:34:00,CQP,,55.935001373291016,55.935001373291016,55.935001373291016,55.935001373291016,248.0
2025-06-26 12:34:00,CRF,,7.559999942779541,7.570000171661377,7.559999942779541,7.570000171661377,1105.0
2025-06-26 12:34:00,DC,,3.809999942779541,3.809999942779541,3.809999942779541,3.809999942779541,465.0
2025-06-26 12:34:00,DNN,,1.8350000381469727,1.840000033378601,1.8350000381469727,1.840000033378601,56630.0
2025-06-26 12:34:00,EQX,,5.885000228881836,5.889999866485596,5.885000228881836,5.885000228881836,958.0
2025-06-26 12:34:00,EVM,,8.84000015258789,8.84000015258789,8.84000015258789,8.84000015258789,100.0
2025-06-26 12:34:00,EVV,,10.161600112915039,10.161600112915039,10.161600112915039,10.161600112915039,145.0
2025-06-26 12:34:00,FOXO,,0.20000000298023224,0.20000000298023224,0.20000000298023224,0.20000000298023224,203.0
2025-06-26 12:34:00,FSP,,1.6799999475479126,1.684999942779541,1.6799999475479126,1.684999942779541,269.0
2025-06-26 12:34:00,GAU,,1.284999966621399,1.284999966621399,1.284999966621399,1.284999966621399,500.0
2025-06-26 12:34:00,GGN,,4.369999885559082,4.373600006103516,4.369999885559082,4.373600006103516,1039.0
2025-06-26 12:34:00,GLDG,,0.7468000054359436,0.746999979019165,0.7468000054359436,0.746999979019165,868.0
2025-06-26 12:34:00,GNS,,0.9455010294914246,0.949999988079071,0.9409999847412109,0.9451000094413757,8778.0
2025-06-26 12:34:00,GORO,,0.5458999872207642,0.5458999872207642,0.5429990291595459,0.5429990291595459,693.0
2025-06-26 12:34:00,GROY,,2.2950000762939453,2.2950000762939453,2.2950000762939453,2.2950000762939453,919.0
2025-06-26 12:34:00,IBO,,1.0200999975204468,1.0299999713897705,1.0199999809265137,1.0210000276565552,11884.0
2025-06-26 12:34:00,IE,,9.885000228881836,9.885000228881836,9.859999656677246,9.859999656677246,527.0
2025-06-26 12:34:00,IMO,,81.5199966430664,81.5199966430664,81.5199966430664,81.5199966430664,171.0
2025-06-26 12:34:00,INDO,,3.1600000858306885,3.1600000858306885,3.1600000858306885,3.1600000858306885,5540.0
2025-06-26 12:34:00,ITP,,0.1881999969482422,0.1881999969482422,0.1881999969482422,0.1881999969482422,162900.0
2025-06-26 12:34:00,ITRG,,1.559999942779541,1.559999942779541,1.5598000288009644,1.5598000288009644,17822.0
2025-06-26 12:34:00,JOB,,0.20499899983406067,0.20499899983406067,0.20499899983406067,0.20499899983406067,500.0
2025-06-26 12:34:00,KULR,,5.121099948883057,5.130000114440918,5.119999885559082,5.119999885559082,2248.0
2025-06-26 12:34:00,LCTX,,1.0099999904632568,1.0149999856948853,1.0099999904632568,1.0149999856948853,2963.0
2025-06-26 12:34:00,LEU,,182.0500030517578,182.74000549316406,181.9600067138672,182.25,7175.0
2025-06-26 12:34:00,LMND,,41.84000015258789,41.88990020751953,41.73500061035156,41.73500061035156,17337.0
2025-06-26 12:34:00,LNG,,242.68499755859375,242.6999969482422,242.4700927734375,242.6999969482422,1812.0
2025-06-26 12:34:00,LODE,,3.7799999713897705,3.7799999713897705,3.7799999713897705,3.7799999713897705,125.0
2025-06-26 12:34:00,MAG,,21.344999313354492,21.350000381469727,21.344999313354492,21.344999313354492,718.0
2025-06-26 12:34:00,MRT,,2.815000057220459,2.815000057220459,2.815000057220459,2.815000057220459,118.0
2025-06-26 12:34:00,MTA,,3.8598999977111816,3.8598999977111816,3.8598999977111816,3.8598999977111816,391.0
2025-06-26 12:34:00,NAK,,1.5744999647140503,1.5750000476837158,1.5744999647140503,1.5750000476837158,2438.0
2025-06-26 12:34:00,NCL,,0.1808999925851822,0.1808999925851822,0.1808999925851822,0.1808999925851822,117.0
2025-06-26 12:34:00,NFGC,,1.475000023841858,1.475000023841858,1.475000023841858,1.475000023841858,212.0
2025-06-26 12:34:00,NG,,4.079999923706055,4.079999923706055,4.0792999267578125,4.0792999267578125,808.0
2025-06-26 12:34:00,NGD,,4.90500020980835,4.909999847412109,4.90500020980835,4.90500020980835,12876.0
2025-06-26 12:34:00,NHS,,7.494999885559082,7.494999885559082,7.494999885559082,7.494999885559082,1353.0
2025-06-26 12:34:00,NNVC,,1.2575000524520874,1.2899999618530273,1.2300000190734863,1.2300000190734863,16748.0
2025-06-26 12:34:00,OBE,,5.585299968719482,5.585299968719482,5.585299968719482,5.585299968719482,337.0
2025-06-26 12:34:00,OGEN,,3.5271999835968018,3.5271999835968018,3.4700000286102295,3.4700000286102295,366.0
2025-06-26 12:34:00,OPTT,,0.5202999711036682,0.5224999785423279,0.5202999711036682,0.5224999785423279,11810.0
2025-06-26 12:34:00,ORLA,,9.989999771118164,9.989999771118164,9.989999771118164,9.989999771118164,1861.0
2025-06-26 12:34:00,PLG,,1.6050000190734863,1.6098999977111816,1.6050000190734863,1.6098999977111816,1200.0
2025-06-26 12:34:00,PLX,,1.475000023841858,1.475000023841858,1.475000023841858,1.475000023841858,423.0
2025-06-26 12:34:00,PZG,,0.5974000096321106,0.5974000096321106,0.5974000096321106,0.5974000096321106,769.0
2025-06-26 12:34:00,REI,,0.7746000289916992,0.776199996471405,0.7746000289916992,0.7746999859809875,24821.0
2025-06-26 12:34:00,SBEV,,4.300099849700928,4.480000019073486,4.050000190734863,4.300099849700928,76080.0
2025-06-26 12:34:00,SENS,,0.503600001335144,0.5065000057220459,0.5026999711990356,0.5054000020027161,74893.0
2025-06-26 12:34:00,SLI,,1.9280999898910522,1.9280999898910522,1.9280999898910522,1.9280999898910522,732.0
2025-06-26 12:34:00,SSY,,0.8899999856948853,0.8899999856948853,0.8899999856948853,0.8899999856948853,220.0
2025-06-26 12:34:00,SVM,,4.175000190734863,4.175000190734863,4.175000190734863,4.175000190734863,536.0
2025-06-26 12:34:00,TGB,,3.130000114440918,3.130000114440918,3.119999885559082,3.125,169412.0
2025-06-26 12:34:00,UAMY,,2.5350000858306885,2.5399999618530273,2.5350000858306885,2.5350000858306885,12569.0
2025-06-26 12:34:00,UAVS,,1.090000033378601,1.0950000286102295,1.090000033378601,1.090000033378601,1937.0
2025-06-26 12:34:00,UEC,,6.954999923706055,6.960000038146973,6.949999809265137,6.9517998695373535,1447.0
2025-06-26 12:34:00,URG,,1.0499999523162842,1.0575000047683716,1.0499999523162842,1.0499999523162842,10018.0
2025-06-26 12:34:00,USAS,,0.8348000049591064,0.8348000049591064,0.8347989916801453,0.8347989916801453,10736.0
2025-06-26 12:34:00,UUUU,,5.9593000411987305,5.9593000411987305,5.940000057220459,5.940000057220459,18083.0
2025-06-26 12:34:00,VNRX,,0.800000011920929,0.800000011920929,0.800000011920929,0.800000011920929,49733.0
2025-06-26 12:34:00,VTAK,,0.2497989982366562,0.2497989982366562,0.2497989982366562,0.2497989982366562,2000.0
2025-06-26 12:34:00,VZLA,,2.9749999046325684,2.9800000190734863,2.9749999046325684,2.9800000190734863,1184.0
2025-06-26 12:34:00,WWR,,0.5920000076293945,0.5920000076293945,0.5920000076293945,0.5920000076293945,534.0
2025-06-26 12:35:00,AREN,,5.71999979019165,5.71999979019165,5.675000190734863,5.675000190734863,342.0
2025-06-26 12:35:00,ARMN,,6.860000133514404,6.860000133514404,6.852200031280518,6.855000019073486,1139.0
2025-06-26 12:35:00,ASM,,3.5799999237060547,3.5799999237060547,3.569999933242798,3.569999933242798,5266.0
2025-06-26 12:35:00,AWX,,2.450000047683716,2.450000047683716,2.450000047683716,2.450000047683716,900.0
2025-06-26 12:35:00,AZTR,,0.25839999318122864,0.2590000033378601,0.25839999318122864,0.2587999999523163,2482.0
2025-06-26 12:35:00,BKTI,,54.849998474121094,54.849998474121094,54.849998474121094,54.849998474121094,117.0
2025-06-26 12:35:00,BRN,,1.225000023841858,1.225000023841858,1.225000023841858,1.225000023841858,0.0
2025-06-26 12:35:00,BTG,,3.640000104904175,3.640000104904175,3.640000104904175,3.640000104904175,4778.0
2025-06-26 12:35:00,BURU,,0.33169999718666077,0.33169999718666077,0.33149999380111694,0.33149999380111694,1713.0
2025-06-26 12:35:00,CATX,,3.690000057220459,3.690000057220459,3.6700000762939453,3.6700000762939453,4182.0
2025-06-26 12:35:00,CBOE,,228.25,228.25999450683594,228.17999267578125,228.17999267578125,1878.0
2025-06-26 12:35:00,CCEL,,5.25,5.25,5.25,5.25,180.0
2025-06-26 12:35:00,CEF,,30.38479995727539,30.38479995727539,30.38479995727539,30.38479995727539,337.0
2025-06-26 12:35:00,CIK,,2.940000057220459,2.940000057220459,2.940000057220459,2.940000057220459,200.0
2025-06-26 12:35:00,CLM,,7.940800189971924,7.945000171661377,7.940000057220459,7.945000171661377,28476.0
2025-06-26 12:35:00,CMT,,17.045000076293945,17.045000076293945,17.045000076293945,17.045000076293945,180.0
2025-06-26 12:35:00,CQP,,55.935001373291016,55.935001373291016,55.900001525878906,55.935001373291016,352.0
2025-06-26 12:35:00,CRF,,7.570000171661377,7.570000171661377,7.559999942779541,7.565000057220459,4622.0
2025-06-26 12:35:00,CTM,,1.0498000383377075,1.0498000383377075,1.0408999919891357,1.0408999919891357,5109.0
2025-06-26 12:35:00,CVM,,2.4200000762939453,2.4200000762939453,2.4200000762939453,2.4200000762939453,116.0
2025-06-26 12:35:00,CYBN,,8.550000190734863,8.550000190734863,8.550000190734863,8.550000190734863,100.0
2025-06-26 12:35:00,DNN,,1.8331999778747559,1.840000033378601,1.8300000429153442,1.840000033378601,311584.0
2025-06-26 12:35:00,ELLO,,16.899999618530273,16.899999618530273,16.899999618530273,16.899999618530273,121.0
2025-06-26 12:35:00,EMX,,2.569999933242798,2.569999933242798,2.559999942779541,2.559999942779541,6411.0
2025-06-26 12:35:00,EQX,,5.885000228881836,5.885000228881836,5.880000114440918,5.880000114440918,1140.0
2025-06-26 12:35:00,ESP,,45.0,45.0,45.0,45.0,652.0
2025-06-26 12:35:00,FOXO,,0.20000000298023224,0.20000000298023224,0.20000000298023224,0.20000000298023224,1828.0
2025-06-26 12:35:00,FTF,,6.385000228881836,6.385000228881836,6.385000228881836,6.385000228881836,100.0
2025-06-26 12:35:00,GNS,,0.9697989821434021,0.9697989821434021,0.9409999847412109,0.9455000162124634,97121.0
2025-06-26 12:35:00,GORO,,0.5400999784469604,0.5400999784469604,0.5400999784469604,0.5400999784469604,100.0
2025-06-26 12:35:00,GROY,,2.2950000762939453,2.299999952316284,2.2950000762939453,2.2950000762939453,3372.0
2025-06-26 12:35:00,HUSA,,13.150099754333496,13.150099754333496,13.150099754333496,13.150099754333496,600.0
2025-06-26 12:35:00,IBO,,1.020400047302246,1.0299999713897705,1.0199999809265137,1.0199999809265137,16215.0
2025-06-26 12:35:00,IDR,,13.166000366210938,13.166000366210938,13.166000366210938,13.166000366210938,150.0
2025-06-26 12:35:00,IE,,9.869999885559082,9.885000228881836,9.819999694824219,9.885000228881836,36398.0
2025-06-26 12:35:00,IMO,,81.48999786376953,81.48999786376953,81.48999786376953,81.48999786376953,821.0
2025-06-26 12:35:00,INDO,,3.1549999713897705,3.1549999713897705,3.1505000591278076,3.1505000591278076,673.0
2025-06-26 12:35:00,ITRG,,1.565000057220459,1.565000057220459,1.559999942779541,1.559999942779541,700.0
2025-06-26 12:35:00,KNW,,1.909999966621399,1.9199999570846558,1.909999966621399,1.909999966621399,20754.0
2025-06-26 12:35:00,KULR,,5.125,5.130000114440918,5.119999885559082,5.130000114440918,4079.0
2025-06-26 12:35:00,LCTX,,1.0099999904632568,1.0149999856948853,1.0099999904632568,1.0099999904632568,1979.0
2025-06-26 12:35:00,LEU,,181.97300720214844,182.25,181.77999877929688,182.25,1652.0
2025-06-26 12:35:00,LMND,,41.849998474121094,41.95000076293945,41.779998779296875,41.84000015258789,22620.0
2025-06-26 12:35:00,LNG,,242.7899932861328,242.7899932861328,242.68499755859375,242.68499755859375,1201.0
2025-06-26 12:35:00,LODE,,3.7750000953674316,3.7750000953674316,3.7750000953674316,3.7750000953674316,905.0
2025-06-26 12:35:00,MAG,,21.350000381469727,21.350000381469727,21.350000381469727,21.350000381469727,575.0
2025-06-26 12:35:00,MYO,,2.259999990463257,2.2699999809265137,2.259999990463257,2.259999990463257,12175.0
2025-06-26 12:35:00,NAK,,1.5750000476837158,1.5750000476837158,1.5750000476837158,1.5750000476837158,800.0
2025-06-26 12:35:00,NG,,4.084499835968018,4.099999904632568,4.079999923706055,4.079999923706055,26751.0
2025-06-26 12:35:00,NGD,,4.900000095367432,4.909999847412109,4.900000095367432,4.900000095367432,92183.0
2025-06-26 12:35:00,NHC,,108.33000183105469,108.33000183105469,108.33000183105469,108.33000183105469,628.0
2025-06-26 12:35:00,NNVC,,1.2450000047683716,1.2450000047683716,1.2450000047683716,1.2450000047683716,102.0
2025-06-26 12:35:00,OPTT,,0.5203999876976013,0.5218999981880188,0.5203999876976013,0.5218999981880188,2916.0
2025-06-26 12:35:00,ORLA,,9.989999771118164,9.989999771118164,9.989999771118164,9.989999771118164,1084.0
2025-06-26 12:35:00,REI,,0.7753499746322632,0.7760999798774719,0.7746000289916992,0.7760999798774719,4903.0
2025-06-26 12:35:00,SATX,,2.950000047683716,2.950000047683716,2.950000047683716,2.950000047683716,409.0
2025-06-26 12:35:00,SBEV,,3.7699999809265137,4.340000152587891,3.7699999809265137,4.289999961853027,82284.0
2025-06-26 12:35:00,SEB,,2972.0,2972.0,2972.0,2972.0,1.0
2025-06-26 12:35:00,SENS,,0.503600001335144,0.503600001335144,0.5034999847412109,0.503600001335144,1452.0
2025-06-26 12:35:00,SIF,,3.200000047683716,3.200000047683716,3.200000047683716,3.200000047683716,1002.0
2025-06-26 12:35:00,SKYH,,9.5600004196167,9.5600004196167,9.5600004196167,9.5600004196167,103.0
2025-06-26 12:35:00,SLI,,1.9199999570846558,1.9199999570846558,1.9199999570846558,1.9199999570846558,1001.0
2025-06-26 12:35:00,SLND,,3.9800000190734863,3.9800000190734863,3.9800000190734863,3.9800000190734863,1198.0
2025-06-26 12:35:00,STXS,,2.244999885559082,2.244999885559082,2.244999885559082,2.244999885559082,129.0
2025-06-26 12:35:00,SVM,,4.179999828338623,4.179999828338623,4.170000076293945,4.179999828338623,2259.0
2025-06-26 12:35:00,TGB,,3.139899969100952,3.140000104904175,3.129499912261963,3.130000114440918,143875.0
2025-06-26 12:35:00,TOON,,0.7300999760627747,0.7350000143051147,0.7300999760627747,0.7350000143051147,733.0
2025-06-26 12:35:00,TPET,,1.1894999742507935,1.1894999742507935,1.1894999742507935,1.1894999742507935,952.0
2025-06-26 12:35:00,UAMY,,2.539099931716919,2.5399999618530273,2.539099931716919,2.5399999618530273,1352.0
2025-06-26 12:35:00,UAVS,,1.0999000072479248,1.0999000072479248,1.0999000072479248,1.0999000072479248,240.0
2025-06-26 12:35:00,UEC,,6.965000152587891,6.96999979019165,6.954999923706055,6.955100059509277,21825.0
2025-06-26 12:35:00,URG,,1.0499999523162842,1.0549999475479126,1.0499999523162842,1.0499999523162842,6240.0
2025-06-26 12:35:00,USAS,,0.8353000283241272,0.8353000283241272,0.8353000283241272,0.8353000283241272,400.0
2025-06-26 12:35:00,UTG,,35.459999084472656,35.459999084472656,35.4546012878418,35.4546012878418,455.0
2025-06-26 12:35:00,UUUU,,5.954999923706055,5.954999923706055,5.940000057220459,5.954999923706055,39332.0
2025-06-26 12:35:00,VGZ,,1.0199999809265137,1.0199999809265137,1.0199999809265137,1.0199999809265137,100.0
2025-06-26 12:35:00,VNRX,,0.8177000284194946,0.8177000284194946,0.800000011920929,0.800000011920929,5824.0
2025-06-26 12:35:00,VTAK,,0.2492000013589859,0.2492000013589859,0.2492000013589859,0.2492000013589859,115.0
2025-06-26 12:36:00,ATNM,,1.5549999475479126,1.5549999475479126,1.5549999475479126,1.5549999475479126,130.0
2025-06-26 12:36:00,AWX,,2.450000047683716,2.450000047683716,2.450000047683716,2.450000047683716,0.0
2025-06-26 12:36:00,BKTI,,54.849998474121094,54.849998474121094,54.849998474121094,54.849998474121094,274.0
2025-06-26 12:36:00,BTG,,3.6380999088287354,3.640000104904175,3.630000114440918,3.640000104904175,161492.0
2025-06-26 12:36:00,BURU,,0.33174899220466614,0.33174899220466614,0.3314000070095062,0.3314000070095062,1018.0
2025-06-26 12:36:00,CATX,,3.680000066757202,3.690000057220459,3.680000066757202,3.690000057220459,330.0
2025-06-26 12:36:00,CBOE,,228.25,228.25,228.25,228.25,748.0
2025-06-26 12:36:00,CCEL,,5.369999885559082,5.369999885559082,5.369999885559082,5.369999885559082,506.0
2025-06-26 12:36:00,CEF,,30.389999389648438,30.389999389648438,30.389999389648438,30.389999389648438,120.0
2025-06-26 12:36:00,CET,,47.43000030517578,47.660099029541016,47.130001068115234,47.65999984741211,10692.0
2025-06-26 12:36:00,CIK,,2.940000057220459,2.940000057220459,2.940000057220459,2.940000057220459,200.0
2025-06-26 12:36:00,CLM,,7.940000057220459,7.940000057220459,7.940000057220459,7.940000057220459,367.0
2025-06-26 12:36:00,CPHI,,1.8200000524520874,1.8200000524520874,1.809999942779541,1.809999942779541,1198.0
2025-06-26 12:36:00,CQP,,55.935001373291016,55.935001373291016,55.935001373291016,55.935001373291016,200.0
2025-06-26 12:36:00,CRF,,7.559999942779541,7.565000057220459,7.559999942779541,7.565000057220459,228.0
2025-06-26 12:36:00,CTM,,1.0492000579833984,1.0499999523162842,1.0449999570846558,1.0499999523162842,1104.0
2025-06-26 12:36:00,CYBN,,8.550000190734863,8.550000190734863,8.550000190734863,8.550000190734863,176.0
2025-06-26 12:36:00,DHY,,2.109999895095825,2.109999895095825,2.109999895095825,2.109999895095825,100.0
2025-06-26 12:36:00,DNN,,1.8350000381469727,1.840000033378601,1.8301000595092773,1.8350000381469727,41083.0
2025-06-26 12:36:00,EMX,,2.565000057220459,2.565000057220459,2.565000057220459,2.565000057220459,231.0
2025-06-26 12:36:00,EPM,,4.78000020980835,4.78000020980835,4.78000020980835,4.78000020980835,100.0
2025-06-26 12:36:00,EQX,,5.885000228881836,5.885000228881836,5.880000114440918,5.885000228881836,8176.0
2025-06-26 12:36:00,EVM,,8.84000015258789,8.84000015258789,8.84000015258789,8.84000015258789,100.0
2025-06-26 12:36:00,GAU,,1.284999966621399,1.284999966621399,1.284999966621399,1.284999966621399,200.0
2025-06-26 12:36:00,GNS,,0.9869999885559082,0.9869999885559082,0.9684000015258789,0.9869999885559082,153210.0
2025-06-26 12:36:00,GORO,,0.5400999784469604,0.5400999784469604,0.5400999784469604,0.5400999784469604,100.0
2025-06-26 12:36:00,GROY,,2.305000066757202,2.30649995803833,2.2950000762939453,2.2950000762939453,48257.0
2025-06-26 12:36:00,GSAT,,23.40999984741211,23.40999984741211,23.40999984741211,23.40999984741211,958.0
2025-06-26 12:36:00,GTE,,5.081999778747559,5.081999778747559,5.081999778747559,5.081999778747559,328.0
2025-06-26 12:36:00,IBO,,1.0199999809265137,1.0299999713897705,1.0199999809265137,1.0296000242233276,4690.0
2025-06-26 12:36:00,IDR,,13.150099754333496,13.199999809265137,13.150099754333496,13.179900169372559,4251.0
2025-06-26 12:36:00,IE,,9.845000267028809,9.864999771118164,9.800000190734863,9.864999771118164,43630.0
2025-06-26 12:36:00,IMO,,81.50399780273438,81.50399780273438,81.50399780273438,81.50399780273438,1211.0
2025-06-26 12:36:00,INDO,,3.1614999771118164,3.1700000762939453,3.1600000858306885,3.1600000858306885,3508.0
2025-06-26 12:36:00,ITRG,,1.5651999711990356,1.5651999711990356,1.5651999711990356,1.5651999711990356,150.0
2025-06-26 12:36:00,KNW,,1.902899980545044,1.909999966621399,1.902899980545044,1.909999966621399,2502.0
2025-06-26 12:36:00,KULR,,5.125,5.129799842834473,5.125,5.125,1425.0
2025-06-26 12:36:00,LCTX,,1.0099999904632568,1.0099999904632568,1.0099999904632568,1.0099999904632568,724.0
2025-06-26 12:36:00,LEU,,181.8699951171875,182.0,181.56100463867188,182.0,1645.0
2025-06-26 12:36:00,LMND,,41.810001373291016,41.89799880981445,41.790000915527344,41.84000015258789,4308.0
2025-06-26 12:36:00,LODE,,3.773099899291992,3.773099899291992,3.773099899291992,3.773099899291992,114.0
2025-06-26 12:36:00,MAG,,21.350000381469727,21.354999542236328,21.350000381469727,21.350000381469727,1765.0
2025-06-26 12:36:00,MRT,,2.79010009765625,2.79010009765625,2.79010009765625,2.79010009765625,1468.0
2025-06-26 12:36:00,MYO,,2.244999885559082,2.265000104904175,2.244999885559082,2.265000104904175,2413.0
2025-06-26 12:36:00,NAK,,1.5788999795913696,1.5788999795913696,1.5750000476837158,1.5787999629974365,5199.0
2025-06-26 12:36:00,NBH,,9.795000076293945,9.795000076293945,9.795000076293945,9.795000076293945,200.0
2025-06-26 12:36:00,NCL,,0.17980000376701355,0.18070000410079956,0.17980000376701355,0.18070000410079956,23204.0
2025-06-26 12:36:00,NG,,4.079999923706055,4.090000152587891,4.074999809265137,4.090000152587891,29990.0
2025-06-26 12:36:00,NGD,,4.90500020980835,4.909999847412109,4.900000095367432,4.90500020980835,24613.0
2025-06-26 12:36:00,NML,,8.859999656677246,8.859999656677246,8.859999656677246,8.859999656677246,0.0
2025-06-26 12:36:00,NNVC,,1.2400000095367432,1.2544000148773193,1.2400000095367432,1.2544000148773193,443.0
2025-06-26 12:36:00,OGEN,,3.5394999980926514,3.5394999980926514,3.5394999980926514,3.5394999980926514,2101.0
2025-06-26 12:36:00,OPTT,,0.5231000185012817,0.5231000185012817,0.5231000185012817,0.5231000185012817,4110.0
2025-06-26 12:36:00,ORLA,,9.984999656677246,9.984999656677246,9.984999656677246,9.984999656677246,785.0
2025-06-26 12:36:00,PLG,,1.6050000190734863,1.6050000190734863,1.6050000190734863,1.6050000190734863,524.0
2025-06-26 12:36:00,PLX,,1.4700000286102295,1.475000023841858,1.4700000286102295,1.475000023841858,409.0
2025-06-26 12:36:00,REI,,0.7746000289916992,0.7753999829292297,0.7746000289916992,0.7753999829292297,1206.0
2025-06-26 12:36:00,SBEV,,3.7699999809265137,3.7699999809265137,3.7699999809265137,3.7699999809265137,1552.0
2025-06-26 12:36:00,SEB,,2977.0,2977.0,2977.0,2977.0,5.0
2025-06-26 12:36:00,SENS,,0.503600001335144,0.503600001335144,0.5034999847412109,0.503600001335144,7683.0
2025-06-26 12:36:00,SIF,,3.0999999046325684,3.2799999713897705,3.0999999046325684,3.2363998889923096,7949.0
2025-06-26 12:36:00,SKYH,,9.539999961853027,9.550000190734863,9.539999961853027,9.550000190734863,534.0
2025-06-26 12:36:00,SLND,,3.9800000190734863,3.9800000190734863,3.9800000190734863,3.9800000190734863,363.0
2025-06-26 12:36:00,SOAR,,1.440500020980835,1.440500020980835,1.440500020980835,1.440500020980835,2003.0
2025-06-26 12:36:00,SVM,,4.175000190734863,4.175000190734863,4.170000076293945,4.175000190734863,1335.0
2025-06-26 12:36:00,TGB,,3.134999990463257,3.134999990463257,3.134999990463257,3.134999990463257,800.0
2025-06-26 12:36:00,TMQ,,1.4800000190734863,1.4800000190734863,1.4800000190734863,1.4800000190734863,175.0
2025-06-26 12:36:00,UAMY,,2.5350000858306885,2.5350000858306885,2.5350000858306885,2.5350000858306885,215.0
2025-06-26 12:36:00,UEC,,6.96619987487793,6.96999979019165,6.960000038146973,6.960700035095215,4758.0
2025-06-26 12:36:00,URG,,1.0449999570846558,1.0535999536514282,1.0449999570846558,1.0499999523162842,38189.0
2025-06-26 12:36:00,USAS,,0.8334000110626221,0.8353000283241272,0.8334000110626221,0.8353000283241272,10100.0
2025-06-26 12:36:00,UUUU,,5.960000038146973,5.960000038146973,5.954400062561035,5.959799766540527,36240.0
2025-06-26 12:36:00,VGZ,,1.024999976158142,1.024999976158142,1.024999976158142,1.024999976158142,1000.0
2025-06-26 12:36:00,VNRX,,0.8199999928474426,0.8199999928474426,0.8199999928474426,0.8199999928474426,850.0
2025-06-26 12:36:00,VTAK,,0.24860000610351562,0.24979999661445618,0.24860000610351562,0.2492000013589859,5700.0
2025-06-26 12:36:00,VZLA,,2.9749999046325684,2.9749999046325684,2.9749999046325684,2.9749999046325684,319.0
2025-06-26 12:36:00,XTNT,,0.634850025177002,0.634850025177002,0.634850025177002,0.634850025177002,2605.0
2025-06-26 12:36:00,ZDGE,,4.019999980926514,4.019999980926514,4.019999980926514,4.019999980926514,293.0
2025-06-26 12:37:00,AREN,,5.675000190734863,5.675000190734863,5.675000190734863,5.675000190734863,103.0
2025-06-26 12:37:00,ARMN,,6.855000019073486,6.855000019073486,6.855000019073486,6.855000019073486,2623.0
2025-06-26 12:37:00,ASM,,3.5794260501861572,3.5794260501861572,3.5794260501861572,3.5794260501861572,3895.0
2025-06-26 12:37:00,ATNM,,1.5549999475479126,1.5549999475479126,1.5549999475479126,1.5549999475479126,289.0
2025-06-26 12:37:00,AZTR,,0.25999999046325684,0.25999999046325684,0.2599000036716461,0.2599000036716461,2111.0
2025-06-26 12:37:00,BRBS,,3.2750000953674316,3.2750000953674316,3.2750000953674316,3.2750000953674316,307.0
2025-06-26 12:37:00,BTG,,3.630000114440918,3.640000104904175,3.630000114440918,3.6345999240875244,48766.0
2025-06-26 12:37:00,BURU,,0.33160001039505005,0.3319999873638153,0.33149999380111694,0.33149999380111694,1028.0
2025-06-26 12:37:00,CATX,,3.6700000762939453,3.674999952316284,3.6700000762939453,3.674999952316284,5967.0
2025-06-26 12:37:00,CBOE,,228.25,228.25,228.25,228.25,345.0
2025-06-26 12:37:00,CIK,,2.934999942779541,2.940000057220459,2.934999942779541,2.940000057220459,201.0
2025-06-26 12:37:00,CLDI,,0.22609999775886536,0.22609999775886536,0.22609999775886536,0.22609999775886536,622.0
2025-06-26 12:37:00,CLM,,7.940000057220459,7.945000171661377,7.940000057220459,7.945000171661377,5632.0
2025-06-26 12:37:00,CPHI,,1.8200000524520874,1.8200000524520874,1.8200000524520874,1.8200000524520874,395.0
2025-06-26 12:37:00,CQP,,56.0,56.0,55.935001373291016,55.935001373291016,732.0
2025-06-26 12:37:00,CRF,,7.559999942779541,7.570000171661377,7.559999942779541,7.562900066375732,8091.0
2025-06-26 12:37:00,CTM,,1.0549999475479126,1.059999942779541,1.0399999618530273,1.0499999523162842,12328.0
2025-06-26 12:37:00,DNN,,1.8300000429153442,1.840000033378601,1.8300000429153442,1.8358999490737915,21540.0
2025-06-26 12:37:00,EIM,,9.5600004196167,9.5600004196167,9.5600004196167,9.5600004196167,1000.0
2025-06-26 12:37:00,EQX,,5.880199909210205,5.885000228881836,5.880000114440918,5.885000228881836,3707.0
2025-06-26 12:37:00,FSP,,1.6799999475479126,1.684999942779541,1.6799999475479126,1.684999942779541,404.0
2025-06-26 12:37:00,FTF,,6.385000228881836,6.385000228881836,6.385000228881836,6.385000228881836,100.0
2025-06-26 12:37:00,GAU,,1.284999966621399,1.284999966621399,1.284999966621399,1.284999966621399,102.0
2025-06-26 12:37:00,GNS,,0.9846000075340271,0.9869999885559082,0.9819999933242798,0.9869999885559082,172151.0
2025-06-26 12:37:00,GORO,,0.5400999784469604,0.5400999784469604,0.5400999784469604,0.5400999784469604,137.0
2025-06-26 12:37:00,GROY,,2.305000066757202,2.305000066757202,2.305000066757202,2.305000066757202,25363.0
2025-06-26 12:37:00,IBO,,1.024999976158142,1.0296000242233276,1.020400047302246,1.020400047302246,1318.0
2025-06-26 12:37:00,IDR,,13.194999694824219,13.194999694824219,13.194999694824219,13.194999694824219,200.0
2025-06-26 12:37:00,IE,,9.869999885559082,9.869999885559082,9.859999656677246,9.859999656677246,1504.0
2025-06-26 12:37:00,IMO,,81.54000091552734,81.54000091552734,81.51000213623047,81.51000213623047,3128.0
2025-06-26 12:37:00,INDO,,3.1689999103546143,3.1689999103546143,3.150099992752075,3.1600000858306885,2118.0
2025-06-26 12:37:00,KNW,,1.9049999713897705,1.9140000343322754,1.9049999713897705,1.9140000343322754,827.0
2025-06-26 12:37:00,KULR,,5.125,5.129899978637695,5.120100021362305,5.120100021362305,10812.0
2025-06-26 12:37:00,LCTX,,1.0099999904632568,1.0149999856948853,1.0099999904632568,1.0099999904632568,2018.0
2025-06-26 12:37:00,LEU,,181.80499267578125,182.1699981689453,181.80499267578125,181.86500549316406,1903.0
2025-06-26 12:37:00,LMND,,41.81999969482422,41.83000183105469,41.75,41.81999969482422,4928.0
2025-06-26 12:37:00,LNG,,242.7100067138672,242.8000030517578,242.7100067138672,242.8000030517578,965.0
2025-06-26 12:37:00,MAG,,21.354999542236328,21.354999542236328,21.354999542236328,21.354999542236328,224.0
2025-06-26 12:37:00,MYO,,2.244999885559082,2.24780011177063,2.240000009536743,2.240000009536743,805.0
2025-06-26 12:37:00,NAK,,1.5700000524520874,1.5709999799728394,1.559999942779541,1.5709999799728394,91038.0
2025-06-26 12:37:00,NCL,,0.1808999925851822,0.1808999925851822,0.1800999939441681,0.1800999939441681,4122.0
2025-06-26 12:37:00,NEWP,,1.375,1.375,1.375,1.375,350.0
2025-06-26 12:37:00,NFGC,,1.4759999513626099,1.4759999513626099,1.4759999513626099,1.4759999513626099,546.0
2025-06-26 12:37:00,NG,,4.0802998542785645,4.090000152587891,4.0802998542785645,4.085000038146973,27798.0
2025-06-26 12:37:00,NGD,,4.90500020980835,4.909999847412109,4.900000095367432,4.909900188446045,4813.0
2025-06-26 12:37:00,NNVC,,1.2549999952316284,1.2549999952316284,1.2549999952316284,1.2549999952316284,189.0
2025-06-26 12:37:00,OPTT,,0.5202999711036682,0.5231000185012817,0.5202999711036682,0.5231000185012817,23696.0
2025-06-26 12:37:00,PLX,,1.475000023841858,1.475000023841858,1.4700000286102295,1.4700000286102295,337.0
2025-06-26 12:37:00,REI,,0.7735000252723694,0.7753999829292297,0.7735000252723694,0.7753999829292297,4238.0
2025-06-26 12:37:00,SENS,,0.5027499794960022,0.503337025642395,0.5026999711990356,0.5033000111579895,1786.0
2025-06-26 12:37:00,SIF,,2.9700000286102295,3.0689001083374023,2.950000047683716,3.0689001083374023,9421.0
2025-06-26 12:37:00,SLI,,1.9149999618530273,1.9199999570846558,1.909999966621399,1.9199999570846558,30354.0
2025-06-26 12:37:00,SVM,,4.1774001121521,4.1774001121521,4.1774001121521,4.1774001121521,122.0
2025-06-26 12:37:00,TGB,,3.134999990463257,3.134999990463257,3.134999990463257,3.134999990463257,3530.0
2025-06-26 12:37:00,UAMY,,2.5350000858306885,2.5350000858306885,2.5350000858306885,2.5350000858306885,407.0
2025-06-26 12:37:00,UEC,,6.960000038146973,6.965000152587891,6.954999923706055,6.965000152587891,26454.0
2025-06-26 12:37:00,URG,,1.0449999570846558,1.0499999523162842,1.0449999570846558,1.0449999570846558,6100.0
2025-06-26 12:37:00,USAS,,0.8343009948730469,0.8343009948730469,0.8343009948730469,0.8343009948730469,1200.0
2025-06-26 12:37:00,UTG,,35.45000076293945,35.45000076293945,35.45000076293945,35.45000076293945,586.0
2025-06-26 12:37:00,UUUU,,5.96999979019165,5.96999979019165,5.960100173950195,5.969900131225586,18014.0
2025-06-26 12:37:00,VGZ,,1.0299999713897705,1.0299999713897705,1.0199999809265137,1.024999976158142,2153.0
2025-06-26 12:37:00,VNRX,,0.8199999928474426,0.8199999928474426,0.8062999844551086,0.8062999844551086,6750.0
2025-06-26 12:37:00,VTAK,,0.2492000013589859,0.2492000013589859,0.2492000013589859,0.2492000013589859,2962.0
2025-06-26 12:37:00,VZLA,,2.9800000190734863,2.9800000190734863,2.9700000286102295,2.9700000286102295,3453.0
2025-06-26 12:37:00,WYY,,3.4000000953674316,3.4200000762939453,3.359999895095825,3.4200000762939453,10570.0
2025-06-26 12:38:00,AIRI,,3.369999885559082,3.369999885559082,3.369999885559082,3.369999885559082,1017.0
2025-06-26 12:38:00,ARMN,,6.855000019073486,6.855000019073486,6.855000019073486,6.855000019073486,1304.0
2025-06-26 12:38:00,ASM,,3.579900026321411,3.5799999237060547,3.579900026321411,3.5799999237060547,1369.0
2025-06-26 12:38:00,ATNM,,1.5549999475479126,1.5549999475479126,1.5549999475479126,1.5549999475479126,311.0
2025-06-26 12:38:00,AZTR,,0.2630000114440918,0.2630000114440918,0.25999999046325684,0.25999999046325684,15636.0
2025-06-26 12:38:00,BTG,,3.634999990463257,3.640000104904175,3.630000114440918,3.640000104904175,1229.0
2025-06-26 12:38:00,CATX,,3.6700000762939453,3.6700000762939453,3.6600000858306885,3.6600000858306885,627.0
2025-06-26 12:38:00,CBOE,,228.25,228.25,228.25,228.25,386.0
2025-06-26 12:38:00,CIK,,2.934999942779541,2.934999942779541,2.934999942779541,2.934999942779541,100.0
2025-06-26 12:38:00,CLDI,,0.227400004863739,0.22910000383853912,0.22579999268054962,0.22619999945163727,3334.0
2025-06-26 12:38:00,CQP,,55.935001373291016,55.9375,55.935001373291016,55.9375,565.0
2025-06-26 12:38:00,CRF,,7.565000057220459,7.565000057220459,7.565000057220459,7.565000057220459,381.0
2025-06-26 12:38:00,CTM,,1.0549999475479126,1.0549999475479126,1.0549999475479126,1.0549999475479126,123.0
2025-06-26 12:38:00,DHY,,2.109999895095825,2.109999895095825,2.109999895095825,2.109999895095825,0.0
2025-06-26 12:38:00,DNN,,1.8350000381469727,1.8350000381469727,1.8300000429153442,1.8350000381469727,14240.0
2025-06-26 12:38:00,EPM,,4.78000020980835,4.78000020980835,4.78000020980835,4.78000020980835,101.0
2025-06-26 12:38:00,EQX,,5.885000228881836,5.885000228881836,5.881199836730957,5.885000228881836,2467.0
2025-06-26 12:38:00,FSP,,1.684999942779541,1.684999942779541,1.684999942779541,1.684999942779541,400.0
2025-06-26 12:38:00,GAU,,1.2899999618530273,1.2899999618530273,1.284999966621399,1.284999966621399,600.0
2025-06-26 12:38:00,GNS,,0.9854999780654907,0.9869999885559082,0.9821000099182129,0.9840999841690063,69810.0
2025-06-26 12:38:00,GROY,,2.305000066757202,2.305000066757202,2.305000066757202,2.305000066757202,3668.0
2025-06-26 12:38:00,IBO,,1.020400047302246,1.0289000272750854,1.0199999809265137,1.0199999809265137,5873.0
2025-06-26 12:38:00,IDR,,13.194999694824219,13.194999694824219,13.194999694824219,13.194999694824219,249.0
2025-06-26 12:38:00,IE,,9.890000343322754,9.920000076293945,9.880000114440918,9.880000114440918,7934.0
2025-06-26 12:38:00,IMO,,81.58999633789062,81.58999633789062,81.58999633789062,81.58999633789062,1572.0
2025-06-26 12:38:00,INDO,,3.1549999713897705,3.1600000858306885,3.1500000953674316,3.1500000953674316,1810.0
2025-06-26 12:38:00,JOB,,0.20499999821186066,0.20499999821186066,0.20499999821186066,0.20499999821186066,700.0
2025-06-26 12:38:00,KNW,,1.9000999927520752,1.9199999570846558,1.9000999927520752,1.909999966621399,2209.0
2025-06-26 12:38:00,KULR,,5.130000114440918,5.130000114440918,5.121600151062012,5.121600151062012,915.0
2025-06-26 12:38:00,LCTX,,1.0099999904632568,1.0099999904632568,1.0099999904632568,1.0099999904632568,1778.0
2025-06-26 12:38:00,LEU,,181.9656982421875,182.0,181.9656982421875,181.97999572753906,1451.0
2025-06-26 12:38:00,LMND,,41.83000183105469,41.83000183105469,41.78499984741211,41.78499984741211,946.0
2025-06-26 12:38:00,LNG,,242.8000030517578,242.8000030517578,242.8000030517578,242.8000030517578,494.0
2025-06-26 12:38:00,LODE,,3.7750000953674316,3.7750000953674316,3.7750000953674316,3.7750000953674316,190.0
2025-06-26 12:38:00,MAG,,21.354999542236328,21.354999542236328,21.354999542236328,21.354999542236328,123.0
2025-06-26 12:38:00,NAK,,1.565000057220459,1.5700000524520874,1.565000057220459,1.5700000524520874,2318.0
2025-06-26 12:38:00,NBH,,9.795000076293945,9.795000076293945,9.795000076293945,9.795000076293945,100.0
2025-06-26 12:38:00,NCL,,0.1770000010728836,0.1809999942779541,0.1770000010728836,0.1809999942779541,30678.0
2025-06-26 12:38:00,NEWP,,1.3700000047683716,1.3700000047683716,1.3700000047683716,1.3700000047683716,204.0
2025-06-26 12:38:00,NFGC,,1.4800000190734863,1.4800000190734863,1.4800000190734863,1.4800000190734863,1970.0
2025-06-26 12:38:00,NG,,4.065000057220459,4.085000038146973,4.065000057220459,4.079999923706055,3601947.0
2025-06-26 12:38:00,NGD,,4.90500020980835,4.909999847412109,4.900000095367432,4.90500020980835,42290.0
2025-06-26 12:38:00,NNVC,,1.247499942779541,1.2559000253677368,1.2400000095367432,1.2559000253677368,853.0
2025-06-26 12:38:00,OBE,,5.585000038146973,5.585000038146973,5.585000038146973,5.585000038146973,504.0
2025-06-26 12:38:00,ORLA,,9.984999656677246,9.984999656677246,9.984999656677246,9.984999656677246,137.0
2025-06-26 12:38:00,OSTX,,1.8650000095367432,1.8650000095367432,1.8650000095367432,1.8650000095367432,101.0
2025-06-26 12:38:00,REI,,0.7742000222206116,0.7742000222206116,0.7731000185012817,0.7731000185012817,603.0
2025-06-26 12:38:00,SEB,,2967.18994140625,2980.0,2967.090087890625,2980.0,4.0
2025-06-26 12:38:00,SENS,,0.5026999711990356,0.5026999711990356,0.5026999711990356,0.5026999711990356,2500.0
2025-06-26 12:38:00,SIF,,3.1017000675201416,3.119999885559082,2.9800000190734863,2.9800000190734863,3160.0
2025-06-26 12:38:00,SLI,,1.9149999618530273,1.9199999570846558,1.910099983215332,1.9199999570846558,13414.0
2025-06-26 12:38:00,SLND,,3.9000000953674316,3.940000057220459,3.9000000953674316,3.940000057220459,1733.0
2025-06-26 12:38:00,SOAR,,1.4200999736785889,1.4419000148773193,1.4200999736785889,1.4419000148773193,8718.0
2025-06-26 12:38:00,STXS,,2.234999895095825,2.240000009536743,2.234999895095825,2.240000009536743,1031.0
2025-06-26 12:38:00,SVM,,4.179999828338623,4.179999828338623,4.175000190734863,4.175000190734863,1905.0
2025-06-26 12:38:00,SVT,,46.89649963378906,46.900001525878906,46.89649963378906,46.900001525878906,4000.0
2025-06-26 12:38:00,TGB,,3.134999990463257,3.134999990463257,3.1303000450134277,3.134999990463257,3588.0
2025-06-26 12:38:00,TMQ,,1.5,1.5,1.4900000095367432,1.4900000095367432,21110.0
2025-06-26 12:38:00,TOON,,0.7350000143051147,0.7350000143051147,0.7350000143051147,0.7350000143051147,123.0
2025-06-26 12:38:00,UAMY,,2.5399999618530273,2.5399999618530273,2.5350000858306885,2.5350000858306885,890.0
2025-06-26 12:38:00,UAVS,,1.100000023841858,1.100000023841858,1.100000023841858,1.100000023841858,872.0
2025-06-26 12:38:00,UEC,,6.954999923706055,6.960000038146973,6.954999923706055,6.954999923706055,2010.0
2025-06-26 12:38:00,URG,,1.0499999523162842,1.0499999523162842,1.0449999570846558,1.0499999523162842,27937.0
2025-06-26 12:38:00,USAS,,0.8382999897003174,0.8382999897003174,0.8353000283241272,0.8353000283241272,10772.0
2025-06-26 12:38:00,UUUU,,5.96999979019165,5.96999979019165,5.960000038146973,5.964900016784668,2996.0
2025-06-26 12:38:00,VGZ,,1.0252000093460083,1.0299999713897705,1.0252000093460083,1.0299999713897705,682.0
2025-06-26 12:38:00,VTAK,,0.249099999666214,0.249099999666214,0.24860000610351562,0.24860000610351562,3425.0
2025-06-26 12:38:00,VZLA,,2.9749999046325684,2.9800000190734863,2.9749999046325684,2.9749999046325684,911.0
2025-06-26 12:38:00,ZDGE,,4.03000020980835,4.03000020980835,4.03000020980835,4.03000020980835,112.0
2025-06-26 12:39:00,AEON,,0.7702000141143799,0.7702999711036682,0.7702000141143799,0.7702999711036682,2179.0
2025-06-26 12:39:00,ARMN,,6.855000019073486,6.860000133514404,6.855000019073486,6.860000133514404,1817.0
2025-06-26 12:39:00,ASM,,3.5799999237060547,3.5799999237060547,3.5799999237060547,3.5799999237060547,784.0
2025-06-26 12:39:00,ATNM,,1.5549999475479126,1.5549999475479126,1.5549999475479126,1.5549999475479126,101.0
2025-06-26 12:39:00,AZTR,,0.2621999979019165,0.2621999979019165,0.2621999979019165,0.2621999979019165,100.0
2025-06-26 12:39:00,BKTI,,54.69879913330078,54.69879913330078,54.69879913330078,54.69879913330078,553.0
2025-06-26 12:39:00,BTG,,3.6449999809265137,3.6500000953674316,3.633500099182129,3.634999990463257,949422.0
2025-06-26 12:39:00,CATX,,3.6500000953674316,3.6500000953674316,3.6500000953674316,3.6500000953674316,404.0
2025-06-26 12:39:00,CBOE,,228.05999755859375,228.24000549316406,228.05999755859375,228.24000549316406,1229.0
2025-06-26 12:39:00,CCEL,,5.380000114440918,5.380000114440918,5.380000114440918,5.380000114440918,265.0
2025-06-26 12:39:00,CIK,,2.934999942779541,2.934999942779541,2.934999942779541,2.934999942779541,200.0
2025-06-26 12:39:00,CLDI,,0.227400004863739,0.227400004863739,0.227400004863739,0.227400004863739,100.0
2025-06-26 12:39:00,CLM,,7.9446001052856445,7.9446001052856445,7.9446001052856445,7.9446001052856445,736.0
2025-06-26 12:39:00,CQP,,55.935001373291016,55.935001373291016,55.935001373291016,55.935001373291016,400.0
2025-06-26 12:39:00,CVM,,2.439500093460083,2.439500093460083,2.439500093460083,2.439500093460083,152.0
2025-06-26 12:39:00,DDC,,10.210000038146973,10.210000038146973,10.210000038146973,10.210000038146973,2896.0
2025-06-26 12:39:00,DNN,,1.8350000381469727,1.840000033378601,1.8344999551773071,1.8350000381469727,23599.0
2025-06-26 12:39:00,ELMD,,21.43000030517578,21.43000030517578,21.43000030517578,21.43000030517578,310.0
2025-06-26 12:39:00,EMX,,2.559999942779541,2.569999933242798,2.559999942779541,2.562000036239624,7342.0
2025-06-26 12:39:00,EQX,,5.894999980926514,5.894999980926514,5.880000114440918,5.880000114440918,81226.0
2025-06-26 12:39:00,FTF,,6.385000228881836,6.385000228881836,6.385000228881836,6.385000228881836,100.0
2025-06-26 12:39:00,GAU,,1.284999966621399,1.284999966621399,1.284999966621399,1.284999966621399,203.0
2025-06-26 12:39:00,GLDG,,0.7469000220298767,0.7469000220298767,0.7469000220298767,0.7469000220298767,112.0
2025-06-26 12:39:00,GLV,,5.619999885559082,5.619999885559082,5.619999885559082,5.619999885559082,0.0
2025-06-26 12:39:00,GNS,,1.0198999643325806,1.0199999809265137,0.9846000075340271,0.9850999712944031,623556.0
2025-06-26 12:39:00,GROY,,2.305000066757202,2.309999942779541,2.305000066757202,2.305000066757202,22089.0
2025-06-26 12:39:00,GTE,,5.085000038146973,5.085000038146973,5.085000038146973,5.085000038146973,387.0
2025-06-26 12:39:00,HUSA,,13.199999809265137,13.239999771118164,13.199999809265137,13.239999771118164,309.0
2025-06-26 12:39:00,IBO,,1.0281000137329102,1.0299999713897705,1.0199999809265137,1.024999976158142,21934.0
2025-06-26 12:39:00,IE,,9.899999618530273,9.901200294494629,9.899999618530273,9.901200294494629,3736.0
2025-06-26 12:39:00,INDO,,3.1549999713897705,3.1549999713897705,3.1500000953674316,3.1549999713897705,4273.0
2025-06-26 12:39:00,INFU,,6.369999885559082,6.369999885559082,6.369999885559082,6.369999885559082,134.0
2025-06-26 12:39:00,KNW,,1.909999966621399,1.909999966621399,1.909999966621399,1.909999966621399,144.0
2025-06-26 12:39:00,KULR,,5.125,5.128699779510498,5.125,5.125,1023.0
2025-06-26 12:39:00,LCTX,,1.0099999904632568,1.0199999809265137,1.0099999904632568,1.0099999904632568,4114.0
2025-06-26 12:39:00,LMND,,41.80500030517578,41.86000061035156,41.75,41.84000015258789,9026.0
2025-06-26 12:39:00,LNG,,242.67999267578125,242.74000549316406,242.67999267578125,242.74000549316406,833.0
2025-06-26 12:39:00,LODE,,3.7699999809265137,3.7699999809265137,3.7699999809265137,3.7699999809265137,344.0
2025-06-26 12:39:00,MAG,,21.360000610351562,21.360000610351562,21.354999542236328,21.354999542236328,1184.0
2025-06-26 12:39:00,MTA,,3.869999885559082,3.869999885559082,3.8559999465942383,3.8559999465942383,1712.0
2025-06-26 12:39:00,MYND,,0.9300000071525574,0.9300000071525574,0.9300000071525574,0.9300000071525574,0.0
2025-06-26 12:39:00,MYO,,2.244999885559082,2.25,2.240000009536743,2.240000009536743,4266.0
2025-06-26 12:39:00,NAK,,1.5700000524520874,1.5700000524520874,1.561900019645691,1.5700000524520874,5004.0
2025-06-26 12:39:00,NBH,,9.800000190734863,9.800000190734863,9.800000190734863,9.800000190734863,2600.0
2025-06-26 12:39:00,NG,,4.059999942779541,4.059999942779541,4.059999942779541,4.059999942779541,300.0
2025-06-26 12:39:00,NGD,,4.919899940490723,4.919899940490723,4.900000095367432,4.909999847412109,255680.0
2025-06-26 12:39:00,NNVC,,1.2408000230789185,1.2446000576019287,1.2408000230789185,1.2446000576019287,285.0
2025-06-26 12:39:00,OPTT,,0.5222489833831787,0.5222489833831787,0.5222489833831787,0.5222489833831787,961.0
2025-06-26 12:39:00,ORLA,,9.984999656677246,9.984999656677246,9.984999656677246,9.984999656677246,1415.0
2025-06-26 12:39:00,PLG,,1.6050000190734863,1.6050000190734863,1.604699969291687,1.6050000190734863,6200.0
2025-06-26 12:39:00,PLX,,1.4800000190734863,1.4800000190734863,1.4759999513626099,1.4759999513626099,1919.0
2025-06-26 12:39:00,REI,,0.7742000222206116,0.7742000222206116,0.7731000185012817,0.7731000185012817,1616.0
2025-06-26 12:39:00,SATX,,2.950000047683716,2.950000047683716,2.950000047683716,2.950000047683716,295.0
2025-06-26 12:39:00,SENS,,0.5026999711990356,0.5026999711990356,0.5026999711990356,0.5026999711990356,2144.0
2025-06-26 12:39:00,SLI,,1.9199999570846558,1.9199999570846558,1.9199999570846558,1.9199999570846558,519.0
2025-06-26 12:39:00,SLND,,3.9600000381469727,3.9700000286102295,3.9000000953674316,3.9100000858306885,4244.0
2025-06-26 12:39:00,STXS,,2.234999895095825,2.234999895095825,2.234999895095825,2.234999895095825,377.0
2025-06-26 12:39:00,SVM,,4.180099964141846,4.180099964141846,4.175000190734863,4.175000190734863,6062.0
2025-06-26 12:39:00,TGB,,3.1303000450134277,3.1303000450134277,3.130000114440918,3.1303000450134277,12849.0
2025-06-26 12:39:00,TRX,,0.33000001311302185,0.33009999990463257,0.33000001311302185,0.33009999990463257,30000.0
2025-06-26 12:39:00,UAMY,,2.5350000858306885,2.5399999618530273,2.5350000858306885,2.5350000858306885,1214.0
2025-06-26 12:39:00,UAVS,,1.100000023841858,1.100000023841858,1.090999960899353,1.0950000286102295,15647.0
2025-06-26 12:39:00,UEC,,6.949999809265137,6.960000038146973,6.949999809265137,6.960000038146973,8419.0
2025-06-26 12:39:00,URG,,1.0599000453948975,1.0599000453948975,1.0499999523162842,1.0549999475479126,666.0
2025-06-26 12:39:00,USAS,,0.8349999785423279,0.8382999897003174,0.8349999785423279,0.8382999897003174,1100.0
2025-06-26 12:39:00,UUUU,,5.96999979019165,5.96999979019165,5.9633002281188965,5.96999979019165,7290.0
2025-06-26 12:39:00,VGZ,,1.0199999809265137,1.0199999809265137,1.0199999809265137,1.0199999809265137,100.0
2025-06-26 12:39:00,VNRX,,0.8199999928474426,0.8199999928474426,0.8199999928474426,0.8199999928474426,200.0
2025-06-26 12:39:00,VTAK,,0.24860000610351562,0.24860000610351562,0.24860000610351562,0.24860000610351562,912.0
2025-06-26 12:39:00,VZLA,,2.9749999046325684,2.9749999046325684,2.9749999046325684,2.9749999046325684,308.0
2025-06-26 12:39:00,WYY,,3.4233999252319336,3.4233999252319336,3.4233999252319336,3.4233999252319336,228.0
2025-06-26 12:40:00,AREN,,5.71999979019165,5.71999979019165,5.71999979019165,5.71999979019165,201.0
2025-06-26 12:40:00,ARMN,,6.849999904632568,6.849999904632568,6.849999904632568,6.849999904632568,116.0
2025-06-26 12:40:00,ASM,,3.569999933242798,3.569999933242798,3.569999933242798,3.569999933242798,136.0
2025-06-26 12:40:00,ATNM,,1.5549999475479126,1.5549999475479126,1.5549999475479126,1.5549999475479126,111.0
2025-06-26 12:40:00,BTG,,3.6500000953674316,3.6500000953674316,3.640000104904175,3.6401000022888184,290466.0
2025-06-26 12:40:00,BURU,,0.3314000070095062,0.3321000039577484,0.3314000070095062,0.3321000039577484,8636.0
2025-06-26 12:40:00,CATX,,3.634999990463257,3.6500000953674316,3.634999990463257,3.6500000953674316,2460.0
2025-06-26 12:40:00,CBOE,,228.03500366210938,228.03500366210938,228.02999877929688,228.02999877929688,2298.0
2025-06-26 12:40:00,CIK,,2.934999942779541,2.934999942779541,2.934999942779541,2.934999942779541,100.0
2025-06-26 12:40:00,CLDI,,0.22529999911785126,0.22699999809265137,0.22529999911785126,0.22699999809265137,2043.0
2025-06-26 12:40:00,CLM,,7.945000171661377,7.945000171661377,7.945000171661377,7.945000171661377,431.0
2025-06-26 12:40:00,CMT,,17.045000076293945,17.045000076293945,17.045000076293945,17.045000076293945,178.0
2025-06-26 12:40:00,CQP,,55.939998626708984,55.939998626708984,55.939998626708984,55.939998626708984,985.0
2025-06-26 12:40:00,CRF,,7.565000057220459,7.570000171661377,7.565000057220459,7.565000057220459,648.0
2025-06-26 12:40:00,DNN,,1.840000033378601,1.840000033378601,1.8300000429153442,1.8350000381469727,16925.0
2025-06-26 12:40:00,ECF,,10.167099952697754,10.170000076293945,10.167099952697754,10.170000076293945,200.0
2025-06-26 12:40:00,EIM,,9.555000305175781,9.555000305175781,9.555000305175781,9.555000305175781,200.0
2025-06-26 12:40:00,EPM,,4.78000020980835,4.78000020980835,4.78000020980835,4.78000020980835,102.0
2025-06-26 12:40:00,EQX,,5.894999980926514,5.8979997634887695,5.889999866485596,5.894999980926514,14905.0
2025-06-26 12:40:00,ERC,,9.390000343322754,9.395000457763672,9.390000343322754,9.395000457763672,2095.0
2025-06-26 12:40:00,ESP,,45.400001525878906,45.400001525878906,45.400001525878906,45.400001525878906,236.0
2025-06-26 12:40:00,EVM,,8.84000015258789,8.84000015258789,8.84000015258789,8.84000015258789,115.0
2025-06-26 12:40:00,EVV,,10.170000076293945,10.170000076293945,10.170000076293945,10.170000076293945,127.0
2025-06-26 12:40:00,FTF,,6.385000228881836,6.389999866485596,6.385000228881836,6.385000228881836,300.0
2025-06-26 12:40:00,FURY,,0.48019999265670776,0.48019999265670776,0.48019999265670776,0.48019999265670776,0.0
2025-06-26 12:40:00,GGN,,4.369999885559082,4.369999885559082,4.369999885559082,4.369999885559082,1407.0
2025-06-26 12:40:00,GLO,,5.349999904632568,5.349999904632568,5.349999904632568,5.349999904632568,110.0
2025-06-26 12:40:00,GNS,,1.0296000242233276,1.0299999713897705,1.0099999904632568,1.0197999477386475,197816.0
2025-06-26 12:40:00,GORO,,0.5457000136375427,0.5457000136375427,0.5457000136375427,0.5457000136375427,10440.0
2025-06-26 12:40:00,GROY,,2.305000066757202,2.305000066757202,2.305000066757202,2.305000066757202,1782.0
2025-06-26 12:40:00,HUSA,,13.229999542236328,13.329999923706055,13.220000267028809,13.329999923706055,1226.0
2025-06-26 12:40:00,IBO,,1.020400047302246,1.0298000574111938,1.0199999809265137,1.020400047302246,7834.0
2025-06-26 12:40:00,IE,,9.920000076293945,9.920000076293945,9.920000076293945,9.920000076293945,1703.0
2025-06-26 12:40:00,IMO,,81.5999984741211,81.5999984741211,81.5999984741211,81.5999984741211,605.0
2025-06-26 12:40:00,INDO,,3.1549999713897705,3.1549999713897705,3.1549999713897705,3.1549999713897705,1005.0
2025-06-26 12:40:00,JOB,,0.20499999821186066,0.20499999821186066,0.20499999821186066,0.20499999821186066,500.0
2025-06-26 12:40:00,KULR,,5.125,5.130000114440918,5.123300075531006,5.129899978637695,2031.0
2025-06-26 12:40:00,LCTX,,1.0149999856948853,1.0149999856948853,1.0099999904632568,1.0099999904632568,2336.0
2025-06-26 12:40:00,LEU,,181.86000061035156,181.86000061035156,181.63999938964844,181.7100067138672,3848.0
2025-06-26 12:40:00,LMND,,41.939998626708984,41.939998626708984,41.790000915527344,41.79999923706055,7076.0
2025-06-26 12:40:00,LNG,,242.7899932861328,242.7899932861328,242.67999267578125,242.67999267578125,5502.0
2025-06-26 12:40:00,LODE,,3.7799999713897705,3.7799999713897705,3.7699999809265137,3.7699999809265137,4361.0
2025-06-26 12:40:00,MRT,,2.8273000717163086,2.8273000717163086,2.8273000717163086,2.8273000717163086,303.0
2025-06-26 12:40:00,MYO,,2.25,2.25,2.240000009536743,2.244999885559082,2303.0
2025-06-26 12:40:00,NAK,,1.565000057220459,1.5700000524520874,1.565000057220459,1.5700000524520874,3079.0
2025-06-26 12:40:00,NBH,,9.795000076293945,9.795000076293945,9.795000076293945,9.795000076293945,100.0
2025-06-26 12:40:00,NCL,,0.18039999902248383,0.18039999902248383,0.18039999902248383,0.18039999902248383,165.0
2025-06-26 12:40:00,NFGC,,1.4800000190734863,1.480299949645996,1.4800000190734863,1.480299949645996,200.0
2025-06-26 12:40:00,NG,,4.059999942779541,4.066500186920166,4.059999942779541,4.066500186920166,558.0
2025-06-26 12:40:00,NGD,,4.913099765777588,4.914999961853027,4.909999847412109,4.909999847412109,5561.0
2025-06-26 12:40:00,NNVC,,1.2450000047683716,1.2450000047683716,1.2408000230789185,1.24399995803833,1251.0
2025-06-26 12:40:00,OBE,,5.585000038146973,5.585000038146973,5.585000038146973,5.585000038146973,224.0
2025-06-26 12:40:00,OPTT,,0.5202999711036682,0.5202999711036682,0.5202999711036682,0.5202999711036682,2482.0
2025-06-26 12:40:00,ORLA,,9.984999656677246,9.984999656677246,9.984999656677246,9.984999656677246,215.0
2025-06-26 12:40:00,PLG,,1.6100000143051147,1.6100000143051147,1.600000023841858,1.6100000143051147,11111.0
2025-06-26 12:40:00,PLMR,,150.64999389648438,150.91000366210938,150.64999389648438,150.91000366210938,2032.0
2025-06-26 12:40:00,PLX,,1.475000023841858,1.475000023841858,1.475000023841858,1.475000023841858,123.0
2025-06-26 12:40:00,PZG,,0.6018000245094299,0.6018000245094299,0.6018000245094299,0.6018000245094299,625.0
2025-06-26 12:40:00,REI,,0.7736999988555908,0.7745000123977661,0.7736999988555908,0.7745000123977661,1390.0
2025-06-26 12:40:00,REPX,,26.688400268554688,26.688400268554688,26.688400268554688,26.688400268554688,325.0
2025-06-26 12:40:00,SEB,,2980.27001953125,2980.27001953125,2962.5,2979.949951171875,25.0
2025-06-26 12:40:00,SENS,,0.5001000165939331,0.5001000165939331,0.5001000165939331,0.5001000165939331,11576.0
2025-06-26 12:40:00,SGN,,1.0049999952316284,1.0049999952316284,1.0049999952316284,1.0049999952316284,200.0
2025-06-26 12:40:00,SIF,,3.1700000762939453,3.1700000762939453,3.119999885559082,3.119999885559082,775.0
2025-06-26 12:40:00,SLI,,1.9149999618530273,1.9158999919891357,1.9149999618530273,1.9158999919891357,476.0
2025-06-26 12:40:00,SVM,,4.184999942779541,4.184999942779541,4.179999828338623,4.179999828338623,1428.0
2025-06-26 12:40:00,TGB,,3.139899969100952,3.139899969100952,3.134999990463257,3.134999990463257,2013.0
2025-06-26 12:40:00,TOVX,,0.43320000171661377,0.43320000171661377,0.43320000171661377,0.43320000171661377,1402.0
2025-06-26 12:40:00,UAMY,,2.5513999462127686,2.5576999187469482,2.5399999618530273,2.5399999618530273,34921.0
2025-06-26 12:40:00,UEC,,6.934999942779541,6.95989990234375,6.931399822235107,6.954999923706055,25505.0
2025-06-26 12:40:00,URG,,1.0549999475479126,1.0549999475479126,1.0549999475479126,1.0549999475479126,304.0
2025-06-26 12:40:00,UUUU,,5.945000171661377,5.96999979019165,5.940000057220459,5.96999979019165,47043.0
2025-06-26 12:40:00,VNRX,,0.8048999905586243,0.8048999905586243,0.8048999905586243,0.8048999905586243,400.0
2025-06-26 12:40:00,VZLA,,2.9749999046325684,2.9800000190734863,2.9749999046325684,2.9749999046325684,8098.0
2025-06-26 12:41:00,AIRI,,3.369999885559082,3.369999885559082,3.369999885559082,3.369999885559082,1000.0
2025-06-26 12:41:00,ARMN,,6.855000019073486,6.860000133514404,6.855000019073486,6.860000133514404,842.0
2025-06-26 12:41:00,ASM,,3.5799999237060547,3.5799999237060547,3.5799999237060547,3.5799999237060547,207.0
2025-06-26 12:41:00,AZTR,,0.25780001282691956,0.26089999079704285,0.25780001282691956,0.26089999079704285,15159.0
2025-06-26 12:41:00,BKTI,,54.849998474121094,54.849998474121094,54.849998474121094,54.849998474121094,698.0
2025-06-26 12:41:00,BRBS,,3.2750000953674316,3.2750000953674316,3.2750000953674316,3.2750000953674316,324.0
2025-06-26 12:41:00,BTG,,3.640000104904175,3.6500000953674316,3.640000104904175,3.6442999839782715,389463.0
2025-06-26 12:41:00,BURU,,0.33149999380111694,0.33149999380111694,0.3314499855041504,0.3314499855041504,1380.0
2025-06-26 12:41:00,CATX,,3.6401000022888184,3.6401000022888184,3.634999990463257,3.634999990463257,688.0
2025-06-26 12:41:00,CEF,,30.40999984741211,30.40999984741211,30.400100708007812,30.400100708007812,577.0
2025-06-26 12:41:00,CIK,,2.934999942779541,2.934999942779541,2.934999942779541,2.934999942779541,200.0
2025-06-26 12:41:00,CLDI,,0.22509999573230743,0.22529999911785126,0.22509999573230743,0.22509999573230743,1200.0
2025-06-26 12:41:00,CPHI,,1.8200000524520874,1.8200000524520874,1.8200000524520874,1.8200000524520874,695.0
2025-06-26 12:41:00,CQP,,55.93000030517578,55.939998626708984,55.93000030517578,55.939998626708984,500.0
2025-06-26 12:41:00,CTM,,1.0499999523162842,1.059999942779541,1.0499999523162842,1.059999942779541,10927.0
2025-06-26 12:41:00,CYBN,,8.5,8.5,8.5,8.5,222.0
2025-06-26 12:41:00,DC,,3.819999933242798,3.819999933242798,3.819999933242798,3.819999933242798,333.0
2025-06-26 12:41:00,DNN,,1.840000033378601,1.840000033378601,1.8350000381469727,1.8350000381469727,6988.0
2025-06-26 12:41:00,ELMD,,21.530000686645508,21.530000686645508,21.530000686645508,21.530000686645508,208.0
2025-06-26 12:41:00,EPM,,4.78000020980835,4.78000020980835,4.78000020980835,4.78000020980835,115.0
2025-06-26 12:41:00,EQX,,5.909999847412109,5.909999847412109,5.894999980926514,5.894999980926514,303544.0
2025-06-26 12:41:00,FTF,,6.385000228881836,6.385000228881836,6.385000228881836,6.385000228881836,200.0
2025-06-26 12:41:00,GAU,,1.284999966621399,1.284999966621399,1.284999966621399,1.284999966621399,130.0
2025-06-26 12:41:00,GBR,,1.090000033378601,1.090000033378601,1.090000033378601,1.090000033378601,2694.0
2025-06-26 12:41:00,GLDG,,0.7468500137329102,0.7468500137329102,0.7468000054359436,0.7468000054359436,1491.0
2025-06-26 12:41:00,GNS,,1.0290000438690186,1.0299999713897705,1.0199999809265137,1.0298999547958374,121227.0
2025-06-26 12:41:00,GROY,,2.305000066757202,2.309999942779541,2.305000066757202,2.305000066757202,969.0
2025-06-26 12:41:00,GSAT,,23.42020034790039,23.42020034790039,23.42020034790039,23.42020034790039,295.0
2025-06-26 12:41:00,IBO,,1.0200999975204468,1.0296000242233276,1.0199999809265137,1.0296000242233276,1931.0
2025-06-26 12:41:00,INDO,,3.1549999713897705,3.1549999713897705,3.1549999713897705,3.1549999713897705,1000.0
2025-06-26 12:41:00,INFU,,6.394999980926514,6.394999980926514,6.394999980926514,6.394999980926514,335.0
2025-06-26 12:41:00,KULR,,5.125,5.125,5.125,5.125,353.0
2025-06-26 12:41:00,LCTX,,1.0099999904632568,1.0099999904632568,1.0099999904632568,1.0099999904632568,1601.0
2025-06-26 12:41:00,LEU,,181.9550018310547,181.99000549316406,181.63229370117188,181.63229370117188,2622.0
2025-06-26 12:41:00,LMND,,42.040000915527344,42.040000915527344,41.92499923706055,41.935001373291016,3773.0
2025-06-26 12:41:00,LNG,,242.53500366210938,242.77999877929688,242.53500366210938,242.75999450683594,4193.0
2025-06-26 12:41:00,LSF,,6.119999885559082,6.121699810028076,6.119999885559082,6.121699810028076,324.0
2025-06-26 12:41:00,MAG,,21.360000610351562,21.364999771118164,21.360000610351562,21.364999771118164,590250.0
2025-06-26 12:41:00,MAIA,,1.6710000038146973,1.6710000038146973,1.6710000038146973,1.6710000038146973,253.0
2025-06-26 12:41:00,MYO,,2.244999885559082,2.244999885559082,2.244999885559082,2.244999885559082,146514.0
2025-06-26 12:41:00,NAK,,1.565000057220459,1.5700000524520874,1.565000057220459,1.5700000524520874,3679.0
2025-06-26 12:41:00,NBH,,9.800000190734863,9.800000190734863,9.800000190734863,9.800000190734863,2000.0
2025-06-26 12:41:00,NFGC,,1.4900000095367432,1.4900000095367432,1.4800000190734863,1.4800000190734863,1052.0
2025-06-26 12:41:00,NG,,4.065000057220459,4.070000171661377,4.059999942779541,4.069900035858154,49932.0
2025-06-26 12:41:00,NGD,,4.909999847412109,4.914999961853027,4.909999847412109,4.914999961853027,23254.0
2025-06-26 12:41:00,NNVC,,1.2401000261306763,1.2401000261306763,1.2401000261306763,1.2401000261306763,6000.0
2025-06-26 12:41:00,ORLA,,9.971699714660645,9.984999656677246,9.970000267028809,9.984999656677246,3718.0
2025-06-26 12:41:00,PLAG,,0.859000027179718,0.859000027179718,0.859000027179718,0.859000027179718,0.0
2025-06-26 12:41:00,PLX,,1.475000023841858,1.475000023841858,1.475000023841858,1.475000023841858,201.0
2025-06-26 12:41:00,PRK,,166.23500061035156,166.23500061035156,166.23500061035156,166.23500061035156,278.0
2025-06-26 12:41:00,PZG,,0.5995500087738037,0.5995500087738037,0.5995500087738037,0.5995500087738037,875.0
2025-06-26 12:41:00,REI,,0.7735999822616577,0.7745000123977661,0.7735999822616577,0.7736999988555908,2283.0
2025-06-26 12:41:00,REPX,,26.704999923706055,26.704999923706055,26.704999923706055,26.704999923706055,100.0
2025-06-26 12:41:00,SATX,,2.9549999237060547,2.9549999237060547,2.950000047683716,2.950000047683716,2722.0
2025-06-26 12:41:00,SBEV,,3.8582000732421875,3.9298999309539795,3.7300000190734863,3.7699999809265137,38997.0
2025-06-26 12:41:00,SENS,,0.5001000165939331,0.5001999735832214,0.5001000165939331,0.5001999735832214,3844.0
2025-06-26 12:41:00,SGN,,1.0096999406814575,1.0096999406814575,1.0096999406814575,1.0096999406814575,520.0
2025-06-26 12:41:00,SKYH,,9.550000190734863,9.550000190734863,9.539999961853027,9.539999961853027,477.0
2025-06-26 12:41:00,SLI,,1.9155000448226929,1.9155000448226929,1.9106999635696411,1.9106999635696411,5370.0
2025-06-26 12:41:00,SOAR,,1.4299999475479126,1.4299999475479126,1.4299999475479126,1.4299999475479126,101.0
2025-06-26 12:41:00,SVM,,4.179999828338623,4.190000057220459,4.179999828338623,4.184999942779541,2822.0
2025-06-26 12:41:00,TGB,,3.134999990463257,3.134999990463257,3.134999990463257,3.134999990463257,1108.0
2025-06-26 12:41:00,TOON,,0.7369999885559082,0.7369999885559082,0.7350000143051147,0.7350000143051147,8879.0
2025-06-26 12:41:00,UAMY,,2.5543999671936035,2.555000066757202,2.550100088119507,2.550100088119507,7922.0
2025-06-26 12:41:00,UEC,,6.934999942779541,6.940000057220459,6.934999942779541,6.934999942779541,1778.0
2025-06-26 12:41:00,URG,,1.0499999523162842,1.0549999475479126,1.0499999523162842,1.0549999475479126,3319.0
2025-06-26 12:41:00,USAS,,0.8349999785423279,0.8349999785423279,0.8349999785423279,0.8349999785423279,103.0
2025-06-26 12:41:00,UUUU,,5.929999828338623,5.944799900054932,5.929999828338623,5.944799900054932,5841.0
2025-06-26 12:41:00,VGZ,,1.024999976158142,1.024999976158142,1.024999976158142,1.024999976158142,202.0
2025-06-26 12:41:00,VNRX,,0.8199999928474426,0.8199999928474426,0.8199999928474426,0.8199999928474426,200.0
2025-06-26 12:41:00,VZLA,,2.9749999046325684,2.9749999046325684,2.9749999046325684,2.9749999046325684,100.0
2025-06-26 12:41:00,ZDGE,,4.03000020980835,4.03000020980835,4.03000020980835,4.03000020980835,101.0
2025-06-26 12:42:00,AIRI,,3.369999885559082,3.369999885559082,3.369999885559082,3.369999885559082,1000.0
2025-06-26 12:42:00,ARMN,,6.855000019073486,6.855000019073486,6.855000019073486,6.855000019073486,322.0
2025-06-26 12:42:00,AZTR,,0.25760000944137573,0.25760000944137573,0.25760000944137573,0.25760000944137573,0.0
2025-06-26 12:42:00,BATL,,1.4900000095367432,1.4900000095367432,1.4900000095367432,1.4900000095367432,210.0
2025-06-26 12:42:00,BEEP,,4.090000152587891,4.090000152587891,4.090000152587891,4.090000152587891,2.0
2025-06-26 12:42:00,BTG,,3.634999990463257,3.6449999809265137,3.630000114440918,3.640000104904175,906186.0
2025-06-26 12:42:00,BURU,,0.3314499855041504,0.33149999380111694,0.3314499855041504,0.3314499855041504,8133.0
2025-06-26 12:42:00,CATX,,3.634999990463257,3.634999990463257,3.634999990463257,3.634999990463257,153.0
2025-06-26 12:42:00,CEF,,30.40999984741211,30.40999984741211,30.40999984741211,30.40999984741211,201.0
2025-06-26 12:42:00,CET,,47.34809875488281,47.34809875488281,47.34809875488281,47.34809875488281,483.0
2025-06-26 12:42:00,CIK,,2.934999942779541,2.934999942779541,2.934999942779541,2.934999942779541,100.0
2025-06-26 12:42:00,CLDI,,0.22505000233650208,0.22505000233650208,0.22505000233650208,0.22505000233650208,625471.0
2025-06-26 12:42:00,CPHI,,1.8453999757766724,1.8453999757766724,1.8453999757766724,1.8453999757766724,1641.0
2025-06-26 12:42:00,CQP,,55.90999984741211,55.939998626708984,55.88999938964844,55.939998626708984,924.0
2025-06-26 12:42:00,CRF,,7.565000057220459,7.565000057220459,7.565000057220459,7.565000057220459,160.0
2025-06-26 12:42:00,CTGO,,20.799999237060547,20.799999237060547,20.799999237060547,20.799999237060547,1669.0
2025-06-26 12:42:00,CTM,,1.0499999523162842,1.0499999523162842,1.0399999618530273,1.0449999570846558,8600.0
2025-06-26 12:42:00,CVM,,2.4000000953674316,2.4000000953674316,2.4000000953674316,2.4000000953674316,184.0
2025-06-26 12:42:00,DNN,,1.8350000381469727,1.840000033378601,1.8300000429153442,1.840000033378601,7016.0
2025-06-26 12:42:00,EIM,,9.550800323486328,9.550800323486328,9.550800323486328,9.550800323486328,2177.0
2025-06-26 12:42:00,EQX,,5.90500020980835,5.909999847412109,5.900000095367432,5.90500020980835,43187.0
2025-06-26 12:42:00,ESP,,45.2400016784668,45.2400016784668,45.2400016784668,45.2400016784668,133.0
2025-06-26 12:42:00,EVV,,10.164999961853027,10.164999961853027,10.164999961853027,10.164999961853027,100.0
2025-06-26 12:42:00,FSP,,1.684999942779541,1.684999942779541,1.684999942779541,1.684999942779541,130.0
2025-06-26 12:42:00,FTF,,6.389699935913086,6.389699935913086,6.389699935913086,6.389699935913086,300.0
2025-06-26 12:42:00,GAU,,1.284999966621399,1.284999966621399,1.284999966621399,1.284999966621399,143.0
2025-06-26 12:42:00,GGN,,4.380000114440918,4.380000114440918,4.380000114440918,4.380000114440918,110.0
2025-06-26 12:42:00,GNS,,1.0800000429153442,1.090000033378601,1.0200999975204468,1.0299999713897705,536129.0
2025-06-26 12:42:00,GROY,,2.305000066757202,2.305000066757202,2.305000066757202,2.305000066757202,1501.0
2025-06-26 12:42:00,HUSA,,13.319999694824219,13.319999694824219,13.319999694824219,13.319999694824219,444.0
2025-06-26 12:42:00,IBO,,1.0230000019073486,1.0312000513076782,1.0199999809265137,1.0199999809265137,13102.0
2025-06-26 12:42:00,IE,,9.9399995803833,9.960000038146973,9.930000305175781,9.930000305175781,19140.0
2025-06-26 12:42:00,IMO,,81.5999984741211,81.5999984741211,81.5999984741211,81.5999984741211,352.0
2025-06-26 12:42:00,INDO,,3.1600000858306885,3.1600000858306885,3.1549999713897705,3.1600000858306885,1321.0
2025-06-26 12:42:00,ITRG,,1.5600999593734741,1.5600999593734741,1.5600999593734741,1.5600999593734741,151.0
2025-06-26 12:42:00,KNW,,1.919800043106079,1.919800043106079,1.909999966621399,1.909999966621399,233.0
2025-06-26 12:42:00,KULR,,5.125,5.130000114440918,5.125,5.125,881.0
2025-06-26 12:42:00,LCTX,,1.0099999904632568,1.0149999856948853,1.0099999904632568,1.0099999904632568,2822.0
2025-06-26 12:42:00,LEU,,182.02859497070312,182.02859497070312,182.0050048828125,182.0050048828125,922.0
2025-06-26 12:42:00,LMND,,41.98469924926758,41.9900016784668,41.970001220703125,41.9900016784668,2687.0
2025-06-26 12:42:00,MAG,,21.3700008392334,21.3700008392334,21.364999771118164,21.364999771118164,1607.0
2025-06-26 12:42:00,NAK,,1.565000057220459,1.565000057220459,1.565000057220459,1.565000057220459,105.0
2025-06-26 12:42:00,NBH,,9.800000190734863,9.800000190734863,9.800000190734863,9.800000190734863,1000.0
2025-06-26 12:42:00,NG,,4.074999809265137,4.074999809265137,4.065000057220459,4.065000057220459,9281.0
2025-06-26 12:42:00,NGD,,4.90500020980835,4.910299777984619,4.900000095367432,4.910299777984619,69033.0
2025-06-26 12:42:00,NNVC,,1.225000023841858,1.2450000047683716,1.225000023841858,1.2450000047683716,1600.0
2025-06-26 12:42:00,OBE,,5.590000152587891,5.590000152587891,5.590000152587891,5.590000152587891,651.0
2025-06-26 12:42:00,OPTT,,0.5202999711036682,0.5242000222206116,0.5202999711036682,0.5242000222206116,1342.0
2025-06-26 12:42:00,ORLA,,9.984999656677246,9.989999771118164,9.979999542236328,9.979999542236328,3088.0
2025-06-26 12:42:00,OSTX,,1.8681000471115112,1.8681000471115112,1.8681000471115112,1.8681000471115112,255.0
2025-06-26 12:42:00,PLX,,1.475000023841858,1.4800000190734863,1.4746999740600586,1.475000023841858,7899.0
2025-06-26 12:42:00,REI,,0.7738649845123291,0.7738649845123291,0.7738649845123291,0.7738649845123291,198.0
2025-06-26 12:42:00,REPX,,26.719999313354492,26.719999313354492,26.700000762939453,26.700000762939453,684.0
2025-06-26 12:42:00,RLGT,,6.019999980926514,6.019999980926514,6.019999980926514,6.019999980926514,777.0
2025-06-26 12:42:00,SBEV,,4.00439977645874,4.090000152587891,3.8499999046325684,3.8698999881744385,25724.0
2025-06-26 12:42:00,SENS,,0.5001000165939331,0.5001000165939331,0.5001000165939331,0.5001000165939331,140.0
2025-06-26 12:42:00,SIF,,3.2987000942230225,3.2987000942230225,3.2987000942230225,3.2987000942230225,0.0
2025-06-26 12:42:00,SLI,,1.9199999570846558,1.9199999570846558,1.9199999570846558,1.9199999570846558,1243.0
2025-06-26 12:42:00,SLND,,3.8924999237060547,3.8924999237060547,3.8924999237060547,3.8924999237060547,113.0
2025-06-26 12:42:00,SVM,,4.184999942779541,4.184999942779541,4.184999942779541,4.184999942779541,707.0
2025-06-26 12:42:00,TGB,,3.1364998817443848,3.1364998817443848,3.1364998817443848,3.1364998817443848,1121.0
2025-06-26 12:42:00,UAMY,,2.555000066757202,2.555000066757202,2.555000066757202,2.555000066757202,475.0
2025-06-26 12:42:00,UEC,,6.934999942779541,6.9390997886657715,6.929999828338623,6.932000160217285,14916.0
2025-06-26 12:42:00,URG,,1.0499999523162842,1.0549999475479126,1.0499999523162842,1.0549999475479126,1450.0
2025-06-26 12:42:00,UUUU,,5.934999942779541,5.938000202178955,5.929999828338623,5.934999942779541,4516.0
2025-06-26 12:42:00,VZLA,,2.9800000190734863,2.9800000190734863,2.9749999046325684,2.9749999046325684,599.0
2025-06-26 12:42:00,WRN,,1.2450000047683716,1.2450000047683716,1.2450000047683716,1.2450000047683716,0.0
2025-06-26 12:42:00,ZDGE,,4.019999980926514,4.019999980926514,4.019999980926514,4.019999980926514,105.0
2025-06-26 12:43:00,AEON,,0.7702999711036682,0.7702999711036682,0.7702999711036682,0.7702999711036682,241.0
2025-06-26 12:43:00,AIRI,,3.3580000400543213,3.369999885559082,3.3399999141693115,3.3399999141693115,1100.0
2025-06-26 12:43:00,AREN,,5.679999828338623,5.679999828338623,5.679999828338623,5.679999828338623,147.0
2025-06-26 12:43:00,ARMN,,6.855000019073486,6.860000133514404,6.855000019073486,6.860000133514404,605.0
2025-06-26 12:43:00,ASM,,3.569999933242798,3.569999933242798,3.569999933242798,3.569999933242798,374.0
2025-06-26 12:43:00,BATL,,1.4800000190734863,1.4900000095367432,1.4800000190734863,1.4900000095367432,350.0
2025-06-26 12:43:00,BHB,,29.559999465942383,29.559999465942383,29.559999465942383,29.559999465942383,227.0
2025-06-26 12:43:00,BTG,,3.6398000717163086,3.640000104904175,3.630000114440918,3.6396000385284424,78912.0
2025-06-26 12:43:00,BURU,,0.3314499855041504,0.3314499855041504,0.3314499855041504,0.3314499855041504,741.0
2025-06-26 12:43:00,CATX,,3.6500000953674316,3.6500000953674316,3.6500000953674316,3.6500000953674316,313.0
2025-06-26 12:43:00,CIK,,2.934999942779541,2.934999942779541,2.934999942779541,2.934999942779541,100.0
2025-06-26 12:43:00,CLM,,7.945000171661377,7.945000171661377,7.945000171661377,7.945000171661377,701.0
2025-06-26 12:43:00,CQP,,55.939998626708984,55.939998626708984,55.90999984741211,55.90999984741211,500.0
2025-06-26 12:43:00,CRF,,7.565000057220459,7.565000057220459,7.565000057220459,7.565000057220459,200.0
2025-06-26 12:43:00,CYBN,,8.5600004196167,8.5600004196167,8.550000190734863,8.550000190734863,729.0
2025-06-26 12:43:00,DNN,,1.840000033378601,1.840000033378601,1.8350000381469727,1.840000033378601,73735.0
2025-06-26 12:43:00,EQX,,5.920000076293945,5.920000076293945,5.90500020980835,5.90500020980835,176681.0
2025-06-26 12:43:00,ERC,,9.390000343322754,9.390000343322754,9.390000343322754,9.390000343322754,235.0
2025-06-26 12:43:00,FOXO,,0.19979999959468842,0.19979999959468842,0.19979999959468842,0.19979999959468842,670.0
2025-06-26 12:43:00,GAU,,1.2949999570846558,1.2949999570846558,1.284999966621399,1.284999966621399,9025.0
2025-06-26 12:43:00,GNS,,1.0750000476837158,1.090000033378601,1.0700000524520874,1.079300045967102,316517.0
2025-06-26 12:43:00,GORO,,0.5457000136375427,0.5457000136375427,0.5457000136375427,0.5457000136375427,184.0
2025-06-26 12:43:00,GROY,,2.309999942779541,2.309999942779541,2.305000066757202,2.309999942779541,663.0
2025-06-26 12:43:00,GSAT,,23.399999618530273,23.399999618530273,23.399999618530273,23.399999618530273,458.0
2025-06-26 12:43:00,IBO,,1.0379999876022339,1.0399999618530273,1.0299999713897705,1.0399999618530273,15400.0
2025-06-26 12:43:00,IE,,9.9399995803833,9.9399995803833,9.9399995803833,9.9399995803833,405.0
2025-06-26 12:43:00,IMO,,81.54000091552734,81.55000305175781,81.54000091552734,81.55000305175781,622.0
2025-06-26 12:43:00,INDO,,3.1600000858306885,3.1600000858306885,3.1600000858306885,3.1600000858306885,310.0
2025-06-26 12:43:00,ITRG,,1.559999942779541,1.559999942779541,1.559999942779541,1.559999942779541,124.0
2025-06-26 12:43:00,JOB,,0.20499999821186066,0.20499999821186066,0.20499999821186066,0.20499999821186066,400.0
2025-06-26 12:43:00,KNW,,1.909999966621399,1.909999966621399,1.909999966621399,1.909999966621399,800.0
2025-06-26 12:43:00,KULR,,5.130000114440918,5.130000114440918,5.125,5.130000114440918,3265.0
2025-06-26 12:43:00,LCTX,,1.0149999856948853,1.0149999856948853,1.0099999904632568,1.0099999904632568,2244.0
2025-06-26 12:43:00,LEU,,182.39999389648438,182.39999389648438,182.08999633789062,182.3000030517578,1478.0
2025-06-26 12:43:00,LMND,,42.02989959716797,42.040000915527344,41.9900016784668,42.029998779296875,2504.0
2025-06-26 12:43:00,LODE,,3.788599967956543,3.788599967956543,3.7799999713897705,3.7799999713897705,600.0
2025-06-26 12:43:00,MAIA,,1.6704000234603882,1.6704000234603882,1.6699999570846558,1.6699999570846558,1489.0
2025-06-26 12:43:00,NAK,,1.5644999742507935,1.569100022315979,1.559999942779541,1.565000057220459,2631.0
2025-06-26 12:43:00,NBH,,9.795000076293945,9.795000076293945,9.795000076293945,9.795000076293945,204.0
2025-06-26 12:43:00,NCL,,0.18150000274181366,0.18150000274181366,0.18039999902248383,0.18050000071525574,29250.0
2025-06-26 12:43:00,NG,,4.079699993133545,4.079699993133545,4.074999809265137,4.074999809265137,685.0
2025-06-26 12:43:00,NGD,,4.90500020980835,4.909999847412109,4.900000095367432,4.90500020980835,10910.0
2025-06-26 12:43:00,OGEN,,3.490000009536743,3.490000009536743,3.490000009536743,3.490000009536743,220.0
2025-06-26 12:43:00,OPTT,,0.5202999711036682,0.5223000049591064,0.5202999711036682,0.5223000049591064,2246.0
2025-06-26 12:43:00,ORLA,,9.984999656677246,9.984999656677246,9.984999656677246,9.984999656677246,116.0
2025-06-26 12:43:00,PLG,,1.6050000190734863,1.6050000190734863,1.6050000190734863,1.6050000190734863,200.0
2025-06-26 12:43:00,PLMR,,150.88999938964844,150.88999938964844,150.88999938964844,150.88999938964844,154.0
2025-06-26 12:43:00,PLX,,1.4800000190734863,1.4800000190734863,1.475000023841858,1.475000023841858,410.0
2025-06-26 12:43:00,REI,,0.7739999890327454,0.7753000259399414,0.7735000252723694,0.7735999822616577,2477.0
2025-06-26 12:43:00,REPX,,26.69499969482422,26.69499969482422,26.69499969482422,26.69499969482422,119.0
2025-06-26 12:43:00,SBEV,,3.7100000381469727,4.0295000076293945,3.7100000381469727,4.0,18997.0
2025-06-26 12:43:00,SENS,,0.5001999735832214,0.5001999735832214,0.5001000165939331,0.5001000165939331,886.0
2025-06-26 12:43:00,SLI,,1.9049999713897705,1.9199999570846558,1.9049999713897705,1.9199999570846558,7909.0
2025-06-26 12:43:00,SOAR,,1.4299999475479126,1.4299999475479126,1.4299999475479126,1.4299999475479126,425.0
2025-06-26 12:43:00,SVM,,4.179999828338623,4.184599876403809,4.179999828338623,4.184599876403809,1645.0
2025-06-26 12:43:00,SVT,,46.900001525878906,46.900001525878906,46.900001525878906,46.900001525878906,1051.0
2025-06-26 12:43:00,TGB,,3.1301000118255615,3.134999990463257,3.1301000118255615,3.134999990463257,15220.0
2025-06-26 12:43:00,TMQ,,1.5,1.5,1.5,1.5,0.0
2025-06-26 12:43:00,TOON,,0.7400000095367432,0.7400000095367432,0.7400000095367432,0.7400000095367432,775.0
2025-06-26 12:43:00,TPET,,1.1699999570846558,1.1799999475479126,1.1699999570846558,1.1799999475479126,18285.0
2025-06-26 12:43:00,TRT,,5.610000133514404,5.610000133514404,5.610000133514404,5.610000133514404,170.0
2025-06-26 12:43:00,TRX,,0.3330000042915344,0.3330000042915344,0.3330000042915344,0.3330000042915344,0.0
2025-06-26 12:43:00,UAVS,,1.0950000286102295,1.0950000286102295,1.0950000286102295,1.0950000286102295,817.0
2025-06-26 12:43:00,UEC,,6.945000171661377,6.945000171661377,6.929999828338623,6.934999942779541,14531.0
2025-06-26 12:43:00,URG,,1.0499999523162842,1.0549999475479126,1.0499999523162842,1.0499999523162842,2195.0
2025-06-26 12:43:00,UUUU,,5.949900150299072,5.949999809265137,5.934999942779541,5.934999942779541,27927.0
2025-06-26 12:43:00,VNRX,,0.8199999928474426,0.8199999928474426,0.8199999928474426,0.8199999928474426,64157.0
2025-06-26 12:43:00,VZLA,,2.9749999046325684,2.9749999046325684,2.9749999046325684,2.9749999046325684,101.0
2025-06-26 12:44:00,ARMN,,6.855000019073486,6.855000019073486,6.849999904632568,6.855000019073486,312299.0
2025-06-26 12:44:00,ASM,,3.5764000415802,3.5764000415802,3.5764000415802,3.5764000415802,433.0
2025-06-26 12:44:00,ATNM,,1.5549999475479126,1.5549999475479126,1.5549999475479126,1.5549999475479126,0.0
2025-06-26 12:44:00,BTG,,3.6396000385284424,3.6396000385284424,3.634999990463257,3.634999990463257,9516.0
2025-06-26 12:44:00,BURU,,0.3314000070095062,0.3314000070095062,0.3310000002384186,0.3314000070095062,9732.0
2025-06-26 12:44:00,CATX,,3.634999990463257,3.634999990463257,3.634999990463257,3.634999990463257,794.0
2025-06-26 12:44:00,CIK,,2.934999942779541,2.934999942779541,2.934999942779541,2.934999942779541,500.0
2025-06-26 12:44:00,CLM,,7.945000171661377,7.945000171661377,7.945000171661377,7.945000171661377,207.0
2025-06-26 12:44:00,CQP,,55.939998626708984,55.939998626708984,55.939998626708984,55.939998626708984,547.0
2025-06-26 12:44:00,CRF,,7.570000171661377,7.570000171661377,7.565000057220459,7.565000057220459,1263.0
2025-06-26 12:44:00,CTM,,1.0449999570846558,1.0449999570846558,1.0449999570846558,1.0449999570846558,100.0
2025-06-26 12:44:00,CYBN,,8.555000305175781,8.555000305175781,8.555000305175781,8.555000305175781,629.0
2025-06-26 12:44:00,DNN,,1.839900016784668,1.840000033378601,1.8300000429153442,1.8350000381469727,41624.0
2025-06-26 12:44:00,ECF,,10.160699844360352,10.160699844360352,10.160699844360352,10.160699844360352,481.0
2025-06-26 12:44:00,EIM,,9.550100326538086,9.550100326538086,9.550100326538086,9.550100326538086,1101.0
2025-06-26 12:44:00,EQX,,5.925000190734863,5.929999828338623,5.914999961853027,5.920000076293945,188493.0
2025-06-26 12:44:00,EVV,,10.176199913024902,10.176199913024902,10.176199913024902,10.176199913024902,301.0
2025-06-26 12:44:00,FOXO,,0.19900000095367432,0.20000000298023224,0.1988999992609024,0.1996999979019165,1135458.0
2025-06-26 12:44:00,FTF,,6.3850998878479,6.3850998878479,6.380000114440918,6.385000228881836,1167.0
2025-06-26 12:44:00,GAU,,1.2799999713897705,1.2949999570846558,1.2799999713897705,1.2949999570846558,8883.0
2025-06-26 12:44:00,GGN,,4.379899978637695,4.379899978637695,4.379899978637695,4.379899978637695,100.0
2025-06-26 12:44:00,GNS,,1.0500999689102173,1.0800000429153442,1.0399999618530273,1.0750000476837158,305834.0
2025-06-26 12:44:00,GROY,,2.305000066757202,2.305000066757202,2.305000066757202,2.305000066757202,1229.0
2025-06-26 12:44:00,IBO,,1.0300999879837036,1.0399999618530273,1.0299999713897705,1.0312000513076782,10053.0
2025-06-26 12:44:00,IE,,9.9399995803833,9.944999694824219,9.9399995803833,9.9399995803833,424.0
2025-06-26 12:44:00,IMO,,81.55999755859375,81.55999755859375,81.55999755859375,81.55999755859375,124.0
2025-06-26 12:44:00,INDO,,3.1600000858306885,3.1700000762939453,3.1519999504089355,3.1549999713897705,5104.0
2025-06-26 12:44:00,ITRG,,1.559999942779541,1.565000057220459,1.559999942779541,1.565000057220459,600.0
2025-06-26 12:44:00,JOB,,0.20499999821186066,0.20499999821186066,0.20499999821186066,0.20499999821186066,64483.0
2025-06-26 12:44:00,KNW,,1.9049999713897705,1.9049999713897705,1.9049999713897705,1.9049999713897705,408.0
2025-06-26 12:44:00,KULR,,5.125,5.130000114440918,5.125,5.125,7956.0
2025-06-26 12:44:00,LCTX,,1.0099999904632568,1.0140000581741333,1.0099999904632568,1.0099999904632568,2749.0
2025-06-26 12:44:00,LEU,,181.74000549316406,182.2100067138672,181.69000244140625,182.19000244140625,3464.0
2025-06-26 12:44:00,LMND,,41.939998626708984,42.0,41.939998626708984,42.0,1679.0
2025-06-26 12:44:00,LNG,,242.3350067138672,242.3350067138672,242.3350067138672,242.3350067138672,434.0
2025-06-26 12:44:00,LODE,,3.7799999713897705,3.7881999015808105,3.7799999713897705,3.7881999015808105,250.0
2025-06-26 12:44:00,MAG,,21.3799991607666,21.3799991607666,21.3799991607666,21.3799991607666,228.0
2025-06-26 12:44:00,MTA,,3.8691000938415527,3.8691000938415527,3.8691000938415527,3.8691000938415527,0.0
2025-06-26 12:44:00,NAK,,1.5654000043869019,1.5654000043869019,1.565000057220459,1.565000057220459,1958.0
2025-06-26 12:44:00,NBH,,9.795000076293945,9.795000076293945,9.795000076293945,9.795000076293945,718.0
2025-06-26 12:44:00,NFGC,,1.4800000190734863,1.4800000190734863,1.4800000190734863,1.4800000190734863,100.0
2025-06-26 12:44:00,NG,,4.070000171661377,4.078999996185303,4.070000171661377,4.074999809265137,15888.0
2025-06-26 12:44:00,NGD,,4.90500020980835,4.90500020980835,4.900000095367432,4.90500020980835,3669.0
2025-06-26 12:44:00,NHC,,108.01000213623047,108.01000213623047,108.01000213623047,108.01000213623047,770.0
2025-06-26 12:44:00,NNVC,,1.215000033378601,1.215000033378601,1.215000033378601,1.215000033378601,247.0
2025-06-26 12:44:00,OBE,,5.590000152587891,5.590000152587891,5.590000152587891,5.590000152587891,370.0
2025-06-26 12:44:00,ORLA,,9.984999656677246,9.984999656677246,9.984999656677246,9.984999656677246,251.0
2025-06-26 12:44:00,PED,,0.6680999994277954,0.6680999994277954,0.6680999994277954,0.6680999994277954,0.0
2025-06-26 12:44:00,PLMR,,150.5050048828125,150.5050048828125,150.5050048828125,150.5050048828125,410.0
2025-06-26 12:44:00,PLX,,1.4700000286102295,1.475000023841858,1.4700000286102295,1.4700000286102295,341.0
2025-06-26 12:44:00,REI,,0.7739999890327454,0.7746999859809875,0.7739999890327454,0.774649977684021,6703.0
2025-06-26 12:44:00,SATX,,2.950000047683716,2.950000047683716,2.950000047683716,2.950000047683716,147225.0
2025-06-26 12:44:00,SBEV,,3.490000009536743,3.490000009536743,3.490000009536743,3.490000009536743,0.0
2025-06-26 12:44:00,SEB,,2989.5400390625,2989.5400390625,2987.340087890625,2987.340087890625,35.0
2025-06-26 12:44:00,SENS,,0.5001009702682495,0.5001999735832214,0.5001000165939331,0.5001999735832214,733.0
2025-06-26 12:44:00,SLI,,1.9049999713897705,1.9049999713897705,1.9049999713897705,1.9049999713897705,7422.0
2025-06-26 12:44:00,SLND,,3.9000000953674316,3.9000000953674316,3.9000000953674316,3.9000000953674316,755.0
2025-06-26 12:44:00,SOAR,,1.4299999475479126,1.4299999475479126,1.4299999475479126,1.4299999475479126,371.0
2025-06-26 12:44:00,SVM,,4.184999942779541,4.189899921417236,4.180300235748291,4.184999942779541,2119.0
2025-06-26 12:44:00,TGB,,3.130000114440918,3.134999990463257,3.130000114440918,3.130000114440918,50878.0
2025-06-26 12:44:00,TPET,,1.183899998664856,1.183899998664856,1.183899998664856,1.183899998664856,100.0
2025-06-26 12:44:00,UAMY,,2.553999900817871,2.559999942779541,2.553999900817871,2.5559000968933105,16080.0
2025-06-26 12:44:00,UAVS,,1.0996999740600586,1.0996999740600586,1.0996999740600586,1.0996999740600586,963.0
2025-06-26 12:44:00,UEC,,6.945000171661377,6.945000171661377,6.940000057220459,6.945000171661377,2884.0
2025-06-26 12:44:00,URG,,1.0499999523162842,1.0549999475479126,1.0499999523162842,1.0499999523162842,3908.0
2025-06-26 12:44:00,USAS,,0.8349999785423279,0.8349999785423279,0.8349999785423279,0.8349999785423279,104.0
2025-06-26 12:44:00,UUUU,,5.949999809265137,5.949999809265137,5.940000057220459,5.949699878692627,17236.0
2025-06-26 12:44:00,VTAK,,0.24869999289512634,0.24869999289512634,0.24860000610351562,0.24860000610351562,2819.0
2025-06-26 12:44:00,VZLA,,2.9749999046325684,2.9749999046325684,2.9749999046325684,2.9749999046325684,263.0
2025-06-26 12:45:00,AIRI,,3.369999885559082,3.369999885559082,3.369999885559082,3.369999885559082,1010.0
2025-06-26 12:45:00,AREN,,5.679999828338623,5.679999828338623,5.679999828338623,5.679999828338623,249.0
2025-06-26 12:45:00,ARMN,,6.850100040435791,6.855000019073486,6.850100040435791,6.850100040435791,314713.0
2025-06-26 12:45:00,ASM,,3.569999933242798,3.569999933242798,3.569999933242798,3.569999933242798,2008.0
2025-06-26 12:45:00,BTG,,3.639400005340576,3.640000104904175,3.639400005340576,3.640000104904175,38798.0
2025-06-26 12:45:00,BURU,,0.33114999532699585,0.3314000070095062,0.33114999532699585,0.3314000070095062,2566.0
2025-06-26 12:45:00,CATX,,3.634999990463257,3.634999990463257,3.634999990463257,3.634999990463257,219.0
2025-06-26 12:45:00,CEF,,30.399999618530273,30.399999618530273,30.394100189208984,30.394100189208984,10600.0
2025-06-26 12:45:00,CET,,47.18000030517578,47.18000030517578,47.18000030517578,47.18000030517578,100.0
2025-06-26 12:45:00,CIK,,2.934999942779541,2.934999942779541,2.934999942779541,2.934999942779541,100.0
2025-06-26 12:45:00,CLM,,7.940000057220459,7.940000057220459,7.940000057220459,7.940000057220459,1860.0
2025-06-26 12:45:00,CQP,,55.939998626708984,55.967201232910156,55.939998626708984,55.967201232910156,330.0
2025-06-26 12:45:00,CTM,,1.0449999570846558,1.0449999570846558,1.0410000085830688,1.0410000085830688,3236.0
2025-06-26 12:45:00,DC,,3.809999942779541,3.809999942779541,3.809999942779541,3.809999942779541,117.0
2025-06-26 12:45:00,DNN,,1.830299973487854,1.840000033378601,1.830299973487854,1.840000033378601,22290.0
2025-06-26 12:45:00,EAD,,6.985000133514404,6.989999771118164,6.985000133514404,6.989999771118164,1432.0
2025-06-26 12:45:00,ECF,,10.15999984741211,10.15999984741211,10.15999984741211,10.15999984741211,0.0
2025-06-26 12:45:00,ELA,,5.809999942779541,5.820000171661377,5.809999942779541,5.820000171661377,839.0
2025-06-26 12:45:00,ELMD,,21.34000015258789,21.34000015258789,21.34000015258789,21.34000015258789,104.0
2025-06-26 12:45:00,EMX,,2.559999942779541,2.559999942779541,2.559999942779541,2.559999942779541,508.0
2025-06-26 12:45:00,EQX,,5.925000190734863,5.925000190734863,5.920000076293945,5.920000076293945,1995.0
2025-06-26 12:45:00,FSP,,1.684999942779541,1.684999942779541,1.684999942779541,1.684999942779541,100.0
2025-06-26 12:45:00,GAU,,1.2799999713897705,1.2799999713897705,1.2799999713897705,1.2799999713897705,724.0
2025-06-26 12:45:00,GENC,,14.188799858093262,14.188799858093262,14.188799858093262,14.188799858093262,458.0
2025-06-26 12:45:00,GGN,,4.375,4.375,4.375,4.375,400.0
2025-06-26 12:45:00,GLDG,,0.7468000054359436,0.7468000054359436,0.7468000054359436,0.7468000054359436,800.0
2025-06-26 12:45:00,GNS,,1.0180000066757202,1.0499999523162842,1.0,1.0499999523162842,362419.0
2025-06-26 12:45:00,GORO,,0.5428500175476074,0.5428500175476074,0.5428500175476074,0.5428500175476074,185.0
2025-06-26 12:45:00,GROY,,2.305000066757202,2.305000066757202,2.299999952316284,2.305000066757202,444.0
2025-06-26 12:45:00,GSAT,,23.395000457763672,23.399999618530273,23.3799991607666,23.3799991607666,1091.0
2025-06-26 12:45:00,HUSA,,13.161600112915039,13.220000267028809,13.161600112915039,13.191200256347656,1027.0
2025-06-26 12:45:00,IBO,,1.0399999618530273,1.0399999618530273,1.0299999713897705,1.0299999713897705,8861.0
2025-06-26 12:45:00,IE,,9.914999961853027,9.9399995803833,9.904999732971191,9.9399995803833,2338.0
2025-06-26 12:45:00,IMO,,81.54499816894531,81.54499816894531,81.54000091552734,81.54499816894531,527.0
2025-06-26 12:45:00,INDO,,3.1600000858306885,3.1700000762939453,3.1600000858306885,3.1600000858306885,1303.0
2025-06-26 12:45:00,ITRG,,1.559999942779541,1.565000057220459,1.559999942779541,1.565000057220459,1550.0
2025-06-26 12:45:00,KULR,,5.125,5.130000114440918,5.120100021362305,5.125,3741.0
2025-06-26 12:45:00,LCTX,,1.0099999904632568,1.0154000520706177,1.0099999904632568,1.0099999904632568,4241.0
2025-06-26 12:45:00,LEU,,180.0373992919922,181.83999633789062,180.0373992919922,181.83999633789062,28257.0
2025-06-26 12:45:00,LMND,,41.88999938964844,41.939998626708984,41.88999938964844,41.91999816894531,3046.0
2025-06-26 12:45:00,LNG,,242.3300018310547,242.3300018310547,242.143798828125,242.3249969482422,886.0
2025-06-26 12:45:00,MAG,,21.364999771118164,21.3700008392334,21.360000610351562,21.3700008392334,756.0
2025-06-26 12:45:00,MGLD,,0.9300000071525574,0.9300000071525574,0.9300000071525574,0.9300000071525574,3113.0
2025-06-26 12:45:00,NAK,,1.5654000043869019,1.569200038909912,1.5654000043869019,1.569200038909912,1100.0
2025-06-26 12:45:00,NEWP,,1.3700000047683716,1.3700000047683716,1.3700000047683716,1.3700000047683716,0.0
2025-06-26 12:45:00,NG,,4.070000171661377,4.070000171661377,4.070000171661377,4.070000171661377,2225.0
2025-06-26 12:45:00,NGD,,4.90500020980835,4.909999847412109,4.900000095367432,4.900000095367432,4901.0
2025-06-26 12:45:00,NNVC,,1.2000999450683594,1.2000999450683594,1.2000999450683594,1.2000999450683594,100.0
2025-06-26 12:45:00,OBE,,5.59499979019165,5.59499979019165,5.59499979019165,5.59499979019165,163391.0
2025-06-26 12:45:00,OPTT,,0.5205000042915344,0.5205000042915344,0.5205000042915344,0.5205000042915344,210.0
2025-06-26 12:45:00,ORLA,,9.979999542236328,9.979999542236328,9.975000381469727,9.979999542236328,1064.0
2025-06-26 12:45:00,PLMR,,150.38999938964844,150.49000549316406,150.38999938964844,150.49000549316406,1809.0
2025-06-26 12:45:00,PLX,,1.4700000286102295,1.475000023841858,1.4700000286102295,1.475000023841858,708.0
2025-06-26 12:45:00,REI,,0.7741000056266785,0.7746999859809875,0.7741000056266785,0.7746999859809875,963.0
2025-06-26 12:45:00,SATX,,2.950000047683716,2.950000047683716,2.950000047683716,2.950000047683716,500.0
2025-06-26 12:45:00,SGN,,1.0152000188827515,1.0198999643325806,1.0049999952316284,1.0049999952316284,23172.0
2025-06-26 12:45:00,SKYH,,9.550000190734863,9.550000190734863,9.550000190734863,9.550000190734863,1571.0
2025-06-26 12:45:00,SLI,,1.9098999500274658,1.9098999500274658,1.9092999696731567,1.9092999696731567,1313.0
2025-06-26 12:45:00,SOAR,,1.440000057220459,1.440000057220459,1.440000057220459,1.440000057220459,600.0
2025-06-26 12:45:00,STRW,,10.729999542236328,10.729999542236328,10.729999542236328,10.729999542236328,226.0
2025-06-26 12:45:00,SVM,,4.179999828338623,4.179999828338623,4.179999828338623,4.179999828338623,21796.0
2025-06-26 12:45:00,SVT,,46.900001525878906,46.900001525878906,46.900001525878906,46.900001525878906,149.0
2025-06-26 12:45:00,TGB,,3.134999990463257,3.134999990463257,3.130000114440918,3.134999990463257,9679624.0
2025-06-26 12:45:00,TPET,,1.1699999570846558,1.1699999570846558,1.1699999570846558,1.1699999570846558,979.0
2025-06-26 12:45:00,UEC,,6.934999942779541,6.945000171661377,6.934999942779541,6.944900035858154,15913.0
2025-06-26 12:45:00,URG,,1.0449999570846558,1.0549999475479126,1.0399999618530273,1.0499999523162842,23078.0
2025-06-26 12:45:00,UUUU,,5.929999828338623,5.949999809265137,5.929999828338623,5.948999881744385,7176779.0
2025-06-26 12:45:00,VNRX,,0.8130130171775818,0.8130130171775818,0.8130130171775818,0.8130130171775818,654.0
2025-06-26 12:45:00,VTAK,,0.249099001288414,0.249099001288414,0.249099001288414,0.249099001288414,121.0
2025-06-26 12:45:00,VZLA,,2.9749999046325684,2.9800000190734863,2.9700000286102295,2.9749999046325684,647.0
2025-06-26 12:46:00,AIM,,9.5600004196167,9.5600004196167,9.5600004196167,9.5600004196167,905.0
2025-06-26 12:46:00,AREN,,5.630000114440918,5.630000114440918,5.630000114440918,5.630000114440918,101.0
2025-06-26 12:46:00,ARMN,,6.855000019073486,6.855000019073486,6.855000019073486,6.855000019073486,1103.0
2025-06-26 12:46:00,ASM,,3.575000047683716,3.575000047683716,3.575000047683716,3.575000047683716,1214.0
2025-06-26 12:46:00,BEEP,,4.079999923706055,4.079999923706055,4.079999923706055,4.079999923706055,206.0
2025-06-26 12:46:00,BTG,,3.6359000205993652,3.640000104904175,3.63100004196167,3.6359000205993652,25716947.0
2025-06-26 12:46:00,BURU,,0.33219999074935913,0.33219999074935913,0.33105000853538513,0.33105000853538513,16107.0
2025-06-26 12:46:00,CATX,,3.630000114440918,3.640000104904175,3.619999885559082,3.619999885559082,1559.0
2025-06-26 12:46:00,CEF,,30.395000457763672,30.395000457763672,30.395000457763672,30.395000457763672,0.0
2025-06-26 12:46:00,CET,,47.439998626708984,47.439998626708984,47.439998626708984,47.439998626708984,144.0
2025-06-26 12:46:00,CMT,,17.045000076293945,17.045000076293945,17.045000076293945,17.045000076293945,588.0
2025-06-26 12:46:00,CQP,,55.89500045776367,55.939998626708984,55.86000061035156,55.939998626708984,4258.0
2025-06-26 12:46:00,DC,,3.809999942779541,3.809999942779541,3.809999942779541,3.809999942779541,0.0
2025-06-26 12:46:00,DNN,,1.840000033378601,1.840000033378601,1.8300000429153442,1.8300000429153442,6245.0
2025-06-26 12:46:00,EAD,,6.980199813842773,6.980199813842773,6.980199813842773,6.980199813842773,2066.0
2025-06-26 12:46:00,ELA,,5.820000171661377,5.820000171661377,5.820000171661377,5.820000171661377,222.0
2025-06-26 12:46:00,ELMD,,21.469999313354492,21.469999313354492,21.469999313354492,21.469999313354492,0.0
2025-06-26 12:46:00,EQX,,5.925000190734863,5.925000190734863,5.920000076293945,5.920000076293945,9019.0
2025-06-26 12:46:00,FOXO,,0.1996999979019165,0.1996999979019165,0.1996999979019165,0.1996999979019165,4997.0
2025-06-26 12:46:00,FSP,,1.684999942779541,1.684999942779541,1.684999942779541,1.684999942779541,100.0
2025-06-26 12:46:00,FTF,,6.380000114440918,6.380000114440918,6.380000114440918,6.380000114440918,0.0
2025-06-26 12:46:00,GGN,,4.369999885559082,4.369999885559082,4.369999885559082,4.369999885559082,0.0
2025-06-26 12:46:00,GNS,,1.01010000705719,1.0199999809265137,0.9821000099182129,1.0198999643325806,230093.0
2025-06-26 12:46:00,GTE,,5.090000152587891,5.090000152587891,5.090000152587891,5.090000152587891,187.0
2025-06-26 12:46:00,HUSA,,13.255000114440918,13.329999923706055,13.163299560546875,13.255000114440918,434887.0
2025-06-26 12:46:00,IBO,,1.030400037765503,1.0399999618530273,1.0299999713897705,1.0300999879837036,3105.0
2025-06-26 12:46:00,IDR,,13.23900032043457,13.23900032043457,13.23900032043457,13.23900032043457,291.0
2025-06-26 12:46:00,IE,,9.930000305175781,9.930000305175781,9.900099754333496,9.900099754333496,481.0
2025-06-26 12:46:00,IMO,,81.56999969482422,81.56999969482422,81.56999969482422,81.56999969482422,349.0
2025-06-26 12:46:00,INDO,,3.1700000762939453,3.1700000762939453,3.1600000858306885,3.1600000858306885,5854.0
2025-06-26 12:46:00,INFU,,6.394999980926514,6.394999980926514,6.394999980926514,6.394999980926514,100.0
2025-06-26 12:46:00,ITRG,,1.559999942779541,1.559999942779541,1.559999942779541,1.559999942779541,300.0
2025-06-26 12:46:00,JOB,,0.20499999821186066,0.20499999821186066,0.20499999821186066,0.20499999821186066,0.0
2025-06-26 12:46:00,KNW,,1.9049999713897705,1.9049999713897705,1.9049999713897705,1.9049999713897705,228.0
2025-06-26 12:46:00,KULR,,5.125,5.125,5.119999885559082,5.125,3300.0
2025-06-26 12:46:00,LCTX,,1.0099999904632568,1.0108000040054321,1.0099999904632568,1.0099999904632568,1328.0
2025-06-26 12:46:00,LEU,,179.7100067138672,180.17999267578125,179.7100067138672,180.00999450683594,8087.0
2025-06-26 12:46:00,LMND,,41.90290069580078,41.90999984741211,41.88999938964844,41.88999938964844,1060.0
2025-06-26 12:46:00,LNG,,242.2100067138672,242.4600067138672,242.2100067138672,242.36000061035156,900.0
2025-06-26 12:46:00,LPTV,,0.013100000098347664,0.013100000098347664,0.013100000098347664,0.013100000098347664,0.0
2025-06-26 12:46:00,MAG,,21.3700008392334,21.3700008392334,21.3700008392334,21.3700008392334,1170.0
2025-06-26 12:46:00,MAIA,,1.690000057220459,1.690000057220459,1.690000057220459,1.690000057220459,0.0
2025-06-26 12:46:00,MITQ,,0.660099983215332,0.660099983215332,0.660099983215332,0.660099983215332,0.0
2025-06-26 12:46:00,MYO,,2.240999937057495,2.240999937057495,2.240999937057495,2.240999937057495,244.0
2025-06-26 12:46:00,NAK,,1.565000057220459,1.5699000358581543,1.559999942779541,1.5612000226974487,4074.0
2025-06-26 12:46:00,NCL,,0.18150000274181366,0.18150000274181366,0.18150000274181366,0.18150000274181366,1483.0
2025-06-26 12:46:00,NFGC,,1.4800000190734863,1.4800000190734863,1.4800000190734863,1.4800000190734863,182.0
2025-06-26 12:46:00,NGD,,4.90500020980835,4.909999847412109,4.900000095367432,4.900000095367432,6290.0
2025-06-26 12:46:00,OPTT,,0.5199999809265137,0.5205000042915344,0.5199999809265137,0.5205000042915344,15788.0
2025-06-26 12:46:00,ORLA,,9.979999542236328,9.984999656677246,9.979999542236328,9.979999542236328,4813.0
2025-06-26 12:46:00,PLMR,,150.24099731445312,150.41000366210938,150.24099731445312,150.41000366210938,591.0
2025-06-26 12:46:00,PLX,,1.475000023841858,1.4900000095367432,1.4700000286102295,1.4700000286102295,18042.0
2025-06-26 12:46:00,REI,,0.7746999859809875,0.7746999859809875,0.7741000056266785,0.7741000056266785,700.0
2025-06-26 12:46:00,REPX,,26.722400665283203,26.722400665283203,26.722400665283203,26.722400665283203,725.0
2025-06-26 12:46:00,RLGT,,6.03000020980835,6.03000020980835,6.03000020980835,6.03000020980835,183.0
2025-06-26 12:46:00,SACH,,1.0806000232696533,1.0806000232696533,1.0806000232696533,1.0806000232696533,5127.0
2025-06-26 12:46:00,SATX,,2.950000047683716,2.950000047683716,2.950000047683716,2.950000047683716,148231.0
2025-06-26 12:46:00,SEB,,2989.530029296875,2989.530029296875,2989.530029296875,2989.530029296875,0.0
2025-06-26 12:46:00,SENS,,0.5001999735832214,0.5001999735832214,0.5001000165939331,0.5001000165939331,5103.0
2025-06-26 12:46:00,SGN,,1.0499999523162842,1.0499999523162842,1.0198999643325806,1.0199999809265137,26348.0
2025-06-26 12:46:00,SVM,,4.179999828338623,4.179999828338623,4.175000190734863,4.175000190734863,807.0
2025-06-26 12:46:00,THM,,0.8901000022888184,0.8901000022888184,0.8901000022888184,0.8901000022888184,0.0
2025-06-26 12:46:00,TRT,,5.610000133514404,5.610000133514404,5.610000133514404,5.610000133514404,492.0
2025-06-26 12:46:00,UAMY,,2.555000066757202,2.555000066757202,2.555000066757202,2.555000066757202,11025.0
2025-06-26 12:46:00,UEC,,6.934999942779541,6.939899921417236,6.934800148010254,6.934999942779541,3063.0
2025-06-26 12:46:00,URG,,1.0449999570846558,1.0449999570846558,1.0399999618530273,1.0399999618530273,2205.0
2025-06-26 12:46:00,UUUU,,5.929900169372559,5.939199924468994,5.920000076293945,5.934999942779541,39077.0
2025-06-26 12:46:00,VZLA,,2.9749999046325684,2.9749999046325684,2.9749999046325684,2.9749999046325684,2919916.0
2025-06-26 12:47:00,AREN,,5.630000114440918,5.630000114440918,5.630000114440918,5.630000114440918,112.0
2025-06-26 12:47:00,ARMN,,6.855000019073486,6.855000019073486,6.849999904632568,6.849999904632568,464.0
2025-06-26 12:47:00,AZTR,,0.25999999046325684,0.25999999046325684,0.25999999046325684,0.25999999046325684,499147.0
2025-06-26 12:47:00,BATL,,1.5099999904632568,1.5099999904632568,1.5099999904632568,1.5099999904632568,2220.0
2025-06-26 12:47:00,BRBS,,3.2699999809265137,3.2699999809265137,3.2699999809265137,3.2699999809265137,176.0
2025-06-26 12:47:00,BTG,,3.634999990463257,3.639899969100952,3.634999990463257,3.639899969100952,88067.0
2025-06-26 12:47:00,BURU,,0.3319000005722046,0.3319000005722046,0.3319000005722046,0.3319000005722046,2385.0
2025-06-26 12:47:00,CATX,,3.640000104904175,3.640000104904175,3.634999990463257,3.634999990463257,585.0
2025-06-26 12:47:00,CBOE,,227.9600067138672,227.9600067138672,227.9600067138672,227.9600067138672,615.0
2025-06-26 12:47:00,CEF,,30.405000686645508,30.405000686645508,30.405000686645508,30.405000686645508,198314.0
2025-06-26 12:47:00,CIK,,2.934999942779541,2.934999942779541,2.934999942779541,2.934999942779541,200.0
2025-06-26 12:47:00,CLDI,,0.22499999403953552,0.22499999403953552,0.22499999403953552,0.22499999403953552,1023.0
2025-06-26 12:47:00,CLM,,7.945000171661377,7.945000171661377,7.940000057220459,7.940000057220459,1101.0
2025-06-26 12:47:00,CQP,,55.89500045776367,55.89500045776367,55.89500045776367,55.89500045776367,449.0
2025-06-26 12:47:00,CRF,,7.559999942779541,7.559999942779541,7.559999942779541,7.559999942779541,975.0
2025-06-26 12:47:00,CTM,,1.0449999570846558,1.0449999570846558,1.0449999570846558,1.0449999570846558,200.0
2025-06-26 12:47:00,DC,,3.809999942779541,3.809999942779541,3.809999942779541,3.809999942779541,209046.0
2025-06-26 12:47:00,DNN,,1.8350000381469727,1.840000033378601,1.8300000429153442,1.840000033378601,5843.0
2025-06-26 12:47:00,EQX,,5.914999961853027,5.920000076293945,5.914999961853027,5.920000076293945,73272.0
2025-06-26 12:47:00,ESP,,45.25,45.25,45.25,45.25,397.0
2025-06-26 12:47:00,EVI,,19.790000915527344,19.790000915527344,19.790000915527344,19.790000915527344,3591.0
2025-06-26 12:47:00,EVM,,8.84000015258789,8.84000015258789,8.84000015258789,8.84000015258789,190.0
2025-06-26 12:47:00,FOXO,,0.19949999451637268,0.19949999451637268,0.19900000095367432,0.19900000095367432,2925.0
2025-06-26 12:47:00,FSP,,1.690000057220459,1.690000057220459,1.690000057220459,1.690000057220459,584.0
2025-06-26 12:47:00,GNS,,1.0099999904632568,1.0199999809265137,1.0099999904632568,1.0196000337600708,69708.0
2025-06-26 12:47:00,GORO,,0.5400000214576721,0.5400000214576721,0.5400000214576721,0.5400000214576721,100.0
2025-06-26 12:47:00,GROY,,2.305000066757202,2.305000066757202,2.305000066757202,2.305000066757202,2553.0
2025-06-26 12:47:00,GSAT,,23.420000076293945,23.420000076293945,23.395000457763672,23.395000457763672,1501.0
2025-06-26 12:47:00,HUSA,,13.329999923706055,13.329999923706055,13.329999923706055,13.329999923706055,501.0
2025-06-26 12:47:00,IBO,,1.0199999809265137,1.0199999809265137,1.0199999809265137,1.0199999809265137,16866.0
2025-06-26 12:47:00,IE,,9.944999694824219,9.949999809265137,9.925000190734863,9.925000190734863,1722.0
2025-06-26 12:47:00,IGC,,0.30809998512268066,0.30809998512268066,0.30809998512268066,0.30809998512268066,2217.0
2025-06-26 12:47:00,IMO,,81.62000274658203,81.62000274658203,81.62000274658203,81.62000274658203,779.0
2025-06-26 12:47:00,ITP,,0.18789899349212646,0.18789899349212646,0.18780000507831573,0.18780000507831573,1300.0
2025-06-26 12:47:00,ITRG,,1.5674999952316284,1.5700000524520874,1.559999942779541,1.559999942779541,15182.0
2025-06-26 12:47:00,KULR,,5.120100021362305,5.125,5.120100021362305,5.125,3787.0
2025-06-26 12:47:00,NAK,,1.559999942779541,1.565000057220459,1.559999942779541,1.565000057220459,3301.0
2025-06-26 12:47:00,NBH,,9.795000076293945,9.795000076293945,9.795000076293945,9.795000076293945,767.0
2025-06-26 12:47:00,NCL,,0.17990000545978546,0.17990000545978546,0.17820000648498535,0.17919999361038208,62102.0
2025-06-26 12:47:00,NG,,4.063300132751465,4.068999767303467,4.063300132751465,4.068999767303467,1678.0
2025-06-26 12:47:00,NGD,,4.901599884033203,4.909999847412109,4.900000095367432,4.900000095367432,2166.0
2025-06-26 12:47:00,NNVC,,1.2400000095367432,1.2400000095367432,1.2200000286102295,1.2200000286102295,7002.0
2025-06-26 12:47:00,NRO,,3.198899984359741,3.198899984359741,3.190000057220459,3.190000057220459,966.0
2025-06-26 12:47:00,OPTT,,0.5198000073432922,0.5205000042915344,0.517300009727478,0.5205000042915344,47022.0
2025-06-26 12:47:00,ORLA,,9.981499671936035,9.981499671936035,9.981499671936035,9.981499671936035,295.0
2025-06-26 12:47:00,PLG,,1.6088999509811401,1.6088999509811401,1.590000033378601,1.5950000286102295,14865.0
2025-06-26 12:47:00,PLX,,1.475000023841858,1.475000023841858,1.475000023841858,1.475000023841858,841.0
2025-06-26 12:47:00,REI,,0.7742000222206116,0.7742000222206116,0.7741000056266785,0.7742000222206116,1650.0
2025-06-26 12:47:00,SATX,,2.950000047683716,2.950000047683716,2.950000047683716,2.950000047683716,414.0
2025-06-26 12:47:00,SENS,,0.5001999735832214,0.5001999735832214,0.5001000165939331,0.5001500248908997,14742.0
2025-06-26 12:47:00,SGN,,1.0959999561309814,1.0959999561309814,1.0800000429153442,1.0800000429153442,35960.0
2025-06-26 12:47:00,SLI,,1.9011000394821167,1.9049999713897705,1.9011000394821167,1.9049999713897705,1865.0
2025-06-26 12:47:00,SOAR,,1.4199999570846558,1.4199999570846558,1.4199999570846558,1.4199999570846558,935.0
2025-06-26 12:47:00,SVM,,4.175000190734863,4.179999828338623,4.171000003814697,4.171800136566162,819.0
2025-06-26 12:47:00,TGB,,3.134999990463257,3.134999990463257,3.130000114440918,3.130000114440918,14027.0
2025-06-26 12:47:00,TRT,,5.559999942779541,5.559999942779541,5.5,5.5,631.0
2025-06-26 12:47:00,UAMY,,2.555000066757202,2.555000066757202,2.555000066757202,2.555000066757202,418.0
2025-06-26 12:47:00,UEC,,6.934999942779541,6.934999942779541,6.9319000244140625,6.934999942779541,10012.0
2025-06-26 12:47:00,URG,,1.0449999570846558,1.0449999570846558,1.0399999618530273,1.0399999618530273,3537.0
2025-06-26 12:47:00,USAS,,0.8349999785423279,0.8366490006446838,0.8349999785423279,0.8366490006446838,215.0
2025-06-26 12:47:00,UUUU,,5.925000190734863,5.929999828338623,5.925000190734863,5.925000190734863,4254.0
2025-06-26 12:47:00,VGZ,,1.024999976158142,1.024999976158142,1.024999976158142,1.024999976158142,201.0
2025-06-26 12:47:00,VZLA,,2.9800000190734863,2.9800000190734863,2.9749999046325684,2.9749999046325684,55131.0
2025-06-26 12:47:00,WWR,,0.5949000120162964,0.5949000120162964,0.5949000120162964,0.5949000120162964,1798.0
2025-06-26 12:47:00,WYY,,3.3922998905181885,3.3922998905181885,3.3922998905181885,3.3922998905181885,2345.0
2025-06-26 12:47:00,XPL,,0.6437000036239624,0.6437000036239624,0.6437000036239624,0.6437000036239624,310.0
2025-06-26 12:48:00,AIM,,8.899999618530273,8.899999618530273,8.899999618530273,8.899999618530273,1155.0
2025-06-26 12:48:00,ARMN,,6.855000019073486,6.855000019073486,6.854000091552734,6.855000019073486,1458.0
2025-06-26 12:48:00,ASM,,3.5787999629974365,3.5787999629974365,3.5713000297546387,3.5713000297546387,1709.0
2025-06-26 12:48:00,ATNM,,1.5549999475479126,1.5549999475479126,1.5549999475479126,1.5549999475479126,202477.0
2025-06-26 12:48:00,AWX,,2.450000047683716,2.450000047683716,2.450000047683716,2.450000047683716,6302.0
2025-06-26 12:48:00,AZTR,,0.25780001282691956,0.25780001282691956,0.25780001282691956,0.25780001282691956,800.0
2025-06-26 12:48:00,BEEP,,4.085000038146973,4.085000038146973,4.079999923706055,4.079999923706055,623.0
2025-06-26 12:48:00,BKTI,,54.959999084472656,54.959999084472656,54.959999084472656,54.959999084472656,293.0
2025-06-26 12:48:00,BRBS,,3.2699999809265137,3.2699999809265137,3.2699999809265137,3.2699999809265137,238.0
2025-06-26 12:48:00,BRN,,1.2200000286102295,1.2200000286102295,1.2200000286102295,1.2200000286102295,42221.0
2025-06-26 12:48:00,BTG,,3.640000104904175,3.640000104904175,3.630000114440918,3.640000104904175,38257.0
2025-06-26 12:48:00,BURU,,0.3337000012397766,0.3337000012397766,0.3319999873638153,0.33250001072883606,14600.0
2025-06-26 12:48:00,CATX,,3.6649999618530273,3.6700000762939453,3.634999990463257,3.634999990463257,6066.0
2025-06-26 12:48:00,CEF,,30.399999618530273,30.40839958190918,30.399999618530273,30.40839958190918,8141.0
2025-06-26 12:48:00,CIK,,2.934999942779541,2.934999942779541,2.934999942779541,2.934999942779541,100.0
2025-06-26 12:48:00,CLM,,7.941699981689453,7.941699981689453,7.940000057220459,7.940000057220459,3968.0
2025-06-26 12:48:00,CQP,,56.0099983215332,56.0099983215332,55.95000076293945,55.95000076293945,1166.0
2025-06-26 12:48:00,CTM,,1.0449999570846558,1.0449999570846558,1.0449999570846558,1.0449999570846558,2515.0
2025-06-26 12:48:00,CVM,,2.4149999618530273,2.4149999618530273,2.4149999618530273,2.4149999618530273,219.0
2025-06-26 12:48:00,DNN,,1.8350000381469727,1.840000033378601,1.8300000429153442,1.8350000381469727,5854.0
2025-06-26 12:48:00,EMX,,2.565000057220459,2.565000057220459,2.565000057220459,2.565000057220459,297.0
2025-06-26 12:48:00,EQX,,5.914999961853027,5.920000076293945,5.914999961853027,5.914999961853027,5063.0
2025-06-26 12:48:00,ERC,,9.390000343322754,9.390000343322754,9.390000343322754,9.390000343322754,296.0
2025-06-26 12:48:00,ERH,,11.350000381469727,11.350000381469727,11.350000381469727,11.350000381469727,357.0
2025-06-26 12:48:00,ESP,,45.46009826660156,45.46009826660156,45.46009826660156,45.46009826660156,338.0
2025-06-26 12:48:00,EVV,,10.175000190734863,10.175000190734863,10.175000190734863,10.175000190734863,1332.0
2025-06-26 12:48:00,FOXO,,0.19900000095367432,0.19910000264644623,0.19900000095367432,0.19900000095367432,17158.0
2025-06-26 12:48:00,FTF,,6.385000228881836,6.385000228881836,6.385000228881836,6.385000228881836,46771.0
2025-06-26 12:48:00,GAU,,1.2799999713897705,1.2799999713897705,1.2799999713897705,1.2799999713897705,427.0
2025-06-26 12:48:00,GGN,,4.375,4.375,4.375,4.375,175761.0
2025-06-26 12:48:00,GLDG,,0.7468000054359436,0.7468990087509155,0.7468000054359436,0.7468990087509155,1652.0
2025-06-26 12:48:00,GNS,,1.0091999769210815,1.0099999904632568,0.9901000261306763,1.0045000314712524,120789.0
2025-06-26 12:48:00,GROY,,2.305000066757202,2.305000066757202,2.299999952316284,2.305000066757202,447.0
2025-06-26 12:48:00,GSAT,,23.434999465942383,23.434999465942383,23.434999465942383,23.434999465942383,125.0
2025-06-26 12:48:00,GTE,,5.099999904632568,5.099999904632568,5.099999904632568,5.099999904632568,3594.0
2025-06-26 12:48:00,IBO,,1.024999976158142,1.024999976158142,1.020400047302246,1.020400047302246,979.0
2025-06-26 12:48:00,IDR,,13.1899995803833,13.1899995803833,13.1899995803833,13.1899995803833,403.0
2025-06-26 12:48:00,IE,,9.9399995803833,9.960000038146973,9.90999984741211,9.930000305175781,19585.0
2025-06-26 12:48:00,IGC,,0.30809998512268066,0.30809998512268066,0.30809998512268066,0.30809998512268066,1906.0
2025-06-26 12:48:00,IMO,,81.62999725341797,81.62999725341797,81.62999725341797,81.62999725341797,432.0
2025-06-26 12:48:00,INDO,,3.174999952316284,3.180000066757202,3.174999952316284,3.174999952316284,1613.0
2025-06-26 12:48:00,INFU,,6.364999771118164,6.394999980926514,6.340000152587891,6.394999980926514,1681.0
2025-06-26 12:48:00,LCTX,,1.0149999856948853,1.0149999856948853,1.0099999904632568,1.0149999856948853,4795.0
2025-06-26 12:48:00,LEU,,179.50999450683594,179.8070068359375,179.50999450683594,179.8070068359375,4910.0
2025-06-26 12:48:00,LMND,,41.935001373291016,41.95000076293945,41.86000061035156,41.86000061035156,6329.0
2025-06-26 12:48:00,LNG,,242.39999389648438,242.39999389648438,242.39999389648438,242.39999389648438,2761.0
2025-06-26 12:48:00,LODE,,3.7701001167297363,3.7701001167297363,3.7701001167297363,3.7701001167297363,2033.0
2025-06-26 12:48:00,LSF,,6.119999885559082,6.119999885559082,6.119999885559082,6.119999885559082,581.0
2025-06-26 12:48:00,MPTI,,41.11000061035156,41.11000061035156,41.11000061035156,41.11000061035156,764.0
2025-06-26 12:48:00,MRT,,2.819999933242798,2.819999933242798,2.819999933242798,2.819999933242798,768.0
2025-06-26 12:48:00,MTA,,3.8691000938415527,3.8691000938415527,3.864799976348877,3.864799976348877,131405.0
2025-06-26 12:48:00,MYO,,2.240000009536743,2.240000009536743,2.240000009536743,2.240000009536743,1503.0
2025-06-26 12:48:00,NAK,,1.559999942779541,1.5700000524520874,1.559999942779541,1.5700000524520874,5165.0
2025-06-26 12:48:00,NCL,,0.17759999632835388,0.17760099470615387,0.17759999632835388,0.17760099470615387,986.0
2025-06-26 12:48:00,NG,,4.070000171661377,4.070000171661377,4.059999942779541,4.070000171661377,3682095.0
2025-06-26 12:48:00,NGD,,4.900000095367432,4.909999847412109,4.900000095367432,4.909900188446045,6989.0
2025-06-26 12:48:00,ORLA,,9.984999656677246,9.984999656677246,9.984999656677246,9.984999656677246,348.0
2025-06-26 12:48:00,OSTX,,1.8700000047683716,1.8700000047683716,1.8700000047683716,1.8700000047683716,2442.0
2025-06-26 12:48:00,PLG,,1.5950000286102295,1.6088999509811401,1.5950000286102295,1.6088999509811401,2965.0
2025-06-26 12:48:00,PLX,,1.4800000190734863,1.4800000190734863,1.4800000190734863,1.4800000190734863,349.0
2025-06-26 12:48:00,REI,,0.7741000056266785,0.7746999859809875,0.7741000056266785,0.7741000056266785,6375.0
2025-06-26 12:48:00,SENS,,0.5028010010719299,0.5028010010719299,0.5001999735832214,0.5001999735832214,11777.0
2025-06-26 12:48:00,SGN,,1.1299999952316284,1.1299999952316284,1.090399980545044,1.0999000072479248,38082.0
2025-06-26 12:48:00,SLI,,1.9049999713897705,1.906000018119812,1.9049999713897705,1.906000018119812,2161.0
2025-06-26 12:48:00,SVM,,4.170000076293945,4.179999828338623,4.170000076293945,4.175000190734863,1211.0
2025-06-26 12:48:00,TGB,,3.130000114440918,3.134999990463257,3.130000114440918,3.130000114440918,19525.0
2025-06-26 12:48:00,TPET,,1.1894999742507935,1.1894999742507935,1.1799999475479126,1.1799999475479126,1609.0
2025-06-26 12:48:00,UAMY,,2.555000066757202,2.555000066757202,2.555000066757202,2.555000066757202,997.0
2025-06-26 12:48:00,UAVS,,1.0907000303268433,1.0907000303268433,1.0907000303268433,1.0907000303268433,1120.0
2025-06-26 12:48:00,UEC,,6.925000190734863,6.934999942779541,6.920100212097168,6.934999942779541,6876.0
2025-06-26 12:48:00,URG,,1.0499999523162842,1.0499999523162842,1.0399999618530273,1.0399999618530273,41930.0
2025-06-26 12:48:00,USAS,,0.8364999890327454,0.8399999737739563,0.8349999785423279,0.8349999785423279,33996.0
2025-06-26 12:48:00,UUUU,,5.925000190734863,5.925000190734863,5.920000076293945,5.920899868011475,1293.0
2025-06-26 12:48:00,VKI,,8.204999923706055,8.204999923706055,8.204999923706055,8.204999923706055,160.0
2025-06-26 12:48:00,VNRX,,0.8199999928474426,0.8199999928474426,0.8190000057220459,0.8190000057220459,800.0
2025-06-26 12:48:00,VTAK,,0.24899999797344208,0.24899999797344208,0.24899999797344208,0.24899999797344208,365.0
2025-06-26 12:48:00,VZLA,,2.984999895095825,2.990000009536743,2.979300022125244,2.984999895095825,3042982.0
2025-06-26 12:49:00,AREN,,5.630000114440918,5.630000114440918,5.630000114440918,5.630000114440918,306.0
2025-06-26 12:49:00,ASM,,3.569999933242798,3.569999933242798,3.569999933242798,3.569999933242798,500.0
2025-06-26 12:49:00,ATNM,,1.534999966621399,1.5549999475479126,1.534999966621399,1.5549999475479126,1480.0
2025-06-26 12:49:00,AZTR,,0.25780001282691956,0.25780001282691956,0.25780001282691956,0.25780001282691956,103.0
2025-06-26 12:49:00,BEEP,,4.079999923706055,4.079999923706055,4.079999923706055,4.079999923706055,544.0
2025-06-26 12:49:00,BRBS,,3.2699999809265137,3.2750000953674316,3.2699999809265137,3.2699999809265137,315.0
2025-06-26 12:49:00,BTG,,3.635200023651123,3.640000104904175,3.634999990463257,3.634999990463257,89907.0
2025-06-26 12:49:00,BURU,,0.33180001378059387,0.3319000005722046,0.33180001378059387,0.3319000005722046,3420.0
2025-06-26 12:49:00,CATX,,3.6649999618530273,3.6649999618530273,3.6649999618530273,3.6649999618530273,277.0
2025-06-26 12:49:00,CBOE,,227.89500427246094,227.89500427246094,227.89500427246094,227.89500427246094,798.0
2025-06-26 12:49:00,CEF,,30.40999984741211,30.40999984741211,30.409000396728516,30.409000396728516,2164.0
2025-06-26 12:49:00,CIK,,2.934999942779541,2.934999942779541,2.934999942779541,2.934999942779541,100.0
2025-06-26 12:49:00,CMT,,17.0,17.0,17.0,17.0,102.0
2025-06-26 12:49:00,CQP,,56.08000183105469,56.08000183105469,55.939998626708984,55.939998626708984,1447.0
2025-06-26 12:49:00,CTM,,1.0499999523162842,1.0499999523162842,1.0449999570846558,1.0449999570846558,210.0
2025-06-26 12:49:00,DC,,3.809999942779541,3.819999933242798,3.809999942779541,3.819999933242798,892.0
2025-06-26 12:49:00,DHY,,2.109999895095825,2.109999895095825,2.109999895095825,2.109999895095825,595978.0
2025-06-26 12:49:00,DNN,,1.8350000381469727,1.840000033378601,1.8300000429153442,1.840000033378601,145475.0
2025-06-26 12:49:00,DSS,,0.9302999973297119,0.9302999973297119,0.9200000166893005,0.9200000166893005,506.0
2025-06-26 12:49:00,ECF,,10.15999984741211,10.15999984741211,10.15999984741211,10.15999984741211,16832.0
2025-06-26 12:49:00,ELMD,,21.489999771118164,21.489999771118164,21.489999771118164,21.489999771118164,33362.0
2025-06-26 12:49:00,EPM,,4.78000020980835,4.78000020980835,4.78000020980835,4.78000020980835,152.0
2025-06-26 12:49:00,EQX,,5.914999961853027,5.920000076293945,5.914999961853027,5.914999961853027,6937.0
2025-06-26 12:49:00,ERC,,9.390000343322754,9.390000343322754,9.390000343322754,9.390000343322754,100.0
2025-06-26 12:49:00,FOXO,,0.19949999451637268,0.19999000430107117,0.19900000095367432,0.19900000095367432,3250.0
2025-06-26 12:49:00,GLDG,,0.7468000054359436,0.7468000054359436,0.7468000054359436,0.7468000054359436,711.0
2025-06-26 12:49:00,GNS,,1.0196000337600708,1.0199999809265137,0.9800000190734863,1.0049999952316284,134140.0
2025-06-26 12:49:00,GROY,,2.305000066757202,2.305000066757202,2.305000066757202,2.305000066757202,4657.0
2025-06-26 12:49:00,GSAT,,23.4375,23.4375,23.4375,23.4375,198.0
2025-06-26 12:49:00,GTE,,5.09499979019165,5.110000133514404,5.09499979019165,5.110000133514404,388.0
2025-06-26 12:49:00,IMO,,81.64749908447266,81.64749908447266,81.64749908447266,81.64749908447266,261.0
2025-06-26 12:49:00,INDO,,3.174999952316284,3.174999952316284,3.174999952316284,3.174999952316284,100.0
2025-06-26 12:49:00,INFU,,6.364999771118164,6.364999771118164,6.364999771118164,6.364999771118164,1230.0
2025-06-26 12:49:00,ITRG,,1.565000057220459,1.565000057220459,1.565000057220459,1.565000057220459,968.0
2025-06-26 12:49:00,KNW,,1.9299999475479126,1.9299999475479126,1.9098999500274658,1.9098999500274658,7616.0
2025-06-26 12:49:00,KULR,,5.105000019073486,5.119999885559082,5.090099811553955,5.099999904632568,137744.0
2025-06-26 12:49:00,LCTX,,1.0149999856948853,1.0149999856948853,1.0099999904632568,1.0099999904632568,1615.0
2025-06-26 12:49:00,LEU,,179.8699951171875,179.8699951171875,179.8699951171875,179.8699951171875,1198.0
2025-06-26 12:49:00,LMND,,41.970001220703125,41.970001220703125,41.90999984741211,41.932498931884766,3510.0
2025-06-26 12:49:00,LNG,,242.72000122070312,242.72000122070312,242.44500732421875,242.44500732421875,4106.0
2025-06-26 12:49:00,LODE,,3.7899999618530273,3.7899999618530273,3.7899999618530273,3.7899999618530273,219.0
2025-06-26 12:49:00,MGLD,,0.9300000071525574,0.9300000071525574,0.925000011920929,0.9300000071525574,6330.0
2025-06-26 12:49:00,MITQ,,0.675000011920929,0.6754999756813049,0.6600000262260437,0.6600000262260437,230716.0
2025-06-26 12:49:00,NAK,,1.562000036239624,1.565000057220459,1.559999942779541,1.565000057220459,767.0
2025-06-26 12:49:00,NBH,,9.795000076293945,9.795000076293945,9.795000076293945,9.795000076293945,200.0
2025-06-26 12:49:00,NCL,,0.1791509985923767,0.1791509985923767,0.1776999980211258,0.1776999980211258,720.0
2025-06-26 12:49:00,NG,,4.065000057220459,4.074999809265137,4.065000057220459,4.070000171661377,12532.0
2025-06-26 12:49:00,NGD,,4.909999847412109,4.909999847412109,4.900000095367432,4.900000095367432,19868.0
2025-06-26 12:49:00,OPTT,,0.5161229968070984,0.5178499817848206,0.5161229968070984,0.5171999931335449,13101.0
2025-06-26 12:49:00,ORLA,,9.979999542236328,9.979999542236328,9.979999542236328,9.979999542236328,245.0
2025-06-26 12:49:00,PLAG,,0.859000027179718,0.8600000143051147,0.859000027179718,0.859000027179718,32085.0
2025-06-26 12:49:00,PLG,,1.5950000286102295,1.5989999771118164,1.5950000286102295,1.5989999771118164,3209.0
2025-06-26 12:49:00,PLMR,,150.4199981689453,150.4199981689453,150.30380249023438,150.30380249023438,1093.0
2025-06-26 12:49:00,REI,,0.7799999713897705,0.7799999713897705,0.7741000056266785,0.7741000056266785,72007.0
2025-06-26 12:49:00,SBEV,,3.5,3.5383999347686768,3.380000114440918,3.440000057220459,1452077.0
2025-06-26 12:49:00,SEB,,2965.669921875,2989.5400390625,2965.669921875,2989.5400390625,1198.0
2025-06-26 12:49:00,SENS,,0.5013999938964844,0.5013999938964844,0.5013999938964844,0.5013999938964844,100.0
2025-06-26 12:49:00,SGN,,1.090000033378601,1.1299999952316284,1.090000033378601,1.1200000047683716,16535.0
2025-06-26 12:49:00,SLI,,1.9049999713897705,1.9049999713897705,1.899999976158142,1.899999976158142,1216.0
2025-06-26 12:49:00,TGB,,3.130000114440918,3.130500078201294,3.130000114440918,3.130199909210205,5443.0
2025-06-26 12:49:00,TMP,,62.939998626708984,62.939998626708984,62.939998626708984,62.939998626708984,930.0
2025-06-26 12:49:00,TMQ,,1.5003999471664429,1.5003999471664429,1.5003999471664429,1.5003999471664429,361500.0
2025-06-26 12:49:00,TRT,,5.599999904632568,5.599999904632568,5.599999904632568,5.599999904632568,225.0
2025-06-26 12:49:00,UAMY,,2.55649995803833,2.55649995803833,2.55649995803833,2.55649995803833,643.0
2025-06-26 12:49:00,UEC,,6.925000190734863,6.925000190734863,6.920000076293945,6.925000190734863,9419.0
2025-06-26 12:49:00,URG,,1.0449999570846558,1.0499999523162842,1.0449999570846558,1.0499999523162842,3721.0
2025-06-26 12:49:00,USAS,,0.8355000019073486,0.8370000123977661,0.8355000019073486,0.8370000123977661,810.0
2025-06-26 12:49:00,UTG,,35.45589828491211,35.45589828491211,35.45000076293945,35.45000076293945,744.0
2025-06-26 12:49:00,UUUU,,5.925000190734863,5.929999828338623,5.920100212097168,5.925000190734863,3327.0
2025-06-26 12:49:00,VZLA,,2.984999895095825,2.984999895095825,2.9800000190734863,2.9800000190734863,709.0
2025-06-26 12:49:00,WRN,,1.2450000047683716,1.2450000047683716,1.2450000047683716,1.2450000047683716,212439.0
2025-06-26 12:49:00,ZDGE,,4.059999942779541,4.059999942779541,4.029799938201904,4.029799938201904,608.0
2025-06-26 12:50:00,ARMN,,6.855000019073486,6.855000019073486,6.855000019073486,6.855000019073486,103.0
2025-06-26 12:50:00,ASM,,3.574199914932251,3.575000047683716,3.5729000568389893,3.575000047683716,5700.0
2025-06-26 12:50:00,ATNM,,1.534999966621399,1.534999966621399,1.531999945640564,1.531999945640564,207518.0
2025-06-26 12:50:00,BRBS,,3.2750000953674316,3.2750000953674316,3.2699999809265137,3.2699999809265137,459.0
2025-06-26 12:50:00,BTG,,3.6398000717163086,3.640000104904175,3.633500099182129,3.633500099182129,71185.0
2025-06-26 12:50:00,CCEL,,5.269999980926514,5.28000020980835,5.269999980926514,5.28000020980835,358.0
2025-06-26 12:50:00,CIK,,2.934999942779541,2.934999942779541,2.934999942779541,2.934999942779541,301.0
2025-06-26 12:50:00,CLDI,,0.2249000072479248,0.22499999403953552,0.2249000072479248,0.22499999403953552,400.0
2025-06-26 12:50:00,CQP,,55.90999984741211,56.06999969482422,55.86000061035156,56.06999969482422,2313.0
2025-06-26 12:50:00,CRF,,7.565199851989746,7.565199851989746,7.565199851989746,7.565199851989746,200.0
2025-06-26 12:50:00,CTM,,1.0449999570846558,1.0499999523162842,1.0399999618530273,1.0449999570846558,3042.0
2025-06-26 12:50:00,CYBN,,8.599900245666504,8.599900245666504,8.599900245666504,8.599900245666504,511.0
2025-06-26 12:50:00,DC,,3.815000057220459,3.815000057220459,3.815000057220459,3.815000057220459,200.0
2025-06-26 12:50:00,DNN,,1.8350000381469727,1.840000033378601,1.8300000429153442,1.8350000381469727,25236.0
2025-06-26 12:50:00,EAD,,6.985000133514404,6.985000133514404,6.985000133514404,6.985000133514404,400.0
2025-06-26 12:50:00,ECF,,10.15999984741211,10.15999984741211,10.15999984741211,10.15999984741211,143.0
2025-06-26 12:50:00,EP,,5.335000038146973,5.335000038146973,5.335000038146973,5.335000038146973,173.0
2025-06-26 12:50:00,EQX,,5.914999961853027,5.920000076293945,5.914999961853027,5.914999961853027,2927.0
2025-06-26 12:50:00,ERC,,9.390000343322754,9.390000343322754,9.390000343322754,9.390000343322754,100.0
2025-06-26 12:50:00,GAU,,1.284999966621399,1.284999966621399,1.284999966621399,1.284999966621399,808.0
2025-06-26 12:50:00,GGN,,4.375,4.375,4.375,4.375,200.0
2025-06-26 12:50:00,GNS,,1.0197999477386475,1.0299999713897705,1.0,1.0191999673843384,93229.0
2025-06-26 12:50:00,GROY,,2.305000066757202,2.305000066757202,2.305000066757202,2.305000066757202,538.0
2025-06-26 12:50:00,GSAT,,23.434999465942383,23.434999465942383,23.434999465942383,23.434999465942383,380.0
2025-06-26 12:50:00,GTE,,5.09499979019165,5.09499979019165,5.09499979019165,5.09499979019165,462.0
2025-06-26 12:50:00,HUSA,,13.34000015258789,13.34000015258789,13.250200271606445,13.270000457763672,2685.0
2025-06-26 12:50:00,IBO,,1.0199999809265137,1.0296000242233276,1.0199999809265137,1.020400047302246,28510.0
2025-06-26 12:50:00,IDR,,13.180000305175781,13.180000305175781,13.180000305175781,13.180000305175781,592.0
2025-06-26 12:50:00,IMO,,81.6500015258789,81.6500015258789,81.6500015258789,81.6500015258789,197.0
2025-06-26 12:50:00,INDO,,3.1700000762939453,3.1700000762939453,3.1700000762939453,3.1700000762939453,336.0
2025-06-26 12:50:00,INFU,,6.364999771118164,6.364999771118164,6.364999771118164,6.364999771118164,377.0
2025-06-26 12:50:00,KNW,,1.9104000329971313,1.9104000329971313,1.9104000329971313,1.9104000329971313,500.0
2025-06-26 12:50:00,KULR,,5.105000019073486,5.110000133514404,5.099999904632568,5.099999904632568,58769.0
2025-06-26 12:50:00,LCTX,,1.0099999904632568,1.0190000534057617,1.0099999904632568,1.0099999904632568,2020.0
2025-06-26 12:50:00,LEU,,180.1199951171875,180.1199951171875,180.05999755859375,180.05999755859375,2948.0
2025-06-26 12:50:00,LMND,,41.9900016784668,41.9900016784668,41.9900016784668,41.9900016784668,495.0
2025-06-26 12:50:00,LNG,,242.3699951171875,242.4600067138672,242.3699951171875,242.4600067138672,1505.0
2025-06-26 12:50:00,LSF,,6.21999979019165,6.21999979019165,6.21999979019165,6.21999979019165,134.0
2025-06-26 12:50:00,MAIA,,1.6799999475479126,1.6950000524520874,1.6799999475479126,1.6950000524520874,128879.0
2025-06-26 12:50:00,MGLD,,0.9300000071525574,0.9300000071525574,0.9300000071525574,0.9300000071525574,219.0
2025-06-26 12:50:00,MTA,,3.865000009536743,3.869999885559082,3.865000009536743,3.869999885559082,242.0
2025-06-26 12:50:00,NAK,,1.566499948501587,1.566499948501587,1.559999942779541,1.5606000423431396,3429.0
2025-06-26 12:50:00,NEWP,,1.375,1.375,1.375,1.375,102099.0
2025-06-26 12:50:00,NG,,4.065000057220459,4.065000057220459,4.065000057220459,4.065000057220459,319.0
2025-06-26 12:50:00,NGD,,4.909900188446045,4.909999847412109,4.900000095367432,4.900000095367432,22532.0
2025-06-26 12:50:00,OPTT,,0.515999972820282,0.5160999894142151,0.515999972820282,0.5160999894142151,2122.0
2025-06-26 12:50:00,ORLA,,9.979999542236328,9.984999656677246,9.979999542236328,9.984999656677246,394.0
2025-06-26 12:50:00,PLMR,,150.24000549316406,150.26499938964844,150.24000549316406,150.26499938964844,982.0
2025-06-26 12:50:00,REI,,0.7783499956130981,0.7783499956130981,0.7766000032424927,0.7767000198364258,511.0
2025-06-26 12:50:00,SATX,,2.950000047683716,2.950000047683716,2.950000047683716,2.950000047683716,333.0
2025-06-26 12:50:00,SBEV,,3.700200080871582,3.744999885559082,3.4800000190734863,3.5,30834.0
2025-06-26 12:50:00,SEB,,2965.659912109375,2973.050048828125,2965.659912109375,2965.659912109375,5.0
2025-06-26 12:50:00,SENS,,0.5015010237693787,0.5024499893188477,0.5013999938964844,0.5024499893188477,7101.0
2025-06-26 12:50:00,SGN,,1.090000033378601,1.1100000143051147,1.0800000429153442,1.1100000143051147,1805.0
2025-06-26 12:50:00,SLI,,1.9049999713897705,1.9049999713897705,1.9049999713897705,1.9049999713897705,339.0
2025-06-26 12:50:00,SVM,,4.174600124359131,4.174600124359131,4.174600124359131,4.174600124359131,595.0
2025-06-26 12:50:00,TGB,,3.130000114440918,3.130000114440918,3.130000114440918,3.130000114440918,380.0
2025-06-26 12:50:00,TMQ,,1.4900000095367432,1.4900000095367432,1.4900000095367432,1.4900000095367432,517.0
2025-06-26 12:50:00,TOON,,0.7443000078201294,0.7443000078201294,0.7443000078201294,0.7443000078201294,1593.0
2025-06-26 12:50:00,UAMY,,2.555000066757202,2.559999942779541,2.555000066757202,2.555000066757202,5225.0
2025-06-26 12:50:00,UAVS,,1.090000033378601,1.091599941253662,1.090000033378601,1.090999960899353,1946.0
2025-06-26 12:50:00,UEC,,6.926499843597412,6.929999828338623,6.924600124359131,6.924600124359131,4372.0
2025-06-26 12:50:00,URG,,1.0449999570846558,1.0499999523162842,1.0449999570846558,1.0499999523162842,1725.0
2025-06-26 12:50:00,USAS,,0.8355000019073486,0.8384000062942505,0.8355000019073486,0.8370000123977661,571.0
2025-06-26 12:50:00,UUUU,,5.940000057220459,5.940000057220459,5.925000190734863,5.925000190734863,19790.0
2025-06-26 12:50:00,VGZ,,1.029099941253662,1.029099941253662,1.0288000106811523,1.0288000106811523,1654.0
2025-06-26 12:50:00,VZLA,,2.984600067138672,2.990000009536743,2.9800000190734863,2.9800000190734863,34067.0
2025-06-26 12:50:00,ZDGE,,4.059999942779541,4.059999942779541,4.059999942779541,4.059999942779541,107489.0
2025-06-26 12:51:00,AMS,,2.390399932861328,2.390399932861328,2.390399932861328,2.390399932861328,119.0
2025-06-26 12:51:00,ARMN,,6.855000019073486,6.855000019073486,6.849999904632568,6.849999904632568,346.0
2025-06-26 12:51:00,ASM,,3.569999933242798,3.578399896621704,3.569999933242798,3.575000047683716,5556.0
2025-06-26 12:51:00,ATNM,,1.534999966621399,1.5397000312805176,1.534999966621399,1.5397000312805176,700.0
2025-06-26 12:51:00,BEEP,,4.139999866485596,4.21999979019165,4.090000152587891,4.090000152587891,26567.0
2025-06-26 12:51:00,BRBS,,3.2699999809265137,3.279900074005127,3.2699999809265137,3.2699999809265137,1629.0
2025-06-26 12:51:00,BTG,,3.640000104904175,3.640000104904175,3.6398000717163086,3.640000104904175,35795.0
2025-06-26 12:51:00,BURU,,0.3319000005722046,0.3319000005722046,0.3319000005722046,0.3319000005722046,308.0
2025-06-26 12:51:00,CATX,,3.6600000858306885,3.6649999618530273,3.6500000953674316,3.6649999618530273,2305.0
2025-06-26 12:51:00,CBOE,,227.8939971923828,227.8939971923828,227.8939971923828,227.8939971923828,118.0
2025-06-26 12:51:00,CIK,,2.934999942779541,2.934999942779541,2.934999942779541,2.934999942779541,100.0
2025-06-26 12:51:00,CLDI,,0.21549999713897705,0.21549999713897705,0.21549999713897705,0.21549999713897705,820.0
2025-06-26 12:51:00,CLM,,7.9446001052856445,7.946700096130371,7.940000057220459,7.946700096130371,1420.0
2025-06-26 12:51:00,CQP,,55.96500015258789,55.96500015258789,55.86000061035156,55.959999084472656,520.0
2025-06-26 12:51:00,CRF,,7.559999942779541,7.559999942779541,7.559999942779541,7.559999942779541,701.0
2025-06-26 12:51:00,CTM,,1.0449999570846558,1.0449999570846558,1.0449999570846558,1.0449999570846558,125.0
2025-06-26 12:51:00,CYBN,,8.5600004196167,8.5600004196167,8.5600004196167,8.5600004196167,378.0
2025-06-26 12:51:00,DC,,3.819999933242798,3.819999933242798,3.8164000511169434,3.8164000511169434,3853.0
2025-06-26 12:51:00,DNN,,1.830399990081787,1.840000033378601,1.8300000429153442,1.830399990081787,165624.0
2025-06-26 12:51:00,EQX,,5.914999961853027,5.920000076293945,5.914999961853027,5.920000076293945,7131.0
2025-06-26 12:51:00,ERH,,11.350000381469727,11.350000381469727,11.350000381469727,11.350000381469727,804.0
2025-06-26 12:51:00,EVM,,8.84000015258789,8.84000015258789,8.84000015258789,8.84000015258789,110.0
2025-06-26 12:51:00,EVV,,10.175000190734863,10.175000190734863,10.175000190734863,10.175000190734863,866.0
2025-06-26 12:51:00,FOXO,,0.19900000095367432,0.20000000298023224,0.19900000095367432,0.19999900460243225,29400.0
2025-06-26 12:51:00,FTF,,6.380000114440918,6.380000114440918,6.380000114440918,6.380000114440918,108.0
2025-06-26 12:51:00,GLDG,,0.7468000054359436,0.7469000220298767,0.7468000054359436,0.7469000220298767,1125.0
2025-06-26 12:51:00,GNS,,1.0,1.024999976158142,0.9994000196456909,1.0199999809265137,130982.0
2025-06-26 12:51:00,GORO,,0.5458999872207642,0.5458999872207642,0.5454999804496765,0.5454999804496765,38160.0
2025-06-26 12:51:00,GROY,,2.29010009765625,2.305000066757202,2.29010009765625,2.305000066757202,40812.0
2025-06-26 12:51:00,GSAT,,23.43000030517578,23.434999465942383,23.43000030517578,23.43000030517578,516.0
2025-06-26 12:51:00,IBO,,1.0149999856948853,1.020400047302246,1.0099999904632568,1.0199999809265137,5272.0
2025-06-26 12:51:00,INDO,,3.219899892807007,3.219899892807007,3.190000057220459,3.190000057220459,8620.0
2025-06-26 12:51:00,INFU,,6.385000228881836,6.385000228881836,6.369999885559082,6.380000114440918,694.0
2025-06-26 12:51:00,ITRG,,1.565000057220459,1.565000057220459,1.565000057220459,1.565000057220459,600.0
2025-06-26 12:51:00,KNW,,1.9101999998092651,1.9199999570846558,1.909999966621399,1.9149999618530273,1993.0
2025-06-26 12:51:00,KULR,,5.09499979019165,5.110000133514404,5.090099811553955,5.100900173187256,9953.0
2025-06-26 12:51:00,LCTX,,1.0149999856948853,1.0149999856948853,1.0099999904632568,1.0099999904632568,1487.0
2025-06-26 12:51:00,LEU,,179.53500366210938,180.07000732421875,179.5,180.07000732421875,2355.0
2025-06-26 12:51:00,LMND,,42.0099983215332,42.02000045776367,41.9900016784668,42.0099983215332,1401.0
2025-06-26 12:51:00,LNG,,242.35000610351562,242.3699951171875,242.35000610351562,242.3699951171875,3839.0
2025-06-26 12:51:00,LODE,,3.7799999713897705,3.7799999713897705,3.7799999713897705,3.7799999713897705,500.0
2025-06-26 12:51:00,MAG,,21.3700008392334,21.375,21.3700008392334,21.375,1174.0
2025-06-26 12:51:00,MGLD,,0.9300000071525574,0.9300000071525574,0.9300000071525574,0.9300000071525574,217.0
2025-06-26 12:51:00,MPTI,,41.0,41.099998474121094,41.0,41.099998474121094,1170.0
2025-06-26 12:51:00,MWG,,0.25999999046325684,0.25999999046325684,0.25999999046325684,0.25999999046325684,100.0
2025-06-26 12:51:00,NCL,,0.17990000545978546,0.17990000545978546,0.17990000545978546,0.17990000545978546,956.0
2025-06-26 12:51:00,NFGC,,1.4800000190734863,1.4800000190734863,1.4800000190734863,1.4800000190734863,206.0
2025-06-26 12:51:00,NG,,4.070000171661377,4.070000171661377,4.065000057220459,4.065000057220459,405.0
2025-06-26 12:51:00,NGD,,4.909900188446045,4.909999847412109,4.900000095367432,4.90500020980835,11688.0
2025-06-26 12:51:00,NML,,8.819999694824219,8.819999694824219,8.819999694824219,8.819999694824219,45106.0
2025-06-26 12:51:00,OBE,,5.59499979019165,5.59499979019165,5.59499979019165,5.59499979019165,123.0
2025-06-26 12:51:00,OGEN,,3.5299999713897705,3.5299999713897705,3.5299999713897705,3.5299999713897705,101.0
2025-06-26 12:51:00,OPTT,,0.5130500197410583,0.515999972820282,0.5121999979019165,0.515999972820282,2936.0
2025-06-26 12:51:00,ORLA,,10.0,10.0,9.979999542236328,9.979999542236328,9816.0
2025-06-26 12:51:00,PLG,,1.5950000286102295,1.5950000286102295,1.5950000286102295,1.5950000286102295,4839.0
2025-06-26 12:51:00,PLMR,,150.5749969482422,150.61000061035156,150.5749969482422,150.60000610351562,2467.0
2025-06-26 12:51:00,PLX,,1.475000023841858,1.475000023841858,1.475000023841858,1.475000023841858,506.0
2025-06-26 12:51:00,REI,,0.7785000205039978,0.7785000205039978,0.7785000205039978,0.7785000205039978,354.0
2025-06-26 12:51:00,SBEV,,3.7300000190734863,3.799999952316284,3.700000047683716,3.7200000286102295,12238.0
2025-06-26 12:51:00,SEB,,2977.050048828125,2977.050048828125,2977.050048828125,2977.050048828125,1.0
2025-06-26 12:51:00,SENS,,0.5016000270843506,0.5016000270843506,0.5015000104904175,0.5015000104904175,251.0
2025-06-26 12:51:00,SGN,,1.090000033378601,1.1200000047683716,1.090000033378601,1.090000033378601,6600.0
2025-06-26 12:51:00,SLI,,1.910099983215332,1.910099983215332,1.9049999713897705,1.9049999713897705,11515.0
2025-06-26 12:51:00,SOAR,,1.4299999475479126,1.4299999475479126,1.4299999475479126,1.4299999475479126,520.0
2025-06-26 12:51:00,SVM,,4.179999828338623,4.179999828338623,4.171999931335449,4.171999931335449,1899.0
2025-06-26 12:51:00,TGB,,3.134999990463257,3.140000104904175,3.130000114440918,3.130000114440918,4016.0
2025-06-26 12:51:00,TPET,,1.1897000074386597,1.1897000074386597,1.1897000074386597,1.1897000074386597,229.0
2025-06-26 12:51:00,TRX,,0.33010101318359375,0.33010101318359375,0.33010101318359375,0.33010101318359375,231315.0
2025-06-26 12:51:00,UAMY,,2.555000066757202,2.558000087738037,2.555000066757202,2.558000087738037,1293.0
2025-06-26 12:51:00,UEC,,6.925000190734863,6.925000190734863,6.920000076293945,6.920199871063232,4198.0
2025-06-26 12:51:00,URG,,1.0449999570846558,1.0499999523162842,1.0399999618530273,1.0499999523162842,2166.0
2025-06-26 12:51:00,UUUU,,5.929999828338623,5.940000057220459,5.92080020904541,5.934999942779541,10235.0
2025-06-26 12:51:00,VNRX,,0.8199999928474426,0.8199999928474426,0.8199999928474426,0.8199999928474426,400.0
2025-06-26 12:51:00,VTAK,,0.249099999666214,0.249099999666214,0.24899999797344208,0.24899999797344208,2882.0
2025-06-26 12:51:00,VZLA,,2.984999895095825,2.984999895095825,2.9800000190734863,2.9800000190734863,6515.0
2025-06-26 12:51:00,ZDGE,,4.059999942779541,4.059999942779541,4.059999942779541,4.059999942779541,300.0
2025-06-26 12:52:00,AREN,,5.664999961853027,5.664999961853027,5.664999961853027,5.664999961853027,1200.0
2025-06-26 12:52:00,ASM,,3.5799999237060547,3.5799999237060547,3.569999933242798,3.570199966430664,12520.0
2025-06-26 12:52:00,ATNM,,1.534999966621399,1.534999966621399,1.534999966621399,1.534999966621399,105.0
2025-06-26 12:52:00,BEEP,,4.210000038146973,4.340000152587891,4.150000095367432,4.170000076293945,7023.0
2025-06-26 12:52:00,BRBS,,3.2799999713897705,3.2799999713897705,3.2799999713897705,3.2799999713897705,103.0
2025-06-26 12:52:00,BTG,,3.640000104904175,3.640000104904175,3.630000114440918,3.640000104904175,16621.0
2025-06-26 12:52:00,CATX,,3.6549999713897705,3.6600000858306885,3.6549999713897705,3.6600000858306885,1172.0
2025-06-26 12:52:00,CBOE,,227.97000122070312,227.97000122070312,227.97000122070312,227.97000122070312,775.0
2025-06-26 12:52:00,CIK,,2.934999942779541,2.934999942779541,2.934999942779541,2.934999942779541,100.0
2025-06-26 12:52:00,CLM,,7.945000171661377,7.945000171661377,7.945000171661377,7.945000171661377,5025.0
2025-06-26 12:52:00,CQP,,55.96500015258789,55.96500015258789,55.96500015258789,55.96500015258789,301.0
2025-06-26 12:52:00,CRF,,7.554999828338623,7.560200214385986,7.550000190734863,7.559999942779541,15721.0
2025-06-26 12:52:00,CTM,,1.045199990272522,1.045199990272522,1.0449999570846558,1.0449999570846558,4803.0
2025-06-26 12:52:00,DC,,3.815000057220459,3.815000057220459,3.815000057220459,3.815000057220459,137.0
2025-06-26 12:52:00,DNN,,1.8350000381469727,1.837499976158142,1.8300000429153442,1.830299973487854,245175.0
2025-06-26 12:52:00,EAD,,6.980000019073486,6.980000019073486,6.980000019073486,6.980000019073486,861.0
2025-06-26 12:52:00,ELLO,,17.799999237060547,17.799999237060547,17.799999237060547,17.799999237060547,600.0
2025-06-26 12:52:00,ELMD,,21.489999771118164,21.489999771118164,21.489999771118164,21.489999771118164,178.0
2025-06-26 12:52:00,EQX,,5.914999961853027,5.914999961853027,5.914999961853027,5.914999961853027,694.0
2025-06-26 12:52:00,ERC,,9.390000343322754,9.390000343322754,9.390000343322754,9.390000343322754,100.0
2025-06-26 12:52:00,FOXO,,0.19900000095367432,0.19900000095367432,0.19900000095367432,0.19900000095367432,268.0
2025-06-26 12:52:00,GGN,,4.375,4.375,4.375,4.375,203.0
2025-06-26 12:52:00,GLDG,,0.7468000054359436,0.7468000054359436,0.7468000054359436,0.7468000054359436,201.0
2025-06-26 12:52:00,GNS,,0.9900000095367432,1.0198999643325806,0.9900000095367432,1.0,99216.0
2025-06-26 12:52:00,GROY,,2.299999952316284,2.299999952316284,2.299999952316284,2.299999952316284,1304.0
2025-06-26 12:52:00,GSAT,,23.459999084472656,23.459999084472656,23.440000534057617,23.440000534057617,1179.0
2025-06-26 12:52:00,HUSA,,13.300000190734863,13.300000190734863,13.300000190734863,13.300000190734863,205.0
2025-06-26 12:52:00,IBO,,1.0104000568389893,1.0199999809265137,1.0099999904632568,1.0149999856948853,3083.0
2025-06-26 12:52:00,IMO,,81.63999938964844,81.63999938964844,81.63999938964844,81.63999938964844,1515.0
2025-06-26 12:52:00,INDO,,3.2149999141693115,3.2149999141693115,3.211199998855591,3.211199998855591,253.0
2025-06-26 12:52:00,ITP,,0.18979999423027039,0.18979999423027039,0.18979999423027039,0.18979999423027039,2015.0
2025-06-26 12:52:00,ITRG,,1.565000057220459,1.565000057220459,1.565000057220459,1.565000057220459,750.0
2025-06-26 12:52:00,KNW,,1.909999966621399,1.9299999475479126,1.909999966621399,1.9299999475479126,14805.0
2025-06-26 12:52:00,KULR,,5.090000152587891,5.096499919891357,5.090000152587891,5.096499919891357,8101.0
2025-06-26 12:52:00,LCTX,,1.0099999904632568,1.0149999856948853,1.0099999904632568,1.0099999904632568,3508.0
2025-06-26 12:52:00,LEU,,179.27999877929688,179.57359313964844,179.21470642089844,179.57359313964844,7311.0
2025-06-26 12:52:00,LMND,,41.970001220703125,42.0099983215332,41.959999084472656,42.0099983215332,1638.0
2025-06-26 12:52:00,LNG,,242.4550018310547,242.4550018310547,242.4550018310547,242.4550018310547,798.0
2025-06-26 12:52:00,LODE,,3.7887001037597656,3.7887001037597656,3.7887001037597656,3.7887001037597656,525.0
2025-06-26 12:52:00,MAG,,21.3700008392334,21.3700008392334,21.3700008392334,21.3700008392334,246.0
2025-06-26 12:52:00,MAIA,,1.7352999448776245,1.7352999448776245,1.7100000381469727,1.7100000381469727,1116.0
2025-06-26 12:52:00,MITQ,,0.660099983215332,0.660099983215332,0.660099983215332,0.660099983215332,10002.0
2025-06-26 12:52:00,MYO,,2.240000009536743,2.240000009536743,2.240000009536743,2.240000009536743,184.0
2025-06-26 12:52:00,NAK,,1.565000057220459,1.565000057220459,1.559999942779541,1.559999942779541,662.0
2025-06-26 12:52:00,NBH,,9.795000076293945,9.795000076293945,9.795000076293945,9.795000076293945,205.0
2025-06-26 12:52:00,NCL,,0.17820000648498535,0.17820000648498535,0.17810000479221344,0.17810000479221344,2006.0
2025-06-26 12:52:00,NEWP,,1.3794000148773193,1.3794000148773193,1.3794000148773193,1.3794000148773193,1000.0
2025-06-26 12:52:00,NG,,4.065000057220459,4.070000171661377,4.065000057220459,4.065000057220459,815.0
2025-06-26 12:52:00,NGD,,4.90500020980835,4.909999847412109,4.900000095367432,4.900000095367432,17182.0
2025-06-26 12:52:00,NHS,,7.5,7.5,7.5,7.5,826.0
2025-06-26 12:52:00,OPTT,,0.5178999900817871,0.5178999900817871,0.5149999856948853,0.5149999856948853,22703.0
2025-06-26 12:52:00,ORLA,,10.0,10.0,9.994999885559082,9.994999885559082,1580.0
2025-06-26 12:52:00,PLG,,1.600000023841858,1.600000023841858,1.5901000499725342,1.5901000499725342,3043.0
2025-06-26 12:52:00,PLX,,1.475000023841858,1.475000023841858,1.475000023841858,1.475000023841858,735.0
2025-06-26 12:52:00,REI,,0.7785000205039978,0.7785000205039978,0.7785000205039978,0.7785000205039978,108.0
2025-06-26 12:52:00,REPX,,26.780000686645508,26.780000686645508,26.780000686645508,26.780000686645508,1353.0
2025-06-26 12:52:00,SBEV,,3.719899892807007,3.7300000190734863,3.6500000953674316,3.7000999450683594,15095.0
2025-06-26 12:52:00,SEB,,2976.85009765625,2977.050048828125,2976.85009765625,2977.050048828125,6.0
2025-06-26 12:52:00,SENS,,0.5015000104904175,0.5016000270843506,0.5015000104904175,0.5015000104904175,19250.0
2025-06-26 12:52:00,SGN,,1.089400053024292,1.0898000001907349,1.0700000524520874,1.0800000429153442,7598.0
2025-06-26 12:52:00,SIF,,3.259999990463257,3.259999990463257,3.259999990463257,3.259999990463257,125921.0
2025-06-26 12:52:00,SLI,,1.9199999570846558,1.9199999570846558,1.910099983215332,1.9149999618530273,4243.0
2025-06-26 12:52:00,STXS,,2.234999895095825,2.234999895095825,2.234999895095825,2.234999895095825,136.0
2025-06-26 12:52:00,SVM,,4.179999828338623,4.179999828338623,4.179999828338623,4.179999828338623,116.0
2025-06-26 12:52:00,TGB,,3.134999990463257,3.134999990463257,3.130000114440918,3.130000114440918,1722.0
2025-06-26 12:52:00,THM,,0.8899999856948853,0.8901000022888184,0.8899999856948853,0.8901000022888184,97780.0
2025-06-26 12:52:00,UAMY,,2.555000066757202,2.555000066757202,2.555000066757202,2.555000066757202,300.0
2025-06-26 12:52:00,UEC,,6.925000190734863,6.925000190734863,6.920000076293945,6.925000190734863,8818.0
2025-06-26 12:52:00,URG,,1.0449999570846558,1.0449999570846558,1.0399999618530273,1.0399999618530273,2584.0
2025-06-26 12:52:00,USAS,,0.8299999833106995,0.8355000019073486,0.8299999833106995,0.8355000019073486,12270.0
2025-06-26 12:52:00,UTG,,35.45000076293945,35.45000076293945,35.45000076293945,35.45000076293945,146.0
2025-06-26 12:52:00,UUUU,,5.920100212097168,5.929999828338623,5.920100212097168,5.925000190734863,3375.0
2025-06-26 12:52:00,VKI,,8.204999923706055,8.204999923706055,8.204999923706055,8.204999923706055,100.0
2025-06-26 12:52:00,VTAK,,0.2488510012626648,0.2488510012626648,0.2488510012626648,0.2488510012626648,140.0
2025-06-26 12:52:00,VZLA,,2.984999895095825,2.988800048828125,2.984999895095825,2.984999895095825,3089052.0
2025-06-26 12:52:00,WYY,,3.3350000381469727,3.3350000381469727,3.3350000381469727,3.3350000381469727,191.0
2025-06-26 12:52:00,XTNT,,0.6348000168800354,0.6395999789237976,0.6348000168800354,0.6395999789237976,2000.0
2025-06-26 12:53:00,AREN,,5.639999866485596,5.639999866485596,5.639999866485596,5.639999866485596,178.0
2025-06-26 12:53:00,ARMN,,6.849999904632568,6.849999904632568,6.849999904632568,6.849999904632568,107.0
2025-06-26 12:53:00,ASM,,3.575000047683716,3.575000047683716,3.575000047683716,3.575000047683716,322.0
2025-06-26 12:53:00,ATNM,,1.534999966621399,1.534999966621399,1.534999966621399,1.534999966621399,102.0
2025-06-26 12:53:00,BCV,,18.7549991607666,18.7549991607666,18.7549991607666,18.7549991607666,187.0
2025-06-26 12:53:00,BRBS,,3.2699999809265137,3.2699999809265137,3.2699999809265137,3.2699999809265137,261.0
2025-06-26 12:53:00,BTG,,3.640000104904175,3.640000104904175,3.634999990463257,3.640000104904175,3943.0
2025-06-26 12:53:00,CATX,,3.6600000858306885,3.6600000858306885,3.6549999713897705,3.6549999713897705,345.0
2025-06-26 12:53:00,CBOE,,227.9600067138672,227.9600067138672,227.9600067138672,227.9600067138672,331.0
2025-06-26 12:53:00,CIK,,2.934999942779541,2.934999942779541,2.934999942779541,2.934999942779541,200.0
2025-06-26 12:53:00,CLM,,7.940000057220459,7.942599773406982,7.940000057220459,7.942599773406982,570.0
2025-06-26 12:53:00,CQP,,55.96500015258789,56.06999969482422,55.880001068115234,55.880001068115234,700.0
2025-06-26 12:53:00,CRF,,7.5524001121521,7.5524001121521,7.5524001121521,7.5524001121521,1533.0
2025-06-26 12:53:00,CTM,,1.0499999523162842,1.0499999523162842,1.0449999570846558,1.0499999523162842,305.0
2025-06-26 12:53:00,DDC,,10.210000038146973,10.210000038146973,10.210000038146973,10.210000038146973,973.0
2025-06-26 12:53:00,DNN,,1.8300000429153442,1.8393000364303589,1.8300000429153442,1.8350000381469727,59195.0
2025-06-26 12:53:00,ELLO,,17.799999237060547,17.799999237060547,17.799999237060547,17.799999237060547,264.0
2025-06-26 12:53:00,EPM,,4.78000020980835,4.78000020980835,4.78000020980835,4.78000020980835,364.0
2025-06-26 12:53:00,EQX,,5.920000076293945,5.920000076293945,5.910399913787842,5.919899940490723,4970.0
2025-06-26 12:53:00,ESP,,45.5,45.5,45.5,45.5,588.0
2025-06-26 12:53:00,EVM,,8.84000015258789,8.84000015258789,8.84000015258789,8.84000015258789,100.0
2025-06-26 12:53:00,EVV,,10.176199913024902,10.176199913024902,10.176199913024902,10.176199913024902,2029.0
2025-06-26 12:53:00,FSP,,1.6799999475479126,1.684999942779541,1.6799999475479126,1.684999942779541,200.0
2025-06-26 12:53:00,FTF,,6.380000114440918,6.380000114440918,6.380000114440918,6.380000114440918,100.0
2025-06-26 12:53:00,GAU,,1.2799999713897705,1.2799999713897705,1.2799999713897705,1.2799999713897705,133.0
2025-06-26 12:53:00,GLDG,,0.7468000054359436,0.7468000054359436,0.7468000054359436,0.7468000054359436,400.0
2025-06-26 12:53:00,GNS,,1.0,1.0,0.9800000190734863,0.9900000095367432,108493.0
2025-06-26 12:53:00,GORO,,0.5559999942779541,0.5559999942779541,0.5460000038146973,0.5460000038146973,60936.0
2025-06-26 12:53:00,GROY,,2.299999952316284,2.299999952316284,2.2950000762939453,2.299999952316284,2038.0
2025-06-26 12:53:00,IBO,,1.0099999904632568,1.0199999809265137,1.0099999904632568,1.0099999904632568,7401.0
2025-06-26 12:53:00,IE,,9.96500015258789,9.970000267028809,9.96500015258789,9.970000267028809,892.0
2025-06-26 12:53:00,INDO,,3.2100000381469727,3.2149999141693115,3.2100000381469727,3.211199998855591,947.0
2025-06-26 12:53:00,KNW,,1.909999966621399,1.909999966621399,1.899999976158142,1.899999976158142,5300.0
2025-06-26 12:53:00,KULR,,5.0991997718811035,5.0991997718811035,5.090000152587891,5.090000152587891,4923.0
2025-06-26 12:53:00,LCTX,,1.0099999904632568,1.0099999904632568,1.0099999904632568,1.0099999904632568,1806.0
2025-06-26 12:53:00,LEU,,179.30499267578125,179.5500030517578,178.8000030517578,179.30499267578125,18240.0
2025-06-26 12:53:00,LGL,,7.099999904632568,7.099999904632568,7.099999904632568,7.099999904632568,208.0
2025-06-26 12:53:00,LMND,,41.95159912109375,41.95159912109375,41.91999816894531,41.95000076293945,2300.0
2025-06-26 12:53:00,LNG,,242.61000061035156,242.61000061035156,242.4550018310547,242.4550018310547,1131.0
2025-06-26 12:53:00,LODE,,3.7899999618530273,3.7899999618530273,3.7799999713897705,3.7799999713897705,665.0
2025-06-26 12:53:00,MAG,,21.364999771118164,21.3700008392334,21.364999771118164,21.3700008392334,1894.0
2025-06-26 12:53:00,MITQ,,0.6675000190734863,0.6675000190734863,0.6675000190734863,0.6675000190734863,550.0
2025-06-26 12:53:00,MYO,,2.234999895095825,2.244999885559082,2.234999895095825,2.244999885559082,2427.0
2025-06-26 12:53:00,NAK,,1.5600999593734741,1.5700000524520874,1.5600999593734741,1.5700000524520874,507.0
2025-06-26 12:53:00,NCL,,0.17820000648498535,0.17919999361038208,0.17820000648498535,0.17820000648498535,2274734.0
2025-06-26 12:53:00,NG,,4.065000057220459,4.070000171661377,4.065000057220459,4.070000171661377,7132.0
2025-06-26 12:53:00,NGD,,4.900000095367432,4.909999847412109,4.900000095367432,4.909999847412109,10253.0
2025-06-26 12:53:00,NNVC,,1.2400000095367432,1.2400000095367432,1.2400000095367432,1.2400000095367432,456.0
2025-06-26 12:53:00,OBE,,5.599899768829346,5.599999904632568,5.599899768829346,5.599999904632568,330.0
2025-06-26 12:53:00,OGEN,,3.5,3.5,3.5,3.5,201.0
2025-06-26 12:53:00,OPTT,,0.5184000134468079,0.5205000042915344,0.5160999894142151,0.5184000134468079,55919.0
2025-06-26 12:53:00,PED,,0.6700000166893005,0.6700000166893005,0.6700000166893005,0.6700000166893005,37406.0
2025-06-26 12:53:00,PLG,,1.600000023841858,1.600000023841858,1.600000023841858,1.600000023841858,1024.0
2025-06-26 12:53:00,PLX,,1.4800000190734863,1.4800000190734863,1.4800000190734863,1.4800000190734863,942.0
2025-06-26 12:53:00,REI,,0.7771999835968018,0.7785000205039978,0.7771999835968018,0.7785000205039978,738.0
2025-06-26 12:53:00,RLGT,,6.019999980926514,6.019999980926514,6.019999980926514,6.019999980926514,101.0
2025-06-26 12:53:00,SATX,,2.950000047683716,2.950000047683716,2.950000047683716,2.950000047683716,626.0
2025-06-26 12:53:00,SBEV,,3.799999952316284,3.880000114440918,3.6600000858306885,3.688199996948242,20016.0
2025-06-26 12:53:00,SEB,,2967.510009765625,2970.260009765625,2965.659912109375,2970.260009765625,5.0
2025-06-26 12:53:00,SENS,,0.501550018787384,0.5016000270843506,0.5015010237693787,0.5016000270843506,6524.0
2025-06-26 12:53:00,SGN,,1.0800000429153442,1.0800000429153442,1.0750000476837158,1.0750000476837158,660.0
2025-06-26 12:53:00,SLI,,1.910099983215332,1.9149999618530273,1.910099983215332,1.9149999618530273,608.0
2025-06-26 12:53:00,SOAR,,1.4211000204086304,1.4211000204086304,1.4211000204086304,1.4211000204086304,1005.0
2025-06-26 12:53:00,SVM,,4.175000190734863,4.175000190734863,4.175000190734863,4.175000190734863,231.0
2025-06-26 12:53:00,TGB,,3.130000114440918,3.1301000118255615,3.130000114440918,3.1301000118255615,1700.0
2025-06-26 12:53:00,TMQ,,1.5049999952316284,1.5049999952316284,1.5049999952316284,1.5049999952316284,200.0
2025-06-26 12:53:00,TRX,,0.3334999978542328,0.3334999978542328,0.3334999978542328,0.3334999978542328,24000.0
2025-06-26 12:53:00,UAMY,,2.565000057220459,2.565000057220459,2.555000066757202,2.555000066757202,12133.0
2025-06-26 12:53:00,UAVS,,1.0901000499725342,1.0999000072479248,1.090000033378601,1.0999000072479248,4879.0
2025-06-26 12:53:00,UEC,,6.914999961853027,6.925000190734863,6.909999847412109,6.921599864959717,33837.0
2025-06-26 12:53:00,URG,,1.0449999570846558,1.0499999523162842,1.0449999570846558,1.0449999570846558,6000.0
2025-06-26 12:53:00,USAS,,0.8303999900817871,0.8319000005722046,0.8281999826431274,0.8303999900817871,1238632.0
2025-06-26 12:53:00,UTG,,35.450801849365234,35.470001220703125,35.450801849365234,35.470001220703125,1186.0
2025-06-26 12:53:00,UUUU,,5.929900169372559,5.929999828338623,5.925000190734863,5.929999828338623,1557.0
2025-06-26 12:53:00,VGZ,,1.0199999809265137,1.0199999809265137,1.0199999809265137,1.0199999809265137,100.0
2025-06-26 12:53:00,VZLA,,2.9886999130249023,2.9886999130249023,2.9800000190734863,2.9800000190734863,6449.0
2025-06-26 12:53:00,XTNT,,0.6299999952316284,0.6299999952316284,0.6299999952316284,0.6299999952316284,1849.0
2025-06-26 12:54:00,ARMN,,6.855000019073486,6.855000019073486,6.849999904632568,6.849999904632568,1333.0
2025-06-26 12:54:00,ASM,,3.575000047683716,3.575000047683716,3.575000047683716,3.575000047683716,100.0
2025-06-26 12:54:00,ATNM,,1.534999966621399,1.534999966621399,1.534999966621399,1.534999966621399,345.0
2025-06-26 12:54:00,BRBS,,3.2699999809265137,3.2699999809265137,3.2699999809265137,3.2699999809265137,161.0
2025-06-26 12:54:00,BTG,,3.630000114440918,3.640000104904175,3.630000114440918,3.640000104904175,12182.0
2025-06-26 12:54:00,BURU,,0.3319000005722046,0.3319000005722046,0.3319000005722046,0.3319000005722046,691.0
2025-06-26 12:54:00,CATX,,3.674999952316284,3.674999952316284,3.6600000858306885,3.674999952316284,2534.0
2025-06-26 12:54:00,CBOE,,227.89999389648438,227.89999389648438,227.89999389648438,227.89999389648438,405.0
2025-06-26 12:54:00,CEF,,30.41990089416504,30.41990089416504,30.41990089416504,30.41990089416504,356.0
2025-06-26 12:54:00,CIK,,2.934999942779541,2.934999942779541,2.934999942779541,2.934999942779541,200.0
2025-06-26 12:54:00,CLM,,7.942599773406982,7.949900150299072,7.940000057220459,7.940000057220459,13232.0
2025-06-26 12:54:00,CMT,,17.0,17.0,17.0,17.0,276.0
2025-06-26 12:54:00,CQP,,55.96500015258789,55.96500015258789,55.96500015258789,55.96500015258789,300.0
2025-06-26 12:54:00,CRF,,7.554999828338623,7.554999828338623,7.554999828338623,7.554999828338623,591.0
2025-06-26 12:54:00,CTM,,1.0499999523162842,1.0499999523162842,1.0449999570846558,1.0449999570846558,200.0
2025-06-26 12:54:00,CYBN,,8.5649995803833,8.5649995803833,8.5649995803833,8.5649995803833,421.0
2025-06-26 12:54:00,DHY,,2.1096999645233154,2.109999895095825,2.1096999645233154,2.109999895095825,1249.0
2025-06-26 12:54:00,DNN,,1.8250000476837158,1.839900016784668,1.8200000524520874,1.8301000595092773,647279.0
2025-06-26 12:54:00,EAD,,6.989999771118164,6.989999771118164,6.989999771118164,6.989999771118164,100.0
2025-06-26 12:54:00,EQX,,5.920000076293945,5.920000076293945,5.909999847412109,5.914999961853027,9766.0
2025-06-26 12:54:00,ESP,,45.90999984741211,45.90999984741211,45.90999984741211,45.90999984741211,362.0
2025-06-26 12:54:00,FSP,,1.684999942779541,1.684999942779541,1.684999942779541,1.684999942779541,100.0
2025-06-26 12:54:00,GGN,,4.375,4.375,4.375,4.375,100.0
2025-06-26 12:54:00,GLO,,5.3403000831604,5.34499979019165,5.3403000831604,5.34499979019165,2957.0
2025-06-26 12:54:00,GLQ,,6.960000038146973,6.960000038146973,6.960000038146973,6.960000038146973,150.0
2025-06-26 12:54:00,GNS,,1.024999976158142,1.0399999618530273,0.9952800273895264,0.9952800273895264,122487.0
2025-06-26 12:54:00,GROY,,2.299999952316284,2.299999952316284,2.299999952316284,2.299999952316284,6190.0
2025-06-26 12:54:00,HUSA,,13.149999618530273,13.35099983215332,13.149999618530273,13.35099983215332,2593.0
2025-06-26 12:54:00,IBO,,0.9950000047683716,1.0099999904632568,0.9950000047683716,1.0099999904632568,9870.0
2025-06-26 12:54:00,IE,,9.954999923706055,9.979999542236328,9.954999923706055,9.979999542236328,1622.0
2025-06-26 12:54:00,IMO,,81.56999969482422,81.6050033569336,81.56999969482422,81.5999984741211,451.0
2025-06-26 12:54:00,INDO,,3.2186999320983887,3.2200000286102295,3.200700044631958,3.2100000381469727,4482.0
2025-06-26 12:54:00,INFU,,6.369999885559082,6.369999885559082,6.369999885559082,6.369999885559082,364.0
2025-06-26 12:54:00,INUV,,3.8499999046325684,3.852799892425537,3.8499999046325684,3.852799892425537,236.0
2025-06-26 12:54:00,KNW,,1.9149999618530273,1.9291000366210938,1.9149999618530273,1.9199999570846558,5412.0
2025-06-26 12:54:00,KULR,,5.099999904632568,5.099999904632568,5.090000152587891,5.099999904632568,5131.0
2025-06-26 12:54:00,LCTX,,1.0149999856948853,1.0149999856948853,1.0099999904632568,1.0099999904632568,2842.0
2025-06-26 12:54:00,LEU,,179.50010681152344,179.58999633789062,178.8845977783203,179.50010681152344,2443.0
2025-06-26 12:54:00,LMND,,41.93239974975586,41.96989822387695,41.93239974975586,41.96989822387695,1633.0
2025-06-26 12:54:00,LODE,,3.7799999713897705,3.7799999713897705,3.7799999713897705,3.7799999713897705,258.0
2025-06-26 12:54:00,MAG,,21.3799991607666,21.3799991607666,21.3799991607666,21.3799991607666,4899.0
2025-06-26 12:54:00,MAIA,,1.680899977684021,1.680899977684021,1.680899977684021,1.680899977684021,175.0
2025-06-26 12:54:00,MTA,,3.8691000938415527,3.8691000938415527,3.8691000938415527,3.8691000938415527,476.0
2025-06-26 12:54:00,NAK,,1.5611000061035156,1.569000005722046,1.559999942779541,1.565000057220459,34871.0
2025-06-26 12:54:00,NBH,,9.795000076293945,9.795000076293945,9.795000076293945,9.795000076293945,200.0
2025-06-26 12:54:00,NCL,,0.18150000274181366,0.18150000274181366,0.18150000274181366,0.18150000274181366,2146.0
2025-06-26 12:54:00,NFGC,,1.4800000190734863,1.4800000190734863,1.4800000190734863,1.4800000190734863,780.0
2025-06-26 12:54:00,NG,,4.070000171661377,4.070000171661377,4.070000171661377,4.070000171661377,592.0
2025-06-26 12:54:00,NGD,,4.914999961853027,4.920000076293945,4.900000095367432,4.90500020980835,194592.0
2025-06-26 12:54:00,OPTT,,0.520018994808197,0.520018994808197,0.5162000060081482,0.5162000060081482,1426.0
2025-06-26 12:54:00,ORLA,,10.0,10.0,10.0,10.0,215.0
2025-06-26 12:54:00,PLG,,1.5950000286102295,1.5950000286102295,1.5950000286102295,1.5950000286102295,1200.0
2025-06-26 12:54:00,PRK,,166.18499755859375,166.18499755859375,166.18499755859375,166.18499755859375,138.0
2025-06-26 12:54:00,REI,,0.7785000205039978,0.7785000205039978,0.7785000205039978,0.7785000205039978,1156.0
2025-06-26 12:54:00,RLGT,,6.03000020980835,6.03000020980835,6.03000020980835,6.03000020980835,200.0
2025-06-26 12:54:00,SBEV,,3.854300022125244,3.928999900817871,3.690000057220459,3.799999952316284,23065.0
2025-06-26 12:54:00,SENS,,0.5015000104904175,0.5015000104904175,0.5015000104904175,0.5015000104904175,1201.0
2025-06-26 12:54:00,SGN,,1.0896999835968018,1.0896999835968018,1.0831999778747559,1.0866999626159668,1033.0
2025-06-26 12:54:00,SLI,,1.9199999570846558,1.9199999570846558,1.9199999570846558,1.9199999570846558,1029.0
2025-06-26 12:54:00,SLND,,3.9000000953674316,3.9000000953674316,3.9000000953674316,3.9000000953674316,3746.0
2025-06-26 12:54:00,SVM,,4.170000076293945,4.179999828338623,4.170000076293945,4.175000190734863,88180.0
2025-06-26 12:54:00,TGB,,3.130000114440918,3.134999990463257,3.130000114440918,3.134999990463257,8118.0
2025-06-26 12:54:00,TMQ,,1.500100016593933,1.500100016593933,1.5,1.5,4333.0
2025-06-26 12:54:00,UAMY,,2.565000057220459,2.565000057220459,2.565000057220459,2.565000057220459,527.0
2025-06-26 12:54:00,UEC,,6.90500020980835,6.914999961853027,6.900000095367432,6.914999961853027,107330.0
2025-06-26 12:54:00,URG,,1.0449999570846558,1.0499999523162842,1.0449999570846558,1.0499999523162842,6811.0
2025-06-26 12:54:00,USAS,,0.8281999826431274,0.8281999826431274,0.8281999826431274,0.8281999826431274,401.0
2025-06-26 12:54:00,UUUU,,5.909999847412109,5.928500175476074,5.909999847412109,5.928500175476074,15087.0
2025-06-26 12:54:00,VKI,,8.204999923706055,8.204999923706055,8.204999923706055,8.204999923706055,267.0
2025-06-26 12:54:00,VNRX,,0.8199999928474426,0.8199999928474426,0.8199999928474426,0.8199999928474426,1000.0
2025-06-26 12:54:00,VZLA,,2.988100051879883,2.988100051879883,2.9800000190734863,2.9800000190734863,3254.0
2025-06-26 12:54:00,WRN,,1.2400000095367432,1.2400000095367432,1.2400000095367432,1.2400000095367432,300.0
2025-06-26 12:54:00,WWR,,0.5911499857902527,0.5911499857902527,0.5911499857902527,0.5911499857902527,2000.0
2025-06-26 12:55:00,AREN,,5.630000114440918,5.630000114440918,5.630000114440918,5.630000114440918,231.0
2025-06-26 12:55:00,ARMN,,6.855000019073486,6.855000019073486,6.855000019073486,6.855000019073486,589.0
2025-06-26 12:55:00,ASM,,3.559999942779541,3.575000047683716,3.559999942779541,3.575000047683716,23451.0
2025-06-26 12:55:00,ATNM,,1.5398999452590942,1.5398999452590942,1.5398999452590942,1.5398999452590942,521.0
2025-06-26 12:55:00,AZTR,,0.26269999146461487,0.26269999146461487,0.2596000134944916,0.26030001044273376,15820.0
2025-06-26 12:55:00,BCV,,18.7549991607666,18.7549991607666,18.7549991607666,18.7549991607666,187.0
2025-06-26 12:55:00,BEEP,,4.25,4.25,4.25,4.25,180.0
2025-06-26 12:55:00,BRBS,,3.2699999809265137,3.2699999809265137,3.2699999809265137,3.2699999809265137,110.0
2025-06-26 12:55:00,BTG,,3.640000104904175,3.640000104904175,3.630000114440918,3.630000114440918,41077.0
2025-06-26 12:55:00,BURU,,0.3319000005722046,0.3319000005722046,0.3319000005722046,0.3319000005722046,1620.0
2025-06-26 12:55:00,CATX,,3.7200000286102295,3.7200000286102295,3.6796998977661133,3.6796998977661133,8453.0
2025-06-26 12:55:00,CBOE,,227.8800048828125,227.89999389648438,227.8800048828125,227.89999389648438,944.0
2025-06-26 12:55:00,CCEL,,5.260000228881836,5.380000114440918,5.260000228881836,5.380000114440918,382.0
2025-06-26 12:55:00,CEF,,30.40999984741211,30.410900115966797,30.40999984741211,30.410900115966797,860.0
2025-06-26 12:55:00,CIK,,2.934999942779541,2.934999942779541,2.934999942779541,2.934999942779541,100.0
2025-06-26 12:55:00,CLDI,,0.2222999930381775,0.2222999930381775,0.2222999930381775,0.2222999930381775,329.0
2025-06-26 12:55:00,CLM,,7.940000057220459,7.945000171661377,7.940000057220459,7.940000057220459,2152.0
2025-06-26 12:55:00,CMCL,,19.200000762939453,19.200000762939453,19.200000762939453,19.200000762939453,310.0
2025-06-26 12:55:00,CQP,,55.95500183105469,55.959999084472656,55.95500183105469,55.959999084472656,1057.0
2025-06-26 12:55:00,CRF,,7.554999828338623,7.559899806976318,7.554999828338623,7.559899806976318,388.0
2025-06-26 12:55:00,CTM,,1.0449999570846558,1.0449999570846558,1.0449999570846558,1.0449999570846558,340.0
2025-06-26 12:55:00,CYBN,,8.569999694824219,8.569999694824219,8.569999694824219,8.569999694824219,245.0
2025-06-26 12:55:00,DDC,,10.210000038146973,10.210000038146973,10.210000038146973,10.210000038146973,375.0
2025-06-26 12:55:00,DNN,,1.8200000524520874,1.8250000476837158,1.8200000524520874,1.8200000524520874,17699.0
2025-06-26 12:55:00,EAD,,6.985000133514404,6.989999771118164,6.985000133514404,6.989999771118164,343.0
2025-06-26 12:55:00,ELMD,,21.469999313354492,21.469999313354492,21.469999313354492,21.469999313354492,122.0
2025-06-26 12:55:00,EQX,,5.925000190734863,5.929999828338623,5.909999847412109,5.925000190734863,74149.0
2025-06-26 12:55:00,EVM,,8.84000015258789,8.84000015258789,8.84000015258789,8.84000015258789,232.0
2025-06-26 12:55:00,FSP,,1.684999942779541,1.684999942779541,1.684999942779541,1.684999942779541,130.0
2025-06-26 12:55:00,FTF,,6.380000114440918,6.380000114440918,6.380000114440918,6.380000114440918,108.0
2025-06-26 12:55:00,GAU,,1.2848000526428223,1.2848000526428223,1.2848000526428223,1.2848000526428223,341.0
2025-06-26 12:55:00,GLO,,5.340000152587891,5.340000152587891,5.340000152587891,5.340000152587891,175.0
2025-06-26 12:55:00,GNS,,1.0149999856948853,1.0299999713897705,1.0149999856948853,1.029099941253662,38095.0
2025-06-26 12:55:00,GROY,,2.299999952316284,2.299999952316284,2.2950000762939453,2.299999952316284,1540.0
2025-06-26 12:55:00,GSAT,,23.405000686645508,23.44499969482422,23.405000686645508,23.44499969482422,3437.0
2025-06-26 12:55:00,GTE,,5.099999904632568,5.099999904632568,5.090000152587891,5.090000152587891,681.0
2025-06-26 12:55:00,HUSA,,13.430000305175781,13.430000305175781,13.420000076293945,13.420000076293945,411.0
2025-06-26 12:55:00,IBO,,0.9998999834060669,0.9998999834060669,0.9950000047683716,0.9951000213623047,4325.0
2025-06-26 12:55:00,IE,,9.970000267028809,9.970000267028809,9.970000267028809,9.970000267028809,782.0
2025-06-26 12:55:00,IMO,,81.55999755859375,81.55999755859375,81.55999755859375,81.55999755859375,232.0
2025-06-26 12:55:00,INUV,,3.924999952316284,3.924999952316284,3.924999952316284,3.924999952316284,141.0
2025-06-26 12:55:00,ITP,,0.1875,0.18790000677108765,0.1875,0.18790000677108765,33001.0
2025-06-26 12:55:00,KNW,,1.9299999475479126,1.9299999475479126,1.910599946975708,1.9199999570846558,1986.0
2025-06-26 12:55:00,KULR,,5.090099811553955,5.098899841308594,5.090099811553955,5.09499979019165,5262.0
2025-06-26 12:55:00,LCTX,,1.0099999904632568,1.0099999904632568,1.0099999904632568,1.0099999904632568,1515.0
2025-06-26 12:55:00,LEU,,179.66940307617188,179.66940307617188,179.66940307617188,179.66940307617188,3338.0
2025-06-26 12:55:00,LMND,,41.85599899291992,41.959999084472656,41.84000015258789,41.959999084472656,4670.0
2025-06-26 12:55:00,LNG,,242.3699951171875,242.4949951171875,242.3699951171875,242.49000549316406,1991.0
2025-06-26 12:55:00,MAG,,21.389999389648438,21.389999389648438,21.389999389648438,21.389999389648438,342.0
2025-06-26 12:55:00,MRT,,2.8299999237060547,2.8299999237060547,2.8299999237060547,2.8299999237060547,354.0
2025-06-26 12:55:00,NAK,,1.5608999729156494,1.569000005722046,1.559999942779541,1.566499948501587,7420.0
2025-06-26 12:55:00,NG,,4.065000057220459,4.070000171661377,4.059999942779541,4.065000057220459,2381.0
2025-06-26 12:55:00,NGD,,4.909999847412109,4.916200160980225,4.909999847412109,4.909999847412109,16283.0
2025-06-26 12:55:00,OGEN,,3.880000114440918,3.880000114440918,3.5399999618530273,3.5399999618530273,22350.0
2025-06-26 12:55:00,OPTT,,0.5184000134468079,0.5196729898452759,0.5184000134468079,0.5196729898452759,1418.0
2025-06-26 12:55:00,ORLA,,9.984999656677246,10.0,9.984999656677246,10.0,1003.0
2025-06-26 12:55:00,PLAG,,0.859000027179718,0.859000027179718,0.859000027179718,0.859000027179718,200.0
2025-06-26 12:55:00,PLMR,,150.61000061035156,150.61000061035156,150.61000061035156,150.61000061035156,701.0
2025-06-26 12:55:00,PRK,,166.18499755859375,166.18499755859375,166.18499755859375,166.18499755859375,324.0
2025-06-26 12:55:00,REI,,0.7786499857902527,0.7799999713897705,0.7786499857902527,0.7799999713897705,402.0
2025-06-26 12:55:00,RLGT,,6.03000020980835,6.039999961853027,6.03000020980835,6.03000020980835,2312.0
2025-06-26 12:55:00,SBEV,,3.886199951171875,3.886199951171875,3.6998000144958496,3.878200054168701,13304.0
2025-06-26 12:55:00,SENS,,0.5016000270843506,0.5016000270843506,0.5015000104904175,0.5016000270843506,12400.0
2025-06-26 12:55:00,SGN,,1.1094000339508057,1.1094000339508057,1.090000033378601,1.090000033378601,481.0
2025-06-26 12:55:00,SLI,,1.9101999998092651,1.9192999601364136,1.9101999998092651,1.9192999601364136,10591.0
2025-06-26 12:55:00,SVM,,4.175000190734863,4.175000190734863,4.175000190734863,4.175000190734863,932.0
2025-06-26 12:55:00,TGB,,3.130000114440918,3.134999990463257,3.130000114440918,3.134999990463257,6548.0
2025-06-26 12:55:00,THM,,0.8899999856948853,0.8899999856948853,0.8899999856948853,0.8899999856948853,2100.0
2025-06-26 12:55:00,TMQ,,1.5,1.5,1.5,1.5,2039.0
2025-06-26 12:55:00,UAMY,,2.565000057220459,2.565000057220459,2.565000057220459,2.565000057220459,955.0
2025-06-26 12:55:00,UAVS,,1.0902999639511108,1.0902999639511108,1.0901000499725342,1.0901000499725342,3692.0
2025-06-26 12:55:00,UEC,,6.90500020980835,6.909999847412109,6.900000095367432,6.90500020980835,54452.0
2025-06-26 12:55:00,URG,,1.0449999570846558,1.0499999523162842,1.0449999570846558,1.0499999523162842,2050.0
2025-06-26 12:55:00,USAS,,0.8281999826431274,0.8319000005722046,0.8281999826431274,0.8299999833106995,19637.0
2025-06-26 12:55:00,UTG,,35.45000076293945,35.46929931640625,35.45000076293945,35.45000076293945,1046.0
2025-06-26 12:55:00,UUUU,,5.917900085449219,5.920000076293945,5.909999847412109,5.9105000495910645,23340.0
2025-06-26 12:55:00,VNRX,,0.8199999928474426,0.8199999928474426,0.8199999928474426,0.8199999928474426,400.0
2025-06-26 12:55:00,VTAK,,0.24899999797344208,0.24899999797344208,0.24899999797344208,0.24899999797344208,1568.0
2025-06-26 12:55:00,VZLA,,2.9809999465942383,2.9809999465942383,2.9809999465942383,2.9809999465942383,20203.0
2025-06-26 12:55:00,WRN,,1.2450000047683716,1.2450000047683716,1.2450000047683716,1.2450000047683716,100.0
2025-06-26 12:55:00,WWR,,0.5899999737739563,0.5899999737739563,0.5899999737739563,0.5899999737739563,1049.0
2025-06-26 12:55:00,WYY,,3.3299999237060547,3.3299999237060547,3.3299999237060547,3.3299999237060547,148.0
2025-06-26 12:55:00,ZDGE,,4.065000057220459,4.065000057220459,4.065000057220459,4.065000057220459,1116.0
2025-06-26 12:56:00,AEON,,0.7702000141143799,0.7710000276565552,0.7702000141143799,0.7710000276565552,2284.0
2025-06-26 12:56:00,AREN,,5.664999961853027,5.664999961853027,5.664999961853027,5.664999961853027,302.0
2025-06-26 12:56:00,ARMN,,6.849999904632568,6.855000019073486,6.849999904632568,6.855000019073486,306.0
2025-06-26 12:56:00,ASM,,3.565000057220459,3.569999933242798,3.555000066757202,3.555000066757202,38549.0
2025-06-26 12:56:00,ATNM,,1.534999966621399,1.534999966621399,1.534999966621399,1.534999966621399,100.0
2025-06-26 12:56:00,BEEP,,4.210000038146973,4.210000038146973,4.210000038146973,4.210000038146973,888.0
2025-06-26 12:56:00,BKTI,,55.0,55.0,55.0,55.0,278.0
2025-06-26 12:56:00,BRBS,,3.2750000953674316,3.2750000953674316,3.2699999809265137,3.2699999809265137,233.0
2025-06-26 12:56:00,BTG,,3.640000104904175,3.640000104904175,3.634999990463257,3.640000104904175,16546.0
2025-06-26 12:56:00,BURU,,0.3328000009059906,0.3328000009059906,0.3319000005722046,0.3319000005722046,1100.0
2025-06-26 12:56:00,CATX,,3.7149999141693115,3.7300000190734863,3.7149999141693115,3.7200000286102295,3842.0
2025-06-26 12:56:00,CEF,,30.40999984741211,30.40999984741211,30.40999984741211,30.40999984741211,1956.0
2025-06-26 12:56:00,CIK,,2.934999942779541,2.934999942779541,2.934999942779541,2.934999942779541,502.0
2025-06-26 12:56:00,CLDI,,0.21549999713897705,0.21549999713897705,0.21549999713897705,0.21549999713897705,1011.0
2025-06-26 12:56:00,CLM,,7.940000057220459,7.949699878692627,7.940000057220459,7.949699878692627,868.0
2025-06-26 12:56:00,CQP,,55.915000915527344,55.97999954223633,55.915000915527344,55.97999954223633,300.0
2025-06-26 12:56:00,CRF,,7.554999828338623,7.559999942779541,7.554999828338623,7.559999942779541,689.0
2025-06-26 12:56:00,CTM,,1.0449999570846558,1.0449999570846558,1.0449999570846558,1.0449999570846558,530.0
2025-06-26 12:56:00,DC,,3.815000057220459,3.815000057220459,3.815000057220459,3.815000057220459,103.0
2025-06-26 12:56:00,DNN,,1.8250000476837158,1.8250000476837158,1.8248000144958496,1.8250000476837158,23624.0
2025-06-26 12:56:00,ELA,,5.90500020980835,5.90500020980835,5.90500020980835,5.90500020980835,409.0
2025-06-26 12:56:00,ELMD,,21.34000015258789,21.34000015258789,21.34000015258789,21.34000015258789,147.0
2025-06-26 12:56:00,EQX,,5.925000190734863,5.925000190734863,5.920000076293945,5.925000190734863,27108.0
2025-06-26 12:56:00,GAU,,1.284999966621399,1.284999966621399,1.284999966621399,1.284999966621399,335.0
2025-06-26 12:56:00,GGN,,4.375,4.375,4.375,4.375,1155.0
2025-06-26 12:56:00,GLDG,,0.7459499835968018,0.7459499835968018,0.7458999752998352,0.7458999752998352,1003.0
2025-06-26 12:56:00,GLO,,5.34499979019165,5.34499979019165,5.34499979019165,5.34499979019165,100.0
2025-06-26 12:56:00,GNS,,1.0098999738693237,1.0199999809265137,1.0,1.0190000534057617,70973.0
2025-06-26 12:56:00,GROY,,2.299999952316284,2.299999952316284,2.2950000762939453,2.299999952316284,7007.0
2025-06-26 12:56:00,HUSA,,13.329999923706055,13.329999923706055,13.329999923706055,13.329999923706055,180.0
2025-06-26 12:56:00,IBO,,1.0049999952316284,1.0099999904632568,1.0,1.0,39801.0
2025-06-26 12:56:00,IE,,9.970000267028809,9.970000267028809,9.970000267028809,9.970000267028809,15453.0
2025-06-26 12:56:00,IMO,,81.51000213623047,81.51000213623047,81.51000213623047,81.51000213623047,346.0
2025-06-26 12:56:00,INDO,,3.2149999141693115,3.240000009536743,3.200000047683716,3.2100000381469727,3011.0
2025-06-26 12:56:00,ITP,,0.1873999983072281,0.1875,0.1873999983072281,0.1875,3375.0
2025-06-26 12:56:00,KULR,,5.098800182342529,5.099999904632568,5.090000152587891,5.090000152587891,1491.0
2025-06-26 12:56:00,LCTX,,1.0099999904632568,1.0149999856948853,1.0099999904632568,1.0099999904632568,1914.0
2025-06-26 12:56:00,LEU,,179.36000061035156,179.99000549316406,179.36000061035156,179.99000549316406,2199.0
2025-06-26 12:56:00,LMND,,41.880001068115234,41.880001068115234,41.83583450317383,41.86000061035156,1033.0
2025-06-26 12:56:00,LNG,,242.35000610351562,242.35000610351562,242.3300018310547,242.35000610351562,1007.0
2025-06-26 12:56:00,MAG,,21.389999389648438,21.389999389648438,21.389999389648438,21.389999389648438,200.0
2025-06-26 12:56:00,MGLD,,0.9300000071525574,0.9300000071525574,0.9300000071525574,0.9300000071525574,300.0
2025-06-26 12:56:00,MITQ,,0.675000011920929,0.675000011920929,0.675000011920929,0.675000011920929,100.0
2025-06-26 12:56:00,MXC,,9.119999885559082,9.119999885559082,9.119999885559082,9.119999885559082,672.0
2025-06-26 12:56:00,NAK,,1.5399999618530273,1.565000057220459,1.5399999618530273,1.565000057220459,105400.0
2025-06-26 12:56:00,NCL,,0.179299995303154,0.179299995303154,0.179299995303154,0.179299995303154,3000.0
2025-06-26 12:56:00,NEWP,,1.378999948501587,1.378999948501587,1.378999948501587,1.378999948501587,100.0
2025-06-26 12:56:00,NG,,4.065000057220459,4.070000171661377,4.065000057220459,4.070000171661377,618.0
2025-06-26 12:56:00,NGD,,4.9166998863220215,4.919899940490723,4.909999847412109,4.909999847412109,181454.0
2025-06-26 12:56:00,NHC,,107.93499755859375,107.93499755859375,107.93499755859375,107.93499755859375,318.0
2025-06-26 12:56:00,NRO,,3.199899911880493,3.199899911880493,3.194999933242798,3.194999933242798,300.0
2025-06-26 12:56:00,OGEN,,3.877500057220459,3.877500057220459,3.7249999046325684,3.7249999046325684,4325.0
2025-06-26 12:56:00,OPTT,,0.5206000208854675,0.5206000208854675,0.5184000134468079,0.5184000134468079,2011.0
2025-06-26 12:56:00,ORLA,,9.989999771118164,9.989999771118164,9.979999542236328,9.979999542236328,371.0
2025-06-26 12:56:00,PLG,,1.600000023841858,1.600000023841858,1.600000023841858,1.600000023841858,100.0
2025-06-26 12:56:00,REI,,0.7787500023841858,0.7800999879837036,0.7786999940872192,0.7786999940872192,18228.0
2025-06-26 12:56:00,RLGT,,6.034999847412109,6.034999847412109,6.034999847412109,6.034999847412109,101.0
2025-06-26 12:56:00,SATX,,2.950000047683716,2.950000047683716,2.950000047683716,2.950000047683716,511.0
2025-06-26 12:56:00,SBEV,,3.9100000858306885,3.940000057220459,3.875,3.890000104904175,24298.0
2025-06-26 12:56:00,SENS,,0.5015000104904175,0.5015000104904175,0.5015000104904175,0.5015000104904175,228.0
2025-06-26 12:56:00,SGN,,1.100000023841858,1.1008000373840332,1.100000023841858,1.1008000373840332,318.0
2025-06-26 12:56:00,SKYH,,9.524999618530273,9.524999618530273,9.51990032196045,9.51990032196045,742.0
2025-06-26 12:56:00,SLI,,1.9149999618530273,1.9149999618530273,1.9149999618530273,1.9149999618530273,107.0
2025-06-26 12:56:00,STRW,,10.729999542236328,10.789999961853027,10.729999542236328,10.789999961853027,612.0
2025-06-26 12:56:00,STXS,,2.234999895095825,2.238600015640259,2.234999895095825,2.234999895095825,546.0
2025-06-26 12:56:00,SVM,,4.175000190734863,4.179999828338623,4.175000190734863,4.175000190734863,2439.0
2025-06-26 12:56:00,TGB,,3.134999990463257,3.134999990463257,3.130500078201294,3.134999990463257,19145.0
2025-06-26 12:56:00,THM,,0.8899999856948853,0.8899999856948853,0.8899999856948853,0.8899999856948853,2800.0
2025-06-26 12:56:00,TMQ,,1.5,1.5,1.5,1.5,406.0
2025-06-26 12:56:00,UAMY,,2.565000057220459,2.565000057220459,2.565000057220459,2.565000057220459,269.0
2025-06-26 12:56:00,UEC,,6.925000190734863,6.929999828338623,6.90500020980835,6.90500020980835,38508.0
2025-06-26 12:56:00,URG,,1.0449999570846558,1.0499999523162842,1.0449999570846558,1.0449999570846558,1387.0
2025-06-26 12:56:00,USAS,,0.8282009959220886,0.8299999833106995,0.8281999826431274,0.8288000226020813,7387.0
2025-06-26 12:56:00,UTG,,35.45000076293945,35.45000076293945,35.45000076293945,35.45000076293945,100.0
2025-06-26 12:56:00,UUUU,,5.914999961853027,5.919600009918213,5.909999847412109,5.910200119018555,7114.0
2025-06-26 12:56:00,VGZ,,1.0252000093460083,1.0299999713897705,1.0252000093460083,1.0299999713897705,1200.0
2025-06-26 12:56:00,VZLA,,2.985100030899048,2.985100030899048,2.985100030899048,2.985100030899048,1646.0
2025-06-26 12:56:00,WWR,,0.5911999940872192,0.5928999781608582,0.5911999940872192,0.5928999781608582,3105.0
2025-06-26 12:57:00,ARMN,,6.855000019073486,6.855000019073486,6.849999904632568,6.855000019073486,1279.0
2025-06-26 12:57:00,ASM,,3.563199996948242,3.565000057220459,3.563199996948242,3.565000057220459,4033.0
2025-06-26 12:57:00,ATNM,,1.534999966621399,1.534999966621399,1.534999966621399,1.534999966621399,100.0
2025-06-26 12:57:00,AZTR,,0.2599000036716461,0.25999999046325684,0.2599000036716461,0.2599000036716461,2954.0
2025-06-26 12:57:00,BEEP,,4.25,4.25,4.25,4.25,405.0
2025-06-26 12:57:00,BKTI,,54.95840072631836,54.95840072631836,54.95840072631836,54.95840072631836,920.0
2025-06-26 12:57:00,BRBS,,3.2699999809265137,3.2699999809265137,3.2699999809265137,3.2699999809265137,241.0
2025-06-26 12:57:00,BTG,,3.640000104904175,3.640000104904175,3.634999990463257,3.640000104904175,2449.0
2025-06-26 12:57:00,BURU,,0.3319000005722046,0.3319000005722046,0.3319000005722046,0.3319000005722046,2000.0
2025-06-26 12:57:00,CATX,,3.718400001525879,3.718400001525879,3.7149999141693115,3.7149999141693115,1257.0
2025-06-26 12:57:00,CBOE,,228.11000061035156,228.11000061035156,227.88999938964844,227.88999938964844,2029.0
2025-06-26 12:57:00,CET,,47.540000915527344,47.540000915527344,47.540000915527344,47.540000915527344,262.0
2025-06-26 12:57:00,CIK,,2.934999942779541,2.934999942779541,2.934999942779541,2.934999942779541,200.0
2025-06-26 12:57:00,CLM,,7.94980001449585,7.94980001449585,7.941800117492676,7.945099830627441,3744.0
2025-06-26 12:57:00,CQP,,55.962799072265625,55.962799072265625,55.84000015258789,55.849998474121094,2497.0
2025-06-26 12:57:00,CRF,,7.554999828338623,7.554999828338623,7.554999828338623,7.554999828338623,600.0
2025-06-26 12:57:00,CTM,,1.0449999570846558,1.0499999523162842,1.0449999570846558,1.0499999523162842,200.0
2025-06-26 12:57:00,CYBN,,8.564499855041504,8.5649995803833,8.564499855041504,8.5649995803833,616.0
2025-06-26 12:57:00,DC,,3.809999942779541,3.815000057220459,3.809999942779541,3.815000057220459,758.0
2025-06-26 12:57:00,DNN,,1.8250000476837158,1.8250000476837158,1.8200000524520874,1.8202999830245972,3080.0
2025-06-26 12:57:00,EAD,,6.985000133514404,6.985000133514404,6.985000133514404,6.985000133514404,100.0
2025-06-26 12:57:00,EQX,,5.920000076293945,5.92549991607666,5.910099983215332,5.920000076293945,87477.0
2025-06-26 12:57:00,ERC,,9.390000343322754,9.390000343322754,9.390000343322754,9.390000343322754,100.0
2025-06-26 12:57:00,FSP,,1.684999942779541,1.684999942779541,1.684999942779541,1.684999942779541,547.0
2025-06-26 12:57:00,GLDG,,0.745199978351593,0.745199978351593,0.745199978351593,0.745199978351593,500.0
2025-06-26 12:57:00,GNS,,1.0049999952316284,1.0199999809265137,1.0,1.0098999738693237,62055.0
2025-06-26 12:57:00,GROY,,2.2950000762939453,2.299999952316284,2.2939999103546143,2.299999952316284,2182.0
2025-06-26 12:57:00,GSAT,,23.399999618530273,23.399999618530273,23.399999618530273,23.399999618530273,688.0
2025-06-26 12:57:00,GTE,,5.090000152587891,5.090000152587891,5.090000152587891,5.090000152587891,697.0
2025-06-26 12:57:00,HUSA,,13.421799659729004,13.421799659729004,13.421799659729004,13.421799659729004,700.0
2025-06-26 12:57:00,IBO,,1.0,1.0099999904632568,1.0,1.0,11720.0
2025-06-26 12:57:00,IE,,9.975000381469727,9.989999771118164,9.970000267028809,9.970000267028809,1741.0
2025-06-26 12:57:00,IMO,,81.51499938964844,81.51499938964844,81.51499938964844,81.51499938964844,885.0
2025-06-26 12:57:00,INDO,,3.2163000106811523,3.2163000106811523,3.2163000106811523,3.2163000106811523,451.0
2025-06-26 12:57:00,ITRG,,1.559999942779541,1.5650999546051025,1.559999942779541,1.565000057220459,2959.0
2025-06-26 12:57:00,JOB,,0.20499999821186066,0.20499999821186066,0.20499999821186066,0.20499999821186066,65173.0
2025-06-26 12:57:00,KNW,,1.9200999736785889,1.9200999736785889,1.9199999570846558,1.9199999570846558,818.0
2025-06-26 12:57:00,KULR,,5.09499979019165,5.096799850463867,5.09089994430542,5.09499979019165,1555.0
2025-06-26 12:57:00,LCTX,,1.0099999904632568,1.0099999904632568,1.0099999904632568,1.0099999904632568,1812.0
2025-06-26 12:57:00,LMND,,41.900001525878906,41.90999984741211,41.880001068115234,41.880001068115234,1534.0
2025-06-26 12:57:00,LNG,,242.43499755859375,242.43499755859375,242.43499755859375,242.43499755859375,802.0
2025-06-26 12:57:00,MAG,,21.3799991607666,21.389999389648438,21.3799991607666,21.3799991607666,372.0
2025-06-26 12:57:00,MAIA,,1.7100000381469727,1.7100000381469727,1.7100000381469727,1.7100000381469727,2591.0
2025-06-26 12:57:00,MRT,,2.799999952316284,2.8399999141693115,2.799999952316284,2.8299999237060547,1174.0
2025-06-26 12:57:00,NAK,,1.5399999618530273,1.5499000549316406,1.5399999618530273,1.5489000082015991,4805.0
2025-06-26 12:57:00,NBH,,9.795000076293945,9.795000076293945,9.795000076293945,9.795000076293945,100.0
2025-06-26 12:57:00,NCL,,0.17880100011825562,0.18060000240802765,0.17880100011825562,0.18060000240802765,334.0
2025-06-26 12:57:00,NG,,4.054999828338623,4.074999809265137,4.050000190734863,4.065000057220459,42134.0
2025-06-26 12:57:00,NGD,,4.910299777984619,4.914999961853027,4.909999847412109,4.914999961853027,8479.0
2025-06-26 12:57:00,NHS,,7.489999771118164,7.489999771118164,7.489999771118164,7.489999771118164,220.0
2025-06-26 12:57:00,NML,,8.84000015258789,8.84000015258789,8.84000015258789,8.84000015258789,115.0
2025-06-26 12:57:00,NNVC,,1.2101000547409058,1.2101000547409058,1.2101000547409058,1.2101000547409058,500.0
2025-06-26 12:57:00,OGEN,,3.859999895095825,3.880000114440918,3.859999895095825,3.859999895095825,4107.0
2025-06-26 12:57:00,OPTT,,0.5198990106582642,0.5198990106582642,0.5188000202178955,0.5188000202178955,2350.0
2025-06-26 12:57:00,ORLA,,9.989899635314941,9.989899635314941,9.989899635314941,9.989899635314941,766.0
2025-06-26 12:57:00,OZ,,65.0,65.0,65.0,65.0,458.0
2025-06-26 12:57:00,PLG,,1.590000033378601,1.600000023841858,1.590000033378601,1.600000023841858,2069.0
2025-06-26 12:57:00,PLMR,,150.36000061035156,150.36000061035156,150.36000061035156,150.36000061035156,1421.0
2025-06-26 12:57:00,PLX,,1.475000023841858,1.475000023841858,1.475000023841858,1.475000023841858,105.0
2025-06-26 12:57:00,REI,,0.7789999842643738,0.7800999879837036,0.7777000069618225,0.7788000106811523,4802.0
2025-06-26 12:57:00,RLGT,,6.034999847412109,6.034999847412109,6.034999847412109,6.034999847412109,402.0
2025-06-26 12:57:00,SBEV,,3.799999952316284,3.930000066757202,3.6382999420166016,3.930000066757202,32023.0
2025-06-26 12:57:00,SEB,,2981.639892578125,2981.639892578125,2981.639892578125,2981.639892578125,1.0
2025-06-26 12:57:00,SENS,,0.5015000104904175,0.5016000270843506,0.5015000104904175,0.5016000270843506,3384.0
2025-06-26 12:57:00,SGN,,1.100000023841858,1.100000023841858,1.100000023841858,1.100000023841858,2015.0
2025-06-26 12:57:00,SLI,,1.9187999963760376,1.9199999570846558,1.9187999963760376,1.9199999570846558,2751.0
2025-06-26 12:57:00,SOAR,,1.4399000406265259,1.4399000406265259,1.4399000406265259,1.4399000406265259,920.0
2025-06-26 12:57:00,SVM,,4.179999828338623,4.179999828338623,4.179699897766113,4.179699897766113,1762.0
2025-06-26 12:57:00,TGB,,3.1301000118255615,3.134999990463257,3.130000114440918,3.130000114440918,10149.0
2025-06-26 12:57:00,TMQ,,1.4900000095367432,1.4947999715805054,1.4900000095367432,1.4947999715805054,605.0
2025-06-26 12:57:00,TPET,,1.1799999475479126,1.1799999475479126,1.1799999475479126,1.1799999475479126,945.0
2025-06-26 12:57:00,UEC,,6.925000190734863,6.929999828338623,6.920000076293945,6.925000190734863,3907.0
2025-06-26 12:57:00,URG,,1.0499999523162842,1.0499999523162842,1.0449999570846558,1.0449999570846558,2920.0
2025-06-26 12:57:00,USAS,,0.8299999833106995,0.8299999833106995,0.8299999833106995,0.8299999833106995,100.0
2025-06-26 12:57:00,UTG,,35.459999084472656,35.459999084472656,35.459999084472656,35.459999084472656,893.0
2025-06-26 12:57:00,UUUU,,5.914999961853027,5.920000076293945,5.909999847412109,5.920000076293945,9015.0
2025-06-26 12:57:00,VGZ,,1.0199999809265137,1.0252000093460083,1.0199999809265137,1.0252000093460083,1100.0
2025-06-26 12:57:00,VZLA,,2.984999895095825,2.984999895095825,2.984999895095825,2.984999895095825,496.0
2025-06-26 12:57:00,WRN,,1.2400000095367432,1.2400000095367432,1.2400000095367432,1.2400000095367432,400.0
2025-06-26 12:58:00,AEON,,0.7699999809265137,0.7699999809265137,0.7699999809265137,0.7699999809265137,196.0
2025-06-26 12:58:00,AREN,,5.639999866485596,5.639999866485596,5.639999866485596,5.639999866485596,184.0
2025-06-26 12:58:00,ARMN,,6.849999904632568,6.849999904632568,6.849999904632568,6.849999904632568,229.0
2025-06-26 12:58:00,ASM,,3.565000057220459,3.569999933242798,3.565000057220459,3.569999933242798,375.0
2025-06-26 12:58:00,ATNM,,1.534999966621399,1.534999966621399,1.534999966621399,1.534999966621399,259.0
2025-06-26 12:58:00,AZTR,,0.25988999009132385,0.25988999009132385,0.25988999009132385,0.25988999009132385,400.0
2025-06-26 12:58:00,BRBS,,3.2750000953674316,3.2750000953674316,3.2750000953674316,3.2750000953674316,113.0
2025-06-26 12:58:00,BTG,,3.640000104904175,3.640000104904175,3.630000114440918,3.6301000118255615,14663.0
2025-06-26 12:58:00,BURU,,0.3328000009059906,0.3328000009059906,0.3328000009059906,0.3328000009059906,216.0
2025-06-26 12:58:00,CATX,,3.7100000381469727,3.7149999141693115,3.7100000381469727,3.7149999141693115,795.0
2025-06-26 12:58:00,CEF,,30.40999984741211,30.40999984741211,30.40999984741211,30.40999984741211,1051.0
2025-06-26 12:58:00,CIK,,2.934999942779541,2.934999942779541,2.934999942779541,2.934999942779541,200.0
2025-06-26 12:58:00,CLDI,,0.2240000069141388,0.2240000069141388,0.2240000069141388,0.2240000069141388,401.0
2025-06-26 12:58:00,CLM,,7.940000057220459,7.945000171661377,7.940000057220459,7.945000171661377,5837.0
2025-06-26 12:58:00,CQP,,55.915000915527344,55.915000915527344,55.915000915527344,55.915000915527344,336.0
2025-06-26 12:58:00,CRF,,7.554999828338623,7.554999828338623,7.554999828338623,7.554999828338623,6943.0
2025-06-26 12:58:00,CTM,,1.0399999618530273,1.0499999523162842,1.0399999618530273,1.0499999523162842,1869.0
2025-06-26 12:58:00,CYBN,,8.5649995803833,8.569999694824219,8.5649995803833,8.569999694824219,317.0
2025-06-26 12:58:00,DDC,,10.210000038146973,10.210000038146973,10.210000038146973,10.210000038146973,2768.0
2025-06-26 12:58:00,DNN,,1.8250000476837158,1.8250000476837158,1.8200000524520874,1.8250000476837158,1715.0
2025-06-26 12:58:00,EAD,,6.985000133514404,6.985000133514404,6.985000133514404,6.985000133514404,154.0
2025-06-26 12:58:00,ELMD,,21.280000686645508,21.479999542236328,21.280000686645508,21.479999542236328,5432.0
2025-06-26 12:58:00,EPM,,4.784999847412109,4.784999847412109,4.784999847412109,4.784999847412109,101.0
2025-06-26 12:58:00,EQX,,5.920000076293945,5.920000076293945,5.909999847412109,5.920000076293945,30519.0
2025-06-26 12:58:00,FSP,,1.690000057220459,1.690000057220459,1.684999942779541,1.684999942779541,1000.0
2025-06-26 12:58:00,GGN,,4.375,4.375,4.375,4.375,1910.0
2025-06-26 12:58:00,GLDG,,0.745199978351593,0.745199978351593,0.745199978351593,0.745199978351593,1105.0
2025-06-26 12:58:00,GNS,,1.0099999904632568,1.0099999904632568,1.0,1.0053999423980713,26212.0
2025-06-26 12:58:00,GORO,,0.5491999983787537,0.5491999983787537,0.5491999983787537,0.5491999983787537,1255.0
2025-06-26 12:58:00,GROY,,2.2950000762939453,2.299999952316284,2.2950000762939453,2.2950000762939453,2373.0
2025-06-26 12:58:00,GSAT,,23.3700008392334,23.3700008392334,23.3700008392334,23.3700008392334,487.0
2025-06-26 12:58:00,HUSA,,13.330300331115723,13.330300331115723,13.330300331115723,13.330300331115723,664.0
2025-06-26 12:58:00,IBO,,1.0049999952316284,1.0099999904632568,1.0003999471664429,1.0099999904632568,2739.0
2025-06-26 12:58:00,IDR,,13.210000038146973,13.210000038146973,13.210000038146973,13.210000038146973,354.0
2025-06-26 12:58:00,IE,,9.949999809265137,9.989999771118164,9.949999809265137,9.975000381469727,2102.0
2025-06-26 12:58:00,INDO,,3.2149999141693115,3.240000009536743,3.2149999141693115,3.2149999141693115,8199.0
2025-06-26 12:58:00,INFU,,6.385000228881836,6.385000228881836,6.370999813079834,6.370999813079834,992.0
2025-06-26 12:58:00,ITRG,,1.5609999895095825,1.565000057220459,1.559999942779541,1.559999942779541,1113.0
2025-06-26 12:58:00,KNW,,1.9515999555587769,1.9800000190734863,1.9249999523162842,1.929800033569336,28733.0
2025-06-26 12:58:00,KULR,,5.099999904632568,5.099999904632568,5.09499979019165,5.099999904632568,1452.0
2025-06-26 12:58:00,LCTX,,1.0149999856948853,1.0149999856948853,1.0099999904632568,1.0099999904632568,2684.0
2025-06-26 12:58:00,LEU,,179.1699981689453,179.33999633789062,178.38999938964844,179.0,2569.0
2025-06-26 12:58:00,LMND,,41.79999923706055,41.849998474121094,41.79999923706055,41.849998474121094,1456.0
2025-06-26 12:58:00,LNG,,242.44000244140625,242.5399932861328,242.41000366210938,242.41000366210938,4585.0
2025-06-26 12:58:00,LODE,,3.770699977874756,3.770699977874756,3.770699977874756,3.770699977874756,599.0
2025-06-26 12:58:00,MAG,,21.3799991607666,21.3799991607666,21.375,21.375,594.0
2025-06-26 12:58:00,MTA,,3.865000009536743,3.865000009536743,3.865000009536743,3.865000009536743,133.0
2025-06-26 12:58:00,NAK,,1.5499999523162842,1.5499999523162842,1.5399999618530273,1.5399999618530273,4284.0
2025-06-26 12:58:00,NBH,,9.795000076293945,9.79699993133545,9.795000076293945,9.79699993133545,300.0
2025-06-26 12:58:00,NCL,,0.17880000174045563,0.17890000343322754,0.1784999966621399,0.17880000174045563,4354.0
2025-06-26 12:58:00,NFGC,,1.4800000190734863,1.4800000190734863,1.475000023841858,1.475000023841858,1630.0
2025-06-26 12:58:00,NG,,4.045000076293945,4.054999828338623,4.045000076293945,4.054999828338623,13981.0
2025-06-26 12:58:00,NGD,,4.909999847412109,4.920000076293945,4.909999847412109,4.909999847412109,75702.0
2025-06-26 12:58:00,NHS,,7.489999771118164,7.489999771118164,7.489999771118164,7.489999771118164,420.0
2025-06-26 12:58:00,NNVC,,1.2101000547409058,1.2101000547409058,1.2101000547409058,1.2101000547409058,150.0
2025-06-26 12:58:00,NRO,,3.194999933242798,3.194999933242798,3.194999933242798,3.194999933242798,268.0
2025-06-26 12:58:00,OBE,,5.590000152587891,5.590000152587891,5.590000152587891,5.590000152587891,690.0
2025-06-26 12:58:00,OPTT,,0.5188000202178955,0.5188000202178955,0.5188000202178955,0.5188000202178955,482.0
2025-06-26 12:58:00,ORLA,,9.984999656677246,9.984999656677246,9.984999656677246,9.984999656677246,353.0
2025-06-26 12:58:00,PLX,,1.475000023841858,1.475000023841858,1.475000023841858,1.475000023841858,205.0
2025-06-26 12:58:00,REI,,0.7782999873161316,0.7800999879837036,0.7782999873161316,0.7800999879837036,757.0
2025-06-26 12:58:00,RLGT,,6.034999847412109,6.034999847412109,6.034999847412109,6.034999847412109,117.0
2025-06-26 12:58:00,SBEV,,3.809999942779541,3.9100000858306885,3.809999942779541,3.835900068283081,9554.0
2025-06-26 12:58:00,SENS,,0.5016000270843506,0.5016000270843506,0.5015000104904175,0.5015000104904175,2832.0
2025-06-26 12:58:00,SLI,,1.909999966621399,1.9199999570846558,1.9049999713897705,1.9199999570846558,11577.0
2025-06-26 12:58:00,SVM,,4.175000190734863,4.175000190734863,4.175000190734863,4.175000190734863,239.0
2025-06-26 12:58:00,SVT,,46.900001525878906,46.900001525878906,46.900001525878906,46.900001525878906,351.0
2025-06-26 12:58:00,TGB,,3.134999990463257,3.134999990463257,3.130000114440918,3.130000114440918,8646.0
2025-06-26 12:58:00,THM,,0.8798999786376953,0.8949999809265137,0.8798999786376953,0.8899999856948853,8023.0
2025-06-26 12:58:00,TMQ,,1.4900000095367432,1.4900000095367432,1.4900000095367432,1.4900000095367432,1020.0
2025-06-26 12:58:00,TPET,,1.180400013923645,1.180400013923645,1.180400013923645,1.180400013923645,520.0
2025-06-26 12:58:00,UAMY,,2.559999942779541,2.559999942779541,2.559999942779541,2.559999942779541,230.0
2025-06-26 12:58:00,UAVS,,1.100000023841858,1.100000023841858,1.100000023841858,1.100000023841858,500.0
2025-06-26 12:58:00,UEC,,6.925600051879883,6.929999828338623,6.922500133514404,6.925000190734863,3491.0
2025-06-26 12:58:00,URG,,1.0449999570846558,1.0499999523162842,1.0449999570846558,1.0499000549316406,1444.0
2025-06-26 12:58:00,USAS,,0.8281999826431274,0.8319000005722046,0.8281999826431274,0.8299999833106995,13151.0
2025-06-26 12:58:00,UTG,,35.4900016784668,35.4900016784668,35.4900016784668,35.4900016784668,2532.0
2025-06-26 12:58:00,UUUU,,5.915900230407715,5.920000076293945,5.914999961853027,5.920000076293945,3377.0
2025-06-26 12:58:00,VGZ,,1.0299999713897705,1.0299999713897705,1.0299999713897705,1.0299999713897705,100.0
2025-06-26 12:58:00,VKI,,8.199999809265137,8.204999923706055,8.199999809265137,8.204999923706055,750.0
2025-06-26 12:58:00,VZLA,,2.984999895095825,2.984999895095825,2.984600067138672,2.984600067138672,1499.0
2025-06-26 12:58:00,WRN,,1.2400000095367432,1.2400000095367432,1.2400000095367432,1.2400000095367432,200.0
2025-06-26 12:58:00,WWR,,0.5911999940872192,0.5911999940872192,0.5911999940872192,0.5911999940872192,100.0
2025-06-26 12:58:00,ZDGE,,4.03000020980835,4.03000020980835,4.03000020980835,4.03000020980835,1021.0
2025-06-26 12:59:00,AEON,,0.770101010799408,0.770101010799408,0.770101010799408,0.770101010799408,117.0
2025-06-26 12:59:00,ASM,,3.574899911880493,3.579900026321411,3.565000057220459,3.569999933242798,37182.0
2025-06-26 12:59:00,ATNM,,1.534999966621399,1.534999966621399,1.534999966621399,1.534999966621399,400.0
2025-06-26 12:59:00,AZTR,,0.25957000255584717,0.2599000036716461,0.25957000255584717,0.2599000036716461,4276.0
2025-06-26 12:59:00,BKTI,,55.040000915527344,55.11000061035156,55.03900146484375,55.11000061035156,2096.0
2025-06-26 12:59:00,BRBS,,3.2699999809265137,3.2699999809265137,3.2699999809265137,3.2699999809265137,293.0
2025-06-26 12:59:00,BTG,,3.634999990463257,3.640000104904175,3.634999990463257,3.634999990463257,2037.0
2025-06-26 12:59:00,BURU,,0.33180001378059387,0.33180001378059387,0.33180001378059387,0.33180001378059387,344.0
2025-06-26 12:59:00,CATX,,3.7049999237060547,3.7049999237060547,3.7049999237060547,3.7049999237060547,349.0
2025-06-26 12:59:00,CBOE,,228.0800018310547,228.0800018310547,228.0800018310547,228.0800018310547,518.0
2025-06-26 12:59:00,CIK,,2.934999942779541,2.934999942779541,2.934999942779541,2.934999942779541,100.0
2025-06-26 12:59:00,CLM,,7.940000057220459,7.940000057220459,7.940000057220459,7.940000057220459,542.0
2025-06-26 12:59:00,CQP,,55.915000915527344,55.91999816894531,55.915000915527344,55.915000915527344,510.0
2025-06-26 12:59:00,CRF,,7.554999828338623,7.554999828338623,7.554999828338623,7.554999828338623,234.0
2025-06-26 12:59:00,DNN,,1.820099949836731,1.8300000429153442,1.8200000524520874,1.8250000476837158,308272.0
2025-06-26 12:59:00,DSS,,0.9103999733924866,0.9103999733924866,0.9103999733924866,0.9103999733924866,311.0
2025-06-26 12:59:00,EAD,,6.989999771118164,6.989999771118164,6.989999771118164,6.989999771118164,100.0
2025-06-26 12:59:00,ECF,,10.15999984741211,10.15999984741211,10.15999984741211,10.15999984741211,100.0
2025-06-26 12:59:00,EQX,,5.920000076293945,5.920000076293945,5.914999961853027,5.920000076293945,1507.0
2025-06-26 12:59:00,GAU,,1.2882000207901,1.2882000207901,1.2882000207901,1.2882000207901,1470821.0
2025-06-26 12:59:00,GGN,,4.375,4.375,4.375,4.375,700.0
2025-06-26 12:59:00,GNS,,1.0299999713897705,1.0499999523162842,1.0,1.0095000267028809,148477.0
2025-06-26 12:59:00,GROY,,2.2950000762939453,2.2950000762939453,2.2950000762939453,2.2950000762939453,850.0
2025-06-26 12:59:00,GSAT,,23.309999465942383,23.350000381469727,23.309999465942383,23.350000381469727,1294.0
2025-06-26 12:59:00,GTE,,5.079999923706055,5.079999923706055,5.079999923706055,5.079999923706055,347.0
2025-06-26 12:59:00,HUSA,,13.354999542236328,13.354999542236328,13.329999923706055,13.329999923706055,362.0
2025-06-26 12:59:00,IBO,,1.0104000568389893,1.0104000568389893,1.0099999904632568,1.0099999904632568,701.0
2025-06-26 12:59:00,IE,,9.9350004196167,9.96500015258789,9.9350004196167,9.96500015258789,24217.0
2025-06-26 12:59:00,INDO,,3.2300000190734863,3.2300000190734863,3.2300000190734863,3.2300000190734863,1003.0
2025-06-26 12:59:00,INUV,,3.9293999671936035,3.9293999671936035,3.9293999671936035,3.9293999671936035,139.0
2025-06-26 12:59:00,KNW,,1.9600000381469727,1.9600000381469727,1.9600000381469727,1.9600000381469727,1100.0
2025-06-26 12:59:00,KULR,,5.105000019073486,5.110000133514404,5.09499979019165,5.09499979019165,48137.0
2025-06-26 12:59:00,LCTX,,1.0149999856948853,1.0149999856948853,1.0099999904632568,1.0099999904632568,1518.0
2025-06-26 12:59:00,LEU,,178.8699951171875,179.1699981689453,178.38999938964844,179.1699981689453,1113.0
2025-06-26 12:59:00,LMND,,41.79249954223633,41.79249954223633,41.79249954223633,41.79249954223633,619.0
2025-06-26 12:59:00,LNG,,242.89999389648438,242.89999389648438,242.4250030517578,242.44000244140625,3553.0
2025-06-26 12:59:00,MAG,,21.3799991607666,21.3799991607666,21.375,21.375,1453.0
2025-06-26 12:59:00,MGLD,,0.925000011920929,0.925000011920929,0.925000011920929,0.925000011920929,440.0
2025-06-26 12:59:00,MYO,,2.234999895095825,2.234999895095825,2.234999895095825,2.234999895095825,283.0
2025-06-26 12:59:00,NAK,,1.5399999618530273,1.5449999570846558,1.5399999618530273,1.5449999570846558,43486.0
2025-06-26 12:59:00,NFGC,,1.4800000190734863,1.4800000190734863,1.4800000190734863,1.4800000190734863,252.0
2025-06-26 12:59:00,NG,,4.054999828338623,4.054999828338623,4.050000190734863,4.050000190734863,3609.0
2025-06-26 12:59:00,NGD,,4.914999961853027,4.920000076293945,4.909999847412109,4.909999847412109,14842.0
2025-06-26 12:59:00,OBE,,5.590000152587891,5.590000152587891,5.590000152587891,5.590000152587891,106.0
2025-06-26 12:59:00,ORLA,,9.994999885559082,9.994999885559082,9.984999656677246,9.984999656677246,1372.0
2025-06-26 12:59:00,PLX,,1.4800000190734863,1.4800000190734863,1.4747999906539917,1.475000023841858,1451.0
2025-06-26 12:59:00,RLGT,,6.034999847412109,6.034999847412109,6.034999847412109,6.034999847412109,105.0
2025-06-26 12:59:00,SATX,,2.950000047683716,2.950000047683716,2.950000047683716,2.950000047683716,390.0
2025-06-26 12:59:00,SBEV,,3.890000104904175,3.940000057220459,3.740000009536743,3.809999942779541,15574.0
2025-06-26 12:59:00,SENS,,0.5015000104904175,0.5016000270843506,0.5015000104904175,0.5016000270843506,517.0
2025-06-26 12:59:00,SGN,,1.090000033378601,1.0999000072479248,1.090000033378601,1.0999000072479248,2456.0
2025-06-26 12:59:00,SLI,,1.9149999618530273,1.9199999570846558,1.909999966621399,1.909999966621399,6567.0
2025-06-26 12:59:00,SOAR,,1.4200999736785889,1.4399000406265259,1.4199999570846558,1.4399000406265259,1947.0
2025-06-26 12:59:00,SVM,,4.179999828338623,4.179999828338623,4.175000190734863,4.175000190734863,26566.0
2025-06-26 12:59:00,TGB,,3.1301000118255615,3.1373000144958496,3.130000114440918,3.130000114440918,16612.0
2025-06-26 12:59:00,UAMY,,2.5699000358581543,2.5699000358581543,2.559999942779541,2.559999942779541,893.0
2025-06-26 12:59:00,UAVS,,1.100000023841858,1.100000023841858,1.100000023841858,1.100000023841858,300.0
2025-06-26 12:59:00,UEC,,6.914999961853027,6.925000190734863,6.914999961853027,6.925000190734863,17560.0
2025-06-26 12:59:00,URG,,1.0449999570846558,1.0499999523162842,1.0449999570846558,1.0449999570846558,2103.0
2025-06-26 12:59:00,USAS,,0.830049991607666,0.830049991607666,0.830049991607666,0.830049991607666,2200.0
2025-06-26 12:59:00,UTG,,35.470001220703125,35.470001220703125,35.470001220703125,35.470001220703125,300.0
2025-06-26 12:59:00,UUUU,,5.914999961853027,5.920000076293945,5.900000095367432,5.920000076293945,41242.0
2025-06-26 12:59:00,VGZ,,1.024999976158142,1.024999976158142,1.024999976158142,1.024999976158142,1003.0
2025-06-26 12:59:00,VNRX,,0.8199999928474426,0.8199999928474426,0.8199999928474426,0.8199999928474426,500.0
2025-06-26 12:59:00,VZLA,,2.984999895095825,2.9888999462127686,2.984999895095825,2.9888999462127686,1078.0
2025-06-26 12:59:00,WRN,,1.2400000095367432,1.2400000095367432,1.2400000095367432,1.2400000095367432,1100.0
2025-06-26 12:59:00,WWR,,0.5911999940872192,0.5911999940872192,0.5903000235557556,0.5911999940872192,1000.0
2025-06-26 12:59:00,ZDGE,,4.054999828338623,4.054999828338623,4.054999828338623,4.054999828338623,207.0
2025-06-26 13:00:00,ARMN,,6.855000019073486,6.855000019073486,6.855000019073486,6.855000019073486,2393.0
2025-06-26 13:00:00,ASM,,3.571000099182129,3.571000099182129,3.5701000690460205,3.5701000690460205,3947.0
2025-06-26 13:00:00,BGI,,0.8898000121116638,0.8898000121116638,0.8898000121116638,0.8898000121116638,0.0
2025-06-26 13:00:00,BRBS,,3.2699999809265137,3.2699999809265137,3.2699999809265137,3.2699999809265137,209.0
2025-06-26 13:00:00,BTG,,3.6401000022888184,3.6500000953674316,3.6366000175476074,3.640000104904175,749136.0
2025-06-26 13:00:00,BURU,,0.33149999380111694,0.33149999380111694,0.33149999380111694,0.33149999380111694,2647.0
2025-06-26 13:00:00,CATX,,3.700000047683716,3.7037999629974365,3.700000047683716,3.7037999629974365,743.0
2025-06-26 13:00:00,CIK,,2.934999942779541,2.934999942779541,2.934999942779541,2.934999942779541,200.0
2025-06-26 13:00:00,CLM,,7.945199966430664,7.945199966430664,7.945000171661377,7.945199966430664,2358.0
2025-06-26 13:00:00,CQP,,55.915000915527344,55.915000915527344,55.915000915527344,55.915000915527344,276.0
2025-06-26 13:00:00,CRF,,7.554999828338623,7.554999828338623,7.554999828338623,7.554999828338623,154.0
2025-06-26 13:00:00,CVM,,2.4200000762939453,2.4200000762939453,2.4200000762939453,2.4200000762939453,1099.0
2025-06-26 13:00:00,CYBN,,8.529999732971191,8.539999961853027,8.529999732971191,8.530099868774414,3414.0
2025-06-26 13:00:00,DHY,,2.103300094604492,2.103300094604492,2.103300094604492,2.103300094604492,711.0
2025-06-26 13:00:00,DNN,,1.8250000476837158,1.8300000429153442,1.8200000524520874,1.820199966430664,53512.0
2025-06-26 13:00:00,EMX,,2.565000057220459,2.565000057220459,2.565000057220459,2.565000057220459,1197.0
2025-06-26 13:00:00,EQX,,5.929999828338623,5.929999828338623,5.909999847412109,5.909999847412109,25915.0
2025-06-26 13:00:00,ERC,,9.390000343322754,9.390000343322754,9.390000343322754,9.390000343322754,269.0
2025-06-26 13:00:00,FSP,,1.684999942779541,1.690000057220459,1.684999942779541,1.684999942779541,548.0
2025-06-26 13:00:00,GAU,,1.2899999618530273,1.2899999618530273,1.2899999618530273,1.2899999618530273,15285.0
2025-06-26 13:00:00,GGN,,4.375,4.375,4.375,4.375,100.0
2025-06-26 13:00:00,GLDG,,0.7459999918937683,0.7459999918937683,0.7459999918937683,0.7459999918937683,568.0
2025-06-26 13:00:00,GLQ,,6.960000038146973,6.960000038146973,6.960000038146973,6.960000038146973,1801.0
2025-06-26 13:00:00,GNS,,1.031999945640564,1.0399999618530273,1.0200999975204468,1.0200999975204468,40049.0
2025-06-26 13:00:00,GORO,,0.550000011920929,0.550000011920929,0.550000011920929,0.550000011920929,222.0
2025-06-26 13:00:00,GROY,,2.299999952316284,2.299999952316284,2.2950000762939453,2.299999952316284,1066.0
2025-06-26 13:00:00,GSAT,,23.310800552368164,23.310800552368164,23.310800552368164,23.310800552368164,537.0
2025-06-26 13:00:00,HNW,,12.350000381469727,12.350000381469727,12.350000381469727,12.350000381469727,700.0
2025-06-26 13:00:00,HUSA,,13.380000114440918,13.380000114440918,13.380000114440918,13.380000114440918,122.0
2025-06-26 13:00:00,IE,,9.920000076293945,9.920000076293945,9.914999961853027,9.920000076293945,1957.0
2025-06-26 13:00:00,INDO,,3.2100000381469727,3.2300000190734863,3.2100000381469727,3.2300000190734863,3021.0
2025-06-26 13:00:00,ITRG,,1.5600999593734741,1.5600999593734741,1.5600999593734741,1.5600999593734741,25070.0
2025-06-26 13:00:00,KNW,,1.9550000429153442,1.9550000429153442,1.9550000429153442,1.9550000429153442,415.0
2025-06-26 13:00:00,KULR,,5.100100040435791,5.110000133514404,5.100100040435791,5.105000019073486,9533.0
2025-06-26 13:00:00,LCTX,,1.0099999904632568,1.0149999856948853,1.0099999904632568,1.0099999904632568,1411.0
2025-06-26 13:00:00,LEU,,178.4199981689453,179.02999877929688,178.41009521484375,178.8699951171875,3597.0
2025-06-26 13:00:00,LMND,,41.88999938964844,41.88999938964844,41.779998779296875,41.779998779296875,2501.0
2025-06-26 13:00:00,LNG,,242.7550048828125,242.7550048828125,242.60000610351562,242.60000610351562,674.0
2025-06-26 13:00:00,MAG,,21.40999984741211,21.420000076293945,21.40999984741211,21.420000076293945,804.0
2025-06-26 13:00:00,MYO,,2.2300000190734863,2.2300000190734863,2.2300000190734863,2.2300000190734863,444.0
2025-06-26 13:00:00,NAK,,1.5449999570846558,1.5449999570846558,1.5399999618530273,1.5449999570846558,3830.0
2025-06-26 13:00:00,NCL,,0.18000000715255737,0.18000000715255737,0.18000000715255737,0.18000000715255737,251.0
2025-06-26 13:00:00,NFGC,,1.475000023841858,1.475000023841858,1.475000023841858,1.475000023841858,160.0
2025-06-26 13:00:00,NG,,4.059999942779541,4.059999942779541,4.059999942779541,4.059999942779541,1227.0
2025-06-26 13:00:00,NGD,,4.914999961853027,4.920000076293945,4.909999847412109,4.909999847412109,63916.0
2025-06-26 13:00:00,NHC,,107.76000213623047,107.76000213623047,107.76000213623047,107.76000213623047,197.0
2025-06-26 13:00:00,OPTT,,0.5199000239372253,0.5199000239372253,0.5199000239372253,0.5199000239372253,1105.0
2025-06-26 13:00:00,ORLA,,10.0,10.0,10.0,10.0,2254.0
2025-06-26 13:00:00,PLG,,1.6100000143051147,1.6100000143051147,1.6100000143051147,1.6100000143051147,100.0
2025-06-26 13:00:00,PLX,,1.475000023841858,1.475000023841858,1.475000023841858,1.475000023841858,100.0
2025-06-26 13:00:00,REI,,0.7790499925613403,0.7790499925613403,0.7790499925613403,0.7790499925613403,548.0
2025-06-26 13:00:00,SACH,,1.090000033378601,1.090000033378601,1.0894999504089355,1.0894999504089355,906.0
2025-06-26 13:00:00,SBEV,,3.9000000953674316,3.940000057220459,3.9000000953674316,3.9000000953674316,5075.0
2025-06-26 13:00:00,SENS,,0.5009999871253967,0.5016000270843506,0.5009999871253967,0.5016000270843506,14597.0
2025-06-26 13:00:00,SGN,,1.090399980545044,1.090399980545044,1.090000033378601,1.090000033378601,2881.0
2025-06-26 13:00:00,SKYH,,9.52180004119873,9.52180004119873,9.52180004119873,9.52180004119873,259.0
2025-06-26 13:00:00,SLI,,1.9149999618530273,1.9198999404907227,1.9149999618530273,1.9149999618530273,2090.0
2025-06-26 13:00:00,SVM,,4.18310022354126,4.184999942779541,4.172399997711182,4.179999828338623,30356.0
2025-06-26 13:00:00,SVT,,46.900001525878906,46.900001525878906,46.900001525878906,46.900001525878906,400.0
2025-06-26 13:00:00,TGB,,3.1301000118255615,3.134999990463257,3.130000114440918,3.134999990463257,44656.0
2025-06-26 13:00:00,TPET,,1.1895999908447266,1.1895999908447266,1.1895999908447266,1.1895999908447266,562.0
2025-06-26 13:00:00,UAMY,,2.5699000358581543,2.5699000358581543,2.565999984741211,2.565999984741211,703.0
2025-06-26 13:00:00,UEC,,6.925000190734863,6.929999828338623,6.909999847412109,6.914999961853027,28143.0
2025-06-26 13:00:00,URG,,1.0399999618530273,1.0499999523162842,1.0399999618530273,1.0449999570846558,2712.0
2025-06-26 13:00:00,USAS,,0.830049991607666,0.8317999839782715,0.8281999826431274,0.8317999839782715,2450.0
2025-06-26 13:00:00,UTG,,35.45000076293945,35.45000076293945,35.45000076293945,35.45000076293945,101.0
2025-06-26 13:00:00,UUUU,,5.929999828338623,5.929999828338623,5.909999847412109,5.914999961853027,38623.0
2025-06-26 13:00:00,VTAK,,0.249099999666214,0.249099999666214,0.249099999666214,0.249099999666214,1000.0
2025-06-26 13:00:00,VZLA,,2.985100030899048,2.990000009536743,2.984999895095825,2.984999895095825,8556.0
2025-06-26 13:00:00,WWR,,0.5911999940872192,0.5911999940872192,0.5911999940872192,0.5911999940872192,134.0
2025-06-26 13:01:00,ARMN,,6.855000019073486,6.859899997711182,6.849999904632568,6.859899997711182,516.0
2025-06-26 13:01:00,ASM,,3.575000047683716,3.575000047683716,3.575000047683716,3.575000047683716,3000.0
2025-06-26 13:01:00,ATNM,,1.534999966621399,1.534999966621399,1.5307999849319458,1.5307999849319458,1200.0
2025-06-26 13:01:00,BRBS,,3.2799999713897705,3.2799999713897705,3.2699999809265137,3.2699999809265137,221.0
2025-06-26 13:01:00,BTG,,3.639899969100952,3.6500000953674316,3.630000114440918,3.6500000953674316,1532731.0
2025-06-26 13:01:00,BURU,,0.33320000767707825,0.3337000012397766,0.3325999975204468,0.3325999975204468,2500.0
2025-06-26 13:01:00,CATX,,3.7200000286102295,3.7200000286102295,3.690000057220459,3.7049999237060547,13029.0
2025-06-26 13:01:00,CCEL,,5.260000228881836,5.260000228881836,5.260000228881836,5.260000228881836,406.0
2025-06-26 13:01:00,CIK,,2.934999942779541,2.934999942779541,2.934999942779541,2.934999942779541,100.0
2025-06-26 13:01:00,CLM,,7.940000057220459,7.940000057220459,7.940000057220459,7.940000057220459,103.0
2025-06-26 13:01:00,CQP,,55.915000915527344,55.915000915527344,55.915000915527344,55.915000915527344,400.0
2025-06-26 13:01:00,CRF,,7.554999828338623,7.554999828338623,7.554999828338623,7.554999828338623,239.0
2025-06-26 13:01:00,CTM,,1.0449999570846558,1.0449999570846558,1.0449999570846558,1.0449999570846558,300.0
2025-06-26 13:01:00,CYBN,,8.529999732971191,8.539999961853027,8.529999732971191,8.529999732971191,834.0
2025-06-26 13:01:00,DNN,,1.8200000524520874,1.8300000429153442,1.8200000524520874,1.820099949836731,734397.0
2025-06-26 13:01:00,EIM,,9.550000190734863,9.550000190734863,9.550000190734863,9.550000190734863,2973.0
2025-06-26 13:01:00,ELMD,,21.260000228881836,21.260000228881836,21.260000228881836,21.260000228881836,251.0
2025-06-26 13:01:00,EQX,,5.940000057220459,5.940000057220459,5.920000076293945,5.925000190734863,80222.0
2025-06-26 13:01:00,FSP,,1.690000057220459,1.690000057220459,1.684999942779541,1.684999942779541,400.0
2025-06-26 13:01:00,GNS,,1.020900011062622,1.0399999618530273,1.0199999809265137,1.0399999618530273,59210.0
2025-06-26 13:01:00,GROY,,2.2950000762939453,2.299999952316284,2.2950000762939453,2.2950000762939453,721.0
2025-06-26 13:01:00,HUSA,,13.430000305175781,13.430000305175781,13.420000076293945,13.420000076293945,1208.0
2025-06-26 13:01:00,IBO,,1.0196000337600708,1.0199999809265137,1.0099999904632568,1.0199999809265137,4802.0
2025-06-26 13:01:00,IDR,,13.180000305175781,13.229999542236328,13.180000305175781,13.229999542236328,3768.0
2025-06-26 13:01:00,IE,,9.90999984741211,9.930000305175781,9.90999984741211,9.930000305175781,3364.0
2025-06-26 13:01:00,IMO,,81.48500061035156,81.48500061035156,81.4800033569336,81.4800033569336,305.0
2025-06-26 13:01:00,INDO,,3.2107999324798584,3.2107999324798584,3.210099935531616,3.210099935531616,731.0
2025-06-26 13:01:00,ITP,,0.1875,0.1875,0.1875,0.1875,1050.0
2025-06-26 13:01:00,ITRG,,1.559999942779541,1.559999942779541,1.559999942779541,1.559999942779541,10947.0
2025-06-26 13:01:00,KNW,,1.9701000452041626,1.9701000452041626,1.9700000286102295,1.9700000286102295,615.0
2025-06-26 13:01:00,KULR,,5.085000038146973,5.107500076293945,5.079999923706055,5.105000019073486,27931.0
2025-06-26 13:01:00,LCTX,,1.0099999904632568,1.0149999856948853,1.0099999904632568,1.0099999904632568,1206.0
2025-06-26 13:01:00,LEU,,179.38999938964844,179.38999938964844,178.44180297851562,178.875,4171.0
2025-06-26 13:01:00,LMND,,41.93989944458008,41.93989944458008,41.88999938964844,41.88999938964844,756.0
2025-06-26 13:01:00,LNG,,242.77999877929688,242.82000732421875,242.77999877929688,242.82000732421875,1028.0
2025-06-26 13:01:00,LODE,,3.7702999114990234,3.7702999114990234,3.7702999114990234,3.7702999114990234,209.0
2025-06-26 13:01:00,MAG,,21.420000076293945,21.420000076293945,21.405000686645508,21.405000686645508,1019.0
2025-06-26 13:01:00,MPTI,,40.959999084472656,40.959999084472656,40.720001220703125,40.7599983215332,1321.0
2025-06-26 13:01:00,MRT,,2.880000114440918,2.880000114440918,2.880000114440918,2.880000114440918,237.0
2025-06-26 13:01:00,NAK,,1.5449999570846558,1.5499999523162842,1.5399999618530273,1.548699975013733,44034.0
2025-06-26 13:01:00,NBH,,9.794599533081055,9.795000076293945,9.794599533081055,9.795000076293945,305.0
2025-06-26 13:01:00,NG,,4.039400100708008,4.054999828338623,4.039400100708008,4.054999828338623,66175.0
2025-06-26 13:01:00,NGD,,4.914999961853027,4.914999961853027,4.909999847412109,4.909999847412109,38552.0
2025-06-26 13:01:00,NHS,,7.489999771118164,7.489999771118164,7.489999771118164,7.489999771118164,416.0
2025-06-26 13:01:00,OGEN,,3.634999990463257,3.75,3.490000009536743,3.75,16451.0
2025-06-26 13:01:00,OPTT,,0.5167999863624573,0.5188000202178955,0.5167999863624573,0.5175999999046326,14430.0
2025-06-26 13:01:00,ORLA,,10.0,10.0,10.0,10.0,529.0
2025-06-26 13:01:00,PHGE,,0.45190000534057617,0.45190000534057617,0.45190000534057617,0.45190000534057617,47547.0
2025-06-26 13:01:00,PLAG,,0.8589000105857849,0.8589000105857849,0.8589000105857849,0.8589000105857849,101.0
2025-06-26 13:01:00,PLX,,1.475000023841858,1.475000023841858,1.475000023841858,1.475000023841858,469.0
2025-06-26 13:01:00,REI,,0.7790499925613403,0.7790499925613403,0.7789999842643738,0.7789999842643738,1100.0
2025-06-26 13:01:00,SATX,,2.950000047683716,2.9549999237060547,2.950000047683716,2.9549999237060547,1134.0
2025-06-26 13:01:00,SBEV,,3.934999942779541,3.950000047683716,3.9000000953674316,3.94950008392334,9585.0
2025-06-26 13:01:00,SEB,,2981.39501953125,2981.39501953125,2981.39501953125,2981.39501953125,2.0
2025-06-26 13:01:00,SENS,,0.5034000277519226,0.5041000247001648,0.5001999735832214,0.5002999901771545,27427.0
2025-06-26 13:01:00,SLI,,1.9149999618530273,1.9149999618530273,1.9149999618530273,1.9149999618530273,206.0
2025-06-26 13:01:00,STXS,,2.238600015640259,2.238600015640259,2.234999895095825,2.234999895095825,247.0
2025-06-26 13:01:00,SVM,,4.184999942779541,4.185100078582764,4.184999942779541,4.185100078582764,3608.0
2025-06-26 13:01:00,TGB,,3.139899969100952,3.140000104904175,3.130000114440918,3.130000114440918,102177.0
2025-06-26 13:01:00,THM,,0.8798999786376953,0.8798999786376953,0.8798999786376953,0.8798999786376953,301.0
2025-06-26 13:01:00,UAMY,,2.5601999759674072,2.5650999546051025,2.5601999759674072,2.565000057220459,2305.0
2025-06-26 13:01:00,UAVS,,1.0901000499725342,1.0901000499725342,1.0901000499725342,1.0901000499725342,155.0
2025-06-26 13:01:00,UEC,,6.939300060272217,6.939300060272217,6.925000190734863,6.925000190734863,30506.0
2025-06-26 13:01:00,URG,,1.0499999523162842,1.0499999523162842,1.0399999618530273,1.0499999523162842,4048.0
2025-06-26 13:01:00,USAS,,0.8285999894142151,0.8319000005722046,0.8281999826431274,0.8281999826431274,17687.0
2025-06-26 13:01:00,UTG,,35.47249984741211,35.474998474121094,35.45000076293945,35.45000076293945,1494.0
2025-06-26 13:01:00,UUUU,,5.925099849700928,5.934999942779541,5.914999961853027,5.920000076293945,32338.0
2025-06-26 13:01:00,VZLA,,2.984999895095825,2.986599922180176,2.984999895095825,2.984999895095825,5472.0
2025-06-26 13:02:00,AIRI,,3.372999906539917,3.372999906539917,3.372999906539917,3.372999906539917,486.0
2025-06-26 13:02:00,AREN,,5.630000114440918,5.630000114440918,5.630000114440918,5.630000114440918,114.0
2025-06-26 13:02:00,ARMN,,6.849999904632568,6.849999904632568,6.849999904632568,6.849999904632568,150.0
2025-06-26 13:02:00,ATNM,,1.534999966621399,1.5398999452590942,1.534999966621399,1.534999966621399,5526.0
2025-06-26 13:02:00,BRBS,,3.2699999809265137,3.2699999809265137,3.2699999809265137,3.2699999809265137,147.0
2025-06-26 13:02:00,BTG,,3.6354000568389893,3.640000104904175,3.630000114440918,3.630000114440918,44247.0
2025-06-26 13:02:00,BURU,,0.3343000113964081,0.3343000113964081,0.3319999873638153,0.33320000767707825,6983.0
2025-06-26 13:02:00,CATX,,3.7200000286102295,3.7200000286102295,3.7200000286102295,3.7200000286102295,264.0
2025-06-26 13:02:00,CBOE,,228.0,228.0,228.0,228.0,428.0
2025-06-26 13:02:00,CCEL,,5.380000114440918,5.486999988555908,5.380000114440918,5.486999988555908,286.0
2025-06-26 13:02:00,CIK,,2.934999942779541,2.934999942779541,2.934999942779541,2.934999942779541,100.0
2025-06-26 13:02:00,CLM,,7.945199966430664,7.945199966430664,7.944499969482422,7.944499969482422,497.0
2025-06-26 13:02:00,CQP,,55.915000915527344,55.915000915527344,55.849998474121094,55.849998474121094,311.0
2025-06-26 13:02:00,CTM,,1.0449999570846558,1.0497000217437744,1.0449999570846558,1.0497000217437744,200.0
2025-06-26 13:02:00,CYBN,,8.578700065612793,8.579999923706055,8.545000076293945,8.569999694824219,3642.0
2025-06-26 13:02:00,DNN,,1.8212000131607056,1.8300000429153442,1.8200000524520874,1.8299000263214111,75550.0
2025-06-26 13:02:00,EIM,,9.539999961853027,9.539999961853027,9.539999961853027,9.539999961853027,200.0
2025-06-26 13:02:00,EPM,,4.78000020980835,4.78000020980835,4.78000020980835,4.78000020980835,806.0
2025-06-26 13:02:00,EQX,,5.939000129699707,5.940000057220459,5.929999828338623,5.9303998947143555,4585.0
2025-06-26 13:02:00,ERC,,9.390000343322754,9.390000343322754,9.390000343322754,9.390000343322754,100.0
2025-06-26 13:02:00,FTF,,6.380000114440918,6.385000228881836,6.380000114440918,6.385000228881836,328.0
2025-06-26 13:02:00,GAU,,1.284999966621399,1.2899999618530273,1.284999966621399,1.2899999618530273,8234.0
2025-06-26 13:02:00,GGN,,4.375800132751465,4.375800132751465,4.375800132751465,4.375800132751465,5800.0
2025-06-26 13:02:00,GNS,,1.0110000371932983,1.024999976158142,1.0099999904632568,1.0200999975204468,75505.0
2025-06-26 13:02:00,GROY,,2.2950000762939453,2.299999952316284,2.2950000762939453,2.2950000762939453,507.0
2025-06-26 13:02:00,IBO,,1.0196000337600708,1.0196000337600708,1.0196000337600708,1.0196000337600708,120.0
2025-06-26 13:02:00,IE,,9.90999984741211,9.90999984741211,9.90999984741211,9.90999984741211,678.0
2025-06-26 13:02:00,IMO,,81.4800033569336,81.4800033569336,81.45999908447266,81.45999908447266,903.0
2025-06-26 13:02:00,ITRG,,1.559999942779541,1.559999942779541,1.559999942779541,1.559999942779541,506.0
2025-06-26 13:02:00,KULR,,5.085000038146973,5.090000152587891,5.080100059509277,5.090000152587891,2893.0
2025-06-26 13:02:00,LCTX,,1.0099999904632568,1.0099999904632568,1.0099999904632568,1.0099999904632568,919.0
2025-06-26 13:02:00,LEU,,179.2335968017578,179.4600067138672,179.19000244140625,179.2050018310547,1012.0
2025-06-26 13:02:00,LMND,,41.97999954223633,42.0,41.91360092163086,41.91360092163086,2924.0
2025-06-26 13:02:00,LNG,,242.5,242.57000732421875,242.5,242.57000732421875,3610.0
2025-06-26 13:02:00,MAG,,21.420000076293945,21.420000076293945,21.415000915527344,21.420000076293945,434.0
2025-06-26 13:02:00,MLSS,,0.7502999901771545,0.7502999901771545,0.7502999901771545,0.7502999901771545,390.0
2025-06-26 13:02:00,MPTI,,41.33000183105469,41.33000183105469,41.130001068115234,41.130001068115234,1065.0
2025-06-26 13:02:00,MTA,,3.8650999069213867,3.869999885559082,3.8647000789642334,3.869999885559082,3461.0
2025-06-26 13:02:00,NAK,,1.5499000549316406,1.5499000549316406,1.5399999618530273,1.5399999618530273,6360.0
2025-06-26 13:02:00,NG,,4.03000020980835,4.034999847412109,4.025000095367432,4.034999847412109,18078.0
2025-06-26 13:02:00,NGD,,4.909999847412109,4.9197998046875,4.909999847412109,4.910399913787842,11007.0
2025-06-26 13:02:00,NML,,8.847999572753906,8.847999572753906,8.8100004196167,8.829999923706055,14954.0
2025-06-26 13:02:00,OBE,,5.590000152587891,5.590000152587891,5.590000152587891,5.590000152587891,4925.0
2025-06-26 13:02:00,OGEN,,3.509999990463257,3.5899999141693115,3.5,3.569999933242798,12576.0
2025-06-26 13:02:00,OPTT,,0.5181499719619751,0.5188000202178955,0.5181499719619751,0.5188000202178955,2498.0
2025-06-26 13:02:00,ORLA,,9.994999885559082,10.0,9.994999885559082,10.0,1500.0
2025-06-26 13:02:00,PLG,,1.6100000143051147,1.6100000143051147,1.6100000143051147,1.6100000143051147,585.0
2025-06-26 13:02:00,PLX,,1.4700000286102295,1.4700000286102295,1.4700000286102295,1.4700000286102295,105.0
2025-06-26 13:02:00,PRK,,166.22999572753906,166.22999572753906,166.22999572753906,166.22999572753906,272.0
2025-06-26 13:02:00,REI,,0.7802000045776367,0.7803000211715698,0.777999997138977,0.777999997138977,13815.0
2025-06-26 13:02:00,SBEV,,3.8499999046325684,3.950000047683716,3.8499999046325684,3.900099992752075,10015.0
2025-06-26 13:02:00,SENS,,0.5016999840736389,0.501800000667572,0.5016999840736389,0.501800000667572,958.0
2025-06-26 13:02:00,SGN,,1.0999000072479248,1.0999000072479248,1.0999000072479248,1.0999000072479248,555.0
2025-06-26 13:02:00,SKYH,,9.520000457763672,9.520000457763672,9.520000457763672,9.520000457763672,806.0
2025-06-26 13:02:00,SLI,,1.9249999523162842,1.9291000366210938,1.9150999784469604,1.9150999784469604,10200.0
2025-06-26 13:02:00,SVM,,4.184999942779541,4.190000057220459,4.179999828338623,4.180799961090088,4267.0
2025-06-26 13:02:00,TGB,,3.139899969100952,3.140000104904175,3.130000114440918,3.130000114440918,61523.0
2025-06-26 13:02:00,THM,,0.8798999786376953,0.8798999786376953,0.8798999786376953,0.8798999786376953,123.0
2025-06-26 13:02:00,TMQ,,1.4950000047683716,1.4950000047683716,1.4950000047683716,1.4950000047683716,1700.0
2025-06-26 13:02:00,UAMY,,2.565000057220459,2.569999933242798,2.565000057220459,2.569999933242798,6152.0
2025-06-26 13:02:00,UEC,,6.940000057220459,6.940000057220459,6.929999828338623,6.934999942779541,2979.0
2025-06-26 13:02:00,URG,,1.0449999570846558,1.0499999523162842,1.0449999570846558,1.0449999570846558,13390.0
2025-06-26 13:02:00,USAS,,0.8348000049591064,0.8348000049591064,0.8299999833106995,0.8299999833106995,15203.0
2025-06-26 13:02:00,UTG,,35.474998474121094,35.474998474121094,35.474998474121094,35.474998474121094,100.0
2025-06-26 13:02:00,UUUU,,5.925000190734863,5.928100109100342,5.925000190734863,5.925000190734863,2820.0
2025-06-26 13:02:00,VGZ,,1.024999976158142,1.024999976158142,1.0199999809265137,1.0199999809265137,302.0
2025-06-26 13:02:00,VTAK,,0.24899700284004211,0.24899700284004211,0.24899700284004211,0.24899700284004211,500.0
2025-06-26 13:02:00,VZLA,,2.9899001121520996,2.990000009536743,2.984999895095825,2.984999895095825,8270.0
2025-06-26 13:02:00,WWR,,0.5928999781608582,0.5928999781608582,0.5928999781608582,0.5928999781608582,600.0
2025-06-26 13:02:00,WYY,,3.369999885559082,3.369999885559082,3.369999885559082,3.369999885559082,252.0
2025-06-26 13:02:00,ZDGE,,4.054999828338623,4.059999942779541,4.019999980926514,4.059999942779541,602.0
2025-06-26 13:03:00,AREN,,5.664999961853027,5.664999961853027,5.664999961853027,5.664999961853027,200.0
2025-06-26 13:03:00,ASM,,3.555000066757202,3.575000047683716,3.549999952316284,3.569999933242798,36111.0
2025-06-26 13:03:00,BKTI,,55.29999923706055,55.29999923706055,55.29999923706055,55.29999923706055,501.0
2025-06-26 13:03:00,BRBS,,3.2750000953674316,3.2750000953674316,3.2750000953674316,3.2750000953674316,113.0
2025-06-26 13:03:00,BTG,,3.640000104904175,3.640000104904175,3.6301000118255615,3.634999990463257,38613.0
2025-06-26 13:03:00,BURU,,0.3337000012397766,0.3337000012397766,0.33149999380111694,0.33149999380111694,7980.0
2025-06-26 13:03:00,CATX,,3.7200000286102295,3.7200000286102295,3.7049999237060547,3.719899892807007,7285.0
2025-06-26 13:03:00,CBOE,,228.1199951171875,228.1300048828125,227.8800048828125,228.1300048828125,3405.0
2025-06-26 13:03:00,CEF,,30.406700134277344,30.406700134277344,30.406700134277344,30.406700134277344,568.0
2025-06-26 13:03:00,CIK,,2.934999942779541,2.934999942779541,2.934999942779541,2.934999942779541,200.0
2025-06-26 13:03:00,CLM,,7.945099830627441,7.945099830627441,7.945099830627441,7.945099830627441,334.0
2025-06-26 13:03:00,CMCL,,19.21500015258789,19.229999542236328,19.209999084472656,19.209999084472656,1170.0
2025-06-26 13:03:00,CQP,,55.915000915527344,55.915000915527344,55.869998931884766,55.915000915527344,364.0
2025-06-26 13:03:00,CRF,,7.550000190734863,7.550000190734863,7.550000190734863,7.550000190734863,283.0
2025-06-26 13:03:00,CTM,,1.0449999570846558,1.0449999570846558,1.0449999570846558,1.0449999570846558,1970.0
2025-06-26 13:03:00,DNN,,1.8250000476837158,1.840000033378601,1.8200000524520874,1.8299000263214111,5663169.0
2025-06-26 13:03:00,EIM,,9.544599533081055,9.544599533081055,9.544599533081055,9.544599533081055,1200.0
2025-06-26 13:03:00,ELMD,,21.295000076293945,21.295000076293945,21.295000076293945,21.295000076293945,100.0
2025-06-26 13:03:00,EQX,,5.940000057220459,5.940000057220459,5.939599990844727,5.939899921417236,6444.0
2025-06-26 13:03:00,FSP,,1.684999942779541,1.684999942779541,1.684999942779541,1.684999942779541,100.0
2025-06-26 13:03:00,GAU,,1.284999966621399,1.284999966621399,1.284999966621399,1.284999966621399,400.0
2025-06-26 13:03:00,GNS,,1.020900011062622,1.0299999713897705,1.0099999904632568,1.010699987411499,45963.0
2025-06-26 13:03:00,GROY,,2.2950000762939453,2.2950000762939453,2.2950000762939453,2.2950000762939453,898.0
2025-06-26 13:03:00,GSAT,,23.389999389648438,23.389999389648438,23.389999389648438,23.389999389648438,225.0
2025-06-26 13:03:00,GTE,,5.079999923706055,5.079999923706055,5.079999923706055,5.079999923706055,223.0
2025-06-26 13:03:00,HUSA,,13.399999618530273,13.399999618530273,13.399999618530273,13.399999618530273,339.0
2025-06-26 13:03:00,IBO,,1.0099999904632568,1.0198999643325806,1.0099999904632568,1.0198999643325806,2064.0
2025-06-26 13:03:00,IE,,9.920000076293945,9.920000076293945,9.920000076293945,9.920000076293945,489.0
2025-06-26 13:03:00,IMO,,81.45999908447266,81.45999908447266,81.45500183105469,81.45500183105469,965.0
2025-06-26 13:03:00,INDO,,3.2100000381469727,3.2105000019073486,3.2100000381469727,3.2105000019073486,1036.0
2025-06-26 13:03:00,KNW,,1.9800000190734863,1.9800000190734863,1.9701000452041626,1.9701000452041626,1938.0
2025-06-26 13:03:00,KULR,,5.085000038146973,5.085000038146973,5.079999923706055,5.0808000564575195,18566.0
2025-06-26 13:03:00,LCTX,,1.0189000368118286,1.0189000368118286,1.0099999904632568,1.0099999904632568,2906.0
2025-06-26 13:03:00,LEU,,178.9600067138672,179.19000244140625,178.52000427246094,178.52000427246094,883.0
2025-06-26 13:03:00,LMND,,42.060001373291016,42.06999969482422,42.040000915527344,42.06999969482422,2318.0
2025-06-26 13:03:00,LNG,,242.60000610351562,242.60000610351562,242.60000610351562,242.60000610351562,651.0
2025-06-26 13:03:00,MAG,,21.420000076293945,21.424999237060547,21.420000076293945,21.420000076293945,1101.0
2025-06-26 13:03:00,MITQ,,0.675000011920929,0.675000011920929,0.675000011920929,0.675000011920929,588.0
2025-06-26 13:03:00,MPTI,,40.810001373291016,41.064998626708984,40.654998779296875,41.040000915527344,3285.0
2025-06-26 13:03:00,MTA,,3.872499942779541,3.880000114440918,3.869999885559082,3.869999885559082,1882.0
2025-06-26 13:03:00,MTNB,,0.9449999928474426,0.9449999928474426,0.9449999928474426,0.9449999928474426,172.0
2025-06-26 13:03:00,MYND,,0.9300000071525574,0.9300000071525574,0.9300000071525574,0.9300000071525574,4881.0
2025-06-26 13:03:00,NAK,,1.5499999523162842,1.5499999523162842,1.5399999618530273,1.5499999523162842,18314.0
2025-06-26 13:03:00,NBH,,9.800000190734863,9.800000190734863,9.795000076293945,9.795000076293945,2700.0
2025-06-26 13:03:00,NCL,,0.18199999630451202,0.18199999630451202,0.18025000393390656,0.18025000393390656,10560.0
2025-06-26 13:03:00,NG,,4.025000095367432,4.034999847412109,4.019999980926514,4.034999847412109,28471.0
2025-06-26 13:03:00,NGD,,4.914999961853027,4.914999961853027,4.909999847412109,4.914999961853027,3750.0
2025-06-26 13:03:00,NNVC,,1.2330000400543213,1.2330000400543213,1.2330000400543213,1.2330000400543213,200.0
2025-06-26 13:03:00,OBE,,5.590000152587891,5.590000152587891,5.590000152587891,5.590000152587891,387.0
2025-06-26 13:03:00,ORLA,,10.0,10.0,10.0,10.0,1380.0
2025-06-26 13:03:00,PLG,,1.6100000143051147,1.6100000143051147,1.6050000190734863,1.6088000535964966,4000.0
2025-06-26 13:03:00,PRK,,165.97000122070312,165.97000122070312,165.97000122070312,165.97000122070312,196.0
2025-06-26 13:03:00,REI,,0.7802000045776367,0.7803000211715698,0.779699981212616,0.7802000045776367,1186.0
2025-06-26 13:03:00,RLGT,,6.034900188446045,6.034900188446045,6.03000020980835,6.034900188446045,1546.0
2025-06-26 13:03:00,SBEV,,3.7009999752044678,3.949899911880493,3.7009999752044678,3.7009999752044678,13370.0
2025-06-26 13:03:00,SEB,,2962.199951171875,2973.659912109375,2953.0,2973.659912109375,75.0
2025-06-26 13:03:00,SENS,,0.5016999840736389,0.5016999840736389,0.5016000270843506,0.5016999840736389,8574.0
2025-06-26 13:03:00,SGN,,1.0997999906539917,1.0997999906539917,1.0997999906539917,1.0997999906539917,449.0
2025-06-26 13:03:00,SKYH,,9.524999618530273,9.529999732971191,9.51140022277832,9.529999732971191,1947.0
2025-06-26 13:03:00,SLI,,1.9249999523162842,1.9249999523162842,1.9249999523162842,1.9249999523162842,121.0
2025-06-26 13:03:00,SOAR,,1.438599944114685,1.438599944114685,1.438599944114685,1.438599944114685,454.0
2025-06-26 13:03:00,SVM,,4.184999942779541,4.184999942779541,4.184999942779541,4.184999942779541,409.0
2025-06-26 13:03:00,SVT,,46.900001525878906,46.900001525878906,46.900001525878906,46.900001525878906,400.0
2025-06-26 13:03:00,TGB,,3.140000104904175,3.140000104904175,3.130000114440918,3.140000104904175,17484.0
2025-06-26 13:03:00,TPET,,1.1700999736785889,1.1700999736785889,1.1700999736785889,1.1700999736785889,2897.0
2025-06-26 13:03:00,UAMY,,2.565000057220459,2.565000057220459,2.565000057220459,2.565000057220459,649.0
2025-06-26 13:03:00,UAVS,,1.0995999574661255,1.100000023841858,1.0995999574661255,1.100000023841858,411.0
2025-06-26 13:03:00,UEC,,6.940000057220459,6.940000057220459,6.934999942779541,6.934999942779541,8876.0
2025-06-26 13:03:00,URG,,1.0449999570846558,1.0499999523162842,1.0399999618530273,1.0449999570846558,3246.0
2025-06-26 13:03:00,USAS,,0.8349000215530396,0.8349000215530396,0.8320009708404541,0.8320009708404541,500.0
2025-06-26 13:03:00,UTG,,35.474998474121094,35.4900016784668,35.45000076293945,35.47999954223633,3127.0
2025-06-26 13:03:00,UUUU,,5.914999961853027,5.922999858856201,5.914999961853027,5.922999858856201,5337.0
2025-06-26 13:03:00,VTAK,,0.24860000610351562,0.24860000610351562,0.24860000610351562,0.24860000610351562,4132.0
2025-06-26 13:03:00,VZLA,,2.990000009536743,2.990000009536743,2.984999895095825,2.984999895095825,4251.0
2025-06-26 13:04:00,AREN,,5.664999961853027,5.664999961853027,5.664999961853027,5.664999961853027,302.0
2025-06-26 13:04:00,ARMN,,6.855000019073486,6.860000133514404,6.855000019073486,6.860000133514404,310.0
2025-06-26 13:04:00,ASM,,3.5399999618530273,3.549999952316284,3.5399999618530273,3.549999952316284,11296.0
2025-06-26 13:04:00,BEEP,,4.25,4.25,4.25,4.25,208.0
2025-06-26 13:04:00,BRBS,,3.2699999809265137,3.2699999809265137,3.2699999809265137,3.2699999809265137,158.0
2025-06-26 13:04:00,BTG,,3.634999990463257,3.640000104904175,3.634700059890747,3.640000104904175,53117.0
2025-06-26 13:04:00,BURU,,0.3328999876976013,0.3328999876976013,0.3328999876976013,0.3328999876976013,460.0
2025-06-26 13:04:00,CATX,,3.684999942779541,3.694999933242798,3.680000066757202,3.690000057220459,1896.0
2025-06-26 13:04:00,CEF,,30.415000915527344,30.415000915527344,30.415000915527344,30.415000915527344,704.0
2025-06-26 13:04:00,CIK,,2.934999942779541,2.934999942779541,2.934999942779541,2.934999942779541,100.0
2025-06-26 13:04:00,CLDI,,0.21969999372959137,0.21969999372959137,0.21969999372959137,0.21969999372959137,275.0
2025-06-26 13:04:00,CQP,,55.959999084472656,55.959999084472656,55.915000915527344,55.915000915527344,312.0
2025-06-26 13:04:00,CTM,,1.0449999570846558,1.0499999523162842,1.0449999570846558,1.0499999523162842,300.0
2025-06-26 13:04:00,CYBN,,8.515000343322754,8.515000343322754,8.515000343322754,8.515000343322754,655.0
2025-06-26 13:04:00,DC,,3.809999942779541,3.809999942779541,3.809999942779541,3.809999942779541,318.0
2025-06-26 13:04:00,DNN,,1.8205000162124634,1.8300000429153442,1.8200000524520874,1.823799967765808,45587.0
2025-06-26 13:04:00,EAD,,6.988800048828125,6.988800048828125,6.988800048828125,6.988800048828125,311.0
2025-06-26 13:04:00,EIM,,9.544599533081055,9.544599533081055,9.544599533081055,9.544599533081055,100.0
2025-06-26 13:04:00,ELMD,,21.3700008392334,21.3700008392334,21.309999465942383,21.31999969482422,1920.0
2025-06-26 13:04:00,EQX,,5.945000171661377,5.949999809265137,5.929999828338623,5.940000057220459,34572.0
2025-06-26 13:04:00,ESP,,45.459999084472656,45.459999084472656,45.459999084472656,45.459999084472656,160.0
2025-06-26 13:04:00,FOXO,,0.1996999979019165,0.1996999979019165,0.1996999979019165,0.1996999979019165,1022.0
2025-06-26 13:04:00,FSP,,1.684999942779541,1.684999942779541,1.684999942779541,1.684999942779541,273.0
2025-06-26 13:04:00,FTF,,6.380000114440918,6.380000114440918,6.380000114440918,6.380000114440918,100.0
2025-06-26 13:04:00,GAU,,1.2899999618530273,1.2899999618530273,1.2898999452590942,1.2898999452590942,730.0
2025-06-26 13:04:00,GGN,,4.375,4.375,4.375,4.375,100.0
2025-06-26 13:04:00,GLDG,,0.7459499835968018,0.7469000220298767,0.7458999752998352,0.7469000220298767,6909.0
2025-06-26 13:04:00,GNS,,1.030400037765503,1.034999966621399,1.0199999809265137,1.020799994468689,33871.0
2025-06-26 13:04:00,GROY,,2.2950000762939453,2.299999952316284,2.2950000762939453,2.2950000762939453,885.0
2025-06-26 13:04:00,GSAT,,23.399900436401367,23.399900436401367,23.399900436401367,23.399900436401367,127.0
2025-06-26 13:04:00,IBO,,1.016700029373169,1.0196000337600708,1.0099999904632568,1.0149999856948853,2800.0
2025-06-26 13:04:00,IE,,9.890000343322754,9.890000343322754,9.890000343322754,9.890000343322754,235.0
2025-06-26 13:04:00,IGC,,0.3090510070323944,0.3090510070323944,0.3090510070323944,0.3090510070323944,1072.0
2025-06-26 13:04:00,INDO,,3.190000057220459,3.194999933242798,3.190000057220459,3.194999933242798,604.0
2025-06-26 13:04:00,ITRG,,1.5449999570846558,1.559999942779541,1.5399999618530273,1.559999942779541,192650.0
2025-06-26 13:04:00,KNW,,1.9850000143051147,1.9850000143051147,1.9800000190734863,1.9800000190734863,18275.0
2025-06-26 13:04:00,KULR,,5.087500095367432,5.099999904632568,5.085000038146973,5.085000038146973,20581.0
2025-06-26 13:04:00,LCTX,,1.0099999904632568,1.0149999856948853,1.0099999904632568,1.0099999904632568,1403.0
2025-06-26 13:04:00,LEU,,179.13499450683594,179.13499450683594,178.77000427246094,178.9600067138672,1088.0
2025-06-26 13:04:00,LMND,,42.04499816894531,42.069698333740234,42.029998779296875,42.069698333740234,1663.0
2025-06-26 13:04:00,LNG,,242.60000610351562,242.60000610351562,242.60000610351562,242.60000610351562,1189.0
2025-06-26 13:04:00,LODE,,3.759999990463257,3.7699999809265137,3.759999990463257,3.7699999809265137,959.0
2025-06-26 13:04:00,MAG,,21.40999984741211,21.420000076293945,21.40999984741211,21.420000076293945,2725.0
2025-06-26 13:04:00,MPTI,,41.130001068115234,41.130001068115234,40.970001220703125,40.970001220703125,1117.0
2025-06-26 13:04:00,MRT,,2.850100040435791,2.870699882507324,2.8499999046325684,2.869999885559082,2479.0
2025-06-26 13:04:00,MTA,,3.8754000663757324,3.8754000663757324,3.8754000663757324,3.8754000663757324,909.0
2025-06-26 13:04:00,MTNB,,0.9401000142097473,0.9401000142097473,0.9401000142097473,0.9401000142097473,1400.0
2025-06-26 13:04:00,MYO,,2.2300000190734863,2.2318999767303467,2.2300000190734863,2.2318999767303467,1125.0
2025-06-26 13:04:00,NAK,,1.5449999570846558,1.5499999523162842,1.5399999618530273,1.5449999570846558,53928.0
2025-06-26 13:04:00,NCL,,0.18080000579357147,0.18080000579357147,0.1784999966621399,0.1784999966621399,451.0
2025-06-26 13:04:00,NFGC,,1.4789999723434448,1.4789999723434448,1.4789999723434448,1.4789999723434448,1060.0
2025-06-26 13:04:00,NG,,4.0192999839782715,4.025000095367432,4.010000228881836,4.025000095367432,13763.0
2025-06-26 13:04:00,NGD,,4.914999961853027,4.920000076293945,4.914299964904785,4.920000076293945,6105.0
2025-06-26 13:04:00,NML,,8.819999694824219,8.819999694824219,8.819999694824219,8.819999694824219,1300.0
2025-06-26 13:04:00,NNVC,,1.2137999534606934,1.2137999534606934,1.2137999534606934,1.2137999534606934,136.0
2025-06-26 13:04:00,OBE,,5.590000152587891,5.59499979019165,5.590000152587891,5.59499979019165,902.0
2025-06-26 13:04:00,OPTT,,0.5170999765396118,0.5180000066757202,0.5167999863624573,0.5180000066757202,13375.0
2025-06-26 13:04:00,ORLA,,10.0,10.010000228881836,10.0,10.0,1521.0
2025-06-26 13:04:00,PHGE,,0.4699999988079071,0.4699999988079071,0.4699999988079071,0.4699999988079071,386.0
2025-06-26 13:04:00,PLG,,1.6100000143051147,1.6100000143051147,1.600000023841858,1.6100000143051147,13800.0
2025-06-26 13:04:00,PLX,,1.475100040435791,1.475100040435791,1.475000023841858,1.475000023841858,1205.0
2025-06-26 13:04:00,REI,,0.7803000211715698,0.7803000211715698,0.7796000242233276,0.7803000211715698,3059.0
2025-06-26 13:04:00,SBEV,,3.6549999713897705,3.740000009536743,3.621999979019165,3.7100000381469727,11087.0
2025-06-26 13:04:00,SEB,,2970.0,2970.0,2970.0,2970.0,1.0
2025-06-26 13:04:00,SENS,,0.5008999705314636,0.5016000270843506,0.5008000135421753,0.5016000270843506,5183.0
2025-06-26 13:04:00,SLI,,1.9249999523162842,1.9292999505996704,1.9249999523162842,1.9249999523162842,1046.0
2025-06-26 13:04:00,SOAR,,1.4284000396728516,1.4311000108718872,1.4284000396728516,1.4311000108718872,872.0
2025-06-26 13:04:00,SVM,,4.184999942779541,4.190000057220459,4.180099964141846,4.190000057220459,2623.0
2025-06-26 13:04:00,SVT,,46.900001525878906,46.900001525878906,46.900001525878906,46.900001525878906,401.0
2025-06-26 13:04:00,TGB,,3.140000104904175,3.140000104904175,3.130000114440918,3.130000114440918,3565.0
2025-06-26 13:04:00,TMQ,,1.4950000047683716,1.4950000047683716,1.4950000047683716,1.4950000047683716,1500.0
2025-06-26 13:04:00,TOON,,0.741599977016449,0.741599977016449,0.741599977016449,0.741599977016449,140.0
2025-06-26 13:04:00,UEC,,6.934999942779541,6.940000057220459,6.929999828338623,6.929999828338623,2558.0
2025-06-26 13:04:00,URG,,1.0449999570846558,1.0499999523162842,1.0449999570846558,1.0499999523162842,3019.0
2025-06-26 13:04:00,USAS,,0.839900016784668,0.839900016784668,0.8349000215530396,0.8349000215530396,41405.0
2025-06-26 13:04:00,UTG,,35.540000915527344,35.540000915527344,35.4900016784668,35.4900016784668,1917.0
2025-06-26 13:04:00,UUUU,,5.914999961853027,5.919899940490723,5.911200046539307,5.914999961853027,2302.0
2025-06-26 13:04:00,VNRX,,0.8199999928474426,0.8199999928474426,0.8199999928474426,0.8199999928474426,600.0
2025-06-26 13:04:00,VZLA,,2.990000009536743,2.990000009536743,2.984999895095825,2.984999895095825,312.0
2025-06-26 13:04:00,WRN,,1.2450000047683716,1.2450000047683716,1.2450000047683716,1.2450000047683716,1002.0
2025-06-26 13:04:00,WWR,,0.5902040004730225,0.5902040004730225,0.5902040004730225,0.5902040004730225,192.0
2025-06-26 13:04:00,ZDGE,,4.099999904632568,4.099999904632568,4.010000228881836,4.010000228881836,821.0
2025-06-26 13:05:00,AREN,,5.744999885559082,5.744999885559082,5.664999961853027,5.664999961853027,2028.0
2025-06-26 13:05:00,ARMN,,6.855000019073486,6.860000133514404,6.855000019073486,6.855000019073486,1362.0
2025-06-26 13:05:00,AUST,,1.3388999700546265,1.3388999700546265,1.3388999700546265,1.3388999700546265,505.0
2025-06-26 13:05:00,BRBS,,3.2699999809265137,3.2699999809265137,3.2699999809265137,3.2699999809265137,148.0
2025-06-26 13:05:00,BTG,,3.634999990463257,3.634999990463257,3.634999990463257,3.634999990463257,4762.0
2025-06-26 13:05:00,BURU,,0.33219999074935913,0.33550000190734863,0.33219999074935913,0.33550000190734863,7495.0
2025-06-26 13:05:00,CATX,,3.684999942779541,3.684999942779541,3.684999942779541,3.684999942779541,468.0
2025-06-26 13:05:00,CBOE,,228.1999969482422,228.1999969482422,228.1999969482422,228.1999969482422,429.0
2025-06-26 13:05:00,CIK,,2.934999942779541,2.934999942779541,2.934999942779541,2.934999942779541,100.0
2025-06-26 13:05:00,CLM,,7.940000057220459,7.940000057220459,7.940000057220459,7.940000057220459,2623.0
2025-06-26 13:05:00,CQP,,55.915000915527344,55.915000915527344,55.869998931884766,55.915000915527344,500.0
2025-06-26 13:05:00,CTM,,1.0490000247955322,1.0499999523162842,1.0490000247955322,1.0499999523162842,421.0
2025-06-26 13:05:00,DC,,3.809999942779541,3.809999942779541,3.809999942779541,3.809999942779541,136.0
2025-06-26 13:05:00,DHY,,2.109999895095825,2.109999895095825,2.109999895095825,2.109999895095825,101.0
2025-06-26 13:05:00,DNN,,1.8250000476837158,1.8251999616622925,1.8200000524520874,1.8251999616622925,30561.0
2025-06-26 13:05:00,EQX,,5.940000057220459,5.945000171661377,5.940000057220459,5.940000057220459,94310.0
2025-06-26 13:05:00,EVV,,10.16919994354248,10.16919994354248,10.16919994354248,10.16919994354248,370.0
2025-06-26 13:05:00,FOXO,,0.1996999979019165,0.1996999979019165,0.1996999979019165,0.1996999979019165,2416.0
2025-06-26 13:05:00,GAU,,1.284999966621399,1.2899999618530273,1.284999966621399,1.2899999618530273,1030.0
2025-06-26 13:05:00,GGN,,4.369999885559082,4.369999885559082,4.369999885559082,4.369999885559082,2000.0
2025-06-26 13:05:00,GLO,,5.344399929046631,5.344399929046631,5.344399929046631,5.344399929046631,2851.0
2025-06-26 13:05:00,GLQ,,6.960000038146973,6.960000038146973,6.960000038146973,6.960000038146973,1003.0
2025-06-26 13:05:00,GLV,,5.619999885559082,5.619999885559082,5.619999885559082,5.619999885559082,0.0
2025-06-26 13:05:00,GNS,,1.0298999547958374,1.034999966621399,1.0202000141143799,1.034999966621399,60248.0
2025-06-26 13:05:00,GROY,,2.2950000762939453,2.299999952316284,2.2950000762939453,2.2950000762939453,1070.0
2025-06-26 13:05:00,GSAT,,23.360000610351562,23.360000610351562,23.360000610351562,23.360000610351562,277.0
2025-06-26 13:05:00,HNW,,12.350000381469727,12.359999656677246,12.350000381469727,12.359999656677246,1400.0
2025-06-26 13:05:00,HUSA,,13.40149974822998,13.40149974822998,13.40149974822998,13.40149974822998,150.0
2025-06-26 13:05:00,IBO,,1.0196000337600708,1.0199999809265137,1.0099999904632568,1.0199999809265137,3312.0
2025-06-26 13:05:00,IE,,9.90999984741211,9.90999984741211,9.90999984741211,9.90999984741211,423.0
2025-06-26 13:05:00,IMO,,81.37999725341797,81.37999725341797,81.37999725341797,81.37999725341797,136.0
2025-06-26 13:05:00,INDO,,3.190000057220459,3.190000057220459,3.1700000762939453,3.1700000762939453,968.0
2025-06-26 13:05:00,ITRG,,1.5334999561309814,1.5420000553131104,1.5334999561309814,1.5399999618530273,22255.0
2025-06-26 13:05:00,KNW,,1.999899983406067,1.999899983406067,1.9900000095367432,1.9900000095367432,6165.0
2025-06-26 13:05:00,KULR,,5.099999904632568,5.099999904632568,5.090000152587891,5.099999904632568,3338.0
2025-06-26 13:05:00,LCTX,,1.0099999904632568,1.0149999856948853,1.0099999904632568,1.0099999904632568,1319.0
2025-06-26 13:05:00,LEU,,179.0449981689453,179.22549438476562,178.58009338378906,179.22549438476562,2137.0
2025-06-26 13:05:00,LMND,,42.09880065917969,42.09880065917969,42.04999923706055,42.05820083618164,1999.0
2025-06-26 13:05:00,LNG,,242.47500610351562,242.58999633789062,242.4499969482422,242.5,2011.0
2025-06-26 13:05:00,MPTI,,41.13999938964844,41.13999938964844,41.099998474121094,41.099998474121094,627.0
2025-06-26 13:05:00,MRT,,2.8501999378204346,2.8501999378204346,2.8501999378204346,2.8501999378204346,209.0
2025-06-26 13:05:00,MTNB,,0.949999988079071,0.949999988079071,0.949999988079071,0.949999988079071,253.0
2025-06-26 13:05:00,MYO,,2.2320001125335693,2.2320001125335693,2.2320001125335693,2.2320001125335693,1083.0
2025-06-26 13:05:00,NAK,,1.5499999523162842,1.5499999523162842,1.5400999784469604,1.5479999780654907,5165.0
2025-06-26 13:05:00,NBH,,9.795000076293945,9.800000190734863,9.795000076293945,9.800000190734863,400.0
2025-06-26 13:05:00,NCL,,0.18025000393390656,0.18025000393390656,0.18025000393390656,0.18025000393390656,4000.0
2025-06-26 13:05:00,NG,,4.019999980926514,4.019999980926514,4.014999866485596,4.014999866485596,8852.0
2025-06-26 13:05:00,NGD,,4.914999961853027,4.920000076293945,4.909999847412109,4.909999847412109,7662.0
2025-06-26 13:05:00,NML,,8.8100004196167,8.8100004196167,8.8100004196167,8.8100004196167,110.0
2025-06-26 13:05:00,NNVC,,1.2101000547409058,1.2101000547409058,1.2101000547409058,1.2101000547409058,280.0
2025-06-26 13:05:00,OBE,,5.579999923706055,5.590000152587891,5.579999923706055,5.590000152587891,2477.0
2025-06-26 13:05:00,OGEN,,3.880000114440918,3.880000114440918,3.6600000858306885,3.6600000858306885,20493.0
2025-06-26 13:05:00,OPTT,,0.51705002784729,0.517998993396759,0.5167999863624573,0.517998993396759,3101.0
2025-06-26 13:05:00,ORLA,,9.989999771118164,10.0,9.989999771118164,10.0,2204.0
2025-06-26 13:05:00,PLG,,1.6200000047683716,1.6200000047683716,1.6100000143051147,1.6150000095367432,9917.0
2025-06-26 13:05:00,PLX,,1.475000023841858,1.475000023841858,1.475000023841858,1.475000023841858,105.0
2025-06-26 13:05:00,REI,,0.7802000045776367,0.7802000045776367,0.7796000242233276,0.7796000242233276,1057.0
2025-06-26 13:05:00,RVP,,0.6600000262260437,0.6600000262260437,0.6600000262260437,0.6600000262260437,696.0
2025-06-26 13:05:00,SATX,,2.950000047683716,2.950000047683716,2.950000047683716,2.950000047683716,531.0
2025-06-26 13:05:00,SBEV,,3.619999885559082,3.640000104904175,3.609999895095825,3.619999885559082,6029.0
2025-06-26 13:05:00,SEB,,2961.5,2961.5,2961.5,2961.5,2.0
2025-06-26 13:05:00,SENS,,0.5008000135421753,0.5008000135421753,0.5005999803543091,0.5005999803543091,4373.0
2025-06-26 13:05:00,SLI,,1.929900050163269,1.9299999475479126,1.929900050163269,1.9299999475479126,1144.0
2025-06-26 13:05:00,SOAR,,1.4249999523162842,1.4249999523162842,1.4249999523162842,1.4249999523162842,114.0
2025-06-26 13:05:00,SVM,,4.184999942779541,4.184999942779541,4.184999942779541,4.184999942779541,1504.0
2025-06-26 13:05:00,TGB,,3.134999990463257,3.1375999450683594,3.130000114440918,3.1375999450683594,28281.0
2025-06-26 13:05:00,TMQ,,1.4900000095367432,1.4900000095367432,1.4900000095367432,1.4900000095367432,557.0
2025-06-26 13:05:00,TPET,,1.1899000406265259,1.1899000406265259,1.1899000406265259,1.1899000406265259,1062.0
2025-06-26 13:05:00,TRT,,5.610000133514404,5.849999904632568,5.610000133514404,5.849999904632568,12995.0
2025-06-26 13:05:00,UAMY,,2.565000057220459,2.565000057220459,2.5625,2.565000057220459,1720.0
2025-06-26 13:05:00,UAVS,,1.0902999639511108,1.0902999639511108,1.0902999639511108,1.0902999639511108,223.0
2025-06-26 13:05:00,UEC,,6.934999942779541,6.940000057220459,6.929999828338623,6.929999828338623,8656.0
2025-06-26 13:05:00,URG,,1.0449999570846558,1.0449999570846558,1.0399999618530273,1.0449999570846558,3630.0
2025-06-26 13:05:00,USAS,,0.8397989869117737,0.8397989869117737,0.8397989869117737,0.8397989869117737,5060.0
2025-06-26 13:05:00,UTG,,35.59989929199219,35.59989929199219,35.59989929199219,35.59989929199219,495.0
2025-06-26 13:05:00,UUUU,,5.90500020980835,5.910099983215332,5.900000095367432,5.910099983215332,16592.0
2025-06-26 13:05:00,VNRX,,0.7930999994277954,0.7930999994277954,0.7930999994277954,0.7930999994277954,100.0
2025-06-26 13:05:00,VZLA,,2.990000009536743,2.990000009536743,2.984999895095825,2.984999895095825,321.0
2025-06-26 13:05:00,WRN,,1.2400000095367432,1.2400000095367432,1.2400000095367432,1.2400000095367432,100.0
2025-06-26 13:06:00,AEON,,0.7701299786567688,0.7701299786567688,0.7701299786567688,0.7701299786567688,152.0
2025-06-26 13:06:00,ARMN,,6.849999904632568,6.860000133514404,6.849999904632568,6.855000019073486,667.0
2025-06-26 13:06:00,ASM,,3.54010009765625,3.541100025177002,3.5399999618530273,3.5399999618530273,15295.0
2025-06-26 13:06:00,ATNM,,1.534999966621399,1.5397000312805176,1.534999966621399,1.5397000312805176,5484.0
2025-06-26 13:06:00,AUST,,1.3200000524520874,1.3200000524520874,1.3200000524520874,1.3200000524520874,167.0
2025-06-26 13:06:00,AWX,,2.450000047683716,2.450000047683716,2.450000047683716,2.450000047683716,200.0
2025-06-26 13:06:00,BKTI,,55.630001068115234,56.0,55.540000915527344,55.540000915527344,1200.0
2025-06-26 13:06:00,BRBS,,3.2699999809265137,3.2750000953674316,3.2699999809265137,3.2699999809265137,304.0
2025-06-26 13:06:00,BTG,,3.631200075149536,3.640000104904175,3.630000114440918,3.634999990463257,142579.0
2025-06-26 13:06:00,BURU,,0.33219999074935913,0.33379998803138733,0.33219999074935913,0.33379998803138733,1583.0
2025-06-26 13:06:00,CBOE,,228.44000244140625,228.44000244140625,228.44000244140625,228.44000244140625,231.0
2025-06-26 13:06:00,CIK,,2.934999942779541,2.940000057220459,2.9300999641418457,2.934999942779541,3510.0
2025-06-26 13:06:00,CLM,,7.940000057220459,7.945000171661377,7.940000057220459,7.945000171661377,2563.0
2025-06-26 13:06:00,CMCL,,19.139999389648438,19.139999389648438,19.139999389648438,19.139999389648438,322.0
2025-06-26 13:06:00,CMT,,16.969999313354492,16.969999313354492,16.96500015258789,16.96500015258789,751.0
2025-06-26 13:06:00,CQP,,55.875,55.915000915527344,55.79999923706055,55.915000915527344,1497.0
2025-06-26 13:06:00,CTM,,1.0449999570846558,1.0449999570846558,1.0449999570846558,1.0449999570846558,100.0
2025-06-26 13:06:00,CYBN,,8.539999961853027,8.539999961853027,8.539999961853027,8.539999961853027,946.0
2025-06-26 13:06:00,DC,,3.809999942779541,3.809999942779541,3.805000066757202,3.809999942779541,765.0
2025-06-26 13:06:00,DNN,,1.8250000476837158,1.8300000429153442,1.8200000524520874,1.8250000476837158,21818.0
2025-06-26 13:06:00,EPM,,4.769999980926514,4.769999980926514,4.769999980926514,4.769999980926514,718.0
2025-06-26 13:06:00,EQX,,5.940000057220459,5.945000171661377,5.929999828338623,5.940000057220459,56334.0
2025-06-26 13:06:00,FRD,,16.229999542236328,16.229999542236328,16.229999542236328,16.229999542236328,556.0
2025-06-26 13:06:00,FTF,,6.380000114440918,6.380000114440918,6.380000114440918,6.380000114440918,100.0
2025-06-26 13:06:00,FURY,,0.4803999960422516,0.48500001430511475,0.4803999960422516,0.4803999960422516,74727.0
2025-06-26 13:06:00,GAU,,1.284999966621399,1.284999966621399,1.284999966621399,1.284999966621399,128.0
2025-06-26 13:06:00,GNS,,1.0099999904632568,1.0299999713897705,1.0,1.024999976158142,77473.0
2025-06-26 13:06:00,GROY,,2.2950000762939453,2.299999952316284,2.2899999618530273,2.299999952316284,2429.0
2025-06-26 13:06:00,GTE,,5.070000171661377,5.090000152587891,5.070000171661377,5.090000152587891,797.0
2025-06-26 13:06:00,HUSA,,13.329999923706055,13.40999984741211,13.329999923706055,13.399999618530273,1890.0
2025-06-26 13:06:00,IBO,,1.0104000568389893,1.019700050354004,1.0104000568389893,1.0104000568389893,1656.0
2025-06-26 13:06:00,IDR,,13.140000343322754,13.170000076293945,13.140000343322754,13.170000076293945,1106.0
2025-06-26 13:06:00,IE,,9.90999984741211,9.90999984741211,9.90999984741211,9.90999984741211,540.0
2025-06-26 13:06:00,IMO,,81.1050033569336,81.33000183105469,81.1050033569336,81.33000183105469,1601.0
2025-06-26 13:06:00,INDO,,3.2300000190734863,3.2300000190734863,3.190000057220459,3.2100000381469727,2300.0
2025-06-26 13:06:00,ITRG,,1.5399999618530273,1.5399999618530273,1.5299999713897705,1.5399999618530273,7920.0
2025-06-26 13:06:00,KNW,,1.9900000095367432,1.999500036239624,1.9900000095367432,1.9900000095367432,840.0
2025-06-26 13:06:00,KULR,,5.089000225067139,5.105000019073486,5.081200122833252,5.102499961853027,14198.0
2025-06-26 13:06:00,LCTX,,1.0149999856948853,1.0149999856948853,1.0099999904632568,1.0149999856948853,903.0
2025-06-26 13:06:00,LEU,,178.61000061035156,179.09100341796875,178.61000061035156,178.8800048828125,994.0
2025-06-26 13:06:00,LMND,,42.029998779296875,42.04999923706055,42.02000045776367,42.029998779296875,2025.0
2025-06-26 13:06:00,LNG,,242.15989685058594,242.49000549316406,241.9199981689453,242.47500610351562,6917.0
2025-06-26 13:06:00,MAG,,21.405000686645508,21.40999984741211,21.405000686645508,21.40999984741211,2534.0
2025-06-26 13:06:00,MAIA,,1.7100000381469727,1.7100000381469727,1.7100000381469727,1.7100000381469727,223.0
2025-06-26 13:06:00,MPTI,,41.130001068115234,41.2400016784668,40.810001373291016,41.0099983215332,2202.0
2025-06-26 13:06:00,MRT,,2.859999895095825,2.859999895095825,2.859999895095825,2.859999895095825,631.0
2025-06-26 13:06:00,MYO,,2.2249999046325684,2.2300000190734863,2.2200000286102295,2.2300000190734863,4188.0
2025-06-26 13:06:00,NAK,,1.5490000247955322,1.5490000247955322,1.5449999570846558,1.5489000082015991,1952.0
2025-06-26 13:06:00,NCL,,0.18025000393390656,0.1818999946117401,0.18025000393390656,0.1818999946117401,5341.0
2025-06-26 13:06:00,NEWP,,1.375,1.3752000331878662,1.375,1.3752000331878662,318.0
2025-06-26 13:06:00,NFGC,,1.475000023841858,1.475000023841858,1.475000023841858,1.475000023841858,2030.0
2025-06-26 13:06:00,NG,,4.019100189208984,4.019100189208984,4.019100189208984,4.019100189208984,3117.0
2025-06-26 13:06:00,NGD,,4.914999961853027,4.918300151824951,4.909999847412109,4.914999961853027,21260.0
2025-06-26 13:06:00,NHC,,107.45999908447266,107.45999908447266,107.45999908447266,107.45999908447266,1017.0
2025-06-26 13:06:00,OBE,,5.570000171661377,5.579999923706055,5.570000171661377,5.579999923706055,3282.0
2025-06-26 13:06:00,OGEN,,3.880000114440918,3.880000114440918,3.609999895095825,3.680000066757202,20838.0
2025-06-26 13:06:00,OPTT,,0.5180000066757202,0.5180000066757202,0.5180000066757202,0.5180000066757202,126.0
2025-06-26 13:06:00,OSTX,,1.8898999691009521,1.8899999856948853,1.8898999691009521,1.8898999691009521,1398.0
2025-06-26 13:06:00,PLG,,1.6150000095367432,1.6150000095367432,1.6150000095367432,1.6150000095367432,300.0
2025-06-26 13:06:00,PLMR,,150.52000427246094,150.52000427246094,150.52000427246094,150.52000427246094,728.0
2025-06-26 13:06:00,PLX,,1.475000023841858,1.4754999876022339,1.4700000286102295,1.4754999876022339,1501.0
2025-06-26 13:06:00,REI,,0.777999997138977,0.7799000144004822,0.777999997138977,0.7796000242233276,14442.0
2025-06-26 13:06:00,REPX,,26.600000381469727,26.600000381469727,26.600000381469727,26.600000381469727,1046.0
2025-06-26 13:06:00,SBEV,,3.630000114440918,3.640000104904175,3.619999885559082,3.640000104904175,3684.0
2025-06-26 13:06:00,SENS,,0.5006999969482422,0.5006999969482422,0.5006999969482422,0.5006999969482422,500.0
2025-06-26 13:06:00,SGN,,1.090000033378601,1.090000033378601,1.090000033378601,1.090000033378601,300.0
2025-06-26 13:06:00,SOAR,,1.4206000566482544,1.4206000566482544,1.4206000566482544,1.4206000566482544,1024.0
2025-06-26 13:06:00,SVM,,4.179900169372559,4.184999942779541,4.170000076293945,4.184999942779541,53173.0
2025-06-26 13:06:00,TGB,,3.134999990463257,3.140000104904175,3.130000114440918,3.134999990463257,3043.0
2025-06-26 13:06:00,TRT,,5.610000133514404,5.610000133514404,5.610000133514404,5.610000133514404,502.0
2025-06-26 13:06:00,UAVS,,1.0947999954223633,1.100000023841858,1.0947999954223633,1.0997999906539917,5110.0
2025-06-26 13:06:00,UEC,,6.925000190734863,6.934999942779541,6.920000076293945,6.934999942779541,44532.0
2025-06-26 13:06:00,URG,,1.0449999570846558,1.0449999570846558,1.0399999618530273,1.0449999570846558,3873.0
2025-06-26 13:06:00,USAS,,0.839900016784668,0.839900016784668,0.836650013923645,0.836650013923645,3350.0
2025-06-26 13:06:00,UUUU,,5.894999980926514,5.900000095367432,5.889999866485596,5.900000095367432,27015.0
2025-06-26 13:06:00,VZLA,,2.984999895095825,2.984999895095825,2.984999895095825,2.984999895095825,306.0
2025-06-26 13:06:00,WRN,,1.2252000570297241,1.2450000047683716,1.225000023841858,1.2400000095367432,31281.0
2025-06-26 13:06:00,WWR,,0.5960000157356262,0.5960000157356262,0.5902000069618225,0.5958999991416931,2300.0
2025-06-26 13:07:00,ACU,,39.75,39.75,39.75,39.75,399.0
2025-06-26 13:07:00,ASM,,3.5350000858306885,3.539900064468384,3.5299999713897705,3.539900064468384,8306.0
2025-06-26 13:07:00,ATNM,,1.534999966621399,1.534999966621399,1.534999966621399,1.534999966621399,458.0
2025-06-26 13:07:00,AUST,,1.3300000429153442,1.3300000429153442,1.3300000429153442,1.3300000429153442,150.0
2025-06-26 13:07:00,AWX,,2.450000047683716,2.450000047683716,2.450000047683716,2.450000047683716,208.0
2025-06-26 13:07:00,BATL,,1.4800000190734863,1.4900000095367432,1.4800000190734863,1.4900000095367432,355.0
2025-06-26 13:07:00,BHB,,29.530000686645508,29.530000686645508,29.530000686645508,29.530000686645508,260.0
2025-06-26 13:07:00,BRBS,,3.2699999809265137,3.2699999809265137,3.2699999809265137,3.2699999809265137,184.0
2025-06-26 13:07:00,BRN,,1.2029999494552612,1.2029999494552612,1.2029999494552612,1.2029999494552612,1250.0
2025-06-26 13:07:00,BTG,,3.6350998878479004,3.640000104904175,3.634999990463257,3.634999990463257,33173.0
2025-06-26 13:07:00,BURU,,0.33230000734329224,0.33529898524284363,0.33230000734329224,0.33529898524284363,1366.0
2025-06-26 13:07:00,CATX,,3.6700000762939453,3.680000066757202,3.6700000762939453,3.680000066757202,456.0
2025-06-26 13:07:00,CBOE,,228.42999267578125,228.42999267578125,228.42999267578125,228.42999267578125,370.0
2025-06-26 13:07:00,CEF,,30.404699325561523,30.40999984741211,30.404699325561523,30.40999984741211,2557.0
2025-06-26 13:07:00,CIK,,2.934999942779541,2.934999942779541,2.934999942779541,2.934999942779541,100.0
2025-06-26 13:07:00,CLM,,7.942599773406982,7.9481000900268555,7.942599773406982,7.9481000900268555,303.0
2025-06-26 13:07:00,CPHI,,1.8200000524520874,1.8200000524520874,1.8200000524520874,1.8200000524520874,615.0
2025-06-26 13:07:00,CQP,,55.900001525878906,55.900001525878906,55.869998931884766,55.875,315.0
2025-06-26 13:07:00,CRF,,7.555200099945068,7.555200099945068,7.555200099945068,7.555200099945068,125.0
2025-06-26 13:07:00,CTM,,1.0449999570846558,1.0449999570846558,1.0449999570846558,1.0449999570846558,1130.0
2025-06-26 13:07:00,DNN,,1.8200000524520874,1.8250000476837158,1.8200000524520874,1.8250000476837158,10238.0
2025-06-26 13:07:00,EQX,,5.945000171661377,5.945000171661377,5.940000057220459,5.945000171661377,19657.0
2025-06-26 13:07:00,GAU,,1.284999966621399,1.284999966621399,1.284999966621399,1.284999966621399,444.0
2025-06-26 13:07:00,GNS,,1.000100016593933,1.0199999809265137,1.0,1.0199999809265137,59875.0
2025-06-26 13:07:00,GORO,,0.550000011920929,0.550000011920929,0.550000011920929,0.550000011920929,3081.0
2025-06-26 13:07:00,GROY,,2.299999952316284,2.299999952316284,2.2950000762939453,2.2950000762939453,562.0
2025-06-26 13:07:00,GSAT,,23.350000381469727,23.382699966430664,23.350000381469727,23.382699966430664,574.0
2025-06-26 13:07:00,HUSA,,13.407999992370605,13.407999992370605,13.369999885559082,13.369999885559082,402.0
2025-06-26 13:07:00,IBO,,1.0196000337600708,1.0196000337600708,1.0196000337600708,1.0196000337600708,144.0
2025-06-26 13:07:00,IDR,,13.13659954071045,13.13659954071045,13.13659954071045,13.13659954071045,270.0
2025-06-26 13:07:00,IE,,9.90999984741211,9.90999984741211,9.90999984741211,9.90999984741211,150.0
2025-06-26 13:07:00,IMO,,81.1500015258789,81.1500015258789,81.11000061035156,81.13999938964844,680.0
2025-06-26 13:07:00,INDO,,3.2049999237060547,3.2100000381469727,3.2049999237060547,3.2100000381469727,400.0
2025-06-26 13:07:00,ITP,,0.18729999661445618,0.18729999661445618,0.18729999661445618,0.18729999661445618,100.0
2025-06-26 13:07:00,ITRG,,1.5399999618530273,1.5399999618530273,1.534999966621399,1.5399999618530273,1210.0
2025-06-26 13:07:00,KNW,,1.9808000326156616,1.9808000326156616,1.9701000452041626,1.9800000190734863,2220.0
2025-06-26 13:07:00,KULR,,5.08519983291626,5.08519983291626,5.08519983291626,5.08519983291626,3003.0
2025-06-26 13:07:00,LCTX,,1.0099999904632568,1.0149999856948853,1.0099999904632568,1.0099999904632568,1652.0
2025-06-26 13:07:00,LEU,,179.49000549316406,179.49000549316406,178.60000610351562,178.67999267578125,3834.0
2025-06-26 13:07:00,LMND,,42.040000915527344,42.040000915527344,42.040000915527344,42.040000915527344,339.0
2025-06-26 13:07:00,LNG,,242.1300048828125,242.1300048828125,241.91000366210938,241.91000366210938,1666.0
2025-06-26 13:07:00,LSF,,6.199999809265137,6.199999809265137,6.199999809265137,6.199999809265137,132.0
2025-06-26 13:07:00,MAG,,21.40999984741211,21.40999984741211,21.405000686645508,21.40999984741211,1748.0
2025-06-26 13:07:00,MPTI,,40.91999816894531,41.09000015258789,40.91999816894531,41.09000015258789,1094.0
2025-06-26 13:07:00,NAK,,1.5464999675750732,1.5490000247955322,1.5449999570846558,1.5490000247955322,1401.0
2025-06-26 13:07:00,NBH,,9.795000076293945,9.795000076293945,9.795000076293945,9.795000076293945,100.0
2025-06-26 13:07:00,NG,,4.025000095367432,4.025000095367432,4.013999938964844,4.013999938964844,11176.0
2025-06-26 13:07:00,NGD,,4.914999961853027,4.920000076293945,4.9105000495910645,4.914999961853027,9075.0
2025-06-26 13:07:00,NNVC,,1.2235000133514404,1.225000023841858,1.2235000133514404,1.2235000133514404,490597.0
2025-06-26 13:07:00,OBE,,5.570000171661377,5.570000171661377,5.565000057220459,5.565000057220459,1173.0
2025-06-26 13:07:00,OGEN,,3.7799999713897705,3.7799999713897705,3.6800999641418457,3.690000057220459,301.0
2025-06-26 13:07:00,OPTT,,0.5170000195503235,0.5170999765396118,0.5170000195503235,0.5170999765396118,1097.0
2025-06-26 13:07:00,ORLA,,9.989999771118164,9.989999771118164,9.984999656677246,9.989999771118164,1646.0
2025-06-26 13:07:00,PLG,,1.6150000095367432,1.6198999881744385,1.6150000095367432,1.6150000095367432,10490.0
2025-06-26 13:07:00,PLMR,,150.80999755859375,150.80999755859375,150.63499450683594,150.67999267578125,2453.0
2025-06-26 13:07:00,PLX,,1.4700000286102295,1.4700000286102295,1.4700000286102295,1.4700000286102295,210.0
2025-06-26 13:07:00,REI,,0.777999997138977,0.777999997138977,0.777999997138977,0.777999997138977,180.0
2025-06-26 13:07:00,SATX,,2.950000047683716,2.950000047683716,2.950000047683716,2.950000047683716,223.0
2025-06-26 13:07:00,SBEV,,3.680000066757202,3.680000066757202,3.630000114440918,3.630000114440918,6369.0
2025-06-26 13:07:00,SENS,,0.5007500052452087,0.5007500052452087,0.5007500052452087,0.5007500052452087,400.0
2025-06-26 13:07:00,SGN,,1.0997999906539917,1.0999000072479248,1.0997999906539917,1.0997999906539917,1250.0
2025-06-26 13:07:00,SLI,,1.9200999736785889,1.9299999475479126,1.9200999736785889,1.9240000247955322,2667.0
2025-06-26 13:07:00,STXS,,2.234999895095825,2.234999895095825,2.234999895095825,2.234999895095825,123.0
2025-06-26 13:07:00,SVM,,4.176300048828125,4.179999828338623,4.170000076293945,4.175000190734863,15320.0
2025-06-26 13:07:00,SVT,,46.900001525878906,46.900001525878906,46.900001525878906,46.900001525878906,400.0
2025-06-26 13:07:00,TGB,,3.134999990463257,3.134999990463257,3.130000114440918,3.130000114440918,1203.0
2025-06-26 13:07:00,TPET,,1.1797000169754028,1.1797000169754028,1.1797000169754028,1.1797000169754028,2445.0
2025-06-26 13:07:00,TRT,,5.460000038146973,5.460000038146973,5.400000095367432,5.400000095367432,14630.0
2025-06-26 13:07:00,TRX,,0.33344998955726624,0.33344998955726624,0.33344998955726624,0.33344998955726624,439.0
2025-06-26 13:07:00,UAMY,,2.555000066757202,2.5678000450134277,2.555000066757202,2.5678000450134277,26965.0
2025-06-26 13:07:00,UAVS,,1.0953999757766724,1.0953999757766724,1.0953999757766724,1.0953999757766724,300.0
2025-06-26 13:07:00,UEC,,6.925000190734863,6.929999828338623,6.920000076293945,6.925000190734863,32749.0
2025-06-26 13:07:00,URG,,1.0449999570846558,1.0449999570846558,1.0399999618530273,1.0449999570846558,1918.0
2025-06-26 13:07:00,USAS,,0.8370000123977661,0.839900016784668,0.836899995803833,0.836899995803833,29800.0
2025-06-26 13:07:00,UTG,,35.5,35.5,35.5,35.5,1042.0
2025-06-26 13:07:00,UUUU,,5.892399787902832,5.900000095367432,5.892399787902832,5.900000095367432,14841.0
2025-06-26 13:07:00,VGZ,,1.024999976158142,1.024999976158142,1.024999976158142,1.024999976158142,100.0
2025-06-26 13:07:00,VTAK,,0.24899999797344208,0.24899999797344208,0.24860000610351562,0.24860000610351562,16489.0
2025-06-26 13:07:00,VZLA,,2.984999895095825,2.990000009536743,2.9800000190734863,2.9800000190734863,2941.0
2025-06-26 13:07:00,WYY,,3.3399999141693115,3.3399999141693115,3.3399999141693115,3.3399999141693115,100.0
2025-06-26 13:07:00,ZDGE,,4.085000038146973,4.085000038146973,4.010000228881836,4.010000228881836,908.0
2025-06-26 13:08:00,AEON,,0.7649999856948853,0.7699999809265137,0.7649999856948853,0.7699999809265137,7421.0
2025-06-26 13:08:00,ASM,,3.549999952316284,3.549999952316284,3.5399999618530273,3.5399999618530273,14035.0
2025-06-26 13:08:00,ATNM,,1.5300999879837036,1.5300999879837036,1.5300999879837036,1.5300999879837036,300.0
2025-06-26 13:08:00,AUST,,1.3300000429153442,1.3300000429153442,1.3300000429153442,1.3300000429153442,1000.0
2025-06-26 13:08:00,BATL,,1.4900000095367432,1.4900000095367432,1.4900000095367432,1.4900000095367432,502.0
2025-06-26 13:08:00,BKTI,,55.36000061035156,55.6349983215332,55.36000061035156,55.6349983215332,1442.0
2025-06-26 13:08:00,BRBS,,3.2699999809265137,3.2699999809265137,3.2699999809265137,3.2699999809265137,217.0
2025-06-26 13:08:00,BTG,,3.6465001106262207,3.6500000953674316,3.6350998878479004,3.6350998878479004,336447.0
2025-06-26 13:08:00,BURU,,0.33230000734329224,0.3338499963283539,0.33230000734329224,0.3338499963283539,3186.0
2025-06-26 13:08:00,CATX,,3.6700000762939453,3.680000066757202,3.6700000762939453,3.680000066757202,331.0
2025-06-26 13:08:00,CIK,,2.9312000274658203,2.934999942779541,2.9312000274658203,2.934999942779541,500.0
2025-06-26 13:08:00,CLM,,7.940000057220459,7.940100193023682,7.940000057220459,7.940100193023682,241.0
2025-06-26 13:08:00,COE,,33.279998779296875,33.279998779296875,33.279998779296875,33.279998779296875,693.0
2025-06-26 13:08:00,CQP,,55.95500183105469,55.959999084472656,55.849998474121094,55.900001525878906,1896.0
2025-06-26 13:08:00,CRF,,7.559899806976318,7.559899806976318,7.554999828338623,7.554999828338623,906.0
2025-06-26 13:08:00,CTM,,1.0499999523162842,1.0499999523162842,1.041100025177002,1.041100025177002,1715.0
2025-06-26 13:08:00,CYBN,,8.579999923706055,8.579999923706055,8.5600004196167,8.5600004196167,950.0
2025-06-26 13:08:00,DNN,,1.8300000429153442,1.8300000429153442,1.8200000524520874,1.8293999433517456,41774.0
2025-06-26 13:08:00,EIM,,9.550000190734863,9.550000190734863,9.550000190734863,9.550000190734863,106.0
2025-06-26 13:08:00,EMX,,2.565000057220459,2.565000057220459,2.565000057220459,2.565000057220459,502.0
2025-06-26 13:08:00,EQX,,5.954999923706055,5.960000038146973,5.940000057220459,5.945000171661377,105066.0
2025-06-26 13:08:00,ERC,,9.390000343322754,9.390000343322754,9.390000343322754,9.390000343322754,100.0
2025-06-26 13:08:00,ESP,,45.709999084472656,45.709999084472656,45.709999084472656,45.709999084472656,165.0
2025-06-26 13:08:00,FSP,,1.684999942779541,1.684999942779541,1.684999942779541,1.684999942779541,309.0
2025-06-26 13:08:00,GAU,,1.284999966621399,1.284999966621399,1.284999966621399,1.284999966621399,822.0
2025-06-26 13:08:00,GENC,,14.199999809265137,14.199999809265137,14.199999809265137,14.199999809265137,117.0
2025-06-26 13:08:00,GGN,,4.375,4.375,4.375,4.375,100.0
2025-06-26 13:08:00,GLDG,,0.7450000047683716,0.7450000047683716,0.7450000047683716,0.7450000047683716,2000.0
2025-06-26 13:08:00,GNS,,1.0191999673843384,1.0199999809265137,1.0099999904632568,1.0099999904632568,18865.0
2025-06-26 13:08:00,GORO,,0.5565000176429749,0.5565000176429749,0.5532000064849854,0.5532500147819519,5100.0
2025-06-26 13:08:00,GROY,,2.2950000762939453,2.2950000762939453,2.2950000762939453,2.2950000762939453,197.0
2025-06-26 13:08:00,GTE,,5.059999942779541,5.059999942779541,5.059999942779541,5.059999942779541,231.0
2025-06-26 13:08:00,HUSA,,13.345000267028809,13.345000267028809,13.345000267028809,13.345000267028809,200.0
2025-06-26 13:08:00,IBO,,1.0196000337600708,1.0199999809265137,1.0099999904632568,1.0199999809265137,3914.0
2025-06-26 13:08:00,IDR,,13.140000343322754,13.140000343322754,13.140000343322754,13.140000343322754,949.0
2025-06-26 13:08:00,IE,,9.914999961853027,9.914999961853027,9.914999961853027,9.914999961853027,447.0
2025-06-26 13:08:00,IMO,,81.15499877929688,81.16999816894531,81.1500015258789,81.16999816894531,475.0
2025-06-26 13:08:00,INDO,,3.174999952316284,3.200000047683716,3.1568000316619873,3.200000047683716,10705.0
2025-06-26 13:08:00,ITRG,,1.5399999618530273,1.5399999618530273,1.5360000133514404,1.5399999618530273,800.0
2025-06-26 13:08:00,KNW,,1.9550000429153442,1.9700000286102295,1.9500000476837158,1.9700000286102295,755.0
2025-06-26 13:08:00,KULR,,5.085000038146973,5.085000038146973,5.085000038146973,5.085000038146973,1171.0
2025-06-26 13:08:00,LCTX,,1.0099999904632568,1.0198999643325806,1.0099999904632568,1.0149999856948853,1953.0
2025-06-26 13:08:00,LEU,,179.28250122070312,179.28250122070312,178.7530059814453,178.7530059814453,2366.0
2025-06-26 13:08:00,LMND,,42.0,42.04999923706055,42.0,42.04999923706055,1801.0
2025-06-26 13:08:00,LNG,,242.32000732421875,242.32000732421875,242.1531982421875,242.1531982421875,1309.0
2025-06-26 13:08:00,MAG,,21.43000030517578,21.43000030517578,21.420000076293945,21.420000076293945,4524.0
2025-06-26 13:08:00,MPTI,,40.970001220703125,41.06999969482422,40.90999984741211,40.90999984741211,2770.0
2025-06-26 13:08:00,MYO,,2.2249999046325684,2.2249999046325684,2.2249999046325684,2.2249999046325684,497.0
2025-06-26 13:08:00,NAK,,1.5449999570846558,1.5499000549316406,1.5449999570846558,1.5490000247955322,19151.0
2025-06-26 13:08:00,NCL,,0.17870000004768372,0.18029999732971191,0.17870000004768372,0.179299995303154,2484.0
2025-06-26 13:08:00,NFGC,,1.475000023841858,1.475000023841858,1.4735000133514404,1.4736000299453735,14381.0
2025-06-26 13:08:00,NG,,4.014999866485596,4.025000095367432,4.014999866485596,4.020100116729736,32283.0
2025-06-26 13:08:00,NGD,,4.925000190734863,4.929900169372559,4.909999847412109,4.914999961853027,213311.0
2025-06-26 13:08:00,NML,,8.826000213623047,8.826000213623047,8.826000213623047,8.826000213623047,200.0
2025-06-26 13:08:00,NNVC,,1.2400000095367432,1.2400000095367432,1.2249000072479248,1.2400000095367432,2525.0
2025-06-26 13:08:00,OBE,,5.570000171661377,5.570000171661377,5.570000171661377,5.570000171661377,265.0
2025-06-26 13:08:00,OGEN,,3.680000066757202,3.680000066757202,3.680000066757202,3.680000066757202,2650.0
2025-06-26 13:08:00,OPTT,,0.515999972820282,0.5160999894142151,0.515999972820282,0.5160999894142151,10238.0
2025-06-26 13:08:00,ORLA,,10.0,10.0,10.0,10.0,1837.0
2025-06-26 13:08:00,PLG,,1.625,1.625,1.6100000143051147,1.617799997329712,55131.0
2025-06-26 13:08:00,PLMR,,150.75999450683594,150.91000366210938,150.72000122070312,150.8000030517578,2541.0
2025-06-26 13:08:00,PLX,,1.475000023841858,1.4800000190734863,1.4700000286102295,1.4700000286102295,2012.0
2025-06-26 13:08:00,REI,,0.7786499857902527,0.77920001745224,0.7781000137329102,0.77920001745224,10683.0
2025-06-26 13:08:00,RLGT,,6.019999980926514,6.0233001708984375,6.019999980926514,6.0233001708984375,1970.0
2025-06-26 13:08:00,SATX,,2.950000047683716,2.950000047683716,2.950000047683716,2.950000047683716,623.0
2025-06-26 13:08:00,SBEV,,3.75,3.75,3.7200000286102295,3.740000009536743,2530.0
2025-06-26 13:08:00,SENS,,0.5009999871253967,0.5011000037193298,0.5006999969482422,0.5006999969482422,14598.0
2025-06-26 13:08:00,SGN,,1.09660005569458,1.09660005569458,1.09660005569458,1.09660005569458,204.0
2025-06-26 13:08:00,SKYH,,9.524999618530273,9.524999618530273,9.524999618530273,9.524999618530273,1206.0
2025-06-26 13:08:00,SLI,,1.9249999523162842,1.9249999523162842,1.9249999523162842,1.9249999523162842,10953.0
2025-06-26 13:08:00,SVM,,4.184800148010254,4.190000057220459,4.179999828338623,4.179999828338623,4309.0
2025-06-26 13:08:00,SVT,,46.900001525878906,46.900001525878906,46.900001525878906,46.900001525878906,500.0
2025-06-26 13:08:00,TGB,,3.1449999809265137,3.1449999809265137,3.134999990463257,3.134999990463257,91739.0
2025-06-26 13:08:00,TOON,,0.741599977016449,0.741599977016449,0.741599977016449,0.741599977016449,152.0
2025-06-26 13:08:00,TPET,,1.1792999505996704,1.1799999475479126,1.1749999523162842,1.1799999475479126,3500.0
2025-06-26 13:08:00,UAMY,,2.555000066757202,2.559999942779541,2.555000066757202,2.555000066757202,1479.0
2025-06-26 13:08:00,UEC,,6.925000190734863,6.929999828338623,6.920000076293945,6.925000190734863,23581.0
2025-06-26 13:08:00,URG,,1.0399999618530273,1.0463000535964966,1.0399999618530273,1.0399999618530273,5279.0
2025-06-26 13:08:00,UUUU,,5.909999847412109,5.909999847412109,5.894999980926514,5.894999980926514,7484.0
2025-06-26 13:08:00,VGZ,,1.0199999809265137,1.0199999809265137,1.0199999809265137,1.0199999809265137,115.0
2025-06-26 13:08:00,VNRX,,0.8199999928474426,0.8199999928474426,0.8190000057220459,0.8190000057220459,500.0
2025-06-26 13:08:00,VTAK,,0.2489989995956421,0.2489989995956421,0.24879999458789825,0.24879999458789825,6298.0
2025-06-26 13:08:00,VZLA,,2.984999895095825,2.990000009536743,2.984999895095825,2.984999895095825,1047.0
2025-06-26 13:08:00,WWR,,0.5900999903678894,0.5900999903678894,0.5900999903678894,0.5900999903678894,471.0
2025-06-26 13:09:00,ASM,,3.5450000762939453,3.549999952316284,3.5450000762939453,3.549999952316284,670.0
2025-06-26 13:09:00,ATNM,,1.534999966621399,1.534999966621399,1.534999966621399,1.534999966621399,310.0
2025-06-26 13:09:00,BEEP,,4.25,4.25,4.25,4.25,1152.0
2025-06-26 13:09:00,BTG,,3.6449999809265137,3.6500000953674316,3.640000104904175,3.6401000022888184,44332.0
2025-06-26 13:09:00,BURU,,0.335099995136261,0.3353999853134155,0.335099995136261,0.3353999853134155,985.0
2025-06-26 13:09:00,CATX,,3.6700000762939453,3.680000066757202,3.6700000762939453,3.680000066757202,327.0
2025-06-26 13:09:00,CIK,,2.934999942779541,2.934999942779541,2.934999942779541,2.934999942779541,100.0
2025-06-26 13:09:00,CLM,,7.945199966430664,7.945199966430664,7.940000057220459,7.945000171661377,710.0
2025-06-26 13:09:00,COE,,33.0,33.0099983215332,33.0,33.0099983215332,1477.0
2025-06-26 13:09:00,CQP,,55.93000030517578,56.06999969482422,55.93000030517578,56.06999969482422,676.0
2025-06-26 13:09:00,CRF,,7.559899806976318,7.559899806976318,7.550000190734863,7.550000190734863,1100.0
2025-06-26 13:09:00,CTM,,1.0449999570846558,1.0449999570846558,1.0449999570846558,1.0449999570846558,2031.0
2025-06-26 13:09:00,CYBN,,8.569999694824219,8.572400093078613,8.569999694824219,8.572400093078613,506.0
2025-06-26 13:09:00,DC,,3.805000066757202,3.805000066757202,3.805000066757202,3.805000066757202,216459.0
2025-06-26 13:09:00,DNN,,1.8200000524520874,1.8300000429153442,1.8200000524520874,1.8300000429153442,70276.0
2025-06-26 13:09:00,ELA,,5.840000152587891,5.840000152587891,5.840000152587891,5.840000152587891,307.0
2025-06-26 13:09:00,ELMD,,21.329999923706055,21.399999618530273,21.329999923706055,21.399999618530273,806.0
2025-06-26 13:09:00,EMX,,2.565000057220459,2.565000057220459,2.565000057220459,2.565000057220459,101.0
2025-06-26 13:09:00,EQX,,5.940400123596191,5.954999923706055,5.940400123596191,5.954999923706055,36976.0
2025-06-26 13:09:00,FTF,,6.380000114440918,6.380000114440918,6.380000114440918,6.380000114440918,100.0
2025-06-26 13:09:00,GLDG,,0.7459999918937683,0.7460010051727295,0.7451009750366211,0.7459999918937683,3815.0
2025-06-26 13:09:00,GNS,,0.995199978351593,1.0199999809265137,0.980400025844574,1.0111000537872314,187601.0
2025-06-26 13:09:00,GORO,,0.5559999942779541,0.5559999942779541,0.5559999942779541,0.5559999942779541,8656.0
2025-06-26 13:09:00,GROY,,2.2950000762939453,2.2950000762939453,2.2950000762939453,2.2950000762939453,530.0
2025-06-26 13:09:00,HUSA,,13.279999732971191,13.280400276184082,13.279999732971191,13.280400276184082,1028.0
2025-06-26 13:09:00,IBO,,1.0104000568389893,1.0199999809265137,1.0099999904632568,1.0199999809265137,3062.0
2025-06-26 13:09:00,IE,,9.914999961853027,9.914999961853027,9.914999961853027,9.914999961853027,541.0
2025-06-26 13:09:00,IMO,,81.12999725341797,81.12999725341797,81.12999725341797,81.12999725341797,201.0
2025-06-26 13:09:00,ITRG,,1.5399999618530273,1.5399999618530273,1.5399999618530273,1.5399999618530273,100.0
2025-06-26 13:09:00,KULR,,5.090000152587891,5.090000152587891,5.081200122833252,5.085000038146973,958.0
2025-06-26 13:09:00,LCTX,,1.0099999904632568,1.0149999856948853,1.0099999904632568,1.0099999904632568,1845.0
2025-06-26 13:09:00,LMND,,42.02000045776367,42.02000045776367,41.959999084472656,41.98500061035156,2029.0
2025-06-26 13:09:00,LNG,,242.1750030517578,242.28500366210938,242.1750030517578,242.28500366210938,1416.0
2025-06-26 13:09:00,MAG,,21.43000030517578,21.43000030517578,21.43000030517578,21.43000030517578,1607.0
2025-06-26 13:09:00,MPTI,,41.130001068115234,41.130001068115234,41.0,41.0,2078.0
2025-06-26 13:09:00,MRT,,2.8499999046325684,2.8499999046325684,2.8499999046325684,2.8499999046325684,100.0
2025-06-26 13:09:00,MTA,,3.8750998973846436,3.8750998973846436,3.8750998973846436,3.8750998973846436,1126.0
2025-06-26 13:09:00,NAK,,1.5549999475479126,1.559999942779541,1.5449999570846558,1.5449999570846558,51740.0
2025-06-26 13:09:00,NFGC,,1.475000023841858,1.475000023841858,1.475000023841858,1.475000023841858,300.0
2025-06-26 13:09:00,NG,,4.014999866485596,4.014999866485596,4.010000228881836,4.01200008392334,9273.0
2025-06-26 13:09:00,NGD,,4.925000190734863,4.929999828338623,4.925000190734863,4.929999828338623,26026.0
2025-06-26 13:09:00,NNVC,,1.225000023841858,1.225000023841858,1.225000023841858,1.225000023841858,1028.0
2025-06-26 13:09:00,OGEN,,3.650099992752075,3.650099992752075,3.650099992752075,3.650099992752075,1507.0
2025-06-26 13:09:00,OPTT,,0.5169500112533569,0.5169500112533569,0.5169500112533569,0.5169500112533569,200.0
2025-06-26 13:09:00,OSTX,,1.8899999856948853,1.8899999856948853,1.8899999856948853,1.8899999856948853,380.0
2025-06-26 13:09:00,PLG,,1.625,1.6298999786376953,1.6200000047683716,1.625,15100.0
2025-06-26 13:09:00,PLX,,1.4700000286102295,1.4700000286102295,1.4700000286102295,1.4700000286102295,193.0
2025-06-26 13:09:00,REI,,0.7786999940872192,0.7786999940872192,0.7786999940872192,0.7786999940872192,438.0
2025-06-26 13:09:00,RLGT,,6.0,6.019999980926514,6.0,6.019999980926514,3742.0
2025-06-26 13:09:00,SATX,,2.950000047683716,2.950000047683716,2.950000047683716,2.950000047683716,398.0
2025-06-26 13:09:00,SBEV,,3.8399999141693115,3.880000114440918,3.6700000762939453,3.7399001121520996,4118.0
2025-06-26 13:09:00,SEB,,2970.0,2970.0,2970.0,2970.0,4.0
2025-06-26 13:09:00,SENS,,0.5008999705314636,0.5009999871253967,0.5008000135421753,0.5009999871253967,10834.0
2025-06-26 13:09:00,SLI,,1.9299999475479126,1.9299999475479126,1.9299999475479126,1.9299999475479126,1056.0
2025-06-26 13:09:00,SVM,,4.190000057220459,4.190000057220459,4.179999828338623,4.190000057220459,1427.0
2025-06-26 13:09:00,TGB,,3.140000104904175,3.149899959564209,3.140000104904175,3.1449999809265137,26537.0
2025-06-26 13:09:00,TPET,,1.1800999641418457,1.1845999956130981,1.1749999523162842,1.1749999523162842,4150.0
2025-06-26 13:09:00,UAMY,,2.555000066757202,2.559999942779541,2.555000066757202,2.555000066757202,13226.0
2025-06-26 13:09:00,UAVS,,1.0950000286102295,1.0950000286102295,1.0950000286102295,1.0950000286102295,500.0
2025-06-26 13:09:00,UEC,,6.914999961853027,6.925000190734863,6.910999774932861,6.925000190734863,9909.0
2025-06-26 13:09:00,URG,,1.0449999570846558,1.0499000549316406,1.0399999618530273,1.0399999618530273,4920.0
2025-06-26 13:09:00,USAS,,0.8370000123977661,0.8370000123977661,0.8370000123977661,0.8370000123977661,101.0
2025-06-26 13:09:00,UUUU,,5.90500020980835,5.905399799346924,5.90500020980835,5.905399799346924,1916.0
2025-06-26 13:09:00,VGZ,,1.029099941253662,1.029099941253662,1.029099941253662,1.029099941253662,2546.0
2025-06-26 13:09:00,VTAK,,0.24860000610351562,0.24899999797344208,0.24860000610351562,0.24889999628067017,9290.0
2025-06-26 13:09:00,VZLA,,2.984999895095825,2.990000009536743,2.984999895095825,2.990000009536743,466.0
2025-06-26 13:09:00,XPL,,0.6438000202178955,0.6438000202178955,0.6438000202178955,0.6438000202178955,259.0
2025-06-26 13:10:00,ARMN,,6.855000019073486,6.860000133514404,6.855000019073486,6.859300136566162,1356.0
2025-06-26 13:10:00,ASM,,3.5450000762939453,3.5450000762939453,3.5450000762939453,3.5450000762939453,1021.0
2025-06-26 13:10:00,ATNM,,1.534999966621399,1.534999966621399,1.534999966621399,1.534999966621399,101.0
2025-06-26 13:10:00,BRBS,,3.2750000953674316,3.2750000953674316,3.2750000953674316,3.2750000953674316,837.0
2025-06-26 13:10:00,BTG,,3.640000104904175,3.6449999809265137,3.640000104904175,3.640000104904175,5713.0
2025-06-26 13:10:00,BURU,,0.3328000009059906,0.3328000009059906,0.3328000009059906,0.3328000009059906,2174.0
2025-06-26 13:10:00,CATX,,3.674999952316284,3.680000066757202,3.6700000762939453,3.6700000762939453,2145.0
2025-06-26 13:10:00,CIK,,2.934999942779541,2.934999942779541,2.934999942779541,2.934999942779541,200.0
2025-06-26 13:10:00,CLDI,,0.2198999971151352,0.2198999971151352,0.2198999971151352,0.2198999971151352,140.0
2025-06-26 13:10:00,CLM,,7.945199966430664,7.945199966430664,7.945199966430664,7.945199966430664,432.0
2025-06-26 13:10:00,CMCL,,19.1299991607666,19.1299991607666,19.1299991607666,19.1299991607666,203.0
2025-06-26 13:10:00,COHN,,9.640000343322754,9.640000343322754,9.640000343322754,9.640000343322754,952.0
2025-06-26 13:10:00,CQP,,55.93000030517578,55.93000030517578,55.93000030517578,55.93000030517578,200.0
2025-06-26 13:10:00,CRF,,7.554999828338623,7.554999828338623,7.554999828338623,7.554999828338623,206.0
2025-06-26 13:10:00,DDC,,10.300000190734863,10.300000190734863,10.300000190734863,10.300000190734863,265.0
2025-06-26 13:10:00,DHY,,2.109999895095825,2.109999895095825,2.109999895095825,2.109999895095825,406.0
2025-06-26 13:10:00,DNN,,1.8250000476837158,1.8300000429153442,1.8200000524520874,1.8300000429153442,104795.0
2025-06-26 13:10:00,DXF,,4.849999904632568,4.849999904632568,4.849999904632568,4.849999904632568,660.0
2025-06-26 13:10:00,EMX,,2.5648000240325928,2.5648000240325928,2.5648000240325928,2.5648000240325928,5017.0
2025-06-26 13:10:00,EP,,5.28000020980835,5.28000020980835,5.28000020980835,5.28000020980835,200.0
2025-06-26 13:10:00,EQX,,5.949999809265137,5.949999809265137,5.940000057220459,5.940000057220459,6382.0
2025-06-26 13:10:00,ERC,,9.390000343322754,9.390000343322754,9.390000343322754,9.390000343322754,100.0
2025-06-26 13:10:00,EVM,,8.850000381469727,8.850000381469727,8.850000381469727,8.850000381469727,100.0
2025-06-26 13:10:00,FOXO,,0.19979999959468842,0.19990000128746033,0.19979999959468842,0.19990000128746033,5294.0
2025-06-26 13:10:00,FSP,,1.684999942779541,1.684999942779541,1.684999942779541,1.684999942779541,105.0
2025-06-26 13:10:00,GGN,,4.380000114440918,4.380000114440918,4.380000114440918,4.380000114440918,165.0
2025-06-26 13:10:00,GLDG,,0.7451000213623047,0.7451000213623047,0.7451000213623047,0.7451000213623047,1000.0
2025-06-26 13:10:00,GNS,,0.9491540193557739,0.9815999865531921,0.8837000131607056,0.9804999828338623,366775.0
2025-06-26 13:10:00,GORO,,0.5564000010490417,0.5564000010490417,0.5564000010490417,0.5564000010490417,2909.0
2025-06-26 13:10:00,GROY,,2.2999000549316406,2.2999000549316406,2.2950000762939453,2.2950000762939453,752.0
2025-06-26 13:10:00,GSAT,,23.350000381469727,23.350000381469727,23.350000381469727,23.350000381469727,534.0
2025-06-26 13:10:00,IBO,,1.0099999904632568,1.010200023651123,1.0099999904632568,1.010200023651123,4340.0
2025-06-26 13:10:00,IE,,9.914999961853027,9.914999961853027,9.914999961853027,9.914999961853027,448.0
2025-06-26 13:10:00,IMO,,81.19000244140625,81.19000244140625,81.16000366210938,81.16999816894531,943.0
2025-06-26 13:10:00,INDO,,3.174999952316284,3.190000057220459,3.1707000732421875,3.174999952316284,1833.0
2025-06-26 13:10:00,INFU,,6.394999980926514,6.394999980926514,6.380000114440918,6.380000114440918,559.0
2025-06-26 13:10:00,ITP,,0.1873999983072281,0.1873999983072281,0.1873999983072281,0.1873999983072281,5031.0
2025-06-26 13:10:00,ITRG,,1.5399999618530273,1.5399999618530273,1.5399999618530273,1.5399999618530273,42024.0
2025-06-26 13:10:00,KULR,,5.086699962615967,5.089900016784668,5.080100059509277,5.089900016784668,5392.0
2025-06-26 13:10:00,LCTX,,1.0099999904632568,1.0149999856948853,1.0099999904632568,1.0099999904632568,1689.0
2025-06-26 13:10:00,LEU,,178.9217987060547,179.4600067138672,178.5800018310547,179.3000030517578,6289.0
2025-06-26 13:10:00,LMND,,42.119998931884766,42.20000076293945,42.04999923706055,42.04999923706055,2412.0
2025-06-26 13:10:00,LNG,,242.17999267578125,242.22999572753906,242.17999267578125,242.19000244140625,1533.0
2025-06-26 13:10:00,MAG,,21.43000030517578,21.434999465942383,21.43000030517578,21.434999465942383,300.0
2025-06-26 13:10:00,NAK,,1.559999942779541,1.559999942779541,1.5499999523162842,1.5499999523162842,4741.0
2025-06-26 13:10:00,NBH,,9.795000076293945,9.795000076293945,9.795000076293945,9.795000076293945,100.0
2025-06-26 13:10:00,NBY,,0.5824999809265137,0.5824999809265137,0.5824999809265137,0.5824999809265137,156.0
2025-06-26 13:10:00,NG,,4.019100189208984,4.019899845123291,4.014999866485596,4.014999866485596,6659.0
2025-06-26 13:10:00,NGD,,4.929999828338623,4.929999828338623,4.920000076293945,4.920000076293945,4102.0
2025-06-26 13:10:00,OBE,,5.570000171661377,5.570000171661377,5.570000171661377,5.570000171661377,233.0
2025-06-26 13:10:00,OPTT,,0.5171999931335449,0.5174000263214111,0.5170000195503235,0.5170000195503235,3616.0
2025-06-26 13:10:00,ORLA,,9.994999885559082,9.994999885559082,9.994999885559082,9.994999885559082,298.0
2025-06-26 13:10:00,OSTX,,1.886299967765808,1.8899999856948853,1.886299967765808,1.8899999856948853,470.0
2025-06-26 13:10:00,PLG,,1.625,1.6299999952316284,1.625,1.625,4922.0
2025-06-26 13:10:00,PLMR,,150.92999267578125,151.08999633789062,150.92999267578125,151.08999633789062,698.0
2025-06-26 13:10:00,PLX,,1.475000023841858,1.475000023841858,1.4700000286102295,1.4700000286102295,420.0
2025-06-26 13:10:00,REI,,0.7781999707221985,0.7781999707221985,0.7781999707221985,0.7781999707221985,385.0
2025-06-26 13:10:00,SATX,,2.950000047683716,2.950000047683716,2.950000047683716,2.950000047683716,286.0
2025-06-26 13:10:00,SBEV,,3.869999885559082,3.869999885559082,3.740000009536743,3.8399999141693115,10140.0
2025-06-26 13:10:00,SEB,,2953.0,2954.050048828125,2953.0,2954.050048828125,4.0
2025-06-26 13:10:00,SENS,,0.5008000135421753,0.5008000135421753,0.5008000135421753,0.5008000135421753,5516.0
2025-06-26 13:10:00,SGN,,1.0999000072479248,1.0999000072479248,1.0997999906539917,1.0997999906539917,1100.0
2025-06-26 13:10:00,SKYH,,9.530400276184082,9.530400276184082,9.530400276184082,9.530400276184082,1624.0
2025-06-26 13:10:00,SVM,,4.189899921417236,4.190000057220459,4.184999942779541,4.184999942779541,2849.0
2025-06-26 13:10:00,SVT,,46.900001525878906,46.900001525878906,46.900001525878906,46.900001525878906,400.0
2025-06-26 13:10:00,TGB,,3.1449999809265137,3.1449999809265137,3.140000104904175,3.140000104904175,8722.0
2025-06-26 13:10:00,TPET,,1.1833000183105469,1.184999942779541,1.179900050163269,1.184999942779541,5179.0
2025-06-26 13:10:00,UAVS,,1.100000023841858,1.100000023841858,1.0993000268936157,1.0993000268936157,72910.0
2025-06-26 13:10:00,UEC,,6.90500020980835,6.914999961853027,6.90369987487793,6.914999961853027,33036.0
2025-06-26 13:10:00,URG,,1.0399999618530273,1.0499999523162842,1.0399999618530273,1.0399999618530273,6830.0
2025-06-26 13:10:00,USAS,,0.8371000289916992,0.8371000289916992,0.8371000289916992,0.8371000289916992,150.0
2025-06-26 13:10:00,UTG,,35.54499816894531,35.54499816894531,35.54499816894531,35.54499816894531,110.0
2025-06-26 13:10:00,UUUU,,5.900000095367432,5.909999847412109,5.889999866485596,5.90500020980835,12858.0
2025-06-26 13:10:00,VZLA,,2.984999895095825,2.984999895095825,2.984999895095825,2.984999895095825,168.0
2025-06-26 13:11:00,AREN,,5.744999885559082,5.744999885559082,5.744999885559082,5.744999885559082,119.0
2025-06-26 13:11:00,ARMN,,6.855000019073486,6.855000019073486,6.849999904632568,6.855000019073486,7809.0
2025-06-26 13:11:00,ASM,,3.5350000858306885,3.5450000762939453,3.5350000858306885,3.5450000762939453,1122.0
2025-06-26 13:11:00,ATNM,,1.534999966621399,1.534999966621399,1.534999966621399,1.534999966621399,819.0
2025-06-26 13:11:00,AZTR,,0.2599000036716461,0.2599000036716461,0.2599000036716461,0.2599000036716461,300.0
2025-06-26 13:11:00,BRBS,,3.2699999809265137,3.2699999809265137,3.2699999809265137,3.2699999809265137,221.0
2025-06-26 13:11:00,BTG,,3.634999990463257,3.6500000953674316,3.631200075149536,3.640000104904175,554131.0
2025-06-26 13:11:00,BURU,,0.33399999141693115,0.33399999141693115,0.3330000042915344,0.33399999141693115,1576.0
2025-06-26 13:11:00,CATX,,3.674999952316284,3.680000066757202,3.671099901199341,3.680000066757202,780.0
2025-06-26 13:11:00,CEF,,30.403499603271484,30.415000915527344,30.403499603271484,30.40999984741211,1410.0
2025-06-26 13:11:00,CIK,,2.934999942779541,2.934999942779541,2.934999942779541,2.934999942779541,100.0
2025-06-26 13:11:00,CKX,,10.649999618530273,10.649999618530273,10.649999618530273,10.649999618530273,307.0
2025-06-26 13:11:00,CLDI,,0.2199999988079071,0.2199999988079071,0.2199999988079071,0.2199999988079071,500.0
2025-06-26 13:11:00,CLM,,7.949999809265137,7.949999809265137,7.940000057220459,7.940000057220459,1427.0
2025-06-26 13:11:00,CQP,,55.93000030517578,55.93000030517578,55.86000061035156,55.86000061035156,300.0
2025-06-26 13:11:00,CRF,,7.559899806976318,7.559899806976318,7.559899806976318,7.559899806976318,100.0
2025-06-26 13:11:00,CTM,,1.0449999570846558,1.0449999570846558,1.0449999570846558,1.0449999570846558,267.0
2025-06-26 13:11:00,DC,,3.805000066757202,3.805000066757202,3.805000066757202,3.805000066757202,214.0
2025-06-26 13:11:00,DNN,,1.8250000476837158,1.8300000429153442,1.8200000524520874,1.8250000476837158,155921.0
2025-06-26 13:11:00,ELMD,,21.399999618530273,21.399999618530273,21.399999618530273,21.399999618530273,294.0
2025-06-26 13:11:00,EP,,5.400000095367432,5.400000095367432,5.400000095367432,5.400000095367432,100.0
2025-06-26 13:11:00,EQX,,5.934999942779541,5.945199966430664,5.929999828338623,5.945000171661377,62934.0
2025-06-26 13:11:00,ESP,,45.118099212646484,45.118099212646484,45.118099212646484,45.118099212646484,536.0
2025-06-26 13:11:00,EVI,,19.739999771118164,19.739999771118164,19.739999771118164,19.739999771118164,306.0
2025-06-26 13:11:00,FSP,,1.684999942779541,1.684999942779541,1.684999942779541,1.684999942779541,192.0
2025-06-26 13:11:00,GNS,,0.9749000072479248,0.9749000072479248,0.9279999732971191,0.9390000104904175,100400.0
2025-06-26 13:11:00,GROY,,2.2950000762939453,2.2950000762939453,2.2899999618530273,2.2950000762939453,912.0
2025-06-26 13:11:00,IBO,,1.009600043296814,1.0196000337600708,1.0010000467300415,1.0196000337600708,3979.0
2025-06-26 13:11:00,INDO,,3.151099920272827,3.151099920272827,3.151099920272827,3.151099920272827,1246.0
2025-06-26 13:11:00,INFU,,6.409999847412109,6.409999847412109,6.409999847412109,6.409999847412109,477.0
2025-06-26 13:11:00,INUV,,3.930000066757202,3.930000066757202,3.930000066757202,3.930000066757202,544.0
2025-06-26 13:11:00,ITRG,,1.5299999713897705,1.5399999618530273,1.5299999713897705,1.5399999618530273,1518.0
2025-06-26 13:11:00,KULR,,5.0802998542785645,5.085000038146973,5.0802998542785645,5.085000038146973,4488.0
2025-06-26 13:11:00,LCTX,,1.0099999904632568,1.0198999643325806,1.0099999904632568,1.0099999904632568,3031.0
2025-06-26 13:11:00,LEU,,178.91000366210938,179.00999450683594,178.77999877929688,178.9199981689453,1524.0
2025-06-26 13:11:00,LMND,,42.1349983215332,42.15999984741211,42.13330078125,42.145999908447266,1087.0
2025-06-26 13:11:00,LNG,,242.0500030517578,242.33990478515625,242.00999450683594,242.00999450683594,2617.0
2025-06-26 13:11:00,LODE,,3.7708001136779785,3.7708001136779785,3.7708001136779785,3.7708001136779785,436.0
2025-06-26 13:11:00,MAG,,21.40999984741211,21.43000030517578,21.40999984741211,21.43000030517578,1586.0
2025-06-26 13:11:00,MRT,,2.8499999046325684,2.8499999046325684,2.8499999046325684,2.8499999046325684,1033.0
2025-06-26 13:11:00,MYO,,2.2149999141693115,2.2200000286102295,2.2149999141693115,2.2200000286102295,549.0
2025-06-26 13:11:00,NAK,,1.559999942779541,1.559999942779541,1.5499999523162842,1.559999942779541,20399.0
2025-06-26 13:11:00,NFGC,,1.475000023841858,1.475000023841858,1.475000023841858,1.475000023841858,100.0
2025-06-26 13:11:00,NG,,4.014999866485596,4.015200138092041,4.014999866485596,4.015200138092041,746.0
2025-06-26 13:11:00,NGD,,4.915299892425537,4.920899868011475,4.909999847412109,4.920899868011475,71337.0
2025-06-26 13:11:00,NNVC,,1.2101000547409058,1.2101000547409058,1.2101000547409058,1.2101000547409058,3010.0
2025-06-26 13:11:00,OBE,,5.550000190734863,5.570000171661377,5.550000190734863,5.570000171661377,2438.0
2025-06-26 13:11:00,OPTT,,0.5170999765396118,0.517799973487854,0.5170999765396118,0.517799973487854,5105.0
2025-06-26 13:11:00,ORLA,,9.982500076293945,9.989999771118164,9.982500076293945,9.989999771118164,726.0
2025-06-26 13:11:00,PLG,,1.625,1.625499963760376,1.625,1.625499963760376,763.0
2025-06-26 13:11:00,PLX,,1.4700000286102295,1.475000023841858,1.4700000286102295,1.4700000286102295,706.0
2025-06-26 13:11:00,PRK,,166.0399932861328,166.0399932861328,166.0399932861328,166.0399932861328,334.0
2025-06-26 13:11:00,REI,,0.77920001745224,0.77920001745224,0.7781999707221985,0.7781999707221985,1754.0
2025-06-26 13:11:00,SATX,,2.950000047683716,2.950000047683716,2.950000047683716,2.950000047683716,104.0
2025-06-26 13:11:00,SBEV,,3.8299999237060547,3.9100000858306885,3.740000009536743,3.809999942779541,5319.0
2025-06-26 13:11:00,SEB,,2961.489990234375,2961.489990234375,2953.0,2955.0,5.0
2025-06-26 13:11:00,SGN,,1.0800000429153442,1.0993000268936157,1.0800000429153442,1.0993000268936157,1417.0
2025-06-26 13:11:00,SLI,,1.9249999523162842,1.9299999475479126,1.9200999736785889,1.9299999475479126,6257.0
2025-06-26 13:11:00,STRW,,10.789999961853027,10.789999961853027,10.789999961853027,10.789999961853027,206.0
2025-06-26 13:11:00,SVM,,4.190000057220459,4.190000057220459,4.180099964141846,4.184999942779541,44956.0
2025-06-26 13:11:00,TGB,,3.149600028991699,3.1500000953674316,3.1449999809265137,3.1449999809265137,20217.0
2025-06-26 13:11:00,TMQ,,1.4850000143051147,1.4850000143051147,1.4850000143051147,1.4850000143051147,172.0
2025-06-26 13:11:00,TPET,,1.1799999475479126,1.1898000240325928,1.1799999475479126,1.1898000240325928,711.0
2025-06-26 13:11:00,TRT,,5.449999809265137,5.449999809265137,5.449999809265137,5.449999809265137,503.0
2025-06-26 13:11:00,UAMY,,2.555999994277954,2.555999994277954,2.555000066757202,2.555000066757202,1637.0
2025-06-26 13:11:00,UAVS,,1.0950000286102295,1.1050000190734863,1.0950000286102295,1.100000023841858,10713.0
2025-06-26 13:11:00,UEC,,6.90500020980835,6.90500020980835,6.900000095367432,6.90500020980835,51324.0
2025-06-26 13:11:00,URG,,1.034999966621399,1.0399999618530273,1.0299999713897705,1.0399999618530273,57319.0
2025-06-26 13:11:00,USAS,,0.8389000296592712,0.8389000296592712,0.8341000080108643,0.8388000130653381,6203.0
2025-06-26 13:11:00,UTG,,35.549400329589844,35.549400329589844,35.49850082397461,35.49850082397461,497.0
2025-06-26 13:11:00,UUUU,,5.894899845123291,5.894999980926514,5.880000114440918,5.889999866485596,28434.0
2025-06-26 13:11:00,VNRX,,0.8199999928474426,0.8199999928474426,0.8199999928474426,0.8199999928474426,801.0
2025-06-26 13:11:00,VZLA,,2.984999895095825,2.984999895095825,2.984999895095825,2.984999895095825,1530.0
2025-06-26 13:11:00,WYY,,3.3299999237060547,3.3299999237060547,3.3299999237060547,3.3299999237060547,238.0
2025-06-26 13:11:00,ZDGE,,4.090000152587891,4.090000152587891,4.090000152587891,4.090000152587891,500.0
2025-06-26 13:12:00,ATNM,,1.5351999998092651,1.5351999998092651,1.5351999998092651,1.5351999998092651,224604.0
2025-06-26 13:12:00,AZTR,,0.259799987077713,0.2599000036716461,0.2597000002861023,0.2599000036716461,6151.0
2025-06-26 13:12:00,BRBS,,3.2699999809265137,3.2699999809265137,3.2699999809265137,3.2699999809265137,165.0
2025-06-26 13:12:00,BTG,,3.635200023651123,3.640000104904175,3.634999990463257,3.640000104904175,49874.0
2025-06-26 13:12:00,BURU,,0.33250001072883606,0.3330000042915344,0.33009999990463257,0.3330000042915344,104645.0
2025-06-26 13:12:00,CATX,,3.674999952316284,3.674999952316284,3.674999952316284,3.674999952316284,838.0
2025-06-26 13:12:00,CBOE,,228.32000732421875,228.32000732421875,228.32000732421875,228.32000732421875,1460.0
2025-06-26 13:12:00,CIK,,2.934999942779541,2.934999942779541,2.934999942779541,2.934999942779541,100.0
2025-06-26 13:12:00,CLDI,,0.22200000286102295,0.22200000286102295,0.22200000286102295,0.22200000286102295,101.0
2025-06-26 13:12:00,CLM,,7.945000171661377,7.949999809265137,7.940000057220459,7.940000057220459,16588.0
2025-06-26 13:12:00,CQP,,55.917701721191406,55.93000030517578,55.917701721191406,55.93000030517578,491.0
2025-06-26 13:12:00,CRF,,7.552700042724609,7.552700042724609,7.552700042724609,7.552700042724609,159.0
2025-06-26 13:12:00,DNN,,1.8248000144958496,1.8250000476837158,1.8200000524520874,1.8250000476837158,48802.0
2025-06-26 13:12:00,EAD,,6.989999771118164,6.989999771118164,6.989999771118164,6.989999771118164,262.0
2025-06-26 13:12:00,EP,,5.349999904632568,5.349999904632568,5.349999904632568,5.349999904632568,357.0
2025-06-26 13:12:00,EQX,,5.940000057220459,5.940000057220459,5.929999828338623,5.929999828338623,1349.0
2025-06-26 13:12:00,FOXO,,0.20000000298023224,0.20000000298023224,0.20000000298023224,0.20000000298023224,1373.0
2025-06-26 13:12:00,GNS,,0.9699000120162964,0.9786999821662903,0.9599999785423279,0.9749000072479248,20089.0
2025-06-26 13:12:00,GROY,,2.299099922180176,2.299099922180176,2.299099922180176,2.299099922180176,1117.0
2025-06-26 13:12:00,IBO,,1.0097999572753906,1.0097999572753906,1.0003999471664429,1.009600043296814,3751.0
2025-06-26 13:12:00,IE,,9.90999984741211,9.930000305175781,9.90999984741211,9.930000305175781,1555.0
2025-06-26 13:12:00,IMO,,81.20999908447266,81.20999908447266,81.20999908447266,81.20999908447266,904.0
2025-06-26 13:12:00,INDO,,3.174999952316284,3.1909000873565674,3.174999952316284,3.1909000873565674,390.0
2025-06-26 13:12:00,INFU,,6.425000190734863,6.425000190734863,6.420000076293945,6.420000076293945,518.0
2025-06-26 13:12:00,ITP,,0.18729999661445618,0.18729999661445618,0.18729999661445618,0.18729999661445618,100.0
2025-06-26 13:12:00,KNW,,1.9600000381469727,1.9600000381469727,1.9500000476837158,1.9500000476837158,451.0
2025-06-26 13:12:00,KULR,,5.085000038146973,5.089900016784668,5.080100059509277,5.087500095367432,3150.0
2025-06-26 13:12:00,LCTX,,1.0099999904632568,1.0149999856948853,1.0099999904632568,1.0099999904632568,1842.0
2025-06-26 13:12:00,LEU,,179.07220458984375,179.07220458984375,179.0,179.0,708.0
2025-06-26 13:12:00,LMND,,42.15829849243164,42.15829849243164,42.139198303222656,42.150001525878906,1535.0
2025-06-26 13:12:00,LNG,,242.05499267578125,242.14999389648438,242.05499267578125,242.10000610351562,2574.0
2025-06-26 13:12:00,MAG,,21.420000076293945,21.420000076293945,21.415000915527344,21.415000915527344,1213.0
2025-06-26 13:12:00,NAK,,1.5532000064849854,1.559999942779541,1.5499999523162842,1.5549999475479126,8329.0
2025-06-26 13:12:00,NBH,,9.800000190734863,9.800000190734863,9.795000076293945,9.795000076293945,1000.0
2025-06-26 13:12:00,NCL,,0.18045000731945038,0.18045000731945038,0.18045000731945038,0.18045000731945038,328.0
2025-06-26 13:12:00,NFGC,,1.475000023841858,1.475000023841858,1.475000023841858,1.475000023841858,130.0
2025-06-26 13:12:00,NG,,4.019999980926514,4.019999980926514,4.014999866485596,4.014999866485596,722.0
2025-06-26 13:12:00,NGD,,4.914999961853027,4.914999961853027,4.909999847412109,4.914999961853027,2632.0
2025-06-26 13:12:00,OBE,,5.565000057220459,5.565000057220459,5.559999942779541,5.559999942779541,2219.0
2025-06-26 13:12:00,OPTT,,0.5174000263214111,0.5174000263214111,0.5174000263214111,0.5174000263214111,204.0
2025-06-26 13:12:00,ORLA,,9.994999885559082,10.010000228881836,9.984999656677246,9.984999656677246,17157.0
2025-06-26 13:12:00,PLG,,1.625,1.625,1.625,1.625,500.0
2025-06-26 13:12:00,PLMR,,150.8415069580078,150.8415069580078,150.8415069580078,150.8415069580078,350.0
2025-06-26 13:12:00,REI,,0.7791000008583069,0.7791000008583069,0.7781999707221985,0.7786999940872192,2150.0
2025-06-26 13:12:00,SATX,,2.950000047683716,2.950000047683716,2.950000047683716,2.950000047683716,514.0
2025-06-26 13:12:00,SBEV,,3.8301000595092773,3.930000066757202,3.8301000595092773,3.8308000564575195,8891.0
2025-06-26 13:12:00,SEB,,2953.68994140625,2954.260009765625,2953.68994140625,2954.260009765625,4.0
2025-06-26 13:12:00,SENS,,0.5008999705314636,0.5020999908447266,0.5008999705314636,0.5008999705314636,31789.0
2025-06-26 13:12:00,SGN,,1.0898000001907349,1.0898000001907349,1.0800000429153442,1.0800000429153442,530.0
2025-06-26 13:12:00,SLI,,1.9249999523162842,1.9249999523162842,1.9199999570846558,1.9199999570846558,2820.0
2025-06-26 13:12:00,STXS,,2.234999895095825,2.234999895095825,2.234999895095825,2.234999895095825,489.0
2025-06-26 13:12:00,SVM,,4.190000057220459,4.190000057220459,4.184999942779541,4.184999942779541,3584.0
2025-06-26 13:12:00,SVT,,46.900001525878906,46.900001525878906,46.900001525878906,46.900001525878906,400.0
2025-06-26 13:12:00,TGB,,3.1503000259399414,3.159899950027466,3.140000104904175,3.1449999809265137,282443.0
2025-06-26 13:12:00,TOON,,0.7350999712944031,0.7350999712944031,0.7350999712944031,0.7350999712944031,607.0
2025-06-26 13:12:00,TPET,,1.190000057220459,1.190000057220459,1.190000057220459,1.190000057220459,572.0
2025-06-26 13:12:00,UAMY,,2.5580999851226807,2.559999942779541,2.555000066757202,2.555000066757202,2825.0
2025-06-26 13:12:00,UAVS,,1.0950000286102295,1.0950000286102295,1.090000033378601,1.0950000286102295,469.0
2025-06-26 13:12:00,UEC,,6.920000076293945,6.929999828338623,6.90500020980835,6.90500020980835,136277.0
2025-06-26 13:12:00,URG,,1.0399999618530273,1.0449999570846558,1.0299999713897705,1.034999966621399,44287.0
2025-06-26 13:12:00,USAS,,0.8341000080108643,0.8341000080108643,0.8341000080108643,0.8341000080108643,3100.0
2025-06-26 13:12:00,UTG,,35.52000045776367,35.52000045776367,35.52000045776367,35.52000045776367,709.0
2025-06-26 13:12:00,UUUU,,5.8993000984191895,5.900000095367432,5.894999980926514,5.894999980926514,19445.0
2025-06-26 13:12:00,VKI,,8.199999809265137,8.199999809265137,8.199999809265137,8.199999809265137,100.0
2025-06-26 13:12:00,VZLA,,2.990000009536743,2.990000009536743,2.984999895095825,2.984999895095825,1945.0
2025-06-26 13:13:00,AEON,,0.7651000022888184,0.7651000022888184,0.7651000022888184,0.7651000022888184,4027.0
2025-06-26 13:13:00,AREN,,5.819900035858154,5.819900035858154,5.819900035858154,5.819900035858154,219.0
2025-06-26 13:13:00,ASM,,3.5350000858306885,3.5350000858306885,3.5327000617980957,3.5327000617980957,513.0
2025-06-26 13:13:00,ATNM,,1.5391000509262085,1.5391000509262085,1.5391000509262085,1.5391000509262085,260.0
2025-06-26 13:13:00,BRBS,,3.2750000953674316,3.2792000770568848,3.2750000953674316,3.2792000770568848,1852.0
2025-06-26 13:13:00,BTG,,3.630000114440918,3.640000104904175,3.630000114440918,3.640000104904175,458074.0
2025-06-26 13:13:00,BURU,,0.3294999897480011,0.3294999897480011,0.3292999863624573,0.3292999863624573,1186.0
2025-06-26 13:13:00,CATX,,3.680000066757202,3.680000066757202,3.6700000762939453,3.6700000762939453,3397.0
2025-06-26 13:13:00,CET,,47.65999984741211,47.65999984741211,47.65999984741211,47.65999984741211,144.0
2025-06-26 13:13:00,CIK,,2.934999942779541,2.934999942779541,2.934999942779541,2.934999942779541,200.0
2025-06-26 13:13:00,CQP,,55.93000030517578,55.93000030517578,55.92499923706055,55.93000030517578,352.0
2025-06-26 13:13:00,CRF,,7.5524001121521,7.5524001121521,7.5524001121521,7.5524001121521,521.0
2025-06-26 13:13:00,CTM,,1.0499999523162842,1.0499999523162842,1.0449999570846558,1.0449999570846558,600.0
2025-06-26 13:13:00,CYBN,,8.569999694824219,8.569999694824219,8.569999694824219,8.569999694824219,598.0
2025-06-26 13:13:00,DNN,,1.8200000524520874,1.8300000429153442,1.8200000524520874,1.8200000524520874,7303.0
2025-06-26 13:13:00,EQX,,5.940000057220459,5.940000057220459,5.929999828338623,5.929999828338623,3324.0
2025-06-26 13:13:00,FTF,,6.380000114440918,6.380000114440918,6.380000114440918,6.380000114440918,200.0
2025-06-26 13:13:00,GAU,,1.2799999713897705,1.2799999713897705,1.2799999713897705,1.2799999713897705,1000.0
2025-06-26 13:13:00,GGN,,4.375199794769287,4.375199794769287,4.375199794769287,4.375199794769287,203.0
2025-06-26 13:13:00,GLDG,,0.7462000250816345,0.7462000250816345,0.7462000250816345,0.7462000250816345,5301.0
2025-06-26 13:13:00,GNS,,0.9700000286102295,0.9772999882698059,0.9605000019073486,0.9700000286102295,25606.0
2025-06-26 13:13:00,GROY,,2.299099922180176,2.299099922180176,2.299099922180176,2.299099922180176,141.0
2025-06-26 13:13:00,GSAT,,23.360000610351562,23.360000610351562,23.360000610351562,23.360000610351562,321.0
2025-06-26 13:13:00,HNW,,12.360799789428711,12.360799789428711,12.360799789428711,12.360799789428711,600.0
2025-06-26 13:13:00,IBO,,1.0099999904632568,1.0099999904632568,1.0,1.0,5083.0
2025-06-26 13:13:00,IE,,9.869999885559082,9.890000343322754,9.869999885559082,9.890000343322754,1638.0
2025-06-26 13:13:00,IGC,,0.30809998512268066,0.30809998512268066,0.30809998512268066,0.30809998512268066,244.0
2025-06-26 13:13:00,IMO,,81.19000244140625,81.19000244140625,81.16999816894531,81.16999816894531,623.0
2025-06-26 13:13:00,INDO,,3.180000066757202,3.184999942779541,3.180000066757202,3.184999942779541,1347.0
2025-06-26 13:13:00,ITRG,,1.5299999713897705,1.534999966621399,1.5299999713897705,1.534999966621399,1301.0
2025-06-26 13:13:00,KULR,,5.074999809265137,5.090000152587891,5.070000171661377,5.081099987030029,10300.0
2025-06-26 13:13:00,LCTX,,1.0099999904632568,1.0149999856948853,1.0099999904632568,1.0099999904632568,2910.0
2025-06-26 13:13:00,LEU,,179.03500366210938,179.03500366210938,178.35000610351562,179.03500366210938,4746.0
2025-06-26 13:13:00,LMND,,42.139198303222656,42.15999984741211,42.139198303222656,42.15999984741211,926.0
2025-06-26 13:13:00,LNG,,242.08999633789062,242.14999389648438,242.0574951171875,242.11810302734375,2985.0
2025-06-26 13:13:00,MYO,,2.2200000286102295,2.2200000286102295,2.2200000286102295,2.2200000286102295,1648.0
2025-06-26 13:13:00,NAK,,1.559999942779541,1.559999942779541,1.559999942779541,1.559999942779541,1329.0
2025-06-26 13:13:00,NBH,,9.800000190734863,9.800000190734863,9.800000190734863,9.800000190734863,407.0
2025-06-26 13:13:00,NG,,4.014999866485596,4.019999980926514,4.014999866485596,4.019999980926514,1190.0
2025-06-26 13:13:00,NGD,,4.914999961853027,4.914999961853027,4.910900115966797,4.914999961853027,1826.0
2025-06-26 13:13:00,NNVC,,1.225000023841858,1.225000023841858,1.2200000286102295,1.2200000286102295,363.0
2025-06-26 13:13:00,OBE,,5.545000076293945,5.559999942779541,5.545000076293945,5.559999942779541,9880.0
2025-06-26 13:13:00,OGEN,,3.7172000408172607,3.7172000408172607,3.6500000953674316,3.661099910736084,611.0
2025-06-26 13:13:00,ORLA,,9.989999771118164,9.989999771118164,9.984999656677246,9.989999771118164,2985.0
2025-06-26 13:13:00,OSTX,,1.8905999660491943,1.8905999660491943,1.8905999660491943,1.8905999660491943,210.0
2025-06-26 13:13:00,PLG,,1.6298999786376953,1.6299999952316284,1.625,1.625,3131.0
2025-06-26 13:13:00,PLMR,,151.0050048828125,151.0050048828125,150.92999267578125,150.92999267578125,1659.0
2025-06-26 13:13:00,PLX,,1.4700000286102295,1.475000023841858,1.4700000286102295,1.475000023841858,502.0
2025-06-26 13:13:00,REI,,0.7781999707221985,0.77920001745224,0.7781999707221985,0.7781999707221985,3434.0
2025-06-26 13:13:00,SATX,,2.950000047683716,2.950000047683716,2.950000047683716,2.950000047683716,506.0
2025-06-26 13:13:00,SBEV,,3.859999895095825,3.930000066757202,3.859999895095825,3.9200000762939453,10927.0
2025-06-26 13:13:00,SEB,,2961.5,2970.0,2959.0,2970.0,24.0
2025-06-26 13:13:00,SENS,,0.5001999735832214,0.5008999705314636,0.5001999735832214,0.5001999735832214,22769.0
2025-06-26 13:13:00,SGN,,1.070099949836731,1.070099949836731,1.070099949836731,1.070099949836731,1860.0
2025-06-26 13:13:00,SLI,,1.9282000064849854,1.9282000064849854,1.9199999570846558,1.9282000064849854,929696.0
2025-06-26 13:13:00,SOAR,,1.4149999618530273,1.4249999523162842,1.4149999618530273,1.4249999523162842,5210.0
2025-06-26 13:13:00,SVM,,4.190000057220459,4.190000057220459,4.188000202178955,4.188000202178955,1118.0
2025-06-26 13:13:00,TGB,,3.1600000858306885,3.1600000858306885,3.1500000953674316,3.1505000591278076,45256.0
2025-06-26 13:13:00,TPET,,1.1799999475479126,1.1799999475479126,1.1799999475479126,1.1799999475479126,143.0
2025-06-26 13:13:00,UAMY,,2.555000066757202,2.555000066757202,2.555000066757202,2.555000066757202,4479.0
2025-06-26 13:13:00,UAVS,,1.090000033378601,1.0950000286102295,1.090000033378601,1.0950000286102295,4271.0
2025-06-26 13:13:00,UEC,,6.9253997802734375,6.929999828338623,6.925000190734863,6.925000190734863,5355.0
2025-06-26 13:13:00,URG,,1.0399999618530273,1.0449999570846558,1.0399999618530273,1.0449999570846558,670.0
2025-06-26 13:13:00,USAS,,0.8389000296592712,0.8389000296592712,0.8389000296592712,0.8389000296592712,100.0
2025-06-26 13:13:00,UUUU,,5.900000095367432,5.900000095367432,5.890100002288818,5.894999980926514,25668.0
2025-06-26 13:13:00,VTAK,,0.24799999594688416,0.24889999628067017,0.24799999594688416,0.24889999628067017,17772.0
2025-06-26 13:13:00,VZLA,,2.984999895095825,2.989799976348877,2.984999895095825,2.984999895095825,1028.0
2025-06-26 13:13:00,WRN,,1.225000023841858,1.225000023841858,1.225000023841858,1.225000023841858,100.0
2025-06-26 13:13:00,ZDGE,,4.010000228881836,4.020500183105469,4.010000228881836,4.020500183105469,482.0
2025-06-26 13:14:00,AIRI,,3.365000009536743,3.365000009536743,3.365000009536743,3.365000009536743,677.0
2025-06-26 13:14:00,AREN,,5.744999885559082,5.789999961853027,5.744999885559082,5.744999885559082,1601.0
2025-06-26 13:14:00,ARMN,,6.849999904632568,6.855000019073486,6.849999904632568,6.855000019073486,745.0
2025-06-26 13:14:00,ASM,,3.5350000858306885,3.5350000858306885,3.5350000858306885,3.5350000858306885,437.0
2025-06-26 13:14:00,ATNM,,1.534999966621399,1.534999966621399,1.534999966621399,1.534999966621399,600.0
2025-06-26 13:14:00,AZTR,,0.25905001163482666,0.259799987077713,0.2587999999523163,0.2587999999523163,2419.0
2025-06-26 13:14:00,BATL,,1.4800000190734863,1.4800000190734863,1.4800000190734863,1.4800000190734863,499.0
2025-06-26 13:14:00,BRBS,,3.2699999809265137,3.2750000953674316,3.2699999809265137,3.2750000953674316,256.0
2025-06-26 13:14:00,BRN,,1.2099000215530396,1.2099000215530396,1.2099000215530396,1.2099000215530396,230.0
2025-06-26 13:14:00,BTG,,3.634999990463257,3.640000104904175,3.630000114440918,3.634999990463257,50969.0
2025-06-26 13:14:00,BURU,,0.3294999897480011,0.3310000002384186,0.3294999897480011,0.3310000002384186,3017.0
2025-06-26 13:14:00,CATX,,3.6700000762939453,3.6700000762939453,3.6700000762939453,3.6700000762939453,159.0
2025-06-26 13:14:00,CIK,,2.934999942779541,2.934999942779541,2.934999942779541,2.934999942779541,300.0
2025-06-26 13:14:00,CLM,,7.942399978637695,7.942399978637695,7.942399978637695,7.942399978637695,497.0
2025-06-26 13:14:00,CMT,,16.940000534057617,16.940000534057617,16.940000534057617,16.940000534057617,327.0
2025-06-26 13:14:00,CQP,,55.93000030517578,55.93000030517578,55.93000030517578,55.93000030517578,400.0
2025-06-26 13:14:00,CRF,,7.554999828338623,7.554999828338623,7.554999828338623,7.554999828338623,211.0
2025-06-26 13:14:00,CTM,,1.0449999570846558,1.0449999570846558,1.0399999618530273,1.0449999570846558,1985.0
2025-06-26 13:14:00,DC,,3.805000066757202,3.805000066757202,3.805000066757202,3.805000066757202,243.0
2025-06-26 13:14:00,DNN,,1.8250000476837158,1.8300000429153442,1.8200000524520874,1.8250000476837158,125911.0
2025-06-26 13:14:00,EMX,,2.565999984741211,2.565999984741211,2.565999984741211,2.565999984741211,268.0
2025-06-26 13:14:00,EQX,,5.940000057220459,5.940000057220459,5.934999942779541,5.940000057220459,6599.0
2025-06-26 13:14:00,ERC,,9.390000343322754,9.390000343322754,9.390000343322754,9.390000343322754,100.0
2025-06-26 13:14:00,EVV,,10.164999961853027,10.164999961853027,10.164999961853027,10.164999961853027,105.0
2025-06-26 13:14:00,FSP,,1.684999942779541,1.684999942779541,1.684999942779541,1.684999942779541,100.0
2025-06-26 13:14:00,FTF,,6.384799957275391,6.384799957275391,6.384799957275391,6.384799957275391,500.0
2025-06-26 13:14:00,FURY,,0.48500001430511475,0.48500001430511475,0.48500001430511475,0.48500001430511475,200.0
2025-06-26 13:14:00,GAU,,1.2799999713897705,1.2799999713897705,1.2799999713897705,1.2799999713897705,1499894.0
2025-06-26 13:14:00,GGN,,4.369999885559082,4.369999885559082,4.369999885559082,4.369999885559082,184.0
2025-06-26 13:14:00,GLDG,,0.7462000250816345,0.7462000250816345,0.7462000250816345,0.7462000250816345,263.0
2025-06-26 13:14:00,GNS,,0.9672999978065491,0.9771000146865845,0.9605000019073486,0.9605000019073486,69729.0
2025-06-26 13:14:00,GORO,,0.5573999881744385,0.5573999881744385,0.5564000010490417,0.5564000010490417,316.0
2025-06-26 13:14:00,GROY,,2.2950000762939453,2.2950000762939453,2.2899999618530273,2.2950000762939453,2259.0
2025-06-26 13:14:00,GTE,,5.070000171661377,5.070000171661377,5.070000171661377,5.070000171661377,244.0
2025-06-26 13:14:00,IE,,9.850000381469727,9.850000381469727,9.850000381469727,9.850000381469727,200.0
2025-06-26 13:14:00,IGC,,0.30820000171661377,0.30820000171661377,0.30820000171661377,0.30820000171661377,562.0
2025-06-26 13:14:00,IMO,,81.18679809570312,81.19000244140625,81.1449966430664,81.1449966430664,1047.0
2025-06-26 13:14:00,ITRG,,1.5299999713897705,1.534999966621399,1.5299999713897705,1.5299999713897705,13545.0
2025-06-26 13:14:00,KULR,,5.079999923706055,5.079999923706055,5.074999809265137,5.074999809265137,1924.0
2025-06-26 13:14:00,LCTX,,1.0099999904632568,1.0149999856948853,1.0099999904632568,1.0099999904632568,6505.0
2025-06-26 13:14:00,LEU,,178.7191925048828,178.7364044189453,178.7191925048828,178.7364044189453,268.0
2025-06-26 13:14:00,LMND,,42.17679977416992,42.17679977416992,42.14500045776367,42.14500045776367,2536.0
2025-06-26 13:14:00,LNG,,242.1699981689453,242.1699981689453,242.07000732421875,242.07000732421875,1601.0
2025-06-26 13:14:00,LODE,,3.7606000900268555,3.7606000900268555,3.7606000900268555,3.7606000900268555,104.0
2025-06-26 13:14:00,MAG,,21.420000076293945,21.420000076293945,21.405000686645508,21.420000076293945,1785.0
2025-06-26 13:14:00,MTA,,3.880000114440918,3.880000114440918,3.875,3.875,349.0
2025-06-26 13:14:00,NAK,,1.5503000020980835,1.5549999475479126,1.5503000020980835,1.5549999475479126,571.0
2025-06-26 13:14:00,NCL,,0.18029999732971191,0.18029999732971191,0.18029999732971191,0.18029999732971191,15794.0
2025-06-26 13:14:00,NFGC,,1.475000023841858,1.475000023841858,1.475000023841858,1.475000023841858,130.0
2025-06-26 13:14:00,NG,,4.025000095367432,4.025000095367432,4.010000228881836,4.010000228881836,21870.0
2025-06-26 13:14:00,NGD,,4.910699844360352,4.913599967956543,4.909999847412109,4.909999847412109,10406.0
2025-06-26 13:14:00,NML,,8.829999923706055,8.829999923706055,8.829999923706055,8.829999923706055,1145.0
2025-06-26 13:14:00,OBE,,5.539999961853027,5.550000190734863,5.539999961853027,5.550000190734863,324.0
2025-06-26 13:14:00,OPTT,,0.5174000263214111,0.5174000263214111,0.5174000263214111,0.5174000263214111,168.0
2025-06-26 13:14:00,ORLA,,9.989999771118164,9.989999771118164,9.989999771118164,9.989999771118164,366.0
2025-06-26 13:14:00,PLG,,1.6399999856948853,1.6399999856948853,1.6247999668121338,1.6247999668121338,39012.0
2025-06-26 13:14:00,PLX,,1.4700000286102295,1.4700000286102295,1.4700000286102295,1.4700000286102295,1252.0
2025-06-26 13:14:00,REI,,0.7781999707221985,0.7786999940872192,0.7781999707221985,0.7784000039100647,9830.0
2025-06-26 13:14:00,SATX,,2.950000047683716,2.9549999237060547,2.950000047683716,2.950000047683716,3107.0
2025-06-26 13:14:00,SBEV,,3.899899959564209,3.9100000858306885,3.8299999237060547,3.8299999237060547,1570.0
2025-06-26 13:14:00,SEB,,2959.6201171875,2959.6201171875,2954.6201171875,2954.6201171875,3.0
2025-06-26 13:14:00,SGN,,1.0706000328063965,1.0706000328063965,1.0706000328063965,1.0706000328063965,1050.0
2025-06-26 13:14:00,SIF,,3.259999990463257,3.259999990463257,3.259999990463257,3.259999990463257,808.0
2025-06-26 13:14:00,SKYH,,9.539999961853027,9.539999961853027,9.539999961853027,9.539999961853027,185.0
2025-06-26 13:14:00,SLI,,1.9199999570846558,1.9249999523162842,1.9199999570846558,1.9249999523162842,1330.0
2025-06-26 13:14:00,SVM,,4.190000057220459,4.190000057220459,4.190000057220459,4.190000057220459,360.0
2025-06-26 13:14:00,SVT,,46.900001525878906,46.900001525878906,46.900001525878906,46.900001525878906,400.0
2025-06-26 13:14:00,TGB,,3.159899950027466,3.159899950027466,3.159899950027466,3.159899950027466,3072.0
2025-06-26 13:14:00,THM,,0.8798999786376953,0.8798999786376953,0.8798999786376953,0.8798999786376953,1000.0
2025-06-26 13:14:00,TPET,,1.1799999475479126,1.1799999475479126,1.1799999475479126,1.1799999475479126,2403.0
2025-06-26 13:14:00,TRX,,0.33160001039505005,0.33160001039505005,0.33160001039505005,0.33160001039505005,5290.0
2025-06-26 13:14:00,UAMY,,2.569999933242798,2.569999933242798,2.555000066757202,2.555000066757202,4909.0
2025-06-26 13:14:00,UAVS,,1.0989999771118164,1.0989999771118164,1.0901000499725342,1.0950000286102295,6326.0
2025-06-26 13:14:00,UEC,,6.940000057220459,6.940000057220459,6.925000190734863,6.925000190734863,9199.0
2025-06-26 13:14:00,URG,,1.0399999618530273,1.0449999570846558,1.0399999618530273,1.0399999618530273,1915.0
2025-06-26 13:14:00,USAS,,0.8367999792098999,0.8367999792098999,0.8341000080108643,0.8341000080108643,1200.0
2025-06-26 13:14:00,UTG,,35.4900016784668,35.4900016784668,35.4900016784668,35.4900016784668,100.0
2025-06-26 13:14:00,UUUU,,5.920000076293945,5.920000076293945,5.894999980926514,5.894999980926514,14671.0
2025-06-26 13:14:00,VTAK,,0.2485000044107437,0.2485000044107437,0.2485000044107437,0.2485000044107437,15000.0
2025-06-26 13:14:00,VZLA,,2.984999895095825,2.984999895095825,2.984999895095825,2.984999895095825,128.0
2025-06-26 13:14:00,WRN,,1.2283999919891357,1.2283999919891357,1.2283999919891357,1.2283999919891357,520.0
2025-06-26 13:14:00,ZDGE,,4.033999919891357,4.033999919891357,4.010000228881836,4.010000228881836,900.0
2025-06-26 13:15:00,AREN,,5.744999885559082,5.744999885559082,5.744999885559082,5.744999885559082,609.0
2025-06-26 13:15:00,ARMN,,6.855000019073486,6.855000019073486,6.855000019073486,6.855000019073486,273.0
2025-06-26 13:15:00,ASM,,3.531100034713745,3.5399999618530273,3.5299999713897705,3.535099983215332,26877.0
2025-06-26 13:15:00,BATL,,1.4900000095367432,1.4900000095367432,1.4900000095367432,1.4900000095367432,942.0
2025-06-26 13:15:00,BRBS,,3.2750000953674316,3.2750000953674316,3.2699999809265137,3.2699999809265137,455.0
2025-06-26 13:15:00,BTG,,3.635200023651123,3.640000104904175,3.634999990463257,3.640000104904175,56547.0
2025-06-26 13:15:00,BURU,,0.33044999837875366,0.33044999837875366,0.33044999837875366,0.33044999837875366,1020.0
2025-06-26 13:15:00,CATX,,3.680000066757202,3.680000066757202,3.680000066757202,3.680000066757202,2601.0
2025-06-26 13:15:00,CEF,,30.40999984741211,30.40999984741211,30.40999984741211,30.40999984741211,200.0
2025-06-26 13:15:00,CIK,,2.940000057220459,2.940000057220459,2.940000057220459,2.940000057220459,100.0
2025-06-26 13:15:00,CLDI,,0.22370000183582306,0.22370000183582306,0.22370000183582306,0.22370000183582306,754.0
2025-06-26 13:15:00,CLM,,7.949900150299072,7.949999809265137,7.949900150299072,7.949999809265137,200.0
2025-06-26 13:15:00,CQP,,55.93000030517578,55.95000076293945,55.93000030517578,55.95000076293945,500.0
2025-06-26 13:15:00,CRF,,7.554999828338623,7.555200099945068,7.554999828338623,7.554999828338623,325.0
2025-06-26 13:15:00,CTM,,1.0449999570846558,1.0449999570846558,1.0449999570846558,1.0449999570846558,151.0
2025-06-26 13:15:00,CVM,,2.430000066757202,2.430000066757202,2.430000066757202,2.430000066757202,100.0
2025-06-26 13:15:00,DNN,,1.8250000476837158,1.8300000429153442,1.8200000524520874,1.8250000476837158,32401.0
2025-06-26 13:15:00,ELMD,,21.329999923706055,21.329999923706055,21.329999923706055,21.329999923706055,302.0
2025-06-26 13:15:00,EQX,,5.954999923706055,5.960000038146973,5.929999828338623,5.929999828338623,87820.0
2025-06-26 13:15:00,ERC,,9.399999618530273,9.399999618530273,9.390000343322754,9.390000343322754,2300.0
2025-06-26 13:15:00,FSP,,1.684999942779541,1.684999942779541,1.684999942779541,1.684999942779541,100.0
2025-06-26 13:15:00,FTF,,6.389999866485596,6.389999866485596,6.385000228881836,6.389999866485596,3000.0
2025-06-26 13:15:00,GNS,,0.9699990153312683,0.9749990105628967,0.949999988079071,0.9699990153312683,107713.0
2025-06-26 13:15:00,GROY,,2.2950000762939453,2.2950000762939453,2.2950000762939453,2.2950000762939453,345.0
2025-06-26 13:15:00,IBO,,1.0099999904632568,1.0099999904632568,1.0099999904632568,1.0099999904632568,1806.0
2025-06-26 13:15:00,IDR,,13.154999732971191,13.154999732971191,13.154999732971191,13.154999732971191,1085.0
2025-06-26 13:15:00,IE,,9.850000381469727,9.850000381469727,9.850000381469727,9.850000381469727,835.0
2025-06-26 13:15:00,KNW,,1.9900000095367432,1.9900000095367432,1.9601999521255493,1.9601999521255493,737.0
2025-06-26 13:15:00,KULR,,5.090000152587891,5.090000152587891,5.074999809265137,5.074999809265137,13016.0
2025-06-26 13:15:00,LCTX,,1.0099999904632568,1.0149999856948853,1.0099999904632568,1.0099999904632568,4271.0
2025-06-26 13:15:00,LEU,,177.89999389648438,178.55999755859375,177.8800048828125,178.08999633789062,3984.0
2025-06-26 13:15:00,LMND,,42.15999984741211,42.16999816894531,42.150001525878906,42.16999816894531,2939.0
2025-06-26 13:15:00,LNG,,242.14999389648438,242.14999389648438,242.14999389648438,242.14999389648438,920.0
2025-06-26 13:15:00,LODE,,3.7799999713897705,3.7799999713897705,3.7799999713897705,3.7799999713897705,567.0
2025-06-26 13:15:00,MITQ,,0.6675000190734863,0.6675000190734863,0.6675000190734863,0.6675000190734863,302.0
2025-06-26 13:15:00,MPU,,0.9351000189781189,0.9351000189781189,0.9351000189781189,0.9351000189781189,679.0
2025-06-26 13:15:00,NAK,,1.559000015258789,1.559000015258789,1.5549999475479126,1.5549999475479126,3267.0
2025-06-26 13:15:00,NG,,4.010000228881836,4.025000095367432,4.010000228881836,4.019999980926514,10936.0
2025-06-26 13:15:00,NGD,,4.909999847412109,4.914999961853027,4.909999847412109,4.914999961853027,1845.0
2025-06-26 13:15:00,NHS,,7.489999771118164,7.489999771118164,7.486999988555908,7.486999988555908,860.0
2025-06-26 13:15:00,NML,,8.829999923706055,8.829999923706055,8.829999923706055,8.829999923706055,110.0
2025-06-26 13:15:00,NRXS,,2.559999942779541,2.559999942779541,2.559999942779541,2.559999942779541,2558.0
2025-06-26 13:15:00,ORLA,,10.0,10.0,9.994999885559082,9.994999885559082,1473.0
2025-06-26 13:15:00,OSTX,,1.899899959564209,1.899899959564209,1.8811999559402466,1.8811999559402466,2400.0
2025-06-26 13:15:00,PLG,,1.6399999856948853,1.6399999856948853,1.6399999856948853,1.6399999856948853,294.0
2025-06-26 13:15:00,PLX,,1.465000033378601,1.465000033378601,1.465000033378601,1.465000033378601,107.0
2025-06-26 13:15:00,REI,,0.7742000222206116,0.7786999940872192,0.7741000056266785,0.7786999940872192,21993.0
2025-06-26 13:15:00,SATX,,2.9590001106262207,2.9590001106262207,2.9539999961853027,2.9539999961853027,5769.0
2025-06-26 13:15:00,SBEV,,3.9200000762939453,3.950000047683716,3.890000104904175,3.9200000762939453,8161.0
2025-06-26 13:15:00,SENS,,0.5020999908447266,0.5037999749183655,0.5002999901771545,0.5002999901771545,67276.0
2025-06-26 13:15:00,SGN,,1.0700000524520874,1.0702999830245972,1.0700000524520874,1.0702999830245972,2451.0
2025-06-26 13:15:00,SKYH,,9.539999961853027,9.539999961853027,9.539999961853027,9.539999961853027,328.0
2025-06-26 13:15:00,SLI,,1.9285999536514282,1.9285999536514282,1.920799970626831,1.920799970626831,921.0
2025-06-26 13:15:00,SLND,,3.930000066757202,3.930000066757202,3.930000066757202,3.930000066757202,568.0
2025-06-26 13:15:00,SVM,,4.190000057220459,4.190000057220459,4.184999942779541,4.190000057220459,2122.0
2025-06-26 13:15:00,SVT,,46.900001525878906,46.900001525878906,46.900001525878906,46.900001525878906,100.0
2025-06-26 13:15:00,TGB,,3.1503000259399414,3.1596999168395996,3.1500000953674316,3.1549999713897705,17849.0
2025-06-26 13:15:00,TMQ,,1.4800000190734863,1.4800000190734863,1.4800000190734863,1.4800000190734863,2000.0
2025-06-26 13:15:00,UAMY,,2.565000057220459,2.575000047683716,2.565000057220459,2.565000057220459,9380.0
2025-06-26 13:15:00,UAVS,,1.0999000072479248,1.0999000072479248,1.0999000072479248,1.0999000072479248,100.0
2025-06-26 13:15:00,UEC,,6.929999828338623,6.940000057220459,6.929999828338623,6.934999942779541,16037.0
2025-06-26 13:15:00,URG,,1.0399999618530273,1.0449999570846558,1.0399999618530273,1.0399999618530273,6177.0
2025-06-26 13:15:00,UTG,,35.4906005859375,35.4906005859375,35.4906005859375,35.4906005859375,330.0
2025-06-26 13:15:00,UUUU,,5.919899940490723,5.920000076293945,5.910099983215332,5.914999961853027,21315.0
2025-06-26 13:15:00,VTAK,,0.24810099601745605,0.24810099601745605,0.24810099601745605,0.24810099601745605,1000.0
2025-06-26 13:15:00,VZLA,,2.984999895095825,2.984999895095825,2.984999895095825,2.984999895095825,285.0
2025-06-26 13:15:00,XPL,,0.64410001039505,0.64410001039505,0.64410001039505,0.64410001039505,100.0
2025-06-26 13:16:00,AREN,,5.670000076293945,5.744999885559082,5.670000076293945,5.744999885559082,1304.0
2025-06-26 13:16:00,ARMN,,6.855000019073486,6.860000133514404,6.855000019073486,6.855000019073486,612.0
2025-06-26 13:16:00,ASM,,3.5299999713897705,3.5399999618530273,3.5299999713897705,3.5399999618530273,1463.0
2025-06-26 13:16:00,ATNM,,1.534999966621399,1.534999966621399,1.5300999879837036,1.5300999879837036,1100.0
2025-06-26 13:16:00,BTG,,3.6405999660491943,3.6500000953674316,3.634999990463257,3.640000104904175,733220.0
2025-06-26 13:16:00,BURU,,0.33000001311302185,0.33000001311302185,0.33000001311302185,0.33000001311302185,1955.0
2025-06-26 13:16:00,CATX,,3.700000047683716,3.700000047683716,3.690000057220459,3.690000057220459,2536.0
2025-06-26 13:16:00,CBOE,,228.60000610351562,228.60000610351562,228.47999572753906,228.47999572753906,4179.0
2025-06-26 13:16:00,CCEL,,5.351200103759766,5.351200103759766,5.351200103759766,5.351200103759766,201.0
2025-06-26 13:16:00,CEF,,30.424999237060547,30.424999237060547,30.420000076293945,30.420000076293945,577.0
2025-06-26 13:16:00,CIK,,2.934999942779541,2.940000057220459,2.934999942779541,2.940000057220459,200.0
2025-06-26 13:16:00,CLM,,7.949999809265137,7.949999809265137,7.947999954223633,7.949999809265137,1104.0
2025-06-26 13:16:00,CQP,,55.93000030517578,55.93000030517578,55.93000030517578,55.93000030517578,200.0
2025-06-26 13:16:00,CRF,,7.559999942779541,7.559999942779541,7.559999942779541,7.559999942779541,230.0
2025-06-26 13:16:00,CVM,,2.413800001144409,2.413800001144409,2.413800001144409,2.413800001144409,100.0
2025-06-26 13:16:00,DC,,3.809999942779541,3.809999942779541,3.809999942779541,3.809999942779541,205.0
2025-06-26 13:16:00,DNN,,1.820199966430664,1.8300000429153442,1.820199966430664,1.8250000476837158,152563.0
2025-06-26 13:16:00,ELMD,,21.399999618530273,21.399999618530273,21.399999618530273,21.399999618530273,102.0
2025-06-26 13:16:00,EQX,,5.960000038146973,5.96999979019165,5.949999809265137,5.95989990234375,159714.0
2025-06-26 13:16:00,EVV,,10.164999961853027,10.164999961853027,10.164999961853027,10.164999961853027,193.0
2025-06-26 13:16:00,FTF,,6.385000228881836,6.385000228881836,6.385000228881836,6.385000228881836,100.0
2025-06-26 13:16:00,GAU,,1.284999966621399,1.284999966621399,1.284999966621399,1.284999966621399,105.0
2025-06-26 13:16:00,GLO,,5.349999904632568,5.349999904632568,5.34499979019165,5.34499979019165,3166.0
2025-06-26 13:16:00,GNS,,0.989998996257782,0.9900000095367432,0.9631010293960571,0.9631010293960571,72544.0
2025-06-26 13:16:00,GROY,,2.299999952316284,2.299999952316284,2.299999952316284,2.299999952316284,405.0
2025-06-26 13:16:00,GSAT,,23.360000610351562,23.360000610351562,23.360000610351562,23.360000610351562,871.0
2025-06-26 13:16:00,IBO,,1.0049999952316284,1.0049999952316284,1.0,1.0,466.0
2025-06-26 13:16:00,IE,,9.854999542236328,9.854999542236328,9.854999542236328,9.854999542236328,6949.0
2025-06-26 13:16:00,IMO,,81.19499969482422,81.19499969482422,81.19499969482422,81.19499969482422,102.0
2025-06-26 13:16:00,INDO,,3.1700000762939453,3.1700000762939453,3.1700000762939453,3.1700000762939453,826.0
2025-06-26 13:16:00,ITRG,,1.5397000312805176,1.5397000312805176,1.534999966621399,1.534999966621399,200.0
2025-06-26 13:16:00,KNW,,1.9800000190734863,1.98989999294281,1.9800000190734863,1.98989999294281,612.0
2025-06-26 13:16:00,KULR,,5.090000152587891,5.090000152587891,5.079999923706055,5.079999923706055,6071.0
2025-06-26 13:16:00,LCTX,,1.0149999856948853,1.0149999856948853,1.0099999904632568,1.0149999856948853,1722.0
2025-06-26 13:16:00,LEU,,178.22000122070312,178.27000427246094,177.91000366210938,178.22000122070312,1920.0
2025-06-26 13:16:00,LMND,,42.17210006713867,42.179500579833984,42.154998779296875,42.154998779296875,713.0
2025-06-26 13:16:00,LNG,,242.0749969482422,242.14500427246094,241.97999572753906,242.14500427246094,3870.0
2025-06-26 13:16:00,MAG,,21.434999465942383,21.440000534057617,21.43000030517578,21.43000030517578,1070.0
2025-06-26 13:16:00,MAIA,,1.7070000171661377,1.7070000171661377,1.7070000171661377,1.7070000171661377,107.0
2025-06-26 13:16:00,MTA,,3.884999990463257,3.890000104904175,3.880000114440918,3.880000114440918,6845.0
2025-06-26 13:16:00,NAK,,1.5546000003814697,1.5549999475479126,1.5546000003814697,1.5549999475479126,744.0
2025-06-26 13:16:00,NFGC,,1.475000023841858,1.475000023841858,1.475000023841858,1.475000023841858,105.0
2025-06-26 13:16:00,NG,,4.025000095367432,4.03000020980835,4.014999866485596,4.025000095367432,4028386.0
2025-06-26 13:16:00,NGD,,4.914999961853027,4.920000076293945,4.909999847412109,4.914999961853027,125150.0
2025-06-26 13:16:00,OGEN,,3.65120005607605,3.684999942779541,3.65120005607605,3.684999942779541,266.0
2025-06-26 13:16:00,OPTT,,0.5170000195503235,0.5170000195503235,0.5170000195503235,0.5170000195503235,129.0
2025-06-26 13:16:00,ORLA,,10.0,10.0,10.0,10.0,560.0
2025-06-26 13:16:00,PLG,,1.6399999856948853,1.6399999856948853,1.6299999952316284,1.6299999952316284,1850.0
2025-06-26 13:16:00,PLX,,1.465000033378601,1.465000033378601,1.465000033378601,1.465000033378601,405.0
2025-06-26 13:16:00,REI,,0.7742999792098999,0.7771000266075134,0.7742000222206116,0.7742000222206116,8327.0
2025-06-26 13:16:00,SBEV,,3.85260009765625,3.9200000762939453,3.85260009765625,3.9200000762939453,3064.0
2025-06-26 13:16:00,SENS,,0.5008999705314636,0.5011000037193298,0.5008999705314636,0.5011000037193298,2110.0
2025-06-26 13:16:00,SGN,,1.0700000524520874,1.0700000524520874,1.0700000524520874,1.0700000524520874,1255.0
2025-06-26 13:16:00,SLI,,1.9199999570846558,1.9199999570846558,1.9199999570846558,1.9199999570846558,602.0
2025-06-26 13:16:00,SOAR,,1.4149999618530273,1.4149999618530273,1.4148999452590942,1.4148999452590942,4100.0
2025-06-26 13:16:00,SVM,,4.199999809265137,4.199999809265137,4.179999828338623,4.190000057220459,85773.0
2025-06-26 13:16:00,SVT,,46.900001525878906,46.900001525878906,46.900001525878906,46.900001525878906,400.0
2025-06-26 13:16:00,TGB,,3.1500000953674316,3.1549999713897705,3.1500000953674316,3.1549999713897705,2759.0
2025-06-26 13:16:00,TMQ,,1.4808000326156616,1.4808000326156616,1.4808000326156616,1.4808000326156616,376877.0
2025-06-26 13:16:00,UAMY,,2.575000047683716,2.575000047683716,2.559999942779541,2.559999942779541,11690.0
2025-06-26 13:16:00,UEC,,6.929999828338623,6.945000171661377,6.929999828338623,6.934800148010254,27821.0
2025-06-26 13:16:00,URG,,1.0399999618530273,1.0449999570846558,1.0399999618530273,1.0399999618530273,3588.0
2025-06-26 13:16:00,USAS,,0.8365010023117065,0.8389000296592712,0.8341000080108643,0.8389000296592712,821.0
2025-06-26 13:16:00,UTG,,35.53269958496094,35.53269958496094,35.53269958496094,35.53269958496094,2031.0
2025-06-26 13:16:00,UUUU,,5.920000076293945,5.929999828338623,5.912399768829346,5.9197998046875,48148.0
2025-06-26 13:16:00,VGZ,,1.0199999809265137,1.0199999809265137,1.0199999809265137,1.0199999809265137,110.0
2025-06-26 13:16:00,VTAK,,0.24845099449157715,0.24845099449157715,0.24845099449157715,0.24845099449157715,1089.0
2025-06-26 13:16:00,VZLA,,2.984999895095825,2.9986000061035156,2.984999895095825,2.9899001121520996,37046.0
2025-06-26 13:16:00,WRN,,1.225000023841858,1.225000023841858,1.225000023841858,1.225000023841858,199.0
2025-06-26 13:17:00,AREN,,5.800000190734863,5.800000190734863,5.744999885559082,5.744999885559082,883.0
2025-06-26 13:17:00,ARMN,,6.855000019073486,6.855000019073486,6.849999904632568,6.855000019073486,1208.0
2025-06-26 13:17:00,ASM,,3.5299999713897705,3.5399999618530273,3.5299999713897705,3.5399999618530273,2432.0
2025-06-26 13:17:00,ATNM,,1.534999966621399,1.534999966621399,1.534999966621399,1.534999966621399,102.0
2025-06-26 13:17:00,AZTR,,0.2590999901294708,0.2590999901294708,0.2590999901294708,0.2590999901294708,3021.0
2025-06-26 13:17:00,BRBS,,3.2699999809265137,3.2750000953674316,3.2699999809265137,3.2699999809265137,317.0
2025-06-26 13:17:00,BTG,,3.6396000385284424,3.6500000953674316,3.630000114440918,3.6449999809265137,776513.0
2025-06-26 13:17:00,BURU,,0.3312999904155731,0.3312999904155731,0.33000001311302185,0.33000001311302185,2873.0
2025-06-26 13:17:00,CATX,,3.700000047683716,3.7100000381469727,3.700000047683716,3.700000047683716,2667.0
2025-06-26 13:17:00,CEF,,30.420000076293945,30.424999237060547,30.420000076293945,30.420000076293945,1948.0
2025-06-26 13:17:00,CIK,,2.940000057220459,2.940000057220459,2.934999942779541,2.940000057220459,369.0
2025-06-26 13:17:00,CLDI,,0.22190000116825104,0.22190000116825104,0.22190000116825104,0.22190000116825104,600.0
2025-06-26 13:17:00,CQP,,55.84000015258789,55.93000030517578,55.83000183105469,55.93000030517578,1851.0
2025-06-26 13:17:00,CTM,,1.0499999523162842,1.0499999523162842,1.0499999523162842,1.0499999523162842,109.0
2025-06-26 13:17:00,DNN,,1.8250000476837158,1.8300000429153442,1.8200000524520874,1.8200000524520874,278515.0
2025-06-26 13:17:00,ELA,,5.840000152587891,5.840000152587891,5.840000152587891,5.840000152587891,348.0
2025-06-26 13:17:00,ELMD,,21.334999084472656,21.334999084472656,21.334999084472656,21.334999084472656,164.0
2025-06-26 13:17:00,EMX,,2.565000057220459,2.565000057220459,2.565000057220459,2.565000057220459,101.0
2025-06-26 13:17:00,EQX,,5.960000038146973,5.960000038146973,5.960000038146973,5.960000038146973,9877.0
2025-06-26 13:17:00,EVM,,8.84000015258789,8.84000015258789,8.84000015258789,8.84000015258789,159.0
2025-06-26 13:17:00,EVV,,10.164299964904785,10.164299964904785,10.164299964904785,10.164299964904785,108.0
2025-06-26 13:17:00,FSP,,1.684999942779541,1.684999942779541,1.684999942779541,1.684999942779541,129.0
2025-06-26 13:17:00,GNS,,0.9994000196456909,1.0,0.9825000166893005,0.9862499833106995,125860.0
2025-06-26 13:17:00,GROY,,2.2950000762939453,2.2950000762939453,2.2950000762939453,2.2950000762939453,238.0
2025-06-26 13:17:00,GSAT,,23.369699478149414,23.369699478149414,23.360000610351562,23.360000610351562,2245.0
2025-06-26 13:17:00,IBO,,1.0003999471664429,1.0003999471664429,1.0002000331878662,1.0002000331878662,302.0
2025-06-26 13:17:00,IMO,,81.19999694824219,81.19999694824219,81.19999694824219,81.19999694824219,1349.0
2025-06-26 13:17:00,INDO,,3.1698999404907227,3.1700000762939453,3.1649999618530273,3.1698999404907227,9823.0
2025-06-26 13:17:00,INFU,,6.409999847412109,6.409999847412109,6.409999847412109,6.409999847412109,786.0
2025-06-26 13:17:00,ITP,,0.18729999661445618,0.18729999661445618,0.18729999661445618,0.18729999661445618,106.0
2025-06-26 13:17:00,KNW,,1.989799976348877,1.989799976348877,1.989799976348877,1.989799976348877,100.0
2025-06-26 13:17:00,KULR,,5.125,5.130000114440918,5.09119987487793,5.09499979019165,36831.0
2025-06-26 13:17:00,LCTX,,1.0099999904632568,1.0099999904632568,1.0099999904632568,1.0099999904632568,9295.0
2025-06-26 13:17:00,LEU,,177.5070037841797,178.1199951171875,177.50010681152344,177.88999938964844,6038.0
2025-06-26 13:17:00,LMND,,42.07500076293945,42.130001068115234,42.040000915527344,42.130001068115234,3605.0
2025-06-26 13:17:00,LNG,,241.9199981689453,242.2122039794922,241.9199981689453,242.0749969482422,6294.0
2025-06-26 13:17:00,LODE,,3.7699999809265137,3.7699999809265137,3.7699999809265137,3.7699999809265137,1256.0
2025-06-26 13:17:00,MAG,,21.40999984741211,21.43000030517578,21.40999984741211,21.43000030517578,1794.0
2025-06-26 13:17:00,MITQ,,0.6675000190734863,0.6675000190734863,0.6675000190734863,0.6675000190734863,1888.0
2025-06-26 13:17:00,MPTI,,40.81999969482422,40.83000183105469,40.81999969482422,40.83000183105469,1069.0
2025-06-26 13:17:00,MTA,,3.884999990463257,3.8891000747680664,3.884999990463257,3.8891000747680664,1161.0
2025-06-26 13:17:00,MTNB,,0.9401000142097473,0.9401000142097473,0.9401000142097473,0.9401000142097473,113.0
2025-06-26 13:17:00,NAK,,1.5516999959945679,1.559999942779541,1.5516999959945679,1.5549999475479126,6346.0
2025-06-26 13:17:00,NBH,,9.795000076293945,9.795000076293945,9.795000076293945,9.795000076293945,100.0
2025-06-26 13:17:00,NCL,,0.18000000715255737,0.18000000715255737,0.17890000343322754,0.18000000715255737,2074.0
2025-06-26 13:17:00,NFGC,,1.4788999557495117,1.4788999557495117,1.4788999557495117,1.4788999557495117,288.0
2025-06-26 13:17:00,NG,,4.019999980926514,4.025000095367432,4.010000228881836,4.020100116729736,8501.0
2025-06-26 13:17:00,NGD,,4.914999961853027,4.920000076293945,4.91349983215332,4.914999961853027,25026.0
2025-06-26 13:17:00,OGEN,,3.6600000858306885,3.6600000858306885,3.6600000858306885,3.6600000858306885,165.0
2025-06-26 13:17:00,ORLA,,9.994999885559082,10.0,9.994999885559082,10.0,319.0
2025-06-26 13:17:00,OSTX,,1.8899999856948853,1.8899999856948853,1.8899999856948853,1.8899999856948853,102.0
2025-06-26 13:17:00,PLG,,1.6349999904632568,1.6399999856948853,1.6308000087738037,1.6399999856948853,31260.0
2025-06-26 13:17:00,PLX,,1.465000033378601,1.4700000286102295,1.465000033378601,1.4700000286102295,1207.0
2025-06-26 13:17:00,REI,,0.7731000185012817,0.7749000191688538,0.7731000185012817,0.7742999792098999,8911.0
2025-06-26 13:17:00,SATX,,2.950000047683716,2.950000047683716,2.950000047683716,2.950000047683716,392.0
2025-06-26 13:17:00,SBEV,,3.9100000858306885,3.9100000858306885,3.851300001144409,3.859999895095825,4279.0
2025-06-26 13:17:00,SENS,,0.5008500218391418,0.5008999705314636,0.5008500218391418,0.5008999705314636,2015.0
2025-06-26 13:17:00,SGN,,1.090000033378601,1.090000033378601,1.090000033378601,1.090000033378601,505.0
2025-06-26 13:17:00,SKYH,,9.550000190734863,9.550000190734863,9.550000190734863,9.550000190734863,196.0
2025-06-26 13:17:00,SOAR,,1.4149999618530273,1.4149999618530273,1.4149999618530273,1.4149999618530273,1000.0
2025-06-26 13:17:00,SVM,,4.189899921417236,4.199999809265137,4.181399822235107,4.199999809265137,39418.0
2025-06-26 13:17:00,TGB,,3.150399923324585,3.1549999713897705,3.140000104904175,3.1549999713897705,256517.0
2025-06-26 13:17:00,THM,,0.8798999786376953,0.8798999786376953,0.8798999786376953,0.8798999786376953,101.0
2025-06-26 13:17:00,TMQ,,1.4759999513626099,1.4850000143051147,1.4759999513626099,1.4850000143051147,16572.0
2025-06-26 13:17:00,TOVX,,0.43160000443458557,0.43160000443458557,0.43160000443458557,0.43160000443458557,109.0
2025-06-26 13:17:00,TRX,,0.33340001106262207,0.33340001106262207,0.33340001106262207,0.33340001106262207,250.0
2025-06-26 13:17:00,UAMY,,2.5850000381469727,2.589900016784668,2.575000047683716,2.575000047683716,25206.0
2025-06-26 13:17:00,UAVS,,1.090000033378601,1.090000033378601,1.090000033378601,1.090000033378601,5506.0
2025-06-26 13:17:00,UEC,,6.925000190734863,6.929200172424316,6.920000076293945,6.925000190734863,13286.0
2025-06-26 13:17:00,URG,,1.0399999618530273,1.0449999570846558,1.0299999713897705,1.0399999618530273,17626.0
2025-06-26 13:17:00,USAS,,0.8389000296592712,0.8389000296592712,0.8364999890327454,0.8370000123977661,2132.0
2025-06-26 13:17:00,UUUU,,5.914999961853027,5.920000076293945,5.909999847412109,5.915200233459473,21733.0
2025-06-26 13:17:00,VZLA,,2.9986000061035156,3.0,2.984999895095825,2.984999895095825,61020.0
2025-06-26 13:18:00,AREN,,5.670000076293945,5.670000076293945,5.670000076293945,5.670000076293945,122.0
2025-06-26 13:18:00,ATNM,,1.534999966621399,1.5700000524520874,1.534999966621399,1.534999966621399,27192.0
2025-06-26 13:18:00,AUST,,1.320099949836731,1.320099949836731,1.320099949836731,1.320099949836731,62846.0
2025-06-26 13:18:00,BRBS,,3.2750000953674316,3.2750000953674316,3.2750000953674316,3.2750000953674316,247.0
2025-06-26 13:18:00,BRN,,1.2300000190734863,1.2300000190734863,1.2300000190734863,1.2300000190734863,102.0
2025-06-26 13:18:00,BTG,,3.640000104904175,3.6500000953674316,3.6345999240875244,3.6394999027252197,745043.0
2025-06-26 13:18:00,CATX,,3.700000047683716,3.700000047683716,3.700000047683716,3.700000047683716,219.0
2025-06-26 13:18:00,CCEL,,5.5,5.5,5.5,5.5,199.0
2025-06-26 13:18:00,CIK,,2.940000057220459,2.940000057220459,2.940000057220459,2.940000057220459,100.0
2025-06-26 13:18:00,CLDI,,0.2240000069141388,0.2240000069141388,0.22290000319480896,0.22380000352859497,11112.0
2025-06-26 13:18:00,CLM,,7.945000171661377,7.945000171661377,7.942699909210205,7.942699909210205,1167.0
2025-06-26 13:18:00,CQP,,55.849998474121094,55.849998474121094,55.849998474121094,55.849998474121094,200.0
2025-06-26 13:18:00,CTM,,1.045199990272522,1.0499999523162842,1.0449999570846558,1.0449999570846558,5365.0
2025-06-26 13:18:00,DHY,,2.109999895095825,2.109999895095825,2.109999895095825,2.109999895095825,104.0
2025-06-26 13:18:00,DNN,,1.8135000467300415,1.829800009727478,1.809999942779541,1.820099949836731,2401513.0
2025-06-26 13:18:00,EMX,,2.565000057220459,2.565000057220459,2.565000057220459,2.565000057220459,211.0
2025-06-26 13:18:00,EQX,,5.96999979019165,5.96999979019165,5.960000038146973,5.960000038146973,31517.0
2025-06-26 13:18:00,EVV,,10.164999961853027,10.164999961853027,10.164999961853027,10.164999961853027,365.0
2025-06-26 13:18:00,FSP,,1.684999942779541,1.684999942779541,1.684999942779541,1.684999942779541,221.0
2025-06-26 13:18:00,GAU,,1.2799999713897705,1.2799999713897705,1.2799999713897705,1.2799999713897705,133.0
2025-06-26 13:18:00,GENC,,14.260000228881836,14.260000228881836,14.260000228881836,14.260000228881836,369.0
2025-06-26 13:18:00,GNS,,0.9702000021934509,0.9994000196456909,0.9700000286102295,0.9993000030517578,53491.0
2025-06-26 13:18:00,GROY,,2.2950000762939453,2.299999952316284,2.2950000762939453,2.299999952316284,828.0
2025-06-26 13:18:00,IMO,,81.16000366210938,81.16000366210938,81.16000366210938,81.16000366210938,671.0
2025-06-26 13:18:00,INDO,,3.190000057220459,3.192699909210205,3.1649999618530273,3.1698999404907227,6938.0
2025-06-26 13:18:00,IPB,,25.25,25.25,25.25,25.25,113.0
2025-06-26 13:18:00,ITRG,,1.5299999713897705,1.534999966621399,1.5299999713897705,1.534999966621399,4433.0
2025-06-26 13:18:00,KNW,,1.9850000143051147,1.9850000143051147,1.9850000143051147,1.9850000143051147,107.0
2025-06-26 13:18:00,KULR,,5.105000019073486,5.1290998458862305,5.105000019073486,5.125,13358.0
2025-06-26 13:18:00,LCTX,,1.0099999904632568,1.0149999856948853,1.0099999904632568,1.0099999904632568,1799.0
2025-06-26 13:18:00,LEU,,176.88009643554688,177.85000610351562,176.88009643554688,177.85000610351562,16623.0
2025-06-26 13:18:00,LMND,,42.150001525878906,42.150001525878906,42.07749938964844,42.099998474121094,3420.0
2025-06-26 13:18:00,LNG,,241.92379760742188,241.92379760742188,241.77000427246094,241.77000427246094,3369.0
2025-06-26 13:18:00,MAG,,21.420000076293945,21.420000076293945,21.420000076293945,21.420000076293945,438.0
2025-06-26 13:18:00,MAIA,,1.7100000381469727,1.7100000381469727,1.7100000381469727,1.7100000381469727,1126.0
2025-06-26 13:18:00,MPTI,,40.97999954223633,41.0,40.81999969482422,40.97999954223633,1552.0
2025-06-26 13:18:00,NAK,,1.5499999523162842,1.5549999475479126,1.5499999523162842,1.5549999475479126,4407.0
2025-06-26 13:18:00,NBY,,0.5800999999046326,0.5800999999046326,0.5800999999046326,0.5800999999046326,236.0
2025-06-26 13:18:00,NG,,4.039999961853027,4.039999961853027,4.019899845123291,4.019899845123291,19795.0
2025-06-26 13:18:00,NGD,,4.914999961853027,4.920000076293945,4.909999847412109,4.914999961853027,39892.0
2025-06-26 13:18:00,NHS,,7.499100208282471,7.499100208282471,7.499100208282471,7.499100208282471,728.0
2025-06-26 13:18:00,NNVC,,1.2129000425338745,1.2129000425338745,1.2129000425338745,1.2129000425338745,2000.0
2025-06-26 13:18:00,OBE,,5.539999961853027,5.539999961853027,5.539999961853027,5.539999961853027,546.0
2025-06-26 13:18:00,OPTT,,0.5170999765396118,0.5175449848175049,0.5170999765396118,0.5175449848175049,4042.0
2025-06-26 13:18:00,ORLA,,9.994999885559082,9.994999885559082,9.994999885559082,9.994999885559082,705.0
2025-06-26 13:18:00,OSTX,,1.8799999952316284,1.8799999952316284,1.8799999952316284,1.8799999952316284,325.0
2025-06-26 13:18:00,PLG,,1.6349999904632568,1.6399999856948853,1.6349999904632568,1.6349999904632568,1252.0
2025-06-26 13:18:00,PLMR,,150.8175048828125,150.8175048828125,150.8175048828125,150.8175048828125,270.0
2025-06-26 13:18:00,PLX,,1.465000033378601,1.465000033378601,1.465000033378601,1.465000033378601,100.0
2025-06-26 13:18:00,PZG,,0.6067190170288086,0.6067190170288086,0.593999981880188,0.593999981880188,1073.0
2025-06-26 13:18:00,REI,,0.770799994468689,0.7739999890327454,0.770799994468689,0.7739999890327454,7630.0
2025-06-26 13:18:00,SBEV,,3.9000000953674316,3.9100000858306885,3.859999895095825,3.9100000858306885,3829.0
2025-06-26 13:18:00,SENS,,0.5008000135421753,0.5008999705314636,0.5008000135421753,0.5008000135421753,6503.0
2025-06-26 13:18:00,SGN,,1.090000033378601,1.090000033378601,1.0801000595092773,1.0801000595092773,1834.0
2025-06-26 13:18:00,SKYH,,9.569999694824219,9.569999694824219,9.569999694824219,9.569999694824219,107.0
2025-06-26 13:18:00,SLI,,1.929900050163269,1.929900050163269,1.9199999570846558,1.9206000566482544,2113.0
2025-06-26 13:18:00,SOAR,,1.3949999809265137,1.409999966621399,1.3899999856948853,1.409999966621399,42936.0
2025-06-26 13:18:00,SVM,,4.195000171661377,4.196400165557861,4.179999828338623,4.189899921417236,58699.0
2025-06-26 13:18:00,SVT,,46.900001525878906,46.900001525878906,46.900001525878906,46.900001525878906,401.0
2025-06-26 13:18:00,TGB,,3.159899950027466,3.159899950027466,3.1500000953674316,3.151099920272827,10338.0
2025-06-26 13:18:00,TMQ,,1.4709999561309814,1.475000023841858,1.4701000452041626,1.475000023841858,27476.0
2025-06-26 13:18:00,TPET,,1.1899000406265259,1.1899000406265259,1.1899000406265259,1.1899000406265259,142.0
2025-06-26 13:18:00,UAMY,,2.585200071334839,2.585200071334839,2.5799999237060547,2.5799999237060547,1747.0
2025-06-26 13:18:00,UAVS,,1.0946999788284302,1.0950000286102295,1.0946999788284302,1.0950000286102295,2045.0
2025-06-26 13:18:00,UEC,,6.909999847412109,6.929999828338623,6.909999847412109,6.929999828338623,11690.0
2025-06-26 13:18:00,URG,,1.0399999618530273,1.0399999618530273,1.034999966621399,1.0399999618530273,26889.0
2025-06-26 13:18:00,UTG,,35.529998779296875,35.529998779296875,35.529998779296875,35.529998779296875,2051.0
2025-06-26 13:18:00,UUUU,,5.9079999923706055,5.918099880218506,5.90500020980835,5.914999961853027,14593.0
2025-06-26 13:18:00,VZLA,,2.994999885559082,2.9999001026153564,2.994999885559082,2.9999001026153564,4778.0
2025-06-26 13:19:00,ARMN,,6.855000019073486,6.855000019073486,6.849999904632568,6.849999904632568,206.0
2025-06-26 13:19:00,ASM,,3.5332999229431152,3.5352001190185547,3.5332999229431152,3.5352001190185547,789.0
2025-06-26 13:19:00,ATNM,,1.5500999689102173,1.5500999689102173,1.5500999689102173,1.5500999689102173,905.0
2025-06-26 13:19:00,BRBS,,3.2699999809265137,3.2750000953674316,3.2699999809265137,3.2699999809265137,528.0
2025-06-26 13:19:00,BTG,,3.640000104904175,3.648900032043457,3.640000104904175,3.640000104904175,53005.0
2025-06-26 13:19:00,BURU,,0.33149999380111694,0.33149999380111694,0.33000001311302185,0.33000001311302185,3875.0
2025-06-26 13:19:00,CATX,,3.690000057220459,3.690000057220459,3.690000057220459,3.690000057220459,145.0
2025-06-26 13:19:00,CBOE,,228.41639709472656,228.41639709472656,228.41639709472656,228.41639709472656,705.0
2025-06-26 13:19:00,CIK,,2.940000057220459,2.940000057220459,2.940000057220459,2.940000057220459,100.0
2025-06-26 13:19:00,CLM,,7.942599773406982,7.945000171661377,7.942599773406982,7.945000171661377,229.0
2025-06-26 13:19:00,CPHI,,1.801200032234192,1.801200032234192,1.801200032234192,1.801200032234192,200.0
2025-06-26 13:19:00,CQP,,55.81999969482422,55.875,55.81999969482422,55.81999969482422,507.0
2025-06-26 13:19:00,CTM,,1.0440000295639038,1.0499999523162842,1.0440000295639038,1.0499999523162842,1174.0
2025-06-26 13:19:00,DNN,,1.8200000524520874,1.8200000524520874,1.8104000091552734,1.8200000524520874,60590.0
2025-06-26 13:19:00,EIM,,9.545000076293945,9.555000305175781,9.545000076293945,9.550000190734863,1444.0
2025-06-26 13:19:00,ELMD,,21.389999389648438,21.389999389648438,21.389999389648438,21.389999389648438,205.0
2025-06-26 13:19:00,EMX,,2.565000057220459,2.565000057220459,2.565000057220459,2.565000057220459,2008.0
2025-06-26 13:19:00,EQX,,5.969900131225586,5.980000019073486,5.960000038146973,5.965000152587891,116569.0
2025-06-26 13:19:00,EVM,,8.84000015258789,8.84000015258789,8.84000015258789,8.84000015258789,100.0
2025-06-26 13:19:00,FOXO,,0.20000000298023224,0.20000000298023224,0.20000000298023224,0.20000000298023224,1096.0
2025-06-26 13:19:00,FTF,,6.389999866485596,6.389999866485596,6.389999866485596,6.389999866485596,100.0
2025-06-26 13:19:00,FURY,,0.4885999858379364,0.4885999858379364,0.4885999858379364,0.4885999858379364,100.0
2025-06-26 13:19:00,GGN,,4.385000228881836,4.385000228881836,4.380000114440918,4.380000114440918,14800.0
2025-06-26 13:19:00,GLDG,,0.7462000250816345,0.7462000250816345,0.7462000250816345,0.7462000250816345,1130.0
2025-06-26 13:19:00,GNS,,0.9711999893188477,0.978600025177002,0.9700000286102295,0.9700999855995178,30347.0
2025-06-26 13:19:00,GORO,,0.5551000237464905,0.5551000237464905,0.5551000237464905,0.5551000237464905,200.0
2025-06-26 13:19:00,GROY,,2.2950000762939453,2.2950000762939453,2.2950000762939453,2.2950000762939453,141.0
2025-06-26 13:19:00,HNW,,12.368300437927246,12.368300437927246,12.350000381469727,12.350000381469727,2700.0
2025-06-26 13:19:00,HUSA,,13.390000343322754,13.390000343322754,13.390000343322754,13.390000343322754,309.0
2025-06-26 13:19:00,IBO,,1.0,1.0,1.0,1.0,181.0
2025-06-26 13:19:00,IE,,9.880000114440918,9.880000114440918,9.880000114440918,9.880000114440918,328.0
2025-06-26 13:19:00,IGC,,0.30869999527931213,0.30869999527931213,0.30869999527931213,0.30869999527931213,395.0
2025-06-26 13:19:00,INDO,,3.1800999641418457,3.180999994277954,3.180000066757202,3.180999994277954,3500.0
2025-06-26 13:19:00,ITRG,,1.5299999713897705,1.5299999713897705,1.5299999713897705,1.5299999713897705,400.0
2025-06-26 13:19:00,KULR,,5.10860013961792,5.110000133514404,5.105000019073486,5.105000019073486,4755.0
2025-06-26 13:19:00,LCTX,,1.0,1.0049999952316284,1.0,1.0,3207.0
2025-06-26 13:19:00,LEU,,175.86500549316406,177.3000030517578,175.14999389648438,177.09500122070312,21278.0
2025-06-26 13:19:00,LMND,,42.20000076293945,42.220001220703125,42.15999984741211,42.1870002746582,4761.0
2025-06-26 13:19:00,LNG,,241.80999755859375,241.80999755859375,241.6999969482422,241.6999969482422,1445.0
2025-06-26 13:19:00,LODE,,3.7699999809265137,3.7699999809265137,3.7699999809265137,3.7699999809265137,172.0
2025-06-26 13:19:00,MAG,,21.40999984741211,21.42300033569336,21.40999984741211,21.42300033569336,1585.0
2025-06-26 13:19:00,MRT,,2.8835999965667725,2.8835999965667725,2.8835999965667725,2.8835999965667725,501.0
2025-06-26 13:19:00,MYO,,2.2200000286102295,2.2200000286102295,2.2200000286102295,2.2200000286102295,172.0
2025-06-26 13:19:00,NAK,,1.5549999475479126,1.5549999475479126,1.5549999475479126,1.5549999475479126,409.0
2025-06-26 13:19:00,NBH,,9.795000076293945,9.795000076293945,9.795000076293945,9.795000076293945,100.0
2025-06-26 13:19:00,NG,,4.039999961853027,4.039999961853027,4.034999847412109,4.039999961853027,9117.0
2025-06-26 13:19:00,NGD,,4.920000076293945,4.920000076293945,4.909999847412109,4.920000076293945,20968.0
2025-06-26 13:19:00,NRXS,,2.559999942779541,2.559999942779541,2.559999942779541,2.559999942779541,489.0
2025-06-26 13:19:00,OBE,,5.539999961853027,5.539999961853027,5.539999961853027,5.539999961853027,2408.0
2025-06-26 13:19:00,OPTT,,0.5170000195503235,0.517300009727478,0.5170000195503235,0.517300009727478,5929.0
2025-06-26 13:19:00,ORLA,,10.010000228881836,10.010000228881836,10.0,10.0,1569.0
2025-06-26 13:19:00,PLG,,1.6349999904632568,1.6399999856948853,1.6349999904632568,1.6399999856948853,21020.0
2025-06-26 13:19:00,PLMR,,150.88499450683594,150.88999938964844,150.88499450683594,150.88499450683594,2494.0
2025-06-26 13:19:00,PLX,,1.465000033378601,1.465000033378601,1.465000033378601,1.465000033378601,511.0
2025-06-26 13:19:00,PZG,,0.6048849821090698,0.6048849821090698,0.6048849821090698,0.6048849821090698,379.0
2025-06-26 13:19:00,REI,,0.7700999975204468,0.7716000080108643,0.7699999809265137,0.770799994468689,14340.0
2025-06-26 13:19:00,RLGT,,6.009699821472168,6.009699821472168,6.009699821472168,6.009699821472168,242.0
2025-06-26 13:19:00,SATX,,2.950000047683716,2.950000047683716,2.950000047683716,2.950000047683716,213.0
2025-06-26 13:19:00,SBEV,,3.930000066757202,3.930000066757202,3.9000000953674316,3.930000066757202,2785.0
2025-06-26 13:19:00,SEB,,2960.0,2961.5,2960.0,2961.5,2.0
2025-06-26 13:19:00,SENS,,0.5008500218391418,0.5008500218391418,0.5008500218391418,0.5008500218391418,206.0
2025-06-26 13:19:00,SGN,,1.090000033378601,1.090000033378601,1.090000033378601,1.090000033378601,2071.0
2025-06-26 13:19:00,SKYH,,9.550000190734863,9.550000190734863,9.550000190734863,9.550000190734863,308.0
2025-06-26 13:19:00,SOAR,,1.399999976158142,1.399999976158142,1.3949999809265137,1.399999976158142,5423.0
2025-06-26 13:19:00,SVM,,4.195000171661377,4.195000171661377,4.195000171661377,4.195000171661377,1726.0
2025-06-26 13:19:00,TGB,,3.1500000953674316,3.159899950027466,3.140000104904175,3.1549999713897705,340199.0
2025-06-26 13:19:00,TMQ,,1.475000023841858,1.475000023841858,1.475000023841858,1.475000023841858,2037.0
2025-06-26 13:19:00,TPET,,1.1799999475479126,1.1799999475479126,1.1799999475479126,1.1799999475479126,358528.0
2025-06-26 13:19:00,UAMY,,2.5799999237060547,2.584700107574463,2.5799999237060547,2.5799999237060547,957.0
2025-06-26 13:19:00,UAVS,,1.0950000286102295,1.0950000286102295,1.0950000286102295,1.0950000286102295,1400.0
2025-06-26 13:19:00,UEC,,6.914999961853027,6.914999961853027,6.909999847412109,6.911799907684326,5981.0
2025-06-26 13:19:00,URG,,1.0399999618530273,1.0499999523162842,1.0399999618530273,1.0449999570846558,10622.0
2025-06-26 13:19:00,UUUU,,5.905300140380859,5.909999847412109,5.900000095367432,5.904900074005127,12171.0
2025-06-26 13:19:00,VNRX,,0.8199999928474426,0.8199999928474426,0.8199999928474426,0.8199999928474426,1049.0
2025-06-26 13:19:00,VZLA,,2.994999885559082,2.9999001026153564,2.994999885559082,2.9999001026153564,4501.0
2025-06-26 13:19:00,WYY,,3.3499999046325684,3.3499999046325684,3.3499999046325684,3.3499999046325684,166.0
2025-06-26 13:19:00,ZDGE,,4.0,4.006999969482422,4.0,4.006999969482422,300.0
2025-06-26 13:20:00,AEON,,0.7680000066757202,0.7680000066757202,0.7680000066757202,0.7680000066757202,100.0
2025-06-26 13:20:00,AREN,,5.679999828338623,5.679999828338623,5.679999828338623,5.679999828338623,100.0
2025-06-26 13:20:00,ARMN,,6.855000019073486,6.860000133514404,6.855000019073486,6.855000019073486,1914.0
2025-06-26 13:20:00,ARMP,,1.9421000480651855,1.9421000480651855,1.9421000480651855,1.9421000480651855,679.0
2025-06-26 13:20:00,ASM,,3.5499000549316406,3.5499000549316406,3.5367000102996826,3.5367000102996826,14783.0
2025-06-26 13:20:00,AZTR,,0.25859999656677246,0.2590999901294708,0.25859999656677246,0.2590999901294708,500.0
2025-06-26 13:20:00,BHB,,29.55500030517578,29.55500030517578,29.55500030517578,29.55500030517578,318.0
2025-06-26 13:20:00,BRBS,,3.2799999713897705,3.2799999713897705,3.2799999713897705,3.2799999713897705,108.0
2025-06-26 13:20:00,BTG,,3.6449999809265137,3.6500000953674316,3.640000104904175,3.640000104904175,120315.0
2025-06-26 13:20:00,BURU,,0.33149999380111694,0.33149999380111694,0.3307499885559082,0.33149999380111694,7714.0
2025-06-26 13:20:00,CEF,,30.420000076293945,30.420000076293945,30.420000076293945,30.420000076293945,1103.0
2025-06-26 13:20:00,CIK,,2.940000057220459,2.940000057220459,2.940000057220459,2.940000057220459,334.0
2025-06-26 13:20:00,CLM,,7.942599773406982,7.949999809265137,7.942599773406982,7.949999809265137,481.0
2025-06-26 13:20:00,CQP,,55.875,55.875,55.875,55.875,200.0
2025-06-26 13:20:00,CTM,,1.0449999570846558,1.0497000217437744,1.0449999570846558,1.0449999570846558,1341.0
2025-06-26 13:20:00,CVM,,2.4147000312805176,2.4147000312805176,2.4147000312805176,2.4147000312805176,100.0
2025-06-26 13:20:00,DC,,3.805000066757202,3.805000066757202,3.805000066757202,3.805000066757202,136.0
2025-06-26 13:20:00,DNN,,1.8200000524520874,1.8200000524520874,1.809999942779541,1.8200000524520874,214539.0
2025-06-26 13:20:00,EAD,,6.980899810791016,6.980899810791016,6.980899810791016,6.980899810791016,3502.0
2025-06-26 13:20:00,EIM,,9.546500205993652,9.546500205993652,9.546500205993652,9.546500205993652,1745.0
2025-06-26 13:20:00,EQX,,5.965000152587891,5.96999979019165,5.960000038146973,5.965000152587891,28017.0
2025-06-26 13:20:00,FURY,,0.4805000126361847,0.4805000126361847,0.4805000126361847,0.4805000126361847,514.0
2025-06-26 13:20:00,GAU,,1.2899999618530273,1.2899999618530273,1.2899999618530273,1.2899999618530273,458.0
2025-06-26 13:20:00,GGN,,4.385000228881836,4.385000228881836,4.385000228881836,4.385000228881836,1000.0
2025-06-26 13:20:00,GNS,,0.9746999740600586,0.9837030172348022,0.9735000133514404,0.9735000133514404,60355.0
2025-06-26 13:20:00,GORO,,0.5562000274658203,0.5562000274658203,0.5562000274658203,0.5562000274658203,343.0
2025-06-26 13:20:00,GROY,,2.2950000762939453,2.299999952316284,2.2950000762939453,2.299999952316284,254.0
2025-06-26 13:20:00,GSAT,,23.344999313354492,23.350000381469727,23.344999313354492,23.350000381469727,1638.0
2025-06-26 13:20:00,HNW,,12.368300437927246,12.368300437927246,12.357000350952148,12.357000350952148,3600.0
2025-06-26 13:20:00,HUSA,,13.289999961853027,13.289999961853027,13.289999961853027,13.289999961853027,520.0
2025-06-26 13:20:00,IBO,,1.0099999904632568,1.0099999904632568,1.0049999952316284,1.0080000162124634,2046.0
2025-06-26 13:20:00,IDR,,13.168600082397461,13.168600082397461,13.168600082397461,13.168600082397461,254.0
2025-06-26 13:20:00,IE,,9.854999542236328,9.869999885559082,9.854999542236328,9.869999885559082,2166.0
2025-06-26 13:20:00,IMO,,81.18000030517578,81.18000030517578,81.16999816894531,81.16999816894531,688.0
2025-06-26 13:20:00,INDO,,3.109999895095825,3.1772000789642334,3.0999999046325684,3.109999895095825,23391.0
2025-06-26 13:20:00,JOB,,0.20469999313354492,0.20469999313354492,0.20469999313354492,0.20469999313354492,191.0
2025-06-26 13:20:00,KNW,,1.9801000356674194,1.9801000356674194,1.9801000356674194,1.9801000356674194,1023.0
2025-06-26 13:20:00,KULR,,5.105000019073486,5.106299877166748,5.100100040435791,5.105000019073486,3066.0
2025-06-26 13:20:00,LCTX,,1.0,1.0099999904632568,1.0,1.0,6677.0
2025-06-26 13:20:00,LEU,,176.14500427246094,176.5,175.35009765625,176.0800018310547,5411.0
2025-06-26 13:20:00,LMND,,42.189998626708984,42.223899841308594,42.189998626708984,42.223899841308594,814.0
2025-06-26 13:20:00,LNG,,241.8800048828125,241.9499969482422,241.8800048828125,241.92999267578125,1298.0
2025-06-26 13:20:00,MAG,,21.440000534057617,21.44499969482422,21.424999237060547,21.424999237060547,4579.0
2025-06-26 13:20:00,MPTI,,41.029998779296875,41.029998779296875,41.029998779296875,41.029998779296875,881.0
2025-06-26 13:20:00,MTA,,3.884999990463257,3.890000104904175,3.884999990463257,3.884999990463257,8661.0
2025-06-26 13:20:00,MTNB,,0.9399999976158142,0.9401000142097473,0.9399999976158142,0.9401000142097473,707.0
2025-06-26 13:20:00,MYO,,2.2200000286102295,2.2200000286102295,2.2200000286102295,2.2200000286102295,245.0
2025-06-26 13:20:00,NAK,,1.559000015258789,1.559000015258789,1.5556999444961548,1.5556999444961548,1100.0
2025-06-26 13:20:00,NBY,,0.5849999785423279,0.5849999785423279,0.5849999785423279,0.5849999785423279,2616.0
2025-06-26 13:20:00,NG,,4.085000038146973,4.090000152587891,4.0391998291015625,4.0391998291015625,78574.0
2025-06-26 13:20:00,NGD,,4.925000190734863,4.929900169372559,4.909999847412109,4.909999847412109,134549.0
2025-06-26 13:20:00,OBE,,5.53000020980835,5.53000020980835,5.53000020980835,5.53000020980835,129.0
2025-06-26 13:20:00,OPTT,,0.5160999894142151,0.5160999894142151,0.5160999894142151,0.5160999894142151,100.0
2025-06-26 13:20:00,ORLA,,10.005000114440918,10.005000114440918,10.0,10.0,1057.0
2025-06-26 13:20:00,OSTX,,1.8799999952316284,1.8899999856948853,1.8700000047683716,1.8899999856948853,18501.0
2025-06-26 13:20:00,PLG,,1.6398999691009521,1.6398999691009521,1.6398999691009521,1.6398999691009521,4010.0
2025-06-26 13:20:00,REI,,0.7700999975204468,0.7712000012397766,0.7700999975204468,0.7700999975204468,7225.0
2025-06-26 13:20:00,RLGT,,6.005000114440918,6.005000114440918,6.005000114440918,6.005000114440918,383.0
2025-06-26 13:20:00,SATX,,2.950000047683716,2.950000047683716,2.950000047683716,2.950000047683716,108.0
2025-06-26 13:20:00,SBEV,,3.9100000858306885,3.950000047683716,3.880000114440918,3.950000047683716,9566.0
2025-06-26 13:20:00,SEB,,2955.050048828125,2955.050048828125,2955.050048828125,2955.050048828125,1.0
2025-06-26 13:20:00,SENS,,0.5008999705314636,0.5008999705314636,0.5008000135421753,0.5008999705314636,1966.0
2025-06-26 13:20:00,SLI,,1.9249999523162842,1.9285000562667847,1.9199999570846558,1.9199999570846558,2795.0
2025-06-26 13:20:00,STXS,,2.234999895095825,2.234999895095825,2.234999895095825,2.234999895095825,330.0
2025-06-26 13:20:00,SVM,,4.195000171661377,4.195000171661377,4.195000171661377,4.195000171661377,103.0
2025-06-26 13:20:00,TGB,,3.159899950027466,3.159899950027466,3.1500000953674316,3.1549999713897705,501.0
2025-06-26 13:20:00,THM,,0.8891000151634216,0.8891000151634216,0.8891000151634216,0.8891000151634216,1000.0
2025-06-26 13:20:00,TOVX,,0.43320000171661377,0.43320000171661377,0.43160000443458557,0.43320000171661377,1930.0
2025-06-26 13:20:00,UAMY,,2.5899999141693115,2.5899999141693115,2.5799999237060547,2.5799999237060547,13054.0
2025-06-26 13:20:00,UAVS,,1.100000023841858,1.100000023841858,1.0950000286102295,1.0950000286102295,6220.0
2025-06-26 13:20:00,UEC,,6.914700031280518,6.914999961853027,6.909999847412109,6.914999961853027,4612.0
2025-06-26 13:20:00,URG,,1.0463999509811401,1.0463999509811401,1.0399999618530273,1.0399999618530273,3501.0
2025-06-26 13:20:00,USAS,,0.8389000296592712,0.8389000296592712,0.8341000080108643,0.8356999754905701,3428.0
2025-06-26 13:20:00,UTG,,35.52000045776367,35.52000045776367,35.5099983215332,35.5099983215332,386.0
2025-06-26 13:20:00,UUUU,,5.909999847412109,5.909999847412109,5.901199817657471,5.909900188446045,15301.0
2025-06-26 13:20:00,VZLA,,2.994999885559082,3.0,2.990999937057495,2.994999885559082,22301.0
2025-06-26 13:20:00,ZDGE,,4.010000228881836,4.010000228881836,4.0,4.0,600.0
2025-06-26 13:21:00,AEON,,0.7649999856948853,0.7649999856948853,0.7649999856948853,0.7649999856948853,164.0
2025-06-26 13:21:00,AREN,,5.75,5.75,5.75,5.75,100.0
2025-06-26 13:21:00,ARMN,,6.855000019073486,6.855000019073486,6.855000019073486,6.855000019073486,491.0
2025-06-26 13:21:00,ASM,,3.5450000762939453,3.5450000762939453,3.5450000762939453,3.5450000762939453,2961860.0
2025-06-26 13:21:00,ATNM,,1.559999942779541,1.559999942779541,1.559999942779541,1.559999942779541,100.0
2025-06-26 13:21:00,AZTR,,0.25870099663734436,0.2590999901294708,0.25870001316070557,0.25870001316070557,3281.0
2025-06-26 13:21:00,BHB,,29.59000015258789,29.59000015258789,29.59000015258789,29.59000015258789,517.0
2025-06-26 13:21:00,BRBS,,3.2699999809265137,3.2699999809265137,3.2699999809265137,3.2699999809265137,204.0
2025-06-26 13:21:00,BTG,,3.6449999809265137,3.64520001411438,3.6449999809265137,3.6449999809265137,14555.0
2025-06-26 13:21:00,BURU,,0.33009999990463257,0.33009999990463257,0.33009999990463257,0.33009999990463257,128.0
2025-06-26 13:21:00,CATX,,3.690000057220459,3.708699941635132,3.690000057220459,3.708699941635132,1504.0
2025-06-26 13:21:00,CBOE,,228.53500366210938,228.53500366210938,228.53500366210938,228.53500366210938,859.0
2025-06-26 13:21:00,CIK,,2.940000057220459,2.940000057220459,2.940000057220459,2.940000057220459,200.0
2025-06-26 13:21:00,CLDI,,0.22939999401569366,0.22939999401569366,0.2290000021457672,0.22939999401569366,10501.0
2025-06-26 13:21:00,CLM,,7.949999809265137,7.949999809265137,7.940000057220459,7.940100193023682,2300.0
2025-06-26 13:21:00,CPHI,,1.7999999523162842,1.7999999523162842,1.7999999523162842,1.7999999523162842,700.0
2025-06-26 13:21:00,CQP,,55.875,55.875,55.875,55.875,241.0
2025-06-26 13:21:00,CTM,,1.0400999784469604,1.0449999570846558,1.0400999784469604,1.0449999570846558,10105.0
2025-06-26 13:21:00,DNN,,1.819599986076355,1.8200000524520874,1.809999942779541,1.815000057220459,269849.0
2025-06-26 13:21:00,EMX,,2.565000057220459,2.565000057220459,2.565000057220459,2.565000057220459,1149.0
2025-06-26 13:21:00,ENX,,9.199999809265137,9.199999809265137,9.1899995803833,9.199999809265137,13243.0
2025-06-26 13:21:00,EQX,,5.96999979019165,5.96999979019165,5.960000038146973,5.965000152587891,4453.0
2025-06-26 13:21:00,FSP,,1.684999942779541,1.684999942779541,1.684999942779541,1.684999942779541,1417.0
2025-06-26 13:21:00,GAU,,1.2899999618530273,1.2899999618530273,1.2899999618530273,1.2899999618530273,1700.0
2025-06-26 13:21:00,GGN,,4.380000114440918,4.385200023651123,4.380000114440918,4.385200023651123,428.0
2025-06-26 13:21:00,GNS,,0.9825000166893005,0.9850000143051147,0.9747999906539917,0.9749000072479248,33080.0
2025-06-26 13:21:00,GROY,,2.299999952316284,2.299999952316284,2.2950000762939453,2.2950000762939453,1209.0
2025-06-26 13:21:00,GSAT,,23.354999542236328,23.354999542236328,23.354999542236328,23.354999542236328,495.0
2025-06-26 13:21:00,GTE,,5.070000171661377,5.070000171661377,5.070000171661377,5.070000171661377,324.0
2025-06-26 13:21:00,HUSA,,13.380000114440918,13.380000114440918,13.369999885559082,13.369999885559082,378.0
2025-06-26 13:21:00,IBO,,1.0049999952316284,1.0099999904632568,1.0,1.0049999952316284,4404.0
2025-06-26 13:21:00,IE,,9.864999771118164,9.864999771118164,9.864999771118164,9.864999771118164,190.0
2025-06-26 13:21:00,INDO,,3.125,3.125,3.109999895095825,3.109999895095825,873.0
2025-06-26 13:21:00,ITP,,0.18709999322891235,0.18709999322891235,0.18709999322891235,0.18709999322891235,1860.0
2025-06-26 13:21:00,ITRG,,1.534999966621399,1.534999966621399,1.5311000347137451,1.5311000347137451,8206.0
2025-06-26 13:21:00,KNW,,1.9850000143051147,1.9850000143051147,1.9802000522613525,1.9850000143051147,868.0
2025-06-26 13:21:00,KULR,,5.119999885559082,5.119999885559082,5.105000019073486,5.109899997711182,4606.0
2025-06-26 13:21:00,LCTX,,1.0,1.0,1.0,1.0,1505.0
2025-06-26 13:21:00,LEU,,176.0500030517578,176.39999389648438,175.44009399414062,176.14500427246094,3632.0
2025-06-26 13:21:00,LMND,,42.187599182128906,42.2400016784668,42.187599182128906,42.209999084472656,3388.0
2025-06-26 13:21:00,LNG,,241.88499450683594,241.88499450683594,241.88499450683594,241.88499450683594,494.0
2025-06-26 13:21:00,NAK,,1.5549999475479126,1.5549999475479126,1.5549999475479126,1.5549999475479126,164.0
2025-06-26 13:21:00,NBH,,9.800000190734863,9.800000190734863,9.795000076293945,9.800000190734863,1132.0
2025-06-26 13:21:00,NFGC,,1.4758000373840332,1.4758000373840332,1.4700000286102295,1.475000023841858,3186.0
2025-06-26 13:21:00,NG,,4.085000038146973,4.090000152587891,4.085000038146973,4.090000152587891,5205.0
2025-06-26 13:21:00,NGD,,4.920000076293945,4.925300121307373,4.920000076293945,4.925000190734863,67099.0
2025-06-26 13:21:00,NNVC,,1.2337000370025635,1.2337000370025635,1.225000023841858,1.2324999570846558,2957.0
2025-06-26 13:21:00,NRXS,,2.5399999618530273,2.549999952316284,2.5399999618530273,2.549999952316284,4000.0
2025-06-26 13:21:00,OPTT,,0.5163000226020813,0.5163000226020813,0.5160999894142151,0.5160999894142151,4455.0
2025-06-26 13:21:00,ORLA,,10.010000228881836,10.010000228881836,10.010000228881836,10.010000228881836,385.0
2025-06-26 13:21:00,PLG,,1.6449999809265137,1.649999976158142,1.6399999856948853,1.6399999856948853,19042.0
2025-06-26 13:21:00,PLX,,1.465000033378601,1.465000033378601,1.465000033378601,1.465000033378601,503.0
2025-06-26 13:21:00,PRK,,166.19000244140625,166.19000244140625,166.19000244140625,166.19000244140625,180.0
2025-06-26 13:21:00,REI,,0.7700999975204468,0.7712000012397766,0.7700999975204468,0.7700999975204468,2058.0
2025-06-26 13:21:00,RLGT,,6.010000228881836,6.010000228881836,6.010000228881836,6.010000228881836,531.0
2025-06-26 13:21:00,SBEV,,3.9000000953674316,3.9100000858306885,3.890000104904175,3.9100000858306885,1647.0
2025-06-26 13:21:00,SEB,,2955.300048828125,2965.75,2955.300048828125,2961.5,4.0
2025-06-26 13:21:00,SENS,,0.5008999705314636,0.5008999705314636,0.5008000135421753,0.5008999705314636,4928.0
2025-06-26 13:21:00,SGN,,1.0809999704360962,1.0809999704360962,1.0809999704360962,1.0809999704360962,330.0
2025-06-26 13:21:00,SKYH,,9.579999923706055,9.579999923706055,9.579999923706055,9.579999923706055,291.0
2025-06-26 13:21:00,SLI,,1.9199999570846558,1.9280999898910522,1.9199999570846558,1.9199999570846558,4494.0
2025-06-26 13:21:00,STRW,,10.765000343322754,10.765000343322754,10.765000343322754,10.765000343322754,471.0
2025-06-26 13:21:00,STXS,,2.240000009536743,2.240000009536743,2.240000009536743,2.240000009536743,103.0
2025-06-26 13:21:00,SVM,,4.195000171661377,4.195000171661377,4.195000171661377,4.195000171661377,310.0
2025-06-26 13:21:00,SVT,,46.900001525878906,46.900001525878906,46.900001525878906,46.900001525878906,400.0
2025-06-26 13:21:00,TGB,,3.1505000591278076,3.1549999713897705,3.1500000953674316,3.1500000953674316,10112.0
2025-06-26 13:21:00,THM,,0.8862000107765198,0.8862000107765198,0.8862000107765198,0.8862000107765198,300.0
2025-06-26 13:21:00,UAVS,,1.1094000339508057,1.1098999977111816,1.0950000286102295,1.0950000286102295,11973.0
2025-06-26 13:21:00,UEC,,6.881899833679199,6.914999961853027,6.881899833679199,6.909999847412109,106105.0
2025-06-26 13:21:00,URG,,1.0399999618530273,1.0480999946594238,1.0399999618530273,1.0399999618530273,2118.0
2025-06-26 13:21:00,USAS,,0.8388000130653381,0.8389000296592712,0.8385000228881836,0.8389000296592712,2876.0
2025-06-26 13:21:00,UTG,,35.52000045776367,35.52000045776367,35.52000045776367,35.52000045776367,100.0
2025-06-26 13:21:00,UUUU,,5.900000095367432,5.905099868774414,5.890100002288818,5.905099868774414,12771.0
2025-06-26 13:21:00,VGZ,,1.0254000425338745,1.0254000425338745,1.0254000425338745,1.0254000425338745,451.0
2025-06-26 13:21:00,VKI,,8.215299606323242,8.215299606323242,8.199999809265137,8.199999809265137,6086.0
2025-06-26 13:21:00,VZLA,,2.9988999366760254,3.0,2.994999885559082,3.0,21071.0
2025-06-26 13:21:00,WWR,,0.5900999903678894,0.5900999903678894,0.5900999903678894,0.5900999903678894,1851.0
2025-06-26 13:21:00,ZDGE,,4.010000228881836,4.010000228881836,4.010000228881836,4.010000228881836,112.0
2025-06-26 13:22:00,AREN,,5.75,5.75,5.75,5.75,348.0
2025-06-26 13:22:00,ARMN,,6.855000019073486,6.855000019073486,6.855000019073486,6.855000019073486,101.0
2025-06-26 13:22:00,ASM,,3.54259991645813,3.549999952316284,3.54010009765625,3.54010009765625,6453.0
2025-06-26 13:22:00,ATNM,,1.559999942779541,1.559999942779541,1.554900050163269,1.554900050163269,600.0
2025-06-26 13:22:00,BKTI,,55.005001068115234,55.005001068115234,55.005001068115234,55.005001068115234,154.0
2025-06-26 13:22:00,BRBS,,3.2750000953674316,3.2750000953674316,3.2699999809265137,3.2699999809265137,236.0
2025-06-26 13:22:00,BTG,,3.6449999809265137,3.6449999809265137,3.6449999809265137,3.6449999809265137,590.0
2025-06-26 13:22:00,BURU,,0.3317500054836273,0.33180001378059387,0.33009999990463257,0.3301999866962433,3171.0
2025-06-26 13:22:00,CATX,,3.700000047683716,3.700000047683716,3.700000047683716,3.700000047683716,633.0
2025-06-26 13:22:00,CEF,,30.424299240112305,30.424999237060547,30.424299240112305,30.424999237060547,644.0
2025-06-26 13:22:00,CIK,,2.940000057220459,2.940000057220459,2.940000057220459,2.940000057220459,290.0
2025-06-26 13:22:00,CKX,,10.824999809265137,10.824999809265137,10.67870044708252,10.67870044708252,249.0
2025-06-26 13:22:00,CLM,,7.945000171661377,7.945000171661377,7.945000171661377,7.945000171661377,200.0
2025-06-26 13:22:00,CMT,,16.989999771118164,16.989999771118164,16.989999771118164,16.989999771118164,112.0
2025-06-26 13:22:00,CQP,,55.849998474121094,55.875,55.849998474121094,55.875,563.0
2025-06-26 13:22:00,CRF,,7.554999828338623,7.554999828338623,7.554999828338623,7.554999828338623,130.0
2025-06-26 13:22:00,CTM,,1.0496000051498413,1.0499999523162842,1.0496000051498413,1.0499999523162842,1615.0
2025-06-26 13:22:00,CYBN,,8.5649995803833,8.5649995803833,8.5649995803833,8.5649995803833,104.0
2025-06-26 13:22:00,DNN,,1.8100999593734741,1.8200000524520874,1.809999942779541,1.815000057220459,1389732.0
2025-06-26 13:22:00,ELMD,,21.309999465942383,21.360000610351562,21.309999465942383,21.360000610351562,1152.0
2025-06-26 13:22:00,EQX,,5.965000152587891,5.96999979019165,5.960000038146973,5.96999979019165,6560.0
2025-06-26 13:22:00,EVM,,8.84000015258789,8.84000015258789,8.84000015258789,8.84000015258789,100.0
2025-06-26 13:22:00,FSP,,1.684999942779541,1.684999942779541,1.684999942779541,1.684999942779541,425.0
2025-06-26 13:22:00,GAU,,1.2899999618530273,1.2899999618530273,1.2899999618530273,1.2899999618530273,600.0
2025-06-26 13:22:00,GNS,,0.9944999814033508,0.9944999814033508,0.9800000190734863,0.9825000166893005,44917.0
2025-06-26 13:22:00,GROY,,2.2950000762939453,2.2950000762939453,2.2950000762939453,2.2950000762939453,534.0
2025-06-26 13:22:00,HUSA,,13.40999984741211,13.40999984741211,13.390000343322754,13.390000343322754,1275.0
2025-06-26 13:22:00,IBO,,1.0,1.009600043296814,1.0,1.009600043296814,2249.0
2025-06-26 13:22:00,IE,,9.864999771118164,9.864999771118164,9.864999771118164,9.864999771118164,388.0
2025-06-26 13:22:00,IMO,,81.23500061035156,81.23500061035156,81.19999694824219,81.22000122070312,1462.0
2025-06-26 13:22:00,ITP,,0.1873999983072281,0.1873999983072281,0.1873999983072281,0.1873999983072281,124.0
2025-06-26 13:22:00,KNW,,1.989799976348877,1.989799976348877,1.9850000143051147,1.9850000143051147,1859.0
2025-06-26 13:22:00,KULR,,5.110000133514404,5.119999885559082,5.110000133514404,5.119999885559082,1642.0
2025-06-26 13:22:00,LCTX,,1.0,1.0049999952316284,1.0,1.0,3204.0
2025-06-26 13:22:00,LEU,,176.05160522460938,176.08999633789062,176.0460968017578,176.05160522460938,1204.0
2025-06-26 13:22:00,LNG,,241.9250030517578,241.9250030517578,241.9250030517578,241.9250030517578,978.0
2025-06-26 13:22:00,LODE,,3.7774999141693115,3.7774999141693115,3.7774999141693115,3.7774999141693115,225.0
2025-06-26 13:22:00,MAG,,21.426000595092773,21.43000030517578,21.420000076293945,21.43000030517578,2379.0
2025-06-26 13:22:00,MITQ,,0.6899999976158142,0.6899999976158142,0.6899999976158142,0.6899999976158142,114.0
2025-06-26 13:22:00,MYO,,2.2200000286102295,2.2200000286102295,2.2200000286102295,2.2200000286102295,181.0
2025-06-26 13:22:00,NAK,,1.559999942779541,1.559999942779541,1.5499999523162842,1.5580999851226807,2632.0
2025-06-26 13:22:00,NCL,,0.181099995970726,0.181099995970726,0.18109899759292603,0.18109899759292603,21000.0
2025-06-26 13:22:00,NFGC,,1.475000023841858,1.475000023841858,1.475000023841858,1.475000023841858,100.0
2025-06-26 13:22:00,NG,,4.098199844360352,4.099999904632568,4.090000152587891,4.090000152587891,12332.0
2025-06-26 13:22:00,NGD,,4.920000076293945,4.920000076293945,4.909999847412109,4.920000076293945,65787.0
2025-06-26 13:22:00,NML,,8.819999694824219,8.819999694824219,8.819999694824219,8.819999694824219,200.0
2025-06-26 13:22:00,OBE,,5.539999961853027,5.539999961853027,5.53000020980835,5.53000020980835,1025.0
2025-06-26 13:22:00,OPTT,,0.5160999894142151,0.5160999894142151,0.5160999894142151,0.5160999894142151,838.0
2025-06-26 13:22:00,ORLA,,10.0,10.0,10.0,10.0,1004.0
2025-06-26 13:22:00,OSTX,,1.8602999448776245,1.8602999448776245,1.8602999448776245,1.8602999448776245,286.0
2025-06-26 13:22:00,PLG,,1.6449999809265137,1.649999976158142,1.6399999856948853,1.6449999809265137,307146.0
2025-06-26 13:22:00,PLMR,,150.88499450683594,150.88499450683594,150.88499450683594,150.88499450683594,822.0
2025-06-26 13:22:00,PLX,,1.465000033378601,1.465000033378601,1.465000033378601,1.465000033378601,307.0
2025-06-26 13:22:00,PW,,1.1207000017166138,1.1207000017166138,1.100000023841858,1.100000023841858,369.0
2025-06-26 13:22:00,REI,,0.7712000012397766,0.7713000178337097,0.7700999975204468,0.7702000141143799,28373.0
2025-06-26 13:22:00,SATX,,2.950000047683716,2.950000047683716,2.950000047683716,2.950000047683716,235.0
2025-06-26 13:22:00,SBEV,,3.9100000858306885,3.990000009536743,3.850100040435791,3.9000000953674316,17769.0
2025-06-26 13:22:00,SENS,,0.49959999322891235,0.5008999705314636,0.49950000643730164,0.5008999705314636,58731.0
2025-06-26 13:22:00,SGN,,1.090000033378601,1.090000033378601,1.090000033378601,1.090000033378601,245.0
2025-06-26 13:22:00,SLI,,1.934999942779541,1.940000057220459,1.9199999570846558,1.9199999570846558,30703.0
2025-06-26 13:22:00,STXS,,2.234999895095825,2.234999895095825,2.234999895095825,2.234999895095825,156.0
2025-06-26 13:22:00,SVM,,4.195000171661377,4.199999809265137,4.195000171661377,4.195000171661377,523.0
2025-06-26 13:22:00,TGB,,3.151099920272827,3.1600000858306885,3.151099920272827,3.1549999713897705,22723.0
2025-06-26 13:22:00,THM,,0.8862000107765198,0.8862000107765198,0.8862000107765198,0.8862000107765198,200.0
2025-06-26 13:22:00,UAMY,,2.5899999141693115,2.5899999141693115,2.585200071334839,2.5896999835968018,11391.0
2025-06-26 13:22:00,UAVS,,1.1150000095367432,1.1150000095367432,1.1050000190734863,1.1100000143051147,2787.0
2025-06-26 13:22:00,UEC,,6.885000228881836,6.889999866485596,6.882199764251709,6.885000228881836,9046.0
2025-06-26 13:22:00,URG,,1.0399999618530273,1.0449999570846558,1.0399999618530273,1.0399999618530273,2700.0
2025-06-26 13:22:00,USAS,,0.8334000110626221,0.8389000296592712,0.8330000042915344,0.8389000296592712,28097.0
2025-06-26 13:22:00,UUUU,,5.885000228881836,5.889999866485596,5.880000114440918,5.889999866485596,34904.0
2025-06-26 13:22:00,VKI,,8.21500015258789,8.220000267028809,8.21500015258789,8.220000267028809,210.0
2025-06-26 13:22:00,VZLA,,2.996999979019165,3.0,2.994999885559082,2.994999885559082,68053.0
2025-06-26 13:23:00,AEON,,0.7649999856948853,0.7649999856948853,0.7646999955177307,0.7646999955177307,325.0
2025-06-26 13:23:00,ARMN,,6.849999904632568,6.855000019073486,6.849999904632568,6.855000019073486,597.0
2025-06-26 13:23:00,ASM,,3.5530290603637695,3.5548999309539795,3.5399999618530273,3.5399999618530273,43798.0
2025-06-26 13:23:00,ATNM,,1.5500999689102173,1.559999942779541,1.5500999689102173,1.559999942779541,1431.0
2025-06-26 13:23:00,BHB,,29.549999237060547,29.549999237060547,29.549999237060547,29.549999237060547,149.0
2025-06-26 13:23:00,BRBS,,3.2699999809265137,3.2750000953674316,3.2699999809265137,3.2750000953674316,355.0
2025-06-26 13:23:00,BTG,,3.6449999809265137,3.6449999809265137,3.640000104904175,3.6445999145507812,20445.0
2025-06-26 13:23:00,BURU,,0.33180001378059387,0.33180001378059387,0.33180001378059387,0.33180001378059387,355.0
2025-06-26 13:23:00,CANF,,1.059999942779541,1.059999942779541,1.059999942779541,1.059999942779541,1083.0
2025-06-26 13:23:00,CATX,,3.7149999141693115,3.7149999141693115,3.7066969871520996,3.7066969871520996,7883.0
2025-06-26 13:23:00,CCEL,,5.482999801635742,5.482999801635742,5.482999801635742,5.482999801635742,305.0
2025-06-26 13:23:00,CEF,,30.43000030517578,30.434999465942383,30.43000030517578,30.43000030517578,6477.0
2025-06-26 13:23:00,CET,,47.59000015258789,47.59000015258789,47.480098724365234,47.480098724365234,682.0
2025-06-26 13:23:00,CLDI,,0.22939999401569366,0.22939999401569366,0.22930000722408295,0.22930000722408295,30642.0
2025-06-26 13:23:00,CLM,,7.942599773406982,7.945000171661377,7.942599773406982,7.945000171661377,7902.0
2025-06-26 13:23:00,CMT,,17.020000457763672,17.020000457763672,17.020000457763672,17.020000457763672,272.0
2025-06-26 13:23:00,CPHI,,1.8200000524520874,1.8200000524520874,1.8200000524520874,1.8200000524520874,540.0
2025-06-26 13:23:00,CQP,,55.880001068115234,55.880001068115234,55.880001068115234,55.880001068115234,550.0
2025-06-26 13:23:00,CRF,,7.554999828338623,7.554999828338623,7.554999828338623,7.554999828338623,150.0
2025-06-26 13:23:00,CTGO,,20.7549991607666,20.799999237060547,20.7549991607666,20.799999237060547,870.0
2025-06-26 13:23:00,CTM,,1.0449999570846558,1.0449999570846558,1.0449999570846558,1.0449999570846558,130.0
2025-06-26 13:23:00,CYBN,,8.539999961853027,8.5649995803833,8.539999961853027,8.5649995803833,2232.0
2025-06-26 13:23:00,DC,,3.809999942779541,3.809999942779541,3.805000066757202,3.805000066757202,1378.0
2025-06-26 13:23:00,DHY,,2.1050000190734863,2.1050000190734863,2.1050000190734863,2.1050000190734863,448.0
2025-06-26 13:23:00,DNN,,1.815000057220459,1.8187999725341797,1.809999942779541,1.809999942779541,341311.0
2025-06-26 13:23:00,ELMD,,21.309999465942383,21.309999465942383,21.309999465942383,21.309999465942383,1000.0
2025-06-26 13:23:00,EPM,,4.760000228881836,4.760000228881836,4.760000228881836,4.760000228881836,202.0
2025-06-26 13:23:00,EQX,,5.965000152587891,5.96999979019165,5.960999965667725,5.9654998779296875,2007.0
2025-06-26 13:23:00,FSP,,1.684999942779541,1.684999942779541,1.684999942779541,1.684999942779541,244.0
2025-06-26 13:23:00,GAU,,1.2899999618530273,1.2899999618530273,1.2899999618530273,1.2899999618530273,200.0
2025-06-26 13:23:00,GBR,,1.080299973487854,1.080299973487854,1.080299973487854,1.080299973487854,250.0
2025-06-26 13:23:00,GNS,,0.9850000143051147,0.9944999814033508,0.9800000190734863,0.9944000244140625,39938.0
2025-06-26 13:23:00,GROY,,2.2950000762939453,2.2950000762939453,2.2950000762939453,2.2950000762939453,605.0
2025-06-26 13:23:00,IBO,,1.0049999952316284,1.0049999952316284,1.0049999952316284,1.0049999952316284,153.0
2025-06-26 13:23:00,IDR,,13.140000343322754,13.140000343322754,13.140000343322754,13.140000343322754,237.0
2025-06-26 13:23:00,ITRG,,1.534999966621399,1.534999966621399,1.534999966621399,1.534999966621399,6197.0
2025-06-26 13:23:00,KNW,,1.9900000095367432,1.9900000095367432,1.9850000143051147,1.98989999294281,1301.0
2025-06-26 13:23:00,KULR,,5.114999771118164,5.114999771118164,5.114999771118164,5.114999771118164,319.0
2025-06-26 13:23:00,LCTX,,0.9993000030517578,1.0049999952316284,0.9900000095367432,1.0,73045.0
2025-06-26 13:23:00,LEU,,176.10000610351562,176.43040466308594,175.75,175.75,2935.0
2025-06-26 13:23:00,LMND,,42.16999816894531,42.16999816894531,42.11000061035156,42.119998931884766,2985.0
2025-06-26 13:23:00,LODE,,3.7699999809265137,3.7699999809265137,3.7699999809265137,3.7699999809265137,1450.0
2025-06-26 13:23:00,MAG,,21.440000534057617,21.440000534057617,21.43000030517578,21.43000030517578,926.0
2025-06-26 13:23:00,MTA,,3.884999990463257,3.884999990463257,3.884999990463257,3.884999990463257,2105.0
2025-06-26 13:23:00,NAK,,1.558899998664856,1.558899998664856,1.5500999689102173,1.5500999689102173,694.0
2025-06-26 13:23:00,NBH,,9.795000076293945,9.800000190734863,9.795000076293945,9.800000190734863,602.0
2025-06-26 13:23:00,NCL,,0.181099995970726,0.181099995970726,0.18039999902248383,0.181099995970726,40005.0
2025-06-26 13:23:00,NFGC,,1.4800000190734863,1.4800000190734863,1.4800000190734863,1.4800000190734863,100.0
2025-06-26 13:23:00,NG,,4.109899997711182,4.110000133514404,4.099999904632568,4.099999904632568,7461.0
2025-06-26 13:23:00,NGD,,4.920100212097168,4.929900169372559,4.909999847412109,4.914999961853027,271398.0
2025-06-26 13:23:00,OBE,,5.539999961853027,5.539999961853027,5.539999961853027,5.539999961853027,648.0
2025-06-26 13:23:00,ORLA,,9.994999885559082,10.0,9.994999885559082,10.0,610.0
2025-06-26 13:23:00,OSTX,,1.8700000047683716,1.8700000047683716,1.8700000047683716,1.8700000047683716,106.0
2025-06-26 13:23:00,PLG,,1.659999966621399,1.659999966621399,1.6449999809265137,1.649899959564209,123033.0
2025-06-26 13:23:00,PLX,,1.465000033378601,1.465000033378601,1.4600000381469727,1.4600000381469727,801.0
2025-06-26 13:23:00,PRK,,166.1999969482422,166.1999969482422,166.1999969482422,166.1999969482422,139.0
2025-06-26 13:23:00,REI,,0.7711499929428101,0.7716000080108643,0.7706000208854675,0.7709000110626221,16177.0
2025-06-26 13:23:00,SBEV,,3.850100040435791,3.940000057220459,3.8499999046325684,3.9200000762939453,3454.0
2025-06-26 13:23:00,SEB,,2954.260009765625,2954.260009765625,2953.81005859375,2953.81005859375,2.0
2025-06-26 13:23:00,SENS,,0.4995500147342682,0.49959999322891235,0.49950000643730164,0.49959999322891235,1100.0
2025-06-26 13:23:00,SGN,,1.0999000072479248,1.0999000072479248,1.090000033378601,1.090000033378601,1016.0
2025-06-26 13:23:00,SLI,,1.9249999523162842,1.940000057220459,1.9249999523162842,1.940000057220459,29995.0
2025-06-26 13:23:00,SLND,,3.930000066757202,3.930000066757202,3.930000066757202,3.930000066757202,163.0
2025-06-26 13:23:00,SVM,,4.195000171661377,4.197999954223633,4.195000171661377,4.195000171661377,508.0
2025-06-26 13:23:00,SVT,,46.900001525878906,46.900001525878906,46.900001525878906,46.900001525878906,400.0
2025-06-26 13:23:00,TGB,,3.1549999713897705,3.1600000858306885,3.1549999713897705,3.1600000858306885,1257.0
2025-06-26 13:23:00,THM,,0.8999999761581421,0.8999999761581421,0.8862000107765198,0.8862000107765198,50200.0
2025-06-26 13:23:00,TOON,,0.75,0.75,0.7369999885559082,0.7369999885559082,30007.0
2025-06-26 13:23:00,TRX,,0.3330000042915344,0.3330000042915344,0.3330000042915344,0.3330000042915344,950.0
2025-06-26 13:23:00,UAMY,,2.5950000286102295,2.5950000286102295,2.589900016784668,2.5899999141693115,14369.0
2025-06-26 13:23:00,UAVS,,1.1150000095367432,1.1150000095367432,1.1100000143051147,1.1100000143051147,2051.0
2025-06-26 13:23:00,UEC,,6.875,6.889999866485596,6.875,6.885000228881836,19751.0
2025-06-26 13:23:00,URG,,1.0399999618530273,1.0399999618530273,1.034999966621399,1.0399999618530273,30712.0
2025-06-26 13:23:00,USAS,,0.8323000073432922,0.8353000283241272,0.8321999907493591,0.8321999907493591,924.0
2025-06-26 13:23:00,UTG,,35.5099983215332,35.5099983215332,35.5099983215332,35.5099983215332,127.0
2025-06-26 13:23:00,UUUU,,5.869999885559082,5.889999866485596,5.869999885559082,5.869999885559082,24415.0
2025-06-26 13:23:00,VNRX,,0.8197000026702881,0.8199999928474426,0.8197000026702881,0.8199999928474426,3000.0
2025-06-26 13:23:00,VZLA,,2.994999885559082,3.0,2.994999885559082,3.0,334.0
2025-06-26 13:23:00,WWR,,0.5900999903678894,0.5900999903678894,0.5900999903678894,0.5900999903678894,275.0
2025-06-26 13:23:00,XTNT,,0.607699990272522,0.607699990272522,0.607699990272522,0.607699990272522,1186.0
2025-06-26 13:23:00,ZDGE,,4.010000228881836,4.010000228881836,4.010000228881836,4.010000228881836,315.0
2025-06-26 13:24:00,ARMN,,6.855000019073486,6.855000019073486,6.855000019073486,6.855000019073486,656.0
2025-06-26 13:24:00,ASM,,3.5299999713897705,3.550100088119507,3.5299999713897705,3.550100088119507,38333.0
2025-06-26 13:24:00,ATNM,,1.559999942779541,1.559999942779541,1.5549999475479126,1.559999942779541,584.0
2025-06-26 13:24:00,BRBS,,3.2699999809265137,3.2750000953674316,3.2699999809265137,3.2750000953674316,225.0
2025-06-26 13:24:00,BTG,,3.640000104904175,3.6500000953674316,3.640000104904175,3.6449999809265137,33481.0
2025-06-26 13:24:00,BURU,,0.33250001072883606,0.33250001072883606,0.33009999990463257,0.33009999990463257,483.0
2025-06-26 13:24:00,CATX,,3.7249999046325684,3.7300000190734863,3.7193000316619873,3.7193000316619873,5186.0
2025-06-26 13:24:00,CEF,,30.43000030517578,30.435800552368164,30.43000030517578,30.435800552368164,581.0
2025-06-26 13:24:00,CIK,,2.940000057220459,2.940000057220459,2.940000057220459,2.940000057220459,101.0
2025-06-26 13:24:00,CLDI,,0.22470000386238098,0.22470000386238098,0.22470000386238098,0.22470000386238098,500.0
2025-06-26 13:24:00,CQP,,55.880001068115234,55.880001068115234,55.880001068115234,55.880001068115234,200.0
2025-06-26 13:24:00,CTGO,,20.770000457763672,20.770000457763672,20.770000457763672,20.770000457763672,285.0
2025-06-26 13:24:00,CTM,,1.0410000085830688,1.0449999570846558,1.0403000116348267,1.0403000116348267,5880.0
2025-06-26 13:24:00,CYBN,,8.520000457763672,8.579999923706055,8.510000228881836,8.569999694824219,1348.0
2025-06-26 13:24:00,DC,,3.815000057220459,3.815000057220459,3.815000057220459,3.815000057220459,125.0
2025-06-26 13:24:00,DHY,,2.109299898147583,2.109299898147583,2.1050000190734863,2.1050000190734863,1120.0
2025-06-26 13:24:00,DNN,,1.8100999593734741,1.8200000524520874,1.809999942779541,1.815000057220459,970118.0
2025-06-26 13:24:00,EIM,,9.550000190734863,9.550000190734863,9.550000190734863,9.550000190734863,389.0
2025-06-26 13:24:00,EQX,,5.960000038146973,5.96999979019165,5.960000038146973,5.965000152587891,82815.0
2025-06-26 13:24:00,EVM,,8.84000015258789,8.84000015258789,8.84000015258789,8.84000015258789,112.0
2025-06-26 13:24:00,EVV,,10.160099983215332,10.160099983215332,10.160099983215332,10.160099983215332,296.0
2025-06-26 13:24:00,FSP,,1.684999942779541,1.684999942779541,1.684999942779541,1.684999942779541,260.0
2025-06-26 13:24:00,FTF,,6.385000228881836,6.385000228881836,6.385000228881836,6.385000228881836,100.0
2025-06-26 13:24:00,GAU,,1.2899999618530273,1.2899999618530273,1.284999966621399,1.284999966621399,8986.0
2025-06-26 13:24:00,GBR,,1.090000033378601,1.090000033378601,1.0865999460220337,1.0865999460220337,750.0
2025-06-26 13:24:00,GNS,,0.9900000095367432,0.9933000206947327,0.9830999970436096,0.984000027179718,24780.0
2025-06-26 13:24:00,GROY,,2.2950000762939453,2.299999952316284,2.2950000762939453,2.299999952316284,325.0
2025-06-26 13:24:00,GSAT,,23.344499588012695,23.350000381469727,23.344499588012695,23.350000381469727,728.0
2025-06-26 13:24:00,GTE,,5.059999942779541,5.059999942779541,5.054999828338623,5.054999828338623,893.0
2025-06-26 13:24:00,HUSA,,13.359999656677246,13.40999984741211,13.359999656677246,13.385000228881836,1605.0
2025-06-26 13:24:00,IBO,,1.002500057220459,1.0099999904632568,1.000100016593933,1.000100016593933,1526.0
2025-06-26 13:24:00,IE,,9.869999885559082,9.869999885559082,9.864999771118164,9.864999771118164,48664.0
2025-06-26 13:24:00,IMO,,81.18000030517578,81.23999786376953,81.18000030517578,81.23999786376953,1208.0
2025-06-26 13:24:00,INDO,,3.1500000953674316,3.174999952316284,3.1500000953674316,3.1649999618530273,2889.0
2025-06-26 13:24:00,ITP,,0.18739700317382812,0.18739700317382812,0.18700000643730164,0.18700000643730164,1650.0
2025-06-26 13:24:00,KNW,,1.9801000356674194,1.9801000356674194,1.9801000356674194,1.9801000356674194,100.0
2025-06-26 13:24:00,KULR,,5.114999771118164,5.119999885559082,5.110099792480469,5.114999771118164,548.0
2025-06-26 13:24:00,LCTX,,0.9901000261306763,0.9973000288009644,0.9901000261306763,0.9973000288009644,5123.0
2025-06-26 13:24:00,LEU,,176.00999450683594,176.36500549316406,175.86000061035156,176.3000030517578,4609.0
2025-06-26 13:24:00,LMND,,42.18000030517578,42.18000030517578,42.15999984741211,42.15999984741211,496.0
2025-06-26 13:24:00,LNG,,242.0800018310547,242.1300048828125,241.89529418945312,241.9199981689453,2240.0
2025-06-26 13:24:00,LODE,,3.759999990463257,3.759999990463257,3.759999990463257,3.759999990463257,121.0
2025-06-26 13:24:00,MAG,,21.420000076293945,21.440000534057617,21.420000076293945,21.440000534057617,1955.0
2025-06-26 13:24:00,MITQ,,0.6675000190734863,0.6675000190734863,0.6675000190734863,0.6675000190734863,338.0
2025-06-26 13:24:00,MLSS,,0.75,0.7509999871253967,0.75,0.7509999871253967,20572.0
2025-06-26 13:24:00,MPTI,,40.79999923706055,40.810001373291016,40.79999923706055,40.810001373291016,540.0
2025-06-26 13:24:00,MTA,,3.890000104904175,3.890000104904175,3.890000104904175,3.890000104904175,159.0
2025-06-26 13:24:00,NAK,,1.5549999475479126,1.5585999488830566,1.5499999523162842,1.5549999475479126,21742.0
2025-06-26 13:24:00,NCL,,0.18219999969005585,0.1826999932527542,0.18039999902248383,0.18039999902248383,37690.0
2025-06-26 13:24:00,NFGC,,1.475000023841858,1.475000023841858,1.475000023841858,1.475000023841858,218.0
2025-06-26 13:24:00,NG,,4.090000152587891,4.119999885559082,4.080100059509277,4.110000133514404,47771.0
2025-06-26 13:24:00,NGD,,4.914999961853027,4.929999828338623,4.914999961853027,4.926499843597412,62350.0
2025-06-26 13:24:00,NML,,8.819999694824219,8.819999694824219,8.819999694824219,8.819999694824219,509.0
2025-06-26 13:24:00,OPTT,,0.5160999894142151,0.5162500143051147,0.5160999894142151,0.5162500143051147,2556.0
2025-06-26 13:24:00,ORLA,,9.989999771118164,10.0,9.984999656677246,10.0,821.0
2025-06-26 13:24:00,OSTX,,1.8849999904632568,1.8849999904632568,1.875,1.8799999952316284,1800.0
2025-06-26 13:24:00,PED,,0.6678000092506409,0.6678000092506409,0.6678000092506409,0.6678000092506409,2049.0
2025-06-26 13:24:00,PLG,,1.6649999618530273,1.6699999570846558,1.65910005569458,1.65910005569458,59809.0
2025-06-26 13:24:00,PLMR,,151.11000061035156,151.11000061035156,150.9250030517578,150.9250030517578,1640.0
2025-06-26 13:24:00,PLX,,1.465000033378601,1.465000033378601,1.465000033378601,1.465000033378601,408.0
2025-06-26 13:24:00,PRK,,166.25,166.25,166.25,166.25,1067.0
2025-06-26 13:24:00,REI,,0.7714999914169312,0.7716000080108643,0.7712000012397766,0.7716000080108643,1600.0
2025-06-26 13:24:00,RLGT,,6.014999866485596,6.014999866485596,6.014999866485596,6.014999866485596,768.0
2025-06-26 13:24:00,SBEV,,3.880000114440918,3.880000114440918,3.880000114440918,3.880000114440918,2292.0
2025-06-26 13:24:00,SEB,,2970.0,2970.0,2970.0,2970.0,2.0
2025-06-26 13:24:00,SENS,,0.49959999322891235,0.49959999322891235,0.49959999322891235,0.49959999322891235,200.0
2025-06-26 13:24:00,SGN,,1.090000033378601,1.090000033378601,1.090000033378601,1.090000033378601,190.0
2025-06-26 13:24:00,SLI,,1.9249999523162842,1.9299999475479126,1.9249999523162842,1.9249999523162842,6106.0
2025-06-26 13:24:00,STXS,,2.234999895095825,2.234999895095825,2.234999895095825,2.234999895095825,172.0
2025-06-26 13:24:00,SVM,,4.190100193023682,4.199999809265137,4.190000057220459,4.195000171661377,30554.0
2025-06-26 13:24:00,THM,,0.8866999745368958,0.8866999745368958,0.8866000175476074,0.8866999745368958,1800.0
2025-06-26 13:24:00,TOVX,,0.43184998631477356,0.43184998631477356,0.43184998631477356,0.43184998631477356,502.0
2025-06-26 13:24:00,UAMY,,2.5950000286102295,2.5999999046325684,2.5933001041412354,2.5933001041412354,4417.0
2025-06-26 13:24:00,UEC,,6.855000019073486,6.880000114440918,6.851200103759766,6.875,41293.0
2025-06-26 13:24:00,URG,,1.0399999618530273,1.0399999618530273,1.0299999713897705,1.0399999618530273,7076.0
2025-06-26 13:24:00,USAS,,0.8328999876976013,0.8331000208854675,0.8327000141143799,0.8327000141143799,800.0
2025-06-26 13:24:00,UUUU,,5.869999885559082,5.875,5.860000133514404,5.875,18213.0
2025-06-26 13:24:00,VKI,,8.21500015258789,8.21500015258789,8.21500015258789,8.21500015258789,100.0
2025-06-26 13:24:00,VZLA,,2.994999885559082,3.0,2.994999885559082,3.0,22789.0
2025-06-26 13:24:00,XTNT,,0.6200000047683716,0.6200000047683716,0.6200000047683716,0.6200000047683716,472.0
2025-06-26 13:25:00,AREN,,5.679999828338623,5.679999828338623,5.679999828338623,5.679999828338623,106.0
2025-06-26 13:25:00,ARMN,,6.849999904632568,6.855000019073486,6.849999904632568,6.855000019073486,401.0
2025-06-26 13:25:00,ASM,,3.5350000858306885,3.5350000858306885,3.5350000858306885,3.5350000858306885,600.0
2025-06-26 13:25:00,ATNM,,1.559999942779541,1.559999942779541,1.559999942779541,1.559999942779541,390.0
2025-06-26 13:25:00,AZTR,,0.25859999656677246,0.25859999656677246,0.25859999656677246,0.25859999656677246,2961.0
2025-06-26 13:25:00,BRBS,,3.2699999809265137,3.2799999713897705,3.2699999809265137,3.2750000953674316,596.0
2025-06-26 13:25:00,BTG,,3.6447999477386475,3.648900032043457,3.640000104904175,3.6403000354766846,171465.0
2025-06-26 13:25:00,BURU,,0.33009999990463257,0.33009999990463257,0.33009999990463257,0.33009999990463257,2098.0
2025-06-26 13:25:00,CEF,,30.424999237060547,30.424999237060547,30.424999237060547,30.424999237060547,300.0
2025-06-26 13:25:00,CIK,,2.940000057220459,2.940000057220459,2.940000057220459,2.940000057220459,200.0
2025-06-26 13:25:00,CLDI,,0.22040000557899475,0.22040000557899475,0.22040000557899475,0.22040000557899475,2743.0
2025-06-26 13:25:00,CLM,,7.945000171661377,7.945000171661377,7.945000171661377,7.945000171661377,254.0
2025-06-26 13:25:00,CQP,,55.81999969482422,55.880001068115234,55.81999969482422,55.880001068115234,2166.0
2025-06-26 13:25:00,CRF,,7.554999828338623,7.554999828338623,7.554999828338623,7.554999828338623,149.0
2025-06-26 13:25:00,CTM,,1.0449999570846558,1.0449999570846558,1.0449999570846558,1.0449999570846558,100.0
2025-06-26 13:25:00,CVM,,2.440000057220459,2.440000057220459,2.440000057220459,2.440000057220459,753.0
2025-06-26 13:25:00,DC,,3.809999942779541,3.809999942779541,3.809999942779541,3.809999942779541,1027.0
2025-06-26 13:25:00,DHY,,2.109999895095825,2.109999895095825,2.109999895095825,2.109999895095825,302.0
2025-06-26 13:25:00,DNN,,1.815000057220459,1.8200000524520874,1.809999942779541,1.809999942779541,846975.0
2025-06-26 13:25:00,DSS,,0.9104999899864197,0.9104999899864197,0.9104999899864197,0.9104999899864197,540.0
2025-06-26 13:25:00,ELMD,,21.350000381469727,21.350000381469727,21.309999465942383,21.309999465942383,1404.0
2025-06-26 13:25:00,EPM,,4.760000228881836,4.760000228881836,4.760000228881836,4.760000228881836,100.0
2025-06-26 13:25:00,EQX,,5.965000152587891,5.96999979019165,5.960000038146973,5.960000038146973,3813.0
2025-06-26 13:25:00,FOXO,,0.19930000603199005,0.19979999959468842,0.19930000603199005,0.19979999959468842,9009.0
2025-06-26 13:25:00,GAU,,1.2899999618530273,1.2899999618530273,1.2899999618530273,1.2899999618530273,1400.0
2025-06-26 13:25:00,GBR,,1.0872999429702759,1.0872999429702759,1.0872999429702759,1.0872999429702759,982.0
2025-06-26 13:25:00,GNS,,0.9965000152587891,0.9987000226974487,0.989799976348877,0.9900000095367432,39119.0
2025-06-26 13:25:00,GORO,,0.5550000071525574,0.5562000274658203,0.5550000071525574,0.5562000274658203,1578.0
2025-06-26 13:25:00,GROY,,2.2950000762939453,2.299999952316284,2.2950000762939453,2.2950000762939453,540.0
2025-06-26 13:25:00,IBO,,1.0049999952316284,1.0049999952316284,1.0003000497817993,1.0003000497817993,339.0
2025-06-26 13:25:00,IE,,9.869999885559082,9.869999885559082,9.869999885559082,9.869999885559082,479.0
2025-06-26 13:25:00,IMO,,81.23999786376953,81.23999786376953,81.22000122070312,81.22000122070312,388.0
2025-06-26 13:25:00,INDO,,3.174999952316284,3.174999952316284,3.174999952316284,3.174999952316284,597.0
2025-06-26 13:25:00,INFU,,6.454999923706055,6.454999923706055,6.449999809265137,6.449999809265137,1217.0
2025-06-26 13:25:00,ITRG,,1.538699984550476,1.538699984550476,1.538699984550476,1.538699984550476,327.0
2025-06-26 13:25:00,KNW,,1.9850000143051147,1.9850000143051147,1.9850000143051147,1.9850000143051147,545.0
2025-06-26 13:25:00,KULR,,5.114999771118164,5.119999885559082,5.11460018157959,5.114999771118164,995.0
2025-06-26 13:25:00,LCTX,,0.9919000267982483,0.9932000041007996,0.9901000261306763,0.9901000261306763,2510.0
2025-06-26 13:25:00,LEU,,175.8800048828125,176.08999633789062,175.86000061035156,176.08999633789062,2297.0
2025-06-26 13:25:00,LMND,,42.224998474121094,42.224998474121094,42.189998626708984,42.189998626708984,3956.0
2025-06-26 13:25:00,LNG,,242.0399932861328,242.16000366210938,241.92239379882812,242.16000366210938,1165.0
2025-06-26 13:25:00,LSF,,6.199999809265137,6.199999809265137,6.199999809265137,6.199999809265137,219.0
2025-06-26 13:25:00,MAG,,21.43000030517578,21.43000030517578,21.410900115966797,21.415000915527344,1176.0
2025-06-26 13:25:00,MAIA,,1.7135000228881836,1.7135000228881836,1.7135000228881836,1.7135000228881836,100.0
2025-06-26 13:25:00,MLSS,,0.752485990524292,0.752485990524292,0.7473999857902527,0.75,1296.0
2025-06-26 13:25:00,MPTI,,40.7599983215332,40.81999969482422,40.7599983215332,40.81999969482422,1535.0
2025-06-26 13:25:00,MRT,,2.880000114440918,2.880000114440918,2.880000114440918,2.880000114440918,561.0
2025-06-26 13:25:00,MTA,,3.884999990463257,3.884999990463257,3.884999990463257,3.884999990463257,202.0
2025-06-26 13:25:00,MTNB,,0.9350000023841858,0.9351000189781189,0.9350000023841858,0.9351000189781189,1229.0
2025-06-26 13:25:00,NAK,,1.559999942779541,1.559999942779541,1.5499999523162842,1.5499999523162842,4684.0
2025-06-26 13:25:00,NCL,,0.1808999925851822,0.1808999925851822,0.1808999925851822,0.1808999925851822,390.0
2025-06-26 13:25:00,NEWP,,1.375,1.375,1.375,1.375,414.0
2025-06-26 13:25:00,NG,,4.090000152587891,4.09499979019165,4.079999923706055,4.085000038146973,13581.0
2025-06-26 13:25:00,NGD,,4.914999961853027,4.920000076293945,4.909999847412109,4.909999847412109,2826.0
2025-06-26 13:25:00,OBE,,5.539999961853027,5.539999961853027,5.539999961853027,5.539999961853027,188.0
2025-06-26 13:25:00,OGEN,,3.7750000953674316,3.7750000953674316,3.7750000953674316,3.7750000953674316,200.0
2025-06-26 13:25:00,ORLA,,9.989999771118164,9.989999771118164,9.989999771118164,9.989999771118164,498.0
2025-06-26 13:25:00,PLG,,1.6649999618530273,1.6690000295639038,1.6648999452590942,1.6690000295639038,5653.0
2025-06-26 13:25:00,PLMR,,151.0625,151.0625,151.0625,151.0625,583.0
2025-06-26 13:25:00,PLX,,1.465000033378601,1.465000033378601,1.465000033378601,1.465000033378601,410.0
2025-06-26 13:25:00,REI,,0.7714999914169312,0.7714999914169312,0.7711499929428101,0.7712000012397766,813.0
2025-06-26 13:25:00,SATX,,2.950000047683716,2.950000047683716,2.950000047683716,2.950000047683716,301.0
2025-06-26 13:25:00,SBEV,,3.880000114440918,3.890000104904175,3.875,3.890000104904175,1529.0
2025-06-26 13:25:00,SEB,,2953.801025390625,2953.801025390625,2953.801025390625,2953.801025390625,1.0
2025-06-26 13:25:00,SENS,,0.49959999322891235,0.49959999322891235,0.49950000643730164,0.49950000643730164,1400.0
2025-06-26 13:25:00,SGN,,1.0950000286102295,1.0950000286102295,1.0950000286102295,1.0950000286102295,785.0
2025-06-26 13:25:00,SKYH,,9.579999923706055,9.579999923706055,9.579999923706055,9.579999923706055,905.0
2025-06-26 13:25:00,SLI,,1.9249999523162842,1.9249999523162842,1.9249999523162842,1.9249999523162842,173.0
2025-06-26 13:25:00,SVM,,4.195000171661377,4.195000171661377,4.190000057220459,4.190000057220459,1494.0
2025-06-26 13:25:00,SVT,,46.88999938964844,46.900001525878906,46.88999938964844,46.900001525878906,700.0
2025-06-26 13:25:00,TGB,,3.155400037765503,3.155400037765503,3.155400037765503,3.155400037765503,101.0
2025-06-26 13:25:00,THM,,0.8810999989509583,0.8863000273704529,0.8810999989509583,0.8863000273704529,800.0
2025-06-26 13:25:00,TOON,,0.75,0.75,0.75,0.75,784.0
2025-06-26 13:25:00,UAMY,,2.5950000286102295,2.5999999046325684,2.5950000286102295,2.5966999530792236,4322.0
2025-06-26 13:25:00,UAVS,,1.1150000095367432,1.1150000095367432,1.1150000095367432,1.1150000095367432,1610.0
2025-06-26 13:25:00,UEC,,6.855000019073486,6.860000133514404,6.849999904632568,6.851200103759766,17307.0
2025-06-26 13:25:00,URG,,1.0449999570846558,1.0499999523162842,1.034999966621399,1.0399999618530273,14245.0
2025-06-26 13:25:00,USAS,,0.8331999778747559,0.8331999778747559,0.8331000208854675,0.8331000208854675,500.0
2025-06-26 13:25:00,UUUU,,5.8719000816345215,5.875,5.860000133514404,5.860000133514404,39521.0
2025-06-26 13:25:00,VNRX,,0.8084999918937683,0.8084999918937683,0.8084999918937683,0.8084999918937683,850.0
2025-06-26 13:25:00,VZLA,,2.9988999366760254,3.0,2.994999885559082,3.0,1260.0
2025-06-26 13:25:00,WWR,,0.5902000069618225,0.5902000069618225,0.5902000069618225,0.5902000069618225,50224.0
2025-06-26 13:25:00,XPL,,0.65829998254776,0.65829998254776,0.65829998254776,0.65829998254776,100.0
2025-06-26 13:26:00,AREN,,5.75,5.75,5.75,5.75,519.0
2025-06-26 13:26:00,ARMN,,6.855000019073486,6.855000019073486,6.849999904632568,6.849999904632568,211.0
2025-06-26 13:26:00,ASM,,3.5383999347686768,3.5383999347686768,3.5383999347686768,3.5383999347686768,301.0
2025-06-26 13:26:00,ATNM,,1.559999942779541,1.559999942779541,1.559999942779541,1.559999942779541,201.0
2025-06-26 13:26:00,AZTR,,0.25999999046325684,0.25999999046325684,0.25999999046325684,0.25999999046325684,2820.0
2025-06-26 13:26:00,BRBS,,3.2699999809265137,3.2699999809265137,3.2699999809265137,3.2699999809265137,155.0
2025-06-26 13:26:00,BTG,,3.640000104904175,3.6449999809265137,3.640000104904175,3.640000104904175,143241.0
2025-06-26 13:26:00,BURU,,0.33219999074935913,0.33219999074935913,0.33079999685287476,0.33079999685287476,879.0
2025-06-26 13:26:00,CATX,,3.7149999141693115,3.7200000286102295,3.7100000381469727,3.7200000286102295,1105.0
2025-06-26 13:26:00,CEF,,30.420000076293945,30.420000076293945,30.420000076293945,30.420000076293945,150.0
2025-06-26 13:26:00,CET,,47.599998474121094,47.599998474121094,47.599998474121094,47.599998474121094,193.0
2025-06-26 13:26:00,CIK,,2.940000057220459,2.940000057220459,2.940000057220459,2.940000057220459,100.0
2025-06-26 13:26:00,CLM,,7.945000171661377,7.949999809265137,7.944499969482422,7.949999809265137,1400.0
2025-06-26 13:26:00,CMCL,,19.141599655151367,19.141599655151367,19.141599655151367,19.141599655151367,371.0
2025-06-26 13:26:00,CQP,,55.86000061035156,55.86000061035156,55.86000061035156,55.86000061035156,339.0
2025-06-26 13:26:00,CRF,,7.554999828338623,7.559999942779541,7.554999828338623,7.559999942779541,650.0
2025-06-26 13:26:00,CTM,,1.0449999570846558,1.0449999570846558,1.0449999570846558,1.0449999570846558,800.0
2025-06-26 13:26:00,DNN,,1.815000057220459,1.8200000524520874,1.809999942779541,1.815000057220459,43514.0
2025-06-26 13:26:00,ECF,,10.160900115966797,10.160900115966797,10.160900115966797,10.160900115966797,272.0
2025-06-26 13:26:00,ELMD,,21.34000015258789,21.34000015258789,21.34000015258789,21.34000015258789,132.0
2025-06-26 13:26:00,EQX,,5.96999979019165,5.96999979019165,5.960000038146973,5.965000152587891,3805.0
2025-06-26 13:26:00,ERC,,9.390000343322754,9.390000343322754,9.38010025024414,9.38010025024414,2990.0
2025-06-26 13:26:00,EVM,,8.84000015258789,8.84000015258789,8.84000015258789,8.84000015258789,100.0
2025-06-26 13:26:00,EVV,,10.164999961853027,10.164999961853027,10.164999961853027,10.164999961853027,100.0
2025-06-26 13:26:00,FSP,,1.684999942779541,1.684999942779541,1.684999942779541,1.684999942779541,110.0
2025-06-26 13:26:00,FTF,,6.385000228881836,6.389999866485596,6.385000228881836,6.389999866485596,522.0
2025-06-26 13:26:00,GAU,,1.2898000478744507,1.2899999618530273,1.284999966621399,1.2899999618530273,900.0
2025-06-26 13:26:00,GNS,,0.9933000206947327,1.0,0.9901000261306763,0.9976000189781189,103082.0
2025-06-26 13:26:00,GORO,,0.5572999715805054,0.5572999715805054,0.5572999715805054,0.5572999715805054,527.0
2025-06-26 13:26:00,GROY,,2.2950000762939453,2.2950000762939453,2.2950000762939453,2.2950000762939453,284.0
2025-06-26 13:26:00,HUSA,,13.314000129699707,13.314000129699707,13.314000129699707,13.314000129699707,110.0
2025-06-26 13:26:00,IBO,,1.0,1.0,1.0,1.0,1058.0
2025-06-26 13:26:00,IE,,9.795000076293945,9.850000381469727,9.769000053405762,9.850000381469727,12703.0
2025-06-26 13:26:00,IGC,,0.3091000020503998,0.3091000020503998,0.3091000020503998,0.3091000020503998,7049.0
2025-06-26 13:26:00,IMO,,81.29000091552734,81.29000091552734,81.29000091552734,81.29000091552734,225.0
2025-06-26 13:26:00,ITRG,,1.534999966621399,1.534999966621399,1.534999966621399,1.534999966621399,231.0
2025-06-26 13:26:00,KULR,,5.114999771118164,5.119999885559082,5.111199855804443,5.119999885559082,1738.0
2025-06-26 13:26:00,LCTX,,0.9926000237464905,0.9936000108718872,0.9905999898910522,0.9905999898910522,5003.0
2025-06-26 13:26:00,LEU,,175.97999572753906,176.02000427246094,175.69000244140625,175.72000122070312,2187.0
2025-06-26 13:26:00,LMND,,42.233699798583984,42.2400016784668,42.19499969482422,42.19499969482422,1151.0
2025-06-26 13:26:00,LNG,,242.27999877929688,242.27999877929688,242.16000366210938,242.16000366210938,807.0
2025-06-26 13:26:00,MAG,,21.410200119018555,21.420000076293945,21.410200119018555,21.420000076293945,843.0
2025-06-26 13:26:00,MPTI,,40.779998779296875,40.93000030517578,40.724998474121094,40.91999816894531,1202.0
2025-06-26 13:26:00,MYO,,2.2249999046325684,2.2249999046325684,2.2249999046325684,2.2249999046325684,303.0
2025-06-26 13:26:00,NAK,,1.558500051498413,1.559999942779541,1.5499999523162842,1.559999942779541,2278.0
2025-06-26 13:26:00,NBH,,9.795000076293945,9.795000076293945,9.795000076293945,9.795000076293945,130.0
2025-06-26 13:26:00,NG,,4.085000038146973,4.085000038146973,4.085000038146973,4.085000038146973,4905.0
2025-06-26 13:26:00,NGD,,4.914999961853027,4.915200233459473,4.909999847412109,4.914999961853027,3480.0
2025-06-26 13:26:00,NNVC,,1.2101000547409058,1.2101000547409058,1.2101000547409058,1.2101000547409058,228.0
2025-06-26 13:26:00,OBE,,5.539999961853027,5.539999961853027,5.539999961853027,5.539999961853027,343.0
2025-06-26 13:26:00,OGEN,,3.7699999809265137,3.784600019454956,3.6621999740600586,3.784600019454956,1042.0
2025-06-26 13:26:00,OPTT,,0.5162000060081482,0.5163000226020813,0.5160999894142151,0.5160999894142151,568.0
2025-06-26 13:26:00,ORLA,,9.989999771118164,9.989999771118164,9.989999771118164,9.989999771118164,244.0
2025-06-26 13:26:00,OSTX,,1.8899999856948853,1.8899999856948853,1.8899999856948853,1.8899999856948853,327.0
2025-06-26 13:26:00,PED,,0.6685000061988831,0.6685000061988831,0.6685000061988831,0.6685000061988831,180.0
2025-06-26 13:26:00,PLG,,1.6549999713897705,1.6649999618530273,1.6549999713897705,1.6607999801635742,67838.0
2025-06-26 13:26:00,PLMR,,151.1999969482422,151.20010375976562,151.17999267578125,151.17999267578125,845.0
2025-06-26 13:26:00,REI,,0.7713000178337097,0.7717999815940857,0.7711499929428101,0.7711499929428101,2646.0
2025-06-26 13:26:00,SATX,,2.950000047683716,2.950000047683716,2.950000047683716,2.950000047683716,200.0
2025-06-26 13:26:00,SENS,,0.49959999322891235,0.49959999322891235,0.49950000643730164,0.49950000643730164,11266.0
2025-06-26 13:26:00,SGN,,1.1200000047683716,1.1299999952316284,1.100000023841858,1.100000023841858,19481.0
2025-06-26 13:26:00,SLI,,1.9249999523162842,1.9299999475479126,1.9249999523162842,1.9249999523162842,2018.0
2025-06-26 13:26:00,SOAR,,1.409999966621399,1.409999966621399,1.409999966621399,1.409999966621399,824.0
2025-06-26 13:26:00,SVM,,4.190000057220459,4.190000057220459,4.190000057220459,4.190000057220459,2018.0
2025-06-26 13:26:00,TGB,,3.1549999713897705,3.1549999713897705,3.1500000953674316,3.1533000469207764,8539.0
2025-06-26 13:26:00,UAMY,,2.5950000286102295,2.5950000286102295,2.5950000286102295,2.5950000286102295,647.0
2025-06-26 13:26:00,UAVS,,1.1150000095367432,1.1200000047683716,1.1150000095367432,1.1150000095367432,3100.0
2025-06-26 13:26:00,UEC,,6.855000019073486,6.859899997711182,6.84499979019165,6.855000019073486,97821.0
2025-06-26 13:26:00,URG,,1.0399999618530273,1.0449999570846558,1.0399999618530273,1.0449999570846558,3604.0
2025-06-26 13:26:00,USAS,,0.8327000141143799,0.8331000208854675,0.8327000141143799,0.8331000208854675,590.0
2025-06-26 13:26:00,UTG,,35.5099983215332,35.52000045776367,35.5099983215332,35.52000045776367,373.0
2025-06-26 13:26:00,UUUU,,5.875,5.880000114440918,5.869999885559082,5.869999885559082,43854.0
2025-06-26 13:26:00,VNRX,,0.8199999928474426,0.8199999928474426,0.8199999928474426,0.8199999928474426,1702.0
2025-06-26 13:26:00,VZLA,,2.9900999069213867,2.994999885559082,2.9900999069213867,2.994999885559082,6228.0
2025-06-26 13:26:00,WRN,,1.2350000143051147,1.2350000143051147,1.2350000143051147,1.2350000143051147,0.0
2025-06-26 13:26:00,WWR,,0.5885999798774719,0.5900999903678894,0.5885999798774719,0.5900999903678894,2490.0
2025-06-26 13:26:00,ZDGE,,4.0,4.0,4.0,4.0,497.0
2025-06-26 13:27:00,APT,,4.75,4.75,4.75,4.75,609.0
2025-06-26 13:27:00,ARMN,,6.858099937438965,6.858099937438965,6.849999904632568,6.849999904632568,269.0
2025-06-26 13:27:00,ASM,,3.5299999713897705,3.5350000858306885,3.5299999713897705,3.5320000648498535,3267.0
2025-06-26 13:27:00,ATNM,,1.5549999475479126,1.5599000453948975,1.5549999475479126,1.5599000453948975,6258.0
2025-06-26 13:27:00,AZTR,,0.25999999046325684,0.25999999046325684,0.25870001316070557,0.25870001316070557,509.0
2025-06-26 13:27:00,BKTI,,54.995399475097656,54.995399475097656,54.995399475097656,54.995399475097656,246.0
2025-06-26 13:27:00,BRBS,,3.2699999809265137,3.2699999809265137,3.2699999809265137,3.2699999809265137,166.0
2025-06-26 13:27:00,BTG,,3.639899969100952,3.6449999809265137,3.631200075149536,3.63919997215271,266034.0
2025-06-26 13:27:00,BURU,,0.3337000012397766,0.3337000012397766,0.3301999866962433,0.3301999866962433,17492.0
2025-06-26 13:27:00,CATX,,3.7300000190734863,3.7300000190734863,3.7149999141693115,3.7149999141693115,1711.0
2025-06-26 13:27:00,CBOE,,228.4167022705078,228.4167022705078,228.4167022705078,228.4167022705078,339.0
2025-06-26 13:27:00,CIK,,2.940000057220459,2.940000057220459,2.940000057220459,2.940000057220459,100.0
2025-06-26 13:27:00,COE,,32.9900016784668,32.9900016784668,32.9900016784668,32.9900016784668,404.0
2025-06-26 13:27:00,CQP,,55.875,55.90999984741211,55.875,55.90999984741211,605.0
2025-06-26 13:27:00,CTM,,1.0449999570846558,1.0499000549316406,1.0449999570846558,1.0499000549316406,1851.0
2025-06-26 13:27:00,CYBN,,8.550000190734863,8.550000190734863,8.550000190734863,8.550000190734863,351.0
2025-06-26 13:27:00,DNN,,1.815000057220459,1.819599986076355,1.809999942779541,1.809999942779541,112022.0
2025-06-26 13:27:00,EAD,,6.980100154876709,6.980100154876709,6.980100154876709,6.980100154876709,1459.0
2025-06-26 13:27:00,ELMD,,21.309999465942383,21.309999465942383,21.309999465942383,21.309999465942383,266.0
2025-06-26 13:27:00,EPM,,4.760000228881836,4.760000228881836,4.760000228881836,4.760000228881836,493.0
2025-06-26 13:27:00,EQX,,5.965000152587891,5.96999979019165,5.965000152587891,5.96999979019165,12630.0
2025-06-26 13:27:00,ERC,,9.381799697875977,9.381799697875977,9.381799697875977,9.381799697875977,287.0
2025-06-26 13:27:00,EVM,,8.845000267028809,8.845000267028809,8.845000267028809,8.845000267028809,200.0
2025-06-26 13:27:00,FTF,,6.385000228881836,6.385000228881836,6.385000228881836,6.385000228881836,1264.0
2025-06-26 13:27:00,FURY,,0.4805999994277954,0.4805999994277954,0.4805999994277954,0.4805999994277954,150.0
2025-06-26 13:27:00,GAU,,1.2899999618530273,1.2899999618530273,1.284999966621399,1.2899999618530273,1103.0
2025-06-26 13:27:00,GLDG,,0.7452999949455261,0.7452999949455261,0.7452999949455261,0.7452999949455261,212.0
2025-06-26 13:27:00,GLO,,5.340199947357178,5.34499979019165,5.340099811553955,5.34499979019165,3355.0
2025-06-26 13:27:00,GLQ,,6.960000038146973,6.960000038146973,6.960000038146973,6.960000038146973,400.0
2025-06-26 13:27:00,GNS,,0.9900000095367432,1.0,0.9900000095367432,0.9997000098228455,254839.0
2025-06-26 13:27:00,GROY,,2.2950000762939453,2.299999952316284,2.2950000762939453,2.2950000762939453,325.0
2025-06-26 13:27:00,GSAT,,23.309999465942383,23.34000015258789,23.309999465942383,23.34000015258789,1052.0
2025-06-26 13:27:00,HUSA,,13.3100004196167,13.3100004196167,13.3100004196167,13.3100004196167,295.0
2025-06-26 13:27:00,IBO,,1.0,1.003600001335144,1.0,1.003600001335144,7582.0
2025-06-26 13:27:00,IDR,,13.15999984741211,13.15999984741211,13.15999984741211,13.15999984741211,504.0
2025-06-26 13:27:00,IE,,9.789999961853027,9.789999961853027,9.789999961853027,9.789999961853027,424.0
2025-06-26 13:27:00,KNW,,1.9807000160217285,1.9807000160217285,1.9807000160217285,1.9807000160217285,456.0
2025-06-26 13:27:00,KULR,,5.119999885559082,5.119999885559082,5.11460018157959,5.11460018157959,2152.0
2025-06-26 13:27:00,LCTX,,0.9959999918937683,0.9969000220298767,0.9926000237464905,0.994700014591217,16846.0
2025-06-26 13:27:00,LEU,,176.1750030517578,176.33999633789062,175.92999267578125,175.92999267578125,2281.0
2025-06-26 13:27:00,LMND,,42.2593994140625,42.2599983215332,42.23429870605469,42.23429870605469,4281.0
2025-06-26 13:27:00,LNG,,242.26800537109375,242.4199981689453,242.2263946533203,242.2263946533203,4434.0
2025-06-26 13:27:00,LODE,,3.771399974822998,3.771399974822998,3.759999990463257,3.771399974822998,485.0
2025-06-26 13:27:00,LSF,,6.196300029754639,6.196599960327148,6.196300029754639,6.196599960327148,531.0
2025-06-26 13:27:00,MAG,,21.420000076293945,21.420000076293945,21.420000076293945,21.420000076293945,115.0
2025-06-26 13:27:00,MPTI,,40.96500015258789,40.96500015258789,40.779998779296875,40.96500015258789,527.0
2025-06-26 13:27:00,MTA,,3.880000114440918,3.880000114440918,3.880000114440918,3.880000114440918,2049.0
2025-06-26 13:27:00,MTNB,,0.9300000071525574,0.9301999807357788,0.9300000071525574,0.9301999807357788,4833.0
2025-06-26 13:27:00,NAK,,1.5549999475479126,1.5549999475479126,1.5499999523162842,1.5499999523162842,1176.0
2025-06-26 13:27:00,NBH,,9.800000190734863,9.800000190734863,9.800000190734863,9.800000190734863,200.0
2025-06-26 13:27:00,NG,,4.085000038146973,4.085000038146973,4.085000038146973,4.085000038146973,3232.0
2025-06-26 13:27:00,NGD,,4.920000076293945,4.920000076293945,4.909999847412109,4.914999961853027,4547.0
2025-06-26 13:27:00,NHS,,7.499899864196777,7.499899864196777,7.499899864196777,7.499899864196777,921.0
2025-06-26 13:27:00,NRO,,3.1910998821258545,3.1910998821258545,3.1910998821258545,3.1910998821258545,251.0
2025-06-26 13:27:00,OPTT,,0.5162000060081482,0.5162500143051147,0.5160999894142151,0.5162500143051147,21618.0
2025-06-26 13:27:00,PLG,,1.6549999713897705,1.6549999713897705,1.649999976158142,1.6549999713897705,4041.0
2025-06-26 13:27:00,PLX,,1.4700000286102295,1.475000023841858,1.465000033378601,1.465000033378601,7613.0
2025-06-26 13:27:00,REI,,0.7728999853134155,0.7730000019073486,0.7714999914169312,0.7718999981880188,16608.0
2025-06-26 13:27:00,REPX,,26.510000228881836,26.510000228881836,26.510000228881836,26.510000228881836,1398.0
2025-06-26 13:27:00,SBEV,,3.8499999046325684,3.8499999046325684,3.8499999046325684,3.8499999046325684,207.0
2025-06-26 13:27:00,SENS,,0.49950098991394043,0.49959999322891235,0.49950098991394043,0.49959999322891235,10100.0
2025-06-26 13:27:00,SGN,,1.1100000143051147,1.1200000047683716,1.1100000143051147,1.1200000047683716,2553.0
2025-06-26 13:27:00,SLI,,1.9249999523162842,1.9299999475479126,1.9249999523162842,1.9299999475479126,2575.0
2025-06-26 13:27:00,SOAR,,1.4000999927520752,1.4000999927520752,1.399999976158142,1.399999976158142,914.0
2025-06-26 13:27:00,SVM,,4.195000171661377,4.195000171661377,4.190000057220459,4.190000057220459,69413.0
2025-06-26 13:27:00,SVT,,46.900001525878906,46.900001525878906,46.900001525878906,46.900001525878906,400.0
2025-06-26 13:27:00,TGB,,3.1549999713897705,3.1600000858306885,3.1549999713897705,3.1549999713897705,1857.0
2025-06-26 13:27:00,TPET,,1.1799999475479126,1.1799999475479126,1.1799999475479126,1.1799999475479126,752.0
2025-06-26 13:27:00,UAMY,,2.5950000286102295,2.5999999046325684,2.5947000980377197,2.5947000980377197,5244.0
2025-06-26 13:27:00,UAVS,,1.1200000047683716,1.1200000047683716,1.1198999881744385,1.1200000047683716,901.0
2025-06-26 13:27:00,UEC,,6.875,6.885000228881836,6.849999904632568,6.855000019073486,226404.0
2025-06-26 13:27:00,URG,,1.0449999570846558,1.0449999570846558,1.0399999618530273,1.0449999570846558,5223.0
2025-06-26 13:27:00,USAS,,0.8355500102043152,0.8389999866485596,0.8327000141143799,0.8331000208854675,12781.0
2025-06-26 13:27:00,UTG,,35.5099983215332,35.5099983215332,35.5099983215332,35.5099983215332,486.0
2025-06-26 13:27:00,UUUU,,5.880099773406982,5.889999866485596,5.869999885559082,5.875,37711.0
2025-06-26 13:27:00,VZLA,,2.994999885559082,3.0,2.990000009536743,2.990000009536743,44510.0
2025-06-26 13:27:00,WWR,,0.5871000289916992,0.5871000289916992,0.5871000289916992,0.5871000289916992,1881.0
2025-06-26 13:27:00,ZDGE,,4.010000228881836,4.010000228881836,4.010000228881836,4.010000228881836,201.0
2025-06-26 13:28:00,ARMN,,6.849999904632568,6.849999904632568,6.849999904632568,6.849999904632568,353.0
2025-06-26 13:28:00,ASM,,3.5350000858306885,3.5399999618530273,3.5350000858306885,3.5399999618530273,600.0
2025-06-26 13:28:00,ATNM,,1.559999942779541,1.559999942779541,1.559999942779541,1.559999942779541,101.0
2025-06-26 13:28:00,BRBS,,3.2699999809265137,3.2750000953674316,3.2699999809265137,3.2699999809265137,406.0
2025-06-26 13:28:00,BTG,,3.639899969100952,3.640000104904175,3.630000114440918,3.6393001079559326,848045.0
2025-06-26 13:28:00,BURU,,0.33500000834465027,0.33500000834465027,0.3336000144481659,0.3336000144481659,838.0
2025-06-26 13:28:00,CANF,,1.059999942779541,1.059999942779541,1.059999942779541,1.059999942779541,355.0
2025-06-26 13:28:00,CATX,,3.7200000286102295,3.7200000286102295,3.71370005607605,3.71370005607605,5600.0
2025-06-26 13:28:00,CBOE,,228.4600067138672,228.47999572753906,228.3800048828125,228.47999572753906,1505.0
2025-06-26 13:28:00,CEF,,30.424999237060547,30.424999237060547,30.424999237060547,30.424999237060547,452.0
2025-06-26 13:28:00,CIK,,2.940000057220459,2.940000057220459,2.940000057220459,2.940000057220459,495.0
2025-06-26 13:28:00,CLM,,7.945000171661377,7.949999809265137,7.945000171661377,7.949999809265137,2084.0
2025-06-26 13:28:00,CMT,,16.959999084472656,16.959999084472656,16.959999084472656,16.959999084472656,100.0
2025-06-26 13:28:00,CPHI,,1.8200000524520874,1.8200000524520874,1.8200000524520874,1.8200000524520874,819.0
2025-06-26 13:28:00,CQP,,55.95500183105469,56.02000045776367,55.875,55.91999816894531,1637.0
2025-06-26 13:28:00,CTM,,1.0499999523162842,1.0499999523162842,1.0499999523162842,1.0499999523162842,100.0
2025-06-26 13:28:00,DNN,,1.815000057220459,1.8200000524520874,1.809999942779541,1.815000057220459,830946.0
2025-06-26 13:28:00,EAD,,6.983500003814697,6.983500003814697,6.983500003814697,6.983500003814697,1368.0
2025-06-26 13:28:00,EQX,,5.96999979019165,5.980000019073486,5.960000038146973,5.96999979019165,176733.0
2025-06-26 13:28:00,ERC,,9.390000343322754,9.390000343322754,9.381799697875977,9.381799697875977,563.0
2025-06-26 13:28:00,FOXO,,0.20010000467300415,0.20010000467300415,0.19990000128746033,0.19990000128746033,41890.0
2025-06-26 13:28:00,FTF,,6.384699821472168,6.384699821472168,6.384699821472168,6.384699821472168,269.0
2025-06-26 13:28:00,GAU,,1.2899999618530273,1.2899999618530273,1.2899999618530273,1.2899999618530273,236.0
2025-06-26 13:28:00,GGN,,4.385000228881836,4.385000228881836,4.385000228881836,4.385000228881836,103.0
2025-06-26 13:28:00,GLDG,,0.7468000054359436,0.7468000054359436,0.7468000054359436,0.7468000054359436,205.0
2025-06-26 13:28:00,GNS,,0.988448977470398,0.9980999827384949,0.9750999808311462,0.9886999726295471,34148.0
2025-06-26 13:28:00,GROY,,2.2950000762939453,2.299999952316284,2.29010009765625,2.2950000762939453,17607.0
2025-06-26 13:28:00,GSAT,,23.299999237060547,23.309999465942383,23.299999237060547,23.309999465942383,923.0
2025-06-26 13:28:00,IBO,,1.0,1.000100016593933,1.0,1.000100016593933,661.0
2025-06-26 13:28:00,IE,,9.789999961853027,9.789999961853027,9.789999961853027,9.789999961853027,260.0
2025-06-26 13:28:00,IMO,,81.27999877929688,81.27999877929688,81.27999877929688,81.27999877929688,179.0
2025-06-26 13:28:00,ITRG,,1.5388000011444092,1.5388000011444092,1.5388000011444092,1.5388000011444092,130.0
2025-06-26 13:28:00,KULR,,5.114999771118164,5.119999885559082,5.112400054931641,5.119999885559082,7475.0
2025-06-26 13:28:00,LCTX,,0.9969000220298767,0.9969000220298767,0.9959999918937683,0.9969000220298767,3001.0
2025-06-26 13:28:00,LEU,,175.82000732421875,176.1300048828125,175.5800018310547,176.10000610351562,6220.0
2025-06-26 13:28:00,LMND,,42.33000183105469,42.345001220703125,42.29499816894531,42.29499816894531,4603.0
2025-06-26 13:28:00,LNG,,242.39999389648438,242.42999267578125,242.39999389648438,242.42999267578125,774.0
2025-06-26 13:28:00,MPTI,,40.709999084472656,40.72999954223633,40.709999084472656,40.72999954223633,1388.0
2025-06-26 13:28:00,MRT,,2.880000114440918,2.880000114440918,2.880000114440918,2.880000114440918,1860.0
2025-06-26 13:28:00,MTNB,,0.9200000166893005,0.9301000237464905,0.9200000166893005,0.9301000237464905,9286.0
2025-06-26 13:28:00,NAK,,1.548699975013733,1.559999942779541,1.5399999618530273,1.5500999689102173,74159.0
2025-06-26 13:28:00,NBH,,9.795000076293945,9.800000190734863,9.795000076293945,9.800000190734863,952.0
2025-06-26 13:28:00,NCL,,0.17970000207424164,0.17970000207424164,0.17970000207424164,0.17970000207424164,524.0
2025-06-26 13:28:00,NG,,4.09499979019165,4.09499979019165,4.079999923706055,4.085000038146973,77002.0
2025-06-26 13:28:00,NGD,,4.914999961853027,4.914999961853027,4.914999961853027,4.914999961853027,2376.0
2025-06-26 13:28:00,OPTT,,0.5163999795913696,0.5163999795913696,0.5162500143051147,0.5162500143051147,1250.0
2025-06-26 13:28:00,ORLA,,9.989999771118164,9.989999771118164,9.989999771118164,9.989999771118164,987.0
2025-06-26 13:28:00,PLG,,1.649999976158142,1.6549999713897705,1.649999976158142,1.6549999713897705,6985.0
2025-06-26 13:28:00,PLX,,1.4700000286102295,1.4700000286102295,1.4700000286102295,1.4700000286102295,214.0
2025-06-26 13:28:00,REI,,0.7745000123977661,0.7745000123977661,0.7730000019073486,0.7730000019073486,1735.0
2025-06-26 13:28:00,SATX,,2.950000047683716,2.950000047683716,2.950000047683716,2.950000047683716,200.0
2025-06-26 13:28:00,SBEV,,3.8499999046325684,3.8499999046325684,3.8499999046325684,3.8499999046325684,471.0
2025-06-26 13:28:00,SEB,,2955.0,2970.0,2955.0,2970.0,3.0
2025-06-26 13:28:00,SENS,,0.4995500147342682,0.4995500147342682,0.4995500147342682,0.4995500147342682,525.0
2025-06-26 13:28:00,SGN,,1.1291999816894531,1.1298999786376953,1.1291999816894531,1.1298999786376953,2130.0
2025-06-26 13:28:00,SKYH,,9.555000305175781,9.555000305175781,9.555000305175781,9.555000305175781,439.0
2025-06-26 13:28:00,SLI,,1.9249999523162842,1.9249999523162842,1.9249999523162842,1.9249999523162842,850.0
2025-06-26 13:28:00,SVM,,4.190000057220459,4.195000171661377,4.190000057220459,4.190000057220459,17531.0
2025-06-26 13:28:00,TGB,,3.155400037765503,3.155400037765503,3.1549999713897705,3.1549999713897705,959.0
2025-06-26 13:28:00,TOON,,0.743399977684021,0.743399977684021,0.743399977684021,0.743399977684021,426.0
2025-06-26 13:28:00,UAMY,,2.5950000286102295,2.5950000286102295,2.5899999141693115,2.594599962234497,819.0
2025-06-26 13:28:00,UAVS,,1.1200000047683716,1.1200000047683716,1.1200000047683716,1.1200000047683716,802.0
2025-06-26 13:28:00,UEC,,6.875,6.889999866485596,6.875,6.875,36356.0
2025-06-26 13:28:00,URG,,1.0399999618530273,1.0449999570846558,1.0399999618530273,1.0449999570846558,11216.0
2025-06-26 13:28:00,UUUU,,5.889999866485596,5.900000095367432,5.885000228881836,5.889800071716309,38980.0
2025-06-26 13:28:00,VNRX,,0.8199999928474426,0.8199999928474426,0.8199999928474426,0.8199999928474426,1110.0
2025-06-26 13:28:00,VZLA,,2.994999885559082,2.994999885559082,2.994999885559082,2.994999885559082,7986.0
2025-06-26 13:29:00,ARMN,,6.855000019073486,6.855000019073486,6.855000019073486,6.855000019073486,288.0
2025-06-26 13:29:00,ASM,,3.5343000888824463,3.5350000858306885,3.5343000888824463,3.5350000858306885,215.0
2025-06-26 13:29:00,ATNM,,1.5549999475479126,1.559999942779541,1.5549999475479126,1.559999942779541,642.0
2025-06-26 13:29:00,BKTI,,55.29999923706055,55.29999923706055,55.29999923706055,55.29999923706055,278.0
2025-06-26 13:29:00,BRBS,,3.2750000953674316,3.2750000953674316,3.2750000953674316,3.2750000953674316,155.0
2025-06-26 13:29:00,BTG,,3.6465001106262207,3.6500000953674316,3.630000114440918,3.6350998878479004,1539703.0
2025-06-26 13:29:00,BURU,,0.3330000042915344,0.3336000144481659,0.3315500020980835,0.3336000144481659,5865.0
2025-06-26 13:29:00,CATX,,3.7100000381469727,3.7200000286102295,3.7100000381469727,3.7200000286102295,227.0
2025-06-26 13:29:00,CBOE,,228.42999267578125,228.42999267578125,228.3800048828125,228.3800048828125,812.0
2025-06-26 13:29:00,CIK,,2.940000057220459,2.940000057220459,2.940000057220459,2.940000057220459,100.0
2025-06-26 13:29:00,CLM,,7.945000171661377,7.949999809265137,7.945000171661377,7.949999809265137,1056.0
2025-06-26 13:29:00,CMCL,,19.1299991607666,19.1299991607666,19.1299991607666,19.1299991607666,311.0
2025-06-26 13:29:00,CQP,,56.06999969482422,56.06999969482422,55.95500183105469,56.029998779296875,500.0
2025-06-26 13:29:00,CRF,,7.554599761962891,7.554599761962891,7.554599761962891,7.554599761962891,572.0
2025-06-26 13:29:00,CTM,,1.0449999570846558,1.0449999570846558,1.0449999570846558,1.0449999570846558,173.0
2025-06-26 13:29:00,DC,,3.815000057220459,3.815000057220459,3.809999942779541,3.809999942779541,1018.0
2025-06-26 13:29:00,DNN,,1.815000057220459,1.8199000358581543,1.809999942779541,1.815000057220459,25921.0
2025-06-26 13:29:00,ELMD,,21.219999313354492,21.309999465942383,21.209999084472656,21.309999465942383,1555.0
2025-06-26 13:29:00,EQX,,5.975200176239014,5.980000019073486,5.960000038146973,5.965000152587891,130817.0
2025-06-26 13:29:00,EVI,,19.739999771118164,19.739999771118164,19.739999771118164,19.739999771118164,329.0
2025-06-26 13:29:00,EVM,,8.84000015258789,8.84000015258789,8.84000015258789,8.84000015258789,100.0
2025-06-26 13:29:00,FOXO,,0.20029999315738678,0.20029999315738678,0.20010000467300415,0.20010000467300415,10192.0
2025-06-26 13:29:00,FSP,,1.684999942779541,1.690000057220459,1.684999942779541,1.690000057220459,200.0
2025-06-26 13:29:00,FTF,,6.385000228881836,6.385000228881836,6.385000228881836,6.385000228881836,200.0
2025-06-26 13:29:00,FURY,,0.4805000126361847,0.4894990026950836,0.4805000126361847,0.4894990026950836,10403.0
2025-06-26 13:29:00,GAU,,1.284999966621399,1.284999966621399,1.284999966621399,1.284999966621399,122.0
2025-06-26 13:29:00,GNS,,0.9833999872207642,0.9883999824523926,0.9800009727478027,0.9800009727478027,10027.0
2025-06-26 13:29:00,GROY,,2.2950000762939453,2.299999952316284,2.2950000762939453,2.2950000762939453,1615.0
2025-06-26 13:29:00,GTE,,5.054999828338623,5.054999828338623,5.054999828338623,5.054999828338623,594.0
2025-06-26 13:29:00,HUSA,,13.3100004196167,13.3100004196167,13.3100004196167,13.3100004196167,157.0
2025-06-26 13:29:00,IMO,,81.31999969482422,81.31999969482422,81.31999969482422,81.31999969482422,493.0
2025-06-26 13:29:00,INUV,,3.864000082015991,3.8949999809265137,3.864000082015991,3.8949999809265137,1100.0
2025-06-26 13:29:00,ITRG,,1.534999966621399,1.534999966621399,1.534999966621399,1.534999966621399,5010.0
2025-06-26 13:29:00,KNW,,1.9800000190734863,1.9800000190734863,1.9800000190734863,1.9800000190734863,323.0
2025-06-26 13:29:00,KULR,,5.119999885559082,5.119999885559082,5.114999771118164,5.114999771118164,1372.0
2025-06-26 13:29:00,LCTX,,0.9959999918937683,0.9969000220298767,0.9951000213623047,0.9969000220298767,9005.0
2025-06-26 13:29:00,LEU,,176.32000732421875,176.32000732421875,175.875,175.875,2052.0
2025-06-26 13:29:00,LMND,,42.349998474121094,42.36000061035156,42.349998474121094,42.349998474121094,725.0
2025-06-26 13:29:00,LNG,,242.39500427246094,242.4250030517578,242.3699951171875,242.3699951171875,1849.0
2025-06-26 13:29:00,MAG,,21.424999237060547,21.424999237060547,21.420000076293945,21.420000076293945,1004.0
2025-06-26 13:29:00,MPTI,,40.84000015258789,40.84000015258789,40.810001373291016,40.810001373291016,474.0
2025-06-26 13:29:00,MTA,,3.875,3.875,3.8743999004364014,3.8743999004364014,5501.0
2025-06-26 13:29:00,NAK,,1.5467000007629395,1.5499999523162842,1.5399999618530273,1.5449999570846558,12396.0
2025-06-26 13:29:00,NG,,4.09499979019165,4.09499979019165,4.090000152587891,4.09499979019165,3718.0
2025-06-26 13:29:00,NGD,,4.914999961853027,4.9191999435424805,4.910999774932861,4.914999961853027,3857.0
2025-06-26 13:29:00,OPTT,,0.5162500143051147,0.5162500143051147,0.5162500143051147,0.5162500143051147,123.0
2025-06-26 13:29:00,ORLA,,9.989999771118164,9.989999771118164,9.989999771118164,9.989999771118164,1783.0
2025-06-26 13:29:00,PLG,,1.6549999713897705,1.6549999713897705,1.649999976158142,1.649999976158142,200.0
2025-06-26 13:29:00,PLMR,,151.08999633789062,151.2449951171875,151.08999633789062,151.2449951171875,4335.0
2025-06-26 13:29:00,PLX,,1.4700000286102295,1.4700000286102295,1.4700000286102295,1.4700000286102295,359.0
2025-06-26 13:29:00,REI,,0.7749000191688538,0.7749999761581421,0.7749000191688538,0.7749999761581421,566.0
2025-06-26 13:29:00,REPX,,26.579999923706055,26.579999923706055,26.579999923706055,26.579999923706055,1192.0
2025-06-26 13:29:00,SATX,,2.9549999237060547,2.9549999237060547,2.950000047683716,2.950000047683716,3490.0
2025-06-26 13:29:00,SBEV,,3.878200054168701,3.878200054168701,3.8499999046325684,3.8499999046325684,2603.0
2025-06-26 13:29:00,SENS,,0.49959999322891235,0.49959999322891235,0.49950000643730164,0.49959999322891235,6098.0
2025-06-26 13:29:00,SGN,,1.1200000047683716,1.1200000047683716,1.1200000047683716,1.1200000047683716,191.0
2025-06-26 13:29:00,SLI,,1.9249999523162842,1.9299999475479126,1.9249999523162842,1.9299999475479126,778.0
2025-06-26 13:29:00,SOAR,,1.4049999713897705,1.4049999713897705,1.4049999713897705,1.4049999713897705,280.0
2025-06-26 13:29:00,SVM,,4.195000171661377,4.198699951171875,4.190000057220459,4.195000171661377,3206.0
2025-06-26 13:29:00,SVT,,46.900001525878906,46.900001525878906,46.900001525878906,46.900001525878906,400.0
2025-06-26 13:29:00,TGB,,3.1549999713897705,3.155400037765503,3.1549999713897705,3.1549999713897705,1965.0
2025-06-26 13:29:00,THM,,0.8842999935150146,0.8843010067939758,0.8842999935150146,0.8843010067939758,451.0
2025-06-26 13:29:00,TPET,,1.1749999523162842,1.1799999475479126,1.1749999523162842,1.179900050163269,3066.0
2025-06-26 13:29:00,UAMY,,2.609999895095825,2.609999895095825,2.5980000495910645,2.5980000495910645,41002.0
2025-06-26 13:29:00,UAVS,,1.1200000047683716,1.1200000047683716,1.1100000143051147,1.1150000095367432,11850.0
2025-06-26 13:29:00,UEC,,6.880000114440918,6.880000114440918,6.871200084686279,6.880000114440918,3462.0
2025-06-26 13:29:00,URG,,1.0399999618530273,1.0399999618530273,1.0399999618530273,1.0399999618530273,3749.0
2025-06-26 13:29:00,USAS,,0.8322100043296814,0.8356000185012817,0.8322100043296814,0.8356000185012817,974.0
2025-06-26 13:29:00,UTG,,35.5099983215332,35.5099983215332,35.5099983215332,35.5099983215332,321.0
2025-06-26 13:29:00,UUUU,,5.894999980926514,5.899899959564209,5.889999866485596,5.889999866485596,12623.0
2025-06-26 13:29:00,VZLA,,2.994999885559082,3.0,2.994999885559082,3.0,20377.0
2025-06-26 13:30:00,AMS,,2.490000009536743,2.4971001148223877,2.430000066757202,2.440000057220459,4142.0
2025-06-26 13:30:00,AREN,,5.789299964904785,5.789299964904785,5.789299964904785,5.789299964904785,393.0
2025-06-26 13:30:00,ASM,,3.5332999229431152,3.5332999229431152,3.5332999229431152,3.5332999229431152,295.0
2025-06-26 13:30:00,ATNM,,1.5549999475479126,1.559999942779541,1.5549999475479126,1.559999942779541,361.0
2025-06-26 13:30:00,BCV,,18.7549991607666,18.7549991607666,18.7549991607666,18.7549991607666,763.0
2025-06-26 13:30:00,BRBS,,3.2699999809265137,3.2699999809265137,3.2699999809265137,3.2699999809265137,223.0
2025-06-26 13:30:00,BTG,,3.640000104904175,3.6500000953674316,3.640000104904175,3.640000104904175,141191.0
2025-06-26 13:30:00,BURU,,0.33149999380111694,0.33160001039505005,0.33149999380111694,0.3315489888191223,3622.0
2025-06-26 13:30:00,CATX,,3.7100000381469727,3.7100000381469727,3.7100000381469727,3.7100000381469727,695.0
2025-06-26 13:30:00,CCEL,,5.46999979019165,5.46999979019165,5.46999979019165,5.46999979019165,215.0
2025-06-26 13:30:00,CIK,,2.940000057220459,2.940000057220459,2.940000057220459,2.940000057220459,101.0
2025-06-26 13:30:00,CLDI,,0.22339999675750732,0.22990000247955322,0.22339999675750732,0.22990000247955322,448.0
2025-06-26 13:30:00,CLM,,7.945400238037109,7.945400238037109,7.94350004196167,7.945000171661377,453.0
2025-06-26 13:30:00,CMT,,17.024999618530273,17.024999618530273,17.024999618530273,17.024999618530273,451.0
2025-06-26 13:30:00,CPHI,,1.8331999778747559,1.8331999778747559,1.8331999778747559,1.8331999778747559,649.0
2025-06-26 13:30:00,CQP,,56.06999969482422,56.06999969482422,55.95500183105469,55.95500183105469,401.0
2025-06-26 13:30:00,CRF,,7.554999828338623,7.554999828338623,7.554999828338623,7.554999828338623,102.0
2025-06-26 13:30:00,CTGO,,20.84079933166504,20.84079933166504,20.84079933166504,20.84079933166504,201.0
2025-06-26 13:30:00,CVU,,3.1700000762939453,3.1700000762939453,3.1700000762939453,3.1700000762939453,429.0
2025-06-26 13:30:00,DNN,,1.8202999830245972,1.8300000429153442,1.809999942779541,1.815000057220459,4081106.0
2025-06-26 13:30:00,ELMD,,21.19499969482422,21.19499969482422,21.19499969482422,21.19499969482422,192.0
2025-06-26 13:30:00,EQX,,5.974999904632568,5.980000019073486,5.96999979019165,5.974999904632568,15206.0
2025-06-26 13:30:00,ESP,,45.31740188598633,45.31740188598633,45.31740188598633,45.31740188598633,224.0
2025-06-26 13:30:00,EVI,,19.889999389648438,19.889999389648438,19.889999389648438,19.889999389648438,1737.0
2025-06-26 13:30:00,FSP,,1.684999942779541,1.684999942779541,1.684999942779541,1.684999942779541,101.0
2025-06-26 13:30:00,GGN,,4.385000228881836,4.385000228881836,4.385000228881836,4.385000228881836,100.0
2025-06-26 13:30:00,GNS,,0.9854000210762024,0.9944999814033508,0.9800000190734863,0.9866999983787537,11885.0
2025-06-26 13:30:00,GORO,,0.5562000274658203,0.5562000274658203,0.5550000071525574,0.5550000071525574,240.0
2025-06-26 13:30:00,GROY,,2.2950000762939453,2.299999952316284,2.2950000762939453,2.299999952316284,3346.0
2025-06-26 13:30:00,GSAT,,23.274999618530273,23.274999618530273,23.274999618530273,23.274999618530273,984.0
2025-06-26 13:30:00,GTE,,5.054999828338623,5.054999828338623,5.054999828338623,5.054999828338623,108.0
2025-06-26 13:30:00,HUSA,,13.3100004196167,13.3100004196167,13.3100004196167,13.3100004196167,254.0
2025-06-26 13:30:00,IBO,,1.0049999952316284,1.0049999952316284,1.0,1.0,1218.0
2025-06-26 13:30:00,IE,,9.789999961853027,9.789999961853027,9.789999961853027,9.789999961853027,574.0
2025-06-26 13:30:00,IMO,,81.2699966430664,81.2699966430664,81.2699966430664,81.2699966430664,454.0
2025-06-26 13:30:00,KNW,,1.9808000326156616,1.9808000326156616,1.9808000326156616,1.9808000326156616,619.0
2025-06-26 13:30:00,KULR,,5.105000019073486,5.110000133514404,5.105000019073486,5.110000133514404,6496.0
2025-06-26 13:30:00,LCTX,,0.9998999834060669,0.9998999834060669,0.9968000054359436,0.9968000054359436,6390.0
2025-06-26 13:30:00,LEU,,176.32000732421875,176.38099670410156,176.0500030517578,176.38099670410156,4052.0
2025-06-26 13:30:00,LMND,,42.45000076293945,42.45000076293945,42.349998474121094,42.349998474121094,10945.0
2025-06-26 13:30:00,LNG,,242.30499267578125,242.44000244140625,242.3000030517578,242.44000244140625,8771.0
2025-06-26 13:30:00,MAG,,21.420000076293945,21.420000076293945,21.420000076293945,21.420000076293945,104.0
2025-06-26 13:30:00,MGLD,,0.9300000071525574,0.9300000071525574,0.9300000071525574,0.9300000071525574,104.0
2025-06-26 13:30:00,MPTI,,40.7400016784668,40.7400016784668,40.7400016784668,40.7400016784668,930.0
2025-06-26 13:30:00,MYO,,2.2200000286102295,2.2200000286102295,2.2200000286102295,2.2200000286102295,100.0
2025-06-26 13:30:00,NAK,,1.5499000549316406,1.5499999523162842,1.5449999570846558,1.5449999570846558,1537.0
2025-06-26 13:30:00,NBH,,9.795000076293945,9.795000076293945,9.795000076293945,9.795000076293945,204.0
2025-06-26 13:30:00,NFGC,,1.475000023841858,1.475000023841858,1.475000023841858,1.475000023841858,188.0
2025-06-26 13:30:00,NG,,4.09499979019165,4.09499979019165,4.09499979019165,4.09499979019165,4235.0
2025-06-26 13:30:00,NGD,,4.914999961853027,4.914999961853027,4.909999847412109,4.909999847412109,1358.0
2025-06-26 13:30:00,OPTT,,0.5162500143051147,0.5162500143051147,0.5162500143051147,0.5162500143051147,1010.0
2025-06-26 13:30:00,ORLA,,9.994999885559082,9.994999885559082,9.989999771118164,9.989999771118164,1770.0
2025-06-26 13:30:00,PLG,,1.659000039100647,1.659999966621399,1.6549999713897705,1.659999966621399,12511.0
2025-06-26 13:30:00,REI,,0.7749999761581421,0.7749999761581421,0.7745000123977661,0.7745000123977661,403.0
2025-06-26 13:30:00,SATX,,2.950000047683716,2.950000047683716,2.950000047683716,2.950000047683716,408.0
2025-06-26 13:30:00,SENS,,0.49970000982284546,0.49970000982284546,0.49959999322891235,0.49959999322891235,1620.0
2025-06-26 13:30:00,SGN,,1.125,1.125,1.125,1.125,290.0
2025-06-26 13:30:00,SING,,0.006899999920278788,0.006899999920278788,0.006899999920278788,0.006899999920278788,0.0
2025-06-26 13:30:00,SLI,,1.9249999523162842,1.9290000200271606,1.9249999523162842,1.9290000200271606,3181.0
2025-06-26 13:30:00,SLND,,3.940000057220459,3.940000057220459,3.940000057220459,3.940000057220459,111.0
2025-06-26 13:30:00,SVM,,4.195000171661377,4.195000171661377,4.190700054168701,4.195000171661377,5985.0
2025-06-26 13:30:00,TGB,,3.1500000953674316,3.1549999713897705,3.1500000953674316,3.1549999713897705,6612.0
2025-06-26 13:30:00,THM,,0.8896999955177307,0.8896999955177307,0.8896999955177307,0.8896999955177307,1652.0
2025-06-26 13:30:00,TPET,,1.1700999736785889,1.1706000566482544,1.1700999736785889,1.1706000566482544,12519.0
2025-06-26 13:30:00,UAMY,,2.6050000190734863,2.609999895095825,2.6050000190734863,2.609999895095825,5364.0
2025-06-26 13:30:00,UEC,,6.900000095367432,6.900000095367432,6.880000114440918,6.885000228881836,16736.0
2025-06-26 13:30:00,URG,,1.0449999570846558,1.0449999570846558,1.0399999618530273,1.0449999570846558,2823.0
2025-06-26 13:30:00,USAS,,0.8356000185012817,0.8356000185012817,0.8356000185012817,0.8356000185012817,176.0
2025-06-26 13:30:00,UTG,,35.5099983215332,35.5099983215332,35.5099983215332,35.5099983215332,260.0
2025-06-26 13:30:00,UUUU,,5.929999828338623,5.929999828338623,5.894999980926514,5.898099899291992,48151.0
2025-06-26 13:30:00,VKI,,8.21500015258789,8.21500015258789,8.21500015258789,8.21500015258789,399.0
2025-06-26 13:30:00,VNRX,,0.8199999928474426,0.8199999928474426,0.8199999928474426,0.8199999928474426,200.0
2025-06-26 13:30:00,VTAK,,0.2485000044107437,0.24869999289512634,0.2485000044107437,0.24869999289512634,3463.0
2025-06-26 13:30:00,VZLA,,2.9988999366760254,2.9988999366760254,2.9932000637054443,2.994999885559082,984.0
2025-06-26 13:30:00,WWR,,0.588549017906189,0.588549017906189,0.588549017906189,0.588549017906189,354854.0
2025-06-26 13:30:00,WYY,,3.3499999046325684,3.3499999046325684,3.3499999046325684,3.3499999046325684,201.0
2025-06-26 13:30:00,ZDGE,,4.0,4.0,4.0,4.0,117.0
2025-06-26 13:31:00,AMS,,2.5,2.6089999675750732,2.490000009536743,2.490000009536743,34347.0
2025-06-26 13:31:00,AREN,,5.679999828338623,5.679999828338623,5.679999828338623,5.679999828338623,264.0
2025-06-26 13:31:00,ARMN,,6.855000019073486,6.855000019073486,6.849999904632568,6.849999904632568,312.0
2025-06-26 13:31:00,ASM,,3.5299999713897705,3.5397000312805176,3.5299999713897705,3.5350000858306885,5195.0
2025-06-26 13:31:00,ATNM,,1.559999942779541,1.559999942779541,1.5549999475479126,1.5549999475479126,300.0
2025-06-26 13:31:00,BHB,,29.67060089111328,29.67060089111328,29.67060089111328,29.67060089111328,448.0
2025-06-26 13:31:00,BKTI,,55.13999938964844,55.29999923706055,55.13999938964844,55.29999923706055,463.0
2025-06-26 13:31:00,BRBS,,3.2750000953674316,3.2750000953674316,3.2750000953674316,3.2750000953674316,268.0
2025-06-26 13:31:00,BTG,,3.640000104904175,3.6500000953674316,3.640000104904175,3.640000104904175,96787.0
2025-06-26 13:31:00,BURU,,0.33160001039505005,0.33160001039505005,0.33160001039505005,0.33160001039505005,6546.0
2025-06-26 13:31:00,CATX,,3.7049999237060547,3.7049999237060547,3.7049999237060547,3.7049999237060547,351.0
2025-06-26 13:31:00,CIK,,2.940000057220459,2.940000057220459,2.940000057220459,2.940000057220459,201.0
2025-06-26 13:31:00,CLDI,,0.22669999301433563,0.22990000247955322,0.22669999301433563,0.22990000247955322,2100.0
2025-06-26 13:31:00,CLM,,7.949999809265137,7.949999809265137,7.940100193023682,7.940100193023682,1510.0
2025-06-26 13:31:00,CQP,,56.06999969482422,56.06999969482422,55.95500183105469,56.06999969482422,500.0
2025-06-26 13:31:00,CRF,,7.554999828338623,7.559899806976318,7.554999828338623,7.554999828338623,302.0
2025-06-26 13:31:00,CTM,,1.0449999570846558,1.0449999570846558,1.0449999570846558,1.0449999570846558,346.0
2025-06-26 13:31:00,CYBN,,8.510000228881836,8.510000228881836,8.510000228881836,8.510000228881836,139.0
2025-06-26 13:31:00,DNN,,1.8199000358581543,1.8300000429153442,1.809999942779541,1.8300000429153442,2341777.0
2025-06-26 13:31:00,ELMD,,21.100000381469727,21.100000381469727,21.100000381469727,21.100000381469727,296.0
2025-06-26 13:31:00,EQX,,5.965000152587891,5.974999904632568,5.960000038146973,5.96999979019165,73604.0
2025-06-26 13:31:00,ESP,,45.38990020751953,45.38990020751953,45.38990020751953,45.38990020751953,329.0
2025-06-26 13:31:00,EVV,,10.163299560546875,10.163299560546875,10.163299560546875,10.163299560546875,699.0
2025-06-26 13:31:00,FOXO,,0.20080000162124634,0.20080000162124634,0.20010000467300415,0.20010000467300415,6262.0
2025-06-26 13:31:00,FTF,,6.385000228881836,6.385000228881836,6.385000228881836,6.385000228881836,100.0
2025-06-26 13:31:00,GAU,,1.284999966621399,1.284999966621399,1.284999966621399,1.284999966621399,100.0
2025-06-26 13:31:00,GNS,,0.9800999760627747,0.9969000220298767,0.9760000109672546,0.9944999814033508,36326.0
2025-06-26 13:31:00,GROY,,2.2950000762939453,2.299999952316284,2.2899999618530273,2.2950000762939453,9687.0
2025-06-26 13:31:00,GSAT,,23.280000686645508,23.280000686645508,23.280000686645508,23.280000686645508,1684.0
2025-06-26 13:31:00,GTE,,5.054999828338623,5.054999828338623,5.054999828338623,5.054999828338623,101.0
2025-06-26 13:31:00,IE,,9.789999961853027,9.789999961853027,9.789999961853027,9.789999961853027,365.0
2025-06-26 13:31:00,IMO,,81.30000305175781,81.30000305175781,81.30000305175781,81.30000305175781,453.0
2025-06-26 13:31:00,INDO,,3.1549999713897705,3.166100025177002,3.1431000232696533,3.166100025177002,2037.0
2025-06-26 13:31:00,INFU,,6.449999809265137,6.449999809265137,6.449999809265137,6.449999809265137,182.0
2025-06-26 13:31:00,ITRG,,1.5299999713897705,1.5299999713897705,1.5299999713897705,1.5299999713897705,100.0
2025-06-26 13:31:00,KULR,,5.105000019073486,5.105000019073486,5.105000019073486,5.105000019073486,573.0
2025-06-26 13:31:00,LCTX,,0.998199999332428,0.9998999834060669,0.9980999827384949,0.998199999332428,2522.0
2025-06-26 13:31:00,LEU,,176.1999969482422,176.3300018310547,176.0500030517578,176.3249969482422,1905.0
2025-06-26 13:31:00,LMND,,42.275001525878906,42.52000045776367,42.2400016784668,42.4635009765625,12606.0
2025-06-26 13:31:00,LNG,,242.30999755859375,242.43739318847656,242.30499267578125,242.30499267578125,2203.0
2025-06-26 13:31:00,MAG,,21.415000915527344,21.415000915527344,21.415000915527344,21.415000915527344,236.0
2025-06-26 13:31:00,MAIA,,1.7000000476837158,1.7000000476837158,1.7000000476837158,1.7000000476837158,163.0
2025-06-26 13:31:00,MLSS,,0.7524999976158142,0.7524999976158142,0.7524999976158142,0.7524999976158142,3935.0
2025-06-26 13:31:00,MTA,,3.875200033187866,3.875200033187866,3.875200033187866,3.875200033187866,3600.0
2025-06-26 13:31:00,MYO,,2.2260000705718994,2.2260000705718994,2.2200000286102295,2.2200000286102295,693.0
2025-06-26 13:31:00,NAK,,1.5549999475479126,1.5549999475479126,1.5399999618530273,1.5399999618530273,74903.0
2025-06-26 13:31:00,NG,,4.095099925994873,4.099899768829346,4.09499979019165,4.09499979019165,3630.0
2025-06-26 13:31:00,NGD,,4.914999961853027,4.920000076293945,4.909999847412109,4.914999961853027,105413.0
2025-06-26 13:31:00,NRO,,3.1953999996185303,3.1953999996185303,3.1953999996185303,3.1953999996185303,1130.0
2025-06-26 13:31:00,OBE,,5.539999961853027,5.539999961853027,5.539999961853027,5.539999961853027,966.0
2025-06-26 13:31:00,OPTT,,0.515999972820282,0.5160999894142151,0.515999972820282,0.5160999894142151,511.0
2025-06-26 13:31:00,PHGE,,0.46700000762939453,0.46700000762939453,0.46700000762939453,0.46700000762939453,3050.0
2025-06-26 13:31:00,PLG,,1.6591999530792236,1.659999966621399,1.6549999713897705,1.6592999696731567,28050.0
2025-06-26 13:31:00,REI,,0.7749500274658203,0.7749500274658203,0.7749500274658203,0.7749500274658203,370.0
2025-06-26 13:31:00,SBEV,,3.75,3.8499999046325684,3.75,3.8499999046325684,2458.0
2025-06-26 13:31:00,SEB,,2960.5400390625,2970.0,2954.5400390625,2962.35009765625,5.0
2025-06-26 13:31:00,SENS,,0.5026000142097473,0.5037000179290771,0.49959999322891235,0.4996989965438843,94452.0
2025-06-26 13:31:00,SGN,,1.149899959564209,1.149999976158142,1.1201000213623047,1.1298999786376953,7611.0
2025-06-26 13:31:00,SLI,,1.9249999523162842,1.9299999475479126,1.9249999523162842,1.9249999523162842,1469.0
2025-06-26 13:31:00,SSY,,0.8809999823570251,0.8809999823570251,0.8809999823570251,0.8809999823570251,60979.0
2025-06-26 13:31:00,SVM,,4.195000171661377,4.195000171661377,4.190000057220459,4.190000057220459,621.0
2025-06-26 13:31:00,SVT,,46.900001525878906,46.900001525878906,46.900001525878906,46.900001525878906,500.0
2025-06-26 13:31:00,TGB,,3.1549999713897705,3.1549999713897705,3.1549999713897705,3.1549999713897705,1525.0
2025-06-26 13:31:00,TPET,,1.179900050163269,1.179900050163269,1.179900050163269,1.179900050163269,294.0
2025-06-26 13:31:00,UAMY,,2.615000009536743,2.6198999881744385,2.6050000190734863,2.609999895095825,8763.0
2025-06-26 13:31:00,UAVS,,1.1200000047683716,1.1200000047683716,1.1200000047683716,1.1200000047683716,885.0
2025-06-26 13:31:00,UEC,,6.885000228881836,6.896699905395508,6.880000114440918,6.896699905395508,11023.0
2025-06-26 13:31:00,URG,,1.0449999570846558,1.0449999570846558,1.0399999618530273,1.0449999570846558,6401.0
2025-06-26 13:31:00,UUUU,,5.919400215148926,5.929999828338623,5.914999961853027,5.925000190734863,29499.0
2025-06-26 13:31:00,VZLA,,2.994999885559082,2.9999001026153564,2.990000009536743,2.990000009536743,1778.0
2025-06-26 13:31:00,WWR,,0.5871000289916992,0.5871000289916992,0.5871000289916992,0.5871000289916992,2013.0
2025-06-26 13:31:00,XPL,,0.6437000036239624,0.6437000036239624,0.6437000036239624,0.6437000036239624,221.0
2025-06-26 13:32:00,AMS,,2.3399999141693115,2.440000057220459,2.309999942779541,2.4200000762939453,19031.0
2025-06-26 13:32:00,ARMN,,6.855000019073486,6.855000019073486,6.855000019073486,6.855000019073486,377.0
2025-06-26 13:32:00,ASM,,3.5397000312805176,3.5397000312805176,3.530100107192993,3.530100107192993,1539.0
2025-06-26 13:32:00,ATNM,,1.5549999475479126,1.5549999475479126,1.5549999475479126,1.5549999475479126,217.0
2025-06-26 13:32:00,AWX,,2.450000047683716,2.450000047683716,2.450000047683716,2.450000047683716,200.0
2025-06-26 13:32:00,AZTR,,0.258899986743927,0.258899986743927,0.258899986743927,0.258899986743927,446.0
2025-06-26 13:32:00,BRBS,,3.2699999809265137,3.2750000953674316,3.2699999809265137,3.2750000953674316,424.0
2025-06-26 13:32:00,BTG,,3.6449999809265137,3.6500000953674316,3.640000104904175,3.640199899673462,184806.0
2025-06-26 13:32:00,BURU,,0.33799999952316284,0.33799999952316284,0.3330000042915344,0.3330000042915344,49615.0
2025-06-26 13:32:00,CATX,,3.700000047683716,3.700000047683716,3.700000047683716,3.700000047683716,224.0
2025-06-26 13:32:00,CIK,,2.940000057220459,2.940000057220459,2.940000057220459,2.940000057220459,100.0
2025-06-26 13:32:00,CLDI,,0.2295999974012375,0.23000000417232513,0.22930000722408295,0.22939999401569366,7701.0
2025-06-26 13:32:00,CMT,,17.024999618530273,17.024999618530273,17.024999618530273,17.024999618530273,201.0
2025-06-26 13:32:00,CPHI,,1.8200000524520874,1.8200000524520874,1.8200000524520874,1.8200000524520874,631.0
2025-06-26 13:32:00,CQP,,55.95500183105469,56.06999969482422,55.95500183105469,56.06999969482422,301.0
2025-06-26 13:32:00,CRF,,7.559999942779541,7.559999942779541,7.554599761962891,7.554599761962891,400.0
2025-06-26 13:32:00,CTM,,1.0499999523162842,1.0499999523162842,1.0499999523162842,1.0499999523162842,200.0
2025-06-26 13:32:00,CYBN,,8.479999542236328,8.479999542236328,8.479999542236328,8.479999542236328,103.0
2025-06-26 13:32:00,DNN,,1.8194999694824219,1.8200000524520874,1.8102999925613403,1.815000057220459,22301.0
2025-06-26 13:32:00,DXF,,4.949999809265137,4.949999809265137,4.949999809265137,4.949999809265137,0.0
2025-06-26 13:32:00,ECF,,10.15999984741211,10.15999984741211,10.15999984741211,10.15999984741211,17478.0
2025-06-26 13:32:00,EMX,,2.565000057220459,2.565000057220459,2.565000057220459,2.565000057220459,914.0
2025-06-26 13:32:00,EQX,,5.96999979019165,5.96999979019165,5.960000038146973,5.965000152587891,1980.0
2025-06-26 13:32:00,ERC,,9.38659954071045,9.38659954071045,9.38659954071045,9.38659954071045,101.0
2025-06-26 13:32:00,ESBA,,7.5,7.5,7.5,7.5,4867.0
2025-06-26 13:32:00,EVV,,10.164999961853027,10.164999961853027,10.164999961853027,10.164999961853027,100.0
2025-06-26 13:32:00,FSP,,1.684999942779541,1.684999942779541,1.684999942779541,1.684999942779541,100.0
2025-06-26 13:32:00,GAU,,1.2899999618530273,1.2899999618530273,1.2899999618530273,1.2899999618530273,243.0
2025-06-26 13:32:00,GGN,,4.385000228881836,4.385000228881836,4.385000228881836,4.385000228881836,100.0
2025-06-26 13:32:00,GNS,,0.9800000190734863,0.989799976348877,0.9800000190734863,0.989799976348877,6133.0
2025-06-26 13:32:00,GORO,,0.5550000071525574,0.5550000071525574,0.5550000071525574,0.5550000071525574,6722.0
2025-06-26 13:32:00,GROY,,2.2950000762939453,2.2950000762939453,2.2950000762939453,2.2950000762939453,754.0
2025-06-26 13:32:00,GTE,,5.054999828338623,5.054999828338623,5.054999828338623,5.054999828338623,107.0
2025-06-26 13:32:00,HUSA,,13.3100004196167,13.3100004196167,13.3100004196167,13.3100004196167,258.0
2025-06-26 13:32:00,IBO,,1.0003000497817993,1.0049999952316284,1.0003000497817993,1.0049999952316284,2245.0
2025-06-26 13:32:00,IE,,9.789999961853027,9.789999961853027,9.789999961853027,9.789999961853027,493.0
2025-06-26 13:32:00,INDO,,3.1600000858306885,3.1600000858306885,3.1549999713897705,3.1549999713897705,500.0
2025-06-26 13:32:00,ITRG,,1.5399999618530273,1.5399999618530273,1.5299999713897705,1.534999966621399,5519.0
2025-06-26 13:32:00,KNW,,1.979699969291687,1.979699969291687,1.979699969291687,1.979699969291687,132.0
2025-06-26 13:32:00,KULR,,5.110000133514404,5.110000133514404,5.105000019073486,5.105000019073486,2549.0
2025-06-26 13:32:00,LCTX,,0.998199999332428,0.9988999962806702,0.9980999827384949,0.998199999332428,6000.0
2025-06-26 13:32:00,LEU,,175.8636016845703,176.2050018310547,175.80999755859375,176.1999969482422,1030.0
2025-06-26 13:32:00,LMND,,42.33000183105469,42.335899353027344,42.275001525878906,42.275001525878906,5294.0
2025-06-26 13:32:00,LNG,,242.30999755859375,242.30999755859375,242.30999755859375,242.30999755859375,745.0
2025-06-26 13:32:00,MAG,,21.405000686645508,21.40999984741211,21.405000686645508,21.40999984741211,434.0
2025-06-26 13:32:00,MPTI,,40.709999084472656,40.709999084472656,40.709999084472656,40.709999084472656,767.0
2025-06-26 13:32:00,MTA,,3.884999990463257,3.884999990463257,3.8794000148773193,3.8794000148773193,3509.0
2025-06-26 13:32:00,MYND,,0.9599999785423279,0.9599999785423279,0.9599999785423279,0.9599999785423279,0.0
2025-06-26 13:32:00,MYO,,2.2290000915527344,2.2290000915527344,2.2249999046325684,2.2249999046325684,251.0
2025-06-26 13:32:00,NAK,,1.5549999475479126,1.5566999912261963,1.5549999475479126,1.5566999912261963,2307.0
2025-06-26 13:32:00,NBH,,9.795000076293945,9.795000076293945,9.795000076293945,9.795000076293945,250.0
2025-06-26 13:32:00,NFGC,,1.475000023841858,1.475000023841858,1.475000023841858,1.475000023841858,100.0
2025-06-26 13:32:00,NG,,4.093999862670898,4.099999904632568,4.090000152587891,4.09499979019165,8477.0
2025-06-26 13:32:00,NGD,,4.914999961853027,4.920000076293945,4.911499977111816,4.914999961853027,13893.0
2025-06-26 13:32:00,OPTT,,0.5149999856948853,0.5163999795913696,0.5149999856948853,0.515999972820282,16761.0
2025-06-26 13:32:00,ORLA,,9.989999771118164,9.994999885559082,9.984999656677246,9.989999771118164,2598.0
2025-06-26 13:32:00,PED,,0.6700000166893005,0.6700000166893005,0.6700000166893005,0.6700000166893005,344.0
2025-06-26 13:32:00,PLG,,1.6549999713897705,1.659999966621399,1.6549999713897705,1.659999966621399,2900.0
2025-06-26 13:32:00,PLX,,1.472000002861023,1.472000002861023,1.4700000286102295,1.4700000286102295,500.0
2025-06-26 13:32:00,REI,,0.7757999897003174,0.7757999897003174,0.7757999897003174,0.7757999897003174,200.0
2025-06-26 13:32:00,RLGT,,6.014999866485596,6.014999866485596,6.014999866485596,6.014999866485596,352.0
2025-06-26 13:32:00,SATX,,2.950000047683716,2.9549999237060547,2.950000047683716,2.9535999298095703,3583.0
2025-06-26 13:32:00,SBEV,,3.7200000286102295,3.880000114440918,3.7200000286102295,3.8480000495910645,3941.0
2025-06-26 13:32:00,SEB,,2954.800048828125,2969.241943359375,2954.800048828125,2969.241943359375,2.0
2025-06-26 13:32:00,SENS,,0.5023999810218811,0.5024999976158142,0.5023999810218811,0.5024999976158142,10774.0
2025-06-26 13:32:00,SGN,,1.159600019454956,1.1699999570846558,1.149999976158142,1.149999976158142,4456.0
2025-06-26 13:32:00,SLI,,1.9299999475479126,1.9299999475479126,1.9249999523162842,1.9249999523162842,1534.0
2025-06-26 13:32:00,STXS,,2.244999885559082,2.244999885559082,2.234999895095825,2.234999895095825,1671.0
2025-06-26 13:32:00,SVM,,4.195000171661377,4.195000171661377,4.195000171661377,4.195000171661377,925.0
2025-06-26 13:32:00,SVT,,46.900001525878906,46.900001525878906,46.900001525878906,46.900001525878906,356.0
2025-06-26 13:32:00,TGB,,3.1510000228881836,3.1549999713897705,3.1500000953674316,3.1500000953674316,7490.0
2025-06-26 13:32:00,UAMY,,2.615000009536743,2.619999885559082,2.615000009536743,2.615000009536743,12142.0
2025-06-26 13:32:00,UAVS,,1.1131000518798828,1.1200000047683716,1.1131000518798828,1.1200000047683716,2728.0
2025-06-26 13:32:00,UEC,,6.885000228881836,6.889999866485596,6.880000114440918,6.885000228881836,11924.0
2025-06-26 13:32:00,URG,,1.0399999618530273,1.0499999523162842,1.0399999618530273,1.0399999618530273,2856.0
2025-06-26 13:32:00,USAS,,0.8373500108718872,0.8373500108718872,0.8373500108718872,0.8373500108718872,530.0
2025-06-26 13:32:00,UUUU,,5.909999847412109,5.929999828338623,5.909999847412109,5.909999847412109,64388.0
2025-06-26 13:32:00,VGZ,,1.024999976158142,1.024999976158142,1.024999976158142,1.024999976158142,100.0
2025-06-26 13:32:00,VTAK,,0.24879899621009827,0.24879899621009827,0.24879899621009827,0.24879899621009827,500.0
2025-06-26 13:32:00,VZLA,,2.994999885559082,2.994999885559082,2.990000009536743,2.990000009536743,473.0
2025-06-26 13:33:00,ACU,,39.75,39.75,39.75,39.75,110.0
2025-06-26 13:33:00,AMS,,2.3299999237060547,2.3299999237060547,2.319999933242798,2.319999933242798,5169.0
2025-06-26 13:33:00,AREN,,5.75,5.75,5.75,5.75,111.0
2025-06-26 13:33:00,ARMN,,6.84499979019165,6.849999904632568,6.840000152587891,6.849999904632568,10903.0
2025-06-26 13:33:00,ASM,,3.5364999771118164,3.5364999771118164,3.5364999771118164,3.5364999771118164,877.0
2025-06-26 13:33:00,ATNM,,1.5549999475479126,1.5549999475479126,1.5549999475479126,1.5549999475479126,299.0
2025-06-26 13:33:00,BRN,,1.2400000095367432,1.2400000095367432,1.2400000095367432,1.2400000095367432,683.0
2025-06-26 13:33:00,BTG,,3.6433000564575195,3.6500000953674316,3.640000104904175,3.643399953842163,37777.0
2025-06-26 13:33:00,BURU,,0.33799999952316284,0.33809998631477356,0.3352999985218048,0.33809998631477356,16516.0
2025-06-26 13:33:00,CCEL,,5.380000114440918,5.380000114440918,5.380000114440918,5.380000114440918,567.0
2025-06-26 13:33:00,CIK,,2.940000057220459,2.940000057220459,2.9312000274658203,2.9312000274658203,1385.0
2025-06-26 13:33:00,CIX,,25.0,25.0,25.0,25.0,548.0
2025-06-26 13:33:00,CLDI,,0.2298000007867813,0.22990000247955322,0.2298000007867813,0.2298000007867813,400.0
2025-06-26 13:33:00,CMT,,17.024999618530273,17.024999618530273,17.024999618530273,17.024999618530273,100.0
2025-06-26 13:33:00,CQP,,55.95500183105469,56.06999969482422,55.95500183105469,56.06999969482422,648.0
2025-06-26 13:33:00,CRF,,7.554999828338623,7.559899806976318,7.554999828338623,7.554999828338623,305.0
2025-06-26 13:33:00,CTM,,1.0499999523162842,1.0499999523162842,1.0449999570846558,1.0467000007629395,7558.0
2025-06-26 13:33:00,DC,,3.815000057220459,3.815000057220459,3.815000057220459,3.815000057220459,100.0
2025-06-26 13:33:00,DHY,,2.109999895095825,2.109999895095825,2.109999895095825,2.109999895095825,100.0
2025-06-26 13:33:00,DNN,,1.815000057220459,1.815000057220459,1.809999942779541,1.8106000423431396,3375.0
2025-06-26 13:33:00,ELA,,5.90500020980835,5.90500020980835,5.90500020980835,5.90500020980835,106.0
2025-06-26 13:33:00,EQX,,5.965000152587891,5.969900131225586,5.960000038146973,5.964600086212158,3093.0
2025-06-26 13:33:00,ERC,,9.390000343322754,9.390000343322754,9.390000343322754,9.390000343322754,200.0
2025-06-26 13:33:00,ESP,,45.5,45.5,45.5,45.5,353.0
2025-06-26 13:33:00,EVM,,8.84000015258789,8.84000015258789,8.84000015258789,8.84000015258789,100.0
2025-06-26 13:33:00,EVV,,10.170000076293945,10.180000305175781,10.16569995880127,10.16569995880127,3251.0
2025-06-26 13:33:00,FOXO,,0.20360000431537628,0.20499999821186066,0.2003999948501587,0.20080000162124634,53915.0
2025-06-26 13:33:00,FSP,,1.684999942779541,1.684999942779541,1.6799999475479126,1.684999942779541,4756.0
2025-06-26 13:33:00,FTF,,6.385000228881836,6.385000228881836,6.385000228881836,6.385000228881836,266.0
2025-06-26 13:33:00,GNS,,0.9751999974250793,0.9829999804496765,0.9751999974250793,0.9800500273704529,20499.0
2025-06-26 13:33:00,GORO,,0.5552999973297119,0.5552999973297119,0.550000011920929,0.550000011920929,291.0
2025-06-26 13:33:00,GROY,,2.2950000762939453,2.299999952316284,2.2950000762939453,2.2950000762939453,642.0
2025-06-26 13:33:00,GTE,,5.054999828338623,5.054999828338623,5.054999828338623,5.054999828338623,251.0
2025-06-26 13:33:00,IBO,,1.0047999620437622,1.0047999620437622,1.0003000497817993,1.0047999620437622,5146.0
2025-06-26 13:33:00,IE,,9.789999961853027,9.789999961853027,9.789999961853027,9.789999961853027,284.0
2025-06-26 13:33:00,INDO,,3.140000104904175,3.1500000953674316,3.140000104904175,3.1500000953674316,430.0
2025-06-26 13:33:00,INFU,,6.460000038146973,6.460000038146973,6.454999923706055,6.454999923706055,2196.0
2025-06-26 13:33:00,INUV,,3.891700029373169,3.891700029373169,3.891700029373169,3.891700029373169,152.0
2025-06-26 13:33:00,ITRG,,1.5367000102996826,1.5367000102996826,1.5299999713897705,1.534999966621399,7093.0
2025-06-26 13:33:00,KULR,,5.105000019073486,5.110000133514404,5.100299835205078,5.110000133514404,2845.0
2025-06-26 13:33:00,LCTX,,0.9998999834060669,0.9998999834060669,0.998199999332428,0.998199999332428,22404.0
2025-06-26 13:33:00,LEU,,176.27000427246094,176.49000549316406,176.2100067138672,176.2100067138672,1424.0
2025-06-26 13:33:00,LMND,,42.31999969482422,42.34230041503906,42.290000915527344,42.34230041503906,5242.0
2025-06-26 13:33:00,LNG,,242.39639282226562,242.39639282226562,242.39639282226562,242.39639282226562,654.0
2025-06-26 13:33:00,LODE,,3.759999990463257,3.759999990463257,3.75,3.759999990463257,762.0
2025-06-26 13:33:00,MAG,,21.40999984741211,21.415000915527344,21.40999984741211,21.415000915527344,517.0
2025-06-26 13:33:00,MPTI,,40.7400016784668,40.7400016784668,40.70000076293945,40.72999954223633,2423.0
2025-06-26 13:33:00,NAK,,1.5549999475479126,1.5549999475479126,1.5549999475479126,1.5549999475479126,2541.0
2025-06-26 13:33:00,NFGC,,1.475000023841858,1.475000023841858,1.475000023841858,1.475000023841858,206.0
2025-06-26 13:33:00,NG,,4.090000152587891,4.09499979019165,4.090000152587891,4.090000152587891,5652.0
2025-06-26 13:33:00,NGD,,4.914999961853027,4.920000076293945,4.909999847412109,4.920000076293945,18533.0
2025-06-26 13:33:00,NNVC,,1.2200000286102295,1.2200000286102295,1.2200000286102295,1.2200000286102295,108.0
2025-06-26 13:33:00,NRO,,3.190000057220459,3.190000057220459,3.190000057220459,3.190000057220459,100.0
2025-06-26 13:33:00,OGEN,,3.7699999809265137,3.7699999809265137,3.7699999809265137,3.7699999809265137,100.0
2025-06-26 13:33:00,OPTT,,0.5156999826431274,0.5156999826431274,0.5156999826431274,0.5156999826431274,1700.0
2025-06-26 13:33:00,ORLA,,9.989999771118164,9.989999771118164,9.989999771118164,9.989999771118164,628.0
2025-06-26 13:33:00,PLG,,1.6549999713897705,1.659999966621399,1.6549999713897705,1.659999966621399,700.0
2025-06-26 13:33:00,PLMR,,151.19500732421875,151.39999389648438,150.9199981689453,151.2100067138672,3018.0
2025-06-26 13:33:00,PLX,,1.475000023841858,1.4794000387191772,1.4700000286102295,1.4794000387191772,34009.0
2025-06-26 13:33:00,REI,,0.7773000001907349,0.7773000001907349,0.7752000093460083,0.7752000093460083,19350.0
2025-06-26 13:33:00,SACH,,1.0850000381469727,1.0850000381469727,1.0850000381469727,1.0850000381469727,36588.0
2025-06-26 13:33:00,SATX,,2.950000047683716,2.950000047683716,2.950000047683716,2.950000047683716,305.0
2025-06-26 13:33:00,SBEV,,3.7950000762939453,3.7950000762939453,3.7225000858306885,3.7950000762939453,1100.0
2025-06-26 13:33:00,SEB,,2953.0,2955.199951171875,2953.0,2955.199951171875,4.0
2025-06-26 13:33:00,SENS,,0.5023000240325928,0.5023999810218811,0.5023000240325928,0.5023000240325928,15571.0
2025-06-26 13:33:00,SGN,,1.159999966621399,1.159999966621399,1.159999966621399,1.159999966621399,583.0
2025-06-26 13:33:00,SLI,,1.9249999523162842,1.9249999523162842,1.9249999523162842,1.9249999523162842,189.0
2025-06-26 13:33:00,SVM,,4.195000171661377,4.195000171661377,4.195000171661377,4.195000171661377,860.0
2025-06-26 13:33:00,TGB,,3.1549999713897705,3.1549999713897705,3.1549999713897705,3.1549999713897705,2417.0
2025-06-26 13:33:00,UAMY,,2.615000009536743,2.615000009536743,2.615000009536743,2.615000009536743,516.0
2025-06-26 13:33:00,UAVS,,1.1200000047683716,1.1200000047683716,1.1193000078201294,1.1193000078201294,5630.0
2025-06-26 13:33:00,UEC,,6.885000228881836,6.889999866485596,6.880000114440918,6.885000228881836,1582.0
2025-06-26 13:33:00,URG,,1.0399999618530273,1.0449999570846558,1.0399999618530273,1.0449999570846558,3219.0
2025-06-26 13:33:00,USAS,,0.8389000296592712,0.8389000296592712,0.836899995803833,0.8373500108718872,1366.0
2025-06-26 13:33:00,UUUU,,5.894999980926514,5.909999847412109,5.894999980926514,5.906599998474121,22463.0
2025-06-26 13:33:00,VNRX,,0.8133999705314636,0.8133999705314636,0.8133999705314636,0.8133999705314636,0.0
2025-06-26 13:33:00,VTAK,,0.2485000044107437,0.2485000044107437,0.2485000044107437,0.2485000044107437,212.0
2025-06-26 13:33:00,VZLA,,2.994999885559082,3.0,2.990000009536743,3.0,1037.0
2025-06-26 13:33:00,WWR,,0.5899999737739563,0.5899999737739563,0.5899999737739563,0.5899999737739563,10000.0
2025-06-26 13:33:00,WYY,,3.3499999046325684,3.3499999046325684,3.3499999046325684,3.3499999046325684,374.0
2025-06-26 13:34:00,AMS,,2.3399999141693115,2.3399999141693115,2.319999933242798,2.3299999237060547,5566.0
2025-06-26 13:34:00,ARMN,,6.840000152587891,6.84499979019165,6.840000152587891,6.84499979019165,1724.0
2025-06-26 13:34:00,ASM,,3.5350000858306885,3.5350000858306885,3.5350000858306885,3.5350000858306885,3568.0
2025-06-26 13:34:00,ATNM,,1.5549999475479126,1.5549999475479126,1.5549999475479126,1.5549999475479126,335.0
2025-06-26 13:34:00,BATL,,1.4800000190734863,1.4800000190734863,1.4800000190734863,1.4800000190734863,339.0
2025-06-26 13:34:00,BKTI,,54.724998474121094,54.724998474121094,54.724998474121094,54.724998474121094,276.0
2025-06-26 13:34:00,BRBS,,3.2799999713897705,3.2799999713897705,3.2750000953674316,3.2750000953674316,430.0
2025-06-26 13:34:00,BTG,,3.640000104904175,3.645400047302246,3.640000104904175,3.6449999809265137,52875.0
2025-06-26 13:34:00,BURU,,0.33550000190734863,0.33550000190734863,0.33550000190734863,0.33550000190734863,1002.0
2025-06-26 13:34:00,CATX,,3.7049999237060547,3.7049999237060547,3.700000047683716,3.7049999237060547,931.0
2025-06-26 13:34:00,CBOE,,228.3699951171875,228.3699951171875,228.33999633789062,228.33999633789062,1213.0
2025-06-26 13:34:00,CEF,,30.41160011291504,30.420000076293945,30.41160011291504,30.420000076293945,961.0
2025-06-26 13:34:00,CIK,,2.940000057220459,2.940000057220459,2.940000057220459,2.940000057220459,160.0
2025-06-26 13:34:00,CLDI,,0.23000000417232513,0.23000000417232513,0.22920000553131104,0.22930000722408295,26067.0
2025-06-26 13:34:00,CLM,,7.949900150299072,7.949900150299072,7.949900150299072,7.949900150299072,371.0
2025-06-26 13:34:00,CQP,,56.06999969482422,56.06999969482422,55.95500183105469,55.95500183105469,570.0
2025-06-26 13:34:00,CRF,,7.550000190734863,7.550000190734863,7.550000190734863,7.550000190734863,101.0
2025-06-26 13:34:00,CTM,,1.0408999919891357,1.0449999570846558,1.0408999919891357,1.0449999570846558,2629.0
2025-06-26 13:34:00,DC,,3.819999933242798,3.819999933242798,3.819999933242798,3.819999933242798,384.0
2025-06-26 13:34:00,DNN,,1.8200000524520874,1.8200000524520874,1.809999942779541,1.809999942779541,347815.0
2025-06-26 13:34:00,EPM,,4.769999980926514,4.769999980926514,4.769999980926514,4.769999980926514,309.0
2025-06-26 13:34:00,EQX,,5.965000152587891,5.96999979019165,5.960599899291992,5.965000152587891,16254.0
2025-06-26 13:34:00,ERC,,9.390000343322754,9.390000343322754,9.380000114440918,9.390000343322754,5091.0
2025-06-26 13:34:00,FOXO,,0.2021999955177307,0.20429900288581848,0.2021999955177307,0.20360000431537628,13204.0
2025-06-26 13:34:00,FSP,,1.690000057220459,1.690000057220459,1.684999942779541,1.684999942779541,472.0
2025-06-26 13:34:00,GGN,,4.385000228881836,4.385000228881836,4.385000228881836,4.385000228881836,275.0
2025-06-26 13:34:00,GNS,,0.9702000021934509,0.9775509834289551,0.9700000286102295,0.9775509834289551,11083.0
2025-06-26 13:34:00,GROY,,2.2950000762939453,2.2950000762939453,2.2950000762939453,2.2950000762939453,854.0
2025-06-26 13:34:00,GTE,,5.059999942779541,5.059999942779541,5.059999942779541,5.059999942779541,397.0
2025-06-26 13:34:00,HNW,,12.359999656677246,12.368300437927246,12.359999656677246,12.368300437927246,1900.0
2025-06-26 13:34:00,HUSA,,13.3100004196167,13.3100004196167,13.3100004196167,13.3100004196167,205.0
2025-06-26 13:34:00,IBO,,1.0,1.0099999904632568,1.0,1.0099999904632568,7138.0
2025-06-26 13:34:00,IE,,9.720000267028809,9.78499984741211,9.720000267028809,9.720000267028809,1983.0
2025-06-26 13:34:00,IGC,,0.30811500549316406,0.30811500549316406,0.30809998512268066,0.30809998512268066,1000.0
2025-06-26 13:34:00,IMO,,81.36000061035156,81.36000061035156,81.30999755859375,81.30999755859375,958.0
2025-06-26 13:34:00,INDO,,3.1449999809265137,3.1449999809265137,3.1449999809265137,3.1449999809265137,5351.0
2025-06-26 13:34:00,KNW,,1.9800000190734863,1.9800000190734863,1.9800000190734863,1.9800000190734863,2654.0
2025-06-26 13:34:00,KULR,,5.105000019073486,5.110000133514404,5.099999904632568,5.105000019073486,12057.0
2025-06-26 13:34:00,LCTX,,1.0,1.0,1.0,1.0,100.0
2025-06-26 13:34:00,LEU,,176.36000061035156,176.36000061035156,176.36000061035156,176.36000061035156,383.0
2025-06-26 13:34:00,LMND,,42.380001068115234,42.400001525878906,42.33000183105469,42.34469985961914,5373.0
2025-06-26 13:34:00,LNG,,242.44000244140625,242.4600067138672,242.44000244140625,242.44000244140625,2028.0
2025-06-26 13:34:00,MAG,,21.40999984741211,21.40999984741211,21.40999984741211,21.40999984741211,394.0
2025-06-26 13:34:00,MAIA,,1.6857999563217163,1.6857999563217163,1.6857999563217163,1.6857999563217163,167.0
2025-06-26 13:34:00,MPTI,,40.7400016784668,40.7400016784668,40.7400016784668,40.7400016784668,522.0
2025-06-26 13:34:00,MRT,,2.8129000663757324,2.8129000663757324,2.8129000663757324,2.8129000663757324,413.0
2025-06-26 13:34:00,MTA,,3.880000114440918,3.880000114440918,3.880000114440918,3.880000114440918,387.0
2025-06-26 13:34:00,MTNB,,0.9200000166893005,0.9200000166893005,0.9200000166893005,0.9200000166893005,1183.0
2025-06-26 13:34:00,MYO,,2.2200000286102295,2.2200000286102295,2.2200000286102295,2.2200000286102295,154.0
2025-06-26 13:34:00,NAK,,1.5549999475479126,1.5599000453948975,1.5535000562667847,1.5549999475479126,7633.0
2025-06-26 13:34:00,NBH,,9.79010009765625,9.79010009765625,9.79010009765625,9.79010009765625,428.0
2025-06-26 13:34:00,NG,,4.095099925994873,4.099999904632568,4.090000152587891,4.090000152587891,6049.0
2025-06-26 13:34:00,NGD,,4.914999961853027,4.920000076293945,4.911499977111816,4.914999961853027,9892.0
2025-06-26 13:34:00,OBE,,5.539999961853027,5.539999961853027,5.539999961853027,5.539999961853027,458.0
2025-06-26 13:34:00,OGEN,,3.6621999740600586,3.6621999740600586,3.6621999740600586,3.6621999740600586,1007.0
2025-06-26 13:34:00,OPTT,,0.5156999826431274,0.5156999826431274,0.5156999826431274,0.5156999826431274,744.0
2025-06-26 13:34:00,PLX,,1.4799000024795532,1.4800000190734863,1.475000023841858,1.4794000387191772,24420.0
2025-06-26 13:34:00,REI,,0.7783499956130981,0.7783499956130981,0.7771499752998352,0.7773000001907349,7718.0
2025-06-26 13:34:00,RLGT,,6.019999980926514,6.019999980926514,6.019999980926514,6.019999980926514,716.0
2025-06-26 13:34:00,SATX,,2.950000047683716,2.9549999237060547,2.950000047683716,2.9549999237060547,1207.0
2025-06-26 13:34:00,SBEV,,3.5999999046325684,3.7300000190734863,3.5999999046325684,3.7200000286102295,6370.0
2025-06-26 13:34:00,SENS,,0.5023000240325928,0.5023000240325928,0.5023000240325928,0.5023000240325928,2000.0
2025-06-26 13:34:00,SGN,,1.1598000526428223,1.159999966621399,1.1502000093460083,1.159999966621399,1706.0
2025-06-26 13:34:00,SKYH,,9.539999961853027,9.539999961853027,9.539999961853027,9.539999961853027,2129.0
2025-06-26 13:34:00,SLI,,1.9299999475479126,1.9299999475479126,1.9249999523162842,1.9249999523162842,722.0
2025-06-26 13:34:00,SOAR,,1.3949999809265137,1.3992999792099,1.3949999809265137,1.3983999490737915,4960.0
2025-06-26 13:34:00,STXS,,2.240000009536743,2.240000009536743,2.240000009536743,2.240000009536743,2406.0
2025-06-26 13:34:00,SVM,,4.195000171661377,4.195000171661377,4.195000171661377,4.195000171661377,752.0
2025-06-26 13:34:00,TGB,,3.1524999141693115,3.1600000858306885,3.1500000953674316,3.1549999713897705,7279.0
2025-06-26 13:34:00,TOON,,0.73580002784729,0.73580002784729,0.73580002784729,0.73580002784729,14008.0
2025-06-26 13:34:00,TPET,,1.1792999505996704,1.1799999475479126,1.1730999946594238,1.1749999523162842,2716.0
2025-06-26 13:34:00,UAMY,,2.6012001037597656,2.619999885559082,2.6012001037597656,2.6175999641418457,15287.0
2025-06-26 13:34:00,UAVS,,1.1200000047683716,1.1200000047683716,1.1200000047683716,1.1200000047683716,607.0
2025-06-26 13:34:00,UEC,,6.894999980926514,6.894999980926514,6.881199836730957,6.881199836730957,10818.0
2025-06-26 13:34:00,URG,,1.0399999618530273,1.0449999570846558,1.0399999618530273,1.0449999570846558,1724.0
2025-06-26 13:34:00,USAS,,0.8389999866485596,0.8389999866485596,0.8389999866485596,0.8389999866485596,1000.0
2025-06-26 13:34:00,UTG,,35.5099983215332,35.52000045776367,35.5099983215332,35.52000045776367,517.0
2025-06-26 13:34:00,UUUU,,5.90500020980835,5.909900188446045,5.889999866485596,5.889999866485596,14845.0
2025-06-26 13:34:00,VTAK,,0.25049901008605957,0.25049901008605957,0.24879999458789825,0.24879999458789825,10564.0
2025-06-26 13:34:00,VZLA,,2.990000009536743,2.994999885559082,2.990000009536743,2.994999885559082,7091.0
2025-06-26 13:34:00,WWR,,0.5880489945411682,0.588100016117096,0.5875999927520752,0.5875999927520752,1330.0
2025-06-26 13:34:00,XTNT,,0.6200000047683716,0.6200000047683716,0.6200000047683716,0.6200000047683716,751.0
2025-06-26 13:35:00,AREN,,5.730000019073486,5.730000019073486,5.730000019073486,5.730000019073486,265.0
2025-06-26 13:35:00,ARMN,,6.840000152587891,6.84499979019165,6.840000152587891,6.840000152587891,2517.0
2025-06-26 13:35:00,ASM,,3.5399999618530273,3.5399999618530273,3.5311999320983887,3.5311999320983887,854.0
2025-06-26 13:35:00,BTG,,3.640000104904175,3.6449999809265137,3.640000104904175,3.6449999809265137,105333.0
2025-06-26 13:35:00,BURU,,0.335999995470047,0.335999995470047,0.335999995470047,0.335999995470047,7500.0
2025-06-26 13:35:00,CATX,,3.700000047683716,3.7051000595092773,3.700000047683716,3.7049999237060547,2817.0
2025-06-26 13:35:00,CEF,,30.40999984741211,30.40999984741211,30.40999984741211,30.40999984741211,200.0
2025-06-26 13:35:00,CIK,,2.940000057220459,2.940000057220459,2.940000057220459,2.940000057220459,100.0
2025-06-26 13:35:00,CLDI,,0.23000000417232513,0.23000000417232513,0.22750000655651093,0.23000000417232513,28938.0
2025-06-26 13:35:00,CLM,,7.949999809265137,7.949999809265137,7.945000171661377,7.945000171661377,374.0
2025-06-26 13:35:00,CQP,,56.06999969482422,56.06999969482422,55.95500183105469,56.06999969482422,400.0
2025-06-26 13:35:00,CRF,,7.559899806976318,7.559899806976318,7.559899806976318,7.559899806976318,100.0
2025-06-26 13:35:00,CTM,,1.0449999570846558,1.0449999570846558,1.0449999570846558,1.0449999570846558,100.0
2025-06-26 13:35:00,CYBN,,8.524999618530273,8.524999618530273,8.524999618530273,8.524999618530273,510.0
2025-06-26 13:35:00,DNN,,1.8200000524520874,1.8200000524520874,1.809999942779541,1.8200000524520874,169018.0
2025-06-26 13:35:00,EQX,,5.965000152587891,5.96999979019165,5.960000038146973,5.960000038146973,6124.0
2025-06-26 13:35:00,GAU,,1.284999966621399,1.284999966621399,1.284999966621399,1.284999966621399,143.0
2025-06-26 13:35:00,GLO,,5.344699859619141,5.344699859619141,5.344699859619141,5.344699859619141,100.0
2025-06-26 13:35:00,GNS,,0.9779999852180481,0.9894989728927612,0.9599999785423279,0.9702000021934509,122981.0
2025-06-26 13:35:00,GROY,,2.2950000762939453,2.2950000762939453,2.2950000762939453,2.2950000762939453,1004.0
2025-06-26 13:35:00,HNW,,12.359199523925781,12.359199523925781,12.359199523925781,12.359199523925781,900.0
2025-06-26 13:35:00,IBO,,1.000100016593933,1.000100016593933,1.0,1.0,1870.0
2025-06-26 13:35:00,IDR,,13.175000190734863,13.175000190734863,13.15999984741211,13.15999984741211,2403.0
2025-06-26 13:35:00,IE,,9.734999656677246,9.734999656677246,9.734999656677246,9.734999656677246,167.0
2025-06-26 13:35:00,IGC,,0.30799999833106995,0.30820000171661377,0.30799999833106995,0.30809998512268066,6275.0
2025-06-26 13:35:00,INDO,,3.1600000858306885,3.1600000858306885,3.1600000858306885,3.1600000858306885,178.0
2025-06-26 13:35:00,ITRG,,1.5312999486923218,1.5312999486923218,1.5312999486923218,1.5312999486923218,235.0
2025-06-26 13:35:00,KNW,,1.9711999893188477,1.9711999893188477,1.9701000452041626,1.9701000452041626,557.0
2025-06-26 13:35:00,KULR,,5.110000133514404,5.110000133514404,5.105000019073486,5.110000133514404,1794.0
2025-06-26 13:35:00,LCTX,,1.0,1.0,1.0,1.0,151.0
2025-06-26 13:35:00,LEU,,176.40499877929688,176.8000030517578,176.15280151367188,176.15280151367188,1169.0
2025-06-26 13:35:00,LMND,,42.36000061035156,42.380001068115234,42.35060119628906,42.35499954223633,1877.0
2025-06-26 13:35:00,LODE,,3.759999990463257,3.759999990463257,3.759999990463257,3.759999990463257,565.0
2025-06-26 13:35:00,MAG,,21.420000076293945,21.420000076293945,21.40999984741211,21.40999984741211,900.0
2025-06-26 13:35:00,NAK,,1.5582000017166138,1.559999942779541,1.5549999475479126,1.559999942779541,5499.0
2025-06-26 13:35:00,NBH,,9.800000190734863,9.800000190734863,9.795000076293945,9.795000076293945,600.0
2025-06-26 13:35:00,NG,,4.099999904632568,4.099999904632568,4.099400043487549,4.099400043487549,1323.0
2025-06-26 13:35:00,NGD,,4.914999961853027,4.920000076293945,4.909999847412109,4.909999847412109,18055.0
2025-06-26 13:35:00,OPTT,,0.5156999826431274,0.5156999826431274,0.5151000022888184,0.5151000022888184,400.0
2025-06-26 13:35:00,ORLA,,9.984999656677246,9.984999656677246,9.979999542236328,9.979999542236328,542.0
2025-06-26 13:35:00,OSTX,,1.8907999992370605,1.8907999992370605,1.8907999992370605,1.8907999992370605,280.0
2025-06-26 13:35:00,PLG,,1.659999966621399,1.659999966621399,1.659999966621399,1.659999966621399,365.0
2025-06-26 13:35:00,PLX,,1.4800000190734863,1.4850000143051147,1.4800000190734863,1.4800000190734863,2218.0
2025-06-26 13:35:00,PW,,1.0950000286102295,1.0950000286102295,1.0950000286102295,1.0950000286102295,100.0
2025-06-26 13:35:00,REI,,0.7788000106811523,0.7788000106811523,0.778249979019165,0.7788000106811523,2837.0
2025-06-26 13:35:00,RLGT,,6.03000020980835,6.03000020980835,6.03000020980835,6.03000020980835,394.0
2025-06-26 13:35:00,SATX,,2.950000047683716,2.950000047683716,2.950000047683716,2.950000047683716,401.0
2025-06-26 13:35:00,SBEV,,3.5799999237060547,3.6500000953674316,3.575000047683716,3.6500000953674316,1886.0
2025-06-26 13:35:00,SEB,,2969.830078125,2969.830078125,2969.830078125,2969.830078125,4.0
2025-06-26 13:35:00,SENS,,0.5023499727249146,0.5023999810218811,0.5023009777069092,0.5023999810218811,5713.0
2025-06-26 13:35:00,SGN,,1.1500999927520752,1.1500999927520752,1.1500999927520752,1.1500999927520752,2271.0
2025-06-26 13:35:00,SLI,,1.9249999523162842,1.9249999523162842,1.9249999523162842,1.9249999523162842,130.0
2025-06-26 13:35:00,STXS,,2.234999895095825,2.234999895095825,2.234999895095825,2.234999895095825,1033.0
2025-06-26 13:35:00,SVM,,4.195000171661377,4.195000171661377,4.190400123596191,4.190400123596191,1402.0
2025-06-26 13:35:00,TGB,,3.1503000259399414,3.1549999713897705,3.1500000953674316,3.1500000953674316,15730.0
2025-06-26 13:35:00,TOON,,0.7358999848365784,0.7358999848365784,0.7358999848365784,0.7358999848365784,140.0
2025-06-26 13:35:00,UAMY,,2.5999999046325684,2.6050000190734863,2.5950000286102295,2.6050000190734863,28342.0
2025-06-26 13:35:00,UAVS,,1.1200000047683716,1.1200000047683716,1.1100000143051147,1.1198999881744385,2555.0
2025-06-26 13:35:00,UEC,,6.894999980926514,6.900000095367432,6.891200065612793,6.894999980926514,9017.0
2025-06-26 13:35:00,URG,,1.0399999618530273,1.0499999523162842,1.0399999618530273,1.0399999618530273,5167.0
2025-06-26 13:35:00,USAS,,0.8373000025749207,0.8373000025749207,0.8373000025749207,0.8373000025749207,2220.0
2025-06-26 13:35:00,UUUU,,5.904699802398682,5.909999847412109,5.900100231170654,5.909999847412109,12615.0
2025-06-26 13:35:00,VZLA,,3.0,3.0,2.990000009536743,2.990000009536743,10124.0
2025-06-26 13:36:00,ACU,,40.029998779296875,40.029998779296875,40.029998779296875,40.029998779296875,367.0
2025-06-26 13:36:00,AREN,,5.690000057220459,5.690000057220459,5.690000057220459,5.690000057220459,242.0
2025-06-26 13:36:00,ARMN,,6.84499979019165,6.84499979019165,6.84499979019165,6.84499979019165,100.0
2025-06-26 13:36:00,ATNM,,1.5549999475479126,1.5549999475479126,1.5549999475479126,1.5549999475479126,100.0
2025-06-26 13:36:00,BKTI,,54.81679916381836,54.81679916381836,54.81679916381836,54.81679916381836,684.0
2025-06-26 13:36:00,BRBS,,3.2750000953674316,3.2750000953674316,3.2750000953674316,3.2750000953674316,108.0
2025-06-26 13:36:00,BTG,,3.640000104904175,3.6449999809265137,3.640000104904175,3.640000104904175,8046.0
2025-06-26 13:36:00,BURU,,0.33719998598098755,0.33799999952316284,0.336650013923645,0.336650013923645,7714.0
2025-06-26 13:36:00,CATX,,3.694999933242798,3.7049999237060547,3.694999933242798,3.7047998905181885,9177.0
2025-06-26 13:36:00,CET,,47.5099983215332,47.5099983215332,47.5099983215332,47.5099983215332,0.0
2025-06-26 13:36:00,CIK,,2.940000057220459,2.940000057220459,2.940000057220459,2.940000057220459,100.0
2025-06-26 13:36:00,CLDI,,0.23190000653266907,0.23190000653266907,0.23000000417232513,0.23000000417232513,15664.0
2025-06-26 13:36:00,CQP,,56.0,56.08000183105469,55.95500183105469,55.95500183105469,1126.0
2025-06-26 13:36:00,CRF,,7.554999828338623,7.559999942779541,7.554999828338623,7.554999828338623,4920.0
2025-06-26 13:36:00,CTM,,1.0449999570846558,1.0499000549316406,1.0449999570846558,1.0499000549316406,1806.0
2025-06-26 13:36:00,CYBN,,8.479999542236328,8.479999542236328,8.479999542236328,8.479999542236328,115.0
2025-06-26 13:36:00,DNN,,1.8200000524520874,1.8200000524520874,1.809999942779541,1.8200000524520874,127577.0
2025-06-26 13:36:00,ELA,,5.840000152587891,5.840000152587891,5.840000152587891,5.840000152587891,622.0
2025-06-26 13:36:00,ELMD,,21.139999389648438,21.139999389648438,21.139999389648438,21.139999389648438,148.0
2025-06-26 13:36:00,EQX,,5.965000152587891,5.96999979019165,5.960000038146973,5.96999979019165,5611.0
2025-06-26 13:36:00,ERC,,9.380000114440918,9.380000114440918,9.380000114440918,9.380000114440918,100.0
2025-06-26 13:36:00,ESBA,,7.7787017822265625,7.800000190734863,7.7787017822265625,7.789999961853027,1674.0
2025-06-26 13:36:00,FOXO,,0.20419999957084656,0.20419999957084656,0.20419999957084656,0.20419999957084656,482.0
2025-06-26 13:36:00,FSP,,1.690000057220459,1.690000057220459,1.690000057220459,1.690000057220459,202.0
2025-06-26 13:36:00,GLQ,,6.960000038146973,6.960000038146973,6.960000038146973,6.960000038146973,0.0
2025-06-26 13:36:00,GNS,,0.9775000214576721,0.9939000010490417,0.9764999747276306,0.9890999794006348,44202.0
2025-06-26 13:36:00,GROY,,2.2988998889923096,2.2988998889923096,2.2950000762939453,2.2950000762939453,425.0
2025-06-26 13:36:00,IE,,9.734999656677246,9.734999656677246,9.734999656677246,9.734999656677246,3588.0
2025-06-26 13:36:00,IMO,,81.30500030517578,81.31999969482422,81.30500030517578,81.31999969482422,1178.0
2025-06-26 13:36:00,INDO,,3.1600000858306885,3.1600000858306885,3.157599925994873,3.157599925994873,400.0
2025-06-26 13:36:00,ITRG,,1.5333000421524048,1.5398999452590942,1.5299999713897705,1.5299999713897705,4756.0
2025-06-26 13:36:00,KULR,,5.119999885559082,5.119999885559082,5.110000133514404,5.119999885559082,3597.0
2025-06-26 13:36:00,LCTX,,0.9995999932289124,1.0,0.9995999932289124,1.0,8286.0
2025-06-26 13:36:00,LEU,,176.72500610351562,176.8000030517578,176.47999572753906,176.75,1789.0
2025-06-26 13:36:00,LMND,,42.3650016784668,42.380001068115234,42.3650016784668,42.380001068115234,389.0
2025-06-26 13:36:00,LNG,,242.32000732421875,242.32000732421875,242.32000732421875,242.32000732421875,604.0
2025-06-26 13:36:00,LSF,,6.190000057220459,6.190000057220459,6.190000057220459,6.190000057220459,331.0
2025-06-26 13:36:00,MGLD,,0.9300000071525574,0.9300000071525574,0.925000011920929,0.9300000071525574,3162.0
2025-06-26 13:36:00,MPTI,,40.685001373291016,40.685001373291016,40.685001373291016,40.685001373291016,414.0
2025-06-26 13:36:00,MYO,,2.2300000190734863,2.2300000190734863,2.2300000190734863,2.2300000190734863,545.0
2025-06-26 13:36:00,NAK,,1.5549999475479126,1.5549999475479126,1.5549999475479126,1.5549999475479126,1286.0
2025-06-26 13:36:00,NBH,,9.795000076293945,9.795000076293945,9.795000076293945,9.795000076293945,500.0
2025-06-26 13:36:00,NEWP,,1.3700000047683716,1.3701000213623047,1.3700000047683716,1.3701000213623047,400.0
2025-06-26 13:36:00,NG,,4.099999904632568,4.099999904632568,4.099999904632568,4.099999904632568,1970.0
2025-06-26 13:36:00,NGD,,4.909999847412109,4.920000076293945,4.909999847412109,4.919899940490723,8337.0
2025-06-26 13:36:00,OPTT,,0.5156999826431274,0.5156999826431274,0.5151000022888184,0.5151000022888184,1359.0
2025-06-26 13:36:00,ORLA,,9.984999656677246,9.984999656677246,9.984999656677246,9.984999656677246,386.0
2025-06-26 13:36:00,PLG,,1.6449999809265137,1.649999976158142,1.6449999809265137,1.649999976158142,18116.0
2025-06-26 13:36:00,PLMR,,150.70689392089844,150.70689392089844,150.70689392089844,150.70689392089844,1475.0
2025-06-26 13:36:00,REI,,0.7788000106811523,0.7788000106811523,0.7788000106811523,0.7788000106811523,377.0
2025-06-26 13:36:00,SATX,,2.950000047683716,2.950000047683716,2.950000047683716,2.950000047683716,108.0
2025-06-26 13:36:00,SBEV,,3.549999952316284,3.5850000381469727,3.549999952316284,3.569999933242798,1543.0
2025-06-26 13:36:00,SEB,,2959.0,2970.0,2959.0,2970.0,3.0
2025-06-26 13:36:00,SENS,,0.5023999810218811,0.5023999810218811,0.5023000240325928,0.5023000240325928,3758.0
2025-06-26 13:36:00,SGN,,1.1480000019073486,1.149999976158142,1.1399999856948853,1.149999976158142,10223.0
2025-06-26 13:36:00,SLI,,1.9249999523162842,1.9287999868392944,1.9249999523162842,1.9287999868392944,1235.0
2025-06-26 13:36:00,SLND,,3.940000057220459,3.940000057220459,3.940000057220459,3.940000057220459,226.0
2025-06-26 13:36:00,SVM,,4.195000171661377,4.195000171661377,4.190000057220459,4.195000171661377,4345.0
2025-06-26 13:36:00,TGB,,3.1500000953674316,3.1549999713897705,3.1445999145507812,3.1549999713897705,136384.0
2025-06-26 13:36:00,TOON,,0.75,0.75,0.75,0.75,226.0
2025-06-26 13:36:00,UAMY,,2.589900016784668,2.5950000286102295,2.5850000381469727,2.5950000286102295,7182.0
2025-06-26 13:36:00,UEC,,6.900000095367432,6.900000095367432,6.894999980926514,6.900000095367432,3511.0
2025-06-26 13:36:00,URG,,1.0399999618530273,1.0499999523162842,1.0399999618530273,1.0399999618530273,1910.0
2025-06-26 13:36:00,USAS,,0.8389999866485596,0.8389999866485596,0.8357009887695312,0.8373000025749207,2930.0
2025-06-26 13:36:00,UUUU,,5.90500020980835,5.909999847412109,5.901299953460693,5.901299953460693,2133.0
2025-06-26 13:36:00,VKI,,8.21500015258789,8.21500015258789,8.21500015258789,8.21500015258789,100.0
2025-06-26 13:36:00,VTAK,,0.25049901008605957,0.25049901008605957,0.25049901008605957,0.25049901008605957,500.0
2025-06-26 13:36:00,VZLA,,2.990000009536743,2.994999885559082,2.990000009536743,2.994999885559082,39036.0
2025-06-26 13:37:00,AEON,,0.7609000205993652,0.7609000205993652,0.7609000205993652,0.7609000205993652,232.0
2025-06-26 13:37:00,AMS,,2.359999895095825,2.380000114440918,2.319999933242798,2.319999933242798,3831.0
2025-06-26 13:37:00,ARMN,,6.855000019073486,6.855000019073486,6.84499979019165,6.849999904632568,11625.0
2025-06-26 13:37:00,ASM,,3.5313000679016113,3.5350000858306885,3.5313000679016113,3.5350000858306885,1129.0
2025-06-26 13:37:00,ATNM,,1.5549999475479126,1.5549999475479126,1.5549999475479126,1.5549999475479126,510.0
2025-06-26 13:37:00,BATL,,1.496000051498413,1.496000051498413,1.496000051498413,1.496000051498413,100.0
2025-06-26 13:37:00,BRBS,,3.2699999809265137,3.2750000953674316,3.2699999809265137,3.2699999809265137,732.0
2025-06-26 13:37:00,BTG,,3.640000104904175,3.6449999809265137,3.640000104904175,3.6449999809265137,11479.0
2025-06-26 13:37:00,BURU,,0.33614999055862427,0.33614999055862427,0.3352999985218048,0.3352999985218048,582.0
2025-06-26 13:37:00,CATX,,3.694999933242798,3.694999933242798,3.690000057220459,3.690000057220459,730.0
2025-06-26 13:37:00,CBOE,,228.2899932861328,228.2899932861328,228.2899932861328,228.2899932861328,1038.0
2025-06-26 13:37:00,CIK,,2.940000057220459,2.940000057220459,2.940000057220459,2.940000057220459,217.0
2025-06-26 13:37:00,CLDI,,0.23309999704360962,0.23309999704360962,0.23309999704360962,0.23309999704360962,769141.0
2025-06-26 13:37:00,CPHI,,1.8300000429153442,1.8300000429153442,1.8300000429153442,1.8300000429153442,100.0
2025-06-26 13:37:00,CQP,,55.97999954223633,55.98500061035156,55.91999816894531,55.96500015258789,640.0
2025-06-26 13:37:00,CTGO,,20.809999465942383,20.809999465942383,20.809999465942383,20.809999465942383,223.0
2025-06-26 13:37:00,CTM,,1.0399999618530273,1.0499999523162842,1.0399999618530273,1.0499999523162842,523.0
2025-06-26 13:37:00,DNN,,1.8203999996185303,1.8300000429153442,1.809999942779541,1.815000057220459,1295819.0
2025-06-26 13:37:00,EAD,,6.985000133514404,6.985000133514404,6.985000133514404,6.985000133514404,2042.0
2025-06-26 13:37:00,EQX,,5.965000152587891,5.96999979019165,5.965000152587891,5.96999979019165,3550.0
2025-06-26 13:37:00,ESP,,45.630001068115234,45.630001068115234,45.630001068115234,45.630001068115234,226.0
2025-06-26 13:37:00,FOXO,,0.20340000092983246,0.20340000092983246,0.20239999890327454,0.20239999890327454,29485.0
2025-06-26 13:37:00,FSP,,1.690000057220459,1.690000057220459,1.684999942779541,1.684999942779541,667.0
2025-06-26 13:37:00,GAU,,1.2799999713897705,1.284999966621399,1.2799999713897705,1.284999966621399,319.0
2025-06-26 13:37:00,GENC,,14.289999961853027,14.289999961853027,14.289999961853027,14.289999961853027,100.0
2025-06-26 13:37:00,GNS,,0.9897000193595886,0.9897000193595886,0.9800000190734863,0.9800000190734863,1172.0
2025-06-26 13:37:00,GORO,,0.5526999831199646,0.5526999831199646,0.5526999831199646,0.5526999831199646,306.0
2025-06-26 13:37:00,GROY,,2.2950000762939453,2.299999952316284,2.290299892425537,2.2950000762939453,9202.0
2025-06-26 13:37:00,HUSA,,13.3100004196167,13.3100004196167,13.3100004196167,13.3100004196167,443.0
2025-06-26 13:37:00,IE,,9.699999809265137,9.699999809265137,9.699999809265137,9.699999809265137,494.0
2025-06-26 13:37:00,IMO,,81.23999786376953,81.30999755859375,81.23999786376953,81.30999755859375,551.0
2025-06-26 13:37:00,INDO,,3.1449999809265137,3.1449999809265137,3.1449999809265137,3.1449999809265137,114.0
2025-06-26 13:37:00,KULR,,5.120100021362305,5.120100021362305,5.116700172424316,5.119999885559082,6972.0
2025-06-26 13:37:00,LCTX,,1.0049999952316284,1.0049999952316284,0.9994999766349792,0.9995499849319458,15528.0
2025-06-26 13:37:00,LEU,,176.3000030517578,176.3000030517578,176.3000030517578,176.3000030517578,267.0
2025-06-26 13:37:00,LMND,,42.38999938964844,42.39970016479492,42.34000015258789,42.34000015258789,4281.0
2025-06-26 13:37:00,LNG,,242.3350067138672,242.3350067138672,242.3350067138672,242.3350067138672,135.0
2025-06-26 13:37:00,LODE,,3.7699999809265137,3.7699999809265137,3.765000104904175,3.765000104904175,305.0
2025-06-26 13:37:00,MAG,,21.43000030517578,21.43000030517578,21.43000030517578,21.43000030517578,411.0
2025-06-26 13:37:00,NAK,,1.551900029182434,1.559999942779541,1.5499999523162842,1.5599000453948975,12105.0
2025-06-26 13:37:00,NFGC,,1.475000023841858,1.4800000190734863,1.4739999771118164,1.4800000190734863,3156.0
2025-06-26 13:37:00,NG,,4.110000133514404,4.110000133514404,4.099999904632568,4.099999904632568,12035.0
2025-06-26 13:37:00,NGD,,4.918700218200684,4.920000076293945,4.909999847412109,4.920000076293945,15485.0
2025-06-26 13:37:00,OGEN,,3.690000057220459,3.690000057220459,3.690000057220459,3.690000057220459,261.0
2025-06-26 13:37:00,OPTT,,0.5156999826431274,0.5156999826431274,0.5156999826431274,0.5156999826431274,3225675.0
2025-06-26 13:37:00,ORLA,,9.984999656677246,9.984999656677246,9.984999656677246,9.984999656677246,650.0
2025-06-26 13:37:00,OSTX,,1.8949999809265137,1.8949999809265137,1.8949999809265137,1.8949999809265137,100.0
2025-06-26 13:37:00,PLG,,1.649999976158142,1.649999976158142,1.6449999809265137,1.6449999809265137,4090.0
2025-06-26 13:37:00,PLX,,1.4855999946594238,1.4855999946594238,1.4800000190734863,1.4817999601364136,2314.0
2025-06-26 13:37:00,PW,,1.100000023841858,1.100000023841858,1.0950000286102295,1.0950000286102295,200.0
2025-06-26 13:37:00,REI,,0.7781999707221985,0.7781999707221985,0.7781999707221985,0.7781999707221985,1953.0
2025-06-26 13:37:00,SATX,,2.950000047683716,2.9549999237060547,2.950000047683716,2.9549999237060547,1354.0
2025-06-26 13:37:00,SBEV,,3.549999952316284,3.6270999908447266,3.549999952316284,3.5799999237060547,1917.0
2025-06-26 13:37:00,SEB,,2954.10009765625,2954.10009765625,2954.10009765625,2954.10009765625,1.0
2025-06-26 13:37:00,SENS,,0.5022000074386597,0.5023999810218811,0.5022000074386597,0.5023999810218811,13859.0
2025-06-26 13:37:00,SGN,,1.1401000022888184,1.1401000022888184,1.1401000022888184,1.1401000022888184,2001.0
2025-06-26 13:37:00,SLI,,1.9251999855041504,1.9251999855041504,1.9199999570846558,1.9199999570846558,1610.0
2025-06-26 13:37:00,SLND,,3.9000000953674316,3.9000000953674316,3.9000000953674316,3.9000000953674316,245.0
2025-06-26 13:37:00,SOAR,,1.3980000019073486,1.3980000019073486,1.3980000019073486,1.3980000019073486,407.0
2025-06-26 13:37:00,SVM,,4.195000171661377,4.195000171661377,4.190000057220459,4.195000171661377,1637.0
2025-06-26 13:37:00,TGB,,3.149899959564209,3.1500000953674316,3.140000104904175,3.1500000953674316,90552.0
2025-06-26 13:37:00,UAMY,,2.5899999141693115,2.5899999141693115,2.5848000049591064,2.589900016784668,1691.0
2025-06-26 13:37:00,UAVS,,1.1200000047683716,1.1200000047683716,1.1200000047683716,1.1200000047683716,938.0
2025-06-26 13:37:00,UEC,,6.90500020980835,6.909999847412109,6.894999980926514,6.900000095367432,28898.0
2025-06-26 13:37:00,URG,,1.0449999570846558,1.0449999570846558,1.0399999618530273,1.0399999618530273,4734.0
2025-06-26 13:37:00,USAS,,0.8389999866485596,0.8389999866485596,0.8370000123977661,0.8373500108718872,3100.0
2025-06-26 13:37:00,UTG,,35.51380157470703,35.51380157470703,35.51380157470703,35.51380157470703,413.0
2025-06-26 13:37:00,UUUU,,5.920000076293945,5.929999828338623,5.90500020980835,5.90500020980835,13384.0
2025-06-26 13:37:00,VTAK,,0.2524000108242035,0.2524000108242035,0.25029999017715454,0.25040000677108765,13152.0
2025-06-26 13:37:00,VZLA,,2.9800000190734863,3.0,2.9800000190734863,2.990999937057495,106814.0
2025-06-26 13:38:00,AMS,,2.359999895095825,2.359999895095825,2.359999895095825,2.359999895095825,520.0
2025-06-26 13:38:00,ARMN,,6.864999771118164,6.864999771118164,6.860000133514404,6.860000133514404,3183.0
2025-06-26 13:38:00,ATNM,,1.5549999475479126,1.5549999475479126,1.5549999475479126,1.5549999475479126,300.0
2025-06-26 13:38:00,AWX,,2.450000047683716,2.450000047683716,2.450000047683716,2.450000047683716,501.0
2025-06-26 13:38:00,BATL,,1.4850000143051147,1.4850000143051147,1.4850000143051147,1.4850000143051147,307.0
2025-06-26 13:38:00,BRBS,,3.2750000953674316,3.2750000953674316,3.2750000953674316,3.2750000953674316,119.0
2025-06-26 13:38:00,BTG,,3.640000104904175,3.641900062561035,3.640000104904175,3.640000104904175,9407.0
2025-06-26 13:38:00,BURU,,0.3431999981403351,0.3440000116825104,0.335301011800766,0.3370000123977661,206095.0
2025-06-26 13:38:00,CATX,,3.694999933242798,3.694999933242798,3.694999933242798,3.694999933242798,200.0
2025-06-26 13:38:00,CEF,,30.415000915527344,30.415000915527344,30.415000915527344,30.415000915527344,724.0
2025-06-26 13:38:00,CIK,,2.940000057220459,2.940000057220459,2.940000057220459,2.940000057220459,100.0
2025-06-26 13:38:00,CLM,,7.949999809265137,7.949999809265137,7.949999809265137,7.949999809265137,102.0
2025-06-26 13:38:00,CQP,,55.98500061035156,55.98500061035156,55.98500061035156,55.98500061035156,710.0
2025-06-26 13:38:00,CRF,,7.554999828338623,7.554999828338623,7.554999828338623,7.554999828338623,216.0
2025-06-26 13:38:00,CTM,,1.0449999570846558,1.0449999570846558,1.0449999570846558,1.0449999570846558,100.0
2025-06-26 13:38:00,CVM,,2.430000066757202,2.430000066757202,2.430000066757202,2.430000066757202,125.0
2025-06-26 13:38:00,CYBN,,8.524999618530273,8.524999618530273,8.524999618530273,8.524999618530273,101.0
2025-06-26 13:38:00,DNN,,1.8250000476837158,1.8300000429153442,1.8200000524520874,1.8300000429153442,229881.0
2025-06-26 13:38:00,ELMD,,21.21500015258789,21.280000686645508,21.21500015258789,21.280000686645508,300.0
2025-06-26 13:38:00,EQX,,5.960700035095215,5.965000152587891,5.960700035095215,5.965000152587891,1406.0
2025-06-26 13:38:00,FOXO,,0.2040500044822693,0.2040500044822693,0.20329999923706055,0.20329999923706055,2978.0
2025-06-26 13:38:00,FRD,,16.280000686645508,16.280000686645508,16.280000686645508,16.280000686645508,952.0
2025-06-26 13:38:00,FSP,,1.690000057220459,1.690000057220459,1.690000057220459,1.690000057220459,50926.0
2025-06-26 13:38:00,GENC,,14.130000114440918,14.289999961853027,14.130000114440918,14.210000038146973,1338.0
2025-06-26 13:38:00,GLO,,5.344699859619141,5.344699859619141,5.344699859619141,5.344699859619141,0.0
2025-06-26 13:38:00,GNS,,0.9894999861717224,0.9896000027656555,0.9800000190734863,0.9865999817848206,9405.0
2025-06-26 13:38:00,GROY,,2.2950000762939453,2.2950000762939453,2.2950000762939453,2.2950000762939453,440.0
2025-06-26 13:38:00,IBO,,1.0,1.0049999952316284,1.0,1.0,2761.0
2025-06-26 13:38:00,IDR,,13.180000305175781,13.180000305175781,13.180000305175781,13.180000305175781,214.0
2025-06-26 13:38:00,IE,,9.699999809265137,9.699999809265137,9.680000305175781,9.680000305175781,620.0
2025-06-26 13:38:00,IMO,,81.2699966430664,81.2699966430664,81.24500274658203,81.24500274658203,401.0
2025-06-26 13:38:00,INDO,,3.1303999423980713,3.1303999423980713,3.1303999423980713,3.1303999423980713,161.0
2025-06-26 13:38:00,ITP,,0.18729999661445618,0.18729999661445618,0.18729999661445618,0.18729999661445618,4250.0
2025-06-26 13:38:00,KULR,,5.135000228881836,5.139999866485596,5.125,5.129199981689453,2801.0
2025-06-26 13:38:00,LCTX,,1.0049999952316284,1.0049999952316284,1.000100016593933,1.0049999952316284,6703.0
2025-06-26 13:38:00,LEU,,175.99000549316406,176.74000549316406,175.9600067138672,176.74000549316406,2270.0
2025-06-26 13:38:00,LMND,,42.34000015258789,42.400001525878906,42.34000015258789,42.38999938964844,1707.0
2025-06-26 13:38:00,LNG,,242.41000366210938,242.41000366210938,242.31500244140625,242.3350067138672,990.0
2025-06-26 13:38:00,LODE,,3.7750000953674316,3.7750000953674316,3.7750000953674316,3.7750000953674316,508.0
2025-06-26 13:38:00,MAG,,21.420000076293945,21.420000076293945,21.420000076293945,21.420000076293945,104.0
2025-06-26 13:38:00,NAK,,1.5549999475479126,1.559999942779541,1.5549999475479126,1.5549999475479126,3646.0
2025-06-26 13:38:00,NCL,,0.17970000207424164,0.18019999563694,0.17970000207424164,0.18019999563694,12206.0
2025-06-26 13:38:00,NFGC,,1.4709999561309814,1.4800000190734863,1.4709999561309814,1.4800000190734863,3000.0
2025-06-26 13:38:00,NG,,4.105000019073486,4.110000133514404,4.105000019073486,4.110000133514404,1721.0
2025-06-26 13:38:00,NGD,,4.914999961853027,4.920000076293945,4.909999847412109,4.91349983215332,6598.0
2025-06-26 13:38:00,NNVC,,1.2300000190734863,1.2300000190734863,1.2300000190734863,1.2300000190734863,1661.0
2025-06-26 13:38:00,OBE,,5.539999961853027,5.539999961853027,5.539999961853027,5.539999961853027,203.0
2025-06-26 13:38:00,OPTT,,0.5199999809265137,0.5199999809265137,0.5163999795913696,0.5163999795913696,7451.0
2025-06-26 13:38:00,OSTX,,1.8899999856948853,1.8899999856948853,1.8899999856948853,1.8899999856948853,105.0
2025-06-26 13:38:00,PLG,,1.6449999809265137,1.6449999809265137,1.6401000022888184,1.6401000022888184,1800.0
2025-06-26 13:38:00,PLMR,,150.89999389648438,150.89999389648438,150.89999389648438,150.89999389648438,395.0
2025-06-26 13:38:00,PW,,1.100000023841858,1.100000023841858,1.100000023841858,1.100000023841858,0.0
2025-06-26 13:38:00,REI,,0.7782999873161316,0.7788000106811523,0.778249979019165,0.7788000106811523,904.0
2025-06-26 13:38:00,SATX,,2.950000047683716,2.950000047683716,2.950000047683716,2.950000047683716,402.0
2025-06-26 13:38:00,SBEV,,3.619999885559082,3.619999885559082,3.619999885559082,3.619999885559082,2678.0
2025-06-26 13:38:00,SEB,,2959.0,2959.0,2959.0,2959.0,1.0
2025-06-26 13:38:00,SENS,,0.5022000074386597,0.5023000240325928,0.5022000074386597,0.5023000240325928,6020.0
2025-06-26 13:38:00,SLI,,1.9149999618530273,1.9199999570846558,1.9149999618530273,1.9199999570846558,12088.0
2025-06-26 13:38:00,SOAR,,1.3949999809265137,1.3949999809265137,1.3899999856948853,1.3899999856948853,1095.0
2025-06-26 13:38:00,STXS,,2.234999895095825,2.234999895095825,2.2300000190734863,2.234999895095825,2868.0
2025-06-26 13:38:00,SVM,,4.195000171661377,4.195000171661377,4.195000171661377,4.195000171661377,126.0
2025-06-26 13:38:00,TGB,,3.1401000022888184,3.1500000953674316,3.140000104904175,3.1500000953674316,127718.0
2025-06-26 13:38:00,TOVX,,0.43184998631477356,0.43184998631477356,0.43184998631477356,0.43184998631477356,525.0
2025-06-26 13:38:00,UAMY,,2.5799999237060547,2.5850000381469727,2.5799999237060547,2.5850000381469727,1010.0
2025-06-26 13:38:00,UAVS,,1.1200000047683716,1.1200000047683716,1.1150000095367432,1.1150000095367432,1003.0
2025-06-26 13:38:00,UEC,,6.894999980926514,6.906400203704834,6.889999866485596,6.90500020980835,53810.0
2025-06-26 13:38:00,URG,,1.0449999570846558,1.0499999523162842,1.0399999618530273,1.0399999618530273,2543.0
2025-06-26 13:38:00,UUUU,,5.914999961853027,5.925300121307373,5.909999847412109,5.920000076293945,19498.0
2025-06-26 13:38:00,VZLA,,2.985100030899048,2.985100030899048,2.985100030899048,2.985100030899048,5000.0
2025-06-26 13:38:00,WWR,,0.589900016784668,0.589900016784668,0.5880500078201294,0.5880500078201294,760.0
2025-06-26 13:39:00,ARMN,,6.864999771118164,6.864999771118164,6.864999771118164,6.864999771118164,206.0
2025-06-26 13:39:00,ATNM,,1.5549999475479126,1.5549999475479126,1.5549999475479126,1.5549999475479126,201.0
2025-06-26 13:39:00,AWX,,2.450000047683716,2.450000047683716,2.450000047683716,2.450000047683716,298.0
2025-06-26 13:39:00,BRBS,,3.2750000953674316,3.2750000953674316,3.2699999809265137,3.2699999809265137,371.0
2025-06-26 13:39:00,BTG,,3.640000104904175,3.6403000354766846,3.640000104904175,3.6403000354766846,25362.0
2025-06-26 13:39:00,BURU,,0.3418999910354614,0.3449999988079071,0.34060099720954895,0.3449999988079071,42222.0
2025-06-26 13:39:00,CATX,,3.694999933242798,3.694999933242798,3.694999933242798,3.694999933242798,463.0
2025-06-26 13:39:00,CIK,,2.940000057220459,2.940000057220459,2.940000057220459,2.940000057220459,100.0
2025-06-26 13:39:00,CKX,,10.829999923706055,10.829999923706055,10.829999923706055,10.829999923706055,328.0
2025-06-26 13:39:00,CLDI,,0.23360000550746918,0.23360000550746918,0.23360000550746918,0.23360000550746918,3031.0
2025-06-26 13:39:00,CLM,,7.949999809265137,7.949999809265137,7.944499969482422,7.945000171661377,31794.0
2025-06-26 13:39:00,CQP,,55.98500061035156,55.98500061035156,55.95000076293945,55.98500061035156,370.0
2025-06-26 13:39:00,CRF,,7.554999828338623,7.554999828338623,7.550000190734863,7.554999828338623,1905.0
2025-06-26 13:39:00,CTM,,1.0449999570846558,1.0499999523162842,1.0449999570846558,1.0499999523162842,746.0
2025-06-26 13:39:00,CYBN,,8.524999618530273,8.524999618530273,8.524999618530273,8.524999618530273,184205.0
2025-06-26 13:39:00,DNN,,1.8250000476837158,1.8300000429153442,1.820099949836731,1.8300000429153442,15163.0
2025-06-26 13:39:00,EAD,,6.980000019073486,6.982048034667969,6.980000019073486,6.982048034667969,2966.0
2025-06-26 13:39:00,ELMD,,21.190000534057617,21.190000534057617,21.190000534057617,21.190000534057617,203.0
2025-06-26 13:39:00,ENX,,9.199999809265137,9.199999809265137,9.199999809265137,9.199999809265137,117.0
2025-06-26 13:39:00,EQX,,5.985000133514404,5.985000133514404,5.960000038146973,5.960000038146973,128173.0
2025-06-26 13:39:00,ERC,,9.384900093078613,9.384900093078613,9.384900093078613,9.384900093078613,731.0
2025-06-26 13:39:00,EVV,,10.170000076293945,10.170000076293945,10.170000076293945,10.170000076293945,583.0
2025-06-26 13:39:00,FOXO,,0.20250000059604645,0.20250000059604645,0.20250000059604645,0.20250000059604645,2055.0
2025-06-26 13:39:00,FSP,,1.6950000524520874,1.6950000524520874,1.6950000524520874,1.6950000524520874,2130.0
2025-06-26 13:39:00,GGN,,4.380000114440918,4.380000114440918,4.380000114440918,4.380000114440918,370.0
2025-06-26 13:39:00,GLDG,,0.7466999888420105,0.7466999888420105,0.7466999888420105,0.7466999888420105,255.0
2025-06-26 13:39:00,GNS,,0.9896000027656555,0.9897000193595886,0.9789999723434448,0.9801999926567078,49656.0
2025-06-26 13:39:00,GROY,,2.2950000762939453,2.2950000762939453,2.2950000762939453,2.2950000762939453,576.0
2025-06-26 13:39:00,GSAT,,23.30500030517578,23.30500030517578,23.30500030517578,23.30500030517578,301.0
2025-06-26 13:39:00,HUSA,,13.430000305175781,13.430000305175781,13.40999984741211,13.40999984741211,1800.0
2025-06-26 13:39:00,IBO,,1.0003000497817993,1.0003999471664429,1.0,1.0,2650.0
2025-06-26 13:39:00,IE,,9.670000076293945,9.680000305175781,9.670000076293945,9.680000305175781,2995.0
2025-06-26 13:39:00,IMO,,81.33000183105469,81.33000183105469,81.29000091552734,81.31999969482422,1073.0
2025-06-26 13:39:00,INDO,,3.1549999713897705,3.1549999713897705,3.1500000953674316,3.1500000953674316,785.0
2025-06-26 13:39:00,INFU,,6.465000152587891,6.465000152587891,6.465000152587891,6.465000152587891,125.0
2025-06-26 13:39:00,ITRG,,1.5354000329971313,1.5354000329971313,1.5354000329971313,1.5354000329971313,1500.0
2025-06-26 13:39:00,KULR,,5.139999866485596,5.139999866485596,5.135000228881836,5.135000228881836,5722.0
2025-06-26 13:39:00,LEU,,176.30999755859375,176.30999755859375,176.30999755859375,176.30999755859375,549.0
2025-06-26 13:39:00,LMND,,42.34000015258789,42.369998931884766,42.334598541259766,42.34000015258789,681.0
2025-06-26 13:39:00,LNG,,242.38999938964844,242.38999938964844,242.31500244140625,242.31500244140625,484.0
2025-06-26 13:39:00,MAG,,21.420000076293945,21.424999237060547,21.420000076293945,21.424999237060547,293.0
2025-06-26 13:39:00,MAIA,,1.7000000476837158,1.7000000476837158,1.7000000476837158,1.7000000476837158,0.0
2025-06-26 13:39:00,MGLD,,0.9300000071525574,0.9300000071525574,0.9300000071525574,0.9300000071525574,130.0
2025-06-26 13:39:00,MYO,,2.2249999046325684,2.2249999046325684,2.2200000286102295,2.2200000286102295,201.0
2025-06-26 13:39:00,NAK,,1.5549999475479126,1.5549999475479126,1.5549999475479126,1.5549999475479126,880.0
2025-06-26 13:39:00,NBH,,9.795000076293945,9.795000076293945,9.795000076293945,9.795000076293945,284.0
2025-06-26 13:39:00,NCL,,0.1808999925851822,0.1808999925851822,0.1808999925851822,0.1808999925851822,110.0
2025-06-26 13:39:00,NFGC,,1.475000023841858,1.4800000190734863,1.475000023841858,1.4780999422073364,1300.0
2025-06-26 13:39:00,NG,,4.119999885559082,4.119999885559082,4.109000205993652,4.109000205993652,4036.0
2025-06-26 13:39:00,NGD,,4.914999961853027,4.925000190734863,4.909999847412109,4.920000076293945,421681.0
2025-06-26 13:39:00,NHS,,7.493082046508789,7.493082046508789,7.493082046508789,7.493082046508789,1429.0
2025-06-26 13:39:00,NRO,,3.194999933242798,3.194999933242798,3.194999933242798,3.194999933242798,103.0
2025-06-26 13:39:00,OPTT,,0.5175999999046326,0.5199999809265137,0.5175999999046326,0.5199000239372253,20300.0
2025-06-26 13:39:00,ORLA,,9.984999656677246,9.984999656677246,9.984999656677246,9.984999656677246,318.0
2025-06-26 13:39:00,OSTX,,1.8509999513626099,1.8901000022888184,1.809999942779541,1.8899999856948853,14313.0
2025-06-26 13:39:00,PLG,,1.6399999856948853,1.649999976158142,1.6399999856948853,1.649999976158142,900.0
2025-06-26 13:39:00,PLMR,,150.2908935546875,150.77000427246094,150.2908935546875,150.77000427246094,3648.0
2025-06-26 13:39:00,REI,,0.7788000106811523,0.7788000106811523,0.777899980545044,0.7788000106811523,1735867.0
2025-06-26 13:39:00,RVP,,0.663100004196167,0.663100004196167,0.663100004196167,0.663100004196167,562.0
2025-06-26 13:39:00,SATX,,2.950000047683716,2.9549999237060547,2.950000047683716,2.950000047683716,703.0
2025-06-26 13:39:00,SBEV,,3.690000057220459,3.690000057220459,3.651700019836426,3.651700019836426,1292.0
2025-06-26 13:39:00,SENS,,0.5019000172615051,0.5022370219230652,0.501800000667572,0.5022000074386597,41624.0
2025-06-26 13:39:00,SGN,,1.1399999856948853,1.1399999856948853,1.1399999856948853,1.1399999856948853,490.0
2025-06-26 13:39:00,SLI,,1.9190000295639038,1.9190000295639038,1.9149999618530273,1.9149999618530273,1979.0
2025-06-26 13:39:00,SVM,,4.1946001052856445,4.195000171661377,4.1946001052856445,4.195000171661377,1176.0
2025-06-26 13:39:00,TGB,,3.1401000022888184,3.1500000953674316,3.140000104904175,3.140000104904175,32350.0
2025-06-26 13:39:00,TPET,,1.1749999523162842,1.1749999523162842,1.1749999523162842,1.1749999523162842,118.0
2025-06-26 13:39:00,UAMY,,2.5845999717712402,2.5845999717712402,2.5845999717712402,2.5845999717712402,1240.0
2025-06-26 13:39:00,UAVS,,1.1200000047683716,1.1200000047683716,1.1150000095367432,1.1150000095367432,2622.0
2025-06-26 13:39:00,UEC,,6.900000095367432,6.900000095367432,6.894999980926514,6.894999980926514,3699.0
2025-06-26 13:39:00,URG,,1.0449999570846558,1.0449999570846558,1.0399999618530273,1.0449999570846558,1934.0
2025-06-26 13:39:00,UUUU,,5.914999961853027,5.920000076293945,5.910799980163574,5.920000076293945,3417.0
2025-06-26 13:39:00,VZLA,,2.984999895095825,2.984999895095825,2.984999895095825,2.984999895095825,100.0
2025-06-26 13:40:00,AREN,,5.819300174713135,5.819300174713135,5.819300174713135,5.819300174713135,384.0
2025-06-26 13:40:00,ARMN,,6.869999885559082,6.869999885559082,6.864999771118164,6.864999771118164,413.0
2025-06-26 13:40:00,ASM,,3.535399913787842,3.535399913787842,3.5350000858306885,3.5350000858306885,1079.0
2025-06-26 13:40:00,ATNM,,1.5549999475479126,1.5549999475479126,1.5549999475479126,1.5549999475479126,227.0
2025-06-26 13:40:00,BRBS,,3.2699999809265137,3.2699999809265137,3.2699999809265137,3.2699999809265137,219.0
2025-06-26 13:40:00,BTG,,3.640000104904175,3.6500000953674316,3.640000104904175,3.640000104904175,62366.0
2025-06-26 13:40:00,BURU,,0.34299999475479126,0.34299999475479126,0.34299999475479126,0.34299999475479126,10350.0
2025-06-26 13:40:00,CATX,,3.694999933242798,3.700000047683716,3.690000057220459,3.690000057220459,1221.0
2025-06-26 13:40:00,CEF,,30.420000076293945,30.420000076293945,30.420000076293945,30.420000076293945,3378.0
2025-06-26 13:40:00,CIK,,2.940000057220459,2.940000057220459,2.940000057220459,2.940000057220459,100.0
2025-06-26 13:40:00,CQP,,55.97249984741211,55.97249984741211,55.90999984741211,55.967498779296875,440.0
2025-06-26 13:40:00,CYBN,,8.518600463867188,8.520000457763672,8.518600463867188,8.520000457763672,905.0
2025-06-26 13:40:00,DNN,,1.8250000476837158,1.8300000429153442,1.8250000476837158,1.8250000476837158,16304.0
2025-06-26 13:40:00,ELMD,,21.15999984741211,21.225000381469727,21.15999984741211,21.225000381469727,225.0
2025-06-26 13:40:00,EQX,,5.994999885559082,6.0,5.980000019073486,5.985000133514404,100493.0
2025-06-26 13:40:00,ERC,,9.390000343322754,9.390000343322754,9.390000343322754,9.390000343322754,100.0
2025-06-26 13:40:00,ESBA,,7.800000190734863,7.800000190734863,7.800000190734863,7.800000190734863,0.0
2025-06-26 13:40:00,EVV,,10.170000076293945,10.170000076293945,10.170000076293945,10.170000076293945,100.0
2025-06-26 13:40:00,FOXO,,0.20250000059604645,0.20250000059604645,0.20250000059604645,0.20250000059604645,7000.0
2025-06-26 13:40:00,GAU,,1.284999966621399,1.284999966621399,1.284999966621399,1.284999966621399,415.0
2025-06-26 13:40:00,GLDG,,0.7458000183105469,0.7466999888420105,0.7458000183105469,0.7466999888420105,2607.0
2025-06-26 13:40:00,GNS,,0.9790999889373779,0.9894999861717224,0.9790999889373779,0.9894999861717224,2684.0
2025-06-26 13:40:00,GROY,,2.2950000762939453,2.299999952316284,2.2950000762939453,2.2950000762939453,1370.0
2025-06-26 13:40:00,HUSA,,13.354999542236328,13.354999542236328,13.254799842834473,13.354999542236328,1919.0
2025-06-26 13:40:00,IBO,,1.0003000497817993,1.0019999742507935,1.0,1.0,5642.0
2025-06-26 13:40:00,IE,,9.670000076293945,9.670000076293945,9.670000076293945,9.670000076293945,714.0
2025-06-26 13:40:00,IMO,,81.33000183105469,81.33000183105469,81.33000183105469,81.33000183105469,271.0
2025-06-26 13:40:00,INDO,,3.140000104904175,3.1500000953674316,3.140000104904175,3.1500000953674316,986.0
2025-06-26 13:40:00,INFU,,6.465000152587891,6.465000152587891,6.465000152587891,6.465000152587891,244.0
2025-06-26 13:40:00,INUV,,3.9047999382019043,3.9047999382019043,3.9047999382019043,3.9047999382019043,117.0
2025-06-26 13:40:00,ITP,,0.18719999492168427,0.18719999492168427,0.18719999492168427,0.18719999492168427,100.0
2025-06-26 13:40:00,KULR,,5.144999980926514,5.150000095367432,5.130000114440918,5.139999866485596,4055.0
2025-06-26 13:40:00,LCTX,,1.0049999952316284,1.0049999952316284,1.0,1.0,1138.0
2025-06-26 13:40:00,LEU,,176.27099609375,176.27099609375,176.27099609375,176.27099609375,207.0
2025-06-26 13:40:00,LMND,,42.304500579833984,42.304500579833984,42.29999923706055,42.29999923706055,2330.0
2025-06-26 13:40:00,LNG,,242.31500244140625,242.4199981689453,242.31500244140625,242.31500244140625,1025.0
2025-06-26 13:40:00,MAG,,21.424999237060547,21.424999237060547,21.424999237060547,21.424999237060547,100.0
2025-06-26 13:40:00,MRT,,2.876300096511841,2.876300096511841,2.876300096511841,2.876300096511841,780.0
2025-06-26 13:40:00,MTA,,3.884999990463257,3.8891000747680664,3.884999990463257,3.8891000747680664,1114.0
2025-06-26 13:40:00,MYO,,2.2207999229431152,2.2207999229431152,2.2207999229431152,2.2207999229431152,448.0
2025-06-26 13:40:00,NAK,,1.5549999475479126,1.5549999475479126,1.5546000003814697,1.5546000003814697,1610.0
2025-06-26 13:40:00,NFGC,,1.4709999561309814,1.4800000190734863,1.4709999561309814,1.4800000190734863,2290.0
2025-06-26 13:40:00,NG,,4.130000114440918,4.130000114440918,4.119999885559082,4.119999885559082,14045.0
2025-06-26 13:40:00,NGD,,4.914999961853027,4.920000076293945,4.909999847412109,4.909999847412109,36911.0
2025-06-26 13:40:00,NHC,,107.62999725341797,107.62999725341797,107.62999725341797,107.62999725341797,917.0
2025-06-26 13:40:00,NHS,,7.489999771118164,7.489999771118164,7.489999771118164,7.489999771118164,0.0
2025-06-26 13:40:00,NNVC,,1.2300000190734863,1.2300000190734863,1.2300000190734863,1.2300000190734863,0.0
2025-06-26 13:40:00,OBE,,5.554999828338623,5.559999942779541,5.550000190734863,5.550000190734863,2511.0
2025-06-26 13:40:00,OPTT,,0.5192000269889832,0.5192000269889832,0.5188999772071838,0.5188999772071838,830.0
2025-06-26 13:40:00,ORLA,,9.984999656677246,9.989999771118164,9.984999656677246,9.989999771118164,1303.0
2025-06-26 13:40:00,OSTX,,1.8650000095367432,1.8650000095367432,1.8650000095367432,1.8650000095367432,167.0
2025-06-26 13:40:00,PED,,0.6600000262260437,0.6600000262260437,0.6600000262260437,0.6600000262260437,0.0
2025-06-26 13:40:00,PLG,,1.648900032043457,1.648900032043457,1.648900032043457,1.648900032043457,225.0
2025-06-26 13:40:00,REI,,0.7784000039100647,0.7784000039100647,0.7784000039100647,0.7784000039100647,329.0
2025-06-26 13:40:00,SATX,,2.950000047683716,2.9549999237060547,2.950000047683716,2.950000047683716,334.0
2025-06-26 13:40:00,SBEV,,3.6500000953674316,3.6700000762939453,3.6500000953674316,3.6700000762939453,271.0
2025-06-26 13:40:00,SEB,,2953.4599609375,2953.679931640625,2953.4599609375,2953.679931640625,2.0
2025-06-26 13:40:00,SENS,,0.501800000667572,0.5019000172615051,0.5016999840736389,0.5019000172615051,13559.0
2025-06-26 13:40:00,SLI,,1.9148999452590942,1.9149999618530273,1.9148999452590942,1.9149999618530273,1040271.0
2025-06-26 13:40:00,SOAR,,1.3949999809265137,1.399999976158142,1.3904999494552612,1.399999976158142,2759.0
2025-06-26 13:40:00,STXS,,2.234999895095825,2.240000009536743,2.234999895095825,2.240000009536743,2522.0
2025-06-26 13:40:00,SVM,,4.195000171661377,4.195000171661377,4.190000057220459,4.190000057220459,9584.0
2025-06-26 13:40:00,TGB,,3.134999990463257,3.140000104904175,3.130000114440918,3.140000104904175,117170.0
2025-06-26 13:40:00,TMQ,,1.4700000286102295,1.4700000286102295,1.4700000286102295,1.4700000286102295,100.0
2025-06-26 13:40:00,UAMY,,2.5899999141693115,2.5899999141693115,2.5899999141693115,2.5899999141693115,111.0
2025-06-26 13:40:00,UEC,,6.894999980926514,6.900000095367432,6.894800186157227,6.900000095367432,21040.0
2025-06-26 13:40:00,URG,,1.0399999618530273,1.0449999570846558,1.0399999618530273,1.0449999570846558,4687.0
2025-06-26 13:40:00,USAS,,0.8373000025749207,0.8373000025749207,0.8373000025749207,0.8373000025749207,260.0
2025-06-26 13:40:00,UUUU,,5.911200046539307,5.920000076293945,5.911200046539307,5.920000076293945,918.0
2025-06-26 13:40:00,VZLA,,2.990000009536743,2.990000009536743,2.9800000190734863,2.984999895095825,15872.0
2025-06-26 13:40:00,ZDGE,,3.990000009536743,4.0,3.990000009536743,4.0,3079.0
2025-06-26 13:41:00,AEON,,0.7610999941825867,0.7610999941825867,0.7610999941825867,0.7610999941825867,114.0
2025-06-26 13:41:00,AREN,,5.690000057220459,5.690000057220459,5.690000057220459,5.690000057220459,343.0
2025-06-26 13:41:00,ARMN,,6.869999885559082,6.869999885559082,6.869999885559082,6.869999885559082,567.0
2025-06-26 13:41:00,ASM,,3.5380001068115234,3.5380001068115234,3.531899929046631,3.5380001068115234,702.0
2025-06-26 13:41:00,AZTR,,0.258899986743927,0.258899986743927,0.258899986743927,0.258899986743927,0.0
2025-06-26 13:41:00,BATL,,1.4991999864578247,1.4991999864578247,1.4991999864578247,1.4991999864578247,0.0
2025-06-26 13:41:00,BRBS,,3.2750000953674316,3.2750000953674316,3.2750000953674316,3.2750000953674316,408.0
2025-06-26 13:41:00,BTG,,3.640000104904175,3.6449999809265137,3.640000104904175,3.640000104904175,29758.0
2025-06-26 13:41:00,BURU,,0.3449999988079071,0.3449999988079071,0.34299999475479126,0.34299999475479126,74497.0
2025-06-26 13:41:00,CATX,,3.684999942779541,3.690000057220459,3.680000066757202,3.684999942779541,600774.0
2025-06-26 13:41:00,CIK,,2.940000057220459,2.940000057220459,2.940000057220459,2.940000057220459,532572.0
2025-06-26 13:41:00,CPHI,,1.8209999799728394,1.8209999799728394,1.8209999799728394,1.8209999799728394,111650.0
2025-06-26 13:41:00,CQP,,55.98500061035156,55.98500061035156,55.98249816894531,55.98249816894531,224.0
2025-06-26 13:41:00,CRF,,7.554999828338623,7.557600021362305,7.550000190734863,7.554999828338623,28136.0
2025-06-26 13:41:00,CTM,,1.0449999570846558,1.0449999570846558,1.0449999570846558,1.0449999570846558,200.0
2025-06-26 13:41:00,CVM,,2.440000057220459,2.440000057220459,2.440000057220459,2.440000057220459,249.0
2025-06-26 13:41:00,CYBN,,8.479999542236328,8.510000228881836,8.479999542236328,8.479999542236328,8329.0
2025-06-26 13:41:00,DNN,,1.8250000476837158,1.8300000429153442,1.8200000524520874,1.8300000429153442,12839.0
2025-06-26 13:41:00,EMX,,2.5690999031066895,2.5690999031066895,2.5690999031066895,2.5690999031066895,500.0
2025-06-26 13:41:00,EQX,,5.989999771118164,5.995299816131592,5.989999771118164,5.994999885559082,54613.0
2025-06-26 13:41:00,FOXO,,0.20340000092983246,0.20340000092983246,0.20340000092983246,0.20340000092983246,250.0
2025-06-26 13:41:00,GLDG,,0.7458000183105469,0.7458000183105469,0.7458000183105469,0.7458000183105469,0.0
2025-06-26 13:41:00,GNS,,0.9894999861717224,0.9950000047683716,0.9800000190734863,0.9890000224113464,77463.0
2025-06-26 13:41:00,GROY,,2.2950000762939453,2.299999952316284,2.2950000762939453,2.2950000762939453,843.0
2025-06-26 13:41:00,GSAT,,23.260000228881836,23.290000915527344,23.260000228881836,23.290000915527344,1988.0
2025-06-26 13:41:00,IBO,,1.0003999471664429,1.0003999471664429,1.0003999471664429,1.0003999471664429,627.0
2025-06-26 13:41:00,IE,,9.699999809265137,9.699999809265137,9.670000076293945,9.699999809265137,2034.0
2025-06-26 13:41:00,INDO,,3.134999990463257,3.140000104904175,3.134999990463257,3.140000104904175,797.0
2025-06-26 13:41:00,INFU,,6.465000152587891,6.465000152587891,6.465000152587891,6.465000152587891,148.0
2025-06-26 13:41:00,ITRG,,1.5351999998092651,1.5351999998092651,1.5351999998092651,1.5351999998092651,100.0
2025-06-26 13:41:00,KNW,,1.9800000190734863,1.9800000190734863,1.9800000190734863,1.9800000190734863,2058.0
2025-06-26 13:41:00,KULR,,5.146299839019775,5.150000095367432,5.144999980926514,5.150000095367432,910.0
2025-06-26 13:41:00,LCTX,,1.0049999952316284,1.0049999952316284,1.0049999952316284,1.0049999952316284,1011.0
2025-06-26 13:41:00,LEU,,176.22500610351562,176.22500610351562,176.22500610351562,176.22500610351562,730.0
2025-06-26 13:41:00,LMND,,42.29990005493164,42.29990005493164,42.25,42.279998779296875,1629.0
2025-06-26 13:41:00,LNG,,242.36000061035156,242.4499969482422,242.36000061035156,242.4499969482422,742.0
2025-06-26 13:41:00,LODE,,3.7699999809265137,3.7699999809265137,3.7699999809265137,3.7699999809265137,241825.0
2025-06-26 13:41:00,LPTV,,0.014499999582767487,0.014499999582767487,0.014499999582767487,0.014499999582767487,0.0
2025-06-26 13:41:00,MAG,,21.424999237060547,21.424999237060547,21.424999237060547,21.424999237060547,428.0
2025-06-26 13:41:00,MYO,,2.2293999195098877,2.2293999195098877,2.2249999046325684,2.2249999046325684,1925.0
2025-06-26 13:41:00,NAK,,1.5500999689102173,1.559999942779541,1.5500999689102173,1.559999942779541,26530.0
2025-06-26 13:41:00,NCL,,0.1808999925851822,0.1808999925851822,0.1808999925851822,0.1808999925851822,240.0
2025-06-26 13:41:00,NFGC,,1.4700000286102295,1.475100040435791,1.4700000286102295,1.475100040435791,423.0
2025-06-26 13:41:00,NG,,4.114999771118164,4.130000114440918,4.114999771118164,4.130000114440918,32844.0
2025-06-26 13:41:00,NGD,,4.914999961853027,4.920000076293945,4.909999847412109,4.914999961853027,6950.0
2025-06-26 13:41:00,OBE,,5.559999942779541,5.559999942779541,5.559999942779541,5.559999942779541,0.0
2025-06-26 13:41:00,OPTT,,0.5159000158309937,0.5188999772071838,0.5157999992370605,0.517799973487854,23801.0
2025-06-26 13:41:00,ORLA,,9.984999656677246,9.984999656677246,9.979999542236328,9.984999656677246,1724.0
2025-06-26 13:41:00,PLG,,1.6450999975204468,1.6486999988555908,1.6410000324249268,1.6449999809265137,3072.0
2025-06-26 13:41:00,REI,,0.7781000137329102,0.7781000137329102,0.7781000137329102,0.7781000137329102,1736372.0
2025-06-26 13:41:00,RLGT,,6.039999961853027,6.039999961853027,6.039999961853027,6.039999961853027,424.0
2025-06-26 13:41:00,SATX,,2.950000047683716,2.950000047683716,2.950000047683716,2.950000047683716,256.0
2025-06-26 13:41:00,SBEV,,3.6895999908447266,3.69950008392334,3.6500000953674316,3.6500000953674316,903.0
2025-06-26 13:41:00,SEB,,2953.68994140625,2970.0,2953.68994140625,2970.0,3.0
2025-06-26 13:41:00,SENS,,0.501800000667572,0.501800000667572,0.5016999840736389,0.5016999840736389,220.0
2025-06-26 13:41:00,SLI,,1.9190000295639038,1.9190000295639038,1.9190000295639038,1.9190000295639038,100.0
2025-06-26 13:41:00,STXS,,2.23009991645813,2.23009991645813,2.23009991645813,2.23009991645813,0.0
2025-06-26 13:41:00,SVM,,4.195000171661377,4.195000171661377,4.190000057220459,4.190000057220459,11789.0
2025-06-26 13:41:00,TGB,,3.130000114440918,3.135200023651123,3.130000114440918,3.130000114440918,9855.0
2025-06-26 13:41:00,TRX,,0.3353999853134155,0.3353999853134155,0.3353999853134155,0.3353999853134155,0.0
2025-06-26 13:41:00,UAMY,,2.5885000228881836,2.5885000228881836,2.5850000381469727,2.5850000381469727,2225.0
2025-06-26 13:41:00,UEC,,6.918799877166748,6.920000076293945,6.894999980926514,6.900000095367432,71530.0
2025-06-26 13:41:00,URG,,1.0399999618530273,1.0499999523162842,1.0399999618530273,1.0449999570846558,3743.0
2025-06-26 13:41:00,UUUU,,5.914999961853027,5.920000076293945,5.909999847412109,5.914999961853027,24563.0
2025-06-26 13:41:00,VGZ,,1.0298999547958374,1.0298999547958374,1.0298999547958374,1.0298999547958374,210.0
2025-06-26 13:41:00,VZLA,,2.990000009536743,2.990000009536743,2.984999895095825,2.990000009536743,5524.0
2025-06-26 13:41:00,WWR,,0.5878000259399414,0.5878000259399414,0.5878000259399414,0.5878000259399414,0.0
2025-06-26 13:41:00,XTNT,,0.6254600286483765,0.6254600286483765,0.6254600286483765,0.6254600286483765,1645.0
2025-06-26 13:41:00,ZDGE,,3.990000009536743,4.010000228881836,3.990000009536743,3.994999885559082,12666.0
2025-06-26 13:42:00,ARMN,,6.864999771118164,6.869999885559082,6.864999771118164,6.869999885559082,1078.0
2025-06-26 13:42:00,ASM,,3.5299999713897705,3.5299999713897705,3.5299999713897705,3.5299999713897705,274.0
2025-06-26 13:42:00,ATNM,,1.5549999475479126,1.5549999475479126,1.5549999475479126,1.5549999475479126,235.0
2025-06-26 13:42:00,BRBS,,3.2699999809265137,3.2699999809265137,3.2699999809265137,3.2699999809265137,467.0
2025-06-26 13:42:00,BTG,,3.6401000022888184,3.6500000953674316,3.640000104904175,3.64520001411438,718110.0
2025-06-26 13:42:00,BURU,,0.34439998865127563,0.34439998865127563,0.34380000829696655,0.34380000829696655,2836.0
2025-06-26 13:42:00,CIK,,2.940000057220459,2.940000057220459,2.940000057220459,2.940000057220459,250.0
2025-06-26 13:42:00,CPHI,,1.7999999523162842,1.7999999523162842,1.7999999523162842,1.7999999523162842,0.0
2025-06-26 13:42:00,CQP,,55.98500061035156,56.04499816894531,55.90999984741211,56.04499816894531,600.0
2025-06-26 13:42:00,CTM,,1.0499999523162842,1.0499999523162842,1.0499999523162842,1.0499999523162842,100.0
2025-06-26 13:42:00,DNN,,1.8300000429153442,1.8300000429153442,1.8200000524520874,1.8300000429153442,9712.0
2025-06-26 13:42:00,EAD,,6.985000133514404,6.985000133514404,6.985000133514404,6.985000133514404,3699.0
2025-06-26 13:42:00,ELMD,,21.225000381469727,21.225000381469727,21.225000381469727,21.225000381469727,110.0
2025-06-26 13:42:00,EQX,,5.985000133514404,6.0,5.980000019073486,5.989999771118164,276707.0
2025-06-26 13:42:00,FSP,,1.6950000524520874,1.6950000524520874,1.6950000524520874,1.6950000524520874,0.0
2025-06-26 13:42:00,FURY,,0.48899999260902405,0.48899999260902405,0.48899999260902405,0.48899999260902405,0.0
2025-06-26 13:42:00,GAU,,1.284999966621399,1.284999966621399,1.284999966621399,1.284999966621399,218.0
2025-06-26 13:42:00,GENC,,14.192899703979492,14.192899703979492,14.192899703979492,14.192899703979492,206.0
2025-06-26 13:42:00,GNS,,1.0189000368118286,1.0199999809265137,0.9853000044822693,0.9900000095367432,107316.0
2025-06-26 13:42:00,GROY,,2.2950000762939453,2.299999952316284,2.2950000762939453,2.299999952316284,2211.0
2025-06-26 13:42:00,GTE,,5.065000057220459,5.065000057220459,5.065000057220459,5.065000057220459,167.0
2025-06-26 13:42:00,IBO,,1.0003000497817993,1.0048999786376953,1.0,1.0,2439.0
2025-06-26 13:42:00,IE,,9.71500015258789,9.71500015258789,9.699999809265137,9.699999809265137,452.0
2025-06-26 13:42:00,IGC,,0.30799999833106995,0.30799999833106995,0.30799999833106995,0.30799999833106995,315.0
2025-06-26 13:42:00,IMO,,81.38999938964844,81.38999938964844,81.38999938964844,81.38999938964844,143.0
2025-06-26 13:42:00,INDO,,3.139400005340576,3.139899969100952,3.134999990463257,3.139899969100952,2153.0
2025-06-26 13:42:00,INFU,,6.474999904632568,6.474999904632568,6.474999904632568,6.474999904632568,742.0
2025-06-26 13:42:00,INUV,,3.9000000953674316,3.9000000953674316,3.9000000953674316,3.9000000953674316,118.0
2025-06-26 13:42:00,ITRG,,1.5299999713897705,1.5398999452590942,1.5299999713897705,1.5398999452590942,1317.0
2025-06-26 13:42:00,KNW,,1.9800000190734863,1.9800000190734863,1.9800000190734863,1.9800000190734863,0.0
2025-06-26 13:42:00,KULR,,5.147500038146973,5.150000095367432,5.139999866485596,5.147500038146973,8846.0
2025-06-26 13:42:00,LCTX,,1.0,1.0099999904632568,1.0,1.0049999952316284,19610.0
2025-06-26 13:42:00,LEU,,176.6472930908203,176.6875,176.22500610351562,176.6875,2040.0
2025-06-26 13:42:00,LMND,,42.27000045776367,42.28020095825195,42.25,42.25,2839.0
2025-06-26 13:42:00,LNG,,242.4499969482422,242.4499969482422,242.41000366210938,242.44000244140625,460.0
2025-06-26 13:42:00,MAG,,21.415000915527344,21.420000076293945,21.415000915527344,21.420000076293945,988.0
2025-06-26 13:42:00,MRT,,2.8401999473571777,2.8401999473571777,2.8401999473571777,2.8401999473571777,712.0
2025-06-26 13:42:00,MTA,,3.884999990463257,3.884999990463257,3.884999990463257,3.884999990463257,176089.0
2025-06-26 13:42:00,NAK,,1.5506000518798828,1.5549999475479126,1.5500999689102173,1.5549999475479126,5802.0
2025-06-26 13:42:00,NBH,,9.795000076293945,9.795000076293945,9.795000076293945,9.795000076293945,2015.0
2025-06-26 13:42:00,NEWP,,1.375,1.375,1.375,1.375,100.0
2025-06-26 13:42:00,NG,,4.114999771118164,4.119999885559082,4.114999771118164,4.119999885559082,636.0
2025-06-26 13:42:00,NGD,,4.920000076293945,4.920000076293945,4.909999847412109,4.920000076293945,10388.0
2025-06-26 13:42:00,OPTT,,0.515999972820282,0.515999972820282,0.5159000158309937,0.5159000158309937,69095.0
2025-06-26 13:42:00,ORLA,,9.984999656677246,9.987500190734863,9.979999542236328,9.979999542236328,6447.0
2025-06-26 13:42:00,OSTX,,1.850000023841858,1.8600000143051147,1.850000023841858,1.8600000143051147,627.0
2025-06-26 13:42:00,PLG,,1.6399999856948853,1.649999976158142,1.6399999856948853,1.6449999809265137,5600.0
2025-06-26 13:42:00,PLMR,,150.5749969482422,150.5749969482422,150.5749969482422,150.5749969482422,327.0
2025-06-26 13:42:00,REI,,0.7784000039100647,0.7788000106811523,0.7781000137329102,0.7784500122070312,3776.0
2025-06-26 13:42:00,SEB,,2954.0,2954.0,2954.0,2954.0,1.0
2025-06-26 13:42:00,SENS,,0.5016999840736389,0.501800000667572,0.5016999840736389,0.501800000667572,1602.0
2025-06-26 13:42:00,SLI,,1.9149999618530273,1.9149999618530273,1.9149999618530273,1.9149999618530273,2061.0
2025-06-26 13:42:00,SOAR,,1.3795000314712524,1.3899999856948853,1.3700000047683716,1.3899999856948853,5173.0
2025-06-26 13:42:00,SVM,,4.195000171661377,4.195000171661377,4.190000057220459,4.195000171661377,7091.0
2025-06-26 13:42:00,TGB,,3.131500005722046,3.134999990463257,3.130000114440918,3.134999990463257,43648.0
2025-06-26 13:42:00,TPET,,1.1705000400543213,1.1705000400543213,1.1705000400543213,1.1705000400543213,3303.0
2025-06-26 13:42:00,UAMY,,2.589900016784668,2.589900016784668,2.5850000381469727,2.5850000381469727,1216.0
2025-06-26 13:42:00,UAVS,,1.1200000047683716,1.1200000047683716,1.1200000047683716,1.1200000047683716,1907.0
2025-06-26 13:42:00,UEC,,6.907400131225586,6.914999961853027,6.907400131225586,6.907400131225586,25157.0
2025-06-26 13:42:00,URG,,1.0399999618530273,1.0449999570846558,1.0399999618530273,1.0399999618530273,2503.0
2025-06-26 13:42:00,UUUU,,5.914999961853027,5.919899940490723,5.909999847412109,5.914999961853027,38225.0
2025-06-26 13:42:00,VKI,,8.21500015258789,8.21500015258789,8.21500015258789,8.21500015258789,0.0
2025-06-26 13:42:00,VZLA,,2.990000009536743,2.990000009536743,2.9800000190734863,2.984999895095825,6122.0
2025-06-26 13:43:00,ASM,,3.5350000858306885,3.5350000858306885,3.5350000858306885,3.5350000858306885,2951.0
2025-06-26 13:43:00,BHB,,29.6200008392334,29.6200008392334,29.6200008392334,29.6200008392334,574.0
2025-06-26 13:43:00,BKTI,,54.71500015258789,54.71500015258789,54.71500015258789,54.71500015258789,320.0
2025-06-26 13:43:00,BRBS,,3.2750000953674316,3.2750000953674316,3.2750000953674316,3.2750000953674316,162.0
2025-06-26 13:43:00,BTG,,3.640000104904175,3.6500000953674316,3.640000104904175,3.6500000953674316,297244.0
2025-06-26 13:43:00,BURU,,0.34450000524520874,0.34450000524520874,0.3440000116825104,0.3440000116825104,106973.0
2025-06-26 13:43:00,CATX,,3.680000066757202,3.680000066757202,3.680000066757202,3.680000066757202,1353.0
2025-06-26 13:43:00,CLM,,7.945000171661377,7.945000171661377,7.945000171661377,7.945000171661377,334.0
2025-06-26 13:43:00,CQP,,55.98500061035156,55.98500061035156,55.98500061035156,55.98500061035156,408.0
2025-06-26 13:43:00,CRF,,7.554999828338623,7.554999828338623,7.554999828338623,7.554999828338623,0.0
2025-06-26 13:43:00,CTGO,,20.790000915527344,20.790000915527344,20.790000915527344,20.790000915527344,329.0
2025-06-26 13:43:00,CTM,,1.0408999919891357,1.0408999919891357,1.0408999919891357,1.0408999919891357,4322.0
2025-06-26 13:43:00,CYBN,,8.454999923706055,8.454999923706055,8.454999923706055,8.454999923706055,202.0
2025-06-26 13:43:00,DC,,3.815000057220459,3.815000057220459,3.815000057220459,3.815000057220459,123.0
2025-06-26 13:43:00,DNN,,1.8300000429153442,1.8300000429153442,1.8250000476837158,1.8250000476837158,2028.0
2025-06-26 13:43:00,EIM,,9.5600004196167,9.5600004196167,9.5600004196167,9.5600004196167,1972.0
2025-06-26 13:43:00,ELMD,,21.17060089111328,21.17060089111328,21.17060089111328,21.17060089111328,314.0
2025-06-26 13:43:00,EMX,,2.559999942779541,2.559999942779541,2.559999942779541,2.559999942779541,8076.0
2025-06-26 13:43:00,EQX,,5.980000019073486,5.980000019073486,5.980000019073486,5.980000019073486,15840.0
2025-06-26 13:43:00,FOXO,,0.20409899950027466,0.20409899950027466,0.20409899950027466,0.20409899950027466,1755.0
2025-06-26 13:43:00,GENC,,14.278800010681152,14.278800010681152,14.278800010681152,14.278800010681152,0.0
2025-06-26 13:43:00,GNS,,1.0187419652938843,1.0189000368118286,1.01010000705719,1.0189000368118286,31613.0
2025-06-26 13:43:00,GROY,,2.2950000762939453,2.2950000762939453,2.2950000762939453,2.2950000762939453,968.0
2025-06-26 13:43:00,GSAT,,23.229999542236328,23.229999542236328,23.229999542236328,23.229999542236328,757.0
2025-06-26 13:43:00,GTE,,5.070000171661377,5.070000171661377,5.070000171661377,5.070000171661377,1643.0
2025-06-26 13:43:00,HNW,,12.359199523925781,12.359199523925781,12.359199523925781,12.359199523925781,0.0
2025-06-26 13:43:00,HUSA,,13.0,13.0,13.0,13.0,10043.0
2025-06-26 13:43:00,IBO,,1.0,1.0,1.0,1.0,0.0
2025-06-26 13:43:00,IDR,,13.170000076293945,13.170000076293945,13.170000076293945,13.170000076293945,586.0
2025-06-26 13:43:00,IE,,9.65999984741211,9.71500015258789,9.65999984741211,9.71500015258789,3790.0
2025-06-26 13:43:00,IMO,,81.37000274658203,81.37000274658203,81.37000274658203,81.37000274658203,303.0
2025-06-26 13:43:00,INDO,,3.140000104904175,3.140000104904175,3.140000104904175,3.140000104904175,701.0
2025-06-26 13:43:00,ITP,,0.18709999322891235,0.18709999322891235,0.18709999322891235,0.18709999322891235,217125.0
2025-06-26 13:43:00,ITRG,,1.5261000394821167,1.5261000394821167,1.5261000394821167,1.5261000394821167,112344.0
2025-06-26 13:43:00,KULR,,5.150000095367432,5.150000095367432,5.148799896240234,5.148799896240234,760.0
2025-06-26 13:43:00,LCTX,,1.0,1.0,1.0,1.0,0.0
2025-06-26 13:43:00,LEU,,176.00999450683594,176.00999450683594,176.00999450683594,176.00999450683594,2964.0
2025-06-26 13:43:00,LNG,,242.36000061035156,242.4499969482422,242.3000030517578,242.4499969482422,6422.0
2025-06-26 13:43:00,MAG,,21.42009925842285,21.42009925842285,21.42009925842285,21.42009925842285,1953.0
2025-06-26 13:43:00,MPU,,0.9399999976158142,0.9399999976158142,0.9399999976158142,0.9399999976158142,761.0
2025-06-26 13:43:00,MSN,,0.38089999556541443,0.38089999556541443,0.38089999556541443,0.38089999556541443,7629.0
2025-06-26 13:43:00,MTA,,3.884999990463257,3.884999990463257,3.884999990463257,3.884999990463257,425.0
2025-06-26 13:43:00,MWG,,0.26499998569488525,0.26499998569488525,0.26499998569488525,0.26499998569488525,10227.0
2025-06-26 13:43:00,MYO,,2.2290000915527344,2.2290000915527344,2.2290000915527344,2.2290000915527344,414.0
2025-06-26 13:43:00,NEWP,,1.3799999952316284,1.3799999952316284,1.3799999952316284,1.3799999952316284,0.0
2025-06-26 13:43:00,NFGC,,1.475000023841858,1.475000023841858,1.475000023841858,1.475000023841858,101.0
2025-06-26 13:43:00,NG,,4.119999885559082,4.119999885559082,4.115099906921387,4.115099906921387,2323.0
2025-06-26 13:43:00,NGD,,4.920000076293945,4.920000076293945,4.920000076293945,4.920000076293945,7310.0
2025-06-26 13:43:00,NRO,,3.200000047683716,3.200000047683716,3.200000047683716,3.200000047683716,600.0
2025-06-26 13:43:00,OBE,,5.559999942779541,5.559999942779541,5.559999942779541,5.559999942779541,205385.0
2025-06-26 13:43:00,OPTT,,0.5157999992370605,0.5159000158309937,0.5157999992370605,0.5159000158309937,1117.0
2025-06-26 13:43:00,ORLA,,9.984999656677246,9.984999656677246,9.979999542236328,9.979999542236328,411.0
2025-06-26 13:43:00,OSTX,,1.8550000190734863,1.8550000190734863,1.8550000190734863,1.8550000190734863,0.0
2025-06-26 13:43:00,PLG,,1.6449999809265137,1.6449999809265137,1.6449999809265137,1.6449999809265137,0.0
2025-06-26 13:43:00,PLMR,,150.5749969482422,150.59300231933594,150.5749969482422,150.5749969482422,2307.0
2025-06-26 13:43:00,SACH,,1.080199956893921,1.080199956893921,1.080199956893921,1.080199956893921,1076.0
2025-06-26 13:43:00,SBEV,,3.6500000953674316,3.6500000953674316,3.6500000953674316,3.6500000953674316,8007.0
2025-06-26 13:43:00,SEB,,2954.0,2954.0,2953.679931640625,2953.679931640625,2.0
2025-06-26 13:43:00,SENS,,0.4999000132083893,0.5004000067710876,0.4999000132083893,0.5004000067710876,75094.0
2025-06-26 13:43:00,SKYH,,9.539999961853027,9.539999961853027,9.539999961853027,9.539999961853027,365.0
2025-06-26 13:43:00,SOAR,,1.3799999952316284,1.3799999952316284,1.3799999952316284,1.3799999952316284,0.0
2025-06-26 13:43:00,SVM,,4.195000171661377,4.195000171661377,4.195000171661377,4.195000171661377,1610.0
2025-06-26 13:43:00,TGB,,3.130000114440918,3.1335999965667725,3.130000114440918,3.1335999965667725,125573.0
2025-06-26 13:43:00,TMQ,,1.470900058746338,1.470900058746338,1.470900058746338,1.470900058746338,2389.0
2025-06-26 13:43:00,UAMY,,2.5899999141693115,2.5899999141693115,2.5899999141693115,2.5899999141693115,202.0
2025-06-26 13:43:00,UAVS,,1.1150000095367432,1.1150000095367432,1.1150000095367432,1.1150000095367432,588.0
2025-06-26 13:43:00,UEC,,6.909999847412109,6.909999847412109,6.909999847412109,6.909999847412109,17058.0
2025-06-26 13:43:00,URG,,1.0449999570846558,1.0449999570846558,1.0449999570846558,1.0449999570846558,8444.0
2025-06-26 13:43:00,UTG,,35.51499938964844,35.51499938964844,35.51499938964844,35.51499938964844,1162.0
2025-06-26 13:43:00,UUUU,,5.914999961853027,5.914999961853027,5.914999961853027,5.914999961853027,7540.0
2025-06-26 13:43:00,VZLA,,2.984999895095825,2.984999895095825,2.984999895095825,2.984999895095825,4419.0
2025-06-26 13:43:00,XPL,,0.6501500010490417,0.6501500010490417,0.6501500010490417,0.6501500010490417,26171.0
2025-06-26 13:44:00,ARMN,,6.864999771118164,6.864999771118164,6.864999771118164,6.864999771118164,1126.0
2025-06-26 13:44:00,ASM,,3.5350000858306885,3.5350000858306885,3.5350000858306885,3.5350000858306885,111.0
2025-06-26 13:44:00,ATNM,,1.5549999475479126,1.5549999475479126,1.5549999475479126,1.5549999475479126,300.0
2025-06-26 13:44:00,BKTI,,54.441200256347656,54.441200256347656,54.441200256347656,54.441200256347656,71270.0
2025-06-26 13:44:00,BRBS,,3.2699999809265137,3.2699999809265137,3.2699999809265137,3.2699999809265137,289.0
2025-06-26 13:44:00,BTG,,3.635999917984009,3.6500000953674316,3.630000114440918,3.640000104904175,932057.0
2025-06-26 13:44:00,BURU,,0.3440000116825104,0.3440000116825104,0.34279999136924744,0.34389999508857727,7147.0
2025-06-26 13:44:00,CANF,,1.059999942779541,1.059999942779541,1.059999942779541,1.059999942779541,606.0
2025-06-26 13:44:00,CATX,,3.680000066757202,3.680000066757202,3.680000066757202,3.680000066757202,461.0
2025-06-26 13:44:00,CBOE,,228.4600067138672,228.4600067138672,228.2949981689453,228.2949981689453,1824.0
2025-06-26 13:44:00,CIK,,2.940000057220459,2.940000057220459,2.940000057220459,2.940000057220459,200.0
2025-06-26 13:44:00,CLM,,7.949999809265137,7.949999809265137,7.947999954223633,7.947999954223633,1600.0
2025-06-26 13:44:00,CPHI,,1.809999942779541,1.809999942779541,1.809999942779541,1.809999942779541,112450.0
2025-06-26 13:44:00,CQP,,55.98500061035156,55.98500061035156,55.98500061035156,55.98500061035156,446.0
2025-06-26 13:44:00,CRF,,7.545000076293945,7.550099849700928,7.545000076293945,7.550000190734863,421783.0
2025-06-26 13:44:00,CTM,,1.0499999523162842,1.0499999523162842,1.0399999618530273,1.0449999570846558,913.0
2025-06-26 13:44:00,CVM,,2.440000057220459,2.440000057220459,2.440000057220459,2.440000057220459,504.0
2025-06-26 13:44:00,CYBN,,8.510000228881836,8.510000228881836,8.510000228881836,8.510000228881836,100.0
2025-06-26 13:44:00,DNN,,1.8250000476837158,1.8300000429153442,1.8250000476837158,1.8250000476837158,9273.0
2025-06-26 13:44:00,ELMD,,21.15999984741211,21.15999984741211,21.15999984741211,21.15999984741211,186.0
2025-06-26 13:44:00,EMX,,2.559999942779541,2.559999942779541,2.559999942779541,2.559999942779541,506.0
2025-06-26 13:44:00,EQX,,5.974999904632568,5.985000133514404,5.970099925994873,5.980000019073486,37868.0
2025-06-26 13:44:00,ERC,,9.380000114440918,9.390000343322754,9.380000114440918,9.390000343322754,1111.0
2025-06-26 13:44:00,FOXO,,0.2041500061750412,0.20419999957084656,0.20409999787807465,0.20409999787807465,300.0
2025-06-26 13:44:00,FSP,,1.6950000524520874,1.6950000524520874,1.6950000524520874,1.6950000524520874,53856.0
2025-06-26 13:44:00,FTF,,6.385000228881836,6.385000228881836,6.385000228881836,6.385000228881836,328.0
2025-06-26 13:44:00,GGN,,4.385000228881836,4.385000228881836,4.385000228881836,4.385000228881836,2464.0
2025-06-26 13:44:00,GLDG,,0.7458999752998352,0.7458999752998352,0.7458999752998352,0.7458999752998352,170651.0
2025-06-26 13:44:00,GNS,,1.0247999429702759,1.0299999713897705,1.0099999904632568,1.0103000402450562,52385.0
2025-06-26 13:44:00,GROY,,2.2950000762939453,2.2950000762939453,2.2950000762939453,2.2950000762939453,914.0
2025-06-26 13:44:00,IBO,,1.0003999471664429,1.0087000131607056,1.0003999471664429,1.0087000131607056,2855712.0
2025-06-26 13:44:00,IDR,,13.170000076293945,13.170000076293945,13.170000076293945,13.170000076293945,549.0
2025-06-26 13:44:00,IE,,9.65999984741211,9.65999984741211,9.65999984741211,9.65999984741211,458.0
2025-06-26 13:44:00,IMO,,81.37000274658203,81.37999725341797,81.36000061035156,81.37999725341797,1132.0
2025-06-26 13:44:00,INFU,,6.46999979019165,6.474999904632568,6.46999979019165,6.474999904632568,1755.0
2025-06-26 13:44:00,ITRG,,1.524999976158142,1.5297000408172607,1.524999976158142,1.524999976158142,1800.0
2025-06-26 13:44:00,KULR,,5.144999980926514,5.150000095367432,5.144999980926514,5.144999980926514,1065.0
2025-06-26 13:44:00,LCTX,,1.0049999952316284,1.0069860219955444,1.0,1.0,1261647.0
2025-06-26 13:44:00,LEU,,175.88400268554688,176.5,175.62010192871094,175.62010192871094,1973.0
2025-06-26 13:44:00,LMND,,42.308799743652344,42.308799743652344,42.22999954223633,42.22999954223633,2128.0
2025-06-26 13:44:00,LNG,,242.14999389648438,242.36500549316406,242.00999450683594,242.36500549316406,9568.0
2025-06-26 13:44:00,MAG,,21.424999237060547,21.43000030517578,21.420000076293945,21.420000076293945,2369.0
2025-06-26 13:44:00,MHH,,6.840000152587891,6.920000076293945,6.724999904632568,6.724999904632568,3089.0
2025-06-26 13:44:00,NAK,,1.5449999570846558,1.5490000247955322,1.5434999465942383,1.5449999570846558,59069.0
2025-06-26 13:44:00,NCL,,0.1809999942779541,0.1809999942779541,0.1800999939441681,0.1808999925851822,3581.0
2025-06-26 13:44:00,NFGC,,1.475000023841858,1.475000023841858,1.475000023841858,1.475000023841858,130.0
2025-06-26 13:44:00,NG,,4.110000133514404,4.119999885559082,4.110000133514404,4.119999885559082,10014.0
2025-06-26 13:44:00,NGD,,4.920000076293945,4.920000076293945,4.909999847412109,4.920000076293945,9458.0
2025-06-26 13:44:00,OPTT,,0.5149999856948853,0.5184000134468079,0.5149999856948853,0.5156999826431274,5507.0
2025-06-26 13:44:00,ORLA,,9.9975004196167,9.9975004196167,9.979999542236328,9.979999542236328,4370.0
2025-06-26 13:44:00,PLAG,,0.8589000105857849,0.8589000105857849,0.8589000105857849,0.8589000105857849,100.0
2025-06-26 13:44:00,PLG,,1.6399999856948853,1.649999976158142,1.6399999856948853,1.649899959564209,2232705.0
2025-06-26 13:44:00,PZG,,0.6100000143051147,0.6100000143051147,0.6100000143051147,0.6100000143051147,15480.0
2025-06-26 13:44:00,REI,,0.7781000137329102,0.7781000137329102,0.7781000137329102,0.7781000137329102,2000.0
2025-06-26 13:44:00,SBEV,,3.5899999141693115,3.5980000495910645,3.577699899673462,3.577699899673462,2916.0
2025-06-26 13:44:00,SEB,,2953.0,2954.010009765625,2953.0,2954.010009765625,4.0
2025-06-26 13:44:00,SENS,,0.5008999705314636,0.5030999779701233,0.4997999966144562,0.5,49802.0
2025-06-26 13:44:00,SKYH,,9.524999618530273,9.524999618530273,9.524999618530273,9.524999618530273,767.0
2025-06-26 13:44:00,SLI,,1.9103000164031982,1.9113999605178833,1.909999966621399,1.9106999635696411,3476.0
2025-06-26 13:44:00,STXS,,2.234999895095825,2.234999895095825,2.234999895095825,2.234999895095825,99292.0
2025-06-26 13:44:00,SVM,,4.195000171661377,4.199999809265137,4.190000057220459,4.190000057220459,620.0
2025-06-26 13:44:00,TGB,,3.130000114440918,3.139899969100952,3.130000114440918,3.130000114440918,101165.0
2025-06-26 13:44:00,TMQ,,1.4754999876022339,1.4754999876022339,1.4754999876022339,1.4754999876022339,100.0
2025-06-26 13:44:00,TPET,,1.1799999475479126,1.1890000104904175,1.1799999475479126,1.184999942779541,5778.0
2025-06-26 13:44:00,UAMY,,2.5850000381469727,2.5899999141693115,2.5850000381469727,2.5899999141693115,616.0
2025-06-26 13:44:00,UAVS,,1.1200000047683716,1.1200000047683716,1.1200000047683716,1.1200000047683716,401.0
2025-06-26 13:44:00,UEC,,6.914999961853027,6.920000076293945,6.914999961853027,6.914999961853027,3073.0
2025-06-26 13:44:00,URG,,1.0399999618530273,1.0499999523162842,1.0399999618530273,1.0399999618530273,2546.0
2025-06-26 13:44:00,USAS,,0.8399999737739563,0.8399999737739563,0.8389000296592712,0.8389000296592712,47149.0
2025-06-26 13:44:00,UUUU,,5.914999961853027,5.920000076293945,5.911300182342529,5.914999961853027,6300.0
2025-06-26 13:44:00,VTAK,,0.25119999051094055,0.25119999051094055,0.25119999051094055,0.25119999051094055,8831.0
2025-06-26 13:44:00,VZLA,,2.990000009536743,2.990000009536743,2.984999895095825,2.984999895095825,321.0
2025-06-26 13:44:00,WWR,,0.5956000089645386,0.5956000089645386,0.5956000089645386,0.5956000089645386,372545.0
2025-06-26 13:45:00,AREN,,5.869999885559082,5.949999809265137,5.789999961853027,5.869999885559082,3383.0
2025-06-26 13:45:00,ARMN,,6.860000133514404,6.869999885559082,6.860000133514404,6.864999771118164,5023.0
2025-06-26 13:45:00,ASM,,3.5299999713897705,3.5399999618530273,3.5299999713897705,3.5399999618530273,697.0
2025-06-26 13:45:00,ATNM,,1.5549999475479126,1.5549999475479126,1.5549999475479126,1.5549999475479126,292.0
2025-06-26 13:45:00,BRBS,,3.2750000953674316,3.2750000953674316,3.2699999809265137,3.2699999809265137,318.0
2025-06-26 13:45:00,BTG,,3.634999990463257,3.640000104904175,3.630000114440918,3.6396000385284424,208854.0
2025-06-26 13:45:00,BURU,,0.34389999508857727,0.34389999508857727,0.34119999408721924,0.34389999508857727,68697.0
2025-06-26 13:45:00,CATX,,3.684999942779541,3.684999942779541,3.680000066757202,3.680000066757202,1113.0
2025-06-26 13:45:00,CIK,,2.940000057220459,2.940000057220459,2.940000057220459,2.940000057220459,200.0
2025-06-26 13:45:00,CLDI,,0.23389999568462372,0.23389999568462372,0.23389999568462372,0.23389999568462372,393.0
2025-06-26 13:45:00,CLM,,7.944699764251709,7.944699764251709,7.944699764251709,7.944699764251709,126.0
2025-06-26 13:45:00,CQP,,55.900001525878906,55.98500061035156,55.869998931884766,55.98500061035156,1405.0
2025-06-26 13:45:00,CTM,,1.0449999570846558,1.0449999570846558,1.044600009918213,1.044600009918213,451.0
2025-06-26 13:45:00,CYBN,,8.454999923706055,8.454999923706055,8.454999923706055,8.454999923706055,151.0
2025-06-26 13:45:00,DHY,,2.101300001144409,2.105799913406372,2.101300001144409,2.105799913406372,1458.0
2025-06-26 13:45:00,DNN,,1.8250000476837158,1.8300000429153442,1.8200000524520874,1.8300000429153442,11180.0
2025-06-26 13:45:00,ELMD,,21.19499969482422,21.290000915527344,21.15999984741211,21.15999984741211,526.0
2025-06-26 13:45:00,EMX,,2.559999942779541,2.559999942779541,2.559999942779541,2.559999942779541,613.0
2025-06-26 13:45:00,EQX,,5.974999904632568,5.974999904632568,5.96999979019165,5.974999904632568,2534.0
2025-06-26 13:45:00,ERC,,9.379199981689453,9.379199981689453,9.379199981689453,9.379199981689453,1700.0
2025-06-26 13:45:00,EVM,,8.84000015258789,8.84000015258789,8.84000015258789,8.84000015258789,300.0
2025-06-26 13:45:00,FOXO,,0.2041500061750412,0.2041500061750412,0.2041500061750412,0.2041500061750412,1000.0
2025-06-26 13:45:00,FSP,,1.6950000524520874,1.6950000524520874,1.6950000524520874,1.6950000524520874,200.0
2025-06-26 13:45:00,GENC,,14.336400032043457,14.336400032043457,14.336400032043457,14.336400032043457,7561.0
2025-06-26 13:45:00,GLDG,,0.7455000281333923,0.7458999752998352,0.7455000281333923,0.7458999752998352,1335.0
2025-06-26 13:45:00,GNS,,1.0149999856948853,1.0299999713897705,1.011199951171875,1.0200999975204468,20848.0
2025-06-26 13:45:00,GORO,,0.551019012928009,0.551019012928009,0.5491999983787537,0.5491999983787537,2018.0
2025-06-26 13:45:00,GROY,,2.2950000762939453,2.299999952316284,2.2950000762939453,2.299999952316284,1105.0
2025-06-26 13:45:00,GSAT,,23.225000381469727,23.225000381469727,23.225000381469727,23.225000381469727,1999.0
2025-06-26 13:45:00,IE,,9.550000190734863,9.640000343322754,9.550000190734863,9.640000343322754,17868.0
2025-06-26 13:45:00,INDO,,3.140000104904175,3.140000104904175,3.140000104904175,3.140000104904175,170.0
2025-06-26 13:45:00,ITRG,,1.534999966621399,1.534999966621399,1.5299999713897705,1.5299999713897705,16712.0
2025-06-26 13:45:00,KNW,,1.9700000286102295,1.9701000452041626,1.9700000286102295,1.9700000286102295,1111275.0
2025-06-26 13:45:00,KULR,,5.119999885559082,5.150000095367432,5.119999885559082,5.150000095367432,21336.0
2025-06-26 13:45:00,LCTX,,1.0,1.0,1.0,1.0,1262448.0
2025-06-26 13:45:00,LEU,,176.0,176.0,175.65060424804688,175.65060424804688,467.0
2025-06-26 13:45:00,LMND,,42.29499816894531,42.310001373291016,42.27000045776367,42.27000045776367,1776.0
2025-06-26 13:45:00,LNG,,242.1013946533203,242.14999389648438,242.05999755859375,242.14999389648438,2019.0
2025-06-26 13:45:00,LODE,,3.759999990463257,3.759999990463257,3.759999990463257,3.759999990463257,208.0
2025-06-26 13:45:00,LSF,,6.199999809265137,6.199999809265137,6.199999809265137,6.199999809265137,289.0
2025-06-26 13:45:00,MAG,,21.415000915527344,21.420000076293945,21.415000915527344,21.420000076293945,763.0
2025-06-26 13:45:00,MHH,,6.690000057220459,6.920000076293945,6.690000057220459,6.900000095367432,5041.0
2025-06-26 13:45:00,MITQ,,0.6675099730491638,0.6675099730491638,0.6675099730491638,0.6675099730491638,531.0
2025-06-26 13:45:00,NAK,,1.5449999570846558,1.5499999523162842,1.5399999618530273,1.5449999570846558,4368.0
2025-06-26 13:45:00,NCL,,0.1809999942779541,0.1809999942779541,0.1808999925851822,0.1808999925851822,2835.0
2025-06-26 13:45:00,NEWP,,1.3799999952316284,1.3799999952316284,1.3799999952316284,1.3799999952316284,107660.0
2025-06-26 13:45:00,NG,,4.114999771118164,4.114999771118164,4.114999771118164,4.114999771118164,940.0
2025-06-26 13:45:00,NGD,,4.914999961853027,4.920000076293945,4.909999847412109,4.909999847412109,3123.0
2025-06-26 13:45:00,NNVC,,1.225000023841858,1.225000023841858,1.225000023841858,1.225000023841858,504786.0
2025-06-26 13:45:00,NRXS,,2.5510001182556152,2.559999942779541,2.550600051879883,2.559999942779541,4005.0
2025-06-26 13:45:00,OBE,,5.550000190734863,5.559999942779541,5.550000190734863,5.559999942779541,510.0
2025-06-26 13:45:00,OPTT,,0.5130000114440918,0.5130000114440918,0.5130000114440918,0.5130000114440918,222.0
2025-06-26 13:45:00,ORLA,,9.989999771118164,9.989999771118164,9.989999771118164,9.989999771118164,1265.0
2025-06-26 13:45:00,OSTX,,1.8550000190734863,1.8550000190734863,1.850100040435791,1.850100040435791,243841.0
2025-06-26 13:45:00,PLAG,,0.8587999939918518,0.8587999939918518,0.8587999939918518,0.8587999939918518,100.0
2025-06-26 13:45:00,PLG,,1.648900032043457,1.648900032043457,1.648900032043457,1.648900032043457,1337.0
2025-06-26 13:45:00,PLX,,1.4800000190734863,1.4850000143051147,1.4800000190734863,1.4800000190734863,2683.0
2025-06-26 13:45:00,REI,,0.7781000137329102,0.7781000137329102,0.7781000137329102,0.7781000137329102,103.0
2025-06-26 13:45:00,SATX,,2.950000047683716,2.950000047683716,2.950000047683716,2.950000047683716,203.0
2025-06-26 13:45:00,SBEV,,3.4200000762939453,3.6040000915527344,3.4200000762939453,3.6040000915527344,5819.0
2025-06-26 13:45:00,SEB,,2949.72509765625,2958.989990234375,2949.0,2956.449951171875,55.0
2025-06-26 13:45:00,SENS,,0.5008000135421753,0.5008000135421753,0.5008000135421753,0.5008000135421753,162.0
2025-06-26 13:45:00,SLI,,1.9149999618530273,1.9149999618530273,1.909999966621399,1.909999966621399,668.0
2025-06-26 13:45:00,SOAR,,1.3701000213623047,1.3701000213623047,1.3701000213623047,1.3701000213623047,212965.0
2025-06-26 13:45:00,STXS,,2.2300000190734863,2.239000082015991,2.2300000190734863,2.234999895095825,5652.0
2025-06-26 13:45:00,SVM,,4.190000057220459,4.195000171661377,4.190000057220459,4.195000171661377,4072.0
2025-06-26 13:45:00,TGB,,3.130000114440918,3.139899969100952,3.130000114440918,3.134999990463257,44421.0
2025-06-26 13:45:00,TMP,,63.06999969482422,63.06999969482422,63.06999969482422,63.06999969482422,1017.0
2025-06-26 13:45:00,TPET,,1.179900050163269,1.1799999475479126,1.1792999505996704,1.1792999505996704,3400.0
2025-06-26 13:45:00,UAMY,,2.5850000381469727,2.5899999141693115,2.5850000381469727,2.5899999141693115,623.0
2025-06-26 13:45:00,UAVS,,1.11489999294281,1.1200000047683716,1.11489999294281,1.1190999746322632,1697.0
2025-06-26 13:45:00,UEC,,6.90500020980835,6.917600154876709,6.90500020980835,6.909999847412109,10904.0
2025-06-26 13:45:00,URG,,1.0449999570846558,1.0499999523162842,1.0399999618530273,1.0449999570846558,2141.0
2025-06-26 13:45:00,USAS,,0.8399999737739563,0.8399999737739563,0.8399999737739563,0.8399999737739563,74028.0
2025-06-26 13:45:00,UUUU,,5.918000221252441,5.918000221252441,5.900000095367432,5.914999961853027,73367.0
2025-06-26 13:45:00,VZLA,,2.984999895095825,2.985100030899048,2.9800000190734863,2.984999895095825,6825.0
2025-06-26 13:45:00,WWR,,0.5960000157356262,0.5960000157356262,0.5960000157356262,0.5960000157356262,1147.0
2025-06-26 13:45:00,ZDGE,,3.990000009536743,3.991499900817871,3.9800000190734863,3.990000009536743,12738.0
2025-06-26 13:46:00,AREN,,5.86359977722168,5.869999885559082,5.86359977722168,5.869999885559082,648.0
2025-06-26 13:46:00,ASM,,3.5350000858306885,3.5399999618530273,3.5350000858306885,3.5350000858306885,1138.0
2025-06-26 13:46:00,ATNM,,1.5549999475479126,1.5599000453948975,1.5549999475479126,1.5599000453948975,5201.0
2025-06-26 13:46:00,BRBS,,3.2699999809265137,3.2750000953674316,3.2699999809265137,3.2750000953674316,245.0
2025-06-26 13:46:00,BTG,,3.640000104904175,3.640000104904175,3.634999990463257,3.640000104904175,15661.0
2025-06-26 13:46:00,BURU,,0.34220001101493835,0.3431999981403351,0.34130001068115234,0.3431999981403351,14597.0
2025-06-26 13:46:00,CATX,,3.680000066757202,3.684999942779541,3.680000066757202,3.684999942779541,728.0
2025-06-26 13:46:00,CIK,,2.940000057220459,2.940000057220459,2.940000057220459,2.940000057220459,100.0
2025-06-26 13:46:00,CLDI,,0.23399999737739563,0.23399999737739563,0.23399999737739563,0.23399999737739563,465.0
2025-06-26 13:46:00,CLM,,7.945000171661377,7.945000171661377,7.945000171661377,7.945000171661377,4015.0
2025-06-26 13:46:00,CMCL,,19.200000762939453,19.200000762939453,19.149999618530273,19.15999984741211,1133.0
2025-06-26 13:46:00,COE,,32.900001525878906,32.90999984741211,32.900001525878906,32.900001525878906,1495.0
2025-06-26 13:46:00,CPHI,,1.809999942779541,1.809999942779541,1.809999942779541,1.809999942779541,2200.0
2025-06-26 13:46:00,CQP,,55.88999938964844,55.904998779296875,55.88999938964844,55.904998779296875,500.0
2025-06-26 13:46:00,CYBN,,8.471800804138184,8.471800804138184,8.471800804138184,8.471800804138184,505.0
2025-06-26 13:46:00,DC,,3.819999933242798,3.819999933242798,3.819999933242798,3.819999933242798,334.0
2025-06-26 13:46:00,DHY,,2.100100040435791,2.100100040435791,2.100100040435791,2.100100040435791,2501.0
2025-06-26 13:46:00,DNN,,1.8250000476837158,1.8300000429153442,1.8200000524520874,1.8250000476837158,155110.0
2025-06-26 13:46:00,EQX,,5.974999904632568,5.980000019073486,5.96999979019165,5.96999979019165,3716.0
2025-06-26 13:46:00,ERC,,9.380000114440918,9.380000114440918,9.370100021362305,9.380000114440918,3600.0
2025-06-26 13:46:00,EVM,,8.84000015258789,8.84000015258789,8.84000015258789,8.84000015258789,100.0
2025-06-26 13:46:00,EVV,,10.170000076293945,10.170000076293945,10.170000076293945,10.170000076293945,200.0
2025-06-26 13:46:00,FOXO,,0.2041500061750412,0.20419999957084656,0.2041500061750412,0.20419999957084656,563.0
2025-06-26 13:46:00,FSP,,1.6950000524520874,1.6950000524520874,1.6950000524520874,1.6950000524520874,948.0
2025-06-26 13:46:00,GGN,,4.385000228881836,4.385000228881836,4.385000228881836,4.385000228881836,108.0
2025-06-26 13:46:00,GLDG,,0.7455000281333923,0.7455000281333923,0.7455000281333923,0.7455000281333923,213.0
2025-06-26 13:46:00,GNS,,1.0191999673843384,1.0191999673843384,1.0099999904632568,1.0190000534057617,33462.0
2025-06-26 13:46:00,GORO,,0.550599992275238,0.550599992275238,0.550599992275238,0.550599992275238,110.0
2025-06-26 13:46:00,GROY,,2.2950000762939453,2.2950000762939453,2.2950000762939453,2.2950000762939453,242.0
2025-06-26 13:46:00,HUSA,,13.100000381469727,13.156599998474121,13.100000381469727,13.156599998474121,17402.0
2025-06-26 13:46:00,IBO,,1.0003999471664429,1.0003999471664429,1.0003999471664429,1.0003999471664429,187.0
2025-06-26 13:46:00,IE,,9.5600004196167,9.5649995803833,9.5600004196167,9.5649995803833,1554.0
2025-06-26 13:46:00,INDO,,3.140000104904175,3.140000104904175,3.140000104904175,3.140000104904175,1077.0
2025-06-26 13:46:00,ITRG,,1.534999966621399,1.534999966621399,1.534999966621399,1.534999966621399,142.0
2025-06-26 13:46:00,KNW,,1.9800000190734863,1.9800000190734863,1.9800000190734863,1.9800000190734863,1014.0
2025-06-26 13:46:00,KULR,,5.125,5.130000114440918,5.119999885559082,5.119999885559082,2560.0
2025-06-26 13:46:00,LCTX,,0.9905999898910522,1.0,0.9904999732971191,1.0,7620.0
2025-06-26 13:46:00,LEU,,175.4199981689453,176.0,175.2100067138672,176.0,4515.0
2025-06-26 13:46:00,LGL,,7.210000038146973,7.210000038146973,7.210000038146973,7.210000038146973,493.0
2025-06-26 13:46:00,LMND,,42.369998931884766,42.369998931884766,42.31999969482422,42.31999969482422,1400.0
2025-06-26 13:46:00,MAG,,21.424999237060547,21.424999237060547,21.420000076293945,21.420000076293945,1011.0
2025-06-26 13:46:00,MHH,,6.599999904632568,6.610000133514404,6.599999904632568,6.610000133514404,400.0
2025-06-26 13:46:00,MTA,,3.890000104904175,3.890000104904175,3.890000104904175,3.890000104904175,1043.0
2025-06-26 13:46:00,MYO,,2.2249999046325684,2.2249999046325684,2.2219998836517334,2.2219998836517334,333.0
2025-06-26 13:46:00,NAK,,1.5399999618530273,1.5464999675750732,1.5399999618530273,1.5464999675750732,3085.0
2025-06-26 13:46:00,NBH,,9.795000076293945,9.795000076293945,9.795000076293945,9.795000076293945,102.0
2025-06-26 13:46:00,NEWP,,1.3799999952316284,1.3799999952316284,1.3799999952316284,1.3799999952316284,100.0
2025-06-26 13:46:00,NFGC,,1.475000023841858,1.475000023841858,1.4709999561309814,1.4709999561309814,3336.0
2025-06-26 13:46:00,NG,,4.119999885559082,4.119999885559082,4.119999885559082,4.119999885559082,779.0
2025-06-26 13:46:00,NGD,,4.920000076293945,4.920000076293945,4.909999847412109,4.920000076293945,2819.0
2025-06-26 13:46:00,NRXS,,2.549999952316284,2.549999952316284,2.549999952316284,2.549999952316284,1502.0
2025-06-26 13:46:00,OBE,,5.545000076293945,5.545000076293945,5.545000076293945,5.545000076293945,505.0
2025-06-26 13:46:00,OPTT,,0.5135999917984009,0.5135999917984009,0.5135999917984009,0.5135999917984009,927.0
2025-06-26 13:46:00,ORLA,,10.010000228881836,10.015000343322754,10.0,10.0,1704.0
2025-06-26 13:46:00,PLG,,1.6442999839782715,1.648900032043457,1.6399999856948853,1.6449999809265137,4420.0
2025-06-26 13:46:00,PLX,,1.4800000190734863,1.4800000190734863,1.4800000190734863,1.4800000190734863,410.0
2025-06-26 13:46:00,REI,,0.7784000039100647,0.7788000106811523,0.7781000137329102,0.7781000137329102,1412.0
2025-06-26 13:46:00,RLGT,,6.039999961853027,6.039999961853027,6.039999961853027,6.039999961853027,110.0
2025-06-26 13:46:00,SATX,,2.950000047683716,2.950000047683716,2.950000047683716,2.950000047683716,104.0
2025-06-26 13:46:00,SBEV,,3.4200000762939453,3.609999895095825,3.4100000858306885,3.5199999809265137,4766.0
2025-06-26 13:46:00,SEB,,2943.764892578125,2945.264892578125,2942.56005859375,2942.56005859375,6.0
2025-06-26 13:46:00,SGN,,1.1373540163040161,1.1373540163040161,1.1373540163040161,1.1373540163040161,2054.0
2025-06-26 13:46:00,SKYH,,9.545000076293945,9.550000190734863,9.545000076293945,9.550000190734863,850.0
2025-06-26 13:46:00,SVM,,4.190000057220459,4.195000171661377,4.184999942779541,4.190000057220459,73569.0
2025-06-26 13:46:00,TGB,,3.1347999572753906,3.1347999572753906,3.130000114440918,3.130000114440918,29776.0
2025-06-26 13:46:00,TPET,,1.1799999475479126,1.1799999475479126,1.1799999475479126,1.1799999475479126,2149.0
2025-06-26 13:46:00,UAMY,,2.5850000381469727,2.5899999141693115,2.5850000381469727,2.5899999141693115,203.0
2025-06-26 13:46:00,UAVS,,1.1200000047683716,1.1200000047683716,1.1200000047683716,1.1200000047683716,463.0
2025-06-26 13:46:00,UEC,,6.90500020980835,6.90500020980835,6.90500020980835,6.90500020980835,5811.0
2025-06-26 13:46:00,URG,,1.0449999570846558,1.0449999570846558,1.0399999618530273,1.044600009918213,4145.0
2025-06-26 13:46:00,USAS,,0.840749979019165,0.8410999774932861,0.8403000235557556,0.8410999774932861,1922.0
2025-06-26 13:46:00,UUUU,,5.90500020980835,5.914999961853027,5.904099941253662,5.909999847412109,25826.0
2025-06-26 13:46:00,VGZ,,1.0292999744415283,1.0292999744415283,1.0260000228881836,1.0260000228881836,719.0
2025-06-26 13:46:00,VZLA,,2.9888999462127686,2.9888999462127686,2.984999895095825,2.984999895095825,1160.0
2025-06-26 13:46:00,WRN,,1.2400000095367432,1.2400000095367432,1.2400000095367432,1.2400000095367432,254641.0
2025-06-26 13:46:00,WWR,,0.5939000248908997,0.6000000238418579,0.5939000248908997,0.5939000248908997,1813.0
2025-06-26 13:46:00,ZDGE,,3.990000009536743,3.990000009536743,3.990000009536743,3.990000009536743,1789.0
2025-06-26 13:47:00,AREN,,5.869999885559082,5.869999885559082,5.869999885559082,5.869999885559082,151.0
2025-06-26 13:47:00,ARMN,,6.855000019073486,6.864999771118164,6.855000019073486,6.860000133514404,7583.0
2025-06-26 13:47:00,ASM,,3.5350000858306885,3.535399913787842,3.5350000858306885,3.535399913787842,537.0
2025-06-26 13:47:00,ATNM,,1.5549999475479126,1.5549999475479126,1.5549999475479126,1.5549999475479126,100.0
2025-06-26 13:47:00,AZTR,,0.258899986743927,0.258899986743927,0.2581999897956848,0.2581999897956848,547755.0
2025-06-26 13:47:00,BRBS,,3.2750000953674316,3.2750000953674316,3.2699999809265137,3.2699999809265137,218.0
2025-06-26 13:47:00,BTG,,3.634999990463257,3.640000104904175,3.630000114440918,3.639899969100952,87169.0
2025-06-26 13:47:00,BURU,,0.34049999713897705,0.34200000762939453,0.34049999713897705,0.34200000762939453,883.0
2025-06-26 13:47:00,CATX,,3.684999942779541,3.684999942779541,3.684999942779541,3.684999942779541,435.0
2025-06-26 13:47:00,CBOE,,228.4199981689453,228.4199981689453,228.4199981689453,228.4199981689453,414.0
2025-06-26 13:47:00,CIK,,2.940000057220459,2.940000057220459,2.940000057220459,2.940000057220459,806.0
2025-06-26 13:47:00,CLDI,,0.2298000007867813,0.23399999737739563,0.2298000007867813,0.23389999568462372,8074.0
2025-06-26 13:47:00,CLM,,7.940000057220459,7.940000057220459,7.940000057220459,7.940000057220459,833.0
2025-06-26 13:47:00,CMT,,17.010000228881836,17.010000228881836,17.010000228881836,17.010000228881836,742.0
2025-06-26 13:47:00,CQP,,55.904998779296875,55.904998779296875,55.900001525878906,55.900001525878906,300.0
2025-06-26 13:47:00,CRF,,7.547599792480469,7.547599792480469,7.545000076293945,7.545000076293945,2729.0
2025-06-26 13:47:00,CTM,,1.0434999465942383,1.0449999570846558,1.0434999465942383,1.0449999570846558,510.0
2025-06-26 13:47:00,DC,,3.805000066757202,3.815000057220459,3.799999952316284,3.815000057220459,4690.0
2025-06-26 13:47:00,DDC,,10.449999809265137,10.449999809265137,10.329999923706055,10.329999923706055,1825.0
2025-06-26 13:47:00,DHY,,2.109999895095825,2.109999895095825,2.109999895095825,2.109999895095825,111.0
2025-06-26 13:47:00,DNN,,1.8250000476837158,1.8300000429153442,1.8200000524520874,1.8250000476837158,34960.0
2025-06-26 13:47:00,ELMD,,21.260000228881836,21.260000228881836,21.260000228881836,21.260000228881836,201.0
2025-06-26 13:47:00,EPM,,4.769999980926514,4.769999980926514,4.769999980926514,4.769999980926514,178.0
2025-06-26 13:47:00,EQX,,5.974999904632568,5.974999904632568,5.96999979019165,5.974999904632568,1457.0
2025-06-26 13:47:00,ERC,,9.380000114440918,9.380000114440918,9.380000114440918,9.380000114440918,600.0
2025-06-26 13:47:00,FOXO,,0.20419999957084656,0.20419999957084656,0.20419999957084656,0.20419999957084656,1183.0
2025-06-26 13:47:00,GLO,,5.340000152587891,5.340000152587891,5.340000152587891,5.340000152587891,39002.0
2025-06-26 13:47:00,GNS,,1.0049999952316284,1.0149999856948853,1.0,1.0149999856948853,20578.0
2025-06-26 13:47:00,GROY,,2.2899999618530273,2.2950000762939453,2.2899999618530273,2.2950000762939453,252.0
2025-06-26 13:47:00,GTE,,5.070000171661377,5.070000171661377,5.065000057220459,5.065000057220459,1057.0
2025-06-26 13:47:00,HUSA,,13.14050006866455,13.14050006866455,13.14050006866455,13.14050006866455,800.0
2025-06-26 13:47:00,IBO,,1.0099999904632568,1.0099999904632568,1.0049999952316284,1.0049999952316284,578.0
2025-06-26 13:47:00,IE,,9.555000305175781,9.5600004196167,9.550000190734863,9.5600004196167,1113.0
2025-06-26 13:47:00,INDO,,3.134999990463257,3.140000104904175,3.134999990463257,3.134999990463257,1619.0
2025-06-26 13:47:00,INFU,,6.485000133514404,6.489999771118164,6.46999979019165,6.46999979019165,1388.0
2025-06-26 13:47:00,ITP,,0.18559999763965607,0.18690000474452972,0.1850000023841858,0.1868000030517578,11006.0
2025-06-26 13:47:00,JOB,,0.20296800136566162,0.20296800136566162,0.20296800136566162,0.20296800136566162,17032.0
2025-06-26 13:47:00,LCTX,,0.9905999898910522,0.9921000003814697,0.9905999898910522,0.9905999898910522,1600.0
2025-06-26 13:47:00,LEU,,175.85000610351562,175.85000610351562,175.50999450683594,175.63999938964844,2436.0
2025-06-26 13:47:00,LMND,,42.310001373291016,42.349998474121094,42.310001373291016,42.349998474121094,1936.0
2025-06-26 13:47:00,LNG,,242.0301971435547,242.0301971435547,241.97000122070312,242.00999450683594,4835.0
2025-06-26 13:47:00,LODE,,3.744999885559082,3.75,3.744999885559082,3.75,1228.0
2025-06-26 13:47:00,MAG,,21.420000076293945,21.420000076293945,21.420000076293945,21.420000076293945,138.0
2025-06-26 13:47:00,MHH,,6.880000114440918,6.880000114440918,6.599999904632568,6.630000114440918,8496.0
2025-06-26 13:47:00,MRT,,2.880000114440918,2.880000114440918,2.880000114440918,2.880000114440918,3492.0
2025-06-26 13:47:00,NAK,,1.5450999736785889,1.5450999736785889,1.5399999618530273,1.5435999631881714,2749.0
2025-06-26 13:47:00,NCL,,0.1809999942779541,0.1809999942779541,0.1809999942779541,0.1809999942779541,1666.0
2025-06-26 13:47:00,NFGC,,1.4800000190734863,1.4800000190734863,1.4700000286102295,1.4701000452041626,14330.0
2025-06-26 13:47:00,NG,,4.119999885559082,4.119999885559082,4.119999885559082,4.119999885559082,937.0
2025-06-26 13:47:00,NGD,,4.914999961853027,4.920000076293945,4.914999961853027,4.920000076293945,9545.0
2025-06-26 13:47:00,NHS,,7.493500232696533,7.493500232696533,7.493500232696533,7.493500232696533,103180.0
2025-06-26 13:47:00,OPTT,,0.5141000151634216,0.51419997215271,0.5135999917984009,0.51419997215271,910.0
2025-06-26 13:47:00,ORLA,,10.020000457763672,10.020000457763672,10.015000343322754,10.015000343322754,3343.0
2025-06-26 13:47:00,PLG,,1.6449999809265137,1.6490000486373901,1.6449999809265137,1.6490000486373901,7600.0
2025-06-26 13:47:00,PLX,,1.4800000190734863,1.4800000190734863,1.4800000190734863,1.4800000190734863,100.0
2025-06-26 13:47:00,REI,,0.7788000106811523,0.7788000106811523,0.7785000205039978,0.7785999774932861,6933.0
2025-06-26 13:47:00,SATX,,2.9600000381469727,2.9649999141693115,2.950000047683716,2.950000047683716,28119.0
2025-06-26 13:47:00,SBEV,,3.5,3.5,3.5,3.5,258.0
2025-06-26 13:47:00,SEB,,2943.77001953125,2943.77001953125,2943.764892578125,2943.764892578125,4.0
2025-06-26 13:47:00,SENS,,0.5008000135421753,0.5008000135421753,0.5008000135421753,0.5008000135421753,268.0
2025-06-26 13:47:00,SGN,,1.149999976158142,1.149999976158142,1.1347999572753906,1.1347999572753906,11924.0
2025-06-26 13:47:00,SLI,,1.909999966621399,1.909999966621399,1.909999966621399,1.909999966621399,100.0
2025-06-26 13:47:00,SOAR,,1.3799999952316284,1.3799999952316284,1.375,1.3799999952316284,6625.0
2025-06-26 13:47:00,SVM,,4.190000057220459,4.190000057220459,4.179999828338623,4.186500072479248,50098.0
2025-06-26 13:47:00,TGB,,3.125,3.139899969100952,3.119999885559082,3.130000114440918,98711.0
2025-06-26 13:47:00,TMQ,,1.479200005531311,1.479200005531311,1.479200005531311,1.479200005531311,1400.0
2025-06-26 13:47:00,UAMY,,2.5820999145507812,2.5850000381469727,2.5820999145507812,2.5850000381469727,1480.0
2025-06-26 13:47:00,UAVS,,1.1200000047683716,1.1200000047683716,1.1200000047683716,1.1200000047683716,412.0
2025-06-26 13:47:00,UEC,,6.909999847412109,6.909999847412109,6.90500020980835,6.90500020980835,6319.0
2025-06-26 13:47:00,URG,,1.0449999570846558,1.0449999570846558,1.0399999618530273,1.0399999618530273,3022.0
2025-06-26 13:47:00,USAS,,0.8414999842643738,0.8414999842643738,0.8410999774932861,0.8410999774932861,11343.0
2025-06-26 13:47:00,UTG,,35.51499938964844,35.51499938964844,35.51499938964844,35.51499938964844,105.0
2025-06-26 13:47:00,UUUU,,5.90500020980835,5.907800197601318,5.900000095367432,5.907800197601318,9903.0
2025-06-26 13:47:00,VNRX,,0.8199999928474426,0.8199999928474426,0.8199999928474426,0.8199999928474426,78714.0
2025-06-26 13:47:00,VTAK,,0.25119999051094055,0.25119999051094055,0.25119999051094055,0.25119999051094055,294.0
2025-06-26 13:47:00,VZLA,,2.984999895095825,2.984999895095825,2.98009991645813,2.9834001064300537,13132.0
2025-06-26 13:48:00,AEON,,0.7609000205993652,0.7609000205993652,0.7609000205993652,0.7609000205993652,102.0
2025-06-26 13:48:00,ARMN,,6.855000019073486,6.855000019073486,6.854300022125244,6.854300022125244,7654.0
2025-06-26 13:48:00,ASM,,3.5350000858306885,3.5350000858306885,3.5350000858306885,3.5350000858306885,310.0
2025-06-26 13:48:00,ATNM,,1.5549999475479126,1.5549999475479126,1.5549999475479126,1.5549999475479126,100.0
2025-06-26 13:48:00,BRBS,,3.2699999809265137,3.2699999809265137,3.2699999809265137,3.2699999809265137,492.0
2025-06-26 13:48:00,BTG,,3.640000104904175,3.640000104904175,3.630000114440918,3.640000104904175,32372.0
2025-06-26 13:48:00,BURU,,0.3412500023841858,0.3412500023841858,0.34060001373291016,0.34060001373291016,1546.0
2025-06-26 13:48:00,CATX,,3.684999942779541,3.684999942779541,3.684999942779541,3.684999942779541,756.0
2025-06-26 13:48:00,CEF,,30.425899505615234,30.425899505615234,30.425899505615234,30.425899505615234,330.0
2025-06-26 13:48:00,CET,,47.599998474121094,47.599998474121094,47.599998474121094,47.599998474121094,43864.0
2025-06-26 13:48:00,CIK,,2.940000057220459,2.940000057220459,2.940000057220459,2.940000057220459,100.0
2025-06-26 13:48:00,CLM,,7.94350004196167,7.94350004196167,7.94350004196167,7.94350004196167,103.0
2025-06-26 13:48:00,CQP,,55.904998779296875,55.904998779296875,55.849998474121094,55.849998474121094,401.0
2025-06-26 13:48:00,CTM,,1.0449999570846558,1.0449999570846558,1.041100025177002,1.041100025177002,2770.0
2025-06-26 13:48:00,CYBN,,8.460000038146973,8.479999542236328,8.449999809265137,8.449999809265137,1030.0
2025-06-26 13:48:00,DC,,3.799999952316284,3.799999952316284,3.799999952316284,3.799999952316284,769.0
2025-06-26 13:48:00,DHY,,2.109999895095825,2.109999895095825,2.109999895095825,2.109999895095825,361.0
2025-06-26 13:48:00,DNN,,1.8250000476837158,1.8300000429153442,1.8250000476837158,1.8250000476837158,18376.0
2025-06-26 13:48:00,EAD,,6.980000019073486,6.980000019073486,6.980000019073486,6.980000019073486,4559.0
2025-06-26 13:48:00,EQX,,5.974999904632568,5.974999904632568,5.974999904632568,5.974999904632568,1118.0
2025-06-26 13:48:00,EVM,,8.84000015258789,8.84000015258789,8.84000015258789,8.84000015258789,100.0
2025-06-26 13:48:00,GENC,,14.209400177001953,14.209400177001953,14.180000305175781,14.180000305175781,301.0
2025-06-26 13:48:00,GNS,,1.0009000301361084,1.0099999904632568,1.000100016593933,1.0009000301361084,40702.0
2025-06-26 13:48:00,GORO,,0.5485000014305115,0.5485000014305115,0.5485000014305115,0.5485000014305115,700.0
2025-06-26 13:48:00,GROY,,2.2950000762939453,2.299999952316284,2.2950000762939453,2.299999952316284,774.0
2025-06-26 13:48:00,HUSA,,13.287400245666504,13.287400245666504,13.1274995803833,13.1274995803833,1013.0
2025-06-26 13:48:00,IBO,,1.0099999904632568,1.0099999904632568,1.0,1.0,1896.0
2025-06-26 13:48:00,IE,,9.539999961853027,9.555000305175781,9.539999961853027,9.555000305175781,585.0
2025-06-26 13:48:00,INDO,,3.134999990463257,3.134999990463257,3.130199909210205,3.130199909210205,718.0
2025-06-26 13:48:00,ITRG,,1.5299999713897705,1.5299999713897705,1.5299999713897705,1.5299999713897705,104.0
2025-06-26 13:48:00,KULR,,5.135000228881836,5.139999866485596,5.130000114440918,5.135000228881836,2310.0
2025-06-26 13:48:00,LCTX,,0.9909999966621399,0.9909999966621399,0.9905999898910522,0.9905999898910522,3300.0
2025-06-26 13:48:00,LEU,,175.60000610351562,175.60000610351562,175.19000244140625,175.22000122070312,1019.0
2025-06-26 13:48:00,LGL,,7.210000038146973,7.210000038146973,7.210000038146973,7.210000038146973,150.0
2025-06-26 13:48:00,LMND,,42.31990051269531,42.31990051269531,42.31990051269531,42.31990051269531,913.0
2025-06-26 13:48:00,LODE,,3.7300000190734863,3.7300000190734863,3.7300000190734863,3.7300000190734863,482.0
2025-06-26 13:48:00,MAG,,21.424999237060547,21.424999237060547,21.424999237060547,21.424999237060547,174.0
2025-06-26 13:48:00,MAIA,,1.6799999475479126,1.6799999475479126,1.6799999475479126,1.6799999475479126,136508.0
2025-06-26 13:48:00,MHH,,7.0,7.0,6.880000114440918,6.880000114440918,958.0
2025-06-26 13:48:00,MTNB,,0.9200000166893005,0.9200000166893005,0.9200000166893005,0.9200000166893005,115.0
2025-06-26 13:48:00,NAK,,1.5499999523162842,1.5499999523162842,1.5418000221252441,1.5449999570846558,4333.0
2025-06-26 13:48:00,NFGC,,1.4788999557495117,1.4788999557495117,1.4788999557495117,1.4788999557495117,230.0
2025-06-26 13:48:00,NG,,4.119999885559082,4.119999885559082,4.119900226593018,4.119999885559082,2984.0
2025-06-26 13:48:00,NGD,,4.920000076293945,4.920000076293945,4.910099983215332,4.920000076293945,6397.0
2025-06-26 13:48:00,NNVC,,1.2206000089645386,1.2206000089645386,1.2206000089645386,1.2206000089645386,1603.0
2025-06-26 13:48:00,OPTT,,0.5130000114440918,0.51419997215271,0.5130000114440918,0.51419997215271,1625.0
2025-06-26 13:48:00,ORLA,,10.020000457763672,10.020000457763672,10.010000228881836,10.010000228881836,2631.0
2025-06-26 13:48:00,OSTX,,1.8392000198364258,1.8550000190734863,1.8392000198364258,1.850000023841858,1166.0
2025-06-26 13:48:00,PHGE,,0.4602000117301941,0.4602000117301941,0.4602000117301941,0.4602000117301941,192.0
2025-06-26 13:48:00,PLG,,1.6449999809265137,1.649999976158142,1.6399999856948853,1.6449999809265137,11600.0
2025-06-26 13:48:00,PLX,,1.4800000190734863,1.4800000190734863,1.4800000190734863,1.4800000190734863,408.0
2025-06-26 13:48:00,REI,,0.7786999940872192,0.7786999940872192,0.7785000205039978,0.7785000205039978,571.0
2025-06-26 13:48:00,SBEV,,3.509999990463257,3.609999895095825,3.502500057220459,3.609999895095825,1039.0
2025-06-26 13:48:00,SEB,,2938.18994140625,2943.77001953125,2938.18994140625,2943.77001953125,2.0
2025-06-26 13:48:00,SENS,,0.5006999969482422,0.5008000135421753,0.5006999969482422,0.5007500052452087,12908.0
2025-06-26 13:48:00,SLI,,1.9119999408721924,1.9119999408721924,1.909999966621399,1.909999966621399,1700.0
2025-06-26 13:48:00,SOAR,,1.3799999952316284,1.3799999952316284,1.3799999952316284,1.3799999952316284,342.0
2025-06-26 13:48:00,STXS,,2.2300000190734863,2.240000009536743,2.2300000190734863,2.240000009536743,921.0
2025-06-26 13:48:00,SVM,,4.190000057220459,4.190000057220459,4.179999828338623,4.179999828338623,139143.0
2025-06-26 13:48:00,TGB,,3.134999990463257,3.1354000568389893,3.119999885559082,3.130000114440918,137131.0
2025-06-26 13:48:00,TOON,,0.75,0.75,0.75,0.75,2722.0
2025-06-26 13:48:00,TOVX,,0.43140000104904175,0.43140000104904175,0.43140000104904175,0.43140000104904175,808.0
2025-06-26 13:48:00,UAMY,,2.575000047683716,2.5799999237060547,2.575000047683716,2.5799999237060547,8206.0
2025-06-26 13:48:00,UAVS,,1.1200000047683716,1.1200000047683716,1.1200000047683716,1.1200000047683716,423.0
2025-06-26 13:48:00,UEC,,6.914999961853027,6.919899940490723,6.900000095367432,6.900000095367432,41074.0
2025-06-26 13:48:00,URG,,1.0399999618530273,1.0499999523162842,1.0399999618530273,1.0399999618530273,3201.0
2025-06-26 13:48:00,USAS,,0.8413000106811523,0.8416000008583069,0.8413000106811523,0.8414999842643738,25100.0
2025-06-26 13:48:00,UUUU,,5.90500020980835,5.909999847412109,5.900000095367432,5.90500020980835,39297.0
2025-06-26 13:48:00,VKI,,8.220000267028809,8.220000267028809,8.220000267028809,8.220000267028809,60171.0
2025-06-26 13:48:00,VZLA,,2.984999895095825,2.984999895095825,2.9800000190734863,2.984999895095825,5260.0
2025-06-26 13:48:00,WRN,,1.23989999294281,1.2400000095367432,1.2350000143051147,1.2350000143051147,6700.0
2025-06-26 13:48:00,WWR,,0.6000000238418579,0.6000000238418579,0.6000000238418579,0.6000000238418579,842.0
2025-06-26 13:48:00,ZDGE,,3.944999933242798,3.990000009536743,3.9000000953674316,3.990000009536743,14388.0
2025-06-26 13:49:00,AREN,,5.869999885559082,5.869999885559082,5.869999885559082,5.869999885559082,731.0
2025-06-26 13:49:00,ARMN,,6.855000019073486,6.859099864959717,6.849999904632568,6.849999904632568,1240.0
2025-06-26 13:49:00,ASM,,3.5381999015808105,3.5381999015808105,3.5381999015808105,3.5381999015808105,300.0
2025-06-26 13:49:00,ATNM,,1.5549999475479126,1.5549999475479126,1.5549999475479126,1.5549999475479126,413.0
2025-06-26 13:49:00,BATL,,1.4850000143051147,1.4850000143051147,1.4850000143051147,1.4850000143051147,223815.0
2025-06-26 13:49:00,BRBS,,3.2750000953674316,3.2750000953674316,3.2699999809265137,3.2699999809265137,1052.0
2025-06-26 13:49:00,BRN,,1.2007999420166016,1.2007999420166016,1.2007999420166016,1.2007999420166016,407.0
2025-06-26 13:49:00,BTG,,3.6500000953674316,3.6500000953674316,3.630000114440918,3.634999990463257,1437186.0
2025-06-26 13:49:00,BURU,,0.3409999907016754,0.34200000762939453,0.34051498770713806,0.34189900755882263,15477.0
2025-06-26 13:49:00,CATX,,3.6700000762939453,3.680000066757202,3.6700000762939453,3.680000066757202,2077.0
2025-06-26 13:49:00,CBOE,,228.4199981689453,228.4199981689453,228.4199981689453,228.4199981689453,283.0
2025-06-26 13:49:00,CEF,,30.424999237060547,30.424999237060547,30.424999237060547,30.424999237060547,146.0
2025-06-26 13:49:00,CIK,,2.940000057220459,2.940000057220459,2.940000057220459,2.940000057220459,200.0
2025-06-26 13:49:00,CLDI,,0.23194999992847443,0.23194999992847443,0.2296999990940094,0.23190000653266907,793589.0
2025-06-26 13:49:00,CQP,,55.880001068115234,55.900001525878906,55.849998474121094,55.849998474121094,591.0
2025-06-26 13:49:00,CTM,,1.0449999570846558,1.0449999570846558,1.0400999784469604,1.0400999784469604,3455.0
2025-06-26 13:49:00,CYBN,,8.454999923706055,8.454999923706055,8.454999923706055,8.454999923706055,243.0
2025-06-26 13:49:00,DNN,,1.8250000476837158,1.8300000429153442,1.8200000524520874,1.8300000429153442,446734.0
2025-06-26 13:49:00,ELMD,,21.100000381469727,21.100000381469727,21.100000381469727,21.100000381469727,168.0
2025-06-26 13:49:00,EQX,,5.974999904632568,5.974999904632568,5.96999979019165,5.974999904632568,3593.0
2025-06-26 13:49:00,ERC,,9.380000114440918,9.380000114440918,9.380000114440918,9.380000114440918,300.0
2025-06-26 13:49:00,EVV,,10.170000076293945,10.180000305175781,10.170000076293945,10.180000305175781,300.0
2025-06-26 13:49:00,FOXO,,0.20419999957084656,0.20419999957084656,0.20409999787807465,0.20419999957084656,4088.0
2025-06-26 13:49:00,FTF,,6.385000228881836,6.385000228881836,6.385000228881836,6.385000228881836,100.0
2025-06-26 13:49:00,GBR,,1.0812000036239624,1.0812000036239624,1.0812000036239624,1.0812000036239624,250.0
2025-06-26 13:49:00,GENC,,14.209400177001953,14.209400177001953,14.209400177001953,14.209400177001953,100.0
2025-06-26 13:49:00,GGN,,4.385000228881836,4.385000228881836,4.385000228881836,4.385000228881836,800.0
2025-06-26 13:49:00,GNS,,1.0091999769210815,1.0099999904632568,1.0,1.0049999952316284,5550.0
2025-06-26 13:49:00,GORO,,0.5471000075340271,0.5471000075340271,0.5471000075340271,0.5471000075340271,176.0
2025-06-26 13:49:00,GROY,,2.2950000762939453,2.2950000762939453,2.29010009765625,2.2950000762939453,2685.0
2025-06-26 13:49:00,GTE,,5.070000171661377,5.070000171661377,5.070000171661377,5.070000171661377,939.0
2025-06-26 13:49:00,HUSA,,13.100000381469727,13.220000267028809,13.100000381469727,13.220000267028809,581.0
2025-06-26 13:49:00,IBO,,1.0104000568389893,1.0199999809265137,1.0104000568389893,1.0199999809265137,3960.0
2025-06-26 13:49:00,IE,,9.529999732971191,9.569999694824219,9.529999732971191,9.555000305175781,1952.0
2025-06-26 13:49:00,INDO,,3.134999990463257,3.134999990463257,3.134999990463257,3.134999990463257,310.0
2025-06-26 13:49:00,ITP,,0.18709999322891235,0.18709999322891235,0.18709999322891235,0.18709999322891235,108.0
2025-06-26 13:49:00,KULR,,5.139999866485596,5.139999866485596,5.135000228881836,5.135000228881836,770.0
2025-06-26 13:49:00,LCTX,,0.9930499792098999,0.9930499792098999,0.991100013256073,0.991100013256073,8793.0
2025-06-26 13:49:00,LEU,,175.65060424804688,175.65060424804688,175.5850067138672,175.5850067138672,1302.0
2025-06-26 13:49:00,LMND,,42.369998931884766,42.369998931884766,42.369998931884766,42.369998931884766,951.0
2025-06-26 13:49:00,LNG,,241.86000061035156,241.86000061035156,241.86000061035156,241.86000061035156,732.0
2025-06-26 13:49:00,MAG,,21.424999237060547,21.424999237060547,21.424999237060547,21.424999237060547,202.0
2025-06-26 13:49:00,MPTI,,40.68000030517578,40.68000030517578,40.52000045776367,40.52000045776367,524.0
2025-06-26 13:49:00,MYO,,2.2249999046325684,2.2249999046325684,2.2249999046325684,2.2249999046325684,5348.0
2025-06-26 13:49:00,NAK,,1.545199990272522,1.5489000082015991,1.5449999570846558,1.5449999570846558,2703.0
2025-06-26 13:49:00,NBH,,9.795000076293945,9.795000076293945,9.795000076293945,9.795000076293945,600.0
2025-06-26 13:49:00,NCL,,0.1800999939441681,0.18039999902248383,0.1800999939441681,0.18019999563694,473.0
2025-06-26 13:49:00,NEWP,,1.3799999952316284,1.3799999952316284,1.3799999952316284,1.3799999952316284,100.0
2025-06-26 13:49:00,NFGC,,1.475000023841858,1.4788999557495117,1.4700000286102295,1.4788999557495117,2400.0
2025-06-26 13:49:00,NG,,4.119999885559082,4.119999885559082,4.11329984664917,4.119999885559082,3932.0
2025-06-26 13:49:00,NGD,,4.909999847412109,4.920000076293945,4.909999847412109,4.9197001457214355,10682.0
2025-06-26 13:49:00,NML,,8.829999923706055,8.829999923706055,8.820300102233887,8.820300102233887,2663.0
2025-06-26 13:49:00,OBE,,5.540999889373779,5.540999889373779,5.540999889373779,5.540999889373779,500.0
2025-06-26 13:49:00,OPTT,,0.5135999917984009,0.5135999917984009,0.5135999917984009,0.5135999917984009,3357845.0
2025-06-26 13:49:00,ORLA,,10.010000228881836,10.015000343322754,10.010000228881836,10.015000343322754,1434.0
2025-06-26 13:49:00,PED,,0.6690000295639038,0.6690000295639038,0.6690000295639038,0.6690000295639038,41553.0
2025-06-26 13:49:00,PLG,,1.6449999809265137,1.6452000141143799,1.6399999856948853,1.6399999856948853,900.0
2025-06-26 13:49:00,PLMR,,150.64500427246094,150.64500427246094,150.64500427246094,150.64500427246094,725.0
2025-06-26 13:49:00,PLX,,1.4800000190734863,1.4800000190734863,1.4800000190734863,1.4800000190734863,591.0
2025-06-26 13:49:00,REI,,0.7787500023841858,0.7789000272750854,0.7785000205039978,0.7789000272750854,20887.0
2025-06-26 13:49:00,RLGT,,6.03000020980835,6.03000020980835,6.03000020980835,6.03000020980835,142.0
2025-06-26 13:49:00,SATX,,2.9600000381469727,2.9600000381469727,2.9600000381469727,2.9600000381469727,306.0
2025-06-26 13:49:00,SEB,,2938.030029296875,2938.18994140625,2938.030029296875,2938.18994140625,2.0
2025-06-26 13:49:00,SENS,,0.5008000135421753,0.5008000135421753,0.5008000135421753,0.5008000135421753,311.0
2025-06-26 13:49:00,SGN,,1.1399999856948853,1.1399999856948853,1.1399999856948853,1.1399999856948853,672.0
2025-06-26 13:49:00,SLI,,1.9189000129699707,1.9189000129699707,1.9189000129699707,1.9189000129699707,552.0
2025-06-26 13:49:00,SOAR,,1.3899999856948853,1.399999976158142,1.3899999856948853,1.3899999856948853,1405.0
2025-06-26 13:49:00,SVM,,4.190000057220459,4.190000057220459,4.184999942779541,4.190000057220459,829.0
2025-06-26 13:49:00,SVT,,46.959999084472656,46.959999084472656,46.93000030517578,46.93000030517578,1007.0
2025-06-26 13:49:00,TGB,,3.134999990463257,3.134999990463257,3.130000114440918,3.134999990463257,9790.0
2025-06-26 13:49:00,UAMY,,2.575000047683716,2.575000047683716,2.575000047683716,2.575000047683716,557.0
2025-06-26 13:49:00,UAVS,,1.1200000047683716,1.1200000047683716,1.1200000047683716,1.1200000047683716,425.0
2025-06-26 13:49:00,UEC,,6.914999961853027,6.920000076293945,6.90500020980835,6.920000076293945,20905.0
2025-06-26 13:49:00,URG,,1.0399999618530273,1.0449999570846558,1.0399999618530273,1.0449999570846558,2946.0
2025-06-26 13:49:00,USAS,,0.8449000120162964,0.8450000286102295,0.8449000120162964,0.8450000286102295,1360.0
2025-06-26 13:49:00,UUUU,,5.894999980926514,5.909999847412109,5.889999866485596,5.90500020980835,35325.0
2025-06-26 13:49:00,VGZ,,1.024999976158142,1.024999976158142,1.024999976158142,1.024999976158142,300.0
2025-06-26 13:49:00,VZLA,,2.984999895095825,2.984999895095825,2.984999895095825,2.984999895095825,100.0
2025-06-26 13:49:00,WRN,,1.2309999465942383,1.2309999465942383,1.2309999465942383,1.2309999465942383,1000.0
2025-06-26 13:49:00,ZDGE,,3.912600040435791,3.912600040435791,3.912600040435791,3.912600040435791,300.0
2025-06-26 13:50:00,ARMN,,6.855000019073486,6.855000019073486,6.849999904632568,6.849999904632568,1907.0
2025-06-26 13:50:00,ASM,,3.5299999713897705,3.5299999713897705,3.5299999713897705,3.5299999713897705,431.0
2025-06-26 13:50:00,ATNM,,1.5549999475479126,1.5549999475479126,1.5549999475479126,1.5549999475479126,486.0
2025-06-26 13:50:00,BRBS,,3.2799999713897705,3.2799999713897705,3.2799999713897705,3.2799999713897705,116.0
2025-06-26 13:50:00,BTG,,3.6401000022888184,3.6500000953674316,3.640000104904175,3.6401000022888184,751440.0
2025-06-26 13:50:00,BURU,,0.3416000008583069,0.3416000008583069,0.34139999747276306,0.34139999747276306,3523.0
2025-06-26 13:50:00,CBOE,,228.22999572753906,228.22999572753906,228.22999572753906,228.22999572753906,680.0
2025-06-26 13:50:00,CIK,,2.940000057220459,2.940000057220459,2.940000057220459,2.940000057220459,150.0
2025-06-26 13:50:00,CLM,,7.945000171661377,7.945000171661377,7.9446001052856445,7.9446001052856445,1640.0
2025-06-26 13:50:00,CQP,,55.880001068115234,55.880001068115234,55.880001068115234,55.880001068115234,208.0
2025-06-26 13:50:00,CRF,,7.539999961853027,7.543499946594238,7.539999961853027,7.539999961853027,1244.0
2025-06-26 13:50:00,CYBN,,8.454999923706055,8.5,8.40999984741211,8.5,315.0
2025-06-26 13:50:00,DNN,,1.8200000524520874,1.8300000429153442,1.8200000524520874,1.8300000429153442,75217.0
2025-06-26 13:50:00,EIM,,9.550000190734863,9.550000190734863,9.550000190734863,9.550000190734863,100.0
2025-06-26 13:50:00,EMX,,2.565000057220459,2.565000057220459,2.565000057220459,2.565000057220459,5030.0
2025-06-26 13:50:00,EQX,,5.96999979019165,5.975800037384033,5.96999979019165,5.96999979019165,7692.0
2025-06-26 13:50:00,ESP,,45.5004997253418,45.5004997253418,45.5004997253418,45.5004997253418,235.0
2025-06-26 13:50:00,FOXO,,0.20419999957084656,0.20419999957084656,0.20419999957084656,0.20419999957084656,3045.0
2025-06-26 13:50:00,GBR,,1.0872999429702759,1.0872999429702759,1.0800000429153442,1.0800000429153442,550.0
2025-06-26 13:50:00,GENC,,14.350000381469727,14.350000381469727,14.350000381469727,14.350000381469727,358.0
2025-06-26 13:50:00,GNS,,1.0049999952316284,1.0049999952316284,1.0002000331878662,1.000499963760376,14776.0
2025-06-26 13:50:00,GROY,,2.2950000762939453,2.2950000762939453,2.2899999618530273,2.2950000762939453,580.0
2025-06-26 13:50:00,IBO,,1.0099999904632568,1.0199999809265137,1.0099999904632568,1.0104000568389893,1185.0
2025-06-26 13:50:00,IDR,,13.149999618530273,13.149999618530273,13.149999618530273,13.149999618530273,525.0
2025-06-26 13:50:00,IE,,9.524999618530273,9.550000190734863,9.489999771118164,9.550000190734863,10380.0
2025-06-26 13:50:00,IMO,,81.37000274658203,81.37000274658203,81.37000274658203,81.37000274658203,845.0
2025-06-26 13:50:00,INDO,,3.130199909210205,3.130199909210205,3.130199909210205,3.130199909210205,351.0
2025-06-26 13:50:00,INFU,,6.46999979019165,6.46999979019165,6.46999979019165,6.46999979019165,180.0
2025-06-26 13:50:00,ITRG,,1.535599946975708,1.535599946975708,1.535599946975708,1.535599946975708,115.0
2025-06-26 13:50:00,KNW,,1.9800000190734863,1.9800000190734863,1.9800000190734863,1.9800000190734863,1343.0
2025-06-26 13:50:00,KULR,,5.150000095367432,5.150000095367432,5.139999866485596,5.139999866485596,1639.0
2025-06-26 13:50:00,LCTX,,0.9926999807357788,0.9926999807357788,0.991599977016449,0.9925000071525574,2204.0
2025-06-26 13:50:00,LEU,,175.58999633789062,175.66000366210938,175.17010498046875,175.17010498046875,1934.0
2025-06-26 13:50:00,LMND,,42.34000015258789,42.38999938964844,42.34000015258789,42.369998931884766,1220.0
2025-06-26 13:50:00,LNG,,241.75,241.79049682617188,241.75,241.79049682617188,1717.0
2025-06-26 13:50:00,MAG,,21.424999237060547,21.424999237060547,21.415000915527344,21.420000076293945,6054.0
2025-06-26 13:50:00,MGLD,,0.9300000071525574,0.9300000071525574,0.9300000071525574,0.9300000071525574,218.0
2025-06-26 13:50:00,MTA,,3.880000114440918,3.880000114440918,3.880000114440918,3.880000114440918,200.0
2025-06-26 13:50:00,MTNB,,0.9298999905586243,0.9298999905586243,0.9298999905586243,0.9298999905586243,5468.0
2025-06-26 13:50:00,NAK,,1.5449999570846558,1.5449999570846558,1.5399999618530273,1.5434999465942383,15492.0
2025-06-26 13:50:00,NFGC,,1.4700000286102295,1.4728000164031982,1.4700000286102295,1.4728000164031982,4356.0
2025-06-26 13:50:00,NG,,4.119999885559082,4.119999885559082,4.119999885559082,4.119999885559082,1806.0
2025-06-26 13:50:00,NGD,,4.920000076293945,4.920000076293945,4.909999847412109,4.909999847412109,33732.0
2025-06-26 13:50:00,NHS,,7.495100021362305,7.495100021362305,7.495100021362305,7.495100021362305,1050.0
2025-06-26 13:50:00,NML,,8.80840015411377,8.80840015411377,8.789999961853027,8.789999961853027,400.0
2025-06-26 13:50:00,PLG,,1.6449999809265137,1.649899959564209,1.6449999809265137,1.649899959564209,630.0
2025-06-26 13:50:00,PLMR,,151.00999450683594,151.00999450683594,150.64999389648438,150.7899932861328,1405.0
2025-06-26 13:50:00,PLX,,1.4800000190734863,1.4800000190734863,1.4800000190734863,1.4800000190734863,209.0
2025-06-26 13:50:00,REI,,0.7785999774932861,0.7785999774932861,0.7785999774932861,0.7785999774932861,608.0
2025-06-26 13:50:00,SBEV,,3.515000104904175,3.515000104904175,3.4690001010894775,3.515000104904175,857.0
2025-06-26 13:50:00,SEB,,2948.219970703125,2948.219970703125,2936.06005859375,2946.39990234375,3.0
2025-06-26 13:50:00,SENS,,0.5006999969482422,0.5006999969482422,0.5006999969482422,0.5006999969482422,127.0
2025-06-26 13:50:00,STXS,,2.234999895095825,2.240000009536743,2.234999895095825,2.240000009536743,1375.0
2025-06-26 13:50:00,SVM,,4.184999942779541,4.184999942779541,4.184999942779541,4.184999942779541,413.0
2025-06-26 13:50:00,SVT,,46.93000030517578,46.93000030517578,46.93000030517578,46.93000030517578,101.0
2025-06-26 13:50:00,TGB,,3.134999990463257,3.134999990463257,3.130000114440918,3.1308999061584473,10229.0
2025-06-26 13:50:00,TOON,,0.7494999766349792,0.7494999766349792,0.7494999766349792,0.7494999766349792,613.0
2025-06-26 13:50:00,TRX,,0.336899995803833,0.336899995803833,0.336899995803833,0.336899995803833,264311.0
2025-06-26 13:50:00,UAVS,,1.1200000047683716,1.1200000047683716,1.1200000047683716,1.1200000047683716,645.0
2025-06-26 13:50:00,UEC,,6.917200088500977,6.917200088500977,6.914999961853027,6.914999961853027,1062.0
2025-06-26 13:50:00,URG,,1.0399999618530273,1.0449999570846558,1.0399999618530273,1.0399999618530273,1100.0
2025-06-26 13:50:00,USAS,,0.8409000039100647,0.8449000120162964,0.8409000039100647,0.8449000120162964,5255.0
2025-06-26 13:50:00,UTG,,35.50619888305664,35.50619888305664,35.50619888305664,35.50619888305664,170.0
2025-06-26 13:50:00,UUUU,,5.894999980926514,5.900000095367432,5.891900062561035,5.894999980926514,6192.0
2025-06-26 13:50:00,VZLA,,2.984999895095825,2.984999895095825,2.9800000190734863,2.9800000190734863,2418.0
2025-06-26 13:50:00,XPL,,0.6449999809265137,0.6449999809265137,0.6449999809265137,0.6449999809265137,137.0
2025-06-26 13:50:00,ZDGE,,3.9098000526428223,3.9161999225616455,3.9000000953674316,3.9161999225616455,1200.0
2025-06-26 13:51:00,AREN,,5.789999961853027,5.789999961853027,5.789999961853027,5.789999961853027,413.0
2025-06-26 13:51:00,ARMN,,6.849999904632568,6.855000019073486,6.849999904632568,6.850900173187256,751.0
2025-06-26 13:51:00,ASM,,3.5350000858306885,3.5350000858306885,3.5350000858306885,3.5350000858306885,1159.0
2025-06-26 13:51:00,ATNM,,1.5550999641418457,1.5550999641418457,1.5549999475479126,1.5549999475479126,5250.0
2025-06-26 13:51:00,AZTR,,0.2599000036716461,0.2599000036716461,0.2599000036716461,0.2599000036716461,39535.0
2025-06-26 13:51:00,BATL,,1.5,1.5,1.5,1.5,127.0
2025-06-26 13:51:00,BRBS,,3.2699999809265137,3.2699999809265137,3.2699999809265137,3.2699999809265137,227.0
2025-06-26 13:51:00,BTG,,3.6500000953674316,3.6500000953674316,3.640000104904175,3.6401000022888184,189652.0
2025-06-26 13:51:00,BURU,,0.3418009877204895,0.3418999910354614,0.3418009877204895,0.3418999910354614,3369.0
2025-06-26 13:51:00,CATX,,3.6649999618530273,3.680000066757202,3.6600000858306885,3.6700000762939453,7996.0
2025-06-26 13:51:00,CCEL,,5.479700088500977,5.479700088500977,5.380000114440918,5.380000114440918,443.0
2025-06-26 13:51:00,CIK,,2.940000057220459,2.940000057220459,2.940000057220459,2.940000057220459,200.0
2025-06-26 13:51:00,CLDI,,0.2206999957561493,0.2206999957561493,0.2206999957561493,0.2206999957561493,200.0
2025-06-26 13:51:00,CLM,,7.945000171661377,7.945199966430664,7.9446001052856445,7.9446001052856445,738.0
2025-06-26 13:51:00,CMCL,,19.209999084472656,19.219999313354492,19.19499969482422,19.219999313354492,339.0
2025-06-26 13:51:00,CQP,,55.880001068115234,55.880001068115234,55.880001068115234,55.880001068115234,492.0
2025-06-26 13:51:00,CRF,,7.539999961853027,7.539999961853027,7.539999961853027,7.539999961853027,100.0
2025-06-26 13:51:00,CVM,,2.450000047683716,2.450000047683716,2.430000066757202,2.440000057220459,2112.0
2025-06-26 13:51:00,DC,,3.7950000762939453,3.7950000762939453,3.7950000762939453,3.7950000762939453,358.0
2025-06-26 13:51:00,DNN,,1.8300000429153442,1.8300000429153442,1.8208999633789062,1.8300000429153442,39070.0
2025-06-26 13:51:00,ELMD,,21.260000228881836,21.260000228881836,21.260000228881836,21.260000228881836,214.0
2025-06-26 13:51:00,EMX,,2.5643999576568604,2.5643999576568604,2.5643999576568604,2.5643999576568604,2103.0
2025-06-26 13:51:00,EPM,,4.78000020980835,4.78000020980835,4.78000020980835,4.78000020980835,228.0
2025-06-26 13:51:00,EQX,,5.96999979019165,5.975800037384033,5.96999979019165,5.975800037384033,5089.0
2025-06-26 13:51:00,EVV,,10.170000076293945,10.179900169372559,10.170000076293945,10.179900169372559,583.0
2025-06-26 13:51:00,FLAG,,26.38319969177246,26.38319969177246,26.34000015258789,26.34000015258789,221.0
2025-06-26 13:51:00,FTF,,6.385000228881836,6.385000228881836,6.385000228881836,6.385000228881836,109.0
2025-06-26 13:51:00,GGN,,4.385000228881836,4.385000228881836,4.385000228881836,4.385000228881836,100.0
2025-06-26 13:51:00,GLDG,,0.7454000115394592,0.7454000115394592,0.7454000115394592,0.7454000115394592,480.0
2025-06-26 13:51:00,GNS,,1.0045000314712524,1.0097999572753906,1.0,1.0010000467300415,15835.0
2025-06-26 13:51:00,GORO,,0.5471000075340271,0.5471000075340271,0.5471000075340271,0.5471000075340271,127.0
2025-06-26 13:51:00,GRF,,9.765000343322754,9.765000343322754,9.765000343322754,9.765000343322754,0.0
2025-06-26 13:51:00,GROY,,2.2950000762939453,2.2950000762939453,2.2950000762939453,2.2950000762939453,311.0
2025-06-26 13:51:00,HNW,,12.350000381469727,12.359199523925781,12.350000381469727,12.359199523925781,26040.0
2025-06-26 13:51:00,IBO,,1.0049999952316284,1.0099999904632568,1.0003999471664429,1.0003999471664429,2231.0
2025-06-26 13:51:00,IDR,,13.130000114440918,13.140000343322754,13.130000114440918,13.140000343322754,1279.0
2025-06-26 13:51:00,IMO,,81.36000061035156,81.36000061035156,81.36000061035156,81.36000061035156,301.0
2025-06-26 13:51:00,INFU,,6.489999771118164,6.489999771118164,6.489999771118164,6.489999771118164,100.0
2025-06-26 13:51:00,INUV,,3.900099992752075,3.900099992752075,3.9000000953674316,3.900099992752075,628.0
2025-06-26 13:51:00,ITRG,,1.5399999618530273,1.5399999618530273,1.534999966621399,1.534999966621399,6130.0
2025-06-26 13:51:00,KULR,,5.150000095367432,5.150000095367432,5.142300128936768,5.150000095367432,1044.0
2025-06-26 13:51:00,LCTX,,0.9918000102043152,0.9926999807357788,0.9918000102043152,0.9918000102043152,1100.0
2025-06-26 13:51:00,LEU,,175.1699981689453,175.73280334472656,174.88499450683594,175.73280334472656,7677.0
2025-06-26 13:51:00,LMND,,42.349998474121094,42.36000061035156,42.33000183105469,42.349998474121094,1209.0
2025-06-26 13:51:00,LNG,,241.8300018310547,241.8300018310547,241.8300018310547,241.8300018310547,568.0
2025-06-26 13:51:00,LODE,,3.759999990463257,3.759999990463257,3.759999990463257,3.759999990463257,105.0
2025-06-26 13:51:00,MAG,,21.424999237060547,21.424999237060547,21.424999237060547,21.424999237060547,305.0
2025-06-26 13:51:00,MAIA,,1.683500051498413,1.683500051498413,1.683500051498413,1.683500051498413,176.0
2025-06-26 13:51:00,MXC,,9.4399995803833,9.4399995803833,9.4399995803833,9.4399995803833,172.0
2025-06-26 13:51:00,MYO,,2.2249999046325684,2.2298998832702637,2.2200000286102295,2.2249999046325684,1624.0
2025-06-26 13:51:00,NAK,,1.5419000387191772,1.548799991607666,1.5399999618530273,1.548799991607666,10001.0
2025-06-26 13:51:00,NCL,,0.1808999925851822,0.1809999942779541,0.1808999925851822,0.1808999925851822,2847.0
2025-06-26 13:51:00,NG,,4.105000019073486,4.119999885559082,4.105000019073486,4.119999885559082,20177.0
2025-06-26 13:51:00,NGD,,4.920000076293945,4.920000076293945,4.909999847412109,4.920000076293945,8233.0
2025-06-26 13:51:00,NML,,8.829999923706055,8.829999923706055,8.817584037780762,8.829999923706055,4073.0
2025-06-26 13:51:00,OPTT,,0.5130000114440918,0.5135999917984009,0.5130000114440918,0.5135999917984009,6548.0
2025-06-26 13:51:00,ORLA,,10.010000228881836,10.015000343322754,10.010000228881836,10.015000343322754,396.0
2025-06-26 13:51:00,PHGE,,0.4699999988079071,0.4699999988079071,0.4699999988079071,0.4699999988079071,226.0
2025-06-26 13:51:00,PLX,,1.4800000190734863,1.4800000190734863,1.4800000190734863,1.4800000190734863,200.0
2025-06-26 13:51:00,REI,,0.7789000272750854,0.7789000272750854,0.7789000272750854,0.7789000272750854,1547.0
2025-06-26 13:51:00,SBEV,,3.544100046157837,3.544100046157837,3.544100046157837,3.544100046157837,444.0
2025-06-26 13:51:00,SGN,,1.1531000137329102,1.1531000137329102,1.149999976158142,1.149999976158142,363.0
2025-06-26 13:51:00,SLI,,1.9105000495910645,1.9190000295639038,1.9105000495910645,1.9190000295639038,2783.0
2025-06-26 13:51:00,STXS,,2.234999895095825,2.234999895095825,2.234999895095825,2.234999895095825,297.0
2025-06-26 13:51:00,SVM,,4.184999942779541,4.184999942779541,4.184999942779541,4.184999942779541,708.0
2025-06-26 13:51:00,TGB,,3.134999990463257,3.140000104904175,3.130000114440918,3.134999990463257,17715.0
2025-06-26 13:51:00,TMQ,,1.4800000190734863,1.4800000190734863,1.4800000190734863,1.4800000190734863,3999.0
2025-06-26 13:51:00,TPET,,1.1799999475479126,1.1799999475479126,1.1799999475479126,1.1799999475479126,407.0
2025-06-26 13:51:00,TRT,,5.329400062561035,5.329400062561035,5.329400062561035,5.329400062561035,319.0
2025-06-26 13:51:00,UAMY,,2.575000047683716,2.575000047683716,2.575000047683716,2.575000047683716,721.0
2025-06-26 13:51:00,UAVS,,1.1200000047683716,1.1200000047683716,1.1200000047683716,1.1200000047683716,671.0
2025-06-26 13:51:00,UEC,,6.909999847412109,6.920000076293945,6.909999847412109,6.914999961853027,10108.0
2025-06-26 13:51:00,URG,,1.0399999618530273,1.0499999523162842,1.0399999618530273,1.0399999618530273,6321.0
2025-06-26 13:51:00,USAS,,0.8409000039100647,0.8409000039100647,0.8409000039100647,0.8409000039100647,350.0
2025-06-26 13:51:00,UUUU,,5.894999980926514,5.900000095367432,5.889999866485596,5.898900032043457,2458.0
2025-06-26 13:51:00,VGZ,,1.0292999744415283,1.0292999744415283,1.0292999744415283,1.0292999744415283,220.0
2025-06-26 13:51:00,VZLA,,2.984999895095825,2.984999895095825,2.984999895095825,2.984999895095825,5354.0
2025-06-26 13:51:00,ZDGE,,3.8947999477386475,3.9049999713897705,3.890000104904175,3.9000000953674316,5819.0
2025-06-26 13:52:00,ARMN,,6.855000019073486,6.855000019073486,6.855000019073486,6.855000019073486,1122.0
2025-06-26 13:52:00,ASM,,3.5350000858306885,3.5350000858306885,3.53439998626709,3.5350000858306885,1703.0
2025-06-26 13:52:00,ATNM,,1.5549999475479126,1.5549999475479126,1.5549999475479126,1.5549999475479126,100.0
2025-06-26 13:52:00,BRBS,,3.2699999809265137,3.2699999809265137,3.2699999809265137,3.2699999809265137,100.0
2025-06-26 13:52:00,BTG,,3.640000104904175,3.6500000953674316,3.640000104904175,3.6500000953674316,89075.0
2025-06-26 13:52:00,CATX,,3.674999952316284,3.680000066757202,3.6600000858306885,3.6600000858306885,5308.0
2025-06-26 13:52:00,CBOE,,228.17999267578125,228.17999267578125,228.17999267578125,228.17999267578125,532.0
2025-06-26 13:52:00,CEF,,30.43000030517578,30.43000030517578,30.424999237060547,30.424999237060547,775.0
2025-06-26 13:52:00,CIK,,2.940000057220459,2.940000057220459,2.940000057220459,2.940000057220459,100.0
2025-06-26 13:52:00,CLDI,,0.22750000655651093,0.22750000655651093,0.22750000655651093,0.22750000655651093,2000.0
2025-06-26 13:52:00,CLM,,7.940000057220459,7.947999954223633,7.940000057220459,7.941500186920166,910.0
2025-06-26 13:52:00,CQP,,55.900001525878906,55.900001525878906,55.880001068115234,55.880001068115234,1891.0
2025-06-26 13:52:00,CRF,,7.544600009918213,7.544600009918213,7.544600009918213,7.544600009918213,121.0
2025-06-26 13:52:00,CYBN,,8.40999984741211,8.40999984741211,8.40999984741211,8.40999984741211,210.0
2025-06-26 13:52:00,DHY,,2.1057000160217285,2.1057000160217285,2.1057000160217285,2.1057000160217285,194.0
2025-06-26 13:52:00,DNN,,1.8300000429153442,1.8300000429153442,1.8200000524520874,1.8300000429153442,19781.0
2025-06-26 13:52:00,EAD,,6.974999904632568,6.980000019073486,6.974999904632568,6.980000019073486,757.0
2025-06-26 13:52:00,EIM,,9.546199798583984,9.550000190734863,9.546199798583984,9.546199798583984,3102.0
2025-06-26 13:52:00,EMX,,2.559999942779541,2.559999942779541,2.559999942779541,2.559999942779541,723.0
2025-06-26 13:52:00,EPM,,4.784999847412109,4.784999847412109,4.784999847412109,4.784999847412109,193.0
2025-06-26 13:52:00,EQX,,5.960000038146973,5.975800037384033,5.960000038146973,5.96999979019165,73792.0
2025-06-26 13:52:00,ERC,,9.380000114440918,9.380000114440918,9.380000114440918,9.380000114440918,100.0
2025-06-26 13:52:00,EVM,,8.84000015258789,8.84000015258789,8.84000015258789,8.84000015258789,100.0
2025-06-26 13:52:00,GAU,,1.2799999713897705,1.2799999713897705,1.2799999713897705,1.2799999713897705,758.0
2025-06-26 13:52:00,GGN,,4.388000011444092,4.388000011444092,4.385000228881836,4.385000228881836,652.0
2025-06-26 13:52:00,GNS,,1.0049999952316284,1.0099999904632568,1.000100016593933,1.0099999904632568,19346.0
2025-06-26 13:52:00,GROY,,2.2950000762939453,2.2950000762939453,2.2899999618530273,2.2950000762939453,1126.0
2025-06-26 13:52:00,HNW,,12.369999885559082,12.369999885559082,12.369999885559082,12.369999885559082,1816.0
2025-06-26 13:52:00,HUSA,,13.128000259399414,13.128000259399414,13.128000259399414,13.128000259399414,562.0
2025-06-26 13:52:00,IBO,,1.0003999471664429,1.0049999952316284,1.0003999471664429,1.0049999952316284,801.0
2025-06-26 13:52:00,IE,,9.520000457763672,9.524999618530273,9.520000457763672,9.524999618530273,5046.0
2025-06-26 13:52:00,INDO,,3.134999990463257,3.134999990463257,3.134999990463257,3.134999990463257,135.0
2025-06-26 13:52:00,INFU,,6.489999771118164,6.489999771118164,6.489999771118164,6.489999771118164,104.0
2025-06-26 13:52:00,JOB,,0.20399999618530273,0.20399999618530273,0.20399999618530273,0.20399999618530273,300.0
2025-06-26 13:52:00,KNW,,1.9700000286102295,1.9700000286102295,1.9600000381469727,1.9600000381469727,581.0
2025-06-26 13:52:00,KULR,,5.138800144195557,5.150000095367432,5.138800144195557,5.141499996185303,3401.0
2025-06-26 13:52:00,LCTX,,0.9918000102043152,0.9926000237464905,0.9916999936103821,0.9918000102043152,2766.0
2025-06-26 13:52:00,LEU,,175.22999572753906,175.33999633789062,174.97000122070312,174.97000122070312,2922.0
2025-06-26 13:52:00,LMND,,42.380001068115234,42.380001068115234,42.33000183105469,42.36000061035156,828.0
2025-06-26 13:52:00,LNG,,241.8350067138672,241.8350067138672,241.82000732421875,241.82000732421875,2365.0
2025-06-26 13:52:00,MAG,,21.424999237060547,21.424999237060547,21.424999237060547,21.424999237060547,127.0
2025-06-26 13:52:00,MAIA,,1.7077000141143799,1.7077000141143799,1.6950000524520874,1.6950000524520874,1027.0
2025-06-26 13:52:00,MTA,,3.884999990463257,3.884999990463257,3.884999990463257,3.884999990463257,645.0
2025-06-26 13:52:00,NAK,,1.545300006866455,1.545300006866455,1.5449999570846558,1.5449999570846558,5513.0
2025-06-26 13:52:00,NCL,,0.1808999925851822,0.1809999942779541,0.1808999925851822,0.1809999942779541,1118.0
2025-06-26 13:52:00,NFGC,,1.4700000286102295,1.4700000286102295,1.4700000286102295,1.4700000286102295,205.0
2025-06-26 13:52:00,NG,,4.110000133514404,4.110000133514404,4.110000133514404,4.110000133514404,4548.0
2025-06-26 13:52:00,NGD,,4.920000076293945,4.920000076293945,4.909999847412109,4.914999961853027,13769.0
2025-06-26 13:52:00,NHC,,107.61000061035156,107.61000061035156,107.44000244140625,107.44000244140625,735.0
2025-06-26 13:52:00,NRXS,,2.559799909591675,2.559799909591675,2.559799909591675,2.559799909591675,505.0
2025-06-26 13:52:00,OBE,,5.540900230407715,5.540900230407715,5.540900230407715,5.540900230407715,601.0
2025-06-26 13:52:00,OPTT,,0.5130000114440918,0.5130000114440918,0.5130000114440918,0.5130000114440918,1230.0
2025-06-26 13:52:00,ORLA,,10.010000228881836,10.010000228881836,10.010000228881836,10.010000228881836,308.0
2025-06-26 13:52:00,OSTX,,1.840000033378601,1.840000033378601,1.840000033378601,1.840000033378601,102.0
2025-06-26 13:52:00,PLG,,1.6452000141143799,1.6452000141143799,1.6452000141143799,1.6452000141143799,235.0
2025-06-26 13:52:00,PLMR,,151.63499450683594,151.69000244140625,151.07000732421875,151.07000732421875,4810.0
2025-06-26 13:52:00,PLX,,1.4850000143051147,1.4850000143051147,1.4850000143051147,1.4850000143051147,100.0
2025-06-26 13:52:00,REI,,0.7788000106811523,0.7788000106811523,0.7788000106811523,0.7788000106811523,100.0
2025-06-26 13:52:00,SATX,,2.9600000381469727,2.9600000381469727,2.9600000381469727,2.9600000381469727,100.0
2025-06-26 13:52:00,SBEV,,3.5100998878479004,3.549999952316284,3.5100998878479004,3.5399999618530273,2137.0
2025-06-26 13:52:00,SEB,,2936.110107421875,2936.110107421875,2936.110107421875,2936.110107421875,1.0
2025-06-26 13:52:00,SENS,,0.5006999969482422,0.5008000135421753,0.5006999969482422,0.5008000135421753,287.0
2025-06-26 13:52:00,SKYH,,9.5600004196167,9.5600004196167,9.5600004196167,9.5600004196167,103.0
2025-06-26 13:52:00,SLI,,1.9149999618530273,1.9149999618530273,1.9149999618530273,1.9149999618530273,400.0
2025-06-26 13:52:00,SVM,,4.184999942779541,4.184999942779541,4.184999942779541,4.184999942779541,332.0
2025-06-26 13:52:00,TGB,,3.134999990463257,3.134999990463257,3.1310999393463135,3.1310999393463135,9675.0
2025-06-26 13:52:00,TOON,,0.742900013923645,0.742900013923645,0.742900013923645,0.742900013923645,420.0
2025-06-26 13:52:00,UAMY,,2.5799999237060547,2.5799999237060547,2.575000047683716,2.575000047683716,1360.0
2025-06-26 13:52:00,UAVS,,1.1196000576019287,1.1200000047683716,1.1196000576019287,1.1200000047683716,910.0
2025-06-26 13:52:00,UEC,,6.914999961853027,6.920000076293945,6.914299964904785,6.914999961853027,4298.0
2025-06-26 13:52:00,URG,,1.0449999570846558,1.0449999570846558,1.0399999618530273,1.0449999570846558,1744.0
2025-06-26 13:52:00,UUUU,,5.894999980926514,5.900000095367432,5.889999866485596,5.894999980926514,7753.0
2025-06-26 13:52:00,VTAK,,0.25175100564956665,0.25175100564956665,0.25175100564956665,0.25175100564956665,309.0
2025-06-26 13:52:00,VZLA,,2.9909000396728516,2.994999885559082,2.9800000190734863,2.990000009536743,79255.0
2025-06-26 13:52:00,ZDGE,,3.9200000762939453,3.9200000762939453,3.9200000762939453,3.9200000762939453,208.0
2025-06-26 13:53:00,ARMN,,6.849999904632568,6.855000019073486,6.849999904632568,6.855000019073486,459.0
2025-06-26 13:53:00,BRBS,,3.2699999809265137,3.2750000953674316,3.2699999809265137,3.2750000953674316,222.0
2025-06-26 13:53:00,BTG,,3.640000104904175,3.6500000953674316,3.640000104904175,3.6500000953674316,110866.0
2025-06-26 13:53:00,BURU,,0.3416990041732788,0.3417699933052063,0.3416990041732788,0.3416999876499176,7901.0
2025-06-26 13:53:00,CATX,,3.670799970626831,3.670799970626831,3.670799970626831,3.670799970626831,147.0
2025-06-26 13:53:00,CIK,,2.940000057220459,2.940000057220459,2.940000057220459,2.940000057220459,200.0
2025-06-26 13:53:00,CLM,,7.945000171661377,7.945000171661377,7.945000171661377,7.945000171661377,603.0
2025-06-26 13:53:00,CMT,,17.024999618530273,17.059999465942383,17.024999618530273,17.049999237060547,1124.0
2025-06-26 13:53:00,CPHI,,1.809999942779541,1.8200000524520874,1.809999942779541,1.8200000524520874,4105.0
2025-06-26 13:53:00,CQP,,56.060001373291016,56.060001373291016,55.95000076293945,55.95000076293945,1609.0
2025-06-26 13:53:00,CRF,,7.554999828338623,7.554999828338623,7.5447998046875,7.5447998046875,9348.0
2025-06-26 13:53:00,DC,,3.7899999618530273,3.7899999618530273,3.7899999618530273,3.7899999618530273,344.0
2025-06-26 13:53:00,DNN,,1.8300000429153442,1.8300000429153442,1.8200000524520874,1.8300000429153442,80506.0
2025-06-26 13:53:00,ELMD,,21.100000381469727,21.100000381469727,21.100000381469727,21.100000381469727,119.0
2025-06-26 13:53:00,EQX,,5.960000038146973,5.960000038146973,5.960000038146973,5.960000038146973,1478.0
2025-06-26 13:53:00,ESP,,45.099998474121094,45.099998474121094,45.099998474121094,45.099998474121094,311.0
2025-06-26 13:53:00,GNS,,1.000599980354309,1.0099999904632568,1.0,1.0096999406814575,9309.0
2025-06-26 13:53:00,GROY,,2.2950000762939453,2.2950000762939453,2.2899999618530273,2.291300058364868,1477.0
2025-06-26 13:53:00,IDR,,13.140000343322754,13.140000343322754,13.119999885559082,13.119999885559082,935.0
2025-06-26 13:53:00,IE,,9.520000457763672,9.520000457763672,9.520000457763672,9.520000457763672,212.0
2025-06-26 13:53:00,IMO,,81.36000061035156,81.37999725341797,81.36000061035156,81.37999725341797,265.0
2025-06-26 13:53:00,INDO,,3.130000114440918,3.130000114440918,3.130000114440918,3.130000114440918,592.0
2025-06-26 13:53:00,INFU,,6.489999771118164,6.489999771118164,6.489999771118164,6.489999771118164,549.0
2025-06-26 13:53:00,ITP,,0.18709999322891235,0.18709999322891235,0.18709999322891235,0.18709999322891235,2050.0
2025-06-26 13:53:00,KULR,,5.1392998695373535,5.1392998695373535,5.1392998695373535,5.1392998695373535,877.0
2025-06-26 13:53:00,LCTX,,0.9918000102043152,0.9926499724388123,0.9918000102043152,0.9918000102043152,3450.0
2025-06-26 13:53:00,LEU,,175.0,175.0399932861328,175.0,175.0207061767578,1305.0
2025-06-26 13:53:00,LMND,,42.31999969482422,42.380001068115234,42.31999969482422,42.345001220703125,533.0
2025-06-26 13:53:00,LNG,,242.02000427246094,242.07000732421875,241.9600067138672,241.9600067138672,2035.0
2025-06-26 13:53:00,MAG,,21.424999237060547,21.424999237060547,21.420000076293945,21.424999237060547,702.0
2025-06-26 13:53:00,MRT,,2.8577001094818115,2.8577001094818115,2.8577001094818115,2.8577001094818115,200.0
2025-06-26 13:53:00,MXC,,9.454500198364258,9.454500198364258,9.454500198364258,9.454500198364258,361.0
2025-06-26 13:53:00,MYND,,0.9000009894371033,0.9000009894371033,0.9000009894371033,0.9000009894371033,5620.0
2025-06-26 13:53:00,NAK,,1.545199990272522,1.545199990272522,1.544100046157837,1.544100046157837,655.0
2025-06-26 13:53:00,NFGC,,1.4700000286102295,1.4700000286102295,1.4700000286102295,1.4700000286102295,200.0
2025-06-26 13:53:00,NG,,4.119999885559082,4.119999885559082,4.110000133514404,4.119999885559082,748.0
2025-06-26 13:53:00,NGD,,4.914999961853027,4.920000076293945,4.909999847412109,4.920000076293945,33279.0
2025-06-26 13:53:00,OPTT,,0.5121999979019165,0.5121999979019165,0.5121999979019165,0.5121999979019165,242.0
2025-06-26 13:53:00,ORLA,,10.015000343322754,10.015000343322754,10.015000343322754,10.015000343322754,403.0
2025-06-26 13:53:00,PLG,,1.6399999856948853,1.6401000022888184,1.6399999856948853,1.6401000022888184,300.0
2025-06-26 13:53:00,PLMR,,151.88999938964844,151.88999938964844,151.85000610351562,151.85000610351562,928.0
2025-06-26 13:53:00,PLX,,1.4800000190734863,1.4800000190734863,1.4800000190734863,1.4800000190734863,310.0
2025-06-26 13:53:00,REI,,0.7789999842643738,0.7789999842643738,0.7789000272750854,0.7789000272750854,1409.0
2025-06-26 13:53:00,RLGT,,6.025000095367432,6.025000095367432,6.025000095367432,6.025000095367432,281.0
2025-06-26 13:53:00,SATX,,2.9600000381469727,2.9600000381469727,2.9600000381469727,2.9600000381469727,500.0
2025-06-26 13:53:00,SBEV,,3.549999952316284,3.549999952316284,3.549999952316284,3.549999952316284,3153.0
2025-06-26 13:53:00,SEB,,2935.989990234375,2936.06005859375,2935.989990234375,2936.06005859375,3.0
2025-06-26 13:53:00,SKYH,,9.5600004196167,9.5600004196167,9.5600004196167,9.5600004196167,121.0
2025-06-26 13:53:00,SVM,,4.179999828338623,4.190000057220459,4.179999828338623,4.190000057220459,271.0
2025-06-26 13:53:00,TGB,,3.1308000087738037,3.134999990463257,3.130000114440918,3.130000114440918,2994.0
2025-06-26 13:53:00,TRX,,0.3370000123977661,0.3370000123977661,0.3370000123977661,0.3370000123977661,260.0
2025-06-26 13:53:00,UAMY,,2.569999933242798,2.5799999237060547,2.569999933242798,2.575000047683716,1415.0
2025-06-26 13:53:00,UAVS,,1.1200000047683716,1.1200000047683716,1.1200000047683716,1.1200000047683716,313.0
2025-06-26 13:53:00,UEC,,6.914999961853027,6.920000076293945,6.914999961853027,6.914999961853027,6469.0
2025-06-26 13:53:00,URG,,1.0399999618530273,1.0449999570846558,1.0399999618530273,1.0449999570846558,2340.0
2025-06-26 13:53:00,USAS,,0.8410999774932861,0.8428999781608582,0.8410999774932861,0.8428999781608582,617.0
2025-06-26 13:53:00,UTG,,35.529998779296875,35.54999923706055,35.52989959716797,35.529998779296875,3752.0
2025-06-26 13:53:00,UUUU,,5.894999980926514,5.899899959564209,5.892000198364258,5.892000198364258,6363.0
2025-06-26 13:53:00,VZLA,,2.990999937057495,2.994999885559082,2.990000009536743,2.994999885559082,5767.0
2025-06-26 13:54:00,AREN,,5.739999771118164,5.78000020980835,5.739999771118164,5.78000020980835,569.0
2025-06-26 13:54:00,ARMN,,6.855000019073486,6.855000019073486,6.855000019073486,6.855000019073486,2420.0
2025-06-26 13:54:00,ASM,,3.5350000858306885,3.5350000858306885,3.5350000858306885,3.5350000858306885,884.0
2025-06-26 13:54:00,ATNM,,1.5549999475479126,1.559999942779541,1.5549999475479126,1.5549999475479126,424.0
2025-06-26 13:54:00,BRBS,,3.2699999809265137,3.2699999809265137,3.2699999809265137,3.2699999809265137,126.0
2025-06-26 13:54:00,BTG,,3.639699935913086,3.6500000953674316,3.630000114440918,3.640000104904175,1203544.0
2025-06-26 13:54:00,BURU,,0.3416999876499176,0.3418000042438507,0.3416999876499176,0.3416999876499176,5382.0
2025-06-26 13:54:00,CATX,,3.6700000762939453,3.680000066757202,3.6700000762939453,3.680000066757202,888.0
2025-06-26 13:54:00,CEF,,30.420000076293945,30.420000076293945,30.420000076293945,30.420000076293945,100.0
2025-06-26 13:54:00,CIK,,2.940000057220459,2.940000057220459,2.940000057220459,2.940000057220459,100.0
2025-06-26 13:54:00,CLM,,7.9446001052856445,7.949900150299072,7.940000057220459,7.949900150299072,1486.0
2025-06-26 13:54:00,CMCL,,19.18000030517578,19.18000030517578,19.18000030517578,19.18000030517578,587.0
2025-06-26 13:54:00,CMT,,17.079999923706055,17.079999923706055,17.079999923706055,17.079999923706055,513.0
2025-06-26 13:54:00,CQP,,55.97999954223633,56.06999969482422,55.97999954223633,56.060001373291016,504.0
2025-06-26 13:54:00,CRF,,7.554999828338623,7.554999828338623,7.550000190734863,7.550000190734863,239.0
2025-06-26 13:54:00,CTM,,1.0449999570846558,1.0498000383377075,1.0449999570846558,1.0498000383377075,2652.0
2025-06-26 13:54:00,CYBN,,8.449999809265137,8.449999809265137,8.449999809265137,8.449999809265137,100.0
2025-06-26 13:54:00,DHY,,2.108799934387207,2.108799934387207,2.108799934387207,2.108799934387207,2850.0
2025-06-26 13:54:00,DNN,,1.8279999494552612,1.8300000429153442,1.8200000524520874,1.829699993133545,44863.0
2025-06-26 13:54:00,EMX,,2.559999942779541,2.559999942779541,2.559999942779541,2.559999942779541,127.0
2025-06-26 13:54:00,EQX,,5.960000038146973,5.96999979019165,5.949999809265137,5.965000152587891,225069.0
2025-06-26 13:54:00,ERC,,9.380000114440918,9.380000114440918,9.380000114440918,9.380000114440918,694.0
2025-06-26 13:54:00,EVV,,10.17140007019043,10.17140007019043,10.17140007019043,10.17140007019043,2522.0
2025-06-26 13:54:00,FOXO,,0.2037999927997589,0.2037999927997589,0.20350000262260437,0.20350000262260437,8050.0
2025-06-26 13:54:00,GNS,,1.0008000135421753,1.0099999904632568,1.0,1.0011999607086182,25119.0
2025-06-26 13:54:00,GROY,,2.2950000762939453,2.2950000762939453,2.2899999618530273,2.2950000762939453,13418.0
2025-06-26 13:54:00,IBO,,1.0097999572753906,1.0097999572753906,1.0,1.0,556.0
2025-06-26 13:54:00,IE,,9.53499984741211,9.53499984741211,9.53499984741211,9.53499984741211,651.0
2025-06-26 13:54:00,IGC,,0.30809998512268066,0.30820000171661377,0.30809998512268066,0.30809998512268066,383.0
2025-06-26 13:54:00,IMO,,81.29000091552734,81.3499984741211,81.29000091552734,81.3499984741211,993.0
2025-06-26 13:54:00,KULR,,5.135000228881836,5.139999866485596,5.133800029754639,5.139999866485596,3714.0
2025-06-26 13:54:00,LCTX,,0.9918000102043152,0.9918000102043152,0.9918000102043152,0.9918000102043152,1700.0
2025-06-26 13:54:00,LEU,,174.7949981689453,175.11000061035156,174.61000061035156,175.11000061035156,2163.0
2025-06-26 13:54:00,LMND,,42.400001525878906,42.400001525878906,42.3568000793457,42.380001068115234,1270.0
2025-06-26 13:54:00,LNG,,241.98500061035156,242.05999755859375,241.8699951171875,242.05999755859375,2302.0
2025-06-26 13:54:00,LODE,,3.7300000190734863,3.7300000190734863,3.7300000190734863,3.7300000190734863,250.0
2025-06-26 13:54:00,MAG,,21.40999984741211,21.424999237060547,21.40999984741211,21.424999237060547,627.0
2025-06-26 13:54:00,MTA,,3.884999990463257,3.884999990463257,3.884999990463257,3.884999990463257,499.0
2025-06-26 13:54:00,MYO,,2.2200000286102295,2.2209999561309814,2.2200000286102295,2.2200000286102295,174335.0
2025-06-26 13:54:00,NAK,,1.548699975013733,1.548699975013733,1.5449999570846558,1.5449999570846558,2063.0
2025-06-26 13:54:00,NBH,,9.795000076293945,9.795000076293945,9.795000076293945,9.795000076293945,100.0
2025-06-26 13:54:00,NFGC,,1.475000023841858,1.4800000190734863,1.475000023841858,1.4800000190734863,1800.0
2025-06-26 13:54:00,NG,,4.114999771118164,4.119800090789795,4.114999771118164,4.114999771118164,2328.0
2025-06-26 13:54:00,NGD,,4.914999961853027,4.920000076293945,4.909999847412109,4.914999961853027,26054.0
2025-06-26 13:54:00,NHS,,7.489999771118164,7.489999771118164,7.489999771118164,7.489999771118164,1021.0
2025-06-26 13:54:00,NML,,8.829999923706055,8.829999923706055,8.829999923706055,8.829999923706055,200.0
2025-06-26 13:54:00,NRO,,3.190000057220459,3.190000057220459,3.190000057220459,3.190000057220459,104.0
2025-06-26 13:54:00,OPTT,,0.5115500092506409,0.5115500092506409,0.5115500092506409,0.5115500092506409,286.0
2025-06-26 13:54:00,ORLA,,10.005000114440918,10.015000343322754,10.005000114440918,10.015000343322754,809.0
2025-06-26 13:54:00,PLG,,1.6399999856948853,1.6483999490737915,1.6399999856948853,1.6483999490737915,1130.0
2025-06-26 13:54:00,PLMR,,151.42999267578125,151.42999267578125,151.42999267578125,151.42999267578125,3224.0
2025-06-26 13:54:00,PLX,,1.4800000190734863,1.4800000190734863,1.4800000190734863,1.4800000190734863,608.0
2025-06-26 13:54:00,SATX,,2.9600000381469727,2.9600000381469727,2.9600000381469727,2.9600000381469727,302.0
2025-06-26 13:54:00,SBEV,,3.5399999618530273,3.5399999618530273,3.4212000370025635,3.5,2930.0
2025-06-26 13:54:00,SEB,,2935.530029296875,2936.06005859375,2935.530029296875,2936.06005859375,3.0
2025-06-26 13:54:00,SENS,,0.5015000104904175,0.5020999908447266,0.5007500052452087,0.5007500052452087,19696.0
2025-06-26 13:54:00,SGN,,1.149999976158142,1.149999976158142,1.149999976158142,1.149999976158142,1046.0
2025-06-26 13:54:00,SKYH,,9.550000190734863,9.550000190734863,9.550000190734863,9.550000190734863,756.0
2025-06-26 13:54:00,SLI,,1.909999966621399,1.910099983215332,1.909999966621399,1.910099983215332,1500.0
2025-06-26 13:54:00,STXS,,2.2149999141693115,2.2300000190734863,2.2149999141693115,2.2300000190734863,8867.0
2025-06-26 13:54:00,SVM,,4.175000190734863,4.180099964141846,4.175000190734863,4.180099964141846,9415.0
2025-06-26 13:54:00,TGB,,3.134999990463257,3.134999990463257,3.134999990463257,3.134999990463257,145.0
2025-06-26 13:54:00,UAMY,,2.578700065612793,2.578700065612793,2.575000047683716,2.575000047683716,2500.0
2025-06-26 13:54:00,UAVS,,1.1200000047683716,1.1200000047683716,1.1200000047683716,1.1200000047683716,9471.0
2025-06-26 13:54:00,UEC,,6.909999847412109,6.920000076293945,6.909999847412109,6.914999961853027,9882.0
2025-06-26 13:54:00,URG,,1.0399999618530273,1.0499999523162842,1.0399999618530273,1.0399999618530273,3573.0
2025-06-26 13:54:00,USAS,,0.8399999737739563,0.8429999947547913,0.8399999737739563,0.8410999774932861,8605.0
2025-06-26 13:54:00,UUUU,,5.894999980926514,5.900000095367432,5.894599914550781,5.894999980926514,14532.0
2025-06-26 13:54:00,VGZ,,1.0299999713897705,1.0299999713897705,1.0299999713897705,1.0299999713897705,250.0
2025-06-26 13:54:00,VNRX,,0.8001000285148621,0.8001000285148621,0.8001000285148621,0.8001000285148621,4124.0
2025-06-26 13:54:00,VZLA,,2.984999895095825,2.994999885559082,2.9800000190734863,2.994999885559082,30339.0
2025-06-26 13:54:00,XTNT,,0.607699990272522,0.607699990272522,0.607699990272522,0.607699990272522,0.0
2025-06-26 13:54:00,ZDGE,,3.930000066757202,3.930000066757202,3.9179999828338623,3.9179999828338623,1700.0
2025-06-26 13:55:00,AREN,,5.710000038146973,5.819900035858154,5.710000038146973,5.819900035858154,304.0
2025-06-26 13:55:00,ARMN,,6.855000019073486,6.855000019073486,6.849999904632568,6.855000019073486,2301.0
2025-06-26 13:55:00,ASM,,3.5299999713897705,3.5299999713897705,3.5299999713897705,3.5299999713897705,1090.0
2025-06-26 13:55:00,ATNM,,1.5549999475479126,1.5549999475479126,1.5549999475479126,1.5549999475479126,349.0
2025-06-26 13:55:00,AZTR,,0.2599000036716461,0.2599000036716461,0.2599000036716461,0.2599000036716461,2322.0
2025-06-26 13:55:00,BRBS,,3.2799999713897705,3.2799999713897705,3.2699999809265137,3.2750000953674316,570.0
2025-06-26 13:55:00,BTG,,3.630000114440918,3.640000104904175,3.630000114440918,3.6394999027252197,318013.0
2025-06-26 13:55:00,BURU,,0.3398999869823456,0.3417010009288788,0.3398999869823456,0.3416999876499176,5591.0
2025-06-26 13:55:00,CIK,,2.940000057220459,2.940000057220459,2.940000057220459,2.940000057220459,250.0
2025-06-26 13:55:00,CLDI,,0.22288000583648682,0.22288000583648682,0.22288000583648682,0.22288000583648682,1700.0
2025-06-26 13:55:00,CQP,,55.98500061035156,56.08000183105469,55.98500061035156,56.0099983215332,700.0
2025-06-26 13:55:00,CTGO,,20.81999969482422,20.829999923706055,20.81999969482422,20.829999923706055,739.0
2025-06-26 13:55:00,CTM,,1.0499999523162842,1.0499999523162842,1.0449999570846558,1.0449999570846558,425.0
2025-06-26 13:55:00,CYBN,,8.449999809265137,8.449999809265137,8.449999809265137,8.449999809265137,405.0
2025-06-26 13:55:00,DNN,,1.8300000429153442,1.8300000429153442,1.8200000524520874,1.8205000162124634,47796.0
2025-06-26 13:55:00,ELMD,,21.200000762939453,21.200000762939453,21.200000762939453,21.200000762939453,178.0
2025-06-26 13:55:00,EQX,,5.949900150299072,5.949999809265137,5.940000057220459,5.949999809265137,120797.0
2025-06-26 13:55:00,FOXO,,0.20399999618530273,0.20399999618530273,0.20399999618530273,0.20399999618530273,397.0
2025-06-26 13:55:00,FSP,,1.6950000524520874,1.6950000524520874,1.6950000524520874,1.6950000524520874,204.0
2025-06-26 13:55:00,GBR,,1.080899953842163,1.080899953842163,1.080899953842163,1.080899953842163,250.0
2025-06-26 13:55:00,GGN,,4.388000011444092,4.388000011444092,4.388000011444092,4.388000011444092,100.0
2025-06-26 13:55:00,GNS,,0.9851490259170532,1.0010000467300415,0.9801999926567078,1.0,28466.0
2025-06-26 13:55:00,GROY,,2.2899999618530273,2.2950000762939453,2.2899999618530273,2.2950000762939453,929.0
2025-06-26 13:55:00,HUSA,,13.020000457763672,13.020000457763672,13.0,13.020000457763672,907.0
2025-06-26 13:55:00,IBO,,1.0049999952316284,1.0098999738693237,1.0049999952316284,1.0098999738693237,2255.0
2025-06-26 13:55:00,IDR,,13.125,13.125,13.125,13.125,100.0
2025-06-26 13:55:00,IMO,,81.26000213623047,81.26000213623047,81.26000213623047,81.26000213623047,362.0
2025-06-26 13:55:00,INDO,,3.115000009536743,3.140000104904175,3.115000009536743,3.130000114440918,25074.0
2025-06-26 13:55:00,INUV,,3.8750998973846436,3.9000000953674316,3.8750998973846436,3.9000000953674316,2211.0
2025-06-26 13:55:00,ITRG,,1.5299999713897705,1.534999966621399,1.5299999713897705,1.534999966621399,1500.0
2025-06-26 13:55:00,KULR,,5.139200210571289,5.139200210571289,5.135000228881836,5.139200210571289,1490.0
2025-06-26 13:55:00,LCTX,,0.9927999973297119,0.9927999973297119,0.991599977016449,0.9927999973297119,46788.0
2025-06-26 13:55:00,LEU,,175.59939575195312,175.59939575195312,174.65980529785156,174.8000030517578,3992.0
2025-06-26 13:55:00,LMND,,42.38999938964844,42.400001525878906,42.38999938964844,42.400001525878906,406.0
2025-06-26 13:55:00,LNG,,241.98500061035156,242.10000610351562,241.98500061035156,241.98500061035156,4242.0
2025-06-26 13:55:00,MAG,,21.405000686645508,21.40999984741211,21.405000686645508,21.40999984741211,947.0
2025-06-26 13:55:00,MGLD,,0.9200000166893005,0.9200000166893005,0.9200000166893005,0.9200000166893005,107.0
2025-06-26 13:55:00,MPU,,0.9513000249862671,0.9513000249862671,0.9513000249862671,0.9513000249862671,790.0
2025-06-26 13:55:00,MRT,,2.8499999046325684,2.8499999046325684,2.8499999046325684,2.8499999046325684,271.0
2025-06-26 13:55:00,MTA,,3.884999990463257,3.884999990463257,3.884999990463257,3.884999990463257,423.0
2025-06-26 13:55:00,MYO,,2.2279999256134033,2.2279999256134033,2.2200000286102295,2.2200000286102295,1444.0
2025-06-26 13:55:00,NAK,,1.5489000082015991,1.5489000082015991,1.5449999570846558,1.5449999570846558,1320.0
2025-06-26 13:55:00,NBH,,9.795000076293945,9.795000076293945,9.795000076293945,9.795000076293945,600.0
2025-06-26 13:55:00,NCL,,0.1808999925851822,0.1808999925851822,0.18080000579357147,0.18080000579357147,2193.0
2025-06-26 13:55:00,NFGC,,1.4700000286102295,1.4700000286102295,1.4700000286102295,1.4700000286102295,157.0
2025-06-26 13:55:00,NG,,4.118000030517578,4.119999885559082,4.114999771118164,4.119999885559082,1596.0
2025-06-26 13:55:00,NGD,,4.914999961853027,4.920000076293945,4.909999847412109,4.909999847412109,49175.0
2025-06-26 13:55:00,NHS,,7.497000217437744,7.497000217437744,7.497000217437744,7.497000217437744,620.0
2025-06-26 13:55:00,NNVC,,1.225000023841858,1.225000023841858,1.225000023841858,1.225000023841858,1172.0
2025-06-26 13:55:00,OBE,,5.539999961853027,5.539999961853027,5.539999961853027,5.539999961853027,1121.0
2025-06-26 13:55:00,OPTT,,0.5120000243186951,0.5120000243186951,0.5120000243186951,0.5120000243186951,515.0
2025-06-26 13:55:00,ORLA,,9.995200157165527,10.005000114440918,9.995200157165527,10.0,2021.0
2025-06-26 13:55:00,PHGE,,0.4699999988079071,0.4699999988079071,0.4699999988079071,0.4699999988079071,500.0
2025-06-26 13:55:00,PLX,,1.4800000190734863,1.4800000190734863,1.4800000190734863,1.4800000190734863,353.0
2025-06-26 13:55:00,REI,,0.7789499759674072,0.7789499759674072,0.7789499759674072,0.7789499759674072,105.0
2025-06-26 13:55:00,RLGT,,6.019999980926514,6.019999980926514,6.019999980926514,6.019999980926514,427.0
2025-06-26 13:55:00,SATX,,2.9600000381469727,2.9600000381469727,2.9600000381469727,2.9600000381469727,554.0
2025-06-26 13:55:00,SBEV,,3.4948999881744385,3.4948999881744385,3.4948999881744385,3.4948999881744385,194.0
2025-06-26 13:55:00,SEB,,2928.280029296875,2928.280029296875,2928.280029296875,2928.280029296875,4.0
2025-06-26 13:55:00,SENS,,0.5009999871253967,0.5009999871253967,0.5009999871253967,0.5009999871253967,551.0
2025-06-26 13:55:00,SLI,,1.9149999618530273,1.9149999618530273,1.9149999618530273,1.9149999618530273,2026.0
2025-06-26 13:55:00,SOAR,,1.399999976158142,1.399999976158142,1.399999976158142,1.399999976158142,100.0
2025-06-26 13:55:00,SVM,,4.175000190734863,4.179999828338623,4.175000190734863,4.179999828338623,2706.0
2025-06-26 13:55:00,SVT,,46.93000030517578,46.93000030517578,46.93000030517578,46.93000030517578,201.0
2025-06-26 13:55:00,TGB,,3.134999990463257,3.134999990463257,3.134999990463257,3.134999990463257,186.0
2025-06-26 13:55:00,UAMY,,2.575000047683716,2.575000047683716,2.569999933242798,2.569999933242798,1211.0
2025-06-26 13:55:00,UEC,,6.929999828338623,6.929999828338623,6.914999961853027,6.914999961853027,10908.0
2025-06-26 13:55:00,URG,,1.0399999618530273,1.0499999523162842,1.0399999618530273,1.0399999618530273,8649.0
2025-06-26 13:55:00,USAS,,0.8446999788284302,0.8446999788284302,0.8399999737739563,0.8399999737739563,400.0
2025-06-26 13:55:00,UUUU,,5.894999980926514,5.900000095367432,5.889999866485596,5.891200065612793,2909.0
2025-06-26 13:55:00,VZLA,,2.9800000190734863,2.990000009536743,2.9800000190734863,2.9800000190734863,17550.0
2025-06-26 13:55:00,ZDGE,,3.884999990463257,3.9100000858306885,3.884999990463257,3.9100000858306885,1700.0
2025-06-26 13:56:00,AEON,,0.7609009742736816,0.7609009742736816,0.7609009742736816,0.7609009742736816,655.0
2025-06-26 13:56:00,AREN,,5.699999809265137,5.710000038146973,5.699999809265137,5.699999809265137,602.0
2025-06-26 13:56:00,ARMN,,6.854000091552734,6.855000019073486,6.849999904632568,6.849999904632568,664.0
2025-06-26 13:56:00,ATNM,,1.5549999475479126,1.5549999475479126,1.5549999475479126,1.5549999475479126,455.0
2025-06-26 13:56:00,AZTR,,0.2599000036716461,0.2599000036716461,0.2583000063896179,0.2583000063896179,2522.0
2025-06-26 13:56:00,BHB,,29.670000076293945,29.670000076293945,29.670000076293945,29.670000076293945,6849.0
2025-06-26 13:56:00,BKTI,,54.599998474121094,55.0,54.599998474121094,55.0,761.0
2025-06-26 13:56:00,BRBS,,3.2699999809265137,3.2699999809265137,3.2699999809265137,3.2699999809265137,139.0
2025-06-26 13:56:00,BTG,,3.640000104904175,3.640000104904175,3.630000114440918,3.633500099182129,55494.0
2025-06-26 13:56:00,BURU,,0.3402000069618225,0.3402000069618225,0.3391000032424927,0.3391000032424927,5523.0
2025-06-26 13:56:00,CATX,,3.690000057220459,3.690000057220459,3.680000066757202,3.680000066757202,1317.0
2025-06-26 13:56:00,CBOE,,227.9250030517578,228.08999633789062,227.9250030517578,228.08999633789062,1167.0
2025-06-26 13:56:00,CEF,,30.420000076293945,30.420000076293945,30.420000076293945,30.420000076293945,1000.0
2025-06-26 13:56:00,CIK,,2.940000057220459,2.940000057220459,2.940000057220459,2.940000057220459,100.0
2025-06-26 13:56:00,CQP,,55.98500061035156,56.08000183105469,55.98500061035156,55.98500061035156,400.0
2025-06-26 13:56:00,CYBN,,8.4350004196167,8.460399627685547,8.4350004196167,8.460399627685547,230.0
2025-06-26 13:56:00,DC,,3.7950000762939453,3.7950000762939453,3.7950000762939453,3.7950000762939453,100.0
2025-06-26 13:56:00,DDC,,10.437700271606445,10.437700271606445,10.437700271606445,10.437700271606445,304.0
2025-06-26 13:56:00,DHY,,2.109999895095825,2.109999895095825,2.109999895095825,2.109999895095825,300.0
2025-06-26 13:56:00,DNN,,1.8250000476837158,1.8300000429153442,1.8200000524520874,1.8300000429153442,32554.0
2025-06-26 13:56:00,EAD,,6.980000019073486,6.980000019073486,6.980000019073486,6.980000019073486,1625.0
2025-06-26 13:56:00,EQX,,5.934999942779541,5.945000171661377,5.929999828338623,5.940000057220459,132595.0
2025-06-26 13:56:00,ERC,,9.380000114440918,9.380000114440918,9.380000114440918,9.380000114440918,132.0
2025-06-26 13:56:00,EVV,,10.170000076293945,10.170000076293945,10.170000076293945,10.170000076293945,232.0
2025-06-26 13:56:00,FTF,,6.385000228881836,6.385000228881836,6.385000228881836,6.385000228881836,108.0
2025-06-26 13:56:00,GAU,,1.2851999998092651,1.2851999998092651,1.2851999998092651,1.2851999998092651,337.0
2025-06-26 13:56:00,GBR,,1.0849000215530396,1.0849000215530396,1.0849000215530396,1.0849000215530396,301.0
2025-06-26 13:56:00,GGN,,4.38670015335083,4.38670015335083,4.385000228881836,4.385000228881836,600.0
2025-06-26 13:56:00,GNS,,0.9901999831199646,0.9998990297317505,0.9843999743461609,0.9850999712944031,7558.0
2025-06-26 13:56:00,GORO,,0.546999990940094,0.546999990940094,0.546999990940094,0.546999990940094,100.0
2025-06-26 13:56:00,GROY,,2.2950000762939453,2.2950000762939453,2.2899999618530273,2.2950000762939453,543.0
2025-06-26 13:56:00,GSAT,,23.260000228881836,23.260000228881836,23.260000228881836,23.260000228881836,328.0
2025-06-26 13:56:00,GTE,,5.039999961853027,5.059999942779541,5.039999961853027,5.059999942779541,3992.0
2025-06-26 13:56:00,HUSA,,13.243000030517578,13.243000030517578,13.109999656677246,13.109999656677246,806.0
2025-06-26 13:56:00,IBO,,1.0,1.0002000331878662,1.0,1.0002000331878662,2267.0
2025-06-26 13:56:00,IDR,,13.110099792480469,13.110099792480469,13.110099792480469,13.110099792480469,1120.0
2025-06-26 13:56:00,IE,,9.539999961853027,9.539999961853027,9.53499984741211,9.53499984741211,994.0
2025-06-26 13:56:00,IMO,,81.23999786376953,81.23999786376953,81.23999786376953,81.23999786376953,252.0
2025-06-26 13:56:00,INDO,,3.119999885559082,3.119999885559082,3.119999885559082,3.119999885559082,319.0
2025-06-26 13:56:00,ITP,,0.18709999322891235,0.18709999322891235,0.18709999322891235,0.18709999322891235,100.0
2025-06-26 13:56:00,ITRG,,1.5299999713897705,1.5299999713897705,1.5299999713897705,1.5299999713897705,682.0
2025-06-26 13:56:00,KULR,,5.135000228881836,5.139999866485596,5.130199909210205,5.137016773223877,1952.0
2025-06-26 13:56:00,LCTX,,0.9926999807357788,0.9927999973297119,0.9922000169754028,0.9922000169754028,7519.0
2025-06-26 13:56:00,LEU,,175.22000122070312,175.22000122070312,175.22000122070312,175.22000122070312,228.0
2025-06-26 13:56:00,LMND,,42.33000183105469,42.400001525878906,42.29999923706055,42.400001525878906,3265.0
2025-06-26 13:56:00,LNG,,241.98500061035156,241.98500061035156,241.98500061035156,241.98500061035156,1421.0
2025-06-26 13:56:00,MAG,,21.399999618530273,21.399999618530273,21.399999618530273,21.399999618530273,865.0
2025-06-26 13:56:00,MAIA,,1.7100000381469727,1.7100000381469727,1.7100000381469727,1.7100000381469727,2000.0
2025-06-26 13:56:00,MRT,,2.8529000282287598,2.880000114440918,2.8529000282287598,2.876800060272217,785.0
2025-06-26 13:56:00,MTA,,3.884999990463257,3.884999990463257,3.884999990463257,3.884999990463257,480.0
2025-06-26 13:56:00,NAK,,1.5449999570846558,1.5489000082015991,1.5399999618530273,1.5489000082015991,3393.0
2025-06-26 13:56:00,NFGC,,1.4700000286102295,1.4700000286102295,1.4700000286102295,1.4700000286102295,100.0
2025-06-26 13:56:00,NG,,4.119999885559082,4.119999885559082,4.119999885559082,4.119999885559082,1453.0
2025-06-26 13:56:00,NGD,,4.914999961853027,4.919899940490723,4.909999847412109,4.9105000495910645,150331.0
2025-06-26 13:56:00,OPTT,,0.5113000273704529,0.5113000273704529,0.5113000273704529,0.5113000273704529,243.0
2025-06-26 13:56:00,OSTX,,1.8524999618530273,1.8524999618530273,1.8524999618530273,1.8524999618530273,1210.0
2025-06-26 13:56:00,PLG,,1.6449999809265137,1.6490000486373901,1.6399999856948853,1.6490000486373901,11858.0
2025-06-26 13:56:00,PLX,,1.4800000190734863,1.4850000143051147,1.4800000190734863,1.4850000143051147,280.0
2025-06-26 13:56:00,PZG,,0.598800003528595,0.598800003528595,0.598800003528595,0.598800003528595,1000.0
2025-06-26 13:56:00,REI,,0.7789000272750854,0.7789999842643738,0.7789000272750854,0.7789999842643738,1441.0
2025-06-26 13:56:00,SACH,,1.0850000381469727,1.0891000032424927,1.0850000381469727,1.0891000032424927,686.0
2025-06-26 13:56:00,SBEV,,3.513000011444092,3.513000011444092,3.490000009536743,3.490000009536743,1152.0
2025-06-26 13:56:00,SENS,,0.5009999871253967,0.5009999871253967,0.5009099841117859,0.5009099841117859,767.0
2025-06-26 13:56:00,SGN,,1.1449999809265137,1.1449999809265137,1.1419999599456787,1.1419999599456787,5854.0
2025-06-26 13:56:00,SLI,,1.9149999618530273,1.9149999618530273,1.9149999618530273,1.9149999618530273,505.0
2025-06-26 13:56:00,SVM,,4.175000190734863,4.175000190734863,4.175000190734863,4.175000190734863,423.0
2025-06-26 13:56:00,SVT,,46.93000030517578,46.93000030517578,46.93000030517578,46.93000030517578,2396.0
2025-06-26 13:56:00,TGB,,3.1303000450134277,3.134999990463257,3.1303000450134277,3.134999990463257,1700.0
2025-06-26 13:56:00,UAMY,,2.569999933242798,2.5799999237060547,2.569999933242798,2.5799999237060547,1646.0
2025-06-26 13:56:00,UAVS,,1.1299999952316284,1.1299999952316284,1.1299999952316284,1.1299999952316284,496.0
2025-06-26 13:56:00,UEC,,6.929999828338623,6.929999828338623,6.920000076293945,6.925000190734863,1636.0
2025-06-26 13:56:00,URG,,1.0399999618530273,1.0449999570846558,1.0399999618530273,1.0399999618530273,2400.0
2025-06-26 13:56:00,USAS,,0.8360000252723694,0.8400999903678894,0.8360000252723694,0.8399999737739563,6774.0
2025-06-26 13:56:00,UUUU,,5.894999980926514,5.894999980926514,5.889999866485596,5.889999866485596,6000.0
2025-06-26 13:56:00,VZLA,,2.9800000190734863,2.990000009536743,2.9800000190734863,2.990000009536743,3549.0
2025-06-26 13:57:00,ACU,,40.099998474121094,40.099998474121094,40.099998474121094,40.099998474121094,11471.0
2025-06-26 13:57:00,AREN,,5.730000019073486,5.760000228881836,5.730000019073486,5.760000228881836,201.0
2025-06-26 13:57:00,ARMN,,6.855000019073486,6.855000019073486,6.849999904632568,6.849999904632568,1383.0
2025-06-26 13:57:00,ATNM,,1.5549999475479126,1.5549999475479126,1.5507999658584595,1.5507999658584595,1468.0
2025-06-26 13:57:00,BATL,,1.507699966430664,1.507699966430664,1.507699966430664,1.507699966430664,275.0
2025-06-26 13:57:00,BRBS,,3.2750000953674316,3.2750000953674316,3.2750000953674316,3.2750000953674316,308.0
2025-06-26 13:57:00,BTG,,3.640000104904175,3.640000104904175,3.635200023651123,3.640000104904175,60465.0
2025-06-26 13:57:00,BURU,,0.3400999903678894,0.3402000069618225,0.3400999903678894,0.3402000069618225,1270.0
2025-06-26 13:57:00,CBOE,,227.9600067138672,228.00999450683594,227.9600067138672,228.00999450683594,700.0
2025-06-26 13:57:00,CEF,,30.40999984741211,30.410400390625,30.40999984741211,30.410400390625,635.0
2025-06-26 13:57:00,CIK,,2.940000057220459,2.940000057220459,2.940000057220459,2.940000057220459,246.0
2025-06-26 13:57:00,CLM,,7.949699878692627,7.949999809265137,7.945000171661377,7.949999809265137,8087.0
2025-06-26 13:57:00,CMT,,17.09000015258789,17.09000015258789,17.09000015258789,17.09000015258789,302.0
2025-06-26 13:57:00,CQP,,56.06999969482422,56.06999969482422,55.98500061035156,56.06999969482422,400.0
2025-06-26 13:57:00,CTM,,1.0449999570846558,1.0449999570846558,1.0449999570846558,1.0449999570846558,1072.0
2025-06-26 13:57:00,DC,,3.7950000762939453,3.795099973678589,3.7950000762939453,3.795099973678589,423.0
2025-06-26 13:57:00,DNN,,1.8300000429153442,1.8300000429153442,1.8250000476837158,1.8300000429153442,17172.0
2025-06-26 13:57:00,EAD,,6.974999904632568,6.974999904632568,6.974999904632568,6.974999904632568,722.0
2025-06-26 13:57:00,ELMD,,21.100000381469727,21.209999084472656,21.100000381469727,21.209999084472656,401.0
2025-06-26 13:57:00,EQX,,5.929999828338623,5.935800075531006,5.929999828338623,5.934999942779541,3861.0
2025-06-26 13:57:00,GGN,,4.38670015335083,4.388000011444092,4.38670015335083,4.388000011444092,225.0
2025-06-26 13:57:00,GLDG,,0.745199978351593,0.745199978351593,0.745199978351593,0.745199978351593,825.0
2025-06-26 13:57:00,GNS,,1.0099999904632568,1.0099999904632568,0.9901999831199646,0.9901999831199646,59906.0
2025-06-26 13:57:00,GORO,,0.546999990940094,0.546999990940094,0.546999990940094,0.546999990940094,140.0
2025-06-26 13:57:00,GROY,,2.2950000762939453,2.2950000762939453,2.2950000762939453,2.2950000762939453,668.0
2025-06-26 13:57:00,GSAT,,23.273000717163086,23.273000717163086,23.273000717163086,23.273000717163086,168.0
2025-06-26 13:57:00,GTE,,5.039999961853027,5.039999961853027,5.039999961853027,5.039999961853027,257.0
2025-06-26 13:57:00,HUSA,,13.029999732971191,13.109999656677246,13.029999732971191,13.109999656677246,378.0
2025-06-26 13:57:00,IE,,9.53499984741211,9.54010009765625,9.53499984741211,9.53499984741211,1391.0
2025-06-26 13:57:00,IMO,,81.26499938964844,81.26499938964844,81.26499938964844,81.26499938964844,117.0
2025-06-26 13:57:00,INDO,,3.119999885559082,3.130000114440918,3.119999885559082,3.130000114440918,248.0
2025-06-26 13:57:00,INUV,,3.8701000213623047,3.9049999713897705,3.8701000213623047,3.9049999713897705,2036.0
2025-06-26 13:57:00,ITRG,,1.5299999713897705,1.5299999713897705,1.5299999713897705,1.5299999713897705,335.0
2025-06-26 13:57:00,JOB,,0.20469999313354492,0.20469999313354492,0.20469999313354492,0.20469999313354492,355.0
2025-06-26 13:57:00,KNW,,1.9500000476837158,1.9600000381469727,1.9500000476837158,1.9600000381469727,644.0
2025-06-26 13:57:00,KULR,,5.139999866485596,5.139999866485596,5.130000114440918,5.135000228881836,4908.0
2025-06-26 13:57:00,LCTX,,0.9945999979972839,0.996999979019165,0.9916999936103821,0.9923999905586243,51409.0
2025-06-26 13:57:00,LEU,,175.26300048828125,175.26300048828125,175.26300048828125,175.26300048828125,1285.0
2025-06-26 13:57:00,LMND,,42.334999084472656,42.334999084472656,42.334999084472656,42.334999084472656,756.0
2025-06-26 13:57:00,LNG,,241.97999572753906,241.98500061035156,241.97999572753906,241.98500061035156,905.0
2025-06-26 13:57:00,LODE,,3.75,3.75,3.75,3.75,538.0
2025-06-26 13:57:00,MAG,,21.405000686645508,21.405000686645508,21.405000686645508,21.405000686645508,599.0
2025-06-26 13:57:00,MAIA,,1.7289999723434448,1.7299000024795532,1.7050000429153442,1.7100000381469727,7124.0
2025-06-26 13:57:00,MRT,,2.852099895477295,2.852099895477295,2.852099895477295,2.852099895477295,300.0
2025-06-26 13:57:00,MTNB,,0.9299499988555908,0.9299499988555908,0.9299499988555908,0.9299499988555908,3112.0
2025-06-26 13:57:00,MYND,,0.9300000071525574,0.9300000071525574,0.9300000071525574,0.9300000071525574,160.0
2025-06-26 13:57:00,MYO,,2.2249999046325684,2.2249999046325684,2.2249999046325684,2.2249999046325684,128.0
2025-06-26 13:57:00,NAK,,1.5449999570846558,1.5499999523162842,1.5449999570846558,1.5499999523162842,3587.0
2025-06-26 13:57:00,NBH,,9.795000076293945,9.795000076293945,9.795000076293945,9.795000076293945,100.0
2025-06-26 13:57:00,NCL,,0.1808999925851822,0.1808999925851822,0.18050000071525574,0.18080000579357147,2308.0
2025-06-26 13:57:00,NG,,4.11460018157959,4.119999885559082,4.11460018157959,4.119999885559082,2929.0
2025-06-26 13:57:00,NGD,,4.919899940490723,4.919899940490723,4.909999847412109,4.909999847412109,20084.0
2025-06-26 13:57:00,NNVC,,1.2350000143051147,1.2350000143051147,1.2297999858856201,1.2297999858856201,2562.0
2025-06-26 13:57:00,OBE,,5.53000020980835,5.53000020980835,5.53000020980835,5.53000020980835,450.0
2025-06-26 13:57:00,OGEN,,3.619999885559082,3.619999885559082,3.619999885559082,3.619999885559082,117.0
2025-06-26 13:57:00,OPTT,,0.5134000182151794,0.5142999887466431,0.5116000175476074,0.5121999979019165,31155.0
2025-06-26 13:57:00,ORLA,,9.994999885559082,9.994999885559082,9.994999885559082,9.994999885559082,864.0
2025-06-26 13:57:00,PLX,,1.4800000190734863,1.4800000190734863,1.4800000190734863,1.4800000190734863,1300.0
2025-06-26 13:57:00,PZG,,0.6019999980926514,0.6100000143051147,0.6019999980926514,0.6100000143051147,7412.0
2025-06-26 13:57:00,REI,,0.7760000228881836,0.7789000272750854,0.7753999829292297,0.7789000272750854,15210.0
2025-06-26 13:57:00,REPX,,26.690000534057617,26.690000534057617,26.690000534057617,26.690000534057617,419.0
2025-06-26 13:57:00,RLGT,,6.025000095367432,6.025000095367432,6.025000095367432,6.025000095367432,266.0
2025-06-26 13:57:00,SBEV,,3.4600000381469727,3.4902000427246094,3.440000057220459,3.4902000427246094,3433.0
2025-06-26 13:57:00,SEB,,2928.294921875,2928.294921875,2928.294921875,2928.294921875,2.0
2025-06-26 13:57:00,SGN,,1.1301000118255615,1.1403000354766846,1.1299999952316284,1.1399999856948853,5890.0
2025-06-26 13:57:00,SLI,,1.909999966621399,1.909999966621399,1.909999966621399,1.909999966621399,185.0
2025-06-26 13:57:00,SLND,,3.9649999141693115,3.9649999141693115,3.9649999141693115,3.9649999141693115,422.0
2025-06-26 13:57:00,STXS,,2.2200000286102295,2.2200000286102295,2.2200000286102295,2.2200000286102295,2198.0
2025-06-26 13:57:00,SVM,,4.179999828338623,4.179999828338623,4.170100212097168,4.170100212097168,3583.0
2025-06-26 13:57:00,TGB,,3.139899969100952,3.139899969100952,3.130000114440918,3.13070011138916,6843.0
2025-06-26 13:57:00,THM,,0.8868499994277954,0.8868499994277954,0.8868499994277954,0.8868499994277954,200.0
2025-06-26 13:57:00,TOON,,0.75,0.75,0.75,0.75,100.0
2025-06-26 13:57:00,UAMY,,2.575000047683716,2.5799999237060547,2.575000047683716,2.5764999389648438,1279.0
2025-06-26 13:57:00,UAVS,,1.1299999952316284,1.1299999952316284,1.1299999952316284,1.1299999952316284,300.0
2025-06-26 13:57:00,UEC,,6.925000190734863,6.929999828338623,6.925000190734863,6.929999828338623,2626.0
2025-06-26 13:57:00,URG,,1.0399999618530273,1.0499999523162842,1.0399999618530273,1.0449999570846558,5885.0
2025-06-26 13:57:00,UUUU,,5.889699935913086,5.896699905395508,5.880000114440918,5.894999980926514,47400.0
2025-06-26 13:57:00,VNRX,,0.8361999988555908,0.8361999988555908,0.8361999988555908,0.8361999988555908,500.0
2025-06-26 13:57:00,VZLA,,2.984999895095825,2.990000009536743,2.9800000190734863,2.990000009536743,12055.0
2025-06-26 13:57:00,WRN,,1.23989999294281,1.23989999294281,1.23989999294281,1.23989999294281,156.0
2025-06-26 13:57:00,XPL,,0.6535000205039978,0.6535000205039978,0.6535000205039978,0.6535000205039978,0.0
2025-06-26 13:58:00,AREN,,5.760000228881836,5.760000228881836,5.71999979019165,5.71999979019165,213.0
2025-06-26 13:58:00,ARMN,,6.864999771118164,6.864999771118164,6.860000133514404,6.860000133514404,3761.0
2025-06-26 13:58:00,ASM,,3.5367000102996826,3.5367000102996826,3.5350000858306885,3.5350000858306885,549.0
2025-06-26 13:58:00,ATNM,,1.5549999475479126,1.5549999475479126,1.5549999475479126,1.5549999475479126,117.0
2025-06-26 13:58:00,BRBS,,3.2699999809265137,3.2799999713897705,3.2699999809265137,3.2799999713897705,433.0
2025-06-26 13:58:00,BTG,,3.639899969100952,3.640000104904175,3.6345999240875244,3.640000104904175,64376.0
2025-06-26 13:58:00,BURU,,0.3395499885082245,0.3400000035762787,0.3391000032424927,0.3400000035762787,9903.0
2025-06-26 13:58:00,CANF,,1.059999942779541,1.059999942779541,1.059999942779541,1.059999942779541,200.0
2025-06-26 13:58:00,CBOE,,228.3699951171875,228.38999938964844,228.10000610351562,228.10000610351562,3556.0
2025-06-26 13:58:00,CEF,,30.405000686645508,30.405000686645508,30.405000686645508,30.405000686645508,100.0
2025-06-26 13:58:00,CIK,,2.940000057220459,2.940000057220459,2.940000057220459,2.940000057220459,100.0
2025-06-26 13:58:00,CLDI,,0.23190000653266907,0.23190000653266907,0.23190000653266907,0.23190000653266907,500.0
2025-06-26 13:58:00,CLM,,7.940000057220459,7.945000171661377,7.940000057220459,7.945000171661377,4110.0
2025-06-26 13:58:00,CMT,,17.1200008392334,17.1200008392334,17.09000015258789,17.09000015258789,1127.0
2025-06-26 13:58:00,CPHI,,1.839900016784668,1.839900016784668,1.839900016784668,1.839900016784668,994.0
2025-06-26 13:58:00,CQP,,55.98500061035156,56.06999969482422,55.98500061035156,55.98500061035156,600.0
2025-06-26 13:58:00,CYBN,,8.4350004196167,8.479999542236328,8.4350004196167,8.479999542236328,2366.0
2025-06-26 13:58:00,DC,,3.7899999618530273,3.7950000762939453,3.7899999618530273,3.7950000762939453,646.0
2025-06-26 13:58:00,DNN,,1.8300000429153442,1.8300000429153442,1.8250000476837158,1.8300000429153442,10017.0
2025-06-26 13:58:00,ELMD,,21.15999984741211,21.15999984741211,21.15999984741211,21.15999984741211,119.0
2025-06-26 13:58:00,EMX,,2.559999942779541,2.559999942779541,2.559999942779541,2.559999942779541,3543.0
2025-06-26 13:58:00,EQX,,5.929999828338623,5.940000057220459,5.929999828338623,5.940000057220459,2792.0
2025-06-26 13:58:00,ERC,,9.380000114440918,9.380000114440918,9.380000114440918,9.380000114440918,600.0
2025-06-26 13:58:00,ESP,,45.65999984741211,45.65999984741211,45.65999984741211,45.65999984741211,651.0
2025-06-26 13:58:00,FSP,,1.6950000524520874,1.6950000524520874,1.6950000524520874,1.6950000524520874,581.0
2025-06-26 13:58:00,GGN,,4.385000228881836,4.385000228881836,4.380099773406982,4.380099773406982,2403.0
2025-06-26 13:58:00,GNS,,1.0296000242233276,1.0299999713897705,1.01010000705719,1.0149999856948853,61426.0
2025-06-26 13:58:00,GORO,,0.5498999953269958,0.5498999953269958,0.5498999953269958,0.5498999953269958,355.0
2025-06-26 13:58:00,GROY,,2.2899999618530273,2.2950000762939453,2.2899999618530273,2.2899999618530273,2641.0
2025-06-26 13:58:00,GSAT,,23.2549991607666,23.2549991607666,23.2549991607666,23.2549991607666,431.0
2025-06-26 13:58:00,GTE,,5.03000020980835,5.039999961853027,5.03000020980835,5.039999961853027,561.0
2025-06-26 13:58:00,HNW,,12.36359977722168,12.369999885559082,12.36359977722168,12.369999885559082,810.0
2025-06-26 13:58:00,IBO,,1.0003999471664429,1.0099999904632568,1.000100016593933,1.000100016593933,6616.0
2025-06-26 13:58:00,IE,,9.53499984741211,9.53499984741211,9.53499984741211,9.53499984741211,550.0
2025-06-26 13:58:00,IMO,,81.29000091552734,81.30000305175781,81.26499938964844,81.26499938964844,2104.0
2025-06-26 13:58:00,INDO,,3.119999885559082,3.119999885559082,3.119999885559082,3.119999885559082,7600.0
2025-06-26 13:58:00,ITP,,0.1873999983072281,0.1873999983072281,0.18709999322891235,0.18709999322891235,750.0
2025-06-26 13:58:00,ITRG,,1.5299999713897705,1.5300999879837036,1.5299999713897705,1.5299999713897705,589.0
2025-06-26 13:58:00,KULR,,5.138999938964844,5.139900207519531,5.131400108337402,5.135000228881836,945.0
2025-06-26 13:58:00,LCTX,,0.9945999979972839,0.9945999979972839,0.9945999979972839,0.9945999979972839,2489.0
2025-06-26 13:58:00,LEU,,175.38999938964844,175.5,175.1300048828125,175.1300048828125,1488.0
2025-06-26 13:58:00,LMND,,42.349998474121094,42.349998474121094,42.33380126953125,42.33380126953125,664.0
2025-06-26 13:58:00,LNG,,241.9199981689453,241.98500061035156,241.9199981689453,241.98500061035156,2039.0
2025-06-26 13:58:00,MAG,,21.420000076293945,21.420000076293945,21.405000686645508,21.405000686645508,1539.0
2025-06-26 13:58:00,MAIA,,1.7300000190734863,1.7300000190734863,1.7289999723434448,1.7289999723434448,1251.0
2025-06-26 13:58:00,MRT,,2.8768999576568604,2.877500057220459,2.8450000286102295,2.877500057220459,2197.0
2025-06-26 13:58:00,MYO,,2.2249999046325684,2.2249999046325684,2.2249999046325684,2.2249999046325684,169.0
2025-06-26 13:58:00,NAK,,1.5399999618530273,1.5399999618530273,1.5399999618530273,1.5399999618530273,951.0
2025-06-26 13:58:00,NCL,,0.1809999942779541,0.1809999942779541,0.1800999939441681,0.1808999925851822,28594.0
2025-06-26 13:58:00,NG,,4.119999885559082,4.119999885559082,4.114999771118164,4.114999771118164,500.0
2025-06-26 13:58:00,NGD,,4.914999961853027,4.919899940490723,4.909999847412109,4.914999961853027,14758.0
2025-06-26 13:58:00,NML,,8.829999923706055,8.829999923706055,8.829999923706055,8.829999923706055,102.0
2025-06-26 13:58:00,OPTT,,0.5134000182151794,0.5141000151634216,0.5134000182151794,0.5134000182151794,6848.0
2025-06-26 13:58:00,ORLA,,10.005000114440918,10.005000114440918,10.0,10.0,2735.0
2025-06-26 13:58:00,PLX,,1.4850000143051147,1.4850000143051147,1.4850000143051147,1.4850000143051147,126.0
2025-06-26 13:58:00,REI,,0.7774500250816345,0.7781000137329102,0.7710999846458435,0.7728999853134155,24693.0
2025-06-26 13:58:00,RLGT,,6.025000095367432,6.025000095367432,6.025000095367432,6.025000095367432,175.0
2025-06-26 13:58:00,SATX,,2.9600000381469727,2.9600000381469727,2.9600000381469727,2.9600000381469727,630.0
2025-06-26 13:58:00,SEB,,2928.300048828125,2928.300048828125,2928.300048828125,2928.300048828125,2.0
2025-06-26 13:58:00,SENS,,0.5009859800338745,0.5009999871253967,0.5009859800338745,0.5009999871253967,3738.0
2025-06-26 13:58:00,SGN,,1.1303000450134277,1.1303000450134277,1.1303000450134277,1.1303000450134277,500.0
2025-06-26 13:58:00,SLI,,1.909999966621399,1.9149999618530273,1.909999966621399,1.9149999618530273,404.0
2025-06-26 13:58:00,STXS,,2.2200000286102295,2.2200000286102295,2.2200000286102295,2.2200000286102295,652.0
2025-06-26 13:58:00,SVM,,4.170199871063232,4.174799919128418,4.170000076293945,4.174799919128418,1046.0
2025-06-26 13:58:00,TGB,,3.134999990463257,3.134999990463257,3.1303000450134277,3.1303000450134277,2204.0
2025-06-26 13:58:00,TMQ,,1.4801000356674194,1.4801000356674194,1.4801000356674194,1.4801000356674194,670.0
2025-06-26 13:58:00,UAMY,,2.575000047683716,2.575000047683716,2.575000047683716,2.575000047683716,589.0
2025-06-26 13:58:00,UAVS,,1.1299999952316284,1.1299999952316284,1.12909996509552,1.12909996509552,1701.0
2025-06-26 13:58:00,UEC,,6.925000190734863,6.929999828338623,6.920000076293945,6.925000190734863,11985.0
2025-06-26 13:58:00,URG,,1.0449999570846558,1.0449999570846558,1.0399999618530273,1.0399999618530273,2109.0
2025-06-26 13:58:00,USAS,,0.836899995803833,0.836899995803833,0.836899995803833,0.836899995803833,260.0
2025-06-26 13:58:00,UUUU,,5.890100002288818,5.900000095367432,5.888199806213379,5.888199806213379,14928.0
2025-06-26 13:58:00,VKI,,8.220000267028809,8.220000267028809,8.220000267028809,8.220000267028809,200.0
2025-06-26 13:58:00,VZLA,,2.984999895095825,2.984999895095825,2.984999895095825,2.984999895095825,150.0
2025-06-26 13:58:00,ZDGE,,3.890000104904175,3.890000104904175,3.8499999046325684,3.8499999046325684,634.0
2025-06-26 13:59:00,ARMN,,6.860000133514404,6.864999771118164,6.860000133514404,6.864999771118164,1206.0
2025-06-26 13:59:00,ASM,,3.5350000858306885,3.5350000858306885,3.5299999713897705,3.530100107192993,2147.0
2025-06-26 13:59:00,ATNM,,1.5549999475479126,1.5549999475479126,1.5549999475479126,1.5549999475479126,271.0
2025-06-26 13:59:00,BEEP,,4.110000133514404,4.110000133514404,4.110000133514404,4.110000133514404,2027.0
2025-06-26 13:59:00,BKTI,,54.731998443603516,54.731998443603516,54.731998443603516,54.731998443603516,303.0
2025-06-26 13:59:00,BTG,,3.640000104904175,3.640000104904175,3.6345999240875244,3.640000104904175,10935.0
2025-06-26 13:59:00,BURU,,0.3391999900341034,0.33955100178718567,0.3391999900341034,0.3391999900341034,4686.0
2025-06-26 13:59:00,CATX,,3.696700096130371,3.696700096130371,3.694999933242798,3.694999933242798,813.0
2025-06-26 13:59:00,CCEL,,5.400000095367432,5.400000095367432,5.400000095367432,5.400000095367432,194.0
2025-06-26 13:59:00,CEF,,30.40999984741211,30.40999984741211,30.40999984741211,30.40999984741211,731.0
2025-06-26 13:59:00,CIK,,2.940000057220459,2.940000057220459,2.940000057220459,2.940000057220459,300.0
2025-06-26 13:59:00,CLDI,,0.23190000653266907,0.23190000653266907,0.23190000653266907,0.23190000653266907,200.0
2025-06-26 13:59:00,CQP,,55.98500061035156,56.08000183105469,55.98500061035156,56.06999969482422,775.0
2025-06-26 13:59:00,CRF,,7.559999942779541,7.559999942779541,7.559999942779541,7.559999942779541,206.0
2025-06-26 13:59:00,DC,,3.7850000858306885,3.7899999618530273,3.7850000858306885,3.7899999618530273,302.0
2025-06-26 13:59:00,DDC,,10.324999809265137,10.324999809265137,10.324999809265137,10.324999809265137,171.0
2025-06-26 13:59:00,DHY,,2.1050000190734863,2.109999895095825,2.100040912628174,2.100040912628174,5827.0
2025-06-26 13:59:00,DNN,,1.8250000476837158,1.8300000429153442,1.8200000524520874,1.8250000476837158,31852.0
2025-06-26 13:59:00,DSS,,0.9106000065803528,0.9106000065803528,0.9106000065803528,0.9106000065803528,210.0
2025-06-26 13:59:00,ELMD,,21.219999313354492,21.219999313354492,21.15999984741211,21.15999984741211,856.0
2025-06-26 13:59:00,EQX,,5.929999828338623,5.934599876403809,5.929999828338623,5.929999828338623,5449.0
2025-06-26 13:59:00,ERH,,11.356599807739258,11.356599807739258,11.356599807739258,11.356599807739258,1502.0
2025-06-26 13:59:00,FOXO,,0.2037999927997589,0.2037999927997589,0.2037999927997589,0.2037999927997589,200.0
2025-06-26 13:59:00,GLDG,,0.7451000213623047,0.7458999752998352,0.7451000213623047,0.7458999752998352,11625.0
2025-06-26 13:59:00,GNS,,1.0399999618530273,1.0399999618530273,1.011199951171875,1.0296000242233276,77966.0
2025-06-26 13:59:00,GROY,,2.299999952316284,2.299999952316284,2.2950000762939453,2.2950000762939453,1374.0
2025-06-26 13:59:00,GSAT,,23.329999923706055,23.329999923706055,23.25,23.25,3200.0
2025-06-26 13:59:00,HUSA,,13.256099700927734,13.256099700927734,13.256099700927734,13.256099700927734,385.0
2025-06-26 13:59:00,IBO,,0.9801999926567078,1.000100016593933,0.9801999926567078,1.0,17153.0
2025-06-26 13:59:00,IE,,9.53499984741211,9.53499984741211,9.53499984741211,9.53499984741211,684.0
2025-06-26 13:59:00,IMO,,81.27999877929688,81.27999877929688,81.27999877929688,81.27999877929688,340.0
2025-06-26 13:59:00,INDO,,3.1194000244140625,3.119999885559082,3.115000009536743,3.1198999881744385,792.0
2025-06-26 13:59:00,INFU,,6.489999771118164,6.489999771118164,6.489999771118164,6.489999771118164,501.0
2025-06-26 13:59:00,ITP,,0.18610000610351562,0.18610000610351562,0.18610000610351562,0.18610000610351562,170.0
2025-06-26 13:59:00,ITRG,,1.524999976158142,1.5299999713897705,1.524999976158142,1.5299999713897705,13142.0
2025-06-26 13:59:00,KULR,,5.135000228881836,5.139999866485596,5.135000228881836,5.135000228881836,1073.0
2025-06-26 13:59:00,LEU,,175.44500732421875,175.5449981689453,175.38999938964844,175.5449981689453,1693.0
2025-06-26 13:59:00,LMND,,42.349998474121094,42.349998474121094,42.33000183105469,42.33000183105469,2708.0
2025-06-26 13:59:00,LNG,,241.9250030517578,241.97000122070312,241.9250030517578,241.97000122070312,1178.0
2025-06-26 13:59:00,MAG,,21.40999984741211,21.40999984741211,21.40999984741211,21.40999984741211,564.0
2025-06-26 13:59:00,MTA,,3.884999990463257,3.884999990463257,3.884999990463257,3.884999990463257,394.0
2025-06-26 13:59:00,MYO,,2.2200000286102295,2.2249999046325684,2.2200000286102295,2.2249999046325684,335.0
2025-06-26 13:59:00,NAK,,1.5499999523162842,1.5499999523162842,1.5449999570846558,1.5449999570846558,1509.0
2025-06-26 13:59:00,NBH,,9.795000076293945,9.795000076293945,9.795000076293945,9.795000076293945,200.0
2025-06-26 13:59:00,NCL,,0.1809999942779541,0.1809999942779541,0.1800999939441681,0.18039999902248383,1510.0
2025-06-26 13:59:00,NEWP,,1.3799999952316284,1.3799999952316284,1.3798999786376953,1.3798999786376953,2203.0
2025-06-26 13:59:00,NFGC,,1.4700000286102295,1.4700000286102295,1.4700000286102295,1.4700000286102295,257.0
2025-06-26 13:59:00,NG,,4.114999771118164,4.119999885559082,4.113999843597412,4.119999885559082,5539.0
2025-06-26 13:59:00,NGD,,4.914999961853027,4.914999961853027,4.914999961853027,4.914999961853027,3216.0
2025-06-26 13:59:00,OPTT,,0.5134000182151794,0.5134000182151794,0.5134000182151794,0.5134000182151794,400.0
2025-06-26 13:59:00,ORLA,,10.005000114440918,10.005000114440918,10.005000114440918,10.005000114440918,142.0
2025-06-26 13:59:00,OSTX,,1.850000023841858,1.850000023841858,1.850000023841858,1.850000023841858,226.0
2025-06-26 13:59:00,PED,,0.6579999923706055,0.6579999923706055,0.6579999923706055,0.6579999923706055,575.0
2025-06-26 13:59:00,PLAG,,0.8587999939918518,0.8587999939918518,0.8587999939918518,0.8587999939918518,300.0
2025-06-26 13:59:00,PLG,,1.648900032043457,1.648900032043457,1.6399999856948853,1.6399999856948853,5622.0
2025-06-26 13:59:00,PLX,,1.4800000190734863,1.4850000143051147,1.4800000190734863,1.4850000143051147,310.0
2025-06-26 13:59:00,REI,,0.7784000039100647,0.7784000039100647,0.777899980545044,0.777899980545044,686.0
2025-06-26 13:59:00,RLGT,,6.025000095367432,6.025000095367432,6.025000095367432,6.025000095367432,116.0
2025-06-26 13:59:00,SBEV,,3.500699996948242,3.500699996948242,3.500699996948242,3.500699996948242,1563.0
2025-06-26 13:59:00,SEB,,2928.300048828125,2928.300048828125,2928.300048828125,2928.300048828125,1.0
2025-06-26 13:59:00,SENS,,0.5009999871253967,0.5009999871253967,0.5009999871253967,0.5009999871253967,167.0
2025-06-26 13:59:00,SGN,,1.1301000118255615,1.1349999904632568,1.1301000118255615,1.1349999904632568,2055.0
2025-06-26 13:59:00,SLI,,1.909999966621399,1.9149999618530273,1.9049999713897705,1.9149999618530273,12762.0
2025-06-26 13:59:00,SOAR,,1.399999976158142,1.399999976158142,1.399999976158142,1.399999976158142,249.0
2025-06-26 13:59:00,SVM,,4.164999961853027,4.170100212097168,4.164999961853027,4.170000076293945,16303.0
2025-06-26 13:59:00,TGB,,3.130000114440918,3.134999990463257,3.119999885559082,3.130000114440918,130459.0
2025-06-26 13:59:00,UAMY,,2.571500062942505,2.575000047683716,2.571500062942505,2.575000047683716,1748.0
2025-06-26 13:59:00,UAVS,,1.1299999952316284,1.1299999952316284,1.1265000104904175,1.1289000511169434,690.0
2025-06-26 13:59:00,UEC,,6.914999961853027,6.929999828338623,6.914999961853027,6.925000190734863,16332.0
2025-06-26 13:59:00,URG,,1.034999966621399,1.0449999570846558,1.0299999713897705,1.0399999618530273,34240.0
2025-06-26 13:59:00,USAS,,0.8353000283241272,0.8361999988555908,0.8353000283241272,0.8361999988555908,534.0
2025-06-26 13:59:00,UUUU,,5.890100002288818,5.900000095367432,5.890100002288818,5.894999980926514,28911.0
2025-06-26 13:59:00,VTAK,,0.25130000710487366,0.25130000710487366,0.25130000710487366,0.25130000710487366,3555.0
2025-06-26 13:59:00,VZLA,,2.990000009536743,2.990000009536743,2.984999895095825,2.990000009536743,521.0
2025-06-26 13:59:00,WWR,,0.597000002861023,0.597100019454956,0.597000002861023,0.597100019454956,11830.0
2025-06-26 14:00:00,AREN,,5.730000019073486,5.730000019073486,5.730000019073486,5.730000019073486,215.0
2025-06-26 14:00:00,ARMN,,6.864999771118164,6.864999771118164,6.864999771118164,6.864999771118164,215.0
2025-06-26 14:00:00,ASM,,3.5299999713897705,3.539900064468384,3.5199999809265137,3.5299999713897705,47228.0
2025-06-26 14:00:00,ATNM,,1.5549999475479126,1.5549999475479126,1.5549999475479126,1.5549999475479126,200.0
2025-06-26 14:00:00,BEEP,,4.110000133514404,4.110000133514404,4.110000133514404,4.110000133514404,187.0
2025-06-26 14:00:00,BRBS,,3.2699999809265137,3.2750000953674316,3.2699999809265137,3.2699999809265137,320.0
2025-06-26 14:00:00,BTG,,3.634999990463257,3.640000104904175,3.6317999362945557,3.634999990463257,31235.0
2025-06-26 14:00:00,BURU,,0.33809998631477356,0.3395499885082245,0.33799999952316284,0.3395499885082245,9214.0
2025-06-26 14:00:00,CATX,,3.694999933242798,3.694999933242798,3.694999933242798,3.694999933242798,1958.0
2025-06-26 14:00:00,CBOE,,228.36000061035156,228.36000061035156,228.36000061035156,228.36000061035156,226.0
2025-06-26 14:00:00,CEF,,30.395000457763672,30.395000457763672,30.395000457763672,30.395000457763672,1006.0
2025-06-26 14:00:00,CIK,,2.940000057220459,2.940000057220459,2.940000057220459,2.940000057220459,400.0
2025-06-26 14:00:00,CLDI,,0.23000000417232513,0.23000000417232513,0.23000000417232513,0.23000000417232513,754.0
2025-06-26 14:00:00,CLM,,7.945000171661377,7.946000099182129,7.945000171661377,7.946000099182129,4453.0
2025-06-26 14:00:00,CQP,,55.98500061035156,55.98500061035156,55.98500061035156,55.98500061035156,200.0
2025-06-26 14:00:00,CRF,,7.554999828338623,7.554999828338623,7.554999828338623,7.554999828338623,375.0
2025-06-26 14:00:00,CTM,,1.0449999570846558,1.0449999570846558,1.0449999570846558,1.0449999570846558,100.0
2025-06-26 14:00:00,CVM,,2.440000057220459,2.440000057220459,2.440000057220459,2.440000057220459,215.0
2025-06-26 14:00:00,DNN,,1.8300000429153442,1.8300000429153442,1.8200000524520874,1.8250000476837158,17844.0
2025-06-26 14:00:00,EMX,,2.555000066757202,2.555000066757202,2.555000066757202,2.555000066757202,178.0
2025-06-26 14:00:00,EQX,,5.935400009155273,5.935400009155273,5.929999828338623,5.934999942779541,3925.0
2025-06-26 14:00:00,FOXO,,0.2037999927997589,0.2037999927997589,0.2037999927997589,0.2037999927997589,500.0
2025-06-26 14:00:00,FTF,,6.385000228881836,6.385000228881836,6.385000228881836,6.385000228881836,142.0
2025-06-26 14:00:00,GNS,,1.0299999713897705,1.0399999618530273,1.0199999809265137,1.0399999618530273,36192.0
2025-06-26 14:00:00,GORO,,0.546999990940094,0.546999990940094,0.546999990940094,0.546999990940094,105.0
2025-06-26 14:00:00,GROY,,2.2950000762939453,2.2950000762939453,2.2950000762939453,2.2950000762939453,317.0
2025-06-26 14:00:00,GSAT,,23.329999923706055,23.329999923706055,23.329999923706055,23.329999923706055,558.0
2025-06-26 14:00:00,IBO,,0.9962999820709229,0.9962999820709229,0.9753000140190125,0.9772999882698059,5087.0
2025-06-26 14:00:00,IE,,9.520000457763672,9.53499984741211,9.520000457763672,9.53499984741211,2727.0
2025-06-26 14:00:00,IMO,,81.27999877929688,81.27999877929688,81.27999877929688,81.27999877929688,302.0
2025-06-26 14:00:00,INDO,,3.1189000606536865,3.119999885559082,3.110100030899048,3.110100030899048,1307.0
2025-06-26 14:00:00,INFU,,6.494999885559082,6.494999885559082,6.489999771118164,6.494999885559082,4240.0
2025-06-26 14:00:00,ITRG,,1.524999976158142,1.524999976158142,1.524999976158142,1.524999976158142,400.0
2025-06-26 14:00:00,KNW,,1.9600000381469727,1.9600000381469727,1.9600000381469727,1.9600000381469727,231.0
2025-06-26 14:00:00,KULR,,5.131400108337402,5.139999866485596,5.131400108337402,5.135000228881836,953.0
2025-06-26 14:00:00,LCTX,,0.9955499768257141,0.9955499768257141,0.9955499768257141,0.9955499768257141,225.0
2025-06-26 14:00:00,LEU,,175.4499969482422,175.4499969482422,175.2100067138672,175.4499969482422,1289.0
2025-06-26 14:00:00,LNG,,242.00999450683594,242.00999450683594,241.9250030517578,241.9250030517578,1511.0
2025-06-26 14:00:00,LODE,,3.7300000190734863,3.7300000190734863,3.7300000190734863,3.7300000190734863,100.0
2025-06-26 14:00:00,MAG,,21.399999618530273,21.399999618530273,21.399999618530273,21.399999618530273,1218.0
2025-06-26 14:00:00,MYO,,2.2211999893188477,2.2211999893188477,2.2211999893188477,2.2211999893188477,492.0
2025-06-26 14:00:00,NAK,,1.5498000383377075,1.5498000383377075,1.5449999570846558,1.5449999570846558,1773.0
2025-06-26 14:00:00,NCL,,0.1808999925851822,0.1809999942779541,0.18050000071525574,0.18050000071525574,5100.0
2025-06-26 14:00:00,NEWP,,1.3799999952316284,1.3799999952316284,1.3799999952316284,1.3799999952316284,227.0
2025-06-26 14:00:00,NG,,4.119999885559082,4.119999885559082,4.114999771118164,4.119999885559082,1448.0
2025-06-26 14:00:00,NGD,,4.914999961853027,4.920000076293945,4.909999847412109,4.909999847412109,3995.0
2025-06-26 14:00:00,NRXS,,2.559999942779541,2.559999942779541,2.559999942779541,2.559999942779541,1000.0
2025-06-26 14:00:00,OPTT,,0.5135999917984009,0.5135999917984009,0.5135999917984009,0.5135999917984009,115.0
2025-06-26 14:00:00,ORLA,,9.989999771118164,10.005000114440918,9.984999656677246,10.005000114440918,2734.0
2025-06-26 14:00:00,PLG,,1.6349999904632568,1.6399999856948853,1.6299999952316284,1.6399999856948853,18635.0
2025-06-26 14:00:00,PLX,,1.4850000143051147,1.4850000143051147,1.4800000190734863,1.4809999465942383,2508.0
2025-06-26 14:00:00,REI,,0.779699981212616,0.779699981212616,0.779699981212616,0.779699981212616,110.0
2025-06-26 14:00:00,RLGT,,6.03000020980835,6.03000020980835,6.03000020980835,6.03000020980835,182.0
2025-06-26 14:00:00,SEB,,2925.409912109375,2925.409912109375,2913.67626953125,2925.409912109375,7.0
2025-06-26 14:00:00,SENS,,0.5009999871253967,0.5009999871253967,0.5009999871253967,0.5009999871253967,390.0
2025-06-26 14:00:00,SVM,,4.164999961853027,4.164999961853027,4.164999961853027,4.164999961853027,454.0
2025-06-26 14:00:00,TGB,,3.1347999572753906,3.140000104904175,3.119999885559082,3.1201000213623047,106529.0
2025-06-26 14:00:00,TOON,,0.7505000233650208,0.7505000233650208,0.75,0.75,835.0
2025-06-26 14:00:00,UAMY,,2.569999933242798,2.575000047683716,2.569999933242798,2.575000047683716,639.0
2025-06-26 14:00:00,UAVS,,1.1299999952316284,1.1299999952316284,1.1279000043869019,1.1279000043869019,2516.0
2025-06-26 14:00:00,UEC,,6.929999828338623,6.934999942779541,6.920000076293945,6.929999828338623,41575.0
2025-06-26 14:00:00,URG,,1.0399999618530273,1.0449999570846558,1.034999966621399,1.034999966621399,46521.0
2025-06-26 14:00:00,USAS,,0.8343999981880188,0.8343999981880188,0.8343999981880188,0.8343999981880188,380.0
2025-06-26 14:00:00,UUUU,,5.894999980926514,5.900000095367432,5.889999866485596,5.894999980926514,33732.0
2025-06-26 14:00:00,VZLA,,2.984999895095825,2.990000009536743,2.9800000190734863,2.990000009536743,56644.0
2025-06-26 14:01:00,AREN,,5.699999809265137,5.81879997253418,5.699999809265137,5.760000228881836,1164.0
2025-06-26 14:01:00,ARMN,,6.864999771118164,6.864999771118164,6.864999771118164,6.864999771118164,197.0
2025-06-26 14:01:00,ASM,,3.5299999713897705,3.539799928665161,3.5299999713897705,3.5350000858306885,5425.0
2025-06-26 14:01:00,ATNM,,1.5549999475479126,1.5599000453948975,1.5549999475479126,1.5599000453948975,459.0
2025-06-26 14:01:00,AZTR,,0.25905001163482666,0.25905001163482666,0.25905001163482666,0.25905001163482666,1500.0
2025-06-26 14:01:00,BATL,,1.5099999904632568,1.5099999904632568,1.5099999904632568,1.5099999904632568,224879.0
2025-06-26 14:01:00,BRBS,,3.2699999809265137,3.2750000953674316,3.2699999809265137,3.2750000953674316,1127.0
2025-06-26 14:01:00,BTG,,3.640000104904175,3.640000104904175,3.635200023651123,3.640000104904175,40324.0
2025-06-26 14:01:00,BURU,,0.3361999988555908,0.33730000257492065,0.335999995470047,0.3370000123977661,34602.0
2025-06-26 14:01:00,CATX,,3.694999933242798,3.694999933242798,3.694999933242798,3.694999933242798,158.0
2025-06-26 14:01:00,CBOE,,228.22999572753906,228.30999755859375,228.22999572753906,228.30999755859375,879.0
2025-06-26 14:01:00,CLM,,7.94350004196167,7.94350004196167,7.94350004196167,7.94350004196167,1007.0
2025-06-26 14:01:00,CQP,,56.08000183105469,56.08000183105469,55.98500061035156,56.06999969482422,892.0
2025-06-26 14:01:00,CRF,,7.554999828338623,7.554999828338623,7.554599761962891,7.554599761962891,1679.0
2025-06-26 14:01:00,CTM,,1.0499000549316406,1.0499000549316406,1.0449999570846558,1.0449999570846558,300.0
2025-06-26 14:01:00,DNN,,1.8300000429153442,1.8300000429153442,1.8200000524520874,1.8250000476837158,24277.0
2025-06-26 14:01:00,ELA,,5.860000133514404,5.860000133514404,5.860000133514404,5.860000133514404,515.0
2025-06-26 14:01:00,EQX,,5.929999828338623,5.935800075531006,5.920000076293945,5.935800075531006,199514.0
2025-06-26 14:01:00,ERC,,9.380000114440918,9.380000114440918,9.380000114440918,9.380000114440918,200.0
2025-06-26 14:01:00,FOXO,,0.2037999927997589,0.2037999927997589,0.2037000060081482,0.2037000060081482,3800.0
2025-06-26 14:01:00,FSP,,1.684999942779541,1.690000057220459,1.684999942779541,1.690000057220459,3554.0
2025-06-26 14:01:00,FTF,,6.380300045013428,6.380300045013428,6.380300045013428,6.380300045013428,109.0
2025-06-26 14:01:00,GAU,,1.284999966621399,1.284999966621399,1.284999966621399,1.284999966621399,1000.0
2025-06-26 14:01:00,GGN,,4.385000228881836,4.385000228881836,4.385000228881836,4.385000228881836,202.0
2025-06-26 14:01:00,GLDG,,0.7443990111351013,0.7457000017166138,0.7443990111351013,0.7457000017166138,800.0
2025-06-26 14:01:00,GNS,,1.0449999570846558,1.0499999523162842,1.024999976158142,1.0298000574111938,123649.0
2025-06-26 14:01:00,GROY,,2.2950000762939453,2.2950000762939453,2.2950000762939453,2.2950000762939453,220.0
2025-06-26 14:01:00,GSAT,,23.280000686645508,23.329999923706055,23.239999771118164,23.329999923706055,2300.0
2025-06-26 14:01:00,IBO,,0.9789000153541565,1.0099999904632568,0.9769999980926514,0.9944999814033508,7940.0
2025-06-26 14:01:00,IGC,,0.30799999833106995,0.30820000171661377,0.30799999833106995,0.30809998512268066,5953.0
2025-06-26 14:01:00,IMO,,81.30999755859375,81.30999755859375,81.27999877929688,81.27999877929688,525.0
2025-06-26 14:01:00,INDO,,3.119999885559082,3.119999885559082,3.119999885559082,3.119999885559082,1416.0
2025-06-26 14:01:00,INFU,,6.489999771118164,6.494999885559082,6.489999771118164,6.494999885559082,1300.0
2025-06-26 14:01:00,ITRG,,1.5299999713897705,1.5299999713897705,1.524999976158142,1.524999976158142,38223.0
2025-06-26 14:01:00,KULR,,5.150000095367432,5.150000095367432,5.135000228881836,5.135000228881836,7287.0
2025-06-26 14:01:00,LCTX,,0.9959999918937683,0.9959999918937683,0.9950000047683716,0.9950000047683716,7255.0
2025-06-26 14:01:00,LEU,,176.24000549316406,176.63999938964844,175.52000427246094,175.5500030517578,5551.0
2025-06-26 14:01:00,LMND,,42.33000183105469,42.33000183105469,42.29999923706055,42.310001373291016,1171.0
2025-06-26 14:01:00,LNG,,241.9949951171875,242.11000061035156,241.89999389648438,241.9250030517578,6715.0
2025-06-26 14:01:00,MAG,,21.420000076293945,21.420000076293945,21.40999984741211,21.40999984741211,1645.0
2025-06-26 14:01:00,MRT,,2.8763999938964844,2.8763999938964844,2.8763999938964844,2.8763999938964844,432.0
2025-06-26 14:01:00,MTA,,3.889899969100952,3.889899969100952,3.889899969100952,3.889899969100952,135.0
2025-06-26 14:01:00,MYO,,2.2207999229431152,2.2207999229431152,2.2207999229431152,2.2207999229431152,206.0
2025-06-26 14:01:00,NAK,,1.5449999570846558,1.5467000007629395,1.5449999570846558,1.5467000007629395,243.0
2025-06-26 14:01:00,NBH,,9.79800033569336,9.79800033569336,9.79800033569336,9.79800033569336,200.0
2025-06-26 14:01:00,NFGC,,1.4700000286102295,1.4700000286102295,1.4700000286102295,1.4700000286102295,130.0
2025-06-26 14:01:00,NG,,4.114999771118164,4.119999885559082,4.114999771118164,4.114999771118164,3577.0
2025-06-26 14:01:00,NGD,,4.914999961853027,4.914999961853027,4.909999847412109,4.914999961853027,5212.0
2025-06-26 14:01:00,NRO,,3.190000057220459,3.194999933242798,3.190000057220459,3.1900999546051025,16128.0
2025-06-26 14:01:00,OBE,,5.53000020980835,5.53000020980835,5.53000020980835,5.53000020980835,1117.0
2025-06-26 14:01:00,OGEN,,3.734999895095825,3.734999895095825,3.734999895095825,3.734999895095825,705.0
2025-06-26 14:01:00,OPTT,,0.5140500068664551,0.5141000151634216,0.5140500068664551,0.5141000151634216,1216.0
2025-06-26 14:01:00,ORLA,,9.994000434875488,9.994000434875488,9.994000434875488,9.994000434875488,257.0
2025-06-26 14:01:00,PLAG,,0.8587999939918518,0.8587999939918518,0.8587999939918518,0.8587999939918518,291.0
2025-06-26 14:01:00,PLG,,1.6349999904632568,1.6349999904632568,1.6349999904632568,1.6349999904632568,1010.0
2025-06-26 14:01:00,PLX,,1.4850000143051147,1.4850000143051147,1.4800000190734863,1.4800000190734863,509.0
2025-06-26 14:01:00,REI,,0.7784000039100647,0.7784000039100647,0.7771000266075134,0.7771999835968018,754.0
2025-06-26 14:01:00,SENS,,0.5009999871253967,0.5011000037193298,0.5009999871253967,0.5011000037193298,708.0
2025-06-26 14:01:00,SLI,,1.919700026512146,1.9199999570846558,1.9149999618530273,1.9149999618530273,660.0
2025-06-26 14:01:00,SLND,,3.9649999141693115,3.9649999141693115,3.9649999141693115,3.9649999141693115,333.0
2025-06-26 14:01:00,STXS,,2.210099935531616,2.210099935531616,2.210099935531616,2.210099935531616,208.0
2025-06-26 14:01:00,TGB,,3.140000104904175,3.140000104904175,3.130000114440918,3.130000114440918,23895.0
2025-06-26 14:01:00,TOON,,0.753600001335144,0.753600001335144,0.753600001335144,0.753600001335144,1115.0
2025-06-26 14:01:00,UAMY,,2.575000047683716,2.5799999237060547,2.569999933242798,2.569999933242798,8401.0
2025-06-26 14:01:00,UAVS,,1.1299999952316284,1.1299999952316284,1.129699945449829,1.129699945449829,7616.0
2025-06-26 14:01:00,UEC,,6.934999942779541,6.940000057220459,6.929999828338623,6.929999828338623,10716.0
2025-06-26 14:01:00,URG,,1.0475000143051147,1.0475000143051147,1.0399999618530273,1.0475000143051147,2503.0
2025-06-26 14:01:00,UTG,,35.529998779296875,35.529998779296875,35.529998779296875,35.529998779296875,1004.0
2025-06-26 14:01:00,UUUU,,5.894999980926514,5.900000095367432,5.885000228881836,5.889999866485596,46874.0
2025-06-26 14:01:00,VZLA,,2.9800000190734863,2.9800000190734863,2.9800000190734863,2.9800000190734863,6502.0
2025-06-26 14:01:00,ZDGE,,3.9049999713897705,3.9049999713897705,3.8299999237060547,3.859999895095825,700.0
2025-06-26 14:02:00,AIRI,,3.369999885559082,3.369999885559082,3.369999885559082,3.369999885559082,2170.0
2025-06-26 14:02:00,AREN,,5.699999809265137,5.699999809265137,5.699999809265137,5.699999809265137,122.0
2025-06-26 14:02:00,ARMN,,6.864999771118164,6.864999771118164,6.864999771118164,6.864999771118164,202.0
2025-06-26 14:02:00,ASM,,3.5350000858306885,3.5350000858306885,3.5299999713897705,3.5299999713897705,200.0
2025-06-26 14:02:00,ATNM,,1.5549999475479126,1.5549999475479126,1.5549999475479126,1.5549999475479126,687.0
2025-06-26 14:02:00,BRBS,,3.2750000953674316,3.2750000953674316,3.2750000953674316,3.2750000953674316,3200.0
2025-06-26 14:02:00,BRN,,1.2000999450683594,1.2000999450683594,1.2000999450683594,1.2000999450683594,322.0
2025-06-26 14:02:00,BTG,,3.634999990463257,3.640000104904175,3.630000114440918,3.640000104904175,373790.0
2025-06-26 14:02:00,BURU,,0.336650013923645,0.336650013923645,0.336650013923645,0.336650013923645,2002.0
2025-06-26 14:02:00,CANF,,1.059999942779541,1.059999942779541,1.059999942779541,1.059999942779541,756.0
2025-06-26 14:02:00,CATX,,3.690000057220459,3.690000057220459,3.690000057220459,3.690000057220459,424.0
2025-06-26 14:02:00,CEF,,30.399999618530273,30.399999618530273,30.399999618530273,30.399999618530273,550.0
2025-06-26 14:02:00,CLM,,7.945000171661377,7.945000171661377,7.945000171661377,7.945000171661377,1001.0
2025-06-26 14:02:00,CQP,,56.08000183105469,56.08000183105469,56.06999969482422,56.06999969482422,318.0
2025-06-26 14:02:00,CTM,,1.0499999523162842,1.0499999523162842,1.0399999618530273,1.0399999618530273,500.0
2025-06-26 14:02:00,DC,,3.7850000858306885,3.7850000858306885,3.7850000858306885,3.7850000858306885,116.0
2025-06-26 14:02:00,DHY,,2.1050000190734863,2.1050000190734863,2.1050000190734863,2.1050000190734863,951.0
2025-06-26 14:02:00,DNN,,1.8300000429153442,1.8300000429153442,1.8250000476837158,1.8300000429153442,14848.0
2025-06-26 14:02:00,ELMD,,21.100000381469727,21.100000381469727,21.100000381469727,21.100000381469727,200.0
2025-06-26 14:02:00,EPM,,4.769999980926514,4.769999980926514,4.769999980926514,4.769999980926514,529.0
2025-06-26 14:02:00,EQX,,5.929999828338623,5.934999942779541,5.929999828338623,5.934999942779541,3171.0
2025-06-26 14:02:00,ERC,,9.380000114440918,9.380000114440918,9.380000114440918,9.380000114440918,100.0
2025-06-26 14:02:00,FOXO,,0.2037999927997589,0.2037999927997589,0.2037999927997589,0.2037999927997589,600.0
2025-06-26 14:02:00,FSP,,1.684999942779541,1.684999942779541,1.6799999475479126,1.684999942779541,1605.0
2025-06-26 14:02:00,GAU,,1.2799999713897705,1.2799999713897705,1.2799999713897705,1.2799999713897705,247.0
2025-06-26 14:02:00,GGN,,4.385000228881836,4.385000228881836,4.385000228881836,4.385000228881836,140.0
2025-06-26 14:02:00,GNS,,1.0699000358581543,1.0700000524520874,1.0399999618530273,1.0499999523162842,188325.0
2025-06-26 14:02:00,GROY,,2.2950000762939453,2.2964999675750732,2.2950000762939453,2.2964999675750732,1230.0
2025-06-26 14:02:00,HUSA,,13.109999656677246,13.109999656677246,13.109999656677246,13.109999656677246,146.0
2025-06-26 14:02:00,IBO,,0.9863010048866272,0.9863010048866272,0.979000985622406,0.979000985622406,364.0
2025-06-26 14:02:00,IE,,9.510000228881836,9.515000343322754,9.510000228881836,9.515000343322754,1363.0
2025-06-26 14:02:00,IMO,,81.30999755859375,81.30999755859375,81.30999755859375,81.30999755859375,110.0
2025-06-26 14:02:00,INDO,,3.119999885559082,3.130000114440918,3.119999885559082,3.130000114440918,251.0
2025-06-26 14:02:00,ITP,,0.1859000027179718,0.1860000044107437,0.1859000027179718,0.1860000044107437,400.0
2025-06-26 14:02:00,ITRG,,1.534999966621399,1.534999966621399,1.5299999713897705,1.5299999713897705,9616.0
2025-06-26 14:02:00,KULR,,5.148799896240234,5.150000095367432,5.140100002288818,5.144999980926514,2327.0
2025-06-26 14:02:00,LCTX,,0.9941999912261963,0.9968000054359436,0.991599977016449,0.9959999918937683,6062.0
2025-06-26 14:02:00,LEU,,176.00999450683594,176.65899658203125,176.00999450683594,176.20480346679688,1045.0
2025-06-26 14:02:00,LMND,,42.290000915527344,42.32500076293945,42.290000915527344,42.32500076293945,818.0
2025-06-26 14:02:00,LNG,,242.27000427246094,242.27000427246094,241.9949951171875,241.9949951171875,3651.0
2025-06-26 14:02:00,MAG,,21.43000030517578,21.43000030517578,21.405000686645508,21.405000686645508,2624.0
2025-06-26 14:02:00,MYO,,2.2249999046325684,2.2249999046325684,2.2200000286102295,2.2200000286102295,472.0
2025-06-26 14:02:00,NAK,,1.541200041770935,1.541200041770935,1.541200041770935,1.541200041770935,3721.0
2025-06-26 14:02:00,NBH,,9.795000076293945,9.795000076293945,9.795000076293945,9.795000076293945,100.0
2025-06-26 14:02:00,NCL,,0.18050000071525574,0.18050000071525574,0.18050000071525574,0.18050000071525574,200.0
2025-06-26 14:02:00,NG,,4.119900226593018,4.130000114440918,4.114999771118164,4.119200229644775,80757.0
2025-06-26 14:02:00,NGD,,4.911099910736084,4.914999961853027,4.909999847412109,4.910099983215332,4825.0
2025-06-26 14:02:00,NNVC,,1.2301000356674194,1.2301000356674194,1.2301000356674194,1.2301000356674194,321.0
2025-06-26 14:02:00,NRO,,3.1858999729156494,3.1858999729156494,3.184999942779541,3.184999942779541,668.0
2025-06-26 14:02:00,OBE,,5.53000020980835,5.53000020980835,5.53000020980835,5.53000020980835,1270.0
2025-06-26 14:02:00,OPTT,,0.5139999985694885,0.5139999985694885,0.5139999985694885,0.5139999985694885,1390.0
2025-06-26 14:02:00,ORLA,,9.994999885559082,9.994999885559082,9.994999885559082,9.994999885559082,882.0
2025-06-26 14:02:00,PLX,,1.4850000143051147,1.4850000143051147,1.4850000143051147,1.4850000143051147,100.0
2025-06-26 14:02:00,REI,,0.7771999835968018,0.7784000039100647,0.7771000266075134,0.7771000266075134,2000.0
2025-06-26 14:02:00,RLGT,,6.03000020980835,6.03000020980835,6.03000020980835,6.03000020980835,410.0
2025-06-26 14:02:00,SACH,,1.0800000429153442,1.0850000381469727,1.0800000429153442,1.0850000381469727,2054.0
2025-06-26 14:02:00,SATX,,2.9600000381469727,2.9600000381469727,2.9600000381469727,2.9600000381469727,200.0
2025-06-26 14:02:00,SBEV,,3.509999990463257,3.509999990463257,3.4953999519348145,3.4953999519348145,426.0
2025-06-26 14:02:00,SEB,,2932.675048828125,2932.675048828125,2920.659912109375,2920.659912109375,20.0
2025-06-26 14:02:00,SENS,,0.5011000037193298,0.5012999773025513,0.5009999871253967,0.5009999871253967,7006.0
2025-06-26 14:02:00,SGN,,1.1299999952316284,1.1354000568389893,1.1299999952316284,1.1354000568389893,4501.0
2025-06-26 14:02:00,SLI,,1.9149999618530273,1.9149999618530273,1.9149999618530273,1.9149999618530273,575.0
2025-06-26 14:02:00,SVM,,4.170000076293945,4.170000076293945,4.164999961853027,4.164999961853027,6095.0
2025-06-26 14:02:00,TGB,,3.134999990463257,3.134999990463257,3.134999990463257,3.134999990463257,3246.0
2025-06-26 14:02:00,TOVX,,0.43575000762939453,0.43575000762939453,0.43059998750686646,0.43059998750686646,1200.0
2025-06-26 14:02:00,TPET,,1.1749999523162842,1.1749999523162842,1.1749999523162842,1.1749999523162842,4026.0
2025-06-26 14:02:00,UAMY,,2.575000047683716,2.575000047683716,2.575000047683716,2.575000047683716,772.0
2025-06-26 14:02:00,UAVS,,1.1299999952316284,1.1299999952316284,1.1299999952316284,1.1299999952316284,167.0
2025-06-26 14:02:00,UEC,,6.949999809265137,6.949999809265137,6.929999828338623,6.929999828338623,20875.0
2025-06-26 14:02:00,URG,,1.0475000143051147,1.0475000143051147,1.0449999570846558,1.0475000143051147,1879.0
2025-06-26 14:02:00,USAS,,0.8349999785423279,0.8367999792098999,0.8337000012397766,0.8367999792098999,3350.0
2025-06-26 14:02:00,UUUU,,5.894999980926514,5.894999980926514,5.889999866485596,5.889999866485596,5585.0
2025-06-26 14:02:00,VGZ,,1.024999976158142,1.024999976158142,1.024999976158142,1.024999976158142,100.0
2025-06-26 14:02:00,VNRX,,0.8100000023841858,0.8100000023841858,0.8050000071525574,0.8050000071525574,1570.0
2025-06-26 14:02:00,VZLA,,2.984999895095825,2.98799991607666,2.984999895095825,2.984999895095825,16387.0
2025-06-26 14:02:00,WWR,,0.5963000059127808,0.5963000059127808,0.5963000059127808,0.5963000059127808,110.0
2025-06-26 14:02:00,WYY,,3.3299999237060547,3.3299999237060547,3.3299999237060547,3.3299999237060547,100.0
2025-06-26 14:03:00,AEON,,0.7663000226020813,0.7663000226020813,0.7663000226020813,0.7663000226020813,581.0
2025-06-26 14:03:00,AIM,,9.489999771118164,9.489999771118164,9.489999771118164,9.489999771118164,253.0
2025-06-26 14:03:00,ARMN,,6.864999771118164,6.864999771118164,6.864999771118164,6.864999771118164,1304.0
2025-06-26 14:03:00,ASM,,3.5350000858306885,3.5364999771118164,3.5350000858306885,3.5364999771118164,391.0
2025-06-26 14:03:00,ATNM,,1.5549999475479126,1.559999942779541,1.5549999475479126,1.5549999475479126,972.0
2025-06-26 14:03:00,BKTI,,54.629798889160156,54.629798889160156,54.629798889160156,54.629798889160156,194.0
2025-06-26 14:03:00,BRBS,,3.2750000953674316,3.2750000953674316,3.2699999809265137,3.2699999809265137,411.0
2025-06-26 14:03:00,BTG,,3.6401000022888184,3.6500000953674316,3.630000114440918,3.6345999240875244,475232.0
2025-06-26 14:03:00,BURU,,0.3368000090122223,0.33709999918937683,0.336650013923645,0.336650013923645,2267.0
2025-06-26 14:03:00,CATX,,3.684999942779541,3.684999942779541,3.680000066757202,3.684999942779541,540.0
2025-06-26 14:03:00,CLM,,7.949900150299072,7.949900150299072,7.947999954223633,7.947999954223633,1247.0
2025-06-26 14:03:00,CMT,,17.110000610351562,17.170000076293945,17.110000610351562,17.170000076293945,342.0
2025-06-26 14:03:00,CQP,,56.08000183105469,56.08000183105469,55.98500061035156,55.98500061035156,400.0
2025-06-26 14:03:00,CTM,,1.0449999570846558,1.0499999523162842,1.0399999618530273,1.0399999618530273,1766.0
2025-06-26 14:03:00,CYBN,,8.4399995803833,8.4399995803833,8.4399995803833,8.4399995803833,101.0
2025-06-26 14:03:00,DC,,3.799999952316284,3.809999942779541,3.7899999618530273,3.7899999618530273,10939.0
2025-06-26 14:03:00,DNN,,1.8300000429153442,1.8300000429153442,1.8200000524520874,1.8300000429153442,18226.0
2025-06-26 14:03:00,EAD,,6.980000019073486,6.980000019073486,6.980000019073486,6.980000019073486,103.0
2025-06-26 14:03:00,ELMD,,21.200000762939453,21.200000762939453,21.200000762939453,21.200000762939453,225.0
2025-06-26 14:03:00,EMX,,2.550100088119507,2.550100088119507,2.549999952316284,2.549999952316284,263.0
2025-06-26 14:03:00,EQX,,5.929999828338623,5.940000057220459,5.929999828338623,5.934999942779541,2656.0
2025-06-26 14:03:00,ERC,,9.380000114440918,9.380000114440918,9.380000114440918,9.380000114440918,100.0
2025-06-26 14:03:00,EVV,,10.166500091552734,10.166500091552734,10.166500091552734,10.166500091552734,501.0
2025-06-26 14:03:00,FOXO,,0.20419999957084656,0.20419999957084656,0.20399999618530273,0.20399999618530273,410.0
2025-06-26 14:03:00,FSP,,1.6799999475479126,1.684999942779541,1.6799999475479126,1.684999942779541,468.0
2025-06-26 14:03:00,GLO,,5.340000152587891,5.340000152587891,5.340000152587891,5.340000152587891,3150.0
2025-06-26 14:03:00,GNS,,1.0850000381469727,1.090000033378601,1.0611000061035156,1.0698000192642212,182025.0
2025-06-26 14:03:00,GROY,,2.2950000762939453,2.2950000762939453,2.2950000762939453,2.2950000762939453,150.0
2025-06-26 14:03:00,GSAT,,23.225000381469727,23.225000381469727,23.200000762939453,23.219999313354492,1728.0
2025-06-26 14:03:00,IBO,,0.9833999872207642,0.986299991607666,0.9800000190734863,0.9800000190734863,3383.0
2025-06-26 14:03:00,IMO,,81.31500244140625,81.31500244140625,81.30999755859375,81.30999755859375,572.0
2025-06-26 14:03:00,INDO,,3.115000009536743,3.119999885559082,3.109999895095825,3.109999895095825,1760.0
2025-06-26 14:03:00,INFU,,6.494999885559082,6.494999885559082,6.494999885559082,6.494999885559082,203.0
2025-06-26 14:03:00,ITRG,,1.5399999618530273,1.5399999618530273,1.5399999618530273,1.5399999618530273,615.0
2025-06-26 14:03:00,KNW,,1.975000023841858,1.98989999294281,1.975000023841858,1.98989999294281,1260.0
2025-06-26 14:03:00,KULR,,5.150000095367432,5.150000095367432,5.139999866485596,5.144999980926514,3983.0
2025-06-26 14:03:00,LCTX,,0.9966999888420105,0.9966999888420105,0.9965999722480774,0.9965999722480774,100603.0
2025-06-26 14:03:00,LEU,,175.82009887695312,175.82009887695312,175.82000732421875,175.82000732421875,590.0
2025-06-26 14:03:00,LMND,,42.29999923706055,42.33000183105469,42.290000915527344,42.33000183105469,1622.0
2025-06-26 14:03:00,LNG,,242.27000427246094,242.27999877929688,242.27000427246094,242.27000427246094,2851.0
2025-06-26 14:03:00,LODE,,3.7300000190734863,3.7300000190734863,3.7300000190734863,3.7300000190734863,114.0
2025-06-26 14:03:00,LPTV,,0.013100000098347664,0.013100000098347664,0.013100000098347664,0.013100000098347664,0.0
2025-06-26 14:03:00,MAG,,21.420000076293945,21.420000076293945,21.415000915527344,21.420000076293945,436.0
2025-06-26 14:03:00,MRT,,2.865000009536743,2.865000009536743,2.865000009536743,2.865000009536743,100.0
2025-06-26 14:03:00,MYO,,2.2249999046325684,2.2249999046325684,2.2249999046325684,2.2249999046325684,448.0
2025-06-26 14:03:00,NAK,,1.5399999618530273,1.5449999570846558,1.5399999618530273,1.5399999618530273,4800.0
2025-06-26 14:03:00,NBH,,9.795000076293945,9.795000076293945,9.789999961853027,9.789999961853027,1189.0
2025-06-26 14:03:00,NCL,,0.17980000376701355,0.18050000071525574,0.1784999966621399,0.18050000071525574,10045.0
2025-06-26 14:03:00,NG,,4.119999885559082,4.119999885559082,4.119999885559082,4.119999885559082,1224.0
2025-06-26 14:03:00,NGD,,4.919899940490723,4.919899940490723,4.914999961853027,4.914999961853027,853.0
2025-06-26 14:03:00,NHC,,107.40499877929688,107.40499877929688,107.40499877929688,107.40499877929688,131.0
2025-06-26 14:03:00,NRXS,,2.575000047683716,2.575000047683716,2.575000047683716,2.575000047683716,246.0
2025-06-26 14:03:00,OBE,,5.519999980926514,5.519999980926514,5.519999980926514,5.519999980926514,1154.0
2025-06-26 14:03:00,OGEN,,3.3399999141693115,3.6600000858306885,3.3399999141693115,3.609999895095825,32646.0
2025-06-26 14:03:00,OSTX,,1.8600000143051147,1.8600000143051147,1.8600000143051147,1.8600000143051147,300.0
2025-06-26 14:03:00,PED,,0.6710000038146973,0.6710000038146973,0.6710000038146973,0.6710000038146973,110.0
2025-06-26 14:03:00,PLG,,1.6349999904632568,1.6390999555587769,1.6299999952316284,1.6299999952316284,5901.0
2025-06-26 14:03:00,PLX,,1.4850000143051147,1.4850000143051147,1.4850000143051147,1.4850000143051147,1174.0
2025-06-26 14:03:00,REI,,0.7775999903678894,0.7785000205039978,0.7774999737739563,0.7785000205039978,925.0
2025-06-26 14:03:00,REPX,,26.635000228881836,26.635000228881836,26.635000228881836,26.635000228881836,958.0
2025-06-26 14:03:00,SATX,,2.9649999141693115,2.9649999141693115,2.9600000381469727,2.9600000381469727,6947.0
2025-06-26 14:03:00,SBEV,,3.5199999809265137,3.5199999809265137,3.5199999809265137,3.5199999809265137,289.0
2025-06-26 14:03:00,SENS,,0.5008000135421753,0.5009999871253967,0.5008000135421753,0.5008999705314636,57045.0
2025-06-26 14:03:00,SGN,,1.1319999694824219,1.1319999694824219,1.1319999694824219,1.1319999694824219,395.0
2025-06-26 14:03:00,SLI,,1.9149999618530273,1.9149999618530273,1.9149999618530273,1.9149999618530273,1062.0
2025-06-26 14:03:00,SOAR,,1.3799999952316284,1.3899999856948853,1.3799999952316284,1.3899999856948853,773.0
2025-06-26 14:03:00,STXS,,2.2200000286102295,2.2200000286102295,2.2100000381469727,2.2100000381469727,205.0
2025-06-26 14:03:00,SVM,,4.170000076293945,4.170000076293945,4.170000076293945,4.170000076293945,201.0
2025-06-26 14:03:00,TGB,,3.130500078201294,3.134999990463257,3.130500078201294,3.134999990463257,17398.0
2025-06-26 14:03:00,TPET,,1.1749999523162842,1.1749999523162842,1.1749999523162842,1.1749999523162842,111.0
2025-06-26 14:03:00,UAMY,,2.5799999237060547,2.5799999237060547,2.575000047683716,2.575000047683716,2863.0
2025-06-26 14:03:00,UAVS,,1.121000051498413,1.1299999952316284,1.121000051498413,1.1299999952316284,357.0
2025-06-26 14:03:00,UEC,,6.945000171661377,6.949999809265137,6.940000057220459,6.945000171661377,12356.0
2025-06-26 14:03:00,URG,,1.0475000143051147,1.0475000143051147,1.0399999618530273,1.0449999570846558,19313.0
2025-06-26 14:03:00,USAS,,0.836899995803833,0.836899995803833,0.836899995803833,0.836899995803833,1840.0
2025-06-26 14:03:00,UTG,,35.549598693847656,35.549598693847656,35.549598693847656,35.549598693847656,851.0
2025-06-26 14:03:00,UUUU,,5.889999866485596,5.894999980926514,5.889999866485596,5.889999866485596,1654.0
2025-06-26 14:03:00,VGZ,,1.024999976158142,1.024999976158142,1.024999976158142,1.024999976158142,125.0
2025-06-26 14:03:00,VZLA,,2.9800000190734863,2.990000009536743,2.9800000190734863,2.984999895095825,5372.0
2025-06-26 14:03:00,WWR,,0.5963000059127808,0.5963000059127808,0.5963000059127808,0.5963000059127808,194.0
2025-06-26 14:03:00,WYY,,3.3296000957489014,3.3296000957489014,3.3296000957489014,3.3296000957489014,473.0
2025-06-26 14:03:00,ZDGE,,3.8499999046325684,3.924999952316284,3.8499999046325684,3.924999952316284,804.0
2025-06-26 14:04:00,AREN,,5.710000038146973,5.710000038146973,5.710000038146973,5.710000038146973,207.0
2025-06-26 14:04:00,ARMN,,6.864999771118164,6.864999771118164,6.864999771118164,6.864999771118164,338.0
2025-06-26 14:04:00,ATNM,,1.5549999475479126,1.5549999475479126,1.5549999475479126,1.5549999475479126,202.0
2025-06-26 14:04:00,BRBS,,3.2699999809265137,3.2750000953674316,3.2699999809265137,3.2750000953674316,416.0
2025-06-26 14:04:00,BTG,,3.640000104904175,3.6500000953674316,3.640000104904175,3.6500000953674316,881179.0
2025-06-26 14:04:00,BURU,,0.3353999853134155,0.3368000090122223,0.3353999853134155,0.3368000090122223,1160.0
2025-06-26 14:04:00,CATX,,3.700000047683716,3.700000047683716,3.690000057220459,3.690000057220459,3324.0
2025-06-26 14:04:00,CCEL,,5.415500164031982,5.415500164031982,5.415500164031982,5.415500164031982,0.0
2025-06-26 14:04:00,CLM,,7.945000171661377,7.945000171661377,7.945000171661377,7.945000171661377,101.0
2025-06-26 14:04:00,CQP,,56.08000183105469,56.08000183105469,55.98500061035156,55.98500061035156,848.0
2025-06-26 14:04:00,CRF,,7.554999828338623,7.558800220489502,7.554999828338623,7.558800220489502,4653.0
2025-06-26 14:04:00,CTM,,1.0499999523162842,1.0499999523162842,1.0399999618530273,1.0449999570846558,51100.0
2025-06-26 14:04:00,DC,,3.799999952316284,3.805000066757202,3.799999952316284,3.799999952316284,998.0
2025-06-26 14:04:00,DNN,,1.8300000429153442,1.8300000429153442,1.8207000494003296,1.8300000429153442,3777.0
2025-06-26 14:04:00,EQX,,5.940000057220459,5.945000171661377,5.934999942779541,5.934999942779541,80657.0
2025-06-26 14:04:00,FOXO,,0.20409999787807465,0.20419999957084656,0.20409999787807465,0.20419999957084656,900.0
2025-06-26 14:04:00,FTF,,6.385000228881836,6.385000228881836,6.385000228881836,6.385000228881836,122.0
2025-06-26 14:04:00,GLDG,,0.7430999875068665,0.7450000047683716,0.7430999875068665,0.7450000047683716,187529.0
2025-06-26 14:04:00,GNS,,1.0881999731063843,1.090000033378601,1.0800000429153442,1.0881999731063843,116814.0
2025-06-26 14:04:00,GORO,,0.546999990940094,0.546999990940094,0.546999990940094,0.546999990940094,100.0
2025-06-26 14:04:00,GROY,,2.2950000762939453,2.299999952316284,2.2950000762939453,2.2950000762939453,2830.0
2025-06-26 14:04:00,IBO,,0.9878000020980835,0.9878000020980835,0.9878000020980835,0.9878000020980835,156.0
2025-06-26 14:04:00,IE,,9.510000228881836,9.529999732971191,9.510000228881836,9.529999732971191,1160.0
2025-06-26 14:04:00,IMO,,81.30999755859375,81.30999755859375,81.30999755859375,81.30999755859375,396.0
2025-06-26 14:04:00,INDO,,3.110100030899048,3.115000009536743,3.109999895095825,3.115000009536743,3537.0
2025-06-26 14:04:00,KNW,,1.975000023841858,1.975000023841858,1.9700000286102295,1.9700000286102295,252.0
2025-06-26 14:04:00,KULR,,5.150000095367432,5.150000095367432,5.144999980926514,5.144999980926514,1929.0
2025-06-26 14:04:00,LCTX,,1.0099999904632568,1.0099999904632568,0.9922000169754028,0.9966999888420105,29608.0
2025-06-26 14:04:00,LEU,,175.83999633789062,176.02999877929688,175.8300018310547,175.83999633789062,1239.0
2025-06-26 14:04:00,LMND,,42.349998474121094,42.349998474121094,42.31999969482422,42.31999969482422,1069.0
2025-06-26 14:04:00,LNG,,242.22000122070312,242.3300018310547,242.16000366210938,242.3300018310547,1593.0
2025-06-26 14:04:00,LODE,,3.7300000190734863,3.7300000190734863,3.7300000190734863,3.7300000190734863,141.0
2025-06-26 14:04:00,MAG,,21.420000076293945,21.420000076293945,21.420000076293945,21.420000076293945,418.0
2025-06-26 14:04:00,MITQ,,0.6899999976158142,0.6899999976158142,0.6899999976158142,0.6899999976158142,115.0
2025-06-26 14:04:00,MYO,,2.2249999046325684,2.2249999046325684,2.2249999046325684,2.2249999046325684,235.0
2025-06-26 14:04:00,NAK,,1.5449999570846558,1.5475000143051147,1.5399999618530273,1.5449999570846558,11382.0
2025-06-26 14:04:00,NG,,4.114999771118164,4.114999771118164,4.114999771118164,4.114999771118164,211.0
2025-06-26 14:04:00,NGD,,4.920000076293945,4.920000076293945,4.914999961853027,4.920000076293945,6242.0
2025-06-26 14:04:00,NHC,,107.40499877929688,107.40499877929688,107.40499877929688,107.40499877929688,367.0
2025-06-26 14:04:00,OBE,,5.519999980926514,5.519999980926514,5.519999980926514,5.519999980926514,160.0
2025-06-26 14:04:00,OGEN,,3.3510000705718994,3.4100000858306885,3.3510000705718994,3.4100000858306885,8737.0
2025-06-26 14:04:00,OPTT,,0.5141000151634216,0.5141000151634216,0.5141000151634216,0.5141000151634216,467.0
2025-06-26 14:04:00,ORLA,,9.994999885559082,9.994999885559082,9.994999885559082,9.994999885559082,188.0
2025-06-26 14:04:00,OSTX,,1.8600000143051147,1.8600000143051147,1.8600000143051147,1.8600000143051147,500.0
2025-06-26 14:04:00,PHGE,,0.4699999988079071,0.4699999988079071,0.4699999988079071,0.4699999988079071,200.0
2025-06-26 14:04:00,PLG,,1.6349999904632568,1.6449999809265137,1.6299999952316284,1.6390000581741333,48217.0
2025-06-26 14:04:00,PLX,,1.4800000190734863,1.4850000143051147,1.4800000190734863,1.4800000190734863,301.0
2025-06-26 14:04:00,REI,,0.7775999903678894,0.7795000076293945,0.7775999903678894,0.7793999910354614,930.0
2025-06-26 14:04:00,SBEV,,3.5044000148773193,3.5044000148773193,3.5044000148773193,3.5044000148773193,147.0
2025-06-26 14:04:00,SENS,,0.5008000135421753,0.5008000135421753,0.5007500052452087,0.5007500052452087,1650.0
2025-06-26 14:04:00,SVM,,4.175000190734863,4.179999828338623,4.164999961853027,4.164999961853027,32490.0
2025-06-26 14:04:00,TGB,,3.130000114440918,3.138200044631958,3.130000114440918,3.134999990463257,4604.0
2025-06-26 14:04:00,UAMY,,2.575000047683716,2.5778000354766846,2.575000047683716,2.5778000354766846,393.0
2025-06-26 14:04:00,UAVS,,1.1299999952316284,1.1299999952316284,1.1233999729156494,1.1233999729156494,953.0
2025-06-26 14:04:00,UEC,,6.949999809265137,6.949999809265137,6.940000057220459,6.949999809265137,7675.0
2025-06-26 14:04:00,URG,,1.0399999618530273,1.0475000143051147,1.0399999618530273,1.0399999618530273,3104.0
2025-06-26 14:04:00,USAS,,0.8379499912261963,0.8379499912261963,0.8379499912261963,0.8379499912261963,629.0
2025-06-26 14:04:00,UUUU,,5.89300012588501,5.894999980926514,5.889999866485596,5.894999980926514,2385.0
2025-06-26 14:04:00,VGZ,,1.024999976158142,1.024999976158142,1.024999976158142,1.024999976158142,100.0
2025-06-26 14:04:00,VKI,,8.220000267028809,8.220000267028809,8.220000267028809,8.220000267028809,100.0
2025-06-26 14:04:00,VZLA,,2.984999895095825,2.990000009536743,2.9800000190734863,2.990000009536743,16404.0
2025-06-26 14:04:00,WRN,,1.2350000143051147,1.2350000143051147,1.2350000143051147,1.2350000143051147,262998.0
2025-06-26 14:04:00,WWR,,0.5963000059127808,0.5963000059127808,0.5963000059127808,0.5963000059127808,132.0
2025-06-26 14:05:00,AREN,,5.760000228881836,5.760000228881836,5.760000228881836,5.760000228881836,107.0
2025-06-26 14:05:00,ARMN,,6.864999771118164,6.864999771118164,6.864999771118164,6.864999771118164,107.0
2025-06-26 14:05:00,ASM,,3.5350000858306885,3.539900064468384,3.5299999713897705,3.539900064468384,5947.0
2025-06-26 14:05:00,ATNM,,1.5549999475479126,1.5549999475479126,1.5549999475479126,1.5549999475479126,342.0
2025-06-26 14:05:00,AWX,,2.450000047683716,2.450000047683716,2.450000047683716,2.450000047683716,8045.0
2025-06-26 14:05:00,BEEP,,4.126999855041504,4.126999855041504,4.126999855041504,4.126999855041504,1229.0
2025-06-26 14:05:00,BHM,,12.178299903869629,12.178299903869629,12.178299903869629,12.178299903869629,0.0
2025-06-26 14:05:00,BKTI,,54.79999923706055,54.79999923706055,54.79999923706055,54.79999923706055,200.0
2025-06-26 14:05:00,BTG,,3.640000104904175,3.6500000953674316,3.640000104904175,3.640000104904175,471235.0
2025-06-26 14:05:00,BURU,,0.33230000734329224,0.33230000734329224,0.3319999873638153,0.3319999873638153,2000.0
2025-06-26 14:05:00,CATX,,3.700000047683716,3.700000047683716,3.694999933242798,3.694999933242798,1532.0
2025-06-26 14:05:00,CBOE,,228.22500610351562,228.22500610351562,228.22250366210938,228.22250366210938,695.0
2025-06-26 14:05:00,CIK,,2.940000057220459,2.940000057220459,2.940000057220459,2.940000057220459,100.0
2025-06-26 14:05:00,CLM,,7.949999809265137,7.949999809265137,7.949999809265137,7.949999809265137,258.0
2025-06-26 14:05:00,CQP,,55.98500061035156,56.08000183105469,55.98500061035156,55.98500061035156,706.0
2025-06-26 14:05:00,CTGO,,20.760000228881836,20.760000228881836,20.760000228881836,20.760000228881836,249.0
2025-06-26 14:05:00,CTM,,1.0449999570846558,1.0449999570846558,1.041200041770935,1.041200041770935,719.0
2025-06-26 14:05:00,CVM,,2.43179988861084,2.43179988861084,2.43179988861084,2.43179988861084,207.0
2025-06-26 14:05:00,CYBN,,8.4399995803833,8.4399995803833,8.4399995803833,8.4399995803833,227.0
2025-06-26 14:05:00,DHY,,2.109999895095825,2.109999895095825,2.109999895095825,2.109999895095825,5000.0
2025-06-26 14:05:00,DNN,,1.8250000476837158,1.8300000429153442,1.8200000524520874,1.8300000429153442,118752.0
2025-06-26 14:05:00,EQX,,5.940000057220459,5.945799827575684,5.940000057220459,5.940000057220459,6197.0
2025-06-26 14:05:00,FOXO,,0.20409999787807465,0.20409999787807465,0.20409999787807465,0.20409999787807465,500.0
2025-06-26 14:05:00,FSP,,1.684999942779541,1.684999942779541,1.684999942779541,1.684999942779541,401.0
2025-06-26 14:05:00,FURY,,0.4894999861717224,0.4894999861717224,0.4894999861717224,0.4894999861717224,86544.0
2025-06-26 14:05:00,GAU,,1.284999966621399,1.2899999618530273,1.284999966621399,1.284999966621399,6000.0
2025-06-26 14:05:00,GBR,,1.090000033378601,1.090000033378601,1.0850000381469727,1.0850000381469727,600.0
2025-06-26 14:05:00,GNS,,1.080199956893921,1.090000033378601,1.0800000429153442,1.090000033378601,57527.0
2025-06-26 14:05:00,GORO,,0.5460000038146973,0.5460000038146973,0.5460000038146973,0.5460000038146973,402217.0
2025-06-26 14:05:00,GROY,,2.2950000762939453,2.299999952316284,2.2950000762939453,2.299999952316284,995.0
2025-06-26 14:05:00,HUSA,,13.100000381469727,13.100000381469727,13.100000381469727,13.100000381469727,379.0
2025-06-26 14:05:00,IBO,,0.9878000020980835,1.0099999904632568,0.9878000020980835,1.0099999904632568,1157.0
2025-06-26 14:05:00,IE,,9.5600004196167,9.569999694824219,9.489999771118164,9.489999771118164,4318.0
2025-06-26 14:05:00,IGC,,0.3073999881744385,0.3073999881744385,0.3073999881744385,0.3073999881744385,500.0
2025-06-26 14:05:00,IMO,,81.36000061035156,81.36000061035156,81.29499816894531,81.29499816894531,609.0
2025-06-26 14:05:00,INDO,,3.11080002784729,3.119999885559082,3.109999895095825,3.109999895095825,2376.0
2025-06-26 14:05:00,INUV,,3.890000104904175,3.890000104904175,3.890000104904175,3.890000104904175,426.0
2025-06-26 14:05:00,ITRG,,1.5398999452590942,1.5398999452590942,1.5299999713897705,1.5398999452590942,48311.0
2025-06-26 14:05:00,KULR,,5.144999980926514,5.150000095367432,5.144999980926514,5.150000095367432,15269.0
2025-06-26 14:05:00,LCTX,,0.9970999956130981,0.9970999956130981,0.9970999956130981,0.9970999956130981,105.0
2025-06-26 14:05:00,LEU,,175.27499389648438,175.6300048828125,174.75999450683594,175.6300048828125,3790.0
2025-06-26 14:05:00,LMND,,42.38999938964844,42.42499923706055,42.34000015258789,42.34000015258789,2409.0
2025-06-26 14:05:00,LNG,,242.33999633789062,242.5,242.25,242.25,5281.0
2025-06-26 14:05:00,MRT,,2.865000009536743,2.865000009536743,2.865000009536743,2.865000009536743,1356.0
2025-06-26 14:05:00,MTNB,,0.92010098695755,0.92010098695755,0.92010098695755,0.92010098695755,500.0
2025-06-26 14:05:00,MWG,,0.25,0.25,0.25,0.25,28964.0
2025-06-26 14:05:00,MYO,,2.234999895095825,2.234999895095825,2.2300000190734863,2.2300000190734863,2966.0
2025-06-26 14:05:00,NAK,,1.5399999618530273,1.5499999523162842,1.5399999618530273,1.5499999523162842,19151.0
2025-06-26 14:05:00,NCL,,0.17900000512599945,0.18080000579357147,0.17900000512599945,0.18080000579357147,7741.0
2025-06-26 14:05:00,NFGC,,1.4700000286102295,1.4700000286102295,1.4700000286102295,1.4700000286102295,100.0
2025-06-26 14:05:00,NG,,4.119999885559082,4.119999885559082,4.114999771118164,4.114999771118164,2583.0
2025-06-26 14:05:00,NGD,,4.914999961853027,4.914999961853027,4.909999847412109,4.909999847412109,3412.0
2025-06-26 14:05:00,NML,,8.829999923706055,8.829999923706055,8.829999923706055,8.829999923706055,1585.0
2025-06-26 14:05:00,NNVC,,1.2309999465942383,1.2350000143051147,1.2309999465942383,1.2350000143051147,200.0
2025-06-26 14:05:00,NRO,,3.190000057220459,3.190000057220459,3.190000057220459,3.190000057220459,5221.0
2025-06-26 14:05:00,OBE,,5.525000095367432,5.525000095367432,5.519999980926514,5.519999980926514,804.0
2025-06-26 14:05:00,ORLA,,9.984999656677246,9.994999885559082,9.984999656677246,9.994999885559082,5052.0
2025-06-26 14:05:00,PLG,,1.6349999904632568,1.6349999904632568,1.6349999904632568,1.6349999904632568,800.0
2025-06-26 14:05:00,PLMR,,151.6300048828125,151.6300048828125,151.6300048828125,151.6300048828125,461.0
2025-06-26 14:05:00,PLX,,1.4900000095367432,1.4900000095367432,1.4800000190734863,1.4814000129699707,2137.0
2025-06-26 14:05:00,PRK,,166.47999572753906,166.47999572753906,166.47000122070312,166.47000122070312,410.0
2025-06-26 14:05:00,REI,,0.7788000106811523,0.7788000106811523,0.7775999903678894,0.7775999903678894,1245.0
2025-06-26 14:05:00,SATX,,2.9600000381469727,2.9600000381469727,2.9600000381469727,2.9600000381469727,254.0
2025-06-26 14:05:00,SBEV,,3.5399999618530273,3.5399999618530273,3.5299999713897705,3.5399999618530273,1010.0
2025-06-26 14:05:00,SEB,,2918.06005859375,2918.06005859375,2918.06005859375,2918.06005859375,1.0
2025-06-26 14:05:00,SENS,,0.5006999969482422,0.5006999969482422,0.5006999969482422,0.5006999969482422,1920.0
2025-06-26 14:05:00,SLI,,1.910099983215332,1.9199999570846558,1.910099983215332,1.9150999784469604,12202.0
2025-06-26 14:05:00,STXS,,2.2149999141693115,2.2149999141693115,2.2149999141693115,2.2149999141693115,301.0
2025-06-26 14:05:00,SVM,,4.175000190734863,4.175000190734863,4.175000190734863,4.175000190734863,676.0
2025-06-26 14:05:00,TGB,,3.130500078201294,3.134999990463257,3.130000114440918,3.130000114440918,20444.0
2025-06-26 14:05:00,TOON,,0.746999979019165,0.746999979019165,0.746999979019165,0.746999979019165,380.0
2025-06-26 14:05:00,TPET,,1.179900050163269,1.179900050163269,1.179900050163269,1.179900050163269,275.0
2025-06-26 14:05:00,UAMY,,2.5799999237060547,2.5799999237060547,2.575000047683716,2.5799999237060547,5481.0
2025-06-26 14:05:00,UAVS,,1.1299999952316284,1.1299999952316284,1.128999948501587,1.128999948501587,1463.0
2025-06-26 14:05:00,UEC,,6.946700096130371,6.948999881744385,6.940000057220459,6.948999881744385,9195.0
2025-06-26 14:05:00,URG,,1.0399999618530273,1.0449999570846558,1.0399999618530273,1.0399999618530273,2540.0
2025-06-26 14:05:00,USAS,,0.8389000296592712,0.8389999866485596,0.8389000296592712,0.8389999866485596,500.0
2025-06-26 14:05:00,UTG,,35.5,35.529998779296875,35.5,35.529998779296875,1039.0
2025-06-26 14:05:00,UUUU,,5.889999866485596,5.900000095367432,5.880000114440918,5.894999980926514,40408.0
2025-06-26 14:05:00,VNRX,,0.839900016784668,0.839900016784668,0.839900016784668,0.839900016784668,482.0
2025-06-26 14:05:00,VZLA,,2.9876999855041504,2.990000009536743,2.9800000190734863,2.984999895095825,5411.0
2025-06-26 14:06:00,AEON,,0.7598999738693237,0.7609999775886536,0.7598999738693237,0.7609999775886536,3545.0
2025-06-26 14:06:00,APT,,4.700200080871582,4.700200080871582,4.700200080871582,4.700200080871582,100.0
2025-06-26 14:06:00,AREN,,5.699999809265137,5.699999809265137,5.699999809265137,5.699999809265137,113.0
2025-06-26 14:06:00,ARMN,,6.860000133514404,6.864999771118164,6.855000019073486,6.860000133514404,15514.0
2025-06-26 14:06:00,ASM,,3.530100107192993,3.5350000858306885,3.5299999713897705,3.5299999713897705,6507.0
2025-06-26 14:06:00,ATNM,,1.5549999475479126,1.5549999475479126,1.5549999475479126,1.5549999475479126,231.0
2025-06-26 14:06:00,BKTI,,55.0,55.0,55.0,55.0,255.0
2025-06-26 14:06:00,BRBS,,3.2750000953674316,3.2750000953674316,3.2699999809265137,3.2699999809265137,213.0
2025-06-26 14:06:00,BTG,,3.640000104904175,3.6500000953674316,3.640000104904175,3.640000104904175,347329.0
2025-06-26 14:06:00,BURU,,0.3319999873638153,0.3319999873638153,0.33195000886917114,0.33195000886917114,32776.0
2025-06-26 14:06:00,CATX,,3.7049999237060547,3.7049999237060547,3.7049999237060547,3.7049999237060547,951.0
2025-06-26 14:06:00,CEF,,30.41670036315918,30.41670036315918,30.41670036315918,30.41670036315918,180.0
2025-06-26 14:06:00,CLM,,7.940000057220459,7.940000057220459,7.940000057220459,7.940000057220459,1000.0
2025-06-26 14:06:00,CQP,,56.08000183105469,56.08000183105469,55.98500061035156,56.06999969482422,500.0
2025-06-26 14:06:00,CTM,,1.0449999570846558,1.0449999570846558,1.0449999570846558,1.0449999570846558,1090.0
2025-06-26 14:06:00,DHY,,2.109999895095825,2.109999895095825,2.109999895095825,2.109999895095825,100.0
2025-06-26 14:06:00,DNN,,1.8241000175476074,1.8300000429153442,1.8208999633789062,1.8250000476837158,5955.0
2025-06-26 14:06:00,EAD,,6.974999904632568,6.974999904632568,6.974999904632568,6.974999904632568,1063.0
2025-06-26 14:06:00,EQX,,5.940000057220459,5.945799827575684,5.940000057220459,5.940000057220459,9837.0
2025-06-26 14:06:00,ERC,,9.380000114440918,9.380000114440918,9.376999855041504,9.376999855041504,600.0
2025-06-26 14:06:00,FOXO,,0.20419999957084656,0.20419999957084656,0.20419999957084656,0.20419999957084656,6299.0
2025-06-26 14:06:00,GAU,,1.284999966621399,1.284999966621399,1.284999966621399,1.284999966621399,132.0
2025-06-26 14:06:00,GLDG,,0.7432000041007996,0.7432000041007996,0.7432000041007996,0.7432000041007996,3489.0
2025-06-26 14:06:00,GNS,,1.139799952507019,1.1399999856948853,1.0800000429153442,1.090000033378601,345111.0
2025-06-26 14:06:00,GROY,,2.2950000762939453,2.2950000762939453,2.2950000762939453,2.2950000762939453,853.0
2025-06-26 14:06:00,HUSA,,13.069999694824219,13.114999771118164,13.026599884033203,13.026599884033203,1477.0
2025-06-26 14:06:00,IBO,,0.9941999912261963,0.9941999912261963,0.9941999912261963,0.9941999912261963,2292.0
2025-06-26 14:06:00,IE,,9.555000305175781,9.555000305175781,9.550000190734863,9.550000190734863,1198.0
2025-06-26 14:06:00,IMO,,81.33000183105469,81.33000183105469,81.33000183105469,81.33000183105469,369.0
2025-06-26 14:06:00,INDO,,3.119999885559082,3.119999885559082,3.115000009536743,3.115000009536743,601.0
2025-06-26 14:06:00,INFU,,6.489999771118164,6.489999771118164,6.489999771118164,6.489999771118164,510.0
2025-06-26 14:06:00,INUV,,3.9200000762939453,3.937000036239624,3.9200000762939453,3.937000036239624,510.0
2025-06-26 14:06:00,KULR,,5.150000095367432,5.150000095367432,5.139999866485596,5.139999866485596,313.0
2025-06-26 14:06:00,LCTX,,1.0099999904632568,1.0099999904632568,0.9977999925613403,0.9977999925613403,200.0
2025-06-26 14:06:00,LEU,,175.0800018310547,175.0800018310547,175.0800018310547,175.0800018310547,218.0
2025-06-26 14:06:00,LMND,,42.34000015258789,42.42499923706055,42.34000015258789,42.400001525878906,2982.0
2025-06-26 14:06:00,LNG,,242.33999633789062,242.52999877929688,242.235595703125,242.31500244140625,29072.0
2025-06-26 14:06:00,LSF,,6.190000057220459,6.190000057220459,6.190000057220459,6.190000057220459,227.0
2025-06-26 14:06:00,MAG,,21.42009925842285,21.424999237060547,21.42009925842285,21.424999237060547,1303.0
2025-06-26 14:06:00,NAK,,1.5449999570846558,1.5449999570846558,1.5436999797821045,1.5449999570846558,711.0
2025-06-26 14:06:00,NCL,,0.18050000071525574,0.18050000071525574,0.18050000071525574,0.18050000071525574,513.0
2025-06-26 14:06:00,NFGC,,1.475000023841858,1.478600025177002,1.475000023841858,1.475000023841858,2034.0
2025-06-26 14:06:00,NG,,4.114999771118164,4.114999771118164,4.114999771118164,4.114999771118164,11126.0
2025-06-26 14:06:00,NGD,,4.914999961853027,4.920000076293945,4.909999847412109,4.914999961853027,6757.0
2025-06-26 14:06:00,NHS,,7.4994001388549805,7.4994001388549805,7.4994001388549805,7.4994001388549805,1270.0
2025-06-26 14:06:00,NNVC,,1.2400000095367432,1.2400000095367432,1.2400000095367432,1.2400000095367432,137.0
2025-06-26 14:06:00,NRO,,3.190000057220459,3.190000057220459,3.190000057220459,3.190000057220459,2000.0
2025-06-26 14:06:00,OPTT,,0.5141000151634216,0.5141000151634216,0.5139999985694885,0.5139999985694885,4489.0
2025-06-26 14:06:00,ORLA,,9.984999656677246,9.989999771118164,9.984999656677246,9.984999656677246,692.0
2025-06-26 14:06:00,OSTX,,1.8600000143051147,1.8600000143051147,1.8600000143051147,1.8600000143051147,1264.0
2025-06-26 14:06:00,PLMR,,151.82000732421875,151.82000732421875,151.66000366210938,151.66000366210938,506.0
2025-06-26 14:06:00,PLX,,1.4850000143051147,1.4850000143051147,1.4850000143051147,1.4850000143051147,114.0
2025-06-26 14:06:00,REI,,0.7781999707221985,0.7786999940872192,0.7781999707221985,0.7786999940872192,761.0
2025-06-26 14:06:00,RLGT,,6.019999980926514,6.03000020980835,6.019999980926514,6.03000020980835,1380.0
2025-06-26 14:06:00,SENS,,0.5006999969482422,0.5006999969482422,0.5005999803543091,0.5005999803543091,250.0
2025-06-26 14:06:00,SKYH,,9.5600004196167,9.5600004196167,9.5600004196167,9.5600004196167,467.0
2025-06-26 14:06:00,SOAR,,1.3799999952316284,1.3799999952316284,1.3799999952316284,1.3799999952316284,5023.0
2025-06-26 14:06:00,SVM,,4.184999942779541,4.184999942779541,4.179699897766113,4.179699897766113,9916.0
2025-06-26 14:06:00,TGB,,3.130500078201294,3.130500078201294,3.130500078201294,3.130500078201294,6620.0
2025-06-26 14:06:00,TMQ,,1.4800000190734863,1.4800000190734863,1.4800000190734863,1.4800000190734863,113.0
2025-06-26 14:06:00,TPET,,1.1749999523162842,1.1749999523162842,1.1746000051498413,1.1746000051498413,600.0
2025-06-26 14:06:00,UAMY,,2.5799999237060547,2.5799999237060547,2.575000047683716,2.575000047683716,878.0
2025-06-26 14:06:00,UAVS,,1.125,1.125,1.125,1.125,5004.0
2025-06-26 14:06:00,UEC,,6.946499824523926,6.949999809265137,6.940000057220459,6.945000171661377,3294.0
2025-06-26 14:06:00,URG,,1.0399999618530273,1.0449999570846558,1.0399999618530273,1.0449999570846558,5717.0
2025-06-26 14:06:00,USAS,,0.8355000019073486,0.836899995803833,0.8321999907493591,0.836899995803833,2472.0
2025-06-26 14:06:00,UTG,,35.4900016784668,35.4900016784668,35.4900016784668,35.4900016784668,1182.0
2025-06-26 14:06:00,UUUU,,5.890100002288818,5.896699905395508,5.889999866485596,5.889999866485596,3084.0
2025-06-26 14:06:00,VZLA,,2.9888999462127686,3.0,2.9818999767303467,2.984999895095825,135994.0
2025-06-26 14:07:00,AREN,,5.699999809265137,5.699999809265137,5.699999809265137,5.699999809265137,101.0
2025-06-26 14:07:00,BHB,,29.709999084472656,29.709999084472656,29.709999084472656,29.709999084472656,897.0
2025-06-26 14:07:00,BKTI,,54.599998474121094,54.599998474121094,54.599998474121094,54.599998474121094,153.0
2025-06-26 14:07:00,BRBS,,3.2750000953674316,3.2750000953674316,3.2699999809265137,3.2699999809265137,408.0
2025-06-26 14:07:00,BTG,,3.639899969100952,3.6500000953674316,3.630000114440918,3.6403000354766846,1303731.0
2025-06-26 14:07:00,BURU,,0.33219999074935913,0.3345000147819519,0.3310999870300293,0.3319000005722046,2356.0
2025-06-26 14:07:00,CATX,,3.7100000381469727,3.7100000381469727,3.699899911880493,3.700000047683716,6216.0
2025-06-26 14:07:00,CEV,,9.649999618530273,9.649999618530273,9.649999618530273,9.649999618530273,0.0
2025-06-26 14:07:00,CLM,,7.949999809265137,7.949999809265137,7.9446001052856445,7.9446001052856445,1292.0
2025-06-26 14:07:00,CQP,,55.98500061035156,56.08000183105469,55.98500061035156,56.08000183105469,800.0
2025-06-26 14:07:00,CRF,,7.550000190734863,7.550000190734863,7.550000190734863,7.550000190734863,1531.0
2025-06-26 14:07:00,CTM,,1.0449999570846558,1.0449999570846558,1.0449999570846558,1.0449999570846558,460.0
2025-06-26 14:07:00,DC,,3.799999952316284,3.799999952316284,3.799999952316284,3.799999952316284,615.0
2025-06-26 14:07:00,DDC,,10.324999809265137,10.324999809265137,10.324999809265137,10.324999809265137,514.0
2025-06-26 14:07:00,DNN,,1.8300000429153442,1.8300000429153442,1.8210949897766113,1.8210949897766113,9922.0
2025-06-26 14:07:00,DXF,,4.949999809265137,4.949999809265137,4.949999809265137,4.949999809265137,18349.0
2025-06-26 14:07:00,ELMD,,21.1299991607666,21.290000915527344,21.1299991607666,21.290000915527344,208.0
2025-06-26 14:07:00,EQX,,5.940000057220459,5.940000057220459,5.940000057220459,5.940000057220459,2397.0
2025-06-26 14:07:00,FOXO,,0.20419999957084656,0.20419999957084656,0.20419999957084656,0.20419999957084656,300.0
2025-06-26 14:07:00,FSP,,1.684999942779541,1.684999942779541,1.684999942779541,1.684999942779541,300.0
2025-06-26 14:07:00,GAU,,1.284999966621399,1.284999966621399,1.284999966621399,1.284999966621399,310.0
2025-06-26 14:07:00,GNS,,1.1799999475479126,1.2000000476837158,1.1299999952316284,1.1396000385284424,521431.0
2025-06-26 14:07:00,GORO,,0.5460000038146973,0.5460000038146973,0.5460000038146973,0.5460000038146973,100.0
2025-06-26 14:07:00,GROY,,2.2950000762939453,2.2950000762939453,2.2950000762939453,2.2950000762939453,240.0
2025-06-26 14:07:00,IBO,,0.9943000078201294,0.9943000078201294,0.9943000078201294,0.9943000078201294,1410.0
2025-06-26 14:07:00,IE,,9.555000305175781,9.555000305175781,9.555000305175781,9.555000305175781,298.0
2025-06-26 14:07:00,IGC,,0.30709999799728394,0.3073999881744385,0.30649998784065247,0.30660000443458557,5865.0
2025-06-26 14:07:00,INDO,,3.119999885559082,3.119999885559082,3.119999885559082,3.119999885559082,687.0
2025-06-26 14:07:00,INFU,,6.489999771118164,6.489999771118164,6.489999771118164,6.489999771118164,762.0
2025-06-26 14:07:00,ITRG,,1.534999966621399,1.534999966621399,1.5299999713897705,1.5299999713897705,3832.0
2025-06-26 14:07:00,KULR,,5.144999980926514,5.150000095367432,5.144999980926514,5.150000095367432,2187.0
2025-06-26 14:07:00,LEU,,175.10499572753906,175.39999389648438,174.86000061035156,174.88800048828125,1423.0
2025-06-26 14:07:00,LMND,,42.290000915527344,42.310001373291016,42.290000915527344,42.310001373291016,1307.0
2025-06-26 14:07:00,LNG,,242.30999755859375,242.3249969482422,242.17999267578125,242.27000427246094,4063.0
2025-06-26 14:07:00,MAG,,21.424999237060547,21.424999237060547,21.424999237060547,21.424999237060547,320.0
2025-06-26 14:07:00,MYO,,2.234999895095825,2.234999895095825,2.234999895095825,2.234999895095825,393.0
2025-06-26 14:07:00,NAK,,1.5399999618530273,1.548699975013733,1.5399999618530273,1.548699975013733,10383.0
2025-06-26 14:07:00,NG,,4.111000061035156,4.114999771118164,4.111000061035156,4.111000061035156,2848.0
2025-06-26 14:07:00,NGD,,4.920000076293945,4.920000076293945,4.914999961853027,4.914999961853027,10093.0
2025-06-26 14:07:00,NNVC,,1.2367000579833984,1.2367000579833984,1.2367000579833984,1.2367000579833984,582.0
2025-06-26 14:07:00,OGEN,,3.390700101852417,3.390700101852417,3.390700101852417,3.390700101852417,143.0
2025-06-26 14:07:00,ORLA,,9.984999656677246,9.984999656677246,9.979999542236328,9.984999656677246,975.0
2025-06-26 14:07:00,OSTX,,1.8600000143051147,1.8600000143051147,1.8600000143051147,1.8600000143051147,330.0
2025-06-26 14:07:00,PLG,,1.6349999904632568,1.6399999856948853,1.6348999738693237,1.6349999904632568,4668.0
2025-06-26 14:07:00,PLMR,,151.66000366210938,151.66000366210938,151.66000366210938,151.66000366210938,407.0
2025-06-26 14:07:00,REI,,0.7785999774932861,0.7785999774932861,0.7781000137329102,0.7784000039100647,11831.0
2025-06-26 14:07:00,RLGT,,6.029600143432617,6.029600143432617,6.029600143432617,6.029600143432617,1003.0
2025-06-26 14:07:00,SATX,,2.9600000381469727,2.9600000381469727,2.9600000381469727,2.9600000381469727,200.0
2025-06-26 14:07:00,SENS,,0.5,0.5005999803543091,0.5,0.5005999803543091,6455.0
2025-06-26 14:07:00,SKYH,,9.569999694824219,9.569999694824219,9.550000190734863,9.550000190734863,1013.0
2025-06-26 14:07:00,STXS,,2.2149999141693115,2.2149999141693115,2.2149999141693115,2.2149999141693115,103.0
2025-06-26 14:07:00,SVM,,4.188499927520752,4.188499927520752,4.188499927520752,4.188499927520752,389.0
2025-06-26 14:07:00,TGB,,3.130000114440918,3.134999990463257,3.130000114440918,3.1310999393463135,5816.0
2025-06-26 14:07:00,TOON,,0.7534000277519226,0.7534000277519226,0.7534000277519226,0.7534000277519226,573.0
2025-06-26 14:07:00,TOVX,,0.42829999327659607,0.42829999327659607,0.42829999327659607,0.42829999327659607,0.0
2025-06-26 14:07:00,UAMY,,2.575000047683716,2.575000047683716,2.575000047683716,2.575000047683716,200.0
2025-06-26 14:07:00,UAVS,,1.1240999698638916,1.1299999952316284,1.1240999698638916,1.1299999952316284,851.0
2025-06-26 14:07:00,UEC,,6.945000171661377,6.949999809265137,6.940000057220459,6.9440999031066895,9632.0
2025-06-26 14:07:00,URG,,1.0399999618530273,1.045199990272522,1.0399999618530273,1.0449999570846558,13892.0
2025-06-26 14:07:00,USAS,,0.8354989886283875,0.8354989886283875,0.832099974155426,0.832099974155426,1101.0
2025-06-26 14:07:00,UUUU,,5.894999980926514,5.894999980926514,5.894599914550781,5.894599914550781,1716.0
2025-06-26 14:07:00,VGZ,,1.0292999744415283,1.0292999744415283,1.0292999744415283,1.0292999744415283,155.0
2025-06-26 14:08:00,AEON,,0.7609000205993652,0.7609000205993652,0.7609000205993652,0.7609000205993652,320.0
2025-06-26 14:08:00,APT,,4.699999809265137,4.699999809265137,4.699999809265137,4.699999809265137,792.0
2025-06-26 14:08:00,AREN,,5.760000228881836,5.760000228881836,5.760000228881836,5.760000228881836,117.0
2025-06-26 14:08:00,ARMN,,6.864999771118164,6.864999771118164,6.864999771118164,6.864999771118164,344.0
2025-06-26 14:08:00,ASM,,3.5350000858306885,3.5399999618530273,3.5299999713897705,3.5299999713897705,4347.0
2025-06-26 14:08:00,ATNM,,1.5549999475479126,1.5549999475479126,1.5549999475479126,1.5549999475479126,208.0
2025-06-26 14:08:00,BRBS,,3.2699999809265137,3.2750000953674316,3.2699999809265137,3.2699999809265137,3328.0
2025-06-26 14:08:00,BTG,,3.639400005340576,3.640000104904175,3.630000114440918,3.640000104904175,284208.0
2025-06-26 14:08:00,BURU,,0.33219999074935913,0.33230000734329224,0.33219999074935913,0.33230000734329224,15587.0
2025-06-26 14:08:00,CATX,,3.700000047683716,3.700000047683716,3.700000047683716,3.700000047683716,517.0
2025-06-26 14:08:00,CEF,,30.415000915527344,30.415000915527344,30.415000915527344,30.415000915527344,208.0
2025-06-26 14:08:00,CLM,,7.947400093078613,7.947400093078613,7.947400093078613,7.947400093078613,1002.0
2025-06-26 14:08:00,CQP,,55.98500061035156,56.08000183105469,55.98500061035156,55.98500061035156,610.0
2025-06-26 14:08:00,CRF,,7.554999828338623,7.554999828338623,7.554999828338623,7.554999828338623,662.0
2025-06-26 14:08:00,CTM,,1.0449999570846558,1.0449999570846558,1.0449999570846558,1.0449999570846558,100.0
2025-06-26 14:08:00,DC,,3.805000066757202,3.805000066757202,3.805000066757202,3.805000066757202,193.0
2025-06-26 14:08:00,DDC,,10.324999809265137,10.324999809265137,10.324999809265137,10.324999809265137,197.0
2025-06-26 14:08:00,DNN,,1.8250000476837158,1.8300000429153442,1.8250000476837158,1.8250000476837158,3037.0
2025-06-26 14:08:00,EPM,,4.769999980926514,4.769999980926514,4.769999980926514,4.769999980926514,41922.0
2025-06-26 14:08:00,EQX,,5.945000171661377,5.945000171661377,5.940400123596191,5.945000171661377,841.0
2025-06-26 14:08:00,ERC,,9.385000228881836,9.385000228881836,9.385000228881836,9.385000228881836,100.0
2025-06-26 14:08:00,ERH,,11.369999885559082,11.369999885559082,11.369999885559082,11.369999885559082,400.0
2025-06-26 14:08:00,EVV,,10.164999961853027,10.164999961853027,10.164999961853027,10.164999961853027,100.0
2025-06-26 14:08:00,FOXO,,0.20409999787807465,0.20409999787807465,0.20409999787807465,0.20409999787807465,785.0
2025-06-26 14:08:00,FURY,,0.4853000044822693,0.4853000044822693,0.4853000044822693,0.4853000044822693,100.0
2025-06-26 14:08:00,GBR,,1.090000033378601,1.090000033378601,1.090000033378601,1.090000033378601,300.0
2025-06-26 14:08:00,GNS,,1.159600019454956,1.1799999475479126,1.1399999856948853,1.1799999475479126,367199.0
2025-06-26 14:08:00,GORO,,0.5460000038146973,0.5460000038146973,0.5460000038146973,0.5460000038146973,174.0
2025-06-26 14:08:00,GROY,,2.2950000762939453,2.299999952316284,2.2950000762939453,2.299999952316284,542.0
2025-06-26 14:08:00,GTE,,5.03000020980835,5.03000020980835,5.019999980926514,5.03000020980835,3659.0
2025-06-26 14:08:00,HNW,,12.359999656677246,12.359999656677246,12.359999656677246,12.359999656677246,0.0
2025-06-26 14:08:00,HUSA,,13.026599884033203,13.026599884033203,13.026599884033203,13.026599884033203,428.0
2025-06-26 14:08:00,IE,,9.59000015258789,9.600000381469727,9.555000305175781,9.555000305175781,27264.0
2025-06-26 14:08:00,IMO,,81.31500244140625,81.34500122070312,81.30999755859375,81.34500122070312,744.0
2025-06-26 14:08:00,INDO,,3.1050000190734863,3.109999895095825,3.0999999046325684,3.109999895095825,4160.0
2025-06-26 14:08:00,INFU,,6.489999771118164,6.489999771118164,6.489999771118164,6.489999771118164,633.0
2025-06-26 14:08:00,ITP,,0.1859000027179718,0.1859000027179718,0.1859000027179718,0.1859000027179718,5000.0
2025-06-26 14:08:00,JOB,,0.20469999313354492,0.20469999313354492,0.20469999313354492,0.20469999313354492,311.0
2025-06-26 14:08:00,KNW,,1.9700000286102295,1.9900000095367432,1.9700000286102295,1.9900000095367432,201.0
2025-06-26 14:08:00,KULR,,5.144999980926514,5.150000095367432,5.144999980926514,5.150000095367432,1104.0
2025-06-26 14:08:00,LCTX,,1.003000020980835,1.0099999904632568,0.9977999925613403,0.9977999925613403,2872.0
2025-06-26 14:08:00,LEU,,175.11500549316406,175.11500549316406,174.97000122070312,175.05999755859375,1447.0
2025-06-26 14:08:00,LMND,,42.339298248291016,42.34000015258789,42.339298248291016,42.34000015258789,369.0
2025-06-26 14:08:00,LNG,,242.0800018310547,242.3000030517578,241.89999389648438,242.3000030517578,5899.0
2025-06-26 14:08:00,LSF,,6.170000076293945,6.170000076293945,6.170000076293945,6.170000076293945,110.0
2025-06-26 14:08:00,MAG,,21.420000076293945,21.420000076293945,21.420000076293945,21.420000076293945,1282.0
2025-06-26 14:08:00,MTNB,,0.9200000166893005,0.9200000166893005,0.9200000166893005,0.9200000166893005,288.0
2025-06-26 14:08:00,MXC,,9.302399635314941,9.302399635314941,9.302399635314941,9.302399635314941,258.0
2025-06-26 14:08:00,NAK,,1.5449999570846558,1.5499999523162842,1.5449999570846558,1.5499999523162842,720.0
2025-06-26 14:08:00,NBH,,9.795000076293945,9.795000076293945,9.795000076293945,9.795000076293945,100.0
2025-06-26 14:08:00,NCL,,0.18019999563694,0.18019999563694,0.18019999563694,0.18019999563694,1070.0
2025-06-26 14:08:00,NFGC,,1.4800000190734863,1.4800000190734863,1.4700000286102295,1.4700000286102295,944.0
2025-06-26 14:08:00,NG,,4.114999771118164,4.119999885559082,4.111000061035156,4.114999771118164,9564.0
2025-06-26 14:08:00,NGD,,4.914999961853027,4.920000076293945,4.909999847412109,4.909999847412109,16966.0
2025-06-26 14:08:00,OBE,,5.514999866485596,5.519999980926514,5.514999866485596,5.519999980926514,825.0
2025-06-26 14:08:00,OGEN,,3.444999933242798,3.444999933242798,3.309999942779541,3.4000000953674316,4967.0
2025-06-26 14:08:00,OPTT,,0.5141000151634216,0.5141000151634216,0.5139999985694885,0.5139999985694885,1204.0
2025-06-26 14:08:00,ORLA,,9.984999656677246,9.984999656677246,9.984999656677246,9.984999656677246,334.0
2025-06-26 14:08:00,PLX,,1.4850000143051147,1.4900000095367432,1.4850000143051147,1.4850000143051147,2109.0
2025-06-26 14:08:00,REI,,0.7777000069618225,0.778249979019165,0.7771000266075134,0.7781000137329102,20029.0
2025-06-26 14:08:00,RLGT,,6.019999980926514,6.03000020980835,6.019999980926514,6.03000020980835,514.0
2025-06-26 14:08:00,SATX,,2.9600000381469727,2.9600000381469727,2.9600000381469727,2.9600000381469727,2740.0
2025-06-26 14:08:00,SBEV,,3.549999952316284,3.549999952316284,3.549999952316284,3.549999952316284,225.0
2025-06-26 14:08:00,SEB,,2923.489990234375,2923.489990234375,2923.489990234375,2923.489990234375,1.0
2025-06-26 14:08:00,SENS,,0.49985000491142273,0.5,0.49985000491142273,0.4999000132083893,15132.0
2025-06-26 14:08:00,SGN,,1.1299999952316284,1.1299999952316284,1.1299999952316284,1.1299999952316284,1061.0
2025-06-26 14:08:00,SIF,,3.2674999237060547,3.2674999237060547,3.2674999237060547,3.2674999237060547,500.0
2025-06-26 14:08:00,SLI,,1.909999966621399,1.909999966621399,1.909999966621399,1.909999966621399,2027.0
2025-06-26 14:08:00,SOAR,,1.3805999755859375,1.3805999755859375,1.3805999755859375,1.3805999755859375,1038.0
2025-06-26 14:08:00,SVM,,4.190000057220459,4.190000057220459,4.179999828338623,4.180099964141846,15350.0
2025-06-26 14:08:00,TGB,,3.135200023651123,3.135200023651123,3.134999990463257,3.134999990463257,15665.0
2025-06-26 14:08:00,THM,,0.8842999935150146,0.8842999935150146,0.8842999935150146,0.8842999935150146,100.0
2025-06-26 14:08:00,TRX,,0.3368000090122223,0.3368000090122223,0.3368000090122223,0.3368000090122223,146.0
2025-06-26 14:08:00,UAMY,,2.575000047683716,2.5799999237060547,2.575000047683716,2.575000047683716,1484.0
2025-06-26 14:08:00,UAVS,,1.1299999952316284,1.1299999952316284,1.1299999952316284,1.1299999952316284,601.0
2025-06-26 14:08:00,UEC,,6.949999809265137,6.949999809265137,6.940000057220459,6.940000057220459,1915.0
2025-06-26 14:08:00,URG,,1.0449999570846558,1.0449999570846558,1.0399999618530273,1.0449999570846558,3131.0
2025-06-26 14:08:00,UUUU,,5.889999866485596,5.900000095367432,5.889999866485596,5.889999866485596,12476.0
2025-06-26 14:08:00,VTAK,,0.2522999942302704,0.2522999942302704,0.2522999942302704,0.2522999942302704,250.0
2025-06-26 14:08:00,VZLA,,2.9886999130249023,2.9886999130249023,2.984999895095825,2.984999895095825,2154.0
2025-06-26 14:08:00,WWR,,0.5959489941596985,0.5959489941596985,0.5959489941596985,0.5959489941596985,263.0
2025-06-26 14:09:00,AREN,,5.760000228881836,5.760000228881836,5.760000228881836,5.760000228881836,119.0
2025-06-26 14:09:00,ARMN,,6.864999771118164,6.864999771118164,6.860000133514404,6.860000133514404,1298.0
2025-06-26 14:09:00,ASM,,3.5350000858306885,3.5350000858306885,3.5350000858306885,3.5350000858306885,600.0
2025-06-26 14:09:00,BKTI,,54.619998931884766,54.619998931884766,54.619998931884766,54.619998931884766,149.0
2025-06-26 14:09:00,BRBS,,3.2699999809265137,3.2699999809265137,3.2699999809265137,3.2699999809265137,347.0
2025-06-26 14:09:00,BTG,,3.640000104904175,3.640000104904175,3.6308000087738037,3.640000104904175,48686.0
2025-06-26 14:09:00,BURU,,0.3338010013103485,0.3338010013103485,0.3312999904155731,0.3319000005722046,14908.0
2025-06-26 14:09:00,CATX,,3.7100000381469727,3.7100000381469727,3.700000047683716,3.700000047683716,3735.0
2025-06-26 14:09:00,CBOE,,228.1699981689453,228.1699981689453,228.1699981689453,228.1699981689453,781.0
2025-06-26 14:09:00,CIK,,2.940000057220459,2.940000057220459,2.940000057220459,2.940000057220459,115.0
2025-06-26 14:09:00,CLM,,7.944799900054932,7.949900150299072,7.944799900054932,7.949900150299072,2153.0
2025-06-26 14:09:00,COE,,32.9900016784668,32.9900016784668,32.9900016784668,32.9900016784668,0.0
2025-06-26 14:09:00,CQP,,55.9900016784668,56.06999969482422,55.9900016784668,56.06999969482422,905.0
2025-06-26 14:09:00,CRF,,7.554999828338623,7.554999828338623,7.554999828338623,7.554999828338623,100.0
2025-06-26 14:09:00,CTM,,1.0499999523162842,1.0499999523162842,1.0449999570846558,1.0449999570846558,230.0
2025-06-26 14:09:00,CYBN,,8.479999542236328,8.479999542236328,8.426600456237793,8.426600456237793,651.0
2025-06-26 14:09:00,DHY,,2.109999895095825,2.109999895095825,2.101599931716919,2.101599931716919,8571.0
2025-06-26 14:09:00,DNN,,1.8250000476837158,1.8300000429153442,1.8200000524520874,1.8250000476837158,4433.0
2025-06-26 14:09:00,ELMD,,21.290000915527344,21.290000915527344,21.290000915527344,21.290000915527344,109.0
2025-06-26 14:09:00,EQX,,5.935800075531006,5.940000057220459,5.929999828338623,5.940000057220459,260591.0
2025-06-26 14:09:00,EVM,,8.84000015258789,8.84000015258789,8.84000015258789,8.84000015258789,242.0
2025-06-26 14:09:00,FOXO,,0.20419999957084656,0.20419999957084656,0.20409999787807465,0.2041500061750412,5064.0
2025-06-26 14:09:00,FTF,,6.385000228881836,6.385000228881836,6.385000228881836,6.385000228881836,100.0
2025-06-26 14:09:00,GBR,,1.100000023841858,1.100000023841858,1.100000023841858,1.100000023841858,712.0
2025-06-26 14:09:00,GGN,,4.385000228881836,4.385000228881836,4.385000228881836,4.385000228881836,140.0
2025-06-26 14:09:00,GLDG,,0.7440009713172913,0.7452999949455261,0.7440000176429749,0.7440000176429749,12655.0
2025-06-26 14:09:00,GNS,,1.190000057220459,1.2000000476837158,1.149999976158142,1.1598999500274658,453280.0
2025-06-26 14:09:00,GROY,,2.2950000762939453,2.299999952316284,2.2950000762939453,2.299999952316284,238.0
2025-06-26 14:09:00,IBO,,0.9943000078201294,0.9943000078201294,0.9943000078201294,0.9943000078201294,1783.0
2025-06-26 14:09:00,IDR,,13.126199722290039,13.126199722290039,13.126199722290039,13.126199722290039,230.0
2025-06-26 14:09:00,IE,,9.574999809265137,9.590800285339355,9.5600004196167,9.590800285339355,2162.0
2025-06-26 14:09:00,IMO,,81.26000213623047,81.26000213623047,81.26000213623047,81.26000213623047,139.0
2025-06-26 14:09:00,INDO,,3.0999999046325684,3.0999999046325684,3.0999999046325684,3.0999999046325684,1002.0
2025-06-26 14:09:00,ITP,,0.1859000027179718,0.1859000027179718,0.1859000027179718,0.1859000027179718,2733.0
2025-06-26 14:09:00,ITRG,,1.5398999452590942,1.5398999452590942,1.5398999452590942,1.5398999452590942,1100.0
2025-06-26 14:09:00,KNW,,1.9900000095367432,1.9900000095367432,1.9700000286102295,1.9700000286102295,890.0
2025-06-26 14:09:00,KULR,,5.103700160980225,5.150000095367432,5.103700160980225,5.140100002288818,16606.0
2025-06-26 14:09:00,LCTX,,1.0099999904632568,1.0099999904632568,1.0099999904632568,1.0099999904632568,208.0
2025-06-26 14:09:00,LEU,,174.8699951171875,174.8699951171875,174.8300018310547,174.8699951171875,802.0
2025-06-26 14:09:00,LMND,,42.38999938964844,42.38999938964844,42.33000183105469,42.33000183105469,3862.0
2025-06-26 14:09:00,LNG,,241.93499755859375,242.05499267578125,241.93499755859375,242.05499267578125,4235.0
2025-06-26 14:09:00,LSF,,6.170000076293945,6.170000076293945,6.170000076293945,6.170000076293945,224.0
2025-06-26 14:09:00,MAG,,21.415000915527344,21.420000076293945,21.415000915527344,21.420000076293945,2753.0
2025-06-26 14:09:00,MGLD,,0.9300000071525574,0.9300000071525574,0.9300000071525574,0.9300000071525574,328.0
2025-06-26 14:09:00,MYO,,2.2300000190734863,2.2300000190734863,2.2300000190734863,2.2300000190734863,213.0
2025-06-26 14:09:00,NAK,,1.5449999570846558,1.5499000549316406,1.5399999618530273,1.5449999570846558,16137.0
2025-06-26 14:09:00,NFGC,,1.475000023841858,1.475000023841858,1.475000023841858,1.475000023841858,159.0
2025-06-26 14:09:00,NG,,4.110000133514404,4.114999771118164,4.110000133514404,4.114999771118164,4750.0
2025-06-26 14:09:00,NGD,,4.914999961853027,4.918799877166748,4.909999847412109,4.914999961853027,6197.0
2025-06-26 14:09:00,OPTT,,0.5141000151634216,0.5141000151634216,0.5140860080718994,0.5140860080718994,2163.0
2025-06-26 14:09:00,ORLA,,9.984999656677246,9.984999656677246,9.984999656677246,9.984999656677246,208.0
2025-06-26 14:09:00,OSTX,,1.8200000524520874,1.8200000524520874,1.8200000524520874,1.8200000524520874,300.0
2025-06-26 14:09:00,PLG,,1.6299999952316284,1.6299999952316284,1.6299999952316284,1.6299999952316284,1010.0
2025-06-26 14:09:00,PLX,,1.4850000143051147,1.4850000143051147,1.4850000143051147,1.4850000143051147,312.0
2025-06-26 14:09:00,PW,,1.0992000102996826,1.0992000102996826,1.0992000102996826,1.0992000102996826,0.0
2025-06-26 14:09:00,REI,,0.776199996471405,0.7771009802818298,0.776199996471405,0.7771009802818298,5853.0
2025-06-26 14:09:00,SENS,,0.4998140037059784,0.4998140037059784,0.4998140037059784,0.4998140037059784,3087.0
2025-06-26 14:09:00,STXS,,2.2149999141693115,2.2149999141693115,2.2149999141693115,2.2149999141693115,185.0
2025-06-26 14:09:00,SVM,,4.179999828338623,4.179999828338623,4.179999828338623,4.179999828338623,1119.0
2025-06-26 14:09:00,TGB,,3.135200023651123,3.135200023651123,3.135200023651123,3.135200023651123,361.0
2025-06-26 14:09:00,TPET,,1.179800033569336,1.179800033569336,1.179800033569336,1.179800033569336,100.0
2025-06-26 14:09:00,UAMY,,2.575000047683716,2.575000047683716,2.575000047683716,2.575000047683716,326.0
2025-06-26 14:09:00,UAVS,,1.1399999856948853,1.1399999856948853,1.1299999952316284,1.1299999952316284,16056.0
2025-06-26 14:09:00,UEC,,6.940000057220459,6.949999809265137,6.940000057220459,6.948999881744385,19520.0
2025-06-26 14:09:00,URG,,1.0399999618530273,1.0449999570846558,1.0399999618530273,1.0399999618530273,2125.0
2025-06-26 14:09:00,USAS,,0.8379999995231628,0.8379999995231628,0.8379999995231628,0.8379999995231628,5060.0
2025-06-26 14:09:00,UUUU,,5.894999980926514,5.898099899291992,5.889999866485596,5.889999866485596,4824.0
2025-06-26 14:09:00,VZLA,,2.9800000190734863,2.984999895095825,2.9800000190734863,2.9800000190734863,5918.0
2025-06-26 14:09:00,ZDGE,,3.8499999046325684,3.8499999046325684,3.8499999046325684,3.8499999046325684,191.0
2025-06-26 14:10:00,AREN,,5.760000228881836,5.760000228881836,5.760000228881836,5.760000228881836,117.0
2025-06-26 14:10:00,ARMN,,6.860000133514404,6.860000133514404,6.860000133514404,6.860000133514404,300.0
2025-06-26 14:10:00,ASM,,3.539799928665161,3.5399999618530273,3.5299999713897705,3.5350000858306885,44496.0
2025-06-26 14:10:00,ATNM,,1.5549999475479126,1.5549999475479126,1.5549999475479126,1.5549999475479126,360.0
2025-06-26 14:10:00,AZTR,,0.25863900780677795,0.25863900780677795,0.25863900780677795,0.25863900780677795,102.0
2025-06-26 14:10:00,BEEP,,4.139999866485596,4.139999866485596,4.126800060272217,4.126800060272217,2681.0
2025-06-26 14:10:00,BRBS,,3.2699999809265137,3.2699999809265137,3.2699999809265137,3.2699999809265137,205.0
2025-06-26 14:10:00,BTG,,3.640000104904175,3.640000104904175,3.634999990463257,3.639899969100952,4452.0
2025-06-26 14:10:00,BURU,,0.33379998803138733,0.33379998803138733,0.33379998803138733,0.33379998803138733,1720.0
2025-06-26 14:10:00,CEF,,30.416000366210938,30.416000366210938,30.416000366210938,30.416000366210938,574.0
2025-06-26 14:10:00,CLDI,,0.2224999964237213,0.2224999964237213,0.2224999964237213,0.2224999964237213,300.0
2025-06-26 14:10:00,CLM,,7.945000171661377,7.945000171661377,7.945000171661377,7.945000171661377,104.0
2025-06-26 14:10:00,CQP,,55.9900016784668,56.029998779296875,55.9900016784668,56.029998779296875,200.0
2025-06-26 14:10:00,CRF,,7.554999828338623,7.554999828338623,7.550000190734863,7.550099849700928,2765.0
2025-06-26 14:10:00,CTM,,1.0449999570846558,1.0449999570846558,1.0449999570846558,1.0449999570846558,200.0
2025-06-26 14:10:00,CVM,,2.430000066757202,2.430000066757202,2.430000066757202,2.430000066757202,350.0
2025-06-26 14:10:00,CYBN,,8.4399995803833,8.4399995803833,8.4399995803833,8.4399995803833,1026.0
2025-06-26 14:10:00,DNN,,1.8300000429153442,1.8300000429153442,1.8250000476837158,1.8300000429153442,18976.0
2025-06-26 14:10:00,ELMD,,21.21500015258789,21.21500015258789,21.21500015258789,21.21500015258789,394.0
2025-06-26 14:10:00,EPM,,4.760000228881836,4.760000228881836,4.760000228881836,4.760000228881836,210.0
2025-06-26 14:10:00,EQX,,5.934999942779541,5.934999942779541,5.933499813079834,5.934999942779541,1321.0
2025-06-26 14:10:00,ERC,,9.385000228881836,9.385000228881836,9.385000228881836,9.385000228881836,100.0
2025-06-26 14:10:00,FURY,,0.4812000095844269,0.4812000095844269,0.4812000095844269,0.4812000095844269,2702.0
2025-06-26 14:10:00,GAU,,1.284999966621399,1.284999966621399,1.284999966621399,1.284999966621399,0.0
2025-06-26 14:10:00,GGN,,4.385000228881836,4.389999866485596,4.385000228881836,4.385000228881836,7202.0
2025-06-26 14:10:00,GLDG,,0.7457000017166138,0.7457000017166138,0.7457000017166138,0.7457000017166138,268.0
2025-06-26 14:10:00,GNS,,1.1302000284194946,1.190000057220459,1.1299999952316284,1.1699999570846558,243241.0
2025-06-26 14:10:00,GROY,,2.2987000942230225,2.2987000942230225,2.2950000762939453,2.2950000762939453,802.0
2025-06-26 14:10:00,GSAT,,23.19070053100586,23.19070053100586,23.19070053100586,23.19070053100586,324.0
2025-06-26 14:10:00,GTE,,5.0320000648498535,5.0320000648498535,5.0320000648498535,5.0320000648498535,103901.0
2025-06-26 14:10:00,IBO,,0.9878000020980835,0.9943000078201294,0.9878000020980835,0.9943000078201294,2390.0
2025-06-26 14:10:00,IDR,,13.109999656677246,13.109999656677246,13.109999656677246,13.109999656677246,104.0
2025-06-26 14:10:00,IE,,9.574999809265137,9.574999809265137,9.571249961853027,9.571249961853027,1012.0
2025-06-26 14:10:00,INDO,,3.0999999046325684,3.109999895095825,3.0999999046325684,3.109999895095825,2500.0
2025-06-26 14:10:00,INFU,,6.489999771118164,6.489999771118164,6.489999771118164,6.489999771118164,1534.0
2025-06-26 14:10:00,ITRG,,1.5300999879837036,1.5300999879837036,1.5300999879837036,1.5300999879837036,159.0
2025-06-26 14:10:00,JOB,,0.20469999313354492,0.20469999313354492,0.20469999313354492,0.20469999313354492,417.0
2025-06-26 14:10:00,KNW,,1.975000023841858,1.975000023841858,1.975000023841858,1.975000023841858,102.0
2025-06-26 14:10:00,KULR,,5.105000019073486,5.110000133514404,5.10099983215332,5.1097002029418945,2402.0
2025-06-26 14:10:00,LCTX,,1.0099999904632568,1.0099999904632568,1.0024000406265259,1.0024000406265259,719.0
2025-06-26 14:10:00,LEU,,174.53500366210938,174.75,174.4600067138672,174.75,2570.0
2025-06-26 14:10:00,LMND,,42.415000915527344,42.43000030517578,42.415000915527344,42.43000030517578,272.0
2025-06-26 14:10:00,LNG,,242.13499450683594,242.19000244140625,241.93499755859375,241.9600067138672,6733.0
2025-06-26 14:10:00,LODE,,3.7304000854492188,3.7304000854492188,3.7304000854492188,3.7304000854492188,127.0
2025-06-26 14:10:00,MAG,,21.440000534057617,21.440000534057617,21.420000076293945,21.420000076293945,5751.0
2025-06-26 14:10:00,MTA,,3.8891000747680664,3.889899969100952,3.8891000747680664,3.889899969100952,631.0
2025-06-26 14:10:00,MYO,,2.2300000190734863,2.2300000190734863,2.2300000190734863,2.2300000190734863,179.0
2025-06-26 14:10:00,NAK,,1.5449999570846558,1.5455000400543213,1.5449999570846558,1.5455000400543213,814.0
2025-06-26 14:10:00,NBH,,9.795000076293945,9.795000076293945,9.795000076293945,9.795000076293945,100.0
2025-06-26 14:10:00,NG,,4.114999771118164,4.119999885559082,4.111000061035156,4.114999771118164,4355.0
2025-06-26 14:10:00,NGD,,4.920000076293945,4.920000076293945,4.909999847412109,4.914999961853027,17674.0
2025-06-26 14:10:00,NRO,,3.190000057220459,3.190000057220459,3.190000057220459,3.190000057220459,400.0
2025-06-26 14:10:00,OBE,,5.510000228881836,5.510799884796143,5.510000228881836,5.510799884796143,4102.0
2025-06-26 14:10:00,OPTT,,0.5134000182151794,0.5140500068664551,0.5127000212669373,0.5140500068664551,11161.0
2025-06-26 14:10:00,ORLA,,9.984999656677246,9.989999771118164,9.975000381469727,9.979999542236328,7879.0
2025-06-26 14:10:00,PHGE,,0.460099995136261,0.460099995136261,0.460099995136261,0.460099995136261,1207.0
2025-06-26 14:10:00,PLMR,,151.8300018310547,151.8300018310547,151.8300018310547,151.8300018310547,516.0
2025-06-26 14:10:00,PLX,,1.4850000143051147,1.4850000143051147,1.4850000143051147,1.4850000143051147,936.0
2025-06-26 14:10:00,REI,,0.776199996471405,0.7763500213623047,0.776199996471405,0.776199996471405,6270.0
2025-06-26 14:10:00,RLGT,,6.03000020980835,6.03000020980835,6.03000020980835,6.03000020980835,889.0
2025-06-26 14:10:00,SENS,,0.4997999966144562,0.4997999966144562,0.4997999966144562,0.4997999966144562,1927.0
2025-06-26 14:10:00,SGN,,1.1303999423980713,1.1303999423980713,1.1303999423980713,1.1303999423980713,171.0
2025-06-26 14:10:00,SIF,,3.299999952316284,3.299999952316284,3.299999952316284,3.299999952316284,0.0
2025-06-26 14:10:00,SLI,,1.9149999618530273,1.9149999618530273,1.9149999618530273,1.9149999618530273,776.0
2025-06-26 14:10:00,SVM,,4.179999828338623,4.184999942779541,4.179999828338623,4.179999828338623,1951.0
2025-06-26 14:10:00,THM,,0.8894000053405762,0.8894000053405762,0.8894000053405762,0.8894000053405762,0.0
2025-06-26 14:10:00,TMQ,,1.4800000190734863,1.4800000190734863,1.4800000190734863,1.4800000190734863,300.0
2025-06-26 14:10:00,TOON,,0.756600022315979,0.756600022315979,0.756600022315979,0.756600022315979,1355.0
2025-06-26 14:10:00,UAMY,,2.5748000144958496,2.5748000144958496,2.5748000144958496,2.5748000144958496,355.0
2025-06-26 14:10:00,UAVS,,1.1449999809265137,1.1503000259399414,1.1369999647140503,1.1399999856948853,61180.0
2025-06-26 14:10:00,UEC,,6.945000171661377,6.949999809265137,6.942200183868408,6.945000171661377,3780.0
2025-06-26 14:10:00,URG,,1.0449999570846558,1.0499999523162842,1.0399999618530273,1.0499999523162842,10198.0
2025-06-26 14:10:00,USAS,,0.8359990119934082,0.8359990119934082,0.8359990119934082,0.8359990119934082,316.0
2025-06-26 14:10:00,UTG,,35.47999954223633,35.47999954223633,35.47999954223633,35.47999954223633,430.0
2025-06-26 14:10:00,UUUU,,5.900000095367432,5.900000095367432,5.894999980926514,5.900000095367432,10147.0
2025-06-26 14:10:00,VTAK,,0.25201600790023804,0.25220000743865967,0.25201600790023804,0.25220000743865967,310.0
2025-06-26 14:10:00,VZLA,,2.984999895095825,2.984999895095825,2.984999895095825,2.984999895095825,2396.0
2025-06-26 14:10:00,WWR,,0.5999000072479248,0.6000000238418579,0.597599983215332,0.6000000238418579,1600.0
2025-06-26 14:10:00,WYY,,3.3459999561309814,3.3459999561309814,3.3459999561309814,3.3459999561309814,196.0
2025-06-26 14:11:00,AREN,,5.730000019073486,5.730000019073486,5.730000019073486,5.730000019073486,127.0
2025-06-26 14:11:00,ARMN,,6.864999771118164,6.864999771118164,6.864999771118164,6.864999771118164,574.0
2025-06-26 14:11:00,ASM,,3.5350000858306885,3.5350000858306885,3.5350000858306885,3.5350000858306885,308.0
2025-06-26 14:11:00,ATNM,,1.5549999475479126,1.5549999475479126,1.5549999475479126,1.5549999475479126,195.0
2025-06-26 14:11:00,AZTR,,0.2599000036716461,0.2599000036716461,0.2599000036716461,0.2599000036716461,700.0
2025-06-26 14:11:00,BRBS,,3.2699999809265137,3.2750000953674316,3.2699999809265137,3.2750000953674316,675.0
2025-06-26 14:11:00,BTG,,3.6398000717163086,3.640000104904175,3.630000114440918,3.634999990463257,72878.0
2025-06-26 14:11:00,BURU,,0.33090001344680786,0.3337000012397766,0.33079999685287476,0.3337000012397766,5742.0
2025-06-26 14:11:00,CLDI,,0.2298000007867813,0.23000000417232513,0.2298000007867813,0.23000000417232513,300.0
2025-06-26 14:11:00,CQP,,56.040000915527344,56.06999969482422,55.97999954223633,55.9900016784668,900.0
2025-06-26 14:11:00,CTM,,1.0449999570846558,1.0449999570846558,1.0449999570846558,1.0449999570846558,100.0
2025-06-26 14:11:00,CYBN,,8.4350004196167,8.469900131225586,8.4350004196167,8.469900131225586,1317.0
2025-06-26 14:11:00,DHY,,2.109999895095825,2.109999895095825,2.101599931716919,2.101599931716919,8979.0
2025-06-26 14:11:00,DNN,,1.8250000476837158,1.8300000429153442,1.8200000524520874,1.8300000429153442,47458.0
2025-06-26 14:11:00,ELMD,,21.290000915527344,21.290000915527344,21.290000915527344,21.290000915527344,104.0
2025-06-26 14:11:00,EQX,,5.934999942779541,5.934999942779541,5.934999942779541,5.934999942779541,5329.0
2025-06-26 14:11:00,FOXO,,0.20409999787807465,0.20409999787807465,0.20409999787807465,0.20409999787807465,1000.0
2025-06-26 14:11:00,FSP,,1.690000057220459,1.690000057220459,1.690000057220459,1.690000057220459,100.0
2025-06-26 14:11:00,FTF,,6.385000228881836,6.385000228881836,6.385000228881836,6.385000228881836,0.0
2025-06-26 14:11:00,FURY,,0.4878000020980835,0.4878000020980835,0.4878000020980835,0.4878000020980835,600.0
2025-06-26 14:11:00,GLDG,,0.7457000017166138,0.7457000017166138,0.7457000017166138,0.7457000017166138,550.0
2025-06-26 14:11:00,GNS,,1.0908000469207764,1.1399999856948853,1.0700000524520874,1.1398999691009521,449965.0
2025-06-26 14:11:00,GORO,,0.5400999784469604,0.5400999784469604,0.5400999784469604,0.5400999784469604,100.0
2025-06-26 14:11:00,GROY,,2.2953999042510986,2.299999952316284,2.2899999618530273,2.2950000762939453,1609.0
2025-06-26 14:11:00,IBO,,0.9876999855041504,0.9876999855041504,0.9876999855041504,0.9876999855041504,549.0
2025-06-26 14:11:00,IE,,9.577500343322754,9.577500343322754,9.574999809265137,9.574999809265137,538.0
2025-06-26 14:11:00,IGC,,0.30880001187324524,0.3100000023841858,0.30820000171661377,0.30820000171661377,1100.0
2025-06-26 14:11:00,IMO,,81.26499938964844,81.27999877929688,81.26499938964844,81.27999877929688,327.0
2025-06-26 14:11:00,INDO,,3.1050000190734863,3.109999895095825,3.0999999046325684,3.109999895095825,573.0
2025-06-26 14:11:00,ITRG,,1.534999966621399,1.534999966621399,1.5299999713897705,1.5299999713897705,10000.0
2025-06-26 14:11:00,KNW,,1.9602999687194824,1.9602999687194824,1.9602999687194824,1.9602999687194824,621.0
2025-06-26 14:11:00,KULR,,5.109899997711182,5.110000133514404,5.10129976272583,5.105000019073486,1865.0
2025-06-26 14:11:00,LCTX,,1.0041999816894531,1.0041999816894531,0.9983999729156494,0.9983999729156494,18895.0
2025-06-26 14:11:00,LEU,,174.7949981689453,174.7949981689453,174.60000610351562,174.75,1359.0
2025-06-26 14:11:00,LGL,,7.210000038146973,7.210000038146973,7.210000038146973,7.210000038146973,106.0
2025-06-26 14:11:00,LMND,,42.442901611328125,42.442901611328125,42.415000915527344,42.415000915527344,1079.0
2025-06-26 14:11:00,LNG,,242.22500610351562,242.22500610351562,242.22000122070312,242.22500610351562,1741.0
2025-06-26 14:11:00,LODE,,3.7300000190734863,3.7300000190734863,3.7300000190734863,3.7300000190734863,164.0
2025-06-26 14:11:00,MAG,,21.440000534057617,21.449899673461914,21.440000534057617,21.449899673461914,706.0
2025-06-26 14:11:00,MHH,,6.949999809265137,6.949999809265137,6.949999809265137,6.949999809265137,572.0
2025-06-26 14:11:00,MYO,,2.234999895095825,2.234999895095825,2.234999895095825,2.234999895095825,236.0
2025-06-26 14:11:00,NAK,,1.5449999570846558,1.5498000383377075,1.5399999618530273,1.5469000339508057,16524.0
2025-06-26 14:11:00,NG,,4.114999771118164,4.119999885559082,4.111000061035156,4.114999771118164,3418.0
2025-06-26 14:11:00,NGD,,4.919899940490723,4.919899940490723,4.909999847412109,4.914999961853027,24481.0
2025-06-26 14:11:00,NHC,,107.56999969482422,107.56999969482422,107.56999969482422,107.56999969482422,117.0
2025-06-26 14:11:00,OPTT,,0.5130500197410583,0.5130500197410583,0.5127000212669373,0.5127999782562256,759.0
2025-06-26 14:11:00,OSTX,,1.8700000047683716,1.8700000047683716,1.8700000047683716,1.8700000047683716,418.0
2025-06-26 14:11:00,PLMR,,151.8300018310547,151.8300018310547,151.82000732421875,151.82000732421875,1035.0
2025-06-26 14:11:00,PRK,,166.13999938964844,166.13999938964844,166.13999938964844,166.13999938964844,511.0
2025-06-26 14:11:00,REI,,0.7720999717712402,0.776199996471405,0.7720999717712402,0.776199996471405,13746.0
2025-06-26 14:11:00,SATX,,2.9600000381469727,2.9600000381469727,2.9600000381469727,2.9600000381469727,200.0
2025-06-26 14:11:00,SBEV,,3.549999952316284,3.549999952316284,3.549999952316284,3.549999952316284,797.0
2025-06-26 14:11:00,SENS,,0.4997999966144562,0.4997999966144562,0.49970000982284546,0.49970000982284546,545.0
2025-06-26 14:11:00,SLI,,1.9149999618530273,1.9149999618530273,1.9149999618530273,1.9149999618530273,126.0
2025-06-26 14:11:00,SVM,,4.184999942779541,4.190000057220459,4.179999828338623,4.184999942779541,22395.0
2025-06-26 14:11:00,TGB,,3.130000114440918,3.134999990463257,3.130000114440918,3.130000114440918,9069.0
2025-06-26 14:11:00,UAMY,,2.575000047683716,2.5799999237060547,2.575000047683716,2.575000047683716,1181.0
2025-06-26 14:11:00,UAVS,,1.1399999856948853,1.149999976158142,1.1399999856948853,1.149999976158142,5609.0
2025-06-26 14:11:00,UEC,,6.965400218963623,6.96999979019165,6.940700054168701,6.949999809265137,72607.0
2025-06-26 14:11:00,URG,,1.0449999570846558,1.0449999570846558,1.0399999618530273,1.0399999618530273,2026.0
2025-06-26 14:11:00,USAS,,0.8321999907493591,0.8324000239372253,0.8321999907493591,0.8324000239372253,376.0
2025-06-26 14:11:00,UTG,,35.47999954223633,35.47999954223633,35.47999954223633,35.47999954223633,136.0
2025-06-26 14:11:00,UUUU,,5.894999980926514,5.900000095367432,5.894999980926514,5.8993000984191895,30738.0
2025-06-26 14:11:00,VKI,,8.220000267028809,8.220000267028809,8.220000267028809,8.220000267028809,100.0
2025-06-26 14:11:00,VZLA,,2.984999895095825,2.984999895095825,2.984999895095825,2.984999895095825,102.0
2025-06-26 14:11:00,WWR,,0.5970500111579895,0.5970500111579895,0.5958999991416931,0.5958999991416931,385.0
2025-06-26 14:11:00,WYY,,3.3499999046325684,3.3499999046325684,3.3499999046325684,3.3499999046325684,169.0
2025-06-26 14:12:00,AREN,,5.702300071716309,5.702300071716309,5.702300071716309,5.702300071716309,2002.0
2025-06-26 14:12:00,ARMN,,6.864999771118164,6.864999771118164,6.864999771118164,6.864999771118164,437031.0
2025-06-26 14:12:00,ATNM,,1.5549999475479126,1.5549999475479126,1.5549999475479126,1.5549999475479126,165.0
2025-06-26 14:12:00,BEEP,,4.244999885559082,4.244999885559082,4.244999885559082,4.244999885559082,143.0
2025-06-26 14:12:00,BRBS,,3.2699999809265137,3.2750000953674316,3.2699999809265137,3.2699999809265137,569.0
2025-06-26 14:12:00,BTG,,3.634999990463257,3.640000104904175,3.630000114440918,3.640000104904175,116204.0
2025-06-26 14:12:00,BURU,,0.33215001225471497,0.33215001225471497,0.33070001006126404,0.33079999685287476,7447.0
2025-06-26 14:12:00,CATX,,3.700000047683716,3.7100000381469727,3.690000057220459,3.700000047683716,3290.0
2025-06-26 14:12:00,CBOE,,228.08999633789062,228.08999633789062,228.08999633789062,228.08999633789062,566.0
2025-06-26 14:12:00,CEF,,30.415000915527344,30.420000076293945,30.415000915527344,30.420000076293945,1003.0
2025-06-26 14:12:00,CLDI,,0.22939999401569366,0.2296999990940094,0.22939999401569366,0.2296999990940094,400.0
2025-06-26 14:12:00,CLM,,7.949999809265137,7.949999809265137,7.942800045013428,7.949999809265137,1101.0
2025-06-26 14:12:00,CMT,,17.170000076293945,17.170000076293945,17.170000076293945,17.170000076293945,155.0
2025-06-26 14:12:00,CQP,,55.970001220703125,56.08000183105469,55.970001220703125,55.9900016784668,412.0
2025-06-26 14:12:00,CRF,,7.557600021362305,7.557600021362305,7.557600021362305,7.557600021362305,100.0
2025-06-26 14:12:00,CTM,,1.0449999570846558,1.0449999570846558,1.0449999570846558,1.0449999570846558,101.0
2025-06-26 14:12:00,DHY,,2.1050000190734863,2.1050000190734863,2.1050000190734863,2.1050000190734863,196.0
2025-06-26 14:12:00,DNN,,1.8300000429153442,1.8300000429153442,1.8200000524520874,1.8300000429153442,106475284.0
2025-06-26 14:12:00,ELMD,,21.1299991607666,21.1299991607666,21.1299991607666,21.1299991607666,461.0
2025-06-26 14:12:00,EMX,,2.555000066757202,2.555000066757202,2.555000066757202,2.555000066757202,120.0
2025-06-26 14:12:00,EPM,,4.769999980926514,4.769999980926514,4.760000228881836,4.760000228881836,346.0
2025-06-26 14:12:00,EQX,,5.934999942779541,5.934999942779541,5.929999828338623,5.934999942779541,8345.0
2025-06-26 14:12:00,ESP,,45.4010009765625,45.4010009765625,45.4010009765625,45.4010009765625,212.0
2025-06-26 14:12:00,EVV,,10.164999961853027,10.164999961853027,10.164999961853027,10.164999961853027,0.0
2025-06-26 14:12:00,FOXO,,0.2041500061750412,0.2041500061750412,0.2041500061750412,0.2041500061750412,203.0
2025-06-26 14:12:00,GGN,,4.385000228881836,4.385000228881836,4.385000228881836,4.385000228881836,100.0
2025-06-26 14:12:00,GLDG,,0.7443000078201294,0.7443000078201294,0.7443000078201294,0.7443000078201294,8789.0
2025-06-26 14:12:00,GNS,,1.1193000078201294,1.1198999881744385,1.0800000429153442,1.0999000072479248,232618.0
2025-06-26 14:12:00,GORO,,0.5400999784469604,0.5400999784469604,0.5400999784469604,0.5400999784469604,100.0
2025-06-26 14:12:00,GROY,,2.2899999618530273,2.2950000762939453,2.2799999713897705,2.2950000762939453,41258.0
2025-06-26 14:12:00,GSAT,,23.225000381469727,23.225000381469727,23.225000381469727,23.225000381469727,344.0
2025-06-26 14:12:00,IE,,9.550000190734863,9.574999809265137,9.539999961853027,9.574999809265137,2154.0
2025-06-26 14:12:00,IGC,,0.3087489902973175,0.3087489902973175,0.3087489902973175,0.3087489902973175,0.0
2025-06-26 14:12:00,IMO,,81.26499938964844,81.26499938964844,81.26499938964844,81.26499938964844,190.0
2025-06-26 14:12:00,INDO,,3.109999895095825,3.109999895095825,3.1001999378204346,3.1001999378204346,2735.0
2025-06-26 14:12:00,INUV,,3.924999952316284,3.924999952316284,3.924999952316284,3.924999952316284,515.0
2025-06-26 14:12:00,ITP,,0.1859000027179718,0.1859000027179718,0.1859000027179718,0.1859000027179718,492.0
2025-06-26 14:12:00,ITRG,,1.5299999713897705,1.5299999713897705,1.5299999713897705,1.5299999713897705,125.0
2025-06-26 14:12:00,KULR,,5.105000019073486,5.110000133514404,5.104599952697754,5.105000019073486,1007.0
2025-06-26 14:12:00,LCTX,,1.0042500495910645,1.0099999904632568,0.9984999895095825,0.9984999895095825,1501.0
2025-06-26 14:12:00,LEU,,175.30999755859375,175.36639404296875,174.62010192871094,175.2899932861328,872.0
2025-06-26 14:12:00,LMND,,42.439998626708984,42.459999084472656,42.42499923706055,42.439998626708984,7886.0
2025-06-26 14:12:00,LNG,,242.1750030517578,242.18499755859375,242.0800018310547,242.1199951171875,4544.0
2025-06-26 14:12:00,MTA,,3.890000104904175,3.890000104904175,3.890000104904175,3.890000104904175,551.0
2025-06-26 14:12:00,MYO,,2.2353999614715576,2.2353999614715576,2.2353999614715576,2.2353999614715576,553.0
2025-06-26 14:12:00,NAK,,1.5458999872207642,1.5499999523162842,1.5399999618530273,1.5499999523162842,5104.0
2025-06-26 14:12:00,NCL,,0.18019999563694,0.18019999563694,0.18019999563694,0.18019999563694,103.0
2025-06-26 14:12:00,NFGC,,1.4759999513626099,1.4759999513626099,1.4700000286102295,1.4700000286102295,746.0
2025-06-26 14:12:00,NG,,4.114999771118164,4.119999885559082,4.111000061035156,4.111000061035156,2849.0
2025-06-26 14:12:00,NGD,,4.914999961853027,4.914999961853027,4.914999961853027,4.914999961853027,1751.0
2025-06-26 14:12:00,NML,,8.835000038146973,8.835000038146973,8.835000038146973,8.835000038146973,200.0
2025-06-26 14:12:00,OBE,,5.510000228881836,5.510000228881836,5.510000228881836,5.510000228881836,103.0
2025-06-26 14:12:00,OPTT,,0.5130500197410583,0.5130500197410583,0.5130500197410583,0.5130500197410583,128.0
2025-06-26 14:12:00,ORLA,,9.991000175476074,9.994999885559082,9.989999771118164,9.991000175476074,1124.0
2025-06-26 14:12:00,PZG,,0.6098489761352539,0.6098489761352539,0.6098489761352539,0.6098489761352539,0.0
2025-06-26 14:12:00,REI,,0.7718999981880188,0.7735000252723694,0.7706000208854675,0.7723000049591064,34311.0
2025-06-26 14:12:00,SATX,,2.9600000381469727,2.9600000381469727,2.9600000381469727,2.9600000381469727,804.0
2025-06-26 14:12:00,SBEV,,3.549999952316284,3.549999952316284,3.549999952316284,3.549999952316284,264.0
2025-06-26 14:12:00,SENS,,0.49970000982284546,0.4997999966144562,0.49959999322891235,0.4997999966144562,3411.0
2025-06-26 14:12:00,SLI,,1.916700005531311,1.916700005531311,1.916700005531311,1.916700005531311,455.0
2025-06-26 14:12:00,SOAR,,1.3897000551223755,1.3897000551223755,1.3897000551223755,1.3897000551223755,1007.0
2025-06-26 14:12:00,STRW,,10.75,10.75,10.75,10.75,241.0
2025-06-26 14:12:00,STXS,,2.2149999141693115,2.2149999141693115,2.2100000381469727,2.2100000381469727,323.0
2025-06-26 14:12:00,SVM,,4.184999942779541,4.184999942779541,4.184999942779541,4.184999942779541,4467974.0
2025-06-26 14:12:00,TGB,,3.134999990463257,3.134999990463257,3.1301000118255615,3.1301000118255615,6167.0
2025-06-26 14:12:00,TOON,,0.7501000165939331,0.7501000165939331,0.7501000165939331,0.7501000165939331,100.0
2025-06-26 14:12:00,TPET,,1.1749999523162842,1.1799999475479126,1.1749999523162842,1.1799999475479126,872.0
2025-06-26 14:12:00,UAVS,,1.1449999809265137,1.1449999809265137,1.1449999809265137,1.1449999809265137,1144.0
2025-06-26 14:12:00,UEC,,6.954999923706055,6.96999979019165,6.954999923706055,6.965000152587891,16879.0
2025-06-26 14:12:00,URG,,1.0449999570846558,1.0449999570846558,1.0399999618530273,1.0399999618530273,4393.0
2025-06-26 14:12:00,UUUU,,5.894999980926514,5.900000095367432,5.894999980926514,5.900000095367432,5180.0
2025-06-26 14:12:00,VTAK,,0.25119999051094055,0.25130000710487366,0.25119999051094055,0.25130000710487366,15100.0
2025-06-26 14:12:00,VZLA,,2.9800000190734863,2.984999895095825,2.9800000190734863,2.984999895095825,311.0
2025-06-26 14:12:00,WWR,,0.5997999906539917,0.5997999906539917,0.5997999906539917,0.5997999906539917,602.0
2025-06-26 14:13:00,AEON,,0.7605999708175659,0.7605999708175659,0.7605999708175659,0.7605999708175659,0.0
2025-06-26 14:13:00,AREN,,5.730000019073486,5.730000019073486,5.730000019073486,5.730000019073486,123.0
2025-06-26 14:13:00,ARMN,,6.860000133514404,6.864999771118164,6.860000133514404,6.864999771118164,573.0
2025-06-26 14:13:00,ASM,,3.5350000858306885,3.5350000858306885,3.5350000858306885,3.5350000858306885,364.0
2025-06-26 14:13:00,BKTI,,54.90999984741211,54.90999984741211,54.90999984741211,54.90999984741211,299.0
2025-06-26 14:13:00,BRBS,,3.2699999809265137,3.2699999809265137,3.2699999809265137,3.2699999809265137,619.0
2025-06-26 14:13:00,BTG,,3.640000104904175,3.640000104904175,3.630000114440918,3.635999917984009,62675.0
2025-06-26 14:13:00,BURU,,0.3313499987125397,0.33219999074935913,0.3313499987125397,0.3313499987125397,1050.0
2025-06-26 14:13:00,CATX,,3.7100000381469727,3.7200000286102295,3.700000047683716,3.700000047683716,3963.0
2025-06-26 14:13:00,CLM,,7.940000057220459,7.940000057220459,7.940000057220459,7.940000057220459,3009.0
2025-06-26 14:13:00,CMCL,,19.18000030517578,19.18000030517578,19.18000030517578,19.18000030517578,100.0
2025-06-26 14:13:00,CMT,,17.1299991607666,17.1299991607666,17.1299991607666,17.1299991607666,332.0
2025-06-26 14:13:00,CQP,,55.9900016784668,56.08000183105469,55.9900016784668,55.9900016784668,917.0
2025-06-26 14:13:00,CRF,,7.554699897766113,7.559999942779541,7.550000190734863,7.550000190734863,3665.0
2025-06-26 14:13:00,CTM,,1.0449999570846558,1.045199990272522,1.0449999570846558,1.0449999570846558,3200.0
2025-06-26 14:13:00,CVR,,11.991000175476074,11.991000175476074,11.991000175476074,11.991000175476074,175.0
2025-06-26 14:13:00,DC,,3.799999952316284,3.799999952316284,3.799999952316284,3.799999952316284,881.0
2025-06-26 14:13:00,DNN,,1.8300000429153442,1.8300000429153442,1.8250000476837158,1.8300000429153442,17528.0
2025-06-26 14:13:00,EMX,,2.559999942779541,2.559999942779541,2.559999942779541,2.559999942779541,440.0
2025-06-26 14:13:00,EQX,,5.934999942779541,5.939899921417236,5.934999942779541,5.934999942779541,4375.0
2025-06-26 14:13:00,ESP,,45.41311264038086,45.41311264038086,45.41311264038086,45.41311264038086,1659.0
2025-06-26 14:13:00,FOXO,,0.20409999787807465,0.20409999787807465,0.20409999787807465,0.20409999787807465,1200.0
2025-06-26 14:13:00,FSP,,1.684999942779541,1.684999942779541,1.684999942779541,1.684999942779541,175.0
2025-06-26 14:13:00,GNS,,1.1298999786376953,1.1399999856948853,1.1100000143051147,1.1150000095367432,121699.0
2025-06-26 14:13:00,GORO,,0.5440509915351868,0.5440509915351868,0.5440509915351868,0.5440509915351868,234.0
2025-06-26 14:13:00,GROY,,2.2899999618530273,2.2899999618530273,2.2850000858306885,2.2850000858306885,704.0
2025-06-26 14:13:00,IBO,,0.9879999756813049,0.9987999796867371,0.9879999756813049,0.9987999796867371,5851.0
2025-06-26 14:13:00,IDR,,13.101200103759766,13.101200103759766,13.101200103759766,13.101200103759766,985.0
2025-06-26 14:13:00,IE,,9.550000190734863,9.550000190734863,9.550000190734863,9.550000190734863,392.0
2025-06-26 14:13:00,IMO,,81.33000183105469,81.33000183105469,81.26499938964844,81.26499938964844,978.0
2025-06-26 14:13:00,INDO,,3.1098999977111816,3.109999895095825,3.1050000190734863,3.1098999977111816,2199.0
2025-06-26 14:13:00,ITRG,,1.534999966621399,1.534999966621399,1.534999966621399,1.534999966621399,2062.0
2025-06-26 14:13:00,KNW,,1.976099967956543,1.976099967956543,1.976099967956543,1.976099967956543,511.0
2025-06-26 14:13:00,KULR,,5.105000019073486,5.110000133514404,5.09499979019165,5.099999904632568,45622.0
2025-06-26 14:13:00,LCTX,,1.0099999904632568,1.0099999904632568,0.9984999895095825,0.9984999895095825,2204.0
2025-06-26 14:13:00,LEU,,175.1269989013672,175.1269989013672,175.07000732421875,175.07000732421875,438.0
2025-06-26 14:13:00,LMND,,42.369998931884766,42.41999816894531,42.33000183105469,42.41999816894531,3263.0
2025-06-26 14:13:00,LNG,,242.1999969482422,242.2899932861328,242.1750030517578,242.1750030517578,2190.0
2025-06-26 14:13:00,MAIA,,1.690000057220459,1.690000057220459,1.690000057220459,1.690000057220459,0.0
2025-06-26 14:13:00,MPTI,,40.6150016784668,40.6150016784668,40.6150016784668,40.6150016784668,700.0
2025-06-26 14:13:00,MYO,,2.234999895095825,2.240000009536743,2.234999895095825,2.240000009536743,283.0
2025-06-26 14:13:00,NBH,,9.795000076293945,9.795000076293945,9.795000076293945,9.795000076293945,100.0
2025-06-26 14:13:00,NCL,,0.18080000579357147,0.18080000579357147,0.18050000071525574,0.18050000071525574,889.0
2025-06-26 14:13:00,NG,,4.114999771118164,4.119999885559082,4.110799789428711,4.114999771118164,6219.0
2025-06-26 14:13:00,NGD,,4.914999961853027,4.920000076293945,4.914999961853027,4.920000076293945,3105.0
2025-06-26 14:13:00,OBE,,5.514999866485596,5.514999866485596,5.514999866485596,5.514999866485596,214.0
2025-06-26 14:13:00,ORLA,,9.984999656677246,10.0,9.984999656677246,10.0,1072.0
2025-06-26 14:13:00,PLG,,1.6349999904632568,1.6349999904632568,1.6349999904632568,1.6349999904632568,0.0
2025-06-26 14:13:00,PLMR,,151.9425048828125,151.9425048828125,151.7899932861328,151.85000610351562,1172.0
2025-06-26 14:13:00,PLX,,1.4850000143051147,1.4950000047683716,1.4800000190734863,1.4850000143051147,27417.0
2025-06-26 14:13:00,REI,,0.7713249921798706,0.771399974822998,0.7706000208854675,0.7712000012397766,1182.0
2025-06-26 14:13:00,RLGT,,6.021299839019775,6.021299839019775,6.021299839019775,6.021299839019775,514.0
2025-06-26 14:13:00,SATX,,2.9600000381469727,2.9649999141693115,2.9600000381469727,2.9600000381469727,4102.0
2025-06-26 14:13:00,SBEV,,3.580199956893921,3.630000114440918,3.580199956893921,3.5999999046325684,3483.0
2025-06-26 14:13:00,SENS,,0.49959999322891235,0.49959999322891235,0.49950000643730164,0.49959999322891235,3811.0
2025-06-26 14:13:00,SVM,,4.184999942779541,4.190000057220459,4.184999942779541,4.184999942779541,751.0
2025-06-26 14:13:00,TGB,,3.134999990463257,3.140000104904175,3.130000114440918,3.135200023651123,29589.0
2025-06-26 14:13:00,TOON,,0.7631999850273132,0.7631999850273132,0.7631999850273132,0.7631999850273132,300.0
2025-06-26 14:13:00,TRX,,0.33340001106262207,0.33340001106262207,0.33340001106262207,0.33340001106262207,2000.0
2025-06-26 14:13:00,UAMY,,2.575000047683716,2.575000047683716,2.575000047683716,2.575000047683716,235.0
2025-06-26 14:13:00,UAVS,,1.1449999809265137,1.1449999809265137,1.1399999856948853,1.1399999856948853,1000.0
2025-06-26 14:13:00,UEC,,6.9664998054504395,6.9664998054504395,6.949999809265137,6.949999809265137,50434.0
2025-06-26 14:13:00,URG,,1.0449999570846558,1.0499999523162842,1.0399999618530273,1.0449999570846558,10438.0
2025-06-26 14:13:00,USAS,,0.8349000215530396,0.8349000215530396,0.832099974155426,0.8321999907493591,2435.0
2025-06-26 14:13:00,UTG,,35.4900016784668,35.4900016784668,35.4900016784668,35.4900016784668,300.0
2025-06-26 14:13:00,UUUU,,5.864999771118164,5.889999866485596,5.860000133514404,5.889999866485596,40274.0
2025-06-26 14:13:00,VNRX,,0.8299999833106995,0.839900016784668,0.8299999833106995,0.839900016784668,1277.0
2025-06-26 14:13:00,VTAK,,0.25220000743865967,0.25220000743865967,0.25220000743865967,0.25220000743865967,250.0
2025-06-26 14:13:00,VZLA,,2.984999895095825,2.984999895095825,2.984999895095825,2.984999895095825,222.0
2025-06-26 14:14:00,ACU,,40.29499816894531,40.29499816894531,40.29499816894531,40.29499816894531,276.0
2025-06-26 14:14:00,AREN,,5.760000228881836,5.760000228881836,5.730000019073486,5.730000019073486,200.0
2025-06-26 14:14:00,ARMN,,6.860000133514404,6.864999771118164,6.860000133514404,6.860000133514404,2098.0
2025-06-26 14:14:00,ASM,,3.5299999713897705,3.5299999713897705,3.5299999713897705,3.5299999713897705,1233.0
2025-06-26 14:14:00,ATNM,,1.5549999475479126,1.5549999475479126,1.5549999475479126,1.5549999475479126,221.0
2025-06-26 14:14:00,BEEP,,4.244999885559082,4.244999885559082,4.244999885559082,4.244999885559082,288.0
2025-06-26 14:14:00,BRBS,,3.2699999809265137,3.2699999809265137,3.2699999809265137,3.2699999809265137,126.0
2025-06-26 14:14:00,BTG,,3.634999990463257,3.640000104904175,3.6315999031066895,3.640000104904175,16972.0
2025-06-26 14:14:00,BURU,,0.33379998803138733,0.33379998803138733,0.33379998803138733,0.33379998803138733,3259.0
2025-06-26 14:14:00,CATX,,3.7100000381469727,3.7100000381469727,3.7100000381469727,3.7100000381469727,609.0
2025-06-26 14:14:00,CEF,,30.415000915527344,30.415000915527344,30.415000915527344,30.415000915527344,279.0
2025-06-26 14:14:00,CET,,47.68000030517578,47.68000030517578,47.650001525878906,47.650001525878906,200.0
2025-06-26 14:14:00,CLM,,7.949999809265137,7.949999809265137,7.940000057220459,7.940000057220459,45425.0
2025-06-26 14:14:00,CMCL,,19.174999237060547,19.174999237060547,19.174999237060547,19.174999237060547,685.0
2025-06-26 14:14:00,CQP,,55.9900016784668,56.08000183105469,55.9900016784668,56.08000183105469,448.0
2025-06-26 14:14:00,CRF,,7.554999828338623,7.554999828338623,7.554999828338623,7.554999828338623,352.0
2025-06-26 14:14:00,CTM,,1.0449999570846558,1.0499999523162842,1.0449999570846558,1.0499999523162842,337.0
2025-06-26 14:14:00,CVR,,11.75,11.75,11.75,11.75,352.0
2025-06-26 14:14:00,CYBN,,8.449999809265137,8.460000038146973,8.449999809265137,8.449999809265137,1313.0
2025-06-26 14:14:00,DHY,,2.109999895095825,2.109999895095825,2.109999895095825,2.109999895095825,189.0
2025-06-26 14:14:00,DNN,,1.8300000429153442,1.8300000429153442,1.8200000524520874,1.8250000476837158,108379.0
2025-06-26 14:14:00,EPM,,4.769999980926514,4.769999980926514,4.760000228881836,4.760000228881836,674.0
2025-06-26 14:14:00,EQX,,5.929999828338623,5.934999942779541,5.920000076293945,5.929999828338623,160444.0
2025-06-26 14:14:00,EVM,,8.84000015258789,8.84000015258789,8.837499618530273,8.84000015258789,1776.0
2025-06-26 14:14:00,FOXO,,0.2041500061750412,0.2041500061750412,0.20409999787807465,0.20409999787807465,1223.0
2025-06-26 14:14:00,FSP,,1.684999942779541,1.684999942779541,1.684999942779541,1.684999942779541,1310.0
2025-06-26 14:14:00,GLV,,5.619999885559082,5.619999885559082,5.619999885559082,5.619999885559082,0.0
2025-06-26 14:14:00,GNS,,1.1467000246047974,1.149999976158142,1.1201000213623047,1.1298999786376953,99181.0
2025-06-26 14:14:00,GORO,,0.5400999784469604,0.5400999784469604,0.5400999784469604,0.5400999784469604,900.0
2025-06-26 14:14:00,GROY,,2.2850000858306885,2.2850000858306885,2.2850000858306885,2.2850000858306885,261.0
2025-06-26 14:14:00,GSAT,,23.225000381469727,23.225000381469727,23.225000381469727,23.225000381469727,4375.0
2025-06-26 14:14:00,HUSA,,13.149999618530273,13.149999618530273,13.149999618530273,13.149999618530273,202.0
2025-06-26 14:14:00,IBO,,0.9876999855041504,0.988099992275238,0.9876999855041504,0.988099992275238,6333.0
2025-06-26 14:14:00,IDR,,13.09000015258789,13.100000381469727,13.09000015258789,13.100000381469727,1565.0
2025-06-26 14:14:00,IE,,9.550000190734863,9.550000190734863,9.550000190734863,9.550000190734863,377.0
2025-06-26 14:14:00,IMO,,81.30999755859375,81.30999755859375,81.30999755859375,81.30999755859375,152.0
2025-06-26 14:14:00,INDO,,3.1052000522613525,3.109999895095825,3.1050000190734863,3.1050000190734863,1432.0
2025-06-26 14:14:00,INFU,,6.489999771118164,6.489999771118164,6.489999771118164,6.489999771118164,1145.0
2025-06-26 14:14:00,ITP,,0.1860000044107437,0.1860000044107437,0.1860000044107437,0.1860000044107437,100.0
2025-06-26 14:14:00,KNW,,1.9600000381469727,1.9600000381469727,1.9600000381469727,1.9600000381469727,216.0
2025-06-26 14:14:00,KULR,,5.118599891662598,5.11959981918335,5.099999904632568,5.109899997711182,3390.0
2025-06-26 14:14:00,LCTX,,1.0099999904632568,1.0099999904632568,0.9984999895095825,0.9984999895095825,1999.0
2025-06-26 14:14:00,LEU,,174.7100067138672,175.0800018310547,174.7100067138672,175.06500244140625,1721.0
2025-06-26 14:14:00,LMND,,42.40999984741211,42.40999984741211,42.390098571777344,42.40999984741211,1024.0
2025-06-26 14:14:00,LNG,,242.22999572753906,242.27999877929688,242.17999267578125,242.17999267578125,1986.0
2025-06-26 14:14:00,LODE,,3.75,3.75,3.7300000190734863,3.7300000190734863,537.0
2025-06-26 14:14:00,MAG,,21.40999984741211,21.43000030517578,21.40999984741211,21.43000030517578,4888.0
2025-06-26 14:14:00,MLSS,,0.7524999976158142,0.7524999976158142,0.7524999976158142,0.7524999976158142,292.0
2025-06-26 14:14:00,MXC,,9.1899995803833,9.1899995803833,9.1899995803833,9.1899995803833,187.0
2025-06-26 14:14:00,NAK,,1.5499999523162842,1.5499999523162842,1.541200041770935,1.5449999570846558,1282.0
2025-06-26 14:14:00,NCL,,0.18029999732971191,0.18029999732971191,0.18029999732971191,0.18029999732971191,553.0
2025-06-26 14:14:00,NG,,4.110000133514404,4.119999885559082,4.099999904632568,4.110000133514404,30920.0
2025-06-26 14:14:00,NGD,,4.909999847412109,4.914999961853027,4.909999847412109,4.914999961853027,4990.0
2025-06-26 14:14:00,NHC,,107.41000366210938,107.41000366210938,107.41000366210938,107.41000366210938,133.0
2025-06-26 14:14:00,NML,,8.836999893188477,8.836999893188477,8.82040023803711,8.836999893188477,7713.0
2025-06-26 14:14:00,OBE,,5.514999866485596,5.514999866485596,5.514999866485596,5.514999866485596,320.0
2025-06-26 14:14:00,OGEN,,3.359999895095825,3.359999895095825,3.359999895095825,3.359999895095825,625.0
2025-06-26 14:14:00,ORLA,,9.980999946594238,9.984999656677246,9.980999946594238,9.980999946594238,614082.0
2025-06-26 14:14:00,OSTX,,1.8575999736785889,1.8575999736785889,1.8575999736785889,1.8575999736785889,234.0
2025-06-26 14:14:00,PED,,0.6672999858856201,0.6672999858856201,0.6672999858856201,0.6672999858856201,3211.0
2025-06-26 14:14:00,PLMR,,151.72999572753906,151.9199981689453,151.72999572753906,151.89500427246094,1940.0
2025-06-26 14:14:00,REI,,0.7706999778747559,0.7732999920845032,0.7706999778747559,0.7712000012397766,7672.0
2025-06-26 14:14:00,RLGT,,6.025000095367432,6.025000095367432,6.025000095367432,6.025000095367432,214.0
2025-06-26 14:14:00,SACH,,1.0807000398635864,1.0807000398635864,1.0807000398635864,1.0807000398635864,2210.0
2025-06-26 14:14:00,SATX,,2.9600000381469727,2.9600000381469727,2.9600000381469727,2.9600000381469727,130.0
2025-06-26 14:14:00,SENS,,0.49950000643730164,0.49959999322891235,0.49939998984336853,0.49959999322891235,22333.0
2025-06-26 14:14:00,SKYH,,9.5649995803833,9.5649995803833,9.5649995803833,9.5649995803833,165.0
2025-06-26 14:14:00,SVM,,4.184999942779541,4.184999942779541,4.184999942779541,4.184999942779541,1454.0
2025-06-26 14:14:00,TGB,,3.1298999786376953,3.134999990463257,3.119999885559082,3.134999990463257,103116.0
2025-06-26 14:14:00,TOON,,0.7631000280380249,0.7631000280380249,0.756600022315979,0.756600022315979,601.0
2025-06-26 14:14:00,TPET,,1.1792999505996704,1.1792999505996704,1.1747000217437744,1.1747000217437744,5747.0
2025-06-26 14:14:00,TRX,,0.33340001106262207,0.33340001106262207,0.33340001106262207,0.33340001106262207,280.0
2025-06-26 14:14:00,UAMY,,2.5850000381469727,2.5887999534606934,2.5799999237060547,2.5799999237060547,7858.0
2025-06-26 14:14:00,UAVS,,1.1349999904632568,1.1399999856948853,1.1349999904632568,1.1399999856948853,1066.0
2025-06-26 14:14:00,UEC,,6.954999923706055,6.954999923706055,6.954999923706055,6.954999923706055,35411.0
2025-06-26 14:14:00,URG,,1.0449999570846558,1.0449999570846558,1.0399999618530273,1.0449999570846558,5428.0
2025-06-26 14:14:00,USAS,,0.832099974155426,0.834900975227356,0.832099974155426,0.834900975227356,777.0
2025-06-26 14:14:00,UTG,,35.43000030517578,35.54990005493164,35.43000030517578,35.43000030517578,817.0
2025-06-26 14:14:00,UUUU,,5.875,5.875,5.860000133514404,5.864799976348877,19113.0
2025-06-26 14:14:00,VKI,,8.220000267028809,8.220000267028809,8.220000267028809,8.220000267028809,0.0
2025-06-26 14:14:00,VNRX,,0.8101000189781189,0.8101000189781189,0.8101000189781189,0.8101000189781189,1074.0
2025-06-26 14:14:00,VZLA,,2.9800000190734863,2.984999895095825,2.9800000190734863,2.984999895095825,448.0
2025-06-26 14:15:00,AREN,,5.760000228881836,5.760000228881836,5.760000228881836,5.760000228881836,549.0
2025-06-26 14:15:00,ARMN,,6.840000152587891,6.840000152587891,6.840000152587891,6.840000152587891,0.0
2025-06-26 14:15:00,ASM,,3.530100107192993,3.534899950027466,3.5199999809265137,3.5309998989105225,49200.0
2025-06-26 14:15:00,ATNM,,1.5549999475479126,1.5549999475479126,1.5549999475479126,1.5549999475479126,339.0
2025-06-26 14:15:00,AZTR,,0.25839999318122864,0.25839999318122864,0.25839999318122864,0.25839999318122864,1237.0
2025-06-26 14:15:00,BRBS,,3.2950000762939453,3.299999952316284,3.2699999809265137,3.2699999809265137,12789.0
2025-06-26 14:15:00,BRN,,1.2246999740600586,1.2246999740600586,1.2246999740600586,1.2246999740600586,0.0
2025-06-26 14:15:00,BTG,,3.631200075149536,3.640000104904175,3.6301000118255615,3.634999990463257,84735.0
2025-06-26 14:15:00,BURU,,0.3305000066757202,0.3305000066757202,0.3305000066757202,0.3305000066757202,555.0
2025-06-26 14:15:00,CATX,,3.7100000381469727,3.7100000381469727,3.7100000381469727,3.7100000381469727,469.0
2025-06-26 14:15:00,CBOE,,228.18499755859375,228.18499755859375,228.18499755859375,228.18499755859375,1479.0
2025-06-26 14:15:00,CLDI,,0.22920000553131104,0.22920000553131104,0.22920000553131104,0.22920000553131104,300.0
2025-06-26 14:15:00,CLM,,7.949999809265137,7.949999809265137,7.949999809265137,7.949999809265137,1216.0
2025-06-26 14:15:00,CMCL,,19.120100021362305,19.120100021362305,19.120100021362305,19.120100021362305,1090.0
2025-06-26 14:15:00,CQP,,56.18000030517578,56.18000030517578,56.06999969482422,56.08000183105469,2016.0
2025-06-26 14:15:00,CTGO,,20.774999618530273,20.774999618530273,20.774999618530273,20.774999618530273,0.0
2025-06-26 14:15:00,CTM,,1.0449999570846558,1.0499999523162842,1.0449999570846558,1.0499999523162842,1405.0
2025-06-26 14:15:00,CVM,,2.440000057220459,2.440000057220459,2.440000057220459,2.440000057220459,47239.0
2025-06-26 14:15:00,DNN,,1.8250000476837158,1.8300000429153442,1.8200000524520874,1.8300000429153442,37563.0
2025-06-26 14:15:00,ELMD,,21.188100814819336,21.188100814819336,21.188100814819336,21.188100814819336,404.0
2025-06-26 14:15:00,EPM,,4.760000228881836,4.760000228881836,4.760000228881836,4.760000228881836,202.0
2025-06-26 14:15:00,EQX,,5.925000190734863,5.925300121307373,5.920000076293945,5.925000190734863,19119.0
2025-06-26 14:15:00,ERC,,9.380000114440918,9.380000114440918,9.380000114440918,9.380000114440918,0.0
2025-06-26 14:15:00,EVM,,8.84000015258789,8.84000015258789,8.84000015258789,8.84000015258789,0.0
2025-06-26 14:15:00,FSP,,1.684999942779541,1.684999942779541,1.684999942779541,1.684999942779541,568.0
2025-06-26 14:15:00,GNS,,1.1404000520706177,1.149999976158142,1.1299999952316284,1.1409000158309937,292063.0
2025-06-26 14:15:00,GROY,,2.2799999713897705,2.2899999618530273,2.2799999713897705,2.2899999618530273,33598.0
2025-06-26 14:15:00,GTE,,5.03000020980835,5.03000020980835,5.03000020980835,5.03000020980835,252.0
2025-06-26 14:15:00,HUSA,,13.029999732971191,13.029999732971191,13.029999732971191,13.029999732971191,130.0
2025-06-26 14:15:00,IBO,,0.9876000285148621,0.9876000285148621,0.9876000285148621,0.9876000285148621,175.0
2025-06-26 14:15:00,IDR,,13.119500160217285,13.119500160217285,13.119500160217285,13.119500160217285,827.0
2025-06-26 14:15:00,IE,,9.545000076293945,9.550000190734863,9.545000076293945,9.550000190734863,776.0
2025-06-26 14:15:00,IMO,,81.36000061035156,81.36000061035156,81.36000061035156,81.36000061035156,638.0
2025-06-26 14:15:00,INDO,,3.1050000190734863,3.109999895095825,3.0999999046325684,3.109999895095825,1985.0
2025-06-26 14:15:00,ITP,,0.18719999492168427,0.1873999983072281,0.1860000044107437,0.18719999492168427,241440.0
2025-06-26 14:15:00,KULR,,5.114999771118164,5.114999771118164,5.114999771118164,5.114999771118164,3245259.0
2025-06-26 14:15:00,LCTX,,1.0049999952316284,1.0049999952316284,0.9995999932289124,0.9995999932289124,50590.0
2025-06-26 14:15:00,LEU,,174.89999389648438,174.89999389648438,174.47000122070312,174.61000061035156,2377.0
2025-06-26 14:15:00,LMND,,42.411399841308594,42.439998626708984,42.400001525878906,42.400001525878906,1879.0
2025-06-26 14:15:00,LNG,,242.23699951171875,242.23699951171875,242.22999572753906,242.22999572753906,1836.0
2025-06-26 14:15:00,LODE,,3.720400094985962,3.720400094985962,3.720400094985962,3.720400094985962,0.0
2025-06-26 14:15:00,MAG,,21.43000030517578,21.43000030517578,21.405000686645508,21.405000686645508,1762.0
2025-06-26 14:15:00,MITQ,,0.6899999976158142,0.6899999976158142,0.6899999976158142,0.6899999976158142,0.0
2025-06-26 14:15:00,MYO,,2.240000009536743,2.240000009536743,2.240000009536743,2.240000009536743,183237.0
2025-06-26 14:15:00,NAK,,1.5449999570846558,1.5489000082015991,1.5434999465942383,1.5434999465942383,2427.0
2025-06-26 14:15:00,NBH,,9.795000076293945,9.795000076293945,9.795000076293945,9.795000076293945,0.0
2025-06-26 14:15:00,NCL,,0.1809999942779541,0.1809999942779541,0.1808999925851822,0.1808999925851822,400.0
2025-06-26 14:15:00,NG,,4.105000019073486,4.105000019073486,4.101900100708008,4.105000019073486,3456.0
2025-06-26 14:15:00,NGD,,4.914999961853027,4.914999961853027,4.909999847412109,4.914999961853027,18480.0
2025-06-26 14:15:00,NML,,8.819999694824219,8.819999694824219,8.819999694824219,8.819999694824219,0.0
2025-06-26 14:15:00,NRO,,3.194999933242798,3.194999933242798,3.194999933242798,3.194999933242798,0.0
2025-06-26 14:15:00,OPTT,,0.5130500197410583,0.5130500197410583,0.5130500197410583,0.5130500197410583,100.0
2025-06-26 14:15:00,ORLA,,9.984999656677246,9.984999656677246,9.979999542236328,9.979999542236328,1032.0
2025-06-26 14:15:00,OSTX,,1.8700000047683716,1.8700000047683716,1.8700000047683716,1.8700000047683716,0.0
2025-06-26 14:15:00,PLX,,1.4859999418258667,1.4859999418258667,1.4850000143051147,1.4850000143051147,1884.0
2025-06-26 14:15:00,REI,,0.7700999975204468,0.7718999981880188,0.7699999809265137,0.770799994468689,4366.0
2025-06-26 14:15:00,RLGT,,6.024899959564209,6.024899959564209,6.024899959564209,6.024899959564209,101.0
2025-06-26 14:15:00,SBEV,,3.815000057220459,3.815000057220459,3.640000104904175,3.649899959564209,8061.0
2025-06-26 14:15:00,SKYH,,9.569999694824219,9.569999694824219,9.569999694824219,9.569999694824219,710.0
2025-06-26 14:15:00,SLI,,1.909999966621399,1.909999966621399,1.909999966621399,1.909999966621399,1100.0
2025-06-26 14:15:00,SVM,,4.188499927520752,4.188499927520752,4.179999828338623,4.188499927520752,4470593.0
2025-06-26 14:15:00,TGB,,3.119999885559082,3.1298999786376953,3.119999885559082,3.119999885559082,33072.0
2025-06-26 14:15:00,TOON,,0.7630000114440918,0.7630000114440918,0.7630000114440918,0.7630000114440918,297.0
2025-06-26 14:15:00,UAMY,,2.5850000381469727,2.5850000381469727,2.5850000381469727,2.5850000381469727,2687.0
2025-06-26 14:15:00,UAVS,,1.1380000114440918,1.1399999856948853,1.1349999904632568,1.1399999856948853,2595.0
2025-06-26 14:15:00,UEC,,6.960000038146973,6.960000038146973,6.951000213623047,6.954999923706055,9853.0
2025-06-26 14:15:00,URG,,1.0399999618530273,1.0449999570846558,1.0399999618530273,1.0399999618530273,9233.0
2025-06-26 14:15:00,USAS,,0.832099974155426,0.832099974155426,0.832099974155426,0.832099974155426,320.0
2025-06-26 14:15:00,UTG,,35.4900016784668,35.4900016784668,35.4900016784668,35.4900016784668,0.0
2025-06-26 14:15:00,UUUU,,5.879899978637695,5.880000114440918,5.875,5.875,3846.0
2025-06-26 14:15:00,VTAK,,0.2513299882411957,0.2513299882411957,0.2513299882411957,0.2513299882411957,0.0
2025-06-26 14:15:00,VZLA,,2.984999895095825,2.988300085067749,2.9800000190734863,2.984600067138672,1355.0
2025-06-26 14:15:00,WWR,,0.602649986743927,0.602649986743927,0.602649986743927,0.602649986743927,136.0
2025-06-26 14:16:00,ASM,,3.5250000953674316,3.531899929046631,3.5199999809265137,3.5250000953674316,3265492.0
2025-06-26 14:16:00,BATL,,1.4800000190734863,1.4800000190734863,1.4800000190734863,1.4800000190734863,656.0
2025-06-26 14:16:00,BRBS,,3.2950000762939453,3.2950000762939453,3.2950000762939453,3.2950000762939453,227.0
2025-06-26 14:16:00,BTG,,3.63100004196167,3.640000104904175,3.6301000118255615,3.6301000118255615,74493.0
2025-06-26 14:16:00,BURU,,0.3305000066757202,0.3305000066757202,0.3305000066757202,0.3305000066757202,1853.0
2025-06-26 14:16:00,CLDI,,0.22920000553131104,0.22920000553131104,0.22920000553131104,0.22920000553131104,5161.0
2025-06-26 14:16:00,CLM,,7.949900150299072,7.949900150299072,7.949900150299072,7.949900150299072,708.0
2025-06-26 14:16:00,CRF,,7.554999828338623,7.554999828338623,7.554999828338623,7.554999828338623,189.0
2025-06-26 14:16:00,CYBN,,8.470000267028809,8.470000267028809,8.470000267028809,8.470000267028809,210.0
2025-06-26 14:16:00,DC,,3.8099000453948975,3.8099000453948975,3.8099000453948975,3.8099000453948975,3036.0
2025-06-26 14:16:00,DNN,,1.8300000429153442,1.8300000429153442,1.8200000524520874,1.8300000429153442,76364.0
2025-06-26 14:16:00,EPM,,4.769999980926514,4.769999980926514,4.769999980926514,4.769999980926514,127.0
2025-06-26 14:16:00,EQX,,5.925000190734863,5.925000190734863,5.923299789428711,5.925000190734863,4568.0
2025-06-26 14:16:00,FSP,,1.690000057220459,1.690000057220459,1.690000057220459,1.690000057220459,370.0
2025-06-26 14:16:00,FURY,,0.4893999993801117,0.4893999993801117,0.4893999993801117,0.4893999993801117,0.0
2025-06-26 14:16:00,GGN,,4.385000228881836,4.385000228881836,4.385000228881836,4.385000228881836,0.0
2025-06-26 14:16:00,GNS,,1.1301000118255615,1.149999976158142,1.1299999952316284,1.1490999460220337,84571.0
2025-06-26 14:16:00,GORO,,0.5400999784469604,0.5400999784469604,0.5400999784469604,0.5400999784469604,100.0
2025-06-26 14:16:00,GROY,,2.2799999713897705,2.2850000858306885,2.2799999713897705,2.2850000858306885,690.0
2025-06-26 14:16:00,GTE,,5.03000020980835,5.03000020980835,5.03000020980835,5.03000020980835,104.0
2025-06-26 14:16:00,HUSA,,13.15999984741211,13.15999984741211,13.15999984741211,13.15999984741211,348.0
2025-06-26 14:16:00,IBO,,0.9876000285148621,0.9876000285148621,0.9876000285148621,0.9876000285148621,279.0
2025-06-26 14:16:00,IE,,9.545000076293945,9.545000076293945,9.545000076293945,9.545000076293945,1113.0
2025-06-26 14:16:00,INDO,,3.1094000339508057,3.1094000339508057,3.1094000339508057,3.1094000339508057,1940.0
2025-06-26 14:16:00,ITP,,0.18590199947357178,0.18590199947357178,0.18590199947357178,0.18590199947357178,0.0
2025-06-26 14:16:00,ITRG,,1.5299999713897705,1.5299999713897705,1.5299999713897705,1.5299999713897705,0.0
2025-06-26 14:16:00,KULR,,5.114999771118164,5.119900226593018,5.114999771118164,5.114999771118164,3245572.0
2025-06-26 14:16:00,LCTX,,1.0049999952316284,1.0049999952316284,1.0,1.0049999952316284,1994.0
2025-06-26 14:16:00,LEU,,174.8256072998047,174.8256072998047,174.8256072998047,174.8256072998047,1051.0
2025-06-26 14:16:00,LMND,,42.415000915527344,42.415000915527344,42.415000915527344,42.415000915527344,1317.0
2025-06-26 14:16:00,LNG,,242.30999755859375,242.3699951171875,242.13650512695312,242.27000427246094,3036.0
2025-06-26 14:16:00,MAG,,21.43000030517578,21.43000030517578,21.43000030517578,21.43000030517578,1689.0
2025-06-26 14:16:00,MPTI,,40.5,40.5,40.5,40.5,877.0
2025-06-26 14:16:00,MYO,,2.23799991607666,2.23799991607666,2.23799991607666,2.23799991607666,633.0
2025-06-26 14:16:00,NAK,,1.544800043106079,1.544800043106079,1.544800043106079,1.544800043106079,3913.0
2025-06-26 14:16:00,NG,,4.105000019073486,4.105000019073486,4.105000019073486,4.105000019073486,10384.0
2025-06-26 14:16:00,NGD,,4.90500020980835,4.914999961853027,4.90500020980835,4.909999847412109,89632.0
2025-06-26 14:16:00,OPTT,,0.5127000212669373,0.5127000212669373,0.5127000212669373,0.5127000212669373,4311.0
2025-06-26 14:16:00,ORLA,,9.989999771118164,9.989999771118164,9.980999946594238,9.980999946594238,760.0
2025-06-26 14:16:00,PLMR,,151.89500427246094,151.89500427246094,151.89500427246094,151.89500427246094,382.0
2025-06-26 14:16:00,PLX,,1.4847999811172485,1.4847999811172485,1.4847999811172485,1.4847999811172485,446947.0
2025-06-26 14:16:00,REI,,0.7715499997138977,0.7715499997138977,0.7699999809265137,0.7702000141143799,5000.0
2025-06-26 14:16:00,REPX,,26.65760040283203,26.65760040283203,26.65760040283203,26.65760040283203,102.0
2025-06-26 14:16:00,RLGT,,6.025000095367432,6.025000095367432,6.025000095367432,6.025000095367432,1561.0
2025-06-26 14:16:00,SATX,,2.9600000381469727,2.9600000381469727,2.9600000381469727,2.9600000381469727,100.0
2025-06-26 14:16:00,SBEV,,3.809999942779541,3.809999942779541,3.809999942779541,3.809999942779541,382.0
2025-06-26 14:16:00,SENS,,0.4993000030517578,0.49939998984336853,0.4993000030517578,0.4993000030517578,2808.0
2025-06-26 14:16:00,SLI,,1.909999966621399,1.909999966621399,1.909999966621399,1.909999966621399,5410.0
2025-06-26 14:16:00,STXS,,2.2100000381469727,2.2100000381469727,2.2100000381469727,2.2100000381469727,2213.0
2025-06-26 14:16:00,SVM,,4.184999942779541,4.190000057220459,4.184999942779541,4.190000057220459,478.0
2025-06-26 14:16:00,TGB,,3.1249001026153564,3.1249001026153564,3.1249001026153564,3.1249001026153564,5901.0
2025-06-26 14:16:00,TMQ,,1.4800000190734863,1.4800000190734863,1.4800000190734863,1.4800000190734863,600.0
2025-06-26 14:16:00,TRX,,0.33340001106262207,0.33340001106262207,0.33340001106262207,0.33340001106262207,0.0
2025-06-26 14:16:00,UAMY,,2.5899999141693115,2.5899999141693115,2.5850000381469727,2.5850000381469727,2487.0
2025-06-26 14:16:00,UEC,,6.954599857330322,6.960000038146973,6.954599857330322,6.960000038146973,1344.0
2025-06-26 14:16:00,URG,,1.0449999570846558,1.0499999523162842,1.0399999618530273,1.0449999570846558,3214.0
2025-06-26 14:16:00,USAS,,0.8321999907493591,0.8321999907493591,0.8321999907493591,0.8321999907493591,0.0
2025-06-26 14:16:00,UUUU,,5.875,5.875,5.875,5.875,1125.0
2025-06-26 14:16:00,VGZ,,1.0292999744415283,1.0292999744415283,1.0292999744415283,1.0292999744415283,157.0
2025-06-26 14:16:00,VZLA,,2.984999895095825,2.984999895095825,2.984999895095825,2.984999895095825,207.0
2025-06-26 14:17:00,ASM,,3.5299999713897705,3.539900064468384,3.5299999713897705,3.5299999713897705,6362.0
2025-06-26 14:17:00,ATNM,,1.5549999475479126,1.5549999475479126,1.5549999475479126,1.5549999475479126,230.0
2025-06-26 14:17:00,BRBS,,3.2950000762939453,3.2950000762939453,3.2950000762939453,3.2950000762939453,227.0
2025-06-26 14:17:00,BTG,,3.640000104904175,3.640000104904175,3.634999990463257,3.634999990463257,7261.0
2025-06-26 14:17:00,CEF,,30.415000915527344,30.415000915527344,30.415000915527344,30.415000915527344,310.0
2025-06-26 14:17:00,CET,,47.689998626708984,47.689998626708984,47.689998626708984,47.689998626708984,181.0
2025-06-26 14:17:00,CPHI,,1.8300000429153442,1.8300000429153442,1.8300000429153442,1.8300000429153442,486.0
2025-06-26 14:17:00,CQP,,56.189998626708984,56.189998626708984,56.189998626708984,56.189998626708984,1647.0
2025-06-26 14:17:00,CRF,,7.554999828338623,7.554999828338623,7.554999828338623,7.554999828338623,103.0
2025-06-26 14:17:00,CTM,,1.0499999523162842,1.0499999523162842,1.0449999570846558,1.0449999570846558,565.0
2025-06-26 14:17:00,DC,,3.799999952316284,3.799999952316284,3.799999952316284,3.799999952316284,412.0
2025-06-26 14:17:00,DNN,,1.8300000429153442,1.8300000429153442,1.8200000524520874,1.8299000263214111,616079.0
2025-06-26 14:17:00,ELMD,,21.21500015258789,21.21500015258789,21.21500015258789,21.21500015258789,529.0
2025-06-26 14:17:00,EQX,,5.934999942779541,5.935299873352051,5.920000076293945,5.925000190734863,87654.0
2025-06-26 14:17:00,FOXO,,0.20419999957084656,0.20419999957084656,0.20419999957084656,0.20419999957084656,4200.0
2025-06-26 14:17:00,GAU,,1.284999966621399,1.284999966621399,1.2811000347137451,1.2811000347137451,1530326.0
2025-06-26 14:17:00,GGN,,4.385000228881836,4.385000228881836,4.385000228881836,4.385000228881836,224122.0
2025-06-26 14:17:00,GNS,,1.1396000385284424,1.1399999856948853,1.1299999952316284,1.1349999904632568,96936.0
2025-06-26 14:17:00,GORO,,0.5471000075340271,0.5471000075340271,0.5471000075340271,0.5471000075340271,1007.0
2025-06-26 14:17:00,GROY,,2.2850000858306885,2.2850000858306885,2.2799999713897705,2.2799999713897705,319.0
2025-06-26 14:17:00,IBO,,0.9876000285148621,0.9876999855041504,0.9876000285148621,0.9876999855041504,3777.0
2025-06-26 14:17:00,IDR,,13.130000114440918,13.130000114440918,13.119999885559082,13.119999885559082,2678.0
2025-06-26 14:17:00,IE,,9.545000076293945,9.545000076293945,9.536499977111816,9.545000076293945,906.0
2025-06-26 14:17:00,INDO,,3.109999895095825,3.109999895095825,3.109999895095825,3.109999895095825,330.0
2025-06-26 14:17:00,JOB,,0.20100000500679016,0.20100000500679016,0.20100000500679016,0.20100000500679016,300.0
2025-06-26 14:17:00,KNW,,1.9627000093460083,1.9627000093460083,1.9627000093460083,1.9627000093460083,537.0
2025-06-26 14:17:00,KULR,,5.118899822235107,5.118899822235107,5.114999771118164,5.114999771118164,550.0
2025-06-26 14:17:00,LCTX,,1.0,1.0049999952316284,1.0,1.0,1151.0
2025-06-26 14:17:00,LEU,,174.74000549316406,174.85000610351562,174.72999572753906,174.85000610351562,1147.0
2025-06-26 14:17:00,LNG,,242.33999633789062,242.33999633789062,242.2449951171875,242.2449951171875,1501.0
2025-06-26 14:17:00,MAG,,21.43000030517578,21.43000030517578,21.43000030517578,21.43000030517578,227.0
2025-06-26 14:17:00,MAIA,,1.684000015258789,1.684000015258789,1.684000015258789,1.684000015258789,148830.0
2025-06-26 14:17:00,NAK,,1.5449999570846558,1.5449999570846558,1.5399999618530273,1.5400999784469604,300.0
2025-06-26 14:17:00,NCL,,0.18010100722312927,0.18010100722312927,0.18010100722312927,0.18010100722312927,23155.0
2025-06-26 14:17:00,NFGC,,1.475000023841858,1.475000023841858,1.4701000452041626,1.4701000452041626,5087.0
2025-06-26 14:17:00,NG,,4.105000019073486,4.105000019073486,4.10099983215332,4.105000019073486,3022.0
2025-06-26 14:17:00,NGD,,4.90500020980835,4.909999847412109,4.90500020980835,4.90500020980835,14035.0
2025-06-26 14:17:00,NHS,,7.5,7.5,7.5,7.5,4283.0
2025-06-26 14:17:00,NML,,8.835000038146973,8.835000038146973,8.835000038146973,8.835000038146973,81204.0
2025-06-26 14:17:00,OBE,,5.519999980926514,5.519999980926514,5.519999980926514,5.519999980926514,302.0
2025-06-26 14:17:00,OGEN,,3.3505001068115234,3.3505001068115234,3.3505001068115234,3.3505001068115234,2002.0
2025-06-26 14:17:00,OPTT,,0.5133900046348572,0.5133900046348572,0.5133900046348572,0.5133900046348572,542.0
2025-06-26 14:17:00,ORLA,,9.979999542236328,9.984999656677246,9.975000381469727,9.979999542236328,619160.0
2025-06-26 14:17:00,PLG,,1.6398999691009521,1.6398999691009521,1.6398999691009521,1.6398999691009521,2359493.0
2025-06-26 14:17:00,PLX,,1.4850000143051147,1.4850000143051147,1.4850000143051147,1.4850000143051147,400.0
2025-06-26 14:17:00,REI,,0.7728000283241272,0.7728000283241272,0.7721999883651733,0.7721999883651733,36648.0
2025-06-26 14:17:00,REPX,,26.6299991607666,26.6299991607666,26.6299991607666,26.6299991607666,560.0
2025-06-26 14:17:00,SATX,,2.9600000381469727,2.9600000381469727,2.9600000381469727,2.9600000381469727,26724.0
2025-06-26 14:17:00,SBEV,,3.859999895095825,3.859999895095825,3.799999952316284,3.809999942779541,2727.0
2025-06-26 14:17:00,SEB,,2934.669921875,2934.669921875,2921.669921875,2921.669921875,36.0
2025-06-26 14:17:00,SENS,,0.4993000030517578,0.4993000030517578,0.4993000030517578,0.4993000030517578,9325.0
2025-06-26 14:17:00,SGN,,1.1227999925613403,1.1299999952316284,1.1227999925613403,1.1299999952316284,6078.0
2025-06-26 14:17:00,SVM,,4.184999942779541,4.184999942779541,4.184999942779541,4.184999942779541,709.0
2025-06-26 14:17:00,TGB,,3.119999885559082,3.119999885559082,3.119999885559082,3.119999885559082,2061.0
2025-06-26 14:17:00,TMQ,,1.4800000190734863,1.4800000190734863,1.4800000190734863,1.4800000190734863,0.0
2025-06-26 14:17:00,TPET,,1.1713000535964966,1.1749999523162842,1.1713000535964966,1.1749999523162842,8516.0
2025-06-26 14:17:00,UAMY,,2.5850000381469727,2.5850000381469727,2.5850000381469727,2.5850000381469727,13256.0
2025-06-26 14:17:00,UAVS,,1.149999976158142,1.149999976158142,1.1399999856948853,1.1399999856948853,3180.0
2025-06-26 14:17:00,UEC,,6.949999809265137,6.960000038146973,6.949999809265137,6.954999923706055,3065.0
2025-06-26 14:17:00,URG,,1.0399999618530273,1.0449999570846558,1.0399999618530273,1.0449999570846558,4145.0
2025-06-26 14:17:00,USAS,,0.8320000171661377,0.8334000110626221,0.8320000171661377,0.832099974155426,1677201.0
2025-06-26 14:17:00,UUUU,,5.870200157165527,5.880000114440918,5.869999885559082,5.878600120544434,4000.0
2025-06-26 14:17:00,VZLA,,2.984999895095825,2.9899001121520996,2.984999895095825,2.9899001121520996,410.0
2025-06-26 14:17:00,ZDGE,,3.990000009536743,3.990000009536743,3.990000009536743,3.990000009536743,843.0
2025-06-26 14:18:00,AREN,,5.760000228881836,5.760000228881836,5.760000228881836,5.760000228881836,463.0
2025-06-26 14:18:00,ARMN,,6.840000152587891,6.8414998054504395,6.840000152587891,6.840000152587891,479214.0
2025-06-26 14:18:00,ASM,,3.5199999809265137,3.5299999713897705,3.5199999809265137,3.5299999713897705,40902.0
2025-06-26 14:18:00,ATNM,,1.5549999475479126,1.5549999475479126,1.5549999475479126,1.5549999475479126,551.0
2025-06-26 14:18:00,BKTI,,55.0,55.0,54.90999984741211,54.90999984741211,817.0
2025-06-26 14:18:00,BRN,,1.2400000095367432,1.25,1.2400000095367432,1.25,46728.0
2025-06-26 14:18:00,BTG,,3.6347999572753906,3.640000104904175,3.631999969482422,3.634999990463257,176098.0
2025-06-26 14:18:00,CATX,,3.7100000381469727,3.7100000381469727,3.700000047683716,3.700000047683716,338.0
2025-06-26 14:18:00,CEF,,30.40999984741211,30.40999984741211,30.40999984741211,30.40999984741211,110.0
2025-06-26 14:18:00,CLM,,7.949999809265137,7.949999809265137,7.949999809265137,7.949999809265137,1951.0
2025-06-26 14:18:00,CQP,,56.279998779296875,56.279998779296875,56.16999816894531,56.22999954223633,1446.0
2025-06-26 14:18:00,CTGO,,20.780000686645508,20.88330078125,20.780000686645508,20.88330078125,23057.0
2025-06-26 14:18:00,CTM,,1.0465999841690063,1.0465999841690063,1.0449999570846558,1.0449999570846558,300.0
2025-06-26 14:18:00,DC,,3.799999952316284,3.799999952316284,3.799999952316284,3.799999952316284,241.0
2025-06-26 14:18:00,DNN,,1.8300000429153442,1.8300000429153442,1.8200000524520874,1.8300000429153442,2375194.0
2025-06-26 14:18:00,ELA,,5.920000076293945,5.920000076293945,5.920000076293945,5.920000076293945,299.0
2025-06-26 14:18:00,ENSV,,0.01810000091791153,0.01810000091791153,0.01810000091791153,0.01810000091791153,30355.0
2025-06-26 14:18:00,EQX,,5.925000190734863,5.935800075531006,5.920000076293945,5.934999942779541,86614.0
2025-06-26 14:18:00,ERC,,9.380000114440918,9.380000114440918,9.380000114440918,9.380000114440918,61570.0
2025-06-26 14:18:00,FOXO,,0.20419999957084656,0.20419999957084656,0.20409999787807465,0.20419999957084656,26664.0
2025-06-26 14:18:00,FTF,,6.380099773406982,6.385000228881836,6.380099773406982,6.385000228881836,56304.0
2025-06-26 14:18:00,GAU,,1.284999966621399,1.284999966621399,1.2799999713897705,1.2799999713897705,450.0
2025-06-26 14:18:00,GLDG,,0.7436010241508484,0.7451000213623047,0.7436010241508484,0.7443000078201294,5000.0
2025-06-26 14:18:00,GNS,,1.1200000047683716,1.1399999856948853,1.100000023841858,1.1303000450134277,218483.0
2025-06-26 14:18:00,GROY,,2.2799999713897705,2.2850000858306885,2.2799999713897705,2.2850000858306885,9569.0
2025-06-26 14:18:00,GTE,,5.025000095367432,5.025000095367432,5.025000095367432,5.025000095367432,542.0
2025-06-26 14:18:00,IBO,,0.9850000143051147,0.9876000285148621,0.9850000143051147,0.9876000285148621,535.0
2025-06-26 14:18:00,IE,,9.52178955078125,9.53499984741211,9.520000457763672,9.520000457763672,2216.0
2025-06-26 14:18:00,INDO,,3.1008999347686768,3.109999895095825,3.1008999347686768,3.109999895095825,2072.0
2025-06-26 14:18:00,ITRG,,1.5299999713897705,1.534999966621399,1.5299999713897705,1.5299999713897705,1539601.0
2025-06-26 14:18:00,KNW,,1.9601000547409058,1.9601000547409058,1.9601000547409058,1.9601000547409058,201.0
2025-06-26 14:18:00,KULR,,5.119999885559082,5.119999885559082,5.114799976348877,5.119999885559082,2182.0
2025-06-26 14:18:00,LCTX,,1.0,1.0091999769210815,1.0,1.0,3093.0
2025-06-26 14:18:00,LEU,,174.8699951171875,174.89999389648438,174.64999389648438,174.86500549316406,1789.0
2025-06-26 14:18:00,LMND,,42.400001525878906,42.400001525878906,42.3849983215332,42.38999938964844,1135.0
2025-06-26 14:18:00,LNG,,242.1999969482422,242.1999969482422,242.1999969482422,242.1999969482422,530.0
2025-06-26 14:18:00,MAG,,21.43000030517578,21.43000030517578,21.43000030517578,21.43000030517578,208.0
2025-06-26 14:18:00,MLSS,,0.7599999904632568,0.7599999904632568,0.7599999904632568,0.7599999904632568,4678.0
2025-06-26 14:18:00,MYO,,2.240000009536743,2.240000009536743,2.240000009536743,2.240000009536743,216.0
2025-06-26 14:18:00,NAK,,1.545199990272522,1.5489000082015991,1.5399999618530273,1.5489000082015991,1521.0
2025-06-26 14:18:00,NBH,,9.800000190734863,9.800000190734863,9.795000076293945,9.795000076293945,238184.0
2025-06-26 14:18:00,NFGC,,1.475000023841858,1.475000023841858,1.475000023841858,1.475000023841858,100.0
2025-06-26 14:18:00,NG,,4.105000019073486,4.105000019073486,4.105000019073486,4.105000019073486,1921.0
2025-06-26 14:18:00,NGD,,4.90500020980835,4.909999847412109,4.900000095367432,4.909999847412109,5302.0
2025-06-26 14:18:00,NHC,,107.40499877929688,107.40499877929688,107.40499877929688,107.40499877929688,290.0
2025-06-26 14:18:00,NML,,8.835000038146973,8.835000038146973,8.835000038146973,8.835000038146973,300.0
2025-06-26 14:18:00,NNVC,,1.2396999597549438,1.2396999597549438,1.2396999597549438,1.2396999597549438,900.0
2025-06-26 14:18:00,OGEN,,3.3499999046325684,3.3499999046325684,3.3499999046325684,3.3499999046325684,108.0
2025-06-26 14:18:00,ORLA,,9.979999542236328,9.984999656677246,9.979999542236328,9.979999542236328,3439.0
2025-06-26 14:18:00,PLG,,1.631100058555603,1.631100058555603,1.631100058555603,1.631100058555603,1550.0
2025-06-26 14:18:00,PLMR,,151.89999389648438,151.89999389648438,151.88999938964844,151.88999938964844,1047.0
2025-06-26 14:18:00,PLX,,1.4809999465942383,1.4809999465942383,1.4809999465942383,1.4809999465942383,810.0
2025-06-26 14:18:00,PZG,,0.6020100116729736,0.6020100116729736,0.6020100116729736,0.6020100116729736,116821.0
2025-06-26 14:18:00,REI,,0.7723000049591064,0.7732999920845032,0.7723000049591064,0.7732999920845032,1313.0
2025-06-26 14:18:00,SATX,,2.9600000381469727,2.9600000381469727,2.9600000381469727,2.9600000381469727,3020.0
2025-06-26 14:18:00,SBEV,,3.859999895095825,3.859999895095825,3.859999895095825,3.859999895095825,202.0
2025-06-26 14:18:00,SENS,,0.4993000030517578,0.49939998984336853,0.4993000030517578,0.49939998984336853,5577.0
2025-06-26 14:18:00,SGN,,1.1349999904632568,1.1349999904632568,1.1349999904632568,1.1349999904632568,600.0
2025-06-26 14:18:00,SOAR,,1.3897000551223755,1.3897000551223755,1.3897000551223755,1.3897000551223755,625.0
2025-06-26 14:18:00,SVM,,4.184999942779541,4.184999942779541,4.184999942779541,4.184999942779541,314.0
2025-06-26 14:18:00,TGB,,3.125,3.125,3.125,3.125,620.0
2025-06-26 14:18:00,UAMY,,2.5850000381469727,2.5871999263763428,2.5850000381469727,2.5871999263763428,284.0
2025-06-26 14:18:00,UAVS,,1.1399999856948853,1.149999976158142,1.1399999856948853,1.149999976158142,621.0
2025-06-26 14:18:00,UEC,,6.960000038146973,6.960000038146973,6.949999809265137,6.954999923706055,21884.0
2025-06-26 14:18:00,URG,,1.0399999618530273,1.0449999570846558,1.0399999618530273,1.0399999618530273,2420.0
2025-06-26 14:18:00,UUUU,,5.875,5.875,5.869999885559082,5.875,3482.0
2025-06-26 14:18:00,VTAK,,0.251800000667572,0.251800000667572,0.251800000667572,0.251800000667572,1274640.0
2025-06-26 14:18:00,VZLA,,2.988100051879883,2.988100051879883,2.984999895095825,2.984999895095825,274.0
2025-06-26 14:18:00,WWR,,0.6069999933242798,0.6069999933242798,0.6069999933242798,0.6069999933242798,3036.0
2025-06-26 14:19:00,ACU,,40.459999084472656,40.459999084472656,40.459999084472656,40.459999084472656,182.0
2025-06-26 14:19:00,ARMN,,6.8414998054504395,6.8414998054504395,6.840000152587891,6.840000152587891,1973.0
2025-06-26 14:19:00,ASM,,3.5199999809265137,3.525099992752075,3.5199999809265137,3.5199999809265137,7378.0
2025-06-26 14:19:00,ATNM,,1.5549999475479126,1.5571999549865723,1.5549999475479126,1.5549999475479126,1761.0
2025-06-26 14:19:00,AZTR,,0.25949999690055847,0.25949999690055847,0.25949999690055847,0.25949999690055847,403.0
2025-06-26 14:19:00,BHB,,29.725000381469727,29.725000381469727,29.725000381469727,29.725000381469727,105.0
2025-06-26 14:19:00,BTG,,3.634999990463257,3.640000104904175,3.634999990463257,3.634999990463257,24989.0
2025-06-26 14:19:00,BURU,,0.3305000066757202,0.3305000066757202,0.3305000066757202,0.3305000066757202,863.0
2025-06-26 14:19:00,CATX,,3.7100000381469727,3.7100000381469727,3.7100000381469727,3.7100000381469727,1038.0
2025-06-26 14:19:00,CCEL,,5.369999885559082,5.369999885559082,5.369999885559082,5.369999885559082,143664.0
2025-06-26 14:19:00,CLM,,7.949999809265137,7.949999809265137,7.949999809265137,7.949999809265137,2503.0
2025-06-26 14:19:00,CQP,,56.279998779296875,56.279998779296875,56.244598388671875,56.279998779296875,512.0
2025-06-26 14:19:00,CRF,,7.554999828338623,7.554999828338623,7.554999828338623,7.554999828338623,168.0
2025-06-26 14:19:00,CTM,,1.0449999570846558,1.0492000579833984,1.0449999570846558,1.0449999570846558,4622.0
2025-06-26 14:19:00,CVU,,3.184999942779541,3.184999942779541,3.184999942779541,3.184999942779541,217.0
2025-06-26 14:19:00,DC,,3.7899999618530273,3.799999952316284,3.7899999618530273,3.799999952316284,280.0
2025-06-26 14:19:00,DIT,,105.0,105.0,105.0,105.0,0.0
2025-06-26 14:19:00,DNN,,1.8300000429153442,1.8300000429153442,1.8200000524520874,1.8250000476837158,885205.0
2025-06-26 14:19:00,EAD,,6.9730000495910645,6.9730000495910645,6.9730000495910645,6.9730000495910645,374.0
2025-06-26 14:19:00,ECF,,10.166000366210938,10.166000366210938,10.166000366210938,10.166000366210938,147.0
2025-06-26 14:19:00,EPM,,4.769999980926514,4.769999980926514,4.769999980926514,4.769999980926514,246.0
2025-06-26 14:19:00,EQX,,5.925000190734863,5.929900169372559,5.925000190734863,5.925000190734863,4726.0
2025-06-26 14:19:00,EVM,,8.84000015258789,8.84000015258789,8.84000015258789,8.84000015258789,24526.0
2025-06-26 14:19:00,GAU,,1.284999966621399,1.284999966621399,1.284999966621399,1.284999966621399,101.0
2025-06-26 14:19:00,GNS,,1.1299999952316284,1.1398999691009521,1.1100000143051147,1.114799976348877,66172.0
2025-06-26 14:19:00,GORO,,0.5400999784469604,0.5400999784469604,0.5400999784469604,0.5400999784469604,635.0
2025-06-26 14:19:00,GROY,,2.2699999809265137,2.2750000953674316,2.2699999809265137,2.2750000953674316,483.0
2025-06-26 14:19:00,IBO,,0.9815000295639038,0.9830999970436096,0.9800000190734863,0.9800000190734863,1658.0
2025-06-26 14:19:00,IE,,9.53499984741211,9.53499984741211,9.53499984741211,9.53499984741211,289.0
2025-06-26 14:19:00,IMO,,81.31999969482422,81.37999725341797,81.31999969482422,81.37999725341797,701.0
2025-06-26 14:19:00,INDO,,3.0999999046325684,3.109999895095825,3.0999999046325684,3.109999895095825,980.0
2025-06-26 14:19:00,ITP,,0.18719999492168427,0.18719999492168427,0.18719999492168427,0.18719999492168427,244737.0
2025-06-26 14:19:00,ITRG,,1.5299999713897705,1.5299999713897705,1.5299999713897705,1.5299999713897705,324.0
2025-06-26 14:19:00,KNW,,1.975000023841858,1.975000023841858,1.9601000547409058,1.9601000547409058,6611.0
2025-06-26 14:19:00,KULR,,5.114999771118164,5.119999885559082,5.114999771118164,5.119999885559082,5539.0
2025-06-26 14:19:00,LCTX,,1.0,1.0049999952316284,1.0,1.0,901.0
2025-06-26 14:19:00,LMND,,42.369998931884766,42.39500045776367,42.369998931884766,42.39500045776367,2425.0
2025-06-26 14:19:00,LNG,,242.27000427246094,242.33999633789062,242.17999267578125,242.17999267578125,3324.0
2025-06-26 14:19:00,LODE,,3.7200000286102295,3.7200000286102295,3.7200000286102295,3.7200000286102295,246316.0
2025-06-26 14:19:00,MTA,,3.884999990463257,3.884999990463257,3.884999990463257,3.884999990463257,275.0
2025-06-26 14:19:00,MYO,,2.234999895095825,2.234999895095825,2.234999895095825,2.234999895095825,280.0
2025-06-26 14:19:00,NAK,,1.5449999570846558,1.5449999570846558,1.541100025177002,1.5449999570846558,718.0
2025-06-26 14:19:00,NBH,,9.795000076293945,9.795000076293945,9.795000076293945,9.795000076293945,178.0
2025-06-26 14:19:00,NCL,,0.18019999563694,0.18020099401474,0.18019999563694,0.18020099401474,800.0
2025-06-26 14:19:00,NFGC,,1.475000023841858,1.475000023841858,1.475000023841858,1.475000023841858,100.0
2025-06-26 14:19:00,NG,,4.105000019073486,4.105000019073486,4.105000019073486,4.105000019073486,1767.0
2025-06-26 14:19:00,NGD,,4.90500020980835,4.909999847412109,4.900000095367432,4.90500020980835,14937.0
2025-06-26 14:19:00,NRO,,3.190000057220459,3.190000057220459,3.190000057220459,3.190000057220459,211485.0
2025-06-26 14:19:00,ORLA,,9.984999656677246,9.989999771118164,9.984999656677246,9.989999771118164,515.0
2025-06-26 14:19:00,OSTX,,1.8700000047683716,1.8700000047683716,1.8700000047683716,1.8700000047683716,260042.0
2025-06-26 14:19:00,PLG,,1.6349999904632568,1.6349999904632568,1.6349999904632568,1.6349999904632568,1300.0
2025-06-26 14:19:00,PLX,,1.4850000143051147,1.4850000143051147,1.4850000143051147,1.4850000143051147,737.0
2025-06-26 14:19:00,REI,,0.7728000283241272,0.7728000283241272,0.7728000283241272,0.7728000283241272,465.0
2025-06-26 14:19:00,SATX,,2.9600000381469727,2.9600000381469727,2.9600000381469727,2.9600000381469727,218.0
2025-06-26 14:19:00,SBEV,,3.809999942779541,3.859999895095825,3.75,3.75,2225.0
2025-06-26 14:19:00,SENS,,0.4993000030517578,0.49939998984336853,0.4993000030517578,0.4993000030517578,6098.0
2025-06-26 14:19:00,SGN,,1.1301000118255615,1.1349999904632568,1.1301000118255615,1.1303000450134277,11644.0
2025-06-26 14:19:00,SLI,,1.910099983215332,1.910099983215332,1.910099983215332,1.910099983215332,1329.0
2025-06-26 14:19:00,SVM,,4.184999942779541,4.190000057220459,4.179999828338623,4.179999828338623,506.0
2025-06-26 14:19:00,TGB,,3.125,3.1298999786376953,3.1201000213623047,3.1298999786376953,11427.0
2025-06-26 14:19:00,THM,,0.8799999952316284,0.885200023651123,0.8799999952316284,0.885200023651123,197431.0
2025-06-26 14:19:00,UAMY,,2.5850000381469727,2.5899999141693115,2.5850000381469727,2.5899999141693115,1410.0
2025-06-26 14:19:00,UAVS,,1.149999976158142,1.149999976158142,1.149999976158142,1.149999976158142,1243.0
2025-06-26 14:19:00,UEC,,6.960000038146973,6.960000038146973,6.950900077819824,6.954999923706055,4436.0
2025-06-26 14:19:00,URG,,1.0449999570846558,1.0449999570846558,1.0399999618530273,1.0399999618530273,4115.0
2025-06-26 14:19:00,USAS,,0.8334000110626221,0.8334000110626221,0.8334000110626221,0.8334000110626221,211.0
2025-06-26 14:19:00,UTG,,35.5,35.5,35.5,35.5,126512.0
2025-06-26 14:19:00,UUUU,,5.879700183868408,5.880000114440918,5.869999885559082,5.875,12489.0
2025-06-26 14:19:00,VGZ,,1.0199999809265137,1.0199999809265137,1.0199999809265137,1.0199999809265137,124.0
2025-06-26 14:19:00,VNRX,,0.8299999833106995,0.8299999833106995,0.8299999833106995,0.8299999833106995,1000.0
2025-06-26 14:19:00,VTAK,,0.25174999237060547,0.25174999237060547,0.25174999237060547,0.25174999237060547,2400.0
2025-06-26 14:19:00,VZLA,,2.984999895095825,2.984999895095825,2.984999895095825,2.984999895095825,100.0
2025-06-26 14:20:00,ASM,,3.5199999809265137,3.5199999809265137,3.5199999809265137,3.5199999809265137,597.0
2025-06-26 14:20:00,ATNM,,1.5549999475479126,1.5549999475479126,1.5549999475479126,1.5549999475479126,231.0
2025-06-26 14:20:00,AUMN,,0.17810000479221344,0.17810000479221344,0.17810000479221344,0.17810000479221344,500.0
2025-06-26 14:20:00,BRBS,,3.2950000762939453,3.2950000762939453,3.2950000762939453,3.2950000762939453,111.0
2025-06-26 14:20:00,BTG,,3.634999990463257,3.640000104904175,3.634999990463257,3.640000104904175,5035.0
2025-06-26 14:20:00,BURU,,0.3305000066757202,0.3321000039577484,0.3305000066757202,0.3305000066757202,1275.0
2025-06-26 14:20:00,CATX,,3.7100000381469727,3.7100000381469727,3.708699941635132,3.7100000381469727,608.0
2025-06-26 14:20:00,CBOE,,228.13999938964844,228.13999938964844,228.13999938964844,228.13999938964844,326.0
2025-06-26 14:20:00,CCEL,,5.380000114440918,5.380000114440918,5.380000114440918,5.380000114440918,790.0
2025-06-26 14:20:00,CMCL,,19.125,19.125,19.1200008392334,19.1200008392334,810.0
2025-06-26 14:20:00,CQP,,56.2599983215332,56.279998779296875,56.2599983215332,56.279998779296875,221.0
2025-06-26 14:20:00,CRF,,7.554599761962891,7.559999942779541,7.554599761962891,7.557600021362305,715.0
2025-06-26 14:20:00,CTM,,1.0399999618530273,1.0499999523162842,1.0399999618530273,1.0499999523162842,500.0
2025-06-26 14:20:00,DC,,3.7950000762939453,3.7950000762939453,3.7950000762939453,3.7950000762939453,203.0
2025-06-26 14:20:00,DNN,,1.8301000595092773,1.840000033378601,1.8200000524520874,1.8248000144958496,2240277.0
2025-06-26 14:20:00,EAD,,6.979899883270264,6.979899883270264,6.979899883270264,6.979899883270264,306.0
2025-06-26 14:20:00,EPM,,4.764999866485596,4.764999866485596,4.764999866485596,4.764999866485596,111.0
2025-06-26 14:20:00,EQX,,5.925000190734863,5.925000190734863,5.925000190734863,5.925000190734863,8130.0
2025-06-26 14:20:00,ERC,,9.385000228881836,9.390000343322754,9.385000228881836,9.385000228881836,3389.0
2025-06-26 14:20:00,EVV,,10.164999961853027,10.164999961853027,10.164999961853027,10.164999961853027,172143.0
2025-06-26 14:20:00,FOXO,,0.20409999787807465,0.20409999787807465,0.20409999787807465,0.20409999787807465,3030.0
2025-06-26 14:20:00,GLDG,,0.7443000078201294,0.7443000078201294,0.7443000078201294,0.7443000078201294,1111.0
2025-06-26 14:20:00,GNS,,1.1201000213623047,1.149999976158142,1.1100000143051147,1.1349999904632568,196802.0
2025-06-26 14:20:00,GORO,,0.5400999784469604,0.5400999784469604,0.5400999784469604,0.5400999784469604,110.0
2025-06-26 14:20:00,GROY,,2.2750000953674316,2.2750000953674316,2.2750000953674316,2.2750000953674316,212.0
2025-06-26 14:20:00,GSAT,,23.229999542236328,23.229999542236328,23.229999542236328,23.229999542236328,285.0
2025-06-26 14:20:00,IBO,,1.0099999904632568,1.0099999904632568,0.9830999970436096,0.9830999970436096,3735.0
2025-06-26 14:20:00,IE,,9.53499984741211,9.53499984741211,9.53499984741211,9.53499984741211,687.0
2025-06-26 14:20:00,IMO,,81.30999755859375,81.30999755859375,81.30999755859375,81.30999755859375,234.0
2025-06-26 14:20:00,JOB,,0.20399999618530273,0.20399999618530273,0.20399999618530273,0.20399999618530273,84379.0
2025-06-26 14:20:00,KNW,,1.975000023841858,1.975000023841858,1.975000023841858,1.975000023841858,201.0
2025-06-26 14:20:00,KULR,,5.114999771118164,5.119999885559082,5.111000061035156,5.119999885559082,1903.0
2025-06-26 14:20:00,LCTX,,1.0049999952316284,1.0049999952316284,1.0,1.0,1096.0
2025-06-26 14:20:00,LEU,,174.9600067138672,175.05853271484375,174.9550018310547,174.9550018310547,1587.0
2025-06-26 14:20:00,LMND,,42.39500045776367,42.39500045776367,42.39500045776367,42.39500045776367,170.0
2025-06-26 14:20:00,LNG,,242.02999877929688,242.27000427246094,242.02999877929688,242.27000427246094,7779.0
2025-06-26 14:20:00,LODE,,3.740000009536743,3.740000009536743,3.7200000286102295,3.7200000286102295,301.0
2025-06-26 14:20:00,MAG,,21.424999237060547,21.424999237060547,21.424999237060547,21.424999237060547,400.0
2025-06-26 14:20:00,MITQ,,0.6801999807357788,0.6801999807357788,0.6801999807357788,0.6801999807357788,245476.0
2025-06-26 14:20:00,NAK,,1.5449999570846558,1.5489000082015991,1.5449999570846558,1.5489000082015991,1274.0
2025-06-26 14:20:00,NCL,,0.1809999942779541,0.1809999942779541,0.1809999942779541,0.1809999942779541,9600.0
2025-06-26 14:20:00,NG,,4.110000133514404,4.110000133514404,4.105000019073486,4.105000019073486,652.0
2025-06-26 14:20:00,NGD,,4.914999961853027,4.920000076293945,4.900000095367432,4.90500020980835,169378.0
2025-06-26 14:20:00,NML,,8.835000038146973,8.835000038146973,8.835000038146973,8.835000038146973,210.0
2025-06-26 14:20:00,NNVC,,1.23989999294281,1.23989999294281,1.23989999294281,1.23989999294281,100.0
2025-06-26 14:20:00,OBE,,5.510000228881836,5.510000228881836,5.510000228881836,5.510000228881836,122.0
2025-06-26 14:20:00,OGEN,,3.369999885559082,3.369999885559082,3.369999885559082,3.369999885559082,101.0
2025-06-26 14:20:00,OPTT,,0.5130500197410583,0.5130500197410583,0.5130500197410583,0.5130500197410583,100.0
2025-06-26 14:20:00,ORLA,,10.0,10.0,9.989999771118164,9.989999771118164,3047.0
2025-06-26 14:20:00,PLG,,1.6349999904632568,1.6349999904632568,1.6349999904632568,1.6349999904632568,1600.0
2025-06-26 14:20:00,PLX,,1.4850000143051147,1.4850000143051147,1.4850000143051147,1.4850000143051147,200.0
2025-06-26 14:20:00,REI,,0.7732999920845032,0.7732999920845032,0.7723000049591064,0.7732999920845032,5404.0
2025-06-26 14:20:00,REPX,,26.639999389648438,26.639999389648438,26.639999389648438,26.639999389648438,286.0
2025-06-26 14:20:00,SATX,,2.9600000381469727,2.9600000381469727,2.9600000381469727,2.9600000381469727,112.0
2025-06-26 14:20:00,SBEV,,3.809999942779541,3.859999895095825,3.809999942779541,3.859999895095825,5034.0
2025-06-26 14:20:00,SENS,,0.4991999864578247,0.4993000030517578,0.4991999864578247,0.4993000030517578,659.0
2025-06-26 14:20:00,SGN,,1.1399999856948853,1.1399999856948853,1.1299999952316284,1.1301000118255615,8872.0
2025-06-26 14:20:00,SLI,,1.9149999618530273,1.9149999618530273,1.909999966621399,1.909999966621399,1600.0
2025-06-26 14:20:00,SOAR,,1.3898999691009521,1.3898999691009521,1.3898999691009521,1.3898999691009521,230286.0
2025-06-26 14:20:00,SSY,,0.8799999952316284,0.8799999952316284,0.8799999952316284,0.8799999952316284,315.0
2025-06-26 14:20:00,STXS,,2.2049999237060547,2.208199977874756,2.2049999237060547,2.208199977874756,702.0
2025-06-26 14:20:00,SVM,,4.184999942779541,4.184999942779541,4.184999942779541,4.184999942779541,781.0
2025-06-26 14:20:00,TGB,,3.125,3.125,3.119999885559082,3.1201000213623047,791.0
2025-06-26 14:20:00,THM,,0.8799999952316284,0.8799999952316284,0.8799999952316284,0.8799999952316284,100.0
2025-06-26 14:20:00,TOON,,0.7620000243186951,0.7623000144958496,0.7501000165939331,0.7524999976158142,3446.0
2025-06-26 14:20:00,TPET,,1.1749999523162842,1.1749999523162842,1.1749999523162842,1.1749999523162842,200.0
2025-06-26 14:20:00,UAMY,,2.587899923324585,2.587899923324585,2.5850000381469727,2.5850000381469727,932.0
2025-06-26 14:20:00,UAVS,,1.149999976158142,1.149999976158142,1.1402000188827515,1.1402000188827515,3287.0
2025-06-26 14:20:00,UEC,,6.965000152587891,6.96999979019165,6.949999809265137,6.960000038146973,49864.0
2025-06-26 14:20:00,URG,,1.0449999570846558,1.0449999570846558,1.0399999618530273,1.0399999618530273,1620.0
2025-06-26 14:20:00,UUUU,,5.880099773406982,5.889999866485596,5.875,5.87939977645874,41978.0
2025-06-26 14:20:00,VGZ,,1.024999976158142,1.024999976158142,1.024999976158142,1.024999976158142,1449.0
2025-06-26 14:20:00,VTAK,,0.2517490088939667,0.2517490088939667,0.2517490088939667,0.2517490088939667,213.0
2025-06-26 14:20:00,VZLA,,2.984999895095825,2.984999895095825,2.984999895095825,2.984999895095825,300.0
2025-06-26 14:20:00,WWR,,0.6062999963760376,0.6062999963760376,0.6062999963760376,0.6062999963760376,2000.0
2025-06-26 14:20:00,WYY,,3.380000114440918,3.380000114440918,3.380000114440918,3.380000114440918,227.0
2025-06-26 14:20:00,XPL,,0.6420999765396118,0.6420999765396118,0.6420999765396118,0.6420999765396118,74562.0
2025-06-26 14:20:00,XTNT,,0.6298999786376953,0.6298999786376953,0.6298999786376953,0.6298999786376953,36770.0
2025-06-26 14:21:00,AREN,,5.71999979019165,5.760000228881836,5.71999979019165,5.760000228881836,1014.0
2025-06-26 14:21:00,ARMN,,6.840000152587891,6.84499979019165,6.840000152587891,6.84499979019165,2696.0
2025-06-26 14:21:00,ASM,,3.5250000953674316,3.5250000953674316,3.5199999809265137,3.5199999809265137,385.0
2025-06-26 14:21:00,ATNM,,1.5549999475479126,1.5549999475479126,1.5549999475479126,1.5549999475479126,120.0
2025-06-26 14:21:00,AUST,,1.3300000429153442,1.3300000429153442,1.3300000429153442,1.3300000429153442,201.0
2025-06-26 14:21:00,BRBS,,3.2950000762939453,3.2950000762939453,3.2950000762939453,3.2950000762939453,114.0
2025-06-26 14:21:00,BTG,,3.640000104904175,3.640000104904175,3.634999990463257,3.640000104904175,9764.0
2025-06-26 14:21:00,BURU,,0.3321000039577484,0.3321000039577484,0.3312999904155731,0.3312999904155731,5294.0
2025-06-26 14:21:00,CATX,,3.7100000381469727,3.7100000381469727,3.7100000381469727,3.7100000381469727,533.0
2025-06-26 14:21:00,CBOE,,227.9199981689453,228.00050354003906,227.9199981689453,228.00050354003906,843.0
2025-06-26 14:21:00,CEV,,9.66759967803955,9.66759967803955,9.66759967803955,9.66759967803955,23002.0
2025-06-26 14:21:00,CLM,,7.949999809265137,7.949999809265137,7.940000057220459,7.940000057220459,943.0
2025-06-26 14:21:00,CPHI,,1.8200000524520874,1.8200000524520874,1.8200000524520874,1.8200000524520874,201.0
2025-06-26 14:21:00,CQP,,56.185001373291016,56.279998779296875,56.17499923706055,56.2599983215332,1100.0
2025-06-26 14:21:00,CTM,,1.0499000549316406,1.0499000549316406,1.0449999570846558,1.0449999570846558,468.0
2025-06-26 14:21:00,DNN,,1.840000033378601,1.840000033378601,1.8300000429153442,1.8305000066757202,1005139.0
2025-06-26 14:21:00,ELMD,,21.1200008392334,21.1200008392334,21.1200008392334,21.1200008392334,381.0
2025-06-26 14:21:00,EQX,,5.925000190734863,5.929999828338623,5.925000190734863,5.925000190734863,3388.0
2025-06-26 14:21:00,ESP,,45.53499984741211,45.59000015258789,45.53499984741211,45.53499984741211,1404.0
2025-06-26 14:21:00,EVM,,8.84000015258789,8.84000015258789,8.84000015258789,8.84000015258789,100.0
2025-06-26 14:21:00,FSP,,1.690000057220459,1.690000057220459,1.690000057220459,1.690000057220459,390.0
2025-06-26 14:21:00,GGN,,4.385700225830078,4.385700225830078,4.385700225830078,4.385700225830078,250.0
2025-06-26 14:21:00,GLQ,,6.960000038146973,6.960000038146973,6.960000038146973,6.960000038146973,9754.0
2025-06-26 14:21:00,GNS,,1.1299999952316284,1.1299999952316284,1.1100000143051147,1.12909996509552,74829.0
2025-06-26 14:21:00,GROY,,2.2750000953674316,2.2750000953674316,2.2699999809265137,2.2699999809265137,362.0
2025-06-26 14:21:00,GSAT,,23.260000228881836,23.260000228881836,23.21980094909668,23.21980094909668,1416.0
2025-06-26 14:21:00,IE,,9.489999771118164,9.510000228881836,9.479999542236328,9.510000228881836,1420.0
2025-06-26 14:21:00,INDO,,3.0999999046325684,3.109999895095825,3.0999999046325684,3.109299898147583,2043.0
2025-06-26 14:21:00,ITRG,,1.5299999713897705,1.534999966621399,1.5299999713897705,1.5299999713897705,1224.0
2025-06-26 14:21:00,KNW,,1.9700000286102295,1.9700000286102295,1.9700000286102295,1.9700000286102295,153.0
2025-06-26 14:21:00,KULR,,5.119999885559082,5.119999885559082,5.114999771118164,5.119999885559082,1337.0
2025-06-26 14:21:00,LCTX,,1.0049999952316284,1.0049999952316284,1.0049999952316284,1.0049999952316284,100.0
2025-06-26 14:21:00,LEU,,175.0,175.05999755859375,174.9199981689453,174.9600067138672,1593.0
2025-06-26 14:21:00,LMND,,42.4640998840332,42.4640998840332,42.369998931884766,42.39500045776367,4144.0
2025-06-26 14:21:00,LNG,,242.10499572753906,242.10499572753906,242.08999633789062,242.08999633789062,1338.0
2025-06-26 14:21:00,MAG,,21.424999237060547,21.424999237060547,21.424999237060547,21.424999237060547,379.0
2025-06-26 14:21:00,NAK,,1.5499000549316406,1.5499000549316406,1.5449999570846558,1.5449999570846558,324.0
2025-06-26 14:21:00,NCL,,0.1809999942779541,0.1809999942779541,0.1809999942779541,0.1809999942779541,100.0
2025-06-26 14:21:00,NFGC,,1.475000023841858,1.475000023841858,1.475000023841858,1.475000023841858,280.0
2025-06-26 14:21:00,NG,,4.114999771118164,4.11899995803833,4.110000133514404,4.110000133514404,14729.0
2025-06-26 14:21:00,NGD,,4.914999961853027,4.920000076293945,4.909999847412109,4.910099983215332,18020.0
2025-06-26 14:21:00,NHS,,7.509900093078613,7.509900093078613,7.509900093078613,7.509900093078613,200.0
2025-06-26 14:21:00,NRO,,3.190000057220459,3.1986000537872314,3.190000057220459,3.190200090408325,6229.0
2025-06-26 14:21:00,OPTT,,0.5130000114440918,0.5132189989089966,0.5130000114440918,0.5132189989089966,1065.0
2025-06-26 14:21:00,ORLA,,10.0,10.0,10.0,10.0,237.0
2025-06-26 14:21:00,OSTX,,1.8350000381469727,1.8652000427246094,1.8350000381469727,1.8502000570297241,13189.0
2025-06-26 14:21:00,PLG,,1.6349999904632568,1.6349999904632568,1.6347999572753906,1.6349999904632568,7264.0
2025-06-26 14:21:00,PLMR,,152.60000610351562,152.60000610351562,152.0800018310547,152.0800018310547,1623.0
2025-06-26 14:21:00,PLX,,1.4850000143051147,1.4850000143051147,1.4850000143051147,1.4850000143051147,729.0
2025-06-26 14:21:00,REI,,0.7749999761581421,0.7749999761581421,0.7731999754905701,0.7731999754905701,48868.0
2025-06-26 14:21:00,SACH,,1.0898000001907349,1.0898000001907349,1.0898000001907349,1.0898000001907349,586.0
2025-06-26 14:21:00,SATX,,2.9611001014709473,2.9611001014709473,2.9611001014709473,2.9611001014709473,325.0
2025-06-26 14:21:00,SBEV,,3.809999942779541,3.8238000869750977,3.809999942779541,3.8238000869750977,957.0
2025-06-26 14:21:00,SENS,,0.5037000179290771,0.5037999749183655,0.4991999864578247,0.4991999864578247,121318.0
2025-06-26 14:21:00,SLI,,1.9149999618530273,1.9149999618530273,1.910099983215332,1.9149999618530273,5763.0
2025-06-26 14:21:00,STXS,,2.2100000381469727,2.2100000381469727,2.2100000381469727,2.2100000381469727,1003.0
2025-06-26 14:21:00,SVM,,4.184999942779541,4.184999942779541,4.184999942779541,4.184999942779541,758.0
2025-06-26 14:21:00,TGB,,3.119999885559082,3.126699924468994,3.119999885559082,3.119999885559082,3051.0
2025-06-26 14:21:00,THM,,0.8651000261306763,0.8801000118255615,0.8651000261306763,0.8800010085105896,42552.0
2025-06-26 14:21:00,TMQ,,1.4800000190734863,1.4800000190734863,1.4800000190734863,1.4800000190734863,432949.0
2025-06-26 14:21:00,TPET,,1.1766999959945679,1.1766999959945679,1.1766999959945679,1.1766999959945679,2107.0
2025-06-26 14:21:00,UAMY,,2.5850000381469727,2.5850000381469727,2.5845999717712402,2.5850000381469727,820.0
2025-06-26 14:21:00,UAVS,,1.149999976158142,1.149999976158142,1.1401000022888184,1.1401000022888184,3101.0
2025-06-26 14:21:00,UEC,,6.967800140380859,6.967800140380859,6.960000038146973,6.964099884033203,2869.0
2025-06-26 14:21:00,URG,,1.0399999618530273,1.0449999570846558,1.0399999618530273,1.0399999618530273,1730.0
2025-06-26 14:21:00,UTG,,35.474998474121094,35.474998474121094,35.474998474121094,35.474998474121094,239.0
2025-06-26 14:21:00,UUUU,,5.88539981842041,5.88539981842041,5.880099773406982,5.88539981842041,13302.0
2025-06-26 14:21:00,VZLA,,2.984999895095825,2.984999895095825,2.984999895095825,2.984999895095825,2603.0
2025-06-26 14:21:00,XPL,,0.6432999968528748,0.6432999968528748,0.6432999968528748,0.6432999968528748,210.0
2025-06-26 14:22:00,ACU,,40.5,40.5,40.5,40.5,400.0
2025-06-26 14:22:00,AEON,,0.7609999775886536,0.7609999775886536,0.7609500288963318,0.7609500288963318,179351.0
2025-06-26 14:22:00,AIRI,,3.375,3.375,3.375,3.375,1125.0
2025-06-26 14:22:00,AREN,,5.760000228881836,5.760000228881836,5.710000038146973,5.710000038146973,869.0
2025-06-26 14:22:00,ASM,,3.5199999809265137,3.5250000953674316,3.5199999809265137,3.5250000953674316,515.0
2025-06-26 14:22:00,ATNM,,1.5500999689102173,1.5549999475479126,1.5500999689102173,1.5549999475479126,763.0
2025-06-26 14:22:00,AZTR,,0.2583000063896179,0.2583000063896179,0.2583000063896179,0.2583000063896179,1129.0
2025-06-26 14:22:00,BATL,,1.4916000366210938,1.4916000366210938,1.4916000366210938,1.4916000366210938,480.0
2025-06-26 14:22:00,BQ,,1.9600000381469727,1.9600000381469727,1.9600000381469727,1.9600000381469727,100.0
2025-06-26 14:22:00,BRBS,,3.2899999618530273,3.2899999618530273,3.2899999618530273,3.2899999618530273,134.0
2025-06-26 14:22:00,BTG,,3.63100004196167,3.640000104904175,3.63100004196167,3.63100004196167,2377.0
2025-06-26 14:22:00,BURU,,0.3340499997138977,0.3340499997138977,0.33399999141693115,0.33399999141693115,1298.0
2025-06-26 14:22:00,CATX,,3.700000047683716,3.7100000381469727,3.700000047683716,3.7100000381469727,452.0
2025-06-26 14:22:00,CEF,,30.403499603271484,30.403499603271484,30.403499603271484,30.403499603271484,227.0
2025-06-26 14:22:00,CLM,,7.949999809265137,7.949999809265137,7.949999809265137,7.949999809265137,300.0
2025-06-26 14:22:00,CMCL,,19.1200008392334,19.1200008392334,19.1200008392334,19.1200008392334,139.0
2025-06-26 14:22:00,CQP,,56.185001373291016,56.185001373291016,56.185001373291016,56.185001373291016,509.0
2025-06-26 14:22:00,CRF,,7.554999828338623,7.554999828338623,7.554999828338623,7.554999828338623,200.0
2025-06-26 14:22:00,CTM,,1.0499999523162842,1.0499999523162842,1.0499999523162842,1.0499999523162842,100.0
2025-06-26 14:22:00,CYBN,,8.444999694824219,8.444999694824219,8.444999694824219,8.444999694824219,171.0
2025-06-26 14:22:00,DC,,3.805000066757202,3.805000066757202,3.799999952316284,3.799999952316284,1754.0
2025-06-26 14:22:00,DNN,,1.8300000429153442,1.840000033378601,1.8300000429153442,1.8352999687194824,53816.0
2025-06-26 14:22:00,EPM,,4.764999866485596,4.764999866485596,4.764999866485596,4.764999866485596,171.0
2025-06-26 14:22:00,EQX,,5.925000190734863,5.929999828338623,5.920000076293945,5.925000190734863,13392.0
2025-06-26 14:22:00,EVM,,8.84000015258789,8.84000015258789,8.84000015258789,8.84000015258789,803.0
2025-06-26 14:22:00,EVV,,10.164999961853027,10.164999961853027,10.164999961853027,10.164999961853027,110.0
2025-06-26 14:22:00,FOXO,,0.20399999618530273,0.20399999618530273,0.20399999618530273,0.20399999618530273,200.0
2025-06-26 14:22:00,GAU,,1.284999966621399,1.284999966621399,1.284999966621399,1.284999966621399,709.0
2025-06-26 14:22:00,GGN,,4.385700225830078,4.385700225830078,4.385700225830078,4.385700225830078,707.0
2025-06-26 14:22:00,GNS,,1.1449999809265137,1.149999976158142,1.1200000047683716,1.1200000047683716,52441.0
2025-06-26 14:22:00,GORO,,0.546999990940094,0.546999990940094,0.546999990940094,0.546999990940094,250.0
2025-06-26 14:22:00,GROY,,2.2750000953674316,2.2750000953674316,2.2699999809265137,2.2750000953674316,1600.0
2025-06-26 14:22:00,IBO,,0.9860510230064392,0.9890000224113464,0.9832000136375427,0.9879999756813049,1358.0
2025-06-26 14:22:00,IMO,,81.30999755859375,81.30999755859375,81.30999755859375,81.30999755859375,305.0
2025-06-26 14:22:00,INDO,,3.1050000190734863,3.1050000190734863,3.1050000190734863,3.1050000190734863,1601.0
2025-06-26 14:22:00,ITRG,,1.5299999713897705,1.5351999998092651,1.5299999713897705,1.5299999713897705,3700.0
2025-06-26 14:22:00,KULR,,5.114999771118164,5.119999885559082,5.114999771118164,5.119999885559082,1406.0
2025-06-26 14:22:00,LCTX,,1.003999948501587,1.0049999952316284,1.0,1.0,2145.0
2025-06-26 14:22:00,LEU,,175.18499755859375,175.41000366210938,175.18499755859375,175.2100067138672,1703.0
2025-06-26 14:22:00,LMND,,42.45000076293945,42.47990036010742,42.45000076293945,42.470001220703125,1798.0
2025-06-26 14:22:00,LNG,,242.1750030517578,242.1999969482422,242.15499877929688,242.1999969482422,1420.0
2025-06-26 14:22:00,MAG,,21.420000076293945,21.424999237060547,21.420000076293945,21.421199798583984,617.0
2025-06-26 14:22:00,MYO,,2.234999895095825,2.234999895095825,2.2307000160217285,2.2307000160217285,2097.0
2025-06-26 14:22:00,NAK,,1.5499999523162842,1.5499999523162842,1.5449999570846558,1.5449999570846558,882.0
2025-06-26 14:22:00,NBH,,9.795000076293945,9.795000076293945,9.795000076293945,9.795000076293945,100.0
2025-06-26 14:22:00,NCL,,0.1808999925851822,0.1809999942779541,0.18060000240802765,0.1809999942779541,8146.0
2025-06-26 14:22:00,NG,,4.119999885559082,4.119999885559082,4.110099792480469,4.114999771118164,4276.0
2025-06-26 14:22:00,NGD,,4.914999961853027,4.920000076293945,4.909999847412109,4.9166998863220215,12137.0
2025-06-26 14:22:00,NML,,8.835000038146973,8.835000038146973,8.835000038146973,8.835000038146973,100.0
2025-06-26 14:22:00,NNVC,,1.2400000095367432,1.2400000095367432,1.2400000095367432,1.2400000095367432,6636.0
2025-06-26 14:22:00,NRO,,3.190000057220459,3.190000057220459,3.190000057220459,3.190000057220459,2002.0
2025-06-26 14:22:00,OGEN,,3.3780999183654785,3.390000104904175,3.369999885559082,3.369999885559082,5810.0
2025-06-26 14:22:00,OPTT,,0.5130500197410583,0.5130500197410583,0.5130500197410583,0.5130500197410583,100.0
2025-06-26 14:22:00,ORLA,,9.989999771118164,10.0,9.989999771118164,10.0,437.0
2025-06-26 14:22:00,OSTX,,1.8350000381469727,1.8350000381469727,1.8300000429153442,1.8300000429153442,1748.0
2025-06-26 14:22:00,PLG,,1.6399999856948853,1.6399999856948853,1.6399999856948853,1.6399999856948853,100.0
2025-06-26 14:22:00,PLMR,,152.47000122070312,152.63499450683594,152.47000122070312,152.63499450683594,1020.0
2025-06-26 14:22:00,REI,,0.7773000001907349,0.7784000039100647,0.7773000001907349,0.777899980545044,9269.0
2025-06-26 14:22:00,SCCC,,24.974700927734375,24.979999542236328,24.974700927734375,24.979999542236328,480.0
2025-06-26 14:22:00,SENS,,0.5009999871253967,0.5037999749183655,0.5009999871253967,0.5037999749183655,57503.0
2025-06-26 14:22:00,SLI,,1.9149999618530273,1.9149999618530273,1.909999966621399,1.909999966621399,310.0
2025-06-26 14:22:00,STXS,,2.2049999237060547,2.2049999237060547,2.2049999237060547,2.2049999237060547,103.0
2025-06-26 14:22:00,SVM,,4.184999942779541,4.184999942779541,4.184999942779541,4.184999942779541,1035.0
2025-06-26 14:22:00,TGB,,3.1201000213623047,3.125,3.119999885559082,3.125,10813.0
2025-06-26 14:22:00,TMQ,,1.4800000190734863,1.4800000190734863,1.4800000190734863,1.4800000190734863,1343.0
2025-06-26 14:22:00,UAMY,,2.5850000381469727,2.5899999141693115,2.5850000381469727,2.5850000381469727,1381.0
2025-06-26 14:22:00,UAVS,,1.1435999870300293,1.1491999626159668,1.1402000188827515,1.1449999809265137,8759.0
2025-06-26 14:22:00,UEC,,6.960000038146973,6.96999979019165,6.960000038146973,6.965000152587891,12920.0
2025-06-26 14:22:00,URG,,1.0399999618530273,1.0499999523162842,1.0399999618530273,1.0449999570846558,3901.0
2025-06-26 14:22:00,USAS,,0.832099974155426,0.8323000073432922,0.8307999968528748,0.8307999968528748,500.0
2025-06-26 14:22:00,UUUU,,5.885000228881836,5.889999866485596,5.8846001625061035,5.885000228881836,11766.0
2025-06-26 14:22:00,VZLA,,2.984999895095825,2.990000009536743,2.984999895095825,2.990000009536743,219.0
2025-06-26 14:22:00,WWR,,0.602400004863739,0.602400004863739,0.602400004863739,0.602400004863739,1752.0
2025-06-26 14:23:00,ARMN,,6.840000152587891,6.840000152587891,6.840000152587891,6.840000152587891,513.0
2025-06-26 14:23:00,ASM,,3.5199999809265137,3.5199999809265137,3.5199999809265137,3.5199999809265137,725.0
2025-06-26 14:23:00,AZTR,,0.25760000944137573,0.2581999897956848,0.25760000944137573,0.2581999897956848,1330.0
2025-06-26 14:23:00,BCV,,18.770000457763672,18.824199676513672,18.770000457763672,18.824199676513672,252.0
2025-06-26 14:23:00,BHB,,29.770000457763672,29.770000457763672,29.770000457763672,29.770000457763672,495.0
2025-06-26 14:23:00,BQ,,1.9800000190734863,1.9800000190734863,1.9600000381469727,1.9600000381469727,12946.0
2025-06-26 14:23:00,BRBS,,3.2899999618530273,3.299999952316284,3.2899999618530273,3.2899999618530273,1106.0
2025-06-26 14:23:00,BTG,,3.634999990463257,3.640000104904175,3.634999990463257,3.634999990463257,11378.0
2025-06-26 14:23:00,CATX,,3.7100000381469727,3.7100000381469727,3.7100000381469727,3.7100000381469727,866.0
2025-06-26 14:23:00,CBOE,,227.89500427246094,227.93499755859375,227.89500427246094,227.89500427246094,912.0
2025-06-26 14:23:00,CEF,,30.416500091552734,30.420000076293945,30.40999984741211,30.40999984741211,4149.0
2025-06-26 14:23:00,CIK,,2.940000057220459,2.940000057220459,2.940000057220459,2.940000057220459,101.0
2025-06-26 14:23:00,CLDI,,0.22930000722408295,0.22930000722408295,0.22930000722408295,0.22930000722408295,2820.0
2025-06-26 14:23:00,CLM,,7.949900150299072,7.949999809265137,7.949900150299072,7.949999809265137,4115.0
2025-06-26 14:23:00,CMCL,,19.170000076293945,19.170000076293945,19.1200008392334,19.1200008392334,1857.0
2025-06-26 14:23:00,CMT,,17.09000015258789,17.09000015258789,17.09000015258789,17.09000015258789,145.0
2025-06-26 14:23:00,CQP,,56.220001220703125,56.220001220703125,56.185001373291016,56.1885986328125,860.0
2025-06-26 14:23:00,CTM,,1.0399999618530273,1.0449999570846558,1.0399999618530273,1.0449999570846558,580.0
2025-06-26 14:23:00,DC,,3.805000066757202,3.805000066757202,3.805000066757202,3.805000066757202,1175.0
2025-06-26 14:23:00,DNN,,1.840000033378601,1.840000033378601,1.8350000381469727,1.840000033378601,12760.0
2025-06-26 14:23:00,EIM,,9.546500205993652,9.546500205993652,9.546500205993652,9.546500205993652,1460.0
2025-06-26 14:23:00,EPM,,4.769899845123291,4.769899845123291,4.769899845123291,4.769899845123291,400.0
2025-06-26 14:23:00,EQX,,5.925000190734863,5.929999828338623,5.920000076293945,5.925000190734863,8864.0
2025-06-26 14:23:00,FOXO,,0.20340000092983246,0.20340000092983246,0.20340000092983246,0.20340000092983246,1800.0
2025-06-26 14:23:00,FSP,,1.690000057220459,1.690000057220459,1.690000057220459,1.690000057220459,174.0
2025-06-26 14:23:00,GENC,,14.350000381469727,14.350000381469727,14.180000305175781,14.180000305175781,297.0
2025-06-26 14:23:00,GGN,,4.384799957275391,4.385000228881836,4.384799957275391,4.385000228881836,300.0
2025-06-26 14:23:00,GLDG,,0.7443000078201294,0.7443000078201294,0.7443000078201294,0.7443000078201294,1027.0
2025-06-26 14:23:00,GNS,,1.1299999952316284,1.149999976158142,1.1100000143051147,1.1470999717712402,173887.0
2025-06-26 14:23:00,GORO,,0.5436000227928162,0.5436000227928162,0.5436000227928162,0.5436000227928162,100.0
2025-06-26 14:23:00,GROY,,2.2750000953674316,2.2750000953674316,2.2699999809265137,2.2750000953674316,419.0
2025-06-26 14:23:00,GSAT,,23.270000457763672,23.270000457763672,23.270000457763672,23.270000457763672,480.0
2025-06-26 14:23:00,HUSA,,13.15999984741211,13.15999984741211,13.15999984741211,13.15999984741211,190.0
2025-06-26 14:23:00,IBO,,0.9854999780654907,0.9890000224113464,0.9854999780654907,0.9861000180244446,1531.0
2025-06-26 14:23:00,IE,,9.510000228881836,9.510000228881836,9.510000228881836,9.510000228881836,643.0
2025-06-26 14:23:00,IGC,,0.3087509870529175,0.3087509870529175,0.3087509870529175,0.3087509870529175,129620.0
2025-06-26 14:23:00,IMO,,81.33000183105469,81.33000183105469,81.30000305175781,81.30000305175781,644.0
2025-06-26 14:23:00,INDO,,3.1098999977111816,3.109999895095825,3.1050000190734863,3.1050000190734863,1323.0
2025-06-26 14:23:00,INUV,,3.930000066757202,3.930000066757202,3.930000066757202,3.930000066757202,153.0
2025-06-26 14:23:00,ITRG,,1.5299999713897705,1.5299999713897705,1.5299999713897705,1.5299999713897705,624.0
2025-06-26 14:23:00,KULR,,5.128699779510498,5.128699779510498,5.119999885559082,5.119999885559082,2826.0
2025-06-26 14:23:00,LCTX,,1.0098999738693237,1.0098999738693237,1.0,1.0049999952316284,5325.0
2025-06-26 14:23:00,LEU,,175.53500366210938,175.53500366210938,175.19000244140625,175.47000122070312,915.0
2025-06-26 14:23:00,LMND,,42.529998779296875,42.529998779296875,42.45000076293945,42.45000076293945,2191.0
2025-06-26 14:23:00,LNG,,242.1439971923828,242.1439971923828,242.1439971923828,242.1439971923828,680.0
2025-06-26 14:23:00,MAG,,21.420000076293945,21.424999237060547,21.420000076293945,21.424999237060547,881.0
2025-06-26 14:23:00,MTA,,3.880000114440918,3.880000114440918,3.880000114440918,3.880000114440918,100.0
2025-06-26 14:23:00,MYO,,2.234999895095825,2.234999895095825,2.234999895095825,2.234999895095825,445.0
2025-06-26 14:23:00,NAK,,1.5489000082015991,1.5499000549316406,1.5449999570846558,1.5449999570846558,2050.0
2025-06-26 14:23:00,NG,,4.1118998527526855,4.119999885559082,4.110000133514404,4.114999771118164,16248.0
2025-06-26 14:23:00,NGD,,4.914999961853027,4.920000076293945,4.909999847412109,4.909999847412109,9939.0
2025-06-26 14:23:00,NNVC,,1.2348999977111816,1.2348999977111816,1.2348999977111816,1.2348999977111816,100.0
2025-06-26 14:23:00,OBE,,5.510000228881836,5.510000228881836,5.510000228881836,5.510000228881836,170.0
2025-06-26 14:23:00,OPTT,,0.5133000016212463,0.5133000016212463,0.5127000212669373,0.5130000114440918,3640.0
2025-06-26 14:23:00,ORLA,,9.994999885559082,9.994999885559082,9.994999885559082,9.994999885559082,620.0
2025-06-26 14:23:00,PLG,,1.63510000705719,1.63510000705719,1.63510000705719,1.63510000705719,615.0
2025-06-26 14:23:00,PRK,,166.5,166.5,166.5,166.5,445.0
2025-06-26 14:23:00,REI,,0.7777000069618225,0.7777000069618225,0.7757999897003174,0.7757999897003174,2606.0
2025-06-26 14:23:00,SATX,,2.9649999141693115,2.9649999141693115,2.9600000381469727,2.9600000381469727,4320.0
2025-06-26 14:23:00,SBEV,,3.7799999713897705,3.7799999713897705,3.7799999713897705,3.7799999713897705,3445.0
2025-06-26 14:23:00,SEB,,2923.030029296875,2923.030029296875,2923.030029296875,2923.030029296875,1.0
2025-06-26 14:23:00,SGN,,1.149999976158142,1.149999976158142,1.1399999856948853,1.1399999856948853,2637.0
2025-06-26 14:23:00,SKYH,,9.579999923706055,9.579999923706055,9.579999923706055,9.579999923706055,111.0
2025-06-26 14:23:00,SLI,,1.9190000295639038,1.9190000295639038,1.9190000295639038,1.9190000295639038,166.0
2025-06-26 14:23:00,STXS,,2.200000047683716,2.200000047683716,2.200000047683716,2.200000047683716,105.0
2025-06-26 14:23:00,SVM,,4.184999942779541,4.188799858093262,4.184999942779541,4.184999942779541,1248.0
2025-06-26 14:23:00,TGB,,3.119999885559082,3.125,3.119999885559082,3.119999885559082,5718.0
2025-06-26 14:23:00,TOON,,0.758554995059967,0.758554995059967,0.758554995059967,0.758554995059967,144.0
2025-06-26 14:23:00,UAMY,,2.5850000381469727,2.5899999141693115,2.581899881362915,2.589099884033203,2366.0
2025-06-26 14:23:00,UAVS,,1.1449999809265137,1.1475000381469727,1.1431000232696533,1.1475000381469727,10235.0
2025-06-26 14:23:00,UEC,,6.965000152587891,6.96999979019165,6.961599826812744,6.965000152587891,3269.0
2025-06-26 14:23:00,URG,,1.0399999618530273,1.0449999570846558,1.0399999618530273,1.0449999570846558,1671.0
2025-06-26 14:23:00,USAS,,0.8306999802589417,0.8306999802589417,0.8299999833106995,0.8299999833106995,282.0
2025-06-26 14:23:00,UUUU,,5.885000228881836,5.889999866485596,5.880099773406982,5.889999866485596,13689.0
2025-06-26 14:23:00,VGZ,,1.0299999713897705,1.0299999713897705,1.0299999713897705,1.0299999713897705,101.0
2025-06-26 14:23:00,VZLA,,2.9700000286102295,2.984999895095825,2.9700000286102295,2.984999895095825,81339.0
2025-06-26 14:24:00,ACU,,40.15999984741211,40.29999923706055,40.15999984741211,40.29999923706055,504.0
2025-06-26 14:24:00,AIM,,9.573699951171875,9.573699951171875,9.573699951171875,9.573699951171875,0.0
2025-06-26 14:24:00,AIRI,,3.4000000953674316,3.4000000953674316,3.380000114440918,3.4000000953674316,2877.0
2025-06-26 14:24:00,AREN,,5.699999809265137,5.699999809265137,5.699999809265137,5.699999809265137,104.0
2025-06-26 14:24:00,ARMN,,6.840000152587891,6.840000152587891,6.840000152587891,6.840000152587891,1672.0
2025-06-26 14:24:00,ATNM,,1.5549999475479126,1.5549999475479126,1.5549999475479126,1.5549999475479126,120.0
2025-06-26 14:24:00,AZTR,,0.2572000026702881,0.25769999623298645,0.2572000026702881,0.2572000026702881,4034.0
2025-06-26 14:24:00,BQ,,2.059999942779541,2.059999942779541,1.9900000095367432,2.029900074005127,4634.0
2025-06-26 14:24:00,BRBS,,3.2899999618530273,3.299999952316284,3.2899999618530273,3.2899999618530273,808.0
2025-06-26 14:24:00,BTG,,3.634999990463257,3.634999990463257,3.634999990463257,3.634999990463257,62171.0
2025-06-26 14:24:00,BURU,,0.33410000801086426,0.33410000801086426,0.33410000801086426,0.33410000801086426,224.0
2025-06-26 14:24:00,CATX,,3.7100000381469727,3.7100000381469727,3.701900005340576,3.7100000381469727,894.0
2025-06-26 14:24:00,CBOE,,227.89999389648438,227.89999389648438,227.89999389648438,227.89999389648438,631.0
2025-06-26 14:24:00,CCEL,,5.294300079345703,5.294300079345703,5.294300079345703,5.294300079345703,326.0
2025-06-26 14:24:00,CLM,,7.949999809265137,7.949999809265137,7.945199966430664,7.949999809265137,918.0
2025-06-26 14:24:00,CQP,,56.185001373291016,56.185001373291016,56.11000061035156,56.185001373291016,545.0
2025-06-26 14:24:00,CRF,,7.554999828338623,7.557600021362305,7.554999828338623,7.554999828338623,408.0
2025-06-26 14:24:00,CYBN,,8.430000305175781,8.430000305175781,8.420000076293945,8.420000076293945,441.0
2025-06-26 14:24:00,DNN,,1.840000033378601,1.840000033378601,1.8350000381469727,1.8350000381469727,6283.0
2025-06-26 14:24:00,ELMD,,21.1299991607666,21.1299991607666,21.1299991607666,21.1299991607666,153.0
2025-06-26 14:24:00,EQX,,5.925000190734863,5.929999828338623,5.925000190734863,5.925000190734863,6666.0
2025-06-26 14:24:00,FOXO,,0.20399999618530273,0.20399999618530273,0.20399999618530273,0.20399999618530273,3208.0
2025-06-26 14:24:00,FTF,,6.385000228881836,6.389999866485596,6.383299827575684,6.383299827575684,4400.0
2025-06-26 14:24:00,FURY,,0.4893999993801117,0.4893999993801117,0.4893999993801117,0.4893999993801117,90188.0
2025-06-26 14:24:00,GAU,,1.284999966621399,1.284999966621399,1.284999966621399,1.284999966621399,105.0
2025-06-26 14:24:00,GGN,,4.385000228881836,4.385000228881836,4.385000228881836,4.385000228881836,200.0
2025-06-26 14:24:00,GNS,,1.1201000213623047,1.1299999952316284,1.1101000308990479,1.1200000047683716,88654.0
2025-06-26 14:24:00,GORO,,0.5400999784469604,0.5400999784469604,0.5400999784469604,0.5400999784469604,100.0
2025-06-26 14:24:00,GROY,,2.2750000953674316,2.2750000953674316,2.2699999809265137,2.2750000953674316,657.0
2025-06-26 14:24:00,GTE,,5.03000020980835,5.03000020980835,5.03000020980835,5.03000020980835,129.0
2025-06-26 14:24:00,HUSA,,13.15999984741211,13.15999984741211,13.15999984741211,13.15999984741211,141.0
2025-06-26 14:24:00,IBO,,0.9998999834060669,1.0,0.9861999750137329,0.9861999750137329,702.0
2025-06-26 14:24:00,IE,,9.484999656677246,9.510000228881836,9.479999542236328,9.484999656677246,1500.0
2025-06-26 14:24:00,IMO,,81.31999969482422,81.33999633789062,81.31999969482422,81.33999633789062,286.0
2025-06-26 14:24:00,INDO,,3.109499931335449,3.109499931335449,3.1050000190734863,3.1050000190734863,600.0
2025-06-26 14:24:00,INFU,,6.494999885559082,6.494999885559082,6.494999885559082,6.494999885559082,357.0
2025-06-26 14:24:00,ITRG,,1.5389000177383423,1.5389000177383423,1.5389000177383423,1.5389000177383423,151.0
2025-06-26 14:24:00,KULR,,5.125,5.130000114440918,5.125,5.130000114440918,1652.0
2025-06-26 14:24:00,LCTX,,1.0049999952316284,1.0049999952316284,1.0,1.0,2502.0
2025-06-26 14:24:00,LEU,,175.83999633789062,175.83999633789062,175.0601043701172,175.0601043701172,825.0
2025-06-26 14:24:00,LMND,,42.52000045776367,42.529998779296875,42.5099983215332,42.529998779296875,3358.0
2025-06-26 14:24:00,LNG,,242.2100067138672,242.2100067138672,242.16000366210938,242.16000366210938,707.0
2025-06-26 14:24:00,MAG,,21.415000915527344,21.415000915527344,21.415000915527344,21.415000915527344,358.0
2025-06-26 14:24:00,MTA,,3.890000104904175,3.890000104904175,3.890000104904175,3.890000104904175,182.0
2025-06-26 14:24:00,MYO,,2.234600067138672,2.234600067138672,2.234600067138672,2.234600067138672,488.0
2025-06-26 14:24:00,NAK,,1.5399999618530273,1.5449999570846558,1.5399999618530273,1.5449999570846558,7428.0
2025-06-26 14:24:00,NBH,,9.795000076293945,9.795000076293945,9.795000076293945,9.795000076293945,100.0
2025-06-26 14:24:00,NEWP,,1.3880000114440918,1.3880000114440918,1.3880000114440918,1.3880000114440918,100.0
2025-06-26 14:24:00,NG,,4.114999771118164,4.119999885559082,4.110000133514404,4.114999771118164,6119.0
2025-06-26 14:24:00,NGD,,4.914999961853027,4.920000076293945,4.909999847412109,4.914999961853027,4555.0
2025-06-26 14:24:00,NNVC,,1.2350000143051147,1.2350000143051147,1.2350000143051147,1.2350000143051147,200.0
2025-06-26 14:24:00,OGEN,,3.4000000953674316,3.4000000953674316,3.4000000953674316,3.4000000953674316,478.0
2025-06-26 14:24:00,ORLA,,9.994999885559082,9.994999885559082,9.984999656677246,9.989999771118164,2472.0
2025-06-26 14:24:00,OSTX,,1.8300000429153442,1.8300000429153442,1.8300000429153442,1.8300000429153442,100.0
2025-06-26 14:24:00,PLG,,1.6449999809265137,1.6449999809265137,1.6349999904632568,1.6399999856948853,33472.0
2025-06-26 14:24:00,PLMR,,152.44500732421875,152.44500732421875,152.44500732421875,152.44500732421875,493.0
2025-06-26 14:24:00,PLX,,1.4850000143051147,1.4850000143051147,1.4801000356674194,1.4801000356674194,337.0
2025-06-26 14:24:00,PRK,,166.39999389648438,166.39999389648438,166.39999389648438,166.39999389648438,1530.0
2025-06-26 14:24:00,REI,,0.7773000001907349,0.7773000001907349,0.7773000001907349,0.7773000001907349,1834.0
2025-06-26 14:24:00,SATX,,2.9600000381469727,2.9600000381469727,2.9600000381469727,2.9600000381469727,300.0
2025-06-26 14:24:00,SBEV,,3.7739999294281006,3.7739999294281006,3.7739999294281006,3.7739999294281006,635.0
2025-06-26 14:24:00,SENS,,0.5011000037193298,0.5011000037193298,0.5011000037193298,0.5011000037193298,458.0
2025-06-26 14:24:00,SKYH,,9.574999809265137,9.574999809265137,9.574999809265137,9.574999809265137,443.0
2025-06-26 14:24:00,SLI,,1.9149999618530273,1.9149999618530273,1.9149999618530273,1.9149999618530273,200.0
2025-06-26 14:24:00,SOAR,,1.3849999904632568,1.3849999904632568,1.3849999904632568,1.3849999904632568,132.0
2025-06-26 14:24:00,STXS,,2.2100000381469727,2.2100000381469727,2.2100000381469727,2.2100000381469727,1017.0
2025-06-26 14:24:00,SVM,,4.184999942779541,4.184999942779541,4.184999942779541,4.184999942779541,240.0
2025-06-26 14:24:00,TGB,,3.119999885559082,3.1254000663757324,3.119999885559082,3.119999885559082,52584.0
2025-06-26 14:24:00,TOVX,,0.4408000111579895,0.4408000111579895,0.4408000111579895,0.4408000111579895,115908.0
2025-06-26 14:24:00,TPET,,1.184999942779541,1.184999942779541,1.184999942779541,1.184999942779541,1200.0
2025-06-26 14:24:00,UAMY,,2.581899881362915,2.5850000381469727,2.581899881362915,2.5850000381469727,1329.0
2025-06-26 14:24:00,UAVS,,1.149899959564209,1.149999976158142,1.1449999809265137,1.1449999809265137,30400.0
2025-06-26 14:24:00,UEC,,6.96999979019165,6.96999979019165,6.960100173950195,6.965000152587891,6883.0
2025-06-26 14:24:00,URG,,1.0399999618530273,1.0449999570846558,1.0399999618530273,1.0449999570846558,3801.0
2025-06-26 14:24:00,USAS,,0.8335000276565552,0.8335000276565552,0.8335000276565552,0.8335000276565552,1063.0
2025-06-26 14:24:00,UUUU,,5.885000228881836,5.889999866485596,5.885000228881836,5.885000228881836,5742.0
2025-06-26 14:24:00,VNRX,,0.8114010095596313,0.8513000011444092,0.8112999796867371,0.8513000011444092,1131.0
2025-06-26 14:24:00,VZLA,,2.9749999046325684,2.9767000675201416,2.9744999408721924,2.9744999408721924,5639.0
2025-06-26 14:25:00,AEON,,0.7609999775886536,0.7609999775886536,0.7609999775886536,0.7609999775886536,336.0
2025-06-26 14:25:00,AIRI,,3.384999990463257,3.384999990463257,3.384999990463257,3.384999990463257,230.0
2025-06-26 14:25:00,AREN,,5.869999885559082,5.880000114440918,5.760000228881836,5.760000228881836,3627.0
2025-06-26 14:25:00,ARMN,,6.84499979019165,6.84499979019165,6.84499979019165,6.84499979019165,1200.0
2025-06-26 14:25:00,ASM,,3.5199999809265137,3.5250000953674316,3.5199999809265137,3.5199999809265137,1742.0
2025-06-26 14:25:00,ATNM,,1.5549999475479126,1.5549999475479126,1.5549999475479126,1.5549999475479126,400.0
2025-06-26 14:25:00,AUMN,,0.1753000020980835,0.1753000020980835,0.1753000020980835,0.1753000020980835,500.0
2025-06-26 14:25:00,AZTR,,0.25850000977516174,0.25850000977516174,0.2572000026702881,0.2572000026702881,6705.0
2025-06-26 14:25:00,BATL,,1.4800000190734863,1.4800000190734863,1.4800000190734863,1.4800000190734863,211.0
2025-06-26 14:25:00,BQ,,2.119999885559082,2.1649999618530273,2.0799999237060547,2.0999999046325684,14122.0
2025-06-26 14:25:00,BRBS,,3.2950000762939453,3.2950000762939453,3.2899999618530273,3.2899999618530273,1623.0
2025-06-26 14:25:00,BTG,,3.634999990463257,3.634999990463257,3.634999990463257,3.634999990463257,32730.0
2025-06-26 14:25:00,BURU,,0.33559998869895935,0.33559998869895935,0.33559998869895935,0.33559998869895935,1307.0
2025-06-26 14:25:00,CATX,,3.7100000381469727,3.7100000381469727,3.7100000381469727,3.7100000381469727,231.0
2025-06-26 14:25:00,CBOE,,227.87750244140625,227.89999389648438,227.86500549316406,227.89999389648438,3001.0
2025-06-26 14:25:00,CEF,,30.420000076293945,30.420000076293945,30.420000076293945,30.420000076293945,100.0
2025-06-26 14:25:00,CMCL,,19.209999084472656,19.209999084472656,19.209999084472656,19.209999084472656,191.0
2025-06-26 14:25:00,CPHI,,1.8200000524520874,1.8200000524520874,1.8200000524520874,1.8200000524520874,100.0
2025-06-26 14:25:00,CQP,,56.185001373291016,56.185001373291016,56.185001373291016,56.185001373291016,441.0
2025-06-26 14:25:00,CRF,,7.554999828338623,7.554999828338623,7.554999828338623,7.554999828338623,952.0
2025-06-26 14:25:00,CTM,,1.0499999523162842,1.0499999523162842,1.0449999570846558,1.0449999570846558,1050.0
2025-06-26 14:25:00,CYBN,,8.420000076293945,8.420000076293945,8.420000076293945,8.420000076293945,168.0
2025-06-26 14:25:00,DC,,3.805000066757202,3.805000066757202,3.805000066757202,3.805000066757202,190.0
2025-06-26 14:25:00,DHY,,2.1050000190734863,2.1050000190734863,2.1050000190734863,2.1050000190734863,1001.0
2025-06-26 14:25:00,DNN,,1.8350000381469727,1.840000033378601,1.8300000429153442,1.8300000429153442,33101.0
2025-06-26 14:25:00,ELMD,,21.280000686645508,21.280000686645508,21.280000686645508,21.280000686645508,191.0
2025-06-26 14:25:00,EQX,,5.925000190734863,5.929999828338623,5.920000076293945,5.920000076293945,2808.0
2025-06-26 14:25:00,FOXO,,0.2029000073671341,0.2029000073671341,0.2029000073671341,0.2029000073671341,201.0
2025-06-26 14:25:00,FSP,,1.690000057220459,1.690000057220459,1.690000057220459,1.690000057220459,100.0
2025-06-26 14:25:00,GNS,,1.1301000118255615,1.1399999856948853,1.1200000047683716,1.1210999488830566,52864.0
2025-06-26 14:25:00,GORO,,0.5436499714851379,0.5471000075340271,0.5436000227928162,0.5436000227928162,700.0
2025-06-26 14:25:00,GROY,,2.275099992752075,2.279900074005127,2.2750000953674316,2.2750000953674316,3005.0
2025-06-26 14:25:00,GSAT,,23.270000457763672,23.270000457763672,23.270000457763672,23.270000457763672,407.0
2025-06-26 14:25:00,HUSA,,13.07979965209961,13.140000343322754,13.07979965209961,13.140000343322754,248.0
2025-06-26 14:25:00,IBO,,0.9926999807357788,0.9926999807357788,0.9926999807357788,0.9926999807357788,365.0
2025-06-26 14:25:00,IDR,,13.130000114440918,13.130000114440918,13.100000381469727,13.100600242614746,993.0
2025-06-26 14:25:00,IE,,9.494999885559082,9.494999885559082,9.494999885559082,9.494999885559082,354.0
2025-06-26 14:25:00,INDO,,3.1050000190734863,3.109299898147583,3.1050000190734863,3.109299898147583,510.0
2025-06-26 14:25:00,KNW,,1.9600000381469727,1.9601999521255493,1.9600000381469727,1.9601999521255493,1435.0
2025-06-26 14:25:00,KULR,,5.130000114440918,5.130000114440918,5.120100021362305,5.125,1988.0
2025-06-26 14:25:00,LCTX,,1.0049999952316284,1.0049999952316284,1.0,1.0,1205.0
2025-06-26 14:25:00,LEU,,174.69500732421875,175.5399932861328,174.69500732421875,175.5399932861328,4372.0
2025-06-26 14:25:00,LMND,,42.540000915527344,42.540000915527344,42.518001556396484,42.518001556396484,643.0
2025-06-26 14:25:00,LNG,,242.2899932861328,242.2899932861328,242.15499877929688,242.15499877929688,1553.0
2025-06-26 14:25:00,MAG,,21.420000076293945,21.420000076293945,21.415000915527344,21.415000915527344,1354.0
2025-06-26 14:25:00,MRT,,2.85260009765625,2.85260009765625,2.85260009765625,2.85260009765625,379.0
2025-06-26 14:25:00,MYO,,2.2320001125335693,2.234999895095825,2.2320001125335693,2.234999895095825,469.0
2025-06-26 14:25:00,NAK,,1.548799991607666,1.548799991607666,1.548799991607666,1.548799991607666,7000.0
2025-06-26 14:25:00,NCL,,0.1809999942779541,0.1809999942779541,0.1809999942779541,0.1809999942779541,16583.0
2025-06-26 14:25:00,NG,,4.114999771118164,4.119999885559082,4.114999771118164,4.119999885559082,7368.0
2025-06-26 14:25:00,NGD,,4.914999961853027,4.920000076293945,4.909999847412109,4.909999847412109,2462.0
2025-06-26 14:25:00,NHC,,107.40499877929688,107.40499877929688,107.40499877929688,107.40499877929688,634.0
2025-06-26 14:25:00,NNVC,,1.2400000095367432,1.2400000095367432,1.2400000095367432,1.2400000095367432,2248.0
2025-06-26 14:25:00,NRO,,3.194999933242798,3.194999933242798,3.194999933242798,3.194999933242798,900.0
2025-06-26 14:25:00,OGEN,,3.440000057220459,3.440000057220459,3.440000057220459,3.440000057220459,170.0
2025-06-26 14:25:00,OPTT,,0.5130000114440918,0.5130000114440918,0.5130000114440918,0.5130000114440918,500.0
2025-06-26 14:25:00,ORLA,,9.979999542236328,9.989999771118164,9.979999542236328,9.989999771118164,2140.0
2025-06-26 14:25:00,PED,,0.6620000004768372,0.6620000004768372,0.6620000004768372,0.6620000004768372,835.0
2025-06-26 14:25:00,PLAG,,0.8500999808311462,0.8500999808311462,0.8500999808311462,0.8500999808311462,300.0
2025-06-26 14:25:00,PLX,,1.4850000143051147,1.4850000143051147,1.4850000143051147,1.4850000143051147,212.0
2025-06-26 14:25:00,REI,,0.7773000001907349,0.7773000001907349,0.7773000001907349,0.7773000001907349,606.0
2025-06-26 14:25:00,SATX,,2.9600000381469727,2.9600000381469727,2.9600000381469727,2.9600000381469727,204.0
2025-06-26 14:25:00,SBEV,,3.7799999713897705,3.7799999713897705,3.723400115966797,3.723400115966797,1497.0
2025-06-26 14:25:00,SENS,,0.5009999871253967,0.5009999871253967,0.5009999871253967,0.5009999871253967,1006.0
2025-06-26 14:25:00,SLI,,1.9149999618530273,1.9149999618530273,1.909999966621399,1.9149999618530273,1378.0
2025-06-26 14:25:00,STXS,,2.2049999237060547,2.2049999237060547,2.200000047683716,2.200000047683716,303.0
2025-06-26 14:25:00,SVM,,4.179999828338623,4.190000057220459,4.179999828338623,4.190000057220459,1689.0
2025-06-26 14:25:00,TGB,,3.115000009536743,3.1201999187469482,3.109999895095825,3.119999885559082,93693.0
2025-06-26 14:25:00,THM,,0.875,0.875,0.875,0.875,200.0
2025-06-26 14:25:00,TMP,,63.060001373291016,63.060001373291016,63.060001373291016,63.060001373291016,184.0
2025-06-26 14:25:00,TMQ,,1.4800000190734863,1.4800000190734863,1.4800000190734863,1.4800000190734863,702.0
2025-06-26 14:25:00,TOVX,,0.4300999939441681,0.4300999939441681,0.4300999939441681,0.4300999939441681,4296.0
2025-06-26 14:25:00,TPET,,1.1887999773025513,1.1887999773025513,1.1799999475479126,1.184999942779541,3280.0
2025-06-26 14:25:00,UAMY,,2.5899999141693115,2.5899999141693115,2.5799999237060547,2.5850000381469727,6217.0
2025-06-26 14:25:00,UAVS,,1.159999966621399,1.159999966621399,1.149999976158142,1.149999976158142,4863.0
2025-06-26 14:25:00,UEC,,6.949999809265137,6.968100070953369,6.949999809265137,6.965000152587891,31120.0
2025-06-26 14:25:00,URG,,1.0449999570846558,1.0499999523162842,1.0399999618530273,1.0399999618530273,3856.0
2025-06-26 14:25:00,UUUU,,5.880000114440918,5.889900207519531,5.875,5.885000228881836,26218.0
2025-06-26 14:25:00,VGZ,,1.024999976158142,1.024999976158142,1.024999976158142,1.024999976158142,110.0
2025-06-26 14:25:00,VKI,,8.220000267028809,8.220000267028809,8.220000267028809,8.220000267028809,60900.0
2025-06-26 14:25:00,VZLA,,2.9749999046325684,2.9749999046325684,2.9749999046325684,2.9749999046325684,2250.0
2025-06-26 14:26:00,ARMN,,6.829999923706055,6.840000152587891,6.829999923706055,6.840000152587891,6244.0
2025-06-26 14:26:00,ASM,,3.5199999809265137,3.5250000953674316,3.5199999809265137,3.5250000953674316,4738.0
2025-06-26 14:26:00,AZTR,,0.2599000036716461,0.2599000036716461,0.2572000026702881,0.2572000026702881,4300.0
2025-06-26 14:26:00,BEEP,,4.244999885559082,4.244999885559082,4.244999885559082,4.244999885559082,540.0
2025-06-26 14:26:00,BKTI,,55.0,55.0,54.95000076293945,54.95000076293945,411.0
2025-06-26 14:26:00,BQ,,2.100100040435791,2.100100040435791,1.9700000286102295,2.0999999046325684,3440.0
2025-06-26 14:26:00,BRBS,,3.2899999618530273,3.299999952316284,3.2899999618530273,3.299999952316284,1761.0
2025-06-26 14:26:00,BTG,,3.640000104904175,3.640000104904175,3.6301000118255615,3.639899969100952,113247.0
2025-06-26 14:26:00,BURU,,0.33559998869895935,0.33559998869895935,0.33559998869895935,0.33559998869895935,639.0
2025-06-26 14:26:00,CATX,,3.7100000381469727,3.7100000381469727,3.7100000381469727,3.7100000381469727,447.0
2025-06-26 14:26:00,CEF,,30.415000915527344,30.415000915527344,30.40999984741211,30.40999984741211,300.0
2025-06-26 14:26:00,CLDI,,0.22624999284744263,0.23000000417232513,0.22624999284744263,0.23000000417232513,14146.0
2025-06-26 14:26:00,CLM,,7.949999809265137,7.949999809265137,7.949999809265137,7.949999809265137,502.0
2025-06-26 14:26:00,CMT,,17.149999618530273,17.170000076293945,17.149999618530273,17.170000076293945,399.0
2025-06-26 14:26:00,CPHI,,1.8200000524520874,1.8200000524520874,1.8200000524520874,1.8200000524520874,685.0
2025-06-26 14:26:00,CQP,,56.185001373291016,56.185001373291016,56.185001373291016,56.185001373291016,380.0
2025-06-26 14:26:00,CRF,,7.550000190734863,7.557700157165527,7.550000190734863,7.557700157165527,697.0
2025-06-26 14:26:00,CTGO,,20.790000915527344,20.799999237060547,20.790000915527344,20.799999237060547,892.0
2025-06-26 14:26:00,CTM,,1.0499999523162842,1.0499999523162842,1.0499999523162842,1.0499999523162842,109.0
2025-06-26 14:26:00,CVM,,2.430000066757202,2.434999942779541,2.430000066757202,2.430000066757202,715.0
2025-06-26 14:26:00,DC,,3.805000066757202,3.805000066757202,3.805000066757202,3.805000066757202,252.0
2025-06-26 14:26:00,DHY,,2.109999895095825,2.109999895095825,2.109999895095825,2.109999895095825,310.0
2025-06-26 14:26:00,DNN,,1.8300000429153442,1.840000033378601,1.8300000429153442,1.840000033378601,2620797.0
2025-06-26 14:26:00,EPM,,4.764999866485596,4.764999866485596,4.764999866485596,4.764999866485596,100.0
2025-06-26 14:26:00,EQX,,5.920000076293945,5.929999828338623,5.920000076293945,5.925000190734863,5845.0
2025-06-26 14:26:00,ERC,,9.385000228881836,9.385000228881836,9.385000228881836,9.385000228881836,163.0
2025-06-26 14:26:00,ESP,,45.5,45.5,45.5,45.5,267.0
2025-06-26 14:26:00,GAU,,1.2799999713897705,1.2799999713897705,1.2799999713897705,1.2799999713897705,18419.0
2025-06-26 14:26:00,GGN,,4.380099773406982,4.385000228881836,4.380099773406982,4.385000228881836,1366.0
2025-06-26 14:26:00,GNS,,1.1398999691009521,1.1399999856948853,1.1301000118255615,1.1301000118255615,29697.0
2025-06-26 14:26:00,GORO,,0.5471000075340271,0.5471000075340271,0.546999990940094,0.546999990940094,411.0
2025-06-26 14:26:00,GROY,,2.2750000953674316,2.2750000953674316,2.2699999809265137,2.2750000953674316,600.0
2025-06-26 14:26:00,GSAT,,23.239999771118164,23.25,23.239999771118164,23.25,2115.0
2025-06-26 14:26:00,HUSA,,13.050000190734863,13.050000190734863,13.050000190734863,13.050000190734863,312.0
2025-06-26 14:26:00,IBO,,0.9957000017166138,0.9957000017166138,0.9957000017166138,0.9957000017166138,1530.0
2025-06-26 14:26:00,IDR,,13.109999656677246,13.109999656677246,13.109999656677246,13.109999656677246,161.0
2025-06-26 14:26:00,IE,,9.454999923706055,9.494999885559082,9.4399995803833,9.494999885559082,1854.0
2025-06-26 14:26:00,IMO,,81.33999633789062,81.33999633789062,81.31999969482422,81.33999633789062,570.0
2025-06-26 14:26:00,INDO,,3.1194000244140625,3.1198999881744385,3.1050000190734863,3.1050000190734863,1805.0
2025-06-26 14:26:00,ITP,,0.18729999661445618,0.18729999661445618,0.18729999661445618,0.18729999661445618,254737.0
2025-06-26 14:26:00,ITRG,,1.5299999713897705,1.5299999713897705,1.5299999713897705,1.5299999713897705,23968.0
2025-06-26 14:26:00,KULR,,5.118899822235107,5.130000114440918,5.114999771118164,5.125,5376.0
2025-06-26 14:26:00,LCTX,,0.9919999837875366,1.0049999952316284,0.9919999837875366,1.0,27980.0
2025-06-26 14:26:00,LEU,,174.70150756835938,174.70150756835938,174.30999755859375,174.30999755859375,637.0
2025-06-26 14:26:00,LMND,,42.52000045776367,42.52000045776367,42.52000045776367,42.52000045776367,631.0
2025-06-26 14:26:00,LNG,,242.05499267578125,242.15499877929688,242.02000427246094,242.15499877929688,2425.0
2025-06-26 14:26:00,MAG,,21.420000076293945,21.420000076293945,21.40999984741211,21.415000915527344,2553.0
2025-06-26 14:26:00,MAIA,,1.7100000381469727,1.7100000381469727,1.7100000381469727,1.7100000381469727,2590.0
2025-06-26 14:26:00,NAK,,1.5454000234603882,1.5454000234603882,1.5449999570846558,1.5449999570846558,815.0
2025-06-26 14:26:00,NBH,,9.795000076293945,9.795000076293945,9.795000076293945,9.795000076293945,100.0
2025-06-26 14:26:00,NCL,,0.1809999942779541,0.1809999942779541,0.1808999925851822,0.1808999925851822,6989.0
2025-06-26 14:26:00,NEWP,,1.3899999856948853,1.3899999856948853,1.3899999856948853,1.3899999856948853,100.0
2025-06-26 14:26:00,NFGC,,1.4700000286102295,1.4700000286102295,1.4700000286102295,1.4700000286102295,223.0
2025-06-26 14:26:00,NG,,4.114999771118164,4.11899995803833,4.099999904632568,4.114999771118164,42459.0
2025-06-26 14:26:00,NGD,,4.914999961853027,4.914999961853027,4.909999847412109,4.914999961853027,7854.0
2025-06-26 14:26:00,NML,,8.849900245666504,8.849900245666504,8.835000038146973,8.835000038146973,2200.0
2025-06-26 14:26:00,NRO,,3.1900999546051025,3.1900999546051025,3.1900999546051025,3.1900999546051025,2000.0
2025-06-26 14:26:00,OBE,,5.514999866485596,5.514999866485596,5.514999866485596,5.514999866485596,336.0
2025-06-26 14:26:00,OPTT,,0.5139899849891663,0.5139999985694885,0.5130000114440918,0.5130000114440918,18871.0
2025-06-26 14:26:00,ORLA,,9.979999542236328,9.979999542236328,9.979999542236328,9.979999542236328,210.0
2025-06-26 14:26:00,OSTX,,1.8207000494003296,1.8207000494003296,1.8207000494003296,1.8207000494003296,500.0
2025-06-26 14:26:00,PLX,,1.4850000143051147,1.485200047492981,1.4850000143051147,1.4850000143051147,2858.0
2025-06-26 14:26:00,PZG,,0.6068000197410583,0.6068000197410583,0.6068000197410583,0.6068000197410583,150.0
2025-06-26 14:26:00,REI,,0.7775499820709229,0.777999997138977,0.7773000001907349,0.7773000001907349,2202.0
2025-06-26 14:26:00,SATX,,2.9600000381469727,2.9600000381469727,2.9600000381469727,2.9600000381469727,196.0
2025-06-26 14:26:00,SEB,,2924.4599609375,2935.360107421875,2924.4599609375,2935.360107421875,2.0
2025-06-26 14:26:00,SENS,,0.5011000037193298,0.5011000037193298,0.5009999871253967,0.5009999871253967,1144.0
2025-06-26 14:26:00,SGN,,1.1399999856948853,1.1496000289916992,1.1399999856948853,1.1496000289916992,2067.0
2025-06-26 14:26:00,SLI,,1.909999966621399,1.909999966621399,1.909999966621399,1.909999966621399,178.0
2025-06-26 14:26:00,STRW,,10.75,10.75,10.75,10.75,120.0
2025-06-26 14:26:00,STXS,,2.2049999237060547,2.2053000926971436,2.2049999237060547,2.2053000926971436,5102.0
2025-06-26 14:26:00,SVM,,4.184999942779541,4.190000057220459,4.184999942779541,4.184999942779541,4488002.0
2025-06-26 14:26:00,TGB,,3.115000009536743,3.115000009536743,3.115000009536743,3.115000009536743,2495.0
2025-06-26 14:26:00,TMP,,63.025001525878906,63.025001525878906,63.025001525878906,63.025001525878906,358.0
2025-06-26 14:26:00,TMQ,,1.4889999628067017,1.4900000095367432,1.4850000143051147,1.4850000143051147,3318.0
2025-06-26 14:26:00,TPET,,1.184999942779541,1.184999942779541,1.184999942779541,1.184999942779541,140.0
2025-06-26 14:26:00,UAMY,,2.5850000381469727,2.589900016784668,2.5850000381469727,2.5850000381469727,3252.0
2025-06-26 14:26:00,UAVS,,1.1598000526428223,1.159999966621399,1.1549999713897705,1.1549999713897705,2913.0
2025-06-26 14:26:00,UEC,,6.941299915313721,6.945300102233887,6.940000057220459,6.945000171661377,4996.0
2025-06-26 14:26:00,URG,,1.0399999618530273,1.0449999570846558,1.0399999618530273,1.0449999570846558,6870.0
2025-06-26 14:26:00,UUUU,,5.869999885559082,5.880000114440918,5.864999771118164,5.869999885559082,9075485.0
2025-06-26 14:26:00,VNRX,,0.8589000105857849,0.8589000105857849,0.8589000105857849,0.8589000105857849,300.0
2025-06-26 14:26:00,VZLA,,2.9749999046325684,2.9749999046325684,2.9749999046325684,2.9749999046325684,6163.0
2025-06-26 14:26:00,WRN,,1.2400000095367432,1.2400000095367432,1.2400000095367432,1.2400000095367432,1700.0
2025-06-26 14:27:00,ACU,,40.470001220703125,40.470001220703125,40.15999984741211,40.15999984741211,615.0
2025-06-26 14:27:00,ASM,,3.509999990463257,3.5199999809265137,3.509999990463257,3.5199999809265137,28954.0
2025-06-26 14:27:00,ATNM,,1.5549999475479126,1.5549999475479126,1.5549999475479126,1.5549999475479126,125.0
2025-06-26 14:27:00,AZTR,,0.2572000026702881,0.2572999894618988,0.2572000026702881,0.2572999894618988,2559.0
2025-06-26 14:27:00,BQ,,2.069999933242798,2.069999933242798,2.0399999618530273,2.059999942779541,2783.0
2025-06-26 14:27:00,BRBS,,3.2899999618530273,3.299999952316284,3.2899999618530273,3.2899999618530273,1347.0
2025-06-26 14:27:00,BTG,,3.634999990463257,3.640000104904175,3.630000114440918,3.634999990463257,641897.0
2025-06-26 14:27:00,BURU,,0.33559998869895935,0.33559998869895935,0.33559998869895935,0.33559998869895935,8499.0
2025-06-26 14:27:00,CATX,,3.700000047683716,3.7100000381469727,3.700000047683716,3.7100000381469727,1795.0
2025-06-26 14:27:00,CBOE,,227.81500244140625,227.8740997314453,227.81500244140625,227.81500244140625,1536.0
2025-06-26 14:27:00,CEF,,30.415000915527344,30.415000915527344,30.415000915527344,30.415000915527344,324.0
2025-06-26 14:27:00,CLDI,,0.22910000383853912,0.22910000383853912,0.22910000383853912,0.22910000383853912,200.0
2025-06-26 14:27:00,CLM,,7.940000057220459,7.949999809265137,7.940000057220459,7.949999809265137,449.0
2025-06-26 14:27:00,CMCL,,19.15999984741211,19.18000030517578,19.15999984741211,19.18000030517578,732.0
2025-06-26 14:27:00,CPHI,,1.840000033378601,1.840000033378601,1.840000033378601,1.840000033378601,229.0
2025-06-26 14:27:00,CQP,,56.185001373291016,56.185001373291016,56.09000015258789,56.095001220703125,2121.0
2025-06-26 14:27:00,CRF,,7.554999828338623,7.554999828338623,7.554999828338623,7.554999828338623,111.0
2025-06-26 14:27:00,CTM,,1.0449999570846558,1.0499999523162842,1.0449999570846558,1.0499999523162842,413.0
2025-06-26 14:27:00,CVM,,2.424999952316284,2.424999952316284,2.424999952316284,2.424999952316284,116.0
2025-06-26 14:27:00,CYBN,,8.45989990234375,8.45989990234375,8.45989990234375,8.45989990234375,1274.0
2025-06-26 14:27:00,DC,,3.805000066757202,3.805000066757202,3.805000066757202,3.805000066757202,170.0
2025-06-26 14:27:00,DNN,,1.8299000263214111,1.8301000595092773,1.8200000524520874,1.8300000429153442,1631265.0
2025-06-26 14:27:00,ELMD,,21.1200008392334,21.280000686645508,21.1200008392334,21.280000686645508,342.0
2025-06-26 14:27:00,EPM,,4.764999866485596,4.764999866485596,4.764999866485596,4.764999866485596,271.0
2025-06-26 14:27:00,EQX,,5.925000190734863,5.925000190734863,5.920000076293945,5.925000190734863,13632.0
2025-06-26 14:27:00,ERC,,9.385000228881836,9.385000228881836,9.385000228881836,9.385000228881836,2000.0
2025-06-26 14:27:00,FOXO,,0.2029000073671341,0.2029000073671341,0.2029000073671341,0.2029000073671341,401.0
2025-06-26 14:27:00,GAU,,1.274999976158142,1.2797000408172607,1.274999976158142,1.2797000408172607,2700.0
2025-06-26 14:27:00,GNS,,1.1399999856948853,1.1699999570846558,1.1299999952316284,1.1399999856948853,205051.0
2025-06-26 14:27:00,GORO,,0.5436000227928162,0.5436000227928162,0.5436000227928162,0.5436000227928162,500.0
2025-06-26 14:27:00,GROY,,2.2699999809265137,2.2750000953674316,2.2699999809265137,2.2699999809265137,1005.0
2025-06-26 14:27:00,GSAT,,23.2450008392334,23.2450008392334,23.2450008392334,23.2450008392334,311.0
2025-06-26 14:27:00,HUSA,,13.149999618530273,13.149999618530273,13.149999618530273,13.149999618530273,160.0
2025-06-26 14:27:00,IBO,,1.0,1.0,0.9854999780654907,0.9957000017166138,5372.0
2025-06-26 14:27:00,IDR,,13.09000015258789,13.100000381469727,13.079999923706055,13.100000381469727,1582.0
2025-06-26 14:27:00,IE,,9.475000381469727,9.479999542236328,9.425000190734863,9.430000305175781,63231.0
2025-06-26 14:27:00,IMO,,81.33999633789062,81.33999633789062,81.33999633789062,81.33999633789062,664.0
2025-06-26 14:27:00,INDO,,3.109999895095825,3.1150999069213867,3.109999895095825,3.1150999069213867,3909.0
2025-06-26 14:27:00,INFU,,6.497000217437744,6.497000217437744,6.497000217437744,6.497000217437744,386.0
2025-06-26 14:27:00,ITRG,,1.5299999713897705,1.5299999713897705,1.5298999547958374,1.5299999713897705,1292.0
2025-06-26 14:27:00,KNW,,1.9450000524520874,1.9450000524520874,1.9450000524520874,1.9450000524520874,1805.0
2025-06-26 14:27:00,LCTX,,0.9902989864349365,0.9922000169754028,0.9902989864349365,0.9919999837875366,30308.0
2025-06-26 14:27:00,LEU,,174.58790588378906,174.58790588378906,174.58790588378906,174.58790588378906,258.0
2025-06-26 14:27:00,LMND,,42.470001220703125,42.5099983215332,42.46329879760742,42.5099983215332,4863.0
2025-06-26 14:27:00,LNG,,242.10000610351562,242.10000610351562,242.0399932861328,242.05499267578125,1453.0
2025-06-26 14:27:00,LODE,,3.7499001026153564,3.7499001026153564,3.7499001026153564,3.7499001026153564,183.0
2025-06-26 14:27:00,MAG,,21.400100708007812,21.40999984741211,21.399999618530273,21.40999984741211,1973.0
2025-06-26 14:27:00,MITQ,,0.6675999760627747,0.6675999760627747,0.6675999760627747,0.6675999760627747,956.0
2025-06-26 14:27:00,MYO,,2.230799913406372,2.230799913406372,2.230799913406372,2.230799913406372,550.0
2025-06-26 14:27:00,NAK,,1.5399999618530273,1.5449999570846558,1.5399999618530273,1.5449999570846558,5301.0
2025-06-26 14:27:00,NCL,,0.1809999942779541,0.1809999942779541,0.1809999942779541,0.1809999942779541,1025.0
2025-06-26 14:27:00,NG,,4.114999771118164,4.114999771118164,4.110000133514404,4.114999771118164,3575.0
2025-06-26 14:27:00,NGD,,4.909999847412109,4.914999961853027,4.909999847412109,4.909999847412109,24335.0
2025-06-26 14:27:00,NML,,8.84000015258789,8.84000015258789,8.84000015258789,8.84000015258789,100.0
2025-06-26 14:27:00,NRO,,3.1988000869750977,3.1988000869750977,3.194999933242798,3.194999933242798,958.0
2025-06-26 14:27:00,ORLA,,9.975000381469727,9.979999542236328,9.975000381469727,9.979999542236328,478.0
2025-06-26 14:27:00,OSTX,,1.8200000524520874,1.8200000524520874,1.8200000524520874,1.8200000524520874,501.0
2025-06-26 14:27:00,PLMR,,152.57000732421875,152.57000732421875,152.57000732421875,152.57000732421875,533.0
2025-06-26 14:27:00,PLX,,1.4850000143051147,1.4850000143051147,1.4800000190734863,1.4850000143051147,1387.0
2025-06-26 14:27:00,REI,,0.7775499820709229,0.7785000205039978,0.7775499820709229,0.7785000205039978,411.0
2025-06-26 14:27:00,SATX,,2.9649999141693115,2.9649999141693115,2.9600000381469727,2.9600000381469727,302.0
2025-06-26 14:27:00,SBEV,,3.7200000286102295,3.7200000286102295,3.7200000286102295,3.7200000286102295,616.0
2025-06-26 14:27:00,SEB,,2938.0,2938.0,2933.0,2933.0,6.0
2025-06-26 14:27:00,SENS,,0.5008000135421753,0.5009999871253967,0.5008000135421753,0.5009999871253967,7599.0
2025-06-26 14:27:00,SOAR,,1.389799952507019,1.389799952507019,1.389799952507019,1.389799952507019,500.0
2025-06-26 14:27:00,STXS,,2.2049999237060547,2.2049999237060547,2.200200080871582,2.200200080871582,1245.0
2025-06-26 14:27:00,SVM,,4.183499813079834,4.184999942779541,4.179999828338623,4.184999942779541,2669.0
2025-06-26 14:27:00,TGB,,3.115000009536743,3.115000009536743,3.115000009536743,3.115000009536743,18177.0
2025-06-26 14:27:00,THM,,0.875,0.875,0.875,0.875,247.0
2025-06-26 14:27:00,TRX,,0.3310000002384186,0.3310000002384186,0.3310000002384186,0.3310000002384186,275977.0
2025-06-26 14:27:00,UAMY,,2.5850000381469727,2.5899999141693115,2.5850000381469727,2.5850000381469727,2054.0
2025-06-26 14:27:00,UAVS,,1.159999966621399,1.159999966621399,1.1502000093460083,1.1502000093460083,4050.0
2025-06-26 14:27:00,UEC,,6.936500072479248,6.945400238037109,6.9319000244140625,6.945000171661377,29625.0
2025-06-26 14:27:00,URG,,1.034999966621399,1.0449999570846558,1.034999966621399,1.0449999570846558,30352.0
2025-06-26 14:27:00,USAS,,0.8306999802589417,0.8306999802589417,0.8306999802589417,0.8306999802589417,892.0
2025-06-26 14:27:00,UTG,,35.474998474121094,35.474998474121094,35.474998474121094,35.474998474121094,128.0
2025-06-26 14:27:00,UUUU,,5.86959981918335,5.869900226593018,5.86959981918335,5.869900226593018,7454.0
2025-06-26 14:27:00,VNRX,,0.8589000105857849,0.8589000105857849,0.8589000105857849,0.8589000105857849,400.0
2025-06-26 14:27:00,VTAK,,0.2517000138759613,0.2517000138759613,0.2517000138759613,0.2517000138759613,6054.0
2025-06-26 14:27:00,VZLA,,2.9800000190734863,2.9800000190734863,2.9700000286102295,2.9749999046325684,2071.0
2025-06-26 14:27:00,WRN,,1.2400000095367432,1.2400000095367432,1.2400000095367432,1.2400000095367432,300.0
2025-06-26 14:28:00,AREN,,5.809999942779541,5.809999942779541,5.71999979019165,5.71999979019165,304.0
2025-06-26 14:28:00,ARMN,,6.820000171661377,6.829999923706055,6.820000171661377,6.829999923706055,2030.0
2025-06-26 14:28:00,ASM,,3.515000104904175,3.515000104904175,3.509999990463257,3.509999990463257,2901.0
2025-06-26 14:28:00,ATNM,,1.5549999475479126,1.5549999475479126,1.5549999475479126,1.5549999475479126,370.0
2025-06-26 14:28:00,AZTR,,0.2572000026702881,0.25730100274086,0.25679999589920044,0.25679999589920044,2100.0
2025-06-26 14:28:00,BKTI,,55.0,55.0,55.0,55.0,598.0
2025-06-26 14:28:00,BQ,,2.0399999618530273,2.0399999618530273,2.0399999618530273,2.0399999618530273,1000.0
2025-06-26 14:28:00,BRBS,,3.2899999618530273,3.299999952316284,3.2899999618530273,3.2950000762939453,911.0
2025-06-26 14:28:00,BTG,,3.6347999572753906,3.640000104904175,3.630000114440918,3.6354000568389893,77374.0
2025-06-26 14:28:00,BURU,,0.334199994802475,0.3370000123977661,0.334199994802475,0.3370000123977661,2512.0
2025-06-26 14:28:00,CATX,,3.7049999237060547,3.7049999237060547,3.7049999237060547,3.7049999237060547,1175.0
2025-06-26 14:28:00,CBOE,,227.83999633789062,227.83999633789062,227.83999633789062,227.83999633789062,1210.0
2025-06-26 14:28:00,CET,,47.689998626708984,47.689998626708984,47.689998626708984,47.689998626708984,103.0
2025-06-26 14:28:00,CLM,,7.944499969482422,7.947500228881836,7.942999839782715,7.942999839782715,752.0
2025-06-26 14:28:00,CQP,,56.185001373291016,56.185001373291016,56.185001373291016,56.185001373291016,100.0
2025-06-26 14:28:00,CRF,,7.554999828338623,7.554999828338623,7.554999828338623,7.554999828338623,100.0
2025-06-26 14:28:00,CTM,,1.0449999570846558,1.0499999523162842,1.0406999588012695,1.0479999780654907,45573.0
2025-06-26 14:28:00,DC,,3.799999952316284,3.805000066757202,3.799999952316284,3.805000066757202,203.0
2025-06-26 14:28:00,DNN,,1.8250000476837158,1.8300000429153442,1.8203999996185303,1.8250000476837158,51704.0
2025-06-26 14:28:00,EAD,,6.980000019073486,6.980000019073486,6.979899883270264,6.979899883270264,487.0
2025-06-26 14:28:00,ELA,,5.920000076293945,5.920000076293945,5.920000076293945,5.920000076293945,513.0
2025-06-26 14:28:00,EMX,,2.555000066757202,2.555000066757202,2.555000066757202,2.555000066757202,249.0
2025-06-26 14:28:00,EPM,,4.78000020980835,4.78000020980835,4.78000020980835,4.78000020980835,512.0
2025-06-26 14:28:00,EQX,,5.925000190734863,5.925000190734863,5.920000076293945,5.925000190734863,239895.0
2025-06-26 14:28:00,EVM,,8.84000015258789,8.84000015258789,8.84000015258789,8.84000015258789,100.0
2025-06-26 14:28:00,FOXO,,0.20200000703334808,0.20200000703334808,0.20200000703334808,0.20200000703334808,3000.0
2025-06-26 14:28:00,FSP,,1.690000057220459,1.690000057220459,1.690000057220459,1.690000057220459,100.0
2025-06-26 14:28:00,GAU,,1.274999976158142,1.274999976158142,1.2699999809265137,1.2699999809265137,816.0
2025-06-26 14:28:00,GGN,,4.385000228881836,4.385000228881836,4.385000228881836,4.385000228881836,200.0
2025-06-26 14:28:00,GNS,,1.159999966621399,1.159999966621399,1.1338000297546387,1.1338000297546387,103241.0
2025-06-26 14:28:00,GROY,,2.2750000953674316,2.2750000953674316,2.2699999809265137,2.2750000953674316,722.0
2025-06-26 14:28:00,GSAT,,23.219999313354492,23.219999313354492,23.219999313354492,23.219999313354492,1485.0
2025-06-26 14:28:00,GTE,,5.03000020980835,5.03000020980835,5.03000020980835,5.03000020980835,475.0
2025-06-26 14:28:00,HUSA,,13.079999923706055,13.149999618530273,13.020000457763672,13.039999961853027,2005.0
2025-06-26 14:28:00,IBO,,0.9854999780654907,0.9883999824523926,0.9854000210762024,0.9855009913444519,1648.0
2025-06-26 14:28:00,IE,,9.460000038146973,9.475000381469727,9.460000038146973,9.475000381469727,2978.0
2025-06-26 14:28:00,IMO,,81.31999969482422,81.31999969482422,81.31999969482422,81.31999969482422,481.0
2025-06-26 14:28:00,ITRG,,1.5299999713897705,1.5299999713897705,1.5299999713897705,1.5299999713897705,1118.0
2025-06-26 14:28:00,KULR,,5.11899995803833,5.119100093841553,5.11899995803833,5.119100093841553,574.0
2025-06-26 14:28:00,LCTX,,0.9868000149726868,0.9904999732971191,0.9825000166893005,0.9901000261306763,66768.0
2025-06-26 14:28:00,LEU,,174.3249969482422,174.57000732421875,174.07000732421875,174.49000549316406,3997.0
2025-06-26 14:28:00,LMND,,42.4900016784668,42.4900016784668,42.459999084472656,42.459999084472656,3194.0
2025-06-26 14:28:00,LNG,,242.2100067138672,242.22999572753906,242.0800018310547,242.17999267578125,5842.0
2025-06-26 14:28:00,MAG,,21.38089942932129,21.399999618530273,21.38089942932129,21.399999618530273,1509.0
2025-06-26 14:28:00,MAIA,,1.7096999883651733,1.7096999883651733,1.7096999883651733,1.7096999883651733,1082.0
2025-06-26 14:28:00,MYO,,2.234999895095825,2.234999895095825,2.2300000190734863,2.2300000190734863,429.0
2025-06-26 14:28:00,NAK,,1.5449999570846558,1.5449999570846558,1.5399999618530273,1.5449999570846558,300.0
2025-06-26 14:28:00,NG,,4.105000019073486,4.114999771118164,4.099999904632568,4.114799976348877,17747.0
2025-06-26 14:28:00,NGD,,4.90500020980835,4.920000076293945,4.900000095367432,4.909999847412109,159111.0
2025-06-26 14:28:00,NHS,,7.5,7.5,7.5,7.5,502.0
2025-06-26 14:28:00,NML,,8.835000038146973,8.835000038146973,8.835000038146973,8.835000038146973,220.0
2025-06-26 14:28:00,NNVC,,1.2301000356674194,1.2374999523162842,1.2301000356674194,1.2374999523162842,350.0
2025-06-26 14:28:00,NRO,,3.190000057220459,3.190000057220459,3.190000057220459,3.190000057220459,1017.0
2025-06-26 14:28:00,OPTT,,0.5134000182151794,0.5134000182151794,0.5134000182151794,0.5134000182151794,117.0
2025-06-26 14:28:00,ORLA,,9.975000381469727,9.975000381469727,9.970000267028809,9.970000267028809,643.0
2025-06-26 14:28:00,PLG,,1.648900032043457,1.648900032043457,1.648900032043457,1.648900032043457,312.0
2025-06-26 14:28:00,PLMR,,152.47500610351562,152.47500610351562,152.47000122070312,152.47500610351562,912.0
2025-06-26 14:28:00,PLX,,1.4850000143051147,1.48989999294281,1.4850000143051147,1.4850000143051147,17893.0
2025-06-26 14:28:00,PZG,,0.6176000237464905,0.6176999807357788,0.6122999787330627,0.6122999787330627,2000.0
2025-06-26 14:28:00,REI,,0.7775499820709229,0.777999997138977,0.7775499820709229,0.7775499820709229,734.0
2025-06-26 14:28:00,REPX,,26.6200008392334,26.6200008392334,26.6200008392334,26.6200008392334,103.0
2025-06-26 14:28:00,SATX,,2.9600000381469727,2.9600000381469727,2.9600000381469727,2.9600000381469727,2868.0
2025-06-26 14:28:00,SENS,,0.5005000233650208,0.5008999705314636,0.5005000233650208,0.5008000135421753,4176.0
2025-06-26 14:28:00,SKYH,,9.59000015258789,9.59000015258789,9.59000015258789,9.59000015258789,124.0
2025-06-26 14:28:00,SLI,,1.909999966621399,1.9160000085830688,1.909999966621399,1.9149999618530273,1836.0
2025-06-26 14:28:00,SOAR,,1.3895000219345093,1.3895000219345093,1.3895000219345093,1.3895000219345093,195.0
2025-06-26 14:28:00,SVM,,4.175000190734863,4.184999942779541,4.170000076293945,4.179999828338623,16524.0
2025-06-26 14:28:00,TGB,,3.11080002784729,3.115000009536743,3.110100030899048,3.115000009536743,8433.0
2025-06-26 14:28:00,THM,,0.8700000047683716,0.8700000047683716,0.8700000047683716,0.8700000047683716,270.0
2025-06-26 14:28:00,TOON,,0.7501000165939331,0.7501000165939331,0.7501000165939331,0.7501000165939331,241.0
2025-06-26 14:28:00,TPET,,1.184999942779541,1.184999942779541,1.184999942779541,1.184999942779541,100.0
2025-06-26 14:28:00,UAMY,,2.5899999141693115,2.5899999141693115,2.5850000381469727,2.5899999141693115,3135.0
2025-06-26 14:28:00,UAVS,,1.1549999713897705,1.1579999923706055,1.1500999927520752,1.1579999923706055,3668.0
2025-06-26 14:28:00,UEC,,6.925000190734863,6.930099964141846,6.925000190734863,6.929999828338623,8682.0
2025-06-26 14:28:00,URG,,1.0399999618530273,1.0449999570846558,1.0299999713897705,1.034999966621399,97431.0
2025-06-26 14:28:00,USAS,,0.8324000239372253,0.8324000239372253,0.8324000239372253,0.8324000239372253,5140.0
2025-06-26 14:28:00,UUUU,,5.855000019073486,5.869999885559082,5.855000019073486,5.860099792480469,27178.0
2025-06-26 14:28:00,VNRX,,0.8589000105857849,0.8589000105857849,0.8589000105857849,0.8589000105857849,500.0
2025-06-26 14:28:00,VZLA,,2.9700000286102295,2.975100040435791,2.9700000286102295,2.975100040435791,267.0
2025-06-26 14:29:00,AREN,,5.835000038146973,5.835000038146973,5.730000019073486,5.730000019073486,1079.0
2025-06-26 14:29:00,ARMN,,6.820000171661377,6.820000171661377,6.820000171661377,6.820000171661377,1764.0
2025-06-26 14:29:00,ASM,,3.516200065612793,3.516200065612793,3.509999990463257,3.509999990463257,29921.0
2025-06-26 14:29:00,ATNM,,1.5549999475479126,1.5549999475479126,1.5549999475479126,1.5549999475479126,120.0
2025-06-26 14:29:00,AZTR,,0.2567000091075897,0.25845101475715637,0.2567000091075897,0.25730100274086,7290.0
2025-06-26 14:29:00,BATL,,1.4900000095367432,1.4900000095367432,1.4900000095367432,1.4900000095367432,557.0
2025-06-26 14:29:00,BQ,,2.0199999809265137,2.030100107192993,2.0,2.0299999713897705,4472.0
2025-06-26 14:29:00,BRBS,,3.2899999618530273,3.2950000762939453,3.2899999618530273,3.2899999618530273,1070.0
2025-06-26 14:29:00,BTG,,3.630000114440918,3.640000104904175,3.619999885559082,3.630000114440918,581269.0
2025-06-26 14:29:00,BURU,,0.334199994802475,0.33559998869895935,0.334199994802475,0.33559998869895935,3307.0
2025-06-26 14:29:00,CATX,,3.7049999237060547,3.7049999237060547,3.700000047683716,3.700000047683716,805.0
2025-06-26 14:29:00,CBOE,,227.7725067138672,227.80999755859375,227.76499938964844,227.7899932861328,1317.0
2025-06-26 14:29:00,CEF,,30.399999618530273,30.40999984741211,30.399999618530273,30.40999984741211,583.0
2025-06-26 14:29:00,CLM,,7.945000171661377,7.945000171661377,7.945000171661377,7.945000171661377,132.0
2025-06-26 14:29:00,CQP,,56.185001373291016,56.185001373291016,56.185001373291016,56.185001373291016,200.0
2025-06-26 14:29:00,CRF,,7.554999828338623,7.557600021362305,7.554999828338623,7.557600021362305,303.0
2025-06-26 14:29:00,CTM,,1.059999942779541,1.059999942779541,1.0449999570846558,1.0449999570846558,18086.0
2025-06-26 14:29:00,DC,,3.805000066757202,3.805000066757202,3.799999952316284,3.799999952316284,341.0
2025-06-26 14:29:00,DNN,,1.8200000524520874,1.8300000429153442,1.8200000524520874,1.8250000476837158,18639.0
2025-06-26 14:29:00,EAD,,6.974999904632568,6.974999904632568,6.96999979019165,6.96999979019165,817.0
2025-06-26 14:29:00,EMX,,2.550100088119507,2.550100088119507,2.550100088119507,2.550100088119507,591.0
2025-06-26 14:29:00,EPM,,4.78000020980835,4.78000020980835,4.78000020980835,4.78000020980835,314.0
2025-06-26 14:29:00,EQX,,5.910600185394287,5.925000190734863,5.909999847412109,5.920000076293945,105520.0
2025-06-26 14:29:00,ERC,,9.380000114440918,9.380000114440918,9.380000114440918,9.380000114440918,534.0
2025-06-26 14:29:00,EVV,,10.160099983215332,10.160099983215332,10.160099983215332,10.160099983215332,500.0
2025-06-26 14:29:00,FSP,,1.684999942779541,1.690000057220459,1.684999942779541,1.690000057220459,292.0
2025-06-26 14:29:00,GAU,,1.274999976158142,1.274999976158142,1.274999976158142,1.274999976158142,204.0
2025-06-26 14:29:00,GGN,,4.381100177764893,4.381100177764893,4.381100177764893,4.381100177764893,341.0
2025-06-26 14:29:00,GNS,,1.1649999618530273,1.1699999570846558,1.149999976158142,1.1591999530792236,157002.0
2025-06-26 14:29:00,GROY,,2.2750000953674316,2.2750000953674316,2.2699999809265137,2.2699999809265137,8014.0
2025-06-26 14:29:00,GSAT,,23.209999084472656,23.209999084472656,23.209999084472656,23.209999084472656,242.0
2025-06-26 14:29:00,HUSA,,13.079999923706055,13.079999923706055,13.079999923706055,13.079999923706055,124.0
2025-06-26 14:29:00,IBO,,0.9552000164985657,1.0098999738693237,0.9501000046730042,0.9854999780654907,17210.0
2025-06-26 14:29:00,IDR,,13.09000015258789,13.09000015258789,13.09000015258789,13.09000015258789,426.0
2025-06-26 14:29:00,IE,,9.475000381469727,9.475000381469727,9.475000381469727,9.475000381469727,706.0
2025-06-26 14:29:00,INDO,,3.1050000190734863,3.1098999977111816,3.100100040435791,3.1024999618530273,2700.0
2025-06-26 14:29:00,INFU,,6.494999885559082,6.5,6.494999885559082,6.5,734.0
2025-06-26 14:29:00,ITRG,,1.524999976158142,1.524999976158142,1.524999976158142,1.524999976158142,209.0
2025-06-26 14:29:00,KULR,,5.114999771118164,5.114999771118164,5.114999771118164,5.114999771118164,391.0
2025-06-26 14:29:00,LCTX,,0.9855719804763794,0.9868999719619751,0.9819999933242798,0.9868999719619751,7584.0
2025-06-26 14:29:00,LEU,,174.58999633789062,174.58999633789062,174.05999755859375,174.05999755859375,1308.0
2025-06-26 14:29:00,LGL,,7.093999862670898,7.093999862670898,7.093999862670898,7.093999862670898,992.0
2025-06-26 14:29:00,LMND,,42.45000076293945,42.52989959716797,42.45000076293945,42.5,2322.0
2025-06-26 14:29:00,LNG,,242.2899932861328,242.2899932861328,242.2100067138672,242.2100067138672,438.0
2025-06-26 14:29:00,MAG,,21.389999389648438,21.389999389648438,21.375,21.3799991607666,1847.0
2025-06-26 14:29:00,MTA,,3.884999990463257,3.884999990463257,3.875,3.880000114440918,902.0
2025-06-26 14:29:00,MYND,,0.9018999934196472,0.9018999934196472,0.9018999934196472,0.9018999934196472,300.0
2025-06-26 14:29:00,MYO,,2.2300000190734863,2.2300000190734863,2.2300000190734863,2.2300000190734863,327.0
2025-06-26 14:29:00,NAK,,1.5299999713897705,1.5449999570846558,1.5299999713897705,1.5449999570846558,182393.0
2025-06-26 14:29:00,NBH,,9.800000190734863,9.800000190734863,9.800000190734863,9.800000190734863,300.0
2025-06-26 14:29:00,NBY,,0.5900999903678894,0.5900999903678894,0.5900999903678894,0.5900999903678894,144.0
2025-06-26 14:29:00,NCL,,0.1809999942779541,0.1809999942779541,0.18070000410079956,0.18070000410079956,3005.0
2025-06-26 14:29:00,NG,,4.105000019073486,4.110000133514404,4.099999904632568,4.1097002029418945,95283.0
2025-06-26 14:29:00,NGD,,4.90500020980835,4.90500020980835,4.900000095367432,4.900000095367432,15722.0
2025-06-26 14:29:00,NNVC,,1.2400000095367432,1.2400000095367432,1.2400000095367432,1.2400000095367432,1300.0
2025-06-26 14:29:00,OPTT,,0.5131999850273132,0.5134000182151794,0.5131999850273132,0.5134000182151794,4100.0
2025-06-26 14:29:00,ORLA,,9.970000267028809,9.970000267028809,9.96500015258789,9.970000267028809,3582.0
2025-06-26 14:29:00,PLMR,,152.27000427246094,152.27000427246094,152.27000427246094,152.27000427246094,1429.0
2025-06-26 14:29:00,PLX,,1.4950000047683716,1.4950000047683716,1.4850000143051147,1.4850000143051147,33420.0
2025-06-26 14:29:00,REI,,0.7763000130653381,0.7775499820709229,0.7760000228881836,0.7775499820709229,22659.0
2025-06-26 14:29:00,REPX,,26.68000030517578,26.68000030517578,26.68000030517578,26.68000030517578,297.0
2025-06-26 14:29:00,SENS,,0.5002999901771545,0.5005000233650208,0.5002999901771545,0.5005000233650208,1362.0
2025-06-26 14:29:00,SLI,,1.9149999618530273,1.9189000129699707,1.9149999618530273,1.9149999618530273,676.0
2025-06-26 14:29:00,SLND,,3.9200000762939453,3.990000009536743,3.9200000762939453,3.990000009536743,300.0
2025-06-26 14:29:00,SOAR,,1.3898999691009521,1.3898999691009521,1.3898999691009521,1.3898999691009521,501.0
2025-06-26 14:29:00,STXS,,2.2049999237060547,2.2049999237060547,2.2049999237060547,2.2049999237060547,189.0
2025-06-26 14:29:00,SVM,,4.175000190734863,4.175000190734863,4.175000190734863,4.175000190734863,1041.0
2025-06-26 14:29:00,TGB,,3.115000009536743,3.115000009536743,3.109999895095825,3.113600015640259,14169.0
2025-06-26 14:29:00,THM,,0.8662999868392944,0.8700000047683716,0.8662999868392944,0.8700000047683716,1400.0
2025-06-26 14:29:00,TPET,,1.1893999576568604,1.1893999576568604,1.1893999576568604,1.1893999576568604,1151.0
2025-06-26 14:29:00,TRX,,0.33090001344680786,0.33090001344680786,0.33090001344680786,0.33090001344680786,1995.0
2025-06-26 14:29:00,UAMY,,2.5850000381469727,2.5899999141693115,2.5850000381469727,2.5850000381469727,770.0
2025-06-26 14:29:00,UAVS,,1.1540000438690186,1.159999966621399,1.1540000438690186,1.159999966621399,7074.0
2025-06-26 14:29:00,UEC,,6.928999900817871,6.929999828338623,6.920000076293945,6.926700115203857,8299.0
2025-06-26 14:29:00,URG,,1.0399999618530273,1.0399999618530273,1.0312999486923218,1.0399999618530273,38307.0
2025-06-26 14:29:00,USAS,,0.826200008392334,0.8294000029563904,0.8259000182151794,0.8278999924659729,730.0
2025-06-26 14:29:00,UUUU,,5.849999904632568,5.860000133514404,5.84499979019165,5.849999904632568,57321.0
2025-06-26 14:29:00,VGZ,,1.024999976158142,1.024999976158142,1.024999976158142,1.024999976158142,100.0
2025-06-26 14:29:00,VNRX,,0.8589000105857849,0.8589000105857849,0.8589000105857849,0.8589000105857849,300.0
2025-06-26 14:29:00,VZLA,,2.9700000286102295,2.9800000190734863,2.9700000286102295,2.9700000286102295,7412.0
2025-06-26 14:29:00,XPL,,0.6535000205039978,0.6535000205039978,0.6535000205039978,0.6535000205039978,100.0
2025-06-26 14:30:00,AREN,,5.885000228881836,5.885000228881836,5.885000228881836,5.885000228881836,357.0
2025-06-26 14:30:00,ARMN,,6.815000057220459,6.815000057220459,6.815000057220459,6.815000057220459,655.0
2025-06-26 14:30:00,ASM,,3.505000114440918,3.509999990463257,3.5,3.509999990463257,15490.0
2025-06-26 14:30:00,ATNM,,1.5549999475479126,1.5549999475479126,1.5549999475479126,1.5549999475479126,309.0
2025-06-26 14:30:00,BRBS,,3.299999952316284,3.299999952316284,3.299999952316284,3.299999952316284,2951.0
2025-06-26 14:30:00,BTG,,3.6201000213623047,3.630000114440918,3.619999885559082,3.630000114440918,191182.0
2025-06-26 14:30:00,BURU,,0.3357999920845032,0.3357999920845032,0.3346000015735626,0.33500000834465027,8454.0
2025-06-26 14:30:00,CATX,,3.700000047683716,3.7100000381469727,3.700000047683716,3.7049999237060547,2436.0
2025-06-26 14:30:00,CBOE,,227.75999450683594,227.76499938964844,227.75999450683594,227.76499938964844,1069.0
2025-06-26 14:30:00,CIK,,2.940000057220459,2.940000057220459,2.940000057220459,2.940000057220459,113.0
2025-06-26 14:30:00,CLM,,7.949999809265137,7.949999809265137,7.940100193023682,7.940100193023682,4914.0
2025-06-26 14:30:00,CMT,,17.100000381469727,17.100000381469727,17.100000381469727,17.100000381469727,1359.0
2025-06-26 14:30:00,CPHI,,1.809999942779541,1.8300000429153442,1.809999942779541,1.8300000429153442,1000.0
2025-06-26 14:30:00,CQP,,56.220001220703125,56.220001220703125,56.130001068115234,56.185001373291016,621.0
2025-06-26 14:30:00,CTGO,,20.780000686645508,20.780000686645508,20.780000686645508,20.780000686645508,701.0
2025-06-26 14:30:00,CTM,,1.059999942779541,1.059999942779541,1.059999942779541,1.059999942779541,13100.0
2025-06-26 14:30:00,DNN,,1.8250000476837158,1.8250000476837158,1.8202999830245972,1.8250000476837158,23772.0
2025-06-26 14:30:00,EPM,,4.784999847412109,4.784999847412109,4.784999847412109,4.784999847412109,405.0
2025-06-26 14:30:00,EQX,,5.910299777984619,5.914999961853027,5.909999847412109,5.909999847412109,52980.0
2025-06-26 14:30:00,ERC,,9.385000228881836,9.385000228881836,9.385000228881836,9.385000228881836,280.0
2025-06-26 14:30:00,ERH,,11.385899543762207,11.385899543762207,11.385899543762207,11.385899543762207,175.0
2025-06-26 14:30:00,FOXO,,0.20210100710391998,0.20210100710391998,0.20210100710391998,0.20210100710391998,405.0
2025-06-26 14:30:00,FRD,,16.43000030517578,16.43000030517578,16.43000030517578,16.43000030517578,448.0
2025-06-26 14:30:00,FSP,,1.6799999475479126,1.6799999475479126,1.6799999475479126,1.6799999475479126,100.0
2025-06-26 14:30:00,GAU,,1.274999976158142,1.274999976158142,1.274999976158142,1.274999976158142,140.0
2025-06-26 14:30:00,GGN,,4.385000228881836,4.385000228881836,4.383699893951416,4.383699893951416,1100.0
2025-06-26 14:30:00,GNS,,1.1549999713897705,1.1699999570846558,1.1500999927520752,1.1549999713897705,93747.0
2025-06-26 14:30:00,GORO,,0.5436000227928162,0.5436000227928162,0.5410000085830688,0.5410000085830688,203.0
2025-06-26 14:30:00,GROY,,2.2750000953674316,2.2750000953674316,2.2699999809265137,2.2699999809265137,2076.0
2025-06-26 14:30:00,HUSA,,13.069999694824219,13.079999923706055,13.069999694824219,13.079999923706055,1001.0
2025-06-26 14:30:00,IBO,,0.9552000164985657,0.9652000069618225,0.9552000164985657,0.9652000069618225,545.0
2025-06-26 14:30:00,IE,,9.475000381469727,9.489999771118164,9.470000267028809,9.489999771118164,1812.0
2025-06-26 14:30:00,IMO,,81.29499816894531,81.29499816894531,81.29499816894531,81.29499816894531,418.0
2025-06-26 14:30:00,INDO,,3.109999895095825,3.109999895095825,3.1050000190734863,3.1098999977111816,3775.0
2025-06-26 14:30:00,ITP,,0.18729999661445618,0.18729999661445618,0.18729999661445618,0.18729999661445618,306.0
2025-06-26 14:30:00,ITRG,,1.524999976158142,1.524999976158142,1.524999976158142,1.524999976158142,109.0
2025-06-26 14:30:00,KULR,,5.119999885559082,5.119999885559082,5.110099792480469,5.114999771118164,1795.0
2025-06-26 14:30:00,LCTX,,0.9901000261306763,0.9926000237464905,0.9854999780654907,0.9857000112533569,23333.0
2025-06-26 14:30:00,LEU,,174.33999633789062,174.36000061035156,174.33999633789062,174.33999633789062,843.0
2025-06-26 14:30:00,LMND,,42.41999816894531,42.44499969482422,42.38999938964844,42.44499969482422,9556.0
2025-06-26 14:30:00,LNG,,242.2100067138672,242.2100067138672,242.2100067138672,242.2100067138672,1277.0
2025-06-26 14:30:00,MAG,,21.385000228881836,21.389999389648438,21.3799991607666,21.3799991607666,1090.0
2025-06-26 14:30:00,NAK,,1.534999966621399,1.534999966621399,1.5299999713897705,1.5299999713897705,7198.0
2025-06-26 14:30:00,NEWP,,1.3899999856948853,1.3899999856948853,1.3849999904632568,1.3849999904632568,1600.0
2025-06-26 14:30:00,NG,,4.105000019073486,4.105000019073486,4.105000019073486,4.105000019073486,3066.0
2025-06-26 14:30:00,NGD,,4.909999847412109,4.909999847412109,4.900000095367432,4.900000095367432,34908.0
2025-06-26 14:30:00,NML,,8.835000038146973,8.835000038146973,8.819999694824219,8.819999694824219,4400.0
2025-06-26 14:30:00,NNVC,,1.2395000457763672,1.2395000457763672,1.2350000143051147,1.2350000143051147,1700.0
2025-06-26 14:30:00,OGEN,,3.5185999870300293,3.5185999870300293,3.5185999870300293,3.5185999870300293,563.0
2025-06-26 14:30:00,OPTT,,0.5134000182151794,0.5134000182151794,0.5133500099182129,0.5133500099182129,550.0
2025-06-26 14:30:00,ORLA,,9.970000267028809,9.975000381469727,9.970000267028809,9.975000381469727,2634.0
2025-06-26 14:30:00,PLAG,,0.8899999856948853,0.8899999856948853,0.8899999856948853,0.8899999856948853,1122.0
2025-06-26 14:30:00,PLG,,1.6449999809265137,1.649999976158142,1.6399999856948853,1.6490999460220337,69095.0
2025-06-26 14:30:00,PLX,,1.4950000047683716,1.4950000047683716,1.4950000047683716,1.4950000047683716,870.0
2025-06-26 14:30:00,REI,,0.7760000228881836,0.7763000130653381,0.7760000228881836,0.7763000130653381,1134.0
2025-06-26 14:30:00,SATX,,2.9600000381469727,2.9600000381469727,2.9600000381469727,2.9600000381469727,408.0
2025-06-26 14:30:00,SENS,,0.5002999901771545,0.5002999901771545,0.5002999901771545,0.5002999901771545,212.0
2025-06-26 14:30:00,SKYH,,9.59000015258789,9.59000015258789,9.59000015258789,9.59000015258789,835.0
2025-06-26 14:30:00,SLI,,1.9149999618530273,1.9149999618530273,1.909999966621399,1.909999966621399,1354.0
2025-06-26 14:30:00,SLND,,3.984999895095825,3.984999895095825,3.984999895095825,3.984999895095825,251.0
2025-06-26 14:30:00,STXS,,2.192500114440918,2.2049999237060547,2.190000057220459,2.2049999237060547,3023.0
2025-06-26 14:30:00,SVM,,4.175000190734863,4.175000190734863,4.175000190734863,4.175000190734863,520.0
2025-06-26 14:30:00,TGB,,3.115000009536743,3.119999885559082,3.109999895095825,3.115000009536743,9451.0
2025-06-26 14:30:00,TRX,,0.33149901032447815,0.33149901032447815,0.33149901032447815,0.33149901032447815,1375.0
2025-06-26 14:30:00,UAMY,,2.5899999141693115,2.5899999141693115,2.5899999141693115,2.5899999141693115,280.0
2025-06-26 14:30:00,UAVS,,1.1549999713897705,1.1549999713897705,1.1549999713897705,1.1549999713897705,2285.0
2025-06-26 14:30:00,UEC,,6.929999828338623,6.929999828338623,6.920000076293945,6.920000076293945,19478.0
2025-06-26 14:30:00,URG,,1.0399999618530273,1.0399999618530273,1.034999966621399,1.0399999618530273,13085.0
2025-06-26 14:30:00,USAS,,0.8259000182151794,0.8260999917984009,0.8259000182151794,0.8260999917984009,205.0
2025-06-26 14:30:00,UTG,,35.49039840698242,35.49039840698242,35.49039840698242,35.49039840698242,401.0
2025-06-26 14:30:00,UUUU,,5.858699798583984,5.860000133514404,5.855000019073486,5.860000133514404,16922.0
2025-06-26 14:30:00,VGZ,,1.024999976158142,1.024999976158142,1.024999976158142,1.024999976158142,100.0
2025-06-26 14:30:00,VKI,,8.216300010681152,8.216300010681152,8.216300010681152,8.216300010681152,255.0
2025-06-26 14:30:00,VNRX,,0.8589000105857849,0.8589000105857849,0.8589000105857849,0.8589000105857849,400.0
2025-06-26 14:30:00,VZLA,,2.9690001010894775,2.9800000190734863,2.9649999141693115,2.9700000286102295,28867.0
2025-06-26 14:30:00,WWR,,0.6071000099182129,0.6071000099182129,0.6025000214576721,0.6025000214576721,13000.0
2025-06-26 14:31:00,ARMN,,6.815000057220459,6.815000057220459,6.815000057220459,6.815000057220459,205.0
2025-06-26 14:31:00,ASM,,3.512399911880493,3.515000104904175,3.509999990463257,3.509999990463257,11498.0
2025-06-26 14:31:00,ATNM,,1.5549999475479126,1.5549999475479126,1.5549999475479126,1.5549999475479126,160.0
2025-06-26 14:31:00,AZTR,,0.2583000063896179,0.2583000063896179,0.2583000063896179,0.2583000063896179,605.0
2025-06-26 14:31:00,BATL,,1.4800000190734863,1.4800000190734863,1.4800000190734863,1.4800000190734863,365.0
2025-06-26 14:31:00,BTG,,3.630000114440918,3.630000114440918,3.619999885559082,3.625,15105.0
2025-06-26 14:31:00,BURU,,0.3346000015735626,0.3346000015735626,0.3343999981880188,0.3343999981880188,10537.0
2025-06-26 14:31:00,CATX,,3.7049999237060547,3.7049999237060547,3.700000047683716,3.700000047683716,219.0
2025-06-26 14:31:00,CLM,,7.940000057220459,7.949999809265137,7.940000057220459,7.948400020599365,5108.0
2025-06-26 14:31:00,CQP,,56.18000030517578,56.187198638916016,56.18000030517578,56.18000030517578,1065.0
2025-06-26 14:31:00,CTM,,1.0549999475479126,1.0549999475479126,1.0549999475479126,1.0549999475479126,550.0
2025-06-26 14:31:00,CVM,,2.424999952316284,2.424999952316284,2.424999952316284,2.424999952316284,202.0
2025-06-26 14:31:00,CYBN,,8.40999984741211,8.40999984741211,8.40999984741211,8.40999984741211,128.0
2025-06-26 14:31:00,DC,,3.809000015258789,3.809000015258789,3.805000066757202,3.805000066757202,751.0
2025-06-26 14:31:00,DNN,,1.829699993133545,1.829800009727478,1.8243999481201172,1.8250000476837158,10548.0
2025-06-26 14:31:00,ELMD,,21.270000457763672,21.270000457763672,21.270000457763672,21.270000457763672,719.0
2025-06-26 14:31:00,EQX,,5.909999847412109,5.914999961853027,5.909999847412109,5.909999847412109,7538.0
2025-06-26 14:31:00,ERC,,9.385000228881836,9.385000228881836,9.385000228881836,9.385000228881836,700.0
2025-06-26 14:31:00,FSP,,1.684999942779541,1.690000057220459,1.684999942779541,1.690000057220459,708.0
2025-06-26 14:31:00,FTF,,6.38539981842041,6.38539981842041,6.38539981842041,6.38539981842041,1174.0
2025-06-26 14:31:00,GAU,,1.2899999618530273,1.2899999618530273,1.2799999713897705,1.2799999713897705,6601.0
2025-06-26 14:31:00,GGN,,4.385000228881836,4.385000228881836,4.385000228881836,4.385000228881836,1200.0
2025-06-26 14:31:00,GNS,,1.159999966621399,1.159999966621399,1.149999976158142,1.149999976158142,64161.0
2025-06-26 14:31:00,GORO,,0.5459139943122864,0.5459139943122864,0.5459139943122864,0.5459139943122864,153.0
2025-06-26 14:31:00,GROY,,2.2699999809265137,2.2750000953674316,2.2699999809265137,2.2750000953674316,1463.0
2025-06-26 14:31:00,HNW,,12.359199523925781,12.369999885559082,12.359199523925781,12.369999885559082,29472.0
2025-06-26 14:31:00,HUSA,,13.0,13.039999961853027,13.0,13.039999961853027,501485.0
2025-06-26 14:31:00,IBO,,0.9725000262260437,0.9950000047683716,0.9725000262260437,0.9725000262260437,6935.0
2025-06-26 14:31:00,IDR,,13.100000381469727,13.100000381469727,13.100000381469727,13.100000381469727,1326.0
2025-06-26 14:31:00,IE,,9.475000381469727,9.475000381469727,9.475000381469727,9.475000381469727,171.0
2025-06-26 14:31:00,IMO,,81.27999877929688,81.27999877929688,81.27999877929688,81.27999877929688,170.0
2025-06-26 14:31:00,INDO,,3.1050000190734863,3.109999895095825,3.1050000190734863,3.1050000190734863,1845.0
2025-06-26 14:31:00,ITRG,,1.5299999713897705,1.5299999713897705,1.521399974822998,1.521399974822998,16103.0
2025-06-26 14:31:00,KNW,,1.9200999736785889,1.9200999736785889,1.9200999736785889,1.9200999736785889,4876.0
2025-06-26 14:31:00,KULR,,5.11899995803833,5.119999885559082,5.112500190734863,5.114999771118164,1455.0
2025-06-26 14:31:00,LCTX,,0.9925749897956848,0.9926000237464905,0.9901000261306763,0.9901000261306763,2352.0
2025-06-26 14:31:00,LEU,,174.8800048828125,175.14999389648438,174.36000061035156,174.49000549316406,2821.0
2025-06-26 14:31:00,LMND,,42.40999984741211,42.40999984741211,42.375,42.3849983215332,1803.0
2025-06-26 14:31:00,LNG,,242.10000610351562,242.2100067138672,242.07000732421875,242.2100067138672,3567.0
2025-06-26 14:31:00,LODE,,3.740000009536743,3.740000009536743,3.740000009536743,3.740000009536743,275.0
2025-06-26 14:31:00,MAG,,21.3799991607666,21.3799991607666,21.3799991607666,21.3799991607666,287.0
2025-06-26 14:31:00,MYO,,2.2300000190734863,2.2300000190734863,2.2300000190734863,2.2300000190734863,811.0
2025-06-26 14:31:00,NAK,,1.5399999618530273,1.5399999618530273,1.5399999618530273,1.5399999618530273,909.0
2025-06-26 14:31:00,NBH,,9.795000076293945,9.795000076293945,9.795000076293945,9.795000076293945,100.0
2025-06-26 14:31:00,NBY,,0.590399980545044,0.590399980545044,0.5900999903678894,0.5900999903678894,1582.0
2025-06-26 14:31:00,NCL,,0.18050000071525574,0.1808999925851822,0.18050000071525574,0.18080000579357147,6015.0
2025-06-26 14:31:00,NG,,4.105000019073486,4.105000019073486,4.105000019073486,4.105000019073486,3437.0
2025-06-26 14:31:00,NGD,,4.901700019836426,4.909999847412109,4.901299953460693,4.90500020980835,7320.0
2025-06-26 14:31:00,NHS,,7.505000114440918,7.505000114440918,7.505000114440918,7.505000114440918,790.0
2025-06-26 14:31:00,NNVC,,1.2310999631881714,1.2310999631881714,1.2310999631881714,1.2310999631881714,150.0
2025-06-26 14:31:00,OSTX,,1.8300000429153442,1.8300000429153442,1.8300000429153442,1.8300000429153442,104.0
2025-06-26 14:31:00,PLG,,1.649999976158142,1.649999976158142,1.6449999809265137,1.6449999809265137,1473.0
2025-06-26 14:31:00,PLX,,1.4950000047683716,1.4950000047683716,1.4950000047683716,1.4950000047683716,217.0
2025-06-26 14:31:00,SATX,,2.9600000381469727,2.9600000381469727,2.9600000381469727,2.9600000381469727,198.0
2025-06-26 14:31:00,SENS,,0.5002999901771545,0.5002999901771545,0.5001999735832214,0.5002989768981934,1783.0
2025-06-26 14:31:00,SLI,,1.9149999618530273,1.9149999618530273,1.9149999618530273,1.9149999618530273,402.0
2025-06-26 14:31:00,STRW,,10.729999542236328,10.765000343322754,10.729999542236328,10.729999542236328,6312.0
2025-06-26 14:31:00,STXS,,2.194999933242798,2.194999933242798,2.194999933242798,2.194999933242798,105.0
2025-06-26 14:31:00,SVM,,4.175000190734863,4.179100036621094,4.175000190734863,4.179100036621094,846.0
2025-06-26 14:31:00,TGB,,3.115000009536743,3.115000009536743,3.115000009536743,3.115000009536743,2296.0
2025-06-26 14:31:00,THM,,0.8704000115394592,0.8704000115394592,0.8704000115394592,0.8704000115394592,477.0
2025-06-26 14:31:00,TRX,,0.33000001311302185,0.3310000002384186,0.33000001311302185,0.3301999866962433,13297.0
2025-06-26 14:31:00,UAMY,,2.5850000381469727,2.5850000381469727,2.5850000381469727,2.5850000381469727,104.0
2025-06-26 14:31:00,UAVS,,1.1549999713897705,1.1549999713897705,1.1549999713897705,1.1549999713897705,2050.0
2025-06-26 14:31:00,UEC,,6.923500061035156,6.929999828338623,6.922500133514404,6.929999828338623,14517.0
2025-06-26 14:31:00,URG,,1.0399999618530273,1.0399999618530273,1.034999966621399,1.0399999618530273,6518.0
2025-06-26 14:31:00,UUUU,,5.855000019073486,5.855000019073486,5.854599952697754,5.854599952697754,4505.0
2025-06-26 14:31:00,VKI,,8.21500015258789,8.21500015258789,8.210000038146973,8.21500015258789,1417.0
2025-06-26 14:31:00,VNRX,,0.8589000105857849,0.8589000105857849,0.8589000105857849,0.8589000105857849,368.0
2025-06-26 14:31:00,VZLA,,2.9784998893737793,2.9784998893737793,2.9649999141693115,2.9649999141693115,38994.0
2025-06-26 14:31:00,WWR,,0.6024500131607056,0.6071000099182129,0.6024500131607056,0.6071000099182129,10200.0
2025-06-26 14:32:00,AREN,,5.889999866485596,5.889999866485596,5.889999866485596,5.889999866485596,256.0
2025-06-26 14:32:00,ARMN,,6.804999828338623,6.815000057220459,6.804999828338623,6.815000057220459,2248.0
2025-06-26 14:32:00,ATNM,,1.5549999475479126,1.559999942779541,1.5549999475479126,1.5549999475479126,1040.0
2025-06-26 14:32:00,BATL,,1.4700000286102295,1.4700000286102295,1.4700000286102295,1.4700000286102295,421.0
2025-06-26 14:32:00,BRBS,,3.299999952316284,3.299999952316284,3.2950000762939453,3.2950000762939453,6563.0
2025-06-26 14:32:00,BTG,,3.619999885559082,3.630000114440918,3.619999885559082,3.619999885559082,37256.0
2025-06-26 14:32:00,BURU,,0.3343000113964081,0.3343000113964081,0.334199994802475,0.334199994802475,3312.0
2025-06-26 14:32:00,CATX,,3.700000047683716,3.700000047683716,3.700000047683716,3.700000047683716,242.0
2025-06-26 14:32:00,CLM,,7.949999809265137,7.949999809265137,7.949999809265137,7.949999809265137,604.0
2025-06-26 14:32:00,CQP,,56.18000030517578,56.18000030517578,56.16999816894531,56.16999816894531,626.0
2025-06-26 14:32:00,CRF,,7.554999828338623,7.554999828338623,7.554999828338623,7.554999828338623,100.0
2025-06-26 14:32:00,CTM,,1.059000015258789,1.059000015258789,1.0549999475479126,1.0549999475479126,2075.0
2025-06-26 14:32:00,DC,,3.799999952316284,3.799999952316284,3.799999952316284,3.799999952316284,246.0
2025-06-26 14:32:00,DHY,,2.109999895095825,2.109999895095825,2.109999895095825,2.109999895095825,123.0
2025-06-26 14:32:00,DNN,,1.8250000476837158,1.8300000429153442,1.8233000040054321,1.8294999599456787,20335.0
2025-06-26 14:32:00,EAD,,6.970099925994873,6.970099925994873,6.970099925994873,6.970099925994873,364.0
2025-06-26 14:32:00,EIM,,9.550000190734863,9.550000190734863,9.545000076293945,9.545000076293945,300.0
2025-06-26 14:32:00,EMX,,2.555000066757202,2.555000066757202,2.555000066757202,2.555000066757202,110.0
2025-06-26 14:32:00,EPM,,4.78000020980835,4.78000020980835,4.78000020980835,4.78000020980835,453.0
2025-06-26 14:32:00,EQX,,5.90500020980835,5.909999847412109,5.900000095367432,5.909999847412109,51893.0
2025-06-26 14:32:00,ERC,,9.385000228881836,9.385000228881836,9.385000228881836,9.385000228881836,192.0
2025-06-26 14:32:00,ESP,,45.52090072631836,45.52090072631836,45.52090072631836,45.52090072631836,206.0
2025-06-26 14:32:00,EVV,,10.164999961853027,10.164999961853027,10.164999961853027,10.164999961853027,100.0
2025-06-26 14:32:00,FSP,,1.684999942779541,1.684999942779541,1.684999942779541,1.684999942779541,100.0
2025-06-26 14:32:00,FTF,,6.38129997253418,6.38129997253418,6.38129997253418,6.38129997253418,139.0
2025-06-26 14:32:00,GAU,,1.284999966621399,1.284999966621399,1.2819000482559204,1.2819000482559204,300.0
2025-06-26 14:32:00,GGN,,4.385000228881836,4.385000228881836,4.385000228881836,4.385000228881836,200.0
2025-06-26 14:32:00,GLO,,5.343200206756592,5.343200206756592,5.343200206756592,5.343200206756592,500.0
2025-06-26 14:32:00,GNS,,1.1407999992370605,1.159999966621399,1.1399999856948853,1.159999966621399,121081.0
2025-06-26 14:32:00,GROY,,2.2750000953674316,2.2750000953674316,2.2699999809265137,2.2699999809265137,407.0
2025-06-26 14:32:00,GSAT,,23.209999084472656,23.209999084472656,23.209999084472656,23.209999084472656,419.0
2025-06-26 14:32:00,HUSA,,12.960000038146973,12.96500015258789,12.960000038146973,12.960000038146973,862.0
2025-06-26 14:32:00,IBO,,0.9747999906539917,0.9747999906539917,0.9747999906539917,0.9747999906539917,136.0
2025-06-26 14:32:00,IE,,9.475000381469727,9.475000381469727,9.475000381469727,9.475000381469727,1386.0
2025-06-26 14:32:00,IMO,,81.29499816894531,81.29499816894531,81.29499816894531,81.29499816894531,517.0
2025-06-26 14:32:00,INDO,,3.1050000190734863,3.1050000190734863,3.1050000190734863,3.1050000190734863,386.0
2025-06-26 14:32:00,INFU,,6.489999771118164,6.489999771118164,6.489999771118164,6.489999771118164,2254.0
2025-06-26 14:32:00,INUV,,3.900099992752075,3.900099992752075,3.900099992752075,3.900099992752075,230.0
2025-06-26 14:32:00,KNW,,1.9249999523162842,1.9249999523162842,1.9249999523162842,1.9249999523162842,267.0
2025-06-26 14:32:00,KULR,,5.114999771118164,5.118899822235107,5.114999771118164,5.114999771118164,1405.0
2025-06-26 14:32:00,LCTX,,0.9915000200271606,0.9925500154495239,0.9915000200271606,0.9925500154495239,3730.0
2025-06-26 14:32:00,LEU,,174.47000122070312,174.8800048828125,174.47000122070312,174.4810028076172,1152.0
2025-06-26 14:32:00,LMND,,42.43000030517578,42.43000030517578,42.404998779296875,42.404998779296875,577.0
2025-06-26 14:32:00,LNG,,241.9250030517578,242.07000732421875,241.9250030517578,242.07000732421875,3467.0
2025-06-26 14:32:00,MAG,,21.364999771118164,21.3700008392334,21.364999771118164,21.3700008392334,794.0
2025-06-26 14:32:00,MTA,,3.883500099182129,3.883500099182129,3.883500099182129,3.883500099182129,143.0
2025-06-26 14:32:00,NAK,,1.5300999879837036,1.5300999879837036,1.5300999879837036,1.5300999879837036,350.0
2025-06-26 14:32:00,NBH,,9.793800354003906,9.793800354003906,9.793800354003906,9.793800354003906,338.0
2025-06-26 14:32:00,NEWP,,1.3849999904632568,1.3849999904632568,1.3849999904632568,1.3849999904632568,100.0
2025-06-26 14:32:00,NG,,4.105000019073486,4.105000019073486,4.105000019073486,4.105000019073486,2224.0
2025-06-26 14:32:00,NGD,,4.90500020980835,4.90500020980835,4.90500020980835,4.90500020980835,3787.0
2025-06-26 14:32:00,NHS,,7.5,7.5,7.5,7.5,900.0
2025-06-26 14:32:00,OPTT,,0.5133500099182129,0.5133500099182129,0.5133500099182129,0.5133500099182129,100.0
2025-06-26 14:32:00,ORLA,,9.970000267028809,9.970000267028809,9.96500015258789,9.970000267028809,3425.0
2025-06-26 14:32:00,PLX,,1.4950000047683716,1.4950000047683716,1.4950000047683716,1.4950000047683716,212.0
2025-06-26 14:32:00,REI,,0.7760999798774719,0.7763500213623047,0.7760999798774719,0.7760999798774719,3481.0
2025-06-26 14:32:00,SENS,,0.5001000165939331,0.5001000165939331,0.5001000165939331,0.5001000165939331,100.0
2025-06-26 14:32:00,SVM,,4.175000190734863,4.175000190734863,4.175000190734863,4.175000190734863,349.0
2025-06-26 14:32:00,TGB,,3.109999895095825,3.115000009536743,3.109999895095825,3.109999895095825,2052.0
2025-06-26 14:32:00,TRX,,0.33160001039505005,0.33160001039505005,0.33000001311302185,0.33059999346733093,31485.0
2025-06-26 14:32:00,UAMY,,2.5899999141693115,2.5899999141693115,2.5899999141693115,2.5899999141693115,581.0
2025-06-26 14:32:00,UAVS,,1.1549999713897705,1.1549999713897705,1.149999976158142,1.1549999713897705,5257.0
2025-06-26 14:32:00,UEC,,6.9274001121521,6.929999828338623,6.920000076293945,6.920000076293945,6628.0
2025-06-26 14:32:00,URG,,1.0399999618530273,1.0399999618530273,1.034999966621399,1.0399999618530273,4849.0
2025-06-26 14:32:00,USAS,,0.8255000114440918,0.8274000287055969,0.8255000114440918,0.8255000114440918,2426.0
2025-06-26 14:32:00,UUUU,,5.855000019073486,5.860000133514404,5.849999904632568,5.860000133514404,10277.0
2025-06-26 14:32:00,VNRX,,0.8513000011444092,0.8589000105857849,0.8513000011444092,0.8589000105857849,729.0
2025-06-26 14:32:00,VZLA,,2.9700000286102295,2.9700000286102295,2.9700000286102295,2.9700000286102295,1070.0
2025-06-26 14:32:00,WWR,,0.6068000197410583,0.6068000197410583,0.602400004863739,0.602400004863739,1700.0
2025-06-26 14:33:00,AEON,,0.7612000107765198,0.7612000107765198,0.7612000107765198,0.7612000107765198,157.0
2025-06-26 14:33:00,ARMN,,6.804999828338623,6.804999828338623,6.804999828338623,6.804999828338623,402.0
2025-06-26 14:33:00,ASM,,3.515000104904175,3.515000104904175,3.515000104904175,3.515000104904175,480.0
2025-06-26 14:33:00,ATNM,,1.5549999475479126,1.5549999475479126,1.5549999475479126,1.5549999475479126,140.0
2025-06-26 14:33:00,BQ,,2.0,2.049999952316284,1.9800000190734863,2.0,4578.0
2025-06-26 14:33:00,BRN,,1.225000023841858,1.225000023841858,1.225000023841858,1.225000023841858,109.0
2025-06-26 14:33:00,BTG,,3.615000009536743,3.630000114440918,3.609999895095825,3.630000114440918,1126084.0
2025-06-26 14:33:00,BURU,,0.3343000113964081,0.3343000113964081,0.3343000113964081,0.3343000113964081,922.0
2025-06-26 14:33:00,CATX,,3.700000047683716,3.7049999237060547,3.700000047683716,3.7049999237060547,425.0
2025-06-26 14:33:00,CBOE,,227.75999450683594,227.75999450683594,227.75999450683594,227.75999450683594,527.0
2025-06-26 14:33:00,CLM,,7.949999809265137,7.949999809265137,7.940000057220459,7.949999809265137,17250.0
2025-06-26 14:33:00,CMCL,,19.1200008392334,19.139999389648438,19.1200008392334,19.1299991607666,615.0
2025-06-26 14:33:00,CQP,,56.130001068115234,56.209999084472656,56.130001068115234,56.18000030517578,725.0
2025-06-26 14:33:00,CRF,,7.550000190734863,7.554999828338623,7.550000190734863,7.554999828338623,200.0
2025-06-26 14:33:00,CTM,,1.0549999475479126,1.0549999475479126,1.0549999475479126,1.0549999475479126,320.0
2025-06-26 14:33:00,DNN,,1.8250000476837158,1.8295999765396118,1.8235000371932983,1.8250000476837158,22656.0
2025-06-26 14:33:00,EMX,,2.549999952316284,2.549999952316284,2.549999952316284,2.549999952316284,1059.0
2025-06-26 14:33:00,EQX,,5.90500020980835,5.909800052642822,5.900100231170654,5.9019999504089355,29220.0
2025-06-26 14:33:00,ERC,,9.385000228881836,9.385000228881836,9.385000228881836,9.385000228881836,100.0
2025-06-26 14:33:00,EVV,,10.161499977111816,10.169899940490723,10.161499977111816,10.169899940490723,1745.0
2025-06-26 14:33:00,FOXO,,0.20200000703334808,0.20200000703334808,0.20200000703334808,0.20200000703334808,3186.0
2025-06-26 14:33:00,FTF,,6.385000228881836,6.385000228881836,6.385000228881836,6.385000228881836,105.0
2025-06-26 14:33:00,GAU,,1.284999966621399,1.284999966621399,1.284999966621399,1.284999966621399,100.0
2025-06-26 14:33:00,GENC,,14.350000381469727,14.350000381469727,14.212200164794922,14.212200164794922,230.0
2025-06-26 14:33:00,GGN,,4.385000228881836,4.385000228881836,4.385000228881836,4.385000228881836,514.0
2025-06-26 14:33:00,GLDG,,0.7442499995231628,0.7442499995231628,0.7442499995231628,0.7442499995231628,100.0
2025-06-26 14:33:00,GNS,,1.1200000047683716,1.149999976158142,1.090000033378601,1.1409000158309937,415226.0
2025-06-26 14:33:00,GROY,,2.2750000953674316,2.2750000953674316,2.2699999809265137,2.2750000953674316,453.0
2025-06-26 14:33:00,GSAT,,23.209999084472656,23.209999084472656,23.209999084472656,23.209999084472656,346.0
2025-06-26 14:33:00,IBO,,0.9749000072479248,0.9768000245094299,0.9749000072479248,0.9768000245094299,6363.0
2025-06-26 14:33:00,IE,,9.390000343322754,9.475000381469727,9.380000114440918,9.475000381469727,34296.0
2025-06-26 14:33:00,INDO,,3.0899999141693115,3.109999895095825,3.049999952316284,3.100100040435791,27231.0
2025-06-26 14:33:00,INFU,,6.494999885559082,6.494999885559082,6.494999885559082,6.494999885559082,1024.0
2025-06-26 14:33:00,KNW,,1.934999942779541,1.934999942779541,1.934999942779541,1.934999942779541,300.0
2025-06-26 14:33:00,KULR,,5.114999771118164,5.119900226593018,5.114999771118164,5.119900226593018,2953.0
2025-06-26 14:33:00,LCTX,,0.9923999905586243,0.9925000071525574,0.9923999905586243,0.9925000071525574,2955.0
2025-06-26 14:33:00,LEU,,173.845703125,174.5175018310547,173.7100067138672,174.25999450683594,3105.0
2025-06-26 14:33:00,LMND,,42.404998779296875,42.404998779296875,42.404998779296875,42.404998779296875,821.0
2025-06-26 14:33:00,LNG,,241.8524932861328,241.94000244140625,241.8524932861328,241.94000244140625,3935.0
2025-06-26 14:33:00,MAG,,21.375,21.375,21.3700008392334,21.3700008392334,1220.0
2025-06-26 14:33:00,MTA,,3.884999990463257,3.884999990463257,3.884999990463257,3.884999990463257,135.0
2025-06-26 14:33:00,NAK,,1.5298999547958374,1.534999966621399,1.5199999809265137,1.534999966621399,167010.0
2025-06-26 14:33:00,NCL,,0.18070000410079956,0.18070000410079956,0.18070000410079956,0.18070000410079956,262.0
2025-06-26 14:33:00,NG,,4.105000019073486,4.105000019073486,4.105000019073486,4.105000019073486,2209.0
2025-06-26 14:33:00,NGD,,4.90500020980835,4.90500020980835,4.901512145996094,4.90500020980835,10250.0
2025-06-26 14:33:00,NML,,8.819999694824219,8.829999923706055,8.819999694824219,8.829999923706055,550.0
2025-06-26 14:33:00,OPTT,,0.5133500099182129,0.5133500099182129,0.5127999782562256,0.5127999782562256,5406.0
2025-06-26 14:33:00,ORLA,,9.975000381469727,9.975000381469727,9.96500015258789,9.970000267028809,3219.0
2025-06-26 14:33:00,PLG,,1.6399999856948853,1.649999976158142,1.6399999856948853,1.649999976158142,8492.0
2025-06-26 14:33:00,PLMR,,152.35000610351562,152.35000610351562,152.35000610351562,152.35000610351562,147.0
2025-06-26 14:33:00,PLX,,1.5,1.5,1.5,1.5,221.0
2025-06-26 14:33:00,REI,,0.7760999798774719,0.7766000032424927,0.7760000228881836,0.7766000032424927,10980.0
2025-06-26 14:33:00,SATX,,2.9649999141693115,2.9649999141693115,2.9600000381469727,2.9600000381469727,3564.0
2025-06-26 14:33:00,SEB,,2964.52001953125,2964.52001953125,2944.949951171875,2944.949951171875,59.0
2025-06-26 14:33:00,SENS,,0.5001000165939331,0.5001999735832214,0.5001000165939331,0.5001999735832214,1912.0
2025-06-26 14:33:00,SLI,,1.9149999618530273,1.9149999618530273,1.9149999618530273,1.9149999618530273,128.0
2025-06-26 14:33:00,SSY,,0.8799999952316284,0.8799999952316284,0.8799999952316284,0.8799999952316284,270.0
2025-06-26 14:33:00,STRW,,10.699999809265137,10.699999809265137,10.699999809265137,10.699999809265137,114.0
2025-06-26 14:33:00,SVM,,4.175000190734863,4.175000190734863,4.175000190734863,4.175000190734863,226.0
2025-06-26 14:33:00,TGB,,3.115000009536743,3.1152000427246094,3.115000009536743,3.1152000427246094,2465.0
2025-06-26 14:33:00,TMQ,,1.4900000095367432,1.4900000095367432,1.4900000095367432,1.4900000095367432,2000.0
2025-06-26 14:33:00,TOON,,0.7554000020027161,0.7554000020027161,0.7554000020027161,0.7554000020027161,221.0
2025-06-26 14:33:00,UAMY,,2.5850000381469727,2.5899999141693115,2.5850000381469727,2.5850000381469727,411.0
2025-06-26 14:33:00,UAVS,,1.1527999639511108,1.1549999713897705,1.1527999639511108,1.1549999713897705,4644.0
2025-06-26 14:33:00,UEC,,6.920000076293945,6.929999828338623,6.920000076293945,6.925000190734863,2985.0
2025-06-26 14:33:00,URG,,1.0399999618530273,1.0399999618530273,1.0348000526428223,1.0399999618530273,9031.0
2025-06-26 14:33:00,USAS,,0.8255000114440918,0.8255000114440918,0.8255000114440918,0.8255000114440918,296.0
2025-06-26 14:33:00,UTG,,35.47999954223633,35.47999954223633,35.47999954223633,35.47999954223633,264.0
2025-06-26 14:33:00,UUUU,,5.855199813842773,5.860000133514404,5.855000019073486,5.860000133514404,5358.0
2025-06-26 14:33:00,VNRX,,0.8513000011444092,0.8513000011444092,0.8513000011444092,0.8513000011444092,600.0
2025-06-26 14:33:00,VZLA,,2.979300022125244,2.979300022125244,2.9700000286102295,2.9700000286102295,2801.0
2025-06-26 14:33:00,WWR,,0.6068999767303467,0.6068999767303467,0.6068999767303467,0.6068999767303467,3000.0
2025-06-26 14:33:00,WYY,,3.369999885559082,3.369999885559082,3.369999885559082,3.369999885559082,105.0
2025-06-26 14:34:00,ARMN,,6.804999828338623,6.804999828338623,6.804999828338623,6.804999828338623,312.0
2025-06-26 14:34:00,ASM,,3.515399932861328,3.515399932861328,3.515000104904175,3.515000104904175,2327.0
2025-06-26 14:34:00,ATNM,,1.5549999475479126,1.5549999475479126,1.5549999475479126,1.5549999475479126,673.0
2025-06-26 14:34:00,BCV,,18.780099868774414,18.780099868774414,18.780099868774414,18.780099868774414,102.0
2025-06-26 14:34:00,BQ,,2.0299999713897705,2.0299999713897705,2.029900074005127,2.029900074005127,1301.0
2025-06-26 14:34:00,BTG,,3.625,3.630000114440918,3.609999895095825,3.61929988861084,254688.0
2025-06-26 14:34:00,BURU,,0.33149999380111694,0.33149999380111694,0.33149999380111694,0.33149999380111694,2001.0
2025-06-26 14:34:00,CATX,,3.690000057220459,3.7049999237060547,3.690000057220459,3.7049999237060547,2120.0
2025-06-26 14:34:00,CEF,,30.402700424194336,30.402700424194336,30.402700424194336,30.402700424194336,110.0
2025-06-26 14:34:00,CLM,,7.9446001052856445,7.9446001052856445,7.9446001052856445,7.9446001052856445,342.0
2025-06-26 14:34:00,CQP,,56.19499969482422,56.2400016784668,56.189998626708984,56.2400016784668,338.0
2025-06-26 14:34:00,CRF,,7.554999828338623,7.554999828338623,7.550000190734863,7.554999828338623,702.0
2025-06-26 14:34:00,DC,,3.805000066757202,3.805000066757202,3.805000066757202,3.805000066757202,113.0
2025-06-26 14:34:00,DNN,,1.8250000476837158,1.8300000429153442,1.8250000476837158,1.8250000476837158,82751.0
2025-06-26 14:34:00,EAD,,6.979899883270264,6.979899883270264,6.979899883270264,6.979899883270264,3000.0
2025-06-26 14:34:00,EQX,,5.900000095367432,5.90500020980835,5.900000095367432,5.90500020980835,25703.0
2025-06-26 14:34:00,ERC,,9.395000457763672,9.399999618530273,9.390000343322754,9.390000343322754,10464.0
2025-06-26 14:34:00,EVM,,8.84000015258789,8.84000015258789,8.84000015258789,8.84000015258789,219.0
2025-06-26 14:34:00,FOXO,,0.20200000703334808,0.20200000703334808,0.20200000703334808,0.20200000703334808,295.0
2025-06-26 14:34:00,GAU,,1.284999966621399,1.284999966621399,1.284999966621399,1.284999966621399,100.0
2025-06-26 14:34:00,GNS,,1.090000033378601,1.1198999881744385,1.0499999523162842,1.1100000143051147,277135.0
2025-06-26 14:34:00,GORO,,0.5468990206718445,0.5468990206718445,0.5468990206718445,0.5468990206718445,136.0
2025-06-26 14:34:00,GROY,,2.2750000953674316,2.2799999713897705,2.2750000953674316,2.2750000953674316,501.0
2025-06-26 14:34:00,IBO,,0.9851999878883362,0.9851999878883362,0.9851999878883362,0.9851999878883362,300.0
2025-06-26 14:34:00,IE,,9.399999618530273,9.399999618530273,9.399999618530273,9.399999618530273,10291.0
2025-06-26 14:34:00,IMO,,81.25,81.25,81.25,81.25,178.0
2025-06-26 14:34:00,INDO,,3.069999933242798,3.0924999713897705,3.069999933242798,3.0924999713897705,16190.0
2025-06-26 14:34:00,INFU,,6.489999771118164,6.489999771118164,6.489999771118164,6.489999771118164,199.0
2025-06-26 14:34:00,KNW,,1.940000057220459,1.940000057220459,1.9301999807357788,1.934999942779541,2803.0
2025-06-26 14:34:00,KULR,,5.114999771118164,5.119999885559082,5.114999771118164,5.114999771118164,2284.0
2025-06-26 14:34:00,LCTX,,0.9925000071525574,0.9925000071525574,0.9916999936103821,0.9916999936103821,10475.0
2025-06-26 14:34:00,LEU,,174.0850067138672,174.18890380859375,173.62010192871094,174.00010681152344,1774.0
2025-06-26 14:34:00,LMND,,42.369998931884766,42.380001068115234,42.369998931884766,42.380001068115234,1319.0
2025-06-26 14:34:00,LNG,,241.94000244140625,241.94000244140625,241.9199981689453,241.9199981689453,1026.0
2025-06-26 14:34:00,LODE,,3.7200000286102295,3.7200000286102295,3.7200000286102295,3.7200000286102295,192.0
2025-06-26 14:34:00,MAG,,21.379899978637695,21.379899978637695,21.370899200439453,21.375,6441.0
2025-06-26 14:34:00,MRT,,2.869999885559082,2.869999885559082,2.869999885559082,2.869999885559082,200.0
2025-06-26 14:34:00,MYO,,2.2249999046325684,2.2300000190734863,2.2249999046325684,2.2300000190734863,1730.0
2025-06-26 14:34:00,NAK,,1.5290000438690186,1.5299999713897705,1.524999976158142,1.524999976158142,5656.0
2025-06-26 14:34:00,NG,,4.110000133514404,4.110000133514404,4.105000019073486,4.105000019073486,1113.0
2025-06-26 14:34:00,NGD,,4.90500020980835,4.90500020980835,4.900000095367432,4.90500020980835,2714.0
2025-06-26 14:34:00,NNVC,,1.2350000143051147,1.2350000143051147,1.2323999404907227,1.2323999404907227,1250.0
2025-06-26 14:34:00,OPTT,,0.5134000182151794,0.5134999752044678,0.5127999782562256,0.5127999782562256,1119.0
2025-06-26 14:34:00,PED,,0.6579999923706055,0.6579999923706055,0.6579999923706055,0.6579999923706055,261.0
2025-06-26 14:34:00,PLMR,,152.35000610351562,152.35000610351562,152.35000610351562,152.35000610351562,871.0
2025-06-26 14:34:00,REI,,0.7760499715805054,0.7763000130653381,0.7756999731063843,0.7760000228881836,19784.0
2025-06-26 14:34:00,SATX,,2.9649999141693115,2.9649999141693115,2.9600000381469727,2.9600000381469727,301.0
2025-06-26 14:34:00,SBEV,,3.7300000190734863,3.7300000190734863,3.7200000286102295,3.7249999046325684,1181.0
2025-06-26 14:34:00,SEB,,2970.0,2970.0,2964.5,2967.0,37.0
2025-06-26 14:34:00,SENS,,0.5,0.5,0.5,0.5,208.0
2025-06-26 14:34:00,SLI,,1.9149999618530273,1.9189000129699707,1.909999966621399,1.9189000129699707,1481.0
2025-06-26 14:34:00,SSY,,0.8799999952316284,0.8799999952316284,0.8799999952316284,0.8799999952316284,1021.0
2025-06-26 14:34:00,SVM,,4.175000190734863,4.175000190734863,4.170000076293945,4.175000190734863,1335.0
2025-06-26 14:34:00,TGB,,3.117799997329712,3.117799997329712,3.117799997329712,3.117799997329712,224.0
2025-06-26 14:34:00,TOON,,0.762499988079071,0.762499988079071,0.762499988079071,0.762499988079071,642.0
2025-06-26 14:34:00,TRX,,0.33160001039505005,0.33160001039505005,0.33160001039505005,0.33160001039505005,759.0
2025-06-26 14:34:00,UAMY,,2.5850000381469727,2.5899999141693115,2.5850000381469727,2.5899999141693115,9525.0
2025-06-26 14:34:00,UAVS,,1.1399999856948853,1.149999976158142,1.1399999856948853,1.149999976158142,5549.0
2025-06-26 14:34:00,UEC,,6.929999828338623,6.929999828338623,6.920000076293945,6.929999828338623,6259.0
2025-06-26 14:34:00,URG,,1.034999966621399,1.0399999618530273,1.034999966621399,1.0399999618530273,7932.0
2025-06-26 14:34:00,USAS,,0.8255000114440918,0.8255000114440918,0.8255000114440918,0.8255000114440918,1689061.0
2025-06-26 14:34:00,UUUU,,5.860000133514404,5.860000133514404,5.855000019073486,5.860000133514404,3747.0
2025-06-26 14:34:00,VGZ,,1.024999976158142,1.024999976158142,1.024999976158142,1.024999976158142,250.0
2025-06-26 14:34:00,VKI,,8.21500015258789,8.21500015258789,8.21500015258789,8.21500015258789,1600.0
2025-06-26 14:34:00,VNRX,,0.8377000093460083,0.8377000093460083,0.8377000093460083,0.8377000093460083,724.0
2025-06-26 14:34:00,VTAK,,0.2522990107536316,0.2522990107536316,0.251800000667572,0.251800000667572,5397.0
2025-06-26 14:34:00,VZLA,,2.974600076675415,2.9749999046325684,2.974600076675415,2.9749999046325684,275.0
2025-06-26 14:34:00,WWR,,0.5978000164031982,0.6067990064620972,0.5978000164031982,0.6067990064620972,4100.0
2025-06-26 14:35:00,ARMN,,6.804999828338623,6.809999942779541,6.804999828338623,6.809999942779541,218.0
2025-06-26 14:35:00,ASM,,3.511199951171875,3.515000104904175,3.511199951171875,3.515000104904175,11215.0
2025-06-26 14:35:00,ATNM,,1.5549999475479126,1.5549999475479126,1.551300048828125,1.551300048828125,263.0
2025-06-26 14:35:00,BCV,,18.790000915527344,18.790000915527344,18.790000915527344,18.790000915527344,225.0
2025-06-26 14:35:00,BHB,,29.729999542236328,29.729999542236328,29.729999542236328,29.729999542236328,215.0
2025-06-26 14:35:00,BQ,,2.0596001148223877,2.069999933242798,2.0399999618530273,2.049999952316284,5743.0
2025-06-26 14:35:00,BRBS,,3.2950000762939453,3.299999952316284,3.2950000762939453,3.2950000762939453,410.0
2025-06-26 14:35:00,BTG,,3.619999885559082,3.6280999183654785,3.619999885559082,3.6280999183654785,1023.0
2025-06-26 14:35:00,CATX,,3.694999933242798,3.694999933242798,3.694999933242798,3.694999933242798,445.0
2025-06-26 14:35:00,CLM,,7.945000171661377,7.945000171661377,7.945000171661377,7.945000171661377,100.0
2025-06-26 14:35:00,CMCL,,19.17099952697754,19.17099952697754,19.17099952697754,19.17099952697754,441.0
2025-06-26 14:35:00,CQP,,56.220001220703125,56.220001220703125,56.19499969482422,56.19499969482422,742.0
2025-06-26 14:35:00,CRF,,7.557600021362305,7.557600021362305,7.554999828338623,7.554999828338623,212.0
2025-06-26 14:35:00,CTGO,,20.780000686645508,20.780000686645508,20.780000686645508,20.780000686645508,261.0
2025-06-26 14:35:00,DC,,3.805000066757202,3.805000066757202,3.799999952316284,3.805000066757202,787.0
2025-06-26 14:35:00,DNN,,1.8300000429153442,1.8300000429153442,1.8250000476837158,1.8250000476837158,23745.0
2025-06-26 14:35:00,EAD,,6.974999904632568,6.974999904632568,6.974999904632568,6.974999904632568,1133.0
2025-06-26 14:35:00,EMX,,2.549999952316284,2.549999952316284,2.549999952316284,2.549999952316284,139.0
2025-06-26 14:35:00,EQX,,5.90500020980835,5.908999919891357,5.900000095367432,5.90500020980835,10461.0
2025-06-26 14:35:00,EVV,,10.15999984741211,10.164999961853027,10.15999984741211,10.164999961853027,4522.0
2025-06-26 14:35:00,FOXO,,0.20309999585151672,0.20309999585151672,0.20309999585151672,0.20309999585151672,110.0
2025-06-26 14:35:00,FSP,,1.684999942779541,1.684999942779541,1.684999942779541,1.684999942779541,100.0
2025-06-26 14:35:00,GLDG,,0.7443000078201294,0.7443000078201294,0.7443000078201294,0.7443000078201294,5022.0
2025-06-26 14:35:00,GNS,,1.090000033378601,1.100000023841858,1.0801000595092773,1.0887000560760498,44137.0
2025-06-26 14:35:00,GROY,,2.2750000953674316,2.2750000953674316,2.2699999809265137,2.2699999809265137,1132.0
2025-06-26 14:35:00,GSAT,,23.209999084472656,23.209999084472656,23.209999084472656,23.209999084472656,352.0
2025-06-26 14:35:00,IBO,,0.9769009947776794,0.9769009947776794,0.9769009947776794,0.9769009947776794,1295.0
2025-06-26 14:35:00,IE,,9.470000267028809,9.479999542236328,9.399999618530273,9.399999618530273,27908.0
2025-06-26 14:35:00,IMO,,81.25499725341797,81.25499725341797,81.25499725341797,81.25499725341797,245.0
2025-06-26 14:35:00,INDO,,3.069999933242798,3.069999933242798,3.0601000785827637,3.0601999759674072,16330.0
2025-06-26 14:35:00,INFU,,6.46999979019165,6.489999771118164,6.46999979019165,6.489999771118164,1056.0
2025-06-26 14:35:00,ITRG,,1.5211000442504883,1.5211000442504883,1.5211000442504883,1.5211000442504883,11208.0
2025-06-26 14:35:00,KNW,,1.9500000476837158,1.964400053024292,1.9500000476837158,1.964400053024292,200.0
2025-06-26 14:35:00,KULR,,5.114999771118164,5.119999885559082,5.112500190734863,5.119999885559082,2122.0
2025-06-26 14:35:00,LCTX,,0.9916999936103821,0.993399977684021,0.991599977016449,0.993399977684021,644.0
2025-06-26 14:35:00,LEU,,174.08999633789062,174.08999633789062,173.94000244140625,173.94000244140625,420.0
2025-06-26 14:35:00,LMND,,42.35300064086914,42.36000061035156,42.334999084472656,42.36000061035156,1738.0
2025-06-26 14:35:00,LNG,,241.9149932861328,241.9149932861328,241.9149932861328,241.9149932861328,796.0
2025-06-26 14:35:00,MAG,,21.364999771118164,21.364999771118164,21.364999771118164,21.364999771118164,4497.0
2025-06-26 14:35:00,MRT,,2.869999885559082,2.869999885559082,2.869999885559082,2.869999885559082,238.0
2025-06-26 14:35:00,MTA,,3.8889999389648438,3.8889999389648438,3.8889999389648438,3.8889999389648438,153.0
2025-06-26 14:35:00,MYO,,2.2200000286102295,2.2300000190734863,2.2200000286102295,2.2249999046325684,1199.0
2025-06-26 14:35:00,NAK,,1.5399999618530273,1.5399999618530273,1.5298999547958374,1.5298999547958374,45080.0
2025-06-26 14:35:00,NBH,,9.795000076293945,9.795000076293945,9.795000076293945,9.795000076293945,100.0
2025-06-26 14:35:00,NEWP,,1.3854000568389893,1.3854000568389893,1.3854000568389893,1.3854000568389893,400.0
2025-06-26 14:35:00,NG,,4.110000133514404,4.110000133514404,4.099999904632568,4.099999904632568,4102.0
2025-06-26 14:35:00,NGD,,4.90500020980835,4.90500020980835,4.900100231170654,4.90500020980835,14000.0
2025-06-26 14:35:00,NML,,8.800000190734863,8.800000190734863,8.800000190734863,8.800000190734863,2000.0
2025-06-26 14:35:00,OPTT,,0.5138999819755554,0.5138999819755554,0.5133000016212463,0.5133000016212463,1719.0
2025-06-26 14:35:00,ORLA,,9.975000381469727,9.979999542236328,9.970000267028809,9.975000381469727,1577.0
2025-06-26 14:35:00,PLG,,1.6399999856948853,1.6399999856948853,1.6399999856948853,1.6399999856948853,4000.0
2025-06-26 14:35:00,PLX,,1.5,1.5,1.4950000047683716,1.4950000047683716,347.0
2025-06-26 14:35:00,REI,,0.7760000228881836,0.776199996471405,0.7757999897003174,0.7759000062942505,13604.0
2025-06-26 14:35:00,REPX,,26.600000381469727,26.639999389648438,26.600000381469727,26.6200008392334,1083.0
2025-06-26 14:35:00,SATX,,2.9600000381469727,2.9600000381469727,2.9600000381469727,2.9600000381469727,208.0
2025-06-26 14:35:00,SEB,,2980.699951171875,2980.699951171875,2965.0,2967.5,40.0
2025-06-26 14:35:00,SENS,,0.5005000233650208,0.5005000233650208,0.4999000132083893,0.5001000165939331,12767.0
2025-06-26 14:35:00,SGN,,1.1399999856948853,1.1410000324249268,1.1399999856948853,1.1410000324249268,3480.0
2025-06-26 14:35:00,SLI,,1.9149999618530273,1.9149999618530273,1.9149999618530273,1.9149999618530273,1330.0
2025-06-26 14:35:00,SOAR,,1.3854999542236328,1.3854999542236328,1.3854999542236328,1.3854999542236328,120.0
2025-06-26 14:35:00,STXS,,2.194999933242798,2.194999933242798,2.194999933242798,2.194999933242798,102.0
2025-06-26 14:35:00,SVM,,4.175000190734863,4.175000190734863,4.175000190734863,4.175000190734863,432.0
2025-06-26 14:35:00,TGB,,3.110100030899048,3.115000009536743,3.109999895095825,3.109999895095825,9174.0
2025-06-26 14:35:00,TOVX,,0.4408999979496002,0.4408999979496002,0.4408999979496002,0.4408999979496002,100.0
2025-06-26 14:35:00,TPET,,1.1799999475479126,1.1799999475479126,1.1799999475479126,1.1799999475479126,104.0
2025-06-26 14:35:00,UAMY,,2.5850000381469727,2.5899999141693115,2.5801000595092773,2.5899999141693115,2555.0
2025-06-26 14:35:00,UAVS,,1.1349999904632568,1.1349999904632568,1.1349999904632568,1.1349999904632568,120.0
2025-06-26 14:35:00,UEC,,6.929999828338623,6.929999828338623,6.920000076293945,6.929999828338623,8005.0
2025-06-26 14:35:00,URG,,1.0399999618530273,1.0399999618530273,1.0299999713897705,1.0399999618530273,5900.0
2025-06-26 14:35:00,USAS,,0.8255000114440918,0.8255000114440918,0.8255000114440918,0.8255000114440918,2952.0
2025-06-26 14:35:00,UTG,,35.47999954223633,35.480201721191406,35.47999954223633,35.480201721191406,400.0
2025-06-26 14:35:00,UUUU,,5.855000019073486,5.860000133514404,5.85099983215332,5.855000019073486,9531.0
2025-06-26 14:35:00,VGZ,,1.029099941253662,1.029099941253662,1.029099941253662,1.029099941253662,1016.0
2025-06-26 14:35:00,VNRX,,0.8399999737739563,0.8513000011444092,0.8399999737739563,0.8467000126838684,1280.0
2025-06-26 14:35:00,VZLA,,2.9798998832702637,2.9798998832702637,2.9749999046325684,2.9749999046325684,5100.0
2025-06-26 14:35:00,XPL,,0.6435999870300293,0.6435999870300293,0.6435999870300293,0.6435999870300293,210.0
2025-06-26 14:35:00,XTNT,,0.6297990083694458,0.6297990083694458,0.6079999804496765,0.6079999804496765,1000.0
2025-06-26 14:36:00,ARMN,,6.809999942779541,6.809999942779541,6.804999828338623,6.804999828338623,485.0
2025-06-26 14:36:00,ASM,,3.509999990463257,3.509999990463257,3.509999990463257,3.509999990463257,400.0
2025-06-26 14:36:00,ATNM,,1.5549999475479126,1.5549999475479126,1.5549999475479126,1.5549999475479126,131.0
2025-06-26 14:36:00,BHB,,29.790000915527344,29.790000915527344,29.790000915527344,29.790000915527344,922.0
2025-06-26 14:36:00,BKTI,,54.7599983215332,54.7599983215332,54.7599983215332,54.7599983215332,129.0
2025-06-26 14:36:00,BQ,,2.069999933242798,2.069999933242798,2.0399999618530273,2.049999952316284,3446.0
2025-06-26 14:36:00,BRBS,,3.299999952316284,3.299999952316284,3.299999952316284,3.299999952316284,131.0
2025-06-26 14:36:00,BTG,,3.624000072479248,3.624000072479248,3.624000072479248,3.624000072479248,300.0
2025-06-26 14:36:00,BURU,,0.335099995136261,0.335099995136261,0.3321000039577484,0.3321000039577484,12107.0
2025-06-26 14:36:00,CATX,,3.694999933242798,3.694999933242798,3.694999933242798,3.694999933242798,439.0
2025-06-26 14:36:00,CBOE,,227.6199951171875,227.75999450683594,227.6199951171875,227.75999450683594,575.0
2025-06-26 14:36:00,CEF,,30.40999984741211,30.40999984741211,30.40999984741211,30.40999984741211,112.0
2025-06-26 14:36:00,CET,,47.60499954223633,47.60499954223633,47.60499954223633,47.60499954223633,263.0
2025-06-26 14:36:00,CLM,,7.945000171661377,7.945000171661377,7.9446001052856445,7.945000171661377,3311.0
2025-06-26 14:36:00,CQP,,56.15999984741211,56.19499969482422,56.15999984741211,56.19499969482422,325.0
2025-06-26 14:36:00,CVM,,2.424999952316284,2.424999952316284,2.424999952316284,2.424999952316284,102.0
2025-06-26 14:36:00,CYBN,,8.430000305175781,8.430000305175781,8.430000305175781,8.430000305175781,1046.0
2025-06-26 14:36:00,DC,,3.805000066757202,3.805000066757202,3.799999952316284,3.799999952316284,227.0
2025-06-26 14:36:00,DNN,,1.8300000429153442,1.8300000429153442,1.8200000524520874,1.8300000429153442,5493.0
2025-06-26 14:36:00,EQX,,5.90500020980835,5.90500020980835,5.90500020980835,5.90500020980835,1767.0
2025-06-26 14:36:00,ERC,,9.395000457763672,9.395000457763672,9.395000457763672,9.395000457763672,242.0
2025-06-26 14:36:00,ERH,,11.350000381469727,11.359999656677246,11.350000381469727,11.359999656677246,2333.0
2025-06-26 14:36:00,FSP,,1.690000057220459,1.690000057220459,1.690000057220459,1.690000057220459,116.0
2025-06-26 14:36:00,GAU,,1.284999966621399,1.284999966621399,1.284999966621399,1.284999966621399,900.0
2025-06-26 14:36:00,GNS,,1.0892000198364258,1.100000023841858,1.0700000524520874,1.100000023841858,70141.0
2025-06-26 14:36:00,GROY,,2.2750000953674316,2.2750000953674316,2.2699999809265137,2.2750000953674316,312.0
2025-06-26 14:36:00,GSAT,,23.209999084472656,23.209999084472656,23.209999084472656,23.209999084472656,317.0
2025-06-26 14:36:00,IBO,,0.9869589805603027,0.9869589805603027,0.9869589805603027,0.9869589805603027,200.0
2025-06-26 14:36:00,IDR,,13.099699974060059,13.099699974060059,13.079999923706055,13.079999923706055,1445.0
2025-06-26 14:36:00,IE,,9.470000267028809,9.470000267028809,9.470000267028809,9.470000267028809,1227.0
2025-06-26 14:36:00,IGC,,0.3094500005245209,0.3094500005245209,0.3094500005245209,0.3094500005245209,100.0
2025-06-26 14:36:00,IMO,,81.29000091552734,81.29000091552734,81.27999877929688,81.27999877929688,1451.0
2025-06-26 14:36:00,INDO,,3.069999933242798,3.069999933242798,3.0601000785827637,3.0601000785827637,951.0
2025-06-26 14:36:00,ITRG,,1.524999976158142,1.524999976158142,1.524999976158142,1.524999976158142,704.0
2025-06-26 14:36:00,KNW,,1.9500000476837158,1.9500000476837158,1.9500000476837158,1.9500000476837158,230.0
2025-06-26 14:36:00,KULR,,5.119999885559082,5.119999885559082,5.114999771118164,5.114999771118164,987.0
2025-06-26 14:36:00,LCTX,,0.9915000200271606,0.9919000267982483,0.9915000200271606,0.991599977016449,2672.0
2025-06-26 14:36:00,LEU,,173.86500549316406,173.86500549316406,173.86500549316406,173.86500549316406,112.0
2025-06-26 14:36:00,LMND,,42.349998474121094,42.369998931884766,42.349998474121094,42.349998474121094,1238.0
2025-06-26 14:36:00,LNG,,241.9199981689453,241.9199981689453,241.9199981689453,241.9199981689453,1096.0
2025-06-26 14:36:00,MAG,,21.360000610351562,21.3700008392334,21.350000381469727,21.360000610351562,3112.0
2025-06-26 14:36:00,MYO,,2.2249999046325684,2.2249999046325684,2.2249999046325684,2.2249999046325684,130.0
2025-06-26 14:36:00,NAK,,1.5399999618530273,1.5399999618530273,1.5398000478744507,1.5399999618530273,29773.0
2025-06-26 14:36:00,NCL,,0.18070000410079956,0.18080000579357147,0.18070000410079956,0.18080000579357147,1195.0
2025-06-26 14:36:00,NG,,4.099999904632568,4.110000133514404,4.099999904632568,4.110000133514404,11648.0
2025-06-26 14:36:00,NGD,,4.90500020980835,4.90500020980835,4.90500020980835,4.90500020980835,2382.0
2025-06-26 14:36:00,NHS,,7.500100135803223,7.500100135803223,7.500100135803223,7.500100135803223,118.0
2025-06-26 14:36:00,NML,,8.800000190734863,8.800000190734863,8.800000190734863,8.800000190734863,2000.0
2025-06-26 14:36:00,NNVC,,1.2350000143051147,1.2350000143051147,1.2350000143051147,1.2350000143051147,602.0
2025-06-26 14:36:00,NRXS,,2.5799999237060547,2.5799999237060547,2.5799999237060547,2.5799999237060547,130.0
2025-06-26 14:36:00,OPTT,,0.5138999819755554,0.5138999819755554,0.5133000016212463,0.5133000016212463,4110.0
2025-06-26 14:36:00,ORLA,,9.975000381469727,9.975000381469727,9.975000381469727,9.975000381469727,3394.0
2025-06-26 14:36:00,OZ,,65.05500030517578,65.05500030517578,65.05500030517578,65.05500030517578,1171.0
2025-06-26 14:36:00,PHGE,,0.460099995136261,0.460099995136261,0.460099995136261,0.460099995136261,900.0
2025-06-26 14:36:00,PLG,,1.649999976158142,1.649999976158142,1.6410000324249268,1.6410000324249268,1000.0
2025-06-26 14:36:00,PLX,,1.5,1.5,1.4950000047683716,1.4950000047683716,470.0
2025-06-26 14:36:00,REI,,0.7759000062942505,0.775950014591217,0.7756999731063843,0.775950014591217,12926.0
2025-06-26 14:36:00,REPX,,26.649999618530273,26.649999618530273,26.649999618530273,26.649999618530273,180.0
2025-06-26 14:36:00,RLGT,,6.03000020980835,6.03000020980835,6.03000020980835,6.03000020980835,416.0
2025-06-26 14:36:00,SACH,,1.090000033378601,1.090000033378601,1.090000033378601,1.090000033378601,109.0
2025-06-26 14:36:00,SBEV,,3.7300000190734863,3.7300000190734863,3.7300000190734863,3.7300000190734863,419.0
2025-06-26 14:36:00,SENS,,0.5006999969482422,0.5026000142097473,0.5006999969482422,0.5012000203132629,54892.0
2025-06-26 14:36:00,SGN,,1.1331000328063965,1.1349999904632568,1.1200000047683716,1.1303000450134277,2712.0
2025-06-26 14:36:00,SLND,,3.9800000190734863,3.984999895095825,3.9800000190734863,3.984999895095825,300.0
2025-06-26 14:36:00,STXS,,2.194999933242798,2.194999933242798,2.194999933242798,2.194999933242798,1120.0
2025-06-26 14:36:00,SVM,,4.175000190734863,4.179999828338623,4.175000190734863,4.179999828338623,710.0
2025-06-26 14:36:00,TGB,,3.115000009536743,3.115000009536743,3.109999895095825,3.109999895095825,917.0
2025-06-26 14:36:00,THM,,0.8704000115394592,0.8704000115394592,0.8704000115394592,0.8704000115394592,100.0
2025-06-26 14:36:00,UAMY,,2.5850000381469727,2.5899999141693115,2.5850000381469727,2.5899999141693115,556.0
2025-06-26 14:36:00,UAVS,,1.1399999856948853,1.1399999856948853,1.1399999856948853,1.1399999856948853,967.0
2025-06-26 14:36:00,UEC,,6.924099922180176,6.929999828338623,6.920000076293945,6.929999828338623,9041.0
2025-06-26 14:36:00,URG,,1.0399999618530273,1.0399999618530273,1.034999966621399,1.0399999618530273,12803.0
2025-06-26 14:36:00,UTG,,35.4900016784668,35.4900016784668,35.485198974609375,35.485198974609375,293.0
2025-06-26 14:36:00,UUUU,,5.855000019073486,5.859600067138672,5.855000019073486,5.855000019073486,22245.0
2025-06-26 14:36:00,VNRX,,0.8513000011444092,0.8513000011444092,0.8513000011444092,0.8513000011444092,300.0
2025-06-26 14:36:00,VTAK,,0.25220000743865967,0.25220000743865967,0.25220000743865967,0.25220000743865967,101.0
2025-06-26 14:36:00,VZLA,,2.9749999046325684,2.9749999046325684,2.9749999046325684,2.9749999046325684,4313671.0
2025-06-26 14:36:00,WRN,,1.2350000143051147,1.2350000143051147,1.2350000143051147,1.2350000143051147,1306.0
2025-06-26 14:36:00,WWR,,0.6014000177383423,0.6014000177383423,0.6014000177383423,0.6014000177383423,692.0
2025-06-26 14:36:00,XTNT,,0.6297990083694458,0.6297990083694458,0.6297990083694458,0.6297990083694458,1286.0
2025-06-26 14:37:00,ARMN,,6.804999828338623,6.804999828338623,6.800000190734863,6.804999828338623,818.0
2025-06-26 14:37:00,ASM,,3.5199999809265137,3.5199999809265137,3.509999990463257,3.510200023651123,6199.0
2025-06-26 14:37:00,ATNM,,1.5549999475479126,1.5549999475479126,1.5549999475479126,1.5549999475479126,555.0
2025-06-26 14:37:00,BKTI,,54.880001068115234,54.880001068115234,54.880001068115234,54.880001068115234,493.0
2025-06-26 14:37:00,BQ,,2.0799999237060547,2.0799999237060547,2.069999933242798,2.069999933242798,2228.0
2025-06-26 14:37:00,BRBS,,3.2950000762939453,3.299999952316284,3.2950000762939453,3.299999952316284,627.0
2025-06-26 14:37:00,BTG,,3.619999885559082,3.630000114440918,3.619999885559082,3.630000114440918,25164.0
2025-06-26 14:37:00,BURU,,0.3321000039577484,0.3321000039577484,0.3321000039577484,0.3321000039577484,344.0
2025-06-26 14:37:00,CATX,,3.7049999237060547,3.7049999237060547,3.694999933242798,3.694999933242798,5800.0
2025-06-26 14:37:00,CBOE,,227.38999938964844,227.38999938964844,227.38999938964844,227.38999938964844,662.0
2025-06-26 14:37:00,CLDI,,0.22819900512695312,0.22819900512695312,0.22819900512695312,0.22819900512695312,250.0
2025-06-26 14:37:00,CLM,,7.949999809265137,7.949999809265137,7.949999809265137,7.949999809265137,1895.0
2025-06-26 14:37:00,CQP,,56.19499969482422,56.19499969482422,56.19499969482422,56.19499969482422,627.0
2025-06-26 14:37:00,CRF,,7.550000190734863,7.550000190734863,7.550000190734863,7.550000190734863,144.0
2025-06-26 14:37:00,CTM,,1.059999942779541,1.059999942779541,1.059999942779541,1.059999942779541,571.0
2025-06-26 14:37:00,CVU,,3.2699999809265137,3.2699999809265137,3.2200000286102295,3.2300000190734863,5105.0
2025-06-26 14:37:00,DHY,,2.101099967956543,2.109999895095825,2.101099967956543,2.1045000553131104,30612.0
2025-06-26 14:37:00,DNN,,1.8300000429153442,1.8300000429153442,1.8250000476837158,1.8300000429153442,2517.0
2025-06-26 14:37:00,EPM,,4.769999980926514,4.769999980926514,4.769999980926514,4.769999980926514,190.0
2025-06-26 14:37:00,EQX,,5.90500020980835,5.90500020980835,5.90500020980835,5.90500020980835,1877.0
2025-06-26 14:37:00,ERC,,9.399999618530273,9.399999618530273,9.395000457763672,9.395000457763672,1100.0
2025-06-26 14:37:00,ERH,,11.380000114440918,11.380000114440918,11.380000114440918,11.380000114440918,237.0
2025-06-26 14:37:00,ESP,,45.50199890136719,45.50199890136719,45.50199890136719,45.50199890136719,349.0
2025-06-26 14:37:00,FOXO,,0.20270000398159027,0.20270000398159027,0.20270000398159027,0.20270000398159027,2500.0
2025-06-26 14:37:00,GAU,,1.284999966621399,1.284999966621399,1.284999966621399,1.284999966621399,142.0
2025-06-26 14:37:00,GNS,,1.09089994430542,1.0992000102996826,1.080899953842163,1.089900016784668,54714.0
2025-06-26 14:37:00,GORO,,0.5436000227928162,0.5436000227928162,0.5436000227928162,0.5436000227928162,163.0
2025-06-26 14:37:00,GROY,,2.2699999809265137,2.2750000953674316,2.2699999809265137,2.2750000953674316,560.0
2025-06-26 14:37:00,GSAT,,23.213699340820312,23.21500015258789,23.213699340820312,23.21500015258789,479.0
2025-06-26 14:37:00,GTE,,5.025000095367432,5.029699802398682,5.019999980926514,5.029699802398682,448.0
2025-06-26 14:37:00,IBO,,0.9868990182876587,0.9868990182876587,0.9868990182876587,0.9868990182876587,1651.0
2025-06-26 14:37:00,IE,,9.520000457763672,9.520000457763672,9.470000267028809,9.470000267028809,7213.0
2025-06-26 14:37:00,IGC,,0.30880001187324524,0.3095000088214874,0.30880001187324524,0.30889999866485596,3452.0
2025-06-26 14:37:00,IMO,,81.33999633789062,81.33999633789062,81.30999755859375,81.30999755859375,1290.0
2025-06-26 14:37:00,INDO,,3.049999952316284,3.069999933242798,3.049999952316284,3.069999933242798,11982.0
2025-06-26 14:37:00,KNW,,1.9300999641418457,1.9300999641418457,1.9300999641418457,1.9300999641418457,161.0
2025-06-26 14:37:00,KULR,,5.119200229644775,5.119999885559082,5.114999771118164,5.114999771118164,5822.0
2025-06-26 14:37:00,LCTX,,0.9908000230789185,0.991100013256073,0.9908000230789185,0.991100013256073,10381.0
2025-06-26 14:37:00,LEU,,174.18519592285156,174.2050018310547,173.76119995117188,173.99000549316406,3865.0
2025-06-26 14:37:00,LMND,,42.31999969482422,42.380001068115234,42.29999923706055,42.369998931884766,2540.0
2025-06-26 14:37:00,LNG,,242.05999755859375,242.05999755859375,242.05999755859375,242.05999755859375,884.0
2025-06-26 14:37:00,MAG,,21.354999542236328,21.364999771118164,21.350000381469727,21.364999771118164,675.0
2025-06-26 14:37:00,MPTI,,40.400001525878906,40.400001525878906,40.400001525878906,40.400001525878906,235.0
2025-06-26 14:37:00,MTA,,3.880000114440918,3.880000114440918,3.880000114440918,3.880000114440918,648.0
2025-06-26 14:37:00,MYO,,2.2249999046325684,2.2249999046325684,2.2249999046325684,2.2249999046325684,242.0
2025-06-26 14:37:00,NAK,,1.534999966621399,1.5399999618530273,1.5305999517440796,1.5399999618530273,3316.0
2025-06-26 14:37:00,NCL,,0.18060000240802765,0.18070000410079956,0.18060000240802765,0.18070000410079956,630.0
2025-06-26 14:37:00,NEWP,,1.3849999904632568,1.3849999904632568,1.3849999904632568,1.3849999904632568,2067.0
2025-06-26 14:37:00,NFGC,,1.475000023841858,1.4788999557495117,1.475000023841858,1.4788999557495117,1800.0
2025-06-26 14:37:00,NG,,4.105000019073486,4.110000133514404,4.105000019073486,4.110000133514404,3722.0
2025-06-26 14:37:00,NGD,,4.90500020980835,4.90500020980835,4.901199817657471,4.90500020980835,22704.0
2025-06-26 14:37:00,NHC,,107.41000366210938,107.41000366210938,107.41000366210938,107.41000366210938,180.0
2025-06-26 14:37:00,OBE,,5.519999980926514,5.519999980926514,5.519999980926514,5.519999980926514,200.0
2025-06-26 14:37:00,OPTT,,0.5131000280380249,0.5139999985694885,0.5131000280380249,0.5138999819755554,1330.0
2025-06-26 14:37:00,ORLA,,9.979999542236328,9.979999542236328,9.975000381469727,9.979999542236328,3625.0
2025-06-26 14:37:00,PED,,0.6579999923706055,0.6579999923706055,0.6579999923706055,0.6579999923706055,218.0
2025-06-26 14:37:00,PLG,,1.649999976158142,1.649999976158142,1.6399999856948853,1.6399999856948853,2118.0
2025-06-26 14:37:00,PLMR,,152.40499877929688,152.40499877929688,152.40499877929688,152.40499877929688,197.0
2025-06-26 14:37:00,PZG,,0.6175000071525574,0.6175000071525574,0.6175000071525574,0.6175000071525574,616.0
2025-06-26 14:37:00,RCG,,2.600100040435791,2.600100040435791,2.5999999046325684,2.600100040435791,1526.0
2025-06-26 14:37:00,REI,,0.7757999897003174,0.7759000062942505,0.7757999897003174,0.7757999897003174,1838.0
2025-06-26 14:37:00,REPX,,26.65999984741211,26.65999984741211,26.65999984741211,26.65999984741211,844.0
2025-06-26 14:37:00,SATX,,2.9600000381469727,2.9600000381469727,2.9600000381469727,2.9600000381469727,505.0
2025-06-26 14:37:00,SBEV,,3.753200054168701,3.753200054168701,3.7156999111175537,3.7156999111175537,764.0
2025-06-26 14:37:00,SENS,,0.5,0.5,0.5,0.5,270.0
2025-06-26 14:37:00,SGN,,1.1301000118255615,1.1301000118255615,1.1301000118255615,1.1301000118255615,307.0
2025-06-26 14:37:00,SKYH,,9.59000015258789,9.59000015258789,9.59000015258789,9.59000015258789,288.0
2025-06-26 14:37:00,SLI,,1.913699984550476,1.913699984550476,1.913699984550476,1.913699984550476,261.0
2025-06-26 14:37:00,SLND,,3.9000000953674316,3.990000009536743,3.9000000953674316,3.984999895095825,1639.0
2025-06-26 14:37:00,STRW,,10.699999809265137,10.710000038146973,10.699999809265137,10.710000038146973,239.0
2025-06-26 14:37:00,TGB,,3.115000009536743,3.115000009536743,3.115000009536743,3.115000009536743,1040.0
2025-06-26 14:37:00,THM,,0.8662999868392944,0.8815000057220459,0.8662999868392944,0.8723999857902527,11324.0
2025-06-26 14:37:00,TOON,,0.7621999979019165,0.7621999979019165,0.7621999979019165,0.7621999979019165,335.0
2025-06-26 14:37:00,UAMY,,2.5899999141693115,2.5899999141693115,2.5850000381469727,2.5850000381469727,2946.0
2025-06-26 14:37:00,UAVS,,1.1490000486373901,1.1490000486373901,1.1398999691009521,1.1399999856948853,11506.0
2025-06-26 14:37:00,UEC,,6.925000190734863,6.929999828338623,6.9207000732421875,6.925000190734863,11635.0
2025-06-26 14:37:00,URG,,1.0399999618530273,1.0399999618530273,1.034999966621399,1.0399999618530273,3412.0
2025-06-26 14:37:00,UTG,,35.47999954223633,35.47999954223633,35.47999954223633,35.47999954223633,877.0
2025-06-26 14:37:00,UUUU,,5.860000133514404,5.860000133514404,5.849999904632568,5.855000019073486,27262.0
2025-06-26 14:37:00,VKI,,8.210000038146973,8.210000038146973,8.210000038146973,8.210000038146973,845.0
2025-06-26 14:37:00,VNRX,,0.8513000011444092,0.8513000011444092,0.8513000011444092,0.8513000011444092,546.0
2025-06-26 14:37:00,VTAK,,0.25220000743865967,0.25220000743865967,0.25220000743865967,0.25220000743865967,1003.0
2025-06-26 14:37:00,VZLA,,2.9749999046325684,2.9749999046325684,2.9700000286102295,2.9749999046325684,2893.0
2025-06-26 14:37:00,ZDGE,,3.8712000846862793,3.940000057220459,3.8712000846862793,3.940000057220459,802.0
2025-06-26 14:38:00,ARMN,,6.804999828338623,6.804999828338623,6.804999828338623,6.804999828338623,307.0
2025-06-26 14:38:00,ASM,,3.5199999809265137,3.5299999713897705,3.515000104904175,3.515000104904175,35013.0
2025-06-26 14:38:00,ATNM,,1.5549999475479126,1.5549999475479126,1.5549999475479126,1.5549999475479126,342.0
2025-06-26 14:38:00,BQ,,2.079900026321411,2.0799999237060547,2.079900026321411,2.0799999237060547,1656.0
2025-06-26 14:38:00,BRBS,,3.299999952316284,3.299999952316284,3.2950000762939453,3.299999952316284,6083.0
2025-06-26 14:38:00,BTG,,3.625,3.625,3.625,3.625,3077.0
2025-06-26 14:38:00,BURU,,0.33469998836517334,0.33469998836517334,0.33250001072883606,0.33250001072883606,2008.0
2025-06-26 14:38:00,CATX,,3.7049999237060547,3.7049999237060547,3.700000047683716,3.700000047683716,2486.0
2025-06-26 14:38:00,CEF,,30.405000686645508,30.405000686645508,30.405000686645508,30.405000686645508,342.0
2025-06-26 14:38:00,CLM,,7.940000057220459,7.949999809265137,7.940000057220459,7.940000057220459,5108.0
2025-06-26 14:38:00,CQP,,56.19499969482422,56.19499969482422,56.19499969482422,56.19499969482422,100.0
2025-06-26 14:38:00,CRF,,7.554999828338623,7.559999942779541,7.550000190734863,7.5518999099731445,6296.0
2025-06-26 14:38:00,CVM,,2.440000057220459,2.440000057220459,2.440000057220459,2.440000057220459,892.0
2025-06-26 14:38:00,DC,,3.805000066757202,3.805000066757202,3.805000066757202,3.805000066757202,245.0
2025-06-26 14:38:00,DNN,,1.8250000476837158,1.8300000429153442,1.8200000524520874,1.8250000476837158,33557.0
2025-06-26 14:38:00,EQX,,5.90500020980835,5.909999847412109,5.900000095367432,5.90500020980835,13871.0
2025-06-26 14:38:00,ERC,,9.399700164794922,9.399700164794922,9.399700164794922,9.399700164794922,1468.0
2025-06-26 14:38:00,EVV,,10.164999961853027,10.164999961853027,10.164999961853027,10.164999961853027,3675.0
2025-06-26 14:38:00,FOXO,,0.20000000298023224,0.20200000703334808,0.20000000298023224,0.20200000703334808,48200.0
2025-06-26 14:38:00,FSP,,1.684999942779541,1.684999942779541,1.684999942779541,1.684999942779541,100.0
2025-06-26 14:38:00,GAU,,1.284999966621399,1.284999966621399,1.284999966621399,1.284999966621399,165.0
2025-06-26 14:38:00,GGN,,4.385000228881836,4.385000228881836,4.385000228881836,4.385000228881836,500.0
2025-06-26 14:38:00,GNS,,1.100000023841858,1.1200000047683716,1.0800000429153442,1.090399980545044,99298.0
2025-06-26 14:38:00,GORO,,0.5450000166893005,0.5450000166893005,0.5450000166893005,0.5450000166893005,891.0
2025-06-26 14:38:00,GROY,,2.2799999713897705,2.2799999713897705,2.2750000953674316,2.2750000953674316,424.0
2025-06-26 14:38:00,GSAT,,23.229999542236328,23.25,23.21500015258789,23.21500015258789,2795.0
2025-06-26 14:38:00,IBO,,0.972599983215332,0.972599983215332,0.972599983215332,0.972599983215332,351.0
2025-06-26 14:38:00,IDR,,13.089900016784668,13.089900016784668,13.089900016784668,13.089900016784668,211.0
2025-06-26 14:38:00,IE,,9.520000457763672,9.520000457763672,9.520000457763672,9.520000457763672,1162.0
2025-06-26 14:38:00,IMO,,81.35169982910156,81.35169982910156,81.35169982910156,81.35169982910156,102.0
2025-06-26 14:38:00,INDO,,3.059499979019165,3.059999942779541,3.049999952316284,3.049999952316284,2584.0
2025-06-26 14:38:00,ITRG,,1.5262999534606934,1.5299999713897705,1.524999976158142,1.5298999547958374,31018.0
2025-06-26 14:38:00,KULR,,5.1066999435424805,5.114999771118164,5.102499961853027,5.110099792480469,16154.0
2025-06-26 14:38:00,LCTX,,0.9907000064849854,0.9907000064849854,0.9907000064849854,0.9907000064849854,2100.0
2025-06-26 14:38:00,LEU,,174.48500061035156,174.5800018310547,174.0399932861328,174.26499938964844,1678.0
2025-06-26 14:38:00,LMND,,42.290000915527344,42.31999969482422,42.290000915527344,42.31999969482422,431.0
2025-06-26 14:38:00,LNG,,241.9199981689453,242.00999450683594,241.9199981689453,241.97000122070312,2084.0
2025-06-26 14:38:00,LODE,,3.7200000286102295,3.7200000286102295,3.7200000286102295,3.7200000286102295,146.0
2025-06-26 14:38:00,MAG,,21.375,21.3799991607666,21.360000610351562,21.360000610351562,7352.0
2025-06-26 14:38:00,MPTI,,40.31999969482422,40.31999969482422,40.220001220703125,40.220001220703125,392.0
2025-06-26 14:38:00,MYO,,2.229300022125244,2.2300000190734863,2.229300022125244,2.2300000190734863,407.0
2025-06-26 14:38:00,NAK,,1.5312000513076782,1.534999966621399,1.5312000513076782,1.534999966621399,4667.0
2025-06-26 14:38:00,NBH,,9.79990005493164,9.79990005493164,9.795000076293945,9.795000076293945,1170.0
2025-06-26 14:38:00,NFGC,,1.475000023841858,1.475000023841858,1.4700000286102295,1.4700000286102295,200.0
2025-06-26 14:38:00,NG,,4.110000133514404,4.110000133514404,4.099999904632568,4.105000019073486,3813.0
2025-06-26 14:38:00,NGD,,4.90500020980835,4.90500020980835,4.90500020980835,4.90500020980835,1888.0
2025-06-26 14:38:00,NNVC,,1.2301000356674194,1.2301000356674194,1.2301000356674194,1.2301000356674194,1015.0
2025-06-26 14:38:00,OPTT,,0.5117999911308289,0.5127999782562256,0.5117999911308289,0.5127999782562256,3565.0
2025-06-26 14:38:00,ORLA,,9.989999771118164,9.989999771118164,9.979999542236328,9.989999771118164,5409.0
2025-06-26 14:38:00,PED,,0.6625499725341797,0.6625499725341797,0.6625499725341797,0.6625499725341797,116.0
2025-06-26 14:38:00,PLAG,,0.8500999808311462,0.8500999808311462,0.8500999808311462,0.8500999808311462,289.0
2025-06-26 14:38:00,PLG,,1.6449999809265137,1.649999976158142,1.6449999809265137,1.649999976158142,3617.0
2025-06-26 14:38:00,PLMR,,152.40499877929688,152.40499877929688,152.40499877929688,152.40499877929688,166.0
2025-06-26 14:38:00,PLX,,1.4997999668121338,1.4997999668121338,1.4950000047683716,1.4950000047683716,575.0
2025-06-26 14:38:00,RCG,,2.5950000286102295,2.5950000286102295,2.5950000286102295,2.5950000286102295,100.0
2025-06-26 14:38:00,REI,,0.7760000228881836,0.7760000228881836,0.7756999731063843,0.7760000228881836,5094.0
2025-06-26 14:38:00,SATX,,2.9600000381469727,2.9600000381469727,2.9600000381469727,2.9600000381469727,4984.0
2025-06-26 14:38:00,SBEV,,3.774199962615967,3.774199962615967,3.774199962615967,3.774199962615967,161.0
2025-06-26 14:38:00,SEB,,2974.97998046875,2975.5,2974.800048828125,2975.0,53.0
2025-06-26 14:38:00,SENS,,0.5004000067710876,0.5012999773025513,0.5,0.5001000165939331,78928.0
2025-06-26 14:38:00,SIF,,3.3399999141693115,3.3399999141693115,3.3399999141693115,3.3399999141693115,127547.0
2025-06-26 14:38:00,STRW,,10.701700210571289,10.701700210571289,10.701700210571289,10.701700210571289,181.0
2025-06-26 14:38:00,SVM,,4.179999828338623,4.190000057220459,4.175000190734863,4.179999828338623,78243.0
2025-06-26 14:38:00,TGB,,3.115000009536743,3.119999885559082,3.109999895095825,3.115000009536743,47082.0
2025-06-26 14:38:00,TMQ,,1.4900000095367432,1.4900000095367432,1.4850000143051147,1.4850000143051147,501.0
2025-06-26 14:38:00,UAVS,,1.1433000564575195,1.149999976158142,1.1419999599456787,1.149999976158142,2903.0
2025-06-26 14:38:00,UEC,,6.934999942779541,6.934999942779541,6.920000076293945,6.934999942779541,28987.0
2025-06-26 14:38:00,URG,,1.034999966621399,1.0399999618530273,1.034999966621399,1.0399999618530273,2304.0
2025-06-26 14:38:00,USAS,,0.8240000009536743,0.8240000009536743,0.8239499926567078,0.8240000009536743,1000.0
2025-06-26 14:38:00,UTG,,35.4900016784668,35.4900016784668,35.48699951171875,35.48699951171875,1300.0
2025-06-26 14:38:00,UUUU,,5.855100154876709,5.860000133514404,5.849999904632568,5.849999904632568,20498.0
2025-06-26 14:38:00,VGZ,,1.0298999547958374,1.0298999547958374,1.0298999547958374,1.0298999547958374,128.0
2025-06-26 14:38:00,VNRX,,0.8513000011444092,0.8513000011444092,0.8513000011444092,0.8513000011444092,400.0
2025-06-26 14:38:00,VTAK,,0.2520489990711212,0.25279998779296875,0.25200000405311584,0.25200000405311584,22638.0
2025-06-26 14:38:00,VZLA,,2.9749999046325684,2.9800000190734863,2.9749999046325684,2.9749999046325684,1790.0
2025-06-26 14:38:00,WWR,,0.6119999885559082,0.6119999885559082,0.6014000177383423,0.6014000177383423,10338.0
2025-06-26 14:38:00,ZDGE,,3.934999942779541,3.934999942779541,3.934999942779541,3.934999942779541,200.0
2025-06-26 14:39:00,ARMN,,6.804999828338623,6.804999828338623,6.804999828338623,6.804999828338623,228.0
2025-06-26 14:39:00,ASM,,3.5350000858306885,3.5350000858306885,3.5199999809265137,3.5297999382019043,31248.0
2025-06-26 14:39:00,ATNM,,1.5549999475479126,1.5549999475479126,1.5549999475479126,1.5549999475479126,194.0
2025-06-26 14:39:00,BQ,,2.0999999046325684,2.119999885559082,2.0999999046325684,2.119999885559082,600.0
2025-06-26 14:39:00,BRBS,,3.299999952316284,3.299999952316284,3.299999952316284,3.299999952316284,2081.0
2025-06-26 14:39:00,BTG,,3.6208999156951904,3.625999927520752,3.6208999156951904,3.625,4953.0
2025-06-26 14:39:00,BURU,,0.33469998836517334,0.33469998836517334,0.33469998836517334,0.33469998836517334,1520.0
2025-06-26 14:39:00,CBOE,,227.10000610351562,227.66000366210938,227.10000610351562,227.61000061035156,11085.0
2025-06-26 14:39:00,CEF,,30.4158992767334,30.4158992767334,30.4158992767334,30.4158992767334,1022.0
2025-06-26 14:39:00,CQP,,56.1349983215332,56.19499969482422,56.119998931884766,56.19499969482422,1670.0
2025-06-26 14:39:00,CVM,,2.430000066757202,2.430000066757202,2.430000066757202,2.430000066757202,400.0
2025-06-26 14:39:00,DC,,3.805000066757202,3.805000066757202,3.799999952316284,3.799999952316284,452.0
2025-06-26 14:39:00,DNN,,1.8300000429153442,1.8300000429153442,1.8205000162124634,1.8300000429153442,48061.0
2025-06-26 14:39:00,EAD,,6.980000019073486,6.980000019073486,6.980000019073486,6.980000019073486,1039.0
2025-06-26 14:39:00,ECF,,10.16100025177002,10.16100025177002,10.16100025177002,10.16100025177002,142.0
2025-06-26 14:39:00,EMX,,2.555000066757202,2.555000066757202,2.555000066757202,2.555000066757202,242.0
2025-06-26 14:39:00,EPM,,4.771399974822998,4.78000020980835,4.771399974822998,4.78000020980835,424.0
2025-06-26 14:39:00,EQX,,5.90500020980835,5.90500020980835,5.900000095367432,5.90500020980835,2325.0
2025-06-26 14:39:00,EVV,,10.151000022888184,10.16100025177002,10.151000022888184,10.16100025177002,6445.0
2025-06-26 14:39:00,FOXO,,0.20000000298023224,0.20409999787807465,0.20000000298023224,0.20000000298023224,2515.0
2025-06-26 14:39:00,FSP,,1.690000057220459,1.690000057220459,1.690000057220459,1.690000057220459,151.0
2025-06-26 14:39:00,GLDG,,0.7448999881744385,0.7448999881744385,0.7448999881744385,0.7448999881744385,111.0
2025-06-26 14:39:00,GNS,,1.0950000286102295,1.1200000047683716,1.090000033378601,1.1200000047683716,28837.0
2025-06-26 14:39:00,GORO,,0.5401999950408936,0.5450000166893005,0.5401999950408936,0.5450000166893005,511.0
2025-06-26 14:39:00,GROY,,2.2799999713897705,2.2799999713897705,2.2699999809265137,2.2750000953674316,1100.0
2025-06-26 14:39:00,GSAT,,23.274999618530273,23.274999618530273,23.274999618530273,23.274999618530273,791.0
2025-06-26 14:39:00,GTE,,5.03000020980835,5.03000020980835,5.03000020980835,5.03000020980835,1179.0
2025-06-26 14:39:00,IBO,,0.9707000255584717,0.9707000255584717,0.9550009965896606,0.9628000259399414,4357.0
2025-06-26 14:39:00,IE,,9.524999618530273,9.531499862670898,9.518400192260742,9.520000457763672,1290.0
2025-06-26 14:39:00,IMO,,81.33000183105469,81.36000061035156,81.33000183105469,81.36000061035156,651.0
2025-06-26 14:39:00,INDO,,3.059999942779541,3.059999942779541,3.0548999309539795,3.0599000453948975,2206.0
2025-06-26 14:39:00,INFU,,6.483799934387207,6.483799934387207,6.483799934387207,6.483799934387207,280.0
2025-06-26 14:39:00,ITRG,,1.5299999713897705,1.5299999713897705,1.5298000574111938,1.5298000574111938,14948.0
2025-06-26 14:39:00,KNW,,1.9699000120162964,1.9699000120162964,1.9699000120162964,1.9699000120162964,1626.0
2025-06-26 14:39:00,KULR,,5.105000019073486,5.105000019073486,5.105000019073486,5.105000019073486,4178.0
2025-06-26 14:39:00,LCTX,,0.9907000064849854,0.9907000064849854,0.9907000064849854,0.9907000064849854,1838.0
2025-06-26 14:39:00,LEU,,174.9499969482422,175.0,173.8800048828125,174.4550018310547,2738.0
2025-06-26 14:39:00,LMND,,42.279998779296875,42.279998779296875,42.279998779296875,42.279998779296875,2665.0
2025-06-26 14:39:00,MAG,,21.3799991607666,21.3799991607666,21.3700008392334,21.3700008392334,1435.0
2025-06-26 14:39:00,MPTI,,40.400001525878906,40.400001525878906,40.400001525878906,40.400001525878906,426.0
2025-06-26 14:39:00,MTNB,,0.9200000166893005,0.9200000166893005,0.9200000166893005,0.9200000166893005,2708.0
2025-06-26 14:39:00,MYO,,2.2300000190734863,2.2300000190734863,2.221400022506714,2.2300000190734863,1455.0
2025-06-26 14:39:00,NAK,,1.5398999452590942,1.5398999452590942,1.534999966621399,1.534999966621399,12834.0
2025-06-26 14:39:00,NFGC,,1.475000023841858,1.475000023841858,1.475000023841858,1.475000023841858,100.0
2025-06-26 14:39:00,NG,,4.105000019073486,4.110000133514404,4.103300094604492,4.110000133514404,5600.0
2025-06-26 14:39:00,NGD,,4.90500020980835,4.90500020980835,4.90500020980835,4.90500020980835,225.0
2025-06-26 14:39:00,NHC,,107.41000366210938,107.41000366210938,107.41000366210938,107.41000366210938,118.0
2025-06-26 14:39:00,OPTT,,0.5116999745368958,0.5116999745368958,0.5109000205993652,0.5116999745368958,15830.0
2025-06-26 14:39:00,ORLA,,9.989999771118164,9.989999771118164,9.989999771118164,9.989999771118164,696.0
2025-06-26 14:39:00,OSTX,,1.8250000476837158,1.8250000476837158,1.8250000476837158,1.8250000476837158,206.0
2025-06-26 14:39:00,PLMR,,152.36000061035156,152.40499877929688,152.25,152.40499877929688,2489.0
2025-06-26 14:39:00,RCG,,2.6050000190734863,2.6050000190734863,2.590100049972534,2.590100049972534,3574.0
2025-06-26 14:39:00,REI,,0.7757999897003174,0.7759000062942505,0.7757999897003174,0.7759000062942505,2530.0
2025-06-26 14:39:00,SCCC,,24.979999542236328,24.979999542236328,24.979999542236328,24.979999542236328,2919.0
2025-06-26 14:39:00,SEB,,2974.989990234375,2989.539794921875,2974.97998046875,2989.539794921875,5.0
2025-06-26 14:39:00,SENS,,0.5001999735832214,0.5002999901771545,0.5001999735832214,0.5002999901771545,2576.0
2025-06-26 14:39:00,SGN,,1.1301000118255615,1.1302000284194946,1.1301000118255615,1.1302000284194946,1000.0
2025-06-26 14:39:00,SKYH,,9.569999694824219,9.569999694824219,9.569999694824219,9.569999694824219,532.0
2025-06-26 14:39:00,SLI,,1.9149999618530273,1.9149999618530273,1.9149999618530273,1.9149999618530273,290.0
2025-06-26 14:39:00,SLND,,3.9000000953674316,3.9000000953674316,3.9000000953674316,3.9000000953674316,952.0
2025-06-26 14:39:00,STXS,,2.198899984359741,2.198899984359741,2.194999933242798,2.194999933242798,342.0
2025-06-26 14:39:00,SVM,,4.184999942779541,4.190000057220459,4.184999942779541,4.189899921417236,15876.0
2025-06-26 14:39:00,TGB,,3.115000009536743,3.115000009536743,3.115000009536743,3.115000009536743,1276.0
2025-06-26 14:39:00,THM,,0.8655009865760803,0.8655009865760803,0.8655009865760803,0.8655009865760803,3030.0
2025-06-26 14:39:00,TOON,,0.765500009059906,0.765500009059906,0.765500009059906,0.765500009059906,360.0
2025-06-26 14:39:00,TRX,,0.33000001311302185,0.33000001311302185,0.33000001311302185,0.33000001311302185,1000.0
2025-06-26 14:39:00,UAMY,,2.5899999141693115,2.5899999141693115,2.5845999717712402,2.5899999141693115,1506.0
2025-06-26 14:39:00,UAVS,,1.1449999809265137,1.1449999809265137,1.1410000324249268,1.1410000324249268,1509.0
2025-06-26 14:39:00,UEC,,6.934999942779541,6.934999942779541,6.920000076293945,6.929999828338623,49439.0
2025-06-26 14:39:00,URG,,1.034999966621399,1.0399999618530273,1.0343999862670898,1.034999966621399,4095.0
2025-06-26 14:39:00,USAS,,0.8240500092506409,0.8278999924659729,0.8240500092506409,0.8278999924659729,5020.0
2025-06-26 14:39:00,UTG,,35.4900016784668,35.4900016784668,35.4900016784668,35.4900016784668,109.0
2025-06-26 14:39:00,UUUU,,5.8506999015808105,5.860000133514404,5.8506999015808105,5.860000133514404,5232.0
2025-06-26 14:39:00,VGZ,,1.0298999547958374,1.0298999547958374,1.0298999547958374,1.0298999547958374,173.0
2025-06-26 14:39:00,VKI,,8.210000038146973,8.210000038146973,8.208999633789062,8.208999633789062,3015.0
2025-06-26 14:39:00,VNRX,,0.8600000143051147,0.8600000143051147,0.8513000011444092,0.8513000011444092,3505.0
2025-06-26 14:39:00,VZLA,,2.9749999046325684,2.9749999046325684,2.9700000286102295,2.9700000286102295,1000.0
2025-06-26 14:39:00,WRN,,1.2400000095367432,1.2400000095367432,1.2400000095367432,1.2400000095367432,1000.0
2025-06-26 14:40:00,AREN,,5.889999866485596,5.889999866485596,5.889999866485596,5.889999866485596,194.0
2025-06-26 14:40:00,ARMN,,6.804999828338623,6.804999828338623,6.800000190734863,6.800000190734863,748.0
2025-06-26 14:40:00,ASM,,3.5399999618530273,3.5399999618530273,3.5299999713897705,3.5350000858306885,6708.0
2025-06-26 14:40:00,ATNM,,1.5549999475479126,1.5549999475479126,1.5549999475479126,1.5549999475479126,570.0
2025-06-26 14:40:00,BEEP,,4.244999885559082,4.244999885559082,4.244999885559082,4.244999885559082,310.0
2025-06-26 14:40:00,BQ,,2.0799999237060547,2.0899999141693115,2.0799999237060547,2.0899999141693115,4421.0
2025-06-26 14:40:00,BRBS,,3.309999942779541,3.309999942779541,3.299999952316284,3.299999952316284,1212.0
2025-06-26 14:40:00,BRN,,1.2200000286102295,1.2200000286102295,1.2187000513076782,1.2187000513076782,350.0
2025-06-26 14:40:00,BTG,,3.6201000213623047,3.625,3.6201000213623047,3.625,7489.0
2025-06-26 14:40:00,BURU,,0.3325999975204468,0.33469998836517334,0.3325999975204468,0.33469998836517334,10200.0
2025-06-26 14:40:00,CATX,,3.7053000926971436,3.709700107574463,3.7053000926971436,3.709700107574463,528.0
2025-06-26 14:40:00,CBOE,,227.05999755859375,227.05999755859375,227.05999755859375,227.05999755859375,842.0
2025-06-26 14:40:00,CEF,,30.415000915527344,30.415000915527344,30.415000915527344,30.415000915527344,202.0
2025-06-26 14:40:00,CEV,,9.670000076293945,9.670000076293945,9.668999671936035,9.670000076293945,9312.0
2025-06-26 14:40:00,CLM,,7.949999809265137,7.949999809265137,7.945000171661377,7.945000171661377,2252.0
2025-06-26 14:40:00,CQP,,56.1349983215332,56.1349983215332,56.1349983215332,56.1349983215332,200.0
2025-06-26 14:40:00,CRF,,7.554999828338623,7.554999828338623,7.550000190734863,7.550000190734863,1952.0
2025-06-26 14:40:00,CTM,,1.0549999475479126,1.059999942779541,1.0549999475479126,1.0549999475479126,2317.0
2025-06-26 14:40:00,DC,,3.8099000453948975,3.8099000453948975,3.799999952316284,3.799999952316284,802.0
2025-06-26 14:40:00,DNN,,1.8250000476837158,1.8300000429153442,1.8250000476837158,1.8300000429153442,6806.0
2025-06-26 14:40:00,EAD,,6.974999904632568,6.974999904632568,6.974999904632568,6.974999904632568,468.0
2025-06-26 14:40:00,EQX,,5.90500020980835,5.90500020980835,5.900300025939941,5.90500020980835,6776.0
2025-06-26 14:40:00,FOXO,,0.20000000298023224,0.20000000298023224,0.20000000298023224,0.20000000298023224,5333.0
2025-06-26 14:40:00,FURY,,0.49000000953674316,0.49000000953674316,0.4894999861717224,0.4894999861717224,1411.0
2025-06-26 14:40:00,GAU,,1.2799999713897705,1.284999966621399,1.2799999713897705,1.284999966621399,445.0
2025-06-26 14:40:00,GGN,,4.385000228881836,4.385000228881836,4.385000228881836,4.385000228881836,100.0
2025-06-26 14:40:00,GNS,,1.1100000143051147,1.1196999549865723,1.090000033378601,1.0951999425888062,22422.0
2025-06-26 14:40:00,GROY,,2.2699999809265137,2.2750000953674316,2.2699999809265137,2.2750000953674316,2076.0
2025-06-26 14:40:00,GSAT,,23.325000762939453,23.325000762939453,23.290000915527344,23.290000915527344,1519.0
2025-06-26 14:40:00,GTE,,5.019999980926514,5.03000020980835,5.019999980926514,5.03000020980835,1676.0
2025-06-26 14:40:00,HUSA,,12.760000228881836,12.930000305175781,12.760000228881836,12.930000305175781,2070.0
2025-06-26 14:40:00,IE,,9.524999618530273,9.524999618530273,9.524999618530273,9.524999618530273,599.0
2025-06-26 14:40:00,IMO,,81.29000091552734,81.29000091552734,81.29000091552734,81.29000091552734,989.0
2025-06-26 14:40:00,INDO,,3.049999952316284,3.0552000999450684,3.049999952316284,3.049999952316284,1385.0
2025-06-26 14:40:00,INFU,,6.480000019073486,6.480000019073486,6.480000019073486,6.480000019073486,1971.0
2025-06-26 14:40:00,ITRG,,1.5398000478744507,1.5398000478744507,1.5398000478744507,1.5398000478744507,10000.0
2025-06-26 14:40:00,KULR,,5.105000019073486,5.110000133514404,5.1020002365112305,5.105000019073486,2545.0
2025-06-26 14:40:00,LCTX,,0.9908000230789185,0.9908000230789185,0.9907000064849854,0.9907000064849854,680.0
2025-06-26 14:40:00,LEU,,174.80499267578125,174.80499267578125,174.80499267578125,174.80499267578125,342.0
2025-06-26 14:40:00,LMND,,42.279998779296875,42.29999923706055,42.279998779296875,42.29999923706055,1825.0
2025-06-26 14:40:00,LNG,,242.0500030517578,242.0500030517578,241.93820190429688,241.93820190429688,2324.0
2025-06-26 14:40:00,LODE,,3.7499001026153564,3.7499001026153564,3.7499001026153564,3.7499001026153564,125.0
2025-06-26 14:40:00,MAG,,21.3700008392334,21.3799991607666,21.3700008392334,21.3799991607666,512.0
2025-06-26 14:40:00,MPTI,,40.41999816894531,40.41999816894531,40.41999816894531,40.41999816894531,249.0
2025-06-26 14:40:00,MRT,,2.8798999786376953,2.8798999786376953,2.8798999786376953,2.8798999786376953,100.0
2025-06-26 14:40:00,NAK,,1.5398999452590942,1.5399999618530273,1.534999966621399,1.5351999998092651,6609.0
2025-06-26 14:40:00,NFGC,,1.4726999998092651,1.4726999998092651,1.4726999998092651,1.4726999998092651,3091.0
2025-06-26 14:40:00,NG,,4.103300094604492,4.114999771118164,4.103300094604492,4.105000019073486,47187.0
2025-06-26 14:40:00,NGD,,4.90500020980835,4.909999847412109,4.90500020980835,4.90500020980835,3010.0
2025-06-26 14:40:00,NML,,8.800000190734863,8.8100004196167,8.800000190734863,8.8100004196167,460.0
2025-06-26 14:40:00,OBE,,5.510000228881836,5.519999980926514,5.510000228881836,5.519999980926514,557.0
2025-06-26 14:40:00,OPTT,,0.5109999775886536,0.5109999775886536,0.5109999775886536,0.5109999775886536,500.0
2025-06-26 14:40:00,ORLA,,9.979999542236328,9.979999542236328,9.979999542236328,9.979999542236328,656.0
2025-06-26 14:40:00,PLX,,1.5,1.5,1.5,1.5,211.0
2025-06-26 14:40:00,REI,,0.775950014591217,0.7760000228881836,0.7757999897003174,0.7759000062942505,4697.0
2025-06-26 14:40:00,RLGT,,6.019999980926514,6.019999980926514,6.019999980926514,6.019999980926514,112.0
2025-06-26 14:40:00,SBEV,,3.8199000358581543,3.819999933242798,3.7899999618530273,3.7899999618530273,1879.0
2025-06-26 14:40:00,SEB,,2969.909912109375,2974.97998046875,2969.909912109375,2974.97998046875,16.0
2025-06-26 14:40:00,SGN,,1.1349999904632568,1.1349999904632568,1.1349999904632568,1.1349999904632568,1074.0
2025-06-26 14:40:00,SKYH,,9.5600004196167,9.5600004196167,9.5600004196167,9.5600004196167,343.0
2025-06-26 14:40:00,SLI,,1.9149999618530273,1.9149999618530273,1.9149999618530273,1.9149999618530273,1331.0
2025-06-26 14:40:00,SVM,,4.1809000968933105,4.184999942779541,4.179999828338623,4.179999828338623,1947.0
2025-06-26 14:40:00,TGB,,3.130000114440918,3.130000114440918,3.115000009536743,3.115000009536743,180527.0
2025-06-26 14:40:00,TMQ,,1.480299949645996,1.480299949645996,1.480299949645996,1.480299949645996,750.0
2025-06-26 14:40:00,TOON,,0.7699999809265137,0.7699999809265137,0.765999972820282,0.765999972820282,11547.0
2025-06-26 14:40:00,UAMY,,2.5850000381469727,2.5899999141693115,2.5850000381469727,2.5850000381469727,2171.0
2025-06-26 14:40:00,UAVS,,1.1399999856948853,1.1449999809265137,1.1399999856948853,1.1449999809265137,5224.0
2025-06-26 14:40:00,UEC,,6.916500091552734,6.935200214385986,6.914999961853027,6.934999942779541,42017.0
2025-06-26 14:40:00,URG,,1.034999966621399,1.0399999618530273,1.034999966621399,1.034999966621399,5101.0
2025-06-26 14:40:00,UUUU,,5.850100040435791,5.860000133514404,5.849999904632568,5.855000019073486,52719.0
2025-06-26 14:40:00,VNRX,,0.8600000143051147,0.8600000143051147,0.8600000143051147,0.8600000143051147,512.0
2025-06-26 14:40:00,VTAK,,0.251800000667572,0.251800000667572,0.251800000667572,0.251800000667572,752.0
2025-06-26 14:40:00,VZLA,,2.9749999046325684,2.9749999046325684,2.9749999046325684,2.9749999046325684,819.0
2025-06-26 14:41:00,AEON,,0.7638000249862671,0.7638000249862671,0.7637500166893005,0.7637500166893005,228.0
2025-06-26 14:41:00,ARMN,,6.804999828338623,6.804999828338623,6.804999828338623,6.804999828338623,111.0
2025-06-26 14:41:00,ASM,,3.5350000858306885,3.5350000858306885,3.5299999713897705,3.5350000858306885,11970.0
2025-06-26 14:41:00,ATNM,,1.5549999475479126,1.5549999475479126,1.5549999475479126,1.5549999475479126,210.0
2025-06-26 14:41:00,BQ,,2.049999952316284,2.1201000213623047,2.0,2.0799999237060547,7531.0
2025-06-26 14:41:00,BRBS,,3.309999942779541,3.309999942779541,3.309999942779541,3.309999942779541,103.0
2025-06-26 14:41:00,BTG,,3.625,3.625,3.625,3.625,3856.0
2025-06-26 14:41:00,BURU,,0.33469998836517334,0.33469998836517334,0.33250001072883606,0.3325999975204468,75963.0
2025-06-26 14:41:00,CATX,,3.7149999141693115,3.7149999141693115,3.700700044631958,3.700700044631958,1665.0
2025-06-26 14:41:00,CEF,,30.41010093688965,30.415599822998047,30.41010093688965,30.415599822998047,891.0
2025-06-26 14:41:00,CLM,,7.9446001052856445,7.949999809265137,7.9446001052856445,7.945000171661377,3001.0
2025-06-26 14:41:00,CQP,,56.1349983215332,56.1349983215332,56.09000015258789,56.1349983215332,300.0
2025-06-26 14:41:00,CRF,,7.550000190734863,7.550000190734863,7.550000190734863,7.550000190734863,100.0
2025-06-26 14:41:00,CTM,,1.0511000156402588,1.0511000156402588,1.0511000156402588,1.0511000156402588,2013.0
2025-06-26 14:41:00,CYBN,,8.425000190734863,8.45989990234375,8.425000190734863,8.45989990234375,380.0
2025-06-26 14:41:00,DC,,3.799999952316284,3.805000066757202,3.799999952316284,3.805000066757202,657.0
2025-06-26 14:41:00,DHY,,2.1054000854492188,2.109999895095825,2.1054000854492188,2.109999895095825,1285.0
2025-06-26 14:41:00,DNN,,1.8250000476837158,1.8300000429153442,1.8200000524520874,1.8250000476837158,31325.0
2025-06-26 14:41:00,ELMD,,21.290000915527344,21.290000915527344,21.290000915527344,21.290000915527344,110.0
2025-06-26 14:41:00,EPM,,4.769999980926514,4.769999980926514,4.769999980926514,4.769999980926514,300.0
2025-06-26 14:41:00,EQX,,5.90500020980835,5.90500020980835,5.900000095367432,5.90500020980835,1961.0
2025-06-26 14:41:00,FTF,,6.385000228881836,6.385000228881836,6.385000228881836,6.385000228881836,946.0
2025-06-26 14:41:00,GAU,,1.2799999713897705,1.2799999713897705,1.2799999713897705,1.2799999713897705,286.0
2025-06-26 14:41:00,GGN,,4.38100004196167,4.38100004196167,4.38100004196167,4.38100004196167,100.0
2025-06-26 14:41:00,GNS,,1.1191999912261963,1.1292999982833862,1.0901000499725342,1.1123000383377075,38496.0
2025-06-26 14:41:00,GORO,,0.5401999950408936,0.5401999950408936,0.5401999950408936,0.5401999950408936,135.0
2025-06-26 14:41:00,GROY,,2.2750000953674316,2.2750000953674316,2.2734999656677246,2.2750000953674316,2074.0
2025-06-26 14:41:00,HUSA,,12.92039966583252,12.92039966583252,12.92039966583252,12.92039966583252,342.0
2025-06-26 14:41:00,IBO,,0.9550999999046326,0.972599983215332,0.9550999999046326,0.972599983215332,15253.0
2025-06-26 14:41:00,IE,,9.529999732971191,9.539999961853027,9.520000457763672,9.520000457763672,2308.0
2025-06-26 14:41:00,INDO,,3.0799999237060547,3.0799999237060547,3.049999952316284,3.049999952316284,6053.0
2025-06-26 14:41:00,INFU,,6.480000019073486,6.480000019073486,6.480000019073486,6.480000019073486,319.0
2025-06-26 14:41:00,ITRG,,1.5398999452590942,1.5398999452590942,1.534999966621399,1.534999966621399,20500.0
2025-06-26 14:41:00,KULR,,5.11870002746582,5.11870002746582,5.105000019073486,5.105000019073486,3188.0
2025-06-26 14:41:00,LCTX,,0.994700014591217,0.994700014591217,0.9907000064849854,0.9908000230789185,14464.0
2025-06-26 14:41:00,LEU,,174.6999969482422,174.76080322265625,174.63999938964844,174.73500061035156,1215.0
2025-06-26 14:41:00,LMND,,42.290000915527344,42.290000915527344,42.290000915527344,42.290000915527344,436.0
2025-06-26 14:41:00,LNG,,242.0399932861328,242.07000732421875,242.03500366210938,242.07000732421875,3361.0
2025-06-26 14:41:00,MAG,,21.37649917602539,21.37649917602539,21.375,21.375,393.0
2025-06-26 14:41:00,MRT,,2.872499942779541,2.872499942779541,2.872499942779541,2.872499942779541,100.0
2025-06-26 14:41:00,MTA,,3.880000114440918,3.880000114440918,3.880000114440918,3.880000114440918,100.0
2025-06-26 14:41:00,NAK,,1.534999966621399,1.5399999618530273,1.534999966621399,1.534999966621399,11415.0
2025-06-26 14:41:00,NBH,,9.800000190734863,9.800000190734863,9.795000076293945,9.795000076293945,300.0
2025-06-26 14:41:00,NG,,4.110000133514404,4.110000133514404,4.105000019073486,4.110000133514404,10539.0
2025-06-26 14:41:00,NGD,,4.90500020980835,4.909999847412109,4.900000095367432,4.909999847412109,15466.0
2025-06-26 14:41:00,NHC,,107.41000366210938,107.41000366210938,107.41000366210938,107.41000366210938,293.0
2025-06-26 14:41:00,OBE,,5.505000114440918,5.510000228881836,5.505000114440918,5.510000228881836,5225.0
2025-06-26 14:41:00,OPTT,,0.5111160278320312,0.511900007724762,0.5111160278320312,0.5116999745368958,4050.0
2025-06-26 14:41:00,ORLA,,9.979999542236328,9.984999656677246,9.979999542236328,9.984999656677246,1521.0
2025-06-26 14:41:00,PED,,0.6578999757766724,0.6578999757766724,0.6578999757766724,0.6578999757766724,671.0
2025-06-26 14:41:00,PLX,,1.5,1.5,1.5,1.5,200.0
2025-06-26 14:41:00,RCG,,2.6050000190734863,2.619999885559082,2.5899999141693115,2.619999885559082,3888.0
2025-06-26 14:41:00,REI,,0.7757999897003174,0.775950014591217,0.7756999731063843,0.775950014591217,2620.0
2025-06-26 14:41:00,REPX,,26.6299991607666,26.6299991607666,26.6299991607666,26.6299991607666,399.0
2025-06-26 14:41:00,RLGT,,6.03000020980835,6.03000020980835,6.021999835968018,6.021999835968018,341.0
2025-06-26 14:41:00,SATX,,2.9600000381469727,2.9600000381469727,2.9600000381469727,2.9600000381469727,101.0
2025-06-26 14:41:00,SBEV,,3.7936999797821045,3.7936999797821045,3.7936999797821045,3.7936999797821045,281.0
2025-06-26 14:41:00,SEB,,2969.909912109375,2988.461181640625,2964.989990234375,2966.068603515625,10.0
2025-06-26 14:41:00,SENS,,0.5,0.5002999901771545,0.4999000132083893,0.5002999901771545,14221.0
2025-06-26 14:41:00,SVM,,4.175000190734863,4.190000057220459,4.173500061035156,4.184999942779541,33736.0
2025-06-26 14:41:00,TGB,,3.119999885559082,3.125,3.119999885559082,3.1212000846862793,16393.0
2025-06-26 14:41:00,TMP,,63.16999816894531,63.16999816894531,63.16999816894531,63.16999816894531,547.0
2025-06-26 14:41:00,TOON,,0.7796000242233276,0.7796000242233276,0.777400016784668,0.777400016784668,6301.0
2025-06-26 14:41:00,TOVX,,0.4408990144729614,0.4408990144729614,0.4408990144729614,0.4408990144729614,100.0
2025-06-26 14:41:00,TRX,,0.33000001311302185,0.33160001039505005,0.33000001311302185,0.33160001039505005,2000.0
2025-06-26 14:41:00,UAMY,,2.5899999141693115,2.5899999141693115,2.5850000381469727,2.5899999141693115,427.0
2025-06-26 14:41:00,UEC,,6.925000190734863,6.925000190734863,6.920000076293945,6.920000076293945,15057.0
2025-06-26 14:41:00,URG,,1.034999966621399,1.0399999618530273,1.0299999713897705,1.0399999618530273,2530.0
2025-06-26 14:41:00,UUUU,,5.855000019073486,5.855000019073486,5.849999904632568,5.855000019073486,2565.0
2025-06-26 14:41:00,VZLA,,2.9749999046325684,2.9749999046325684,2.9749999046325684,2.9749999046325684,231.0
2025-06-26 14:41:00,WRN,,1.2350000143051147,1.2350000143051147,1.2350000143051147,1.2350000143051147,400.0
2025-06-26 14:41:00,WWR,,0.6086000204086304,0.6086000204086304,0.6086000204086304,0.6086000204086304,551.0
2025-06-26 14:41:00,WYY,,3.3499999046325684,3.3499999046325684,3.3499999046325684,3.3499999046325684,943.0
2025-06-26 14:42:00,AREN,,5.885000228881836,5.885000228881836,5.885000228881836,5.885000228881836,233.0
2025-06-26 14:42:00,ARMN,,6.800000190734863,6.804999828338623,6.800000190734863,6.804999828338623,400.0
2025-06-26 14:42:00,ARMP,,1.9921000003814697,1.9921000003814697,1.9921000003814697,1.9921000003814697,855.0
2025-06-26 14:42:00,ATNM,,1.5549999475479126,1.5549999475479126,1.5549999475479126,1.5549999475479126,273.0
2025-06-26 14:42:00,BATL,,1.4700000286102295,1.4700000286102295,1.4700000286102295,1.4700000286102295,1174.0
2025-06-26 14:42:00,BQ,,2.056999921798706,2.069999933242798,1.9700000286102295,2.069999933242798,9796.0
2025-06-26 14:42:00,BRBS,,3.309999942779541,3.309999942779541,3.309999942779541,3.309999942779541,182.0
2025-06-26 14:42:00,BTG,,3.625,3.625,3.625,3.625,3218.0
2025-06-26 14:42:00,BURU,,0.3325999975204468,0.33469998836517334,0.3325999975204468,0.33469998836517334,1300.0
2025-06-26 14:42:00,CATX,,3.7149999141693115,3.7149999141693115,3.7149999141693115,3.7149999141693115,2119.0
2025-06-26 14:42:00,CBOE,,227.23513793945312,227.23513793945312,227.02000427246094,227.02000427246094,604.0
2025-06-26 14:42:00,CLDI,,0.2282000035047531,0.2282000035047531,0.2282000035047531,0.2282000035047531,2195.0
2025-06-26 14:42:00,CLM,,7.945000171661377,7.945000171661377,7.945000171661377,7.945000171661377,826.0
2025-06-26 14:42:00,CQP,,56.1349983215332,56.1349983215332,56.08000183105469,56.1349983215332,400.0
2025-06-26 14:42:00,CRF,,7.550000190734863,7.550000190734863,7.550000190734863,7.550000190734863,101.0
2025-06-26 14:42:00,DNN,,1.8300000429153442,1.8300000429153442,1.8250000476837158,1.8250000476837158,25793.0
2025-06-26 14:42:00,EMX,,2.555000066757202,2.5553998947143555,2.555000066757202,2.5553998947143555,359.0
2025-06-26 14:42:00,EPM,,4.775000095367432,4.775000095367432,4.775000095367432,4.775000095367432,266.0
2025-06-26 14:42:00,EQX,,5.90500020980835,5.90500020980835,5.900000095367432,5.900000095367432,1062.0
2025-06-26 14:42:00,ERH,,11.382399559020996,11.382399559020996,11.382399559020996,11.382399559020996,315.0
2025-06-26 14:42:00,FOXO,,0.20000000298023224,0.20000000298023224,0.20000000298023224,0.20000000298023224,600.0
2025-06-26 14:42:00,GENC,,14.3056001663208,14.3056001663208,14.3056001663208,14.3056001663208,101.0
2025-06-26 14:42:00,GGN,,4.3856000900268555,4.3856000900268555,4.385000228881836,4.385000228881836,1100.0
2025-06-26 14:42:00,GLDG,,0.7449989914894104,0.7449989914894104,0.7448999881744385,0.7448999881744385,429.0
2025-06-26 14:42:00,GNS,,1.1100000143051147,1.1200000047683716,1.090000033378601,1.1101000308990479,106119.0
2025-06-26 14:42:00,GROY,,2.2799999713897705,2.2799999713897705,2.2699999809265137,2.2750000953674316,4737.0
2025-06-26 14:42:00,IBO,,0.9575999975204468,0.9575999975204468,0.955299973487854,0.955299973487854,2038.0
2025-06-26 14:42:00,IE,,9.53499984741211,9.53499984741211,9.53499984741211,9.53499984741211,828.0
2025-06-26 14:42:00,INDO,,3.055000066757202,3.059999942779541,3.055000066757202,3.059999942779541,1806.0
2025-06-26 14:42:00,INFU,,6.480000019073486,6.480000019073486,6.480000019073486,6.480000019073486,100.0
2025-06-26 14:42:00,ITRG,,1.5354000329971313,1.5354000329971313,1.5354000329971313,1.5354000329971313,200.0
2025-06-26 14:42:00,KNW,,1.9700000286102295,1.9700000286102295,1.9700000286102295,1.9700000286102295,157.0
2025-06-26 14:42:00,KULR,,5.138800144195557,5.138800144195557,5.110099792480469,5.110099792480469,4692.0
2025-06-26 14:42:00,LCTX,,0.9911550283432007,0.9944999814033508,0.991100013256073,0.9911550283432007,5959.0
2025-06-26 14:42:00,LEU,,174.2899932861328,174.50999450683594,174.2899932861328,174.50999450683594,1974.0
2025-06-26 14:42:00,LMND,,42.279998779296875,42.279998779296875,42.279998779296875,42.279998779296875,226.0
2025-06-26 14:42:00,LNG,,241.92999267578125,242.1199951171875,241.92999267578125,242.00999450683594,1201.0
2025-06-26 14:42:00,LODE,,3.740000009536743,3.744999885559082,3.740000009536743,3.740000009536743,1664.0
2025-06-26 14:42:00,MAG,,21.360000610351562,21.3700008392334,21.360000610351562,21.3700008392334,569.0
2025-06-26 14:42:00,MRT,,2.880000114440918,2.880000114440918,2.875,2.875,2834.0
2025-06-26 14:42:00,MTA,,3.8847999572753906,3.8847999572753906,3.8847999572753906,3.8847999572753906,184.0
2025-06-26 14:42:00,NAK,,1.535099983215332,1.5390000343322754,1.534999966621399,1.534999966621399,3650.0
2025-06-26 14:42:00,NFGC,,1.4702999591827393,1.475000023841858,1.4702999591827393,1.475000023841858,10100.0
2025-06-26 14:42:00,NG,,4.110000133514404,4.110000133514404,4.110000133514404,4.110000133514404,559.0
2025-06-26 14:42:00,NGD,,4.90500020980835,4.90500020980835,4.90500020980835,4.90500020980835,3397.0
2025-06-26 14:42:00,NNVC,,1.2355999946594238,1.2355999946594238,1.2355999946594238,1.2355999946594238,269.0
2025-06-26 14:42:00,OPTT,,0.5109999775886536,0.5116999745368958,0.5109009742736816,0.5109009742736816,3685.0
2025-06-26 14:42:00,ORLA,,9.975000381469727,9.979999542236328,9.975000381469727,9.975000381469727,3242.0
2025-06-26 14:42:00,PLG,,1.6449999809265137,1.649999976158142,1.6411000490188599,1.649999976158142,1808.0
2025-06-26 14:42:00,PLX,,1.5099999904632568,1.5099999904632568,1.5,1.5,12418.0
2025-06-26 14:42:00,SATX,,2.9600000381469727,2.9600000381469727,2.9600000381469727,2.9600000381469727,273456.0
2025-06-26 14:42:00,SBEV,,3.799999952316284,3.804500102996826,3.755000114440918,3.755000114440918,659.0
2025-06-26 14:42:00,SEB,,2965.0,2969.909912109375,2954.0,2969.909912109375,11.0
2025-06-26 14:42:00,SENS,,0.4999000132083893,0.5012000203132629,0.4997999966144562,0.4999000132083893,66204.0
2025-06-26 14:42:00,SGN,,1.1319999694824219,1.1319999694824219,1.1319999694824219,1.1319999694824219,1521.0
2025-06-26 14:42:00,SLI,,1.9149999618530273,1.9149999618530273,1.9149999618530273,1.9149999618530273,539.0
2025-06-26 14:42:00,SVM,,4.179999828338623,4.179999828338623,4.170000076293945,4.179999828338623,38704.0
2025-06-26 14:42:00,UAMY,,2.5899999141693115,2.5899999141693115,2.5850000381469727,2.5899999141693115,2541.0
2025-06-26 14:42:00,UAVS,,1.1399999856948853,1.1399999856948853,1.1349999904632568,1.1349999904632568,1048.0
2025-06-26 14:42:00,UEC,,6.925000190734863,6.929999828338623,6.924600124359131,6.924600124359131,7375.0
2025-06-26 14:42:00,URG,,1.034999966621399,1.0399999618530273,1.034999966621399,1.0399999618530273,4200.0
2025-06-26 14:42:00,USAS,,0.8240500092506409,0.8240500092506409,0.8240500092506409,0.8240500092506409,575.0
2025-06-26 14:42:00,UTG,,35.4900016784668,35.4900016784668,35.480098724365234,35.480098724365234,1100.0
2025-06-26 14:42:00,UUUU,,5.859600067138672,5.859600067138672,5.849999904632568,5.849999904632568,20146.0
2025-06-26 14:42:00,VNRX,,0.8600000143051147,0.8600000143051147,0.8600000143051147,0.8600000143051147,1222.0
2025-06-26 14:42:00,VTAK,,0.25119999051094055,0.25174999237060547,0.25119999051094055,0.25174999237060547,6334.0
2025-06-26 14:42:00,VZLA,,2.9749999046325684,2.9749999046325684,2.9749999046325684,2.9749999046325684,1713.0
2025-06-26 14:43:00,AEON,,0.7638000249862671,0.7663000226020813,0.7637500166893005,0.7637500166893005,3028.0
2025-06-26 14:43:00,ARMN,,6.800000190734863,6.804999828338623,6.800000190734863,6.804999828338623,2764.0
2025-06-26 14:43:00,ASM,,3.5250000953674316,3.5350000858306885,3.5250000953674316,3.5299999713897705,15971.0
2025-06-26 14:43:00,ATNM,,1.5549999475479126,1.5549999475479126,1.5549999475479126,1.5549999475479126,100.0
2025-06-26 14:43:00,BQ,,2.0899999141693115,2.119999885559082,2.069999933242798,2.069999933242798,13108.0
2025-06-26 14:43:00,BTG,,3.6201000213623047,3.630000114440918,3.6201000213623047,3.630000114440918,4572.0
2025-06-26 14:43:00,BURU,,0.3347499966621399,0.3347499966621399,0.3347499966621399,0.3347499966621399,230.0
2025-06-26 14:43:00,CANF,,1.0549999475479126,1.059999942779541,1.0549999475479126,1.059999942779541,592.0
2025-06-26 14:43:00,CATX,,3.7100000381469727,3.7100000381469727,3.7100000381469727,3.7100000381469727,458.0
2025-06-26 14:43:00,CBOE,,227.3000030517578,227.3000030517578,227.3000030517578,227.3000030517578,233.0
2025-06-26 14:43:00,CEF,,30.40999984741211,30.41510009765625,30.40999984741211,30.41510009765625,675.0
2025-06-26 14:43:00,CQP,,56.1349983215332,56.1349983215332,56.1349983215332,56.1349983215332,1213.0
2025-06-26 14:43:00,CRF,,7.554999828338623,7.554999828338623,7.550000190734863,7.550000190734863,200.0
2025-06-26 14:43:00,CTGO,,20.719999313354492,20.719999313354492,20.719999313354492,20.719999313354492,106.0
2025-06-26 14:43:00,CTM,,1.0591000318527222,1.0591000318527222,1.0549999475479126,1.0549999475479126,1045.0
2025-06-26 14:43:00,CVM,,2.424999952316284,2.424999952316284,2.424999952316284,2.424999952316284,300.0
2025-06-26 14:43:00,CYBN,,8.420000076293945,8.420000076293945,8.420000076293945,8.420000076293945,100.0
2025-06-26 14:43:00,DNN,,1.8300000429153442,1.8300000429153442,1.8200000524520874,1.8300000429153442,22496.0
2025-06-26 14:43:00,ELMD,,21.290000915527344,21.290000915527344,21.225000381469727,21.225000381469727,480.0
2025-06-26 14:43:00,EMX,,2.5510001182556152,2.5592000484466553,2.5510001182556152,2.5592000484466553,2261.0
2025-06-26 14:43:00,EQX,,5.90500020980835,5.909999847412109,5.90500020980835,5.90500020980835,12289.0
2025-06-26 14:43:00,FOXO,,0.20164799690246582,0.20164799690246582,0.20164799690246582,0.20164799690246582,1000.0
2025-06-26 14:43:00,FTF,,6.385000228881836,6.385000228881836,6.385000228881836,6.385000228881836,100.0
2025-06-26 14:43:00,GNS,,1.1196000576019287,1.1200000047683716,1.093999981880188,1.100000023841858,34113.0
2025-06-26 14:43:00,GROY,,2.2699999809265137,2.278899908065796,2.2699999809265137,2.2750000953674316,1243.0
2025-06-26 14:43:00,GSAT,,23.309999465942383,23.309999465942383,23.309999465942383,23.309999465942383,693.0
2025-06-26 14:43:00,IBO,,0.9573900103569031,0.9575999975204468,0.9480000138282776,0.9575999975204468,19785.0
2025-06-26 14:43:00,IDR,,13.089799880981445,13.089799880981445,13.089799880981445,13.089799880981445,297.0
2025-06-26 14:43:00,IE,,9.53499984741211,9.53499984741211,9.53499984741211,9.53499984741211,412.0
2025-06-26 14:43:00,INDO,,3.055000066757202,3.059999942779541,3.055000066757202,3.055000066757202,1868.0
2025-06-26 14:43:00,INFU,,6.480000019073486,6.480000019073486,6.480000019073486,6.480000019073486,424.0
2025-06-26 14:43:00,ITRG,,1.5398999452590942,1.5398999452590942,1.5398999452590942,1.5398999452590942,400.0
2025-06-26 14:43:00,KULR,,5.135000228881836,5.139999866485596,5.135000228881836,5.139999866485596,881.0
2025-06-26 14:43:00,LCTX,,0.9916999936103821,0.9916999936103821,0.991100013256073,0.991100013256073,2416.0
2025-06-26 14:43:00,LEU,,174.31500244140625,174.31500244140625,174.31500244140625,174.31500244140625,262.0
2025-06-26 14:43:00,LMND,,42.34000015258789,42.34000015258789,42.29999923706055,42.29999923706055,1279.0
2025-06-26 14:43:00,LNG,,241.94000244140625,242.14999389648438,241.94000244140625,242.05999755859375,4776.0
2025-06-26 14:43:00,LODE,,3.759999990463257,3.759999990463257,3.759999990463257,3.759999990463257,125.0
2025-06-26 14:43:00,LSF,,6.159999847412109,6.159999847412109,6.159999847412109,6.159999847412109,150.0
2025-06-26 14:43:00,MAG,,21.360000610351562,21.360000610351562,21.360000610351562,21.360000610351562,364.0
2025-06-26 14:43:00,MAIA,,1.690000057220459,1.690000057220459,1.690000057220459,1.690000057220459,140.0
2025-06-26 14:43:00,MRT,,2.9000000953674316,2.9000000953674316,2.880000114440918,2.880000114440918,604.0
2025-06-26 14:43:00,MYO,,2.2200000286102295,2.2249999046325684,2.2200000286102295,2.2249999046325684,800.0
2025-06-26 14:43:00,NAK,,1.534999966621399,1.5399999618530273,1.534999966621399,1.5390000343322754,3830.0
2025-06-26 14:43:00,NCL,,0.18029999732971191,0.18029999732971191,0.18029999732971191,0.18029999732971191,150.0
2025-06-26 14:43:00,NFGC,,1.475000023841858,1.475000023841858,1.475000023841858,1.475000023841858,800.0
2025-06-26 14:43:00,NG,,4.110000133514404,4.110000133514404,4.110000133514404,4.110000133514404,1636.0
2025-06-26 14:43:00,NGD,,4.90500020980835,4.90500020980835,4.90500020980835,4.90500020980835,4766.0
2025-06-26 14:43:00,NNVC,,1.2209999561309814,1.2400000095367432,1.2209999561309814,1.2300000190734863,6151.0
2025-06-26 14:43:00,OBE,,5.510000228881836,5.510000228881836,5.510000228881836,5.510000228881836,296.0
2025-06-26 14:43:00,OPTT,,0.5117380023002625,0.5117380023002625,0.5117380023002625,0.5117380023002625,100.0
2025-06-26 14:43:00,ORLA,,9.975000381469727,9.975000381469727,9.96500015258789,9.970000267028809,6132.0
2025-06-26 14:43:00,PHGE,,0.460099995136261,0.460099995136261,0.460099995136261,0.460099995136261,401.0
2025-06-26 14:43:00,PLG,,1.6549999713897705,1.659999966621399,1.6399999856948853,1.649999976158142,24792.0
2025-06-26 14:43:00,PLMR,,152.5800018310547,152.5800018310547,152.52999877929688,152.52999877929688,1594.0
2025-06-26 14:43:00,PZG,,0.6176000237464905,0.6176000237464905,0.6176000237464905,0.6176000237464905,2010.0
2025-06-26 14:43:00,REI,,0.7754999995231628,0.7756500244140625,0.7753999829292297,0.7756500244140625,2295.0
2025-06-26 14:43:00,SATX,,2.9600000381469727,2.9600000381469727,2.9600000381469727,2.9600000381469727,2852.0
2025-06-26 14:43:00,SBEV,,3.8199000358581543,3.8199000358581543,3.7899999618530273,3.7941999435424805,2135.0
2025-06-26 14:43:00,SEB,,2959.0,2966.8701171875,2957.0,2966.8701171875,10.0
2025-06-26 14:43:00,SENS,,0.5,0.5,0.49985000491142273,0.49985000491142273,7505.0
2025-06-26 14:43:00,SGN,,1.1349999904632568,1.1399999856948853,1.1349999904632568,1.1349999904632568,2139.0
2025-06-26 14:43:00,SIF,,3.359999895095825,3.359999895095825,3.359999895095825,3.359999895095825,127647.0
2025-06-26 14:43:00,SLI,,1.9149999618530273,1.9149999618530273,1.9149999618530273,1.9149999618530273,574.0
2025-06-26 14:43:00,SSY,,0.8799999952316284,0.8799999952316284,0.8799999952316284,0.8799999952316284,497.0
2025-06-26 14:43:00,SVM,,4.179999828338623,4.179999828338623,4.174099922180176,4.179999828338623,6041.0
2025-06-26 14:43:00,TGB,,3.125,3.125,3.125,3.125,799.0
2025-06-26 14:43:00,TPET,,1.1878000497817993,1.1878000497817993,1.1878000497817993,1.1878000497817993,100.0
2025-06-26 14:43:00,TRX,,0.33160001039505005,0.33160001039505005,0.33000001311302185,0.33160001039505005,1701.0
2025-06-26 14:43:00,UAMY,,2.5950000286102295,2.5950000286102295,2.5799999237060547,2.5801000595092773,8009.0
2025-06-26 14:43:00,UAVS,,1.1399999856948853,1.1399999856948853,1.1399999856948853,1.1399999856948853,530.0
2025-06-26 14:43:00,UEC,,6.929999828338623,6.929999828338623,6.920000076293945,6.929999828338623,3020.0
2025-06-26 14:43:00,URG,,1.034999966621399,1.0399999618530273,1.034999966621399,1.0399999618530273,983.0
2025-06-26 14:43:00,USAS,,0.8245000243186951,0.8245000243186951,0.8202999830245972,0.8202999830245972,900.0
2025-06-26 14:43:00,UTG,,35.5,35.5,35.5,35.5,306.0
2025-06-26 14:43:00,UUUU,,5.860000133514404,5.864999771118164,5.849999904632568,5.855000019073486,14911.0
2025-06-26 14:43:00,VTAK,,0.250900000333786,0.250900000333786,0.250900000333786,0.250900000333786,1230.0
2025-06-26 14:43:00,VZLA,,2.9749999046325684,2.9749999046325684,2.9749999046325684,2.9749999046325684,680.0
2025-06-26 14:44:00,AEON,,0.7657999992370605,0.765999972820282,0.7657999992370605,0.765999972820282,332.0
2025-06-26 14:44:00,ARMN,,6.795000076293945,6.795000076293945,6.795000076293945,6.795000076293945,410.0
2025-06-26 14:44:00,ASM,,3.5299999713897705,3.5299999713897705,3.5250000953674316,3.5250000953674316,20745.0
2025-06-26 14:44:00,ATNM,,1.5549999475479126,1.5599000453948975,1.5549999475479126,1.5549999475479126,7317.0
2025-06-26 14:44:00,AUMN,,0.18379999697208405,0.18379999697208405,0.18379999697208405,0.18379999697208405,6005.0
2025-06-26 14:44:00,BGI,,0.8748990297317505,0.8748990297317505,0.8748990297317505,0.8748990297317505,7562.0
2025-06-26 14:44:00,BQ,,2.0701000690460205,2.0799999237060547,2.069999933242798,2.0799999237060547,1401.0
2025-06-26 14:44:00,BRBS,,3.309999942779541,3.309999942779541,3.309999942779541,3.309999942779541,315.0
2025-06-26 14:44:00,BTG,,3.620500087738037,3.625,3.619999885559082,3.625,8432.0
2025-06-26 14:44:00,BURU,,0.33079999685287476,0.33480000495910645,0.33079999685287476,0.3325999975204468,17800.0
2025-06-26 14:44:00,CATX,,3.7049999237060547,3.7149999141693115,3.7049999237060547,3.7149999141693115,1832.0
2025-06-26 14:44:00,CBOE,,227.02000427246094,227.02000427246094,227.02000427246094,227.02000427246094,1055.0
2025-06-26 14:44:00,CEF,,30.405000686645508,30.415000915527344,30.405000686645508,30.415000915527344,730.0
2025-06-26 14:44:00,CLM,,7.940000057220459,7.949999809265137,7.940000057220459,7.949999809265137,2002.0
2025-06-26 14:44:00,CMCL,,19.09000015258789,19.09000015258789,19.09000015258789,19.09000015258789,314.0
2025-06-26 14:44:00,CQP,,56.130001068115234,56.1349983215332,56.130001068115234,56.1349983215332,548.0
2025-06-26 14:44:00,CRF,,7.550000190734863,7.5578999519348145,7.550000190734863,7.5578999519348145,2039.0
2025-06-26 14:44:00,CTGO,,20.700000762939453,20.700000762939453,20.700000762939453,20.700000762939453,329.0
2025-06-26 14:44:00,CTM,,1.054800033569336,1.05649995803833,1.054800033569336,1.05649995803833,1548.0
2025-06-26 14:44:00,CYBN,,8.460000038146973,8.460000038146973,8.420000076293945,8.420000076293945,1368.0
2025-06-26 14:44:00,DC,,3.805000066757202,3.805000066757202,3.799999952316284,3.805000066757202,326.0
2025-06-26 14:44:00,DHY,,2.1089000701904297,2.1089000701904297,2.1089000701904297,2.1089000701904297,185.0
2025-06-26 14:44:00,DNN,,1.8250000476837158,1.8300000429153442,1.8200000524520874,1.8300000429153442,14713.0
2025-06-26 14:44:00,DSS,,0.9251999855041504,0.9251999855041504,0.9251999855041504,0.9251999855041504,222.0
2025-06-26 14:44:00,EPM,,4.760000228881836,4.760000228881836,4.760000228881836,4.760000228881836,100.0
2025-06-26 14:44:00,EQX,,5.90500020980835,5.90500020980835,5.900000095367432,5.900000095367432,1393.0
2025-06-26 14:44:00,FSP,,1.690000057220459,1.690000057220459,1.684999942779541,1.690000057220459,400.0
2025-06-26 14:44:00,GGN,,4.380000114440918,4.380000114440918,4.380000114440918,4.380000114440918,750.0
2025-06-26 14:44:00,GNS,,1.1150000095367432,1.1198999881744385,1.1101000308990479,1.11899995803833,12739.0
2025-06-26 14:44:00,GROY,,2.2750000953674316,2.2750000953674316,2.2750000953674316,2.2750000953674316,500.0
2025-06-26 14:44:00,GSAT,,23.290000915527344,23.309999465942383,23.290000915527344,23.309999465942383,2410.0
2025-06-26 14:44:00,HUSA,,12.792099952697754,12.792099952697754,12.792099952697754,12.792099952697754,149.0
2025-06-26 14:44:00,IBO,,0.9480000138282776,0.9490100145339966,0.9480000138282776,0.9480000138282776,1474.0
2025-06-26 14:44:00,IDR,,13.114999771118164,13.114999771118164,13.09000015258789,13.09000015258789,621.0
2025-06-26 14:44:00,IE,,9.545000076293945,9.545000076293945,9.529999732971191,9.53499984741211,1982.0
2025-06-26 14:44:00,IMO,,81.28500366210938,81.30999755859375,81.2699966430664,81.27999877929688,2808.0
2025-06-26 14:44:00,INDO,,3.0559000968933105,3.0559000968933105,3.0450000762939453,3.049999952316284,5540.0
2025-06-26 14:44:00,INFU,,6.480000019073486,6.480000019073486,6.480000019073486,6.480000019073486,456.0
2025-06-26 14:44:00,KULR,,5.138999938964844,5.139999866485596,5.130000114440918,5.130000114440918,2098.0
2025-06-26 14:44:00,LCTX,,0.9914000034332275,0.9914000034332275,0.9914000034332275,0.9914000034332275,367.0
2025-06-26 14:44:00,LEU,,174.2899932861328,174.2899932861328,174.10000610351562,174.27999877929688,1681.0
2025-06-26 14:44:00,LMND,,42.29499816894531,42.31999969482422,42.29499816894531,42.31999969482422,2924.0
2025-06-26 14:44:00,LNG,,242.1300048828125,242.13999938964844,242.05499267578125,242.05499267578125,4945.0
2025-06-26 14:44:00,MAG,,21.34000015258789,21.350000381469727,21.34000015258789,21.350000381469727,2007.0
2025-06-26 14:44:00,NAK,,1.5399999618530273,1.5399999618530273,1.534999966621399,1.534999966621399,5914.0
2025-06-26 14:44:00,NBH,,9.795000076293945,9.79990005493164,9.795000076293945,9.79990005493164,1164.0
2025-06-26 14:44:00,NFGC,,1.4700000286102295,1.4701000452041626,1.465000033378601,1.4701000452041626,13980.0
2025-06-26 14:44:00,NG,,4.110000133514404,4.110000133514404,4.105000019073486,4.110000133514404,9332.0
2025-06-26 14:44:00,NGD,,4.90500020980835,4.90500020980835,4.90500020980835,4.90500020980835,3664.0
2025-06-26 14:44:00,NHS,,7.5,7.5,7.5,7.5,900.0
2025-06-26 14:44:00,NRO,,3.1988000869750977,3.1988000869750977,3.1988000869750977,3.1988000869750977,140.0
2025-06-26 14:44:00,OPTT,,0.5116999745368958,0.5116999745368958,0.5109999775886536,0.5109999775886536,351.0
2025-06-26 14:44:00,ORLA,,9.970000267028809,9.970000267028809,9.96500015258789,9.970000267028809,10509.0
2025-06-26 14:44:00,OSTX,,1.840000033378601,1.840000033378601,1.840000033378601,1.840000033378601,650.0
2025-06-26 14:44:00,PLG,,1.659999966621399,1.659999966621399,1.649999976158142,1.6549999713897705,10729.0
2025-06-26 14:44:00,PLMR,,152.55999755859375,152.55999755859375,152.55999755859375,152.55999755859375,359.0
2025-06-26 14:44:00,REI,,0.7754999995231628,0.7754999995231628,0.7750999927520752,0.7750999927520752,6234.0
2025-06-26 14:44:00,SEB,,2960.0,2965.2099609375,2960.0,2962.0,23.0
2025-06-26 14:44:00,SENS,,0.5019999742507935,0.5023000240325928,0.501800000667572,0.501800000667572,551.0
2025-06-26 14:44:00,SGN,,1.1398999691009521,1.1399999856948853,1.1305999755859375,1.1305999755859375,2275.0
2025-06-26 14:44:00,SKYH,,9.570300102233887,9.570300102233887,9.570300102233887,9.570300102233887,457.0
2025-06-26 14:44:00,SLI,,1.9149999618530273,1.9149999618530273,1.9149999618530273,1.9149999618530273,1220.0
2025-06-26 14:44:00,SLND,,3.890000104904175,3.9000000953674316,3.890000104904175,3.9000000953674316,220.0
2025-06-26 14:44:00,SOAR,,1.3799999952316284,1.3849999904632568,1.3799999952316284,1.3849999904632568,862.0
2025-06-26 14:44:00,SSY,,0.8799999952316284,0.8799999952316284,0.8799999952316284,0.8799999952316284,126.0
2025-06-26 14:44:00,STXS,,2.190000057220459,2.190000057220459,2.190000057220459,2.190000057220459,133.0
2025-06-26 14:44:00,SVM,,4.179999828338623,4.179999828338623,4.170100212097168,4.170100212097168,34543.0
2025-06-26 14:44:00,TGB,,3.1201000213623047,3.1201000213623047,3.119999885559082,3.119999885559082,410.0
2025-06-26 14:44:00,TMQ,,1.4800000190734863,1.4800000190734863,1.4800000190734863,1.4800000190734863,214.0
2025-06-26 14:44:00,TOON,,0.7700999975204468,0.7795900106430054,0.7700999975204468,0.7795900106430054,1602.0
2025-06-26 14:44:00,TPET,,1.1899000406265259,1.1899000406265259,1.1899000406265259,1.1899000406265259,477.0
2025-06-26 14:44:00,UAMY,,2.5999999046325684,2.5999999046325684,2.5899999141693115,2.5950000286102295,3838.0
2025-06-26 14:44:00,UAVS,,1.1399999856948853,1.1399999856948853,1.1399999856948853,1.1399999856948853,500.0
2025-06-26 14:44:00,UEC,,6.925000190734863,6.929999828338623,6.921000003814697,6.921000003814697,14126.0
2025-06-26 14:44:00,URG,,1.0399999618530273,1.0399999618530273,1.034999966621399,1.0399999618530273,4796.0
2025-06-26 14:44:00,UTG,,35.47999954223633,35.499900817871094,35.47999954223633,35.499900817871094,306.0
2025-06-26 14:44:00,UUUU,,5.849999904632568,5.856645107269287,5.849999904632568,5.854599952697754,10918.0
2025-06-26 14:44:00,VTAK,,0.2517000138759613,0.2517000138759613,0.2517000138759613,0.2517000138759613,4001.0
2025-06-26 14:44:00,VZLA,,2.9749999046325684,2.9749999046325684,2.9700000286102295,2.9700000286102295,301.0
2025-06-26 14:45:00,AEON,,0.761210024356842,0.7660999894142151,0.761210024356842,0.7660999894142151,1137.0
2025-06-26 14:45:00,ARMN,,6.789999961853027,6.800000190734863,6.789999961853027,6.795000076293945,4003.0
2025-06-26 14:45:00,ATNM,,1.565000057220459,1.565000057220459,1.5549999475479126,1.5549999475479126,8574.0
2025-06-26 14:45:00,BATL,,1.4800000190734863,1.4800000190734863,1.4800000190734863,1.4800000190734863,261.0
2025-06-26 14:45:00,BEEP,,4.244999885559082,4.244999885559082,4.244999885559082,4.244999885559082,157.0
2025-06-26 14:45:00,BQ,,2.0,2.0999999046325684,2.0,2.0739998817443848,4951.0
2025-06-26 14:45:00,BTG,,3.630000114440918,3.630000114440918,3.619999885559082,3.619999885559082,53275.0
2025-06-26 14:45:00,BURU,,0.33070001006126404,0.3337000012397766,0.33070001006126404,0.33070001006126404,727.0
2025-06-26 14:45:00,CBOE,,227.0500030517578,227.0500030517578,227.0500030517578,227.0500030517578,828.0
2025-06-26 14:45:00,CLDI,,0.2282000035047531,0.2282000035047531,0.2282000035047531,0.2282000035047531,156.0
2025-06-26 14:45:00,CLM,,7.949999809265137,7.949999809265137,7.949999809265137,7.949999809265137,1323.0
2025-06-26 14:45:00,CPHI,,1.8200000524520874,1.8300000429153442,1.8200000524520874,1.8300000429153442,600.0
2025-06-26 14:45:00,CQP,,56.334999084472656,56.369998931884766,56.1349983215332,56.1349983215332,4031.0
2025-06-26 14:45:00,CRF,,7.554999828338623,7.559999942779541,7.554999828338623,7.554999828338623,959.0
2025-06-26 14:45:00,CVU,,3.2899999618530273,3.3499999046325684,3.2850000858306885,3.299999952316284,1576.0
2025-06-26 14:45:00,DC,,3.805000066757202,3.809999942779541,3.805000066757202,3.809999942779541,363.0
2025-06-26 14:45:00,DNN,,1.8300000429153442,1.8300000429153442,1.8200000524520874,1.8300000429153442,74423.0
2025-06-26 14:45:00,EAD,,6.974999904632568,6.974999904632568,6.974999904632568,6.974999904632568,206.0
2025-06-26 14:45:00,EMX,,2.559999942779541,2.559999942779541,2.5590999126434326,2.5590999126434326,651.0
2025-06-26 14:45:00,EPM,,4.775000095367432,4.775000095367432,4.775000095367432,4.775000095367432,328.0
2025-06-26 14:45:00,EQX,,5.90500020980835,5.90500020980835,5.900000095367432,5.900000095367432,1535.0
2025-06-26 14:45:00,ERC,,9.390000343322754,9.390000343322754,9.390000343322754,9.390000343322754,365.0
2025-06-26 14:45:00,EVV,,10.15999984741211,10.15999984741211,10.15999984741211,10.15999984741211,500.0
2025-06-26 14:45:00,FOXO,,0.2029000073671341,0.2029000073671341,0.2029000073671341,0.2029000073671341,167.0
2025-06-26 14:45:00,GLDG,,0.7450000047683716,0.7450000047683716,0.7450000047683716,0.7450000047683716,714.0
2025-06-26 14:45:00,GNS,,1.1101000308990479,1.1200000047683716,1.1100000143051147,1.1200000047683716,11847.0
2025-06-26 14:45:00,GORO,,0.5401999950408936,0.5408999919891357,0.5401999950408936,0.5408999919891357,279.0
2025-06-26 14:45:00,GROY,,2.2799999713897705,2.2799999713897705,2.2699999809265137,2.2750000953674316,1108.0
2025-06-26 14:45:00,GSAT,,23.28499984741211,23.28499984741211,23.28499984741211,23.28499984741211,696.0
2025-06-26 14:45:00,HUSA,,12.91349983215332,12.91349983215332,12.899999618530273,12.899999618530273,204.0
2025-06-26 14:45:00,IDR,,13.118399620056152,13.118399620056152,13.118399620056152,13.118399620056152,403.0
2025-06-26 14:45:00,IE,,9.545000076293945,9.545000076293945,9.539999961853027,9.545000076293945,2009.0
2025-06-26 14:45:00,IGC,,0.3077999949455261,0.3077999949455261,0.3077999949455261,0.3077999949455261,100.0
2025-06-26 14:45:00,IMO,,81.33999633789062,81.33999633789062,81.33999633789062,81.33999633789062,2011.0
2025-06-26 14:45:00,INDO,,3.0399999618530273,3.049999952316284,3.0399999618530273,3.0409998893737793,931.0
2025-06-26 14:45:00,INFU,,6.480000019073486,6.480000019073486,6.480000019073486,6.480000019073486,413.0
2025-06-26 14:45:00,ITP,,0.18719999492168427,0.18719999492168427,0.18709999322891235,0.18709999322891235,1343.0
2025-06-26 14:45:00,KNW,,1.9500000476837158,1.9500000476837158,1.9500000476837158,1.9500000476837158,200.0
2025-06-26 14:45:00,KULR,,5.150000095367432,5.150000095367432,5.135000228881836,5.139999866485596,4457.0
2025-06-26 14:45:00,LCTX,,0.994700014591217,0.994700014591217,0.991100013256073,0.991100013256073,1159.0
2025-06-26 14:45:00,LEU,,174.27769470214844,174.5,174.27769470214844,174.38499450683594,948.0
2025-06-26 14:45:00,LMND,,42.40999984741211,42.47999954223633,42.314998626708984,42.314998626708984,6216.0
2025-06-26 14:45:00,LNG,,242.10000610351562,242.11000061035156,241.97000122070312,242.10000610351562,5099.0
2025-06-26 14:45:00,MAG,,21.350000381469727,21.350000381469727,21.344999313354492,21.344999313354492,2780.0
2025-06-26 14:45:00,MRT,,2.9000000953674316,2.9000000953674316,2.8805999755859375,2.8805999755859375,1900.0
2025-06-26 14:45:00,MTA,,3.884999990463257,3.884999990463257,3.884999990463257,3.884999990463257,10179.0
2025-06-26 14:45:00,NAK,,1.5390000343322754,1.5399999618530273,1.534999966621399,1.5397000312805176,3700.0
2025-06-26 14:45:00,NCL,,0.18000000715255737,0.18070000410079956,0.17990000545978546,0.18060000240802765,21808.0
2025-06-26 14:45:00,NFGC,,1.465000033378601,1.465000033378601,1.465000033378601,1.465000033378601,596.0
2025-06-26 14:45:00,NG,,4.110000133514404,4.110000133514404,4.105000019073486,4.105000019073486,1058.0
2025-06-26 14:45:00,NGD,,4.90500020980835,4.90500020980835,4.900000095367432,4.900000095367432,9176.0
2025-06-26 14:45:00,NNVC,,1.2294000387191772,1.2294000387191772,1.2294000387191772,1.2294000387191772,554.0
2025-06-26 14:45:00,NRO,,3.190000057220459,3.190000057220459,3.190000057220459,3.190000057220459,1224.0
2025-06-26 14:45:00,OBE,,5.5,5.5,5.5,5.5,2300.0
2025-06-26 14:45:00,OPTT,,0.5109009742736816,0.5116999745368958,0.5109009742736816,0.5116999745368958,2161.0
2025-06-26 14:45:00,ORLA,,9.975000381469727,9.975000381469727,9.970000267028809,9.970000267028809,1589.0
2025-06-26 14:45:00,PED,,0.6513000130653381,0.6579999923706055,0.6513000130653381,0.6578999757766724,18114.0
2025-06-26 14:45:00,PLG,,1.649999976158142,1.6549999713897705,1.649999976158142,1.6549999713897705,1070.0
2025-06-26 14:45:00,PLX,,1.5099999904632568,1.5149999856948853,1.5049999952316284,1.5099999904632568,15080.0
2025-06-26 14:45:00,REI,,0.7754999995231628,0.7754999995231628,0.7750999927520752,0.7754999995231628,2781.0
2025-06-26 14:45:00,RLGT,,6.03000020980835,6.03000020980835,6.019999980926514,6.019999980926514,1921.0
2025-06-26 14:45:00,SATX,,2.9600000381469727,2.9600000381469727,2.9600000381469727,2.9600000381469727,209.0
2025-06-26 14:45:00,SEB,,2953.56494140625,2954.1298828125,2953.56494140625,2954.1298828125,7.0
2025-06-26 14:45:00,SENS,,0.5,0.5041000247001648,0.5,0.5041000247001648,14785.0
2025-06-26 14:45:00,SLI,,1.9149999618530273,1.9158999919891357,1.9149999618530273,1.9149999618530273,1928.0
2025-06-26 14:45:00,SLND,,3.924999952316284,3.924999952316284,3.924999952316284,3.924999952316284,497.0
2025-06-26 14:45:00,SVM,,4.175000190734863,4.179999828338623,4.175000190734863,4.179999828338623,668.0
2025-06-26 14:45:00,TGB,,3.125,3.125,3.125,3.125,5002.0
2025-06-26 14:45:00,TOON,,0.7778000235557556,0.7778000235557556,0.7778000235557556,0.7778000235557556,436.0
2025-06-26 14:45:00,TOVX,,0.4407989978790283,0.4407989978790283,0.4407989978790283,0.4407989978790283,512.0
2025-06-26 14:45:00,TRX,,0.33160001039505005,0.33160001039505005,0.33160001039505005,0.33160001039505005,196.0
2025-06-26 14:45:00,UAMY,,2.5950000286102295,2.5999999046325684,2.5950000286102295,2.5950000286102295,697.0
2025-06-26 14:45:00,UAVS,,1.1349999904632568,1.1349999904632568,1.1349999904632568,1.1349999904632568,965.0
2025-06-26 14:45:00,UEC,,6.925000190734863,6.929999828338623,6.925000190734863,6.928699970245361,3851.0
2025-06-26 14:45:00,URG,,1.0399999618530273,1.0399999618530273,1.034999966621399,1.0399999618530273,3757.0
2025-06-26 14:45:00,USAS,,0.821399986743927,0.821399986743927,0.821399986743927,0.821399986743927,172.0
2025-06-26 14:45:00,UTG,,35.4900016784668,35.5,35.4900016784668,35.5,527.0
2025-06-26 14:45:00,UUUU,,5.855000019073486,5.855100154876709,5.855000019073486,5.855000019073486,1623.0
2025-06-26 14:45:00,VNRX,,0.8629999756813049,0.8629999756813049,0.8629999756813049,0.8629999756813049,3200.0
2025-06-26 14:45:00,VZLA,,2.9749999046325684,2.9749999046325684,2.9700000286102295,2.9700000286102295,534.0
2025-06-26 14:46:00,ARMN,,6.795000076293945,6.795000076293945,6.795000076293945,6.795000076293945,1315.0
2025-06-26 14:46:00,ASM,,3.505000114440918,3.5299999713897705,3.5,3.5299999713897705,249875.0
2025-06-26 14:46:00,ATNM,,1.565000057220459,1.565000057220459,1.565000057220459,1.565000057220459,1093.0
2025-06-26 14:46:00,AZTR,,0.2597000002861023,0.2597000002861023,0.2597000002861023,0.2597000002861023,1880.0
2025-06-26 14:46:00,BEEP,,4.190000057220459,4.190000057220459,4.190000057220459,4.190000057220459,302.0
2025-06-26 14:46:00,BQ,,2.049999952316284,2.049999952316284,2.049999952316284,2.049999952316284,3714.0
2025-06-26 14:46:00,BRBS,,3.309999942779541,3.309999942779541,3.309999942779541,3.309999942779541,1046.0
2025-06-26 14:46:00,BTG,,3.625,3.625,3.619999885559082,3.625,7303.0
2025-06-26 14:46:00,BURU,,0.33070001006126404,0.33070001006126404,0.33070001006126404,0.33070001006126404,310.0
2025-06-26 14:46:00,CBOE,,226.94500732421875,226.94500732421875,226.94500732421875,226.94500732421875,446.0
2025-06-26 14:46:00,CEF,,30.40999984741211,30.40999984741211,30.405899047851562,30.405899047851562,567.0
2025-06-26 14:46:00,CLDI,,0.2282000035047531,0.22920000553131104,0.2282000035047531,0.22920000553131104,3645.0
2025-06-26 14:46:00,CQP,,56.369998931884766,56.369998931884766,56.334999084472656,56.334999084472656,200.0
2025-06-26 14:46:00,CRF,,7.550000190734863,7.550000190734863,7.550000190734863,7.550000190734863,100.0
2025-06-26 14:46:00,CVU,,3.3399999141693115,3.3399999141693115,3.2885000705718994,3.2885000705718994,624.0
2025-06-26 14:46:00,DC,,3.805000066757202,3.805000066757202,3.805000066757202,3.805000066757202,237.0
2025-06-26 14:46:00,DDC,,10.380000114440918,10.380000114440918,10.244999885559082,10.244999885559082,1039.0
2025-06-26 14:46:00,DNN,,1.8251999616622925,1.8300000429153442,1.8224999904632568,1.8300000429153442,41848.0
2025-06-26 14:46:00,EAD,,6.974999904632568,6.974999904632568,6.974999904632568,6.974999904632568,322.0
2025-06-26 14:46:00,ELA,,5.925000190734863,5.925000190734863,5.880000114440918,5.880000114440918,431.0
2025-06-26 14:46:00,ELMD,,21.270000457763672,21.270000457763672,21.270000457763672,21.270000457763672,113.0
2025-06-26 14:46:00,EP,,5.349999904632568,5.349999904632568,5.349999904632568,5.349999904632568,291.0
2025-06-26 14:46:00,EQX,,5.900300025939941,5.909999847412109,5.900000095367432,5.90500020980835,22628.0
2025-06-26 14:46:00,ERC,,9.390000343322754,9.390000343322754,9.390000343322754,9.390000343322754,300.0
2025-06-26 14:46:00,EVV,,10.15999984741211,10.15999984741211,10.15999984741211,10.15999984741211,104.0
2025-06-26 14:46:00,FOXO,,0.20160000026226044,0.20160000026226044,0.20160000026226044,0.20160000026226044,4900.0
2025-06-26 14:46:00,FSP,,1.690000057220459,1.690000057220459,1.690000057220459,1.690000057220459,130.0
2025-06-26 14:46:00,GAU,,1.284999966621399,1.284999966621399,1.284999966621399,1.284999966621399,301.0
2025-06-26 14:46:00,GGN,,4.38100004196167,4.385000228881836,4.38100004196167,4.385000228881836,200.0
2025-06-26 14:46:00,GLDG,,0.7455499768257141,0.7455999851226807,0.7454000115394592,0.7454000115394592,3111.0
2025-06-26 14:46:00,GNS,,1.125,1.1399999856948853,1.1100000143051147,1.1150000095367432,60714.0
2025-06-26 14:46:00,GROY,,2.2699999809265137,2.2799999713897705,2.2699999809265137,2.2750000953674316,462.0
2025-06-26 14:46:00,HUSA,,12.899999618530273,12.899999618530273,12.899999618530273,12.899999618530273,150.0
2025-06-26 14:46:00,IBO,,0.9480999708175659,0.9480999708175659,0.9480999708175659,0.9480999708175659,674.0
2025-06-26 14:46:00,IE,,9.529999732971191,9.569999694824219,9.520000457763672,9.545000076293945,21885.0
2025-06-26 14:46:00,IGC,,0.30830100178718567,0.30830100178718567,0.30830100178718567,0.30830100178718567,106.0
2025-06-26 14:46:00,IMO,,81.3499984741211,81.3499984741211,81.33999633789062,81.33999633789062,323.0
2025-06-26 14:46:00,INDO,,3.0350000858306885,3.0399999618530273,3.0350000858306885,3.039799928665161,3338.0
2025-06-26 14:46:00,INFU,,6.46999979019165,6.46999979019165,6.46999979019165,6.46999979019165,127.0
2025-06-26 14:46:00,INUV,,3.9000000953674316,3.9000000953674316,3.9000000953674316,3.9000000953674316,506.0
2025-06-26 14:46:00,KNW,,1.9550000429153442,1.9550000429153442,1.9550000429153442,1.9550000429153442,164.0
2025-06-26 14:46:00,KULR,,5.144999980926514,5.150000095367432,5.1412248611450195,5.149899959564209,2187.0
2025-06-26 14:46:00,LCTX,,0.994700014591217,0.998199999332428,0.994700014591217,0.998199999332428,1580.0
2025-06-26 14:46:00,LEU,,174.52499389648438,174.52499389648438,174.52499389648438,174.52499389648438,667.0
2025-06-26 14:46:00,LMND,,42.310001373291016,42.369998931884766,42.310001373291016,42.36000061035156,1432.0
2025-06-26 14:46:00,LNG,,241.96499633789062,241.97000122070312,241.96499633789062,241.96499633789062,1659.0
2025-06-26 14:46:00,LSF,,6.189199924468994,6.189199924468994,6.189199924468994,6.189199924468994,110.0
2025-06-26 14:46:00,MAG,,21.354999542236328,21.354999542236328,21.350000381469727,21.350000381469727,1784.0
2025-06-26 14:46:00,MPTI,,40.56999969482422,40.56999969482422,40.56999969482422,40.56999969482422,813.0
2025-06-26 14:46:00,MRT,,2.9196999073028564,2.9200000762939453,2.9000000953674316,2.9200000762939453,1975.0
2025-06-26 14:46:00,MTA,,3.8986001014709473,3.9000000953674316,3.890000104904175,3.890000104904175,3922.0
2025-06-26 14:46:00,MYO,,2.2249999046325684,2.2249999046325684,2.2249999046325684,2.2249999046325684,314.0
2025-06-26 14:46:00,NAK,,1.5390000343322754,1.5398999452590942,1.5311000347137451,1.5390000343322754,8476.0
2025-06-26 14:46:00,NCL,,0.18029999732971191,0.18029999732971191,0.18029999732971191,0.18029999732971191,202.0
2025-06-26 14:46:00,NG,,4.103099822998047,4.114999771118164,4.103099822998047,4.110000133514404,41785.0
2025-06-26 14:46:00,NGD,,4.90500020980835,4.90500020980835,4.900000095367432,4.90500020980835,3818.0
2025-06-26 14:46:00,OPTT,,0.510699987411499,0.5109000205993652,0.510699987411499,0.5109000205993652,821.0
2025-06-26 14:46:00,PLMR,,152.5399932861328,152.5399932861328,152.5399932861328,152.5399932861328,1350.0
2025-06-26 14:46:00,REI,,0.7750999927520752,0.7754999995231628,0.7750999927520752,0.7754999995231628,2900.0
2025-06-26 14:46:00,SACH,,1.0850000381469727,1.0892000198364258,1.0850000381469727,1.0892000198364258,1427.0
2025-06-26 14:46:00,SATX,,2.9600000381469727,2.9600000381469727,2.9600000381469727,2.9600000381469727,200.0
2025-06-26 14:46:00,SEB,,2955.199951171875,2955.199951171875,2955.199951171875,2955.199951171875,1.0
2025-06-26 14:46:00,SENS,,0.4999000132083893,0.5,0.4999000132083893,0.4999000132083893,1742.0
2025-06-26 14:46:00,SLI,,1.9149999618530273,1.9149999618530273,1.9149999618530273,1.9149999618530273,208.0
2025-06-26 14:46:00,STXS,,2.194999933242798,2.194999933242798,2.194999933242798,2.194999933242798,134.0
2025-06-26 14:46:00,SVM,,4.175000190734863,4.175000190734863,4.175000190734863,4.175000190734863,301.0
2025-06-26 14:46:00,TGB,,3.125,3.125,3.125,3.125,6698.0
2025-06-26 14:46:00,TPET,,1.190000057220459,1.190000057220459,1.190000057220459,1.190000057220459,525.0
2025-06-26 14:46:00,UAMY,,2.5950000286102295,2.5999999046325684,2.5950000286102295,2.5950000286102295,1819.0
2025-06-26 14:46:00,UAVS,,1.1399999856948853,1.1399999856948853,1.1399999856948853,1.1399999856948853,601.0
2025-06-26 14:46:00,UEC,,6.925000190734863,6.925000190734863,6.920000076293945,6.925000190734863,5347.0
2025-06-26 14:46:00,URG,,1.0399999618530273,1.0399999618530273,1.0299999713897705,1.0399999618530273,2190.0
2025-06-26 14:46:00,UUUU,,5.855000019073486,5.859399795532227,5.855000019073486,5.855000019073486,3326.0
2025-06-26 14:46:00,VNRX,,0.8629999756813049,0.8629999756813049,0.8399999737739563,0.8629999756813049,3109.0
2025-06-26 14:46:00,VZLA,,2.9749999046325684,2.9749999046325684,2.9749999046325684,2.9749999046325684,616.0
2025-06-26 14:46:00,WWR,,0.6082000136375427,0.6082000136375427,0.6081500053405762,0.6081500053405762,2301.0
2025-06-26 14:46:00,ZDGE,,3.8987998962402344,3.8987998962402344,3.8987998962402344,3.8987998962402344,192.0
2025-06-26 14:47:00,ARMN,,6.795000076293945,6.795000076293945,6.795000076293945,6.795000076293945,237.0
2025-06-26 14:47:00,ASM,,3.505000114440918,3.505000114440918,3.5,3.5,3995.0
2025-06-26 14:47:00,ATNM,,1.565000057220459,1.565000057220459,1.565000057220459,1.565000057220459,230.0
2025-06-26 14:47:00,AZTR,,0.259799987077713,0.259799987077713,0.2597000002861023,0.2597000002861023,2556.0
2025-06-26 14:47:00,BQ,,2.009999990463257,2.009999990463257,2.009999990463257,2.009999990463257,100.0
2025-06-26 14:47:00,BRBS,,3.305000066757202,3.305000066757202,3.305000066757202,3.305000066757202,106.0
2025-06-26 14:47:00,BTG,,3.625,3.625,3.6201000213623047,3.620500087738037,19736.0
2025-06-26 14:47:00,BURU,,0.3314000070095062,0.3337000012397766,0.33070001006126404,0.33070001006126404,13668.0
2025-06-26 14:47:00,CATX,,3.7049999237060547,3.7049999237060547,3.7049999237060547,3.7049999237060547,474.0
2025-06-26 14:47:00,CBOE,,226.75,226.92999267578125,226.75,226.82000732421875,1731.0
2025-06-26 14:47:00,CEF,,30.41010093688965,30.41010093688965,30.41010093688965,30.41010093688965,167.0
2025-06-26 14:47:00,CET,,47.629398345947266,47.629398345947266,47.629398345947266,47.629398345947266,245.0
2025-06-26 14:47:00,CIK,,2.934999942779541,2.934999942779541,2.934999942779541,2.934999942779541,417.0
2025-06-26 14:47:00,CLDI,,0.2282000035047531,0.2282000035047531,0.2282000035047531,0.2282000035047531,100.0
2025-06-26 14:47:00,CLM,,7.940000057220459,7.945000171661377,7.940000057220459,7.942299842834473,971.0
2025-06-26 14:47:00,CPHI,,1.8300000429153442,1.8300000429153442,1.8200000524520874,1.8300000429153442,550.0
2025-06-26 14:47:00,CQP,,56.34000015258789,56.34000015258789,56.34000015258789,56.34000015258789,715.0
2025-06-26 14:47:00,CRF,,7.554999828338623,7.554999828338623,7.554999828338623,7.554999828338623,355.0
2025-06-26 14:47:00,CTM,,1.059999942779541,1.059999942779541,1.0549999475479126,1.0549999475479126,224.0
2025-06-26 14:47:00,CVM,,2.424999952316284,2.424999952316284,2.424999952316284,2.424999952316284,100.0
2025-06-26 14:47:00,DC,,3.805000066757202,3.805000066757202,3.805000066757202,3.805000066757202,541.0
2025-06-26 14:47:00,DNN,,1.8300000429153442,1.8300000429153442,1.8200000524520874,1.8300000429153442,55323.0
2025-06-26 14:47:00,EIM,,9.575400352478027,9.579999923706055,9.545000076293945,9.545000076293945,32610.0
2025-06-26 14:47:00,ELMD,,21.260000228881836,21.260000228881836,21.260000228881836,21.260000228881836,151.0
2025-06-26 14:47:00,EPM,,4.760000228881836,4.775000095367432,4.760000228881836,4.775000095367432,808.0
2025-06-26 14:47:00,EQX,,5.90500020980835,5.90500020980835,5.90500020980835,5.90500020980835,23127.0
2025-06-26 14:47:00,EVV,,10.15999984741211,10.15999984741211,10.15999984741211,10.15999984741211,277.0
2025-06-26 14:47:00,FOXO,,0.20160000026226044,0.20160000026226044,0.20160000026226044,0.20160000026226044,100.0
2025-06-26 14:47:00,FTF,,6.3846001625061035,6.3846001625061035,6.3846001625061035,6.3846001625061035,873.0
2025-06-26 14:47:00,GAU,,1.284999966621399,1.284999966621399,1.284999966621399,1.284999966621399,135.0
2025-06-26 14:47:00,GNS,,1.1299999952316284,1.1299999952316284,1.1201000213623047,1.1299999952316284,25325.0
2025-06-26 14:47:00,GROY,,2.2750000953674316,2.2750000953674316,2.2750000953674316,2.2750000953674316,423.0
2025-06-26 14:47:00,HUSA,,12.899999618530273,12.899999618530273,12.899999618530273,12.899999618530273,1039.0
2025-06-26 14:47:00,IE,,9.529999732971191,9.529999732971191,9.529999732971191,9.529999732971191,1581.0
2025-06-26 14:47:00,IMO,,81.3550033569336,81.3550033569336,81.3499984741211,81.3499984741211,409.0
2025-06-26 14:47:00,INDO,,3.0387001037597656,3.0387001037597656,3.030100107192993,3.030100107192993,380.0
2025-06-26 14:47:00,ITRG,,1.534999966621399,1.534999966621399,1.534999966621399,1.534999966621399,2184.0
2025-06-26 14:47:00,KULR,,5.144999980926514,5.150000095367432,5.144999980926514,5.150000095367432,23164.0
2025-06-26 14:47:00,LCTX,,0.9933000206947327,0.9947999715805054,0.9918000102043152,0.9918000102043152,10943.0
2025-06-26 14:47:00,LEU,,174.40499877929688,174.40499877929688,174.32000732421875,174.32000732421875,1398.0
2025-06-26 14:47:00,LMND,,42.279998779296875,42.343101501464844,42.279998779296875,42.310001373291016,3437.0
2025-06-26 14:47:00,LNG,,242.10000610351562,242.10000610351562,242.0500030517578,242.0500030517578,2746.0
2025-06-26 14:47:00,LODE,,3.740799903869629,3.740799903869629,3.7279999256134033,3.7279999256134033,236.0
2025-06-26 14:47:00,LSF,,6.130000114440918,6.130000114440918,6.130000114440918,6.130000114440918,143.0
2025-06-26 14:47:00,MAG,,21.354999542236328,21.354999542236328,21.354999542236328,21.354999542236328,563.0
2025-06-26 14:47:00,MYO,,2.2300000190734863,2.2300000190734863,2.2300000190734863,2.2300000190734863,2435.0
2025-06-26 14:47:00,NAK,,1.5399999618530273,1.5399999618530273,1.534999966621399,1.534999966621399,4418.0
2025-06-26 14:47:00,NFGC,,1.465000033378601,1.465000033378601,1.465000033378601,1.465000033378601,100.0
2025-06-26 14:47:00,NG,,4.105000019073486,4.105000019073486,4.105000019073486,4.105000019073486,215.0
2025-06-26 14:47:00,NGD,,4.90500020980835,4.909900188446045,4.900100231170654,4.909900188446045,12512.0
2025-06-26 14:47:00,OBE,,5.499199867248535,5.499199867248535,5.494999885559082,5.494999885559082,1502.0
2025-06-26 14:47:00,OPTT,,0.5116000175476074,0.5116000175476074,0.5116000175476074,0.5116000175476074,800.0
2025-06-26 14:47:00,ORLA,,9.970000267028809,9.975000381469727,9.970000267028809,9.975000381469727,1208.0
2025-06-26 14:47:00,OSTX,,1.8250000476837158,1.8250000476837158,1.8250000476837158,1.8250000476837158,100.0
2025-06-26 14:47:00,PLG,,1.6549999713897705,1.6549999713897705,1.649999976158142,1.6549999713897705,1167.0
2025-06-26 14:47:00,RCG,,2.5701000690460205,2.5701000690460205,2.5701000690460205,2.5701000690460205,2499.0
2025-06-26 14:47:00,REI,,0.7759000062942505,0.7759000062942505,0.7750999927520752,0.7750999927520752,12610.0
2025-06-26 14:47:00,RLGT,,6.039999961853027,6.039999961853027,6.039999961853027,6.039999961853027,439.0
2025-06-26 14:47:00,SATX,,2.9600000381469727,2.9600000381469727,2.9600000381469727,2.9600000381469727,602.0
2025-06-26 14:47:00,SEB,,2955.22998046875,2956.0,2955.22998046875,2956.0,2.0
2025-06-26 14:47:00,SENS,,0.4999000132083893,0.5,0.4999000132083893,0.5,1493.0
2025-06-26 14:47:00,SLI,,1.9190000295639038,1.9190000295639038,1.9149999618530273,1.9149999618530273,607.0
2025-06-26 14:47:00,SVM,,4.175000190734863,4.175000190734863,4.171999931335449,4.171999931335449,790.0
2025-06-26 14:47:00,TGB,,3.125,3.125,3.123300075531006,3.123300075531006,501.0
2025-06-26 14:47:00,THM,,0.8657000064849854,0.8657000064849854,0.8657000064849854,0.8657000064849854,100.0
2025-06-26 14:47:00,UAMY,,2.5950000286102295,2.5999999046325684,2.5950000286102295,2.5999999046325684,269.0
2025-06-26 14:47:00,UAVS,,1.1334999799728394,1.1399999856948853,1.1334999799728394,1.1399999856948853,600.0
2025-06-26 14:47:00,UEC,,6.920000076293945,6.929999828338623,6.920000076293945,6.925000190734863,3739.0
2025-06-26 14:47:00,URG,,1.0399999618530273,1.0399999618530273,1.034999966621399,1.0399999618530273,4892.0
2025-06-26 14:47:00,USAS,,0.8277999758720398,0.8277999758720398,0.8277999758720398,0.8277999758720398,100.0
2025-06-26 14:47:00,UUUU,,5.855000019073486,5.860000133514404,5.850100040435791,5.851600170135498,7418.0
2025-06-26 14:47:00,VNRX,,0.8399999737739563,0.8399999737739563,0.8399999737739563,0.8399999737739563,2000.0
2025-06-26 14:47:00,VTAK,,0.2513999938964844,0.2513999938964844,0.2513999938964844,0.2513999938964844,1000.0
2025-06-26 14:47:00,VZLA,,2.9749999046325684,2.9749999046325684,2.9749999046325684,2.9749999046325684,1551.0
2025-06-26 14:47:00,WRN,,1.2350000143051147,1.2350000143051147,1.2350000143051147,1.2350000143051147,500.0
2025-06-26 14:47:00,WWR,,0.607200026512146,0.6098999977111816,0.607200026512146,0.6098999977111816,400.0
2025-06-26 14:48:00,ARMN,,6.800000190734863,6.800000190734863,6.795000076293945,6.795000076293945,12664.0
2025-06-26 14:48:00,ASM,,3.5199999809265137,3.5199999809265137,3.5,3.509999990463257,59192.0
2025-06-26 14:48:00,BRBS,,3.309999942779541,3.309999942779541,3.309999942779541,3.309999942779541,986.0
2025-06-26 14:48:00,BRN,,1.2400000095367432,1.2400000095367432,1.2300000190734863,1.2400000095367432,2640.0
2025-06-26 14:48:00,BTG,,3.625,3.625,3.625,3.625,628.0
2025-06-26 14:48:00,BURU,,0.33364999294281006,0.3337000012397766,0.33364999294281006,0.33364999294281006,1100.0
2025-06-26 14:48:00,CATX,,3.7049999237060547,3.7049999237060547,3.7049999237060547,3.7049999237060547,794.0
2025-06-26 14:48:00,CBOE,,226.36000061035156,226.77000427246094,226.33999633789062,226.76040649414062,4152.0
2025-06-26 14:48:00,CEF,,30.420000076293945,30.424999237060547,30.420000076293945,30.424999237060547,233.0
2025-06-26 14:48:00,CLM,,7.940662860870361,7.945000171661377,7.940000057220459,7.945000171661377,1263.0
2025-06-26 14:48:00,CQP,,56.33000183105469,56.33000183105469,56.33000183105469,56.33000183105469,200.0
2025-06-26 14:48:00,CTM,,1.0549999475479126,1.0549999475479126,1.0549999475479126,1.0549999475479126,6191.0
2025-06-26 14:48:00,CVU,,3.319999933242798,3.319999933242798,3.259999990463257,3.286799907684326,2300.0
2025-06-26 14:48:00,CYBN,,8.45989990234375,8.45989990234375,8.45989990234375,8.45989990234375,1206.0
2025-06-26 14:48:00,DC,,3.805000066757202,3.805000066757202,3.799999952316284,3.799999952316284,503.0
2025-06-26 14:48:00,DNN,,1.8200000524520874,1.8300000429153442,1.8200000524520874,1.8300000429153442,38829.0
2025-06-26 14:48:00,EIM,,9.579999923706055,9.579999923706055,9.579999923706055,9.579999923706055,2400.0
2025-06-26 14:48:00,EQX,,5.90500020980835,5.90500020980835,5.900000095367432,5.90500020980835,4510.0
2025-06-26 14:48:00,EVV,,10.15999984741211,10.168999671936035,10.15999984741211,10.15999984741211,7474.0
2025-06-26 14:48:00,FTF,,6.380000114440918,6.380000114440918,6.380000114440918,6.380000114440918,214.0
2025-06-26 14:48:00,GAU,,1.284999966621399,1.284999966621399,1.284999966621399,1.284999966621399,387.0
2025-06-26 14:48:00,GGN,,4.385000228881836,4.385000228881836,4.385000228881836,4.385000228881836,100.0
2025-06-26 14:48:00,GLDG,,0.7455999851226807,0.7455999851226807,0.7455999851226807,0.7455999851226807,499.0
2025-06-26 14:48:00,GNS,,1.1399999856948853,1.149999976158142,1.1299999952316284,1.1299999952316284,41909.0
2025-06-26 14:48:00,GORO,,0.5401999950408936,0.5401999950408936,0.5401999950408936,0.5401999950408936,100.0
2025-06-26 14:48:00,GROY,,2.2750000953674316,2.2750000953674316,2.2699999809265137,2.2750000953674316,527.0
2025-06-26 14:48:00,GSAT,,23.270000457763672,23.28499984741211,23.270000457763672,23.28499984741211,2187.0
2025-06-26 14:48:00,IBO,,0.9484999775886536,0.9484999775886536,0.9484999775886536,0.9484999775886536,200.0
2025-06-26 14:48:00,IE,,9.529999732971191,9.529999732971191,9.529999732971191,9.529999732971191,387.0
2025-06-26 14:48:00,IMO,,81.36499786376953,81.37999725341797,81.3499984741211,81.37999725341797,471.0
2025-06-26 14:48:00,INDO,,3.039799928665161,3.039900064468384,3.031100034713745,3.0352001190185547,2061.0
2025-06-26 14:48:00,INFU,,6.480000019073486,6.480000019073486,6.480000019073486,6.480000019073486,1200.0
2025-06-26 14:48:00,KULR,,5.144999980926514,5.150000095367432,5.144999980926514,5.144999980926514,3676.0
2025-06-26 14:48:00,LCTX,,0.9932000041007996,0.9979000091552734,0.9926999807357788,0.9979000091552734,1904.0
2025-06-26 14:48:00,LEU,,174.4149932861328,174.4149932861328,174.4149932861328,174.4149932861328,272.0
2025-06-26 14:48:00,LMND,,42.25,42.25,42.22060012817383,42.25,2380.0
2025-06-26 14:48:00,LNG,,242.03500366210938,242.03500366210938,242.03500366210938,242.03500366210938,1428.0
2025-06-26 14:48:00,LODE,,3.734999895095825,3.734999895095825,3.734999895095825,3.734999895095825,100.0
2025-06-26 14:48:00,MAG,,21.360000610351562,21.360000610351562,21.354999542236328,21.360000610351562,828.0
2025-06-26 14:48:00,MTA,,3.946000099182129,3.950000047683716,3.899899959564209,3.9000000953674316,77017.0
2025-06-26 14:48:00,NAK,,1.5399999618530273,1.5399999618530273,1.534999966621399,1.5390000343322754,3051.0
2025-06-26 14:48:00,NBH,,9.800000190734863,9.800000190734863,9.79800033569336,9.79800033569336,1600.0
2025-06-26 14:48:00,NCL,,0.17900000512599945,0.179299995303154,0.17900000512599945,0.179299995303154,13432.0
2025-06-26 14:48:00,NFGC,,1.465000033378601,1.4700000286102295,1.465000033378601,1.4700000286102295,5593.0
2025-06-26 14:48:00,NG,,4.110000133514404,4.110000133514404,4.105000019073486,4.110000133514404,12689.0
2025-06-26 14:48:00,NGD,,4.90500020980835,4.907014846801758,4.900000095367432,4.90500020980835,2475.0
2025-06-26 14:48:00,NHS,,7.504799842834473,7.504799842834473,7.504799842834473,7.504799842834473,1028.0
2025-06-26 14:48:00,NRO,,3.190000057220459,3.190000057220459,3.190000057220459,3.190000057220459,1235.0
2025-06-26 14:48:00,OPTT,,0.5123999714851379,0.5123999714851379,0.5123999714851379,0.5123999714851379,1221.0
2025-06-26 14:48:00,ORLA,,9.989999771118164,9.989999771118164,9.975000381469727,9.975000381469727,2832.0
2025-06-26 14:48:00,PLG,,1.6549999713897705,1.6549999713897705,1.6549999713897705,1.6549999713897705,887.0
2025-06-26 14:48:00,PZG,,0.6176999807357788,0.6176999807357788,0.6176999807357788,0.6176999807357788,100.0
2025-06-26 14:48:00,REI,,0.7759000062942505,0.7759000062942505,0.7757999897003174,0.7758499979972839,546.0
2025-06-26 14:48:00,SATX,,2.9600000381469727,2.9600000381469727,2.9600000381469727,2.9600000381469727,3292.0
2025-06-26 14:48:00,SBEV,,3.9381000995635986,3.9381000995635986,3.8399999141693115,3.8450000286102295,7946.0
2025-06-26 14:48:00,SEB,,2960.18994140625,2960.18994140625,2956.510009765625,2956.510009765625,25.0
2025-06-26 14:48:00,SENS,,0.5,0.5,0.4999000132083893,0.4999000132083893,20716.0
2025-06-26 14:48:00,SGN,,1.1299999952316284,1.1299999952316284,1.1299999952316284,1.1299999952316284,7044.0
2025-06-26 14:48:00,SKYH,,9.5600004196167,9.569999694824219,9.5600004196167,9.569999694824219,730.0
2025-06-26 14:48:00,SVM,,4.175000190734863,4.179999828338623,4.172100067138672,4.172100067138672,3717.0
2025-06-26 14:48:00,TGB,,3.119999885559082,3.119999885559082,3.119999885559082,3.119999885559082,911.0
2025-06-26 14:48:00,TOON,,0.7724000215530396,0.7799999713897705,0.7724000215530396,0.7799999713897705,9780.0
2025-06-26 14:48:00,UAMY,,2.5950000286102295,2.5999999046325684,2.5936999320983887,2.5936999320983887,3236.0
2025-06-26 14:48:00,UAVS,,1.1399999856948853,1.1399999856948853,1.1399999856948853,1.1399999856948853,1144.0
2025-06-26 14:48:00,UEC,,6.924600124359131,6.929999828338623,6.920100212097168,6.925000190734863,8522.0
2025-06-26 14:48:00,URG,,1.0336999893188477,1.0399999618530273,1.0299999713897705,1.0399999618530273,4450.0
2025-06-26 14:48:00,USAS,,0.8204749822616577,0.8278999924659729,0.8204749822616577,0.8206999897956848,7290.0
2025-06-26 14:48:00,UTG,,35.4900016784668,35.4900016784668,35.4900016784668,35.4900016784668,350.0
2025-06-26 14:48:00,UUUU,,5.855000019073486,5.855400085449219,5.855000019073486,5.855000019073486,3609.0
2025-06-26 14:48:00,VNRX,,0.8629999756813049,0.8629999756813049,0.8629999756813049,0.8629999756813049,1300.0
2025-06-26 14:48:00,VTAK,,0.250450998544693,0.25050100684165955,0.250450998544693,0.25050100684165955,5000.0
2025-06-26 14:48:00,VZLA,,2.9749999046325684,2.9749999046325684,2.9749999046325684,2.9749999046325684,101.0
2025-06-26 14:48:00,WWR,,0.605400025844574,0.6054999828338623,0.6043999791145325,0.6054999828338623,13201.0
2025-06-26 14:49:00,AMBO,,2.4100000858306885,2.4100000858306885,2.4100000858306885,2.4100000858306885,414.0
2025-06-26 14:49:00,AREN,,5.885000228881836,5.885000228881836,5.885000228881836,5.885000228881836,190.0
2025-06-26 14:49:00,ARMN,,6.804999828338623,6.804999828338623,6.804999828338623,6.804999828338623,100.0
2025-06-26 14:49:00,ASM,,3.5201001167297363,3.5299999713897705,3.510999917984009,3.510999917984009,15423.0
2025-06-26 14:49:00,ATNM,,1.565000057220459,1.565000057220459,1.565000057220459,1.565000057220459,540.0
2025-06-26 14:49:00,AZTR,,0.259799987077713,0.259799987077713,0.259799987077713,0.259799987077713,1014.0
2025-06-26 14:49:00,BATL,,1.4800000190734863,1.4800000190734863,1.4800000190734863,1.4800000190734863,563.0
2025-06-26 14:49:00,BKTI,,54.81999969482422,54.81999969482422,54.81999969482422,54.81999969482422,260.0
2025-06-26 14:49:00,BTG,,3.625,3.6252999305725098,3.620500087738037,3.625,22743.0
2025-06-26 14:49:00,BURU,,0.3314000070095062,0.3337000012397766,0.3314000070095062,0.3337000012397766,10303.0
2025-06-26 14:49:00,CANF,,1.0499999523162842,1.0549999475479126,1.0499999523162842,1.0499999523162842,1048.0
2025-06-26 14:49:00,CATX,,3.7100000381469727,3.7100000381469727,3.7049999237060547,3.7049999237060547,1618.0
2025-06-26 14:49:00,CBOE,,226.44000244140625,226.5399932861328,226.375,226.375,3539.0
2025-06-26 14:49:00,CEF,,30.420000076293945,30.420000076293945,30.420000076293945,30.420000076293945,102.0
2025-06-26 14:49:00,CLM,,7.94350004196167,7.94350004196167,7.94350004196167,7.94350004196167,1000.0
2025-06-26 14:49:00,CQP,,56.33000183105469,56.33000183105469,56.33000183105469,56.33000183105469,300.0
2025-06-26 14:49:00,CRF,,7.550000190734863,7.550000190734863,7.550000190734863,7.550000190734863,100.0
2025-06-26 14:49:00,CTM,,1.0549999475479126,1.0549999475479126,1.0549999475479126,1.0549999475479126,307.0
2025-06-26 14:49:00,CVM,,2.4374001026153564,2.4374001026153564,2.4374001026153564,2.4374001026153564,619.0
2025-06-26 14:49:00,CVU,,3.2950000762939453,3.2950000762939453,3.25,3.25,939.0
2025-06-26 14:49:00,CYBN,,8.43690013885498,8.43690013885498,8.425000190734863,8.425000190734863,506.0
2025-06-26 14:49:00,DNN,,1.829699993133545,1.8300000429153442,1.8250000476837158,1.8295999765396118,58351.0
2025-06-26 14:49:00,EIM,,9.569999694824219,9.570099830627441,9.569999694824219,9.570099830627441,3675.0
2025-06-26 14:49:00,ELA,,5.880000114440918,5.920000076293945,5.880000114440918,5.920000076293945,616.0
2025-06-26 14:49:00,EPM,,4.789999961853027,4.789999961853027,4.789999961853027,4.789999961853027,1111.0
2025-06-26 14:49:00,EQX,,5.90500020980835,5.909999847412109,5.90500020980835,5.90500020980835,2783.0
2025-06-26 14:49:00,EVM,,8.84000015258789,8.84000015258789,8.84000015258789,8.84000015258789,434.0
2025-06-26 14:49:00,EVV,,10.163399696350098,10.163399696350098,10.163399696350098,10.163399696350098,1340.0
2025-06-26 14:49:00,GENC,,14.359999656677246,14.359999656677246,14.203200340270996,14.203200340270996,308.0
2025-06-26 14:49:00,GNS,,1.149999976158142,1.149999976158142,1.1200000047683716,1.136199951171875,42272.0
2025-06-26 14:49:00,GORO,,0.5401999950408936,0.5401999950408936,0.5401999950408936,0.5401999950408936,148.0
2025-06-26 14:49:00,GROY,,2.2701001167297363,2.2750000953674316,2.2699999809265137,2.2750000953674316,2013.0
2025-06-26 14:49:00,GSAT,,23.309999465942383,23.31999969482422,23.290000915527344,23.290000915527344,5616.0
2025-06-26 14:49:00,HUSA,,12.910799980163574,12.910799980163574,12.910799980163574,12.910799980163574,1059.0
2025-06-26 14:49:00,IBO,,0.9485999941825867,0.9485999941825867,0.9485999941825867,0.9485999941825867,296.0
2025-06-26 14:49:00,IE,,9.515000343322754,9.515000343322754,9.510000228881836,9.510000228881836,2369.0
2025-06-26 14:49:00,INDO,,3.049799919128418,3.049799919128418,3.0350000858306885,3.0399999618530273,1841.0
2025-06-26 14:49:00,INFU,,6.480000019073486,6.480000019073486,6.480000019073486,6.480000019073486,261.0
2025-06-26 14:49:00,ITRG,,1.534999966621399,1.534999966621399,1.534999966621399,1.534999966621399,1000.0
2025-06-26 14:49:00,KULR,,5.150000095367432,5.150000095367432,5.144599914550781,5.150000095367432,860.0
2025-06-26 14:49:00,LCTX,,0.9944000244140625,0.9944000244140625,0.9930499792098999,0.9944000244140625,7354.0
2025-06-26 14:49:00,LEU,,174.4149932861328,174.4149932861328,174.10000610351562,174.10000610351562,596.0
2025-06-26 14:49:00,LMND,,42.2400016784668,42.2400016784668,42.19499969482422,42.19499969482422,1007.0
2025-06-26 14:49:00,LNG,,242.0050048828125,242.0050048828125,241.97000122070312,241.97000122070312,1532.0
2025-06-26 14:49:00,LODE,,3.720400094985962,3.720400094985962,3.720400094985962,3.720400094985962,204.0
2025-06-26 14:49:00,MAG,,21.3700008392334,21.3700008392334,21.364999771118164,21.364999771118164,405.0
2025-06-26 14:49:00,MTA,,3.9491000175476074,3.9491000175476074,3.944999933242798,3.944999933242798,3149.0
2025-06-26 14:49:00,MYO,,2.2300000190734863,2.2300000190734863,2.2300000190734863,2.2300000190734863,178.0
2025-06-26 14:49:00,NAK,,1.534999966621399,1.534999966621399,1.534999966621399,1.534999966621399,2924.0
2025-06-26 14:49:00,NBH,,9.795000076293945,9.795000076293945,9.795000076293945,9.795000076293945,100.0
2025-06-26 14:49:00,NCL,,0.18000000715255737,0.18000000715255737,0.18000000715255737,0.18000000715255737,2930.0
2025-06-26 14:49:00,NFGC,,1.4788999557495117,1.4788999557495117,1.4700000286102295,1.4700000286102295,4385.0
2025-06-26 14:49:00,NG,,4.119999885559082,4.119999885559082,4.109899997711182,4.110000133514404,19914.0
2025-06-26 14:49:00,NGD,,4.909999847412109,4.909999847412109,4.900000095367432,4.90500020980835,13490.0
2025-06-26 14:49:00,NHC,,107.41000366210938,107.41000366210938,107.23999786376953,107.25,1052.0
2025-06-26 14:49:00,NNVC,,1.2300000190734863,1.2300000190734863,1.2300000190734863,1.2300000190734863,132.0
2025-06-26 14:49:00,OPTT,,0.5139999985694885,0.5139999985694885,0.5139999985694885,0.5139999985694885,8210.0
2025-06-26 14:49:00,ORLA,,9.989999771118164,9.994999885559082,9.989999771118164,9.989999771118164,3912.0
2025-06-26 14:49:00,PED,,0.659250020980835,0.659250020980835,0.659250020980835,0.659250020980835,333.0
2025-06-26 14:49:00,PLG,,1.6549999713897705,1.6549999713897705,1.6549999713897705,1.6549999713897705,1906.0
2025-06-26 14:49:00,REI,,0.7757999897003174,0.7759000062942505,0.7757999897003174,0.7759000062942505,272.0
2025-06-26 14:49:00,SATX,,2.9600000381469727,2.9600000381469727,2.9600000381469727,2.9600000381469727,287.0
2025-06-26 14:49:00,SBEV,,3.9395999908447266,3.9395999908447266,3.8450000286102295,3.8450000286102295,4126.0
2025-06-26 14:49:00,SEB,,2976.860107421875,2976.860107421875,2976.860107421875,2976.860107421875,2.0
2025-06-26 14:49:00,SENS,,0.5,0.5,0.4999000132083893,0.4999000132083893,1070.0
2025-06-26 14:49:00,SKYH,,9.579899787902832,9.579899787902832,9.579899787902832,9.579899787902832,263.0
2025-06-26 14:49:00,SOAR,,1.3895000219345093,1.3895000219345093,1.3895000219345093,1.3895000219345093,204.0
2025-06-26 14:49:00,STRW,,10.699999809265137,10.699999809265137,10.699999809265137,10.699999809265137,1948.0
2025-06-26 14:49:00,SVM,,4.180099964141846,4.190000057220459,4.175000190734863,4.179999828338623,60712.0
2025-06-26 14:49:00,TGB,,3.125,3.125,3.125,3.125,310.0
2025-06-26 14:49:00,THM,,0.8657000064849854,0.8657000064849854,0.8657000064849854,0.8657000064849854,110.0
2025-06-26 14:49:00,TOON,,0.7734349966049194,0.7734349966049194,0.7734349966049194,0.7734349966049194,294.0
2025-06-26 14:49:00,TRX,,0.33730000257492065,0.33730000257492065,0.33730000257492065,0.33730000257492065,185.0
2025-06-26 14:49:00,UAMY,,2.5950000286102295,2.5999999046325684,2.5950000286102295,2.5950000286102295,1883.0
2025-06-26 14:49:00,UAVS,,1.1399999856948853,1.1399999856948853,1.1399999856948853,1.1399999856948853,400.0
2025-06-26 14:49:00,UEC,,6.923699855804443,6.929999828338623,6.920000076293945,6.925000190734863,25401.0
2025-06-26 14:49:00,URG,,1.034999966621399,1.0399999618530273,1.034999966621399,1.034999966621399,3023.0
2025-06-26 14:49:00,USAS,,0.8277999758720398,0.8277999758720398,0.8277999758720398,0.8277999758720398,2515.0
2025-06-26 14:49:00,UTG,,35.4900016784668,35.5,35.4900016784668,35.4900016784668,1746.0
2025-06-26 14:49:00,UUUU,,5.849999904632568,5.860000133514404,5.849999904632568,5.860000133514404,4234.0
2025-06-26 14:49:00,VTAK,,0.25,0.2500010132789612,0.25,0.2500010132789612,14331.0
2025-06-26 14:49:00,VZLA,,2.9749999046325684,2.9788999557495117,2.9749999046325684,2.9749999046325684,1501.0
2025-06-26 14:50:00,AREN,,5.885000228881836,5.885000228881836,5.885000228881836,5.885000228881836,7214.0
2025-06-26 14:50:00,ARMN,,6.800000190734863,6.804999828338623,6.800000190734863,6.804999828338623,324.0
2025-06-26 14:50:00,ASM,,3.516700029373169,3.5209999084472656,3.509999990463257,3.5209999084472656,69375.0
2025-06-26 14:50:00,ATNM,,1.565000057220459,1.565000057220459,1.565000057220459,1.565000057220459,110.0
2025-06-26 14:50:00,AZTR,,0.2597000002861023,0.2597000002861023,0.2597000002861023,0.2597000002861023,297.0
2025-06-26 14:50:00,BTG,,3.620500087738037,3.630000114440918,3.619999885559082,3.625,15839.0
2025-06-26 14:50:00,BURU,,0.33149999380111694,0.3336000144481659,0.33149999380111694,0.3336000144481659,406.0
2025-06-26 14:50:00,CATX,,3.7049999237060547,3.7149999141693115,3.7049999237060547,3.7149999141693115,1773.0
2025-06-26 14:50:00,CBOE,,226.4250030517578,226.4250030517578,226.4250030517578,226.4250030517578,211.0
2025-06-26 14:50:00,CEF,,30.420000076293945,30.420000076293945,30.415000915527344,30.415000915527344,7098.0
2025-06-26 14:50:00,CET,,47.599998474121094,47.599998474121094,47.599998474121094,47.599998474121094,137.0
2025-06-26 14:50:00,CLM,,7.940000057220459,7.945000171661377,7.940000057220459,7.945000171661377,3550.0
2025-06-26 14:50:00,CQP,,56.33000183105469,56.33000183105469,56.33000183105469,56.33000183105469,633.0
2025-06-26 14:50:00,CRF,,7.550000190734863,7.550000190734863,7.550000190734863,7.550000190734863,100.0
2025-06-26 14:50:00,CTM,,1.059999942779541,1.059999942779541,1.059999942779541,1.059999942779541,325.0
2025-06-26 14:50:00,CVU,,3.359999895095825,3.359999895095825,3.259999990463257,3.259999990463257,5168.0
2025-06-26 14:50:00,CYBN,,8.460000038146973,8.460000038146973,8.430000305175781,8.430000305175781,801.0
2025-06-26 14:50:00,DC,,3.805000066757202,3.805000066757202,3.805000066757202,3.805000066757202,143.0
2025-06-26 14:50:00,DNN,,1.8300000429153442,1.8300000429153442,1.8200000524520874,1.8300000429153442,105678.0
2025-06-26 14:50:00,ELMD,,21.260000228881836,21.260000228881836,21.260000228881836,21.260000228881836,220.0
2025-06-26 14:50:00,EQX,,5.90500020980835,5.909999847412109,5.900000095367432,5.900000095367432,22909.0
2025-06-26 14:50:00,EVM,,8.84000015258789,8.84000015258789,8.84000015258789,8.84000015258789,150.0
2025-06-26 14:50:00,GGN,,4.385000228881836,4.385000228881836,4.385000228881836,4.385000228881836,100.0
2025-06-26 14:50:00,GNS,,1.1591999530792236,1.159999966621399,1.1399999856948853,1.1449999809265137,130594.0
2025-06-26 14:50:00,GROY,,2.2699999809265137,2.2799999713897705,2.2699999809265137,2.2799999713897705,1027.0
2025-06-26 14:50:00,GSAT,,23.309999465942383,23.309999465942383,23.309999465942383,23.309999465942383,977.0
2025-06-26 14:50:00,HUSA,,12.904999732971191,12.989999771118164,12.8100004196167,12.8100004196167,2938.0
2025-06-26 14:50:00,IE,,9.515000343322754,9.515000343322754,9.515000343322754,9.515000343322754,827.0
2025-06-26 14:50:00,IGC,,0.3082999885082245,0.3099989891052246,0.3082999885082245,0.3099989891052246,334.0
2025-06-26 14:50:00,IMO,,81.36499786376953,81.36499786376953,81.36499786376953,81.36499786376953,800.0
2025-06-26 14:50:00,INDO,,3.0450000762939453,3.0450000762939453,3.04010009765625,3.0450000762939453,533.0
2025-06-26 14:50:00,INFU,,6.480000019073486,6.480000019073486,6.480000019073486,6.480000019073486,347.0
2025-06-26 14:50:00,KULR,,5.144999980926514,5.150000095367432,5.14300012588501,5.150000095367432,3381.0
2025-06-26 14:50:00,LCTX,,0.9943000078201294,0.9943000078201294,0.9941999912261963,0.9943000078201294,5043.0
2025-06-26 14:50:00,LEU,,174.38999938964844,174.6551971435547,174.38999938964844,174.6551971435547,812.0
2025-06-26 14:50:00,LMND,,42.224998474121094,42.224998474121094,42.170101165771484,42.170101165771484,792.0
2025-06-26 14:50:00,LNG,,241.97000122070312,241.97000122070312,241.9199981689453,241.92999267578125,4510.0
2025-06-26 14:50:00,MAG,,21.3700008392334,21.375,21.3700008392334,21.375,5054.0
2025-06-26 14:50:00,MGLD,,0.9300000071525574,0.9300000071525574,0.9300000071525574,0.9300000071525574,200.0
2025-06-26 14:50:00,MRT,,2.890000104904175,2.9123001098632812,2.890000104904175,2.9123001098632812,240.0
2025-06-26 14:50:00,MTA,,3.930000066757202,3.940000057220459,3.930000066757202,3.940000057220459,3233.0
2025-06-26 14:50:00,NAK,,1.5400999784469604,1.5449999570846558,1.53410005569458,1.534999966621399,39228.0
2025-06-26 14:50:00,NFGC,,1.475000023841858,1.475000023841858,1.475000023841858,1.475000023841858,100.0
2025-06-26 14:50:00,NG,,4.105000019073486,4.119999885559082,4.105000019073486,4.110099792480469,40414.0
2025-06-26 14:50:00,NGD,,4.909999847412109,4.909999847412109,4.900000095367432,4.90500020980835,7052.0
2025-06-26 14:50:00,OPTT,,0.5149999856948853,0.5149999856948853,0.5138999819755554,0.5139999985694885,4510.0
2025-06-26 14:50:00,ORLA,,9.979999542236328,9.979999542236328,9.979999542236328,9.979999542236328,1239.0
2025-06-26 14:50:00,OSTX,,1.8149000406265259,1.8149000406265259,1.8149000406265259,1.8149000406265259,100.0
2025-06-26 14:50:00,PLG,,1.6549999713897705,1.659999966621399,1.6549999713897705,1.659999966621399,10600.0
2025-06-26 14:50:00,PLX,,1.5049999952316284,1.5099999904632568,1.5,1.5099999904632568,503.0
2025-06-26 14:50:00,PZG,,0.6062999963760376,0.6062999963760376,0.6062999963760376,0.6062999963760376,1900.0
2025-06-26 14:50:00,REI,,0.7758499979972839,0.7758499979972839,0.7756999731063843,0.7758499979972839,2386.0
2025-06-26 14:50:00,SATX,,2.9600000381469727,2.9600000381469727,2.9600000381469727,2.9600000381469727,101.0
2025-06-26 14:50:00,SBEV,,3.900399923324585,3.940000057220459,3.9000000953674316,3.900099992752075,3457.0
2025-06-26 14:50:00,SEB,,2964.0,2964.0,2964.0,2964.0,1.0
2025-06-26 14:50:00,SENS,,0.5019999742507935,0.5019999742507935,0.49994999170303345,0.49994999170303345,21260.0
2025-06-26 14:50:00,SKYH,,9.569999694824219,9.569999694824219,9.569999694824219,9.569999694824219,166.0
2025-06-26 14:50:00,SLI,,1.9149999618530273,1.9149999618530273,1.9149999618530273,1.9149999618530273,1448.0
2025-06-26 14:50:00,SVM,,4.175000190734863,4.190000057220459,4.175000190734863,4.190000057220459,23610.0
2025-06-26 14:50:00,TGB,,3.125,3.125,3.1203999519348145,3.1203999519348145,2705.0
2025-06-26 14:50:00,THM,,0.8700000047683716,0.8700000047683716,0.8652999997138977,0.8657000064849854,3300.0
2025-06-26 14:50:00,UAMY,,2.5980000495910645,2.5999999046325684,2.5950000286102295,2.5950000286102295,1902.0
2025-06-26 14:50:00,UEC,,6.914999961853027,6.920000076293945,6.909999847412109,6.920000076293945,26907.0
2025-06-26 14:50:00,URG,,1.0399999618530273,1.0399999618530273,1.034999966621399,1.0399999618530273,1973.0
2025-06-26 14:50:00,USAS,,0.8277999758720398,0.8277999758720398,0.8277999758720398,0.8277999758720398,868.0
2025-06-26 14:50:00,UUUU,,5.855000019073486,5.860000133514404,5.853000164031982,5.853000164031982,6618.0
2025-06-26 14:50:00,VTAK,,0.25,0.25,0.25,0.25,120.0
2025-06-26 14:50:00,VZLA,,2.9746999740600586,2.9800000190734863,2.9746999740600586,2.9749999046325684,1732.0
2025-06-26 14:50:00,WRN,,1.2450000047683716,1.25,1.2350000143051147,1.2400000095367432,8154.0
2025-06-26 14:50:00,WWR,,0.6049000024795532,0.6049000024795532,0.6049000024795532,0.6049000024795532,265.0
2025-06-26 14:51:00,AIRI,,3.369999885559082,3.3949999809265137,3.369999885559082,3.3949999809265137,1234.0
2025-06-26 14:51:00,AREN,,5.934999942779541,6.0,5.885000228881836,5.885000228881836,4697.0
2025-06-26 14:51:00,ASM,,3.5188000202178955,3.5188000202178955,3.515000104904175,3.515000104904175,1505.0
2025-06-26 14:51:00,ATNM,,1.565000057220459,1.565000057220459,1.565000057220459,1.565000057220459,473.0
2025-06-26 14:51:00,AUST,,1.3200000524520874,1.3301000595092773,1.3200000524520874,1.3300000429153442,1501.0
2025-06-26 14:51:00,BKTI,,54.7953987121582,54.7953987121582,54.7953987121582,54.7953987121582,269.0
2025-06-26 14:51:00,BQ,,2.009999990463257,2.009999990463257,2.009999990463257,2.009999990463257,340.0
2025-06-26 14:51:00,BTG,,3.6298999786376953,3.6298999786376953,3.619999885559082,3.619999885559082,121888.0
2025-06-26 14:51:00,CBOE,,226.8800048828125,226.8800048828125,226.4250030517578,226.4250030517578,4064.0
2025-06-26 14:51:00,CEF,,30.424999237060547,30.424999237060547,30.415000915527344,30.415000915527344,3688.0
2025-06-26 14:51:00,CLM,,7.940000057220459,7.940000057220459,7.940000057220459,7.940000057220459,1155.0
2025-06-26 14:51:00,CQP,,56.290000915527344,56.290000915527344,56.25,56.2599983215332,1757.0
2025-06-26 14:51:00,CRF,,7.550000190734863,7.550000190734863,7.550000190734863,7.550000190734863,152.0
2025-06-26 14:51:00,CVU,,3.4549999237060547,3.4549999237060547,3.390000104904175,3.3980000019073486,1428.0
2025-06-26 14:51:00,CYBN,,8.460000038146973,8.460000038146973,8.460000038146973,8.460000038146973,288.0
2025-06-26 14:51:00,DC,,3.805000066757202,3.8099000453948975,3.805000066757202,3.805000066757202,613.0
2025-06-26 14:51:00,DNN,,1.8300000429153442,1.8300000429153442,1.8245999813079834,1.8300000429153442,75820.0
2025-06-26 14:51:00,EMX,,2.553499937057495,2.553499937057495,2.553499937057495,2.553499937057495,147.0
2025-06-26 14:51:00,EQX,,5.90500020980835,5.909999847412109,5.900000095367432,5.90500020980835,10583.0
2025-06-26 14:51:00,FOXO,,0.20309999585151672,0.20309999585151672,0.20309999585151672,0.20309999585151672,501.0
2025-06-26 14:51:00,FSP,,1.684999942779541,1.684999942779541,1.684999942779541,1.684999942779541,100.0
2025-06-26 14:51:00,GENC,,14.375,14.375,14.375,14.375,403.0
2025-06-26 14:51:00,GNS,,1.1449999809265137,1.1649999618530273,1.1399999856948853,1.1549999713897705,111465.0
2025-06-26 14:51:00,GROY,,2.2750000953674316,2.2750000953674316,2.2750000953674316,2.2750000953674316,314.0
2025-06-26 14:51:00,IBO,,0.9480999708175659,0.9480999708175659,0.9480999708175659,0.9480999708175659,105.0
2025-06-26 14:51:00,IDR,,13.119999885559082,13.119999885559082,13.114299774169922,13.114299774169922,1074.0
2025-06-26 14:51:00,IGC,,0.3066999912261963,0.30889999866485596,0.3066999912261963,0.30889999866485596,1092.0
2025-06-26 14:51:00,INDO,,3.047499895095825,3.047499895095825,3.047499895095825,3.047499895095825,116.0
2025-06-26 14:51:00,INFU,,6.480000019073486,6.487599849700928,6.480000019073486,6.487599849700928,507.0
2025-06-26 14:51:00,ITRG,,1.534999966621399,1.534999966621399,1.534999966621399,1.534999966621399,413.0
2025-06-26 14:51:00,KNW,,1.9550000429153442,1.9550000429153442,1.9550000429153442,1.9550000429153442,133.0
2025-06-26 14:51:00,KULR,,5.144999980926514,5.150000095367432,5.144999980926514,5.144999980926514,1410.0
2025-06-26 14:51:00,LCTX,,0.9911999702453613,0.9941999912261963,0.9911999702453613,0.9941999912261963,2301.0
2025-06-26 14:51:00,LEU,,174.38999938964844,174.38999938964844,174.38999938964844,174.38999938964844,422.0
2025-06-26 14:51:00,LMND,,42.310001373291016,42.310001373291016,42.25,42.25,2464.0
2025-06-26 14:51:00,LNG,,242.1199951171875,242.1199951171875,242.0399932861328,242.0500030517578,1411.0
2025-06-26 14:51:00,MAG,,21.364999771118164,21.364999771118164,21.364999771118164,21.364999771118164,524.0
2025-06-26 14:51:00,MAIA,,1.7096999883651733,1.7096999883651733,1.7096999883651733,1.7096999883651733,1004.0
2025-06-26 14:51:00,MGLD,,0.9300000071525574,0.9300000071525574,0.9300000071525574,0.9300000071525574,264.0
2025-06-26 14:51:00,MTA,,3.934999942779541,3.940000057220459,3.934999942779541,3.940000057220459,601.0
2025-06-26 14:51:00,MTNB,,0.9300000071525574,0.9300000071525574,0.9300000071525574,0.9300000071525574,246.0
2025-06-26 14:51:00,MYO,,2.2249999046325684,2.2249999046325684,2.2249999046325684,2.2249999046325684,358.0
2025-06-26 14:51:00,NAK,,1.5449999570846558,1.5467000007629395,1.542984962463379,1.542984962463379,9708.0
2025-06-26 14:51:00,NCL,,0.18070000410079956,0.18070000410079956,0.18070000410079956,0.18070000410079956,1063.0
2025-06-26 14:51:00,NFGC,,1.475000023841858,1.475000023841858,1.475000023841858,1.475000023841858,263.0
2025-06-26 14:51:00,NG,,4.109000205993652,4.109000205993652,4.109000205993652,4.109000205993652,2104.0
2025-06-26 14:51:00,NGD,,4.90500020980835,4.909999847412109,4.900000095367432,4.909999847412109,18434.0
2025-06-26 14:51:00,NHC,,107.51000213623047,107.51000213623047,107.51000213623047,107.51000213623047,640.0
2025-06-26 14:51:00,OPTT,,0.51419997215271,0.5142999887466431,0.5139999985694885,0.5139999985694885,2180.0
2025-06-26 14:51:00,OSTX,,1.8250000476837158,1.8250000476837158,1.8250000476837158,1.8250000476837158,378.0
2025-06-26 14:51:00,PLG,,1.659999966621399,1.659999966621399,1.659999966621399,1.659999966621399,439.0
2025-06-26 14:51:00,PLMR,,152.6999969482422,152.6999969482422,152.6999969482422,152.6999969482422,911.0
2025-06-26 14:51:00,PLX,,1.5099999904632568,1.5099999904632568,1.5099999904632568,1.5099999904632568,421.0
2025-06-26 14:51:00,REI,,0.7756999731063843,0.7757999897003174,0.7756999731063843,0.7757999897003174,3209.0
2025-06-26 14:51:00,SATX,,2.9600000381469727,2.9600000381469727,2.9600000381469727,2.9600000381469727,300.0
2025-06-26 14:51:00,SBEV,,3.900099992752075,3.900099992752075,3.900099992752075,3.900099992752075,410.0
2025-06-26 14:51:00,SENS,,0.5,0.5034999847412109,0.5,0.5034000277519226,32552.0
2025-06-26 14:51:00,SGN,,1.1299999952316284,1.1299999952316284,1.1299999952316284,1.1299999952316284,1011.0
2025-06-26 14:51:00,SLI,,1.9149999618530273,1.9149999618530273,1.9149999618530273,1.9149999618530273,4193.0
2025-06-26 14:51:00,STXS,,2.194999933242798,2.194999933242798,2.194999933242798,2.194999933242798,147.0
2025-06-26 14:51:00,SVM,,4.179999828338623,4.179999828338623,4.179599761962891,4.179599761962891,220.0
2025-06-26 14:51:00,TGB,,3.125,3.125,3.125,3.125,1375.0
2025-06-26 14:51:00,THM,,0.8700000047683716,0.8700000047683716,0.8700000047683716,0.8700000047683716,300.0
2025-06-26 14:51:00,UAMY,,2.6050000190734863,2.609999895095825,2.5999999046325684,2.5999999046325684,10269.0
2025-06-26 14:51:00,UAVS,,1.1367000341415405,1.1399999856948853,1.1367000341415405,1.1399999856948853,1305.0
2025-06-26 14:51:00,UEC,,6.914999961853027,6.916254043579102,6.909999847412109,6.916254043579102,2019.0
2025-06-26 14:51:00,URG,,1.034999966621399,1.0399999618530273,1.0313999652862549,1.034999966621399,3367.0
2025-06-26 14:51:00,USAS,,0.8248999714851379,0.8294000029563904,0.8248999714851379,0.8248999714851379,19937.0
2025-06-26 14:51:00,UTG,,35.499900817871094,35.5,35.499900817871094,35.5,2562.0
2025-06-26 14:51:00,UUUU,,5.853499889373779,5.860000133514404,5.853499889373779,5.860000133514404,1867.0
2025-06-26 14:51:00,VGZ,,1.024999976158142,1.024999976158142,1.024999976158142,1.024999976158142,211.0
2025-06-26 14:51:00,VNRX,,0.8700000047683716,0.8700000047683716,0.8629999756813049,0.8629999756813049,1300.0
2025-06-26 14:51:00,VZLA,,2.9749999046325684,2.9749999046325684,2.9749999046325684,2.9749999046325684,300.0
2025-06-26 14:51:00,WWR,,0.6051999926567078,0.6051999926567078,0.6051999926567078,0.6051999926567078,218.0
2025-06-26 14:52:00,ARMN,,6.800000190734863,6.804999828338623,6.800000190734863,6.804999828338623,1014.0
2025-06-26 14:52:00,ASM,,3.5199999809265137,3.5199999809265137,3.509999990463257,3.5199999809265137,19731.0
2025-06-26 14:52:00,ATNM,,1.565000057220459,1.565000057220459,1.565000057220459,1.565000057220459,110.0
2025-06-26 14:52:00,BTG,,3.619999885559082,3.625,3.619999885559082,3.619999885559082,13332.0
2025-06-26 14:52:00,BURU,,0.33149999380111694,0.33149999380111694,0.33149999380111694,0.33149999380111694,980.0
2025-06-26 14:52:00,CEF,,30.424999237060547,30.424999237060547,30.42009925842285,30.42009925842285,797.0
2025-06-26 14:52:00,CET,,47.525001525878906,47.65999984741211,47.525001525878906,47.65999984741211,464.0
2025-06-26 14:52:00,CLM,,7.949900150299072,7.949900150299072,7.940000057220459,7.940000057220459,518.0
2025-06-26 14:52:00,CMCL,,19.104999542236328,19.139999389648438,19.104999542236328,19.139999389648438,749.0
2025-06-26 14:52:00,CQP,,56.310001373291016,56.310001373291016,56.310001373291016,56.310001373291016,210.0
2025-06-26 14:52:00,CTGO,,20.649999618530273,20.649999618530273,20.649999618530273,20.649999618530273,963.0
2025-06-26 14:52:00,CTM,,1.0549999475479126,1.0549999475479126,1.0549999475479126,1.0549999475479126,4143.0
2025-06-26 14:52:00,CVU,,3.450000047683716,3.450000047683716,3.450000047683716,3.450000047683716,791.0
2025-06-26 14:52:00,DC,,3.799999952316284,3.805000066757202,3.799999952316284,3.805000066757202,203.0
2025-06-26 14:52:00,DNN,,1.840000033378601,1.840000033378601,1.8250000476837158,1.8300000429153442,847432.0
2025-06-26 14:52:00,EMX,,2.559999942779541,2.559999942779541,2.559999942779541,2.559999942779541,5000.0
2025-06-26 14:52:00,EQX,,5.900000095367432,5.909999847412109,5.900000095367432,5.90500020980835,7482.0
2025-06-26 14:52:00,EVV,,10.15999984741211,10.15999984741211,10.15999984741211,10.15999984741211,100.0
2025-06-26 14:52:00,FSP,,1.684999942779541,1.684999942779541,1.684999942779541,1.684999942779541,100.0
2025-06-26 14:52:00,FTF,,6.385000228881836,6.385000228881836,6.385000228881836,6.385000228881836,227.0
2025-06-26 14:52:00,GENC,,14.26159954071045,14.26159954071045,14.26159954071045,14.26159954071045,103.0
2025-06-26 14:52:00,GNS,,1.1349999904632568,1.149999976158142,1.1301000118255615,1.149999976158142,80117.0
2025-06-26 14:52:00,GROY,,2.2750000953674316,2.2750000953674316,2.2699999809265137,2.2750000953674316,401.0
2025-06-26 14:52:00,IBO,,0.9714000225067139,0.9714000225067139,0.9485999941825867,0.9485999941825867,373.0
2025-06-26 14:52:00,IE,,9.5,9.510000228881836,9.5,9.510000228881836,1746.0
2025-06-26 14:52:00,INDO,,3.0487000942230225,3.049999952316284,3.0450000762939453,3.049999952316284,2586.0
2025-06-26 14:52:00,ITRG,,1.5299999713897705,1.5299999713897705,1.5299999713897705,1.5299999713897705,31353.0
2025-06-26 14:52:00,KNW,,1.9500000476837158,1.9500000476837158,1.9500000476837158,1.9500000476837158,254.0
2025-06-26 14:52:00,KULR,,5.150000095367432,5.150000095367432,5.142499923706055,5.150000095367432,3002.0
2025-06-26 14:52:00,LCTX,,0.990664005279541,0.9908999800682068,0.9905999898910522,0.9908999800682068,3721.0
2025-06-26 14:52:00,LEU,,174.97000122070312,174.97000122070312,174.38999938964844,174.38999938964844,2120.0
2025-06-26 14:52:00,LMND,,42.34000015258789,42.349998474121094,42.310001373291016,42.349998474121094,2311.0
2025-06-26 14:52:00,LNG,,241.9600067138672,242.05499267578125,241.9600067138672,242.05499267578125,1502.0
2025-06-26 14:52:00,MAG,,21.360000610351562,21.364999771118164,21.354999542236328,21.364999771118164,9481.0
2025-06-26 14:52:00,MAIA,,1.7100000381469727,1.7100000381469727,1.7100000381469727,1.7100000381469727,112.0
2025-06-26 14:52:00,MHH,,7.050000190734863,7.050000190734863,7.050000190734863,7.050000190734863,170.0
2025-06-26 14:52:00,MRT,,2.860100030899048,2.860100030899048,2.860100030899048,2.860100030899048,1589.0
2025-06-26 14:52:00,MYO,,2.2249999046325684,2.2249999046325684,2.2249999046325684,2.2249999046325684,320.0
2025-06-26 14:52:00,NAK,,1.5499999523162842,1.5499999523162842,1.5449999570846558,1.5449999570846558,1831.0
2025-06-26 14:52:00,NBH,,9.795000076293945,9.800000190734863,9.795000076293945,9.800000190734863,5065.0
2025-06-26 14:52:00,NCL,,0.18070000410079956,0.18070000410079956,0.18070000410079956,0.18070000410079956,100.0
2025-06-26 14:52:00,NFGC,,1.475000023841858,1.475000023841858,1.475000023841858,1.475000023841858,100.0
2025-06-26 14:52:00,NG,,4.105299949645996,4.105299949645996,4.099999904632568,4.105000019073486,23775.0
2025-06-26 14:52:00,NGD,,4.909999847412109,4.909999847412109,4.90500020980835,4.909999847412109,3635.0
2025-06-26 14:52:00,OBE,,5.494999885559082,5.494999885559082,5.494999885559082,5.494999885559082,101.0
2025-06-26 14:52:00,OGEN,,3.4600000381469727,3.4600000381469727,3.4600000381469727,3.4600000381469727,649.0
2025-06-26 14:52:00,ORLA,,9.979999542236328,9.979999542236328,9.979999542236328,9.979999542236328,2809.0
2025-06-26 14:52:00,PLG,,1.6549999713897705,1.659999966621399,1.6549999713897705,1.6549999713897705,2000.0
2025-06-26 14:52:00,REI,,0.7756999731063843,0.7757999897003174,0.7756999731063843,0.7757999897003174,608.0
2025-06-26 14:52:00,SBEV,,3.950000047683716,3.950000047683716,3.9200000762939453,3.9200000762939453,1265.0
2025-06-26 14:52:00,SEB,,2964.929931640625,2964.929931640625,2964.929931640625,2964.929931640625,1.0
2025-06-26 14:52:00,SENS,,0.5,0.5,0.4999000132083893,0.4999000132083893,2792.0
2025-06-26 14:52:00,SKYH,,9.569999694824219,9.569999694824219,9.5600004196167,9.5600004196167,487.0
2025-06-26 14:52:00,SLI,,1.9148999452590942,1.9149999618530273,1.9148999452590942,1.9149999618530273,598.0
2025-06-26 14:52:00,SOAR,,1.3799999952316284,1.389799952507019,1.3799999952316284,1.3849999904632568,300.0
2025-06-26 14:52:00,STRW,,10.649999618530273,10.649999618530273,10.649999618530273,10.649999618530273,289.0
2025-06-26 14:52:00,SVM,,4.179999828338623,4.179999828338623,4.175000190734863,4.179999828338623,898.0
2025-06-26 14:52:00,TGB,,3.125,3.125,3.125,3.125,1625.0
2025-06-26 14:52:00,TMQ,,1.4800000190734863,1.4850000143051147,1.4800000190734863,1.4850000143051147,2805.0
2025-06-26 14:52:00,TOON,,0.7752990126609802,0.7752990126609802,0.7752990126609802,0.7752990126609802,140.0
2025-06-26 14:52:00,UAMY,,2.6050000190734863,2.609999895095825,2.6050000190734863,2.6050000190734863,664.0
2025-06-26 14:52:00,UAVS,,1.1399999856948853,1.1399999856948853,1.1399999856948853,1.1399999856948853,400.0
2025-06-26 14:52:00,UEC,,6.918499946594238,6.925000190734863,6.910200119018555,6.918499946594238,10587844.0
2025-06-26 14:52:00,URG,,1.0399999618530273,1.0399999618530273,1.034999966621399,1.034999966621399,15189.0
2025-06-26 14:52:00,USAS,,0.8203999996185303,0.8203999996185303,0.8203999996185303,0.8203999996185303,7012.0
2025-06-26 14:52:00,UUUU,,5.855000019073486,5.864999771118164,5.850100040435791,5.850100040435791,21343.0
2025-06-26 14:52:00,VNRX,,0.8679999709129333,0.8812000155448914,0.8679999709129333,0.8679999709129333,4953.0
2025-06-26 14:52:00,VTAK,,0.25085100531578064,0.25085100531578064,0.25,0.25,11799.0
2025-06-26 14:52:00,VZLA,,2.9749999046325684,2.9800000190734863,2.9749999046325684,2.9749999046325684,598.0
2025-06-26 14:53:00,AREN,,5.934999942779541,5.934999942779541,5.934999942779541,5.934999942779541,200.0
2025-06-26 14:53:00,ARMN,,6.804999828338623,6.804999828338623,6.800000190734863,6.800000190734863,529.0
2025-06-26 14:53:00,ASM,,3.515000104904175,3.5299999713897705,3.5100998878479004,3.5199999809265137,51579.0
2025-06-26 14:53:00,ATNM,,1.5700000524520874,1.5700000524520874,1.565000057220459,1.565000057220459,2538.0
2025-06-26 14:53:00,AUST,,1.3233000040054321,1.3233000040054321,1.3233000040054321,1.3233000040054321,3260.0
2025-06-26 14:53:00,BEEP,,4.244999885559082,4.244999885559082,4.244999885559082,4.244999885559082,199.0
2025-06-26 14:53:00,BHB,,29.75,29.75,29.75,29.75,169.0
2025-06-26 14:53:00,BKTI,,54.9900016784668,54.9900016784668,54.9900016784668,54.9900016784668,110.0
2025-06-26 14:53:00,BRBS,,3.315000057220459,3.315000057220459,3.305000066757202,3.309999942779541,3652.0
2025-06-26 14:53:00,BTG,,3.625,3.625,3.619999885559082,3.619999885559082,4188.0
2025-06-26 14:53:00,BURU,,0.33149999380111694,0.3359000086784363,0.33149999380111694,0.3359000086784363,1870.0
2025-06-26 14:53:00,CATX,,3.7049999237060547,3.7049999237060547,3.7049999237060547,3.7049999237060547,278.0
2025-06-26 14:53:00,CLM,,7.945000171661377,7.945000171661377,7.940000057220459,7.940000057220459,2255.0
2025-06-26 14:53:00,CMCL,,19.114999771118164,19.114999771118164,19.114999771118164,19.114999771118164,121.0
2025-06-26 14:53:00,CQP,,56.310001373291016,56.310001373291016,56.310001373291016,56.310001373291016,739.0
2025-06-26 14:53:00,CRF,,7.554999828338623,7.5578999519348145,7.550000190734863,7.5578999519348145,2528.0
2025-06-26 14:53:00,CTM,,1.0549999475479126,1.0549999475479126,1.0549999475479126,1.0549999475479126,100.0
2025-06-26 14:53:00,CVU,,3.440000057220459,3.440000057220459,3.440000057220459,3.440000057220459,100.0
2025-06-26 14:53:00,DC,,3.799999952316284,3.809999942779541,3.799999952316284,3.805000066757202,414.0
2025-06-26 14:53:00,DNN,,1.840000033378601,1.840000033378601,1.8300000429153442,1.8350000381469727,129859.0
2025-06-26 14:53:00,EMX,,2.569999933242798,2.569999933242798,2.555000066757202,2.555000066757202,14922.0
2025-06-26 14:53:00,EQX,,5.90500020980835,5.90500020980835,5.900000095367432,5.90500020980835,5378.0
2025-06-26 14:53:00,ERC,,9.390000343322754,9.390000343322754,9.390000343322754,9.390000343322754,1000.0
2025-06-26 14:53:00,FOXO,,0.20160000026226044,0.20280000567436218,0.20160000026226044,0.20280000567436218,1352.0
2025-06-26 14:53:00,FSP,,1.684999942779541,1.690000057220459,1.684999942779541,1.684999942779541,600.0
2025-06-26 14:53:00,GGN,,4.389900207519531,4.389999866485596,4.389900207519531,4.389999866485596,200.0
2025-06-26 14:53:00,GNS,,1.1299999952316284,1.1399999856948853,1.1299999952316284,1.1349999904632568,37276.0
2025-06-26 14:53:00,GORO,,0.5408999919891357,0.5408999919891357,0.5408999919891357,0.5408999919891357,161.0
2025-06-26 14:53:00,GROY,,2.2699999809265137,2.2799999713897705,2.2699999809265137,2.2750000953674316,1077.0
2025-06-26 14:53:00,IBO,,0.9693019986152649,0.9693019986152649,0.9693019986152649,0.9693019986152649,1043.0
2025-06-26 14:53:00,IE,,9.510000228881836,9.520000457763672,9.5,9.5,3078.0
2025-06-26 14:53:00,IMO,,81.37999725341797,81.37999725341797,81.37999725341797,81.37999725341797,1091.0
2025-06-26 14:53:00,INDO,,3.065000057220459,3.065000057220459,3.049999952316284,3.049999952316284,1108.0
2025-06-26 14:53:00,INFU,,6.474999904632568,6.489999771118164,6.474999904632568,6.489999771118164,846.0
2025-06-26 14:53:00,KULR,,5.150000095367432,5.150000095367432,5.144999980926514,5.144999980926514,2965.0
2025-06-26 14:53:00,LCTX,,0.9929999709129333,0.9929999709129333,0.9905999898910522,0.9905999898910522,4443.0
2025-06-26 14:53:00,LEU,,174.97999572753906,174.97999572753906,174.42999267578125,174.97000122070312,1429.0
2025-06-26 14:53:00,LGL,,7.210000038146973,7.210000038146973,7.210000038146973,7.210000038146973,585.0
2025-06-26 14:53:00,LMND,,42.43000030517578,42.43000030517578,42.369998931884766,42.369998931884766,1945.0
2025-06-26 14:53:00,LNG,,241.64999389648438,241.8800048828125,241.64999389648438,241.8800048828125,5284.0
2025-06-26 14:53:00,LODE,,3.740000009536743,3.740000009536743,3.740000009536743,3.740000009536743,195.0
2025-06-26 14:53:00,LPTV,,0.014499999582767487,0.014499999582767487,0.014499999582767487,0.014499999582767487,0.0
2025-06-26 14:53:00,MAG,,21.364999771118164,21.364999771118164,21.36479949951172,21.364999771118164,1025.0
2025-06-26 14:53:00,MTA,,3.934999942779541,3.936000108718872,3.934999942779541,3.934999942779541,4585.0
2025-06-26 14:53:00,MYO,,2.2249999046325684,2.2249999046325684,2.2249999046325684,2.2249999046325684,470.0
2025-06-26 14:53:00,NAK,,1.5463999509811401,1.5499999523162842,1.5449999570846558,1.5449999570846558,23732.0
2025-06-26 14:53:00,NBH,,9.800000190734863,9.800000190734863,9.800000190734863,9.800000190734863,5154.0
2025-06-26 14:53:00,NCL,,0.18060000240802765,0.18060000240802765,0.18060000240802765,0.18060000240802765,1970.0
2025-06-26 14:53:00,NG,,4.105000019073486,4.105000019073486,4.105000019073486,4.105000019073486,1723.0
2025-06-26 14:53:00,NGD,,4.909999847412109,4.909999847412109,4.90500020980835,4.90500020980835,4006.0
2025-06-26 14:53:00,NNVC,,1.2202999591827393,1.2202999591827393,1.2202999591827393,1.2202999591827393,2000.0
2025-06-26 14:53:00,OPTT,,0.517300009727478,0.5192999839782715,0.5149000287055969,0.5149999856948853,2441.0
2025-06-26 14:53:00,ORLA,,9.979999542236328,9.979999542236328,9.979999542236328,9.979999542236328,615.0
2025-06-26 14:53:00,PHGE,,0.46000000834465027,0.460099995136261,0.46000000834465027,0.460099995136261,2336.0
2025-06-26 14:53:00,PLG,,1.6598999500274658,1.6598999500274658,1.6549999713897705,1.6549999713897705,1575.0
2025-06-26 14:53:00,PLMR,,152.73350524902344,152.73350524902344,152.73350524902344,152.73350524902344,907.0
2025-06-26 14:53:00,PLX,,1.5098999738693237,1.5099999904632568,1.5049999952316284,1.5099999904632568,748.0
2025-06-26 14:53:00,REI,,0.7756999731063843,0.7759000062942505,0.7756999731063843,0.7756999731063843,1670.0
2025-06-26 14:53:00,SATX,,2.9600000381469727,2.9600000381469727,2.9600000381469727,2.9600000381469727,2883.0
2025-06-26 14:53:00,SEB,,2957.139892578125,2957.139892578125,2957.139892578125,2957.139892578125,1.0
2025-06-26 14:53:00,SENS,,0.5,0.5,0.5,0.5,227.0
2025-06-26 14:53:00,SLI,,1.9149999618530273,1.9149999618530273,1.9106999635696411,1.9106999635696411,1304.0
2025-06-26 14:53:00,SVM,,4.179999828338623,4.179999828338623,4.175000190734863,4.175000190734863,252.0
2025-06-26 14:53:00,SVT,,46.90959930419922,46.90959930419922,46.90959930419922,46.90959930419922,743.0
2025-06-26 14:53:00,TGB,,3.125,3.125,3.1215999126434326,3.125,1544.0
2025-06-26 14:53:00,TMQ,,1.4800000190734863,1.4800000190734863,1.4800000190734863,1.4800000190734863,7029.0
2025-06-26 14:53:00,TOON,,0.7753000259399414,0.7795000076293945,0.7753000259399414,0.7795000076293945,442.0
2025-06-26 14:53:00,UAMY,,2.609999895095825,2.609999895095825,2.609999895095825,2.609999895095825,554.0
2025-06-26 14:53:00,UAVS,,1.1399999856948853,1.1399999856948853,1.1399999856948853,1.1399999856948853,453.0
2025-06-26 14:53:00,UEC,,6.916299819946289,6.920000076293945,6.910799980163574,6.914999961853027,26395.0
2025-06-26 14:53:00,URG,,1.0399999618530273,1.0399999618530273,1.0299999713897705,1.034999966621399,4285.0
2025-06-26 14:53:00,UTG,,35.54999923706055,35.54999923706055,35.54999923706055,35.54999923706055,135.0
2025-06-26 14:53:00,UUUU,,5.855000019073486,5.855000019073486,5.855000019073486,5.855000019073486,1901.0
2025-06-26 14:53:00,VNRX,,0.8700000047683716,0.8700000047683716,0.8700000047683716,0.8700000047683716,1100.0
2025-06-26 14:53:00,VZLA,,2.9749999046325684,2.9749999046325684,2.9749999046325684,2.9749999046325684,207.0
2025-06-26 14:53:00,WWR,,0.6050000190734863,0.6050000190734863,0.6050000190734863,0.6050000190734863,666.0
2025-06-26 14:54:00,AREN,,6.0,6.0,6.0,6.0,102.0
2025-06-26 14:54:00,ARMN,,6.800000190734863,6.804999828338623,6.800000190734863,6.804999828338623,447.0
2025-06-26 14:54:00,ASM,,3.5139000415802,3.515000104904175,3.5139000415802,3.515000104904175,4985.0
2025-06-26 14:54:00,ATNM,,1.5750000476837158,1.5750000476837158,1.565000057220459,1.565000057220459,2845.0
2025-06-26 14:54:00,BATL,,1.4700000286102295,1.4700000286102295,1.4700000286102295,1.4700000286102295,1063.0
2025-06-26 14:54:00,BKTI,,54.80500030517578,54.80500030517578,54.80500030517578,54.80500030517578,951.0
2025-06-26 14:54:00,BRBS,,3.315000057220459,3.315000057220459,3.315000057220459,3.315000057220459,1524.0
2025-06-26 14:54:00,BRN,,1.2400000095367432,1.2400000095367432,1.2400000095367432,1.2400000095367432,100.0
2025-06-26 14:54:00,BTG,,3.630000114440918,3.630000114440918,3.619999885559082,3.619999885559082,2383.0
2025-06-26 14:54:00,BURU,,0.3337000012397766,0.3337000012397766,0.3337000012397766,0.3337000012397766,250.0
2025-06-26 14:54:00,CATX,,3.7049999237060547,3.7049999237060547,3.7049999237060547,3.7049999237060547,215.0
2025-06-26 14:54:00,CBOE,,226.9199981689453,226.92999267578125,226.9199981689453,226.92999267578125,1368.0
2025-06-26 14:54:00,CEF,,30.426700592041016,30.426700592041016,30.426700592041016,30.426700592041016,296.0
2025-06-26 14:54:00,CLM,,7.940000057220459,7.940000057220459,7.940000057220459,7.940000057220459,782.0
2025-06-26 14:54:00,CQP,,56.28499984741211,56.28499984741211,56.28499984741211,56.28499984741211,100.0
2025-06-26 14:54:00,CRF,,7.554999828338623,7.554999828338623,7.554999828338623,7.554999828338623,112.0
2025-06-26 14:54:00,CTM,,1.0549999475479126,1.059999942779541,1.0549999475479126,1.059999942779541,400.0
2025-06-26 14:54:00,CVU,,3.440000057220459,3.440000057220459,3.440000057220459,3.440000057220459,100.0
2025-06-26 14:54:00,DC,,3.799999952316284,3.799999952316284,3.799999952316284,3.799999952316284,233.0
2025-06-26 14:54:00,DNN,,1.8350000381469727,1.840000033378601,1.8301000595092773,1.840000033378601,19986.0
2025-06-26 14:54:00,ELMD,,21.270000457763672,21.270000457763672,21.270000457763672,21.270000457763672,109.0
2025-06-26 14:54:00,EMX,,2.565000057220459,2.565000057220459,2.565000057220459,2.565000057220459,191.0
2025-06-26 14:54:00,EPM,,4.760000228881836,4.760000228881836,4.760000228881836,4.760000228881836,659.0
2025-06-26 14:54:00,EQX,,5.885000228881836,5.90500020980835,5.880099773406982,5.900000095367432,311729.0
2025-06-26 14:54:00,ERC,,9.414999961853027,9.414999961853027,9.399999618530273,9.399999618530273,6925.0
2025-06-26 14:54:00,FOXO,,0.2037000060081482,0.2037000060081482,0.20160000026226044,0.20160000026226044,8378.0
2025-06-26 14:54:00,FSP,,1.684999942779541,1.690000057220459,1.684999942779541,1.690000057220459,236.0
2025-06-26 14:54:00,FTF,,6.385000228881836,6.385000228881836,6.385000228881836,6.385000228881836,228.0
2025-06-26 14:54:00,GENC,,14.399999618530273,14.399999618530273,14.399999618530273,14.399999618530273,240.0
2025-06-26 14:54:00,GGN,,4.385000228881836,4.386000156402588,4.385000228881836,4.385000228881836,3830.0
2025-06-26 14:54:00,GNS,,1.138800024986267,1.1399999856948853,1.1299999952316284,1.1319999694824219,20600.0
2025-06-26 14:54:00,GROY,,2.2750000953674316,2.2750000953674316,2.2750000953674316,2.2750000953674316,448.0
2025-06-26 14:54:00,GSAT,,23.31999969482422,23.31999969482422,23.31999969482422,23.31999969482422,359.0
2025-06-26 14:54:00,HUSA,,12.899999618530273,12.899999618530273,12.899999618530273,12.899999618530273,104.0
2025-06-26 14:54:00,IBO,,0.9570000171661377,0.9570000171661377,0.9570000171661377,0.9570000171661377,1107.0
2025-06-26 14:54:00,IE,,9.520000457763672,9.520000457763672,9.510000228881836,9.510000228881836,368.0
2025-06-26 14:54:00,IMO,,81.33000183105469,81.37999725341797,81.33000183105469,81.37000274658203,1746.0
2025-06-26 14:54:00,INDO,,3.0399999618530273,3.059999942779541,3.0399999618530273,3.059999942779541,2871.0
2025-06-26 14:54:00,ITRG,,1.534999966621399,1.534999966621399,1.5299999713897705,1.5299999713897705,4975.0
2025-06-26 14:54:00,KNW,,1.9500000476837158,1.9500000476837158,1.9500000476837158,1.9500000476837158,100.0
2025-06-26 14:54:00,KULR,,5.144999980926514,5.150000095367432,5.142399787902832,5.144999980926514,5408.0
2025-06-26 14:54:00,LCTX,,0.9929999709129333,0.9929999709129333,0.9929999709129333,0.9929999709129333,224.0
2025-06-26 14:54:00,LEU,,174.97000122070312,174.97500610351562,174.44009399414062,174.44009399414062,3040.0
2025-06-26 14:54:00,LMND,,42.41999816894531,42.439998626708984,42.41999816894531,42.41999816894531,1511.0
2025-06-26 14:54:00,LNG,,241.48500061035156,241.6199951171875,241.48500061035156,241.6199951171875,1222.0
2025-06-26 14:54:00,MTA,,3.940000057220459,3.940000057220459,3.940000057220459,3.940000057220459,381.0
2025-06-26 14:54:00,MTNB,,0.9381499886512756,0.9381499886512756,0.9381499886512756,0.9381499886512756,121.0
2025-06-26 14:54:00,NAK,,1.549399971961975,1.5499000549316406,1.5449999570846558,1.5449999570846558,6464.0
2025-06-26 14:54:00,NEWP,,1.3899999856948853,1.3899999856948853,1.3849999904632568,1.388200044631958,2505.0
2025-06-26 14:54:00,NFGC,,1.475000023841858,1.475000023841858,1.475000023841858,1.475000023841858,100.0
2025-06-26 14:54:00,NG,,4.105000019073486,4.105000019073486,4.105000019073486,4.105000019073486,3735.0
2025-06-26 14:54:00,NGD,,4.90500020980835,4.90500020980835,4.901899814605713,4.90500020980835,2998.0
2025-06-26 14:54:00,NNVC,,1.2208000421524048,1.2208000421524048,1.2207000255584717,1.2207000255584717,1499.0
2025-06-26 14:54:00,OBE,,5.5,5.5,5.5,5.5,147.0
2025-06-26 14:54:00,OPTT,,0.515500009059906,0.517300009727478,0.515500009059906,0.517300009727478,401.0
2025-06-26 14:54:00,ORLA,,9.979999542236328,9.979999542236328,9.979999542236328,9.979999542236328,2547.0
2025-06-26 14:54:00,PLG,,1.6549999713897705,1.6549999713897705,1.649999976158142,1.649999976158142,1200.0
2025-06-26 14:54:00,PZG,,0.6152999997138977,0.6176999807357788,0.6152999997138977,0.6176999807357788,1805.0
2025-06-26 14:54:00,REI,,0.7757999897003174,0.7757999897003174,0.7756999731063843,0.7757999897003174,1473.0
2025-06-26 14:54:00,RLGT,,6.034999847412109,6.034999847412109,6.034999847412109,6.034999847412109,345.0
2025-06-26 14:54:00,SATX,,2.9600000381469727,2.9600000381469727,2.9600000381469727,2.9600000381469727,300.0
2025-06-26 14:54:00,SBEV,,3.962599992752075,4.0,3.950000047683716,3.997999906539917,3756.0
2025-06-26 14:54:00,SEB,,2956.5,2960.0,2956.5,2960.0,4.0
2025-06-26 14:54:00,SENS,,0.5,0.5,0.4999000132083893,0.4999000132083893,256.0
2025-06-26 14:54:00,SGN,,1.1399999856948853,1.1399999856948853,1.1399999856948853,1.1399999856948853,125.0
2025-06-26 14:54:00,SING,,0.006899999920278788,0.006899999920278788,0.006899999920278788,0.006899999920278788,9230.0
2025-06-26 14:54:00,SKYH,,9.579999923706055,9.579999923706055,9.579999923706055,9.579999923706055,1150.0
2025-06-26 14:54:00,SLI,,1.9190000295639038,1.9190000295639038,1.9149999618530273,1.9149999618530273,4141.0
2025-06-26 14:54:00,STXS,,2.194999933242798,2.194999933242798,2.194999933242798,2.194999933242798,325.0
2025-06-26 14:54:00,SVM,,4.179999828338623,4.179999828338623,4.175000190734863,4.175000190734863,3716.0
2025-06-26 14:54:00,TGB,,3.125,3.125,3.125,3.125,605.0
2025-06-26 14:54:00,THM,,0.8702999949455261,0.8702999949455261,0.8702999949455261,0.8702999949455261,100.0
2025-06-26 14:54:00,TOON,,0.7753000259399414,0.7753000259399414,0.7753000259399414,0.7753000259399414,242.0
2025-06-26 14:54:00,TPET,,1.1749999523162842,1.1799999475479126,1.1749999523162842,1.1799999475479126,268.0
2025-06-26 14:54:00,UAMY,,2.609999895095825,2.609999895095825,2.6050000190734863,2.609999895095825,824.0
2025-06-26 14:54:00,UAVS,,1.1399999856948853,1.1399999856948853,1.1309000253677368,1.1309000253677368,774.0
2025-06-26 14:54:00,UEC,,6.920000076293945,6.927499771118164,6.914999961853027,6.914999961853027,18394.0
2025-06-26 14:54:00,URG,,1.034999966621399,1.0399999618530273,1.034999966621399,1.0399999618530273,4063.0
2025-06-26 14:54:00,UUUU,,5.865300178527832,5.869999885559082,5.855000019073486,5.860000133514404,27385.0
2025-06-26 14:54:00,VZLA,,2.9749999046325684,2.9800000190734863,2.9749999046325684,2.9749999046325684,493.0
2025-06-26 14:55:00,AREN,,6.050000190734863,6.050000190734863,5.869999885559082,5.869999885559082,5198.0
2025-06-26 14:55:00,ARMN,,6.800000190734863,6.804999828338623,6.800000190734863,6.804999828338623,310.0
2025-06-26 14:55:00,ASM,,3.515000104904175,3.5199999809265137,3.515000104904175,3.5199999809265137,1784.0
2025-06-26 14:55:00,ATNM,,1.5750000476837158,1.5750000476837158,1.5750000476837158,1.5750000476837158,530.0
2025-06-26 14:55:00,BKTI,,55.0,55.0,54.97999954223633,54.97999954223633,1699.0
2025-06-26 14:55:00,BRBS,,3.315000057220459,3.315000057220459,3.315000057220459,3.315000057220459,202.0
2025-06-26 14:55:00,BRN,,1.2300000190734863,1.2300000190734863,1.2300000190734863,1.2300000190734863,732.0
2025-06-26 14:55:00,BTG,,3.619999885559082,3.6277999877929688,3.619999885559082,3.625,2403.0
2025-06-26 14:55:00,BURU,,0.3330000042915344,0.3337000012397766,0.33219999074935913,0.3325999975204468,4507.0
2025-06-26 14:55:00,CATX,,3.7149999141693115,3.7149999141693115,3.7100000381469727,3.7100000381469727,2033.0
2025-06-26 14:55:00,CBOE,,226.9250030517578,226.9250030517578,226.9250030517578,226.9250030517578,275.0
2025-06-26 14:55:00,CEF,,30.424999237060547,30.424999237060547,30.424999237060547,30.424999237060547,156.0
2025-06-26 14:55:00,CLM,,7.949699878692627,7.949699878692627,7.949699878692627,7.949699878692627,104.0
2025-06-26 14:55:00,CMCL,,19.11639976501465,19.11639976501465,19.11639976501465,19.11639976501465,101.0
2025-06-26 14:55:00,CMT,,17.139999389648438,17.139999389648438,17.139999389648438,17.139999389648438,281.0
2025-06-26 14:55:00,COE,,33.150001525878906,33.150001525878906,33.150001525878906,33.150001525878906,10943.0
2025-06-26 14:55:00,CQP,,56.28499984741211,56.28499984741211,56.28499984741211,56.28499984741211,323.0
2025-06-26 14:55:00,CRF,,7.550000190734863,7.550000190734863,7.550000190734863,7.550000190734863,178.0
2025-06-26 14:55:00,CTM,,1.0549999475479126,1.0549999475479126,1.0499999523162842,1.0499999523162842,630.0
2025-06-26 14:55:00,CVU,,3.4600000381469727,3.4649999141693115,3.3907999992370605,3.430000066757202,1750.0
2025-06-26 14:55:00,CYBN,,8.4399995803833,8.4399995803833,8.4399995803833,8.4399995803833,100.0
2025-06-26 14:55:00,DC,,3.805000066757202,3.805000066757202,3.805000066757202,3.805000066757202,114.0
2025-06-26 14:55:00,DHY,,2.109999895095825,2.109999895095825,2.109999895095825,2.109999895095825,443.0
2025-06-26 14:55:00,DNN,,1.840000033378601,1.840000033378601,1.8300000429153442,1.840000033378601,13059.0
2025-06-26 14:55:00,ECF,,10.149999618530273,10.160099983215332,10.149999618530273,10.15999984741211,22522.0
2025-06-26 14:55:00,ELA,,5.914999961853027,5.914999961853027,5.914999961853027,5.914999961853027,903.0
2025-06-26 14:55:00,ELMD,,21.219999313354492,21.270000457763672,21.219999313354492,21.270000457763672,632.0
2025-06-26 14:55:00,EQX,,5.885000228881836,5.885000228881836,5.885000228881836,5.885000228881836,10380.0
2025-06-26 14:55:00,ERC,,9.420000076293945,9.420000076293945,9.420000076293945,9.420000076293945,300.0
2025-06-26 14:55:00,EVV,,10.170000076293945,10.170000076293945,10.170000076293945,10.170000076293945,100.0
2025-06-26 14:55:00,FOXO,,0.2037000060081482,0.20389999449253082,0.20340000092983246,0.20389999449253082,1310.0
2025-06-26 14:55:00,GENC,,14.449999809265137,14.449999809265137,14.449999809265137,14.449999809265137,103.0
2025-06-26 14:55:00,GGN,,4.385000228881836,4.385000228881836,4.385000228881836,4.385000228881836,301.0
2025-06-26 14:55:00,GLDG,,0.7455999851226807,0.7455999851226807,0.7455999851226807,0.7455999851226807,1114.0
2025-06-26 14:55:00,GNS,,1.1699999570846558,1.1699999570846558,1.1301000118255615,1.1395000219345093,72430.0
2025-06-26 14:55:00,GROY,,2.2750000953674316,2.2750000953674316,2.2699999809265137,2.2750000953674316,905.0
2025-06-26 14:55:00,GSAT,,23.329999923706055,23.329999923706055,23.329999923706055,23.329999923706055,785.0
2025-06-26 14:55:00,HUSA,,12.886500358581543,12.886500358581543,12.886500358581543,12.886500358581543,168.0
2025-06-26 14:55:00,IE,,9.539999961853027,9.539999961853027,9.510000228881836,9.510000228881836,2160.0
2025-06-26 14:55:00,INDO,,3.0450000762939453,3.049999952316284,3.0399999618530273,3.0399999618530273,4353.0
2025-06-26 14:55:00,INFU,,6.5,6.5,6.489999771118164,6.5,754.0
2025-06-26 14:55:00,ITRG,,1.534999966621399,1.534999966621399,1.534999966621399,1.534999966621399,600.0
2025-06-26 14:55:00,KNW,,1.9500000476837158,1.9500000476837158,1.940000057220459,1.940000057220459,215.0
2025-06-26 14:55:00,KULR,,5.149199962615967,5.150000095367432,5.144999980926514,5.150000095367432,8093.0
2025-06-26 14:55:00,LCTX,,0.9914000034332275,0.9914000034332275,0.9914000034332275,0.9914000034332275,1121.0
2025-06-26 14:55:00,LEU,,175.0050048828125,175.0050048828125,175.0050048828125,175.0050048828125,1266.0
2025-06-26 14:55:00,LMND,,42.445899963378906,42.445899963378906,42.41999816894531,42.41999816894531,1157.0
2025-06-26 14:55:00,LNG,,241.4199981689453,241.44000244140625,241.4199981689453,241.44000244140625,1492.0
2025-06-26 14:55:00,MAG,,21.3700008392334,21.3700008392334,21.354999542236328,21.3700008392334,20806.0
2025-06-26 14:55:00,MGLD,,0.9300000071525574,0.9300000071525574,0.9300000071525574,0.9300000071525574,391.0
2025-06-26 14:55:00,MHH,,6.809999942779541,6.809999942779541,6.809999942779541,6.809999942779541,1354.0
2025-06-26 14:55:00,NAK,,1.5549999475479126,1.5549999475479126,1.545199990272522,1.5499999523162842,27944.0
2025-06-26 14:55:00,NBH,,9.800000190734863,9.800000190734863,9.800000190734863,9.800000190734863,1058.0
2025-06-26 14:55:00,NFGC,,1.475000023841858,1.475000023841858,1.4700000286102295,1.4700000286102295,10308.0
2025-06-26 14:55:00,NG,,4.105000019073486,4.105000019073486,4.105000019073486,4.105000019073486,3252.0
2025-06-26 14:55:00,NGD,,4.909999847412109,4.909999847412109,4.90500020980835,4.90500020980835,2762.0
2025-06-26 14:55:00,NHS,,7.5,7.5,7.5,7.5,881.0
2025-06-26 14:55:00,OPTT,,0.5169510245323181,0.5169510245323181,0.515500009059906,0.515500009059906,392.0
2025-06-26 14:55:00,ORLA,,9.984999656677246,9.984999656677246,9.979999542236328,9.979999542236328,1546.0
2025-06-26 14:55:00,OSTX,,1.809999942779541,1.809999942779541,1.809999942779541,1.809999942779541,3000.0
2025-06-26 14:55:00,PLG,,1.6549999713897705,1.6549999713897705,1.649999976158142,1.6549999713897705,13800.0
2025-06-26 14:55:00,PLX,,1.5099999904632568,1.5099999904632568,1.5099999904632568,1.5099999904632568,210.0
2025-06-26 14:55:00,REI,,0.7756999731063843,0.7757999897003174,0.7756999731063843,0.7756999731063843,439.0
2025-06-26 14:55:00,REPX,,26.59000015258789,26.59000015258789,26.59000015258789,26.59000015258789,647.0
2025-06-26 14:55:00,SATX,,2.9600000381469727,2.9600000381469727,2.9600000381469727,2.9600000381469727,117.0
2025-06-26 14:55:00,SBEV,,4.0,4.0,3.9600000381469727,3.9700000286102295,970.0
2025-06-26 14:55:00,SEB,,2953.0,2960.469970703125,2953.0,2956.5,30.0
2025-06-26 14:55:00,SENS,,0.5,0.5,0.4999000132083893,0.5,4033.0
2025-06-26 14:55:00,SLI,,1.9149999618530273,1.9149999618530273,1.9149999618530273,1.9149999618530273,891.0
2025-06-26 14:55:00,SOAR,,1.3799999952316284,1.3799999952316284,1.3799999952316284,1.3799999952316284,1300.0
2025-06-26 14:55:00,SVM,,4.172399997711182,4.172399997711182,4.172399997711182,4.172399997711182,108.0
2025-06-26 14:55:00,TGB,,3.119999885559082,3.130000114440918,3.119999885559082,3.130000114440918,398.0
2025-06-26 14:55:00,TOON,,0.7795000076293945,0.7795000076293945,0.7795000076293945,0.7795000076293945,656.0
2025-06-26 14:55:00,UAMY,,2.609999895095825,2.609999895095825,2.609999895095825,2.609999895095825,392.0
2025-06-26 14:55:00,UEC,,6.914999961853027,6.914999961853027,6.914999961853027,6.914999961853027,5845.0
2025-06-26 14:55:00,URG,,1.0299999713897705,1.0399999618530273,1.0299999713897705,1.0399999618530273,1791.0
2025-06-26 14:55:00,USAS,,0.828000009059906,0.828000009059906,0.8274999856948853,0.8274999856948853,638.0
2025-06-26 14:55:00,UTG,,35.4906005859375,35.4906005859375,35.4906005859375,35.4906005859375,457.0
2025-06-26 14:55:00,UUUU,,5.860099792480469,5.869900226593018,5.860000133514404,5.861100196838379,17028.0
2025-06-26 14:55:00,VNRX,,0.8700000047683716,0.8700000047683716,0.8700000047683716,0.8700000047683716,1400.0
2025-06-26 14:55:00,VTAK,,0.2508000135421753,0.2508000135421753,0.2508000135421753,0.2508000135421753,2000.0
2025-06-26 14:55:00,VZLA,,2.9798998832702637,2.9798998832702637,2.9749999046325684,2.9749999046325684,6126.0
2025-06-26 14:55:00,XTNT,,0.6079999804496765,0.6079999804496765,0.6079999804496765,0.6079999804496765,267.0
2025-06-26 14:56:00,AREN,,6.090000152587891,6.090000152587891,6.050000190734863,6.059999942779541,831.0
2025-06-26 14:56:00,ARMN,,6.804999828338623,6.804999828338623,6.800000190734863,6.800000190734863,261.0
2025-06-26 14:56:00,ASM,,3.514699935913086,3.514699935913086,3.514699935913086,3.514699935913086,4339.0
2025-06-26 14:56:00,ATNM,,1.5850000381469727,1.5850000381469727,1.5750000476837158,1.5750000476837158,5261.0
2025-06-26 14:56:00,AUST,,1.3300000429153442,1.3300000429153442,1.3200000524520874,1.3200000524520874,7676.0
2025-06-26 14:56:00,BKTI,,55.0,55.0,55.0,55.0,559.0
2025-06-26 14:56:00,BRBS,,3.3190999031066895,3.3190999031066895,3.315000057220459,3.315000057220459,845.0
2025-06-26 14:56:00,BTG,,3.621999979019165,3.621999979019165,3.619999885559082,3.619999885559082,3530.0
2025-06-26 14:56:00,CANF,,1.0549999475479126,1.0549999475479126,1.0549999475479126,1.0549999475479126,200.0
2025-06-26 14:56:00,CATX,,3.7149999141693115,3.7149999141693115,3.7149999141693115,3.7149999141693115,1461.0
2025-06-26 14:56:00,CBOE,,226.9250030517578,226.9250030517578,226.9250030517578,226.9250030517578,1078.0
2025-06-26 14:56:00,CEF,,30.424100875854492,30.424100875854492,30.424100875854492,30.424100875854492,325.0
2025-06-26 14:56:00,CLM,,7.940000057220459,7.949900150299072,7.940000057220459,7.949900150299072,896.0
2025-06-26 14:56:00,CMCL,,19.149999618530273,19.149999618530273,19.149999618530273,19.149999618530273,1870.0
2025-06-26 14:56:00,CQP,,56.2599983215332,56.28499984741211,56.220001220703125,56.28499984741211,1789.0
2025-06-26 14:56:00,CRF,,7.554999828338623,7.559899806976318,7.550000190734863,7.550000190734863,4764.0
2025-06-26 14:56:00,CTGO,,20.68000030517578,20.68000030517578,20.68000030517578,20.68000030517578,211.0
2025-06-26 14:56:00,CTM,,1.059999942779541,1.059999942779541,1.059999942779541,1.059999942779541,103.0
2025-06-26 14:56:00,CVU,,3.4600000381469727,3.4600000381469727,3.4600000381469727,3.4600000381469727,299.0
2025-06-26 14:56:00,DC,,3.799999952316284,3.805000066757202,3.799999952316284,3.805000066757202,266.0
2025-06-26 14:56:00,DNN,,1.8350000381469727,1.840000033378601,1.8300000429153442,1.8350000381469727,10618.0
2025-06-26 14:56:00,ECF,,10.135000228881836,10.135000228881836,10.135000228881836,10.135000228881836,0.0
2025-06-26 14:56:00,ELMD,,21.219999313354492,21.219999313354492,21.219999313354492,21.219999313354492,482.0
2025-06-26 14:56:00,EMX,,2.559999942779541,2.559999942779541,2.559999942779541,2.559999942779541,2110.0
2025-06-26 14:56:00,EPM,,4.769999980926514,4.769999980926514,4.769999980926514,4.769999980926514,459.0
2025-06-26 14:56:00,EQX,,5.885000228881836,5.88670015335083,5.880000114440918,5.885000228881836,5300.0
2025-06-26 14:56:00,EVV,,10.15999984741211,10.15999984741211,10.15999984741211,10.15999984741211,127.0
2025-06-26 14:56:00,FOXO,,0.20360100269317627,0.20360100269317627,0.20360100269317627,0.20360100269317627,300.0
2025-06-26 14:56:00,FRD,,16.540000915527344,16.540000915527344,16.540000915527344,16.540000915527344,237.0
2025-06-26 14:56:00,GENC,,14.484999656677246,14.484999656677246,14.484999656677246,14.484999656677246,100.0
2025-06-26 14:56:00,GGN,,4.385000228881836,4.385000228881836,4.385000228881836,4.385000228881836,200.0
2025-06-26 14:56:00,GNS,,1.1648000478744507,1.1799999475479126,1.159999966621399,1.1690000295639038,160275.0
2025-06-26 14:56:00,GORO,,0.5429999828338623,0.550000011920929,0.5429999828338623,0.5436999797821045,86323.0
2025-06-26 14:56:00,GROY,,2.2750000953674316,2.2750000953674316,2.2699999809265137,2.2750000953674316,2407.0
2025-06-26 14:56:00,GSAT,,23.329999923706055,23.334999084472656,23.329999923706055,23.334999084472656,4063.0
2025-06-26 14:56:00,GTE,,5.010000228881836,5.010000228881836,5.010000228881836,5.010000228881836,456.0
2025-06-26 14:56:00,HUSA,,12.780699729919434,12.859999656677246,12.75,12.8100004196167,4377.0
2025-06-26 14:56:00,IBO,,0.949999988079071,0.949999988079071,0.9480000138282776,0.9480000138282776,400.0
2025-06-26 14:56:00,IDR,,13.15999984741211,13.15999984741211,13.140000343322754,13.140000343322754,3230.0
2025-06-26 14:56:00,IMO,,81.30000305175781,81.30000305175781,81.30000305175781,81.30000305175781,232.0
2025-06-26 14:56:00,INDO,,3.0388998985290527,3.049999952316284,3.0299999713897705,3.049999952316284,4250.0
2025-06-26 14:56:00,INFU,,6.5,6.5,6.5,6.5,4025.0
2025-06-26 14:56:00,INUV,,3.9144999980926514,3.9144999980926514,3.9144999980926514,3.9144999980926514,398.0
2025-06-26 14:56:00,ITP,,0.18690000474452972,0.18690000474452972,0.18639999628067017,0.18639999628067017,589.0
2025-06-26 14:56:00,ITRG,,1.5325000286102295,1.534999966621399,1.5325000286102295,1.534999966621399,1180.0
2025-06-26 14:56:00,KULR,,5.135000228881836,5.150000095367432,5.135000228881836,5.144999980926514,33671.0
2025-06-26 14:56:00,LCTX,,0.9914000034332275,0.9914000034332275,0.991100013256073,0.991100013256073,701.0
2025-06-26 14:56:00,LEU,,174.99740600585938,174.99740600585938,174.99740600585938,174.99740600585938,338.0
2025-06-26 14:56:00,LMND,,42.439998626708984,42.470001220703125,42.40999984741211,42.40999984741211,3127.0
2025-06-26 14:56:00,LNG,,241.4499969482422,241.4499969482422,241.4499969482422,241.4499969482422,944.0
2025-06-26 14:56:00,LODE,,3.740000009536743,3.740000009536743,3.740000009536743,3.740000009536743,165.0
2025-06-26 14:56:00,MAG,,21.360000610351562,21.360000610351562,21.354999542236328,21.360000610351562,860.0
2025-06-26 14:56:00,NAK,,1.554800033569336,1.559999942779541,1.5501999855041504,1.5549999475479126,6839.0
2025-06-26 14:56:00,NBH,,9.795000076293945,9.800000190734863,9.795000076293945,9.795000076293945,3175.0
2025-06-26 14:56:00,NCL,,0.18000000715255737,0.18000000715255737,0.18000000715255737,0.18000000715255737,160.0
2025-06-26 14:56:00,NEWP,,1.3899999856948853,1.3899999856948853,1.3849999904632568,1.3849999904632568,1000.0
2025-06-26 14:56:00,NG,,4.105000019073486,4.110000133514404,4.105000019073486,4.110000133514404,2230.0
2025-06-26 14:56:00,NGD,,4.90500020980835,4.909999847412109,4.900000095367432,4.909999847412109,15257.0
2025-06-26 14:56:00,NHC,,107.72000122070312,107.72000122070312,107.72000122070312,107.72000122070312,489.0
2025-06-26 14:56:00,NNVC,,1.2252000570297241,1.2252000570297241,1.225000023841858,1.225000023841858,300.0
2025-06-26 14:56:00,NRO,,3.180000066757202,3.180000066757202,3.180000066757202,3.180000066757202,100.0
2025-06-26 14:56:00,ORLA,,9.984999656677246,9.984999656677246,9.983499526977539,9.983499526977539,1235.0
2025-06-26 14:56:00,PLG,,1.649999976158142,1.649999976158142,1.649999976158142,1.649999976158142,223.0
2025-06-26 14:56:00,PLMR,,152.75,152.75,152.64999389648438,152.75,2588.0
2025-06-26 14:56:00,PLX,,1.5099999904632568,1.5099999904632568,1.5099999904632568,1.5099999904632568,353.0
2025-06-26 14:56:00,RCG,,2.5950000286102295,2.5950000286102295,2.569999933242798,2.5950000286102295,600.0
2025-06-26 14:56:00,REI,,0.7756999731063843,0.7757999897003174,0.7756999731063843,0.7756999731063843,2824.0
2025-06-26 14:56:00,RLGT,,6.039999961853027,6.039999961853027,6.039999961853027,6.039999961853027,525.0
2025-06-26 14:56:00,SATX,,2.9600000381469727,2.9600000381469727,2.9600000381469727,2.9600000381469727,100.0
2025-06-26 14:56:00,SBEV,,4.0,4.0,3.9600000381469727,4.0,2758.0
2025-06-26 14:56:00,SEB,,2953.199951171875,2953.199951171875,2953.199951171875,2953.199951171875,1.0
2025-06-26 14:56:00,SENS,,0.5,0.5,0.5,0.5,6198465.0
2025-06-26 14:56:00,SLI,,1.919100046157837,1.919100046157837,1.9149999618530273,1.9149999618530273,295.0
2025-06-26 14:56:00,SSY,,0.8700000047683716,0.8799999952316284,0.8700000047683716,0.8799999952316284,1277.0
2025-06-26 14:56:00,STXS,,2.190000057220459,2.190000057220459,2.190000057220459,2.190000057220459,109.0
2025-06-26 14:56:00,SVM,,4.179999828338623,4.179999828338623,4.175000190734863,4.175000190734863,203.0
2025-06-26 14:56:00,TGB,,3.125,3.1298000812530518,3.119999885559082,3.125,6830.0
2025-06-26 14:56:00,THM,,0.8841999769210815,0.8841999769210815,0.8702999949455261,0.8702999949455261,3450.0
2025-06-26 14:56:00,UAMY,,2.640000104904175,2.640000104904175,2.609999895095825,2.609999895095825,50435.0
2025-06-26 14:56:00,UAVS,,1.1398999691009521,1.1399999856948853,1.1299999952316284,1.1399999856948853,2440.0
2025-06-26 14:56:00,UEC,,6.920000076293945,6.925000190734863,6.911499977111816,6.914999961853027,36074.0
2025-06-26 14:56:00,URG,,1.0399999618530273,1.0399999618530273,1.0399999618530273,1.0399999618530273,1516.0
2025-06-26 14:56:00,USAS,,0.8248999714851379,0.828000009059906,0.8248999714851379,0.828000009059906,896.0
2025-06-26 14:56:00,UUUU,,5.867700099945068,5.869999885559082,5.860099792480469,5.864999771118164,5127.0
2025-06-26 14:56:00,VGZ,,1.024999976158142,1.024999976158142,1.024999976158142,1.024999976158142,104.0
2025-06-26 14:56:00,VTAK,,0.2500999867916107,0.2500999867916107,0.2500999867916107,0.2500999867916107,1200.0
2025-06-26 14:56:00,VZLA,,2.9800000190734863,2.9800000190734863,2.9700000286102295,2.9786999225616455,24597.0
2025-06-26 14:57:00,AREN,,6.074999809265137,6.074999809265137,6.074999809265137,6.074999809265137,195.0
2025-06-26 14:57:00,ARMN,,6.800000190734863,6.804999828338623,6.800000190734863,6.800000190734863,1395.0
2025-06-26 14:57:00,ASM,,3.515000104904175,3.518399953842163,3.509999990463257,3.518399953842163,5139.0
2025-06-26 14:57:00,ATNM,,1.5850000381469727,1.5850000381469727,1.5850000381469727,1.5850000381469727,109.0
2025-06-26 14:57:00,BEEP,,4.239999771118164,4.239999771118164,4.239999771118164,4.239999771118164,171.0
2025-06-26 14:57:00,BKTI,,55.0,55.0,54.999900817871094,55.0,2946.0
2025-06-26 14:57:00,BRBS,,3.315500020980835,3.315500020980835,3.315000057220459,3.315000057220459,1185.0
2025-06-26 14:57:00,BRN,,1.2400000095367432,1.2400000095367432,1.2400000095367432,1.2400000095367432,250.0
2025-06-26 14:57:00,BTG,,3.619999885559082,3.630000114440918,3.619999885559082,3.6201000213623047,16364.0
2025-06-26 14:57:00,BURU,,0.3330000042915344,0.3330000042915344,0.3330000042915344,0.3330000042915344,261.0
2025-06-26 14:57:00,CANF,,1.0499999523162842,1.0499999523162842,1.0499999523162842,1.0499999523162842,100.0
2025-06-26 14:57:00,CATX,,3.7100000381469727,3.7100000381469727,3.7100000381469727,3.7100000381469727,415.0
2025-06-26 14:57:00,CEF,,30.415000915527344,30.415000915527344,30.415000915527344,30.415000915527344,2862.0
2025-06-26 14:57:00,CIK,,2.934999942779541,2.934999942779541,2.934999942779541,2.934999942779541,105.0
2025-06-26 14:57:00,CLM,,7.940000057220459,7.940100193023682,7.940000057220459,7.940100193023682,20586.0
2025-06-26 14:57:00,CQP,,56.244998931884766,56.25,56.244998931884766,56.25,384.0
2025-06-26 14:57:00,CRF,,7.559999942779541,7.559999942779541,7.554999828338623,7.554999828338623,479.0
2025-06-26 14:57:00,CTM,,1.059999942779541,1.059999942779541,1.059999942779541,1.059999942779541,101.0
2025-06-26 14:57:00,CYBN,,8.4822998046875,8.4822998046875,8.4822998046875,8.4822998046875,153.0
2025-06-26 14:57:00,DC,,3.799999952316284,3.799999952316284,3.799999952316284,3.799999952316284,1236.0
2025-06-26 14:57:00,DNN,,1.8350000381469727,1.840000033378601,1.8350000381469727,1.8350000381469727,24600.0
2025-06-26 14:57:00,EQX,,5.885000228881836,5.885000228881836,5.880000114440918,5.885000228881836,5519.0
2025-06-26 14:57:00,ESP,,45.20000076293945,45.209999084472656,45.20000076293945,45.209999084472656,688.0
2025-06-26 14:57:00,EVV,,10.15999984741211,10.15999984741211,10.15999984741211,10.15999984741211,172.0
2025-06-26 14:57:00,FOXO,,0.20360000431537628,0.20360000431537628,0.20360000431537628,0.20360000431537628,369.0
2025-06-26 14:57:00,FSP,,1.684999942779541,1.684999942779541,1.684999942779541,1.684999942779541,189.0
2025-06-26 14:57:00,GENC,,14.473099708557129,14.473099708557129,14.473099708557129,14.473099708557129,204.0
2025-06-26 14:57:00,GGN,,4.385000228881836,4.385000228881836,4.385000228881836,4.385000228881836,1150.0
2025-06-26 14:57:00,GNS,,1.160099983215332,1.1699999570846558,1.159999966621399,1.1693999767303467,59144.0
2025-06-26 14:57:00,GORO,,0.5403000116348267,0.545799970626831,0.5403000116348267,0.545799970626831,632.0
2025-06-26 14:57:00,GROY,,2.2750000953674316,2.2799999713897705,2.2750000953674316,2.2750000953674316,1083.0
2025-06-26 14:57:00,GSAT,,23.34000015258789,23.34000015258789,23.34000015258789,23.34000015258789,314.0
2025-06-26 14:57:00,GTE,,5.018499851226807,5.018499851226807,5.010000228881836,5.010000228881836,774.0
2025-06-26 14:57:00,HUSA,,12.819299697875977,12.819299697875977,12.819299697875977,12.819299697875977,233.0
2025-06-26 14:57:00,IBO,,0.9624000191688538,0.9624000191688538,0.9549999833106995,0.9552000164985657,636.0
2025-06-26 14:57:00,IE,,9.569999694824219,9.569999694824219,9.5600004196167,9.5600004196167,1133.0
2025-06-26 14:57:00,INDO,,3.0350000858306885,3.0399999618530273,3.0299999713897705,3.0299999713897705,5612.0
2025-06-26 14:57:00,INFU,,6.5,6.5,6.5,6.5,1147.0
2025-06-26 14:57:00,ITRG,,1.534999966621399,1.534999966621399,1.534999966621399,1.534999966621399,300.0
2025-06-26 14:57:00,KNW,,1.9500000476837158,1.9500000476837158,1.9500000476837158,1.9500000476837158,473.0
2025-06-26 14:57:00,KULR,,5.130099773406982,5.139999866485596,5.130099773406982,5.135000228881836,11947.0
2025-06-26 14:57:00,LCTX,,0.9918000102043152,0.9919000267982483,0.991599977016449,0.991599977016449,1260.0
2025-06-26 14:57:00,LEU,,174.3350067138672,175.74000549316406,174.3350067138672,174.8350067138672,5081.0
2025-06-26 14:57:00,LMND,,42.40999984741211,42.40999984741211,42.40999984741211,42.40999984741211,1211.0
2025-06-26 14:57:00,LNG,,241.42999267578125,241.4499969482422,241.42999267578125,241.4499969482422,804.0
2025-06-26 14:57:00,MAG,,21.36009979248047,21.36009979248047,21.36009979248047,21.36009979248047,784.0
2025-06-26 14:57:00,MAIA,,1.6995999813079834,1.6995999813079834,1.6995999813079834,1.6995999813079834,223.0
2025-06-26 14:57:00,MTA,,3.930000066757202,3.930000066757202,3.930000066757202,3.930000066757202,1229.0
2025-06-26 14:57:00,MYO,,2.2300000190734863,2.2300000190734863,2.2200000286102295,2.2200000286102295,899.0
2025-06-26 14:57:00,NAK,,1.5576000213623047,1.5576000213623047,1.554900050163269,1.5549999475479126,4901.0
2025-06-26 14:57:00,NBH,,9.8100004196167,9.8100004196167,9.800000190734863,9.800000190734863,1730.0
2025-06-26 14:57:00,NG,,4.105000019073486,4.105000019073486,4.105000019073486,4.105000019073486,1151.0
2025-06-26 14:57:00,NGD,,4.90500020980835,4.909999847412109,4.900000095367432,4.900000095367432,14193.0
2025-06-26 14:57:00,OBE,,5.494999885559082,5.494999885559082,5.494999885559082,5.494999885559082,123.0
2025-06-26 14:57:00,OPTT,,0.5171120166778564,0.5171120166778564,0.5171120166778564,0.5171120166778564,259.0
2025-06-26 14:57:00,ORLA,,9.979999542236328,9.984999656677246,9.979999542236328,9.984999656677246,462.0
2025-06-26 14:57:00,OSTX,,1.8173999786376953,1.8250000476837158,1.8173999786376953,1.8250000476837158,792.0
2025-06-26 14:57:00,PLG,,1.6549999713897705,1.6549999713897705,1.6549999713897705,1.6549999713897705,550.0
2025-06-26 14:57:00,RCG,,2.588200092315674,2.588200092315674,2.569999933242798,2.5701000690460205,3320.0
2025-06-26 14:57:00,REI,,0.7756999731063843,0.7757999897003174,0.7756999731063843,0.7756999731063843,453.0
2025-06-26 14:57:00,SBEV,,3.994999885559082,3.994999885559082,3.9100000858306885,3.9600000381469727,2532.0
2025-06-26 14:57:00,SENS,,0.5019000172615051,0.5023000240325928,0.5001000165939331,0.5001000165939331,6000.0
2025-06-26 14:57:00,SLI,,1.9149999618530273,1.9149999618530273,1.9149999618530273,1.9149999618530273,131.0
2025-06-26 14:57:00,SVM,,4.175000190734863,4.179999828338623,4.175000190734863,4.175000190734863,380.0
2025-06-26 14:57:00,SVT,,46.915000915527344,46.915000915527344,46.915000915527344,46.915000915527344,105.0
2025-06-26 14:57:00,TGB,,3.119999885559082,3.125,3.119999885559082,3.125,672.0
2025-06-26 14:57:00,THM,,0.8651000261306763,0.8772990107536316,0.8651000261306763,0.8772990107536316,5400.0
2025-06-26 14:57:00,TPET,,1.1799999475479126,1.1799999475479126,1.1747000217437744,1.1747000217437744,1421.0
2025-06-26 14:57:00,UAMY,,2.640000104904175,2.640000104904175,2.640000104904175,2.640000104904175,1178.0
2025-06-26 14:57:00,UAVS,,1.1399999856948853,1.1399999856948853,1.1399999856948853,1.1399999856948853,600.0
2025-06-26 14:57:00,UEC,,6.909999847412109,6.925000190734863,6.909999847412109,6.920000076293945,23328.0
2025-06-26 14:57:00,URG,,1.0399999618530273,1.0399999618530273,1.0329999923706055,1.0399999618530273,12698.0
2025-06-26 14:57:00,UTG,,35.52000045776367,35.52000045776367,35.52000045776367,35.52000045776367,430.0
2025-06-26 14:57:00,UUUU,,5.855000019073486,5.869999885559082,5.855000019073486,5.860000133514404,15826.0
2025-06-26 14:57:00,VNRX,,0.8666999936103821,0.8666999936103821,0.8666999936103821,0.8666999936103821,185.0
2025-06-26 14:57:00,VZLA,,2.9749999046325684,2.9800000190734863,2.9749999046325684,2.9800000190734863,916.0
2025-06-26 14:57:00,XPL,,0.6435999870300293,0.6435999870300293,0.6435999870300293,0.6435999870300293,110.0
2025-06-26 14:58:00,ARMN,,6.800000190734863,6.800000190734863,6.800000190734863,6.800000190734863,590.0
2025-06-26 14:58:00,ASM,,3.515000104904175,3.515000104904175,3.509999990463257,3.509999990463257,5435.0
2025-06-26 14:58:00,ATNM,,1.5850000381469727,1.5850000381469727,1.5850000381469727,1.5850000381469727,100.0
2025-06-26 14:58:00,BEEP,,4.239999771118164,4.239999771118164,4.239999771118164,4.239999771118164,200.0
2025-06-26 14:58:00,BKTI,,55.0,55.0,55.0,55.0,495.0
2025-06-26 14:58:00,BQ,,2.0199999809265137,2.0199999809265137,2.0199999809265137,2.0199999809265137,200.0
2025-06-26 14:58:00,BRBS,,3.315000057220459,3.315000057220459,3.315000057220459,3.315000057220459,406.0
2025-06-26 14:58:00,BTG,,3.625,3.625999927520752,3.619999885559082,3.619999885559082,1399.0
2025-06-26 14:58:00,BURU,,0.3353999853134155,0.33570000529289246,0.3337000012397766,0.3337000012397766,3236.0
2025-06-26 14:58:00,CATX,,3.7149999141693115,3.7149999141693115,3.7149999141693115,3.7149999141693115,276.0
2025-06-26 14:58:00,CIK,,2.934999942779541,2.934999942779541,2.934999942779541,2.934999942779541,623.0
2025-06-26 14:58:00,CLM,,7.940000057220459,7.940000057220459,7.940000057220459,7.940000057220459,502.0
2025-06-26 14:58:00,CMT,,17.139999389648438,17.139999389648438,17.110000610351562,17.110000610351562,1111.0
2025-06-26 14:58:00,CQP,,56.2400016784668,56.25,56.209999084472656,56.25,1080.0
2025-06-26 14:58:00,CRF,,7.554999828338623,7.554999828338623,7.550000190734863,7.550099849700928,705.0
2025-06-26 14:58:00,CTM,,1.0500999689102173,1.0500999689102173,1.0500999689102173,1.0500999689102173,200.0
2025-06-26 14:58:00,CVM,,2.440000057220459,2.440000057220459,2.440000057220459,2.440000057220459,629.0
2025-06-26 14:58:00,CVU,,3.4600000381469727,3.4600000381469727,3.4600000381469727,3.4600000381469727,100.0
2025-06-26 14:58:00,DNN,,1.8350000381469727,1.840000033378601,1.8300000429153442,1.8350000381469727,76717.0
2025-06-26 14:58:00,EIM,,9.564599990844727,9.564599990844727,9.564599990844727,9.564599990844727,1100.0
2025-06-26 14:58:00,EQX,,5.880099773406982,5.889999866485596,5.880000114440918,5.885000228881836,73172.0
2025-06-26 14:58:00,ESP,,45.20000076293945,45.20000076293945,45.20000076293945,45.20000076293945,204.0
2025-06-26 14:58:00,EVV,,10.164999961853027,10.164999961853027,10.164999961853027,10.164999961853027,645.0
2025-06-26 14:58:00,FOXO,,0.20329999923706055,0.20329999923706055,0.20180000364780426,0.20180000364780426,940.0
2025-06-26 14:58:00,FTF,,6.389999866485596,6.389999866485596,6.389999866485596,6.389999866485596,562.0
2025-06-26 14:58:00,GENC,,14.484999656677246,14.484999656677246,14.484999656677246,14.484999656677246,371.0
2025-06-26 14:58:00,GGN,,4.385000228881836,4.385000228881836,4.385000228881836,4.385000228881836,117.0
2025-06-26 14:58:00,GLDG,,0.7455999851226807,0.7455999851226807,0.7455999851226807,0.7455999851226807,3325.0
2025-06-26 14:58:00,GNS,,1.179900050163269,1.190000057220459,1.1604000329971313,1.1604000329971313,120084.0
2025-06-26 14:58:00,GROY,,2.2799999713897705,2.2799999713897705,2.2699999809265137,2.2750000953674316,1039.0
2025-06-26 14:58:00,GSAT,,23.360000610351562,23.360000610351562,23.350000381469727,23.350000381469727,591.0
2025-06-26 14:58:00,HNW,,12.359999656677246,12.359999656677246,12.359999656677246,12.359999656677246,1294.0
2025-06-26 14:58:00,HUSA,,12.75,12.75,12.75,12.75,236.0
2025-06-26 14:58:00,IBO,,0.972599983215332,0.972599983215332,0.972599983215332,0.972599983215332,1009.0
2025-06-26 14:58:00,IDR,,13.1899995803833,13.1899995803833,13.1899995803833,13.1899995803833,253.0
2025-06-26 14:58:00,IE,,9.5649995803833,9.5649995803833,9.5649995803833,9.5649995803833,2029.0
2025-06-26 14:58:00,IMO,,81.29499816894531,81.29499816894531,81.29499816894531,81.29499816894531,526.0
2025-06-26 14:58:00,INDO,,3.039900064468384,3.039900064468384,3.036900043487549,3.036900043487549,1302.0
2025-06-26 14:58:00,ITRG,,1.5299999713897705,1.534999966621399,1.5299999713897705,1.534999966621399,2000.0
2025-06-26 14:58:00,KNW,,1.9492000341415405,1.9500000476837158,1.9492000341415405,1.9500000476837158,203.0
2025-06-26 14:58:00,KULR,,5.150000095367432,5.150000095367432,5.135000228881836,5.139999866485596,13591.0
2025-06-26 14:58:00,LCTX,,0.9919000267982483,0.9919000267982483,0.9918000102043152,0.9919000267982483,2001.0
2025-06-26 14:58:00,LEU,,174.3350067138672,174.3350067138672,174.02000427246094,174.02000427246094,1038.0
2025-06-26 14:58:00,LMND,,42.459999084472656,42.5,42.435001373291016,42.435001373291016,2568.0
2025-06-26 14:58:00,LNG,,241.33999633789062,241.33999633789062,241.25,241.32000732421875,3514.0
2025-06-26 14:58:00,MAG,,21.364999771118164,21.3700008392334,21.360000610351562,21.360000610351562,1099.0
2025-06-26 14:58:00,MTA,,3.934999942779541,3.934999942779541,3.934999942779541,3.934999942779541,683.0
2025-06-26 14:58:00,NAK,,1.5549999475479126,1.5599000453948975,1.5501999855041504,1.5549999475479126,6363.0
2025-06-26 14:58:00,NCL,,0.18000000715255737,0.18000000715255737,0.18000000715255737,0.18000000715255737,548.0
2025-06-26 14:58:00,NEWP,,1.3849999904632568,1.3849999904632568,1.3849999904632568,1.3849999904632568,332.0
2025-06-26 14:58:00,NG,,4.105000019073486,4.105000019073486,4.104000091552734,4.105000019073486,2763.0
2025-06-26 14:58:00,NGD,,4.90500020980835,4.909999847412109,4.900000095367432,4.90500020980835,4045.0
2025-06-26 14:58:00,NNVC,,1.225000023841858,1.225000023841858,1.225000023841858,1.225000023841858,121.0
2025-06-26 14:58:00,NRO,,3.184999942779541,3.184999942779541,3.184999942779541,3.184999942779541,120.0
2025-06-26 14:58:00,OBE,,5.494999885559082,5.494999885559082,5.494999885559082,5.494999885559082,210.0
2025-06-26 14:58:00,ORLA,,9.984999656677246,9.984999656677246,9.975000381469727,9.984999656677246,2262.0
2025-06-26 14:58:00,PHGE,,0.460099995136261,0.460099995136261,0.460099995136261,0.460099995136261,900.0
2025-06-26 14:58:00,PLMR,,152.75999450683594,152.75999450683594,152.75999450683594,152.75999450683594,1984.0
2025-06-26 14:58:00,PLX,,1.5049999952316284,1.5049999952316284,1.5019999742507935,1.5049999952316284,3384.0
2025-06-26 14:58:00,RCG,,2.5850000381469727,2.5850000381469727,2.5850000381469727,2.5850000381469727,2948.0
2025-06-26 14:58:00,REI,,0.7757999897003174,0.7757999897003174,0.7756999731063843,0.7756999731063843,2189787.0
2025-06-26 14:58:00,SATX,,2.9600000381469727,2.9600000381469727,2.9600000381469727,2.9600000381469727,2814.0
2025-06-26 14:58:00,SBEV,,3.984999895095825,3.990000009536743,3.9800000190734863,3.990000009536743,340.0
2025-06-26 14:58:00,SEB,,2956.75,2956.75,2956.489990234375,2956.489990234375,15.0
2025-06-26 14:58:00,SENS,,0.49950000643730164,0.5019140243530273,0.49939998984336853,0.5019140243530273,18714.0
2025-06-26 14:58:00,SLI,,1.9149999618530273,1.9149999618530273,1.9149999618530273,1.9149999618530273,120.0
2025-06-26 14:58:00,SLND,,3.949899911880493,3.949899911880493,3.949899911880493,3.949899911880493,1000.0
2025-06-26 14:58:00,STXS,,2.194999933242798,2.194999933242798,2.194999933242798,2.194999933242798,213.0
2025-06-26 14:58:00,SVM,,4.179999828338623,4.179999828338623,4.179999828338623,4.179999828338623,110.0
2025-06-26 14:58:00,TGB,,3.130000114440918,3.130000114440918,3.119999885559082,3.125,13445.0
2025-06-26 14:58:00,TMQ,,1.4800000190734863,1.4850000143051147,1.4800000190734863,1.4850000143051147,3050.0
2025-06-26 14:58:00,TPET,,1.184999942779541,1.190000057220459,1.1749999523162842,1.1749999523162842,6102.0
2025-06-26 14:58:00,UAMY,,2.640000104904175,2.640000104904175,2.6301000118255615,2.634999990463257,19957.0
2025-06-26 14:58:00,UAVS,,1.1398999691009521,1.1399999856948853,1.1398999691009521,1.1399999856948853,1020.0
2025-06-26 14:58:00,UEC,,6.90500020980835,6.909999847412109,6.900000095367432,6.909999847412109,17997.0
2025-06-26 14:58:00,URG,,1.0399999618530273,1.0399999618530273,1.034999966621399,1.0399999618530273,5581.0
2025-06-26 14:58:00,UUUU,,5.84499979019165,5.855000019073486,5.840000152587891,5.855000019073486,10920.0
2025-06-26 14:58:00,VNRX,,0.8708999752998352,0.8708999752998352,0.8700000047683716,0.8700000047683716,3300.0
2025-06-26 14:58:00,VZLA,,2.9800000190734863,2.9800000190734863,2.9749999046325684,2.9749999046325684,485.0
2025-06-26 14:59:00,ACU,,40.41999816894531,40.41999816894531,40.41999816894531,40.41999816894531,551.0
2025-06-26 14:59:00,AREN,,6.139999866485596,6.139999866485596,6.081699848175049,6.081699848175049,3431.0
2025-06-26 14:59:00,ARMN,,6.804999828338623,6.804999828338623,6.804999828338623,6.804999828338623,244.0
2025-06-26 14:59:00,ASM,,3.51990008354187,3.5199999809265137,3.513700008392334,3.513700008392334,875.0
2025-06-26 14:59:00,ATNM,,1.5850000381469727,1.5850000381469727,1.5850000381469727,1.5850000381469727,226.0
2025-06-26 14:59:00,BEEP,,4.184999942779541,4.184999942779541,4.184999942779541,4.184999942779541,289.0
2025-06-26 14:59:00,BRBS,,3.315000057220459,3.315000057220459,3.315000057220459,3.315000057220459,108.0
2025-06-26 14:59:00,BRN,,1.2350000143051147,1.2350000143051147,1.2350000143051147,1.2350000143051147,100.0
2025-06-26 14:59:00,BTG,,3.625,3.630000114440918,3.625,3.630000114440918,2229.0
2025-06-26 14:59:00,BURU,,0.3366999924182892,0.336899995803833,0.3328999876976013,0.336899995803833,6464.0
2025-06-26 14:59:00,CBOE,,227.0,227.0,227.0,227.0,180.0
2025-06-26 14:59:00,CEF,,30.413299560546875,30.413299560546875,30.413299560546875,30.413299560546875,261.0
2025-06-26 14:59:00,CLM,,7.940000057220459,7.940000057220459,7.940000057220459,7.940000057220459,1470.0
2025-06-26 14:59:00,CQP,,56.16999816894531,56.22999954223633,56.16999816894531,56.220001220703125,928.0
2025-06-26 14:59:00,CRF,,7.554999828338623,7.554999828338623,7.554999828338623,7.554999828338623,100.0
2025-06-26 14:59:00,CYBN,,8.510000228881836,8.510000228881836,8.460000038146973,8.460000038146973,2532.0
2025-06-26 14:59:00,DC,,3.799999952316284,3.799999952316284,3.799999952316284,3.799999952316284,222.0
2025-06-26 14:59:00,DHY,,2.108799934387207,2.108799934387207,2.108799934387207,2.108799934387207,1000.0
2025-06-26 14:59:00,DNN,,1.8350000381469727,1.840000033378601,1.8300000429153442,1.8350000381469727,33439.0
2025-06-26 14:59:00,EPM,,4.769999980926514,4.769999980926514,4.760000228881836,4.760000228881836,230.0
2025-06-26 14:59:00,EQX,,5.885000228881836,5.889999866485596,5.880000114440918,5.889999866485596,17442.0
2025-06-26 14:59:00,ERC,,9.40999984741211,9.40999984741211,9.40999984741211,9.40999984741211,144.0
2025-06-26 14:59:00,FOXO,,0.20010000467300415,0.20010000467300415,0.20010000467300415,0.20010000467300415,2500.0
2025-06-26 14:59:00,FSP,,1.690000057220459,1.690000057220459,1.684999942779541,1.684999942779541,564.0
2025-06-26 14:59:00,GLDG,,0.7455000281333923,0.7455000281333923,0.7455000281333923,0.7455000281333923,200.0
2025-06-26 14:59:00,GNS,,1.1698999404907227,1.190000057220459,1.159999966621399,1.179900050163269,108235.0
2025-06-26 14:59:00,GROY,,2.2750000953674316,2.2750000953674316,2.2699999809265137,2.2750000953674316,712.0
2025-06-26 14:59:00,GSAT,,23.385000228881836,23.385000228881836,23.385000228881836,23.385000228881836,258.0
2025-06-26 14:59:00,HUSA,,12.819999694824219,12.819999694824219,12.819999694824219,12.819999694824219,281.0
2025-06-26 14:59:00,IBO,,0.9597489833831787,0.9597489833831787,0.9597489833831787,0.9597489833831787,458.0
2025-06-26 14:59:00,IE,,9.5600004196167,9.569999694824219,9.5600004196167,9.569999694824219,4119.0
2025-06-26 14:59:00,IGC,,0.3100000023841858,0.3100000023841858,0.3100000023841858,0.3100000023841858,13015.0
2025-06-26 14:59:00,IMO,,81.29499816894531,81.30000305175781,81.2699966430664,81.2699966430664,991.0
2025-06-26 14:59:00,INDO,,3.039900064468384,3.039900064468384,3.039900064468384,3.039900064468384,343.0
2025-06-26 14:59:00,INFU,,6.500100135803223,6.500100135803223,6.500100135803223,6.500100135803223,170.0
2025-06-26 14:59:00,ITRG,,1.5311000347137451,1.5311000347137451,1.5311000347137451,1.5311000347137451,5025.0
2025-06-26 14:59:00,KULR,,5.150000095367432,5.150000095367432,5.144599914550781,5.150000095367432,3828.0
2025-06-26 14:59:00,LCTX,,0.9919009804725647,0.9919999837875366,0.9919009804725647,0.9919999837875366,1231.0
2025-06-26 14:59:00,LEU,,174.3350067138672,174.3350067138672,174.014404296875,174.014404296875,2261.0
2025-06-26 14:59:00,LMND,,42.45500183105469,42.46879959106445,42.45500183105469,42.459999084472656,4830.0
2025-06-26 14:59:00,LNG,,241.47999572753906,241.47999572753906,241.4199981689453,241.4199981689453,3004.0
2025-06-26 14:59:00,MAIA,,1.6800999641418457,1.6800999641418457,1.6800999641418457,1.6800999641418457,1025.0
2025-06-26 14:59:00,MITQ,,0.6676999926567078,0.6676999926567078,0.6676999926567078,0.6676999926567078,1001.0
2025-06-26 14:59:00,MLSS,,0.7398999929428101,0.7398999929428101,0.7200000286102295,0.7332000136375427,1000.0
2025-06-26 14:59:00,NAK,,1.5549999475479126,1.559999942779541,1.5549999475479126,1.5549999475479126,6581.0
2025-06-26 14:59:00,NBH,,9.800299644470215,9.800299644470215,9.800299644470215,9.800299644470215,1123.0
2025-06-26 14:59:00,NCL,,0.17964999377727509,0.17964999377727509,0.17964999377727509,0.17964999377727509,205.0
2025-06-26 14:59:00,NG,,4.105000019073486,4.110000133514404,4.105000019073486,4.105000019073486,2798.0
2025-06-26 14:59:00,NGD,,4.90500020980835,4.909999847412109,4.900000095367432,4.90500020980835,54790.0
2025-06-26 14:59:00,OPTT,,0.5156000256538391,0.5156000256538391,0.515500009059906,0.5156000256538391,3355.0
2025-06-26 14:59:00,ORLA,,9.984999656677246,9.989999771118164,9.979999542236328,9.989999771118164,1283.0
2025-06-26 14:59:00,PLG,,1.6549999713897705,1.6549999713897705,1.6549999713897705,1.6549999713897705,1300.0
2025-06-26 14:59:00,PLX,,1.5049999952316284,1.5049999952316284,1.5049999952316284,1.5049999952316284,504.0
2025-06-26 14:59:00,RCG,,2.5553998947143555,2.5553998947143555,2.5553998947143555,2.5553998947143555,5001.0
2025-06-26 14:59:00,REI,,0.7718499898910522,0.7756999731063843,0.7699999809265137,0.7756999731063843,26474.0
2025-06-26 14:59:00,REPX,,26.59000015258789,26.59000015258789,26.59000015258789,26.59000015258789,442.0
2025-06-26 14:59:00,SATX,,2.9600000381469727,2.9600000381469727,2.9600000381469727,2.9600000381469727,395.0
2025-06-26 14:59:00,SBEV,,3.950000047683716,3.9800000190734863,3.869999885559082,3.9800000190734863,1115.0
2025-06-26 14:59:00,SEB,,2956.5,2956.5,2956.5,2956.5,2.0
2025-06-26 14:59:00,SENS,,0.49939998984336853,0.49950000643730164,0.4993000030517578,0.4993000030517578,3988.0
2025-06-26 14:59:00,SLI,,1.9149999618530273,1.9149999618530273,1.9149999618530273,1.9149999618530273,198.0
2025-06-26 14:59:00,SOAR,,1.3899999856948853,1.3899999856948853,1.3799999952316284,1.3799999952316284,330.0
2025-06-26 14:59:00,SVM,,4.179999828338623,4.179999828338623,4.175000190734863,4.175000190734863,722.0
2025-06-26 14:59:00,TGB,,3.130000114440918,3.130000114440918,3.119999885559082,3.125,19522.0
2025-06-26 14:59:00,TOON,,0.7710000276565552,0.7799999713897705,0.7710000276565552,0.7799999713897705,652.0
2025-06-26 14:59:00,TPET,,1.1799999475479126,1.1894999742507935,1.1799999475479126,1.1799999475479126,655.0
2025-06-26 14:59:00,UAMY,,2.6600000858306885,2.6600000858306885,2.634999990463257,2.634999990463257,31492.0
2025-06-26 14:59:00,UAVS,,1.1399999856948853,1.1399999856948853,1.1308000087738037,1.1308000087738037,1190.0
2025-06-26 14:59:00,UEC,,6.909999847412109,6.909999847412109,6.900000095367432,6.90500020980835,13270.0
2025-06-26 14:59:00,URG,,1.0348000526428223,1.0399999618530273,1.0299999713897705,1.034999966621399,6282.0
2025-06-26 14:59:00,UUUU,,5.849999904632568,5.849999904632568,5.844600200653076,5.84499979019165,5251.0
2025-06-26 14:59:00,VNRX,,0.8788999915122986,0.8788999915122986,0.8677999973297119,0.8768500089645386,3110.0
2025-06-26 14:59:00,VZLA,,2.9749999046325684,2.9749999046325684,2.9749999046325684,2.9749999046325684,339.0
2025-06-26 15:00:00,ARMN,,6.794000148773193,6.800000190734863,6.794000148773193,6.800000190734863,3931.0
2025-06-26 15:00:00,ASM,,3.515000104904175,3.5199999809265137,3.515000104904175,3.515000104904175,6234.0
2025-06-26 15:00:00,ATNM,,1.5850000381469727,1.5850000381469727,1.5850000381469727,1.5850000381469727,487.0
2025-06-26 15:00:00,AZTR,,0.25519999861717224,0.25519999861717224,0.25519999861717224,0.25519999861717224,100.0
2025-06-26 15:00:00,BRBS,,3.315000057220459,3.315000057220459,3.315000057220459,3.315000057220459,112.0
2025-06-26 15:00:00,BRN,,1.2400000095367432,1.2400000095367432,1.2400000095367432,1.2400000095367432,51655.0
2025-06-26 15:00:00,BTG,,3.619999885559082,3.625,3.619999885559082,3.625,8745.0
2025-06-26 15:00:00,CATX,,3.7100000381469727,3.7149999141693115,3.7100000381469727,3.7100000381469727,900.0
2025-06-26 15:00:00,CBOE,,227.07000732421875,227.07000732421875,227.07000732421875,227.07000732421875,974.0
2025-06-26 15:00:00,CEV,,9.680000305175781,9.680000305175781,9.680000305175781,9.680000305175781,100.0
2025-06-26 15:00:00,CLM,,7.945000171661377,7.945000171661377,7.945000171661377,7.945000171661377,104.0
2025-06-26 15:00:00,CMCL,,19.1299991607666,19.1299991607666,19.1299991607666,19.1299991607666,103.0
2025-06-26 15:00:00,CQP,,56.189998626708984,56.19499969482422,56.15999984741211,56.15999984741211,655.0
2025-06-26 15:00:00,CRF,,7.554999828338623,7.559899806976318,7.554999828338623,7.559899806976318,7413.0
2025-06-26 15:00:00,CTM,,1.059999942779541,1.059999942779541,1.059000015258789,1.059000015258789,559.0
2025-06-26 15:00:00,CVR,,12.0,12.0,12.0,12.0,0.0
2025-06-26 15:00:00,CVU,,3.4600000381469727,3.4600000381469727,3.4600000381469727,3.4600000381469727,125.0
2025-06-26 15:00:00,CYBN,,8.510000228881836,8.510000228881836,8.510000228881836,8.510000228881836,196.0
2025-06-26 15:00:00,DC,,3.8053998947143555,3.8053998947143555,3.805000066757202,3.805000066757202,869.0
2025-06-26 15:00:00,DNN,,1.839900016784668,1.840000033378601,1.8350000381469727,1.840000033378601,40859.0
2025-06-26 15:00:00,EIM,,9.569999694824219,9.569999694824219,9.569999694824219,9.569999694824219,387.0
2025-06-26 15:00:00,ELA,,5.889999866485596,5.889999866485596,5.889999866485596,5.889999866485596,327.0
2025-06-26 15:00:00,EMX,,2.559999942779541,2.559999942779541,2.559999942779541,2.559999942779541,161.0
2025-06-26 15:00:00,EPM,,4.769999980926514,4.769999980926514,4.769999980926514,4.769999980926514,100.0
2025-06-26 15:00:00,EQX,,5.893499851226807,5.894999980926514,5.880000114440918,5.880000114440918,81072.0
2025-06-26 15:00:00,ERC,,9.430000305175781,9.430000305175781,9.420000076293945,9.420000076293945,5414.0
2025-06-26 15:00:00,EVM,,8.845000267028809,8.845000267028809,8.845000267028809,8.845000267028809,300.0
2025-06-26 15:00:00,FOXO,,0.20069999992847443,0.20200100541114807,0.20069999992847443,0.20160000026226044,4706.0
2025-06-26 15:00:00,GENC,,14.600000381469727,14.600000381469727,14.460000038146973,14.460000038146973,200.0
2025-06-26 15:00:00,GLDG,,0.7455000281333923,0.7455000281333923,0.7455000281333923,0.7455000281333923,809.0
2025-06-26 15:00:00,GNS,,1.1699999570846558,1.1699999570846558,1.159999966621399,1.159999966621399,68062.0
2025-06-26 15:00:00,GORO,,0.5442990064620972,0.5442990064620972,0.5442990064620972,0.5442990064620972,202.0
2025-06-26 15:00:00,GROY,,2.2799999713897705,2.2799999713897705,2.2699999809265137,2.2750000953674316,949.0
2025-06-26 15:00:00,GSAT,,23.389999389648438,23.389999389648438,23.389999389648438,23.389999389648438,375.0
2025-06-26 15:00:00,HUSA,,12.819999694824219,12.819999694824219,12.819999694824219,12.819999694824219,267.0
2025-06-26 15:00:00,IBO,,0.955551028251648,0.955551028251648,0.9480999708175659,0.9480999708175659,2799.0
2025-06-26 15:00:00,IDR,,13.1899995803833,13.1899995803833,13.1899995803833,13.1899995803833,357.0
2025-06-26 15:00:00,IE,,9.600000381469727,9.600000381469727,9.569999694824219,9.569999694824219,3048.0
2025-06-26 15:00:00,IMO,,81.29499816894531,81.30500030517578,81.29499816894531,81.30500030517578,698.0
2025-06-26 15:00:00,INDO,,3.0399999618530273,3.0399999618530273,3.0380001068115234,3.0380001068115234,2695.0
2025-06-26 15:00:00,INFU,,6.5,6.5,6.5,6.5,345.0
2025-06-26 15:00:00,KNW,,1.9500000476837158,1.9500000476837158,1.9500000476837158,1.9500000476837158,1142699.0
2025-06-26 15:00:00,KULR,,5.144999980926514,5.150000095367432,5.144999980926514,5.150000095367432,7112.0
2025-06-26 15:00:00,LCTX,,0.9922000169754028,0.9922000169754028,0.9918000102043152,0.9919000267982483,14198.0
2025-06-26 15:00:00,LEU,,174.97999572753906,175.5399932861328,174.55499267578125,174.55499267578125,4196.0
2025-06-26 15:00:00,LMND,,42.57749938964844,42.57749938964844,42.45500183105469,42.45500183105469,4407.0
2025-06-26 15:00:00,LNG,,241.63999938964844,241.69000244140625,241.6199951171875,241.6199951171875,2826.0
2025-06-26 15:00:00,LODE,,3.744999885559082,3.744999885559082,3.744999885559082,3.744999885559082,283.0
2025-06-26 15:00:00,LSF,,6.204599857330322,6.204599857330322,6.204599857330322,6.204599857330322,536.0
2025-06-26 15:00:00,MAG,,21.364999771118164,21.364999771118164,21.360000610351562,21.364999771118164,2752.0
2025-06-26 15:00:00,MITQ,,0.6676999926567078,0.6676999926567078,0.6675000190734863,0.6675000190734863,5000.0
2025-06-26 15:00:00,MTA,,3.934999942779541,3.934999942779541,3.934999942779541,3.934999942779541,247.0
2025-06-26 15:00:00,NAK,,1.5549999475479126,1.5549999475479126,1.5533000230789185,1.5533000230789185,3699.0
2025-06-26 15:00:00,NCL,,0.179299995303154,0.179299995303154,0.179299995303154,0.179299995303154,100.0
2025-06-26 15:00:00,NG,,4.0920000076293945,4.105000019073486,4.090000152587891,4.105000019073486,48892.0
2025-06-26 15:00:00,NGD,,4.900300025939941,4.90500020980835,4.900000095367432,4.90500020980835,28368.0
2025-06-26 15:00:00,NHS,,7.529900074005127,7.529900074005127,7.514999866485596,7.514999866485596,200.0
2025-06-26 15:00:00,NML,,8.829999923706055,8.829999923706055,8.819999694824219,8.819999694824219,400.0
2025-06-26 15:00:00,NNVC,,1.225000023841858,1.225000023841858,1.225000023841858,1.225000023841858,305.0
2025-06-26 15:00:00,NRO,,3.184999942779541,3.184999942779541,3.184999942779541,3.184999942779541,100.0
2025-06-26 15:00:00,OBE,,5.5,5.5,5.494999885559082,5.494999885559082,1154.0
2025-06-26 15:00:00,ORLA,,9.979999542236328,9.979999542236328,9.975000381469727,9.979999542236328,1193.0
2025-06-26 15:00:00,PED,,0.6543999910354614,0.659250020980835,0.651199996471405,0.651199996471405,2004.0
2025-06-26 15:00:00,PLAG,,0.8796390295028687,0.8796390295028687,0.8796390295028687,0.8796390295028687,150.0
2025-06-26 15:00:00,PLG,,1.6549999713897705,1.6549999713897705,1.6549999713897705,1.6549999713897705,2000.0
2025-06-26 15:00:00,PLX,,1.4950000047683716,1.5,1.4950000047683716,1.5,4981.0
2025-06-26 15:00:00,REI,,0.7718999981880188,0.7718999981880188,0.7705000042915344,0.7705000042915344,2201.0
2025-06-26 15:00:00,REPX,,26.639999389648438,26.639999389648438,26.610000610351562,26.610000610351562,1326.0
2025-06-26 15:00:00,SATX,,2.9600000381469727,2.9600000381469727,2.9600000381469727,2.9600000381469727,741.0
2025-06-26 15:00:00,SBEV,,3.990000009536743,3.990000009536743,3.950000047683716,3.950000047683716,588.0
2025-06-26 15:00:00,SEB,,2956.699951171875,2956.699951171875,2956.699951171875,2956.699951171875,1.0
2025-06-26 15:00:00,SENS,,0.49950000643730164,0.49959999322891235,0.49950000643730164,0.49950000643730164,1027.0
2025-06-26 15:00:00,SGN,,1.1349999904632568,1.1349999904632568,1.1349999904632568,1.1349999904632568,412.0
2025-06-26 15:00:00,SLI,,1.9169000387191772,1.9249999523162842,1.9149999618530273,1.9149999618530273,17172.0
2025-06-26 15:00:00,SLND,,3.9049999713897705,3.9049999713897705,3.9049999713897705,3.9049999713897705,1050.0
2025-06-26 15:00:00,SOAR,,1.3799999952316284,1.3799999952316284,1.3799999952316284,1.3799999952316284,419.0
2025-06-26 15:00:00,STXS,,2.194999933242798,2.194999933242798,2.194999933242798,2.194999933242798,357.0
2025-06-26 15:00:00,SVM,,4.179699897766113,4.179999828338623,4.175000190734863,4.175000190734863,1765.0
2025-06-26 15:00:00,TGB,,3.130000114440918,3.130000114440918,3.125,3.125,740.0
2025-06-26 15:00:00,UAMY,,2.6600000858306885,2.6600000858306885,2.652600049972534,2.652600049972534,3472.0
2025-06-26 15:00:00,UAVS,,1.1399999856948853,1.1399999856948853,1.1369999647140503,1.1399999856948853,2561.0
2025-06-26 15:00:00,UEC,,6.925000190734863,6.9253997802734375,6.909999847412109,6.909999847412109,23801.0
2025-06-26 15:00:00,URG,,1.034999966621399,1.0399999618530273,1.034999966621399,1.0399999618530273,8083.0
2025-06-26 15:00:00,UUU,,3.044800043106079,3.044800043106079,3.044800043106079,3.044800043106079,0.0
2025-06-26 15:00:00,UUUU,,5.864999771118164,5.86870002746582,5.840000152587891,5.84499979019165,29738.0
2025-06-26 15:00:00,VZLA,,2.9749999046325684,2.9800000190734863,2.9749999046325684,2.9749999046325684,400.0
2025-06-26 15:00:00,WWR,,0.605400025844574,0.605400025844574,0.605400025844574,0.605400025844574,187.0
2025-06-26 15:01:00,AREN,,6.139999866485596,6.139999866485596,6.139999866485596,6.139999866485596,201.0
2025-06-26 15:01:00,ARMN,,6.789999961853027,6.789999961853027,6.789999961853027,6.789999961853027,360.0
2025-06-26 15:01:00,ASM,,3.5185999870300293,3.5199999809265137,3.509999990463257,3.515000104904175,16498.0
2025-06-26 15:01:00,ATNM,,1.5850000381469727,1.5850000381469727,1.5850000381469727,1.5850000381469727,330.0
2025-06-26 15:01:00,AZTR,,0.2572000026702881,0.2572000026702881,0.2572000026702881,0.2572000026702881,280.0
2025-06-26 15:01:00,BATL,,1.4700000286102295,1.4700000286102295,1.4700000286102295,1.4700000286102295,208.0
2025-06-26 15:01:00,BRBS,,3.319999933242798,3.319999933242798,3.315000057220459,3.315000057220459,394.0
2025-06-26 15:01:00,BTG,,3.625,3.6298999786376953,3.625,3.6294000148773193,15134.0
2025-06-26 15:01:00,BURU,,0.3343999981880188,0.33570000529289246,0.3343999981880188,0.33570000529289246,2601.0
2025-06-26 15:01:00,CATX,,3.7049999237060547,3.7049999237060547,3.7049999237060547,3.7049999237060547,884.0
2025-06-26 15:01:00,CBOE,,227.1999969482422,227.2100067138672,227.0800018310547,227.0800018310547,1855.0
2025-06-26 15:01:00,CEF,,30.41349983215332,30.41349983215332,30.41349983215332,30.41349983215332,124.0
2025-06-26 15:01:00,CEV,,9.6899995803833,9.6899995803833,9.6899995803833,9.6899995803833,1500.0
2025-06-26 15:01:00,CIK,,2.9312000274658203,2.9312000274658203,2.9312000274658203,2.9312000274658203,950.0
2025-06-26 15:01:00,CLDI,,0.2298000007867813,0.23000000417232513,0.2199999988079071,0.226500004529953,6665.0
2025-06-26 15:01:00,CLM,,7.945000171661377,7.949999809265137,7.940000057220459,7.940000057220459,7518.0
2025-06-26 15:01:00,CMCL,,19.189199447631836,19.189199447631836,19.189199447631836,19.189199447631836,503.0
2025-06-26 15:01:00,CQP,,56.189998626708984,56.19499969482422,56.189998626708984,56.19499969482422,407.0
2025-06-26 15:01:00,CRF,,7.554999828338623,7.554999828338623,7.554999828338623,7.554999828338623,169.0
2025-06-26 15:01:00,CTM,,1.0566999912261963,1.0566999912261963,1.0549999475479126,1.0549999475479126,5136.0
2025-06-26 15:01:00,CYBN,,8.53499984741211,8.53499984741211,8.53499984741211,8.53499984741211,174.0
2025-06-26 15:01:00,DC,,3.799999952316284,3.799999952316284,3.799999952316284,3.799999952316284,122.0
2025-06-26 15:01:00,DDC,,10.100099563598633,10.149999618530273,10.100099563598633,10.149999618530273,1027.0
2025-06-26 15:01:00,DNN,,1.840000033378601,1.840000033378601,1.8350000381469727,1.840000033378601,4154.0
2025-06-26 15:01:00,EAD,,6.975399971008301,6.975399971008301,6.975399971008301,6.975399971008301,216.0
2025-06-26 15:01:00,EQX,,5.889999866485596,5.895199775695801,5.889999866485596,5.889999866485596,13016.0
2025-06-26 15:01:00,ERH,,11.399999618530273,11.399999618530273,11.399999618530273,11.399999618530273,179.0
2025-06-26 15:01:00,EVM,,8.840100288391113,8.845000267028809,8.840100288391113,8.845000267028809,1478.0
2025-06-26 15:01:00,EVV,,10.164999961853027,10.164999961853027,10.164999961853027,10.164999961853027,375.0
2025-06-26 15:01:00,FOXO,,0.20200000703334808,0.20200000703334808,0.20200000703334808,0.20200000703334808,4000.0
2025-06-26 15:01:00,GAU,,1.2799999713897705,1.2799999713897705,1.2799999713897705,1.2799999713897705,150.0
2025-06-26 15:01:00,GENC,,14.470000267028809,14.470000267028809,14.45300006866455,14.45300006866455,200.0
2025-06-26 15:01:00,GNS,,1.1799999475479126,1.1799999475479126,1.160099983215332,1.1607999801635742,38659.0
2025-06-26 15:01:00,GROY,,2.2750000953674316,2.2750000953674316,2.2750000953674316,2.2750000953674316,332.0
2025-06-26 15:01:00,GSAT,,23.399999618530273,23.399999618530273,23.399999618530273,23.399999618530273,396.0
2025-06-26 15:01:00,GTE,,5.014999866485596,5.014999866485596,5.014999866485596,5.014999866485596,455.0
2025-06-26 15:01:00,IBO,,0.9577999711036682,0.9577999711036682,0.9577999711036682,0.9577999711036682,241.0
2025-06-26 15:01:00,IE,,9.609999656677246,9.609999656677246,9.609999656677246,9.609999656677246,843.0
2025-06-26 15:01:00,IMO,,81.31999969482422,81.31999969482422,81.31999969482422,81.31999969482422,415.0
2025-06-26 15:01:00,INDO,,3.0486209392547607,3.0486209392547607,3.0486209392547607,3.0486209392547607,250.0
2025-06-26 15:01:00,INUV,,3.9200000762939453,3.9200000762939453,3.9200000762939453,3.9200000762939453,2277.0
2025-06-26 15:01:00,ITRG,,1.534999966621399,1.534999966621399,1.5299999713897705,1.5300999879837036,651.0
2025-06-26 15:01:00,KULR,,5.150000095367432,5.150000095367432,5.150000095367432,5.150000095367432,1147.0
2025-06-26 15:01:00,LCTX,,0.9919999837875366,0.9922000169754028,0.9919999837875366,0.9922000169754028,1266.0
2025-06-26 15:01:00,LEU,,174.83700561523438,175.08999633789062,174.82000732421875,174.83700561523438,1387.0
2025-06-26 15:01:00,LMND,,42.599998474121094,42.599998474121094,42.54999923706055,42.54999923706055,4485.0
2025-06-26 15:01:00,LNG,,241.78500366210938,241.78500366210938,241.7100067138672,241.7100067138672,2000.0
2025-06-26 15:01:00,MAG,,21.364999771118164,21.364999771118164,21.364999771118164,21.364999771118164,786.0
2025-06-26 15:01:00,MITQ,,0.6675000190734863,0.6722999811172485,0.6675000190734863,0.6722999811172485,253428.0
2025-06-26 15:01:00,MLSS,,0.7200999855995178,0.7200999855995178,0.7200999855995178,0.7200999855995178,504.0
2025-06-26 15:01:00,MRT,,2.890000104904175,2.890000104904175,2.890000104904175,2.890000104904175,162.0
2025-06-26 15:01:00,MTA,,3.934999942779541,3.934999942779541,3.934999942779541,3.934999942779541,123.0
2025-06-26 15:01:00,MYND,,0.9599999785423279,0.9599999785423279,0.9599999785423279,0.9599999785423279,538.0
2025-06-26 15:01:00,MYO,,2.2200000286102295,2.2200000286102295,2.2200000286102295,2.2200000286102295,203.0
2025-06-26 15:01:00,NAK,,1.559999942779541,1.559999942779541,1.551900029182434,1.554800033569336,2052.0
2025-06-26 15:01:00,NCL,,0.17970000207424164,0.17990000545978546,0.179299995303154,0.179299995303154,8120.0
2025-06-26 15:01:00,NG,,4.099999904632568,4.099999904632568,4.090000152587891,4.090000152587891,5443.0
2025-06-26 15:01:00,NGD,,4.900000095367432,4.90500020980835,4.900000095367432,4.90500020980835,4620.0
2025-06-26 15:01:00,NNVC,,1.2252000570297241,1.2300000190734863,1.2252000570297241,1.2300000190734863,2295.0
2025-06-26 15:01:00,OPTT,,0.5174999833106995,0.5174999833106995,0.5174999833106995,0.5174999833106995,1315.0
2025-06-26 15:01:00,ORLA,,9.979999542236328,9.979999542236328,9.979999542236328,9.979999542236328,1501.0
2025-06-26 15:01:00,PHGE,,0.460099995136261,0.46209999918937683,0.460099995136261,0.46209999918937683,3001.0
2025-06-26 15:01:00,PLG,,1.6549999713897705,1.6549999713897705,1.6511000394821167,1.6511000394821167,10660.0
2025-06-26 15:01:00,PLMR,,153.2899932861328,153.2899932861328,153.16000366210938,153.16000366210938,362.0
2025-06-26 15:01:00,PLX,,1.4950000047683716,1.4950000047683716,1.4950000047683716,1.4950000047683716,100.0
2025-06-26 15:01:00,REI,,0.7718999981880188,0.7731000185012817,0.7706000208854675,0.7718999981880188,3577.0
2025-06-26 15:01:00,RLGT,,6.039999961853027,6.039999961853027,6.039999961853027,6.039999961853027,1864.0
2025-06-26 15:01:00,SATX,,2.9600000381469727,2.9600000381469727,2.9600000381469727,2.9600000381469727,400.0
2025-06-26 15:01:00,SBEV,,4.019999980926514,4.019999980926514,3.9899001121520996,3.9899001121520996,1191.0
2025-06-26 15:01:00,SEB,,2954.010009765625,2954.010009765625,2953.307373046875,2953.307373046875,2.0
2025-06-26 15:01:00,SENS,,0.5006999969482422,0.5006999969482422,0.49959999322891235,0.4997999966144562,8155.0
2025-06-26 15:01:00,SING,,0.006899999920278788,0.006899999920278788,0.006899999920278788,0.006899999920278788,100.0
2025-06-26 15:01:00,SKYH,,9.585000038146973,9.585000038146973,9.585000038146973,9.585000038146973,321.0
2025-06-26 15:01:00,SLI,,1.9299999475479126,1.9299999475479126,1.9149999618530273,1.9149999618530273,6719.0
2025-06-26 15:01:00,SVM,,4.179999828338623,4.179999828338623,4.170000076293945,4.175000190734863,40275.0
2025-06-26 15:01:00,TGB,,3.119999885559082,3.130000114440918,3.119999885559082,3.130000114440918,35120.0
2025-06-26 15:01:00,THM,,0.8755000233650208,0.8755000233650208,0.8755000233650208,0.8755000233650208,2020.0
2025-06-26 15:01:00,TOON,,0.7799999713897705,0.7799999713897705,0.777550995349884,0.7786999940872192,13557.0
2025-06-26 15:01:00,TPET,,1.1799999475479126,1.1799999475479126,1.1799999475479126,1.1799999475479126,202.0
2025-06-26 15:01:00,TRX,,0.33730000257492065,0.33730000257492065,0.33730000257492065,0.33730000257492065,298.0
2025-06-26 15:01:00,UAMY,,2.6696999073028564,2.6700000762939453,2.6549999713897705,2.6549999713897705,4077.0
2025-06-26 15:01:00,UAVS,,1.1395000219345093,1.1399999856948853,1.1395000219345093,1.1399999856948853,660.0
2025-06-26 15:01:00,UEC,,6.925000190734863,6.925000190734863,6.925000190734863,6.925000190734863,5525.0
2025-06-26 15:01:00,URG,,1.0399999618530273,1.0399999618530273,1.0299999713897705,1.0399999618530273,4441.0
2025-06-26 15:01:00,USAS,,0.8299999833106995,0.8299999833106995,0.8277999758720398,0.8277999758720398,10508.0
2025-06-26 15:01:00,UUUU,,5.864999771118164,5.868800163269043,5.864999771118164,5.868800163269043,487.0
2025-06-26 15:01:00,VNRX,,0.8606500029563904,0.8737999796867371,0.8606500029563904,0.8684999942779541,6537.0
2025-06-26 15:01:00,VTAK,,0.2502000033855438,0.2508000135421753,0.2502000033855438,0.2508000135421753,201.0
2025-06-26 15:01:00,VZLA,,2.9800000190734863,2.9800000190734863,2.9749999046325684,2.975100040435791,11930.0
2025-06-26 15:01:00,WWR,,0.605400025844574,0.605400025844574,0.6049000024795532,0.6049000024795532,440.0
2025-06-26 15:02:00,AIRI,,3.384999990463257,3.384999990463257,3.370300054550171,3.370300054550171,220.0
2025-06-26 15:02:00,AREN,,6.139999866485596,6.139999866485596,6.119999885559082,6.139999866485596,982.0
2025-06-26 15:02:00,ARMN,,6.795000076293945,6.795000076293945,6.795000076293945,6.795000076293945,200.0
2025-06-26 15:02:00,ASM,,3.515000104904175,3.515000104904175,3.515000104904175,3.515000104904175,1662.0
2025-06-26 15:02:00,ATNM,,1.590000033378601,1.590000033378601,1.5850000381469727,1.5850000381469727,320.0
2025-06-26 15:02:00,BKTI,,54.8849983215332,54.8849983215332,54.8849983215332,54.8849983215332,709.0
2025-06-26 15:02:00,BRN,,1.2400000095367432,1.2400000095367432,1.2400000095367432,1.2400000095367432,4574.0
2025-06-26 15:02:00,BTG,,3.625,3.629300117492676,3.625,3.629300117492676,9793.0
2025-06-26 15:02:00,BURU,,0.3357999920845032,0.3357999920845032,0.3357999920845032,0.3357999920845032,2975.0
2025-06-26 15:02:00,CANF,,1.055400013923645,1.055400013923645,1.055400013923645,1.055400013923645,250.0
2025-06-26 15:02:00,CATX,,3.6500000953674316,3.7049999237060547,3.6500000953674316,3.7049999237060547,16071.0
2025-06-26 15:02:00,CBOE,,227.25999450683594,227.25999450683594,227.2100067138672,227.2550048828125,409.0
2025-06-26 15:02:00,CIK,,2.934999942779541,2.934999942779541,2.934999942779541,2.934999942779541,496.0
2025-06-26 15:02:00,CLDI,,0.2319989949464798,0.2319989949464798,0.2319989949464798,0.2319989949464798,120.0
2025-06-26 15:02:00,CLM,,7.949999809265137,7.949999809265137,7.945000171661377,7.947999954223633,1663.0
2025-06-26 15:02:00,CMCL,,19.15999984741211,19.15999984741211,19.15999984741211,19.15999984741211,904.0
2025-06-26 15:02:00,CQP,,56.189998626708984,56.189998626708984,56.189998626708984,56.189998626708984,100.0
2025-06-26 15:02:00,CTM,,1.0549999475479126,1.0549999475479126,1.0549999475479126,1.0549999475479126,300.0
2025-06-26 15:02:00,DC,,3.8066999912261963,3.8066999912261963,3.799999952316284,3.799999952316284,378.0
2025-06-26 15:02:00,DNN,,1.840000033378601,1.840000033378601,1.8350000381469727,1.8350000381469727,27250.0
2025-06-26 15:02:00,ELA,,5.909999847412109,5.909999847412109,5.909999847412109,5.909999847412109,537.0
2025-06-26 15:02:00,ELMD,,21.315000534057617,21.315000534057617,21.315000534057617,21.315000534057617,534.0
2025-06-26 15:02:00,EMX,,2.5699000358581543,2.569999933242798,2.559999942779541,2.5699000358581543,1953.0
2025-06-26 15:02:00,EPM,,4.769999980926514,4.769999980926514,4.769999980926514,4.769999980926514,355.0
2025-06-26 15:02:00,EQX,,5.889999866485596,5.894999980926514,5.889999866485596,5.889999866485596,2983.0
2025-06-26 15:02:00,EVM,,8.845000267028809,8.845000267028809,8.845000267028809,8.845000267028809,100.0
2025-06-26 15:02:00,EVV,,10.164999961853027,10.164999961853027,10.164999961853027,10.164999961853027,100.0
2025-06-26 15:02:00,FOXO,,0.20170000195503235,0.20200000703334808,0.20100000500679016,0.20200000703334808,27200.0
2025-06-26 15:02:00,FSI,,4.449999809265137,4.449999809265137,4.449999809265137,4.449999809265137,100.0
2025-06-26 15:02:00,GAU,,1.284999966621399,1.284999966621399,1.284999966621399,1.284999966621399,102.0
2025-06-26 15:02:00,GENC,,14.600000381469727,14.600000381469727,14.600000381469727,14.600000381469727,119.0
2025-06-26 15:02:00,GGN,,4.38100004196167,4.38100004196167,4.38100004196167,4.38100004196167,236.0
2025-06-26 15:02:00,GNS,,1.190000057220459,1.190000057220459,1.1700999736785889,1.1706000566482544,62802.0
2025-06-26 15:02:00,GORO,,0.54830002784729,0.54830002784729,0.54830002784729,0.54830002784729,1439.0
2025-06-26 15:02:00,GROY,,2.2750000953674316,2.2750000953674316,2.2699999809265137,2.2699999809265137,262.0
2025-06-26 15:02:00,GSAT,,23.399999618530273,23.399999618530273,23.399999618530273,23.399999618530273,572.0
2025-06-26 15:02:00,IDR,,13.229999542236328,13.229999542236328,13.210000038146973,13.210000038146973,869.0
2025-06-26 15:02:00,IE,,9.609999656677246,9.61970043182373,9.609999656677246,9.609999656677246,836.0
2025-06-26 15:02:00,IGC,,0.30834901332855225,0.3099989891052246,0.30834901332855225,0.3099989891052246,240.0
2025-06-26 15:02:00,INDO,,3.0799999237060547,3.0799999237060547,3.0399999618530273,3.059999942779541,1046.0
2025-06-26 15:02:00,INFU,,6.420000076293945,6.5,6.420000076293945,6.5,2724.0
2025-06-26 15:02:00,KULR,,5.156700134277344,5.159999847412109,5.150000095367432,5.150000095367432,15780.0
2025-06-26 15:02:00,LCTX,,0.9922999739646912,0.9922999739646912,0.9922999739646912,0.9922999739646912,513.0
2025-06-26 15:02:00,LEU,,174.35000610351562,174.99000549316406,174.16000366210938,174.77499389648438,1955.0
2025-06-26 15:02:00,LMND,,42.679901123046875,42.679901123046875,42.599998474121094,42.599998474121094,8048.0
2025-06-26 15:02:00,LODE,,3.740000009536743,3.740000009536743,3.740000009536743,3.740000009536743,622.0
2025-06-26 15:02:00,MAG,,21.364999771118164,21.364999771118164,21.364999771118164,21.364999771118164,212.0
2025-06-26 15:02:00,MTA,,3.934999942779541,3.934999942779541,3.934999942779541,3.934999942779541,289792.0
2025-06-26 15:02:00,MTNB,,0.9300000071525574,0.9300000071525574,0.9300000071525574,0.9300000071525574,115995.0
2025-06-26 15:02:00,MYO,,2.2249999046325684,2.2249999046325684,2.2249999046325684,2.2249999046325684,190.0
2025-06-26 15:02:00,NAK,,1.559999942779541,1.559999942779541,1.5499999523162842,1.5549999475479126,26938.0
2025-06-26 15:02:00,NFGC,,1.475000023841858,1.4800000190734863,1.475000023841858,1.4800000190734863,2715.0
2025-06-26 15:02:00,NG,,4.09499979019165,4.09499979019165,4.093500137329102,4.093500137329102,1306.0
2025-06-26 15:02:00,NGD,,4.90500020980835,4.90500020980835,4.900000095367432,4.904699802398682,3535.0
2025-06-26 15:02:00,NHC,,107.65499877929688,107.65499877929688,107.65499877929688,107.65499877929688,114.0
2025-06-26 15:02:00,NNVC,,1.2244999408721924,1.2244999408721924,1.2244999408721924,1.2244999408721924,250.0
2025-06-26 15:02:00,OBE,,5.5,5.5,5.5,5.5,2968.0
2025-06-26 15:02:00,OPTT,,0.5177000164985657,0.5177000164985657,0.5170000195503235,0.5170999765396118,1608.0
2025-06-26 15:02:00,ORLA,,9.979999542236328,9.979999542236328,9.979999542236328,9.979999542236328,326.0
2025-06-26 15:02:00,PLG,,1.6549999713897705,1.6549999713897705,1.6549999713897705,1.6549999713897705,144.0
2025-06-26 15:02:00,PLMR,,153.19000244140625,153.19000244140625,153.19000244140625,153.19000244140625,388.0
2025-06-26 15:02:00,PLX,,1.4950000047683716,1.4950000047683716,1.4950000047683716,1.4950000047683716,212.0
2025-06-26 15:02:00,REI,,0.7717499732971191,0.7721999883651733,0.7703999876976013,0.7718999981880188,4194.0
2025-06-26 15:02:00,SBEV,,4.019999980926514,4.039999961853027,4.019999980926514,4.039999961853027,2604.0
2025-06-26 15:02:00,SENS,,0.49950000643730164,0.5034999847412109,0.49950000643730164,0.5006999969482422,17549.0
2025-06-26 15:02:00,SLI,,1.9249999523162842,1.9249999523162842,1.9249999523162842,1.9249999523162842,100.0
2025-06-26 15:02:00,STRW,,10.710000038146973,10.710000038146973,10.710000038146973,10.710000038146973,446.0
2025-06-26 15:02:00,SVM,,4.179999828338623,4.179999828338623,4.170000076293945,4.170000076293945,17427.0
2025-06-26 15:02:00,TGB,,3.130000114440918,3.130000114440918,3.123300075531006,3.130000114440918,1499.0
2025-06-26 15:02:00,TMQ,,1.4797999858856201,1.4797999858856201,1.4797999858856201,1.4797999858856201,1002.0
2025-06-26 15:02:00,TOON,,0.7799000144004822,0.7799000144004822,0.7799000144004822,0.7799000144004822,508.0
2025-06-26 15:02:00,TOVX,,0.4339999854564667,0.4339999854564667,0.4339999854564667,0.4339999854564667,4810.0
2025-06-26 15:02:00,UAMY,,2.6700000762939453,2.6700000762939453,2.661600112915039,2.6700000762939453,2895.0
2025-06-26 15:02:00,UAVS,,1.1449999809265137,1.1449999809265137,1.1399999856948853,1.1399999856948853,4488.0
2025-06-26 15:02:00,UEC,,6.925000190734863,6.925000190734863,6.925000190734863,6.925000190734863,2104.0
2025-06-26 15:02:00,URG,,1.0399999618530273,1.0399999618530273,1.034999966621399,1.0389000177383423,3314.0
2025-06-26 15:02:00,USAS,,0.8299999833106995,0.8300999999046326,0.8299999833106995,0.8300999999046326,293.0
2025-06-26 15:02:00,UTG,,35.4901008605957,35.4901008605957,35.4901008605957,35.4901008605957,400.0
2025-06-26 15:02:00,UUUU,,5.8668999671936035,5.8678998947143555,5.860000133514404,5.864999771118164,9484.0
2025-06-26 15:02:00,VTAK,,0.25049999356269836,0.25049999356269836,0.25049999356269836,0.25049999356269836,415.0
2025-06-26 15:02:00,VZLA,,2.9800000190734863,2.9800000190734863,2.9749999046325684,2.9749999046325684,489.0
2025-06-26 15:03:00,AEON,,0.7621999979019165,0.7621999979019165,0.7621999979019165,0.7621999979019165,544.0
2025-06-26 15:03:00,AREN,,6.199999809265137,6.199999809265137,6.135000228881836,6.139999866485596,3071.0
2025-06-26 15:03:00,ARMN,,6.795000076293945,6.795000076293945,6.795000076293945,6.795000076293945,736.0
2025-06-26 15:03:00,ASM,,3.515000104904175,3.5199999809265137,3.509999990463257,3.515000104904175,4866.0
2025-06-26 15:03:00,ATNM,,1.5850000381469727,1.5850000381469727,1.5850000381469727,1.5850000381469727,231.0
2025-06-26 15:03:00,BKTI,,55.0,55.0,55.0,55.0,300.0
2025-06-26 15:03:00,BRBS,,3.319999933242798,3.319999933242798,3.319999933242798,3.319999933242798,268.0
2025-06-26 15:03:00,BTG,,3.629300117492676,3.630000114440918,3.620500087738037,3.625,45408.0
2025-06-26 15:03:00,BURU,,0.3352000117301941,0.33550000190734863,0.3352000117301941,0.33550000190734863,453.0
2025-06-26 15:03:00,CATX,,3.640000104904175,3.6449999809265137,3.640000104904175,3.640000104904175,3821.0
2025-06-26 15:03:00,CBOE,,227.1300048828125,227.2550048828125,227.1199951171875,227.1300048828125,5202.0
2025-06-26 15:03:00,CEF,,30.415000915527344,30.415000915527344,30.415000915527344,30.415000915527344,708.0
2025-06-26 15:03:00,CEV,,9.680000305175781,9.680000305175781,9.680000305175781,9.680000305175781,100.0
2025-06-26 15:03:00,CIK,,2.9354000091552734,2.9354000091552734,2.9354000091552734,2.9354000091552734,692.0
2025-06-26 15:03:00,CLDI,,0.23069900274276733,0.2319989949464798,0.23069900274276733,0.2319989949464798,420.0
2025-06-26 15:03:00,CLM,,7.945000171661377,7.945000171661377,7.945000171661377,7.945000171661377,150.0
2025-06-26 15:03:00,CPHI,,1.8300000429153442,1.8300000429153442,1.8300000429153442,1.8300000429153442,1001.0
2025-06-26 15:03:00,CQP,,56.189998626708984,56.189998626708984,56.189998626708984,56.189998626708984,463.0
2025-06-26 15:03:00,CRF,,7.554999828338623,7.554999828338623,7.554999828338623,7.554999828338623,185.0
2025-06-26 15:03:00,CTGO,,20.790000915527344,20.81999969482422,20.790000915527344,20.81999969482422,433.0
2025-06-26 15:03:00,CTM,,1.059999942779541,1.059999942779541,1.0598000288009644,1.059999942779541,551.0
2025-06-26 15:03:00,DC,,3.805000066757202,3.809999942779541,3.805000066757202,3.805000066757202,13869.0
2025-06-26 15:03:00,DNN,,1.840000033378601,1.840000033378601,1.8350000381469727,1.840000033378601,14505.0
2025-06-26 15:03:00,EIM,,9.574999809265137,9.574999809265137,9.574999809265137,9.574999809265137,500.0
2025-06-26 15:03:00,ELA,,5.900000095367432,5.900000095367432,5.900000095367432,5.900000095367432,219.0
2025-06-26 15:03:00,EQX,,5.894999980926514,5.894999980926514,5.889999866485596,5.889999866485596,7359.0
2025-06-26 15:03:00,ERC,,9.420000076293945,9.420000076293945,9.420000076293945,9.420000076293945,1134.0
2025-06-26 15:03:00,ESP,,45.36360168457031,45.36360168457031,45.36360168457031,45.36360168457031,120.0
2025-06-26 15:03:00,EVM,,8.84000015258789,8.84000015258789,8.84000015258789,8.84000015258789,100.0
2025-06-26 15:03:00,FOXO,,0.20200000703334808,0.20200000703334808,0.20100000500679016,0.20170000195503235,4009.0
2025-06-26 15:03:00,FSI,,4.489999771118164,4.489999771118164,4.489999771118164,4.489999771118164,352.0
2025-06-26 15:03:00,GAU,,1.2851999998092651,1.2851999998092651,1.2851999998092651,1.2851999998092651,211.0
2025-06-26 15:03:00,GENC,,14.550000190734863,14.550000190734863,14.550000190734863,14.550000190734863,100.0
2025-06-26 15:03:00,GLDG,,0.7455999851226807,0.7455999851226807,0.7455000281333923,0.7455000281333923,1411.0
2025-06-26 15:03:00,GNS,,1.1998000144958496,1.2000000476837158,1.1799999475479126,1.1895999908447266,109286.0
2025-06-26 15:03:00,GROY,,2.276700019836426,2.276700019836426,2.2699999809265137,2.2750000953674316,646.0
2025-06-26 15:03:00,GSAT,,23.420000076293945,23.420000076293945,23.420000076293945,23.420000076293945,1390.0
2025-06-26 15:03:00,GTE,,5.010000228881836,5.010000228881836,5.005000114440918,5.010000228881836,2644.0
2025-06-26 15:03:00,IDR,,13.199999809265137,13.204999923706055,13.199999809265137,13.204999923706055,1717.0
2025-06-26 15:03:00,IE,,9.619999885559082,9.630000114440918,9.579999923706055,9.604999542236328,17089.0
2025-06-26 15:03:00,IMO,,81.31999969482422,81.31999969482422,81.31999969482422,81.31999969482422,305.0
2025-06-26 15:03:00,INDO,,3.049999952316284,3.0625998973846436,3.049999952316284,3.0625998973846436,270.0
2025-06-26 15:03:00,KULR,,5.144999980926514,5.15749979019165,5.144999980926514,5.15500020980835,9995.0
2025-06-26 15:03:00,LCTX,,0.9923999905586243,0.9923999905586243,0.9921000003814697,0.9921000003814697,3174.0
2025-06-26 15:03:00,LEU,,174.5500030517578,174.69500732421875,174.4199981689453,174.69500732421875,1843.0
2025-06-26 15:03:00,LMND,,42.70000076293945,42.72359848022461,42.65999984741211,42.689998626708984,5286.0
2025-06-26 15:03:00,LNG,,241.80999755859375,241.85499572753906,241.80999755859375,241.85000610351562,4756.0
2025-06-26 15:03:00,MAG,,21.364999771118164,21.3799991607666,21.364999771118164,21.364999771118164,12497.0
2025-06-26 15:03:00,MITQ,,0.6675000190734863,0.6676999926567078,0.6675000190734863,0.6675000190734863,3000.0
2025-06-26 15:03:00,MTA,,3.9400999546051025,3.944999933242798,3.934999942779541,3.934999942779541,4197.0
2025-06-26 15:03:00,NAK,,1.5549999475479126,1.559999942779541,1.5499999523162842,1.5549999475479126,6979.0
2025-06-26 15:03:00,NFGC,,1.475000023841858,1.475000023841858,1.475000023841858,1.475000023841858,260.0
2025-06-26 15:03:00,NG,,4.09499979019165,4.099999904632568,4.09499979019165,4.09499979019165,2175.0
2025-06-26 15:03:00,NGD,,4.90500020980835,4.90500020980835,4.900000095367432,4.90500020980835,5990.0
2025-06-26 15:03:00,NRO,,3.180000066757202,3.184999942779541,3.180000066757202,3.184999942779541,628.0
2025-06-26 15:03:00,OBE,,5.5,5.5,5.5,5.5,2097.0
2025-06-26 15:03:00,OPTT,,0.5188609957695007,0.5188609957695007,0.5188609957695007,0.5188609957695007,3849.0
2025-06-26 15:03:00,ORLA,,9.984999656677246,9.984999656677246,9.984999656677246,9.984999656677246,760.0
2025-06-26 15:03:00,PHGE,,0.4699999988079071,0.4699999988079071,0.46299999952316284,0.46309998631477356,2410.0
2025-06-26 15:03:00,PLG,,1.6598999500274658,1.659999966621399,1.649999976158142,1.659999966621399,48436.0
2025-06-26 15:03:00,PLMR,,153.3800048828125,153.3800048828125,153.3699951171875,153.3699951171875,997.0
2025-06-26 15:03:00,PLX,,1.4900000095367432,1.4950000047683716,1.4850000143051147,1.4900000095367432,4405.0
2025-06-26 15:03:00,REI,,0.7700999975204468,0.7702999711036682,0.7700999975204468,0.7702999711036682,1099.0
2025-06-26 15:03:00,REPX,,26.645000457763672,26.645000457763672,26.645000457763672,26.645000457763672,187.0
2025-06-26 15:03:00,RLGT,,6.050000190734863,6.050000190734863,6.050000190734863,6.050000190734863,131.0
2025-06-26 15:03:00,SATX,,2.9600000381469727,2.9600000381469727,2.9600000381469727,2.9600000381469727,3505.0
2025-06-26 15:03:00,SBEV,,4.019999980926514,4.019999980926514,4.019999980926514,4.019999980926514,258.0
2025-06-26 15:03:00,SENS,,0.500249981880188,0.5002999901771545,0.5001000165939331,0.5001000165939331,3084.0
2025-06-26 15:03:00,SGN,,1.1303999423980713,1.1303999423980713,1.1303999423980713,1.1303999423980713,880.0
2025-06-26 15:03:00,SKYH,,9.609999656677246,9.609999656677246,9.600000381469727,9.600000381469727,1015.0
2025-06-26 15:03:00,STRW,,10.680000305175781,10.710000038146973,10.680000305175781,10.680000305175781,1192.0
2025-06-26 15:03:00,SVM,,4.184999942779541,4.190000057220459,4.179999828338623,4.179999828338623,43826.0
2025-06-26 15:03:00,TGB,,3.130000114440918,3.130000114440918,3.121000051498413,3.121000051498413,1452.0
2025-06-26 15:03:00,TMP,,63.45500183105469,63.45500183105469,63.45500183105469,63.45500183105469,122.0
2025-06-26 15:03:00,TRX,,0.3345000147819519,0.3345000147819519,0.3345000147819519,0.3345000147819519,299.0
2025-06-26 15:03:00,UAMY,,2.6649999618530273,2.6700000762939453,2.6600000858306885,2.6700000762939453,44969.0
2025-06-26 15:03:00,UAVS,,1.1360000371932983,1.1399999856948853,1.1360000371932983,1.1399999856948853,1200.0
2025-06-26 15:03:00,UEC,,6.925000190734863,6.929999828338623,6.920499801635742,6.925000190734863,10494.0
2025-06-26 15:03:00,URG,,1.0399999618530273,1.0399999618530273,1.034999966621399,1.0399999618530273,4125.0
2025-06-26 15:03:00,USAS,,0.8324999809265137,0.8324999809265137,0.8299999833106995,0.8312489986419678,20654.0
2025-06-26 15:03:00,UUUU,,5.860000133514404,5.868500232696533,5.849999904632568,5.860000133514404,18895.0
2025-06-26 15:03:00,VZLA,,2.9749999046325684,2.9749999046325684,2.9749999046325684,2.9749999046325684,3906.0
2025-06-26 15:03:00,WWR,,0.6011999845504761,0.6043999791145325,0.6011999845504761,0.6043999791145325,4468.0
2025-06-26 15:04:00,AREN,,6.190000057220459,6.199999809265137,6.159999847412109,6.159999847412109,8197.0
2025-06-26 15:04:00,ARMN,,6.793499946594238,6.795000076293945,6.789999961853027,6.789999961853027,2555.0
2025-06-26 15:04:00,ASM,,3.5199999809265137,3.5299999713897705,3.5100998878479004,3.515000104904175,26617.0
2025-06-26 15:04:00,ATNM,,1.5850000381469727,1.5850000381469727,1.5800000429153442,1.5850000381469727,440.0
2025-06-26 15:04:00,AUST,,1.3300000429153442,1.3300000429153442,1.3300000429153442,1.3300000429153442,301.0
2025-06-26 15:04:00,AZTR,,0.25870001316070557,0.25870001316070557,0.25870001316070557,0.25870001316070557,154.0
2025-06-26 15:04:00,BATL,,1.4744000434875488,1.4744000434875488,1.4744000434875488,1.4744000434875488,425.0
2025-06-26 15:04:00,BEEP,,4.239999771118164,4.239999771118164,4.239999771118164,4.239999771118164,138.0
2025-06-26 15:04:00,BRBS,,3.315000057220459,3.319999933242798,3.315000057220459,3.319999933242798,831.0
2025-06-26 15:04:00,BTG,,3.625,3.625,3.625,3.625,9862.0
2025-06-26 15:04:00,BURU,,0.3361000120639801,0.3361000120639801,0.335099995136261,0.3352000117301941,3490.0
2025-06-26 15:04:00,CATX,,3.6449999809265137,3.6449999809265137,3.634999990463257,3.634999990463257,2667.0
2025-06-26 15:04:00,CBOE,,227.07000732421875,227.17999267578125,227.05999755859375,227.17999267578125,2983.0
2025-06-26 15:04:00,CEV,,9.680000305175781,9.680000305175781,9.680000305175781,9.680000305175781,2756.0
2025-06-26 15:04:00,CLM,,7.945000171661377,7.945000171661377,7.945000171661377,7.945000171661377,181.0
2025-06-26 15:04:00,CQP,,56.189998626708984,56.189998626708984,56.189998626708984,56.189998626708984,301.0
2025-06-26 15:04:00,CRF,,7.554999828338623,7.554999828338623,7.554999828338623,7.554999828338623,200.0
2025-06-26 15:04:00,CTM,,1.0549999475479126,1.0549999475479126,1.0549999475479126,1.0549999475479126,904.0
2025-06-26 15:04:00,CVU,,3.4600000381469727,3.4600000381469727,3.4600000381469727,3.4600000381469727,281.0
2025-06-26 15:04:00,CYBN,,8.542099952697754,8.542099952697754,8.542099952697754,8.542099952697754,128.0
2025-06-26 15:04:00,DC,,3.805000066757202,3.805000066757202,3.805000066757202,3.805000066757202,164.0
2025-06-26 15:04:00,DHY,,2.108799934387207,2.109999895095825,2.108799934387207,2.109999895095825,3249.0
2025-06-26 15:04:00,DNN,,1.840000033378601,1.840000033378601,1.8301000595092773,1.840000033378601,11586.0
2025-06-26 15:04:00,EPM,,4.769999980926514,4.769999980926514,4.769999980926514,4.769999980926514,206.0
2025-06-26 15:04:00,EQX,,5.894999980926514,5.894999980926514,5.889999866485596,5.894999980926514,16063.0
2025-06-26 15:04:00,ERC,,9.430000305175781,9.430000305175781,9.420000076293945,9.420000076293945,4384.0
2025-06-26 15:04:00,GENC,,14.529999732971191,14.529999732971191,14.522299766540527,14.522299766540527,221.0
2025-06-26 15:04:00,GGN,,4.389900207519531,4.389900207519531,4.389900207519531,4.389900207519531,282.0
2025-06-26 15:04:00,GNS,,1.2100000381469727,1.2400000095367432,1.1900999546051025,1.1950000524520874,463066.0
2025-06-26 15:04:00,GROY,,2.2799999713897705,2.2799999713897705,2.2750000953674316,2.2799999713897705,384.0
2025-06-26 15:04:00,HUSA,,12.760000228881836,12.760000228881836,12.75,12.75,893.0
2025-06-26 15:04:00,IBO,,0.9517999887466431,0.9556000232696533,0.9480000138282776,0.9480000138282776,553.0
2025-06-26 15:04:00,IDR,,13.172699928283691,13.21500015258789,13.172699928283691,13.199999809265137,3446.0
2025-06-26 15:04:00,IE,,9.657299995422363,9.657299995422363,9.630000114440918,9.630000114440918,1999.0
2025-06-26 15:04:00,IGC,,0.3068000078201294,0.3068000078201294,0.3066999912261963,0.3066999912261963,800.0
2025-06-26 15:04:00,IMO,,81.32499694824219,81.33000183105469,81.30999755859375,81.30999755859375,852.0
2025-06-26 15:04:00,INDO,,3.0299999713897705,3.0409998893737793,3.0299999713897705,3.0409998893737793,4187.0
2025-06-26 15:04:00,INFU,,6.440000057220459,6.440000057220459,6.420000076293945,6.420000076293945,1204.0
2025-06-26 15:04:00,ITRG,,1.534999966621399,1.534999966621399,1.534999966621399,1.534999966621399,368.0
2025-06-26 15:04:00,KNW,,1.9299999475479126,1.940000057220459,1.9299999475479126,1.940000057220459,1359.0
2025-06-26 15:04:00,KULR,,5.139999866485596,5.144999980926514,5.139999866485596,5.144999980926514,1666.0
2025-06-26 15:04:00,LCTX,,0.9925000071525574,0.9926999807357788,0.9923999905586243,0.9923999905586243,1011.0
2025-06-26 15:04:00,LEU,,174.77999877929688,174.77999877929688,174.47999572753906,174.47999572753906,2087.0
2025-06-26 15:04:00,LMND,,42.66999816894531,42.685001373291016,42.66999816894531,42.67499923706055,7184.0
2025-06-26 15:04:00,LNG,,242.03500366210938,242.03500366210938,241.97000122070312,241.97000122070312,883.0
2025-06-26 15:04:00,MPTI,,40.59000015258789,40.599998474121094,40.59000015258789,40.599998474121094,343.0
2025-06-26 15:04:00,MTA,,3.950000047683716,3.950000047683716,3.940999984741211,3.9449000358581543,2426.0
2025-06-26 15:04:00,MYO,,2.2249999046325684,2.2249999046325684,2.2200000286102295,2.2200000286102295,319.0
2025-06-26 15:04:00,NAK,,1.5549999475479126,1.5549999475479126,1.5549999475479126,1.5549999475479126,851.0
2025-06-26 15:04:00,NCL,,0.17759999632835388,0.17990000545978546,0.17759999632835388,0.17990000545978546,51018.0
2025-06-26 15:04:00,NFGC,,1.475000023841858,1.475000023841858,1.475000023841858,1.475000023841858,200.0
2025-06-26 15:04:00,NG,,4.09499979019165,4.09499979019165,4.09499979019165,4.09499979019165,1413.0
2025-06-26 15:04:00,NGD,,4.90500020980835,4.908699989318848,4.90500020980835,4.90500020980835,24950.0
2025-06-26 15:04:00,NHC,,107.87999725341797,107.87999725341797,107.87999725341797,107.87999725341797,368.0
2025-06-26 15:04:00,NML,,8.829999923706055,8.829999923706055,8.829999923706055,8.829999923706055,240.0
2025-06-26 15:04:00,OPTT,,0.5177000164985657,0.51910001039505,0.5177000164985657,0.5188999772071838,2687.0
2025-06-26 15:04:00,PHGE,,0.4650999903678894,0.4650999903678894,0.4650000035762787,0.4650999903678894,584.0
2025-06-26 15:04:00,REI,,0.7702000141143799,0.7716000080108643,0.7702000141143799,0.7716000080108643,400.0
2025-06-26 15:04:00,RLGT,,6.050000190734863,6.050000190734863,6.050000190734863,6.050000190734863,521.0
2025-06-26 15:04:00,SATX,,2.9600000381469727,2.9600000381469727,2.9600000381469727,2.9600000381469727,202.0
2025-06-26 15:04:00,SBEV,,4.037899971008301,4.037899971008301,4.03000020980835,4.03000020980835,685.0
2025-06-26 15:04:00,SEB,,2958.235107421875,2958.235107421875,2958.235107421875,2958.235107421875,4.0
2025-06-26 15:04:00,SENS,,0.5006999969482422,0.5012999773025513,0.5001999735832214,0.5001999735832214,5334.0
2025-06-26 15:04:00,SGN,,1.1349999904632568,1.1349999904632568,1.1349999904632568,1.1349999904632568,200.0
2025-06-26 15:04:00,SKYH,,9.609999656677246,9.609999656677246,9.609999656677246,9.609999656677246,266.0
2025-06-26 15:04:00,SLI,,1.9219000339508057,1.9299999475479126,1.9219000339508057,1.9299999475479126,441.0
2025-06-26 15:04:00,SLND,,3.9189000129699707,3.9189000129699707,3.9189000129699707,3.9189000129699707,2407.0
2025-06-26 15:04:00,STXS,,2.197999954223633,2.200000047683716,2.197999954223633,2.200000047683716,215.0
2025-06-26 15:04:00,SVM,,4.184999942779541,4.185699939727783,4.184999942779541,4.185699939727783,8347.0
2025-06-26 15:04:00,SVT,,46.900001525878906,46.915000915527344,46.880001068115234,46.900001525878906,64193.0
2025-06-26 15:04:00,TGB,,3.121299982070923,3.130000114440918,3.119999885559082,3.119999885559082,8116.0
2025-06-26 15:04:00,TMP,,63.36000061035156,63.36000061035156,63.36000061035156,63.36000061035156,723.0
2025-06-26 15:04:00,TPET,,1.1898000240325928,1.1898000240325928,1.1898000240325928,1.1898000240325928,224.0
2025-06-26 15:04:00,UAMY,,2.684999942779541,2.684999942779541,2.662899971008301,2.6649999618530273,39067.0
2025-06-26 15:04:00,UEC,,6.920000076293945,6.929999828338623,6.920000076293945,6.925000190734863,19772.0
2025-06-26 15:04:00,URG,,1.0399999618530273,1.0399999618530273,1.034999966621399,1.034999966621399,3401.0
2025-06-26 15:04:00,USAS,,0.8324999809265137,0.8324999809265137,0.8324999809265137,0.8324999809265137,20000.0
2025-06-26 15:04:00,UUUU,,5.850100040435791,5.860000133514404,5.850100040435791,5.859899997711182,19398.0
2025-06-26 15:04:00,VTAK,,0.2506999969482422,0.25070101022720337,0.2506999969482422,0.2506999969482422,2700.0
2025-06-26 15:04:00,VZLA,,2.9749999046325684,2.9800000190734863,2.9749999046325684,2.9749999046325684,1302.0
2025-06-26 15:04:00,WWR,,0.6008999943733215,0.6016499996185303,0.6008999943733215,0.6016499996185303,216.0
2025-06-26 15:05:00,AEON,,0.7556999921798706,0.7556999921798706,0.7556999921798706,0.7556999921798706,610.0
2025-06-26 15:05:00,AIRI,,3.384999990463257,3.384999990463257,3.384999990463257,3.384999990463257,977.0
2025-06-26 15:05:00,AREN,,6.170000076293945,6.190000057220459,6.170000076293945,6.190000057220459,389.0
2025-06-26 15:05:00,ARMN,,6.800000190734863,6.800000190734863,6.789999961853027,6.789999961853027,421.0
2025-06-26 15:05:00,ASM,,3.5299999713897705,3.5299999713897705,3.5199999809265137,3.5199999809265137,39913.0
2025-06-26 15:05:00,ATNM,,1.5850000381469727,1.5850000381469727,1.5850000381469727,1.5850000381469727,311.0
2025-06-26 15:05:00,BATL,,1.4800000190734863,1.4800000190734863,1.475000023841858,1.4800000190734863,706.0
2025-06-26 15:05:00,BHB,,29.790000915527344,29.829999923706055,29.790000915527344,29.829999923706055,630.0
2025-06-26 15:05:00,BKTI,,54.880001068115234,54.900001525878906,54.880001068115234,54.900001525878906,470.0
2025-06-26 15:05:00,BRBS,,3.315000057220459,3.315000057220459,3.315000057220459,3.315000057220459,773.0
2025-06-26 15:05:00,BRN,,1.2400000095367432,1.2400000095367432,1.2400000095367432,1.2400000095367432,315.0
2025-06-26 15:05:00,BTG,,3.619999885559082,3.625,3.619999885559082,3.625,10851.0
2025-06-26 15:05:00,BURU,,0.3361000120639801,0.3361000120639801,0.3361000120639801,0.3361000120639801,648.0
2025-06-26 15:05:00,CANF,,1.0499999523162842,1.0499999523162842,1.0499999523162842,1.0499999523162842,100.0
2025-06-26 15:05:00,CATX,,3.630000114440918,3.6449999809265137,3.630000114440918,3.6449999809265137,1392.0
2025-06-26 15:05:00,CBOE,,226.94000244140625,226.97999572753906,226.94000244140625,226.97000122070312,961.0
2025-06-26 15:05:00,CEF,,30.40999984741211,30.415000915527344,30.40999984741211,30.415000915527344,617.0
2025-06-26 15:05:00,CET,,47.5088996887207,47.5088996887207,47.5088996887207,47.5088996887207,1488.0
2025-06-26 15:05:00,CQP,,56.189998626708984,56.189998626708984,56.189998626708984,56.189998626708984,300.0
2025-06-26 15:05:00,CRF,,7.559999942779541,7.559999942779541,7.554999828338623,7.559999942779541,1209.0
2025-06-26 15:05:00,CTGO,,20.760000228881836,20.760000228881836,20.760000228881836,20.760000228881836,100.0
2025-06-26 15:05:00,CTM,,1.0549999475479126,1.0549999475479126,1.0549999475479126,1.0549999475479126,310.0
2025-06-26 15:05:00,DC,,3.809999942779541,3.809999942779541,3.809999942779541,3.809999942779541,987.0
2025-06-26 15:05:00,DNN,,1.8350000381469727,1.840000033378601,1.8350000381469727,1.8350000381469727,6176.0
2025-06-26 15:05:00,EIM,,9.574999809265137,9.574999809265137,9.574999809265137,9.574999809265137,500.0
2025-06-26 15:05:00,ELMD,,21.31999969482422,21.31999969482422,21.31999969482422,21.31999969482422,335.0
2025-06-26 15:05:00,EPM,,4.78000020980835,4.78000020980835,4.769999980926514,4.769999980926514,1870.0
2025-06-26 15:05:00,EQX,,5.889999866485596,5.894999980926514,5.889999866485596,5.889999866485596,2700.0
2025-06-26 15:05:00,ERC,,9.4399995803833,9.4399995803833,9.430000305175781,9.432999610900879,4168.0
2025-06-26 15:05:00,EVI,,19.850000381469727,19.850000381469727,19.850000381469727,19.850000381469727,122.0
2025-06-26 15:05:00,EVM,,8.845000267028809,8.845000267028809,8.845000267028809,8.845000267028809,0.0
2025-06-26 15:05:00,EVV,,10.170000076293945,10.170000076293945,10.170000076293945,10.170000076293945,2602.0
2025-06-26 15:05:00,FSP,,1.690000057220459,1.690000057220459,1.690000057220459,1.690000057220459,100.0
2025-06-26 15:05:00,FTF,,6.394999980926514,6.400000095367432,6.394999980926514,6.400000095367432,2312.0
2025-06-26 15:05:00,GAU,,1.2813999652862549,1.2813999652862549,1.2813999652862549,1.2813999652862549,1003.0
2025-06-26 15:05:00,GBR,,1.090000033378601,1.090000033378601,1.090000033378601,1.090000033378601,212.0
2025-06-26 15:05:00,GLDG,,0.7455989718437195,0.7455989718437195,0.7455989718437195,0.7455989718437195,101.0
2025-06-26 15:05:00,GLO,,5.349999904632568,5.349999904632568,5.349999904632568,5.349999904632568,200.0
2025-06-26 15:05:00,GNS,,1.2199000120162964,1.2199000120162964,1.2000000476837158,1.2193000316619873,194949.0
2025-06-26 15:05:00,GORO,,0.5443000197410583,0.5443000197410583,0.5443000197410583,0.5443000197410583,365.0
2025-06-26 15:05:00,GROY,,2.2750000953674316,2.279900074005127,2.2699999809265137,2.2750000953674316,1640953.0
2025-06-26 15:05:00,GTE,,5.010000228881836,5.010000228881836,5.010000228881836,5.010000228881836,4027.0
2025-06-26 15:05:00,HUSA,,12.710000038146973,12.710000038146973,12.710000038146973,12.710000038146973,2563.0
2025-06-26 15:05:00,IBO,,0.9556000232696533,0.9556000232696533,0.9556000232696533,0.9556000232696533,1271.0
2025-06-26 15:05:00,IDR,,13.1850004196167,13.1850004196167,13.1850004196167,13.1850004196167,102.0
2025-06-26 15:05:00,IGC,,0.30730000138282776,0.30730000138282776,0.30730000138282776,0.30730000138282776,612.0
2025-06-26 15:05:00,INDO,,3.0299999713897705,3.0399999618530273,3.0299999713897705,3.0399999618530273,4970.0
2025-06-26 15:05:00,INFU,,6.440000057220459,6.440000057220459,6.440000057220459,6.440000057220459,371.0
2025-06-26 15:05:00,KULR,,5.130000114440918,5.139999866485596,5.114999771118164,5.139999866485596,12231.0
2025-06-26 15:05:00,LCTX,,0.9925000071525574,0.9926999807357788,0.9923999905586243,0.9926999807357788,3753.0
2025-06-26 15:05:00,LMND,,42.720001220703125,42.720001220703125,42.66999816894531,42.66999816894531,1167.0
2025-06-26 15:05:00,LNG,,241.94000244140625,242.0399932861328,241.8699951171875,242.0399932861328,3244.0
2025-06-26 15:05:00,MAG,,21.3700008392334,21.375,21.364999771118164,21.3700008392334,1753.0
2025-06-26 15:05:00,MITQ,,0.6675999760627747,0.6675999760627747,0.6675000190734863,0.6675000190734863,1000.0
2025-06-26 15:05:00,MLSS,,0.734000027179718,0.734000027179718,0.734000027179718,0.734000027179718,2071.0
2025-06-26 15:05:00,MTA,,3.944999933242798,3.944999933242798,3.944999933242798,3.944999933242798,545.0
2025-06-26 15:05:00,NAK,,1.5513999462127686,1.559999942779541,1.5513999462127686,1.554800033569336,2203.0
2025-06-26 15:05:00,NCL,,0.179299995303154,0.1793999969959259,0.179299995303154,0.1793999969959259,501.0
2025-06-26 15:05:00,NFGC,,1.475000023841858,1.475000023841858,1.475000023841858,1.475000023841858,100.0
2025-06-26 15:05:00,NG,,4.09499979019165,4.099999904632568,4.09499979019165,4.099999904632568,3449.0
2025-06-26 15:05:00,NGD,,4.90500020980835,4.90500020980835,4.900000095367432,4.90500020980835,3759.0
2025-06-26 15:05:00,NNVC,,1.2207000255584717,1.2207000255584717,1.2207000255584717,1.2207000255584717,633.0
2025-06-26 15:05:00,NRO,,3.184999942779541,3.184999942779541,3.184999942779541,3.184999942779541,243.0
2025-06-26 15:05:00,ORLA,,9.979999542236328,9.989999771118164,9.975000381469727,9.979999542236328,2691.0
2025-06-26 15:05:00,PHGE,,0.4659999907016754,0.4659999907016754,0.4650999903678894,0.4650999903678894,2400.0
2025-06-26 15:05:00,PLG,,1.6549999713897705,1.659999966621399,1.6549999713897705,1.6598999500274658,4952.0
2025-06-26 15:05:00,PLMR,,153.41000366210938,153.49000549316406,153.3699951171875,153.3699951171875,2032.0
2025-06-26 15:05:00,PLX,,1.4900000095367432,1.4900000095367432,1.4850000143051147,1.4900000095367432,610.0
2025-06-26 15:05:00,PZG,,0.6129999756813049,0.6129999756813049,0.6129999756813049,0.6129999756813049,1200.0
2025-06-26 15:05:00,REI,,0.7720000147819519,0.7720000147819519,0.7700999975204468,0.7712000012397766,26206.0
2025-06-26 15:05:00,SATX,,2.9639999866485596,2.9639999866485596,2.9600000381469727,2.9600000381469727,1141.0
2025-06-26 15:05:00,SBEV,,3.819999933242798,4.025000095367432,3.819999933242798,4.0,6073.0
2025-06-26 15:05:00,SENS,,0.5005000233650208,0.5005000233650208,0.5005000233650208,0.5005000233650208,210.0
2025-06-26 15:05:00,SGN,,1.132699966430664,1.149999976158142,1.132699966430664,1.1399999856948853,1018.0
2025-06-26 15:05:00,SKYH,,9.619999885559082,9.619999885559082,9.609999656677246,9.609999656677246,542.0
2025-06-26 15:05:00,SLI,,1.9249999523162842,1.9299999475479126,1.9248000383377075,1.9249999523162842,2993.0
2025-06-26 15:05:00,SSY,,0.8600000143051147,0.8600000143051147,0.8600000143051147,0.8600000143051147,300.0
2025-06-26 15:05:00,SVM,,4.184999942779541,4.190000057220459,4.179999828338623,4.184999942779541,12204.0
2025-06-26 15:05:00,SVT,,46.900001525878906,46.900001525878906,46.900001525878906,46.900001525878906,3155.0
2025-06-26 15:05:00,TGB,,3.125,3.130000114440918,3.125,3.130000114440918,1163.0
2025-06-26 15:05:00,UAMY,,2.694999933242798,2.694999933242798,2.680000066757202,2.684999942779541,35515.0
2025-06-26 15:05:00,UAVS,,1.1349999904632568,1.1399999856948853,1.1349999904632568,1.1399999856948853,1750.0
2025-06-26 15:05:00,UEC,,6.925000190734863,6.929999828338623,6.920000076293945,6.925000190734863,27146.0
2025-06-26 15:05:00,URG,,1.0399999618530273,1.0399999618530273,1.0391000509262085,1.0399999618530273,2026.0
2025-06-26 15:05:00,USAS,,0.8264999985694885,0.8264999985694885,0.8264999985694885,0.8264999985694885,271.0
2025-06-26 15:05:00,UUUU,,5.84499979019165,5.860000133514404,5.840000152587891,5.855000019073486,55600.0
2025-06-26 15:05:00,VNRX,,0.8532999753952026,0.8533999919891357,0.8532999753952026,0.8533999919891357,2000.0
2025-06-26 15:05:00,VTAK,,0.2506999969482422,0.2506999969482422,0.2502000033855438,0.2502000033855438,3600.0
2025-06-26 15:05:00,VZLA,,2.9749999046325684,2.9749999046325684,2.9749999046325684,2.9749999046325684,389.0
2025-06-26 15:05:00,WWR,,0.6003000140190125,0.6008999943733215,0.6003000140190125,0.6003999710083008,1838.0
2025-06-26 15:06:00,APT,,4.739999771118164,4.739999771118164,4.739999771118164,4.739999771118164,134.0
2025-06-26 15:06:00,AREN,,6.135000228881836,6.170000076293945,6.132500171661377,6.135000228881836,996.0
2025-06-26 15:06:00,ARMN,,6.795000076293945,6.795000076293945,6.795000076293945,6.795000076293945,1156.0
2025-06-26 15:06:00,ASM,,3.5299999713897705,3.5299999713897705,3.5299999713897705,3.5299999713897705,916.0
2025-06-26 15:06:00,ATNM,,1.5850000381469727,1.5850000381469727,1.5850000381469727,1.5850000381469727,143.0
2025-06-26 15:06:00,BATL,,1.4800000190734863,1.4800000190734863,1.4800000190734863,1.4800000190734863,0.0
2025-06-26 15:06:00,BCV,,18.770000457763672,18.820100784301758,18.760499954223633,18.760499954223633,2137.0
2025-06-26 15:06:00,BEEP,,4.182499885559082,4.182499885559082,4.182499885559082,4.182499885559082,200.0
2025-06-26 15:06:00,BKTI,,54.7599983215332,54.880001068115234,54.7599983215332,54.880001068115234,470.0
2025-06-26 15:06:00,BRBS,,3.315000057220459,3.315000057220459,3.309999942779541,3.309999942779541,2656.0
2025-06-26 15:06:00,BTG,,3.619999885559082,3.625999927520752,3.619999885559082,3.619999885559082,4579.0
2025-06-26 15:06:00,BURU,,0.33660000562667847,0.33660000562667847,0.3356499969959259,0.335999995470047,34312.0
2025-06-26 15:06:00,CANF,,1.0499999523162842,1.0499999523162842,1.0499999523162842,1.0499999523162842,0.0
2025-06-26 15:06:00,CATX,,3.630000114440918,3.640000104904175,3.630000114440918,3.630000114440918,3510.0
2025-06-26 15:06:00,CCEL,,5.320000171661377,5.320000171661377,5.320000171661377,5.320000171661377,553.0
2025-06-26 15:06:00,CEF,,30.40999984741211,30.40999984741211,30.40999984741211,30.40999984741211,241.0
2025-06-26 15:06:00,CLM,,7.940000057220459,7.945000171661377,7.940000057220459,7.945000171661377,811.0
2025-06-26 15:06:00,CMT,,17.149999618530273,17.149999618530273,17.149999618530273,17.149999618530273,495.0
2025-06-26 15:06:00,CQP,,56.189998626708984,56.189998626708984,56.189998626708984,56.189998626708984,407.0
2025-06-26 15:06:00,CRF,,7.554999828338623,7.554999828338623,7.554999828338623,7.554999828338623,274.0
2025-06-26 15:06:00,CTGO,,20.770999908447266,20.770999908447266,20.770999908447266,20.770999908447266,217.0
2025-06-26 15:06:00,CTM,,1.0549999475479126,1.0549999475479126,1.0549999475479126,1.0549999475479126,573.0
2025-06-26 15:06:00,DNN,,1.8350000381469727,1.840000033378601,1.8300000429153442,1.840000033378601,1455802.0
2025-06-26 15:06:00,ELA,,5.900000095367432,5.900000095367432,5.900000095367432,5.900000095367432,351.0
2025-06-26 15:06:00,ELMD,,21.309999465942383,21.309999465942383,21.309999465942383,21.309999465942383,342.0
2025-06-26 15:06:00,EQX,,5.880000114440918,5.894999980926514,5.880000114440918,5.894999980926514,73605.0
2025-06-26 15:06:00,ESP,,45.268001556396484,45.268001556396484,45.268001556396484,45.268001556396484,230.0
2025-06-26 15:06:00,EVI,,19.850000381469727,19.850000381469727,19.850000381469727,19.850000381469727,319.0
2025-06-26 15:06:00,FRD,,16.3700008392334,16.3700008392334,16.3700008392334,16.3700008392334,209.0
2025-06-26 15:06:00,FSP,,1.684999942779541,1.684999942779541,1.684999942779541,1.684999942779541,219.0
2025-06-26 15:06:00,GENC,,14.479999542236328,14.520000457763672,14.479999542236328,14.520000457763672,347.0
2025-06-26 15:06:00,GGN,,4.385000228881836,4.385000228881836,4.385000228881836,4.385000228881836,200.0
2025-06-26 15:06:00,GLDG,,0.7455000281333923,0.7455999851226807,0.7455000281333923,0.7455000281333923,380.0
2025-06-26 15:06:00,GNS,,1.2050000429153442,1.2200000286102295,1.2000000476837158,1.219599962234497,77950.0
2025-06-26 15:06:00,GORO,,0.5449000000953674,0.5449000000953674,0.5449000000953674,0.5449000000953674,103.0
2025-06-26 15:06:00,GROY,,2.2750000953674316,2.2750000953674316,2.2699999809265137,2.2699999809265137,395.0
2025-06-26 15:06:00,GSAT,,23.485000610351562,23.485000610351562,23.420000076293945,23.420000076293945,10870.0
2025-06-26 15:06:00,GTE,,5.019999980926514,5.019999980926514,5.014999866485596,5.019999980926514,1560.0
2025-06-26 15:06:00,HUSA,,12.6899995803833,12.699999809265137,12.6899995803833,12.699999809265137,926.0
2025-06-26 15:06:00,IBO,,0.9480000138282776,0.9556000232696533,0.9456999897956848,0.9556000232696533,1390.0
2025-06-26 15:06:00,IDR,,13.199999809265137,13.199999809265137,13.1850004196167,13.199999809265137,4371.0
2025-06-26 15:06:00,IE,,9.680000305175781,9.680000305175781,9.65839958190918,9.680000305175781,2751.0
2025-06-26 15:06:00,IMO,,81.32499694824219,81.32499694824219,81.32499694824219,81.32499694824219,446.0
2025-06-26 15:06:00,INDO,,3.0399999618530273,3.0399999618530273,3.0299999713897705,3.0399999618530273,2153.0
2025-06-26 15:06:00,KULR,,5.135000228881836,5.139999866485596,5.135000228881836,5.139999866485596,5497.0
2025-06-26 15:06:00,LCTX,,0.9908999800682068,0.9923999905586243,0.9908999800682068,0.9923999905586243,2957.0
2025-06-26 15:06:00,LEU,,174.2899932861328,174.7050018310547,174.24000549316406,174.7050018310547,5202.0
2025-06-26 15:06:00,LMND,,42.72999954223633,42.72999954223633,42.70500183105469,42.720001220703125,2286.0
2025-06-26 15:06:00,MAG,,21.375,21.375,21.3700008392334,21.373300552368164,1858.0
2025-06-26 15:06:00,MYO,,2.2200000286102295,2.2249999046325684,2.2200000286102295,2.2249999046325684,1376.0
2025-06-26 15:06:00,NAK,,1.5549999475479126,1.5551999807357788,1.5549999475479126,1.5549999475479126,4188.0
2025-06-26 15:06:00,NFGC,,1.475000023841858,1.475000023841858,1.475000023841858,1.475000023841858,132.0
2025-06-26 15:06:00,NG,,4.09499979019165,4.099899768829346,4.09499979019165,4.099899768829346,15275.0
2025-06-26 15:06:00,NGD,,4.906700134277344,4.909900188446045,4.900000095367432,4.909900188446045,3926.0
2025-06-26 15:06:00,NHC,,108.03500366210938,108.03500366210938,107.83999633789062,107.93000030517578,844.0
2025-06-26 15:06:00,NHS,,7.5,7.5,7.5,7.5,1002.0
2025-06-26 15:06:00,NRXS,,2.569999933242798,2.569999933242798,2.569999933242798,2.569999933242798,100.0
2025-06-26 15:06:00,OBE,,5.505000114440918,5.505000114440918,5.505000114440918,5.505000114440918,1370.0
2025-06-26 15:06:00,OPTT,,0.5184999704360962,0.5184999704360962,0.5184999704360962,0.5184999704360962,101.0
2025-06-26 15:06:00,ORLA,,9.975000381469727,9.984999656677246,9.975000381469727,9.984999656677246,849.0
2025-06-26 15:06:00,PHGE,,0.4661000072956085,0.4661000072956085,0.4661000072956085,0.4661000072956085,521.0
2025-06-26 15:06:00,PLG,,1.649999976158142,1.649999976158142,1.649999976158142,1.649999976158142,206.0
2025-06-26 15:06:00,PLX,,1.4800000190734863,1.4900000095367432,1.4800000190734863,1.4900000095367432,4989.0
2025-06-26 15:06:00,PZG,,0.6129000186920166,0.6129000186920166,0.6129000186920166,0.6129000186920166,555.0
2025-06-26 15:06:00,REI,,0.7710000276565552,0.7720000147819519,0.7710000276565552,0.7720000147819519,1325.0
2025-06-26 15:06:00,REPX,,26.690000534057617,26.690000534057617,26.690000534057617,26.690000534057617,840.0
2025-06-26 15:06:00,SATX,,2.9600000381469727,2.9600000381469727,2.9600000381469727,2.9600000381469727,200.0
2025-06-26 15:06:00,SBEV,,3.930000066757202,3.930000066757202,3.930000066757202,3.930000066757202,247.0
2025-06-26 15:06:00,SENS,,0.5011000037193298,0.5033000111579895,0.5004000067710876,0.5033000111579895,1765.0
2025-06-26 15:06:00,SLI,,1.9299999475479126,1.9299999475479126,1.9299999475479126,1.9299999475479126,712.0
2025-06-26 15:06:00,SOAR,,1.3890000581741333,1.3890000581741333,1.3890000581741333,1.3890000581741333,115.0
2025-06-26 15:06:00,STXS,,2.200000047683716,2.200000047683716,2.200000047683716,2.200000047683716,113.0
2025-06-26 15:06:00,SVM,,4.184999942779541,4.190000057220459,4.180099964141846,4.180099964141846,5225.0
2025-06-26 15:06:00,TGB,,3.125,3.125,3.125,3.125,3708.0
2025-06-26 15:06:00,THM,,0.8799999952316284,0.8799999952316284,0.8799999952316284,0.8799999952316284,2001.0
2025-06-26 15:06:00,TPET,,1.1836999654769897,1.190000057220459,1.1799999475479126,1.1799999475479126,19739.0
2025-06-26 15:06:00,UAMY,,2.680000066757202,2.7081000804901123,2.680000066757202,2.693000078201294,44815.0
2025-06-26 15:06:00,UAVS,,1.1399999856948853,1.1399999856948853,1.1399999856948853,1.1399999856948853,501.0
2025-06-26 15:06:00,UEC,,6.925000190734863,6.929999828338623,6.920000076293945,6.925000190734863,16735.0
2025-06-26 15:06:00,URG,,1.034999966621399,1.0399999618530273,1.034999966621399,1.034999966621399,3902.0
2025-06-26 15:06:00,USAS,,0.820701003074646,0.820701003074646,0.820701003074646,0.820701003074646,1596.0
2025-06-26 15:06:00,UUUU,,5.864999771118164,5.864999771118164,5.84499979019165,5.84499979019165,26337.0
2025-06-26 15:06:00,VZLA,,2.9800000190734863,2.9800000190734863,2.9749999046325684,2.978100061416626,4202.0
2025-06-26 15:06:00,XTNT,,0.6295999884605408,0.6295999884605408,0.6295999884605408,0.6295999884605408,2513.0
2025-06-26 15:07:00,ACU,,40.279998779296875,40.279998779296875,40.279998779296875,40.279998779296875,179.0
2025-06-26 15:07:00,AREN,,6.150000095367432,6.150000095367432,6.125,6.135000228881836,1884.0
2025-06-26 15:07:00,ARMN,,6.795000076293945,6.795000076293945,6.790999889373779,6.790999889373779,252.0
2025-06-26 15:07:00,ASM,,3.5299999713897705,3.5299999713897705,3.5280001163482666,3.5280001163482666,1647.0
2025-06-26 15:07:00,ATNM,,1.5850000381469727,1.5850000381469727,1.5850000381469727,1.5850000381469727,320.0
2025-06-26 15:07:00,BCV,,18.780399322509766,18.780399322509766,18.780399322509766,18.780399322509766,2542.0
2025-06-26 15:07:00,BEEP,,4.179999828338623,4.179999828338623,4.179999828338623,4.179999828338623,119.0
2025-06-26 15:07:00,BQ,,2.0199999809265137,2.0199999809265137,2.0199999809265137,2.0199999809265137,0.0
2025-06-26 15:07:00,BRBS,,3.315000057220459,3.315000057220459,3.315000057220459,3.315000057220459,336.0
2025-06-26 15:07:00,BRN,,1.2400000095367432,1.2400000095367432,1.2400000095367432,1.2400000095367432,0.0
2025-06-26 15:07:00,BTG,,3.625,3.625,3.619999885559082,3.625,1237.0
2025-06-26 15:07:00,BURU,,0.336899995803833,0.336899995803833,0.3354499936103821,0.33660000562667847,23961.0
2025-06-26 15:07:00,CATX,,3.6500000953674316,3.6500000953674316,3.630000114440918,3.640000104904175,7657.0
2025-06-26 15:07:00,CBOE,,226.64999389648438,227.17999267578125,226.60000610351562,227.0500030517578,9124.0
2025-06-26 15:07:00,CEF,,30.405000686645508,30.415000915527344,30.405000686645508,30.415000915527344,600.0
2025-06-26 15:07:00,CLDI,,0.2298000007867813,0.23070000112056732,0.2298000007867813,0.23070000112056732,1201.0
2025-06-26 15:07:00,CQP,,56.189998626708984,56.19499969482422,56.189998626708984,56.19499969482422,410.0
2025-06-26 15:07:00,CRF,,7.554999828338623,7.5553998947143555,7.554999828338623,7.554999828338623,301.0
2025-06-26 15:07:00,CTGO,,20.809999465942383,20.809999465942383,20.799999237060547,20.799999237060547,326.0
2025-06-26 15:07:00,CYBN,,8.569999694824219,8.579999923706055,8.539999961853027,8.539999961853027,3273.0
2025-06-26 15:07:00,DNN,,1.8300000429153442,1.840000033378601,1.8300000429153442,1.8350000381469727,58182.0
2025-06-26 15:07:00,EPM,,4.769999980926514,4.769999980926514,4.769999980926514,4.769999980926514,319.0
2025-06-26 15:07:00,EQX,,5.885000228881836,5.889999866485596,5.885000228881836,5.885000228881836,8030.0
2025-06-26 15:07:00,ERC,,9.4399995803833,9.4399995803833,9.430000305175781,9.430000305175781,600.0
2025-06-26 15:07:00,FOXO,,0.20100000500679016,0.20200000703334808,0.20100000500679016,0.20200000703334808,420.0
2025-06-26 15:07:00,FRD,,16.360000610351562,16.360000610351562,16.360000610351562,16.360000610351562,390.0
2025-06-26 15:07:00,GAU,,1.284999966621399,1.284999966621399,1.284999966621399,1.284999966621399,102.0
2025-06-26 15:07:00,GENC,,14.470000267028809,14.470000267028809,14.470000267028809,14.470000267028809,356.0
2025-06-26 15:07:00,GLDG,,0.7455840110778809,0.7455840110778809,0.7455840110778809,0.7455840110778809,193.0
2025-06-26 15:07:00,GLV,,5.619999885559082,5.619999885559082,5.619999885559082,5.619999885559082,19615.0
2025-06-26 15:07:00,GNS,,1.2000999450683594,1.2100000381469727,1.2000000476837158,1.2000999450683594,72370.0
2025-06-26 15:07:00,GROY,,2.2750000953674316,2.2799999713897705,2.2699999809265137,2.2750000953674316,505.0
2025-06-26 15:07:00,GSAT,,23.434999465942383,23.479999542236328,23.434999465942383,23.479999542236328,2286.0
2025-06-26 15:07:00,HUSA,,12.67490005493164,12.67490005493164,12.67490005493164,12.67490005493164,122.0
2025-06-26 15:07:00,IBO,,0.9456999897956848,0.9480000138282776,0.9456999897956848,0.9480000138282776,829.0
2025-06-26 15:07:00,IE,,9.710000038146973,9.710000038146973,9.6899995803833,9.6899995803833,2696.0
2025-06-26 15:07:00,IMO,,81.30999755859375,81.30999755859375,81.30999755859375,81.30999755859375,270.0
2025-06-26 15:07:00,INDO,,3.0350000858306885,3.0399999618530273,3.031100034713745,3.0350000858306885,3328.0
2025-06-26 15:07:00,ITP,,0.1850000023841858,0.1850000023841858,0.1850000023841858,0.1850000023841858,16487.0
2025-06-26 15:07:00,ITRG,,1.534999966621399,1.534999966621399,1.534999966621399,1.534999966621399,659.0
2025-06-26 15:07:00,KULR,,5.139999866485596,5.139999866485596,5.135000228881836,5.135000228881836,1124.0
2025-06-26 15:07:00,LCTX,,0.9900000095367432,0.9907000064849854,0.9900000095367432,0.9907000064849854,3260.0
2025-06-26 15:07:00,LEU,,173.63780212402344,174.3000030517578,173.57000732421875,174.3000030517578,5695.0
2025-06-26 15:07:00,LMND,,42.720001220703125,42.76900100708008,42.720001220703125,42.749298095703125,2819.0
2025-06-26 15:07:00,LNG,,241.94500732421875,241.94500732421875,241.92849731445312,241.94500732421875,989.0
2025-06-26 15:07:00,MAG,,21.3799991607666,21.3799991607666,21.3799991607666,21.3799991607666,845.0
2025-06-26 15:07:00,MPTI,,40.712501525878906,40.712501525878906,40.712501525878906,40.712501525878906,180.0
2025-06-26 15:07:00,MYO,,2.2200000286102295,2.2200000286102295,2.2200000286102295,2.2200000286102295,200.0
2025-06-26 15:07:00,NAK,,1.5549999475479126,1.558899998664856,1.5535999536514282,1.5535999536514282,11324.0
2025-06-26 15:07:00,NCL,,0.17890000343322754,0.17890000343322754,0.17890000343322754,0.17890000343322754,133.0
2025-06-26 15:07:00,NG,,4.09499979019165,4.09499979019165,4.090000152587891,4.090000152587891,8335.0
2025-06-26 15:07:00,NGD,,4.90500020980835,4.905200004577637,4.901000022888184,4.90500020980835,1678.0
2025-06-26 15:07:00,NNVC,,1.225000023841858,1.2276999950408936,1.225000023841858,1.2276999950408936,315.0
2025-06-26 15:07:00,OPTT,,0.5184999704360962,0.5184999704360962,0.5178999900817871,0.5178999900817871,260.0
2025-06-26 15:07:00,ORLA,,9.975000381469727,9.979999542236328,9.975000381469727,9.978099822998047,2727.0
2025-06-26 15:07:00,PHGE,,0.4650000035762787,0.4650000035762787,0.4650000035762787,0.4650000035762787,1553.0
2025-06-26 15:07:00,PLMR,,153.52499389648438,153.52499389648438,153.4875030517578,153.52499389648438,3345.0
2025-06-26 15:07:00,PLX,,1.4851000308990479,1.4851000308990479,1.4851000308990479,1.4851000308990479,114.0
2025-06-26 15:07:00,REI,,0.7717999815940857,0.772599995136261,0.7710000276565552,0.772599995136261,10191.0
2025-06-26 15:07:00,SATX,,2.9600000381469727,2.9600000381469727,2.9600000381469727,2.9600000381469727,402.0
2025-06-26 15:07:00,SBEV,,3.799999952316284,3.950000047683716,3.7904999256134033,3.930000066757202,706.0
2025-06-26 15:07:00,SEB,,2956.489990234375,2959.97998046875,2953.0,2953.309814453125,5.0
2025-06-26 15:07:00,SENS,,0.49939998984336853,0.5016000270843506,0.49939998984336853,0.5016000270843506,24446.0
2025-06-26 15:07:00,SKYH,,9.630000114440918,9.630000114440918,9.619999885559082,9.619999885559082,720.0
2025-06-26 15:07:00,SLI,,1.9249999523162842,1.9299999475479126,1.9249999523162842,1.9299999475479126,578.0
2025-06-26 15:07:00,SLND,,3.9149999618530273,3.9149999618530273,3.9149999618530273,3.9149999618530273,254.0
2025-06-26 15:07:00,SVM,,4.184999942779541,4.184999942779541,4.184999942779541,4.184999942779541,2459.0
2025-06-26 15:07:00,TGB,,3.125,3.125,3.125,3.125,879.0
2025-06-26 15:07:00,THM,,0.8799999952316284,0.8799999952316284,0.8799999952316284,0.8799999952316284,300.0
2025-06-26 15:07:00,TPET,,1.186400055885315,1.186400055885315,1.186400055885315,1.186400055885315,380.0
2025-06-26 15:07:00,UAMY,,2.6784000396728516,2.680000066757202,2.67549991607666,2.680000066757202,1692.0
2025-06-26 15:07:00,UAVS,,1.1390999555587769,1.1390999555587769,1.1390999555587769,1.1390999555587769,1500.0
2025-06-26 15:07:00,UEC,,6.929999828338623,6.929999828338623,6.920000076293945,6.920000076293945,19442.0
2025-06-26 15:07:00,URG,,1.034999966621399,1.0399999618530273,1.034999966621399,1.0399999618530273,2209.0
2025-06-26 15:07:00,USAS,,0.8324999809265137,0.8324999809265137,0.8205999732017517,0.8205999732017517,25170.0
2025-06-26 15:07:00,UTG,,35.506500244140625,35.506500244140625,35.506500244140625,35.506500244140625,232.0
2025-06-26 15:07:00,UUUU,,5.864999771118164,5.864999771118164,5.864999771118164,5.864999771118164,119.0
2025-06-26 15:07:00,VGZ,,1.024999976158142,1.024999976158142,1.024999976158142,1.024999976158142,253.0
2025-06-26 15:07:00,VNRX,,0.8605999946594238,0.8605999946594238,0.8605999946594238,0.8605999946594238,100.0
2025-06-26 15:07:00,VZLA,,2.9749999046325684,2.9749999046325684,2.9749999046325684,2.9749999046325684,827.0
2025-06-26 15:07:00,WYY,,3.3499999046325684,3.3499999046325684,3.3499999046325684,3.3499999046325684,104.0
2025-06-26 15:08:00,AEON,,0.7649999856948853,0.7649999856948853,0.7649999856948853,0.7649999856948853,1164.0
2025-06-26 15:08:00,AREN,,6.139999866485596,6.150000095367432,6.125,6.125,3154.0
2025-06-26 15:08:00,ASM,,3.526700019836426,3.5280001163482666,3.5250000953674316,3.5250000953674316,6397.0
2025-06-26 15:08:00,ATNM,,1.5850000381469727,1.5850000381469727,1.5850000381469727,1.5850000381469727,220.0
2025-06-26 15:08:00,BEEP,,4.184999942779541,4.184999942779541,4.184999942779541,4.184999942779541,135.0
2025-06-26 15:08:00,BHB,,29.795000076293945,29.90999984741211,29.795000076293945,29.90999984741211,379.0
2025-06-26 15:08:00,BRBS,,3.315000057220459,3.319999933242798,3.315000057220459,3.319999933242798,437.0
2025-06-26 15:08:00,BTG,,3.625,3.625,3.6212000846862793,3.625,10328.0
2025-06-26 15:08:00,BURU,,0.33390000462532043,0.3353999853134155,0.33390000462532043,0.3353999853134155,4633.0
2025-06-26 15:08:00,CATX,,3.6600000858306885,3.6600000858306885,3.6500000953674316,3.6500000953674316,3221.0
2025-06-26 15:08:00,CBOE,,226.75999450683594,226.75999450683594,226.61000061035156,226.61000061035156,1624.0
2025-06-26 15:08:00,CEF,,30.399999618530273,30.405000686645508,30.399999618530273,30.405000686645508,652.0
2025-06-26 15:08:00,CIK,,2.9342000484466553,2.9342000484466553,2.9342000484466553,2.9342000484466553,2212.0
2025-06-26 15:08:00,CLM,,7.945000171661377,7.945199966430664,7.940000057220459,7.940000057220459,1588.0
2025-06-26 15:08:00,CQP,,56.18000030517578,56.19499969482422,56.150001525878906,56.189998626708984,2856.0
2025-06-26 15:08:00,CRF,,7.554999828338623,7.554999828338623,7.554999828338623,7.554999828338623,156.0
2025-06-26 15:08:00,CTM,,1.0549999475479126,1.0549999475479126,1.0549999475479126,1.0549999475479126,200.0
2025-06-26 15:08:00,DC,,3.805000066757202,3.805000066757202,3.805000066757202,3.805000066757202,151.0
2025-06-26 15:08:00,DNN,,1.8351999521255493,1.840000033378601,1.8300000429153442,1.840000033378601,89069.0
2025-06-26 15:08:00,DSS,,0.9133999943733215,0.9133999943733215,0.9133999943733215,0.9133999943733215,170.0
2025-06-26 15:08:00,ELA,,5.920000076293945,5.920000076293945,5.920000076293945,5.920000076293945,106.0
2025-06-26 15:08:00,EMX,,2.559999942779541,2.559999942779541,2.559999942779541,2.559999942779541,111.0
2025-06-26 15:08:00,EPM,,4.769999980926514,4.769999980926514,4.769999980926514,4.769999980926514,101.0
2025-06-26 15:08:00,EQX,,5.885000228881836,5.889999866485596,5.885000228881836,5.889999866485596,1150.0
2025-06-26 15:08:00,ERC,,9.430000305175781,9.4399995803833,9.420000076293945,9.4399995803833,1326.0
2025-06-26 15:08:00,ESP,,45.400001525878906,45.400001525878906,45.400001525878906,45.400001525878906,228.0
2025-06-26 15:08:00,FSP,,1.684999942779541,1.684999942779541,1.684999942779541,1.684999942779541,100.0
2025-06-26 15:08:00,GNS,,1.2050000429153442,1.2100000381469727,1.2000000476837158,1.2003999948501587,41276.0
2025-06-26 15:08:00,GORO,,0.5465999841690063,0.5465999841690063,0.5465999841690063,0.5465999841690063,350.0
2025-06-26 15:08:00,GROY,,2.2699999809265137,2.2799999713897705,2.2699999809265137,2.2799999713897705,4812.0
2025-06-26 15:08:00,GSAT,,23.434999465942383,23.434999465942383,23.434999465942383,23.434999465942383,920.0
2025-06-26 15:08:00,HUSA,,12.6899995803833,12.6899995803833,12.6899995803833,12.6899995803833,206.0
2025-06-26 15:08:00,IBO,,0.9434999823570251,0.9455999732017517,0.9434000253677368,0.944383978843689,17504.0
2025-06-26 15:08:00,IE,,9.739999771118164,9.739999771118164,9.720000267028809,9.720000267028809,7020.0
2025-06-26 15:08:00,IGC,,0.3084000051021576,0.3084000051021576,0.3084000051021576,0.3084000051021576,213.0
2025-06-26 15:08:00,IMO,,81.30500030517578,81.30999755859375,81.30500030517578,81.30999755859375,1029.0
2025-06-26 15:08:00,INDO,,3.0450000762939453,3.0450000762939453,3.0350000858306885,3.0350000858306885,1962.0
2025-06-26 15:08:00,INFU,,6.445000171661377,6.445000171661377,6.440000057220459,6.445000171661377,555.0
2025-06-26 15:08:00,ITRG,,1.5399999618530273,1.5399999618530273,1.5399999618530273,1.5399999618530273,1890.0
2025-06-26 15:08:00,KULR,,5.1346001625061035,5.139999866485596,5.1346001625061035,5.139200210571289,3656.0
2025-06-26 15:08:00,LCTX,,0.9900000095367432,0.9901000261306763,0.9894999861717224,0.9900000095367432,14052.0
2025-06-26 15:08:00,LEU,,174.24000549316406,174.24000549316406,173.30499267578125,173.52000427246094,6693.0
2025-06-26 15:08:00,LMND,,42.709999084472656,42.7599983215332,42.709999084472656,42.757999420166016,5291.0
2025-06-26 15:08:00,LNG,,241.9499969482422,242.00999450683594,241.9499969482422,241.9499969482422,2605.0
2025-06-26 15:08:00,LODE,,3.740000009536743,3.740000009536743,3.740000009536743,3.740000009536743,100.0
2025-06-26 15:08:00,MAG,,21.389999389648438,21.389999389648438,21.3799991607666,21.3799991607666,2851.0
2025-06-26 15:08:00,MAIA,,1.700600028038025,1.700600028038025,1.700600028038025,1.700600028038025,129.0
2025-06-26 15:08:00,MITQ,,0.6729000210762024,0.6729000210762024,0.6729000210762024,0.6729000210762024,1210.0
2025-06-26 15:08:00,MTA,,3.946000099182129,3.946000099182129,3.944999933242798,3.944999933242798,542.0
2025-06-26 15:08:00,MYO,,2.2249999046325684,2.2249999046325684,2.2249999046325684,2.2249999046325684,530.0
2025-06-26 15:08:00,NAK,,1.5549999475479126,1.5550999641418457,1.5499999523162842,1.5509999990463257,49699.0
2025-06-26 15:08:00,NBH,,9.800000190734863,9.800000190734863,9.800000190734863,9.800000190734863,100.0
2025-06-26 15:08:00,NFGC,,1.475000023841858,1.475000023841858,1.475000023841858,1.475000023841858,100.0
2025-06-26 15:08:00,NG,,4.09499979019165,4.09499979019165,4.090000152587891,4.090000152587891,3724.0
2025-06-26 15:08:00,NGD,,4.908699989318848,4.909900188446045,4.900000095367432,4.900000095367432,28577.0
2025-06-26 15:08:00,NML,,8.835000038146973,8.835000038146973,8.835000038146973,8.835000038146973,114.0
2025-06-26 15:08:00,OBE,,5.510000228881836,5.510000228881836,5.510000228881836,5.510000228881836,127.0
2025-06-26 15:08:00,OPTT,,0.517799973487854,0.5185999870300293,0.517799973487854,0.5185999870300293,467.0
2025-06-26 15:08:00,ORLA,,9.975000381469727,9.979999542236328,9.970000267028809,9.979999542236328,1352.0
2025-06-26 15:08:00,PLG,,1.659999966621399,1.659999966621399,1.6549999713897705,1.6549999713897705,1335.0
2025-06-26 15:08:00,PLX,,1.4800000190734863,1.4800000190734863,1.4800000190734863,1.4800000190734863,655.0
2025-06-26 15:08:00,REI,,0.7713500261306763,0.772599995136261,0.7710000276565552,0.7717999815940857,12193.0
2025-06-26 15:08:00,SACH,,1.090000033378601,1.090000033378601,1.090000033378601,1.090000033378601,140.0
2025-06-26 15:08:00,SATX,,2.9600000381469727,2.9600000381469727,2.9600000381469727,2.9600000381469727,297620.0
2025-06-26 15:08:00,SBEV,,3.9200000762939453,3.9200000762939453,3.7709999084472656,3.7799999713897705,1111.0
2025-06-26 15:08:00,SEB,,2959.97998046875,2959.97998046875,2959.97998046875,2959.97998046875,2.0
2025-06-26 15:08:00,SENS,,0.49935001134872437,0.49939998984336853,0.4993000030517578,0.49939998984336853,4513.0
2025-06-26 15:08:00,SLI,,1.9249999523162842,1.9249999523162842,1.9249999523162842,1.9249999523162842,419.0
2025-06-26 15:08:00,SOAR,,1.3854000568389893,1.3867000341415405,1.3847999572753906,1.3867000341415405,5650.0
2025-06-26 15:08:00,SSY,,0.8600000143051147,0.8600000143051147,0.8600000143051147,0.8600000143051147,270.0
2025-06-26 15:08:00,STXS,,2.194999933242798,2.194999933242798,2.194999933242798,2.194999933242798,101.0
2025-06-26 15:08:00,SVM,,4.184999942779541,4.184999942779541,4.184999942779541,4.184999942779541,303.0
2025-06-26 15:08:00,TGB,,3.125,3.125,3.125,3.125,768.0
2025-06-26 15:08:00,THM,,0.8755000233650208,0.8824999928474426,0.8755000233650208,0.8799999952316284,5900.0
2025-06-26 15:08:00,TOVX,,0.43549999594688416,0.43549999594688416,0.43549999594688416,0.43549999594688416,200.0
2025-06-26 15:08:00,UAMY,,2.6735999584198,2.679800033569336,2.6735999584198,2.6749000549316406,507.0
2025-06-26 15:08:00,UAVS,,1.1360000371932983,1.1399999856948853,1.1360000371932983,1.1399999856948853,2857.0
2025-06-26 15:08:00,UEC,,6.960000038146973,6.960000038146973,6.922699928283691,6.929999828338623,106526.0
2025-06-26 15:08:00,URG,,1.034999966621399,1.0399999618530273,1.0299999713897705,1.034999966621399,2240.0
2025-06-26 15:08:00,UUUU,,5.864999771118164,5.869999885559082,5.860000133514404,5.864999771118164,100062.0
2025-06-26 15:08:00,VNRX,,0.8605999946594238,0.8610000014305115,0.8605999946594238,0.8605999946594238,4800.0
2025-06-26 15:08:00,VZLA,,2.9749999046325684,2.9749999046325684,2.9749999046325684,2.9749999046325684,3004.0
2025-06-26 15:08:00,WRN,,1.2450000047683716,1.25,1.2450000047683716,1.2450000047683716,6930.0
2025-06-26 15:08:00,WYY,,3.3450000286102295,3.3450000286102295,3.3450000286102295,3.3450000286102295,216.0
2025-06-26 15:08:00,ZDGE,,3.940000057220459,3.940000057220459,3.940000057220459,3.940000057220459,146.0
2025-06-26 15:09:00,ACU,,40.36000061035156,40.36000061035156,40.36000061035156,40.36000061035156,515.0
2025-06-26 15:09:00,AREN,,6.110000133514404,6.179999828338623,6.110000133514404,6.170000076293945,1828.0
2025-06-26 15:09:00,ARMN,,6.789999961853027,6.795000076293945,6.789999961853027,6.795000076293945,604.0
2025-06-26 15:09:00,ASM,,3.5250000953674316,3.5250000953674316,3.5250000953674316,3.5250000953674316,2816.0
2025-06-26 15:09:00,ATNM,,1.5800000429153442,1.5800000429153442,1.5800000429153442,1.5800000429153442,320.0
2025-06-26 15:09:00,BKTI,,54.970001220703125,54.970001220703125,54.970001220703125,54.970001220703125,204.0
2025-06-26 15:09:00,BRBS,,3.315000057220459,3.315000057220459,3.315000057220459,3.315000057220459,244.0
2025-06-26 15:09:00,BTG,,3.625,3.630000114440918,3.619999885559082,3.619999885559082,2266.0
2025-06-26 15:09:00,BURU,,0.3353999853134155,0.3353999853134155,0.33535000681877136,0.33535000681877136,566.0
2025-06-26 15:09:00,CATX,,3.6649999618530273,3.6649999618530273,3.6649999618530273,3.6649999618530273,531.0
2025-06-26 15:09:00,CEF,,30.39349937438965,30.39349937438965,30.39349937438965,30.39349937438965,3101.0
2025-06-26 15:09:00,CLM,,7.940000057220459,7.940000057220459,7.940000057220459,7.940000057220459,541.0
2025-06-26 15:09:00,CQP,,56.18000030517578,56.18000030517578,56.18000030517578,56.18000030517578,406.0
2025-06-26 15:09:00,CRF,,7.554999828338623,7.554999828338623,7.554999828338623,7.554999828338623,315.0
2025-06-26 15:09:00,CTM,,1.059999942779541,1.059999942779541,1.0549999475479126,1.0579999685287476,924.0
2025-06-26 15:09:00,CVU,,3.4700000286102295,3.4700000286102295,3.4700000286102295,3.4700000286102295,700.0
2025-06-26 15:09:00,DC,,3.809999942779541,3.809999942779541,3.809999942779541,3.809999942779541,367.0
2025-06-26 15:09:00,DHY,,2.1012001037597656,2.109999895095825,2.1012001037597656,2.109999895095825,613.0
2025-06-26 15:09:00,DNN,,1.839900016784668,1.840000033378601,1.8300000429153442,1.840000033378601,304552.0
2025-06-26 15:09:00,EIM,,9.579999923706055,9.579999923706055,9.579999923706055,9.579999923706055,500.0
2025-06-26 15:09:00,EPM,,4.78000020980835,4.78000020980835,4.78000020980835,4.78000020980835,632.0
2025-06-26 15:09:00,EQX,,5.885000228881836,5.889900207519531,5.880000114440918,5.885000228881836,3919.0
2025-06-26 15:09:00,ESP,,45.268001556396484,45.268001556396484,45.268001556396484,45.268001556396484,351.0
2025-06-26 15:09:00,EVI,,19.889999389648438,19.889999389648438,19.889999389648438,19.889999389648438,712.0
2025-06-26 15:09:00,FRD,,16.375,16.375,16.270000457763672,16.280000686645508,661.0
2025-06-26 15:09:00,FSP,,1.690000057220459,1.690000057220459,1.690000057220459,1.690000057220459,100.0
2025-06-26 15:09:00,GNS,,1.1897000074386597,1.2100000381469727,1.1699999570846558,1.1897000074386597,31014596.0
2025-06-26 15:09:00,GROY,,2.2750000953674316,2.278899908065796,2.2699999809265137,2.2699999809265137,2815.0
2025-06-26 15:09:00,GTE,,5.014999866485596,5.014999866485596,5.014999866485596,5.014999866485596,882.0
2025-06-26 15:09:00,HNW,,12.351900100708008,12.351900100708008,12.351900100708008,12.351900100708008,0.0
2025-06-26 15:09:00,HUSA,,12.680000305175781,12.680000305175781,12.651000022888184,12.651000022888184,277.0
2025-06-26 15:09:00,IBO,,0.9401000142097473,0.9410989880561829,0.9399999976158142,0.9410989880561829,5593.0
2025-06-26 15:09:00,IDR,,13.220000267028809,13.220000267028809,13.210000038146973,13.210000038146973,488.0
2025-06-26 15:09:00,IE,,9.75,9.75,9.729999542236328,9.729999542236328,4158.0
2025-06-26 15:09:00,INLX,,11.510000228881836,11.510000228881836,11.510000228881836,11.510000228881836,0.0
2025-06-26 15:09:00,ITRG,,1.534999966621399,1.534999966621399,1.534999966621399,1.534999966621399,100.0
2025-06-26 15:09:00,KULR,,5.150000095367432,5.150000095367432,5.135000228881836,5.139900207519531,6923.0
2025-06-26 15:09:00,LCTX,,0.9900000095367432,0.9908999800682068,0.9887999892234802,0.9900000095367432,7161.0
2025-06-26 15:09:00,LEU,,173.8101043701172,174.46510314941406,173.8101043701172,174.19000244140625,1067.0
2025-06-26 15:09:00,LMND,,42.7599983215332,42.775001525878906,42.70000076293945,42.70000076293945,3380.0
2025-06-26 15:09:00,LODE,,3.740000009536743,3.740000009536743,3.740000009536743,3.740000009536743,566.0
2025-06-26 15:09:00,MAG,,21.38010025024414,21.389999389648438,21.3799991607666,21.3799991607666,4081.0
2025-06-26 15:09:00,MGLD,,0.9200000166893005,0.9200000166893005,0.9200000166893005,0.9200000166893005,365.0
2025-06-26 15:09:00,MLSS,,0.7294999957084656,0.7294999957084656,0.7247490286827087,0.7294999957084656,2789.0
2025-06-26 15:09:00,MRT,,2.907099962234497,2.907099962234497,2.907099962234497,2.907099962234497,356.0
2025-06-26 15:09:00,MTA,,3.944999933242798,3.944999933242798,3.944999933242798,3.944999933242798,113.0
2025-06-26 15:09:00,NAK,,1.5549999475479126,1.5551999807357788,1.5549999475479126,1.5551999807357788,2003.0
2025-06-26 15:09:00,NBH,,9.829999923706055,9.829999923706055,9.829999923706055,9.829999923706055,131.0
2025-06-26 15:09:00,NCL,,0.1793999969959259,0.17949999868869781,0.17759999632835388,0.17880000174045563,41713.0
2025-06-26 15:09:00,NG,,4.090000152587891,4.099999904632568,4.090000152587891,4.090000152587891,3588.0
2025-06-26 15:09:00,NGD,,4.900100231170654,4.90500020980835,4.900000095367432,4.900599956512451,21180.0
2025-06-26 15:09:00,NHC,,107.5999984741211,107.73999786376953,107.5999984741211,107.69999694824219,1218.0
2025-06-26 15:09:00,OPTT,,0.5184000134468079,0.5184000134468079,0.5179650187492371,0.5179650187492371,390.0
2025-06-26 15:09:00,OSTX,,1.8250000476837158,1.8250000476837158,1.8250000476837158,1.8250000476837158,281516.0
2025-06-26 15:09:00,PLMR,,153.40499877929688,153.52499389648438,153.25999450683594,153.52499389648438,4840.0
2025-06-26 15:09:00,PLX,,1.4850000143051147,1.4850000143051147,1.4850000143051147,1.4850000143051147,300.0
2025-06-26 15:09:00,REI,,0.7706999778747559,0.7716000080108643,0.7700999975204468,0.7713500261306763,6185.0
2025-06-26 15:09:00,RLGT,,6.039999961853027,6.039999961853027,6.039999961853027,6.039999961853027,504.0
2025-06-26 15:09:00,SBEV,,3.9200000762939453,3.9200000762939453,3.9200000762939453,3.9200000762939453,264.0
2025-06-26 15:09:00,SEB,,2959.97998046875,2959.97998046875,2958.235107421875,2958.235107421875,6.0
2025-06-26 15:09:00,SENS,,0.4993000030517578,0.49935001134872437,0.4993000030517578,0.49935001134872437,621.0
2025-06-26 15:09:00,SLI,,1.9256999492645264,1.9299999475479126,1.9249999523162842,1.9249999523162842,2017.0
2025-06-26 15:09:00,SSY,,0.8600000143051147,0.8600000143051147,0.8600000143051147,0.8600000143051147,303.0
2025-06-26 15:09:00,STXS,,2.194999933242798,2.194999933242798,2.194999933242798,2.194999933242798,139.0
2025-06-26 15:09:00,SVM,,4.184999942779541,4.184999942779541,4.184999942779541,4.184999942779541,428.0
2025-06-26 15:09:00,TGB,,3.125,3.1298999786376953,3.125,3.125,1283.0
2025-06-26 15:09:00,TRT,,5.400000095367432,5.400000095367432,5.400000095367432,5.400000095367432,1001.0
2025-06-26 15:09:00,UAMY,,2.680000066757202,2.680000066757202,2.674999952316284,2.674999952316284,3415.0
2025-06-26 15:09:00,UEC,,6.965000152587891,6.96999979019165,6.954999923706055,6.960000038146973,39757.0
2025-06-26 15:09:00,URG,,1.034999966621399,1.0399999618530273,1.034999966621399,1.034999966621399,2706.0
2025-06-26 15:09:00,UTG,,35.527000427246094,35.527000427246094,35.527000427246094,35.527000427246094,282.0
2025-06-26 15:09:00,UUUU,,5.864999771118164,5.869999885559082,5.864999771118164,5.864999771118164,10313.0
2025-06-26 15:09:00,VKI,,8.21500015258789,8.21500015258789,8.21500015258789,8.21500015258789,6167.0
2025-06-26 15:09:00,VNRX,,0.8606500029563904,0.8606500029563904,0.8605999946594238,0.8606500029563904,400.0
2025-06-26 15:09:00,VZLA,,2.9700000286102295,2.9749999046325684,2.9700000286102295,2.9749999046325684,741.0
2025-06-26 15:10:00,AREN,,6.139999866485596,6.179999828338623,6.139999866485596,6.175000190734863,439.0
2025-06-26 15:10:00,ARMN,,6.789999961853027,6.795000076293945,6.789999961853027,6.795000076293945,924.0
2025-06-26 15:10:00,ASM,,3.539900064468384,3.5399999618530273,3.5250000953674316,3.5299999713897705,58424.0
2025-06-26 15:10:00,ATNM,,1.5850000381469727,1.590000033378601,1.5850000381469727,1.5850000381469727,1859.0
2025-06-26 15:10:00,BEEP,,4.244999885559082,4.244999885559082,4.244999885559082,4.244999885559082,213.0
2025-06-26 15:10:00,BHB,,29.920000076293945,29.920000076293945,29.920000076293945,29.920000076293945,116.0
2025-06-26 15:10:00,BRBS,,3.315000057220459,3.315000057220459,3.3148000240325928,3.3148000240325928,3127.0
2025-06-26 15:10:00,BTG,,3.6198999881744385,3.630000114440918,3.609999895095825,3.625,950574.0
2025-06-26 15:10:00,BURU,,0.33500000834465027,0.336899995803833,0.33500000834465027,0.336899995803833,2753.0
2025-06-26 15:10:00,CATX,,3.6612000465393066,3.6649999618530273,3.6612000465393066,3.6649999618530273,216.0
2025-06-26 15:10:00,CBOE,,226.69500732421875,226.69500732421875,226.6875,226.6875,756.0
2025-06-26 15:10:00,CEF,,30.38990020751953,30.389999389648438,30.38990020751953,30.389999389648438,738.0
2025-06-26 15:10:00,CIK,,2.9349000453948975,2.9349000453948975,2.9349000453948975,2.9349000453948975,2200.0
2025-06-26 15:10:00,CLDI,,0.23070000112056732,0.23070000112056732,0.23070000112056732,0.23070000112056732,652.0
2025-06-26 15:10:00,CLM,,7.940000057220459,7.9492998123168945,7.940000057220459,7.945000171661377,847.0
2025-06-26 15:10:00,CQP,,56.18000030517578,56.18000030517578,56.18000030517578,56.18000030517578,206.0
2025-06-26 15:10:00,CRF,,7.554999828338623,7.554999828338623,7.554999828338623,7.554999828338623,343.0
2025-06-26 15:10:00,CTM,,1.0549999475479126,1.0549999475479126,1.0549999475479126,1.0549999475479126,425.0
2025-06-26 15:10:00,CVU,,3.5199999809265137,3.5299999713897705,3.5199999809265137,3.5299999713897705,260.0
2025-06-26 15:10:00,CYBN,,8.600000381469727,8.600000381469727,8.569999694824219,8.569999694824219,5887.0
2025-06-26 15:10:00,DC,,3.809999942779541,3.809999942779541,3.809999942779541,3.809999942779541,241.0
2025-06-26 15:10:00,DHY,,2.1050000190734863,2.1050000190734863,2.1050000190734863,2.1050000190734863,502.0
2025-06-26 15:10:00,DNN,,1.840000033378601,1.840000033378601,1.8300000429153442,1.8395999670028687,41653.0
2025-06-26 15:10:00,DSS,,0.9240000247955322,0.9240000247955322,0.9240000247955322,0.9240000247955322,0.0
2025-06-26 15:10:00,EIM,,9.574999809265137,9.574999809265137,9.574999809265137,9.574999809265137,100.0
2025-06-26 15:10:00,ELA,,5.900000095367432,5.900000095367432,5.900000095367432,5.900000095367432,344.0
2025-06-26 15:10:00,ELMD,,21.399999618530273,21.399999618530273,21.399999618530273,21.399999618530273,145.0
2025-06-26 15:10:00,EMX,,2.559999942779541,2.569999933242798,2.559999942779541,2.569999933242798,1764.0
2025-06-26 15:10:00,EPM,,4.769999980926514,4.769999980926514,4.769999980926514,4.769999980926514,419.0
2025-06-26 15:10:00,EQX,,5.885000228881836,5.889999866485596,5.880000114440918,5.880000114440918,25346.0
2025-06-26 15:10:00,FOXO,,0.2012999951839447,0.20190000534057617,0.20100000500679016,0.20170000195503235,9710.0
2025-06-26 15:10:00,FSP,,1.690000057220459,1.690000057220459,1.684999942779541,1.684999942779541,200.0
2025-06-26 15:10:00,FTF,,6.394999980926514,6.394999980926514,6.394999980926514,6.394999980926514,126.0
2025-06-26 15:10:00,GAU,,1.284999966621399,1.284999966621399,1.284999966621399,1.284999966621399,224.0
2025-06-26 15:10:00,GGN,,4.385000228881836,4.385000228881836,4.38100004196167,4.38100004196167,396.0
2025-06-26 15:10:00,GLDG,,0.7455000281333923,0.7455000281333923,0.7455000281333923,0.7455000281333923,1126.0
2025-06-26 15:10:00,GLO,,5.34499979019165,5.348700046539307,5.34499979019165,5.348700046539307,1810.0
2025-06-26 15:10:00,GNS,,1.2050000429153442,1.2100000381469727,1.187999963760376,1.187999963760376,93844.0
2025-06-26 15:10:00,GORO,,0.54830002784729,0.54830002784729,0.54830002784729,0.54830002784729,100.0
2025-06-26 15:10:00,GROY,,2.2699999809265137,2.2750000953674316,2.2699999809265137,2.2750000953674316,3139.0
2025-06-26 15:10:00,IBO,,0.9401000142097473,0.9556000232696533,0.9401000142097473,0.9401000142097473,4771.0
2025-06-26 15:10:00,IDR,,13.199999809265137,13.210000038146973,13.199999809265137,13.199999809265137,3271.0
2025-06-26 15:10:00,IE,,9.739999771118164,9.75,9.739999771118164,9.739999771118164,1381.0
2025-06-26 15:10:00,IMO,,81.26000213623047,81.26000213623047,81.26000213623047,81.26000213623047,371.0
2025-06-26 15:10:00,INDO,,3.0409998893737793,3.045099973678589,3.0409998893737793,3.045099973678589,567.0
2025-06-26 15:10:00,INFU,,6.429999828338623,6.429999828338623,6.429999828338623,6.429999828338623,571.0
2025-06-26 15:10:00,ITRG,,1.534999966621399,1.534999966621399,1.534999966621399,1.534999966621399,344.0
2025-06-26 15:10:00,KULR,,5.144999980926514,5.150000095367432,5.140100002288818,5.140100002288818,3245.0
2025-06-26 15:10:00,LCTX,,0.9901000261306763,0.9907000064849854,0.9901000261306763,0.9904000163078308,2571.0
2025-06-26 15:10:00,LEU,,174.1300048828125,174.30499267578125,174.1300048828125,174.1300048828125,1390.0
2025-06-26 15:10:00,LMND,,42.70000076293945,42.77000045776367,42.689998626708984,42.73500061035156,3787.0
2025-06-26 15:10:00,LNG,,242.02999877929688,242.11000061035156,242.02499389648438,242.11000061035156,1209.0
2025-06-26 15:10:00,MAG,,21.364999771118164,21.3799991607666,21.364999771118164,21.3799991607666,2333.0
2025-06-26 15:10:00,MLSS,,0.7247499823570251,0.7247499823570251,0.7247499823570251,0.7247499823570251,223.0
2025-06-26 15:10:00,MTA,,3.940000057220459,3.944999933242798,3.940000057220459,3.944999933242798,1685.0
2025-06-26 15:10:00,MYO,,2.2298998832702637,2.2298998832702637,2.2298998832702637,2.2298998832702637,643.0
2025-06-26 15:10:00,NAK,,1.5565999746322632,1.5565999746322632,1.5565999746322632,1.5565999746322632,540.0
2025-06-26 15:10:00,NCL,,0.17945000529289246,0.17945000529289246,0.17945000529289246,0.17945000529289246,100.0
2025-06-26 15:10:00,NFGC,,1.475000023841858,1.475000023841858,1.475000023841858,1.475000023841858,138.0
2025-06-26 15:10:00,NG,,4.09499979019165,4.09499979019165,4.090000152587891,4.09499979019165,5441.0
2025-06-26 15:10:00,NGD,,4.9004998207092285,4.908299922943115,4.900000095367432,4.900000095367432,14800.0
2025-06-26 15:10:00,NHS,,7.5,7.5,7.5,7.5,100.0
2025-06-26 15:10:00,NML,,8.830900192260742,8.835000038146973,8.819999694824219,8.835000038146973,410.0
2025-06-26 15:10:00,NNVC,,1.2275999784469604,1.2275999784469604,1.2275999784469604,1.2275999784469604,776.0
2025-06-26 15:10:00,OPTT,,0.5185999870300293,0.5185999870300293,0.5185999870300293,0.5185999870300293,1160.0
2025-06-26 15:10:00,ORLA,,9.975000381469727,9.975000381469727,9.975000381469727,9.975000381469727,272.0
2025-06-26 15:10:00,PED,,0.6514000296592712,0.6514000296592712,0.6514000296592712,0.6514000296592712,70501.0
2025-06-26 15:10:00,PLG,,1.649999976158142,1.6549999713897705,1.649999976158142,1.649999976158142,6409.0
2025-06-26 15:10:00,PLX,,1.4850000143051147,1.4850000143051147,1.4800000190734863,1.4850000143051147,1401.0
2025-06-26 15:10:00,REI,,0.770799994468689,0.7716500163078308,0.770799994468689,0.7716000080108643,2611.0
2025-06-26 15:10:00,SBEV,,3.8078999519348145,3.8078999519348145,3.8078999519348145,3.8078999519348145,197.0
2025-06-26 15:10:00,SENS,,0.49939998984336853,0.49939998984336853,0.4993000030517578,0.4993000030517578,11602.0
2025-06-26 15:10:00,SGN,,1.1399999856948853,1.1399999856948853,1.1399999856948853,1.1399999856948853,491.0
2025-06-26 15:10:00,SLI,,1.9249999523162842,1.9299999475479126,1.9249999523162842,1.9249999523162842,400.0
2025-06-26 15:10:00,SLND,,3.9200000762939453,3.9200000762939453,3.9200000762939453,3.9200000762939453,118.0
2025-06-26 15:10:00,SOAR,,1.3890000581741333,1.3890000581741333,1.3890000581741333,1.3890000581741333,139.0
2025-06-26 15:10:00,STXS,,2.200000047683716,2.200000047683716,2.200000047683716,2.200000047683716,332.0
2025-06-26 15:10:00,SVM,,4.179999828338623,4.184999942779541,4.179999828338623,4.184999942779541,995.0
2025-06-26 15:10:00,TGB,,3.125,3.125,3.125,3.125,1029.0
2025-06-26 15:10:00,THM,,0.8758000135421753,0.8758000135421753,0.8758000135421753,0.8758000135421753,3000.0
2025-06-26 15:10:00,TMP,,63.400001525878906,63.400001525878906,63.400001525878906,63.400001525878906,606.0
2025-06-26 15:10:00,TOVX,,0.4354499876499176,0.4354499876499176,0.4354499876499176,0.4354499876499176,477.0
2025-06-26 15:10:00,UAMY,,2.672800064086914,2.672800064086914,2.672800064086914,2.672800064086914,172.0
2025-06-26 15:10:00,UAVS,,1.1399999856948853,1.1399999856948853,1.1399999856948853,1.1399999856948853,100.0
2025-06-26 15:10:00,UEC,,6.954999923706055,6.96999979019165,6.954800128936768,6.96999979019165,46102.0
2025-06-26 15:10:00,URG,,1.034999966621399,1.0399999618530273,1.0300999879837036,1.034999966621399,15048.0
2025-06-26 15:10:00,USAS,,0.8398000001907349,0.8398000001907349,0.8320000171661377,0.8324000239372253,10420.0
2025-06-26 15:10:00,UTG,,35.52000045776367,35.52000045776367,35.52000045776367,35.52000045776367,200.0
2025-06-26 15:10:00,UUUU,,5.849999904632568,5.869999885559082,5.849999904632568,5.869999885559082,11377.0
2025-06-26 15:10:00,VNRX,,0.8679999709129333,0.8679999709129333,0.8606500029563904,0.8606500029563904,951.0
2025-06-26 15:10:00,VTAK,,0.25039899349212646,0.25039899349212646,0.25039899349212646,0.25039899349212646,1000.0
2025-06-26 15:10:00,VZLA,,2.9749999046325684,2.9749999046325684,2.9749999046325684,2.9749999046325684,4390842.0
2025-06-26 15:10:00,WRN,,1.2400000095367432,1.2450000047683716,1.2400000095367432,1.2450000047683716,428.0
2025-06-26 15:10:00,XPL,,0.661300003528595,0.661300003528595,0.661300003528595,0.661300003528595,436.0
2025-06-26 15:11:00,AMS,,2.384999990463257,2.384999990463257,2.384999990463257,2.384999990463257,100.0
2025-06-26 15:11:00,AREN,,6.139999866485596,6.139999866485596,6.139999866485596,6.139999866485596,139.0
2025-06-26 15:11:00,ARMN,,6.789999961853027,6.799900054931641,6.789999961853027,6.799900054931641,862.0
2025-06-26 15:11:00,ASM,,3.539900064468384,3.539900064468384,3.5299999713897705,3.5299999713897705,9383.0
2025-06-26 15:11:00,ATNM,,1.5800000429153442,1.5800000429153442,1.5800000429153442,1.5800000429153442,561.0
2025-06-26 15:11:00,BEEP,,4.190000057220459,4.244999885559082,4.190000057220459,4.244999885559082,384.0
2025-06-26 15:11:00,BKTI,,54.80799865722656,54.80799865722656,54.80799865722656,54.80799865722656,165.0
2025-06-26 15:11:00,BRBS,,3.319999933242798,3.319999933242798,3.309999942779541,3.309999942779541,495.0
2025-06-26 15:11:00,BTG,,3.619999885559082,3.619999885559082,3.609999895095825,3.619999885559082,251275.0
2025-06-26 15:11:00,BURU,,0.336899995803833,0.336899995803833,0.336899995803833,0.336899995803833,1633.0
2025-06-26 15:11:00,CATX,,3.6700000762939453,3.6700000762939453,3.6649999618530273,3.6649999618530273,6501.0
2025-06-26 15:11:00,CBOE,,226.69500732421875,226.69500732421875,226.69500732421875,226.69500732421875,322.0
2025-06-26 15:11:00,CLM,,7.940000057220459,7.940000057220459,7.940000057220459,7.940000057220459,567.0
2025-06-26 15:11:00,CQP,,56.18000030517578,56.18000030517578,56.150001525878906,56.18000030517578,405.0
2025-06-26 15:11:00,CRF,,7.554999828338623,7.554999828338623,7.554999828338623,7.554999828338623,271.0
2025-06-26 15:11:00,CTM,,1.059999942779541,1.059999942779541,1.059999942779541,1.059999942779541,174.0
2025-06-26 15:11:00,CVU,,3.4112000465393066,3.4112000465393066,3.4112000465393066,3.4112000465393066,316.0
2025-06-26 15:11:00,CYBN,,8.600000381469727,8.630000114440918,8.600000381469727,8.619999885559082,2568.0
2025-06-26 15:11:00,DC,,3.805000066757202,3.815000057220459,3.805000066757202,3.809999942779541,21302.0
2025-06-26 15:11:00,DHY,,2.1087000370025635,2.1087000370025635,2.1087000370025635,2.1087000370025635,503.0
2025-06-26 15:11:00,DNN,,1.8350000381469727,1.840000033378601,1.8300000429153442,1.840000033378601,35662.0
2025-06-26 15:11:00,EMX,,2.555000066757202,2.555000066757202,2.555000066757202,2.555000066757202,176.0
2025-06-26 15:11:00,EPM,,4.775000095367432,4.775000095367432,4.769999980926514,4.769999980926514,982.0
2025-06-26 15:11:00,EQX,,5.885000228881836,5.885000228881836,5.880000114440918,5.880000114440918,12988.0
2025-06-26 15:11:00,FOXO,,0.20110000669956207,0.2013999968767166,0.20104999840259552,0.2013999968767166,9500.0
2025-06-26 15:11:00,FRD,,16.488800048828125,16.488800048828125,16.276199340820312,16.31920051574707,3202.0
2025-06-26 15:11:00,FSP,,1.684999942779541,1.684999942779541,1.684999942779541,1.684999942779541,200.0
2025-06-26 15:11:00,GLDG,,0.7455999851226807,0.7455999851226807,0.7455000281333923,0.7455000281333923,2600.0
2025-06-26 15:11:00,GNS,,1.2200000286102295,1.2200000286102295,1.2000999450683594,1.2066999673843384,88962.0
2025-06-26 15:11:00,GORO,,0.5449000000953674,0.5482000112533569,0.5449000000953674,0.5482000112533569,291.0
2025-06-26 15:11:00,GROY,,2.2750000953674316,2.2750000953674316,2.2699999809265137,2.2699999809265137,1786.0
2025-06-26 15:11:00,GSAT,,23.450000762939453,23.450000762939453,23.434999465942383,23.434999465942383,1133.0
2025-06-26 15:11:00,HUSA,,12.920000076293945,12.920000076293945,12.664999961853027,12.664999961853027,449.0
2025-06-26 15:11:00,IBO,,0.9401000142097473,0.9537010192871094,0.9401000142097473,0.9480999708175659,721.0
2025-06-26 15:11:00,IDR,,13.210000038146973,13.210000038146973,13.199999809265137,13.199999809265137,490.0
2025-06-26 15:11:00,IE,,9.739999771118164,9.75,9.739999771118164,9.739999771118164,1182.0
2025-06-26 15:11:00,INDO,,3.0450000762939453,3.0499000549316406,3.0450000762939453,3.0499000549316406,12118.0
2025-06-26 15:11:00,ITRG,,1.5299999713897705,1.5299999713897705,1.5299999713897705,1.5299999713897705,328.0
2025-06-26 15:11:00,KULR,,5.150000095367432,5.150000095367432,5.141900062561035,5.141900062561035,1373.0
2025-06-26 15:11:00,LCTX,,0.9907000064849854,0.9907000064849854,0.9905999898910522,0.9907000064849854,983.0
2025-06-26 15:11:00,LMND,,42.70000076293945,42.720001220703125,42.685001373291016,42.69499969482422,3290.0
2025-06-26 15:11:00,LNG,,241.92999267578125,242.00999450683594,241.8800048828125,241.97999572753906,7868.0
2025-06-26 15:11:00,MAG,,21.360000610351562,21.360000610351562,21.360000610351562,21.360000610351562,207.0
2025-06-26 15:11:00,MTA,,3.930000066757202,3.931999921798706,3.930000066757202,3.931999921798706,7854.0
2025-06-26 15:11:00,NAK,,1.5549999475479126,1.559999942779541,1.5506000518798828,1.5506000518798828,8323.0
2025-06-26 15:11:00,NCL,,0.17910000681877136,0.17910000681877136,0.1776999980211258,0.17890000343322754,5105.0
2025-06-26 15:11:00,NEWP,,1.3867000341415405,1.3867000341415405,1.3867000341415405,1.3867000341415405,1144.0
2025-06-26 15:11:00,NG,,4.09499979019165,4.097499847412109,4.090000152587891,4.090000152587891,2114.0
2025-06-26 15:11:00,NGD,,4.90500020980835,4.905200004577637,4.900000095367432,4.900000095367432,8256.0
2025-06-26 15:11:00,NHS,,7.5,7.5,7.5,7.5,700.0
2025-06-26 15:11:00,NNVC,,1.2300000190734863,1.2300000190734863,1.2300000190734863,1.2300000190734863,209.0
2025-06-26 15:11:00,OPTT,,0.5181999802589417,0.5185999870300293,0.5180000066757202,0.5181999802589417,3332.0
2025-06-26 15:11:00,ORLA,,9.954999923706055,9.970000267028809,9.9399995803833,9.970000267028809,13815.0
2025-06-26 15:11:00,PLG,,1.6549999713897705,1.6549999713897705,1.649999976158142,1.6500999927520752,14040.0
2025-06-26 15:11:00,PLX,,1.4850000143051147,1.4900000095367432,1.4850000143051147,1.4900000095367432,445.0
2025-06-26 15:11:00,PRK,,167.2050018310547,167.2050018310547,167.2050018310547,167.2050018310547,429.0
2025-06-26 15:11:00,REI,,0.7717000246047974,0.7717000246047974,0.7709000110626221,0.7716500163078308,3895.0
2025-06-26 15:11:00,REPX,,26.780000686645508,26.780000686645508,26.780000686645508,26.780000686645508,151.0
2025-06-26 15:11:00,SATX,,2.9600000381469727,2.9600000381469727,2.9600000381469727,2.9600000381469727,200.0
2025-06-26 15:11:00,SBEV,,3.801682949066162,3.801682949066162,3.799999952316284,3.799999952316284,200.0
2025-06-26 15:11:00,SEB,,2953.001220703125,2953.001220703125,2953.001220703125,2953.001220703125,1.0
2025-06-26 15:11:00,SENS,,0.4993000030517578,0.49939998984336853,0.4993000030517578,0.49939998984336853,2377.0
2025-06-26 15:11:00,SLI,,1.9249999523162842,1.9249999523162842,1.9249999523162842,1.9249999523162842,754.0
2025-06-26 15:11:00,STXS,,2.200000047683716,2.200000047683716,2.200000047683716,2.200000047683716,113.0
2025-06-26 15:11:00,SVM,,4.188799858093262,4.188799858093262,4.184999942779541,4.184999942779541,324.0
2025-06-26 15:11:00,TGB,,3.125,3.1298999786376953,3.119999885559082,3.125,13421.0
2025-06-26 15:11:00,TMQ,,1.4700000286102295,1.4700000286102295,1.4700000286102295,1.4700000286102295,350.0
2025-06-26 15:11:00,UAMY,,2.680000066757202,2.684999942779541,2.680000066757202,2.680000066757202,18097.0
2025-06-26 15:11:00,UAVS,,1.1399999856948853,1.1399999856948853,1.1399999856948853,1.1399999856948853,1240.0
2025-06-26 15:11:00,UEC,,6.969900131225586,6.96999979019165,6.954999923706055,6.958700180053711,18060.0
2025-06-26 15:11:00,URG,,1.034999966621399,1.0399999618530273,1.034999966621399,1.0397000312805176,6840.0
2025-06-26 15:11:00,USAS,,0.8396000266075134,0.8396000266075134,0.8224999904632568,0.8224999904632568,2710.0
2025-06-26 15:11:00,UTG,,35.525001525878906,35.525001525878906,35.525001525878906,35.525001525878906,0.0
2025-06-26 15:11:00,UUUU,,5.8520002365112305,5.857399940490723,5.849999904632568,5.849999904632568,4259.0
2025-06-26 15:11:00,VNRX,,0.8673999905586243,0.8673999905586243,0.8606500029563904,0.8606500029563904,340.0
2025-06-26 15:11:00,VTAK,,0.25029999017715454,0.25029999017715454,0.2500999867916107,0.2502000033855438,13637.0
2025-06-26 15:11:00,VZLA,,2.974600076675415,2.9749999046325684,2.974600076675415,2.9749999046325684,903.0
2025-06-26 15:12:00,AREN,,6.179999828338623,6.179999828338623,6.179999828338623,6.179999828338623,175.0
2025-06-26 15:12:00,ARMN,,6.789999961853027,6.789999961853027,6.789999961853027,6.789999961853027,112.0
2025-06-26 15:12:00,ASM,,3.531599998474121,3.5350000858306885,3.531599998474121,3.5350000858306885,3390.0
2025-06-26 15:12:00,ATNM,,1.5850000381469727,1.5850000381469727,1.5850000381469727,1.5850000381469727,292.0
2025-06-26 15:12:00,BHB,,29.94499969482422,29.94499969482422,29.94499969482422,29.94499969482422,589.0
2025-06-26 15:12:00,BKTI,,54.9900016784668,54.9900016784668,54.79999923706055,54.79999923706055,657.0
2025-06-26 15:12:00,BRBS,,3.315000057220459,3.315000057220459,3.315000057220459,3.315000057220459,280.0
2025-06-26 15:12:00,BTG,,3.619999885559082,3.619999885559082,3.615000009536743,3.619999885559082,13808.0
2025-06-26 15:12:00,BURU,,0.33500000834465027,0.33500000834465027,0.33500000834465027,0.33500000834465027,1412.0
2025-06-26 15:12:00,CATX,,3.6649999618530273,3.6649999618530273,3.6649999618530273,3.6649999618530273,451.0
2025-06-26 15:12:00,CBOE,,226.69500732421875,226.69500732421875,226.69500732421875,226.69500732421875,598.0
2025-06-26 15:12:00,CIK,,2.934999942779541,2.934999942779541,2.934999942779541,2.934999942779541,600.0
2025-06-26 15:12:00,CLM,,7.940499782562256,7.945000171661377,7.940100193023682,7.945000171661377,5109.0
2025-06-26 15:12:00,CMCL,,19.184999465942383,19.184999465942383,19.184999465942383,19.184999465942383,1405.0
2025-06-26 15:12:00,CQP,,56.15999984741211,56.18000030517578,56.15999984741211,56.18000030517578,273.0
2025-06-26 15:12:00,CRF,,7.557700157165527,7.557700157165527,7.554999828338623,7.554999828338623,3908.0
2025-06-26 15:12:00,CTGO,,20.81999969482422,20.81999969482422,20.81999969482422,20.81999969482422,491.0
2025-06-26 15:12:00,CTM,,1.0549999475479126,1.0549999475479126,1.0549999475479126,1.0549999475479126,100.0
2025-06-26 15:12:00,CVU,,3.5250000953674316,3.5250000953674316,3.5250000953674316,3.5250000953674316,130.0
2025-06-26 15:12:00,DNN,,1.8300000429153442,1.840000033378601,1.8300000429153442,1.8395999670028687,21867.0
2025-06-26 15:12:00,EIM,,9.579999923706055,9.579999923706055,9.579999923706055,9.579999923706055,500.0
2025-06-26 15:12:00,ELMD,,21.354999542236328,21.354999542236328,21.31999969482422,21.354999542236328,635.0
2025-06-26 15:12:00,EPM,,4.770100116729736,4.770100116729736,4.770100116729736,4.770100116729736,878.0
2025-06-26 15:12:00,EQX,,5.885000228881836,5.885000228881836,5.880000114440918,5.885000228881836,4788.0
2025-06-26 15:12:00,ERC,,9.430000305175781,9.430000305175781,9.430000305175781,9.430000305175781,100.0
2025-06-26 15:12:00,FOXO,,0.2012999951839447,0.2012999951839447,0.20110000669956207,0.2012999951839447,363.0
2025-06-26 15:12:00,FRD,,16.399999618530273,16.399999618530273,16.399999618530273,16.399999618530273,54.0
2025-06-26 15:12:00,GAU,,1.284999966621399,1.284999966621399,1.284999966621399,1.284999966621399,182.0
2025-06-26 15:12:00,GBR,,1.0908000469207764,1.0908000469207764,1.0908000469207764,1.0908000469207764,0.0
2025-06-26 15:12:00,GGN,,4.38100004196167,4.38100004196167,4.38100004196167,4.38100004196167,100.0
2025-06-26 15:12:00,GLDG,,0.7455499768257141,0.7457000017166138,0.7455499768257141,0.7455999851226807,10552.0
2025-06-26 15:12:00,GNS,,1.2299000024795532,1.2300000190734863,1.2101000547409058,1.2200000286102295,104348.0
2025-06-26 15:12:00,GROY,,2.2750000953674316,2.2750000953674316,2.2750000953674316,2.2750000953674316,309.0
2025-06-26 15:12:00,GSAT,,23.452699661254883,23.452699661254883,23.420000076293945,23.450000762939453,3942.0
2025-06-26 15:12:00,GTE,,5.0,5.010000228881836,5.0,5.010000228881836,574.0
2025-06-26 15:12:00,HUSA,,12.779999732971191,12.779999732971191,12.649999618530273,12.649999618530273,800.0
2025-06-26 15:12:00,IE,,9.739999771118164,9.75,9.729999542236328,9.75,5529.0
2025-06-26 15:12:00,IGC,,0.3084000051021576,0.3084000051021576,0.3084000051021576,0.3084000051021576,483.0
2025-06-26 15:12:00,IMO,,81.23999786376953,81.25,81.23999786376953,81.25,199566.0
2025-06-26 15:12:00,INDO,,3.0309998989105225,3.049999952316284,3.0299999713897705,3.049999952316284,6741.0
2025-06-26 15:12:00,KULR,,5.144999980926514,5.150000095367432,5.144999980926514,5.148600101470947,1585.0
2025-06-26 15:12:00,LCTX,,0.9902999997138977,0.9908999800682068,0.9902999997138977,0.9908000230789185,13075.0
2025-06-26 15:12:00,LEU,,174.02999877929688,174.30999755859375,174.02999877929688,174.30999755859375,2433.0
2025-06-26 15:12:00,LMND,,42.70500183105469,42.72999954223633,42.70500183105469,42.72999954223633,2335.0
2025-06-26 15:12:00,LNG,,241.80999755859375,241.82000732421875,241.80999755859375,241.82000732421875,784.0
2025-06-26 15:12:00,MAG,,21.360000610351562,21.360000610351562,21.360000610351562,21.360000610351562,319.0
2025-06-26 15:12:00,MTA,,3.930000066757202,3.940000057220459,3.930000066757202,3.940000057220459,1813.0
2025-06-26 15:12:00,MYO,,2.2249999046325684,2.2249999046325684,2.2249999046325684,2.2249999046325684,264.0
2025-06-26 15:12:00,NAK,,1.5549999475479126,1.5549999475479126,1.5549999475479126,1.5549999475479126,9712.0
2025-06-26 15:12:00,NFGC,,1.475000023841858,1.475000023841858,1.475000023841858,1.475000023841858,359.0
2025-06-26 15:12:00,NG,,4.090000152587891,4.099999904632568,4.090000152587891,4.090000152587891,1364.0
2025-06-26 15:12:00,NGD,,4.90500020980835,4.90500020980835,4.900000095367432,4.9008002281188965,2078.0
2025-06-26 15:12:00,NHS,,7.5,7.5,7.5,7.5,4150.0
2025-06-26 15:12:00,NML,,8.835000038146973,8.835000038146973,8.835000038146973,8.835000038146973,2615.0
2025-06-26 15:12:00,NRXS,,2.575000047683716,2.575000047683716,2.575000047683716,2.575000047683716,100.0
2025-06-26 15:12:00,OBE,,5.505000114440918,5.505000114440918,5.505000114440918,5.505000114440918,136.0
2025-06-26 15:12:00,OPTT,,0.5185999870300293,0.5185999870300293,0.5185999870300293,0.5185999870300293,1250.0
2025-06-26 15:12:00,ORLA,,9.954999923706055,9.954999923706055,9.949999809265137,9.954999923706055,1845.0
2025-06-26 15:12:00,PHGE,,0.46000000834465027,0.46000000834465027,0.46000000834465027,0.46000000834465027,0.0
2025-06-26 15:12:00,PLG,,1.6449999809265137,1.6549999713897705,1.6449999809265137,1.6519999504089355,18962.0
2025-06-26 15:12:00,PLX,,1.4800000190734863,1.4800000190734863,1.4800000190734863,1.4800000190734863,123.0
2025-06-26 15:12:00,REI,,0.7709000110626221,0.7717000246047974,0.7709000110626221,0.7717000246047974,1611.0
2025-06-26 15:12:00,REPX,,26.729999542236328,26.729999542236328,26.729999542236328,26.729999542236328,209.0
2025-06-26 15:12:00,RLGT,,6.045000076293945,6.045000076293945,6.045000076293945,6.045000076293945,1845.0
2025-06-26 15:12:00,SACH,,1.0850000381469727,1.0850000381469727,1.0850000381469727,1.0850000381469727,109.0
2025-06-26 15:12:00,SATX,,2.9600000381469727,2.9600000381469727,2.9600000381469727,2.9600000381469727,302.0
2025-06-26 15:12:00,SEB,,2956.489990234375,2958.389892578125,2956.489990234375,2958.389892578125,3.0
2025-06-26 15:12:00,SENS,,0.49939998984336853,0.49939998984336853,0.49939998984336853,0.49939998984336853,212.0
2025-06-26 15:12:00,SLI,,1.9299999475479126,1.9299999475479126,1.9299999475479126,1.9299999475479126,112.0
2025-06-26 15:12:00,SLND,,3.9100000858306885,3.9100000858306885,3.9100000858306885,3.9100000858306885,756.0
2025-06-26 15:12:00,STXS,,2.200000047683716,2.200000047683716,2.200000047683716,2.200000047683716,140.0
2025-06-26 15:12:00,TGB,,3.125,3.125,3.1201000213623047,3.125,1906.0
2025-06-26 15:12:00,THM,,0.8758000135421753,0.8758000135421753,0.8758000135421753,0.8758000135421753,112.0
2025-06-26 15:12:00,UAMY,,2.674999952316284,2.680000066757202,2.6700000762939453,2.680000066757202,4215.0
2025-06-26 15:12:00,UAVS,,1.1396000385284424,1.1399999856948853,1.1348999738693237,1.1399999856948853,10954.0
2025-06-26 15:12:00,UEC,,6.965000152587891,6.96999979019165,6.965000152587891,6.96999979019165,4541.0
2025-06-26 15:12:00,URG,,1.034999966621399,1.0399999618530273,1.034999966621399,1.034999966621399,1323.0
2025-06-26 15:12:00,USAS,,0.8259999752044678,0.8259999752044678,0.8259999752044678,0.8259999752044678,3000.0
2025-06-26 15:12:00,UUUU,,5.849999904632568,5.860000133514404,5.849999904632568,5.860000133514404,5900.0
2025-06-26 15:12:00,VNRX,,0.8673999905586243,0.8673999905586243,0.8673999905586243,0.8673999905586243,580.0
2025-06-26 15:12:00,VTAK,,0.25029999017715454,0.25029999017715454,0.25029999017715454,0.25029999017715454,150.0
2025-06-26 15:12:00,VZLA,,2.9800000190734863,2.9800000190734863,2.9749999046325684,2.9749999046325684,1698.0
2025-06-26 15:13:00,AREN,,6.179999828338623,6.190000057220459,6.139999866485596,6.175000190734863,3293.0
2025-06-26 15:13:00,ASM,,3.530100107192993,3.5350000858306885,3.5299999713897705,3.5350000858306885,11459.0
2025-06-26 15:13:00,ATNM,,1.5850000381469727,1.5850000381469727,1.5850000381469727,1.5850000381469727,281.0
2025-06-26 15:13:00,BEEP,,4.2418999671936035,4.2418999671936035,4.2418999671936035,4.2418999671936035,1068.0
2025-06-26 15:13:00,BRBS,,3.309999942779541,3.319999933242798,3.309999942779541,3.319999933242798,8886.0
2025-06-26 15:13:00,BTG,,3.619499921798706,3.619999885559082,3.615000009536743,3.619999885559082,87396.0
2025-06-26 15:13:00,BURU,,0.33390000462532043,0.33390000462532043,0.33390000462532043,0.33390000462532043,3464.0
2025-06-26 15:13:00,CATX,,3.6600000858306885,3.6649999618530273,3.6600000858306885,3.6649999618530273,1546.0
2025-06-26 15:13:00,CBOE,,226.7100067138672,226.7100067138672,226.67250061035156,226.69500732421875,2073.0
2025-06-26 15:13:00,CIK,,2.934999942779541,2.934999942779541,2.934999942779541,2.934999942779541,816.0
2025-06-26 15:13:00,CLDI,,0.23070000112056732,0.23070000112056732,0.23070000112056732,0.23070000112056732,30400.0
2025-06-26 15:13:00,CLM,,7.942800045013428,7.949999809265137,7.940000057220459,7.940000057220459,1683.0
2025-06-26 15:13:00,CQP,,56.15999984741211,56.15999984741211,56.13999938964844,56.13999938964844,1023.0
2025-06-26 15:13:00,CRF,,7.554999828338623,7.554999828338623,7.551300048828125,7.551300048828125,4894.0
2025-06-26 15:13:00,CTM,,1.0540000200271606,1.0540000200271606,1.0540000200271606,1.0540000200271606,185.0
2025-06-26 15:13:00,CYBN,,8.619999885559082,8.619999885559082,8.599800109863281,8.599800109863281,5666.0
2025-06-26 15:13:00,DDC,,10.100000381469727,10.100000381469727,10.100000381469727,10.100000381469727,1034.0
2025-06-26 15:13:00,DNN,,1.840000033378601,1.840000033378601,1.8300000429153442,1.840000033378601,178079.0
2025-06-26 15:13:00,EMX,,2.558000087738037,2.558000087738037,2.558000087738037,2.558000087738037,152.0
2025-06-26 15:13:00,EQX,,5.880000114440918,5.885000228881836,5.880000114440918,5.885000228881836,1146.0
2025-06-26 15:13:00,ERC,,9.421500205993652,9.430000305175781,9.420100212097168,9.430000305175781,3038.0
2025-06-26 15:13:00,FOXO,,0.20090000331401825,0.20090000331401825,0.20090000331401825,0.20090000331401825,2091.0
2025-06-26 15:13:00,GLDG,,0.7455000281333923,0.7455000281333923,0.7455000281333923,0.7455000281333923,600.0
2025-06-26 15:13:00,GLO,,5.340099811553955,5.340099811553955,5.340099811553955,5.340099811553955,476.0
2025-06-26 15:13:00,GNS,,1.2799999713897705,1.281000018119812,1.2232999801635742,1.225000023841858,512150.0
2025-06-26 15:13:00,GROY,,2.278899908065796,2.278899908065796,2.2699999809265137,2.2699999809265137,611.0
2025-06-26 15:13:00,HUSA,,12.824199676513672,12.824199676513672,12.760000228881836,12.760000228881836,522569.0
2025-06-26 15:13:00,IDR,,13.199999809265137,13.210000038146973,13.199999809265137,13.199999809265137,971.0
2025-06-26 15:13:00,IE,,9.739999771118164,9.739999771118164,9.739999771118164,9.739999771118164,577.0
2025-06-26 15:13:00,IMO,,81.2699966430664,81.2699966430664,81.2699966430664,81.2699966430664,178.0
2025-06-26 15:13:00,INDO,,3.0348000526428223,3.0350000858306885,3.0348000526428223,3.0350000858306885,1150.0
2025-06-26 15:13:00,ITRG,,1.534999966621399,1.534999966621399,1.534999966621399,1.534999966621399,103.0
2025-06-26 15:13:00,KNW,,1.9249999523162842,1.9299999475479126,1.9249999523162842,1.9299999475479126,621.0
2025-06-26 15:13:00,KULR,,5.144999980926514,5.150000095367432,5.144999980926514,5.150000095367432,3004.0
2025-06-26 15:13:00,LCTX,,0.9904999732971191,0.9907000064849854,0.9902999997138977,0.9902999997138977,1023.0
2025-06-26 15:13:00,LEU,,174.4250030517578,174.46499633789062,174.4250030517578,174.46499633789062,816.0
2025-06-26 15:13:00,LMND,,42.72999954223633,42.7400016784668,42.709999084472656,42.7400016784668,2037.0
2025-06-26 15:13:00,LNG,,241.86000061035156,241.86000061035156,241.83999633789062,241.83999633789062,3229.0
2025-06-26 15:13:00,MAG,,21.360000610351562,21.360200881958008,21.354999542236328,21.360000610351562,11939.0
2025-06-26 15:13:00,MRT,,2.8828999996185303,2.8828999996185303,2.873300075531006,2.873300075531006,703.0
2025-06-26 15:13:00,MTA,,3.930000066757202,3.930000066757202,3.930000066757202,3.930000066757202,1220.0
2025-06-26 15:13:00,MXC,,9.470000267028809,9.470000267028809,9.470000267028809,9.470000267028809,247.0
2025-06-26 15:13:00,MYO,,2.2249999046325684,2.2300000190734863,2.2249999046325684,2.2249999046325684,780.0
2025-06-26 15:13:00,NAK,,1.559999942779541,1.559999942779541,1.5499999523162842,1.5499999523162842,10473.0
2025-06-26 15:13:00,NG,,4.090000152587891,4.099899768829346,4.090000152587891,4.09499979019165,8067.0
2025-06-26 15:13:00,NGD,,4.90500020980835,4.90500020980835,4.900100231170654,4.90500020980835,6345.0
2025-06-26 15:13:00,NHS,,7.5,7.5,7.5,7.5,650.0
2025-06-26 15:13:00,OBE,,5.5,5.505000114440918,5.5,5.5,1308.0
2025-06-26 15:13:00,OPTT,,0.5184999704360962,0.5185999870300293,0.5184500217437744,0.5185999870300293,3953.0
2025-06-26 15:13:00,ORLA,,9.949999809265137,9.951000213623047,9.944999694824219,9.949999809265137,6049.0
2025-06-26 15:13:00,PLG,,1.6449999809265137,1.6449999809265137,1.6419999599456787,1.6449999809265137,25900.0
2025-06-26 15:13:00,PLX,,1.4819999933242798,1.4819999933242798,1.4800000190734863,1.4800000190734863,300.0
2025-06-26 15:13:00,PZG,,0.6172000169754028,0.6172000169754028,0.6117500066757202,0.6117500066757202,8296.0
2025-06-26 15:13:00,REI,,0.7717000246047974,0.7718999981880188,0.7709000110626221,0.7718999981880188,26179.0
2025-06-26 15:13:00,SACH,,1.090000033378601,1.090000033378601,1.090000033378601,1.090000033378601,416.0
2025-06-26 15:13:00,SATX,,2.9600000381469727,2.9600000381469727,2.9600000381469727,2.9600000381469727,3003.0
2025-06-26 15:13:00,SEB,,2958.235107421875,2958.235107421875,2958.235107421875,2958.235107421875,4.0
2025-06-26 15:13:00,SENS,,0.49939998984336853,0.49939998984336853,0.4993000030517578,0.49939998984336853,697.0
2025-06-26 15:13:00,SLI,,1.9280999898910522,1.9299999475479126,1.9249999523162842,1.9249999523162842,668.0
2025-06-26 15:13:00,STXS,,2.194999933242798,2.194999933242798,2.194999933242798,2.194999933242798,146.0
2025-06-26 15:13:00,SVM,,4.184999942779541,4.184999942779541,4.184999942779541,4.184999942779541,111.0
2025-06-26 15:13:00,TGB,,3.125,3.130000114440918,3.125,3.130000114440918,538.0
2025-06-26 15:13:00,TOON,,0.7789999842643738,0.7789999842643738,0.7789999842643738,0.7789999842643738,241.0
2025-06-26 15:13:00,UAMY,,2.684999942779541,2.684999942779541,2.6798999309539795,2.680000066757202,7482.0
2025-06-26 15:13:00,UAVS,,1.1398999691009521,1.1399999856948853,1.1398999691009521,1.1399999856948853,1400.0
2025-06-26 15:13:00,UEC,,6.96999979019165,6.96999979019165,6.96120023727417,6.9633002281188965,6706.0
2025-06-26 15:13:00,URG,,1.034999966621399,1.0399999618530273,1.034999966621399,1.034999966621399,3090.0
2025-06-26 15:13:00,USAS,,0.8288999795913696,0.8363999724388123,0.8288999795913696,0.8363999724388123,400.0
2025-06-26 15:13:00,UUUU,,5.855000019073486,5.860000133514404,5.855000019073486,5.855000019073486,4692.0
2025-06-26 15:13:00,VNRX,,0.8549000024795532,0.863099992275238,0.8549000024795532,0.858299970626831,1052.0
2025-06-26 15:13:00,VTAK,,0.2500999867916107,0.2500999867916107,0.2500999867916107,0.2500999867916107,5000.0
2025-06-26 15:13:00,VZLA,,2.9749999046325684,2.9800000190734863,2.9700000286102295,2.970099925994873,3532.0
2025-06-26 15:13:00,WRN,,1.2400000095367432,1.2467000484466553,1.2400000095367432,1.2467000484466553,2113.0
2025-06-26 15:14:00,AMS,,2.409899950027466,2.409899950027466,2.409899950027466,2.409899950027466,1205.0
2025-06-26 15:14:00,AREN,,6.139999866485596,6.139999866485596,6.139999866485596,6.139999866485596,102.0
2025-06-26 15:14:00,ARMN,,6.784999847412109,6.795000076293945,6.78000020980835,6.789999961853027,9261.0
2025-06-26 15:14:00,ASM,,3.5299999713897705,3.5399999618530273,3.5299999713897705,3.5299999713897705,17064.0
2025-06-26 15:14:00,ATNM,,1.5896999835968018,1.5896999835968018,1.5850000381469727,1.5850000381469727,952.0
2025-06-26 15:14:00,BRBS,,3.299999952316284,3.309999942779541,3.299999952316284,3.309999942779541,3638.0
2025-06-26 15:14:00,BTG,,3.615000009536743,3.619999885559082,3.609999895095825,3.609999895095825,55238.0
2025-06-26 15:14:00,BURU,,0.33399999141693115,0.33399999141693115,0.33399999141693115,0.33399999141693115,520.0
2025-06-26 15:14:00,CBOE,,226.6199951171875,226.7100067138672,226.61000061035156,226.61000061035156,2039.0
2025-06-26 15:14:00,CEV,,9.680000305175781,9.680000305175781,9.680000305175781,9.680000305175781,1050.0
2025-06-26 15:14:00,CLDI,,0.2305999994277954,0.23190000653266907,0.2305999994277954,0.23190000653266907,2836.0
2025-06-26 15:14:00,CLM,,7.945000171661377,7.945000171661377,7.940000057220459,7.940000057220459,939.0
2025-06-26 15:14:00,CQP,,56.130001068115234,56.16999816894531,56.095001220703125,56.130001068115234,11863.0
2025-06-26 15:14:00,CRF,,7.554999828338623,7.554999828338623,7.554999828338623,7.554999828338623,115.0
2025-06-26 15:14:00,CTM,,1.0549999475479126,1.0549999475479126,1.0549999475479126,1.0549999475479126,395.0
2025-06-26 15:14:00,CVU,,3.440000057220459,3.5199999809265137,3.440000057220459,3.5199999809265137,1529.0
2025-06-26 15:14:00,CYBN,,8.619999885559082,8.619999885559082,8.619999885559082,8.619999885559082,103.0
2025-06-26 15:14:00,DC,,3.809999942779541,3.809999942779541,3.805000066757202,3.809999942779541,3025.0
2025-06-26 15:14:00,DDC,,10.0,10.0,10.0,10.0,499.0
2025-06-26 15:14:00,DNN,,1.840000033378601,1.840000033378601,1.8300000429153442,1.8351999521255493,90920.0
2025-06-26 15:14:00,EIM,,9.574999809265137,9.574999809265137,9.574999809265137,9.574999809265137,1857.0
2025-06-26 15:14:00,ELMD,,21.349000930786133,21.349000930786133,21.349000930786133,21.349000930786133,356.0
2025-06-26 15:14:00,EQX,,5.885000228881836,5.885000228881836,5.880000114440918,5.880000114440918,41321.0
2025-06-26 15:14:00,ESP,,45.183998107910156,45.183998107910156,45.183998107910156,45.183998107910156,101.0
2025-06-26 15:14:00,EVV,,10.180000305175781,10.180000305175781,10.180000305175781,10.180000305175781,300.0
2025-06-26 15:14:00,FSP,,1.684999942779541,1.684999942779541,1.684999942779541,1.684999942779541,100.0
2025-06-26 15:14:00,GGN,,4.388000011444092,4.388000011444092,4.388000011444092,4.388000011444092,200.0
2025-06-26 15:14:00,GLDG,,0.7455000281333923,0.7455000281333923,0.7455000281333923,0.7455000281333923,838.0
2025-06-26 15:14:00,GLV,,5.619999885559082,5.619999885559082,5.619999885559082,5.619999885559082,0.0
2025-06-26 15:14:00,GNS,,1.2603000402450562,1.2799999713897705,1.25,1.2799999713897705,281745.0
2025-06-26 15:14:00,GORO,,0.5449000000953674,0.5449000000953674,0.5449000000953674,0.5449000000953674,100.0
2025-06-26 15:14:00,GROY,,2.2750000953674316,2.2750000953674316,2.2699999809265137,2.2750000953674316,506.0
2025-06-26 15:14:00,GTE,,5.0,5.0,5.0,5.0,1532.0
2025-06-26 15:14:00,HUSA,,12.779999732971191,12.779999732971191,12.779999732971191,12.779999732971191,102.0
2025-06-26 15:14:00,IBO,,0.9538000226020813,0.9538000226020813,0.9538000226020813,0.9538000226020813,1237.0
2025-06-26 15:14:00,IDR,,13.180000305175781,13.1899995803833,13.180000305175781,13.1899995803833,2930.0
2025-06-26 15:14:00,IE,,9.739999771118164,9.75,9.739999771118164,9.739999771118164,713.0
2025-06-26 15:14:00,IMO,,81.25,81.2699966430664,81.25,81.25,1033.0
2025-06-26 15:14:00,INDO,,3.039900064468384,3.039900064468384,3.0299999713897705,3.0299999713897705,2202.0
2025-06-26 15:14:00,INFU,,6.429999828338623,6.429999828338623,6.429999828338623,6.429999828338623,1677.0
2025-06-26 15:14:00,ITRG,,1.5299999713897705,1.5299999713897705,1.5299999713897705,1.5299999713897705,2921.0
2025-06-26 15:14:00,KNW,,1.934999942779541,1.934999942779541,1.9299999475479126,1.9299999475479126,3390.0
2025-06-26 15:14:00,KULR,,5.144999980926514,5.150000095367432,5.144999980926514,5.150000095367432,2166.0
2025-06-26 15:14:00,LCTX,,0.9901000261306763,0.9904999732971191,0.9901000261306763,0.9904999732971191,1985117.0
2025-06-26 15:14:00,LEU,,174.2100067138672,174.2100067138672,173.63999938964844,174.17999267578125,2910.0
2025-06-26 15:14:00,LMND,,42.77000045776367,42.77000045776367,42.7400016784668,42.7400016784668,2477.0
2025-06-26 15:14:00,LNG,,241.86000061035156,241.86000061035156,241.86000061035156,241.86000061035156,1507.0
2025-06-26 15:14:00,MAG,,21.354999542236328,21.360000610351562,21.354999542236328,21.360000610351562,583.0
2025-06-26 15:14:00,MAIA,,1.7100000381469727,1.7100000381469727,1.7100000381469727,1.7100000381469727,709.0
2025-06-26 15:14:00,MLSS,,0.7294989824295044,0.7294989824295044,0.7294989824295044,0.7294989824295044,2212.0
2025-06-26 15:14:00,MPTI,,40.70000076293945,40.709999084472656,40.70000076293945,40.709999084472656,263.0
2025-06-26 15:14:00,MYO,,2.2249999046325684,2.2249999046325684,2.2249999046325684,2.2249999046325684,272.0
2025-06-26 15:14:00,NAK,,1.559999942779541,1.559999942779541,1.5549999475479126,1.5549999475479126,319.0
2025-06-26 15:14:00,NCL,,0.1785999983549118,0.1785999983549118,0.17845000326633453,0.17845000326633453,4972.0
2025-06-26 15:14:00,NFGC,,1.475000023841858,1.475000023841858,1.475000023841858,1.475000023841858,100.0
2025-06-26 15:14:00,NG,,4.09499979019165,4.099999904632568,4.090000152587891,4.09499979019165,5402.0
2025-06-26 15:14:00,NGD,,4.90500020980835,4.909999847412109,4.90500020980835,4.90500020980835,6749.0
2025-06-26 15:14:00,NHC,,107.79499816894531,107.80000305175781,107.79499816894531,107.79499816894531,510.0
2025-06-26 15:14:00,OBE,,5.485000133514404,5.5,5.485000133514404,5.5,5824.0
2025-06-26 15:14:00,ORLA,,9.949999809265137,9.9552001953125,9.949999809265137,9.9552001953125,2860.0
2025-06-26 15:14:00,OSTX,,1.8600000143051147,1.8600000143051147,1.8600000143051147,1.8600000143051147,12135.0
2025-06-26 15:14:00,PED,,0.6514000296592712,0.6514000296592712,0.6514000296592712,0.6514000296592712,71010.0
2025-06-26 15:14:00,PLX,,1.4800000190734863,1.4900000095367432,1.4800000190734863,1.4900000095367432,445.0
2025-06-26 15:14:00,PZG,,0.6172000169754028,0.6172000169754028,0.6172000169754028,0.6172000169754028,0.0
2025-06-26 15:14:00,REI,,0.7713000178337097,0.7717000246047974,0.7709000110626221,0.7717000246047974,2530.0
2025-06-26 15:14:00,SATX,,2.9600000381469727,2.9600000381469727,2.9600000381469727,2.9600000381469727,348.0
2025-06-26 15:14:00,SBEV,,3.991499900817871,4.050000190734863,3.930000066757202,3.930000066757202,7585.0
2025-06-26 15:14:00,SENS,,0.4993000030517578,0.49939998984336853,0.4993000030517578,0.49939998984336853,934.0
2025-06-26 15:14:00,SGN,,1.146399974822998,1.146399974822998,1.146399974822998,1.146399974822998,0.0
2025-06-26 15:14:00,SING,,0.006899999920278788,0.006899999920278788,0.006899999920278788,0.006899999920278788,10709.0
2025-06-26 15:14:00,SKYH,,9.625,9.625,9.625,9.625,308.0
2025-06-26 15:14:00,SLI,,1.9249999523162842,1.9249999523162842,1.9249999523162842,1.9249999523162842,780.0
2025-06-26 15:14:00,SLND,,3.9100000858306885,3.9100000858306885,3.9100000858306885,3.9100000858306885,123.0
2025-06-26 15:14:00,SOAR,,1.385699987411499,1.385699987411499,1.385699987411499,1.385699987411499,631.0
2025-06-26 15:14:00,STRW,,10.640000343322754,10.640000343322754,10.640000343322754,10.640000343322754,1943.0
2025-06-26 15:14:00,SVM,,4.184999942779541,4.184999942779541,4.184999942779541,4.184999942779541,537.0
2025-06-26 15:14:00,TGB,,3.125,3.125,3.1219000816345215,3.125,4713.0
2025-06-26 15:14:00,UAMY,,2.690000057220459,2.690000057220459,2.680999994277954,2.684999942779541,3349.0
2025-06-26 15:14:00,UAVS,,1.1399999856948853,1.1399999856948853,1.1398999691009521,1.1398999691009521,1910.0
2025-06-26 15:14:00,UEC,,6.965000152587891,6.96999979019165,6.965000152587891,6.969900131225586,22740.0
2025-06-26 15:14:00,URG,,1.034999966621399,1.0399999618530273,1.034999966621399,1.034999966621399,1380.0
2025-06-26 15:14:00,USAS,,0.8299999833106995,0.8349999785423279,0.8288000226020813,0.8288999795913696,5112.0
2025-06-26 15:14:00,UUUU,,5.84499979019165,5.849999904632568,5.840000152587891,5.849999904632568,17343.0
2025-06-26 15:14:00,VTAK,,0.25060001015663147,0.25060001015663147,0.25060001015663147,0.25060001015663147,4000.0
2025-06-26 15:14:00,VZLA,,2.9749999046325684,2.977299928665161,2.970099925994873,2.9749999046325684,3586.0
2025-06-26 15:15:00,AREN,,6.179999828338623,6.179999828338623,6.139999866485596,6.139999866485596,500.0
2025-06-26 15:15:00,ASM,,3.5299999713897705,3.5399999618530273,3.5299999713897705,3.5399999618530273,14620.0
2025-06-26 15:15:00,ATNM,,1.5850000381469727,1.5850000381469727,1.5850000381469727,1.5850000381469727,185.0
2025-06-26 15:15:00,AUST,,1.3200000524520874,1.3200000524520874,1.3200000524520874,1.3200000524520874,221.0
2025-06-26 15:15:00,AZTR,,0.2572000026702881,0.2572000026702881,0.2572000026702881,0.2572000026702881,0.0
2025-06-26 15:15:00,BEEP,,4.190000057220459,4.190000057220459,4.190000057220459,4.190000057220459,337.0
2025-06-26 15:15:00,BRBS,,3.305000066757202,3.305000066757202,3.299999952316284,3.299999952316284,378.0
2025-06-26 15:15:00,BTG,,3.619999885559082,3.619999885559082,3.609999895095825,3.619999885559082,41512.0
2025-06-26 15:15:00,BURU,,0.3327000141143799,0.33480000495910645,0.3327000141143799,0.3327000141143799,4382018.0
2025-06-26 15:15:00,CATX,,3.6649999618530273,3.6649999618530273,3.6500000953674316,3.6600000858306885,3849.0
2025-06-26 15:15:00,CLDI,,0.2305999994277954,0.2305999994277954,0.2305999994277954,0.2305999994277954,0.0
2025-06-26 15:15:00,CLM,,7.940000057220459,7.940000057220459,7.940000057220459,7.940000057220459,530.0
2025-06-26 15:15:00,CMCL,,19.149999618530273,19.170000076293945,19.149999618530273,19.170000076293945,1274.0
2025-06-26 15:15:00,CMT,,17.155000686645508,17.155000686645508,17.155000686645508,17.155000686645508,203.0
2025-06-26 15:15:00,CPHI,,1.8300000429153442,1.8300000429153442,1.8300000429153442,1.8300000429153442,124602.0
2025-06-26 15:15:00,CQP,,56.14500045776367,56.14500045776367,56.11000061035156,56.119998931884766,800.0
2025-06-26 15:15:00,CRF,,7.554999828338623,7.554999828338623,7.554999828338623,7.554999828338623,101.0
2025-06-26 15:15:00,CTM,,1.0549999475479126,1.0549999475479126,1.0549999475479126,1.0549999475479126,943.0
2025-06-26 15:15:00,CVU,,3.440000057220459,3.5299999713897705,3.440000057220459,3.5299999713897705,3579.0
2025-06-26 15:15:00,CYBN,,8.609999656677246,8.614999771118164,8.600000381469727,8.614999771118164,9549.0
2025-06-26 15:15:00,DC,,3.805000066757202,3.805000066757202,3.805000066757202,3.805000066757202,481.0
2025-06-26 15:15:00,DHY,,2.109999895095825,2.109999895095825,2.109999895095825,2.109999895095825,105.0
2025-06-26 15:15:00,DNN,,1.840000033378601,1.840000033378601,1.8300000429153442,1.835800051689148,7783.0
2025-06-26 15:15:00,EMX,,2.555000066757202,2.555000066757202,2.555000066757202,2.555000066757202,845.0
2025-06-26 15:15:00,ENX,,9.202899932861328,9.202899932861328,9.202899932861328,9.202899932861328,0.0
2025-06-26 15:15:00,EPM,,4.775000095367432,4.775000095367432,4.775000095367432,4.775000095367432,106.0
2025-06-26 15:15:00,EQX,,5.880000114440918,5.885000228881836,5.880000114440918,5.880000114440918,6948.0
2025-06-26 15:15:00,EVI,,19.889999389648438,19.889999389648438,19.889999389648438,19.889999389648438,120.0
2025-06-26 15:15:00,FOXO,,0.20074999332427979,0.20080000162124634,0.20074999332427979,0.20080000162124634,2840.0
2025-06-26 15:15:00,FRD,,16.450000762939453,16.450000762939453,16.450000762939453,16.450000762939453,316.0
2025-06-26 15:15:00,GLDG,,0.7452999949455261,0.7452999949455261,0.7452999949455261,0.7452999949455261,0.0
2025-06-26 15:15:00,GNS,,1.2510000467300415,1.2698999643325806,1.25,1.2695000171661377,122299.0
2025-06-26 15:15:00,GORO,,0.5449000000953674,0.5449000000953674,0.5449000000953674,0.5449000000953674,0.0
2025-06-26 15:15:00,GROY,,2.259999990463257,2.2799999713897705,2.259999990463257,2.2750000953674316,71676.0
2025-06-26 15:15:00,GSAT,,23.434999465942383,23.434999465942383,23.434999465942383,23.434999465942383,666.0
2025-06-26 15:15:00,HUSA,,12.65999984741211,12.670000076293945,12.649999618530273,12.670000076293945,2068.0
2025-06-26 15:15:00,IBO,,0.9538000226020813,0.9538000226020813,0.9537000060081482,0.9537000060081482,1581.0
2025-06-26 15:15:00,IDR,,13.210000038146973,13.210000038146973,13.180000305175781,13.180000305175781,1653.0
2025-06-26 15:15:00,IE,,9.704999923706055,9.739999771118164,9.6899995803833,9.739999771118164,4101.0
2025-06-26 15:15:00,INDO,,3.039900064468384,3.049999952316284,3.009999990463257,3.039900064468384,23881.0
2025-06-26 15:15:00,INUV,,3.9000000953674316,3.9000000953674316,3.9000000953674316,3.9000000953674316,110.0
2025-06-26 15:15:00,KNW,,1.9299999475479126,1.9299999475479126,1.9299999475479126,1.9299999475479126,2500.0
2025-06-26 15:15:00,KULR,,5.144999980926514,5.150000095367432,5.144999980926514,5.150000095367432,3403.0
2025-06-26 15:15:00,LCTX,,0.9904000163078308,0.9904000163078308,0.9901999831199646,0.9904000163078308,1025.0
2025-06-26 15:15:00,LEU,,173.16000366210938,173.6649932861328,173.1501007080078,173.6300048828125,6189.0
2025-06-26 15:15:00,LMND,,42.75,42.7599983215332,42.70009994506836,42.7599983215332,4344.0
2025-06-26 15:15:00,LNG,,242.00999450683594,242.0959014892578,241.8000030517578,241.8175048828125,4255.0
2025-06-26 15:15:00,MAG,,21.360000610351562,21.360000610351562,21.354999542236328,21.354999542236328,904.0
2025-06-26 15:15:00,MITQ,,0.6899999976158142,0.6899999976158142,0.6899999976158142,0.6899999976158142,0.0
2025-06-26 15:15:00,MYO,,2.2300000190734863,2.2300000190734863,2.2300000190734863,2.2300000190734863,335.0
2025-06-26 15:15:00,NAK,,1.559999942779541,1.559999942779541,1.5549999475479126,1.5549999475479126,1575.0
2025-06-26 15:15:00,NCL,,0.17919999361038208,0.17919999361038208,0.17919999361038208,0.17919999361038208,0.0
2025-06-26 15:15:00,NFGC,,1.475000023841858,1.475000023841858,1.475000023841858,1.475000023841858,0.0
2025-06-26 15:15:00,NG,,4.090000152587891,4.099999904632568,4.090000152587891,4.09499979019165,6732.0
2025-06-26 15:15:00,NGD,,4.894999980926514,4.90500020980835,4.889999866485596,4.900000095367432,141053.0
2025-06-26 15:15:00,NHS,,7.5,7.5,7.5,7.5,100.0
2025-06-26 15:15:00,NRO,,3.186500072479248,3.186500072479248,3.186500072479248,3.186500072479248,485.0
2025-06-26 15:15:00,NRXS,,2.575000047683716,2.575000047683716,2.575000047683716,2.575000047683716,209.0
2025-06-26 15:15:00,PLG,,1.6399999856948853,1.6449999809265137,1.6399999856948853,1.6449999809265137,515.0
2025-06-26 15:15:00,PLMR,,153.50999450683594,153.50999450683594,153.39999389648438,153.39999389648438,1735.0
2025-06-26 15:15:00,PLX,,1.4850000143051147,1.4850000143051147,1.4850000143051147,1.4850000143051147,231.0
2025-06-26 15:15:00,REI,,0.7713000178337097,0.7713000178337097,0.7709000110626221,0.7713000178337097,14992.0
2025-06-26 15:15:00,SACH,,1.0851999521255493,1.0851999521255493,1.0851999521255493,1.0851999521255493,111.0
2025-06-26 15:15:00,SATX,,2.9600000381469727,2.9600000381469727,2.9600000381469727,2.9600000381469727,0.0
2025-06-26 15:15:00,SEB,,2956.489990234375,2956.489990234375,2956.489990234375,2956.489990234375,1.0
2025-06-26 15:15:00,SENS,,0.5019999742507935,0.5019999742507935,0.49939998984336853,0.49939998984336853,50010.0
2025-06-26 15:15:00,SING,,0.0066999997943639755,0.0066999997943639755,0.0066999997943639755,0.0066999997943639755,0.0
2025-06-26 15:15:00,SLI,,1.9249999523162842,1.9249999523162842,1.9249999523162842,1.9249999523162842,320.0
2025-06-26 15:15:00,SOAR,,1.3849999904632568,1.3849999904632568,1.3849999904632568,1.3849999904632568,124.0
2025-06-26 15:15:00,STXS,,2.2049999237060547,2.2049999237060547,2.2049999237060547,2.2049999237060547,4066.0
2025-06-26 15:15:00,TGB,,3.125,3.130000114440918,3.119999885559082,3.125,5596.0
2025-06-26 15:15:00,THM,,0.8844000101089478,0.8844000101089478,0.8844000101089478,0.8844000101089478,3750.0
2025-06-26 15:15:00,TMQ,,1.475000023841858,1.475000023841858,1.475000023841858,1.475000023841858,0.0
2025-06-26 15:15:00,TOON,,0.7750999927520752,0.7750999927520752,0.7750999927520752,0.7750999927520752,140.0
2025-06-26 15:15:00,UAMY,,2.680000066757202,2.690000057220459,2.680000066757202,2.690000057220459,23263.0
2025-06-26 15:15:00,UAVS,,1.1399999856948853,1.1399999856948853,1.1360000371932983,1.1399999856948853,2120.0
2025-06-26 15:15:00,UEC,,6.960000038146973,6.96999979019165,6.960000038146973,6.965000152587891,5605.0
2025-06-26 15:15:00,URG,,1.034999966621399,1.0399999618530273,1.034999966621399,1.034999966621399,1970.0
2025-06-26 15:15:00,USAS,,0.8285999894142151,0.8285999894142151,0.8285999894142151,0.8285999894142151,220.0
2025-06-26 15:15:00,UUUU,,5.840000152587891,5.849999904632568,5.840000152587891,5.840000152587891,6956.0
2025-06-26 15:15:00,VNRX,,0.8457000255584717,0.8457000255584717,0.8457000255584717,0.8457000255584717,0.0
2025-06-26 15:15:00,VZLA,,2.9749999046325684,2.9749999046325684,2.9700000286102295,2.9749999046325684,408.0
2025-06-26 15:16:00,ASM,,3.5399999618530273,3.5399999618530273,3.5350000858306885,3.5350000858306885,921.0
2025-06-26 15:16:00,ATNM,,1.5850000381469727,1.5850000381469727,1.5850000381469727,1.5850000381469727,360.0
2025-06-26 15:16:00,BKTI,,54.79999923706055,54.79999923706055,54.79999923706055,54.79999923706055,278.0
2025-06-26 15:16:00,BRBS,,3.299999952316284,3.299999952316284,3.299999952316284,3.299999952316284,1820.0
2025-06-26 15:16:00,BTG,,3.615000009536743,3.619999885559082,3.615000009536743,3.615999937057495,22783.0
2025-06-26 15:16:00,BURU,,0.33230000734329224,0.33230000734329224,0.33230000734329224,0.33230000734329224,600.0
2025-06-26 15:16:00,CLM,,7.945000171661377,7.945000171661377,7.945000171661377,7.945000171661377,9062.0
2025-06-26 15:16:00,CMCL,,19.174999237060547,19.174999237060547,19.174999237060547,19.174999237060547,180.0
2025-06-26 15:16:00,CMT,,17.155000686645508,17.155000686645508,17.155000686645508,17.155000686645508,580.0
2025-06-26 15:16:00,CQP,,56.11000061035156,56.150001525878906,56.11000061035156,56.150001525878906,300.0
2025-06-26 15:16:00,CRF,,7.565000057220459,7.565000057220459,7.554999828338623,7.554999828338623,12410.0
2025-06-26 15:16:00,DC,,3.809999942779541,3.809999942779541,3.809999942779541,3.809999942779541,147.0
2025-06-26 15:16:00,DNN,,1.830299973487854,1.840000033378601,1.8300000429153442,1.8350000381469727,32882.0
2025-06-26 15:16:00,DXF,,4.78000020980835,4.78000020980835,4.78000020980835,4.78000020980835,3164.0
2025-06-26 15:16:00,EAD,,6.974999904632568,6.974999904632568,6.974999904632568,6.974999904632568,0.0
2025-06-26 15:16:00,ELMD,,21.354999542236328,21.354999542236328,21.354999542236328,21.354999542236328,753.0
2025-06-26 15:16:00,EPM,,4.775000095367432,4.775000095367432,4.775000095367432,4.775000095367432,186.0
2025-06-26 15:16:00,EQX,,5.880000114440918,5.885000228881836,5.880000114440918,5.880000114440918,5703.0
2025-06-26 15:16:00,EVI,,19.889999389648438,19.889999389648438,19.889999389648438,19.889999389648438,900.0
2025-06-26 15:16:00,EVV,,10.175000190734863,10.175000190734863,10.175000190734863,10.175000190734863,184.0
2025-06-26 15:16:00,FOXO,,0.20080000162124634,0.20080000162124634,0.20080000162124634,0.20080000162124634,201.0
2025-06-26 15:16:00,FRD,,16.479999542236328,16.479999542236328,16.479999542236328,16.479999542236328,1068.0
2025-06-26 15:16:00,FSP,,1.690000057220459,1.690000057220459,1.690000057220459,1.690000057220459,297.0
2025-06-26 15:16:00,GAU,,1.284999966621399,1.284999966621399,1.284999966621399,1.284999966621399,120.0
2025-06-26 15:16:00,GGN,,4.389900207519531,4.389900207519531,4.389900207519531,4.389900207519531,0.0
2025-06-26 15:16:00,GNS,,1.2599999904632568,1.2599999904632568,1.25,1.2502000331878662,94462.0
2025-06-26 15:16:00,GROY,,2.2699999809265137,2.2699999809265137,2.2699999809265137,2.2699999809265137,936.0
2025-06-26 15:16:00,IBO,,0.9699990153312683,0.9699990153312683,0.9699990153312683,0.9699990153312683,1202.0
2025-06-26 15:16:00,IDR,,13.260000228881836,13.260000228881836,13.199999809265137,13.210000038146973,2460.0
2025-06-26 15:16:00,IMO,,81.25,81.25,81.25,81.25,782.0
2025-06-26 15:16:00,INDO,,3.0250000953674316,3.0399999618530273,3.017400026321411,3.039299964904785,5815.0
2025-06-26 15:16:00,INUV,,3.8980000019073486,3.8980000019073486,3.8980000019073486,3.8980000019073486,151.0
2025-06-26 15:16:00,KULR,,5.144999980926514,5.150000095367432,5.1433000564575195,5.150000095367432,6661.0
2025-06-26 15:16:00,LCTX,,0.9902999997138977,0.9902999997138977,0.9902999997138977,0.9902999997138977,700.0
2025-06-26 15:16:00,LEU,,173.75999450683594,173.75999450683594,173.1501007080078,173.47500610351562,1382.0
2025-06-26 15:16:00,LMND,,42.689998626708984,42.73500061035156,42.63999938964844,42.73500061035156,3508.0
2025-06-26 15:16:00,LNG,,241.8800048828125,241.96499633789062,241.8800048828125,241.9600067138672,2035.0
2025-06-26 15:16:00,MAG,,21.360000610351562,21.360000610351562,21.360000610351562,21.360000610351562,0.0
2025-06-26 15:16:00,MYO,,2.2249999046325684,2.2249999046325684,2.2249999046325684,2.2249999046325684,2900.0
2025-06-26 15:16:00,NAK,,1.5597000122070312,1.559999942779541,1.5591000318527222,1.559999942779541,5257.0
2025-06-26 15:16:00,NBY,,0.5989999771118164,0.5989999771118164,0.5989999771118164,0.5989999771118164,528.0
2025-06-26 15:16:00,NG,,4.079999923706055,4.099999904632568,4.070000171661377,4.09499979019165,43881.0
2025-06-26 15:16:00,NGD,,4.894999980926514,4.900000095367432,4.889999866485596,4.900000095367432,17928163.0
2025-06-26 15:16:00,NHC,,108.01000213623047,108.01000213623047,107.98999786376953,108.01000213623047,522.0
2025-06-26 15:16:00,NHS,,7.5,7.5,7.5,7.5,154.0
2025-06-26 15:16:00,NRO,,3.180999994277954,3.180999994277954,3.180999994277954,3.180999994277954,847.0
2025-06-26 15:16:00,OBE,,5.480000019073486,5.480000019073486,5.480000019073486,5.480000019073486,101.0
2025-06-26 15:16:00,OPTT,,0.5182999968528748,0.5184999704360962,0.5182999968528748,0.5184999704360962,42532.0
2025-06-26 15:16:00,PED,,0.6600000262260437,0.6600000262260437,0.6600000262260437,0.6600000262260437,343.0
2025-06-26 15:16:00,PLMR,,153.55499267578125,153.55499267578125,153.55499267578125,153.55499267578125,432.0
2025-06-26 15:16:00,PLX,,1.4800000190734863,1.4800000190734863,1.4800000190734863,1.4800000190734863,13384.0
2025-06-26 15:16:00,PRK,,167.41000366210938,167.41000366210938,167.41000366210938,167.41000366210938,875.0
2025-06-26 15:16:00,SEB,,2956.489990234375,2956.489990234375,2953.300048828125,2953.300048828125,3.0
2025-06-26 15:16:00,SENS,,0.5016000270843506,0.5016000270843506,0.5015000104904175,0.5016000270843506,29649.0
2025-06-26 15:16:00,SKYH,,9.640000343322754,9.640000343322754,9.640000343322754,9.640000343322754,917.0
2025-06-26 15:16:00,SLI,,1.9249999523162842,1.9299999475479126,1.9249999523162842,1.9249999523162842,1738.0
2025-06-26 15:16:00,SOAR,,1.389799952507019,1.389799952507019,1.389299988746643,1.389299988746643,600.0
2025-06-26 15:16:00,SVM,,4.179999828338623,4.179999828338623,4.179999828338623,4.179999828338623,508.0
2025-06-26 15:16:00,TGB,,3.125,3.130000114440918,3.122999906539917,3.130000114440918,6934.0
2025-06-26 15:16:00,THM,,0.8705999851226807,0.8705999851226807,0.8705999851226807,0.8705999851226807,4540.0
2025-06-26 15:16:00,TOON,,0.7651000022888184,0.7752000093460083,0.7651000022888184,0.7752000093460083,8684.0
2025-06-26 15:16:00,UAMY,,2.674999952316284,2.680000066757202,2.6700000762939453,2.680000066757202,13052.0
2025-06-26 15:16:00,UAVS,,1.1360000371932983,1.1399999856948853,1.1325000524520874,1.1399999856948853,5898.0
2025-06-26 15:16:00,UEC,,6.9953999519348145,7.0,6.965000152587891,6.965000152587891,169192.0
2025-06-26 15:16:00,URG,,1.034999966621399,1.0399999618530273,1.034999966621399,1.0399999618530273,3017.0
2025-06-26 15:16:00,UUUU,,5.849999904632568,5.849999904632568,5.840000152587891,5.84499979019165,15467.0
2025-06-26 15:16:00,VZLA,,2.9800000190734863,2.9800000190734863,2.9700000286102295,2.9749999046325684,7916.0
2025-06-26 15:16:00,WRN,,1.2450000047683716,1.2450000047683716,1.2450000047683716,1.2450000047683716,0.0
2025-06-26 15:16:00,WWR,,0.6000999808311462,0.6000999808311462,0.6000999808311462,0.6000999808311462,0.0
2025-06-26 15:16:00,ZDGE,,3.9100000858306885,3.940000057220459,3.9100000858306885,3.940000057220459,1937.0
2025-06-26 15:17:00,AREN,,6.139999866485596,6.179999828338623,6.119999885559082,6.119999885559082,4252.0
2025-06-26 15:17:00,ARMN,,6.78000020980835,6.784999847412109,6.78000020980835,6.78000020980835,950.0
2025-06-26 15:17:00,ASM,,3.5350000858306885,3.5399999618530273,3.5350000858306885,3.5399999618530273,2354.0
2025-06-26 15:17:00,ATNM,,1.5850000381469727,1.5850000381469727,1.5850000381469727,1.5850000381469727,134.0
2025-06-26 15:17:00,BEEP,,4.135000228881836,4.159999847412109,4.130000114440918,4.159999847412109,589.0
2025-06-26 15:17:00,BRBS,,3.299999952316284,3.305000066757202,3.299999952316284,3.305000066757202,2738.0
2025-06-26 15:17:00,BTG,,3.615000009536743,3.615000009536743,3.615000009536743,3.615000009536743,626.0
2025-06-26 15:17:00,BURU,,0.3321000039577484,0.33230000734329224,0.3321000039577484,0.33219999074935913,752.0
2025-06-26 15:17:00,CATX,,3.6649999618530273,3.6649999618530273,3.6649999618530273,3.6649999618530273,903.0
2025-06-26 15:17:00,CBOE,,226.47000122070312,226.55999755859375,226.4199981689453,226.55999755859375,2359.0
2025-06-26 15:17:00,CEF,,30.365400314331055,30.375,30.365400314331055,30.375,2274.0
2025-06-26 15:17:00,CLDI,,0.23000000417232513,0.23000000417232513,0.23000000417232513,0.23000000417232513,872739.0
2025-06-26 15:17:00,CLM,,7.940000057220459,7.945000171661377,7.940000057220459,7.945000171661377,1801.0
2025-06-26 15:17:00,CPHI,,1.8300000429153442,1.8300000429153442,1.8300000429153442,1.8300000429153442,499.0
2025-06-26 15:17:00,CQP,,56.150001525878906,56.150001525878906,56.150001525878906,56.150001525878906,400.0
2025-06-26 15:17:00,CRF,,7.565000057220459,7.565000057220459,7.565000057220459,7.565000057220459,104.0
2025-06-26 15:17:00,CVU,,3.5299999713897705,3.5299999713897705,3.5299999713897705,3.5299999713897705,0.0
2025-06-26 15:17:00,CYBN,,8.630000114440918,8.630000114440918,8.630000114440918,8.630000114440918,4267.0
2025-06-26 15:17:00,DC,,3.805000066757202,3.805000066757202,3.805000066757202,3.805000066757202,521.0
2025-06-26 15:17:00,DNN,,1.840000033378601,1.840000033378601,1.840000033378601,1.840000033378601,9497.0
2025-06-26 15:17:00,EPM,,4.764999866485596,4.764999866485596,4.764999866485596,4.764999866485596,860.0
2025-06-26 15:17:00,EQX,,5.880000114440918,5.885000228881836,5.880000114440918,5.880000114440918,12945.0
2025-06-26 15:17:00,ESP,,45.209999084472656,45.209999084472656,45.20000076293945,45.20000076293945,585.0
2025-06-26 15:17:00,FOXO,,0.2007489949464798,0.2007489949464798,0.2007489949464798,0.2007489949464798,1718.0
2025-06-26 15:17:00,FURY,,0.49799999594688416,0.49799999594688416,0.49799999594688416,0.49799999594688416,0.0
2025-06-26 15:17:00,GNS,,1.2800999879837036,1.2999999523162842,1.2799999713897705,1.284999966621399,257202.0
2025-06-26 15:17:00,GROY,,2.265000104904175,2.2699999809265137,2.265000104904175,2.2699999809265137,705.0
2025-06-26 15:17:00,GSAT,,23.434999465942383,23.434999465942383,23.434999465942383,23.434999465942383,364.0
2025-06-26 15:17:00,HUSA,,12.680000305175781,12.682499885559082,12.680000305175781,12.682499885559082,920.0
2025-06-26 15:17:00,IBO,,0.9401999711990356,0.968500018119812,0.9401999711990356,0.9599999785423279,9566.0
2025-06-26 15:17:00,IDR,,13.25,13.260000228881836,13.25,13.260000228881836,1424.0
2025-06-26 15:17:00,IE,,9.704999923706055,9.704999923706055,9.704999923706055,9.704999923706055,1688.0
2025-06-26 15:17:00,IMO,,81.26000213623047,81.26000213623047,81.26000213623047,81.26000213623047,199.0
2025-06-26 15:17:00,INDO,,3.049999952316284,3.049999952316284,3.009999990463257,3.0130999088287354,10897.0
2025-06-26 15:17:00,JOB,,0.20379899442195892,0.20379899442195892,0.20379899442195892,0.20379899442195892,2078.0
2025-06-26 15:17:00,KNW,,1.940000057220459,1.940000057220459,1.940000057220459,1.940000057220459,338.0
2025-06-26 15:17:00,KULR,,5.150000095367432,5.150000095367432,5.143499851226807,5.150000095367432,3981.0
2025-06-26 15:17:00,LCTX,,0.9901999831199646,0.9902999997138977,0.9900000095367432,0.9902999997138977,11868.0
2025-06-26 15:17:00,LEU,,172.27999877929688,173.14999389648438,172.1199951171875,173.14999389648438,7980.0
2025-06-26 15:17:00,LMND,,42.62900161743164,42.684898376464844,42.625099182128906,42.684898376464844,3155.0
2025-06-26 15:17:00,LNG,,241.75,241.75,241.75,241.75,1711.0
2025-06-26 15:17:00,LODE,,3.736599922180176,3.7493999004364014,3.736599922180176,3.7493999004364014,1062.0
2025-06-26 15:17:00,LSF,,6.235000133514404,6.235000133514404,6.235000133514404,6.235000133514404,440.0
2025-06-26 15:17:00,MAG,,21.350000381469727,21.350000381469727,21.344999313354492,21.350000381469727,837514.0
2025-06-26 15:17:00,MPTI,,40.810001373291016,40.810001373291016,40.810001373291016,40.810001373291016,70991.0
2025-06-26 15:17:00,MRT,,2.8803000450134277,2.8803000450134277,2.8803000450134277,2.8803000450134277,533.0
2025-06-26 15:17:00,MYO,,2.2249999046325684,2.2249999046325684,2.2249999046325684,2.2249999046325684,278.0
2025-06-26 15:17:00,NAK,,1.5549999475479126,1.565000057220459,1.5549999475479126,1.565000057220459,87164.0
2025-06-26 15:17:00,NCL,,0.1777999997138977,0.17870000004768372,0.1777999997138977,0.17870000004768372,2767667.0
2025-06-26 15:17:00,NG,,4.072996139526367,4.074999809265137,4.072996139526367,4.074999809265137,5252.0
2025-06-26 15:17:00,NGD,,4.894999980926514,4.894999980926514,4.894999980926514,4.894999980926514,6097.0
2025-06-26 15:17:00,NHC,,107.93000030517578,107.93000030517578,107.93000030517578,107.93000030517578,874.0
2025-06-26 15:17:00,OPTT,,0.5184999704360962,0.5184999704360962,0.5184999704360962,0.5184999704360962,700.0
2025-06-26 15:17:00,ORLA,,9.939900398254395,9.9399995803833,9.9350004196167,9.9399995803833,4651.0
2025-06-26 15:17:00,PLG,,1.6449999809265137,1.6449999809265137,1.6399999856948853,1.6399999856948853,2500.0
2025-06-26 15:17:00,PLMR,,153.74000549316406,153.74000549316406,153.74000549316406,153.74000549316406,1047.0
2025-06-26 15:17:00,REI,,0.7713500261306763,0.7713500261306763,0.7713500261306763,0.7713500261306763,17577.0
2025-06-26 15:17:00,REPX,,26.735000610351562,26.735000610351562,26.735000610351562,26.735000610351562,296.0
2025-06-26 15:17:00,SATX,,2.9600000381469727,2.9600000381469727,2.9600000381469727,2.9600000381469727,301945.0
2025-06-26 15:17:00,SEB,,2953.360107421875,2953.360107421875,2953.360107421875,2953.360107421875,0.0
2025-06-26 15:17:00,SENS,,0.5016000270843506,0.5016000270843506,0.5015000104904175,0.5015000104904175,5825.0
2025-06-26 15:17:00,SLI,,1.9249999523162842,1.9249999523162842,1.9199999570846558,1.9249999523162842,1781.0
2025-06-26 15:17:00,SOAR,,1.3799999952316284,1.3799999952316284,1.3799999952316284,1.3799999952316284,0.0
2025-06-26 15:17:00,STXS,,2.2049999237060547,2.2049999237060547,2.2049999237060547,2.2049999237060547,114.0
2025-06-26 15:17:00,SVM,,4.179999828338623,4.190000057220459,4.179999828338623,4.179999828338623,16983.0
2025-06-26 15:17:00,TGB,,3.125,3.125,3.125,3.125,513.0
2025-06-26 15:17:00,TOON,,0.7724000215530396,0.7724000215530396,0.7724000215530396,0.7724000215530396,0.0
2025-06-26 15:17:00,UAMY,,2.677999973297119,2.680000066757202,2.674999952316284,2.674999952316284,1562.0
2025-06-26 15:17:00,UAVS,,1.1360000371932983,1.1360000371932983,1.1360000371932983,1.1360000371932983,2103.0
2025-06-26 15:17:00,UEC,,6.994999885559082,7.0,6.989999771118164,6.994999885559082,18143.0
2025-06-26 15:17:00,URG,,1.034999966621399,1.0399999618530273,1.034999966621399,1.034999966621399,1727.0
2025-06-26 15:17:00,USAS,,0.8294000029563904,0.8299999833106995,0.8294000029563904,0.8299999833106995,13071.0
2025-06-26 15:17:00,UUUU,,5.858799934387207,5.860000133514404,5.84499979019165,5.849999904632568,33493.0
2025-06-26 15:17:00,VTAK,,0.25029999017715454,0.25029999017715454,0.25029999017715454,0.25029999017715454,3270.0
2025-06-26 15:17:00,VZLA,,2.9800000190734863,2.9800000190734863,2.9700000286102295,2.9749999046325684,4808.0
2025-06-26 15:17:00,ZDGE,,3.940000057220459,3.940000057220459,3.940000057220459,3.940000057220459,370.0
2025-06-26 15:18:00,AREN,,6.179999828338623,6.179999828338623,6.139999866485596,6.139999866485596,1336.0
2025-06-26 15:18:00,ARMN,,6.78000020980835,6.78000020980835,6.78000020980835,6.78000020980835,124.0
2025-06-26 15:18:00,ASM,,3.5334999561309814,3.5350000858306885,3.5334999561309814,3.5350000858306885,1074.0
2025-06-26 15:18:00,ATNM,,1.5850000381469727,1.5850000381469727,1.5850000381469727,1.5850000381469727,723.0
2025-06-26 15:18:00,BEEP,,4.234300136566162,4.234300136566162,4.234300136566162,4.234300136566162,1133.0
2025-06-26 15:18:00,BRN,,1.2400000095367432,1.2400000095367432,1.2400000095367432,1.2400000095367432,59494.0
2025-06-26 15:18:00,BTG,,3.619999885559082,3.619999885559082,3.615000009536743,3.615000009536743,30115.0
2025-06-26 15:18:00,BURU,,0.3319999873638153,0.3319999873638153,0.3319999873638153,0.3319999873638153,900.0
2025-06-26 15:18:00,CATX,,3.6649999618530273,3.6649999618530273,3.6649999618530273,3.6649999618530273,703.0
2025-06-26 15:18:00,CBOE,,226.55999755859375,226.57000732421875,226.25999450683594,226.5,28993.0
2025-06-26 15:18:00,CEF,,30.363300323486328,30.363300323486328,30.363300323486328,30.363300323486328,2612.0
2025-06-26 15:18:00,CLDI,,0.22619999945163727,0.22619999945163727,0.22619999945163727,0.22619999945163727,4000.0
2025-06-26 15:18:00,CLM,,7.940000057220459,7.940000057220459,7.940000057220459,7.940000057220459,144.0
2025-06-26 15:18:00,CQP,,56.150001525878906,56.150001525878906,56.150001525878906,56.150001525878906,259.0
2025-06-26 15:18:00,CTM,,1.0549999475479126,1.0549999475479126,1.0549999475479126,1.0549999475479126,100.0
2025-06-26 15:18:00,CVU,,3.5299999713897705,3.5299999713897705,3.5299999713897705,3.5299999713897705,45441.0
2025-06-26 15:18:00,CYBN,,8.600000381469727,8.600000381469727,8.600000381469727,8.600000381469727,326.0
2025-06-26 15:18:00,DC,,3.809999942779541,3.809999942779541,3.809999942779541,3.809999942779541,558.0
2025-06-26 15:18:00,DNN,,1.840000033378601,1.840000033378601,1.8300000429153442,1.840000033378601,12855.0
2025-06-26 15:18:00,EAD,,6.974999904632568,6.974999904632568,6.974999904632568,6.974999904632568,86628.0
2025-06-26 15:18:00,EPM,,4.764999866485596,4.764999866485596,4.759900093078613,4.759900093078613,670.0
2025-06-26 15:18:00,EQX,,5.875,5.885000228881836,5.869999885559082,5.880000114440918,92746.0
2025-06-26 15:18:00,ERC,,9.430000305175781,9.430000305175781,9.430000305175781,9.430000305175781,633.0
2025-06-26 15:18:00,EVM,,8.845000267028809,8.845000267028809,8.845000267028809,8.845000267028809,28510.0
2025-06-26 15:18:00,FOXO,,0.20080000162124634,0.20080000162124634,0.20080000162124634,0.20080000162124634,100.0
2025-06-26 15:18:00,GGN,,4.389900207519531,4.389999866485596,4.385000228881836,4.385000228881836,242105.0
2025-06-26 15:18:00,GLV,,5.619999885559082,5.619999885559082,5.619999885559082,5.619999885559082,20115.0
2025-06-26 15:18:00,GNS,,1.2999999523162842,1.2999999523162842,1.2799999713897705,1.280900001525879,165692.0
2025-06-26 15:18:00,GROY,,2.265000104904175,2.2699999809265137,2.265000104904175,2.265000104904175,11567.0
2025-06-26 15:18:00,GSAT,,23.43000030517578,23.440000534057617,23.43000030517578,23.440000534057617,1138.0
2025-06-26 15:18:00,HUSA,,12.751399993896484,12.751399993896484,12.680000305175781,12.680000305175781,600.0
2025-06-26 15:18:00,IBO,,0.9402009844779968,0.9402009844779968,0.9402009844779968,0.9402009844779968,1172.0
2025-06-26 15:18:00,IDR,,13.239999771118164,13.239999771118164,13.239999771118164,13.239999771118164,731.0
2025-06-26 15:18:00,IE,,9.704999923706055,9.704999923706055,9.704999923706055,9.704999923706055,3037.0
2025-06-26 15:18:00,IMO,,81.25890350341797,81.25890350341797,81.25890350341797,81.25890350341797,351.0
2025-06-26 15:18:00,INDO,,3.0399999618530273,3.0418999195098877,3.0399999618530273,3.0418999195098877,1773.0
2025-06-26 15:18:00,INFU,,6.429999828338623,6.429999828338623,6.429999828338623,6.429999828338623,383.0
2025-06-26 15:18:00,ITRG,,1.534999966621399,1.534999966621399,1.5299999713897705,1.5299999713897705,4153.0
2025-06-26 15:18:00,KULR,,5.148399829864502,5.159999847412109,5.139999866485596,5.150000095367432,32394.0
2025-06-26 15:18:00,LCTX,,0.9901000261306763,0.9902999997138977,0.9901000261306763,0.9901000261306763,1173.0
2025-06-26 15:18:00,LEU,,172.46949768066406,172.77999877929688,172.00999450683594,172.27999877929688,6293.0
2025-06-26 15:18:00,LMND,,42.70000076293945,42.70000076293945,42.6599006652832,42.65999984741211,4390.0
2025-06-26 15:18:00,LNG,,241.85000610351562,241.85000610351562,241.77999877929688,241.77999877929688,1989.0
2025-06-26 15:18:00,LODE,,3.7300000190734863,3.740000009536743,3.7300000190734863,3.740000009536743,799.0
2025-06-26 15:18:00,MAG,,21.354999542236328,21.354999542236328,21.354999542236328,21.354999542236328,638.0
2025-06-26 15:18:00,MTA,,3.924999952316284,3.930000066757202,3.924999952316284,3.924999952316284,6847.0
2025-06-26 15:18:00,NAK,,1.55840003490448,1.559999942779541,1.55840003490448,1.5586999654769897,3428.0
2025-06-26 15:18:00,NCL,,0.17890000343322754,0.17890000343322754,0.17890000343322754,0.17890000343322754,111.0
2025-06-26 15:18:00,NFGC,,1.475000023841858,1.475000023841858,1.475000023841858,1.475000023841858,339008.0
2025-06-26 15:18:00,NG,,4.074999809265137,4.074999809265137,4.070199966430664,4.074999809265137,8216.0
2025-06-26 15:18:00,NGD,,4.894999980926514,4.894999980926514,4.894999980926514,4.894999980926514,2770.0
2025-06-26 15:18:00,OPTT,,0.5184000134468079,0.5184000134468079,0.5184000134468079,0.5184000134468079,381.0
2025-06-26 15:18:00,PLAG,,0.8899999856948853,0.8899999856948853,0.8899999856948853,0.8899999856948853,1224.0
2025-06-26 15:18:00,PLMR,,153.55499267578125,153.55499267578125,153.55499267578125,153.55499267578125,428.0
2025-06-26 15:18:00,PLX,,1.4850000143051147,1.4850000143051147,1.4800000190734863,1.4850000143051147,2203.0
2025-06-26 15:18:00,PZG,,0.6172000169754028,0.6172000169754028,0.6172000169754028,0.6172000169754028,136641.0
2025-06-26 15:18:00,REI,,0.770799994468689,0.7714999914169312,0.770799994468689,0.7713000178337097,11133.0
2025-06-26 15:18:00,SACH,,1.090000033378601,1.090000033378601,1.0850000381469727,1.090000033378601,27020.0
2025-06-26 15:18:00,SATX,,2.9600000381469727,2.9600000381469727,2.9600000381469727,2.9600000381469727,2880.0
2025-06-26 15:18:00,SBEV,,3.9700000286102295,3.9700000286102295,3.9700000286102295,3.9700000286102295,1768.0
2025-06-26 15:18:00,SEB,,2959.7099609375,2959.7099609375,2953.340087890625,2953.340087890625,1966.0
2025-06-26 15:18:00,SENS,,0.5016000270843506,0.5016000270843506,0.5016000270843506,0.5016000270843506,403.0
2025-06-26 15:18:00,SLI,,1.9299999475479126,1.9299999475479126,1.9234999418258667,1.9249999523162842,1750.0
2025-06-26 15:18:00,SVM,,4.175000190734863,4.179999828338623,4.175000190734863,4.179999828338623,11923.0
2025-06-26 15:18:00,TGB,,3.125,3.125,3.125,3.125,445.0
2025-06-26 15:18:00,TOON,,0.7705000042915344,0.7705000042915344,0.7705000042915344,0.7705000042915344,157462.0
2025-06-26 15:18:00,UAMY,,2.6735999584198,2.680000066757202,2.6735999584198,2.680000066757202,3645.0
2025-06-26 15:18:00,UAVS,,1.1360000371932983,1.1399999856948853,1.1302000284194946,1.1349999904632568,4937.0
2025-06-26 15:18:00,UEC,,6.994999885559082,7.0,6.991600036621094,6.994999885559082,12512.0
2025-06-26 15:18:00,URG,,1.0299999713897705,1.0399999618530273,1.0299999713897705,1.034999966621399,3989.0
2025-06-26 15:18:00,USAS,,0.8294000029563904,0.8335999846458435,0.8294000029563904,0.8294000029563904,1179.0
2025-06-26 15:18:00,UTG,,35.54890060424805,35.54890060424805,35.525001525878906,35.525001525878906,142859.0
2025-06-26 15:18:00,UUUU,,5.855000019073486,5.855000019073486,5.849999904632568,5.849999904632568,6125.0
2025-06-26 15:18:00,VNRX,,0.8449000120162964,0.8449000120162964,0.8449000120162964,0.8449000120162964,151305.0
2025-06-26 15:18:00,VZLA,,2.9749999046325684,2.9800000190734863,2.9700000286102295,2.9749999046325684,10023.0
2025-06-26 15:18:00,WWR,,0.6008999943733215,0.6008999943733215,0.6008999943733215,0.6008999943733215,466940.0
2025-06-26 15:18:00,ZDGE,,3.9549999237060547,3.9549999237060547,3.9549999237060547,3.9549999237060547,200.0
2025-06-26 15:19:00,ACU,,40.5,40.5,40.349998474121094,40.349998474121094,237.0
2025-06-26 15:19:00,APT,,4.690100193023682,4.690100193023682,4.690100193023682,4.690100193023682,130.0
2025-06-26 15:19:00,AREN,,6.139999866485596,6.139999866485596,6.139999866485596,6.139999866485596,150.0
2025-06-26 15:19:00,ARMN,,6.78000020980835,6.784999847412109,6.78000020980835,6.784999847412109,434.0
2025-06-26 15:19:00,ASM,,3.5350000858306885,3.535399913787842,3.5350000858306885,3.535399913787842,1140.0
2025-06-26 15:19:00,BATL,,1.4701999425888062,1.4701999425888062,1.4701999425888062,1.4701999425888062,233015.0
2025-06-26 15:19:00,BHM,,12.380000114440918,12.380000114440918,12.380000114440918,12.380000114440918,3686.0
2025-06-26 15:19:00,BKTI,,55.0,55.0,55.0,55.0,1010.0
2025-06-26 15:19:00,BRBS,,3.309999942779541,3.309999942779541,3.309999942779541,3.309999942779541,204.0
2025-06-26 15:19:00,BTG,,3.615000009536743,3.619999885559082,3.609999895095825,3.610100030899048,47781.0
2025-06-26 15:19:00,BURU,,0.33309999108314514,0.33309999108314514,0.3319999873638153,0.33230000734329224,6470.0
2025-06-26 15:19:00,CATX,,3.684999942779541,3.690000057220459,3.6700000762939453,3.6700000762939453,3857.0
2025-06-26 15:19:00,CBOE,,226.52999877929688,226.6300048828125,226.52999877929688,226.6300048828125,3395.0
2025-06-26 15:19:00,CLDI,,0.22914999723434448,0.22914999723434448,0.2264000028371811,0.2264000028371811,2000.0
2025-06-26 15:19:00,CLM,,7.945000171661377,7.949999809265137,7.945000171661377,7.949999809265137,901.0
2025-06-26 15:19:00,CQP,,56.13999938964844,56.14500045776367,56.13999938964844,56.14500045776367,781.0
2025-06-26 15:19:00,CRF,,7.559999942779541,7.559999942779541,7.559999942779541,7.559999942779541,100.0
2025-06-26 15:19:00,CTM,,1.0549999475479126,1.0551999807357788,1.0549999475479126,1.0551999807357788,2840.0
2025-06-26 15:19:00,CVU,,3.509999990463257,3.509999990463257,3.509999990463257,3.509999990463257,374.0
2025-06-26 15:19:00,DC,,3.805000066757202,3.805000066757202,3.799999952316284,3.799999952316284,4703.0
2025-06-26 15:19:00,DNN,,1.8350000381469727,1.840000033378601,1.8348000049591064,1.8348000049591064,10488.0
2025-06-26 15:19:00,EAD,,6.974999904632568,6.974999904632568,6.974999904632568,6.974999904632568,101.0
2025-06-26 15:19:00,ELA,,5.900000095367432,5.900000095367432,5.900000095367432,5.900000095367432,254.0
2025-06-26 15:19:00,ELMD,,21.399999618530273,21.399999618530273,21.346599578857422,21.346599578857422,2362.0
2025-06-26 15:19:00,EMX,,2.555000066757202,2.555000066757202,2.555000066757202,2.555000066757202,112.0
2025-06-26 15:19:00,EQX,,5.875,5.880000114440918,5.869999885559082,5.875,14752.0
2025-06-26 15:19:00,FSP,,1.690000057220459,1.690000057220459,1.690000057220459,1.690000057220459,506.0
2025-06-26 15:19:00,FTF,,6.394999980926514,6.394999980926514,6.394999980926514,6.394999980926514,779.0
2025-06-26 15:19:00,GNS,,1.26010000705719,1.309999942779541,1.2509000301361084,1.2933000326156616,553265.0
2025-06-26 15:19:00,GORO,,0.5439000129699707,0.5439000129699707,0.5439000129699707,0.5439000129699707,506669.0
2025-06-26 15:19:00,GROY,,2.2634999752044678,2.269700050354004,2.2634999752044678,2.265000104904175,1088.0
2025-06-26 15:19:00,GTE,,5.0,5.0,4.994999885559082,4.994999885559082,715.0
2025-06-26 15:19:00,HUSA,,12.650099754333496,12.650099754333496,12.650099754333496,12.650099754333496,1025.0
2025-06-26 15:19:00,IBO,,0.9402999877929688,0.9402999877929688,0.9402999877929688,0.9402999877929688,166.0
2025-06-26 15:19:00,IDR,,13.229999542236328,13.234999656677246,13.229999542236328,13.234999656677246,1511.0
2025-06-26 15:19:00,IE,,9.704999923706055,9.704999923706055,9.704999923706055,9.704999923706055,1133.0
2025-06-26 15:19:00,IMO,,81.20999908447266,81.23500061035156,81.20999908447266,81.23500061035156,328.0
2025-06-26 15:19:00,INDO,,3.0299999713897705,3.0353000164031982,3.0199999809265137,3.0353000164031982,877.0
2025-06-26 15:19:00,ITRG,,1.534999966621399,1.534999966621399,1.534999966621399,1.534999966621399,320.0
2025-06-26 15:19:00,KULR,,5.14306116104126,5.150000095367432,5.14306116104126,5.150000095367432,3193.0
2025-06-26 15:19:00,LCTX,,0.9901999831199646,0.9902999997138977,0.9901000261306763,0.9901999831199646,3200.0
2025-06-26 15:19:00,LEU,,172.75999450683594,172.75999450683594,172.55499267578125,172.55499267578125,1790.0
2025-06-26 15:19:00,LMND,,42.7400016784668,42.790000915527344,42.69499969482422,42.69499969482422,3267.0
2025-06-26 15:19:00,LNG,,241.91949462890625,241.91949462890625,241.91949462890625,241.91949462890625,544.0
2025-06-26 15:19:00,LODE,,3.734999895095825,3.734999895095825,3.734999895095825,3.734999895095825,168.0
2025-06-26 15:19:00,MPTI,,40.91999816894531,40.91999816894531,40.91999816894531,40.91999816894531,497.0
2025-06-26 15:19:00,MTA,,3.930000066757202,3.930000066757202,3.924999952316284,3.924999952316284,502.0
2025-06-26 15:19:00,MTNB,,0.9300000071525574,0.9300000071525574,0.9300000071525574,0.9300000071525574,204.0
2025-06-26 15:19:00,MYO,,2.234999895095825,2.234999895095825,2.2293999195098877,2.2293999195098877,7493.0
2025-06-26 15:19:00,NAK,,1.5549999475479126,1.5599000453948975,1.5549999475479126,1.5599000453948975,5913.0
2025-06-26 15:19:00,NCL,,0.17900000512599945,0.18000000715255737,0.17900000512599945,0.17910000681877136,10209.0
2025-06-26 15:19:00,NG,,4.074999809265137,4.074999809265137,4.074999809265137,4.074999809265137,3815.0
2025-06-26 15:19:00,NGD,,4.894999980926514,4.896500110626221,4.894999980926514,4.894999980926514,3639.0
2025-06-26 15:19:00,NNVC,,1.2297999858856201,1.2297999858856201,1.2297999858856201,1.2297999858856201,175.0
2025-06-26 15:19:00,OPTT,,0.5184500217437744,0.5184500217437744,0.5184500217437744,0.5184500217437744,142.0
2025-06-26 15:19:00,ORLA,,9.925000190734863,9.930000305175781,9.925000190734863,9.930000305175781,5206.0
2025-06-26 15:19:00,PHGE,,0.46000000834465027,0.46000000834465027,0.46000000834465027,0.46000000834465027,69941.0
2025-06-26 15:19:00,PLX,,1.4850000143051147,1.4850000143051147,1.4850000143051147,1.4850000143051147,301.0
2025-06-26 15:19:00,PZG,,0.6129999756813049,0.6129999756813049,0.6129999756813049,0.6129999756813049,820.0
2025-06-26 15:19:00,REI,,0.7700999975204468,0.7710000276565552,0.7692000269889832,0.7710000276565552,8950.0
2025-06-26 15:19:00,REPX,,26.780000686645508,26.780000686645508,26.780000686645508,26.780000686645508,101.0
2025-06-26 15:19:00,RLGT,,6.065000057220459,6.065000057220459,6.050000190734863,6.050000190734863,3063.0
2025-06-26 15:19:00,SACH,,1.0950000286102295,1.0950000286102295,1.090000033378601,1.090000033378601,2572.0
2025-06-26 15:19:00,SATX,,2.9600000381469727,2.9600000381469727,2.9600000381469727,2.9600000381469727,651.0
2025-06-26 15:19:00,SBEV,,3.9700000286102295,3.9700000286102295,3.9700000286102295,3.9700000286102295,290.0
2025-06-26 15:19:00,SEB,,2953.0,2956.489990234375,2953.0,2956.489990234375,4.0
2025-06-26 15:19:00,SENS,,0.5015000104904175,0.5015000104904175,0.5015000104904175,0.5015000104904175,102.0
2025-06-26 15:19:00,SGN,,1.1399999856948853,1.1449999809265137,1.1399999856948853,1.1449999809265137,453792.0
2025-06-26 15:19:00,SKYH,,9.635000228881836,9.635000228881836,9.635000228881836,9.635000228881836,100.0
2025-06-26 15:19:00,SLI,,1.9249999523162842,1.9249999523162842,1.9249999523162842,1.9249999523162842,260.0
2025-06-26 15:19:00,SLND,,3.9000000953674316,3.9100000858306885,3.9000000953674316,3.9100000858306885,3344.0
2025-06-26 15:19:00,SOAR,,1.3799999952316284,1.3799999952316284,1.3799999952316284,1.3799999952316284,243090.0
2025-06-26 15:19:00,STXS,,2.200000047683716,2.2086000442504883,2.200000047683716,2.2086000442504883,702.0
2025-06-26 15:19:00,SVM,,4.17519998550415,4.17519998550415,4.175000190734863,4.175000190734863,4982272.0
2025-06-26 15:19:00,TGB,,3.125,3.125,3.125,3.125,313.0
2025-06-26 15:19:00,TMQ,,1.4759999513626099,1.4759999513626099,1.4759999513626099,1.4759999513626099,456613.0
2025-06-26 15:19:00,UAMY,,2.680000066757202,2.680000066757202,2.680000066757202,2.680000066757202,1851.0
2025-06-26 15:19:00,UEC,,7.0,7.0,6.989999771118164,7.0,33996.0
2025-06-26 15:19:00,URG,,1.034999966621399,1.0399999618530273,1.0325000286102295,1.0399999618530273,5113.0
2025-06-26 15:19:00,USAS,,0.8294000029563904,0.8378000259399414,0.8292999863624573,0.8335999846458435,5930.0
2025-06-26 15:19:00,UUUU,,5.859000205993652,5.860000133514404,5.849999904632568,5.859099864959717,42370.0
2025-06-26 15:19:00,VKI,,8.210000038146973,8.21500015258789,8.210000038146973,8.21500015258789,5846.0
2025-06-26 15:19:00,VNRX,,0.8449000120162964,0.8449000120162964,0.8449000120162964,0.8449000120162964,850.0
2025-06-26 15:19:00,VTAK,,0.25040000677108765,0.25040000677108765,0.25040000677108765,0.25040000677108765,4503.0
2025-06-26 15:19:00,VZLA,,2.9749999046325684,2.9800000190734863,2.9700000286102295,2.9800000190734863,10817.0
2025-06-26 15:19:00,WRN,,1.235200047492981,1.2450000047683716,1.235200047492981,1.2450000047683716,294651.0
2025-06-26 15:19:00,WYY,,3.364799976348877,3.364799976348877,3.364799976348877,3.364799976348877,249.0
2025-06-26 15:19:00,XPL,,0.6432999968528748,0.6432999968528748,0.6432999968528748,0.6432999968528748,213.0
2025-06-26 15:20:00,APT,,4.710000038146973,4.710000038146973,4.710000038146973,4.710000038146973,111.0
2025-06-26 15:20:00,AREN,,6.139999866485596,6.179999828338623,6.139999866485596,6.179999828338623,302.0
2025-06-26 15:20:00,ARMN,,6.784999847412109,6.784999847412109,6.780300140380859,6.780300140380859,562.0
2025-06-26 15:20:00,ASM,,3.5350000858306885,3.5350000858306885,3.5327000617980957,3.5350000858306885,5807.0
2025-06-26 15:20:00,ATNM,,1.5850000381469727,1.5850000381469727,1.5850000381469727,1.5850000381469727,389.0
2025-06-26 15:20:00,BATL,,1.4700000286102295,1.4700000286102295,1.4700000286102295,1.4700000286102295,1466.0
2025-06-26 15:20:00,BKTI,,55.34000015258789,55.34000015258789,55.0,55.0,1915.0
2025-06-26 15:20:00,BRBS,,3.305000066757202,3.305000066757202,3.305000066757202,3.305000066757202,185.0
2025-06-26 15:20:00,BTG,,3.624799966812134,3.630000114440918,3.615000009536743,3.615000009536743,386554.0
2025-06-26 15:20:00,BURU,,0.33149999380111694,0.3319999873638153,0.33149999380111694,0.3319999873638153,2058.0
2025-06-26 15:20:00,CATX,,3.684999942779541,3.684999942779541,3.684999942779541,3.684999942779541,1024.0
2025-06-26 15:20:00,CBOE,,226.23269653320312,226.53500366210938,226.23269653320312,226.53500366210938,4191.0
2025-06-26 15:20:00,CEF,,30.36520004272461,30.36520004272461,30.36520004272461,30.36520004272461,500.0
2025-06-26 15:20:00,CLDI,,0.22630000114440918,0.2264000028371811,0.22630000114440918,0.2264000028371811,1500.0
2025-06-26 15:20:00,CLM,,7.945000171661377,7.945000171661377,7.945000171661377,7.945000171661377,105.0
2025-06-26 15:20:00,CMCL,,19.18239974975586,19.18239974975586,19.18239974975586,19.18239974975586,191.0
2025-06-26 15:20:00,CMT,,17.125,17.139999389648438,17.100000381469727,17.139999389648438,1528.0
2025-06-26 15:20:00,CQP,,56.119998931884766,56.119998931884766,56.119998931884766,56.119998931884766,203.0
2025-06-26 15:20:00,CRF,,7.5640997886657715,7.570000171661377,7.5640997886657715,7.570000171661377,1604.0
2025-06-26 15:20:00,CTM,,1.054800033569336,1.0599000453948975,1.054800033569336,1.0599000453948975,1409.0
2025-06-26 15:20:00,CYBN,,8.579999923706055,8.609999656677246,8.579999923706055,8.600000381469727,5604.0
2025-06-26 15:20:00,DNN,,1.8305000066757202,1.840000033378601,1.8301000595092773,1.840000033378601,15629.0
2025-06-26 15:20:00,ELA,,5.889999866485596,5.889999866485596,5.889999866485596,5.889999866485596,522.0
2025-06-26 15:20:00,ELMD,,21.514999389648438,21.514999389648438,21.514999389648438,21.514999389648438,373.0
2025-06-26 15:20:00,EPM,,4.764999866485596,4.764999866485596,4.764999866485596,4.764999866485596,165.0
2025-06-26 15:20:00,EQX,,5.875,5.880000114440918,5.869999885559082,5.875,215680.0
2025-06-26 15:20:00,ERC,,9.420000076293945,9.420000076293945,9.420000076293945,9.420000076293945,100.0
2025-06-26 15:20:00,ESP,,45.38669967651367,45.38669967651367,45.38669967651367,45.38669967651367,411.0
2025-06-26 15:20:00,EVM,,8.845000267028809,8.845000267028809,8.845000267028809,8.845000267028809,100.0
2025-06-26 15:20:00,EVV,,10.1850004196167,10.1850004196167,10.175000190734863,10.175000190734863,1500.0
2025-06-26 15:20:00,FOXO,,0.20080000162124634,0.20080000162124634,0.20074999332427979,0.20079900324344635,2745.0
2025-06-26 15:20:00,FSP,,1.684999942779541,1.684999942779541,1.684999942779541,1.684999942779541,392.0
2025-06-26 15:20:00,FURY,,0.49889999628067017,0.49889999628067017,0.49889999628067017,0.49889999628067017,102499.0
2025-06-26 15:20:00,GAU,,1.284999966621399,1.284999966621399,1.2819000482559204,1.2819000482559204,380.0
2025-06-26 15:20:00,GBR,,1.0850000381469727,1.0850000381469727,1.0850000381469727,1.0850000381469727,42266.0
2025-06-26 15:20:00,GENC,,14.489999771118164,14.489999771118164,14.489999771118164,14.489999771118164,232.0
2025-06-26 15:20:00,GGN,,4.385000228881836,4.385000228881836,4.385000228881836,4.385000228881836,205.0
2025-06-26 15:20:00,GNS,,1.2094000577926636,1.274999976158142,1.1399999856948853,1.2608000040054321,371979.0
2025-06-26 15:20:00,GROY,,2.265000104904175,2.2699999809265137,2.265000104904175,2.2699999809265137,899.0
2025-06-26 15:20:00,GTE,,5.019999980926514,5.025000095367432,5.005000114440918,5.010000228881836,3710.0
2025-06-26 15:20:00,HUSA,,12.793800354003906,12.793800354003906,12.793800354003906,12.793800354003906,1264.0
2025-06-26 15:20:00,IDR,,13.220000267028809,13.239999771118164,13.220000267028809,13.239999771118164,305.0
2025-06-26 15:20:00,IE,,9.704999923706055,9.710000038146973,9.680000305175781,9.710000038146973,8302.0
2025-06-26 15:20:00,IMO,,81.19999694824219,81.20999908447266,81.19999694824219,81.20999908447266,561.0
2025-06-26 15:20:00,INDO,,3.0215001106262207,3.0215001106262207,3.0215001106262207,3.0215001106262207,464.0
2025-06-26 15:20:00,INFU,,6.429999828338623,6.429999828338623,6.429999828338623,6.429999828338623,708.0
2025-06-26 15:20:00,JOB,,0.20160000026226044,0.20160000026226044,0.20160000026226044,0.20160000026226044,139.0
2025-06-26 15:20:00,KULR,,5.142000198364258,5.150000095367432,5.142000198364258,5.150000095367432,2592.0
2025-06-26 15:20:00,LCTX,,0.9901999831199646,0.9901999831199646,0.9901000261306763,0.9901999831199646,3691.0
2025-06-26 15:20:00,LEU,,172.8800048828125,172.97999572753906,172.82000732421875,172.97999572753906,1375.0
2025-06-26 15:20:00,LMND,,42.7400016784668,42.744998931884766,42.7317008972168,42.7317008972168,1969.0
2025-06-26 15:20:00,LNG,,241.80999755859375,241.83999633789062,241.77000427246094,241.83999633789062,2405.0
2025-06-26 15:20:00,MAG,,21.3700008392334,21.3700008392334,21.350000381469727,21.354999542236328,2395.0
2025-06-26 15:20:00,MAIA,,1.7100000381469727,1.7100000381469727,1.7100000381469727,1.7100000381469727,109.0
2025-06-26 15:20:00,MITQ,,0.6675000190734863,0.6729000210762024,0.6669999957084656,0.6729000210762024,261156.0
2025-06-26 15:20:00,MTA,,3.924999952316284,3.924999952316284,3.924999952316284,3.924999952316284,3434.0
2025-06-26 15:20:00,MTNB,,0.9300000071525574,0.9300000071525574,0.9300000071525574,0.9300000071525574,358.0
2025-06-26 15:20:00,NAK,,1.559000015258789,1.559000015258789,1.559000015258789,1.559000015258789,5000.0
2025-06-26 15:20:00,NCL,,0.17900000512599945,0.17900000512599945,0.17900000512599945,0.17900000512599945,246.0
2025-06-26 15:20:00,NG,,4.085000038146973,4.090000152587891,4.074999809265137,4.074999809265137,31159.0
2025-06-26 15:20:00,NGD,,4.894999980926514,4.900000095367432,4.889999866485596,4.894999980926514,90743.0
2025-06-26 15:20:00,NNVC,,1.2300000190734863,1.2300000190734863,1.2300000190734863,1.2300000190734863,545.0
2025-06-26 15:20:00,OBE,,5.480000019073486,5.480000019073486,5.480000019073486,5.480000019073486,111.0
2025-06-26 15:20:00,OGEN,,3.4800000190734863,3.4800000190734863,3.4800000190734863,3.4800000190734863,243.0
2025-06-26 15:20:00,OPTT,,0.521399974822998,0.521399974822998,0.5184500217437744,0.5184500217437744,20271.0
2025-06-26 15:20:00,ORLA,,9.930000305175781,9.9350004196167,9.920000076293945,9.925000190734863,3513.0
2025-06-26 15:20:00,PLMR,,153.5500030517578,153.6699981689453,153.5500030517578,153.6699981689453,1436.0
2025-06-26 15:20:00,PLX,,1.4850000143051147,1.4850000143051147,1.4850000143051147,1.4850000143051147,384.0
2025-06-26 15:20:00,REI,,0.7706000208854675,0.7706000208854675,0.7700999975204468,0.7700999975204468,3093.0
2025-06-26 15:20:00,SBEV,,3.939500093460083,4.0,3.939500093460083,4.0,1171.0
2025-06-26 15:20:00,SEB,,2956.300048828125,2959.6650390625,2956.300048828125,2959.6650390625,4.0
2025-06-26 15:20:00,SENS,,0.5016000270843506,0.5016000270843506,0.5016000270843506,0.5016000270843506,210.0
2025-06-26 15:20:00,SGN,,1.1399999856948853,1.1399999856948853,1.1399999856948853,1.1399999856948853,388.0
2025-06-26 15:20:00,SKYH,,9.633000373840332,9.633000373840332,9.633000373840332,9.633000373840332,600.0
2025-06-26 15:20:00,SLI,,1.9249999523162842,1.9299999475479126,1.9249999523162842,1.9299999475479126,500.0
2025-06-26 15:20:00,SOAR,,1.3889000415802002,1.3889000415802002,1.3889000415802002,1.3889000415802002,206.0
2025-06-26 15:20:00,STXS,,2.2049999237060547,2.2049999237060547,2.2049999237060547,2.2049999237060547,1062.0
2025-06-26 15:20:00,SVM,,4.173299789428711,4.179999828338623,4.173299789428711,4.179999828338623,3383.0
2025-06-26 15:20:00,TGB,,3.125,3.125,3.125,3.125,107.0
2025-06-26 15:20:00,THM,,0.8705999851226807,0.8705999851226807,0.8705999851226807,0.8705999851226807,100.0
2025-06-26 15:20:00,TMQ,,1.4759999513626099,1.4759999513626099,1.4759999513626099,1.4759999513626099,500.0
2025-06-26 15:20:00,UAMY,,2.6649999618530273,2.684999942779541,2.6649999618530273,2.674999952316284,31186.0
2025-06-26 15:20:00,UAVS,,1.1390999555587769,1.1390999555587769,1.1349999904632568,1.1349999904632568,3074.0
2025-06-26 15:20:00,UEC,,6.994999885559082,7.0,6.989999771118164,6.994999885559082,14191.0
2025-06-26 15:20:00,URG,,1.034999966621399,1.0399999618530273,1.034999966621399,1.034999966621399,5235.0
2025-06-26 15:20:00,USAS,,0.8292999863624573,0.8292999863624573,0.8292999863624573,0.8292999863624573,111.0
2025-06-26 15:20:00,UTG,,35.527801513671875,35.529998779296875,35.527801513671875,35.529998779296875,1414.0
2025-06-26 15:20:00,UUUU,,5.855000019073486,5.860000133514404,5.849999904632568,5.855000019073486,4986.0
2025-06-26 15:20:00,VNRX,,0.8449000120162964,0.8449000120162964,0.8449000120162964,0.8449000120162964,300.0
2025-06-26 15:20:00,VTAK,,0.25029999017715454,0.25029999017715454,0.25029999017715454,0.25029999017715454,4503.0
2025-06-26 15:20:00,VZLA,,2.97189998626709,2.9749999046325684,2.9700000286102295,2.9700000286102295,14602.0
2025-06-26 15:20:00,WRN,,1.2300000190734863,1.2350000143051147,1.2300000190734863,1.2350000143051147,2308.0
2025-06-26 15:21:00,AEON,,0.7598999738693237,0.7598999738693237,0.7598999738693237,0.7598999738693237,169.0
2025-06-26 15:21:00,APT,,4.74399995803833,4.74399995803833,4.74399995803833,4.74399995803833,120.0
2025-06-26 15:21:00,AREN,,6.139999866485596,6.179999828338623,6.139999866485596,6.179999828338623,463.0
2025-06-26 15:21:00,ARMN,,6.784999847412109,6.789999961853027,6.784999847412109,6.784999847412109,2331.0
2025-06-26 15:21:00,ASM,,3.5399999618530273,3.5399999618530273,3.531899929046631,3.5350000858306885,11476.0
2025-06-26 15:21:00,ATNM,,1.5850000381469727,1.5850000381469727,1.5850000381469727,1.5850000381469727,456.0
2025-06-26 15:21:00,BATL,,1.4800000190734863,1.4800000190734863,1.475000023841858,1.475000023841858,1267.0
2025-06-26 15:21:00,BRBS,,3.299999952316284,3.305000066757202,3.299999952316284,3.305000066757202,515.0
2025-06-26 15:21:00,BRN,,1.2200000286102295,1.2201000452041626,1.2200000286102295,1.2201000452041626,1130.0
2025-06-26 15:21:00,BTG,,3.6110000610351562,3.630000114440918,3.609999895095825,3.625,1007949.0
2025-06-26 15:21:00,BURU,,0.33149999380111694,0.33149999380111694,0.33149999380111694,0.33149999380111694,1600.0
2025-06-26 15:21:00,CATX,,3.684999942779541,3.684999942779541,3.684999942779541,3.684999942779541,856.0
2025-06-26 15:21:00,CBOE,,226.32000732421875,226.4199981689453,226.32000732421875,226.3800048828125,1315.0
2025-06-26 15:21:00,CEF,,30.3799991607666,30.3799991607666,30.3799991607666,30.3799991607666,133.0
2025-06-26 15:21:00,CEV,,9.680000305175781,9.680000305175781,9.680000305175781,9.680000305175781,100.0
2025-06-26 15:21:00,CLM,,7.945000171661377,7.949999809265137,7.945000171661377,7.945000171661377,4235.0
2025-06-26 15:21:00,CMCL,,19.139999389648438,19.139999389648438,19.139999389648438,19.139999389648438,501.0
2025-06-26 15:21:00,CQP,,56.125,56.130001068115234,56.09000015258789,56.130001068115234,1445.0
2025-06-26 15:21:00,CTM,,1.0549999475479126,1.059999942779541,1.0549999475479126,1.059999942779541,200.0
2025-06-26 15:21:00,DHY,,2.109999895095825,2.109999895095825,2.109999895095825,2.109999895095825,322.0
2025-06-26 15:21:00,DNN,,1.8350000381469727,1.840000033378601,1.8305000066757202,1.8350000381469727,16956.0
2025-06-26 15:21:00,EPM,,4.769999980926514,4.769999980926514,4.769999980926514,4.769999980926514,756.0
2025-06-26 15:21:00,EQX,,5.885000228881836,5.889999866485596,5.875,5.875,166931.0
2025-06-26 15:21:00,ERC,,9.430000305175781,9.430000305175781,9.430000305175781,9.430000305175781,100.0
2025-06-26 15:21:00,FOXO,,0.20080000162124634,0.20080000162124634,0.20080000162124634,0.20080000162124634,151.0
2025-06-26 15:21:00,GGN,,4.385000228881836,4.385000228881836,4.3846001625061035,4.3846001625061035,400.0
2025-06-26 15:21:00,GNS,,1.1800999641418457,1.2200000286102295,1.149999976158142,1.2100000381469727,207862.0
2025-06-26 15:21:00,GORO,,0.5400000214576721,0.5439000129699707,0.5400000214576721,0.5439000129699707,6331.0
2025-06-26 15:21:00,GROY,,2.265000104904175,2.2699999809265137,2.265000104904175,2.265000104904175,816.0
2025-06-26 15:21:00,GSAT,,23.434999465942383,23.434999465942383,23.434999465942383,23.434999465942383,459.0
2025-06-26 15:21:00,GTE,,5.010000228881836,5.014999866485596,5.010000228881836,5.014999866485596,244.0
2025-06-26 15:21:00,IBO,,0.9402999877929688,0.9402999877929688,0.9402999877929688,0.9402999877929688,100.0
2025-06-26 15:21:00,IDR,,13.229999542236328,13.229999542236328,13.220000267028809,13.220000267028809,2128.0
2025-06-26 15:21:00,IE,,9.710000038146973,9.710000038146973,9.704999923706055,9.704999923706055,855.0
2025-06-26 15:21:00,IMO,,81.19999694824219,81.25,81.19999694824219,81.23999786376953,2725.0
2025-06-26 15:21:00,INDO,,3.0299999713897705,3.0299999713897705,3.0299999713897705,3.0299999713897705,150.0
2025-06-26 15:21:00,INFU,,6.420000076293945,6.420000076293945,6.420000076293945,6.420000076293945,274.0
2025-06-26 15:21:00,ITRG,,1.534999966621399,1.534999966621399,1.534999966621399,1.534999966621399,206.0
2025-06-26 15:21:00,KULR,,5.144999980926514,5.150000095367432,5.144599914550781,5.144599914550781,1948.0
2025-06-26 15:21:00,LCTX,,0.9901000261306763,0.9902999997138977,0.9901000261306763,0.9901000261306763,4518.0
2025-06-26 15:21:00,LEU,,172.86900329589844,173.10000610351562,172.6300048828125,173.10000610351562,3059.0
2025-06-26 15:21:00,LMND,,42.790000915527344,42.79999923706055,42.755001068115234,42.76070022583008,3675.0
2025-06-26 15:21:00,LNG,,241.77999877929688,241.77999877929688,241.77999877929688,241.77999877929688,833.0
2025-06-26 15:21:00,MAG,,21.364999771118164,21.364999771118164,21.360000610351562,21.360000610351562,449.0
2025-06-26 15:21:00,MHH,,6.820000171661377,6.820000171661377,6.820000171661377,6.820000171661377,128.0
2025-06-26 15:21:00,MITQ,,0.6735000014305115,0.6735000014305115,0.6735000014305115,0.6735000014305115,1567.0
2025-06-26 15:21:00,MYO,,2.2300000190734863,2.240000009536743,2.2249999046325684,2.240000009536743,6057.0
2025-06-26 15:21:00,NAK,,1.5599000453948975,1.5599000453948975,1.5499999523162842,1.559000015258789,25784.0
2025-06-26 15:21:00,NG,,4.090000152587891,4.090000152587891,4.084000110626221,4.090000152587891,8314.0
2025-06-26 15:21:00,NGD,,4.894999980926514,4.900000095367432,4.889999866485596,4.900000095367432,40385.0
2025-06-26 15:21:00,NHS,,7.5,7.5,7.5,7.5,1271.0
2025-06-26 15:21:00,NRO,,3.180000066757202,3.180000066757202,3.180000066757202,3.180000066757202,140.0
2025-06-26 15:21:00,OGEN,,3.450000047683716,3.450000047683716,3.450000047683716,3.450000047683716,100.0
2025-06-26 15:21:00,OPTT,,0.5220000147819519,0.5220000147819519,0.5220000147819519,0.5220000147819519,100.0
2025-06-26 15:21:00,ORLA,,9.925000190734863,9.930000305175781,9.920000076293945,9.930000305175781,2018.0
2025-06-26 15:21:00,PLMR,,153.3800048828125,153.5500030517578,153.1199951171875,153.5500030517578,3727.0
2025-06-26 15:21:00,PLX,,1.4850000143051147,1.4850000143051147,1.4850000143051147,1.4850000143051147,808.0
2025-06-26 15:21:00,REI,,0.770550012588501,0.770550012588501,0.7699999809265137,0.7700999975204468,3700.0
2025-06-26 15:21:00,REPX,,26.709999084472656,26.719999313354492,26.709999084472656,26.719999313354492,353.0
2025-06-26 15:21:00,SATX,,2.9600000381469727,2.9600000381469727,2.9600000381469727,2.9600000381469727,200.0
2025-06-26 15:21:00,SCCC,,24.989900588989258,24.989999771118164,24.989900588989258,24.989900588989258,3719.0
2025-06-26 15:21:00,SEB,,2957.030029296875,2960.10009765625,2956.93994140625,2959.97998046875,169.0
2025-06-26 15:21:00,SENS,,0.5015000104904175,0.5016000270843506,0.5015000104904175,0.5015000104904175,2583.0
2025-06-26 15:21:00,SGN,,1.1303000450134277,1.1303000450134277,1.1303000450134277,1.1303000450134277,728.0
2025-06-26 15:21:00,SLI,,1.9249999523162842,1.9299999475479126,1.9199999570846558,1.9199999570846558,1451.0
2025-06-26 15:21:00,STXS,,2.2100000381469727,2.2100000381469727,2.2100000381469727,2.2100000381469727,114.0
2025-06-26 15:21:00,SVM,,4.184999942779541,4.184999942779541,4.175000190734863,4.179999828338623,23177.0
2025-06-26 15:21:00,TGB,,3.130000114440918,3.130000114440918,3.124000072479248,3.125,1340.0
2025-06-26 15:21:00,THM,,0.8705999851226807,0.8705999851226807,0.8705999851226807,0.8705999851226807,100.0
2025-06-26 15:21:00,TMQ,,1.4800000190734863,1.4800000190734863,1.475000023841858,1.475000023841858,3300.0
2025-06-26 15:21:00,UAMY,,2.6649999618530273,2.6649999618530273,2.6649999618530273,2.6649999618530273,3455.0
2025-06-26 15:21:00,UAVS,,1.1349999904632568,1.1349999904632568,1.1349999904632568,1.1349999904632568,1106.0
2025-06-26 15:21:00,UEC,,6.989999771118164,7.0,6.989999771118164,6.994999885559082,14685.0
2025-06-26 15:21:00,URG,,1.0399999618530273,1.0399999618530273,1.034999966621399,1.0399999618530273,4784.0
2025-06-26 15:21:00,UUUU,,5.855000019073486,5.860000133514404,5.849999904632568,5.855000019073486,12527.0
2025-06-26 15:21:00,VNRX,,0.8449000120162964,0.8449000120162964,0.8399999737739563,0.8399999737739563,453.0
2025-06-26 15:21:00,VZLA,,2.9749999046325684,2.9751999378204346,2.9749999046325684,2.9749999046325684,15603.0
2025-06-26 15:21:00,ZDGE,,3.9200000762939453,3.9200000762939453,3.9200000762939453,3.9200000762939453,195.0
2025-06-26 15:22:00,AMS,,2.373500108718872,2.373500108718872,2.373500108718872,2.373500108718872,1208.0
2025-06-26 15:22:00,ARMN,,6.789999961853027,6.789999961853027,6.784999847412109,6.784999847412109,984.0
2025-06-26 15:22:00,ASM,,3.5450000762939453,3.5450000762939453,3.5399999618530273,3.5399999618530273,1886.0
2025-06-26 15:22:00,BRN,,1.215000033378601,1.215000033378601,1.215000033378601,1.215000033378601,596.0
2025-06-26 15:22:00,BTG,,3.619499921798706,3.619999885559082,3.609999895095825,3.619999885559082,136264.0
2025-06-26 15:22:00,BURU,,0.33390000462532043,0.33390000462532043,0.33390000462532043,0.33390000462532043,166.0
2025-06-26 15:22:00,CATX,,3.680000066757202,3.684999942779541,3.680000066757202,3.684999942779541,2173.0
2025-06-26 15:22:00,CBOE,,226.2801055908203,226.36500549316406,226.2801055908203,226.3249969482422,363273.0
2025-06-26 15:22:00,CEV,,9.680000305175781,9.680000305175781,9.680000305175781,9.680000305175781,200.0
2025-06-26 15:22:00,CMCL,,19.18000030517578,19.18000030517578,19.18000030517578,19.18000030517578,485.0
2025-06-26 15:22:00,CMT,,17.1299991607666,17.1299991607666,17.1299991607666,17.1299991607666,321.0
2025-06-26 15:22:00,CQP,,56.125,56.125,56.125,56.125,522.0
2025-06-26 15:22:00,CRF,,7.565000057220459,7.565000057220459,7.559999942779541,7.559999942779541,5802.0
2025-06-26 15:22:00,CTM,,1.054800033569336,1.0549999475479126,1.054800033569336,1.0549999475479126,4271.0
2025-06-26 15:22:00,CVU,,3.5299999713897705,3.5299999713897705,3.5299999713897705,3.5299999713897705,100.0
2025-06-26 15:22:00,CYBN,,8.529999732971191,8.582500457763672,8.529999732971191,8.582500457763672,440.0
2025-06-26 15:22:00,DC,,3.805000066757202,3.805000066757202,3.805000066757202,3.805000066757202,402.0
2025-06-26 15:22:00,DDC,,10.074999809265137,10.074999809265137,10.0,10.0,996.0
2025-06-26 15:22:00,DNN,,1.840000033378601,1.840000033378601,1.8300000429153442,1.8350000381469727,6528.0
2025-06-26 15:22:00,EMX,,2.555000066757202,2.555000066757202,2.555000066757202,2.555000066757202,108.0
2025-06-26 15:22:00,EQX,,5.885000228881836,5.885000228881836,5.8805999755859375,5.885000228881836,3438.0
2025-06-26 15:22:00,ERH,,11.40999984741211,11.40999984741211,11.40999984741211,11.40999984741211,125.0
2025-06-26 15:22:00,EVM,,8.845000267028809,8.84570026397705,8.845000267028809,8.84570026397705,1230.0
2025-06-26 15:22:00,EVV,,10.1850004196167,10.1850004196167,10.1850004196167,10.1850004196167,150.0
2025-06-26 15:22:00,FOXO,,0.20080000162124634,0.20080000162124634,0.20080000162124634,0.20080000162124634,305.0
2025-06-26 15:22:00,FSP,,1.684999942779541,1.684999942779541,1.684999942779541,1.684999942779541,104.0
2025-06-26 15:22:00,GENC,,14.500100135803223,14.500100135803223,14.5,14.5,449.0
2025-06-26 15:22:00,GGN,,4.385000228881836,4.385000228881836,4.385000228881836,4.385000228881836,413.0
2025-06-26 15:22:00,GLDG,,0.7450000047683716,0.7452999949455261,0.7450000047683716,0.7452999949455261,257818.0
2025-06-26 15:22:00,GNS,,1.1607999801635742,1.190000057220459,1.149999976158142,1.1811000108718872,102792.0
2025-06-26 15:22:00,GORO,,0.5432500243186951,0.5473999977111816,0.5432500243186951,0.5473999977111816,1389.0
2025-06-26 15:22:00,GROY,,2.265000104904175,2.2699999809265137,2.265000104904175,2.265000104904175,1022.0
2025-06-26 15:22:00,GSAT,,23.450000762939453,23.459999084472656,23.450000762939453,23.450000762939453,2225.0
2025-06-26 15:22:00,GTE,,5.014999866485596,5.014999866485596,5.014999866485596,5.014999866485596,244.0
2025-06-26 15:22:00,IBO,,0.9402999877929688,0.9404000043869019,0.9402999877929688,0.9404000043869019,864.0
2025-06-26 15:22:00,IDR,,13.239999771118164,13.300000190734863,13.218400001525879,13.218400001525879,3452.0
2025-06-26 15:22:00,IE,,9.710000038146973,9.720000267028809,9.710000038146973,9.71500015258789,3600.0
2025-06-26 15:22:00,IMO,,81.20999908447266,81.20999908447266,81.18499755859375,81.19000244140625,538.0
2025-06-26 15:22:00,INDO,,3.0292999744415283,3.030100107192993,3.0199999809265137,3.023400068283081,7848.0
2025-06-26 15:22:00,ITRG,,1.530500054359436,1.530500054359436,1.5299999713897705,1.5299999713897705,1303.0
2025-06-26 15:22:00,KNW,,1.9242000579833984,1.930999994277954,1.909999966621399,1.930999994277954,15393.0
2025-06-26 15:22:00,KULR,,5.144999980926514,5.150000095367432,5.142499923706055,5.148200035095215,3600849.0
2025-06-26 15:22:00,LCTX,,0.9901999831199646,0.9901999831199646,0.9901000261306763,0.9901000261306763,1250.0
2025-06-26 15:22:00,LEU,,172.8800048828125,173.19000244140625,172.7100067138672,172.8800048828125,3798.0
2025-06-26 15:22:00,LMND,,42.77000045776367,42.810001373291016,42.77000045776367,42.790000915527344,1595.0
2025-06-26 15:22:00,LNG,,241.83999633789062,241.89999389648438,241.74000549316406,241.77000427246094,15936.0
2025-06-26 15:22:00,LODE,,3.744999885559082,3.744999885559082,3.734999895095825,3.734999895095825,1172.0
2025-06-26 15:22:00,MAG,,21.375,21.375,21.3700008392334,21.375,1039.0
2025-06-26 15:22:00,MITQ,,0.6675000190734863,0.6675000190734863,0.6675000190734863,0.6675000190734863,221.0
2025-06-26 15:22:00,MYO,,2.2249999046325684,2.2249999046325684,2.2249999046325684,2.2249999046325684,3772.0
2025-06-26 15:22:00,NAK,,1.5549999475479126,1.5549999475479126,1.5549999475479126,1.5549999475479126,1990.0
2025-06-26 15:22:00,NFGC,,1.475000023841858,1.475000023841858,1.475000023841858,1.475000023841858,201.0
2025-06-26 15:22:00,NG,,4.085000038146973,4.090000152587891,4.085000038146973,4.090000152587891,1970.0
2025-06-26 15:22:00,NGD,,4.902900218963623,4.90500020980835,4.894999980926514,4.900000095367432,86250.0
2025-06-26 15:22:00,NML,,8.829999923706055,8.84000015258789,8.829999923706055,8.84000015258789,500.0
2025-06-26 15:22:00,NRXS,,2.575000047683716,2.575000047683716,2.575000047683716,2.575000047683716,201.0
2025-06-26 15:22:00,OGEN,,3.450000047683716,3.490000009536743,3.450000047683716,3.4700000286102295,435.0
2025-06-26 15:22:00,OPTT,,0.5206999778747559,0.5220000147819519,0.5206999778747559,0.5212000012397766,10172.0
2025-06-26 15:22:00,ORLA,,9.925000190734863,9.9350004196167,9.925000190734863,9.930000305175781,2451.0
2025-06-26 15:22:00,PLMR,,153.1699981689453,153.1999969482422,153.15750122070312,153.15750122070312,2861.0
2025-06-26 15:22:00,PLX,,1.4850000143051147,1.4850000143051147,1.4850000143051147,1.4850000143051147,447.0
2025-06-26 15:22:00,REI,,0.7700999975204468,0.770550012588501,0.7700999975204468,0.7700999975204468,2065.0
2025-06-26 15:22:00,RVP,,0.6625000238418579,0.6625000238418579,0.6625000238418579,0.6625000238418579,542.0
2025-06-26 15:22:00,SACH,,1.0911999940872192,1.0911999940872192,1.0911999940872192,1.0911999940872192,210.0
2025-06-26 15:22:00,SEB,,2956.9599609375,2956.9599609375,2956.9599609375,2956.9599609375,1.0
2025-06-26 15:22:00,SENS,,0.5015000104904175,0.5016000270843506,0.5015000104904175,0.5016000270843506,6135.0
2025-06-26 15:22:00,SGN,,1.1349999904632568,1.1349999904632568,1.1299999952316284,1.1349999904632568,2900.0
2025-06-26 15:22:00,SLI,,1.9249999523162842,1.9249999523162842,1.9249999523162842,1.9249999523162842,1400.0
2025-06-26 15:22:00,SVM,,4.184999942779541,4.184999942779541,4.184999942779541,4.184999942779541,775.0
2025-06-26 15:22:00,TGB,,3.125,3.125,3.125,3.125,13977.0
2025-06-26 15:22:00,THM,,0.8799999952316284,0.8799999952316284,0.8770999908447266,0.8770999908447266,2000.0
2025-06-26 15:22:00,TOON,,0.7659000158309937,0.7659000158309937,0.7659000158309937,0.7659000158309937,158070.0
2025-06-26 15:22:00,UAVS,,1.1335999965667725,1.1399999856948853,1.1299999952316284,1.1349999904632568,7749.0
2025-06-26 15:22:00,UEC,,7.0,7.0,6.990099906921387,7.0,6267.0
2025-06-26 15:22:00,URG,,1.034999966621399,1.0399999618530273,1.034999966621399,1.0399999618530273,8043.0
2025-06-26 15:22:00,USAS,,0.8292499780654907,0.8292499780654907,0.829200029373169,0.829200029373169,1233.0
2025-06-26 15:22:00,UTG,,35.53499984741211,35.540000915527344,35.525001525878906,35.525001525878906,6010.0
2025-06-26 15:22:00,UUUU,,5.855000019073486,5.855000019073486,5.849999904632568,5.855000019073486,2628.0
2025-06-26 15:22:00,VKI,,8.196999549865723,8.210000038146973,8.196999549865723,8.210000038146973,441.0
2025-06-26 15:22:00,VNRX,,0.8449000120162964,0.8449000120162964,0.8449000120162964,0.8449000120162964,420.0
2025-06-26 15:22:00,VZLA,,2.9749999046325684,2.9749999046325684,2.9749999046325684,2.9749999046325684,655.0
2025-06-26 15:23:00,ACU,,40.349998474121094,40.349998474121094,40.349998474121094,40.349998474121094,128.0
2025-06-26 15:23:00,AREN,,6.179999828338623,6.179999828338623,6.139999866485596,6.139999866485596,446.0
2025-06-26 15:23:00,ARMN,,6.795000076293945,6.795000076293945,6.789999961853027,6.789999961853027,11573.0
2025-06-26 15:23:00,ASM,,3.5450000762939453,3.5450000762939453,3.5411999225616455,3.5450000762939453,1541.0
2025-06-26 15:23:00,ATNM,,1.5850000381469727,1.5850000381469727,1.5850000381469727,1.5850000381469727,238.0
2025-06-26 15:23:00,BKTI,,55.7598991394043,55.7598991394043,55.7598991394043,55.7598991394043,214.0
2025-06-26 15:23:00,BRBS,,3.299999952316284,3.299999952316284,3.299999952316284,3.299999952316284,106.0
2025-06-26 15:23:00,BTG,,3.61929988861084,3.619999885559082,3.609999895095825,3.615000009536743,358982.0
2025-06-26 15:23:00,BURU,,0.33149999380111694,0.3327000141143799,0.33149999380111694,0.3327000141143799,1421.0
2025-06-26 15:23:00,CATX,,3.674999952316284,3.684999942779541,3.674999952316284,3.680000066757202,3273.0
2025-06-26 15:23:00,CBOE,,226.27000427246094,226.3249969482422,226.27000427246094,226.3249969482422,612.0
2025-06-26 15:23:00,CEF,,30.3799991607666,30.3799991607666,30.375,30.3799991607666,20641.0
2025-06-26 15:23:00,CLM,,7.945000171661377,7.945000171661377,7.945000171661377,7.945000171661377,442.0
2025-06-26 15:23:00,CMT,,17.110000610351562,17.110000610351562,17.110000610351562,17.110000610351562,234.0
2025-06-26 15:23:00,CQP,,56.209999084472656,56.209999084472656,56.125,56.125,3075.0
2025-06-26 15:23:00,CRF,,7.565000057220459,7.569900035858154,7.565000057220459,7.569900035858154,292.0
2025-06-26 15:23:00,CTM,,1.0535000562667847,1.0555000305175781,1.0535000562667847,1.0549999475479126,2451.0
2025-06-26 15:23:00,CYBN,,8.539999961853027,8.5600004196167,8.539999961853027,8.5600004196167,223.0
2025-06-26 15:23:00,DC,,3.809999942779541,3.809999942779541,3.809999942779541,3.809999942779541,366.0
2025-06-26 15:23:00,DNN,,1.840000033378601,1.840000033378601,1.8301000595092773,1.839900016784668,11074.0
2025-06-26 15:23:00,EIM,,9.5649995803833,9.569999694824219,9.5649995803833,9.569999694824219,768.0
2025-06-26 15:23:00,EQX,,5.889100074768066,5.889900207519531,5.880000114440918,5.885000228881836,21640.0
2025-06-26 15:23:00,ERC,,9.430000305175781,9.430000305175781,9.421500205993652,9.421500205993652,200.0
2025-06-26 15:23:00,FRD,,16.5,16.5,16.5,16.5,510.0
2025-06-26 15:23:00,GAU,,1.284999966621399,1.284999966621399,1.284999966621399,1.284999966621399,114.0
2025-06-26 15:23:00,GENC,,14.614999771118164,14.614999771118164,14.550000190734863,14.550000190734863,1280.0
2025-06-26 15:23:00,GLV,,5.619999885559082,5.619999885559082,5.619999885559082,5.619999885559082,100.0
2025-06-26 15:23:00,GNS,,1.2196999788284302,1.2200000286102295,1.160099983215332,1.1649999618530273,125108.0
2025-06-26 15:23:00,GORO,,0.5432500243186951,0.5432500243186951,0.5432500243186951,0.5432500243186951,100.0
2025-06-26 15:23:00,GROY,,2.2644999027252197,2.265000104904175,2.2644999027252197,2.265000104904175,1243.0
2025-06-26 15:23:00,GSAT,,23.434999465942383,23.454999923706055,23.434999465942383,23.454999923706055,4330.0
2025-06-26 15:23:00,GTE,,5.014999866485596,5.014999866485596,5.014999866485596,5.014999866485596,327.0
2025-06-26 15:23:00,HUSA,,12.650099754333496,12.650099754333496,12.650099754333496,12.650099754333496,506.0
2025-06-26 15:23:00,IBO,,0.948710024356842,0.948710024356842,0.948710024356842,0.948710024356842,500.0
2025-06-26 15:23:00,IE,,9.729999542236328,9.739999771118164,9.725000381469727,9.729999542236328,3980.0
2025-06-26 15:23:00,INDO,,3.0250000953674316,3.0250000953674316,3.0250000953674316,3.0250000953674316,560.0
2025-06-26 15:23:00,INFU,,6.420000076293945,6.440000057220459,6.420000076293945,6.429999828338623,2523.0
2025-06-26 15:23:00,ITRG,,1.5299999713897705,1.534999966621399,1.5299999713897705,1.5299999713897705,3484.0
2025-06-26 15:23:00,KNW,,1.9106999635696411,1.9106999635696411,1.9106999635696411,1.9106999635696411,1000.0
2025-06-26 15:23:00,KULR,,5.150000095367432,5.150000095367432,5.140100002288818,5.144999980926514,3773.0
2025-06-26 15:23:00,LCTX,,0.9902999997138977,0.9902999997138977,0.9900000095367432,0.9901000261306763,9696.0
2025-06-26 15:23:00,LEU,,172.60000610351562,173.00990295410156,172.60000610351562,172.8800048828125,5130.0
2025-06-26 15:23:00,LMND,,42.83000183105469,42.83000183105469,42.779998779296875,42.779998779296875,2017.0
2025-06-26 15:23:00,LNG,,241.9600067138672,241.97999572753906,241.9600067138672,241.97999572753906,1661.0
2025-06-26 15:23:00,LODE,,3.740000009536743,3.744999885559082,3.740000009536743,3.744999885559082,3463.0
2025-06-26 15:23:00,MAG,,21.3700008392334,21.3700008392334,21.3700008392334,21.3700008392334,1818.0
2025-06-26 15:23:00,MLSS,,0.7286999821662903,0.7293990254402161,0.728600025177002,0.7293990254402161,2433.0
2025-06-26 15:23:00,MRT,,2.9100000858306885,2.9100000858306885,2.9100000858306885,2.9100000858306885,435.0
2025-06-26 15:23:00,MTA,,3.924999952316284,3.924999952316284,3.924999952316284,3.924999952316284,385.0
2025-06-26 15:23:00,MYO,,2.2298998832702637,2.2298998832702637,2.2249999046325684,2.2249999046325684,604.0
2025-06-26 15:23:00,NAK,,1.559999942779541,1.559999942779541,1.5544999837875366,1.5549999475479126,4641.0
2025-06-26 15:23:00,NCL,,0.1790499985218048,0.17990000545978546,0.1790499985218048,0.17990000545978546,10178.0
2025-06-26 15:23:00,NG,,4.085000038146973,4.090000152587891,4.085000038146973,4.085000038146973,8323.0
2025-06-26 15:23:00,NGD,,4.90500020980835,4.90500020980835,4.900000095367432,4.90500020980835,9080.0
2025-06-26 15:23:00,NHS,,7.50029993057251,7.50029993057251,7.50029993057251,7.50029993057251,200.0
2025-06-26 15:23:00,OBE,,5.480000019073486,5.480000019073486,5.480000019073486,5.480000019073486,212.0
2025-06-26 15:23:00,OGEN,,3.4700000286102295,3.4700000286102295,3.4700000286102295,3.4700000286102295,427.0
2025-06-26 15:23:00,OPTT,,0.5199859738349915,0.5206999778747559,0.5195000171661377,0.5206999778747559,13710.0
2025-06-26 15:23:00,ORLA,,9.920000076293945,9.930000305175781,9.920000076293945,9.930000305175781,1455.0
2025-06-26 15:23:00,PLG,,1.6549999713897705,1.6549999713897705,1.6399999856948853,1.649999976158142,14945.0
2025-06-26 15:23:00,PLX,,1.4850000143051147,1.4850000143051147,1.4800000190734863,1.4850000143051147,498.0
2025-06-26 15:23:00,PRK,,167.07000732421875,167.07000732421875,167.07000732421875,167.07000732421875,311.0
2025-06-26 15:23:00,REI,,0.770550012588501,0.770550012588501,0.7700999975204468,0.7702000141143799,1105.0
2025-06-26 15:23:00,REPX,,26.729999542236328,26.739999771118164,26.709999084472656,26.729999542236328,1646.0
2025-06-26 15:23:00,SATX,,2.9600000381469727,2.9600000381469727,2.9600000381469727,2.9600000381469727,3041.0
2025-06-26 15:23:00,SBEV,,3.9700000286102295,3.9700000286102295,3.934999942779541,3.9700000286102295,1730.0
2025-06-26 15:23:00,SEB,,2957.09619140625,2957.09619140625,2957.09619140625,2957.09619140625,2.0
2025-06-26 15:23:00,SENS,,0.5015000104904175,0.5015109777450562,0.5015000104904175,0.5015000104904175,7594.0
2025-06-26 15:23:00,SGN,,1.1399999856948853,1.1399999856948853,1.1399999856948853,1.1399999856948853,1602.0
2025-06-26 15:23:00,SKYH,,9.640000343322754,9.640000343322754,9.640000343322754,9.640000343322754,141.0
2025-06-26 15:23:00,SLI,,1.9249999523162842,1.9299999475479126,1.9249999523162842,1.9249999523162842,8510.0
2025-06-26 15:23:00,STXS,,2.2100000381469727,2.2100000381469727,2.2049999237060547,2.2049999237060547,1409.0
2025-06-26 15:23:00,SVM,,4.184999942779541,4.188199996948242,4.184999942779541,4.188199996948242,359.0
2025-06-26 15:23:00,TGB,,3.1364998817443848,3.140000104904175,3.119999885559082,3.125,271157.0
2025-06-26 15:23:00,TOON,,0.7659000158309937,0.7659000158309937,0.7659000158309937,0.7659000158309937,110.0
2025-06-26 15:23:00,TPET,,1.190000057220459,1.190000057220459,1.190000057220459,1.190000057220459,185.0
2025-06-26 15:23:00,UAMY,,2.674999952316284,2.680000066757202,2.6600000858306885,2.6700000762939453,18133.0
2025-06-26 15:23:00,UAVS,,1.1360000371932983,1.1399999856948853,1.1360000371932983,1.1399999856948853,309.0
2025-06-26 15:23:00,UEC,,6.994999885559082,7.0,6.989999771118164,6.994999885559082,10905.0
2025-06-26 15:23:00,URG,,1.0399999618530273,1.0399999618530273,1.0299999713897705,1.034999966621399,3522.0
2025-06-26 15:23:00,USAS,,0.8330000042915344,0.8378000259399414,0.8330000042915344,0.8361999988555908,28811.0
2025-06-26 15:23:00,UTG,,35.540000915527344,35.540000915527344,35.53219985961914,35.53219985961914,1075.0
2025-06-26 15:23:00,UUUU,,5.840000152587891,5.855000019073486,5.840000152587891,5.855000019073486,31029.0
2025-06-26 15:23:00,VNRX,,0.8449000120162964,0.8449000120162964,0.8449000120162964,0.8449000120162964,1300.0
2025-06-26 15:23:00,VTAK,,0.25040000677108765,0.25040000677108765,0.25040000677108765,0.25040000677108765,320.0
2025-06-26 15:23:00,VZLA,,2.9749999046325684,2.9800000190734863,2.9749999046325684,2.9800000190734863,401.0
2025-06-26 15:24:00,AEON,,0.7575500011444092,0.7588000297546387,0.7556999921798706,0.7577999830245972,2792.0
2025-06-26 15:24:00,AREN,,6.139999866485596,6.139999866485596,6.139999866485596,6.139999866485596,127.0
2025-06-26 15:24:00,ARMN,,6.795000076293945,6.795000076293945,6.795000076293945,6.795000076293945,346.0
2025-06-26 15:24:00,ASM,,3.5450000762939453,3.5450000762939453,3.5450000762939453,3.5450000762939453,661.0
2025-06-26 15:24:00,ATNM,,1.5850000381469727,1.5850000381469727,1.5850000381469727,1.5850000381469727,487.0
2025-06-26 15:24:00,BRBS,,3.299999952316284,3.299999952316284,3.299999952316284,3.299999952316284,834.0
2025-06-26 15:24:00,BTG,,3.619999885559082,3.619999885559082,3.615000009536743,3.619999885559082,69385.0
2025-06-26 15:24:00,BURU,,0.33160001039505005,0.3327000141143799,0.33149999380111694,0.3327000141143799,1550.0
2025-06-26 15:24:00,CANF,,1.0500999689102173,1.0500999689102173,1.0500999689102173,1.0500999689102173,37549.0
2025-06-26 15:24:00,CATX,,3.674999952316284,3.674999952316284,3.6700000762939453,3.674999952316284,1564.0
2025-06-26 15:24:00,CBOE,,226.17999267578125,226.17999267578125,226.17999267578125,226.17999267578125,855.0
2025-06-26 15:24:00,CEF,,30.379899978637695,30.379899978637695,30.375,30.375,378.0
2025-06-26 15:24:00,CLDI,,0.22920000553131104,0.23170000314712524,0.22100000083446503,0.22630000114440918,4347.0
2025-06-26 15:24:00,CLM,,7.945000171661377,7.945000171661377,7.940000057220459,7.940000057220459,1600.0
2025-06-26 15:24:00,CMT,,17.125,17.125,17.125,17.125,118.0
2025-06-26 15:24:00,COE,,32.810001373291016,32.810001373291016,32.810001373291016,32.810001373291016,273.0
2025-06-26 15:24:00,CQP,,56.209999084472656,56.209999084472656,56.209999084472656,56.209999084472656,206.0
2025-06-26 15:24:00,CTM,,1.0511000156402588,1.0549999475479126,1.0511000156402588,1.0549999475479126,1106.0
2025-06-26 15:24:00,CVU,,3.5299999713897705,3.5299999713897705,3.5299999713897705,3.5299999713897705,116.0
2025-06-26 15:24:00,CYBN,,8.53499984741211,8.53499984741211,8.53499984741211,8.53499984741211,100.0
2025-06-26 15:24:00,DC,,3.805000066757202,3.805000066757202,3.805000066757202,3.805000066757202,117.0
2025-06-26 15:24:00,DNN,,1.8350000381469727,1.840000033378601,1.8350000381469727,1.8350000381469727,23131.0
2025-06-26 15:24:00,EIM,,9.5600004196167,9.5600004196167,9.5600004196167,9.5600004196167,1001.0
2025-06-26 15:24:00,ELMD,,21.559999465942383,21.559999465942383,21.530000686645508,21.530000686645508,724.0
2025-06-26 15:24:00,EP,,5.420000076293945,5.420000076293945,5.420000076293945,5.420000076293945,216.0
2025-06-26 15:24:00,EPM,,4.764999866485596,4.764999866485596,4.764999866485596,4.764999866485596,171.0
2025-06-26 15:24:00,EQX,,5.885000228881836,5.885000228881836,5.885000228881836,5.885000228881836,283.0
2025-06-26 15:24:00,ERC,,9.420000076293945,9.427800178527832,9.420000076293945,9.427800178527832,1937.0
2025-06-26 15:24:00,EVI,,19.90999984741211,19.90999984741211,19.90999984741211,19.90999984741211,283.0
2025-06-26 15:24:00,EVM,,8.845000267028809,8.845000267028809,8.84000015258789,8.845000267028809,2003.0
2025-06-26 15:24:00,FRD,,16.549999237060547,16.549999237060547,16.45009994506836,16.451000213623047,1822.0
2025-06-26 15:24:00,FSP,,1.690000057220459,1.690000057220459,1.690000057220459,1.690000057220459,290.0
2025-06-26 15:24:00,GBR,,1.0950000286102295,1.0950000286102295,1.0950000286102295,1.0950000286102295,250.0
2025-06-26 15:24:00,GENC,,14.563400268554688,14.563400268554688,14.563400268554688,14.563400268554688,100.0
2025-06-26 15:24:00,GNS,,1.229099988937378,1.2300000190734863,1.2100000381469727,1.229099988937378,81935.0
2025-06-26 15:24:00,GORO,,0.5400000214576721,0.5400000214576721,0.5400000214576721,0.5400000214576721,100.0
2025-06-26 15:24:00,GROY,,2.265000104904175,2.266700029373169,2.265000104904175,2.265000104904175,568.0
2025-06-26 15:24:00,GSAT,,23.450000762939453,23.450000762939453,23.434999465942383,23.434999465942383,1596.0
2025-06-26 15:24:00,GTE,,5.010000228881836,5.010000228881836,5.010000228881836,5.010000228881836,123.0
2025-06-26 15:24:00,IDR,,13.270000457763672,13.274999618530273,13.270000457763672,13.274999618530273,1173.0
2025-06-26 15:24:00,IE,,9.729999542236328,9.734999656677246,9.729999542236328,9.729999542236328,1203.0
2025-06-26 15:24:00,IMO,,81.16999816894531,81.18499755859375,81.16999816894531,81.18499755859375,767.0
2025-06-26 15:24:00,INDO,,3.0278000831604004,3.0278000831604004,3.0278000831604004,3.0278000831604004,3063.0
2025-06-26 15:24:00,INFU,,6.400000095367432,6.409999847412109,6.400000095367432,6.409999847412109,463.0
2025-06-26 15:24:00,ITRG,,1.5299999713897705,1.5299999713897705,1.5299999713897705,1.5299999713897705,115.0
2025-06-26 15:24:00,KNW,,1.9249999523162842,1.9249999523162842,1.9249999523162842,1.9249999523162842,100.0
2025-06-26 15:24:00,KULR,,5.15500020980835,5.159999847412109,5.144999980926514,5.150000095367432,12106.0
2025-06-26 15:24:00,LCTX,,0.9988999962806702,0.9988999962806702,0.9901999831199646,0.9901999831199646,4601.0
2025-06-26 15:24:00,LEU,,172.82000732421875,172.8800048828125,172.59890747070312,172.59890747070312,3018.0
2025-06-26 15:24:00,LMND,,42.834999084472656,42.84000015258789,42.81999969482422,42.81999969482422,1315.0
2025-06-26 15:24:00,LNG,,242.0,242.0,242.0,242.0,556.0
2025-06-26 15:24:00,MAG,,21.364999771118164,21.364999771118164,21.360000610351562,21.364999771118164,450.0
2025-06-26 15:24:00,MAIA,,1.700600028038025,1.700600028038025,1.700600028038025,1.700600028038025,200.0
2025-06-26 15:24:00,MTA,,3.9200000762939453,3.9207000732421875,3.9200000762939453,3.9207000732421875,767.0
2025-06-26 15:24:00,MYO,,2.2249999046325684,2.2249999046325684,2.2249999046325684,2.2249999046325684,2395.0
2025-06-26 15:24:00,NAK,,1.5549999475479126,1.5566999912261963,1.5499999523162842,1.55649995803833,1792.0
2025-06-26 15:24:00,NCL,,0.17910000681877136,0.17910000681877136,0.17910000681877136,0.17910000681877136,171.0
2025-06-26 15:24:00,NFGC,,1.475000023841858,1.475000023841858,1.475000023841858,1.475000023841858,151.0
2025-06-26 15:24:00,NG,,4.085000038146973,4.090000152587891,4.084000110626221,4.090000152587891,10573.0
2025-06-26 15:24:00,NGD,,4.90500020980835,4.909999847412109,4.900000095367432,4.900000095367432,11431.0
2025-06-26 15:24:00,NHC,,107.97000122070312,107.97000122070312,107.97000122070312,107.97000122070312,558.0
2025-06-26 15:24:00,ORLA,,9.925000190734863,9.930000305175781,9.925000190734863,9.930000305175781,4065.0
2025-06-26 15:24:00,PLG,,1.6519999504089355,1.6519999504089355,1.6519999504089355,1.6519999504089355,2005.0
2025-06-26 15:24:00,PLX,,1.4850000143051147,1.4850000143051147,1.4850000143051147,1.4850000143051147,516.0
2025-06-26 15:24:00,REI,,0.7706000208854675,0.7706000208854675,0.7700999975204468,0.7706000208854675,2448.0
2025-06-26 15:24:00,REPX,,26.700000762939453,26.709999084472656,26.700000762939453,26.709999084472656,646.0
2025-06-26 15:24:00,SBEV,,4.049900054931641,4.049900054931641,4.049900054931641,4.049900054931641,257.0
2025-06-26 15:24:00,SEB,,2957.199951171875,2957.199951171875,2957.159912109375,2957.159912109375,2.0
2025-06-26 15:24:00,SENS,,0.5016000270843506,0.5016000270843506,0.5015000104904175,0.5016000270843506,301.0
2025-06-26 15:24:00,SGN,,1.1401000022888184,1.1401000022888184,1.1401000022888184,1.1401000022888184,135.0
2025-06-26 15:24:00,SLI,,1.9249999523162842,1.9249999523162842,1.9249999523162842,1.9249999523162842,121.0
2025-06-26 15:24:00,SVM,,4.184999942779541,4.184999942779541,4.179999828338623,4.184999942779541,4939.0
2025-06-26 15:24:00,TGB,,3.1314001083374023,3.140000104904175,3.130000114440918,3.134999990463257,12160.0
2025-06-26 15:24:00,TOON,,0.7724999785423279,0.7724999785423279,0.7662500143051147,0.7662500143051147,4508.0
2025-06-26 15:24:00,TPET,,1.1891000270843506,1.1891000270843506,1.1891000270843506,1.1891000270843506,100.0
2025-06-26 15:24:00,UAMY,,2.6700000762939453,2.674999952316284,2.6700000762939453,2.674999952316284,1100.0
2025-06-26 15:24:00,UAVS,,1.1399999856948853,1.1399999856948853,1.13919997215271,1.13919997215271,1549.0
2025-06-26 15:24:00,UEC,,6.989999771118164,7.0,6.989999771118164,6.995200157165527,10356.0
2025-06-26 15:24:00,URG,,1.0399999618530273,1.0399999618530273,1.034999966621399,1.0399999618530273,6942.0
2025-06-26 15:24:00,UTG,,35.540000915527344,35.540000915527344,35.540000915527344,35.540000915527344,415.0
2025-06-26 15:24:00,UUUU,,5.84499979019165,5.849999904632568,5.8445000648498535,5.84499979019165,6409.0
2025-06-26 15:24:00,VNRX,,0.8424000144004822,0.8424000144004822,0.8400999903678894,0.8400999903678894,309.0
2025-06-26 15:24:00,VZLA,,2.9749999046325684,2.9749999046325684,2.9749999046325684,2.9749999046325684,1197.0
2025-06-26 15:25:00,AEON,,0.7563999891281128,0.7563999891281128,0.7549999952316284,0.7554000020027161,835.0
2025-06-26 15:25:00,AREN,,6.144999980926514,6.190000057220459,6.099999904632568,6.139999866485596,5093.0
2025-06-26 15:25:00,ARMN,,6.800000190734863,6.800000190734863,6.789999961853027,6.795000076293945,1258.0
2025-06-26 15:25:00,ASM,,3.5450000762939453,3.5450000762939453,3.5450000762939453,3.5450000762939453,1228.0
2025-06-26 15:25:00,ATNM,,1.5850000381469727,1.5850000381469727,1.5850000381469727,1.5850000381469727,455.0
2025-06-26 15:25:00,BEEP,,4.230000019073486,4.230000019073486,4.230000019073486,4.230000019073486,198.0
2025-06-26 15:25:00,BRBS,,3.299999952316284,3.299999952316284,3.299999952316284,3.299999952316284,227.0
2025-06-26 15:25:00,BTG,,3.615000009536743,3.619999885559082,3.615000009536743,3.619999885559082,21121.0
2025-06-26 15:25:00,BURU,,0.33149999380111694,0.33149999380111694,0.33149999380111694,0.33149999380111694,2088.0
2025-06-26 15:25:00,CATX,,3.6449999809265137,3.674999952316284,3.6449999809265137,3.6700000762939453,8598.0
2025-06-26 15:25:00,CBOE,,226.2100067138672,226.2100067138672,226.2100067138672,226.2100067138672,405.0
2025-06-26 15:25:00,CCEL,,5.263500213623047,5.269999980926514,5.263500213623047,5.263500213623047,549.0
2025-06-26 15:25:00,CEV,,9.670000076293945,9.670000076293945,9.670000076293945,9.670000076293945,2200.0
2025-06-26 15:25:00,CLDI,,0.2290000021457672,0.22919900715351105,0.2290000021457672,0.22919900715351105,395.0
2025-06-26 15:25:00,CLM,,7.945000171661377,7.945000171661377,7.942699909210205,7.942699909210205,644.0
2025-06-26 15:25:00,CQP,,56.209999084472656,56.209999084472656,56.150001525878906,56.150001525878906,573.0
2025-06-26 15:25:00,CRF,,7.560200214385986,7.560200214385986,7.560200214385986,7.560200214385986,497.0
2025-06-26 15:25:00,CTGO,,20.8799991607666,20.8799991607666,20.8799991607666,20.8799991607666,941.0
2025-06-26 15:25:00,CTM,,1.0549999475479126,1.0549999475479126,1.0549999475479126,1.0549999475479126,251.0
2025-06-26 15:25:00,CVU,,3.5199999809265137,3.5199999809265137,3.5199999809265137,3.5199999809265137,198.0
2025-06-26 15:25:00,CYBN,,8.53499984741211,8.53499984741211,8.53499984741211,8.53499984741211,198.0
2025-06-26 15:25:00,DC,,3.809999942779541,3.815000057220459,3.809999942779541,3.809999942779541,25188.0
2025-06-26 15:25:00,DNN,,1.840000033378601,1.840000033378601,1.830399990081787,1.840000033378601,7296.0
2025-06-26 15:25:00,ELMD,,21.420000076293945,21.485000610351562,21.420000076293945,21.485000610351562,664.0
2025-06-26 15:25:00,EMX,,2.555000066757202,2.555000066757202,2.555000066757202,2.555000066757202,182.0
2025-06-26 15:25:00,EP,,5.389999866485596,5.389999866485596,5.369999885559082,5.369999885559082,769.0
2025-06-26 15:25:00,EPM,,4.764999866485596,4.764999866485596,4.764999866485596,4.764999866485596,132.0
2025-06-26 15:25:00,EQX,,5.885000228881836,5.885000228881836,5.880000114440918,5.880000114440918,28658.0
2025-06-26 15:25:00,ERC,,9.430000305175781,9.430000305175781,9.430000305175781,9.430000305175781,100.0
2025-06-26 15:25:00,EVM,,8.84000015258789,8.84000015258789,8.84000015258789,8.84000015258789,100.0
2025-06-26 15:25:00,EVV,,10.189900398254395,10.189900398254395,10.1850004196167,10.1850004196167,1268.0
2025-06-26 15:25:00,FOXO,,0.20080000162124634,0.20080000162124634,0.20080000162124634,0.20080000162124634,6300.0
2025-06-26 15:25:00,FRD,,16.549999237060547,16.549999237060547,16.451000213623047,16.451000213623047,494.0
2025-06-26 15:25:00,FTF,,6.394999980926514,6.394999980926514,6.394999980926514,6.394999980926514,462.0
2025-06-26 15:25:00,GENC,,14.672100067138672,14.672100067138672,14.550000190734863,14.550000190734863,1534.0
2025-06-26 15:25:00,GNS,,1.200600028038025,1.2271000146865845,1.2000000476837158,1.225000023841858,97573.0
2025-06-26 15:25:00,GORO,,0.5389999747276306,0.5389999747276306,0.5389999747276306,0.5389999747276306,125.0
2025-06-26 15:25:00,GROY,,2.2699999809265137,2.2699999809265137,2.259999990463257,2.265000104904175,575.0
2025-06-26 15:25:00,GSAT,,23.479999542236328,23.479999542236328,23.450000762939453,23.450000762939453,1532.0
2025-06-26 15:25:00,GTE,,5.014999866485596,5.019999980926514,5.014999866485596,5.014999866485596,2341.0
2025-06-26 15:25:00,IBO,,0.9587990045547485,0.9587990045547485,0.9404000043869019,0.9404000043869019,2004.0
2025-06-26 15:25:00,IDR,,13.239999771118164,13.270000457763672,13.234999656677246,13.243300437927246,2440.0
2025-06-26 15:25:00,IMO,,81.19999694824219,81.19999694824219,81.19999694824219,81.19999694824219,521.0
2025-06-26 15:25:00,INDO,,3.0211000442504883,3.0299999713897705,3.02020001411438,3.022700071334839,6519.0
2025-06-26 15:25:00,ITRG,,1.5299999713897705,1.5299999713897705,1.5299999713897705,1.5299999713897705,2106.0
2025-06-26 15:25:00,KNW,,1.9249999523162842,1.9249999523162842,1.9199999570846558,1.9249999523162842,1099.0
2025-06-26 15:25:00,KULR,,5.156700134277344,5.159900188446045,5.15500020980835,5.15500020980835,3498.0
2025-06-26 15:25:00,LCTX,,0.9987000226974487,0.9988999962806702,0.9930999875068665,0.9988999962806702,5951.0
2025-06-26 15:25:00,LEU,,172.92999267578125,172.92999267578125,172.58999633789062,172.6699981689453,1979.0
2025-06-26 15:25:00,LMND,,42.86000061035156,42.86000061035156,42.83000183105469,42.83000183105469,1137.0
2025-06-26 15:25:00,LNG,,241.9875030517578,241.9875030517578,241.9199981689453,241.93499755859375,1804.0
2025-06-26 15:25:00,LSF,,6.239999771118164,6.239999771118164,6.239999771118164,6.239999771118164,115.0
2025-06-26 15:25:00,MAG,,21.364999771118164,21.364999771118164,21.364999771118164,21.364999771118164,403.0
2025-06-26 15:25:00,MTA,,3.924999952316284,3.924999952316284,3.924999952316284,3.924999952316284,741.0
2025-06-26 15:25:00,MYO,,2.240000009536743,2.240000009536743,2.2274999618530273,2.240000009536743,2926.0
2025-06-26 15:25:00,NG,,4.090000152587891,4.090000152587891,4.084000110626221,4.085000038146973,16192.0
2025-06-26 15:25:00,NGD,,4.90500020980835,4.9096999168396,4.900000095367432,4.900000095367432,11645.0
2025-06-26 15:25:00,NHS,,7.494999885559082,7.494999885559082,7.494999885559082,7.494999885559082,2366.0
2025-06-26 15:25:00,NNVC,,1.2283999919891357,1.2283999919891357,1.2283999919891357,1.2283999919891357,100.0
2025-06-26 15:25:00,OPTT,,0.5206999778747559,0.5220000147819519,0.5195000171661377,0.5206999778747559,1776.0
2025-06-26 15:25:00,ORLA,,9.920000076293945,9.925000190734863,9.920000076293945,9.925000190734863,1410.0
2025-06-26 15:25:00,OSTX,,1.8600000143051147,1.8600000143051147,1.8600000143051147,1.8600000143051147,737.0
2025-06-26 15:25:00,PLAG,,0.8799999952316284,0.8799999952316284,0.8799999952316284,0.8799999952316284,141.0
2025-06-26 15:25:00,PLG,,1.649999976158142,1.6516000032424927,1.649999976158142,1.6506999731063843,2325.0
2025-06-26 15:25:00,REI,,0.770550012588501,0.7710000276565552,0.7699999809265137,0.7706000208854675,20701.0
2025-06-26 15:25:00,REPX,,26.68000030517578,26.68000030517578,26.68000030517578,26.68000030517578,202.0
2025-06-26 15:25:00,RLGT,,6.070000171661377,6.070000171661377,6.065000057220459,6.065000057220459,367.0
2025-06-26 15:25:00,SATX,,2.9600000381469727,2.9600000381469727,2.9600000381469727,2.9600000381469727,282.0
2025-06-26 15:25:00,SBEV,,4.049699783325195,4.049699783325195,3.94950008392334,3.94950008392334,2247.0
2025-06-26 15:25:00,SEB,,2952.409912109375,2957.030029296875,2946.27001953125,2956.9599609375,85.0
2025-06-26 15:25:00,SENS,,0.5015000104904175,0.5016000270843506,0.5015000104904175,0.5016000270843506,340.0
2025-06-26 15:25:00,SGN,,1.1399999856948853,1.1449999809265137,1.1399999856948853,1.1449999809265137,5100.0
2025-06-26 15:25:00,SIF,,3.419300079345703,3.419300079345703,3.419300079345703,3.419300079345703,206.0
2025-06-26 15:25:00,SKYH,,9.630000114440918,9.640000343322754,9.630000114440918,9.640000343322754,1372.0
2025-06-26 15:25:00,SLI,,1.9249999523162842,1.9299999475479126,1.9199999570846558,1.9249999523162842,9350.0
2025-06-26 15:25:00,SVM,,4.190000057220459,4.190000057220459,4.190000057220459,4.190000057220459,972.0
2025-06-26 15:25:00,TGB,,3.1301000118255615,3.134999990463257,3.130000114440918,3.1347999572753906,9666.0
2025-06-26 15:25:00,THM,,0.8723000288009644,0.8723000288009644,0.8723000288009644,0.8723000288009644,200.0
2025-06-26 15:25:00,UAMY,,2.674999952316284,2.680000066757202,2.674999952316284,2.674999952316284,3463.0
2025-06-26 15:25:00,UAVS,,1.1399999856948853,1.1399999856948853,1.1394000053405762,1.1394000053405762,3121.0
2025-06-26 15:25:00,UEC,,6.994999885559082,7.0,6.989999771118164,6.994999885559082,25577.0
2025-06-26 15:25:00,URG,,1.0399999618530273,1.0399999618530273,1.034999966621399,1.0399999618530273,1227.0
2025-06-26 15:25:00,USAS,,0.8349000215530396,0.8349999785423279,0.8335999846458435,0.8349000215530396,4339.0
2025-06-26 15:25:00,UTG,,35.529998779296875,35.529998779296875,35.529998779296875,35.529998779296875,171.0
2025-06-26 15:25:00,UUUU,,5.84499979019165,5.849999904632568,5.840000152587891,5.84499979019165,8809.0
2025-06-26 15:25:00,VZLA,,2.9749999046325684,2.9749999046325684,2.9735000133514404,2.9749999046325684,906.0
2025-06-26 15:25:00,WRN,,1.2300000190734863,1.2345999479293823,1.2300000190734863,1.2345999479293823,785.0
2025-06-26 15:26:00,ACU,,40.349998474121094,40.349998474121094,40.349998474121094,40.349998474121094,322.0
2025-06-26 15:26:00,AEON,,0.7533810138702393,0.7563999891281128,0.7533810138702393,0.7563999891281128,1234.0
2025-06-26 15:26:00,AREN,,6.190000057220459,6.190000057220459,6.144999980926514,6.144999980926514,459.0
2025-06-26 15:26:00,ARMN,,6.795000076293945,6.799900054931641,6.795000076293945,6.795000076293945,4491.0
2025-06-26 15:26:00,ASM,,3.549999952316284,3.549999952316284,3.543299913406372,3.5450000762939453,2873.0
2025-06-26 15:26:00,ATNM,,1.5850000381469727,1.5850000381469727,1.5850000381469727,1.5850000381469727,238.0
2025-06-26 15:26:00,BATL,,1.4800000190734863,1.4800000190734863,1.4800000190734863,1.4800000190734863,270.0
2025-06-26 15:26:00,BEEP,,4.195000171661377,4.195000171661377,4.195000171661377,4.195000171661377,1835.0
2025-06-26 15:26:00,BKTI,,55.410400390625,55.75,55.410400390625,55.75,3265.0
2025-06-26 15:26:00,BRBS,,3.305000066757202,3.309999942779541,3.305000066757202,3.309999942779541,4933.0
2025-06-26 15:26:00,BTG,,3.615000009536743,3.619999885559082,3.609999895095825,3.619999885559082,309347.0
2025-06-26 15:26:00,BURU,,0.33149999380111694,0.33149999380111694,0.33149999380111694,0.33149999380111694,1207.0
2025-06-26 15:26:00,CATX,,3.640000104904175,3.6500000953674316,3.640000104904175,3.6500000953674316,2294.0
2025-06-26 15:26:00,CBOE,,226.2449951171875,226.2449951171875,226.22999572753906,226.22999572753906,695.0
2025-06-26 15:26:00,CEF,,30.374799728393555,30.375,30.374799728393555,30.375,2127.0
2025-06-26 15:26:00,CLM,,7.945000171661377,7.949999809265137,7.940000057220459,7.945000171661377,5255.0
2025-06-26 15:26:00,CMT,,17.125,17.125,17.125,17.125,420.0
2025-06-26 15:26:00,CQP,,56.209999084472656,56.209999084472656,56.209999084472656,56.209999084472656,200.0
2025-06-26 15:26:00,CRF,,7.570000171661377,7.570000171661377,7.570000171661377,7.570000171661377,1013.0
2025-06-26 15:26:00,CTM,,1.0549999475479126,1.0549999475479126,1.0549999475479126,1.0549999475479126,2608.0
2025-06-26 15:26:00,CVU,,3.5199999809265137,3.5199999809265137,3.4112000465393066,3.4112000465393066,423.0
2025-06-26 15:26:00,CYBN,,8.539999961853027,8.539999961853027,8.53499984741211,8.53499984741211,255.0
2025-06-26 15:26:00,DC,,3.809999942779541,3.815000057220459,3.809999942779541,3.809999942779541,34880.0
2025-06-26 15:26:00,DNN,,1.840000033378601,1.840000033378601,1.8300000429153442,1.840000033378601,2459176.0
2025-06-26 15:26:00,DSS,,0.9205999970436096,0.9205999970436096,0.9205999970436096,0.9205999970436096,35400.0
2025-06-26 15:26:00,EAD,,6.974999904632568,6.974999904632568,6.974999904632568,6.974999904632568,371.0
2025-06-26 15:26:00,ELA,,5.902500152587891,5.90500020980835,5.902500152587891,5.90500020980835,556.0
2025-06-26 15:26:00,EMX,,2.5566999912261963,2.5566999912261963,2.5566999912261963,2.5566999912261963,202.0
2025-06-26 15:26:00,EPM,,4.760000228881836,4.760000228881836,4.760000228881836,4.760000228881836,100.0
2025-06-26 15:26:00,EQX,,5.880000114440918,5.889900207519531,5.880000114440918,5.885000228881836,77268.0
2025-06-26 15:26:00,ESP,,45.20589828491211,45.20589828491211,45.20589828491211,45.20589828491211,304.0
2025-06-26 15:26:00,EVM,,8.84000015258789,8.84000015258789,8.84000015258789,8.84000015258789,100.0
2025-06-26 15:26:00,EVV,,10.18019962310791,10.18019962310791,10.18019962310791,10.18019962310791,2001.0
2025-06-26 15:26:00,FOXO,,0.20080000162124634,0.20080000162124634,0.20080000162124634,0.20080000162124634,5260.0
2025-06-26 15:26:00,FRD,,16.5,16.5,16.5,16.5,551.0
2025-06-26 15:26:00,FSP,,1.684999942779541,1.684999942779541,1.684999942779541,1.684999942779541,309.0
2025-06-26 15:26:00,GAU,,1.2812999486923218,1.2812999486923218,1.2799999713897705,1.2799999713897705,793.0
2025-06-26 15:26:00,GENC,,14.725000381469727,14.725000381469727,14.725000381469727,14.725000381469727,103.0
2025-06-26 15:26:00,GGN,,4.385000228881836,4.385000228881836,4.385000228881836,4.385000228881836,105.0
2025-06-26 15:26:00,GLQ,,6.958799839019775,6.958799839019775,6.958799839019775,6.958799839019775,254.0
2025-06-26 15:26:00,GLV,,5.619999885559082,5.619999885559082,5.619999885559082,5.619999885559082,100.0
2025-06-26 15:26:00,GNS,,1.17330002784729,1.2100000381469727,1.1699999570846558,1.2010999917984009,110997.0
2025-06-26 15:26:00,GORO,,0.5389999747276306,0.5389999747276306,0.5389999747276306,0.5389999747276306,103.0
2025-06-26 15:26:00,GROY,,2.265000104904175,2.265000104904175,2.259999990463257,2.265000104904175,681.0
2025-06-26 15:26:00,GSAT,,23.469999313354492,23.469999313354492,23.469999313354492,23.469999313354492,603.0
2025-06-26 15:26:00,HUSA,,12.800000190734863,12.800000190734863,12.649999618530273,12.649999618530273,481.0
2025-06-26 15:26:00,IBO,,0.9404000043869019,0.9404000043869019,0.9404000043869019,0.9404000043869019,103.0
2025-06-26 15:26:00,IDR,,13.239999771118164,13.25,13.239999771118164,13.239999771118164,2032.0
2025-06-26 15:26:00,IE,,9.720000267028809,9.739999771118164,9.720000267028809,9.739999771118164,5694.0
2025-06-26 15:26:00,IMO,,81.18000030517578,81.19000244140625,81.18000030517578,81.19000244140625,702.0
2025-06-26 15:26:00,INFU,,6.414999961853027,6.414999961853027,6.414999961853027,6.414999961853027,2350.0
2025-06-26 15:26:00,KNW,,1.9199999570846558,1.9199999570846558,1.9199999570846558,1.9199999570846558,925.0
2025-06-26 15:26:00,KULR,,5.159900188446045,5.159999847412109,5.15500020980835,5.158999919891357,6809.0
2025-06-26 15:26:00,LCTX,,0.9988999962806702,0.9988999962806702,0.9986500144004822,0.9987000226974487,12238.0
2025-06-26 15:26:00,LEU,,173.22500610351562,173.22500610351562,172.80499267578125,173.22500610351562,2242.0
2025-06-26 15:26:00,LMND,,42.92499923706055,42.937801361083984,42.86000061035156,42.86000061035156,4059.0
2025-06-26 15:26:00,LNG,,241.83999633789062,241.9375,241.82000732421875,241.9375,4535.0
2025-06-26 15:26:00,MAG,,21.3700008392334,21.3799991607666,21.364999771118164,21.364999771118164,3690.0
2025-06-26 15:26:00,MAIA,,1.7092000246047974,1.7092000246047974,1.7092000246047974,1.7092000246047974,514.0
2025-06-26 15:26:00,MPTI,,41.06999969482422,41.14500045776367,41.0,41.14500045776367,1387.0
2025-06-26 15:26:00,MPU,,0.9503999948501587,0.9503999948501587,0.949999988079071,0.949999988079071,3072.0
2025-06-26 15:26:00,MTA,,3.9200000762939453,3.9200000762939453,3.9200000762939453,3.9200000762939453,2413.0
2025-06-26 15:26:00,NAK,,1.559000015258789,1.559000015258789,1.5577360391616821,1.5577360391616821,289.0
2025-06-26 15:26:00,NCL,,0.17980000376701355,0.17980000376701355,0.17900000512599945,0.17900000512599945,5106.0
2025-06-26 15:26:00,NG,,4.085000038146973,4.085000038146973,4.085000038146973,4.085000038146973,3673.0
2025-06-26 15:26:00,NGD,,4.90500020980835,4.90500020980835,4.900000095367432,4.90500020980835,6128.0
2025-06-26 15:26:00,NHS,,7.498000144958496,7.498000144958496,7.498000144958496,7.498000144958496,285.0
2025-06-26 15:26:00,NML,,8.829999923706055,8.829999923706055,8.829999923706055,8.829999923706055,115.0
2025-06-26 15:26:00,NNVC,,1.2209999561309814,1.2209999561309814,1.2209999561309814,1.2209999561309814,202.0
2025-06-26 15:26:00,NRO,,3.184999942779541,3.184999942779541,3.184999942779541,3.184999942779541,114.0
2025-06-26 15:26:00,NRXS,,2.5799999237060547,2.5799999237060547,2.5799999237060547,2.5799999237060547,150.0
2025-06-26 15:26:00,OBE,,5.486995220184326,5.486995220184326,5.486995220184326,5.486995220184326,100.0
2025-06-26 15:26:00,OPTT,,0.5210999846458435,0.5220000147819519,0.5206999778747559,0.5206999778747559,15609.0
2025-06-26 15:26:00,ORLA,,9.929900169372559,9.929900169372559,9.929900169372559,9.929900169372559,519.0
2025-06-26 15:26:00,PLG,,1.649999976158142,1.6598999500274658,1.649999976158142,1.6509000062942505,3136.0
2025-06-26 15:26:00,PLMR,,153.10000610351562,153.19000244140625,153.10000610351562,153.19000244140625,1271.0
2025-06-26 15:26:00,PLX,,1.4850000143051147,1.4850000143051147,1.4850000143051147,1.4850000143051147,700.0
2025-06-26 15:26:00,REI,,0.7706000208854675,0.7706000208854675,0.7700999975204468,0.770550012588501,1504.0
2025-06-26 15:26:00,REPX,,26.709999084472656,26.709999084472656,26.709999084472656,26.709999084472656,1168.0
2025-06-26 15:26:00,RLGT,,6.070000171661377,6.070000171661377,6.070000171661377,6.070000171661377,104.0
2025-06-26 15:26:00,SBEV,,3.9700000286102295,3.9700000286102295,3.9700000286102295,3.9700000286102295,242.0
2025-06-26 15:26:00,SEB,,2945.46142578125,2952.409912109375,2945.46142578125,2952.409912109375,3.0
2025-06-26 15:26:00,SENS,,0.5013999938964844,0.5015000104904175,0.5013999938964844,0.5015000104904175,15119.0
2025-06-26 15:26:00,SGN,,1.1403000354766846,1.1403000354766846,1.1403000354766846,1.1403000354766846,296.0
2025-06-26 15:26:00,SKYH,,9.630000114440918,9.630000114440918,9.630000114440918,9.630000114440918,298.0
2025-06-26 15:26:00,SLI,,1.9249999523162842,1.9249999523162842,1.9249999523162842,1.9249999523162842,261.0
2025-06-26 15:26:00,SLND,,3.9000000953674316,3.9000000953674316,3.9000000953674316,3.9000000953674316,301.0
2025-06-26 15:26:00,SOAR,,1.3799999952316284,1.3799999952316284,1.3799999952316284,1.3799999952316284,1608.0
2025-06-26 15:26:00,STXS,,2.194999933242798,2.2100000381469727,2.194999933242798,2.2100000381469727,4273.0
2025-06-26 15:26:00,TGB,,3.134999990463257,3.134999990463257,3.134999990463257,3.134999990463257,2832.0
2025-06-26 15:26:00,THM,,0.8652999997138977,0.8652999997138977,0.8652999997138977,0.8652999997138977,100.0
2025-06-26 15:26:00,TMP,,63.349998474121094,63.349998474121094,63.349998474121094,63.349998474121094,501.0
2025-06-26 15:26:00,TPET,,1.1848000288009644,1.184999942779541,1.1848000288009644,1.184999942779541,935.0
2025-06-26 15:26:00,UAMY,,2.674999952316284,2.680000066757202,2.670099973678589,2.674999952316284,5587.0
2025-06-26 15:26:00,UEC,,6.994999885559082,7.009900093078613,6.989999771118164,6.994999885559082,105579.0
2025-06-26 15:26:00,URG,,1.0399999618530273,1.0399999618530273,1.034999966621399,1.034999966621399,18024.0
2025-06-26 15:26:00,USAS,,0.8378999829292297,0.8378999829292297,0.829200029373169,0.8341000080108643,12520.0
2025-06-26 15:26:00,UUUU,,5.840000152587891,5.849999904632568,5.840000152587891,5.84499979019165,6535.0
2025-06-26 15:26:00,VNRX,,0.8449000120162964,0.8449000120162964,0.8449000120162964,0.8449000120162964,500.0
2025-06-26 15:26:00,VTAK,,0.25,0.25029999017715454,0.25,0.25,1406416.0
2025-06-26 15:26:00,VZLA,,2.9749999046325684,2.9749999046325684,2.9749999046325684,2.9749999046325684,14780.0
2025-06-26 15:27:00,ACU,,40.439998626708984,40.439998626708984,40.439998626708984,40.439998626708984,224.0
2025-06-26 15:27:00,AEON,,0.7562999725341797,0.7562999725341797,0.7562999725341797,0.7562999725341797,182.0
2025-06-26 15:27:00,APT,,4.690000057220459,4.690000057220459,4.690000057220459,4.690000057220459,100.0
2025-06-26 15:27:00,ARMN,,6.800000190734863,6.800000190734863,6.795000076293945,6.795000076293945,577.0
2025-06-26 15:27:00,ASM,,3.555000066757202,3.565000057220459,3.549999952316284,3.549999952316284,48319.0
2025-06-26 15:27:00,ATNM,,1.5850000381469727,1.590000033378601,1.5850000381469727,1.5850000381469727,11699.0
2025-06-26 15:27:00,AUST,,1.3200000524520874,1.3200000524520874,1.3200000524520874,1.3200000524520874,207.0
2025-06-26 15:27:00,BKTI,,55.400001525878906,55.58000183105469,55.400001525878906,55.58000183105469,1375.0
2025-06-26 15:27:00,BRBS,,3.305000066757202,3.305000066757202,3.305000066757202,3.305000066757202,1618.0
2025-06-26 15:27:00,BTG,,3.6198999881744385,3.619999885559082,3.609999895095825,3.609999895095825,645234.0
2025-06-26 15:27:00,BURU,,0.33364999294281006,0.33364999294281006,0.33364999294281006,0.33364999294281006,154.0
2025-06-26 15:27:00,CATX,,3.634999990463257,3.640000104904175,3.634999990463257,3.640000104904175,2264.0
2025-06-26 15:27:00,CBOE,,226.14999389648438,226.3300018310547,226.14999389648438,226.2449951171875,6000.0
2025-06-26 15:27:00,CEF,,30.375,30.375,30.375,30.375,1700.0
2025-06-26 15:27:00,CIK,,2.934999942779541,2.934999942779541,2.934999942779541,2.934999942779541,500.0
2025-06-26 15:27:00,CLM,,7.945000171661377,7.945000171661377,7.940000057220459,7.940000057220459,643.0
2025-06-26 15:27:00,CQP,,56.209999084472656,56.209999084472656,56.209999084472656,56.209999084472656,601.0
2025-06-26 15:27:00,CRF,,7.560100078582764,7.560100078582764,7.560100078582764,7.560100078582764,109.0
2025-06-26 15:27:00,CTM,,1.0549999475479126,1.059999942779541,1.0549999475479126,1.0549999475479126,894.0
2025-06-26 15:27:00,CYBN,,8.550000190734863,8.550000190734863,8.550000190734863,8.550000190734863,117.0
2025-06-26 15:27:00,DC,,3.809999942779541,3.815000057220459,3.809999942779541,3.809999942779541,9084.0
2025-06-26 15:27:00,DDC,,9.899999618530273,9.949999809265137,9.899999618530273,9.949999809265137,500.0
2025-06-26 15:27:00,DNN,,1.8300000429153442,1.840000033378601,1.8300000429153442,1.8350000381469727,223375.0
2025-06-26 15:27:00,EMX,,2.555000066757202,2.555000066757202,2.555000066757202,2.555000066757202,100.0
2025-06-26 15:27:00,ENSV,,0.01810000091791153,0.01810000091791153,0.01810000091791153,0.01810000091791153,4.0
2025-06-26 15:27:00,EPM,,4.760000228881836,4.760000228881836,4.760000228881836,4.760000228881836,100.0
2025-06-26 15:27:00,EQX,,5.885000228881836,5.885000228881836,5.880000114440918,5.880000114440918,14209.0
2025-06-26 15:27:00,EVM,,8.84000015258789,8.84000015258789,8.84000015258789,8.84000015258789,100.0
2025-06-26 15:27:00,FOXO,,0.20069999992847443,0.20080000162124634,0.20069999992847443,0.20080000162124634,8176.0
2025-06-26 15:27:00,FRD,,16.459999084472656,16.459999084472656,16.459999084472656,16.459999084472656,2340.0
2025-06-26 15:27:00,FURY,,0.49799999594688416,0.49880000948905945,0.4925999939441681,0.49880000948905945,5368.0
2025-06-26 15:27:00,GAU,,1.284999966621399,1.284999966621399,1.284999966621399,1.284999966621399,126.0
2025-06-26 15:27:00,GNS,,1.149999976158142,1.190000057220459,1.1200000047683716,1.1786999702453613,253730.0
2025-06-26 15:27:00,GORO,,0.5390999913215637,0.5390999913215637,0.5390999913215637,0.5390999913215637,200.0
2025-06-26 15:27:00,GROY,,2.265000104904175,2.2699999809265137,2.265000104904175,2.265000104904175,787.0
2025-06-26 15:27:00,GSAT,,23.489999771118164,23.489999771118164,23.489999771118164,23.489999771118164,2032.0
2025-06-26 15:27:00,IBO,,0.9452999830245972,0.9452999830245972,0.9404000043869019,0.9404000043869019,1565.0
2025-06-26 15:27:00,IDR,,13.270000457763672,13.270000457763672,13.25,13.25,2133.0
2025-06-26 15:27:00,IE,,9.729999542236328,9.729999542236328,9.729999542236328,9.729999542236328,513.0
2025-06-26 15:27:00,IMO,,81.19000244140625,81.19000244140625,81.19000244140625,81.19000244140625,246.0
2025-06-26 15:27:00,INDO,,3.0250000953674316,3.029900074005127,3.020699977874756,3.029900074005127,5420.0
2025-06-26 15:27:00,ITRG,,1.534999966621399,1.534999966621399,1.534999966621399,1.534999966621399,450.0
2025-06-26 15:27:00,JOB,,0.20000000298023224,0.20000000298023224,0.20000000298023224,0.20000000298023224,1077.0
2025-06-26 15:27:00,KNW,,1.9199999570846558,1.9249999523162842,1.9199999570846558,1.9249999523162842,761.0
2025-06-26 15:27:00,KULR,,5.15500020980835,5.15749979019165,5.151500225067139,5.156700134277344,3557.0
2025-06-26 15:27:00,LCTX,,0.9933000206947327,0.9991000294685364,0.987500011920929,0.9991000294685364,124374.0
2025-06-26 15:27:00,LEU,,173.39999389648438,173.39999389648438,173.0800018310547,173.0800018310547,4053.0
2025-06-26 15:27:00,LMND,,42.90999984741211,42.91999816894531,42.90999984741211,42.91999816894531,960.0
2025-06-26 15:27:00,LNG,,241.9199981689453,241.97000122070312,241.88499450683594,241.9467010498047,2974.0
2025-06-26 15:27:00,MAG,,21.385000228881836,21.385000228881836,21.375,21.375,4552.0
2025-06-26 15:27:00,MTA,,3.924999952316284,3.924999952316284,3.924999952316284,3.924999952316284,278.0
2025-06-26 15:27:00,MYO,,2.234999895095825,2.234999895095825,2.234999895095825,2.234999895095825,652.0
2025-06-26 15:27:00,NAK,,1.559000015258789,1.559000015258789,1.559000015258789,1.559000015258789,1090.0
2025-06-26 15:27:00,NBH,,9.800000190734863,9.800000190734863,9.800000190734863,9.800000190734863,200.0
2025-06-26 15:27:00,NG,,4.090000152587891,4.090000152587891,4.079999923706055,4.085000038146973,53046.0
2025-06-26 15:27:00,NGD,,4.90500020980835,4.905200004577637,4.900000095367432,4.90500020980835,4918.0
2025-06-26 15:27:00,NHS,,7.494999885559082,7.494999885559082,7.494999885559082,7.494999885559082,100.0
2025-06-26 15:27:00,OGEN,,3.5399999618530273,3.5399999618530273,3.5336999893188477,3.5336999893188477,1424.0
2025-06-26 15:27:00,OPTT,,0.5212000012397766,0.5212000012397766,0.5212000012397766,0.5212000012397766,1010.0
2025-06-26 15:27:00,ORLA,,9.925000190734863,9.930000305175781,9.920000076293945,9.930000305175781,4323.0
2025-06-26 15:27:00,PLX,,1.4850000143051147,1.4890999794006348,1.4800000190734863,1.4890999794006348,1214.0
2025-06-26 15:27:00,PRK,,166.8300018310547,166.8300018310547,166.8300018310547,166.8300018310547,429.0
2025-06-26 15:27:00,REI,,0.770550012588501,0.7705510258674622,0.7700999975204468,0.7700999975204468,2983.0
2025-06-26 15:27:00,RLGT,,6.065000057220459,6.065000057220459,6.065000057220459,6.065000057220459,272.0
2025-06-26 15:27:00,SACH,,1.0950000286102295,1.0950000286102295,1.0950000286102295,1.0950000286102295,1108.0
2025-06-26 15:27:00,SATX,,2.9600000381469727,2.9600000381469727,2.9600000381469727,2.9600000381469727,300.0
2025-06-26 15:27:00,SBEV,,3.9769999980926514,3.9769999980926514,3.9769999980926514,3.9769999980926514,343.0
2025-06-26 15:27:00,SENS,,0.5013499855995178,0.5013999938964844,0.5013499855995178,0.5013899803161621,600.0
2025-06-26 15:27:00,SKYH,,9.628199577331543,9.628199577331543,9.628199577331543,9.628199577331543,1276.0
2025-06-26 15:27:00,SLI,,1.9249999523162842,1.9249999523162842,1.9249999523162842,1.9249999523162842,646.0
2025-06-26 15:27:00,SLND,,3.9000000953674316,3.9000000953674316,3.9000000953674316,3.9000000953674316,641.0
2025-06-26 15:27:00,SVM,,4.190000057220459,4.190000057220459,4.184999942779541,4.184999942779541,1162.0
2025-06-26 15:27:00,TGB,,3.1396000385284424,3.1396000385284424,3.134999990463257,3.1354000568389893,2814.0
2025-06-26 15:27:00,THM,,0.8651000261306763,0.8838000297546387,0.8651000261306763,0.8838000297546387,6000.0
2025-06-26 15:27:00,TPET,,1.190000057220459,1.190000057220459,1.1892999410629272,1.1892999410629272,1111.0
2025-06-26 15:27:00,UAMY,,2.674999952316284,2.680000066757202,2.674999952316284,2.674999952316284,1526.0
2025-06-26 15:27:00,UAVS,,1.1410000324249268,1.1449999809265137,1.1399999856948853,1.1399999856948853,13527.0
2025-06-26 15:27:00,UEC,,7.0,7.0,6.989999771118164,6.994999885559082,10523.0
2025-06-26 15:27:00,URG,,1.0399999618530273,1.0399999618530273,1.0399999618530273,1.0399999618530273,1481.0
2025-06-26 15:27:00,USAS,,0.8208000063896179,0.8208000063896179,0.8208000063896179,0.8208000063896179,123.0
2025-06-26 15:27:00,UTG,,35.548500061035156,35.548500061035156,35.525299072265625,35.525299072265625,1135.0
2025-06-26 15:27:00,UUU,,3.030100107192993,3.030100107192993,3.0299999713897705,3.0299999713897705,15768.0
2025-06-26 15:27:00,UUUU,,5.84499979019165,5.84499979019165,5.841000080108643,5.842899799346924,916.0
2025-06-26 15:27:00,VGZ,,1.0269999504089355,1.0269999504089355,1.0269999504089355,1.0269999504089355,3001.0
2025-06-26 15:27:00,VNRX,,0.8449000120162964,0.8449000120162964,0.8449000120162964,0.8449000120162964,440.0
2025-06-26 15:27:00,VZLA,,2.9749999046325684,2.9749999046325684,2.9749999046325684,2.9749999046325684,552.0
2025-06-26 15:28:00,APT,,4.710000038146973,4.710000038146973,4.710000038146973,4.710000038146973,276.0
2025-06-26 15:28:00,AREN,,6.144999980926514,6.190000057220459,6.144999980926514,6.190000057220459,249.0
2025-06-26 15:28:00,ARMN,,6.795000076293945,6.795000076293945,6.789999961853027,6.795000076293945,987.0
2025-06-26 15:28:00,ASM,,3.555000066757202,3.555000066757202,3.5548999309539795,3.555000066757202,3169.0
2025-06-26 15:28:00,ATNM,,1.5950000286102295,1.5950000286102295,1.5950000286102295,1.5950000286102295,350.0
2025-06-26 15:28:00,BKTI,,54.599998474121094,55.68870162963867,54.599998474121094,55.68870162963867,1072.0
2025-06-26 15:28:00,BQ,,2.0899999141693115,2.0899999141693115,2.0899999141693115,2.0899999141693115,112713.0
2025-06-26 15:28:00,BRBS,,3.305000066757202,3.305000066757202,3.305000066757202,3.305000066757202,456.0
2025-06-26 15:28:00,BTG,,3.619999885559082,3.630000114440918,3.6145999431610107,3.619999885559082,1192174.0
2025-06-26 15:28:00,BURU,,0.33160001039505005,0.33160001039505005,0.33160001039505005,0.33160001039505005,6409.0
2025-06-26 15:28:00,CATX,,3.634999990463257,3.634999990463257,3.630000114440918,3.630000114440918,2272.0
2025-06-26 15:28:00,CEF,,30.3799991607666,30.3799991607666,30.375,30.375,2400.0
2025-06-26 15:28:00,CLM,,7.945000171661377,7.949999809265137,7.945000171661377,7.949999809265137,1716.0
2025-06-26 15:28:00,CMCL,,19.18000030517578,19.18000030517578,19.18000030517578,19.18000030517578,205.0
2025-06-26 15:28:00,CQP,,56.209999084472656,56.209999084472656,56.14500045776367,56.209999084472656,600.0
2025-06-26 15:28:00,CRF,,7.554999828338623,7.559999942779541,7.554999828338623,7.559999942779541,2453.0
2025-06-26 15:28:00,CTM,,1.0549999475479126,1.0549999475479126,1.0549999475479126,1.0549999475479126,102.0
2025-06-26 15:28:00,CYBN,,8.550000190734863,8.550000190734863,8.550000190734863,8.550000190734863,1086.0
2025-06-26 15:28:00,DC,,3.809999942779541,3.809999942779541,3.809999942779541,3.809999942779541,476.0
2025-06-26 15:28:00,DNN,,1.839900016784668,1.840000033378601,1.8300000429153442,1.840000033378601,244318.0
2025-06-26 15:28:00,EPM,,4.760000228881836,4.760000228881836,4.760000228881836,4.760000228881836,200.0
2025-06-26 15:28:00,EQX,,5.885000228881836,5.885000228881836,5.880000114440918,5.880000114440918,6164.0
2025-06-26 15:28:00,ERC,,9.420000076293945,9.420000076293945,9.420000076293945,9.420000076293945,1700.0
2025-06-26 15:28:00,EVM,,8.845000267028809,8.845000267028809,8.845000267028809,8.845000267028809,100.0
2025-06-26 15:28:00,EVV,,10.1850004196167,10.1850004196167,10.1850004196167,10.1850004196167,800.0
2025-06-26 15:28:00,FOXO,,0.20071400701999664,0.20071400701999664,0.20071400701999664,0.20071400701999664,523.0
2025-06-26 15:28:00,FSP,,1.684999942779541,1.690000057220459,1.684999942779541,1.690000057220459,278.0
2025-06-26 15:28:00,GAU,,1.2799999713897705,1.2799999713897705,1.2799999713897705,1.2799999713897705,171.0
2025-06-26 15:28:00,GLQ,,6.960000038146973,6.960000038146973,6.960000038146973,6.960000038146973,5680.0
2025-06-26 15:28:00,GLV,,5.619999885559082,5.619999885559082,5.619999885559082,5.619999885559082,100.0
2025-06-26 15:28:00,GNS,,1.1792999505996704,1.190000057220459,1.159999966621399,1.159999966621399,41447.0
2025-06-26 15:28:00,GORO,,0.5461999773979187,0.5461999773979187,0.5461999773979187,0.5461999773979187,200.0
2025-06-26 15:28:00,GROY,,2.265000104904175,2.265000104904175,2.2611000537872314,2.265000104904175,685.0
2025-06-26 15:28:00,HUSA,,12.725000381469727,12.725000381469727,12.65999984741211,12.65999984741211,1375.0
2025-06-26 15:28:00,IDR,,13.3149995803833,13.3149995803833,13.25,13.270000457763672,2179.0
2025-06-26 15:28:00,IE,,9.819999694824219,9.819999694824219,9.75,9.75,8906.0
2025-06-26 15:28:00,IGC,,0.3068999946117401,0.3068999946117401,0.3068999946117401,0.3068999946117401,162.0
2025-06-26 15:28:00,IMO,,81.22000122070312,81.22000122070312,81.22000122070312,81.22000122070312,789.0
2025-06-26 15:28:00,INDO,,3.0350000858306885,3.0350000858306885,3.020699977874756,3.0250000953674316,8414.0
2025-06-26 15:28:00,INUV,,3.930000066757202,3.930000066757202,3.930000066757202,3.930000066757202,286.0
2025-06-26 15:28:00,ITP,,0.18440000712871552,0.18440000712871552,0.18440000712871552,0.18440000712871552,4000.0
2025-06-26 15:28:00,KULR,,5.159900188446045,5.159900188446045,5.152699947357178,5.15500020980835,1935.0
2025-06-26 15:28:00,LCTX,,0.9933000206947327,0.9933000206947327,0.9933000206947327,0.9933000206947327,729.0
2025-06-26 15:28:00,LEU,,173.41000366210938,173.622802734375,173.21009826660156,173.5500030517578,2801.0
2025-06-26 15:28:00,LMND,,42.962799072265625,42.970001220703125,42.93000030517578,42.95500183105469,1960.0
2025-06-26 15:28:00,LNG,,241.97500610351562,242.02000427246094,241.97500610351562,242.02000427246094,1365.0
2025-06-26 15:28:00,MAG,,21.385000228881836,21.385000228881836,21.3799991607666,21.3799991607666,400.0
2025-06-26 15:28:00,MPTI,,41.0099983215332,41.0099983215332,41.0099983215332,41.0099983215332,227.0
2025-06-26 15:28:00,MTA,,3.9200000762939453,3.924999952316284,3.9200000762939453,3.924999952316284,974.0
2025-06-26 15:28:00,MYO,,2.240000009536743,2.240000009536743,2.23009991645813,2.234999895095825,873.0
2025-06-26 15:28:00,NAK,,1.559999942779541,1.559999942779541,1.5549999475479126,1.558899998664856,18561.0
2025-06-26 15:28:00,NCL,,0.17990000545978546,0.17990000545978546,0.17990000545978546,0.17990000545978546,100.0
2025-06-26 15:28:00,NG,,4.090000152587891,4.090000152587891,4.079999923706055,4.085000038146973,19153.0
2025-06-26 15:28:00,NGD,,4.90500020980835,4.909999847412109,4.904600143432617,4.90500020980835,32438.0
2025-06-26 15:28:00,OBE,,5.485000133514404,5.485000133514404,5.485000133514404,5.485000133514404,358.0
2025-06-26 15:28:00,OPTT,,0.5212000012397766,0.5212000012397766,0.5212000012397766,0.5212000012397766,100.0
2025-06-26 15:28:00,ORLA,,9.930000305175781,9.930000305175781,9.920000076293945,9.920000076293945,481.0
2025-06-26 15:28:00,PED,,0.6499999761581421,0.651199996471405,0.6499999761581421,0.651199996471405,3317.0
2025-06-26 15:28:00,PLG,,1.6549999713897705,1.659999966621399,1.6549999713897705,1.659999966621399,30502.0
2025-06-26 15:28:00,PLX,,1.4850000143051147,1.4850000143051147,1.4800000190734863,1.4850000143051147,586.0
2025-06-26 15:28:00,PZG,,0.6169999837875366,0.6171000003814697,0.6169999837875366,0.6171000003814697,600.0
2025-06-26 15:28:00,REI,,0.7699999809265137,0.770550012588501,0.7699999809265137,0.7700999975204468,4604.0
2025-06-26 15:28:00,RLGT,,6.059999942779541,6.065000057220459,6.059999942779541,6.065000057220459,1739.0
2025-06-26 15:28:00,SATX,,2.9600000381469727,2.9600000381469727,2.9600000381469727,2.9600000381469727,2880.0
2025-06-26 15:28:00,SEB,,2945.0,2948.0,2943.47509765625,2943.97509765625,6.0
2025-06-26 15:28:00,SENS,,0.5012999773025513,0.5013999938964844,0.5012999773025513,0.5012999773025513,7710.0
2025-06-26 15:28:00,SGN,,1.1399999856948853,1.1399999856948853,1.1399999856948853,1.1399999856948853,200.0
2025-06-26 15:28:00,SLI,,1.9249999523162842,1.9299999475479126,1.9249999523162842,1.9249999523162842,2664.0
2025-06-26 15:28:00,SVM,,4.190000057220459,4.190000057220459,4.190000057220459,4.190000057220459,512.0
2025-06-26 15:28:00,TGB,,3.1315999031066895,3.139899969100952,3.130000114440918,3.134999990463257,11615.0
2025-06-26 15:28:00,THM,,0.878000020980835,0.878000020980835,0.878000020980835,0.878000020980835,400.0
2025-06-26 15:28:00,TPET,,1.184999942779541,1.184999942779541,1.184999942779541,1.184999942779541,1078.0
2025-06-26 15:28:00,UAMY,,2.680000066757202,2.680000066757202,2.674999952316284,2.674999952316284,3320.0
2025-06-26 15:28:00,UAVS,,1.149999976158142,1.149999976158142,1.1449999809265137,1.1449999809265137,1436.0
2025-06-26 15:28:00,UEC,,7.007299900054932,7.010000228881836,6.989999771118164,6.99459981918335,32457.0
2025-06-26 15:28:00,URG,,1.0399999618530273,1.0399999618530273,1.034999966621399,1.0399999618530273,1540.0
2025-06-26 15:28:00,USAS,,0.8292499780654907,0.8292499780654907,0.8288999795913696,0.8292499780654907,400.0
2025-06-26 15:28:00,UUUU,,5.84499979019165,5.849999904632568,5.840000152587891,5.840000152587891,54832.0
2025-06-26 15:28:00,VNRX,,0.8449000120162964,0.8449000120162964,0.8449000120162964,0.8449000120162964,400.0
2025-06-26 15:28:00,VZLA,,2.97979998588562,2.97979998588562,2.9749999046325684,2.9749999046325684,7057.0
2025-06-26 15:28:00,WRN,,1.2347999811172485,1.2347999811172485,1.2347999811172485,1.2347999811172485,502.0
2025-06-26 15:28:00,WWR,,0.6003999710083008,0.6003999710083008,0.6003999710083008,0.6003999710083008,291.0
2025-06-26 15:28:00,WYY,,3.3450000286102295,3.3450000286102295,3.3450000286102295,3.3450000286102295,232.0
2025-06-26 15:29:00,AMS,,2.359999895095825,2.359999895095825,2.359999895095825,2.359999895095825,2001.0
2025-06-26 15:29:00,AREN,,6.239999771118164,6.239999771118164,6.179999828338623,6.190000057220459,8873.0
2025-06-26 15:29:00,ARMN,,6.795000076293945,6.800000190734863,6.795000076293945,6.800000190734863,3503.0
2025-06-26 15:29:00,ASM,,3.555000066757202,3.559999942779541,3.5541000366210938,3.5541000366210938,619.0
2025-06-26 15:29:00,ATNM,,1.5950000286102295,1.5950000286102295,1.5950000286102295,1.5950000286102295,300.0
2025-06-26 15:29:00,BATL,,1.4700000286102295,1.4701000452041626,1.4700000286102295,1.4701000452041626,1827.0
2025-06-26 15:29:00,BKTI,,55.67449951171875,55.67449951171875,55.67449951171875,55.67449951171875,380.0
2025-06-26 15:29:00,BRBS,,3.305000066757202,3.305000066757202,3.305000066757202,3.305000066757202,414.0
2025-06-26 15:29:00,BTG,,3.625,3.630000114440918,3.619999885559082,3.630000114440918,109635.0
2025-06-26 15:29:00,BURU,,0.33149999380111694,0.33149999380111694,0.33149999380111694,0.33149999380111694,1339.0
2025-06-26 15:29:00,CATX,,3.634999990463257,3.634999990463257,3.630000114440918,3.630000114440918,2731.0
2025-06-26 15:29:00,CBOE,,226.0399932861328,226.1981964111328,226.0399932861328,226.17999267578125,1675.0
2025-06-26 15:29:00,CEF,,30.385000228881836,30.385000228881836,30.385000228881836,30.385000228881836,1204.0
2025-06-26 15:29:00,CIK,,2.930000066757202,2.930000066757202,2.930000066757202,2.930000066757202,340.0
2025-06-26 15:29:00,CLDI,,0.22470000386238098,0.2290000021457672,0.22010000050067902,0.22470000386238098,96374.0
2025-06-26 15:29:00,CLM,,7.945000171661377,7.945000171661377,7.940000057220459,7.945000171661377,766.0
2025-06-26 15:29:00,CMCL,,19.219999313354492,19.219999313354492,19.219999313354492,19.219999313354492,423.0
2025-06-26 15:29:00,CPHI,,1.8200000524520874,1.822100043296814,1.8200000524520874,1.822100043296814,909.0
2025-06-26 15:29:00,CQP,,56.209999084472656,56.209999084472656,56.209999084472656,56.209999084472656,502.0
2025-06-26 15:29:00,CRF,,7.559899806976318,7.559899806976318,7.559899806976318,7.559899806976318,200.0
2025-06-26 15:29:00,CTGO,,20.8799991607666,20.915000915527344,20.8799991607666,20.915000915527344,827.0
2025-06-26 15:29:00,CTM,,1.059999942779541,1.059999942779541,1.059999942779541,1.059999942779541,100.0
2025-06-26 15:29:00,CYBN,,8.50059986114502,8.555000305175781,8.500100135803223,8.555000305175781,4567.0
2025-06-26 15:29:00,DC,,3.809999942779541,3.809999942779541,3.809999942779541,3.809999942779541,149.0
2025-06-26 15:29:00,DNN,,1.840000033378601,1.840000033378601,1.8300000429153442,1.840000033378601,90399.0
2025-06-26 15:29:00,DSS,,0.9252499938011169,0.9252499938011169,0.9252499938011169,0.9252499938011169,109.0
2025-06-26 15:29:00,ECF,,10.135000228881836,10.135000228881836,10.135000228881836,10.135000228881836,41132.0
2025-06-26 15:29:00,EIM,,9.560199737548828,9.5649995803833,9.560199737548828,9.5649995803833,5000.0
2025-06-26 15:29:00,ELMD,,21.450000762939453,21.4950008392334,21.450000762939453,21.450000762939453,2254.0
2025-06-26 15:29:00,EMX,,2.549999952316284,2.549999952316284,2.549999952316284,2.549999952316284,139.0
2025-06-26 15:29:00,EPM,,4.760000228881836,4.760000228881836,4.760000228881836,4.760000228881836,101.0
2025-06-26 15:29:00,EQX,,5.885000228881836,5.889999866485596,5.880000114440918,5.880000114440918,35790.0
2025-06-26 15:29:00,ERC,,9.439900398254395,9.439900398254395,9.439900398254395,9.439900398254395,1000.0
2025-06-26 15:29:00,EVM,,8.84000015258789,8.84000015258789,8.84000015258789,8.84000015258789,100.0
2025-06-26 15:29:00,GBR,,1.0993000268936157,1.0993000268936157,1.0993000268936157,1.0993000268936157,400.0
2025-06-26 15:29:00,GGN,,4.384500026702881,4.385000228881836,4.384500026702881,4.385000228881836,300.0
2025-06-26 15:29:00,GLDG,,0.7442499995231628,0.7448999881744385,0.7442499995231628,0.7448999881744385,1783.0
2025-06-26 15:29:00,GLO,,5.34499979019165,5.34499979019165,5.34499979019165,5.34499979019165,113.0
2025-06-26 15:29:00,GNS,,1.159999966621399,1.1799999475479126,1.1474000215530396,1.1766999959945679,72649.0
2025-06-26 15:29:00,GORO,,0.5399690270423889,0.5399690270423889,0.5399690270423889,0.5399690270423889,1436.0
2025-06-26 15:29:00,GROY,,2.2699999809265137,2.2699999809265137,2.259999990463257,2.259999990463257,717.0
2025-06-26 15:29:00,GTE,,5.010000228881836,5.010000228881836,5.010000228881836,5.010000228881836,1425.0
2025-06-26 15:29:00,HUSA,,12.729999542236328,12.729999542236328,12.729999542236328,12.729999542236328,327.0
2025-06-26 15:29:00,IBO,,0.9438999891281128,0.9438999891281128,0.940310001373291,0.940310001373291,2265.0
2025-06-26 15:29:00,IDR,,13.3149995803833,13.329999923706055,13.289999961853027,13.289999961853027,7595.0
2025-06-26 15:29:00,IE,,9.829999923706055,9.829999923706055,9.829999923706055,9.829999923706055,961.0
2025-06-26 15:29:00,IMO,,81.09500122070312,81.13999938964844,81.09500122070312,81.09500122070312,799.0
2025-06-26 15:29:00,INDO,,3.029400110244751,3.0378000736236572,3.0276999473571777,3.0350000858306885,3985.0
2025-06-26 15:29:00,ITP,,0.18554900586605072,0.18554900586605072,0.18379999697208405,0.18440000712871552,12794.0
2025-06-26 15:29:00,KNW,,1.8799999952316284,1.909999966621399,1.8799999952316284,1.909999966621399,13055.0
2025-06-26 15:29:00,KULR,,5.15500020980835,5.159900188446045,5.15500020980835,5.15500020980835,4860.0
2025-06-26 15:29:00,LCTX,,0.9945999979972839,0.9945999979972839,0.9933000206947327,0.9933000206947327,9242.0
2025-06-26 15:29:00,LEU,,174.0850067138672,174.0850067138672,173.22000122070312,173.41000366210938,2987.0
2025-06-26 15:29:00,LMND,,42.91999816894531,42.959999084472656,42.90999984741211,42.9375,5610.0
2025-06-26 15:29:00,LNG,,241.7949981689453,242.02000427246094,241.7949981689453,242.0,3827.0
2025-06-26 15:29:00,LODE,,3.734999895095825,3.734999895095825,3.734999895095825,3.734999895095825,1530.0
2025-06-26 15:29:00,MAG,,21.38990020751953,21.38990020751953,21.38990020751953,21.38990020751953,534.0
2025-06-26 15:29:00,MITQ,,0.660099983215332,0.660099983215332,0.660099983215332,0.660099983215332,330.0
2025-06-26 15:29:00,MYO,,2.240000009536743,2.240000009536743,2.23799991607666,2.23799991607666,906.0
2025-06-26 15:29:00,NAK,,1.5549999475479126,1.5549999475479126,1.5549999475479126,1.5549999475479126,349.0
2025-06-26 15:29:00,NCL,,0.18000000715255737,0.18000000715255737,0.18000000715255737,0.18000000715255737,1281.0
2025-06-26 15:29:00,NG,,4.085000038146973,4.090000152587891,4.079999923706055,4.085000038146973,3749.0
2025-06-26 15:29:00,NGD,,4.90500020980835,4.909999847412109,4.900000095367432,4.909999847412109,9458.0
2025-06-26 15:29:00,NHC,,107.98249816894531,108.08000183105469,107.8499984741211,107.86000061035156,1437.0
2025-06-26 15:29:00,NHS,,7.5,7.5,7.5,7.5,1200.0
2025-06-26 15:29:00,NML,,8.819999694824219,8.819999694824219,8.819999694824219,8.819999694824219,250.0
2025-06-26 15:29:00,OBE,,5.480000019073486,5.480000019073486,5.480000019073486,5.480000019073486,3426.0
2025-06-26 15:29:00,OPTT,,0.5210000276565552,0.5212000012397766,0.5205540060997009,0.5210000276565552,7392.0
2025-06-26 15:29:00,ORLA,,9.925000190734863,9.930000305175781,9.920000076293945,9.930000305175781,2007.0
2025-06-26 15:29:00,PLG,,1.6598000526428223,1.6598000526428223,1.649999976158142,1.656000018119812,5978.0
2025-06-26 15:29:00,PLX,,1.4850000143051147,1.4850000143051147,1.4800000190734863,1.4800000190734863,302.0
2025-06-26 15:29:00,PRK,,167.07000732421875,167.07000732421875,167.07000732421875,167.07000732421875,697.0
2025-06-26 15:29:00,REI,,0.7702999711036682,0.7705000042915344,0.7700999975204468,0.7705000042915344,4120.0
2025-06-26 15:29:00,SATX,,2.9600000381469727,2.9600000381469727,2.9600000381469727,2.9600000381469727,476.0
2025-06-26 15:29:00,SBEV,,3.990000009536743,3.990000009536743,3.900099992752075,3.9100000858306885,2477.0
2025-06-26 15:29:00,SEB,,2947.0,2950.0,2945.97998046875,2949.0,29.0
2025-06-26 15:29:00,SENS,,0.5013999938964844,0.5013999938964844,0.5013999938964844,0.5013999938964844,1027.0
2025-06-26 15:29:00,SGN,,1.1449999809265137,1.1449999809265137,1.1449999809265137,1.1449999809265137,500.0
2025-06-26 15:29:00,SLI,,1.934999942779541,1.934999942779541,1.9199999570846558,1.9249999523162842,37667.0
2025-06-26 15:29:00,SOAR,,1.3700000047683716,1.3712849617004395,1.3700000047683716,1.3712849617004395,1056.0
2025-06-26 15:29:00,SVM,,4.190000057220459,4.190000057220459,4.184999942779541,4.190000057220459,1040.0
2025-06-26 15:29:00,SVT,,46.970001220703125,46.970001220703125,46.959999084472656,46.959999084472656,320.0
2025-06-26 15:29:00,TGB,,3.1310999393463135,3.134999990463257,3.1310999393463135,3.134999990463257,2653.0
2025-06-26 15:29:00,THM,,0.8790000081062317,0.8790000081062317,0.8790000081062317,0.8790000081062317,5000.0
2025-06-26 15:29:00,UAMY,,2.670099973678589,2.680000066757202,2.670099973678589,2.680000066757202,4993.0
2025-06-26 15:29:00,UAVS,,1.149999976158142,1.149999976158142,1.145400047302246,1.1492999792099,16215.0
2025-06-26 15:29:00,UEC,,7.005000114440918,7.010000228881836,7.005000114440918,7.005000114440918,11529.0
2025-06-26 15:29:00,URG,,1.0398999452590942,1.0399999618530273,1.0398999452590942,1.0399999618530273,13718.0
2025-06-26 15:29:00,UTG,,35.532100677490234,35.532100677490234,35.532100677490234,35.532100677490234,1148.0
2025-06-26 15:29:00,UUUU,,5.849999904632568,5.849999904632568,5.840000152587891,5.849999904632568,3306.0
2025-06-26 15:29:00,VNRX,,0.8449000120162964,0.8449000120162964,0.8449000120162964,0.8449000120162964,2001.0
2025-06-26 15:29:00,VZLA,,2.9749999046325684,2.9749999046325684,2.9749999046325684,2.9749999046325684,597.0
2025-06-26 15:30:00,AMS,,2.409899950027466,2.409899950027466,2.359999895095825,2.359999895095825,1905.0
2025-06-26 15:30:00,AREN,,6.235000133514404,6.239999771118164,6.235000133514404,6.239999771118164,502.0
2025-06-26 15:30:00,ARMN,,6.795000076293945,6.795000076293945,6.795000076293945,6.795000076293945,907.0
2025-06-26 15:30:00,ASM,,3.559999942779541,3.559999942779541,3.549999952316284,3.549999952316284,1131.0
2025-06-26 15:30:00,ATNM,,1.5950000286102295,1.5950000286102295,1.5950000286102295,1.5950000286102295,1153.0
2025-06-26 15:30:00,AZTR,,0.2572000026702881,0.2572000026702881,0.2563000023365021,0.25699999928474426,636716.0
2025-06-26 15:30:00,BATL,,1.4800000190734863,1.4800000190734863,1.4800000190734863,1.4800000190734863,2001.0
2025-06-26 15:30:00,BGI,,0.8600999712944031,0.8600999712944031,0.8600999712944031,0.8600999712944031,500.0
2025-06-26 15:30:00,BKTI,,54.599998474121094,54.683998107910156,54.599998474121094,54.683998107910156,1514.0
2025-06-26 15:30:00,BRBS,,3.299999952316284,3.299999952316284,3.299999952316284,3.299999952316284,205.0
2025-06-26 15:30:00,BTG,,3.6254000663757324,3.630000114440918,3.619999885559082,3.625,125712.0
2025-06-26 15:30:00,BURU,,0.3357999920845032,0.3357999920845032,0.33149999380111694,0.33149999380111694,4130.0
2025-06-26 15:30:00,CATX,,3.625,3.63919997215271,3.619999885559082,3.630000114440918,2652.0
2025-06-26 15:30:00,CEF,,30.389999389648438,30.389999389648438,30.389999389648438,30.389999389648438,2996.0
2025-06-26 15:30:00,CEV,,9.665900230407715,9.665900230407715,9.665900230407715,9.665900230407715,267.0
2025-06-26 15:30:00,CKX,,10.65999984741211,10.65999984741211,10.65999984741211,10.65999984741211,124.0
2025-06-26 15:30:00,CLM,,7.945000171661377,7.945000171661377,7.945000171661377,7.945000171661377,135.0
2025-06-26 15:30:00,CMT,,17.125,17.125,17.079999923706055,17.079999923706055,974.0
2025-06-26 15:30:00,CQP,,56.13999938964844,56.209999084472656,56.13999938964844,56.16999816894531,1814.0
2025-06-26 15:30:00,CRF,,7.554999828338623,7.557400226593018,7.554999828338623,7.557400226593018,401.0
2025-06-26 15:30:00,CTM,,1.0549999475479126,1.0549999475479126,1.0499999523162842,1.0509999990463257,3926.0
2025-06-26 15:30:00,CVU,,3.5,3.5,3.5,3.5,163.0
2025-06-26 15:30:00,CYBN,,8.494999885559082,8.494999885559082,8.494999885559082,8.494999885559082,100.0
2025-06-26 15:30:00,DC,,3.809999942779541,3.809999942779541,3.809999942779541,3.809999942779541,200.0
2025-06-26 15:30:00,DHY,,2.1050000190734863,2.109999895095825,2.1050000190734863,2.109999895095825,306.0
2025-06-26 15:30:00,DNN,,1.840000033378601,1.840000033378601,1.8300000429153442,1.840000033378601,71971.0
2025-06-26 15:30:00,ELA,,5.869999885559082,5.880000114440918,5.869999885559082,5.880000114440918,610.0
2025-06-26 15:30:00,EMX,,2.555000066757202,2.555000066757202,2.555000066757202,2.555000066757202,201.0
2025-06-26 15:30:00,EPM,,4.769999980926514,4.769999980926514,4.760000228881836,4.760000228881836,2469.0
2025-06-26 15:30:00,EQX,,5.885000228881836,5.888899803161621,5.880000114440918,5.880000114440918,3616.0
2025-06-26 15:30:00,ERC,,9.430000305175781,9.430000305175781,9.430000305175781,9.430000305175781,100.0
2025-06-26 15:30:00,ESP,,45.185001373291016,45.220001220703125,45.11000061035156,45.18000030517578,2006.0
2025-06-26 15:30:00,FOXO,,0.2003999948501587,0.20074999332427979,0.20010000467300415,0.20074999332427979,5307.0
2025-06-26 15:30:00,FTF,,6.394999980926514,6.394999980926514,6.394999980926514,6.394999980926514,100.0
2025-06-26 15:30:00,GAU,,1.284999966621399,1.284999966621399,1.284999966621399,1.284999966621399,134.0
2025-06-26 15:30:00,GGN,,4.385000228881836,4.385000228881836,4.385000228881836,4.385000228881836,100.0
2025-06-26 15:30:00,GLV,,5.628699779510498,5.628699779510498,5.619999885559082,5.619999885559082,450.0
2025-06-26 15:30:00,GNS,,1.15910005569458,1.1799999475479126,1.1500999927520752,1.1699999570846558,55194.0
2025-06-26 15:30:00,GORO,,0.5475000143051147,0.5475999712944031,0.5400999784469604,0.5400999784469604,827.0
2025-06-26 15:30:00,GROY,,2.2678000926971436,2.2699999809265137,2.2611000537872314,2.265000104904175,4084.0
2025-06-26 15:30:00,GSAT,,23.485000610351562,23.485000610351562,23.459999084472656,23.459999084472656,4022.0
2025-06-26 15:30:00,HUSA,,12.66100025177002,12.66100025177002,12.66100025177002,12.66100025177002,195.0
2025-06-26 15:30:00,IBO,,0.9404000043869019,0.9451000094413757,0.9404000043869019,0.9451000094413757,5009.0
2025-06-26 15:30:00,IDR,,13.319999694824219,13.329999923706055,13.3100004196167,13.329999923706055,1613.0
2025-06-26 15:30:00,IE,,9.779999732971191,9.84000015258789,9.779999732971191,9.829999923706055,10068.0
2025-06-26 15:30:00,IMO,,81.05000305175781,81.05999755859375,81.05000305175781,81.05999755859375,858.0
2025-06-26 15:30:00,INDO,,3.0250000953674316,3.0250000953674316,3.0250000953674316,3.0250000953674316,241.0
2025-06-26 15:30:00,INUV,,3.9219000339508057,3.9219000339508057,3.9219000339508057,3.9219000339508057,5058.0
2025-06-26 15:30:00,ITRG,,1.5312000513076782,1.5312000513076782,1.5312000513076782,1.5312000513076782,177.0
2025-06-26 15:30:00,KNW,,1.9076000452041626,1.909999966621399,1.9076000452041626,1.909999966621399,500.0
2025-06-26 15:30:00,KULR,,5.15500020980835,5.159999847412109,5.151800155639648,5.15500020980835,5234.0
2025-06-26 15:30:00,LCTX,,0.9933000206947327,0.9933000206947327,0.9932000041007996,0.9932000041007996,1573.0
2025-06-26 15:30:00,LEU,,173.85000610351562,174.1199951171875,173.81619262695312,173.81619262695312,1389.0
2025-06-26 15:30:00,LMND,,42.925201416015625,42.939998626708984,42.900001525878906,42.93899917602539,2986.0
2025-06-26 15:30:00,LNG,,241.8000030517578,241.89999389648438,241.8000030517578,241.8000030517578,3542.0
2025-06-26 15:30:00,LODE,,3.7200000286102295,3.740000009536743,3.7200000286102295,3.740000009536743,1553.0
2025-06-26 15:30:00,MAG,,21.389999389648438,21.389999389648438,21.385000228881836,21.385000228881836,3052.0
2025-06-26 15:30:00,MAIA,,1.7267999649047852,1.7267999649047852,1.7200000286102295,1.7200000286102295,10119.0
2025-06-26 15:30:00,MRT,,2.9200000762939453,2.9200000762939453,2.9135000705718994,2.9135000705718994,1612.0
2025-06-26 15:30:00,MTA,,3.9200000762939453,3.9200000762939453,3.9200000762939453,3.9200000762939453,439.0
2025-06-26 15:30:00,MYO,,2.244999885559082,2.244999885559082,2.240000009536743,2.240000009536743,1630.0
2025-06-26 15:30:00,NAK,,1.5549999475479126,1.559999942779541,1.5549999475479126,1.5549999475479126,13594.0
2025-06-26 15:30:00,NCL,,0.18000000715255737,0.18000000715255737,0.18000000715255737,0.18000000715255737,11012.0
2025-06-26 15:30:00,NG,,4.09499979019165,4.099999904632568,4.0843000411987305,4.0843000411987305,26583.0
2025-06-26 15:30:00,NGD,,4.90500020980835,4.909999847412109,4.900000095367432,4.900000095367432,12536.0
2025-06-26 15:30:00,NHC,,108.13999938964844,108.13999938964844,108.13999938964844,108.13999938964844,598.0
2025-06-26 15:30:00,NHS,,7.494999885559082,7.494999885559082,7.494999885559082,7.494999885559082,320.0
2025-06-26 15:30:00,NRXS,,2.575000047683716,2.575000047683716,2.575000047683716,2.575000047683716,105.0
2025-06-26 15:30:00,OBE,,5.480000019073486,5.480000019073486,5.471099853515625,5.474999904632568,1727.0
2025-06-26 15:30:00,OPTT,,0.5220000147819519,0.5220000147819519,0.5212000012397766,0.5212000012397766,10300.0
2025-06-26 15:30:00,ORLA,,9.949999809265137,9.949999809265137,9.920000076293945,9.949999809265137,20367.0
2025-06-26 15:30:00,PLG,,1.6549999713897705,1.6549999713897705,1.6549999713897705,1.6549999713897705,935.0
2025-06-26 15:30:00,PLMR,,153.25999450683594,153.25999450683594,153.25999450683594,153.25999450683594,996.0
2025-06-26 15:30:00,PLX,,1.4800000190734863,1.4850000143051147,1.4800000190734863,1.4850000143051147,1589.0
2025-06-26 15:30:00,REI,,0.7702500224113464,0.7702999711036682,0.7700999975204468,0.7702999711036682,1270.0
2025-06-26 15:30:00,SATX,,2.9600000381469727,2.9600000381469727,2.9600000381469727,2.9600000381469727,257.0
2025-06-26 15:30:00,SBEV,,3.9200000762939453,4.039999961853027,3.9200000762939453,3.9700000286102295,2711.0
2025-06-26 15:30:00,SEB,,2947.0,2951.06005859375,2937.389892578125,2948.75,35.0
2025-06-26 15:30:00,SLI,,1.934999942779541,1.934999942779541,1.934999942779541,1.934999942779541,1652.0
2025-06-26 15:30:00,SSY,,0.8500999808311462,0.8500999808311462,0.8500000238418579,0.8500000238418579,6001.0
2025-06-26 15:30:00,STRW,,10.6899995803833,10.6899995803833,10.6899995803833,10.6899995803833,373.0
2025-06-26 15:30:00,SVM,,4.190000057220459,4.190000057220459,4.184999942779541,4.184999942779541,3285.0
2025-06-26 15:30:00,SVT,,46.939998626708984,46.939998626708984,46.939998626708984,46.939998626708984,105.0
2025-06-26 15:30:00,TGB,,3.131200075149536,3.134999990463257,3.130000114440918,3.134999990463257,20639.0
2025-06-26 15:30:00,THM,,0.8654000163078308,0.878000020980835,0.8652999997138977,0.878000020980835,7100.0
2025-06-26 15:30:00,TMQ,,1.4700000286102295,1.475000023841858,1.4700000286102295,1.475000023841858,2988.0
2025-06-26 15:30:00,TPET,,1.190000057220459,1.190000057220459,1.190000057220459,1.190000057220459,1010.0
2025-06-26 15:30:00,UAMY,,2.680000066757202,2.680000066757202,2.674999952316284,2.680000066757202,7554.0
2025-06-26 15:30:00,UAVS,,1.1401000022888184,1.149999976158142,1.1401000022888184,1.1449999809265137,15715.0
2025-06-26 15:30:00,UEC,,6.994999885559082,7.010000228881836,6.989999771118164,7.005000114440918,90995.0
2025-06-26 15:30:00,URG,,1.0400999784469604,1.0499999523162842,1.0398999452590942,1.0399999618530273,45479.0
2025-06-26 15:30:00,USAS,,0.8252000212669373,0.8287000060081482,0.8252000212669373,0.82669997215271,676.0
2025-06-26 15:30:00,UTG,,35.549598693847656,35.549598693847656,35.549598693847656,35.549598693847656,187.0
2025-06-26 15:30:00,UUUU,,5.84499979019165,5.84499979019165,5.840000152587891,5.84499979019165,3189.0
2025-06-26 15:30:00,VGZ,,1.024999976158142,1.024999976158142,1.024999976158142,1.024999976158142,100.0
2025-06-26 15:30:00,VNRX,,0.8399999737739563,0.8424000144004822,0.8399999737739563,0.8399999737739563,2396.0
2025-06-26 15:30:00,VTAK,,0.25,0.25,0.25,0.25,7860.0
2025-06-26 15:30:00,VZLA,,2.9749999046325684,2.9798998832702637,2.970099925994873,2.9749999046325684,6141.0
2025-06-26 15:30:00,WRN,,1.2350000143051147,1.2350000143051147,1.2350000143051147,1.2350000143051147,371.0
2025-06-26 15:30:00,WYY,,3.3450000286102295,3.3450000286102295,3.3450000286102295,3.3450000286102295,150.0
2025-06-26 15:31:00,AREN,,6.239999771118164,6.25,6.179999828338623,6.179999828338623,1855.0
2025-06-26 15:31:00,ARMN,,6.795000076293945,6.795000076293945,6.795000076293945,6.795000076293945,999.0
2025-06-26 15:31:00,ASM,,3.5699000358581543,3.569999933242798,3.549999952316284,3.555000066757202,71562.0
2025-06-26 15:31:00,ATNM,,1.5950000286102295,1.5996999740600586,1.5950000286102295,1.5950000286102295,2709.0
2025-06-26 15:31:00,AZTR,,0.2572000026702881,0.2572000026702881,0.2535000145435333,0.2572000026702881,27647.0
2025-06-26 15:31:00,BATL,,1.4600000381469727,1.4600000381469727,1.4600000381469727,1.4600000381469727,422.0
2025-06-26 15:31:00,BEEP,,4.195000171661377,4.195000171661377,4.195000171661377,4.195000171661377,284.0
2025-06-26 15:31:00,BGI,,0.8897989988327026,0.8897989988327026,0.8897989988327026,0.8897989988327026,0.0
2025-06-26 15:31:00,BKTI,,55.75,55.75,55.75,55.75,1772.0
2025-06-26 15:31:00,BRBS,,3.305000066757202,3.309999942779541,3.305000066757202,3.309999942779541,6013.0
2025-06-26 15:31:00,BTG,,3.625,3.628000020980835,3.619999885559082,3.625,34993.0
2025-06-26 15:31:00,BURU,,0.33169999718666077,0.3357999920845032,0.33169999718666077,0.33364999294281006,5916.0
2025-06-26 15:31:00,CATX,,3.630000114440918,3.634999990463257,3.619999885559082,3.619999885559082,14968.0
2025-06-26 15:31:00,CBOE,,226.1300048828125,226.1300048828125,226.0800018310547,226.0800018310547,638.0
2025-06-26 15:31:00,CEF,,30.38990020751953,30.38990020751953,30.38990020751953,30.38990020751953,169.0
2025-06-26 15:31:00,CLM,,7.949999809265137,7.949999809265137,7.945000171661377,7.945000171661377,640.0
2025-06-26 15:31:00,CMCL,,19.15999984741211,19.15999984741211,19.15999984741211,19.15999984741211,143.0
2025-06-26 15:31:00,COE,,32.77000045776367,32.77000045776367,32.77000045776367,32.77000045776367,225.0
2025-06-26 15:31:00,CQP,,56.11000061035156,56.209999084472656,56.11000061035156,56.209999084472656,1677.0
2025-06-26 15:31:00,CRF,,7.554999828338623,7.559899806976318,7.554999828338623,7.554999828338623,394.0
2025-06-26 15:31:00,CTM,,1.0549999475479126,1.059999942779541,1.0511000156402588,1.0511000156402588,3018.0
2025-06-26 15:31:00,CVU,,3.490000009536743,3.490000009536743,3.490000009536743,3.490000009536743,852.0
2025-06-26 15:31:00,CYBN,,8.494999885559082,8.494999885559082,8.494999885559082,8.494999885559082,300.0
2025-06-26 15:31:00,DC,,3.809999942779541,3.809999942779541,3.809999942779541,3.809999942779541,1459.0
2025-06-26 15:31:00,DHY,,2.109999895095825,2.109999895095825,2.109999895095825,2.109999895095825,326.0
2025-06-26 15:31:00,DNN,,1.8300000429153442,1.840000033378601,1.8300000429153442,1.840000033378601,284272.0
2025-06-26 15:31:00,EAD,,6.974999904632568,6.974999904632568,6.971199989318848,6.971199989318848,575.0
2025-06-26 15:31:00,EIM,,9.565999984741211,9.565999984741211,9.565999984741211,9.565999984741211,1449.0
2025-06-26 15:31:00,EQX,,5.885000228881836,5.885000228881836,5.880000114440918,5.885000228881836,6218.0
2025-06-26 15:31:00,ERH,,11.395000457763672,11.395000457763672,11.395000457763672,11.395000457763672,200.0
2025-06-26 15:31:00,FOXO,,0.20080000162124634,0.20080000162124634,0.20080000162124634,0.20080000162124634,6200.0
2025-06-26 15:31:00,FSP,,1.690000057220459,1.690000057220459,1.690000057220459,1.690000057220459,135.0
2025-06-26 15:31:00,GENC,,14.579999923706055,14.579999923706055,14.579999923706055,14.579999923706055,129.0
2025-06-26 15:31:00,GNS,,1.1548000574111938,1.1690000295639038,1.149999976158142,1.159600019454956,60068.0
2025-06-26 15:31:00,GORO,,0.5475000143051147,0.5475000143051147,0.5475000143051147,0.5475000143051147,800.0
2025-06-26 15:31:00,GROY,,2.2646000385284424,2.2690000534057617,2.259999990463257,2.259999990463257,2422.0
2025-06-26 15:31:00,GSAT,,23.459999084472656,23.459999084472656,23.459999084472656,23.459999084472656,1247.0
2025-06-26 15:31:00,IDR,,13.329999923706055,13.329999923706055,13.329999923706055,13.329999923706055,187.0
2025-06-26 15:31:00,IE,,9.78499984741211,9.789999961853027,9.779999732971191,9.779999732971191,6902.0
2025-06-26 15:31:00,IMO,,80.9800033569336,81.02999877929688,80.9800033569336,81.02999877929688,973.0
2025-06-26 15:31:00,INDO,,3.0250000953674316,3.0250000953674316,3.0250000953674316,3.0250000953674316,774.0
2025-06-26 15:31:00,ITRG,,1.534999966621399,1.534999966621399,1.534999966621399,1.534999966621399,312.0
2025-06-26 15:31:00,JOB,,0.2013999968767166,0.2013999968767166,0.2013999968767166,0.2013999968767166,200.0
2025-06-26 15:31:00,KULR,,5.155600070953369,5.159999847412109,5.15500020980835,5.159999847412109,5753.0
2025-06-26 15:31:00,LCTX,,0.9944000244140625,0.9947999715805054,0.9936000108718872,0.9936000108718872,3714.0
2025-06-26 15:31:00,LEU,,174.00999450683594,174.00999450683594,173.53500366210938,173.8300018310547,3934.0
2025-06-26 15:31:00,LMND,,42.959999084472656,42.959999084472656,42.90999984741211,42.922000885009766,4476.0
2025-06-26 15:31:00,LNG,,241.6300048828125,241.69000244140625,241.6300048828125,241.69000244140625,1117.0
2025-06-26 15:31:00,MAG,,21.399999618530273,21.399999618530273,21.389999389648438,21.399999618530273,8081.0
2025-06-26 15:31:00,MAIA,,1.7200000286102295,1.7200000286102295,1.7200000286102295,1.7200000286102295,127.0
2025-06-26 15:31:00,MTNB,,0.9202100038528442,0.9202100038528442,0.9202100038528442,0.9202100038528442,255.0
2025-06-26 15:31:00,NAK,,1.5549999475479126,1.5549999475479126,1.5549999475479126,1.5549999475479126,1230.0
2025-06-26 15:31:00,NBH,,9.826499938964844,9.826499938964844,9.826499938964844,9.826499938964844,930.0
2025-06-26 15:31:00,NCL,,0.17990000545978546,0.18000000715255737,0.17990000545978546,0.18000000715255737,2452.0
2025-06-26 15:31:00,NG,,4.09499979019165,4.09499979019165,4.09499979019165,4.09499979019165,1140.0
2025-06-26 15:31:00,NGD,,4.909999847412109,4.909999847412109,4.900000095367432,4.90500020980835,9379.0
2025-06-26 15:31:00,NHC,,108.25,108.25,108.25,108.25,308.0
2025-06-26 15:31:00,OPTT,,0.5220000147819519,0.5220000147819519,0.5204010009765625,0.5212000012397766,7578.0
2025-06-26 15:31:00,ORLA,,9.9350004196167,9.9399995803833,9.930000305175781,9.9399995803833,3887.0
2025-06-26 15:31:00,PED,,0.6500999927520752,0.6518999934196472,0.6500999927520752,0.6518999934196472,2628.0
2025-06-26 15:31:00,PLMR,,153.28500366210938,153.3300018310547,153.25999450683594,153.3300018310547,948.0
2025-06-26 15:31:00,PLX,,1.4850000143051147,1.4850000143051147,1.4850000143051147,1.4850000143051147,259.0
2025-06-26 15:31:00,PW,,1.0924999713897705,1.0924999713897705,1.0924999713897705,1.0924999713897705,4009.0
2025-06-26 15:31:00,PZG,,0.6166999936103821,0.6166999936103821,0.6166999936103821,0.6166999936103821,203.0
2025-06-26 15:31:00,REI,,0.7702500224113464,0.7702500224113464,0.7699999809265137,0.7700999975204468,900.0
2025-06-26 15:31:00,SEB,,2943.97509765625,2947.0,2943.97509765625,2947.0,5.0
2025-06-26 15:31:00,SENS,,0.5012000203132629,0.5013999938964844,0.5012000203132629,0.5013999938964844,3470.0
2025-06-26 15:31:00,SGN,,1.1399999856948853,1.1399999856948853,1.1399999856948853,1.1399999856948853,200.0
2025-06-26 15:31:00,SLI,,1.934999942779541,1.934999942779541,1.934999942779541,1.934999942779541,300.0
2025-06-26 15:31:00,STXS,,2.200000047683716,2.200000047683716,2.194999933242798,2.200000047683716,654.0
2025-06-26 15:31:00,SVM,,4.190000057220459,4.190000057220459,4.184999942779541,4.190000057220459,2637.0
2025-06-26 15:31:00,TGB,,3.134999990463257,3.134999990463257,3.130000114440918,3.134999990463257,27782.0
2025-06-26 15:31:00,THM,,0.8651999831199646,0.8651999831199646,0.8651999831199646,0.8651999831199646,150.0
2025-06-26 15:31:00,TOON,,0.7724999785423279,0.7724999785423279,0.7613999843597412,0.7613999843597412,312.0
2025-06-26 15:31:00,TPET,,1.1892000436782837,1.1892000436782837,1.1892000436782837,1.1892000436782837,330.0
2025-06-26 15:31:00,TRX,,0.33364999294281006,0.33364999294281006,0.33364999294281006,0.33364999294281006,306.0
2025-06-26 15:31:00,UAMY,,2.6700000762939453,2.680000066757202,2.6700000762939453,2.678999900817871,1713.0
2025-06-26 15:31:00,UAVS,,1.1399999856948853,1.1449999809265137,1.1399999856948853,1.1449999809265137,923.0
2025-06-26 15:31:00,UEC,,6.994999885559082,7.0,6.990300178527832,7.0,22705.0
2025-06-26 15:31:00,URG,,1.0399999618530273,1.0449999570846558,1.0399999618530273,1.0449999570846558,565.0
2025-06-26 15:31:00,USAS,,0.8277000188827515,0.8285999894142151,0.8277000188827515,0.8285999894142151,728.0
2025-06-26 15:31:00,UTG,,35.53369903564453,35.54999923706055,35.53369903564453,35.54999923706055,1796.0
2025-06-26 15:31:00,UUUU,,5.84499979019165,5.84499979019165,5.840000152587891,5.840000152587891,1534.0
2025-06-26 15:31:00,VGZ,,1.024999976158142,1.024999976158142,1.024999976158142,1.024999976158142,100.0
2025-06-26 15:31:00,VNRX,,0.8399999737739563,0.8424000144004822,0.8399999737739563,0.8424000144004822,511.0
2025-06-26 15:31:00,VTAK,,0.2498999983072281,0.2498999983072281,0.2498999983072281,0.2498999983072281,553.0
2025-06-26 15:31:00,VZLA,,2.9749999046325684,2.9800000190734863,2.9749999046325684,2.9749999046325684,800.0
2025-06-26 15:31:00,WWR,,0.6000999808311462,0.6000999808311462,0.6000999808311462,0.6000999808311462,2088.0
2025-06-26 15:32:00,AREN,,6.28000020980835,6.28000020980835,6.28000020980835,6.28000020980835,348.0
2025-06-26 15:32:00,ARMN,,6.795000076293945,6.795000076293945,6.795000076293945,6.795000076293945,100.0
2025-06-26 15:32:00,ASM,,3.565000057220459,3.565000057220459,3.565000057220459,3.565000057220459,1015.0
2025-06-26 15:32:00,BQ,,2.069999933242798,2.069999933242798,2.069999933242798,2.069999933242798,740.0
2025-06-26 15:32:00,BRBS,,3.305000066757202,3.305000066757202,3.305000066757202,3.305000066757202,900.0
2025-06-26 15:32:00,BTG,,3.625,3.628499984741211,3.619999885559082,3.625,12018.0
2025-06-26 15:32:00,BURU,,0.33160001039505005,0.33169999718666077,0.33160001039505005,0.33169999718666077,2200.0
2025-06-26 15:32:00,CANF,,1.0499999523162842,1.0499999523162842,1.0499999523162842,1.0499999523162842,100.0
2025-06-26 15:32:00,CATX,,3.634999990463257,3.634999990463257,3.619999885559082,3.630000114440918,3169.0
2025-06-26 15:32:00,CBOE,,226.14869689941406,226.14869689941406,226.14869689941406,226.14869689941406,934.0
2025-06-26 15:32:00,CEF,,30.38990020751953,30.38990020751953,30.385000228881836,30.385000228881836,6838.0
2025-06-26 15:32:00,CIK,,2.934999942779541,2.934999942779541,2.934999942779541,2.934999942779541,155.0
2025-06-26 15:32:00,CLDI,,0.22929899394512177,0.22929899394512177,0.22474999725818634,0.22474999725818634,576.0
2025-06-26 15:32:00,CLM,,7.945000171661377,7.949900150299072,7.940000057220459,7.945000171661377,6519.0
2025-06-26 15:32:00,CMT,,17.125,17.125,17.125,17.125,337.0
2025-06-26 15:32:00,COE,,32.7599983215332,32.7599983215332,32.7599983215332,32.7599983215332,658.0
2025-06-26 15:32:00,CQP,,56.13999938964844,56.13999938964844,56.13999938964844,56.13999938964844,402.0
2025-06-26 15:32:00,CRF,,7.554999828338623,7.554999828338623,7.554999828338623,7.554999828338623,202.0
2025-06-26 15:32:00,CVM,,2.448899984359741,2.448899984359741,2.434999942779541,2.434999942779541,1038.0
2025-06-26 15:32:00,DC,,3.805000066757202,3.805000066757202,3.805000066757202,3.805000066757202,237.0
2025-06-26 15:32:00,DNN,,1.840000033378601,1.840000033378601,1.8300000429153442,1.839900016784668,1679751.0
2025-06-26 15:32:00,EAD,,6.974999904632568,6.974999904632568,6.974999904632568,6.974999904632568,112.0
2025-06-26 15:32:00,ELMD,,21.459999084472656,21.510000228881836,21.459999084472656,21.510000228881836,369.0
2025-06-26 15:32:00,EMX,,2.5599000453948975,2.5599000453948975,2.5599000453948975,2.5599000453948975,150.0
2025-06-26 15:32:00,EQX,,5.885000228881836,5.885000228881836,5.880000114440918,5.885000228881836,6928.0
2025-06-26 15:32:00,ERC,,9.430000305175781,9.430000305175781,9.430000305175781,9.430000305175781,177.0
2025-06-26 15:32:00,EVV,,10.184000015258789,10.184000015258789,10.184000015258789,10.184000015258789,469.0
2025-06-26 15:32:00,FOXO,,0.2037999927997589,0.2037999927997589,0.20080000162124634,0.20080000162124634,23758.0
2025-06-26 15:32:00,FSP,,1.690000057220459,1.690000057220459,1.684999942779541,1.684999942779541,202.0
2025-06-26 15:32:00,FTF,,6.394999980926514,6.394999980926514,6.394999980926514,6.394999980926514,1376.0
2025-06-26 15:32:00,GAU,,1.284999966621399,1.284999966621399,1.284999966621399,1.284999966621399,141.0
2025-06-26 15:32:00,GGN,,4.385000228881836,4.385000228881836,4.385000228881836,4.385000228881836,238.0
2025-06-26 15:32:00,GNS,,1.1200000047683716,1.159999966621399,1.1100000143051147,1.149999976158142,127471.0
2025-06-26 15:32:00,GORO,,0.5475000143051147,0.5475000143051147,0.5475000143051147,0.5475000143051147,400.0
2025-06-26 15:32:00,GROY,,2.265000104904175,2.2699999809265137,2.259999990463257,2.265000104904175,1361.0
2025-06-26 15:32:00,GSAT,,23.420000076293945,23.420000076293945,23.420000076293945,23.420000076293945,4809.0
2025-06-26 15:32:00,IBO,,0.9403499960899353,0.9404000043869019,0.9403499960899353,0.9404000043869019,2342.0
2025-06-26 15:32:00,IDR,,13.319999694824219,13.319999694824219,13.319999694824219,13.319999694824219,794.0
2025-06-26 15:32:00,IE,,9.835000038146973,9.84000015258789,9.789999961853027,9.800000190734863,4308.0
2025-06-26 15:32:00,IMO,,80.98500061035156,80.98500061035156,80.98500061035156,80.98500061035156,512.0
2025-06-26 15:32:00,INDO,,3.0223000049591064,3.0223000049591064,3.0223000049591064,3.0223000049591064,1198.0
2025-06-26 15:32:00,ITP,,0.18379999697208405,0.18379999697208405,0.18379999697208405,0.18379999697208405,9997.0
2025-06-26 15:32:00,ITRG,,1.5399999618530273,1.5399999618530273,1.534999966621399,1.534999966621399,3705.0
2025-06-26 15:32:00,JOB,,0.2013999968767166,0.2013999968767166,0.2013999968767166,0.2013999968767166,412.0
2025-06-26 15:32:00,KNW,,1.909999966621399,1.909999966621399,1.9076000452041626,1.9076000452041626,200.0
2025-06-26 15:32:00,KULR,,5.15749979019165,5.159999847412109,5.15500020980835,5.15749979019165,33944.0
2025-06-26 15:32:00,LCTX,,0.9977999925613403,0.9977999925613403,0.9945999979972839,0.9945999979972839,14512.0
2025-06-26 15:32:00,LEU,,174.10000610351562,174.25,174.10000610351562,174.10000610351562,705.0
2025-06-26 15:32:00,LMND,,43.11000061035156,43.11000061035156,42.939998626708984,42.939998626708984,8814.0
2025-06-26 15:32:00,LNG,,241.89999389648438,242.00999450683594,241.69000244140625,241.69000244140625,18826.0
2025-06-26 15:32:00,LSF,,6.239999771118164,6.239999771118164,6.239999771118164,6.239999771118164,204.0
2025-06-26 15:32:00,MAG,,21.420000076293945,21.420000076293945,21.395000457763672,21.399999618530273,8849.0
2025-06-26 15:32:00,MAIA,,1.7200000286102295,1.7200000286102295,1.7200000286102295,1.7200000286102295,100.0
2025-06-26 15:32:00,MPTI,,41.099998474121094,41.099998474121094,41.099998474121094,41.099998474121094,779.0
2025-06-26 15:32:00,MRT,,2.934999942779541,2.934999942779541,2.934999942779541,2.934999942779541,444.0
2025-06-26 15:32:00,MWG,,0.25,0.25,0.25,0.25,100.0
2025-06-26 15:32:00,NAK,,1.55649995803833,1.5599000453948975,1.5533000230789185,1.5533000230789185,11972.0
2025-06-26 15:32:00,NCL,,0.18000000715255737,0.18000000715255737,0.18000000715255737,0.18000000715255737,548.0
2025-06-26 15:32:00,NFGC,,1.475000023841858,1.475000023841858,1.475000023841858,1.475000023841858,120.0
2025-06-26 15:32:00,NG,,4.099999904632568,4.099999904632568,4.09499979019165,4.09499979019165,13460.0
2025-06-26 15:32:00,NGD,,4.914999961853027,4.920000076293945,4.900000095367432,4.909999847412109,276596.0
2025-06-26 15:32:00,NHS,,7.49459981918335,7.49459981918335,7.49459981918335,7.49459981918335,400.0
2025-06-26 15:32:00,NML,,8.829999923706055,8.829999923706055,8.829999923706055,8.829999923706055,244.0
2025-06-26 15:32:00,OPTT,,0.5221999883651733,0.5230000019073486,0.5216000080108643,0.5220000147819519,46445.0
2025-06-26 15:32:00,ORLA,,9.949999809265137,9.954999923706055,9.9399995803833,9.9399995803833,6990.0
2025-06-26 15:32:00,PLG,,1.6449999809265137,1.649999976158142,1.6449999809265137,1.649999976158142,11101.0
2025-06-26 15:32:00,PLMR,,153.2100067138672,153.2100067138672,153.2100067138672,153.2100067138672,897.0
2025-06-26 15:32:00,PLX,,1.4850000143051147,1.4850000143051147,1.4850000143051147,1.4850000143051147,336.0
2025-06-26 15:32:00,REI,,0.7702000141143799,0.7702000141143799,0.7699999809265137,0.7700999975204468,11099.0
2025-06-26 15:32:00,SATX,,2.9600000381469727,2.9600000381469727,2.9600000381469727,2.9600000381469727,291.0
2025-06-26 15:32:00,SEB,,2943.56494140625,2948.760009765625,2943.56494140625,2948.25,55.0
2025-06-26 15:32:00,SENS,,0.5011000037193298,0.5011000037193298,0.5011000037193298,0.5011000037193298,128.0
2025-06-26 15:32:00,SGN,,1.149999976158142,1.149999976158142,1.1480000019073486,1.149999976158142,1000.0
2025-06-26 15:32:00,SLI,,1.9366999864578247,1.9366999864578247,1.9366999864578247,1.9366999864578247,598.0
2025-06-26 15:32:00,SSY,,0.8583999872207642,0.8583999872207642,0.8583999872207642,0.8583999872207642,1021.0
2025-06-26 15:32:00,STXS,,2.194999933242798,2.194999933242798,2.194999933242798,2.194999933242798,333.0
2025-06-26 15:32:00,SVM,,4.179999828338623,4.190000057220459,4.179999828338623,4.184999942779541,24261.0
2025-06-26 15:32:00,TGB,,3.134999990463257,3.134999990463257,3.130000114440918,3.1301000118255615,11736.0
2025-06-26 15:32:00,TMQ,,1.4800000190734863,1.4800000190734863,1.4700000286102295,1.4700000286102295,1054.0
2025-06-26 15:32:00,UAMY,,2.680000066757202,2.680000066757202,2.674999952316284,2.674999952316284,3828.0
2025-06-26 15:32:00,UAVS,,1.149999976158142,1.149999976158142,1.1449999809265137,1.1449999809265137,34503.0
2025-06-26 15:32:00,UEC,,7.005000114440918,7.010000228881836,6.994999885559082,6.994999885559082,31657.0
2025-06-26 15:32:00,URG,,1.0449999570846558,1.0499999523162842,1.0399999618530273,1.0449999570846558,2711.0
2025-06-26 15:32:00,USAS,,0.8359000086784363,0.8360000252723694,0.8285999894142151,0.8285999894142151,2867.0
2025-06-26 15:32:00,UTG,,35.517398834228516,35.540000915527344,35.517398834228516,35.540000915527344,447.0
2025-06-26 15:32:00,UUUU,,5.867300033569336,5.869999885559082,5.84499979019165,5.84499979019165,63205.0
2025-06-26 15:32:00,VZLA,,2.9749999046325684,2.9800000190734863,2.9749999046325684,2.9749999046325684,954.0
2025-06-26 15:32:00,WYY,,3.3450000286102295,3.3450000286102295,3.3450000286102295,3.3450000286102295,137.0
2025-06-26 15:32:00,XPL,,0.6438000202178955,0.6438000202178955,0.6438000202178955,0.6438000202178955,100.0
2025-06-26 15:33:00,ACU,,40.380001068115234,40.380001068115234,40.380001068115234,40.380001068115234,258.0
2025-06-26 15:33:00,AEON,,0.7531999945640564,0.7542999982833862,0.7531999945640564,0.7542999982833862,399.0
2025-06-26 15:33:00,AREN,,6.21999979019165,6.28000020980835,6.21999979019165,6.21999979019165,789.0
2025-06-26 15:33:00,ARMN,,6.800000190734863,6.800000190734863,6.789999961853027,6.79010009765625,2318.0
2025-06-26 15:33:00,ASM,,3.559999942779541,3.565000057220459,3.559999942779541,3.565000057220459,6497.0
2025-06-26 15:33:00,ATNM,,1.5950000286102295,1.5950000286102295,1.5950000286102295,1.5950000286102295,158.0
2025-06-26 15:33:00,BKTI,,55.505001068115234,55.505001068115234,55.505001068115234,55.505001068115234,579.0
2025-06-26 15:33:00,BRBS,,3.305000066757202,3.305000066757202,3.299999952316284,3.305000066757202,3456.0
2025-06-26 15:33:00,BRN,,1.215000033378601,1.215000033378601,1.215000033378601,1.215000033378601,202.0
2025-06-26 15:33:00,BTG,,3.625,3.6252999305725098,3.625,3.625,14123.0
2025-06-26 15:33:00,BURU,,0.3314000070095062,0.33149999380111694,0.3314000070095062,0.33149999380111694,1309.0
2025-06-26 15:33:00,CATX,,3.634999990463257,3.634999990463257,3.630000114440918,3.634999990463257,2099.0
2025-06-26 15:33:00,CBOE,,226.1300048828125,226.1300048828125,226.10000610351562,226.10000610351562,1545.0
2025-06-26 15:33:00,CEF,,30.38520050048828,30.38520050048828,30.385000228881836,30.385000228881836,1380.0
2025-06-26 15:33:00,CLDI,,0.22930000722408295,0.22930000722408295,0.22930000722408295,0.22930000722408295,1210.0
2025-06-26 15:33:00,CLM,,7.940000057220459,7.945000171661377,7.940000057220459,7.945000171661377,57247.0
2025-06-26 15:33:00,COE,,32.959999084472656,32.959999084472656,32.959999084472656,32.959999084472656,300.0
2025-06-26 15:33:00,CPHI,,1.7200000286102295,1.7999999523162842,1.7200000286102295,1.7999999523162842,1526.0
2025-06-26 15:33:00,CQP,,56.13999938964844,56.13999938964844,56.13999938964844,56.13999938964844,235.0
2025-06-26 15:33:00,CRF,,7.554999828338623,7.554999828338623,7.554999828338623,7.554999828338623,306.0
2025-06-26 15:33:00,CTGO,,20.8799991607666,20.8799991607666,20.8700008392334,20.8700008392334,237.0
2025-06-26 15:33:00,CYBN,,8.489999771118164,8.505000114440918,8.489999771118164,8.489999771118164,2500.0
2025-06-26 15:33:00,DC,,3.8066999912261963,3.8066999912261963,3.8066999912261963,3.8066999912261963,1022.0
2025-06-26 15:33:00,DNN,,1.840000033378601,1.840000033378601,1.840000033378601,1.840000033378601,981680.0
2025-06-26 15:33:00,ELA,,5.840000152587891,5.860000133514404,5.835000038146973,5.860000133514404,700.0
2025-06-26 15:33:00,ELMD,,21.459999084472656,21.510000228881836,21.459999084472656,21.510000228881836,798.0
2025-06-26 15:33:00,EQX,,5.885000228881836,5.889999866485596,5.880000114440918,5.889999866485596,13034.0
2025-06-26 15:33:00,EVI,,20.229999542236328,20.229999542236328,19.972700119018555,19.972700119018555,2036.0
2025-06-26 15:33:00,EVV,,10.1850004196167,10.1850004196167,10.180000305175781,10.1850004196167,2400.0
2025-06-26 15:33:00,FOXO,,0.20389999449253082,0.20399999618530273,0.20389999449253082,0.20389999449253082,3100.0
2025-06-26 15:33:00,GLO,,5.349999904632568,5.349999904632568,5.349999904632568,5.349999904632568,2386.0
2025-06-26 15:33:00,GLV,,5.619999885559082,5.619999885559082,5.619999885559082,5.619999885559082,249.0
2025-06-26 15:33:00,GNS,,1.1349999904632568,1.159999966621399,1.1100000143051147,1.1100000143051147,94998.0
2025-06-26 15:33:00,GORO,,0.5475999712944031,0.5475999712944031,0.5401009917259216,0.5401009917259216,2295.0
2025-06-26 15:33:00,GROY,,2.265000104904175,2.2699999809265137,2.259999990463257,2.265000104904175,957.0
2025-06-26 15:33:00,GSAT,,23.40999984741211,23.40999984741211,23.40999984741211,23.40999984741211,769.0
2025-06-26 15:33:00,HUSA,,12.729999542236328,12.729999542236328,12.65999984741211,12.65999984741211,390.0
2025-06-26 15:33:00,IBO,,0.9413999915122986,0.9415000081062317,0.9404000043869019,0.9404000043869019,6052.0
2025-06-26 15:33:00,IDR,,13.279999732971191,13.319999694824219,13.279999732971191,13.319999694824219,3865.0
2025-06-26 15:33:00,IE,,9.845000267028809,9.850000381469727,9.845000267028809,9.850000381469727,1615.0
2025-06-26 15:33:00,IMO,,81.02999877929688,81.04000091552734,81.02999877929688,81.02999877929688,913.0
2025-06-26 15:33:00,INFU,,6.380000114440918,6.400000095367432,6.380000114440918,6.400000095367432,2836.0
2025-06-26 15:33:00,ITP,,0.18389999866485596,0.18389999866485596,0.18389999866485596,0.18389999866485596,395.0
2025-06-26 15:33:00,ITRG,,1.534999966621399,1.534999966621399,1.534999966621399,1.534999966621399,109.0
2025-06-26 15:33:00,KULR,,5.15500020980835,5.15749979019165,5.15500020980835,5.15500020980835,2243.0
2025-06-26 15:33:00,LCTX,,0.9976000189781189,0.998199999332428,0.9968000054359436,0.9979000091552734,9653.0
2025-06-26 15:33:00,LEU,,174.01499938964844,174.2550048828125,174.00999450683594,174.0800018310547,2385.0
2025-06-26 15:33:00,LMND,,43.06999969482422,43.095001220703125,43.04999923706055,43.09000015258789,2945.0
2025-06-26 15:33:00,LNG,,242.0,242.0,241.90499877929688,241.90499877929688,2848.0
2025-06-26 15:33:00,LODE,,3.721100091934204,3.721100091934204,3.721100091934204,3.721100091934204,306.0
2025-06-26 15:33:00,MAG,,21.40999984741211,21.40999984741211,21.40999984741211,21.40999984741211,1300.0
2025-06-26 15:33:00,MAIA,,1.7383999824523926,1.7383999824523926,1.7383999824523926,1.7383999824523926,4030.0
2025-06-26 15:33:00,MPTI,,41.0099983215332,41.0099983215332,41.0099983215332,41.0099983215332,174.0
2025-06-26 15:33:00,MRT,,2.940000057220459,2.9600000381469727,2.940000057220459,2.950000047683716,5124.0
2025-06-26 15:33:00,MYO,,2.240000009536743,2.240000009536743,2.240000009536743,2.240000009536743,2371.0
2025-06-26 15:33:00,NCL,,0.18000000715255737,0.18000000715255737,0.17910000681877136,0.18000000715255737,5850.0
2025-06-26 15:33:00,NFGC,,1.475000023841858,1.475000023841858,1.475000023841858,1.475000023841858,101.0
2025-06-26 15:33:00,NG,,4.099999904632568,4.099999904632568,4.09499979019165,4.099999904632568,2904.0
2025-06-26 15:33:00,NGD,,4.914999961853027,4.920000076293945,4.909999847412109,4.914999961853027,59181.0
2025-06-26 15:33:00,NHS,,7.494999885559082,7.494999885559082,7.489999771118164,7.494999885559082,400.0
2025-06-26 15:33:00,NRXS,,2.575000047683716,2.575000047683716,2.575000047683716,2.575000047683716,100.0
2025-06-26 15:33:00,OPTT,,0.5199999809265137,0.5230000019073486,0.5199999809265137,0.5230000019073486,1999.0
2025-06-26 15:33:00,ORLA,,9.9399995803833,9.949999809265137,9.9399995803833,9.949999809265137,3305.0
2025-06-26 15:33:00,PHGE,,0.46000000834465027,0.46000000834465027,0.46000000834465027,0.46000000834465027,1900.0
2025-06-26 15:33:00,PLG,,1.6434999704360962,1.6497999429702759,1.6434999704360962,1.6497999429702759,2250.0
2025-06-26 15:33:00,PLX,,1.4850000143051147,1.4850000143051147,1.4800000190734863,1.4800000190734863,6007.0
2025-06-26 15:33:00,REI,,0.7702000141143799,0.7702000141143799,0.7702000141143799,0.7702000141143799,3198.0
2025-06-26 15:33:00,SATX,,2.9600000381469727,2.9600000381469727,2.9600000381469727,2.9600000381469727,3504.0
2025-06-26 15:33:00,SEB,,2947.0,2947.260009765625,2947.0,2947.260009765625,6.0
2025-06-26 15:33:00,SENS,,0.5009999871253967,0.5011000037193298,0.5009999871253967,0.5011000037193298,3718.0
2025-06-26 15:33:00,SGN,,1.1404000520706177,1.1404000520706177,1.1404000520706177,1.1404000520706177,130.0
2025-06-26 15:33:00,SLI,,1.934999942779541,1.934999942779541,1.934999942779541,1.934999942779541,105.0
2025-06-26 15:33:00,SVM,,4.199999809265137,4.199999809265137,4.179999828338623,4.190000057220459,92744.0
2025-06-26 15:33:00,TGB,,3.134999990463257,3.134999990463257,3.130000114440918,3.134999990463257,19650.0
2025-06-26 15:33:00,TRT,,5.369999885559082,5.369999885559082,5.360000133514404,5.369999885559082,705.0
2025-06-26 15:33:00,UAMY,,2.6600000858306885,2.684999942779541,2.6600000858306885,2.680000066757202,46103.0
2025-06-26 15:33:00,UAVS,,1.1449999809265137,1.1449999809265137,1.1399999856948853,1.1446000337600708,2007.0
2025-06-26 15:33:00,UEC,,7.010000228881836,7.010000228881836,7.002299785614014,7.007400035858154,13127.0
2025-06-26 15:33:00,URG,,1.0434999465942383,1.0449999570846558,1.0399999618530273,1.0449999570846558,925.0
2025-06-26 15:33:00,USAS,,0.8285999894142151,0.833549976348877,0.8285999894142151,0.833549976348877,879.0
2025-06-26 15:33:00,UUUU,,5.869999885559082,5.869999885559082,5.860000133514404,5.864999771118164,5976.0
2025-06-26 15:33:00,VGZ,,1.024999976158142,1.024999976158142,1.024999976158142,1.024999976158142,200.0
2025-06-26 15:33:00,VKI,,8.210000038146973,8.210000038146973,8.210000038146973,8.210000038146973,104.0
2025-06-26 15:33:00,VZLA,,2.9749999046325684,2.9749999046325684,2.9700000286102295,2.9749999046325684,1238.0
2025-06-26 15:33:00,WWR,,0.6000999808311462,0.6000999808311462,0.6000999808311462,0.6000999808311462,2284.0
2025-06-26 15:34:00,AREN,,6.264999866485596,6.300000190734863,6.21999979019165,6.21999979019165,6658.0
2025-06-26 15:34:00,ARMN,,6.800000190734863,6.800000190734863,6.79010009765625,6.79010009765625,4450.0
2025-06-26 15:34:00,ASM,,3.569999933242798,3.569999933242798,3.559999942779541,3.5622000694274902,3189.0
2025-06-26 15:34:00,ATNM,,1.5950000286102295,1.5950000286102295,1.5950000286102295,1.5950000286102295,275.0
2025-06-26 15:34:00,BEEP,,4.195000171661377,4.195000171661377,4.195000171661377,4.195000171661377,235.0
2025-06-26 15:34:00,BKTI,,55.79999923706055,55.79999923706055,55.79999923706055,55.79999923706055,1618.0
2025-06-26 15:34:00,BRBS,,3.305000066757202,3.305000066757202,3.305000066757202,3.305000066757202,360.0
2025-06-26 15:34:00,BRN,,1.190000057220459,1.190000057220459,1.190000057220459,1.190000057220459,319.0
2025-06-26 15:34:00,BTG,,3.630000114440918,3.630000114440918,3.6245999336242676,3.6245999336242676,8204.0
2025-06-26 15:34:00,BURU,,0.3328999876976013,0.33320000767707825,0.3319999873638153,0.3319999873638153,2335.0
2025-06-26 15:34:00,CATX,,3.625,3.634999990463257,3.625,3.634999990463257,2336.0
2025-06-26 15:34:00,CBOE,,226.36000061035156,226.36000061035156,226.1925048828125,226.22999572753906,2348.0
2025-06-26 15:34:00,CLDI,,0.22120000422000885,0.22120000422000885,0.22120000422000885,0.22120000422000885,1500.0
2025-06-26 15:34:00,CLM,,7.940000057220459,7.949900150299072,7.940000057220459,7.945000171661377,2331.0
2025-06-26 15:34:00,COE,,32.97999954223633,32.97999954223633,32.97999954223633,32.97999954223633,405.0
2025-06-26 15:34:00,CQP,,56.13999938964844,56.13999938964844,56.13999938964844,56.13999938964844,663.0
2025-06-26 15:34:00,CRF,,7.554999828338623,7.559999942779541,7.554999828338623,7.559999942779541,3161.0
2025-06-26 15:34:00,CTGO,,20.899999618530273,20.899999618530273,20.84000015258789,20.8799991607666,1401.0
2025-06-26 15:34:00,CTM,,1.0549999475479126,1.0549999475479126,1.0549999475479126,1.0549999475479126,200.0
2025-06-26 15:34:00,CVU,,3.490000009536743,3.490000009536743,3.490000009536743,3.490000009536743,365.0
2025-06-26 15:34:00,CYBN,,8.5,8.5,8.489999771118164,8.489999771118164,366.0
2025-06-26 15:34:00,DC,,3.809999942779541,3.809999942779541,3.809999942779541,3.809999942779541,887.0
2025-06-26 15:34:00,DNN,,1.840000033378601,1.840000033378601,1.840000033378601,1.840000033378601,183085.0
2025-06-26 15:34:00,EAD,,6.974999904632568,6.974999904632568,6.974999904632568,6.974999904632568,100.0
2025-06-26 15:34:00,EP,,5.429999828338623,5.429999828338623,5.429999828338623,5.429999828338623,196.0
2025-06-26 15:34:00,EQX,,5.894999980926514,5.900000095367432,5.885000228881836,5.889999866485596,112800.0
2025-06-26 15:34:00,ERC,,9.420000076293945,9.430000305175781,9.420000076293945,9.430000305175781,672.0
2025-06-26 15:34:00,EVI,,20.1200008392334,20.1200008392334,19.934999465942383,19.934999465942383,732.0
2025-06-26 15:34:00,EVM,,8.84000015258789,8.84000015258789,8.84000015258789,8.84000015258789,285.0
2025-06-26 15:34:00,EVV,,10.180000305175781,10.1899995803833,10.180000305175781,10.180000305175781,7207.0
2025-06-26 15:34:00,FOXO,,0.20190000534057617,0.20389999449253082,0.20190000534057617,0.20389999449253082,2502.0
2025-06-26 15:34:00,FSP,,1.6950000524520874,1.6950000524520874,1.684999942779541,1.684999942779541,10288.0
2025-06-26 15:34:00,FTF,,6.389999866485596,6.389999866485596,6.389999866485596,6.389999866485596,100.0
2025-06-26 15:34:00,GAU,,1.2799999713897705,1.2799999713897705,1.2799999713897705,1.2799999713897705,3656.0
2025-06-26 15:34:00,GENC,,14.600099563598633,14.600099563598633,14.600000381469727,14.600000381469727,222.0
2025-06-26 15:34:00,GLDG,,0.7443000078201294,0.7443000078201294,0.7443000078201294,0.7443000078201294,219.0
2025-06-26 15:34:00,GNS,,1.1506999731063843,1.1598000526428223,1.1299999952316284,1.1302000284194946,57481.0
2025-06-26 15:34:00,GORO,,0.5475000143051147,0.5475000143051147,0.5475000143051147,0.5475000143051147,100.0
2025-06-26 15:34:00,GROY,,2.26990008354187,2.2699999809265137,2.259999990463257,2.265000104904175,20053.0
2025-06-26 15:34:00,GSAT,,23.40999984741211,23.40999984741211,23.40999984741211,23.40999984741211,201.0
2025-06-26 15:34:00,IBO,,0.9404000043869019,0.9404000043869019,0.9404000043869019,0.9404000043869019,529.0
2025-06-26 15:34:00,IDR,,13.300000190734863,13.300000190734863,13.279999732971191,13.279999732971191,1799.0
2025-06-26 15:34:00,IE,,9.850000381469727,9.859999656677246,9.845000267028809,9.859999656677246,1153.0
2025-06-26 15:34:00,IGC,,0.3073999881744385,0.3073999881744385,0.3073999881744385,0.3073999881744385,198.0
2025-06-26 15:34:00,IMO,,81.01499938964844,81.01499938964844,81.01499938964844,81.01499938964844,406.0
2025-06-26 15:34:00,INDO,,3.0201001167297363,3.0292999744415283,3.0199999809265137,3.0292999744415283,1765.0
2025-06-26 15:34:00,INFU,,6.375,6.380000114440918,6.375,6.380000114440918,403.0
2025-06-26 15:34:00,ITP,,0.18554900586605072,0.18554900586605072,0.18554900586605072,0.18554900586605072,1102.0
2025-06-26 15:34:00,ITRG,,1.5354000329971313,1.5354000329971313,1.5354000329971313,1.5354000329971313,1218.0
2025-06-26 15:34:00,KNW,,1.8799999952316284,1.8799999952316284,1.8799999952316284,1.8799999952316284,180.0
2025-06-26 15:34:00,KULR,,5.15500020980835,5.159900188446045,5.153800010681152,5.15500020980835,3065.0
2025-06-26 15:34:00,LCTX,,0.9936000108718872,0.9962000250816345,0.9936000108718872,0.9962000250816345,27738.0
2025-06-26 15:34:00,LEU,,174.1199951171875,174.1199951171875,174.01499938964844,174.1199951171875,2150.0
2025-06-26 15:34:00,LMND,,43.099998474121094,43.099998474121094,43.060001373291016,43.060001373291016,2209.0
2025-06-26 15:34:00,LNG,,242.11000061035156,242.11000061035156,242.0800018310547,242.0800018310547,1375.0
2025-06-26 15:34:00,MAG,,21.423500061035156,21.423500061035156,21.405000686645508,21.405000686645508,876.0
2025-06-26 15:34:00,MTA,,3.9200000762939453,3.9200000762939453,3.9200000762939453,3.9200000762939453,100.0
2025-06-26 15:34:00,NAK,,1.5549999475479126,1.5597000122070312,1.5549999475479126,1.5597000122070312,11387.0
2025-06-26 15:34:00,NCL,,0.18000000715255737,0.18000000715255737,0.18000000715255737,0.18000000715255737,2958.0
2025-06-26 15:34:00,NFGC,,1.4800000190734863,1.4800000190734863,1.4800000190734863,1.4800000190734863,2374.0
2025-06-26 15:34:00,NG,,4.099999904632568,4.099999904632568,4.090000152587891,4.09499979019165,5551.0
2025-06-26 15:34:00,NGD,,4.914999961853027,4.919899940490723,4.909999847412109,4.914999961853027,23095.0
2025-06-26 15:34:00,NHS,,7.49459981918335,7.49459981918335,7.49459981918335,7.49459981918335,240.0
2025-06-26 15:34:00,OPTT,,0.5218999981880188,0.5218999981880188,0.5200999975204468,0.520999014377594,3675.0
2025-06-26 15:34:00,ORLA,,9.949999809265137,9.949999809265137,9.9399995803833,9.9399995803833,3157.0
2025-06-26 15:34:00,OSTX,,1.8535000085830688,1.8535000085830688,1.8535000085830688,1.8535000085830688,501.0
2025-06-26 15:34:00,PLG,,1.6399999856948853,1.6449999809265137,1.6399999856948853,1.6449999809265137,431.0
2025-06-26 15:34:00,PLMR,,153.22000122070312,153.22000122070312,153.22000122070312,153.22000122070312,825.0
2025-06-26 15:34:00,PLX,,1.4850000143051147,1.4850000143051147,1.4800000190734863,1.4850000143051147,1159.0
2025-06-26 15:34:00,PW,,1.100000023841858,1.100000023841858,1.100000023841858,1.100000023841858,100.0
2025-06-26 15:34:00,PZG,,0.6171000003814697,0.6171000003814697,0.6171000003814697,0.6171000003814697,1022.0
2025-06-26 15:34:00,REI,,0.7702000141143799,0.7702500224113464,0.7702000141143799,0.7702000141143799,3113.0
2025-06-26 15:34:00,SATX,,2.9600000381469727,2.9649999141693115,2.9600000381469727,2.9600000381469727,512.0
2025-06-26 15:34:00,SBEV,,3.930000066757202,4.039899826049805,3.930000066757202,4.039899826049805,569.0
2025-06-26 15:34:00,SEB,,2944.010009765625,2947.169921875,2942.85009765625,2944.0,23.0
2025-06-26 15:34:00,SENS,,0.5011000037193298,0.5011000037193298,0.5009999871253967,0.5009999871253967,1200.0
2025-06-26 15:34:00,SKYH,,9.619999885559082,9.619999885559082,9.609999656677246,9.609999656677246,1846.0
2025-06-26 15:34:00,SLI,,1.934999942779541,1.934999942779541,1.9333000183105469,1.9333000183105469,1750.0
2025-06-26 15:34:00,STXS,,2.194999933242798,2.200000047683716,2.194999933242798,2.200000047683716,210.0
2025-06-26 15:34:00,SVM,,4.195000171661377,4.195000171661377,4.190000057220459,4.190000057220459,2393.0
2025-06-26 15:34:00,SVT,,46.95000076293945,46.95000076293945,46.95000076293945,46.95000076293945,1595.0
2025-06-26 15:34:00,TGB,,3.134999990463257,3.134999990463257,3.1303999423980713,3.134999990463257,3329.0
2025-06-26 15:34:00,THM,,0.878000020980835,0.878000020980835,0.878000020980835,0.878000020980835,3400.0
2025-06-26 15:34:00,TMQ,,1.4700000286102295,1.4700000286102295,1.4700000286102295,1.4700000286102295,2383.0
2025-06-26 15:34:00,TOON,,0.7526000142097473,0.7623999714851379,0.7526000142097473,0.7526000142097473,40282.0
2025-06-26 15:34:00,UAMY,,2.6549999713897705,2.6600000858306885,2.6500000953674316,2.6600000858306885,5669.0
2025-06-26 15:34:00,UEC,,7.009900093078613,7.010000228881836,7.0,7.005000114440918,11503.0
2025-06-26 15:34:00,URG,,1.0499999523162842,1.0499999523162842,1.0399999618530273,1.0399999618530273,16550.0
2025-06-26 15:34:00,USAS,,0.8300999999046326,0.8302000164985657,0.8285999894142151,0.8285999894142151,3772.0
2025-06-26 15:34:00,UTG,,35.55500030517578,35.55500030517578,35.54999923706055,35.54999923706055,1105.0
2025-06-26 15:34:00,UUUU,,5.875,5.875,5.860000133514404,5.864999771118164,32144.0
2025-06-26 15:34:00,VGZ,,1.024999976158142,1.024999976158142,1.024999976158142,1.024999976158142,100.0
2025-06-26 15:34:00,VTAK,,0.2492000013589859,0.2492000013589859,0.24879999458789825,0.24879999458789825,600.0
2025-06-26 15:34:00,VZLA,,2.9749999046325684,2.9749999046325684,2.971100091934204,2.9749999046325684,12203.0
2025-06-26 15:35:00,AREN,,6.300000190734863,6.300000190734863,6.264999866485596,6.264999866485596,2184.0
2025-06-26 15:35:00,ARMN,,6.804999828338623,6.804999828338623,6.800000190734863,6.800000190734863,10529.0
2025-06-26 15:35:00,ASM,,3.565000057220459,3.565000057220459,3.565000057220459,3.565000057220459,30437.0
2025-06-26 15:35:00,ATNM,,1.5950000286102295,1.5950000286102295,1.5950000286102295,1.5950000286102295,301.0
2025-06-26 15:35:00,BATL,,1.4800000190734863,1.4800000190734863,1.4800000190734863,1.4800000190734863,321.0
2025-06-26 15:35:00,BKTI,,55.75,56.0,55.75,56.0,462.0
2025-06-26 15:35:00,BRBS,,3.305000066757202,3.305000066757202,3.305000066757202,3.305000066757202,722.0
2025-06-26 15:35:00,BTG,,3.625,3.630000114440918,3.619999885559082,3.619999885559082,13729.0
2025-06-26 15:35:00,BURU,,0.335099995136261,0.3357999920845032,0.3321000039577484,0.33219999074935913,6050.0
2025-06-26 15:35:00,CATX,,3.625,3.6500000953674316,3.625,3.625,23908.0
2025-06-26 15:35:00,CBOE,,226.2899932861328,226.2899932861328,226.2899932861328,226.2899932861328,582.0
2025-06-26 15:35:00,CEF,,30.385000228881836,30.385000228881836,30.3799991607666,30.3799991607666,858.0
2025-06-26 15:35:00,CLDI,,0.22920000553131104,0.22920000553131104,0.22920000553131104,0.22920000553131104,960.0
2025-06-26 15:35:00,CLM,,7.940000057220459,7.949999809265137,7.940000057220459,7.945000171661377,2008.0
2025-06-26 15:35:00,CMCL,,19.209999084472656,19.209999084472656,19.200000762939453,19.200000762939453,502.0
2025-06-26 15:35:00,CMT,,17.121400833129883,17.121400833129883,17.121400833129883,17.121400833129883,494.0
2025-06-26 15:35:00,CQP,,56.279998779296875,56.279998779296875,56.099998474121094,56.099998474121094,4005.0
2025-06-26 15:35:00,CRF,,7.557499885559082,7.559899806976318,7.554999828338623,7.554999828338623,1316.0
2025-06-26 15:35:00,CTGO,,20.84000015258789,20.84000015258789,20.84000015258789,20.84000015258789,248.0
2025-06-26 15:35:00,CTM,,1.059999942779541,1.059999942779541,1.059999942779541,1.059999942779541,100.0
2025-06-26 15:35:00,CYBN,,8.5,8.5,8.5,8.5,692.0
2025-06-26 15:35:00,DC,,3.809999942779541,3.809999942779541,3.809999942779541,3.809999942779541,229.0
2025-06-26 15:35:00,DNN,,1.8450000286102295,1.850000023841858,1.840000033378601,1.840000033378601,863048.0
2025-06-26 15:35:00,ELA,,5.849999904632568,5.849999904632568,5.840000152587891,5.840000152587891,479.0
2025-06-26 15:35:00,ELMD,,21.50860023498535,21.510000228881836,21.46500015258789,21.510000228881836,1334.0
2025-06-26 15:35:00,EPM,,4.769999980926514,4.769999980926514,4.769999980926514,4.769999980926514,210.0
2025-06-26 15:35:00,EQX,,5.894999980926514,5.900000095367432,5.889999866485596,5.889999866485596,17833.0
2025-06-26 15:35:00,ERC,,9.430000305175781,9.430000305175781,9.430000305175781,9.430000305175781,700.0
2025-06-26 15:35:00,EVI,,20.274999618530273,20.274999618530273,20.049999237060547,20.049999237060547,727.0
2025-06-26 15:35:00,EVM,,8.849900245666504,8.849900245666504,8.849900245666504,8.849900245666504,225.0
2025-06-26 15:35:00,EVV,,10.180000305175781,10.180000305175781,10.180000305175781,10.180000305175781,666.0
2025-06-26 15:35:00,FOXO,,0.20190000534057617,0.20200000703334808,0.20190000534057617,0.20190000534057617,537.0
2025-06-26 15:35:00,FSP,,1.6950000524520874,1.6950000524520874,1.6950000524520874,1.6950000524520874,1389.0
2025-06-26 15:35:00,FTF,,6.389999866485596,6.389999866485596,6.389999866485596,6.389999866485596,100.0
2025-06-26 15:35:00,GENC,,14.612700462341309,14.612700462341309,14.581600189208984,14.581600189208984,377.0
2025-06-26 15:35:00,GLO,,5.349999904632568,5.360000133514404,5.349999904632568,5.349999904632568,11961.0
2025-06-26 15:35:00,GNS,,1.1698999404907227,1.1698999404907227,1.149999976158142,1.1549999713897705,141175.0
2025-06-26 15:35:00,GORO,,0.5440000295639038,0.5479000210762024,0.5440000295639038,0.5475000143051147,8396.0
2025-06-26 15:35:00,GROY,,2.2750000953674316,2.2799999713897705,2.26990008354187,2.26990008354187,40059.0
2025-06-26 15:35:00,GSAT,,23.43000030517578,23.43000030517578,23.43000030517578,23.43000030517578,1799.0
2025-06-26 15:35:00,GTE,,5.010000228881836,5.010000228881836,5.010000228881836,5.010000228881836,524.0
2025-06-26 15:35:00,IBO,,0.9404000043869019,0.9404000043869019,0.9404000043869019,0.9404000043869019,1594.0
2025-06-26 15:35:00,IDR,,13.3100004196167,13.319999694824219,13.3100004196167,13.3100004196167,1825.0
2025-06-26 15:35:00,IE,,9.819999694824219,9.859999656677246,9.819999694824219,9.845000267028809,14089.0
2025-06-26 15:35:00,IMO,,81.0199966430664,81.0199966430664,81.0199966430664,81.0199966430664,607.0
2025-06-26 15:35:00,INDO,,3.0250000953674316,3.0250000953674316,3.0202999114990234,3.0202999114990234,1033.0
2025-06-26 15:35:00,KNW,,1.8849999904632568,1.8849999904632568,1.8849999904632568,1.8849999904632568,301.0
2025-06-26 15:35:00,KULR,,5.144999980926514,5.15500020980835,5.144999980926514,5.15500020980835,18986.0
2025-06-26 15:35:00,LCTX,,0.9932000041007996,0.9941989779472351,0.9930999875068665,0.9934999942779541,14029.0
2025-06-26 15:35:00,LEU,,174.4199981689453,174.46499633789062,174.4199981689453,174.46499633789062,933.0
2025-06-26 15:35:00,LMND,,43.13999938964844,43.15999984741211,43.071800231933594,43.071800231933594,5617.0
2025-06-26 15:35:00,LNG,,242.16000366210938,242.25999450683594,242.11000061035156,242.11000061035156,6135.0
2025-06-26 15:35:00,LODE,,3.7360000610351562,3.7360000610351562,3.7200000286102295,3.7200000286102295,407.0
2025-06-26 15:35:00,MAG,,21.429000854492188,21.43000030517578,21.429000854492188,21.43000030517578,671.0
2025-06-26 15:35:00,MITQ,,0.6700000166893005,0.6700000166893005,0.6700000166893005,0.6700000166893005,827.0
2025-06-26 15:35:00,MRT,,2.9200000762939453,2.946000099182129,2.9200000762939453,2.946000099182129,1195.0
2025-06-26 15:35:00,MTA,,3.924999952316284,3.930000066757202,3.924999952316284,3.924999952316284,4361.0
2025-06-26 15:35:00,NAK,,1.5549999475479126,1.5549999475479126,1.5535999536514282,1.5535999536514282,4029.0
2025-06-26 15:35:00,NFGC,,1.4850000143051147,1.4850000143051147,1.475000023841858,1.4800000190734863,6969.0
2025-06-26 15:35:00,NG,,4.099999904632568,4.099999904632568,4.090000152587891,4.099999904632568,2816.0
2025-06-26 15:35:00,NGD,,4.914999961853027,4.914999961853027,4.909999847412109,4.914999961853027,16184.0
2025-06-26 15:35:00,NHC,,108.25,108.25,108.25,108.25,295.0
2025-06-26 15:35:00,NHS,,7.494999885559082,7.494999885559082,7.494999885559082,7.494999885559082,190.0
2025-06-26 15:35:00,NNVC,,1.225000023841858,1.2300000190734863,1.225000023841858,1.2300000190734863,2150.0
2025-06-26 15:35:00,OBE,,5.474999904632568,5.480000019073486,5.474999904632568,5.474999904632568,1611.0
2025-06-26 15:35:00,OPTT,,0.5199999809265137,0.5220000147819519,0.5199999809265137,0.5220000147819519,4115.0
2025-06-26 15:35:00,ORLA,,9.968799591064453,9.970000267028809,9.949999809265137,9.949999809265137,5782.0
2025-06-26 15:35:00,PLG,,1.6399999856948853,1.6399999856948853,1.6399999856948853,1.6399999856948853,2098.0
2025-06-26 15:35:00,PLMR,,153.2100067138672,153.36500549316406,153.2100067138672,153.27999877929688,3276.0
2025-06-26 15:35:00,PLX,,1.4800000190734863,1.4850000143051147,1.4800000190734863,1.4850000143051147,315.0
2025-06-26 15:35:00,REI,,0.7702000141143799,0.7702999711036682,0.7702000141143799,0.7702000141143799,5380.0
2025-06-26 15:35:00,REPX,,26.729999542236328,26.729999542236328,26.704999923706055,26.709999084472656,733.0
2025-06-26 15:35:00,RLGT,,6.065000057220459,6.065000057220459,6.065000057220459,6.065000057220459,317.0
2025-06-26 15:35:00,SATX,,2.9600000381469727,2.9600000381469727,2.9600000381469727,2.9600000381469727,414.0
2025-06-26 15:35:00,SEB,,2938.0,2944.25,2938.0,2944.25,7.0
2025-06-26 15:35:00,SENS,,0.5009999871253967,0.5009999871253967,0.5009999871253967,0.5009999871253967,258.0
2025-06-26 15:35:00,SGN,,1.1399999856948853,1.1449999809265137,1.1399999856948853,1.1449999809265137,3300.0
2025-06-26 15:35:00,SKYH,,9.619999885559082,9.619999885559082,9.619999885559082,9.619999885559082,586.0
2025-06-26 15:35:00,SLI,,1.934999942779541,1.934999942779541,1.934999942779541,1.934999942779541,609.0
2025-06-26 15:35:00,SSY,,0.8575999736785889,0.8610000014305115,0.8504999876022339,0.8610000014305115,2155.0
2025-06-26 15:35:00,STRW,,10.649999618530273,10.649999618530273,10.649999618530273,10.649999618530273,234.0
2025-06-26 15:35:00,STXS,,2.194999933242798,2.194999933242798,2.194999933242798,2.194999933242798,292.0
2025-06-26 15:35:00,SVM,,4.195000171661377,4.195000171661377,4.195000171661377,4.195000171661377,3666.0
2025-06-26 15:35:00,TGB,,3.1347999572753906,3.1364998817443848,3.130000114440918,3.130000114440918,4224.0
2025-06-26 15:35:00,TMQ,,1.475000023841858,1.475000023841858,1.4700000286102295,1.4700000286102295,500.0
2025-06-26 15:35:00,TOON,,0.727400004863739,0.75,0.7192999720573425,0.75,81653.0
2025-06-26 15:35:00,UAMY,,2.6447999477386475,2.6600000858306885,2.640000104904175,2.6600000858306885,48629.0
2025-06-26 15:35:00,UAVS,,1.1399999856948853,1.1449999809265137,1.1399999856948853,1.1449999809265137,1648.0
2025-06-26 15:35:00,UEC,,7.005000114440918,7.019999980926514,7.001500129699707,7.010000228881836,147777.0
2025-06-26 15:35:00,URG,,1.0449999570846558,1.0449999570846558,1.0399999618530273,1.0449999570846558,1004.0
2025-06-26 15:35:00,USAS,,0.836899995803833,0.8396999835968018,0.8303999900817871,0.8303999900817871,20361.0
2025-06-26 15:35:00,UTG,,35.55500030517578,35.55500030517578,35.55500030517578,35.55500030517578,990.0
2025-06-26 15:35:00,UUUU,,5.880000114440918,5.885000228881836,5.869999885559082,5.875,41141.0
2025-06-26 15:35:00,VGZ,,1.0211999416351318,1.0211999416351318,1.0211999416351318,1.0211999416351318,999.0
2025-06-26 15:35:00,VNRX,,0.8449000120162964,0.8449000120162964,0.8424000144004822,0.8424000144004822,1333.0
2025-06-26 15:35:00,VZLA,,2.9800000190734863,2.9800000190734863,2.9700000286102295,2.9749999046325684,13953.0
2025-06-26 15:35:00,WWR,,0.599399983882904,0.6000000238418579,0.599399983882904,0.6000000238418579,4457.0
2025-06-26 15:35:00,WYY,,3.3450000286102295,3.3450000286102295,3.3450000286102295,3.3450000286102295,184.0
2025-06-26 15:35:00,XPL,,0.661300003528595,0.661300003528595,0.661300003528595,0.661300003528595,210.0
2025-06-26 15:36:00,AEON,,0.7524999976158142,0.7542999982833862,0.7524999976158142,0.7531999945640564,2864.0
2025-06-26 15:36:00,AREN,,6.269999980926514,6.269999980926514,6.264999866485596,6.264999866485596,1015.0
2025-06-26 15:36:00,ARMN,,6.804999828338623,6.804999828338623,6.800000190734863,6.804999828338623,1626.0
2025-06-26 15:36:00,ASM,,3.565000057220459,3.565000057220459,3.559999942779541,3.565000057220459,9215.0
2025-06-26 15:36:00,ATNM,,1.5950000286102295,1.5950000286102295,1.5908000469207764,1.5950000286102295,511.0
2025-06-26 15:36:00,BKTI,,55.97999954223633,55.97999954223633,55.97999954223633,55.97999954223633,283.0
2025-06-26 15:36:00,BTG,,3.625,3.630000114440918,3.625,3.625,15037.0
2025-06-26 15:36:00,BURU,,0.3330000042915344,0.33535099029541016,0.3325999975204468,0.33535000681877136,8897.0
2025-06-26 15:36:00,CATX,,3.615000009536743,3.625,3.615000009536743,3.625,3723.0
2025-06-26 15:36:00,CCEL,,5.309999942779541,5.309999942779541,5.309999942779541,5.309999942779541,281.0
2025-06-26 15:36:00,CEF,,30.385000228881836,30.385000228881836,30.385000228881836,30.385000228881836,412.0
2025-06-26 15:36:00,CET,,47.529998779296875,47.529998779296875,47.529998779296875,47.529998779296875,176.0
2025-06-26 15:36:00,CLM,,7.940000057220459,7.945000171661377,7.940000057220459,7.940000057220459,1692.0
2025-06-26 15:36:00,CQP,,56.380001068115234,56.380001068115234,56.310001373291016,56.310001373291016,443.0
2025-06-26 15:36:00,CRF,,7.554999828338623,7.554999828338623,7.554999828338623,7.554999828338623,193.0
2025-06-26 15:36:00,CTM,,1.0549999475479126,1.0598000288009644,1.0549999475479126,1.05649995803833,730.0
2025-06-26 15:36:00,CVU,,3.490000009536743,3.490000009536743,3.490000009536743,3.490000009536743,110.0
2025-06-26 15:36:00,CYBN,,8.484999656677246,8.484999656677246,8.484999656677246,8.484999656677246,220.0
2025-06-26 15:36:00,DC,,3.805000066757202,3.809999942779541,3.805000066757202,3.809999942779541,653.0
2025-06-26 15:36:00,DNN,,1.840000033378601,1.850000023841858,1.840000033378601,1.840000033378601,137255.0
2025-06-26 15:36:00,EAD,,6.976500034332275,6.976500034332275,6.976500034332275,6.976500034332275,1150.0
2025-06-26 15:36:00,ELA,,5.840000152587891,5.849999904632568,5.840000152587891,5.849999904632568,568.0
2025-06-26 15:36:00,EQX,,5.894999980926514,5.900000095367432,5.889999866485596,5.894999980926514,9456.0
2025-06-26 15:36:00,ESP,,45.46989822387695,45.46989822387695,45.46989822387695,45.46989822387695,156.0
2025-06-26 15:36:00,EVI,,20.274999618530273,20.274999618530273,20.274999618530273,20.274999618530273,296.0
2025-06-26 15:36:00,FOXO,,0.20010000467300415,0.20190000534057617,0.20010000467300415,0.20190000534057617,10140.0
2025-06-26 15:36:00,FTF,,6.389999866485596,6.389999866485596,6.389999866485596,6.389999866485596,100.0
2025-06-26 15:36:00,GAU,,1.284999966621399,1.284999966621399,1.284999966621399,1.284999966621399,312.0
2025-06-26 15:36:00,GLDG,,0.7450000047683716,0.7450000047683716,0.7450000047683716,0.7450000047683716,540.0
2025-06-26 15:36:00,GLO,,5.360000133514404,5.360000133514404,5.355000019073486,5.355000019073486,6621.0
2025-06-26 15:36:00,GNS,,1.1749999523162842,1.1799999475479126,1.1540000438690186,1.1699999570846558,39575.0
2025-06-26 15:36:00,GORO,,0.545799970626831,0.5479000210762024,0.545799970626831,0.5479000210762024,1202.0
2025-06-26 15:36:00,GROY,,2.2750000953674316,2.276700019836426,2.2699999809265137,2.2750000953674316,6702.0
2025-06-26 15:36:00,GSAT,,23.459999084472656,23.459999084472656,23.459999084472656,23.459999084472656,1168.0
2025-06-26 15:36:00,GTE,,5.000100135803223,5.000100135803223,5.000100135803223,5.000100135803223,285.0
2025-06-26 15:36:00,HUSA,,12.670000076293945,12.670000076293945,12.661399841308594,12.661399841308594,288.0
2025-06-26 15:36:00,IBO,,0.940500020980835,0.940500020980835,0.940500020980835,0.940500020980835,891.0
2025-06-26 15:36:00,IE,,9.829999923706055,9.829999923706055,9.829999923706055,9.829999923706055,1678.0
2025-06-26 15:36:00,IMO,,80.956298828125,81.0,80.956298828125,81.0,508.0
2025-06-26 15:36:00,INDO,,3.0299999713897705,3.0299999713897705,3.0232999324798584,3.0299999713897705,1351.0
2025-06-26 15:36:00,INFU,,6.375,6.375,6.375,6.375,132.0
2025-06-26 15:36:00,ITRG,,1.534999966621399,1.534999966621399,1.534999966621399,1.534999966621399,718.0
2025-06-26 15:36:00,JOB,,0.20000000298023224,0.20000000298023224,0.20000000298023224,0.20000000298023224,1002.0
2025-06-26 15:36:00,KULR,,5.148499965667725,5.148499965667725,5.144999980926514,5.144999980926514,2936.0
2025-06-26 15:36:00,LCTX,,0.9940999746322632,0.9950000047683716,0.9932000041007996,0.9932000041007996,5364.0
2025-06-26 15:36:00,LEU,,174.44000244140625,174.52499389648438,174.43499755859375,174.43499755859375,913.0
2025-06-26 15:36:00,LMND,,43.150001525878906,43.150001525878906,43.12009811401367,43.12009811401367,1355.0
2025-06-26 15:36:00,LNG,,242.13499450683594,242.22000122070312,242.1300048828125,242.14999389648438,2995.0
2025-06-26 15:36:00,MAG,,21.434999465942383,21.440000534057617,21.43000030517578,21.43000030517578,2427.0
2025-06-26 15:36:00,MAIA,,1.725000023841858,1.725000023841858,1.725000023841858,1.725000023841858,675.0
2025-06-26 15:36:00,MRT,,2.9149999618530273,2.930000066757202,2.9149999618530273,2.924999952316284,905.0
2025-06-26 15:36:00,MSN,,0.3806000053882599,0.38600000739097595,0.3806000053882599,0.38600000739097595,9660.0
2025-06-26 15:36:00,MTA,,3.9200000762939453,3.9200000762939453,3.9200000762939453,3.9200000762939453,209.0
2025-06-26 15:36:00,MWG,,0.25749900937080383,0.25749900937080383,0.25749900937080383,0.25749900937080383,100.0
2025-06-26 15:36:00,NAK,,1.5549999475479126,1.5549999475479126,1.5499999523162842,1.5549999475479126,10223.0
2025-06-26 15:36:00,NCL,,0.18000000715255737,0.18000000715255737,0.18000000715255737,0.18000000715255737,1456.0
2025-06-26 15:36:00,NFGC,,1.4850000143051147,1.4850000143051147,1.4850000143051147,1.4850000143051147,304.0
2025-06-26 15:36:00,NG,,4.099999904632568,4.105000019073486,4.091899871826172,4.099999904632568,44428.0
2025-06-26 15:36:00,NGD,,4.914999961853027,4.920000076293945,4.909999847412109,4.920000076293945,31330.0
2025-06-26 15:36:00,OBE,,5.474999904632568,5.474999904632568,5.474999904632568,5.474999904632568,161.0
2025-06-26 15:36:00,OPTT,,0.5189999938011169,0.5210000276565552,0.5189999938011169,0.5190010070800781,10618.0
2025-06-26 15:36:00,ORLA,,9.975000381469727,9.975000381469727,9.970000267028809,9.970000267028809,3642.0
2025-06-26 15:36:00,PLG,,1.6449999809265137,1.6449999809265137,1.6449999809265137,1.6449999809265137,168.0
2025-06-26 15:36:00,PLMR,,153.17999267578125,153.19000244140625,153.17999267578125,153.19000244140625,660.0
2025-06-26 15:36:00,PLX,,1.4850000143051147,1.4850000143051147,1.4850000143051147,1.4850000143051147,222.0
2025-06-26 15:36:00,PZG,,0.6172000169754028,0.6172000169754028,0.6172000169754028,0.6172000169754028,621.0
2025-06-26 15:36:00,REI,,0.7702000141143799,0.7702500224113464,0.7702000141143799,0.7702000141143799,662.0
2025-06-26 15:36:00,REPX,,26.704999923706055,26.704999923706055,26.704999923706055,26.704999923706055,152.0
2025-06-26 15:36:00,SATX,,2.9600000381469727,2.9600000381469727,2.9600000381469727,2.9600000381469727,841.0
2025-06-26 15:36:00,SBEV,,4.010000228881836,4.039999961853027,4.010000228881836,4.03000020980835,1605.0
2025-06-26 15:36:00,SEB,,2946.280029296875,2946.280029296875,2943.25,2943.25,4.0
2025-06-26 15:36:00,SENS,,0.5008999705314636,0.5010499954223633,0.5008999705314636,0.5010499954223633,2424.0
2025-06-26 15:36:00,SGN,,1.1402000188827515,1.1449999809265137,1.1399999856948853,1.1399999856948853,3210.0
2025-06-26 15:36:00,SLI,,1.934999942779541,1.934999942779541,1.934999942779541,1.934999942779541,206.0
2025-06-26 15:36:00,SOAR,,1.3650000095367432,1.3700000047683716,1.3650000095367432,1.3650000095367432,2693.0
2025-06-26 15:36:00,SVM,,4.199999809265137,4.199999809265137,4.195000171661377,4.199999809265137,53281.0
2025-06-26 15:36:00,TGB,,3.134999990463257,3.134999990463257,3.130000114440918,3.134999990463257,1712.0
2025-06-26 15:36:00,TMQ,,1.475000023841858,1.475000023841858,1.4700000286102295,1.4700000286102295,4115.0
2025-06-26 15:36:00,UAMY,,2.630199909210205,2.640000104904175,2.6301000118255615,2.640000104904175,21126.0
2025-06-26 15:36:00,UAVS,,1.1449999809265137,1.1449999809265137,1.1410000324249268,1.1449999809265137,4114.0
2025-06-26 15:36:00,UEC,,7.005000114440918,7.010000228881836,7.0,7.005000114440918,10217.0
2025-06-26 15:36:00,URG,,1.0449999570846558,1.0449999570846558,1.0399999618530273,1.0399999618530273,1885.0
2025-06-26 15:36:00,USAS,,0.8353999853134155,0.8364999890327454,0.8353999853134155,0.8364999890327454,2793.0
2025-06-26 15:36:00,UUUU,,5.871600151062012,5.880000114440918,5.869999885559082,5.880000114440918,12334.0
2025-06-26 15:36:00,VNRX,,0.8450000286102295,0.8450000286102295,0.8449000120162964,0.8449000120162964,586.0
2025-06-26 15:36:00,VTAK,,0.2498999983072281,0.2498999983072281,0.2498999983072281,0.2498999983072281,1800.0
2025-06-26 15:36:00,VZLA,,2.984999895095825,2.990000009536743,2.975100040435791,2.9751999378204346,31356.0
2025-06-26 15:36:00,WRN,,1.2400000095367432,1.2400000095367432,1.2400000095367432,1.2400000095367432,573.0
2025-06-26 15:36:00,WWR,,0.5978000164031982,0.5978000164031982,0.5978000164031982,0.5978000164031982,100.0
2025-06-26 15:37:00,AREN,,6.289999961853027,6.289999961853027,6.269999980926514,6.269999980926514,1079.0
2025-06-26 15:37:00,ARMN,,6.804999828338623,6.804999828338623,6.804999828338623,6.804999828338623,408.0
2025-06-26 15:37:00,ASM,,3.5699000358581543,3.569999933242798,3.559999942779541,3.565000057220459,11387.0
2025-06-26 15:37:00,ATNM,,1.5950000286102295,1.5950000286102295,1.5950000286102295,1.5950000286102295,747.0
2025-06-26 15:37:00,BATL,,1.4700000286102295,1.4700000286102295,1.4700000286102295,1.4700000286102295,174.0
2025-06-26 15:37:00,BEEP,,4.195000171661377,4.195000171661377,4.195000171661377,4.195000171661377,260.0
2025-06-26 15:37:00,BRBS,,3.305000066757202,3.305000066757202,3.305000066757202,3.305000066757202,570.0
2025-06-26 15:37:00,BTG,,3.625,3.6298999786376953,3.625,3.625,15125.0
2025-06-26 15:37:00,BURU,,0.3327000141143799,0.33799999952316284,0.3327000141143799,0.33799999952316284,1990.0
2025-06-26 15:37:00,CATX,,3.615000009536743,3.6189000606536865,3.615000009536743,3.615000009536743,3694.0
2025-06-26 15:37:00,CBOE,,226.47999572753906,226.47999572753906,226.22999572753906,226.31500244140625,4360.0
2025-06-26 15:37:00,CEF,,30.386510848999023,30.386510848999023,30.386510848999023,30.386510848999023,1431.0
2025-06-26 15:37:00,CLM,,7.945400238037109,7.945400238037109,7.945400238037109,7.945400238037109,100.0
2025-06-26 15:37:00,CMCL,,19.209999084472656,19.209999084472656,19.209999084472656,19.209999084472656,110.0
2025-06-26 15:37:00,CQP,,56.380001068115234,56.380001068115234,56.369998931884766,56.369998931884766,473.0
2025-06-26 15:37:00,CRF,,7.557799816131592,7.557799816131592,7.557799816131592,7.557799816131592,800.0
2025-06-26 15:37:00,CTM,,1.059999942779541,1.059999942779541,1.059999942779541,1.059999942779541,104.0
2025-06-26 15:37:00,CVM,,2.440000057220459,2.440000057220459,2.440000057220459,2.440000057220459,100.0
2025-06-26 15:37:00,CVU,,3.4600000381469727,3.4600000381469727,3.4600000381469727,3.4600000381469727,214.0
2025-06-26 15:37:00,CYBN,,8.510000228881836,8.510000228881836,8.484999656677246,8.484999656677246,315.0
2025-06-26 15:37:00,DC,,3.809999942779541,3.809999942779541,3.809999942779541,3.809999942779541,175.0
2025-06-26 15:37:00,DDC,,10.045000076293945,10.045000076293945,10.045000076293945,10.045000076293945,115.0
2025-06-26 15:37:00,DNN,,1.8450000286102295,1.850000023841858,1.840000033378601,1.8450000286102295,146286.0
2025-06-26 15:37:00,EAD,,6.974999904632568,6.974999904632568,6.974999904632568,6.974999904632568,100.0
2025-06-26 15:37:00,EIM,,9.569999694824219,9.569999694824219,9.569999694824219,9.569999694824219,451.0
2025-06-26 15:37:00,EP,,5.460000038146973,5.460000038146973,5.460000038146973,5.460000038146973,414.0
2025-06-26 15:37:00,EPM,,4.779900074005127,4.779900074005127,4.769999980926514,4.769999980926514,451.0
2025-06-26 15:37:00,EQX,,5.894999980926514,5.900000095367432,5.890200138092041,5.8902997970581055,12584.0
2025-06-26 15:37:00,ERC,,9.425000190734863,9.425000190734863,9.420000076293945,9.420000076293945,1300.0
2025-06-26 15:37:00,ESP,,45.20000076293945,45.20000076293945,45.06010055541992,45.06010055541992,615.0
2025-06-26 15:37:00,EVV,,10.180000305175781,10.1850004196167,10.180000305175781,10.1850004196167,1100.0
2025-06-26 15:37:00,FOXO,,0.20010000467300415,0.20190000534057617,0.20010000467300415,0.20190000534057617,10949.0
2025-06-26 15:37:00,FTF,,6.389999866485596,6.394999980926514,6.389999866485596,6.389999866485596,364.0
2025-06-26 15:37:00,GAU,,1.284999966621399,1.284999966621399,1.284999966621399,1.284999966621399,100.0
2025-06-26 15:37:00,GBR,,1.090000033378601,1.090000033378601,1.090000033378601,1.090000033378601,943.0
2025-06-26 15:37:00,GLO,,5.360000133514404,5.364999771118164,5.360000133514404,5.364999771118164,2000.0
2025-06-26 15:37:00,GNS,,1.1700999736785889,1.1799999475479126,1.1699999570846558,1.1799999475479126,57240.0
2025-06-26 15:37:00,GROY,,2.2750000953674316,2.2750000953674316,2.2750000953674316,2.2750000953674316,2706.0
2025-06-26 15:37:00,GSAT,,23.454999923706055,23.479999542236328,23.454999923706055,23.469999313354492,1322.0
2025-06-26 15:37:00,GTE,,5.014999866485596,5.019999980926514,5.010000228881836,5.010000228881836,1751.0
2025-06-26 15:37:00,HUSA,,12.680000305175781,12.680000305175781,12.680000305175781,12.680000305175781,456.0
2025-06-26 15:37:00,IBO,,0.9406999945640564,0.9406999945640564,0.9405999779701233,0.9406999945640564,7353.0
2025-06-26 15:37:00,IE,,9.800000190734863,9.819999694824219,9.789999961853027,9.8100004196167,9925.0
2025-06-26 15:37:00,IMO,,81.0199966430664,81.0199966430664,80.97000122070312,80.97000122070312,2157.0
2025-06-26 15:37:00,INDO,,3.0250000953674316,3.0299999713897705,3.0250000953674316,3.0299999713897705,3948.0
2025-06-26 15:37:00,INFU,,6.389999866485596,6.389999866485596,6.385000228881836,6.385000228881836,278.0
2025-06-26 15:37:00,ITRG,,1.5299999713897705,1.534999966621399,1.5299999713897705,1.534999966621399,12019.0
2025-06-26 15:37:00,KNW,,1.8899999856948853,1.899999976158142,1.8899999856948853,1.899999976158142,485.0
2025-06-26 15:37:00,KULR,,5.150000095367432,5.150000095367432,5.140100002288818,5.144999980926514,2927.0
2025-06-26 15:37:00,LCTX,,0.9940000176429749,0.9940999746322632,0.9940000176429749,0.9940999746322632,4071.0
2025-06-26 15:37:00,LEU,,174.03500366210938,174.44000244140625,173.89999389648438,174.44000244140625,4635.0
2025-06-26 15:37:00,LMND,,43.130001068115234,43.165000915527344,43.130001068115234,43.150001525878906,6895.0
2025-06-26 15:37:00,LNG,,242.14999389648438,242.19000244140625,242.14999389648438,242.14999389648438,1340.0
2025-06-26 15:37:00,LODE,,3.734999895095825,3.7399001121520996,3.734999895095825,3.7399001121520996,678.0
2025-06-26 15:37:00,MAG,,21.424999237060547,21.43000030517578,21.424999237060547,21.43000030517578,1239.0
2025-06-26 15:37:00,MTA,,3.924999952316284,3.924999952316284,3.924999952316284,3.924999952316284,376.0
2025-06-26 15:37:00,MYO,,2.234999895095825,2.240000009536743,2.234999895095825,2.240000009536743,3792.0
2025-06-26 15:37:00,NAK,,1.5549999475479126,1.559999942779541,1.5499999523162842,1.559999942779541,8742.0
2025-06-26 15:37:00,NCL,,0.17987799644470215,0.18000000715255737,0.179299995303154,0.179299995303154,19605.0
2025-06-26 15:37:00,NFGC,,1.4850000143051147,1.4850000143051147,1.4850000143051147,1.4850000143051147,178.0
2025-06-26 15:37:00,NG,,4.099999904632568,4.099999904632568,4.099999904632568,4.099999904632568,2423.0
2025-06-26 15:37:00,NGD,,4.920000076293945,4.920000076293945,4.914999961853027,4.914999961853027,7345.0
2025-06-26 15:37:00,NHS,,7.494999885559082,7.494999885559082,7.494999885559082,7.494999885559082,262.0
2025-06-26 15:37:00,NML,,8.822999954223633,8.829999923706055,8.819999694824219,8.829999923706055,1906.0
2025-06-26 15:37:00,OSTX,,1.8600000143051147,1.8600000143051147,1.8550000190734863,1.8600000143051147,650.0
2025-06-26 15:37:00,PLG,,1.6399999856948853,1.6449999809265137,1.6399999856948853,1.6449999809265137,392.0
2025-06-26 15:37:00,PLMR,,153.24960327148438,153.24960327148438,153.24960327148438,153.24960327148438,1326.0
2025-06-26 15:37:00,PLX,,1.475000023841858,1.4850000143051147,1.4700000286102295,1.4850000143051147,5249.0
2025-06-26 15:37:00,REI,,0.7702000141143799,0.7702999711036682,0.7702000141143799,0.7702000141143799,17142.0
2025-06-26 15:37:00,REPX,,26.719999313354492,26.719999313354492,26.719999313354492,26.719999313354492,712.0
2025-06-26 15:37:00,SEB,,2936.949951171875,2941.97509765625,2936.949951171875,2941.97509765625,6.0
2025-06-26 15:37:00,SENS,,0.5008999705314636,0.5008999705314636,0.5008999705314636,0.5008999705314636,152.0
2025-06-26 15:37:00,SLI,,1.9299999475479126,1.934999942779541,1.9299999475479126,1.934999942779541,212.0
2025-06-26 15:37:00,SLND,,3.869999885559082,3.880000114440918,3.869999885559082,3.880000114440918,530.0
2025-06-26 15:37:00,SOAR,,1.3693000078201294,1.3693000078201294,1.3693000078201294,1.3693000078201294,1030.0
2025-06-26 15:37:00,SSY,,0.8508999943733215,0.8508999943733215,0.8508999943733215,0.8508999943733215,108.0
2025-06-26 15:37:00,STXS,,2.200000047683716,2.200000047683716,2.200000047683716,2.200000047683716,299.0
2025-06-26 15:37:00,SVM,,4.199999809265137,4.199999809265137,4.195000171661377,4.19789981842041,1207.0
2025-06-26 15:37:00,SVT,,46.959999084472656,46.959999084472656,46.959999084472656,46.959999084472656,100.0
2025-06-26 15:37:00,TGB,,3.130000114440918,3.134999990463257,3.130000114440918,3.134999990463257,4180.0
2025-06-26 15:37:00,TOON,,0.7275000214576721,0.7275000214576721,0.7275000214576721,0.7275000214576721,311.0
2025-06-26 15:37:00,TPET,,1.1877000331878662,1.1877000331878662,1.1877000331878662,1.1877000331878662,528.0
2025-06-26 15:37:00,TRX,,0.33364999294281006,0.33364999294281006,0.33364999294281006,0.33364999294281006,200.0
2025-06-26 15:37:00,UAMY,,2.634999990463257,2.640000104904175,2.630000114440918,2.634999990463257,4985.0
2025-06-26 15:37:00,UAVS,,1.148900032043457,1.148900032043457,1.1449999809265137,1.1449999809265137,1091.0
2025-06-26 15:37:00,UEC,,6.994999885559082,7.005000114440918,6.989999771118164,7.005000114440918,34211.0
2025-06-26 15:37:00,URG,,1.0449999570846558,1.0449999570846558,1.0399999618530273,1.0449999570846558,7147.0
2025-06-26 15:37:00,USAS,,0.8399999737739563,0.8399999737739563,0.8345999717712402,0.8364999890327454,34247.0
2025-06-26 15:37:00,UTG,,35.57500076293945,35.57500076293945,35.57500076293945,35.57500076293945,165.0
2025-06-26 15:37:00,UUUU,,5.885000228881836,5.889999866485596,5.870100021362305,5.875,99481.0
2025-06-26 15:37:00,VGZ,,1.0298999547958374,1.0298999547958374,1.0298999547958374,1.0298999547958374,199.0
2025-06-26 15:37:00,VTAK,,0.24869999289512634,0.2498999983072281,0.24869999289512634,0.2498999983072281,13521.0
2025-06-26 15:37:00,VZLA,,2.984999895095825,2.984999895095825,2.984999895095825,2.984999895095825,3302.0
2025-06-26 15:37:00,WWR,,0.5978999733924866,0.5978999733924866,0.5978999733924866,0.5978999733924866,1000.0
2025-06-26 15:37:00,XTNT,,0.6298999786376953,0.6298999786376953,0.6298999786376953,0.6298999786376953,2319.0
2025-06-26 15:38:00,AMBI,,4.5,4.5,4.5,4.5,454.0
2025-06-26 15:38:00,AREN,,6.300000190734863,6.300000190734863,6.269999980926514,6.269999980926514,537.0
2025-06-26 15:38:00,ARMN,,6.800000190734863,6.804999828338623,6.800000190734863,6.804999828338623,12414.0
2025-06-26 15:38:00,ASM,,3.565000057220459,3.5699000358581543,3.565000057220459,3.5699000358581543,7796.0
2025-06-26 15:38:00,AZTR,,0.25920000672340393,0.25920000672340393,0.25920000672340393,0.25920000672340393,15000.0
2025-06-26 15:38:00,BKTI,,55.75,55.75,55.75,55.75,1373.0
2025-06-26 15:38:00,BRBS,,3.305000066757202,3.305000066757202,3.305000066757202,3.305000066757202,1753.0
2025-06-26 15:38:00,BTG,,3.625,3.626699924468994,3.6245999336242676,3.625,17259.0
2025-06-26 15:38:00,BURU,,0.3319999873638153,0.3375999927520752,0.3319999873638153,0.3328999876976013,1822.0
2025-06-26 15:38:00,CATX,,3.630000114440918,3.640000104904175,3.619999885559082,3.619999885559082,10028.0
2025-06-26 15:38:00,CBOE,,226.5050048828125,226.5050048828125,226.4499969482422,226.48500061035156,2854.0
2025-06-26 15:38:00,CEF,,30.385000228881836,30.385000228881836,30.385000228881836,30.385000228881836,305.0
2025-06-26 15:38:00,CLM,,7.945000171661377,7.945000171661377,7.945000171661377,7.945000171661377,3047.0
2025-06-26 15:38:00,COE,,32.900001525878906,32.900001525878906,32.59000015258789,32.59000015258789,373.0
2025-06-26 15:38:00,CQP,,56.400001525878906,56.40999984741211,56.314998626708984,56.369998931884766,1389.0
2025-06-26 15:38:00,CRF,,7.554999828338623,7.559999942779541,7.554999828338623,7.559999942779541,1631.0
2025-06-26 15:38:00,CTM,,1.059999942779541,1.059999942779541,1.0499999523162842,1.0499999523162842,505.0
2025-06-26 15:38:00,CVU,,3.4600000381469727,3.4600000381469727,3.4600000381469727,3.4600000381469727,142.0
2025-06-26 15:38:00,CYBN,,8.524999618530273,8.579400062561035,8.510000228881836,8.510000228881836,7491.0
2025-06-26 15:38:00,DC,,3.809999942779541,3.809999942779541,3.809999942779541,3.809999942779541,639.0
2025-06-26 15:38:00,DHY,,2.109999895095825,2.109999895095825,2.109999895095825,2.109999895095825,100.0
2025-06-26 15:38:00,DNN,,1.8401000499725342,1.850000023841858,1.840000033378601,1.8450000286102295,741067.0
2025-06-26 15:38:00,EAD,,6.974999904632568,6.974999904632568,6.974999904632568,6.974999904632568,100.0
2025-06-26 15:38:00,ELMD,,21.6200008392334,21.6200008392334,21.6200008392334,21.6200008392334,674.0
2025-06-26 15:38:00,EPM,,4.769999980926514,4.769999980926514,4.769999980926514,4.769999980926514,479.0
2025-06-26 15:38:00,EQX,,5.900000095367432,5.900000095367432,5.891200065612793,5.895400047302246,19634.0
2025-06-26 15:38:00,ERC,,9.420000076293945,9.420000076293945,9.420000076293945,9.420000076293945,100.0
2025-06-26 15:38:00,ESP,,45.43000030517578,45.43000030517578,45.072601318359375,45.072601318359375,758.0
2025-06-26 15:38:00,EVV,,10.180000305175781,10.180000305175781,10.180000305175781,10.180000305175781,1300.0
2025-06-26 15:38:00,FOXO,,0.20010000467300415,0.20010000467300415,0.20010000467300415,0.20010000467300415,7393.0
2025-06-26 15:38:00,FSP,,1.6950000524520874,1.6950000524520874,1.6950000524520874,1.6950000524520874,200.0
2025-06-26 15:38:00,FTF,,6.389999866485596,6.389999866485596,6.389999866485596,6.389999866485596,100.0
2025-06-26 15:38:00,GAU,,1.2899999618530273,1.2899999618530273,1.2899999618530273,1.2899999618530273,101.0
2025-06-26 15:38:00,GLDG,,0.7447999715805054,0.7448999881744385,0.7447999715805054,0.7448999881744385,301.0
2025-06-26 15:38:00,GLO,,5.360000133514404,5.360000133514404,5.360000133514404,5.360000133514404,3400.0
2025-06-26 15:38:00,GNS,,1.160099983215332,1.1799999475479126,1.159999966621399,1.1749999523162842,55388.0
2025-06-26 15:38:00,GORO,,0.5400999784469604,0.5400999784469604,0.5400999784469604,0.5400999784469604,100.0
2025-06-26 15:38:00,GROY,,2.2750000953674316,2.2799999713897705,2.2699999809265137,2.2799999713897705,2300.0
2025-06-26 15:38:00,GSAT,,23.43000030517578,23.440000534057617,23.43000030517578,23.440000534057617,1751.0
2025-06-26 15:38:00,GTE,,5.014999866485596,5.019999980926514,5.014999866485596,5.019999980926514,1081.0
2025-06-26 15:38:00,IBO,,0.9406999945640564,0.9406999945640564,0.9405999779701233,0.9405999779701233,1730.0
2025-06-26 15:38:00,IDR,,13.3100004196167,13.3100004196167,13.3100004196167,13.3100004196167,793.0
2025-06-26 15:38:00,IE,,9.800000190734863,9.819899559020996,9.800000190734863,9.819899559020996,974.0
2025-06-26 15:38:00,INDO,,3.0297999382019043,3.0297999382019043,3.0283000469207764,3.0283000469207764,3277.0
2025-06-26 15:38:00,INFU,,6.389999866485596,6.389999866485596,6.389999866485596,6.389999866485596,276.0
2025-06-26 15:38:00,ITRG,,1.5398000478744507,1.5398000478744507,1.534999966621399,1.534999966621399,694.0
2025-06-26 15:38:00,KNW,,1.899999976158142,1.899999976158142,1.899999976158142,1.899999976158142,415.0
2025-06-26 15:38:00,KULR,,5.150000095367432,5.150000095367432,5.144999980926514,5.147799968719482,3753.0
2025-06-26 15:38:00,LCTX,,0.991100013256073,0.9941999912261963,0.991100013256073,0.9940999746322632,16174.0
2025-06-26 15:38:00,LEU,,174.0800018310547,174.32000732421875,174.0,174.02999877929688,1716.0
2025-06-26 15:38:00,LMND,,43.060001373291016,43.18000030517578,43.060001373291016,43.13999938964844,6197.0
2025-06-26 15:38:00,LNG,,242.1649932861328,242.19000244140625,242.1300048828125,242.19000244140625,1679.0
2025-06-26 15:38:00,MAG,,21.424999237060547,21.424999237060547,21.424999237060547,21.424999237060547,637.0
2025-06-26 15:38:00,MRT,,2.930000066757202,2.930000066757202,2.930000066757202,2.930000066757202,1526.0
2025-06-26 15:38:00,NAK,,1.5549999475479126,1.5598000288009644,1.5500999689102173,1.5551999807357788,14904.0
2025-06-26 15:38:00,NCL,,0.18000000715255737,0.18000000715255737,0.18000000715255737,0.18000000715255737,1000.0
2025-06-26 15:38:00,NG,,4.099999904632568,4.099999904632568,4.09499979019165,4.099999904632568,4076.0
2025-06-26 15:38:00,NGD,,4.914999961853027,4.920000076293945,4.909999847412109,4.920000076293945,8033.0
2025-06-26 15:38:00,NRXS,,2.575000047683716,2.575000047683716,2.575000047683716,2.575000047683716,101.0
2025-06-26 15:38:00,OBE,,5.480000019073486,5.480000019073486,5.474999904632568,5.480000019073486,1021.0
2025-06-26 15:38:00,OPTT,,0.519599974155426,0.519599974155426,0.5189999938011169,0.5189999938011169,1241.0
2025-06-26 15:38:00,ORLA,,9.970000267028809,9.975000381469727,9.96500015258789,9.970000267028809,3518.0
2025-06-26 15:38:00,OSTX,,1.850000023841858,1.850000023841858,1.850000023841858,1.850000023841858,100.0
2025-06-26 15:38:00,PLG,,1.6449999809265137,1.6449999809265137,1.6399999856948853,1.6449999809265137,12999.0
2025-06-26 15:38:00,PLX,,1.475000023841858,1.475000023841858,1.475000023841858,1.475000023841858,1818.0
2025-06-26 15:38:00,PZG,,0.6171000003814697,0.6171000003814697,0.6171000003814697,0.6171000003814697,711.0
2025-06-26 15:38:00,REI,,0.7702000141143799,0.7702500224113464,0.7702000141143799,0.7702500224113464,1250.0
2025-06-26 15:38:00,SATX,,2.9600000381469727,2.9600000381469727,2.9600000381469727,2.9600000381469727,4963.0
2025-06-26 15:38:00,SBEV,,3.9010000228881836,3.9100000858306885,3.9010000228881836,3.9100000858306885,681.0
2025-06-26 15:38:00,SEB,,2942.0,2945.0,2942.0,2945.0,4.0
2025-06-26 15:38:00,SENS,,0.5008999705314636,0.5009999871253967,0.5008999705314636,0.5009999871253967,3779.0
2025-06-26 15:38:00,SGN,,1.1403000354766846,1.1403000354766846,1.1403000354766846,1.1403000354766846,300.0
2025-06-26 15:38:00,SLI,,1.9299999475479126,1.9299999475479126,1.9299999475479126,1.9299999475479126,223.0
2025-06-26 15:38:00,SOAR,,1.3592000007629395,1.3601000308990479,1.350000023841858,1.3600000143051147,7265.0
2025-06-26 15:38:00,STXS,,2.194999933242798,2.194999933242798,2.194999933242798,2.194999933242798,207.0
2025-06-26 15:38:00,SVM,,4.199999809265137,4.199999809265137,4.195000171661377,4.199999809265137,20312.0
2025-06-26 15:38:00,TGB,,3.134999990463257,3.134999990463257,3.134999990463257,3.134999990463257,2703.0
2025-06-26 15:38:00,TOVX,,0.43529999256134033,0.43529999256134033,0.43529999256134033,0.43529999256134033,120.0
2025-06-26 15:38:00,UAMY,,2.640000104904175,2.640000104904175,2.634999990463257,2.634999990463257,3026.0
2025-06-26 15:38:00,UAVS,,1.1449999809265137,1.1449999809265137,1.1401000022888184,1.1449999809265137,1218.0
2025-06-26 15:38:00,UEC,,6.994999885559082,7.0,6.989999771118164,6.991000175476074,33755.0
2025-06-26 15:38:00,URG,,1.0449999570846558,1.0499999523162842,1.0399999618530273,1.0399999618530273,2794.0
2025-06-26 15:38:00,USAS,,0.8410000205039978,0.8410000205039978,0.8377000093460083,0.8377000093460083,24419.0
2025-06-26 15:38:00,UUUU,,5.885000228881836,5.889999866485596,5.880000114440918,5.885000228881836,29141.0
2025-06-26 15:38:00,VTAK,,0.24879999458789825,0.24879999458789825,0.24879999458789825,0.24879999458789825,1518.0
2025-06-26 15:38:00,VZLA,,2.984999895095825,2.988100051879883,2.9814000129699707,2.988100051879883,6538.0
2025-06-26 15:38:00,WWR,,0.5978000164031982,0.5978000164031982,0.5978000164031982,0.5978000164031982,477497.0
2025-06-26 15:38:00,WYY,,3.3299999237060547,3.3299999237060547,3.3299999237060547,3.3299999237060547,133.0
2025-06-26 15:38:00,ZDGE,,3.930000066757202,3.930000066757202,3.930000066757202,3.930000066757202,1116.0
2025-06-26 15:39:00,AIRI,,3.380000114440918,3.390000104904175,3.375,3.375,773.0
2025-06-26 15:39:00,AREN,,6.269999980926514,6.269999980926514,6.269999980926514,6.269999980926514,200.0
2025-06-26 15:39:00,ARMN,,6.795000076293945,6.795000076293945,6.795000076293945,6.795000076293945,100.0
2025-06-26 15:39:00,ASM,,3.569999933242798,3.569999933242798,3.565000057220459,3.569999933242798,3018.0
2025-06-26 15:39:00,ATNM,,1.5950000286102295,1.5950000286102295,1.5901000499725342,1.5950000286102295,1034.0
2025-06-26 15:39:00,AZTR,,0.2572000026702881,0.2572000026702881,0.2572000026702881,0.2572000026702881,1000.0
2025-06-26 15:39:00,BRBS,,3.305000066757202,3.309999942779541,3.305000066757202,3.305000066757202,690.0
2025-06-26 15:39:00,BTG,,3.625,3.630000114440918,3.620800018310547,3.628200054168701,32921.0
2025-06-26 15:39:00,BURU,,0.33340001106262207,0.33500000834465027,0.3314000070095062,0.3336000144481659,3123.0
2025-06-26 15:39:00,CATX,,3.630000114440918,3.630000114440918,3.630000114440918,3.630000114440918,133.0
2025-06-26 15:39:00,CBOE,,226.48500061035156,226.5050048828125,226.4499969482422,226.5050048828125,1802.0
2025-06-26 15:39:00,CEF,,30.385000228881836,30.385000228881836,30.385000228881836,30.385000228881836,539.0
2025-06-26 15:39:00,CIK,,2.934999942779541,2.934999942779541,2.934999942779541,2.934999942779541,1700.0
2025-06-26 15:39:00,CLM,,7.945000171661377,7.949999809265137,7.940000057220459,7.949999809265137,1628.0
2025-06-26 15:39:00,CMT,,17.079999923706055,17.079999923706055,17.079999923706055,17.079999923706055,258.0
2025-06-26 15:39:00,CQP,,56.34000015258789,56.400001525878906,56.34000015258789,56.400001525878906,1599.0
2025-06-26 15:39:00,CRF,,7.554999828338623,7.554999828338623,7.554999828338623,7.554999828338623,203.0
2025-06-26 15:39:00,CTM,,1.059999942779541,1.059999942779541,1.0549999475479126,1.0549999475479126,1227.0
2025-06-26 15:39:00,CVU,,3.4600000381469727,3.4600000381469727,3.4600000381469727,3.4600000381469727,125.0
2025-06-26 15:39:00,CYBN,,8.440600395202637,8.470000267028809,8.4399995803833,8.470000267028809,8223.0
2025-06-26 15:39:00,DC,,3.809999942779541,3.809999942779541,3.803499937057495,3.803499937057495,3137.0
2025-06-26 15:39:00,DNN,,1.8401000499725342,1.850000023841858,1.840000033378601,1.850000023841858,334796.0
2025-06-26 15:39:00,ECF,,10.140000343322754,10.140000343322754,10.140000343322754,10.140000343322754,179.0
2025-06-26 15:39:00,EMX,,2.555000066757202,2.555000066757202,2.549999952316284,2.555000066757202,10316.0
2025-06-26 15:39:00,EQX,,5.894999980926514,5.900000095367432,5.894999980926514,5.894999980926514,4360.0
2025-06-26 15:39:00,ERH,,11.380000114440918,11.380000114440918,11.380000114440918,11.380000114440918,153.0
2025-06-26 15:39:00,EVI,,20.450000762939453,20.450000762939453,20.389999389648438,20.389999389648438,834.0
2025-06-26 15:39:00,EVV,,10.18529987335205,10.18529987335205,10.180100440979004,10.180100440979004,4697.0
2025-06-26 15:39:00,FTF,,6.389999866485596,6.389999866485596,6.389999866485596,6.389999866485596,230.0
2025-06-26 15:39:00,GAU,,1.284999966621399,1.284999966621399,1.284999966621399,1.284999966621399,154.0
2025-06-26 15:39:00,GBR,,1.090000033378601,1.090000033378601,1.090000033378601,1.090000033378601,0.0
2025-06-26 15:39:00,GLDG,,0.7448999881744385,0.7448999881744385,0.7448999881744385,0.7448999881744385,546.0
2025-06-26 15:39:00,GNS,,1.0750000476837158,1.169100046157837,1.059999942779541,1.169100046157837,338311.0
2025-06-26 15:39:00,GROY,,2.2750000953674316,2.2799999713897705,2.2699999809265137,2.2701001167297363,32558.0
2025-06-26 15:39:00,IBO,,0.9406499862670898,0.9406499862670898,0.9406499862670898,0.9406499862670898,2544.0
2025-06-26 15:39:00,IE,,9.819999694824219,9.824999809265137,9.800000190734863,9.800000190734863,3478.0
2025-06-26 15:39:00,IGC,,0.3100000023841858,0.3100000023841858,0.3100000023841858,0.3100000023841858,16117.0
2025-06-26 15:39:00,IMO,,81.00499725341797,81.00499725341797,81.0,81.0,843.0
2025-06-26 15:39:00,INDO,,3.0250000953674316,3.0297000408172607,3.0199999809265137,3.0250000953674316,3327.0
2025-06-26 15:39:00,INUV,,3.9140000343322754,3.944999933242798,3.9140000343322754,3.944999933242798,440.0
2025-06-26 15:39:00,ITRG,,1.5299999713897705,1.534999966621399,1.5299999713897705,1.531000018119812,2742.0
2025-06-26 15:39:00,KNW,,1.8899999856948853,1.8899999856948853,1.8899999856948853,1.8899999856948853,100.0
2025-06-26 15:39:00,KULR,,5.144999980926514,5.150000095367432,5.140100002288818,5.150000095367432,4620.0
2025-06-26 15:39:00,LCTX,,0.9933000206947327,0.9936500191688538,0.9922000169754028,0.9922999739646912,10163.0
2025-06-26 15:39:00,LEU,,174.0800018310547,174.0800018310547,174.00399780273438,174.0800018310547,857.0
2025-06-26 15:39:00,LMND,,43.11000061035156,43.11000061035156,43.04999923706055,43.04999923706055,3643.0
2025-06-26 15:39:00,LNG,,241.94500732421875,242.22999572753906,241.94500732421875,242.22999572753906,8506.0
2025-06-26 15:39:00,MAG,,21.420000076293945,21.424999237060547,21.420000076293945,21.424999237060547,502.0
2025-06-26 15:39:00,MAIA,,1.7100000381469727,1.7100000381469727,1.7100000381469727,1.7100000381469727,161.0
2025-06-26 15:39:00,MLSS,,0.7243000268936157,0.7243000268936157,0.7243000268936157,0.7243000268936157,447.0
2025-06-26 15:39:00,MRT,,2.940200090408325,2.940200090408325,2.940200090408325,2.940200090408325,7552.0
2025-06-26 15:39:00,MTA,,3.924999952316284,3.930000066757202,3.924999952316284,3.930000066757202,582.0
2025-06-26 15:39:00,NAK,,1.5549999475479126,1.559999942779541,1.5509999990463257,1.5509999990463257,1097.0
2025-06-26 15:39:00,NCL,,0.18060000240802765,0.18060000240802765,0.18060000240802765,0.18060000240802765,252.0
2025-06-26 15:39:00,NG,,4.099999904632568,4.099999904632568,4.09499979019165,4.099999904632568,1621.0
2025-06-26 15:39:00,NGD,,4.914999961853027,4.920000076293945,4.909999847412109,4.920000076293945,36437.0
2025-06-26 15:39:00,NHC,,108.05000305175781,108.05000305175781,108.05000305175781,108.05000305175781,100.0
2025-06-26 15:39:00,NHS,,7.494999885559082,7.494999885559082,7.49459981918335,7.49459981918335,349.0
2025-06-26 15:39:00,NNVC,,1.225000023841858,1.225000023841858,1.225000023841858,1.225000023841858,100.0
2025-06-26 15:39:00,OBE,,5.474999904632568,5.474999904632568,5.46999979019165,5.474999904632568,312.0
2025-06-26 15:39:00,ORLA,,9.970000267028809,9.975000381469727,9.970000267028809,9.975000381469727,2624.0
2025-06-26 15:39:00,OSTX,,1.8600000143051147,1.8600000143051147,1.8600000143051147,1.8600000143051147,283.0
2025-06-26 15:39:00,PLG,,1.6349999904632568,1.6449999809265137,1.6349999904632568,1.6449999809265137,25520.0
2025-06-26 15:39:00,PLX,,1.475000023841858,1.475000023841858,1.475000023841858,1.475000023841858,516.0
2025-06-26 15:39:00,REI,,0.7702000141143799,0.7702999711036682,0.7702000141143799,0.7702000141143799,3896.0
2025-06-26 15:39:00,REPX,,26.7549991607666,26.7549991607666,26.7549991607666,26.7549991607666,206.0
2025-06-26 15:39:00,RVP,,0.663100004196167,0.663100004196167,0.663100004196167,0.663100004196167,126.0
2025-06-26 15:39:00,SATX,,2.9600000381469727,2.9600000381469727,2.9600000381469727,2.9600000381469727,562.0
2025-06-26 15:39:00,SBEV,,4.0,4.0,4.0,4.0,496.0
2025-06-26 15:39:00,SCCG,,19.25,19.25,19.25,19.25,1076.0
2025-06-26 15:39:00,SENS,,0.5008000135421753,0.5009999871253967,0.5008000135421753,0.5008999705314636,4514.0
2025-06-26 15:39:00,SKYH,,9.600000381469727,9.609999656677246,9.600000381469727,9.609999656677246,924.0
2025-06-26 15:39:00,SOAR,,1.3550000190734863,1.3550000190734863,1.3550000190734863,1.3550000190734863,104.0
2025-06-26 15:39:00,SVM,,4.195000171661377,4.199999809265137,4.190000057220459,4.199999809265137,5285.0
2025-06-26 15:39:00,TGB,,3.134999990463257,3.134999990463257,3.134999990463257,3.134999990463257,11812.0
2025-06-26 15:39:00,TOON,,0.7354999780654907,0.7355999946594238,0.7354999780654907,0.7355999946594238,1013.0
2025-06-26 15:39:00,TPET,,1.190000057220459,1.190000057220459,1.188418984413147,1.188418984413147,4117.0
2025-06-26 15:39:00,TRX,,0.33364999294281006,0.33364999294281006,0.33364999294281006,0.33364999294281006,550.0
2025-06-26 15:39:00,UAMY,,2.6449999809265137,2.6500000953674316,2.634999990463257,2.634999990463257,18971.0
2025-06-26 15:39:00,UAVS,,1.1399999856948853,1.1399999856948853,1.1399999856948853,1.1399999856948853,3836.0
2025-06-26 15:39:00,UEC,,6.994999885559082,7.0,6.989999771118164,6.994999885559082,19684.0
2025-06-26 15:39:00,URG,,1.0449999570846558,1.0449999570846558,1.0399999618530273,1.0399999618530273,10954.0
2025-06-26 15:39:00,USAS,,0.8379999995231628,0.8392999768257141,0.8377000093460083,0.8377000093460083,1395.0
2025-06-26 15:39:00,UTG,,35.528099060058594,35.528099060058594,35.528099060058594,35.528099060058594,321.0
2025-06-26 15:39:00,UUUU,,5.885000228881836,5.886300086975098,5.880000114440918,5.880000114440918,3357.0
2025-06-26 15:39:00,VNRX,,0.8450000286102295,0.8450000286102295,0.8449000120162964,0.8450000286102295,2261.0
2025-06-26 15:39:00,VTAK,,0.24869999289512634,0.24869999289512634,0.24869999289512634,0.24869999289512634,1500.0
2025-06-26 15:39:00,VZLA,,2.984999895095825,2.990000009536743,2.983299970626831,2.984999895095825,2282.0
2025-06-26 15:39:00,WWR,,0.5960000157356262,0.5963000059127808,0.5958999991416931,0.5958999991416931,11595.0
2025-06-26 15:39:00,ZDGE,,3.890000104904175,3.890000104904175,3.890000104904175,3.890000104904175,100.0
2025-06-26 15:40:00,AEON,,0.7538999915122986,0.7538999915122986,0.7524999976158142,0.7524999976158142,1308.0
2025-06-26 15:40:00,AREN,,6.300000190734863,6.300000190734863,6.269999980926514,6.269999980926514,1261.0
2025-06-26 15:40:00,ARMN,,6.795000076293945,6.795000076293945,6.795000076293945,6.795000076293945,716.0
2025-06-26 15:40:00,ASM,,3.569999933242798,3.569999933242798,3.5689001083374023,3.569999933242798,4727.0
2025-06-26 15:40:00,ATNM,,1.5950000286102295,1.5950000286102295,1.5950000286102295,1.5950000286102295,2424.0
2025-06-26 15:40:00,BEEP,,4.201600074768066,4.201600074768066,4.201600074768066,4.201600074768066,322.0
2025-06-26 15:40:00,BHB,,29.959999084472656,29.959999084472656,29.920000076293945,29.920000076293945,462.0
2025-06-26 15:40:00,BKTI,,55.84000015258789,55.90999984741211,55.75,55.790000915527344,2070.0
2025-06-26 15:40:00,BRBS,,3.305000066757202,3.309999942779541,3.305000066757202,3.305000066757202,1689.0
2025-06-26 15:40:00,BTG,,3.630000114440918,3.630000114440918,3.619999885559082,3.625,345101.0
2025-06-26 15:40:00,BURU,,0.33180001378059387,0.33340001106262207,0.33180001378059387,0.33180001378059387,2727.0
2025-06-26 15:40:00,CATX,,3.619999885559082,3.630000114440918,3.609999895095825,3.630000114440918,5869.0
2025-06-26 15:40:00,CBOE,,226.4149932861328,226.48500061035156,226.4149932861328,226.44000244140625,816.0
2025-06-26 15:40:00,CEF,,30.385000228881836,30.385000228881836,30.385000228881836,30.385000228881836,700.0
2025-06-26 15:40:00,CIK,,2.9312000274658203,2.9312000274658203,2.9312000274658203,2.9312000274658203,1600.0
2025-06-26 15:40:00,CLDI,,0.2290000021457672,0.2290000021457672,0.2290000021457672,0.2290000021457672,200.0
2025-06-26 15:40:00,CLM,,7.940000057220459,7.945000171661377,7.940000057220459,7.945000171661377,237.0
2025-06-26 15:40:00,CMCL,,19.315000534057617,19.315000534057617,19.239999771118164,19.239999771118164,2130.0
2025-06-26 15:40:00,CMT,,17.040000915527344,17.040000915527344,17.040000915527344,17.040000915527344,234.0
2025-06-26 15:40:00,CQP,,56.400001525878906,56.400001525878906,56.34000015258789,56.34000015258789,918.0
2025-06-26 15:40:00,CRF,,7.554999828338623,7.554999828338623,7.554999828338623,7.554999828338623,873.0
2025-06-26 15:40:00,CTGO,,20.899999618530273,20.899999618530273,20.889999389648438,20.889999389648438,2207.0
2025-06-26 15:40:00,CTM,,1.0549999475479126,1.0598000288009644,1.0549999475479126,1.0598000288009644,524.0
2025-06-26 15:40:00,CVU,,3.4600000381469727,3.4600000381469727,3.4600000381469727,3.4600000381469727,348.0
2025-06-26 15:40:00,CYBN,,8.489999771118164,8.5600004196167,8.489999771118164,8.489999771118164,906.0
2025-06-26 15:40:00,DC,,3.805000066757202,3.809999942779541,3.805000066757202,3.809999942779541,5311.0
2025-06-26 15:40:00,DHY,,2.109999895095825,2.109999895095825,2.109999895095825,2.109999895095825,303.0
2025-06-26 15:40:00,DNN,,1.8450000286102295,1.8450000286102295,1.8401000499725342,1.8450000286102295,36938.0
2025-06-26 15:40:00,EIM,,9.574999809265137,9.574999809265137,9.569999694824219,9.569999694824219,4382.0
2025-06-26 15:40:00,ELMD,,21.579999923706055,21.6200008392334,21.579999923706055,21.6200008392334,319.0
2025-06-26 15:40:00,EMX,,2.565000057220459,2.565000057220459,2.549999952316284,2.555000066757202,17686.0
2025-06-26 15:40:00,ENX,,9.204999923706055,9.210000038146973,9.204999923706055,9.204999923706055,17760.0
2025-06-26 15:40:00,EPM,,4.78000020980835,4.784999847412109,4.775000095367432,4.775000095367432,1964.0
2025-06-26 15:40:00,EQX,,5.894999980926514,5.900000095367432,5.889999866485596,5.889999866485596,43132.0
2025-06-26 15:40:00,ERC,,9.425399780273438,9.425399780273438,9.425000190734863,9.425000190734863,1593.0
2025-06-26 15:40:00,ESP,,45.400001525878906,45.400001525878906,45.400001525878906,45.400001525878906,565.0
2025-06-26 15:40:00,EVI,,20.450000762939453,20.459999084472656,20.450000762939453,20.459999084472656,583.0
2025-06-26 15:40:00,FSP,,1.6950000524520874,1.6950000524520874,1.6950000524520874,1.6950000524520874,2355.0
2025-06-26 15:40:00,FTF,,6.389999866485596,6.389999866485596,6.385000228881836,6.389999866485596,6034.0
2025-06-26 15:40:00,FURY,,0.49000000953674316,0.49000000953674316,0.49000000953674316,0.49000000953674316,622.0
2025-06-26 15:40:00,GAU,,1.284999966621399,1.284999966621399,1.284999966621399,1.284999966621399,208.0
2025-06-26 15:40:00,GENC,,14.609999656677246,14.609999656677246,14.609999656677246,14.609999656677246,546.0
2025-06-26 15:40:00,GGN,,4.385000228881836,4.385000228881836,4.385000228881836,4.385000228881836,125.0
2025-06-26 15:40:00,GLDG,,0.7442499995231628,0.7442499995231628,0.7442499995231628,0.7442499995231628,1430.0
2025-06-26 15:40:00,GLV,,5.610000133514404,5.619999885559082,5.610000133514404,5.610000133514404,315.0
2025-06-26 15:40:00,GNS,,1.100100040435791,1.1200000047683716,1.0604000091552734,1.070199966430664,242287.0
2025-06-26 15:40:00,GORO,,0.5472999811172485,0.5472999811172485,0.5400999784469604,0.5400999784469604,480.0
2025-06-26 15:40:00,GROY,,2.2750000953674316,2.2799999713897705,2.2750000953674316,2.2750000953674316,11353.0
2025-06-26 15:40:00,GSAT,,23.40049934387207,23.40049934387207,23.40049934387207,23.40049934387207,499.0
2025-06-26 15:40:00,GTE,,5.0,5.014999866485596,4.994999885559082,5.014999866485596,2674.0
2025-06-26 15:40:00,HUSA,,12.729999542236328,12.729999542236328,12.670000076293945,12.670000076293945,1409.0
2025-06-26 15:40:00,IBO,,0.932699978351593,0.949999988079071,0.9300000071525574,0.9405999779701233,23383.0
2025-06-26 15:40:00,IDR,,13.329999923706055,13.329999923706055,13.319999694824219,13.329999923706055,1860.0
2025-06-26 15:40:00,IE,,9.829999923706055,9.845000267028809,9.824999809265137,9.829999923706055,6630.0
2025-06-26 15:40:00,IMO,,81.01499938964844,81.04000091552734,81.00499725341797,81.0199966430664,2226.0
2025-06-26 15:40:00,INDO,,3.029099941253662,3.0299999713897705,3.0250000953674316,3.0250000953674316,2291.0
2025-06-26 15:40:00,INFU,,6.409999847412109,6.409999847412109,6.389999866485596,6.400000095367432,1504.0
2025-06-26 15:40:00,INLX,,11.550000190734863,11.550000190734863,11.5,11.550000190734863,302.0
2025-06-26 15:40:00,INUV,,3.9135000705718994,3.9179999828338623,3.9135000705718994,3.9179999828338623,410.0
2025-06-26 15:40:00,ITRG,,1.5299999713897705,1.534999966621399,1.5299999713897705,1.5299999713897705,5268.0
2025-06-26 15:40:00,KULR,,5.150000095367432,5.150000095367432,5.144999980926514,5.144999980926514,3419.0
2025-06-26 15:40:00,LCTX,,0.9879999756813049,0.9933000206947327,0.9879999756813049,0.9933000206947327,8251.0
2025-06-26 15:40:00,LEU,,174.63999938964844,174.63999938964844,174.2899932861328,174.31500244140625,2384.0
2025-06-26 15:40:00,LMND,,43.11000061035156,43.13999938964844,43.08209991455078,43.13999938964844,5592.0
2025-06-26 15:40:00,LNG,,242.10499572753906,242.10499572753906,241.9405059814453,241.9405059814453,3286.0
2025-06-26 15:40:00,MAG,,21.43000030517578,21.43000030517578,21.424999237060547,21.424999237060547,5776.0
2025-06-26 15:40:00,MTA,,3.9209001064300537,3.924999952316284,3.9209001064300537,3.924999952316284,1951.0
2025-06-26 15:40:00,MXC,,9.449899673461914,9.449899673461914,9.449899673461914,9.449899673461914,100.0
2025-06-26 15:40:00,MYND,,0.9599999785423279,0.9599999785423279,0.9599999785423279,0.9599999785423279,325.0
2025-06-26 15:40:00,MYO,,2.244999885559082,2.244999885559082,2.240000009536743,2.240000009536743,2231.0
2025-06-26 15:40:00,NAK,,1.5549999475479126,1.559999942779541,1.5549999475479126,1.5549999475479126,20768.0
2025-06-26 15:40:00,NCL,,0.17949999868869781,0.17990000545978546,0.17949999868869781,0.17990000545978546,205.0
2025-06-26 15:40:00,NEWP,,1.3899999856948853,1.3899999856948853,1.3849999904632568,1.3849999904632568,1499.0
2025-06-26 15:40:00,NFGC,,1.4850000143051147,1.4850000143051147,1.4850000143051147,1.4850000143051147,135.0
2025-06-26 15:40:00,NG,,4.105000019073486,4.119999885559082,4.099999904632568,4.099999904632568,118410.0
2025-06-26 15:40:00,NGD,,4.914999961853027,4.920000076293945,4.909999847412109,4.909999847412109,86042.0
2025-06-26 15:40:00,NHC,,108.25,108.25,108.25,108.25,134.0
2025-06-26 15:40:00,NHS,,7.494999885559082,7.494999885559082,7.494999885559082,7.494999885559082,400.0
2025-06-26 15:40:00,NNVC,,1.2300000190734863,1.2300000190734863,1.2300000190734863,1.2300000190734863,100.0
2025-06-26 15:40:00,NRO,,3.190000057220459,3.190000057220459,3.190000057220459,3.190000057220459,1878.0
2025-06-26 15:40:00,NTIP,,1.2400000095367432,1.2400000095367432,1.2200000286102295,1.2200000286102295,333.0
2025-06-26 15:40:00,OBE,,5.480000019073486,5.480000019073486,5.474999904632568,5.480000019073486,258823.0
2025-06-26 15:40:00,OPTT,,0.517799973487854,0.517799973487854,0.517799973487854,0.517799973487854,132.0
2025-06-26 15:40:00,ORLA,,9.979999542236328,9.989999771118164,9.96500015258789,9.96500015258789,13947.0
2025-06-26 15:40:00,OSTX,,1.850000023841858,1.8600000143051147,1.850000023841858,1.8600000143051147,3119.0
2025-06-26 15:40:00,PLG,,1.6299999952316284,1.6399999856948853,1.6299999952316284,1.6349999904632568,12818.0
2025-06-26 15:40:00,PLMR,,153.7550048828125,153.9199981689453,153.50999450683594,153.50999450683594,3220.0
2025-06-26 15:40:00,PLX,,1.4800000190734863,1.4800000190734863,1.475000023841858,1.475000023841858,2526.0
2025-06-26 15:40:00,PZG,,0.6129999756813049,0.6129999756813049,0.6129999756813049,0.6129999756813049,1042.0
2025-06-26 15:40:00,REI,,0.7702500224113464,0.7702999711036682,0.7702000141143799,0.7702000141143799,11954.0
2025-06-26 15:40:00,REPX,,26.7549991607666,26.790000915527344,26.7549991607666,26.7549991607666,1173.0
2025-06-26 15:40:00,RLGT,,6.065000057220459,6.070000171661377,6.065000057220459,6.070000171661377,2397.0
2025-06-26 15:40:00,SATX,,2.9600000381469727,2.9600000381469727,2.9600000381469727,2.9600000381469727,468.0
2025-06-26 15:40:00,SBEV,,3.990000009536743,3.990000009536743,3.9000000953674316,3.9342000484466553,1204.0
2025-06-26 15:40:00,SEB,,2936.8798828125,2943.0,2936.8798828125,2936.8798828125,2481.0
2025-06-26 15:40:00,SENS,,0.5005999803543091,0.5008999705314636,0.5005999803543091,0.5008500218391418,19116.0
2025-06-26 15:40:00,SLI,,1.9299999475479126,1.934999942779541,1.9299999475479126,1.934999942779541,340.0
2025-06-26 15:40:00,SLND,,3.890000104904175,3.890000104904175,3.890000104904175,3.890000104904175,1069.0
2025-06-26 15:40:00,SOAR,,1.350000023841858,1.350000023841858,1.350000023841858,1.350000023841858,1015.0
2025-06-26 15:40:00,SSY,,0.8578000068664551,0.8579999804496765,0.8578000068664551,0.8579999804496765,1071.0
2025-06-26 15:40:00,STRW,,10.720000267028809,10.720000267028809,10.6899995803833,10.6899995803833,1041.0
2025-06-26 15:40:00,STXS,,2.200000047683716,2.200000047683716,2.194999933242798,2.194999933242798,2917.0
2025-06-26 15:40:00,SVM,,4.199999809265137,4.199999809265137,4.195000171661377,4.199999809265137,31435.0
2025-06-26 15:40:00,SVT,,46.959999084472656,46.959999084472656,46.959999084472656,46.959999084472656,103.0
2025-06-26 15:40:00,TGB,,3.134999990463257,3.139899969100952,3.130000114440918,3.134999990463257,7455.0
2025-06-26 15:40:00,TMP,,63.3650016784668,63.439998626708984,63.3650016784668,63.3650016784668,902.0
2025-06-26 15:40:00,TMQ,,1.4746999740600586,1.475000023841858,1.4746999740600586,1.475000023841858,10504.0
2025-06-26 15:40:00,TOON,,0.7354999780654907,0.7493900060653687,0.7354999780654907,0.7354999780654907,1402.0
2025-06-26 15:40:00,UAMY,,2.6549999713897705,2.6600000858306885,2.6500000953674316,2.6500000953674316,22107.0
2025-06-26 15:40:00,UAVS,,1.1399999856948853,1.1399999856948853,1.1390000581741333,1.1390000581741333,721.0
2025-06-26 15:40:00,UEC,,7.0,7.0,6.989999771118164,6.994999885559082,52235.0
2025-06-26 15:40:00,URG,,1.0399999618530273,1.0499999523162842,1.0399999618530273,1.0449999570846558,16003.0
2025-06-26 15:40:00,USAS,,0.8370000123977661,0.8392999768257141,0.8370000123977661,0.8377000093460083,2240.0
2025-06-26 15:40:00,UUUU,,5.880000114440918,5.897299766540527,5.880000114440918,5.885000228881836,62641.0
2025-06-26 15:40:00,VNRX,,0.8450000286102295,0.8450000286102295,0.8436999917030334,0.8436999917030334,2476.0
2025-06-26 15:40:00,VZLA,,2.984999895095825,2.990000009536743,2.984999895095825,2.984999895095825,1219.0
2025-06-26 15:40:00,WRN,,1.2300000190734863,1.2300000190734863,1.2300000190734863,1.2300000190734863,225.0
2025-06-26 15:40:00,XPL,,0.6438000202178955,0.6438000202178955,0.6438000202178955,0.6438000202178955,214.0
2025-06-26 15:40:00,XTNT,,0.6201000213623047,0.6201000213623047,0.6201000213623047,0.6201000213623047,121.0
2025-06-26 15:40:00,ZDGE,,3.890000104904175,3.890000104904175,3.890000104904175,3.890000104904175,101.0
2025-06-26 15:41:00,ACU,,40.5,40.5,40.5,40.5,198.0
2025-06-26 15:41:00,AREN,,6.269999980926514,6.298299789428711,6.269999980926514,6.298299789428711,473.0
2025-06-26 15:41:00,ARMN,,6.800000190734863,6.800000190734863,6.789999961853027,6.789999961853027,1141.0
2025-06-26 15:41:00,ASM,,3.569999933242798,3.569999933242798,3.56469988822937,3.569999933242798,2101.0
2025-06-26 15:41:00,ATNM,,1.5950000286102295,1.5950000286102295,1.5950000286102295,1.5950000286102295,151.0
2025-06-26 15:41:00,AZTR,,0.25780001282691956,0.257999986410141,0.25780001282691956,0.257999986410141,2410.0
2025-06-26 15:41:00,BEEP,,4.199999809265137,4.199999809265137,4.199999809265137,4.199999809265137,145.0
2025-06-26 15:41:00,BKTI,,55.83000183105469,55.83000183105469,55.83000183105469,55.83000183105469,275.0
2025-06-26 15:41:00,BRBS,,3.305000066757202,3.309999942779541,3.305000066757202,3.309999942779541,379.0
2025-06-26 15:41:00,BTG,,3.6301000118255615,3.640000104904175,3.619999885559082,3.619999885559082,374215.0
2025-06-26 15:41:00,BURU,,0.3319000005722046,0.33559998869895935,0.33180001378059387,0.3319000005722046,2952.0
2025-06-26 15:41:00,CANF,,1.0499999523162842,1.0499999523162842,1.0499999523162842,1.0499999523162842,2348.0
2025-06-26 15:41:00,CATX,,3.619999885559082,3.630000114440918,3.619999885559082,3.619999885559082,2513.0
2025-06-26 15:41:00,CBOE,,226.4949951171875,226.4949951171875,226.4949951171875,226.4949951171875,311.0
2025-06-26 15:41:00,CEF,,30.385000228881836,30.385000228881836,30.385000228881836,30.385000228881836,120.0
2025-06-26 15:41:00,CET,,47.540000915527344,47.540000915527344,47.540000915527344,47.540000915527344,121.0
2025-06-26 15:41:00,CIK,,2.940000057220459,2.940000057220459,2.934999942779541,2.934999942779541,1156.0
2025-06-26 15:41:00,CLM,,7.940000057220459,7.945000171661377,7.940000057220459,7.945000171661377,504.0
2025-06-26 15:41:00,CMT,,17.079999923706055,17.079999923706055,17.075000762939453,17.075000762939453,955.0
2025-06-26 15:41:00,CQP,,56.380001068115234,56.380001068115234,56.349998474121094,56.368900299072266,1037.0
2025-06-26 15:41:00,CRF,,7.554999828338623,7.554999828338623,7.554999828338623,7.554999828338623,202.0
2025-06-26 15:41:00,CTM,,1.0549999475479126,1.059999942779541,1.0549999475479126,1.059999942779541,1432.0
2025-06-26 15:41:00,CYBN,,8.484399795532227,8.489999771118164,8.484399795532227,8.489999771118164,1450.0
2025-06-26 15:41:00,DDC,,10.100000381469727,10.100000381469727,10.100000381469727,10.100000381469727,300.0
2025-06-26 15:41:00,DNN,,1.840000033378601,1.850000023841858,1.840000033378601,1.8450000286102295,146573.0
2025-06-26 15:41:00,ECF,,10.118599891662598,10.140000343322754,10.118599891662598,10.140000343322754,705.0
2025-06-26 15:41:00,ELA,,5.829999923706055,5.829999923706055,5.829999923706055,5.829999923706055,464.0
2025-06-26 15:41:00,ELMD,,21.579999923706055,21.59000015258789,21.579999923706055,21.579999923706055,590.0
2025-06-26 15:41:00,EMX,,2.565000057220459,2.565000057220459,2.565000057220459,2.565000057220459,1717.0
2025-06-26 15:41:00,EPM,,4.78000020980835,4.78000020980835,4.78000020980835,4.78000020980835,457.0
2025-06-26 15:41:00,EQX,,5.894999980926514,5.900000095367432,5.889999866485596,5.894999980926514,16015.0
2025-06-26 15:41:00,ERC,,9.420000076293945,9.425000190734863,9.420000076293945,9.425000190734863,1100.0
2025-06-26 15:41:00,EVV,,10.1850004196167,10.1850004196167,10.1850004196167,10.1850004196167,403.0
2025-06-26 15:41:00,FOXO,,0.20190000534057617,0.20190000534057617,0.20190000534057617,0.20190000534057617,216.0
2025-06-26 15:41:00,FSP,,1.6950000524520874,1.6950000524520874,1.6950000524520874,1.6950000524520874,540.0
2025-06-26 15:41:00,GAU,,1.2899999618530273,1.2899999618530273,1.284999966621399,1.284999966621399,267.0
2025-06-26 15:41:00,GLDG,,0.7422000169754028,0.7436000108718872,0.7400000095367432,0.7436000108718872,30535.0
2025-06-26 15:41:00,GLO,,5.360099792480469,5.369999885559082,5.360099792480469,5.364999771118164,1087.0
2025-06-26 15:41:00,GLQ,,6.960000038146973,6.960000038146973,6.960000038146973,6.960000038146973,1420.0
2025-06-26 15:41:00,GNS,,1.0892000198364258,1.1100000143051147,1.0700000524520874,1.1100000143051147,105616.0
2025-06-26 15:41:00,GORO,,0.5400999784469604,0.5400999784469604,0.5400999784469604,0.5400999784469604,100.0
2025-06-26 15:41:00,GROY,,2.2750000953674316,2.2799999713897705,2.2750000953674316,2.2750000953674316,2574.0
2025-06-26 15:41:00,GSAT,,23.450000762939453,23.450000762939453,23.43000030517578,23.43000030517578,670.0
2025-06-26 15:41:00,GTE,,5.0,5.0,5.0,5.0,492.0
2025-06-26 15:41:00,HUSA,,12.699999809265137,12.701000213623047,12.699999809265137,12.701000213623047,2230.0
2025-06-26 15:41:00,IBO,,0.9301009774208069,0.932699978351593,0.9301000237464905,0.932699978351593,1912.0
2025-06-26 15:41:00,IDR,,13.335000038146973,13.335000038146973,13.335000038146973,13.335000038146973,800.0
2025-06-26 15:41:00,IE,,9.829999923706055,9.850000381469727,9.829999923706055,9.829999923706055,2085.0
2025-06-26 15:41:00,IMO,,81.01119995117188,81.0199966430664,81.01119995117188,81.0199966430664,2018.0
2025-06-26 15:41:00,INFU,,6.409999847412109,6.409999847412109,6.409999847412109,6.409999847412109,596.0
2025-06-26 15:41:00,INUV,,3.9100000858306885,3.9100000858306885,3.9100000858306885,3.9100000858306885,3211.0
2025-06-26 15:41:00,ITRG,,1.5299999713897705,1.5299999713897705,1.5299999713897705,1.5299999713897705,1152.0
2025-06-26 15:41:00,KNW,,1.899999976158142,1.899999976158142,1.899999976158142,1.899999976158142,231.0
2025-06-26 15:41:00,KULR,,5.147799968719482,5.150000095367432,5.139999866485596,5.149899959564209,4324.0
2025-06-26 15:41:00,LCTX,,0.9854000210762024,0.9900000095367432,0.9854000210762024,0.9879999756813049,4989.0
2025-06-26 15:41:00,LEU,,174.75999450683594,174.75999450683594,174.6199951171875,174.75999450683594,1212.0
2025-06-26 15:41:00,LGL,,7.239999771118164,7.239999771118164,7.239999771118164,7.239999771118164,104.0
2025-06-26 15:41:00,LMND,,43.119998931884766,43.119998931884766,43.06999969482422,43.11000061035156,2537.0
2025-06-26 15:41:00,LNG,,242.0749969482422,242.0749969482422,242.05999755859375,242.05999755859375,1235.0
2025-06-26 15:41:00,LODE,,3.734999895095825,3.740000009536743,3.7300000190734863,3.740000009536743,11197.0
2025-06-26 15:41:00,MAG,,21.424999237060547,21.43000030517578,21.424999237060547,21.43000030517578,583.0
2025-06-26 15:41:00,MPTI,,40.79999923706055,40.79999923706055,40.79999923706055,40.79999923706055,122.0
2025-06-26 15:41:00,MTA,,3.924999952316284,3.924999952316284,3.924999952316284,3.924999952316284,453.0
2025-06-26 15:41:00,MYO,,2.244999885559082,2.244999885559082,2.244999885559082,2.244999885559082,502.0
2025-06-26 15:41:00,NAK,,1.5467000007629395,1.559000015258789,1.5399999618530273,1.559000015258789,128396.0
2025-06-26 15:41:00,NBH,,9.81149959564209,9.819999694824219,9.8100004196167,9.8149995803833,2548.0
2025-06-26 15:41:00,NCL,,0.1809999942779541,0.1809999942779541,0.18070000410079956,0.18070000410079956,13200.0
2025-06-26 15:41:00,NEWP,,1.3849999904632568,1.3849999904632568,1.3849999904632568,1.3849999904632568,112.0
2025-06-26 15:41:00,NFGC,,1.4850000143051147,1.4850000143051147,1.4850000143051147,1.4850000143051147,231.0
2025-06-26 15:41:00,NG,,4.110000133514404,4.110000133514404,4.105000019073486,4.105000019073486,22908.0
2025-06-26 15:41:00,NGD,,4.925000190734863,4.929999828338623,4.909999847412109,4.909999847412109,278863.0
2025-06-26 15:41:00,NHC,,108.08000183105469,108.23999786376953,108.08000183105469,108.23999786376953,1017.0
2025-06-26 15:41:00,NNVC,,1.2201000452041626,1.2201000452041626,1.2201000452041626,1.2201000452041626,151.0
2025-06-26 15:41:00,NRO,,3.184999942779541,3.184999942779541,3.184999942779541,3.184999942779541,104.0
2025-06-26 15:41:00,OBE,,5.480000019073486,5.480000019073486,5.480000019073486,5.480000019073486,2319.0
2025-06-26 15:41:00,OSTX,,1.850000023841858,1.850000023841858,1.850000023841858,1.850000023841858,937.0
2025-06-26 15:41:00,PLG,,1.6399999856948853,1.6399999856948853,1.6349999904632568,1.6399999856948853,7774.0
2025-06-26 15:41:00,PLMR,,153.69500732421875,153.69500732421875,153.69500732421875,153.69500732421875,464.0
2025-06-26 15:41:00,PLX,,1.475000023841858,1.475000023841858,1.475000023841858,1.475000023841858,400.0
2025-06-26 15:41:00,REI,,0.7702000141143799,0.7702999711036682,0.7702000141143799,0.7702000141143799,3613.0
2025-06-26 15:41:00,SACH,,1.0989999771118164,1.0989999771118164,1.0989999771118164,1.0989999771118164,226.0
2025-06-26 15:41:00,SBEV,,3.990000009536743,3.990000009536743,3.9549999237060547,3.9549999237060547,363.0
2025-06-26 15:41:00,SEB,,2939.264892578125,2939.264892578125,2936.8798828125,2939.264892578125,10.0
2025-06-26 15:41:00,SENS,,0.5005999803543091,0.5005999803543091,0.5005499720573425,0.5005999803543091,1864.0
2025-06-26 15:41:00,SKYH,,9.625,9.625,9.600000381469727,9.600000381469727,2025.0
2025-06-26 15:41:00,SLI,,1.9306999444961548,1.940000057220459,1.9299999475479126,1.9299999475479126,2050.0
2025-06-26 15:41:00,SLND,,3.880000114440918,3.9000000953674316,3.880000114440918,3.8949999809265137,798.0
2025-06-26 15:41:00,SSY,,0.86080002784729,0.8608999848365784,0.86080002784729,0.86080002784729,400.0
2025-06-26 15:41:00,STXS,,2.2049999237060547,2.2049999237060547,2.200000047683716,2.200000047683716,3197.0
2025-06-26 15:41:00,SVM,,4.199999809265137,4.199999809265137,4.195000171661377,4.199999809265137,3581.0
2025-06-26 15:41:00,TGB,,3.134999990463257,3.140000104904175,3.1340999603271484,3.139899969100952,11665.0
2025-06-26 15:41:00,TMQ,,1.4800000190734863,1.4800000190734863,1.4800000190734863,1.4800000190734863,3200.0
2025-06-26 15:41:00,TRX,,0.334199994802475,0.334199994802475,0.334199994802475,0.334199994802475,200.0
2025-06-26 15:41:00,UAMY,,2.658099889755249,2.6600000858306885,2.6549999713897705,2.6549999713897705,13534.0
2025-06-26 15:41:00,UAVS,,1.1399999856948853,1.1399999856948853,1.1334999799728394,1.1399999856948853,1370.0
2025-06-26 15:41:00,UEC,,6.994999885559082,7.0,6.991300106048584,6.999899864196777,17183.0
2025-06-26 15:41:00,URG,,1.0449999570846558,1.045300006866455,1.0399999618530273,1.0449999570846558,1675.0
2025-06-26 15:41:00,USAS,,0.8370000123977661,0.8410000205039978,0.8370000123977661,0.8370000123977661,43451.0
2025-06-26 15:41:00,UUUU,,5.885000228881836,5.889999866485596,5.880000114440918,5.885000228881836,5953.0
2025-06-26 15:41:00,VGZ,,1.024999976158142,1.024999976158142,1.024999976158142,1.024999976158142,100.0
2025-06-26 15:41:00,VTAK,,0.2487500011920929,0.2487500011920929,0.24869999289512634,0.24869999289512634,1400.0
2025-06-26 15:41:00,VZLA,,2.984999895095825,2.990000009536743,2.984999895095825,2.984999895095825,1709.0
2025-06-26 15:41:00,WRN,,1.2350000143051147,1.2350000143051147,1.2350000143051147,1.2350000143051147,506.0
2025-06-26 15:41:00,WYY,,3.3299999237060547,3.3299999237060547,3.3299999237060547,3.3299999237060547,478.0
2025-06-26 15:41:00,ZDGE,,3.9100000858306885,3.9100000858306885,3.9100000858306885,3.9100000858306885,541.0
2025-06-26 15:42:00,AMBO,,2.4200000762939453,2.4200000762939453,2.4200000762939453,2.4200000762939453,33771.0
2025-06-26 15:42:00,AREN,,6.275000095367432,6.300000190734863,6.269999980926514,6.269999980926514,2195.0
2025-06-26 15:42:00,ARMN,,6.795000076293945,6.795000076293945,6.795000076293945,6.795000076293945,1679.0
2025-06-26 15:42:00,ASM,,3.569999933242798,3.569999933242798,3.569999933242798,3.569999933242798,695.0
2025-06-26 15:42:00,ATNM,,1.5950000286102295,1.600000023841858,1.5950000286102295,1.600000023841858,1052.0
2025-06-26 15:42:00,AZTR,,0.2593989968299866,0.2593989968299866,0.2593989968299866,0.2593989968299866,255.0
2025-06-26 15:42:00,BATL,,1.4800000190734863,1.4800000190734863,1.4800000190734863,1.4800000190734863,100.0
2025-06-26 15:42:00,BEEP,,4.190000057220459,4.199999809265137,4.190000057220459,4.199999809265137,6282.0
2025-06-26 15:42:00,BRBS,,3.309999942779541,3.309999942779541,3.305000066757202,3.305000066757202,646.0
2025-06-26 15:42:00,BRN,,1.1979999542236328,1.1979999542236328,1.1979999542236328,1.1979999542236328,100.0
2025-06-26 15:42:00,BTG,,3.634999990463257,3.640000104904175,3.6301000118255615,3.634999990463257,34926.0
2025-06-26 15:42:00,BURU,,0.3319999873638153,0.3319999873638153,0.3319000005722046,0.3319000005722046,1350.0
2025-06-26 15:42:00,CANF,,1.0449999570846558,1.0499999523162842,1.0449999570846558,1.0449999570846558,3530.0
2025-06-26 15:42:00,CATX,,3.625,3.630000114440918,3.609999895095825,3.609999895095825,5768.0
2025-06-26 15:42:00,CBOE,,226.4199981689453,226.60000610351562,226.4199981689453,226.4949951171875,8059.0
2025-06-26 15:42:00,CEF,,30.389999389648438,30.389999389648438,30.385000228881836,30.385000228881836,954.0
2025-06-26 15:42:00,CLM,,7.945000171661377,7.947199821472168,7.945000171661377,7.945000171661377,1440.0
2025-06-26 15:42:00,CQP,,56.349998474121094,56.41999816894531,56.349998474121094,56.41999816894531,376.0
2025-06-26 15:42:00,CRF,,7.554999828338623,7.557700157165527,7.554999828338623,7.554999828338623,903.0
2025-06-26 15:42:00,CTGO,,20.899999618530273,20.899999618530273,20.889999389648438,20.889999389648438,423.0
2025-06-26 15:42:00,CTM,,1.0549999475479126,1.0549999475479126,1.0549999475479126,1.0549999475479126,364.0
2025-06-26 15:42:00,CVU,,3.4600000381469727,3.4600000381469727,3.4600000381469727,3.4600000381469727,144.0
2025-06-26 15:42:00,DNN,,1.850000023841858,1.850000023841858,1.840000033378601,1.8450000286102295,32181.0
2025-06-26 15:42:00,ELMD,,21.579999923706055,21.579999923706055,21.579999923706055,21.579999923706055,265.0
2025-06-26 15:42:00,EMX,,2.559999942779541,2.565000057220459,2.559999942779541,2.565000057220459,954.0
2025-06-26 15:42:00,ENX,,9.204999923706055,9.210000038146973,9.204999923706055,9.210000038146973,200.0
2025-06-26 15:42:00,EP,,5.570000171661377,5.570000171661377,5.570000171661377,5.570000171661377,352.0
2025-06-26 15:42:00,EQX,,5.900000095367432,5.900000095367432,5.889999866485596,5.894999980926514,7820.0
2025-06-26 15:42:00,FOXO,,0.20000100135803223,0.20000100135803223,0.20000100135803223,0.20000100135803223,2341.0
2025-06-26 15:42:00,FSP,,1.7000000476837158,1.7000000476837158,1.690000057220459,1.690000057220459,630.0
2025-06-26 15:42:00,FTF,,6.385000228881836,6.385000228881836,6.385000228881836,6.385000228881836,120.0
2025-06-26 15:42:00,GAU,,1.284999966621399,1.284999966621399,1.284999966621399,1.284999966621399,244.0
2025-06-26 15:42:00,GENC,,14.635000228881836,14.635000228881836,14.635000228881836,14.635000228881836,102.0
2025-06-26 15:42:00,GGN,,4.385000228881836,4.385000228881836,4.385000228881836,4.385000228881836,100.0
2025-06-26 15:42:00,GNS,,1.100000023841858,1.100000023841858,1.0888999700546265,1.0892000198364258,41010.0
2025-06-26 15:42:00,GORO,,0.5471000075340271,0.5471000075340271,0.5471000075340271,0.5471000075340271,200.0
2025-06-26 15:42:00,GROY,,2.2750000953674316,2.2799999713897705,2.2750000953674316,2.2799999713897705,2909.0
2025-06-26 15:42:00,GTE,,4.980000019073486,4.989999771118164,4.980000019073486,4.989999771118164,4921.0
2025-06-26 15:42:00,HUSA,,12.660099983215332,12.729999542236328,12.660099983215332,12.729999542236328,2136.0
2025-06-26 15:42:00,IBO,,0.9302999973297119,0.9470000267028809,0.9301000237464905,0.9301000237464905,3076.0
2025-06-26 15:42:00,IDR,,13.329999923706055,13.335000038146973,13.329999923706055,13.335000038146973,489.0
2025-06-26 15:42:00,IE,,9.859999656677246,9.859999656677246,9.84000015258789,9.850000381469727,7457.0
2025-06-26 15:42:00,IMO,,81.0999984741211,81.0999984741211,81.0250015258789,81.0250015258789,1927.0
2025-06-26 15:42:00,INDO,,3.039400100708008,3.039400100708008,3.0250000953674316,3.0299999713897705,4809.0
2025-06-26 15:42:00,INLX,,11.5,11.5,11.5,11.5,964.0
2025-06-26 15:42:00,ITRG,,1.524999976158142,1.5321999788284302,1.524999976158142,1.5299999713897705,22752.0
2025-06-26 15:42:00,KNW,,1.8899999856948853,1.8899999856948853,1.8899999856948853,1.8899999856948853,500.0
2025-06-26 15:42:00,KULR,,5.149899959564209,5.150000095367432,5.139999866485596,5.144999980926514,6724.0
2025-06-26 15:42:00,LCTX,,0.9801999926567078,0.9850000143051147,0.9801999926567078,0.9850000143051147,10557.0
2025-06-26 15:42:00,LEU,,174.76480102539062,174.89999389648438,174.75999450683594,174.75999450683594,2854.0
2025-06-26 15:42:00,LMND,,43.070098876953125,43.13999938964844,43.060001373291016,43.106201171875,7834.0
2025-06-26 15:42:00,LNG,,242.3300018310547,242.35000610351562,242.0749969482422,242.0749969482422,6005.0
2025-06-26 15:42:00,MAG,,21.43000030517578,21.43000030517578,21.43000030517578,21.43000030517578,252.0
2025-06-26 15:42:00,MITQ,,0.660099983215332,0.660099983215332,0.660099983215332,0.660099983215332,278.0
2025-06-26 15:42:00,MPU,,0.9513000249862671,0.9513000249862671,0.9513000249862671,0.9513000249862671,285.0
2025-06-26 15:42:00,NAK,,1.5549999475479126,1.5549999475479126,1.544800043106079,1.544800043106079,49570.0
2025-06-26 15:42:00,NCL,,0.18000000715255737,0.1809999942779541,0.18000000715255737,0.1800999939441681,21215.0
2025-06-26 15:42:00,NFGC,,1.4850000143051147,1.4850000143051147,1.4800000190734863,1.4800000190734863,11600.0
2025-06-26 15:42:00,NG,,4.114999771118164,4.114999771118164,4.110000133514404,4.110000133514404,12105.0
2025-06-26 15:42:00,NGD,,4.925000190734863,4.929999828338623,4.920000076293945,4.925000190734863,63169.0
2025-06-26 15:42:00,NHC,,108.27999877929688,108.27999877929688,108.23999786376953,108.23999786376953,897.0
2025-06-26 15:42:00,NHS,,7.489999771118164,7.489999771118164,7.489999771118164,7.489999771118164,111.0
2025-06-26 15:42:00,NNVC,,1.2201000452041626,1.225000023841858,1.2201000452041626,1.225000023841858,1100.0
2025-06-26 15:42:00,NRXS,,2.575000047683716,2.575000047683716,2.575000047683716,2.575000047683716,100.0
2025-06-26 15:42:00,OBE,,5.474999904632568,5.474999904632568,5.474999904632568,5.474999904632568,404.0
2025-06-26 15:42:00,OPTT,,0.5157999992370605,0.5178999900817871,0.5157999992370605,0.5178999900817871,2833.0
2025-06-26 15:42:00,ORLA,,9.975000381469727,9.975000381469727,9.970000267028809,9.975000381469727,2188.0
2025-06-26 15:42:00,PLG,,1.635200023651123,1.6399999856948853,1.6349999904632568,1.6349999904632568,7097.0
2025-06-26 15:42:00,PLMR,,153.7050018310547,153.7050018310547,153.7050018310547,153.7050018310547,462.0
2025-06-26 15:42:00,PLX,,1.4850000143051147,1.4850000143051147,1.475000023841858,1.4800000190734863,15400.0
2025-06-26 15:42:00,REI,,0.7702999711036682,0.7702999711036682,0.7702000141143799,0.7702000141143799,13085.0
2025-06-26 15:42:00,RLGT,,6.065000057220459,6.065000057220459,6.065000057220459,6.065000057220459,923.0
2025-06-26 15:42:00,SATX,,2.9600000381469727,2.9700000286102295,2.9600000381469727,2.9649999141693115,7922.0
2025-06-26 15:42:00,SBEV,,4.0,4.0,4.0,4.0,171.0
2025-06-26 15:42:00,SEB,,2939.264892578125,2939.264892578125,2939.264892578125,2939.264892578125,3.0
2025-06-26 15:42:00,SENS,,0.5005999803543091,0.5005999803543091,0.5005000233650208,0.5005000233650208,4051.0
2025-06-26 15:42:00,SGN,,1.1399999856948853,1.1399999856948853,1.1399999856948853,1.1399999856948853,125.0
2025-06-26 15:42:00,SLI,,1.9299999475479126,1.9299999475479126,1.9299999475479126,1.9299999475479126,158.0
2025-06-26 15:42:00,STXS,,2.194999933242798,2.2049999237060547,2.194999933242798,2.2049999237060547,1934.0
2025-06-26 15:42:00,SVM,,4.199999809265137,4.199999809265137,4.195000171661377,4.195000171661377,1748.0
2025-06-26 15:42:00,TGB,,3.134999990463257,3.135200023651123,3.130000114440918,3.130000114440918,12949.0
2025-06-26 15:42:00,TOON,,0.7440000176429749,0.7440000176429749,0.7440000176429749,0.7440000176429749,590.0
2025-06-26 15:42:00,TRX,,0.3337000012397766,0.3337000012397766,0.3336000144481659,0.3336000144481659,975.0
2025-06-26 15:42:00,UAMY,,2.6500000953674316,2.6549999713897705,2.6449999809265137,2.6549999713897705,29444.0
2025-06-26 15:42:00,UAVS,,1.1398999691009521,1.1398999691009521,1.1349999904632568,1.138800024986267,4144.0
2025-06-26 15:42:00,UEC,,7.010000228881836,7.014999866485596,6.991199970245361,7.0,128604.0
2025-06-26 15:42:00,URG,,1.0449999570846558,1.0499999523162842,1.0399999618530273,1.0399999618530273,6175.0
2025-06-26 15:42:00,USAS,,0.8359000086784363,0.8384000062942505,0.8359000086784363,0.8370000123977661,1885.0
2025-06-26 15:42:00,UTG,,35.53850173950195,35.53850173950195,35.53850173950195,35.53850173950195,540.0
2025-06-26 15:42:00,UUUU,,5.900000095367432,5.900000095367432,5.885000228881836,5.885000228881836,61234.0
2025-06-26 15:42:00,VGZ,,1.023800015449524,1.023800015449524,1.023800015449524,1.023800015449524,320.0
2025-06-26 15:42:00,VTAK,,0.24879899621009827,0.24879899621009827,0.24879899621009827,0.24879899621009827,111.0
2025-06-26 15:42:00,VZLA,,2.984999895095825,2.984999895095825,2.9800000190734863,2.984999895095825,13679.0
2025-06-26 15:42:00,ZDGE,,3.9100000858306885,3.9100000858306885,3.9100000858306885,3.9100000858306885,101.0
2025-06-26 15:43:00,AEON,,0.7497000098228455,0.7523000240325928,0.7497000098228455,0.7523000240325928,2365.0
2025-06-26 15:43:00,AREN,,6.320000171661377,6.320000171661377,6.28000020980835,6.28000020980835,3962.0
2025-06-26 15:43:00,ARMN,,6.795000076293945,6.795000076293945,6.795000076293945,6.795000076293945,457.0
2025-06-26 15:43:00,ASM,,3.569999933242798,3.569999933242798,3.565000057220459,3.565000057220459,25735.0
2025-06-26 15:43:00,ATNM,,1.5950000286102295,1.5950000286102295,1.5950000286102295,1.5950000286102295,501.0
2025-06-26 15:43:00,AUST,,1.3301000595092773,1.3301000595092773,1.2999999523162842,1.3300000429153442,7610.0
2025-06-26 15:43:00,BATL,,1.4800000190734863,1.4800000190734863,1.4800000190734863,1.4800000190734863,214.0
2025-06-26 15:43:00,BEEP,,4.21999979019165,4.21999979019165,4.21999979019165,4.21999979019165,193.0
2025-06-26 15:43:00,BHB,,29.920000076293945,29.920000076293945,29.920000076293945,29.920000076293945,131.0
2025-06-26 15:43:00,BKTI,,55.834999084472656,56.0,55.83000183105469,55.83000183105469,2026.0
2025-06-26 15:43:00,BRBS,,3.305000066757202,3.305000066757202,3.305000066757202,3.305000066757202,306.0
2025-06-26 15:43:00,BTG,,3.640000104904175,3.640000104904175,3.630000114440918,3.634999990463257,25972.0
2025-06-26 15:43:00,BURU,,0.3321000039577484,0.3321000039577484,0.3319999873638153,0.3319999873638153,9589.0
2025-06-26 15:43:00,CANF,,1.0449999570846558,1.0449999570846558,1.0449999570846558,1.0449999570846558,700.0
2025-06-26 15:43:00,CATX,,3.625,3.630000114440918,3.619999885559082,3.619999885559082,8038.0
2025-06-26 15:43:00,CBOE,,226.52499389648438,226.61000061035156,226.3350067138672,226.41000366210938,7996.0
2025-06-26 15:43:00,CEF,,30.3799991607666,30.389999389648438,30.3799991607666,30.389999389648438,203.0
2025-06-26 15:43:00,CIK,,2.934999942779541,2.934999942779541,2.934999942779541,2.934999942779541,673.0
2025-06-26 15:43:00,CLM,,7.945000171661377,7.947000026702881,7.940000057220459,7.940000057220459,2182.0
2025-06-26 15:43:00,CMCL,,19.30500030517578,19.30500030517578,19.30500030517578,19.30500030517578,668.0
2025-06-26 15:43:00,CQP,,56.380001068115234,56.40999984741211,56.349998474121094,56.349998474121094,994.0
2025-06-26 15:43:00,CRF,,7.559999942779541,7.559999942779541,7.554999828338623,7.554999828338623,1255.0
2025-06-26 15:43:00,CTGO,,20.899999618530273,20.899999618530273,20.899999618530273,20.899999618530273,102.0
2025-06-26 15:43:00,CTM,,1.0549999475479126,1.0549999475479126,1.0549999475479126,1.0549999475479126,204.0
2025-06-26 15:43:00,DC,,3.809999942779541,3.809999942779541,3.805000066757202,3.805000066757202,324.0
2025-06-26 15:43:00,DNN,,1.840000033378601,1.850000023841858,1.840000033378601,1.8450000286102295,927654.0
2025-06-26 15:43:00,EAD,,6.974999904632568,6.974999904632568,6.974999904632568,6.974999904632568,563.0
2025-06-26 15:43:00,ELMD,,21.579999923706055,21.59000015258789,21.579999923706055,21.579999923706055,548.0
2025-06-26 15:43:00,EMX,,2.569999933242798,2.569999933242798,2.559999942779541,2.559999942779541,614.0
2025-06-26 15:43:00,EP,,5.570000171661377,5.570000171661377,5.570000171661377,5.570000171661377,392.0
2025-06-26 15:43:00,EPM,,4.769999980926514,4.78000020980835,4.769999980926514,4.78000020980835,434.0
2025-06-26 15:43:00,EQX,,5.900000095367432,5.900000095367432,5.889999866485596,5.900000095367432,9497.0
2025-06-26 15:43:00,ERC,,9.425000190734863,9.425000190734863,9.425000190734863,9.425000190734863,1300.0
2025-06-26 15:43:00,EVI,,20.459999084472656,20.459999084472656,20.459999084472656,20.459999084472656,605.0
2025-06-26 15:43:00,EVV,,10.1899995803833,10.1899995803833,10.1850004196167,10.1850004196167,4300.0
2025-06-26 15:43:00,FSP,,1.6950000524520874,1.6950000524520874,1.6950000524520874,1.6950000524520874,318.0
2025-06-26 15:43:00,GAU,,1.284999966621399,1.2879999876022339,1.284999966621399,1.284999966621399,1052.0
2025-06-26 15:43:00,GGN,,4.385000228881836,4.385000228881836,4.385000228881836,4.385000228881836,110.0
2025-06-26 15:43:00,GLO,,5.364999771118164,5.364999771118164,5.364999771118164,5.364999771118164,284.0
2025-06-26 15:43:00,GNS,,1.100000023841858,1.100000023841858,1.090000033378601,1.0991439819335938,86022.0
2025-06-26 15:43:00,GROY,,2.2750000953674316,2.2799999713897705,2.2750000953674316,2.2750000953674316,2379.0
2025-06-26 15:43:00,GSAT,,23.389999389648438,23.40999984741211,23.3799991607666,23.40999984741211,4885.0
2025-06-26 15:43:00,GTE,,4.980000019073486,4.980000019073486,4.980000019073486,4.980000019073486,139.0
2025-06-26 15:43:00,IBO,,0.9301000237464905,0.9448999762535095,0.9301000237464905,0.9302999973297119,3033.0
2025-06-26 15:43:00,IDR,,13.345000267028809,13.345000267028809,13.345000267028809,13.345000267028809,307.0
2025-06-26 15:43:00,IE,,9.869999885559082,9.869999885559082,9.850000381469727,9.864999771118164,3401.0
2025-06-26 15:43:00,IMO,,81.05000305175781,81.06999969482422,81.05000305175781,81.06999969482422,992.0
2025-06-26 15:43:00,INDO,,3.0299999713897705,3.035599946975708,3.0299999713897705,3.035599946975708,10338.0
2025-06-26 15:43:00,INFU,,6.420000076293945,6.420000076293945,6.409999847412109,6.414999961853027,1591.0
2025-06-26 15:43:00,ITRG,,1.524999976158142,1.5253000259399414,1.524999976158142,1.5253000259399414,3891.0
2025-06-26 15:43:00,KNW,,1.9149999618530273,1.9149999618530273,1.8899999856948853,1.8899999856948853,660.0
2025-06-26 15:43:00,KULR,,5.144999980926514,5.146200180053711,5.1402997970581055,5.144999980926514,4851.0
2025-06-26 15:43:00,LCTX,,0.9800999760627747,0.9810000061988831,0.9800000190734863,0.9801999926567078,43907.0
2025-06-26 15:43:00,LEU,,175.06500244140625,175.1199951171875,175.0,175.0,3537.0
2025-06-26 15:43:00,LMND,,43.04499816894531,43.08000183105469,43.040000915527344,43.06999969482422,2395.0
2025-06-26 15:43:00,LNG,,242.27999877929688,242.2899932861328,242.27999877929688,242.27999877929688,2505.0
2025-06-26 15:43:00,LODE,,3.8499999046325684,3.8499999046325684,3.749000072479248,3.75,42507.0
2025-06-26 15:43:00,MAG,,21.43000030517578,21.43000030517578,21.415000915527344,21.42009925842285,10347.0
2025-06-26 15:43:00,MTA,,3.924999952316284,3.930000066757202,3.924999952316284,3.924999952316284,2931.0
2025-06-26 15:43:00,MYO,,2.244999885559082,2.244999885559082,2.244999885559082,2.244999885559082,390.0
2025-06-26 15:43:00,NAK,,1.5449999570846558,1.5520000457763672,1.5399999618530273,1.5499999523162842,367942.0
2025-06-26 15:43:00,NG,,4.114999771118164,4.119999885559082,4.110099792480469,4.114999771118164,20260.0
2025-06-26 15:43:00,NGD,,4.925000190734863,4.925000190734863,4.920000076293945,4.925000190734863,8906.0
2025-06-26 15:43:00,NHS,,7.494999885559082,7.494999885559082,7.494999885559082,7.494999885559082,276.0
2025-06-26 15:43:00,NML,,8.82800006866455,8.82800006866455,8.82800006866455,8.82800006866455,1910.0
2025-06-26 15:43:00,NNVC,,1.2350000143051147,1.2350000143051147,1.225000023841858,1.225000023841858,440.0
2025-06-26 15:43:00,OBE,,5.474999904632568,5.474999904632568,5.474999904632568,5.474999904632568,102.0
2025-06-26 15:43:00,OPTT,,0.5162000060081482,0.5167999863624573,0.5162000060081482,0.5166000127792358,1091.0
2025-06-26 15:43:00,ORLA,,9.975000381469727,9.975000381469727,9.970000267028809,9.970000267028809,7980.0
2025-06-26 15:43:00,OSTX,,1.8009999990463257,1.8450000286102295,1.7999999523162842,1.8450000286102295,7262.0
2025-06-26 15:43:00,PLG,,1.6349999904632568,1.6349999904632568,1.6349999904632568,1.6349999904632568,371.0
2025-06-26 15:43:00,PLMR,,153.5800018310547,153.5800018310547,153.5800018310547,153.5800018310547,818.0
2025-06-26 15:43:00,REI,,0.7700999975204468,0.7702000141143799,0.7699999809265137,0.7702000141143799,10672.0
2025-06-26 15:43:00,REPX,,26.790000915527344,26.790000915527344,26.790000915527344,26.790000915527344,976.0
2025-06-26 15:43:00,SATX,,2.9600000381469727,2.9600000381469727,2.9600000381469727,2.9600000381469727,3100.0
2025-06-26 15:43:00,SBEV,,3.9100000858306885,3.9100000858306885,3.9100000858306885,3.9100000858306885,305.0
2025-06-26 15:43:00,SENS,,0.5005000233650208,0.5005999803543091,0.5004000067710876,0.5005499720573425,39399.0
2025-06-26 15:43:00,SGN,,1.149999976158142,1.149999976158142,1.149999976158142,1.149999976158142,190.0
2025-06-26 15:43:00,SKYH,,9.609999656677246,9.609999656677246,9.609999656677246,9.609999656677246,493.0
2025-06-26 15:43:00,SLI,,1.934999942779541,1.934999942779541,1.934999942779541,1.934999942779541,232.0
2025-06-26 15:43:00,SLND,,3.9000000953674316,3.9000000953674316,3.9000000953674316,3.9000000953674316,137.0
2025-06-26 15:43:00,STRW,,10.720000267028809,10.720000267028809,10.720000267028809,10.720000267028809,104.0
2025-06-26 15:43:00,STXS,,2.200000047683716,2.200000047683716,2.200000047683716,2.200000047683716,300.0
2025-06-26 15:43:00,SVM,,4.195000171661377,4.199999809265137,4.190000057220459,4.199999809265137,2148.0
2025-06-26 15:43:00,SVT,,46.959999084472656,46.959999084472656,46.959999084472656,46.959999084472656,200.0
2025-06-26 15:43:00,TGB,,3.1301000118255615,3.140000104904175,3.1301000118255615,3.134999990463257,15654.0
2025-06-26 15:43:00,THM,,0.875,0.875,0.875,0.875,312.0
2025-06-26 15:43:00,TMQ,,1.475000023841858,1.475000023841858,1.4700000286102295,1.475000023841858,1180.0
2025-06-26 15:43:00,TOVX,,0.43540000915527344,0.43709999322891235,0.43529999256134033,0.43540000915527344,1717.0
2025-06-26 15:43:00,TPET,,1.1996999979019165,1.1996999979019165,1.190000057220459,1.190000057220459,1550.0
2025-06-26 15:43:00,UAMY,,2.6421000957489014,2.6500000953674316,2.6421000957489014,2.6500000953674316,3790.0
2025-06-26 15:43:00,UAVS,,1.1299999952316284,1.1399999856948853,1.1299999952316284,1.1399999856948853,1200.0
2025-06-26 15:43:00,UEC,,7.027500152587891,7.03000020980835,7.0100998878479,7.014999866485596,161207.0
2025-06-26 15:43:00,URG,,1.0499999523162842,1.0499999523162842,1.0399999618530273,1.0449999570846558,5934.0
2025-06-26 15:43:00,USAS,,0.8209999799728394,0.8418999910354614,0.8209999799728394,0.8379999995231628,140525.0
2025-06-26 15:43:00,UUUU,,5.900000095367432,5.909999847412109,5.889999866485596,5.889999866485596,101382.0
2025-06-26 15:43:00,VGZ,,1.0299999713897705,1.0299999713897705,1.0299999713897705,1.0299999713897705,350.0
2025-06-26 15:43:00,VNRX,,0.8450000286102295,0.8450000286102295,0.8450000286102295,0.8450000286102295,9310.0
2025-06-26 15:43:00,VTAK,,0.2487500011920929,0.24879999458789825,0.2487500011920929,0.24879999458789825,5216.0
2025-06-26 15:43:00,VZLA,,2.984999895095825,2.990000009536743,2.9800000190734863,2.9800000190734863,10166.0
2025-06-26 15:44:00,ARMN,,6.795000076293945,6.795000076293945,6.789999961853027,6.789999961853027,2335.0
2025-06-26 15:44:00,ASM,,3.575000047683716,3.5799999237060547,3.569999933242798,3.575000047683716,19263.0
2025-06-26 15:44:00,ATNM,,1.5950000286102295,1.5950000286102295,1.5950000286102295,1.5950000286102295,637.0
2025-06-26 15:44:00,BATL,,1.4900000095367432,1.4900000095367432,1.4900000095367432,1.4900000095367432,958.0
2025-06-26 15:44:00,BEEP,,4.164999961853027,4.164999961853027,4.164999961853027,4.164999961853027,320.0
2025-06-26 15:44:00,BKTI,,55.71590042114258,55.71590042114258,55.71590042114258,55.71590042114258,109.0
2025-06-26 15:44:00,BRBS,,3.305000066757202,3.309999942779541,3.305000066757202,3.305000066757202,1357.0
2025-06-26 15:44:00,BTG,,3.634999990463257,3.640000104904175,3.6301000118255615,3.6352999210357666,45589.0
2025-06-26 15:44:00,BURU,,0.3321000039577484,0.3322010040283203,0.3321000039577484,0.3321000039577484,8898.0
2025-06-26 15:44:00,CANF,,1.0499000549316406,1.0499000549316406,1.0499000549316406,1.0499000549316406,200.0
2025-06-26 15:44:00,CATX,,3.625,3.625,3.619999885559082,3.619999885559082,6644.0
2025-06-26 15:44:00,CBOE,,226.55999755859375,226.55999755859375,226.5,226.53500366210938,1314.0
2025-06-26 15:44:00,CEF,,30.385000228881836,30.385000228881836,30.385000228881836,30.385000228881836,100.0
2025-06-26 15:44:00,CEV,,9.670000076293945,9.680000305175781,9.670000076293945,9.680000305175781,2581.0
2025-06-26 15:44:00,CLDI,,0.2257000058889389,0.2257000058889389,0.2257000058889389,0.2257000058889389,317.0
2025-06-26 15:44:00,CLM,,7.945000171661377,7.949999809265137,7.940000057220459,7.940000057220459,1903.0
2025-06-26 15:44:00,CQP,,56.38999938964844,56.38999938964844,56.349998474121094,56.349998474121094,764.0
2025-06-26 15:44:00,CRF,,7.554999828338623,7.554999828338623,7.554999828338623,7.554999828338623,225.0
2025-06-26 15:44:00,CTGO,,20.899999618530273,20.98819923400879,20.899999618530273,20.98819923400879,403.0
2025-06-26 15:44:00,CVU,,3.4600000381469727,3.490000009536743,3.4600000381469727,3.490000009536743,310.0
2025-06-26 15:44:00,CYBN,,8.489999771118164,8.489999771118164,8.489999771118164,8.489999771118164,240.0
2025-06-26 15:44:00,DC,,3.805000066757202,3.809999942779541,3.805000066757202,3.809999942779541,3996.0
2025-06-26 15:44:00,DNN,,1.8450000286102295,1.850000023841858,1.840000033378601,1.8495999574661255,56262.0
2025-06-26 15:44:00,EMX,,2.559999942779541,2.559999942779541,2.559999942779541,2.559999942779541,213.0
2025-06-26 15:44:00,EP,,5.570000171661377,5.570000171661377,5.570000171661377,5.570000171661377,100.0
2025-06-26 15:44:00,EQX,,5.900000095367432,5.900000095367432,5.889999866485596,5.900000095367432,1874.0
2025-06-26 15:44:00,EVI,,20.290000915527344,20.479999542236328,20.290000915527344,20.479999542236328,992.0
2025-06-26 15:44:00,EVV,,10.189900398254395,10.189900398254395,10.189900398254395,10.189900398254395,136.0
2025-06-26 15:44:00,FSP,,1.6950000524520874,1.6950000524520874,1.6950000524520874,1.6950000524520874,290.0
2025-06-26 15:44:00,FTF,,6.385000228881836,6.389999866485596,6.380000114440918,6.380000114440918,1500.0
2025-06-26 15:44:00,GAU,,1.2867000102996826,1.2867000102996826,1.2799999713897705,1.2799999713897705,3351.0
2025-06-26 15:44:00,GENC,,14.60949993133545,14.635000228881836,14.60949993133545,14.60949993133545,432.0
2025-06-26 15:44:00,GGN,,4.385000228881836,4.385000228881836,4.385000228881836,4.385000228881836,2716.0
2025-06-26 15:44:00,GNS,,1.090000033378601,1.1200000047683716,1.0850000381469727,1.100000023841858,80612.0
2025-06-26 15:44:00,GORO,,0.5472000241279602,0.5472000241279602,0.5461000204086304,0.5461000204086304,803.0
2025-06-26 15:44:00,GROY,,2.2750000953674316,2.2799999713897705,2.2699999809265137,2.2750000953674316,1006.0
2025-06-26 15:44:00,GSAT,,23.389999389648438,23.389999389648438,23.389999389648438,23.389999389648438,1862.0
2025-06-26 15:44:00,HUSA,,12.789600372314453,12.789600372314453,12.789600372314453,12.789600372314453,126.0
2025-06-26 15:44:00,IBO,,0.9327999949455261,0.9327999949455261,0.9327999949455261,0.9327999949455261,222.0
2025-06-26 15:44:00,IDR,,13.34000015258789,13.34000015258789,13.34000015258789,13.34000015258789,493.0
2025-06-26 15:44:00,IE,,9.845000267028809,9.869999885559082,9.84000015258789,9.854999542236328,5213.0
2025-06-26 15:44:00,IGC,,0.3085010051727295,0.3085010051727295,0.3085010051727295,0.3085010051727295,990.0
2025-06-26 15:44:00,IMO,,81.05000305175781,81.05000305175781,81.05000305175781,81.05000305175781,1393.0
2025-06-26 15:44:00,INDO,,3.02810001373291,3.02810001373291,3.02810001373291,3.02810001373291,1903.0
2025-06-26 15:44:00,ITRG,,1.524999976158142,1.524999976158142,1.524999976158142,1.524999976158142,572.0
2025-06-26 15:44:00,JOB,,0.20069999992847443,0.20069999992847443,0.20069999992847443,0.20069999992847443,119.0
2025-06-26 15:44:00,KNW,,1.9129999876022339,1.9129999876022339,1.9129999876022339,1.9129999876022339,1502.0
2025-06-26 15:44:00,KULR,,5.144999980926514,5.150000095367432,5.1433000564575195,5.150000095367432,14234.0
2025-06-26 15:44:00,LCTX,,0.9710999727249146,0.9800000190734863,0.9710999727249146,0.9754999876022339,11431.0
2025-06-26 15:44:00,LEU,,175.0,175.02000427246094,174.98500061035156,175.02000427246094,2042.0
2025-06-26 15:44:00,LMND,,43.099998474121094,43.119998931884766,43.06119918823242,43.06999969482422,5910.0
2025-06-26 15:44:00,LNG,,242.41000366210938,242.41000366210938,242.27999877929688,242.27999877929688,2859.0
2025-06-26 15:44:00,LODE,,3.819999933242798,3.8499999046325684,3.819999933242798,3.8499999046325684,2077.0
2025-06-26 15:44:00,LPTV,,0.014499999582767487,0.014499999582767487,0.014499999582767487,0.014499999582767487,28129.0
2025-06-26 15:44:00,LSF,,6.300000190734863,6.300000190734863,6.300000190734863,6.300000190734863,101.0
2025-06-26 15:44:00,MAG,,21.43000030517578,21.450000762939453,21.43000030517578,21.434999465942383,2166.0
2025-06-26 15:44:00,MITQ,,0.660099983215332,0.660099983215332,0.660099983215332,0.660099983215332,140.0
2025-06-26 15:44:00,MTA,,3.924999952316284,3.924999952316284,3.9200000762939453,3.924999952316284,2892.0
2025-06-26 15:44:00,MYO,,2.240000009536743,2.240000009536743,2.240000009536743,2.240000009536743,146.0
2025-06-26 15:44:00,NAK,,1.5489000082015991,1.5489000082015991,1.5449999570846558,1.5449999570846558,8215.0
2025-06-26 15:44:00,NBH,,9.8149995803833,9.8149995803833,9.8149995803833,9.8149995803833,300.0
2025-06-26 15:44:00,NCL,,0.1809999942779541,0.1809999942779541,0.1809999942779541,0.1809999942779541,175.0
2025-06-26 15:44:00,NFGC,,1.4850000143051147,1.4900000095367432,1.4850000143051147,1.4850000143051147,4988.0
2025-06-26 15:44:00,NG,,4.119999885559082,4.119999885559082,4.119999885559082,4.119999885559082,1509.0
2025-06-26 15:44:00,NGD,,4.920100212097168,4.925000190734863,4.920000076293945,4.920000076293945,29097.0
2025-06-26 15:44:00,NNVC,,1.2350000143051147,1.2350000143051147,1.2350000143051147,1.2350000143051147,100.0
2025-06-26 15:44:00,OPTT,,0.5145999789237976,0.517799973487854,0.5145000219345093,0.5162000060081482,4641.0
2025-06-26 15:44:00,ORLA,,9.975000381469727,9.975000381469727,9.975000381469727,9.975000381469727,355.0
2025-06-26 15:44:00,PED,,0.6588000059127808,0.6588000059127808,0.6588000059127808,0.6588000059127808,1054.0
2025-06-26 15:44:00,PLG,,1.6398999691009521,1.6398999691009521,1.634600043296814,1.634600043296814,2849.0
2025-06-26 15:44:00,PLMR,,153.7100067138672,153.7100067138672,153.7100067138672,153.7100067138672,156.0
2025-06-26 15:44:00,REI,,0.7702000141143799,0.7702000141143799,0.7700999975204468,0.7702000141143799,3347.0
2025-06-26 15:44:00,SATX,,2.9600000381469727,2.9600000381469727,2.9600000381469727,2.9600000381469727,300.0
2025-06-26 15:44:00,SBEV,,3.9363999366760254,3.9363999366760254,3.910799980163574,3.910799980163574,1183.0
2025-06-26 15:44:00,SEB,,2939.264892578125,2939.264892578125,2936.8798828125,2936.8798828125,2.0
2025-06-26 15:44:00,SENS,,0.5004000067710876,0.5004000067710876,0.5002999901771545,0.5004000067710876,3954.0
2025-06-26 15:44:00,SGN,,1.1399999856948853,1.1399999856948853,1.1399999856948853,1.1399999856948853,1000.0
2025-06-26 15:44:00,STRW,,10.71500015258789,10.729999542236328,10.6899995803833,10.6899995803833,368.0
2025-06-26 15:44:00,STXS,,2.200000047683716,2.200000047683716,2.200000047683716,2.200000047683716,118.0
2025-06-26 15:44:00,SVM,,4.204999923706055,4.204999923706055,4.199999809265137,4.199999809265137,28618.0
2025-06-26 15:44:00,TGB,,3.134999990463257,3.134999990463257,3.130000114440918,3.134999990463257,3765.0
2025-06-26 15:44:00,THM,,0.8734999895095825,0.878000020980835,0.8734999895095825,0.878000020980835,300.0
2025-06-26 15:44:00,TMQ,,1.4700000286102295,1.475000023841858,1.4700000286102295,1.475000023841858,400.0
2025-06-26 15:44:00,TPET,,1.190000057220459,1.2000000476837158,1.190000057220459,1.2000000476837158,3461.0
2025-06-26 15:44:00,UAMY,,2.6449999809265137,2.6500000953674316,2.6449999809265137,2.6449999809265137,488.0
2025-06-26 15:44:00,UAVS,,1.1385999917984009,1.1399999856948853,1.1385999917984009,1.139799952507019,2845.0
2025-06-26 15:44:00,UEC,,7.019999980926514,7.02810001373291,7.010000228881836,7.025000095367432,58500.0
2025-06-26 15:44:00,URG,,1.0449999570846558,1.0499999523162842,1.0399999618530273,1.0399999618530273,4659.0
2025-06-26 15:44:00,UUUU,,5.885000228881836,5.90500020980835,5.880000114440918,5.90500020980835,64184.0
2025-06-26 15:44:00,VKI,,8.220000267028809,8.220000267028809,8.210000038146973,8.210000038146973,2259.0
2025-06-26 15:44:00,VNRX,,0.8500000238418579,0.8500000238418579,0.8500000238418579,0.8500000238418579,139.0
2025-06-26 15:44:00,VTAK,,0.24879999458789825,0.24879999458789825,0.24879999458789825,0.24879999458789825,400.0
2025-06-26 15:44:00,VZLA,,2.990000009536743,3.0,2.984999895095825,2.990000009536743,25795.0
2025-06-26 15:44:00,WYY,,3.369999885559082,3.369999885559082,3.369999885559082,3.369999885559082,1000.0
2025-06-26 15:44:00,ZDGE,,3.890000104904175,3.890000104904175,3.890000104904175,3.890000104904175,100.0
2025-06-26 15:45:00,ACU,,40.5,40.5,40.5,40.5,429.0
2025-06-26 15:45:00,AREN,,6.360000133514404,6.360000133514404,6.320000171661377,6.320000171661377,4004.0
2025-06-26 15:45:00,ARMN,,6.795000076293945,6.795000076293945,6.795000076293945,6.795000076293945,600.0
2025-06-26 15:45:00,ASM,,3.575000047683716,3.5799999237060547,3.569999933242798,3.569999933242798,4897.0
2025-06-26 15:45:00,ATNM,,1.5950000286102295,1.5950000286102295,1.5901000499725342,1.5950000286102295,1348.0
2025-06-26 15:45:00,AZTR,,0.2575030028820038,0.2575030028820038,0.2575030028820038,0.2575030028820038,252.0
2025-06-26 15:45:00,BEEP,,4.235000133514404,4.235000133514404,4.235000133514404,4.235000133514404,277.0
2025-06-26 15:45:00,BRBS,,3.319999933242798,3.319999933242798,3.305000066757202,3.309999942779541,13723.0
2025-06-26 15:45:00,BTG,,3.634999990463257,3.640000104904175,3.6333000659942627,3.634999990463257,30979.0
2025-06-26 15:45:00,BURU,,0.3360759913921356,0.33640000224113464,0.3321000039577484,0.3321000039577484,900.0
2025-06-26 15:45:00,CATX,,3.615000009536743,3.6291000843048096,3.615000009536743,3.619999885559082,7030.0
2025-06-26 15:45:00,CBOE,,226.5,226.52000427246094,226.5,226.5,680.0
2025-06-26 15:45:00,CLM,,7.945000171661377,7.949999809265137,7.940000057220459,7.949999809265137,1108.0
2025-06-26 15:45:00,CMCL,,19.31999969482422,19.31999969482422,19.31999969482422,19.31999969482422,205.0
2025-06-26 15:45:00,CQP,,56.36000061035156,56.400001525878906,56.349998474121094,56.349998474121094,401.0
2025-06-26 15:45:00,CRF,,7.565000057220459,7.565000057220459,7.559899806976318,7.559999942779541,9085.0
2025-06-26 15:45:00,CTGO,,20.899999618530273,20.899999618530273,20.889999389648438,20.889999389648438,356.0
2025-06-26 15:45:00,CTM,,1.0549999475479126,1.0549999475479126,1.0549999475479126,1.0549999475479126,7392.0
2025-06-26 15:45:00,CVU,,3.4600000381469727,3.4600000381469727,3.4600000381469727,3.4600000381469727,778.0
2025-06-26 15:45:00,CYBN,,8.46500015258789,8.46500015258789,8.46500015258789,8.46500015258789,314.0
2025-06-26 15:45:00,DC,,3.805000066757202,3.809999942779541,3.805000066757202,3.809999942779541,1900.0
2025-06-26 15:45:00,DDC,,10.050000190734863,10.050000190734863,10.050000190734863,10.050000190734863,353.0
2025-06-26 15:45:00,DNN,,1.8450000286102295,1.850000023841858,1.840000033378601,1.850000023841858,22787.0
2025-06-26 15:45:00,EAD,,6.974999904632568,6.974999904632568,6.974999904632568,6.974999904632568,1200.0
2025-06-26 15:45:00,EP,,5.570000171661377,5.570000171661377,5.570000171661377,5.570000171661377,100.0
2025-06-26 15:45:00,EPM,,4.78000020980835,4.78000020980835,4.78000020980835,4.78000020980835,400.0
2025-06-26 15:45:00,EQX,,5.889999866485596,5.900000095367432,5.889999866485596,5.889999866485596,142428.0
2025-06-26 15:45:00,EVI,,20.299999237060547,20.399999618530273,20.299999237060547,20.399999618530273,441.0
2025-06-26 15:45:00,FSP,,1.7000000476837158,1.7000000476837158,1.6950000524520874,1.6950000524520874,1026.0
2025-06-26 15:45:00,FTF,,6.385000228881836,6.389999866485596,6.385000228881836,6.389999866485596,1000.0
2025-06-26 15:45:00,GAU,,1.284999966621399,1.284999966621399,1.2799999713897705,1.284999966621399,2055.0
2025-06-26 15:45:00,GENC,,14.65999984741211,14.670000076293945,14.635000228881836,14.635000228881836,1799.0
2025-06-26 15:45:00,GGN,,4.385000228881836,4.385000228881836,4.385000228881836,4.385000228881836,304.0
2025-06-26 15:45:00,GLO,,5.360000133514404,5.360000133514404,5.360000133514404,5.360000133514404,2738.0
2025-06-26 15:45:00,GNS,,1.0978000164031982,1.1009999513626099,1.090000033378601,1.0901000499725342,29979.0
2025-06-26 15:45:00,GORO,,0.5450000166893005,0.5450000166893005,0.5450000166893005,0.5450000166893005,100.0
2025-06-26 15:45:00,GROY,,2.2799999713897705,2.2799999713897705,2.2699999809265137,2.278899908065796,3881.0
2025-06-26 15:45:00,GSAT,,23.389999389648438,23.389999389648438,23.389999389648438,23.389999389648438,902.0
2025-06-26 15:45:00,GTE,,4.987500190734863,4.989999771118164,4.980000019073486,4.980000019073486,3366.0
2025-06-26 15:45:00,HUSA,,12.73740005493164,12.789999961853027,12.734999656677246,12.789999961853027,752.0
2025-06-26 15:45:00,IBO,,0.9599000215530396,0.9599000215530396,0.9503999948501587,0.9599000215530396,3134.0
2025-06-26 15:45:00,IDR,,13.329999923706055,13.350000381469727,13.329999923706055,13.329999923706055,571.0
2025-06-26 15:45:00,IE,,9.845000267028809,9.845000267028809,9.845000267028809,9.845000267028809,1988.0
2025-06-26 15:45:00,IMO,,81.05000305175781,81.05000305175781,81.05000305175781,81.05000305175781,512.0
2025-06-26 15:45:00,INFU,,6.429999828338623,6.429999828338623,6.420000076293945,6.420000076293945,873.0
2025-06-26 15:45:00,ITRG,,1.524999976158142,1.5254000425338745,1.5199999809265137,1.5254000425338745,11324.0
2025-06-26 15:45:00,KULR,,5.144999980926514,5.150000095367432,5.143499851226807,5.144999980926514,18872.0
2025-06-26 15:45:00,LCTX,,0.9674999713897705,0.9740999937057495,0.9674999713897705,0.9710999727249146,98020.0
2025-06-26 15:45:00,LEU,,175.38999938964844,175.38999938964844,175.0449981689453,175.0449981689453,3441.0
2025-06-26 15:45:00,LGL,,7.230000019073486,7.230000019073486,7.210000038146973,7.210000038146973,313.0
2025-06-26 15:45:00,LMND,,43.099998474121094,43.119998931884766,43.06039810180664,43.08000183105469,5268.0
2025-06-26 15:45:00,LNG,,242.02999877929688,242.3800048828125,242.02999877929688,242.3800048828125,6786.0
2025-06-26 15:45:00,MAG,,21.43000030517578,21.43000030517578,21.43000030517578,21.43000030517578,1267.0
2025-06-26 15:45:00,MAIA,,1.7125999927520752,1.7135000228881836,1.7125999927520752,1.7135000228881836,308.0
2025-06-26 15:45:00,MITQ,,0.660099983215332,0.660099983215332,0.660099983215332,0.660099983215332,225.0
2025-06-26 15:45:00,MPU,,0.9699000120162964,0.9699000120162964,0.9513000249862671,0.9513000249862671,1646.0
2025-06-26 15:45:00,MTA,,3.9200000762939453,3.9200000762939453,3.9200000762939453,3.9200000762939453,566.0
2025-06-26 15:45:00,MYO,,2.2474000453948975,2.2474000453948975,2.240000009536743,2.240000009536743,1453.0
2025-06-26 15:45:00,NAK,,1.5400999784469604,1.5499999523162842,1.5400999784469604,1.5499999523162842,5076.0
2025-06-26 15:45:00,NCL,,0.179299995303154,0.179299995303154,0.17919999361038208,0.17919999361038208,20003.0
2025-06-26 15:45:00,NFGC,,1.4850000143051147,1.4900000095367432,1.4800000190734863,1.4850000143051147,11501.0
2025-06-26 15:45:00,NG,,4.114999771118164,4.114999771118164,4.110099792480469,4.114999771118164,4115.0
2025-06-26 15:45:00,NGD,,4.925000190734863,4.925000190734863,4.920000076293945,4.920000076293945,30045.0
2025-06-26 15:45:00,NHC,,108.41999816894531,108.41999816894531,108.4000015258789,108.4000015258789,427.0
2025-06-26 15:45:00,NHS,,7.489999771118164,7.5,7.489999771118164,7.5,299.0
2025-06-26 15:45:00,OPTT,,0.5145000219345093,0.5145999789237976,0.5145000219345093,0.5145999789237976,615.0
2025-06-26 15:45:00,ORLA,,9.970000267028809,9.975000381469727,9.970000267028809,9.975000381469727,3425.0
2025-06-26 15:45:00,PLAG,,0.8585000038146973,0.8585000038146973,0.8585000038146973,0.8585000038146973,230.0
2025-06-26 15:45:00,PLG,,1.6299999952316284,1.6399999856948853,1.6299999952316284,1.6399999856948853,2850.0
2025-06-26 15:45:00,PLMR,,153.71499633789062,153.71499633789062,153.71499633789062,153.71499633789062,664.0
2025-06-26 15:45:00,REI,,0.7701500058174133,0.7702000141143799,0.7700999975204468,0.7701500058174133,2059.0
2025-06-26 15:45:00,SATX,,2.9600000381469727,2.9600000381469727,2.9600000381469727,2.9600000381469727,326.0
2025-06-26 15:45:00,SBEV,,3.990000009536743,3.990000009536743,3.990000009536743,3.990000009536743,1330.0
2025-06-26 15:45:00,SEB,,2939.264892578125,2939.264892578125,2936.75,2936.75,32.0
2025-06-26 15:45:00,SENS,,0.5005000233650208,0.5005000233650208,0.5004000067710876,0.5004000067710876,14492.0
2025-06-26 15:45:00,SLI,,1.934999942779541,1.934999942779541,1.9299999475479126,1.93149995803833,2562.0
2025-06-26 15:45:00,STXS,,2.200000047683716,2.200000047683716,2.200000047683716,2.200000047683716,200.0
2025-06-26 15:45:00,SVM,,4.204999923706055,4.210000038146973,4.204999923706055,4.210000038146973,5012.0
2025-06-26 15:45:00,TGB,,3.134999990463257,3.134999990463257,3.134999990463257,3.134999990463257,11561.0
2025-06-26 15:45:00,TMP,,63.43000030517578,63.43000030517578,63.43000030517578,63.43000030517578,307.0
2025-06-26 15:45:00,TMQ,,1.4700000286102295,1.4700000286102295,1.4700000286102295,1.4700000286102295,6164.0
2025-06-26 15:45:00,UAMY,,2.634999990463257,2.64520001411438,2.634999990463257,2.6449999809265137,16738.0
2025-06-26 15:45:00,UAVS,,1.1399999856948853,1.1399999856948853,1.1399999856948853,1.1399999856948853,949.0
2025-06-26 15:45:00,UEC,,7.014999866485596,7.019999980926514,7.010000228881836,7.010000228881836,36694.0
2025-06-26 15:45:00,URG,,1.059999942779541,1.059999942779541,1.0449999570846558,1.0449999570846558,79876.0
2025-06-26 15:45:00,USAS,,0.8359000086784363,0.8399999737739563,0.8357999920845032,0.8357999920845032,25093.0
2025-06-26 15:45:00,UTG,,35.56999969482422,35.56999969482422,35.568199157714844,35.568199157714844,326.0
2025-06-26 15:45:00,UUUU,,5.880000114440918,5.889999866485596,5.880000114440918,5.885000228881836,32053.0
2025-06-26 15:45:00,VNRX,,0.8610000014305115,0.8610000014305115,0.8560000061988831,0.8560000061988831,1519.0
2025-06-26 15:45:00,VZLA,,2.990000009536743,2.994999885559082,2.990000009536743,2.990999937057495,83249.0
2025-06-26 15:45:00,WRN,,1.2350000143051147,1.2350000143051147,1.2350000143051147,1.2350000143051147,133.0
2025-06-26 15:45:00,XTNT,,0.607699990272522,0.607699990272522,0.607699990272522,0.607699990272522,168.0
2025-06-26 15:46:00,ACU,,40.689998626708984,40.689998626708984,40.689998626708984,40.689998626708984,275.0
2025-06-26 15:46:00,AEON,,0.7409999966621399,0.7409999966621399,0.7409999966621399,0.7409999966621399,1445.0
2025-06-26 15:46:00,AREN,,6.400000095367432,6.400000095367432,6.355000019073486,6.355000019073486,6262.0
2025-06-26 15:46:00,ARMN,,6.789999961853027,6.795000076293945,6.789999961853027,6.795000076293945,3625.0
2025-06-26 15:46:00,ASM,,3.575000047683716,3.5799999237060547,3.569999933242798,3.575000047683716,21721.0
2025-06-26 15:46:00,ATNM,,1.5950000286102295,1.5950000286102295,1.5950000286102295,1.5950000286102295,1181.0
2025-06-26 15:46:00,AZTR,,0.2556999921798706,0.2574999928474426,0.2531000077724457,0.2574999928474426,30350.0
2025-06-26 15:46:00,BATL,,1.4800000190734863,1.4800000190734863,1.4800000190734863,1.4800000190734863,300.0
2025-06-26 15:46:00,BEEP,,4.2399001121521,4.2399001121521,4.21999979019165,4.21999979019165,2649.0
2025-06-26 15:46:00,BHB,,29.969999313354492,29.969999313354492,29.969999313354492,29.969999313354492,211.0
2025-06-26 15:46:00,BKTI,,55.91680145263672,55.91999816894531,55.91680145263672,55.91999816894531,948.0
2025-06-26 15:46:00,BRBS,,3.325000047683716,3.325000047683716,3.325000047683716,3.325000047683716,303.0
2025-06-26 15:46:00,BTG,,3.634999990463257,3.634999990463257,3.630000114440918,3.634999990463257,37370.0
2025-06-26 15:46:00,BURU,,0.33309999108314514,0.33649998903274536,0.33309999108314514,0.33309999108314514,32773.0
2025-06-26 15:46:00,CATX,,3.6298999786376953,3.630000114440918,3.619999885559082,3.619999885559082,19378.0
2025-06-26 15:46:00,CBOE,,226.39999389648438,226.52999877929688,226.3699951171875,226.52999877929688,5436.0
2025-06-26 15:46:00,CEF,,30.3799991607666,30.385000228881836,30.3799991607666,30.385000228881836,2641.0
2025-06-26 15:46:00,CLDI,,0.2257000058889389,0.2257000058889389,0.2257000058889389,0.2257000058889389,200.0
2025-06-26 15:46:00,CLM,,7.945000171661377,7.945000171661377,7.940000057220459,7.945000171661377,1039.0
2025-06-26 15:46:00,CMCL,,19.295000076293945,19.295000076293945,19.295000076293945,19.295000076293945,439.0
2025-06-26 15:46:00,CQP,,56.36750030517578,56.400001525878906,56.349998474121094,56.349998474121094,767.0
2025-06-26 15:46:00,CRF,,7.570000171661377,7.570000171661377,7.560100078582764,7.565000057220459,685.0
2025-06-26 15:46:00,CTGO,,20.899999618530273,20.899999618530273,20.899999618530273,20.899999618530273,996.0
2025-06-26 15:46:00,CTM,,1.0549999475479126,1.0549999475479126,1.0549999475479126,1.0549999475479126,102.0
2025-06-26 15:46:00,CVU,,3.4649999141693115,3.4649999141693115,3.4649999141693115,3.4649999141693115,278.0
2025-06-26 15:46:00,CYBN,,8.46500015258789,8.46500015258789,8.46500015258789,8.46500015258789,200.0
2025-06-26 15:46:00,DC,,3.805000066757202,3.809999942779541,3.805000066757202,3.809999942779541,1045.0
2025-06-26 15:46:00,DNN,,1.8450000286102295,1.850000023841858,1.844599962234497,1.8450000286102295,12580.0
2025-06-26 15:46:00,EMX,,2.559999942779541,2.565000057220459,2.559999942779541,2.565000057220459,1350.0
2025-06-26 15:46:00,EPM,,4.78000020980835,4.78000020980835,4.78000020980835,4.78000020980835,372.0
2025-06-26 15:46:00,EQX,,5.894999980926514,5.900000095367432,5.889999866485596,5.900000095367432,28172.0
2025-06-26 15:46:00,ERC,,9.40999984741211,9.420000076293945,9.390000343322754,9.420000076293945,1620.0
2025-06-26 15:46:00,ESP,,45.330101013183594,45.459999084472656,45.330101013183594,45.459999084472656,549.0
2025-06-26 15:46:00,EVV,,10.1899995803833,10.1899995803833,10.180000305175781,10.1850004196167,4503.0
2025-06-26 15:46:00,FOXO,,0.20100000500679016,0.20100000500679016,0.20100000500679016,0.20100000500679016,180.0
2025-06-26 15:46:00,FSP,,1.6950000524520874,1.6950000524520874,1.6950000524520874,1.6950000524520874,204.0
2025-06-26 15:46:00,FTF,,6.394999980926514,6.394999980926514,6.385000228881836,6.385000228881836,5330.0
2025-06-26 15:46:00,GAU,,1.2799999713897705,1.2867000102996826,1.2799999713897705,1.2799999713897705,2600.0
2025-06-26 15:46:00,GGN,,4.385000228881836,4.385000228881836,4.385000228881836,4.385000228881836,100.0
2025-06-26 15:46:00,GLO,,5.369999885559082,5.369999885559082,5.364999771118164,5.364999771118164,1234.0
2025-06-26 15:46:00,GLV,,5.619999885559082,5.619999885559082,5.610000133514404,5.619999885559082,815.0
2025-06-26 15:46:00,GNS,,1.1100000143051147,1.1200000047683716,1.090000033378601,1.090000033378601,63524.0
2025-06-26 15:46:00,GORO,,0.5472000241279602,0.5472000241279602,0.5450000166893005,0.5461000204086304,700.0
2025-06-26 15:46:00,GROY,,2.2799999713897705,2.2799999713897705,2.2699999809265137,2.2750000953674316,2641.0
2025-06-26 15:46:00,GSAT,,23.389999389648438,23.389999389648438,23.389999389648438,23.389999389648438,529.0
2025-06-26 15:46:00,GTE,,4.989999771118164,4.989999771118164,4.980000019073486,4.980000019073486,828.0
2025-06-26 15:46:00,HUSA,,12.739999771118164,12.739999771118164,12.739999771118164,12.739999771118164,203.0
2025-06-26 15:46:00,IBO,,0.9351000189781189,0.9351009726524353,0.9351000189781189,0.9351009726524353,2143.0
2025-06-26 15:46:00,IDR,,13.329999923706055,13.329999923706055,13.329999923706055,13.329999923706055,1037.0
2025-06-26 15:46:00,IE,,9.824999809265137,9.845000267028809,9.819999694824219,9.845000267028809,9909.0
2025-06-26 15:46:00,IMO,,81.05000305175781,81.06999969482422,81.02059936523438,81.05999755859375,11715.0
2025-06-26 15:46:00,INDO,,3.0399999618530273,3.0399999618530273,3.0199999809265137,3.0299999713897705,11510.0
2025-06-26 15:46:00,ITRG,,1.524999976158142,1.524999976158142,1.5199999809265137,1.524999976158142,1737.0
2025-06-26 15:46:00,KNW,,1.899999976158142,1.899999976158142,1.899999976158142,1.899999976158142,1060.0
2025-06-26 15:46:00,KULR,,5.144999980926514,5.150000095367432,5.139999866485596,5.144999980926514,4895.0
2025-06-26 15:46:00,LCTX,,0.9624999761581421,0.97079998254776,0.9624999761581421,0.9674999713897705,11045.0
2025-06-26 15:46:00,LEU,,175.1750030517578,175.2550048828125,174.9499969482422,175.2550048828125,5633.0
2025-06-26 15:46:00,LMND,,43.060001373291016,43.099998474121094,43.060001373291016,43.09000015258789,3293.0
2025-06-26 15:46:00,LNG,,242.08999633789062,242.08999633789062,241.97999572753906,241.97999572753906,4046.0
2025-06-26 15:46:00,MAG,,21.420000076293945,21.43000030517578,21.415000915527344,21.43000030517578,1937.0
2025-06-26 15:46:00,MTA,,3.9200000762939453,3.930000066757202,3.9200000762939453,3.924999952316284,2106.0
2025-06-26 15:46:00,MYO,,2.244999885559082,2.244999885559082,2.244999885559082,2.244999885559082,284.0
2025-06-26 15:46:00,NAK,,1.5455000400543213,1.5499999523162842,1.5455000400543213,1.548799991607666,2381.0
2025-06-26 15:46:00,NCL,,0.1808999925851822,0.1808999925851822,0.17910000681877136,0.17919999361038208,5192.0
2025-06-26 15:46:00,NFGC,,1.4850000143051147,1.4850000143051147,1.4850000143051147,1.4850000143051147,1398.0
2025-06-26 15:46:00,NG,,4.114999771118164,4.114999771118164,4.114999771118164,4.114999771118164,11150.0
2025-06-26 15:46:00,NGD,,4.920000076293945,4.925000190734863,4.920000076293945,4.920000076293945,15014.0
2025-06-26 15:46:00,NHC,,108.41999816894531,108.41999816894531,108.41999816894531,108.41999816894531,317.0
2025-06-26 15:46:00,NML,,8.829999923706055,8.829999923706055,8.829999923706055,8.829999923706055,725.0
2025-06-26 15:46:00,NTIP,,1.225000023841858,1.225000023841858,1.225000023841858,1.225000023841858,313.0
2025-06-26 15:46:00,OBE,,5.480000019073486,5.480000019073486,5.480000019073486,5.480000019073486,331.0
2025-06-26 15:46:00,ORLA,,9.970000267028809,9.975000381469727,9.96500015258789,9.970000267028809,3262.0
2025-06-26 15:46:00,PLG,,1.6349999904632568,1.6349999904632568,1.6332000494003296,1.6349999904632568,7726.0
2025-06-26 15:46:00,PLMR,,153.49000549316406,153.7449951171875,153.49000549316406,153.7449951171875,4519.0
2025-06-26 15:46:00,PLX,,1.4850000143051147,1.4850000143051147,1.4850000143051147,1.4850000143051147,1128.0
2025-06-26 15:46:00,PW,,1.100000023841858,1.100000023841858,1.0950000286102295,1.100000023841858,4533.0
2025-06-26 15:46:00,REI,,0.7702500224113464,0.7702999711036682,0.7701500058174133,0.7701500058174133,33811.0
2025-06-26 15:46:00,RLGT,,6.065000057220459,6.065000057220459,6.059999942779541,6.065000057220459,1231.0
2025-06-26 15:46:00,SACH,,1.090000033378601,1.090999960899353,1.090000033378601,1.090999960899353,490.0
2025-06-26 15:46:00,SATX,,2.9600000381469727,2.9600000381469727,2.9600000381469727,2.9600000381469727,200.0
2025-06-26 15:46:00,SBEV,,4.0,4.0,3.9600000381469727,3.9800000190734863,1221.0
2025-06-26 15:46:00,SCCE,,19.559999465942383,19.559999465942383,19.559999465942383,19.559999465942383,118.0
2025-06-26 15:46:00,SEB,,2935.489990234375,2939.264892578125,2928.191162109375,2939.264892578125,89.0
2025-06-26 15:46:00,SENS,,0.5004000067710876,0.5005000233650208,0.5004000067710876,0.5004000067710876,12184.0
2025-06-26 15:46:00,SGN,,1.149999976158142,1.149999976158142,1.1399999856948853,1.1399999856948853,3372.0
2025-06-26 15:46:00,SKYH,,9.59000015258789,9.59000015258789,9.59000015258789,9.59000015258789,502.0
2025-06-26 15:46:00,SLI,,1.9299999475479126,1.934999942779541,1.9299999475479126,1.934999942779541,584.0
2025-06-26 15:46:00,SOAR,,1.3550000190734863,1.3550000190734863,1.3550000190734863,1.3550000190734863,2000.0
2025-06-26 15:46:00,STRW,,10.699999809265137,10.699999809265137,10.699999809265137,10.699999809265137,133.0
2025-06-26 15:46:00,STXS,,2.200000047683716,2.2049999237060547,2.200000047683716,2.200000047683716,1520.0
2025-06-26 15:46:00,SVM,,4.204999923706055,4.210000038146973,4.204999923706055,4.210000038146973,5306.0
2025-06-26 15:46:00,TGB,,3.134999990463257,3.134999990463257,3.130000114440918,3.134999990463257,19621.0
2025-06-26 15:46:00,TOON,,0.7386999726295471,0.7386999726295471,0.7386999726295471,0.7386999726295471,560.0
2025-06-26 15:46:00,TPET,,1.1966999769210815,1.1966999769210815,1.1966999769210815,1.1966999769210815,1047.0
2025-06-26 15:46:00,UAMY,,2.634999990463257,2.640000104904175,2.634999990463257,2.640000104904175,1474.0
2025-06-26 15:46:00,UAVS,,1.1399999856948853,1.1399999856948853,1.1349999904632568,1.1349999904632568,1300.0
2025-06-26 15:46:00,UEC,,7.019999980926514,7.019999980926514,7.010000228881836,7.013500213623047,14803.0
2025-06-26 15:46:00,URG,,1.0549999475479126,1.059999942779541,1.0549999475479126,1.059999942779541,3501.0
2025-06-26 15:46:00,USAS,,0.8346999883651733,0.8374999761581421,0.8346999883651733,0.8374999761581421,3085.0
2025-06-26 15:46:00,UTG,,35.56999969482422,35.56999969482422,35.56999969482422,35.56999969482422,368.0
2025-06-26 15:46:00,UUUU,,5.889900207519531,5.889900207519531,5.880000114440918,5.885000228881836,17153.0
2025-06-26 15:46:00,VKI,,8.210100173950195,8.220000267028809,8.210100173950195,8.220000267028809,234.0
2025-06-26 15:46:00,VTAK,,0.24879999458789825,0.24879999458789825,0.2487500011920929,0.24879999458789825,4851.0
2025-06-26 15:46:00,VZLA,,2.990000009536743,2.994999885559082,2.990000009536743,2.990999937057495,14138.0
2025-06-26 15:46:00,WRN,,1.2300000190734863,1.2400000095367432,1.2300000190734863,1.2350000143051147,1100.0
2025-06-26 15:46:00,XPL,,0.661300003528595,0.661300003528595,0.661300003528595,0.661300003528595,100.0
2025-06-26 15:46:00,ZDGE,,3.890000104904175,3.890000104904175,3.890000104904175,3.890000104904175,101.0
2025-06-26 15:47:00,AEON,,0.7461010217666626,0.7461010217666626,0.7409999966621399,0.7409999966621399,3044.0
2025-06-26 15:47:00,AREN,,6.369999885559082,6.400000095367432,6.360000133514404,6.400000095367432,1869.0
2025-06-26 15:47:00,ARMN,,6.795000076293945,6.795000076293945,6.789999961853027,6.789999961853027,2365.0
2025-06-26 15:47:00,ASM,,3.565000057220459,3.569999933242798,3.565000057220459,3.569999933242798,34124.0
2025-06-26 15:47:00,ATNM,,1.5950000286102295,1.5950000286102295,1.5950000286102295,1.5950000286102295,584.0
2025-06-26 15:47:00,BKTI,,55.849998474121094,55.849998474121094,55.849998474121094,55.849998474121094,391.0
2025-06-26 15:47:00,BRBS,,3.322000026702881,3.325000047683716,3.319999933242798,3.325000047683716,10380.0
2025-06-26 15:47:00,BTG,,3.634999990463257,3.640000104904175,3.630000114440918,3.630000114440918,30187.0
2025-06-26 15:47:00,BURU,,0.33309999108314514,0.33309999108314514,0.33309999108314514,0.33309999108314514,717.0
2025-06-26 15:47:00,CATX,,3.6600000858306885,3.6649999618530273,3.634999990463257,3.640000104904175,13019.0
2025-06-26 15:47:00,CBOE,,226.52000427246094,226.63999938964844,226.41000366210938,226.41000366210938,25223.0
2025-06-26 15:47:00,CEF,,30.364999771118164,30.364999771118164,30.364999771118164,30.364999771118164,108.0
2025-06-26 15:47:00,CLM,,7.940000057220459,7.945000171661377,7.940000057220459,7.945000171661377,2386.0
2025-06-26 15:47:00,CMCL,,19.25,19.274999618530273,19.25,19.270000457763672,1552.0
2025-06-26 15:47:00,CPHI,,1.7862000465393066,1.7862000465393066,1.7862000465393066,1.7862000465393066,2000.0
2025-06-26 15:47:00,CQP,,56.3849983215332,56.3849983215332,56.3650016784668,56.3650016784668,609.0
2025-06-26 15:47:00,CTM,,1.0599000453948975,1.0599000453948975,1.0549999475479126,1.0549999475479126,5360.0
2025-06-26 15:47:00,CVU,,3.4700000286102295,3.4700000286102295,3.440000057220459,3.440000057220459,507.0
2025-06-26 15:47:00,DC,,3.805000066757202,3.805000066757202,3.805000066757202,3.805000066757202,202.0
2025-06-26 15:47:00,DDC,,10.199999809265137,10.199999809265137,10.15999984741211,10.15999984741211,835.0
2025-06-26 15:47:00,DHY,,2.109999895095825,2.109999895095825,2.109999895095825,2.109999895095825,307.0
2025-06-26 15:47:00,DNN,,1.850000023841858,1.850000023841858,1.840000033378601,1.850000023841858,29801.0
2025-06-26 15:47:00,EIM,,9.569899559020996,9.569899559020996,9.569899559020996,9.569899559020996,1400.0
2025-06-26 15:47:00,EMX,,2.569999933242798,2.569999933242798,2.569999933242798,2.569999933242798,400.0
2025-06-26 15:47:00,EP,,5.570000171661377,5.570000171661377,5.570000171661377,5.570000171661377,250.0
2025-06-26 15:47:00,EPM,,4.789999961853027,4.789999961853027,4.789999961853027,4.789999961853027,101.0
2025-06-26 15:47:00,EQX,,5.894999980926514,5.900000095367432,5.889999866485596,5.894999980926514,57116.0
2025-06-26 15:47:00,ERC,,9.430000305175781,9.430000305175781,9.430000305175781,9.430000305175781,100.0
2025-06-26 15:47:00,EVI,,20.385000228881836,20.385000228881836,20.350000381469727,20.350000381469727,865.0
2025-06-26 15:47:00,EVM,,8.845000267028809,8.845000267028809,8.845000267028809,8.845000267028809,100.0
2025-06-26 15:47:00,EVV,,10.199999809265137,10.199999809265137,10.1899995803833,10.1899995803833,412.0
2025-06-26 15:47:00,FTF,,6.394999980926514,6.400000095367432,6.389999866485596,6.394999980926514,1300.0
2025-06-26 15:47:00,FURY,,0.4984000027179718,0.4984000027179718,0.4984000027179718,0.4984000027179718,100.0
2025-06-26 15:47:00,GLDG,,0.7404950261116028,0.7404950261116028,0.7404950261116028,0.7404950261116028,575.0
2025-06-26 15:47:00,GLV,,5.619999885559082,5.619999885559082,5.619999885559082,5.619999885559082,100.0
2025-06-26 15:47:00,GNS,,1.1150000095367432,1.1200000047683716,1.100000023841858,1.1100000143051147,51235.0
2025-06-26 15:47:00,GROY,,2.2750000953674316,2.2799999713897705,2.2699999809265137,2.2750000953674316,7801.0
2025-06-26 15:47:00,GSAT,,23.3700008392334,23.3700008392334,23.360000610351562,23.3700008392334,2904.0
2025-06-26 15:47:00,IBO,,0.9593999981880188,0.9599000215530396,0.9593999981880188,0.9599000215530396,2469.0
2025-06-26 15:47:00,IDR,,13.270000457763672,13.329999923706055,13.270000457763672,13.329999923706055,5256.0
2025-06-26 15:47:00,IE,,9.836999893188477,9.84000015258789,9.819999694824219,9.819999694824219,2854.0
2025-06-26 15:47:00,IMO,,81.04499816894531,81.05000305175781,81.04499816894531,81.05000305175781,335.0
2025-06-26 15:47:00,INDO,,3.0298569202423096,3.0350000858306885,3.0199999809265137,3.0350000858306885,1044.0
2025-06-26 15:47:00,INFU,,6.440000057220459,6.440000057220459,6.440000057220459,6.440000057220459,311.0
2025-06-26 15:47:00,INUV,,3.9600000381469727,3.9600000381469727,3.9600000381469727,3.9600000381469727,118.0
2025-06-26 15:47:00,ITRG,,1.5204999446868896,1.524999976158142,1.5199999809265137,1.524999976158142,1637.0
2025-06-26 15:47:00,KULR,,5.150000095367432,5.150000095367432,5.140100002288818,5.144999980926514,7449.0
2025-06-26 15:47:00,LCTX,,0.9625999927520752,0.963100016117096,0.9624999761581421,0.9625999927520752,27946.0
2025-06-26 15:47:00,LEU,,174.81500244140625,175.04359436035156,174.6999969482422,175.0,5771.0
2025-06-26 15:47:00,LMND,,43.099998474121094,43.099998474121094,43.060001373291016,43.06999969482422,5441.0
2025-06-26 15:47:00,LNG,,242.22000122070312,242.22999572753906,242.1300048828125,242.22000122070312,8198.0
2025-06-26 15:47:00,LODE,,3.815000057220459,3.815000057220459,3.815000057220459,3.815000057220459,213.0
2025-06-26 15:47:00,LSF,,6.190299987792969,6.190299987792969,6.190299987792969,6.190299987792969,302.0
2025-06-26 15:47:00,MAG,,21.424999237060547,21.424999237060547,21.415000915527344,21.420000076293945,2034.0
2025-06-26 15:47:00,MAIA,,1.7100000381469727,1.7100000381469727,1.7100000381469727,1.7100000381469727,200.0
2025-06-26 15:47:00,MITQ,,0.660099983215332,0.6700000166893005,0.660099983215332,0.6700000166893005,350.0
2025-06-26 15:47:00,MRT,,2.930000066757202,2.930000066757202,2.930000066757202,2.930000066757202,1604.0
2025-06-26 15:47:00,MTA,,3.9200000762939453,3.924999952316284,3.9200000762939453,3.924999952316284,295.0
2025-06-26 15:47:00,MYO,,2.244999885559082,2.2499001026153564,2.244999885559082,2.2499001026153564,741.0
2025-06-26 15:47:00,NAK,,1.548799991607666,1.548799991607666,1.5449999570846558,1.5449999570846558,3157.0
2025-06-26 15:47:00,NEWP,,1.389299988746643,1.389299988746643,1.389299988746643,1.389299988746643,3601.0
2025-06-26 15:47:00,NFGC,,1.4850000143051147,1.4900000095367432,1.4809999465942383,1.4850000143051147,3717.0
2025-06-26 15:47:00,NG,,4.114999771118164,4.114999771118164,4.110000133514404,4.114999771118164,2701.0
2025-06-26 15:47:00,NGD,,4.914999961853027,4.925000190734863,4.909999847412109,4.925000190734863,113505.0
2025-06-26 15:47:00,NHS,,7.5,7.508600234985352,7.5,7.508600234985352,1326.0
2025-06-26 15:47:00,NML,,8.829999923706055,8.829999923706055,8.829999923706055,8.829999923706055,100.0
2025-06-26 15:47:00,NRXS,,2.575000047683716,2.575000047683716,2.575000047683716,2.575000047683716,105.0
2025-06-26 15:47:00,OBE,,5.485000133514404,5.485000133514404,5.480000019073486,5.480000019073486,915.0
2025-06-26 15:47:00,ORLA,,9.975000381469727,9.975000381469727,9.96500015258789,9.975000381469727,3367.0
2025-06-26 15:47:00,PLG,,1.6200000047683716,1.6349999904632568,1.6200000047683716,1.6349999904632568,94826.0
2025-06-26 15:47:00,PLMR,,153.52499389648438,153.52499389648438,153.52499389648438,153.52499389648438,1024.0
2025-06-26 15:47:00,PLX,,1.4850000143051147,1.4850000143051147,1.4800000190734863,1.4850000143051147,5901.0
2025-06-26 15:47:00,REI,,0.7702500224113464,0.7702999711036682,0.7702000141143799,0.7702999711036682,3846.0
2025-06-26 15:47:00,REPX,,26.809999465942383,26.809999465942383,26.809999465942383,26.809999465942383,260.0
2025-06-26 15:47:00,RLGT,,6.065000057220459,6.065000057220459,6.065000057220459,6.065000057220459,612.0
2025-06-26 15:47:00,SATX,,2.9649999141693115,2.9649999141693115,2.9649999141693115,2.9649999141693115,345.0
2025-06-26 15:47:00,SBEV,,4.039999961853027,4.039999961853027,3.9649999141693115,4.0,1030.0
2025-06-26 15:47:00,SEB,,2920.5400390625,2931.7451171875,2920.5400390625,2931.7451171875,5.0
2025-06-26 15:47:00,SENS,,0.5005000233650208,0.5005000233650208,0.5004000067710876,0.5005000233650208,14278.0
2025-06-26 15:47:00,SGN,,1.1399999856948853,1.1399999856948853,1.1399999856948853,1.1399999856948853,100.0
2025-06-26 15:47:00,SLI,,1.934999942779541,1.940000057220459,1.9333000183105469,1.9333000183105469,5930.0
2025-06-26 15:47:00,STXS,,2.200000047683716,2.200000047683716,2.200000047683716,2.200000047683716,140.0
2025-06-26 15:47:00,SVM,,4.204999923706055,4.210000038146973,4.204999923706055,4.210000038146973,2136.0
2025-06-26 15:47:00,TGB,,3.134999990463257,3.134999990463257,3.130000114440918,3.130000114440918,67731.0
2025-06-26 15:47:00,TOON,,0.7300999760627747,0.7300999760627747,0.7300999760627747,0.7300999760627747,100.0
2025-06-26 15:47:00,TRX,,0.3343000113964081,0.3343000113964081,0.3343000113964081,0.3343000113964081,400.0
2025-06-26 15:47:00,UAMY,,2.634999990463257,2.634999990463257,2.6308999061584473,2.6308999061584473,11072.0
2025-06-26 15:47:00,UAVS,,1.1354000568389893,1.1354000568389893,1.1306999921798706,1.1349999904632568,5357.0
2025-06-26 15:47:00,UEC,,7.014999866485596,7.019999980926514,7.014999866485596,7.019999980926514,17782.0
2025-06-26 15:47:00,URG,,1.059999942779541,1.059999942779541,1.0549999475479126,1.059999942779541,6145.0
2025-06-26 15:47:00,USAS,,0.8335999846458435,0.8335999846458435,0.8335999846458435,0.8335999846458435,801.0
2025-06-26 15:47:00,UTG,,35.56999969482422,35.56999969482422,35.56999969482422,35.56999969482422,200.0
2025-06-26 15:47:00,UUUU,,5.880000114440918,5.886300086975098,5.880000114440918,5.880000114440918,4321.0
2025-06-26 15:47:00,VGZ,,1.023300051689148,1.023300051689148,1.023300051689148,1.023300051689148,5000.0
2025-06-26 15:47:00,VNRX,,0.8679999709129333,0.8679999709129333,0.859000027179718,0.8679999709129333,2000.0
2025-06-26 15:47:00,VTAK,,0.24924999475479126,0.2493000030517578,0.24924999475479126,0.2493000030517578,2761.0
2025-06-26 15:47:00,VZLA,,2.990000009536743,3.0,2.98009991645813,3.0,57832.0
2025-06-26 15:48:00,ACU,,40.5525016784668,40.5525016784668,40.5525016784668,40.5525016784668,241.0
2025-06-26 15:48:00,AREN,,6.380000114440918,6.380000114440918,6.369999885559082,6.369999885559082,1076.0
2025-06-26 15:48:00,ARMN,,6.795000076293945,6.795000076293945,6.789999961853027,6.789999961853027,1695.0
2025-06-26 15:48:00,ASM,,3.575000047683716,3.575000047683716,3.565000057220459,3.565000057220459,38542.0
2025-06-26 15:48:00,ATNM,,1.5950000286102295,1.5950000286102295,1.5950000286102295,1.5950000286102295,381.0
2025-06-26 15:48:00,BEEP,,4.235000133514404,4.235000133514404,4.199999809265137,4.199999809265137,431.0
2025-06-26 15:48:00,BHB,,29.889999389648438,29.90999984741211,29.889999389648438,29.90999984741211,1635.0
2025-06-26 15:48:00,BKTI,,55.7599983215332,55.959999084472656,55.7599983215332,55.91999816894531,2362.0
2025-06-26 15:48:00,BRBS,,3.319999933242798,3.325000047683716,3.319999933242798,3.325000047683716,4949.0
2025-06-26 15:48:00,BTG,,3.634999990463257,3.640000104904175,3.630000114440918,3.634999990463257,33224.0
2025-06-26 15:48:00,BURU,,0.33309999108314514,0.33480000495910645,0.33309999108314514,0.33309999108314514,1783.0
2025-06-26 15:48:00,CATX,,3.640000104904175,3.6600000858306885,3.630000114440918,3.6549999713897705,22662.0
2025-06-26 15:48:00,CBOE,,226.42999267578125,226.6300048828125,226.42999267578125,226.6300048828125,2376.0
2025-06-26 15:48:00,CEF,,30.3700008392334,30.3700008392334,30.364999771118164,30.364999771118164,1003.0
2025-06-26 15:48:00,CIK,,2.940000057220459,2.940000057220459,2.940000057220459,2.940000057220459,114.0
2025-06-26 15:48:00,CKX,,10.678299903869629,10.678299903869629,10.678299903869629,10.678299903869629,28604.0
2025-06-26 15:48:00,CLM,,7.940000057220459,7.945000171661377,7.940000057220459,7.940000057220459,5136.0
2025-06-26 15:48:00,CMCL,,19.252399444580078,19.252399444580078,19.252399444580078,19.252399444580078,5636.0
2025-06-26 15:48:00,CPHI,,1.7725000381469727,1.7725000381469727,1.7725000381469727,1.7725000381469727,1198.0
2025-06-26 15:48:00,CQP,,56.400001525878906,56.41999816894531,56.36000061035156,56.40999984741211,1732.0
2025-06-26 15:48:00,CRF,,7.559999942779541,7.565000057220459,7.559999942779541,7.559999942779541,550.0
2025-06-26 15:48:00,CTM,,1.0549999475479126,1.0549999475479126,1.0549999475479126,1.0549999475479126,835.0
2025-06-26 15:48:00,CVM,,2.440000057220459,2.440000057220459,2.434999942779541,2.434999942779541,694.0
2025-06-26 15:48:00,CVU,,3.4800000190734863,3.4800000190734863,3.4800000190734863,3.4800000190734863,244.0
2025-06-26 15:48:00,CYBN,,8.46500015258789,8.46500015258789,8.46500015258789,8.46500015258789,180.0
2025-06-26 15:48:00,DC,,3.809999942779541,3.809999942779541,3.8099000453948975,3.809999942779541,1794.0
2025-06-26 15:48:00,DDC,,10.19909954071045,10.19909954071045,10.19909954071045,10.19909954071045,200.0
2025-06-26 15:48:00,DHY,,2.109999895095825,2.109999895095825,2.109999895095825,2.109999895095825,244.0
2025-06-26 15:48:00,DNN,,1.8401000499725342,1.850000023841858,1.840000033378601,1.8450000286102295,19118.0
2025-06-26 15:48:00,ELA,,5.840000152587891,5.840000152587891,5.840000152587891,5.840000152587891,488.0
2025-06-26 15:48:00,EPM,,4.789899826049805,4.789899826049805,4.78000020980835,4.78000020980835,967.0
2025-06-26 15:48:00,EQX,,5.894999980926514,5.900000095367432,5.889999866485596,5.894999980926514,58211.0
2025-06-26 15:48:00,ERC,,9.420000076293945,9.420000076293945,9.420000076293945,9.420000076293945,100.0
2025-06-26 15:48:00,ESP,,45.3406982421875,45.3406982421875,45.3406982421875,45.3406982421875,609.0
2025-06-26 15:48:00,EVI,,20.225000381469727,20.270000457763672,20.225000381469727,20.270000457763672,340.0
2025-06-26 15:48:00,FSP,,1.7000000476837158,1.7000000476837158,1.6950000524520874,1.6950000524520874,400.0
2025-06-26 15:48:00,FTF,,6.389999866485596,6.389999866485596,6.389999866485596,6.389999866485596,100.0
2025-06-26 15:48:00,GAU,,1.284999966621399,1.284999966621399,1.2799999713897705,1.2799999713897705,5445.0
2025-06-26 15:48:00,GENC,,14.649999618530273,14.649999618530273,14.649999618530273,14.649999618530273,960.0
2025-06-26 15:48:00,GLDG,,0.7422000169754028,0.7422000169754028,0.741100013256073,0.741100013256073,8630.0
2025-06-26 15:48:00,GNS,,1.1100000143051147,1.1269999742507935,1.1100000143051147,1.1150000095367432,59885.0
2025-06-26 15:48:00,GORO,,0.5400999784469604,0.5400999784469604,0.5400999784469604,0.5400999784469604,1842.0
2025-06-26 15:48:00,GROY,,2.2699999809265137,2.2799999713897705,2.2699999809265137,2.2750000953674316,1887.0
2025-06-26 15:48:00,IBO,,0.9350000023841858,0.9350000023841858,0.9350000023841858,0.9350000023841858,189.0
2025-06-26 15:48:00,IE,,9.84000015258789,9.84000015258789,9.8100004196167,9.84000015258789,15258.0
2025-06-26 15:48:00,IGC,,0.30790001153945923,0.30790001153945923,0.3075999915599823,0.3075999915599823,273.0
2025-06-26 15:48:00,IMO,,81.02999877929688,81.05000305175781,81.02999877929688,81.05000305175781,1840.0
2025-06-26 15:48:00,INDO,,3.0299999713897705,3.0299999713897705,3.0250000953674316,3.0250000953674316,1974.0
2025-06-26 15:48:00,INFU,,6.440000057220459,6.440000057220459,6.440000057220459,6.440000057220459,222.0
2025-06-26 15:48:00,ITRG,,1.524999976158142,1.524999976158142,1.5199999809265137,1.524999976158142,1741.0
2025-06-26 15:48:00,KULR,,5.144999980926514,5.150000095367432,5.140100002288818,5.144999980926514,8376.0
2025-06-26 15:48:00,LCTX,,0.9625999927520752,0.9628999829292297,0.9625999927520752,0.9626500010490417,22910.0
2025-06-26 15:48:00,LEU,,174.4600067138672,174.81500244140625,174.4600067138672,174.81500244140625,3239.0
2025-06-26 15:48:00,LMND,,43.033599853515625,43.11000061035156,43.02000045776367,43.11000061035156,4568.0
2025-06-26 15:48:00,LNG,,242.25999450683594,242.30999755859375,242.24000549316406,242.25,8954.0
2025-06-26 15:48:00,LODE,,3.819999933242798,3.819999933242798,3.819999933242798,3.819999933242798,100.0
2025-06-26 15:48:00,LSF,,6.179999828338623,6.179999828338623,6.179999828338623,6.179999828338623,115.0
2025-06-26 15:48:00,MAG,,21.43000030517578,21.43000030517578,21.42009925842285,21.424999237060547,1950.0
2025-06-26 15:48:00,MAIA,,1.7100000381469727,1.7100000381469727,1.7100000381469727,1.7100000381469727,757.0
2025-06-26 15:48:00,MPTI,,41.01250076293945,41.01250076293945,41.01250076293945,41.01250076293945,206.0
2025-06-26 15:48:00,MTA,,3.924999952316284,3.924999952316284,3.924999952316284,3.924999952316284,650.0
2025-06-26 15:48:00,MYO,,2.234999895095825,2.240000009536743,2.234999895095825,2.240000009536743,4925.0
2025-06-26 15:48:00,NAK,,1.548799991607666,1.548799991607666,1.5399999618530273,1.5399999618530273,10875.0
2025-06-26 15:48:00,NBH,,9.8149995803833,9.8149995803833,9.8149995803833,9.8149995803833,100.0
2025-06-26 15:48:00,NEWP,,1.3849999904632568,1.3899999856948853,1.3849999904632568,1.3849999904632568,1527.0
2025-06-26 15:48:00,NFGC,,1.4809999465942383,1.4850000143051147,1.4809999465942383,1.4850000143051147,1078.0
2025-06-26 15:48:00,NG,,4.119999885559082,4.119999885559082,4.114500045776367,4.114999771118164,6521.0
2025-06-26 15:48:00,NGD,,4.914999961853027,4.920000076293945,4.909999847412109,4.920000076293945,29108.0
2025-06-26 15:48:00,NHC,,108.5,108.5,108.5,108.5,818.0
2025-06-26 15:48:00,OPTT,,0.5145000219345093,0.5150200128555298,0.5145000219345093,0.5145999789237976,11090.0
2025-06-26 15:48:00,ORLA,,9.984999656677246,9.984999656677246,9.970000267028809,9.970000267028809,12371.0
2025-06-26 15:48:00,OSTX,,1.8200000524520874,1.8200000524520874,1.8200000524520874,1.8200000524520874,200.0
2025-06-26 15:48:00,PED,,0.6504999995231628,0.6504999995231628,0.6504999995231628,0.6504999995231628,124.0
2025-06-26 15:48:00,PLG,,1.6200000047683716,1.625,1.6200000047683716,1.625,130879.0
2025-06-26 15:48:00,PLX,,1.4850000143051147,1.4850000143051147,1.4800000190734863,1.4850000143051147,5655.0
2025-06-26 15:48:00,REI,,0.7702000141143799,0.7702500224113464,0.7700999975204468,0.7702000141143799,20102.0
2025-06-26 15:48:00,REPX,,26.885000228881836,26.889999389648438,26.809999465942383,26.809999465942383,2959.0
2025-06-26 15:48:00,RLGT,,6.065000057220459,6.065000057220459,6.065000057220459,6.065000057220459,415.0
2025-06-26 15:48:00,SACH,,1.0950000286102295,1.100000023841858,1.0950000286102295,1.100000023841858,1063.0
2025-06-26 15:48:00,SATX,,2.9600000381469727,2.9600000381469727,2.9600000381469727,2.9600000381469727,2700.0
2025-06-26 15:48:00,SBEV,,4.0,4.0,4.0,4.0,307.0
2025-06-26 15:48:00,SCCE,,19.459999084472656,19.469999313354492,19.459999084472656,19.469999313354492,804.0
2025-06-26 15:48:00,SEB,,2930.0,2930.0,2920.489990234375,2920.489990234375,5.0
2025-06-26 15:48:00,SENS,,0.5005000233650208,0.5005000233650208,0.5004500150680542,0.5005000233650208,10980.0
2025-06-26 15:48:00,SKYH,,9.600000381469727,9.609999656677246,9.600000381469727,9.609999656677246,454.0
2025-06-26 15:48:00,SLND,,3.8963000774383545,3.8963000774383545,3.8963000774383545,3.8963000774383545,179.0
2025-06-26 15:48:00,SOAR,,1.357800006866455,1.357800006866455,1.357800006866455,1.357800006866455,522.0
2025-06-26 15:48:00,STRW,,10.6899995803833,10.6899995803833,10.6899995803833,10.6899995803833,148.0
2025-06-26 15:48:00,STXS,,2.200000047683716,2.200000047683716,2.200000047683716,2.200000047683716,919.0
2025-06-26 15:48:00,SVM,,4.204999923706055,4.2058000564575195,4.204999923706055,4.204999923706055,3202.0
2025-06-26 15:48:00,TGB,,3.134999990463257,3.134999990463257,3.130000114440918,3.134999990463257,19690.0
2025-06-26 15:48:00,TPET,,1.190000057220459,1.190000057220459,1.190000057220459,1.190000057220459,500.0
2025-06-26 15:48:00,UAMY,,2.640000104904175,2.640000104904175,2.630000114440918,2.634999990463257,10029.0
2025-06-26 15:48:00,UAVS,,1.1399999856948853,1.1399999856948853,1.1349999904632568,1.1349999904632568,4163.0
2025-06-26 15:48:00,UEC,,7.014999866485596,7.019999980926514,7.010000228881836,7.019999980926514,26884.0
2025-06-26 15:48:00,URG,,1.0549999475479126,1.059999942779541,1.0549999475479126,1.0549999475479126,4870.0
2025-06-26 15:48:00,USAS,,0.836899995803833,0.836899995803833,0.8281000256538391,0.8281000256538391,1251.0
2025-06-26 15:48:00,UTG,,35.58000183105469,35.58000183105469,35.58000183105469,35.58000183105469,728.0
2025-06-26 15:48:00,UUUU,,5.880000114440918,5.885000228881836,5.880000114440918,5.880000114440918,15830.0
2025-06-26 15:48:00,VGZ,,1.0199999809265137,1.024999976158142,1.0199999809265137,1.024999976158142,200.0
2025-06-26 15:48:00,WRN,,1.2300000190734863,1.2300000190734863,1.2300000190734863,1.2300000190734863,404.0
2025-06-26 15:48:00,XPL,,0.6438000202178955,0.6438000202178955,0.6438000202178955,0.6438000202178955,100.0
2025-06-26 15:48:00,ZDGE,,3.890000104904175,3.890000104904175,3.890000104904175,3.890000104904175,207.0
2025-06-26 15:49:00,ACU,,40.720001220703125,40.720001220703125,40.720001220703125,40.720001220703125,128.0
2025-06-26 15:49:00,AREN,,6.400000095367432,6.400000095367432,6.360000133514404,6.380000114440918,3941.0
2025-06-26 15:49:00,ARMN,,6.795000076293945,6.795000076293945,6.789999961853027,6.789999961853027,4498.0
2025-06-26 15:49:00,ASM,,3.569999933242798,3.575000047683716,3.569999933242798,3.569999933242798,12403.0
2025-06-26 15:49:00,ATNM,,1.600000023841858,1.600000023841858,1.5950000286102295,1.5950000286102295,1417.0
2025-06-26 15:49:00,AZTR,,0.2556999921798706,0.2556999921798706,0.2556999921798706,0.2556999921798706,3094.0
2025-06-26 15:49:00,BCV,,18.812999725341797,18.812999725341797,18.812999725341797,18.812999725341797,10623.0
2025-06-26 15:49:00,BEEP,,4.199999809265137,4.199999809265137,4.199999809265137,4.199999809265137,514.0
2025-06-26 15:49:00,BKTI,,55.7599983215332,55.7599983215332,55.7599983215332,55.7599983215332,135.0
2025-06-26 15:49:00,BQ,,2.0,2.0,2.0,2.0,113933.0
2025-06-26 15:49:00,BRBS,,3.325000047683716,3.325000047683716,3.319999933242798,3.325000047683716,670.0
2025-06-26 15:49:00,BTG,,3.634999990463257,3.6389999389648438,3.630000114440918,3.630000114440918,27102.0
2025-06-26 15:49:00,BURU,,0.33480000495910645,0.33649998903274536,0.33309999108314514,0.33309999108314514,4518.0
2025-06-26 15:49:00,CATX,,3.6500000953674316,3.6549999713897705,3.640000104904175,3.640000104904175,8252.0
2025-06-26 15:49:00,CBOE,,226.3759002685547,226.49000549316406,226.3759002685547,226.42999267578125,5207.0
2025-06-26 15:49:00,CEF,,30.364999771118164,30.365631103515625,30.364999771118164,30.364999771118164,9491.0
2025-06-26 15:49:00,CMCL,,19.25,19.28059959411621,19.25,19.28059959411621,699.0
2025-06-26 15:49:00,CMT,,17.040000915527344,17.040000915527344,17.040000915527344,17.040000915527344,674.0
2025-06-26 15:49:00,CQP,,56.375,56.40679931640625,56.349998474121094,56.369998931884766,2533.0
2025-06-26 15:49:00,CRF,,7.559999942779541,7.567200183868408,7.559999942779541,7.567200183868408,545.0
2025-06-26 15:49:00,CTGO,,20.950000762939453,20.950000762939453,20.920000076293945,20.940000534057617,839.0
2025-06-26 15:49:00,CTM,,1.0579999685287476,1.0579999685287476,1.0549999475479126,1.0549999475479126,404.0
2025-06-26 15:49:00,CVU,,3.440000057220459,3.4800000190734863,3.440000057220459,3.4800000190734863,619.0
2025-06-26 15:49:00,CYBN,,8.529999732971191,8.529999732971191,8.489999771118164,8.489999771118164,396.0
2025-06-26 15:49:00,DC,,3.809999942779541,3.809999942779541,3.809999942779541,3.809999942779541,5279.0
2025-06-26 15:49:00,DDC,,10.182000160217285,10.182000160217285,10.182000160217285,10.182000160217285,1022.0
2025-06-26 15:49:00,DNN,,1.8450000286102295,1.850000023841858,1.840000033378601,1.8495999574661255,26235.0
2025-06-26 15:49:00,ELA,,5.840000152587891,5.840000152587891,5.840000152587891,5.840000152587891,271.0
2025-06-26 15:49:00,ELMD,,21.579999923706055,21.579999923706055,21.579999923706055,21.579999923706055,1014.0
2025-06-26 15:49:00,EMX,,2.565000057220459,2.569999933242798,2.565000057220459,2.569999933242798,1122.0
2025-06-26 15:49:00,EP,,5.579999923706055,5.579999923706055,5.579999923706055,5.579999923706055,189.0
2025-06-26 15:49:00,EPM,,4.775000095367432,4.78000020980835,4.775000095367432,4.78000020980835,822.0
2025-06-26 15:49:00,EQX,,5.90500020980835,5.90500020980835,5.894999980926514,5.894999980926514,129778.0
2025-06-26 15:49:00,EVI,,20.290000915527344,20.290000915527344,20.290000915527344,20.290000915527344,401.0
2025-06-26 15:49:00,FSP,,1.6950000524520874,1.7000000476837158,1.6950000524520874,1.6950000524520874,1673.0
2025-06-26 15:49:00,FTF,,6.389999866485596,6.389999866485596,6.389999866485596,6.389999866485596,100.0
2025-06-26 15:49:00,GENC,,14.770000457763672,14.770000457763672,14.600000381469727,14.600000381469727,1339.0
2025-06-26 15:49:00,GGN,,4.385000228881836,4.385000228881836,4.385000228881836,4.385000228881836,222.0
2025-06-26 15:49:00,GNS,,1.1101000308990479,1.1299999952316284,1.1101000308990479,1.1282999515533447,111917.0
2025-06-26 15:49:00,GORO,,0.5400999784469604,0.5473999977111816,0.5400999784469604,0.5473999977111816,300.0
2025-06-26 15:49:00,GROY,,2.2750000953674316,2.2799999713897705,2.2701001167297363,2.2750000953674316,12782.0
2025-06-26 15:49:00,GSAT,,23.364999771118164,23.364999771118164,23.364999771118164,23.364999771118164,398.0
2025-06-26 15:49:00,GTE,,4.980000019073486,4.989999771118164,4.980000019073486,4.989999771118164,1944.0
2025-06-26 15:49:00,IBO,,0.9472000002861023,0.9472000002861023,0.9472000002861023,0.9472000002861023,554.0
2025-06-26 15:49:00,IDR,,13.3149995803833,13.3149995803833,13.270000457763672,13.270000457763672,3426.0
2025-06-26 15:49:00,IE,,9.899999618530273,9.9399995803833,9.81029987335205,9.81029987335205,37312.0
2025-06-26 15:49:00,IMO,,80.95999908447266,81.01499938964844,80.95999908447266,81.01000213623047,3369.0
2025-06-26 15:49:00,INDO,,3.0397000312805176,3.0450000762939453,3.02620005607605,3.02620005607605,18634.0
2025-06-26 15:49:00,INFU,,6.440000057220459,6.440000057220459,6.440000057220459,6.440000057220459,200.0
2025-06-26 15:49:00,ITRG,,1.5298999547958374,1.5298999547958374,1.524999976158142,1.524999976158142,1753.0
2025-06-26 15:49:00,JOB,,0.20499999821186066,0.20499999821186066,0.20000000298023224,0.20000000298023224,10400.0
2025-06-26 15:49:00,KNW,,1.899999976158142,1.909999966621399,1.899999976158142,1.909999966621399,557.0
2025-06-26 15:49:00,KULR,,5.150000095367432,5.150000095367432,5.140100002288818,5.144999980926514,3897.0
2025-06-26 15:49:00,LCTX,,0.9643499851226807,0.9659000039100647,0.9625999927520752,0.9627000093460083,34284.0
2025-06-26 15:49:00,LEU,,174.8300018310547,174.8300018310547,173.9700927734375,174.64999389648438,9684.0
2025-06-26 15:49:00,LMND,,42.93000030517578,43.0099983215332,42.91999816894531,43.0,6106.0
2025-06-26 15:49:00,LNG,,242.27000427246094,242.46499633789062,242.22000122070312,242.23500061035156,24987.0
2025-06-26 15:49:00,LODE,,3.8213999271392822,3.8213999271392822,3.8124001026153564,3.8124001026153564,1800.0
2025-06-26 15:49:00,MAG,,21.434999465942383,21.440000534057617,21.424999237060547,21.43000030517578,13826.0
2025-06-26 15:49:00,MITQ,,0.6700000166893005,0.6700000166893005,0.6700000166893005,0.6700000166893005,100.0
2025-06-26 15:49:00,MPU,,0.9697999954223633,0.9697999954223633,0.9697999954223633,0.9697999954223633,2000.0
2025-06-26 15:49:00,MTA,,3.9149999618530273,3.924999952316284,3.9049999713897705,3.9200000762939453,13411.0
2025-06-26 15:49:00,MTNB,,0.9300000071525574,0.9300000071525574,0.9300000071525574,0.9300000071525574,100.0
2025-06-26 15:49:00,MXC,,9.432100296020508,9.432100296020508,9.432100296020508,9.432100296020508,102.0
2025-06-26 15:49:00,MYO,,2.244999885559082,2.244999885559082,2.234999895095825,2.234999895095825,3989.0
2025-06-26 15:49:00,NAK,,1.5449999570846558,1.5499999523162842,1.5399999618530273,1.544600009918213,8809.0
2025-06-26 15:49:00,NBH,,9.8149995803833,9.8149995803833,9.8149995803833,9.8149995803833,1500.0
2025-06-26 15:49:00,NCL,,0.18070000410079956,0.18070000410079956,0.18070000410079956,0.18070000410079956,1110.0
2025-06-26 15:49:00,NEWP,,1.3899999856948853,1.3899999856948853,1.3805999755859375,1.3849999904632568,5460.0
2025-06-26 15:49:00,NFGC,,1.4850000143051147,1.4850000143051147,1.4800000190734863,1.4850000143051147,11300.0
2025-06-26 15:49:00,NG,,4.135000228881836,4.139999866485596,4.110000133514404,4.110000133514404,92192.0
2025-06-26 15:49:00,NGD,,4.914999961853027,4.920000076293945,4.910099983215332,4.914999961853027,9538.0
2025-06-26 15:49:00,NHS,,7.5,7.5,7.5,7.5,1875.0
2025-06-26 15:49:00,OBE,,5.474999904632568,5.480000019073486,5.46999979019165,5.480000019073486,2688.0
2025-06-26 15:49:00,OGEN,,3.5399999618530273,3.5399999618530273,3.5399999618530273,3.5399999618530273,337.0
2025-06-26 15:49:00,OPTT,,0.515500009059906,0.515500009059906,0.515500009059906,0.515500009059906,242.0
2025-06-26 15:49:00,ORLA,,9.970999717712402,9.989999771118164,9.970000267028809,9.985400199890137,18960.0
2025-06-26 15:49:00,OSTX,,1.840000033378601,1.840000033378601,1.840000033378601,1.840000033378601,400.0
2025-06-26 15:49:00,PLG,,1.625,1.6299999952316284,1.625,1.625,7297.0
2025-06-26 15:49:00,PLMR,,153.2050018310547,153.5500030517578,153.1999969482422,153.5500030517578,5149.0
2025-06-26 15:49:00,PLX,,1.4800000190734863,1.4850000143051147,1.4800000190734863,1.4850000143051147,2206.0
2025-06-26 15:49:00,PRK,,167.44000244140625,167.44000244140625,167.39599609375,167.39599609375,1148.0
2025-06-26 15:49:00,REI,,0.7700999975204468,0.7701500058174133,0.7699999809265137,0.7701500058174133,52929.0
2025-06-26 15:49:00,REPX,,26.739999771118164,26.834999084472656,26.739999771118164,26.81999969482422,2664.0
2025-06-26 15:49:00,RLGT,,6.065000057220459,6.070000171661377,6.065000057220459,6.065000057220459,1305.0
2025-06-26 15:49:00,SACH,,1.090000033378601,1.090000033378601,1.090000033378601,1.090000033378601,309.0
2025-06-26 15:49:00,SATX,,2.9600000381469727,2.9600000381469727,2.9600000381469727,2.9600000381469727,200.0
2025-06-26 15:49:00,SBEV,,4.050000190734863,4.050000190734863,4.005000114440918,4.03000020980835,2479.0
2025-06-26 15:49:00,SCCE,,19.6299991607666,19.6299991607666,19.6299991607666,19.6299991607666,508.0
2025-06-26 15:49:00,SEB,,2926.530029296875,2926.530029296875,2926.530029296875,2926.530029296875,6.0
2025-06-26 15:49:00,SENS,,0.5004000067710876,0.5005000233650208,0.5004000067710876,0.5005000233650208,2902.0
2025-06-26 15:49:00,SGN,,1.1399999856948853,1.1399999856948853,1.1399999856948853,1.1399999856948853,319.0
2025-06-26 15:49:00,SKYH,,9.579999923706055,9.59000015258789,9.579999923706055,9.59000015258789,1081.0
2025-06-26 15:49:00,SLI,,1.9299999475479126,1.934999942779541,1.9299999475479126,1.934999942779541,630.0
2025-06-26 15:49:00,SLND,,3.909899950027466,3.909899950027466,3.9000000953674316,3.9000000953674316,2162.0
2025-06-26 15:49:00,SOAR,,1.3550000190734863,1.3597999811172485,1.3550000190734863,1.3597999811172485,1160.0
2025-06-26 15:49:00,STXS,,2.2100000381469727,2.2100000381469727,2.200000047683716,2.200000047683716,1612.0
2025-06-26 15:49:00,SVM,,4.204999923706055,4.204999923706055,4.199999809265137,4.204999923706055,2924.0
2025-06-26 15:49:00,TGB,,3.134999990463257,3.1352999210357666,3.130000114440918,3.130000114440918,17675.0
2025-06-26 15:49:00,THM,,0.8848000168800354,0.8848000168800354,0.8848000168800354,0.8848000168800354,106.0
2025-06-26 15:49:00,TMP,,63.380001068115234,63.380001068115234,63.380001068115234,63.380001068115234,640.0
2025-06-26 15:49:00,TMQ,,1.4600000381469727,1.4600000381469727,1.4600000381469727,1.4600000381469727,107.0
2025-06-26 15:49:00,TOON,,0.7281000018119812,0.7300999760627747,0.7281000018119812,0.7300999760627747,4851.0
2025-06-26 15:49:00,UAMY,,2.634999990463257,2.634999990463257,2.630000114440918,2.634999990463257,3095.0
2025-06-26 15:49:00,UAVS,,1.1349999904632568,1.1399999856948853,1.1349999904632568,1.1399999856948853,1900.0
2025-06-26 15:49:00,UEC,,7.03000020980835,7.03000020980835,7.010000228881836,7.019999980926514,86033.0
2025-06-26 15:49:00,URG,,1.059999942779541,1.059999942779541,1.0549999475479126,1.059999942779541,20030.0
2025-06-26 15:49:00,USAS,,0.8222000002861023,0.8222000002861023,0.8222000002861023,0.8222000002861023,150.0
2025-06-26 15:49:00,UTG,,35.56999969482422,35.56999969482422,35.56999969482422,35.56999969482422,100.0
2025-06-26 15:49:00,UUUU,,5.875199794769287,5.8850998878479,5.875,5.885000228881836,42149.0
2025-06-26 15:49:00,VGZ,,1.0199999809265137,1.0252000093460083,1.0199999809265137,1.0252000093460083,355.0
2025-06-26 15:49:00,VNRX,,0.8679999709129333,0.8679999709129333,0.8679999709129333,0.8679999709129333,1000.0
2025-06-26 15:49:00,VTAK,,0.249549999833107,0.249549999833107,0.249549999833107,0.249549999833107,2001.0
2025-06-26 15:49:00,VZLA,,2.984999895095825,2.990000009536743,2.9800000190734863,2.990000009536743,67704.0
2025-06-26 15:49:00,WYY,,3.3299999237060547,3.3299999237060547,3.3299999237060547,3.3299999237060547,192.0
2025-06-26 15:49:00,ZDGE,,3.9200000762939453,3.9200000762939453,3.9200000762939453,3.9200000762939453,303.0
2025-06-26 15:50:00,AREN,,6.429999828338623,6.429999828338623,6.392000198364258,6.400000095367432,6438.0
2025-06-26 15:50:00,ARMN,,6.795000076293945,6.800000190734863,6.795000076293945,6.795000076293945,10174.0
2025-06-26 15:50:00,ASM,,3.575000047683716,3.5799999237060547,3.575000047683716,3.5785999298095703,29241.0
2025-06-26 15:50:00,ATNM,,1.5950000286102295,1.5950000286102295,1.5950000286102295,1.5950000286102295,1212.0
2025-06-26 15:50:00,BATL,,1.4800000190734863,1.4800000190734863,1.4800000190734863,1.4800000190734863,506.0
2025-06-26 15:50:00,BEEP,,4.235000133514404,4.235000133514404,4.170000076293945,4.170000076293945,583.0
2025-06-26 15:50:00,BRBS,,3.321000099182129,3.321000099182129,3.319999933242798,3.319999933242798,5032.0
2025-06-26 15:50:00,BTG,,3.634999990463257,3.640000104904175,3.630000114440918,3.630000114440918,81345.0
2025-06-26 15:50:00,BURU,,0.3346000015735626,0.3346000015735626,0.33309999108314514,0.33309999108314514,1611.0
2025-06-26 15:50:00,CANF,,1.0399999618530273,1.0399999618530273,1.0399999618530273,1.0399999618530273,1350.0
2025-06-26 15:50:00,CATX,,3.6449999809265137,3.6500000953674316,3.6201000213623047,3.630000114440918,6342.0
2025-06-26 15:50:00,CBOE,,226.4949951171875,226.4949951171875,226.3000030517578,226.3000030517578,1329.0
2025-06-26 15:50:00,CEF,,30.3700008392334,30.3700008392334,30.3700008392334,30.3700008392334,2238.0
2025-06-26 15:50:00,CLM,,7.945000171661377,7.945000171661377,7.940000057220459,7.945000171661377,647.0
2025-06-26 15:50:00,CMCL,,19.280000686645508,19.290000915527344,19.280000686645508,19.290000915527344,1213.0
2025-06-26 15:50:00,CMT,,17.09000015258789,17.09000015258789,17.09000015258789,17.09000015258789,168.0
2025-06-26 15:50:00,CQP,,56.45000076293945,56.45000076293945,56.375,56.377498626708984,2525.0
2025-06-26 15:50:00,CRF,,7.559999942779541,7.565000057220459,7.559999942779541,7.565000057220459,2796.0
2025-06-26 15:50:00,CTM,,1.0549999475479126,1.0549999475479126,1.0549999475479126,1.0549999475479126,392.0
2025-06-26 15:50:00,CVM,,2.434999942779541,2.4393999576568604,2.430000066757202,2.434999942779541,1635.0
2025-06-26 15:50:00,CVU,,3.4700000286102295,3.4700000286102295,3.4700000286102295,3.4700000286102295,513.0
2025-06-26 15:50:00,CYBN,,8.494999885559082,8.494999885559082,8.494999885559082,8.494999885559082,100.0
2025-06-26 15:50:00,DC,,3.822000026702881,3.8350000381469727,3.805000066757202,3.809999942779541,21885.0
2025-06-26 15:50:00,DHY,,2.1050000190734863,2.1050000190734863,2.1050000190734863,2.1050000190734863,359.0
2025-06-26 15:50:00,DNN,,1.8499000072479248,1.850000023841858,1.840000033378601,1.8447999954223633,157053.0
2025-06-26 15:50:00,EAD,,6.974999904632568,6.974999904632568,6.97189998626709,6.97189998626709,874.0
2025-06-26 15:50:00,EIM,,9.564200401306152,9.564200401306152,9.564200401306152,9.564200401306152,1000.0
2025-06-26 15:50:00,ELMD,,21.579999923706055,21.579999923706055,21.579999923706055,21.579999923706055,542.0
2025-06-26 15:50:00,EMX,,2.559999942779541,2.569999933242798,2.559999942779541,2.565000057220459,9486.0
2025-06-26 15:50:00,EPM,,4.78000020980835,4.78000020980835,4.78000020980835,4.78000020980835,462.0
2025-06-26 15:50:00,EQX,,5.90500020980835,5.909999847412109,5.900000095367432,5.909999847412109,59774.0
2025-06-26 15:50:00,ERC,,9.420000076293945,9.426199913024902,9.413800239562988,9.413800239562988,577.0
2025-06-26 15:50:00,ERH,,11.385000228881836,11.385000228881836,11.385000228881836,11.385000228881836,200.0
2025-06-26 15:50:00,ESP,,45.349998474121094,45.349998474121094,45.349998474121094,45.349998474121094,109.0
2025-06-26 15:50:00,FSP,,1.6950000524520874,1.6950000524520874,1.6950000524520874,1.6950000524520874,3541.0
2025-06-26 15:50:00,FTF,,6.389999866485596,6.391900062561035,6.389999866485596,6.391900062561035,667.0
2025-06-26 15:50:00,GAU,,1.284999966621399,1.284999966621399,1.284999966621399,1.284999966621399,336.0
2025-06-26 15:50:00,GENC,,14.90999984741211,14.90999984741211,14.890000343322754,14.890000343322754,747.0
2025-06-26 15:50:00,GGN,,4.385000228881836,4.385000228881836,4.385000228881836,4.385000228881836,548.0
2025-06-26 15:50:00,GLO,,5.369999885559082,5.369999885559082,5.368100166320801,5.368100166320801,243.0
2025-06-26 15:50:00,GLV,,5.610000133514404,5.610000133514404,5.610000133514404,5.610000133514404,134.0
2025-06-26 15:50:00,GNS,,1.110200047492981,1.1200000047683716,1.1100000143051147,1.1200000047683716,26905.0
2025-06-26 15:50:00,GORO,,0.5400000214576721,0.5400999784469604,0.5400000214576721,0.5400999784469604,307.0
2025-06-26 15:50:00,GROY,,2.2750000953674316,2.2799999713897705,2.2701001167297363,2.276900053024292,7756.0
2025-06-26 15:50:00,GSAT,,23.3700008392334,23.389999389648438,23.3700008392334,23.3799991607666,5115.0
2025-06-26 15:50:00,GTE,,4.994999885559082,5.0,4.985000133514404,4.985000133514404,3473.0
2025-06-26 15:50:00,HNW,,12.359999656677246,12.364800453186035,12.359999656677246,12.364800453186035,31354.0
2025-06-26 15:50:00,IBO,,0.9351000189781189,0.9351000189781189,0.9351000189781189,0.9351000189781189,3951.0
2025-06-26 15:50:00,IDR,,13.305000305175781,13.305000305175781,13.305000305175781,13.305000305175781,200.0
2025-06-26 15:50:00,IE,,9.899999618530273,9.949999809265137,9.890000343322754,9.949999809265137,12513.0
2025-06-26 15:50:00,IMO,,81.13500213623047,81.13999938964844,80.94999694824219,80.94999694824219,6999.0
2025-06-26 15:50:00,INDO,,3.0350000858306885,3.0378000736236572,3.0308001041412354,3.0378000736236572,3602.0
2025-06-26 15:50:00,INFU,,6.429999828338623,6.429999828338623,6.429999828338623,6.429999828338623,134.0
2025-06-26 15:50:00,ITRG,,1.524999976158142,1.524999976158142,1.524999976158142,1.524999976158142,1204.0
2025-06-26 15:50:00,KNW,,1.8949999809265137,1.899999976158142,1.8905999660491943,1.899999976158142,3245.0
2025-06-26 15:50:00,KULR,,5.150000095367432,5.150000095367432,5.140100002288818,5.150000095367432,28709.0
2025-06-26 15:50:00,LCTX,,0.9649999737739563,0.9664999842643738,0.9649999737739563,0.9650999903678894,16556.0
2025-06-26 15:50:00,LEU,,174.50999450683594,175.19500732421875,174.37249755859375,174.60499572753906,5471.0
2025-06-26 15:50:00,LMND,,42.875,42.93000030517578,42.836299896240234,42.93000030517578,21960.0
2025-06-26 15:50:00,LNG,,242.31500244140625,242.50999450683594,242.10000610351562,242.13999938964844,22244.0
2025-06-26 15:50:00,LODE,,3.809999942779541,3.825000047683716,3.809999942779541,3.825000047683716,421.0
2025-06-26 15:50:00,MAG,,21.454999923706055,21.469999313354492,21.434999465942383,21.434999465942383,21305.0
2025-06-26 15:50:00,MITQ,,0.6722000241279602,0.6722000241279602,0.6690000295639038,0.6690000295639038,592.0
2025-06-26 15:50:00,MPTI,,41.2599983215332,41.279998779296875,41.06999969482422,41.279998779296875,967.0
2025-06-26 15:50:00,MTA,,3.9149999618530273,3.9149999618530273,3.9100000858306885,3.9100000858306885,213.0
2025-06-26 15:50:00,MTNB,,0.925000011920929,0.9300000071525574,0.925000011920929,0.925000011920929,1505.0
2025-06-26 15:50:00,MYO,,2.242000102996826,2.244999885559082,2.242000102996826,2.242000102996826,3559.0
2025-06-26 15:50:00,NAK,,1.5549999475479126,1.559999942779541,1.5499999523162842,1.5499999523162842,27387.0
2025-06-26 15:50:00,NBH,,9.829999923706055,9.829999923706055,9.8149995803833,9.8149995803833,994.0
2025-06-26 15:50:00,NCL,,0.179299995303154,0.1809999942779541,0.179299995303154,0.18029999732971191,30480.0
2025-06-26 15:50:00,NFGC,,1.4850000143051147,1.4850000143051147,1.4850000143051147,1.4850000143051147,100.0
2025-06-26 15:50:00,NG,,4.135000228881836,4.139999866485596,4.135000228881836,4.135000228881836,14267.0
2025-06-26 15:50:00,NGD,,4.914999961853027,4.920000076293945,4.909999847412109,4.909999847412109,37315.0
2025-06-26 15:50:00,NHC,,108.5,108.5,108.47000122070312,108.47000122070312,623.0
2025-06-26 15:50:00,NHS,,7.5,7.505000114440918,7.5,7.505000114440918,4315.0
2025-06-26 15:50:00,NML,,8.84000015258789,8.84000015258789,8.84000015258789,8.84000015258789,120.0
2025-06-26 15:50:00,NNVC,,1.2400000095367432,1.2400000095367432,1.2400000095367432,1.2400000095367432,1098.0
2025-06-26 15:50:00,NRO,,3.1881000995635986,3.1881000995635986,3.1881000995635986,3.1881000995635986,677.0
2025-06-26 15:50:00,OBE,,5.474999904632568,5.480000019073486,5.474999904632568,5.480000019073486,400.0
2025-06-26 15:50:00,ORLA,,9.979999542236328,9.994999885559082,9.975000381469727,9.979999542236328,21016.0
2025-06-26 15:50:00,PLG,,1.6299999952316284,1.6299999952316284,1.6299999952316284,1.6299999952316284,10000.0
2025-06-26 15:50:00,PLMR,,153.49000549316406,153.49000549316406,153.2899932861328,153.33999633789062,2037.0
2025-06-26 15:50:00,PLX,,1.4850000143051147,1.4850000143051147,1.4800000190734863,1.4809999465942383,745.0
2025-06-26 15:50:00,REI,,0.7700999975204468,0.7702999711036682,0.7699999809265137,0.7700999975204468,21198.0
2025-06-26 15:50:00,RLGT,,6.065000057220459,6.065000057220459,6.065000057220459,6.065000057220459,962.0
2025-06-26 15:50:00,SATX,,2.9549999237060547,2.9649999141693115,2.9549999237060547,2.9600000381469727,43700.0
2025-06-26 15:50:00,SBEV,,4.059999942779541,4.059999942779541,4.059999942779541,4.059999942779541,3153.0
2025-06-26 15:50:00,SCCE,,19.459999084472656,19.459999084472656,19.459999084472656,19.459999084472656,704.0
2025-06-26 15:50:00,SEB,,2926.530029296875,2930.0,2918.06005859375,2926.530029296875,36.0
2025-06-26 15:50:00,SENS,,0.5004000067710876,0.5005000233650208,0.5004000067710876,0.5005000233650208,3496.0
2025-06-26 15:50:00,SGN,,1.1449999809265137,1.149999976158142,1.1449999809265137,1.149999976158142,1701.0
2025-06-26 15:50:00,SKYH,,9.59000015258789,9.59000015258789,9.59000015258789,9.59000015258789,826.0
2025-06-26 15:50:00,SLI,,1.9299999475479126,1.940000057220459,1.9299999475479126,1.940000057220459,3889.0
2025-06-26 15:50:00,SLND,,3.924999952316284,3.930000066757202,3.9049999713897705,3.9049999713897705,1363.0
2025-06-26 15:50:00,STXS,,2.2049999237060547,2.2079999446868896,2.2049999237060547,2.2079999446868896,1086.0
2025-06-26 15:50:00,SVM,,4.210000038146973,4.210000038146973,4.199999809265137,4.199999809265137,28469.0
2025-06-26 15:50:00,TGB,,3.134999990463257,3.139899969100952,3.130000114440918,3.130000114440918,44770.0
2025-06-26 15:50:00,THM,,0.875,0.8986999988555908,0.875,0.8848000168800354,19680.0
2025-06-26 15:50:00,TMP,,63.41999816894531,63.41999816894531,63.41999816894531,63.41999816894531,475.0
2025-06-26 15:50:00,TMQ,,1.4700000286102295,1.4700000286102295,1.465000033378601,1.465000033378601,4500.0
2025-06-26 15:50:00,TOON,,0.7355999946594238,0.7355999946594238,0.7355999946594238,0.7355999946594238,6508.0
2025-06-26 15:50:00,TOVX,,0.43320000171661377,0.43320000171661377,0.43320000171661377,0.43320000171661377,1016.0
2025-06-26 15:50:00,TRX,,0.3343000113964081,0.3343000113964081,0.3330000042915344,0.3330000042915344,656.0
2025-06-26 15:50:00,UAMY,,2.634999990463257,2.640000104904175,2.634999990463257,2.634999990463257,2717.0
2025-06-26 15:50:00,UEC,,7.03000020980835,7.039999961853027,7.019999980926514,7.03000020980835,111468.0
2025-06-26 15:50:00,URG,,1.065000057220459,1.0700000524520874,1.059999942779541,1.059999942779541,55858.0
2025-06-26 15:50:00,UTG,,35.599998474121094,35.599998474121094,35.56399917602539,35.56399917602539,508.0
2025-06-26 15:50:00,UUUU,,5.885000228881836,5.889999866485596,5.875,5.875,49010.0
2025-06-26 15:50:00,VNRX,,0.8679999709129333,0.8679999709129333,0.8679999709129333,0.8679999709129333,1839.0
2025-06-26 15:50:00,VTAK,,0.24959999322891235,0.24979999661445618,0.24959999322891235,0.24979999661445618,819.0
2025-06-26 15:50:00,VZLA,,2.9800000190734863,2.984999895095825,2.9800000190734863,2.9800000190734863,90684.0
2025-06-26 15:50:00,WRN,,1.2400000095367432,1.2400000095367432,1.2400000095367432,1.2400000095367432,109.0
2025-06-26 15:50:00,ZDGE,,3.9000000953674316,3.9000000953674316,3.9000000953674316,3.9000000953674316,327.0
2025-06-26 15:51:00,ACU,,40.65999984741211,40.65999984741211,40.65999984741211,40.65999984741211,435.0
2025-06-26 15:51:00,AIRI,,3.440000057220459,3.440000057220459,3.4000000953674316,3.4000000953674316,592.0
2025-06-26 15:51:00,AREN,,6.400000095367432,6.429999828338623,6.398799896240234,6.398799896240234,5178.0
2025-06-26 15:51:00,ARMN,,6.800000190734863,6.800000190734863,6.795000076293945,6.800000190734863,4032.0
2025-06-26 15:51:00,ASM,,3.575000047683716,3.575000047683716,3.5732998847961426,3.5732998847961426,3548.0
2025-06-26 15:51:00,ATNM,,1.5950000286102295,1.5961999893188477,1.5950000286102295,1.5950000286102295,617.0
2025-06-26 15:51:00,AUST,,1.3250000476837158,1.3250000476837158,1.3250000476837158,1.3250000476837158,107.0
2025-06-26 15:51:00,AZTR,,0.260699987411499,0.260699987411499,0.25745001435279846,0.2590000033378601,2528.0
2025-06-26 15:51:00,BHB,,29.899999618530273,30.1200008392334,29.889999389648438,30.1200008392334,1323.0
2025-06-26 15:51:00,BKTI,,55.63999938964844,55.63999938964844,55.63999938964844,55.63999938964844,392.0
2025-06-26 15:51:00,BRBS,,3.319999933242798,3.319999933242798,3.319999933242798,3.319999933242798,2278.0
2025-06-26 15:51:00,BTG,,3.639899969100952,3.640000104904175,3.630000114440918,3.634999990463257,355881.0
2025-06-26 15:51:00,BURU,,0.33739998936653137,0.3375999927520752,0.3345000147819519,0.3345000147819519,12505.0
2025-06-26 15:51:00,CATX,,3.6449999809265137,3.6500000953674316,3.640000104904175,3.6500000953674316,5605.0
2025-06-26 15:51:00,CBOE,,226.55499267578125,226.63999938964844,226.33999633789062,226.33999633789062,5432.0
2025-06-26 15:51:00,CEF,,30.375,30.375,30.375,30.375,249.0
2025-06-26 15:51:00,CLM,,7.940000057220459,7.949999809265137,7.940000057220459,7.940000057220459,2854.0
2025-06-26 15:51:00,CMCL,,19.231000900268555,19.31999969482422,19.231000900268555,19.31999969482422,772.0
2025-06-26 15:51:00,CMT,,17.1200008392334,17.1200008392334,17.06999969482422,17.06999969482422,297.0
2025-06-26 15:51:00,CQP,,56.5,56.505001068115234,56.45000076293945,56.459999084472656,2632.0
2025-06-26 15:51:00,CRF,,7.565400123596191,7.565400123596191,7.565000057220459,7.565000057220459,398.0
2025-06-26 15:51:00,CTGO,,20.920000076293945,20.920000076293945,20.920000076293945,20.920000076293945,484.0
2025-06-26 15:51:00,CTM,,1.0592000484466553,1.059999942779541,1.0592000484466553,1.059999942779541,4946.0
2025-06-26 15:51:00,CVM,,2.434999942779541,2.434999942779541,2.4312000274658203,2.4312000274658203,232.0
2025-06-26 15:51:00,CVU,,3.4700000286102295,3.4700000286102295,3.4549999237060547,3.4549999237060547,348.0
2025-06-26 15:51:00,CYBN,,8.520000457763672,8.520000457763672,8.494999885559082,8.494999885559082,494.0
2025-06-26 15:51:00,DC,,3.8399999141693115,3.8399999141693115,3.8299999237060547,3.8299999237060547,493.0
2025-06-26 15:51:00,DDC,,10.199999809265137,10.199999809265137,10.199999809265137,10.199999809265137,200.0
2025-06-26 15:51:00,DHY,,2.1050000190734863,2.1050000190734863,2.1050000190734863,2.1050000190734863,400.0
2025-06-26 15:51:00,DNN,,1.8450000286102295,1.850000023841858,1.840000033378601,1.8497999906539917,292974.0
2025-06-26 15:51:00,EAD,,6.974999904632568,6.974999904632568,6.974999904632568,6.974999904632568,120.0
2025-06-26 15:51:00,ECF,,10.140000343322754,10.140000343322754,10.140000343322754,10.140000343322754,226.0
2025-06-26 15:51:00,ELMD,,21.659900665283203,21.659900665283203,21.659900665283203,21.659900665283203,433.0
2025-06-26 15:51:00,EMX,,2.559999942779541,2.5601000785827637,2.559999942779541,2.5601000785827637,922.0
2025-06-26 15:51:00,EPM,,4.78000020980835,4.789899826049805,4.78000020980835,4.78000020980835,948.0
2025-06-26 15:51:00,EQX,,5.90500020980835,5.905300140380859,5.900000095367432,5.905300140380859,53599.0
2025-06-26 15:51:00,ERC,,9.420000076293945,9.420000076293945,9.420000076293945,9.420000076293945,100.0
2025-06-26 15:51:00,ERH,,11.390000343322754,11.390000343322754,11.390000343322754,11.390000343322754,124.0
2025-06-26 15:51:00,EVI,,20.469999313354492,20.49799919128418,20.469999313354492,20.469999313354492,884.0
2025-06-26 15:51:00,EVM,,8.845000267028809,8.845000267028809,8.845000267028809,8.845000267028809,343.0
2025-06-26 15:51:00,FOXO,,0.20239999890327454,0.20239999890327454,0.20239999890327454,0.20239999890327454,4306.0
2025-06-26 15:51:00,FSP,,1.7000000476837158,1.7000000476837158,1.6950000524520874,1.6950000524520874,3626.0
2025-06-26 15:51:00,FTF,,6.389999866485596,6.389999866485596,6.389999866485596,6.389999866485596,200.0
2025-06-26 15:51:00,FURY,,0.4855000078678131,0.4855000078678131,0.4855000078678131,0.4855000078678131,100.0
2025-06-26 15:51:00,GAU,,1.284999966621399,1.284999966621399,1.284999966621399,1.284999966621399,1220.0
2025-06-26 15:51:00,GENC,,14.8100004196167,14.8100004196167,14.8100004196167,14.8100004196167,222.0
2025-06-26 15:51:00,GLDG,,0.744799017906189,0.744799017906189,0.744799017906189,0.744799017906189,101.0
2025-06-26 15:51:00,GNS,,1.0950000286102295,1.1200000047683716,1.090000033378601,1.1150000095367432,119853.0
2025-06-26 15:51:00,GROY,,2.2750000953674316,2.2799999713897705,2.2699999809265137,2.2799999713897705,3936.0
2025-06-26 15:51:00,GSAT,,23.389999389648438,23.389999389648438,23.389999389648438,23.389999389648438,1051.0
2025-06-26 15:51:00,GTE,,4.994999885559082,4.994999885559082,4.994999885559082,4.994999885559082,171.0
2025-06-26 15:51:00,IBO,,0.9351999759674072,0.9351999759674072,0.9351999759674072,0.9351999759674072,351.0
2025-06-26 15:51:00,IDR,,13.332500457763672,13.332500457763672,13.305000305175781,13.305000305175781,890.0
2025-06-26 15:51:00,IE,,9.899999618530273,9.90999984741211,9.899999618530273,9.899999618530273,4773.0
2025-06-26 15:51:00,IMO,,81.13999938964844,81.13999938964844,81.125,81.13500213623047,2861.0
2025-06-26 15:51:00,INDO,,3.0450000762939453,3.049999952316284,3.0350000858306885,3.0399999618530273,6152.0
2025-06-26 15:51:00,ITRG,,1.5299999713897705,1.5299999713897705,1.524999976158142,1.524999976158142,670.0
2025-06-26 15:51:00,KNW,,1.8949999809265137,1.8949999809265137,1.8949999809265137,1.8949999809265137,700.0
2025-06-26 15:51:00,KULR,,5.159999847412109,5.159999847412109,5.144999980926514,5.150000095367432,20136.0
2025-06-26 15:51:00,LCTX,,0.9649999737739563,0.9664000272750854,0.9649999737739563,0.9663000106811523,23951.0
2025-06-26 15:51:00,LEU,,175.0500030517578,175.44650268554688,174.7899932861328,174.8249969482422,6782.0
2025-06-26 15:51:00,LMND,,42.869998931884766,42.90999984741211,42.849998474121094,42.877464294433594,9064.0
2025-06-26 15:51:00,LNG,,242.28500366210938,242.4250030517578,242.27000427246094,242.3300018310547,10979.0
2025-06-26 15:51:00,LODE,,3.8287999629974365,3.8299999237060547,3.809999942779541,3.809999942779541,5310.0
2025-06-26 15:51:00,LSF,,6.235000133514404,6.235000133514404,6.235000133514404,6.235000133514404,118.0
2025-06-26 15:51:00,MAG,,21.454999923706055,21.454999923706055,21.454999923706055,21.454999923706055,365.0
2025-06-26 15:51:00,MPTI,,41.220001220703125,41.220001220703125,41.220001220703125,41.220001220703125,220.0
2025-06-26 15:51:00,MTA,,3.9100000858306885,3.9100000858306885,3.9100000858306885,3.9100000858306885,106.0
2025-06-26 15:51:00,MTNB,,0.925000011920929,0.925000011920929,0.925000011920929,0.925000011920929,300.0
2025-06-26 15:51:00,MYO,,2.240000009536743,2.240000009536743,2.240000009536743,2.240000009536743,1072.0
2025-06-26 15:51:00,NAK,,1.5549999475479126,1.5549999475479126,1.5499999523162842,1.5549999475479126,8265.0
2025-06-26 15:51:00,NCL,,0.1809989959001541,0.1809989959001541,0.17919999361038208,0.18000000715255737,2116.0
2025-06-26 15:51:00,NEWP,,1.3801000118255615,1.3801000118255615,1.3801000118255615,1.3801000118255615,510.0
2025-06-26 15:51:00,NFGC,,1.4850000143051147,1.4850000143051147,1.4800000190734863,1.4850000143051147,974.0
2025-06-26 15:51:00,NG,,4.139999866485596,4.139999866485596,4.132999897003174,4.135000228881836,10558.0
2025-06-26 15:51:00,NGD,,4.909999847412109,4.920000076293945,4.909999847412109,4.909999847412109,54998.0
2025-06-26 15:51:00,NHC,,108.5,108.5,108.4800033569336,108.4800033569336,1432.0
2025-06-26 15:51:00,NHS,,7.489999771118164,7.489999771118164,7.489999771118164,7.489999771118164,560.0
2025-06-26 15:51:00,NML,,8.824999809265137,8.829999923706055,8.819999694824219,8.819999694824219,1710.0
2025-06-26 15:51:00,NNVC,,1.2200000286102295,1.2350000143051147,1.2200000286102295,1.2350000143051147,4494.0
2025-06-26 15:51:00,OBE,,5.474999904632568,5.474999904632568,5.474999904632568,5.474999904632568,329.0
2025-06-26 15:51:00,OGEN,,3.549999952316284,3.549999952316284,3.4700000286102295,3.4700000286102295,1170.0
2025-06-26 15:51:00,OPTT,,0.5153999924659729,0.5153999924659729,0.5153999924659729,0.5153999924659729,1240.0
2025-06-26 15:51:00,ORLA,,9.984999656677246,9.984999656677246,9.979999542236328,9.979999542236328,3899.0
2025-06-26 15:51:00,PLMR,,153.61500549316406,153.61500549316406,153.50999450683594,153.57000732421875,2475.0
2025-06-26 15:51:00,PLX,,1.481600046157837,1.4850000143051147,1.4800000190734863,1.4800000190734863,2272.0
2025-06-26 15:51:00,REI,,0.7702999711036682,0.7702999711036682,0.7699999809265137,0.7702000141143799,7252.0
2025-06-26 15:51:00,REPX,,26.75,26.75,26.75,26.75,445.0
2025-06-26 15:51:00,RLGT,,6.065000057220459,6.065000057220459,6.0609002113342285,6.065000057220459,740.0
2025-06-26 15:51:00,SATX,,2.950000047683716,2.9549999237060547,2.950000047683716,2.950000047683716,1347.0
2025-06-26 15:51:00,SBEV,,4.079999923706055,4.079999923706055,4.045000076293945,4.070000171661377,852.0
2025-06-26 15:51:00,SCCE,,19.6299991607666,19.6299991607666,19.459999084472656,19.459999084472656,414.0
2025-06-26 15:51:00,SEB,,2926.0,2926.0,2926.0,2926.0,1.0
2025-06-26 15:51:00,SENS,,0.5004000067710876,0.5005000233650208,0.5004000067710876,0.5004500150680542,18481.0
2025-06-26 15:51:00,SLI,,1.934999942779541,1.940000057220459,1.9299999475479126,1.934999942779541,2532.0
2025-06-26 15:51:00,SLND,,3.950000047683716,3.950000047683716,3.934999942779541,3.934999942779541,403.0
2025-06-26 15:51:00,STRW,,10.699999809265137,10.699999809265137,10.699999809265137,10.699999809265137,444.0
2025-06-26 15:51:00,STXS,,2.2079999446868896,2.2079999446868896,2.2049999237060547,2.2049999237060547,415.0
2025-06-26 15:51:00,SVM,,4.210000038146973,4.210000038146973,4.204999923706055,4.204999923706055,3122.0
2025-06-26 15:51:00,TGB,,3.134999990463257,3.134999990463257,3.1342999935150146,3.1342999935150146,21903.0
2025-06-26 15:51:00,THM,,0.8873999714851379,0.8873999714851379,0.8848000168800354,0.8848000168800354,800.0
2025-06-26 15:51:00,TPET,,1.1999000310897827,1.1999000310897827,1.1999000310897827,1.1999000310897827,500.0
2025-06-26 15:51:00,TRX,,0.33160001039505005,0.33160001039505005,0.33160001039505005,0.33160001039505005,299.0
2025-06-26 15:51:00,UAMY,,2.634999990463257,2.640000104904175,2.632999897003174,2.634999990463257,11679.0
2025-06-26 15:51:00,UAVS,,1.1399999856948853,1.1399999856948853,1.1311999559402466,1.1311999559402466,1479.0
2025-06-26 15:51:00,UEC,,7.03000020980835,7.03000020980835,7.020199775695801,7.03000020980835,34460.0
2025-06-26 15:51:00,URG,,1.0549999475479126,1.0700000524520874,1.0499999523162842,1.065000057220459,97569.0
2025-06-26 15:51:00,UUUU,,5.880099773406982,5.889999866485596,5.880000114440918,5.889999866485596,18792.0
2025-06-26 15:51:00,VGZ,,1.024999976158142,1.024999976158142,1.0199999809265137,1.024999976158142,1911.0
2025-06-26 15:51:00,VKI,,8.204999923706055,8.210000038146973,8.204999923706055,8.210000038146973,736.0
2025-06-26 15:51:00,VNRX,,0.8589500188827515,0.867900013923645,0.8500000238418579,0.867900013923645,5310.0
2025-06-26 15:51:00,VTAK,,0.24979999661445618,0.2498999983072281,0.24959999322891235,0.24959999322891235,26425.0
2025-06-26 15:51:00,VZLA,,2.9800000190734863,2.984999895095825,2.9800000190734863,2.984999895095825,1272.0
2025-06-26 15:51:00,WYY,,3.3315000534057617,3.3350000381469727,3.3299999237060547,3.3350000381469727,1645.0
2025-06-26 15:51:00,XPL,,0.6438000202178955,0.6438000202178955,0.6438000202178955,0.6438000202178955,111.0
2025-06-26 15:51:00,ZDGE,,3.940000057220459,3.940000057220459,3.9000000953674316,3.9000000953674316,302.0
2025-06-26 15:52:00,ACU,,40.68000030517578,40.68000030517578,40.68000030517578,40.68000030517578,282.0
2025-06-26 15:52:00,AEON,,0.7461000084877014,0.7461000084877014,0.7461000084877014,0.7461000084877014,217.0
2025-06-26 15:52:00,AIRI,,3.384999990463257,3.3949999809265137,3.384999990463257,3.3949999809265137,1051.0
2025-06-26 15:52:00,AREN,,6.440000057220459,6.440000057220459,6.429999828338623,6.429999828338623,1615.0
2025-06-26 15:52:00,ARMN,,6.800000190734863,6.800000190734863,6.795000076293945,6.795000076293945,4612.0
2025-06-26 15:52:00,ARMP,,1.9299999475479126,1.9299999475479126,1.9299999475479126,1.9299999475479126,230.0
2025-06-26 15:52:00,ASM,,3.5799999237060547,3.5799999237060547,3.569999933242798,3.5799999237060547,6298.0
2025-06-26 15:52:00,ATNM,,1.5950000286102295,1.5950000286102295,1.5950000286102295,1.5950000286102295,890.0
2025-06-26 15:52:00,AZTR,,0.2556999921798706,0.2556999921798706,0.2556999921798706,0.2556999921798706,1529.0
2025-06-26 15:52:00,BEEP,,4.179999828338623,4.179999828338623,4.179999828338623,4.179999828338623,345.0
2025-06-26 15:52:00,BHB,,30.139999389648438,30.139999389648438,29.899999618530273,29.899999618530273,332.0
2025-06-26 15:52:00,BRBS,,3.319999933242798,3.319999933242798,3.319999933242798,3.319999933242798,1152.0
2025-06-26 15:52:00,BRN,,1.2200000286102295,1.2200000286102295,1.2100000381469727,1.2100000381469727,601.0
2025-06-26 15:52:00,BTG,,3.640000104904175,3.640000104904175,3.6333000659942627,3.634999990463257,90445.0
2025-06-26 15:52:00,BURU,,0.335099995136261,0.33709999918937683,0.335099995136261,0.33709999918937683,1911.0
2025-06-26 15:52:00,CANF,,1.034999966621399,1.0399999618530273,1.0299999713897705,1.0399999618530273,1171.0
2025-06-26 15:52:00,CATX,,3.6500000953674316,3.6500000953674316,3.634999990463257,3.6449999809265137,7237.0
2025-06-26 15:52:00,CBOE,,226.3300018310547,226.4600067138672,226.3300018310547,226.4600067138672,4219.0
2025-06-26 15:52:00,CEV,,9.670000076293945,9.670000076293945,9.670000076293945,9.670000076293945,200.0
2025-06-26 15:52:00,CIK,,2.934999942779541,2.934999942779541,2.934999942779541,2.934999942779541,3178.0
2025-06-26 15:52:00,CLDI,,0.22994999587535858,0.23000000417232513,0.2280000001192093,0.2280000001192093,6665.0
2025-06-26 15:52:00,CLM,,7.945000171661377,7.94950008392334,7.940000057220459,7.945000171661377,1829.0
2025-06-26 15:52:00,CMCL,,19.270000457763672,19.270000457763672,19.270000457763672,19.270000457763672,241.0
2025-06-26 15:52:00,CMT,,17.1200008392334,17.1200008392334,17.1200008392334,17.1200008392334,167.0
2025-06-26 15:52:00,CPHI,,1.8136999607086182,1.8136999607086182,1.7699999809265137,1.7699999809265137,1798.0
2025-06-26 15:52:00,CQP,,56.5,56.5,56.5,56.5,620.0
2025-06-26 15:52:00,CRF,,7.565000057220459,7.565400123596191,7.563300132751465,7.565400123596191,2603.0
2025-06-26 15:52:00,CTGO,,20.950000762939453,20.950000762939453,20.950000762939453,20.950000762939453,367.0
2025-06-26 15:52:00,CTM,,1.0549999475479126,1.059999942779541,1.0549999475479126,1.0549999475479126,1347.0
2025-06-26 15:52:00,CVM,,2.43179988861084,2.43179988861084,2.430000066757202,2.4312000274658203,473.0
2025-06-26 15:52:00,CVU,,3.4800000190734863,3.490000009536743,3.450000047683716,3.450000047683716,718.0
2025-06-26 15:52:00,CYBN,,8.520000457763672,8.520000457763672,8.520000457763672,8.520000457763672,100.0
2025-06-26 15:52:00,DC,,3.8350000381469727,3.8399999141693115,3.8299999237060547,3.8299999237060547,7462.0
2025-06-26 15:52:00,DDC,,10.199999809265137,10.199999809265137,10.199999809265137,10.199999809265137,200.0
2025-06-26 15:52:00,DHY,,2.109999895095825,2.109999895095825,2.109999895095825,2.109999895095825,300.0
2025-06-26 15:52:00,DNN,,1.850000023841858,1.850000023841858,1.840000033378601,1.8450000286102295,63764.0
2025-06-26 15:52:00,DSS,,0.9399999976158142,0.9399999976158142,0.9399999976158142,0.9399999976158142,267.0
2025-06-26 15:52:00,DXF,,4.780099868774414,4.780099868774414,4.78000020980835,4.78000020980835,366.0
2025-06-26 15:52:00,EAD,,6.980000019073486,6.980000019073486,6.980000019073486,6.980000019073486,185.0
2025-06-26 15:52:00,ELMD,,21.579999923706055,21.579999923706055,21.579999923706055,21.579999923706055,248.0
2025-06-26 15:52:00,EMX,,2.565000057220459,2.565000057220459,2.559999942779541,2.559999942779541,1202.0
2025-06-26 15:52:00,EPM,,4.78000020980835,4.78000020980835,4.78000020980835,4.78000020980835,101.0
2025-06-26 15:52:00,EQX,,5.90500020980835,5.905099868774414,5.900000095367432,5.90500020980835,61575.0
2025-06-26 15:52:00,ERC,,9.420000076293945,9.420000076293945,9.40999984741211,9.420000076293945,1700.0
2025-06-26 15:52:00,ESP,,45.33000183105469,45.5,45.33000183105469,45.5,615.0
2025-06-26 15:52:00,EVI,,20.399999618530273,20.399999618530273,20.371999740600586,20.371999740600586,466.0
2025-06-26 15:52:00,EVM,,8.84000015258789,8.845000267028809,8.84000015258789,8.845000267028809,513.0
2025-06-26 15:52:00,EVV,,10.1899995803833,10.199999809265137,10.1899995803833,10.1899995803833,1053.0
2025-06-26 15:52:00,FSP,,1.6950000524520874,1.7000000476837158,1.6950000524520874,1.6950000524520874,782.0
2025-06-26 15:52:00,FTF,,6.389999866485596,6.389999866485596,6.389999866485596,6.389999866485596,300.0
2025-06-26 15:52:00,GAU,,1.284999966621399,1.2899999618530273,1.284999966621399,1.284999966621399,910.0
2025-06-26 15:52:00,GNS,,1.100000023841858,1.100000023841858,1.0800000429153442,1.090000033378601,46751.0
2025-06-26 15:52:00,GORO,,0.5400000214576721,0.5400000214576721,0.5400000214576721,0.5400000214576721,554.0
2025-06-26 15:52:00,GROY,,2.2750000953674316,2.2750000953674316,2.2699999809265137,2.2750000953674316,5642.0
2025-06-26 15:52:00,GSAT,,23.40999984741211,23.40999984741211,23.40999984741211,23.40999984741211,1848.0
2025-06-26 15:52:00,GTE,,4.999100208282471,4.999100208282471,4.994999885559082,4.994999885559082,720.0
2025-06-26 15:52:00,HNW,,12.350000381469727,12.350000381469727,12.350000381469727,12.350000381469727,454.0
2025-06-26 15:52:00,HUSA,,12.760100364685059,12.760100364685059,12.760100364685059,12.760100364685059,803.0
2025-06-26 15:52:00,IBO,,0.9351999759674072,0.9381999969482422,0.9351999759674072,0.9354000091552734,4702.0
2025-06-26 15:52:00,IDR,,13.305000305175781,13.305000305175781,13.305000305175781,13.305000305175781,197.0
2025-06-26 15:52:00,IE,,9.930000305175781,9.930000305175781,9.899999618530273,9.899999618530273,11300.0
2025-06-26 15:52:00,IGC,,0.3100000023841858,0.3100000023841858,0.3100000023841858,0.3100000023841858,458.0
2025-06-26 15:52:00,IMO,,81.13999938964844,81.20999908447266,81.12000274658203,81.13500213623047,8113.0
2025-06-26 15:52:00,INDO,,3.069999933242798,3.069999933242798,3.0399999618530273,3.0450000762939453,999.0
2025-06-26 15:52:00,INFU,,6.440000057220459,6.440000057220459,6.429999828338623,6.429999828338623,770.0
2025-06-26 15:52:00,INUV,,3.9611001014709473,3.9611001014709473,3.9611001014709473,3.9611001014709473,198.0
2025-06-26 15:52:00,ITRG,,1.524999976158142,1.524999976158142,1.524999976158142,1.524999976158142,3807.0
2025-06-26 15:52:00,KNW,,1.9149999618530273,1.9149999618530273,1.8935999870300293,1.8935999870300293,2577.0
2025-06-26 15:52:00,KULR,,5.159999847412109,5.159999847412109,5.150000095367432,5.159999847412109,16149.0
2025-06-26 15:52:00,LCTX,,0.9650999903678894,0.9670500159263611,0.9649999737739563,0.9650499820709229,21545.0
2025-06-26 15:52:00,LEU,,175.13999938964844,175.14500427246094,174.9199981689453,175.0500030517578,7459.0
2025-06-26 15:52:00,LGL,,7.230000019073486,7.230000019073486,7.230000019073486,7.230000019073486,173.0
2025-06-26 15:52:00,LMND,,42.83000183105469,42.880001068115234,42.83000183105469,42.86000061035156,7132.0
2025-06-26 15:52:00,LNG,,242.34190368652344,242.34190368652344,242.24169921875,242.28500366210938,4530.0
2025-06-26 15:52:00,MAG,,21.454999923706055,21.459999084472656,21.450000762939453,21.459999084472656,1326.0
2025-06-26 15:52:00,MTA,,3.9200000762939453,3.9200000762939453,3.9100000858306885,3.9149999618530273,2824.0
2025-06-26 15:52:00,MTNB,,0.9298999905586243,0.9298999905586243,0.9298999905586243,0.9298999905586243,104.0
2025-06-26 15:52:00,MYO,,2.240000009536743,2.240000009536743,2.240000009536743,2.240000009536743,4212.0
2025-06-26 15:52:00,NAK,,1.5449999570846558,1.5566999912261963,1.5399999618530273,1.5549999475479126,208797.0
2025-06-26 15:52:00,NBH,,9.800000190734863,9.819999694824219,9.800000190734863,9.800100326538086,572.0
2025-06-26 15:52:00,NFGC,,1.4850000143051147,1.4850000143051147,1.4850000143051147,1.4850000143051147,1870.0
2025-06-26 15:52:00,NG,,4.150000095367432,4.150000095367432,4.135000228881836,4.135000228881836,26846.0
2025-06-26 15:52:00,NGD,,4.925000190734863,4.929999828338623,4.909999847412109,4.920000076293945,209982.0
2025-06-26 15:52:00,NHC,,108.75499725341797,109.1500015258789,108.75499725341797,109.1500015258789,1675.0
2025-06-26 15:52:00,NHS,,7.494999885559082,7.494999885559082,7.494999885559082,7.494999885559082,720.0
2025-06-26 15:52:00,NML,,8.84000015258789,8.84000015258789,8.84000015258789,8.84000015258789,309.0
2025-06-26 15:52:00,NNVC,,1.2100000381469727,1.2108999490737915,1.2100000381469727,1.2108999490737915,907.0
2025-06-26 15:52:00,OBE,,5.474999904632568,5.474999904632568,5.474999904632568,5.474999904632568,440.0
2025-06-26 15:52:00,OPTT,,0.5162000060081482,0.5162000060081482,0.5156999826431274,0.5156999826431274,4638.0
2025-06-26 15:52:00,ORLA,,9.994999885559082,9.994999885559082,9.979999542236328,9.984999656677246,4098.0
2025-06-26 15:52:00,OSTX,,1.8300000429153442,1.8300000429153442,1.8300000429153442,1.8300000429153442,101.0
2025-06-26 15:52:00,PHGE,,0.4612500071525574,0.4612500071525574,0.46000000834465027,0.46000000834465027,1300.0
2025-06-26 15:52:00,PLG,,1.6200000047683716,1.621399998664856,1.6150000095367432,1.621399998664856,8918.0
2025-06-26 15:52:00,PLMR,,153.52999877929688,153.63999938964844,153.5,153.60000610351562,6435.0
2025-06-26 15:52:00,PLX,,1.4850000143051147,1.4850000143051147,1.4800000190734863,1.4800000190734863,320.0
2025-06-26 15:52:00,REI,,0.7702500224113464,0.7702999711036682,0.7699999809265137,0.7702999711036682,18555.0
2025-06-26 15:52:00,REPX,,26.739999771118164,26.739999771118164,26.719999313354492,26.739999771118164,1477.0
2025-06-26 15:52:00,RLGT,,6.065000057220459,6.065000057220459,6.065000057220459,6.065000057220459,455.0
2025-06-26 15:52:00,SBEV,,4.099999904632568,4.099999904632568,4.099999904632568,4.099999904632568,205.0
2025-06-26 15:52:00,SCCE,,19.59000015258789,19.600000381469727,19.59000015258789,19.600000381469727,312.0
2025-06-26 15:52:00,SEB,,2918.06005859375,2921.02001953125,2918.06005859375,2920.5,5.0
2025-06-26 15:52:00,SENS,,0.4993000030517578,0.5005000233650208,0.4993000030517578,0.5005000233650208,61887.0
2025-06-26 15:52:00,SGN,,1.1449999809265137,1.1449999809265137,1.1449999809265137,1.1449999809265137,1324.0
2025-06-26 15:52:00,SLI,,1.940000057220459,1.940000057220459,1.9299999475479126,1.934999942779541,6157.0
2025-06-26 15:52:00,SOAR,,1.350000023841858,1.3600000143051147,1.350000023841858,1.3600000143051147,973.0
2025-06-26 15:52:00,STRW,,10.713500022888184,10.713500022888184,10.713500022888184,10.713500022888184,253.0
2025-06-26 15:52:00,STXS,,2.2000999450683594,2.2000999450683594,2.2000999450683594,2.2000999450683594,272.0
2025-06-26 15:52:00,SVM,,4.210000038146973,4.210000038146973,4.204999923706055,4.204999923706055,3751.0
2025-06-26 15:52:00,TGB,,3.140000104904175,3.140000104904175,3.130000114440918,3.13100004196167,291792.0
2025-06-26 15:52:00,THM,,0.8986999988555908,0.8986999988555908,0.8880000114440918,0.8880500197410583,931.0
2025-06-26 15:52:00,UAMY,,2.6449999809265137,2.6500000953674316,2.634700059890747,2.634999990463257,27441.0
2025-06-26 15:52:00,UAVS,,1.1401000022888184,1.1449999809265137,1.1399999856948853,1.1399999856948853,7753.0
2025-06-26 15:52:00,UEC,,7.034999847412109,7.039999961853027,7.019999980926514,7.03000020980835,51188.0
2025-06-26 15:52:00,URG,,1.059999942779541,1.059999942779541,1.0549999475479126,1.059999942779541,23312.0
2025-06-26 15:52:00,USAS,,0.8349999785423279,0.8356000185012817,0.8282999992370605,0.8349999785423279,13859.0
2025-06-26 15:52:00,UTG,,35.60499954223633,35.60499954223633,35.580501556396484,35.580501556396484,5324.0
2025-06-26 15:52:00,UUUU,,5.885000228881836,5.889999866485596,5.880000114440918,5.885000228881836,24283.0
2025-06-26 15:52:00,VGZ,,1.0290000438690186,1.0290000438690186,1.0290000438690186,1.0290000438690186,115.0
2025-06-26 15:52:00,VNRX,,0.8500000238418579,0.859000027179718,0.8500000238418579,0.859000027179718,2633.0
2025-06-26 15:52:00,VTAK,,0.24959899485111237,0.2498999983072281,0.24959899485111237,0.24959999322891235,20289.0
2025-06-26 15:52:00,VZLA,,2.9800000190734863,2.984999895095825,2.9800000190734863,2.9800000190734863,2180.0
2025-06-26 15:52:00,XPL,,0.6607999801635742,0.6607999801635742,0.6607999801635742,0.6607999801635742,264.0
2025-06-26 15:52:00,ZDGE,,3.9035000801086426,3.9035000801086426,3.9035000801086426,3.9035000801086426,103.0
2025-06-26 15:53:00,ACU,,40.75,40.75,40.65999984741211,40.65999984741211,438.0
2025-06-26 15:53:00,AEON,,0.7491999864578247,0.7492499947547913,0.7491999864578247,0.7492499947547913,3303.0
2025-06-26 15:53:00,AIRI,,3.390000104904175,3.390000104904175,3.384999990463257,3.384999990463257,447.0
2025-06-26 15:53:00,AMS,,2.369999885559082,2.4000000953674316,2.369999885559082,2.4000000953674316,1218.0
2025-06-26 15:53:00,AREN,,6.425000190734863,6.440000057220459,6.425000190734863,6.425000190734863,729.0
2025-06-26 15:53:00,ARMN,,6.804999828338623,6.804999828338623,6.795000076293945,6.795000076293945,11986.0
2025-06-26 15:53:00,ASM,,3.5799999237060547,3.5850000381469727,3.575000047683716,3.575000047683716,20126.0
2025-06-26 15:53:00,ATNM,,1.5950000286102295,1.5950000286102295,1.5950000286102295,1.5950000286102295,473.0
2025-06-26 15:53:00,AZTR,,0.2551000118255615,0.2558000087738037,0.2551000118255615,0.2558000087738037,2196.0
2025-06-26 15:53:00,BATL,,1.4900000095367432,1.4900000095367432,1.4900000095367432,1.4900000095367432,598.0
2025-06-26 15:53:00,BEEP,,4.210000038146973,4.210000038146973,4.179999828338623,4.204999923706055,762.0
2025-06-26 15:53:00,BHB,,29.864999771118164,29.8700008392334,29.864999771118164,29.8700008392334,324.0
2025-06-26 15:53:00,BRBS,,3.319999933242798,3.321000099182129,3.319999933242798,3.321000099182129,938.0
2025-06-26 15:53:00,BTG,,3.6500000953674316,3.6500000953674316,3.640000104904175,3.640000104904175,708533.0
2025-06-26 15:53:00,BURU,,0.3370000123977661,0.3375999927520752,0.335099995136261,0.335099995136261,1839.0
2025-06-26 15:53:00,CATX,,3.6577999591827393,3.6600000858306885,3.6500000953674316,3.6500000953674316,6480.0
2025-06-26 15:53:00,CBOE,,226.4199981689453,226.4199981689453,226.16000366210938,226.24000549316406,5920.0
2025-06-26 15:53:00,CEF,,30.375,30.375,30.375,30.375,514.0
2025-06-26 15:53:00,CLDI,,0.22920000553131104,0.22990000247955322,0.2199999988079071,0.22990000247955322,8368.0
2025-06-26 15:53:00,CLM,,7.945000171661377,7.945000171661377,7.940000057220459,7.945000171661377,1245.0
2025-06-26 15:53:00,CQP,,56.47999954223633,56.505001068115234,56.47999954223633,56.505001068115234,728.0
2025-06-26 15:53:00,CRF,,7.565400123596191,7.570000171661377,7.565400123596191,7.570000171661377,417.0
2025-06-26 15:53:00,CTGO,,20.954999923706055,20.954999923706055,20.950000762939453,20.950000762939453,1377.0
2025-06-26 15:53:00,CTM,,1.059999942779541,1.059999942779541,1.0506819486618042,1.059999942779541,5796.0
2025-06-26 15:53:00,CVU,,3.4800000190734863,3.4800000190734863,3.4800000190734863,3.4800000190734863,390.0
2025-06-26 15:53:00,CYBN,,8.520000457763672,8.520000457763672,8.520000457763672,8.520000457763672,107.0
2025-06-26 15:53:00,DC,,3.8399999141693115,3.8399999141693115,3.8350000381469727,3.8350000381469727,424.0
2025-06-26 15:53:00,DDC,,10.109999656677246,10.180000305175781,10.109999656677246,10.15999984741211,808.0
2025-06-26 15:53:00,DHY,,2.109999895095825,2.109999895095825,2.1098999977111816,2.1098999977111816,526.0
2025-06-26 15:53:00,DNN,,1.850000023841858,1.850000023841858,1.840000033378601,1.8450000286102295,24154.0
2025-06-26 15:53:00,EAD,,6.980000019073486,6.980000019073486,6.974999904632568,6.974999904632568,819.0
2025-06-26 15:53:00,EMX,,2.5687999725341797,2.5687999725341797,2.559999942779541,2.559999942779541,582.0
2025-06-26 15:53:00,EP,,5.519999980926514,5.639999866485596,5.519999980926514,5.579999923706055,3063.0
2025-06-26 15:53:00,EPM,,4.78000020980835,4.78000020980835,4.78000020980835,4.78000020980835,302.0
2025-06-26 15:53:00,EQX,,5.909900188446045,5.909999847412109,5.900000095367432,5.90500020980835,70681.0
2025-06-26 15:53:00,EVM,,8.845000267028809,8.845000267028809,8.845000267028809,8.845000267028809,100.0
2025-06-26 15:53:00,FSI,,4.5,4.5,4.5,4.5,196.0
2025-06-26 15:53:00,FSP,,1.7000000476837158,1.7000000476837158,1.6950000524520874,1.6950000524520874,230.0
2025-06-26 15:53:00,FTF,,6.394999980926514,6.400000095367432,6.394999980926514,6.394999980926514,7686.0
2025-06-26 15:53:00,FURY,,0.4803999960422516,0.5,0.4803999960422516,0.49900001287460327,500.0
2025-06-26 15:53:00,GAU,,1.284999966621399,1.2899999618530273,1.284999966621399,1.284999966621399,1523.0
2025-06-26 15:53:00,GENC,,14.744999885559082,14.744999885559082,14.744999885559082,14.744999885559082,126.0
2025-06-26 15:53:00,GLDG,,0.7433000206947327,0.7448999881744385,0.7433000206947327,0.7448999881744385,1491.0
2025-06-26 15:53:00,GNS,,1.1100000143051147,1.1197999715805054,1.0954999923706055,1.1100000143051147,52210.0
2025-06-26 15:53:00,GORO,,0.5400000214576721,0.5400000214576721,0.5400000214576721,0.5400000214576721,281.0
2025-06-26 15:53:00,GROY,,2.2750000953674316,2.2799999713897705,2.2750000953674316,2.279900074005127,7913.0
2025-06-26 15:53:00,GSAT,,23.341999053955078,23.350000381469727,23.341999053955078,23.350000381469727,2169.0
2025-06-26 15:53:00,GTE,,4.985000133514404,4.989999771118164,4.980000019073486,4.989999771118164,2218.0
2025-06-26 15:53:00,HUSA,,12.770000457763672,12.800000190734863,12.76099967956543,12.800000190734863,1579.0
2025-06-26 15:53:00,IBO,,0.9301000237464905,0.9358000159263611,0.9301000237464905,0.9351000189781189,14199.0
2025-06-26 15:53:00,IE,,9.920000076293945,9.9350004196167,9.90999984741211,9.925000190734863,16083.0
2025-06-26 15:53:00,IMO,,81.1449966430664,81.1500015258789,81.12999725341797,81.12999725341797,2938.0
2025-06-26 15:53:00,INDO,,3.059299945831299,3.079900026321411,3.0199999809265137,3.079900026321411,15838.0
2025-06-26 15:53:00,INFU,,6.429999828338623,6.429999828338623,6.429999828338623,6.429999828338623,331.0
2025-06-26 15:53:00,INUV,,3.9693000316619873,3.9693000316619873,3.9693000316619873,3.9693000316619873,324.0
2025-06-26 15:53:00,ITP,,0.18379999697208405,0.18400000035762787,0.18379999697208405,0.18400000035762787,2041.0
2025-06-26 15:53:00,ITRG,,1.524999976158142,1.5299999713897705,1.5199999809265137,1.5199999809265137,1439.0
2025-06-26 15:53:00,KNW,,1.9199999570846558,1.9199999570846558,1.9199999570846558,1.9199999570846558,556.0
2025-06-26 15:53:00,KULR,,5.175000190734863,5.179999828338623,5.15500020980835,5.159999847412109,17121.0
2025-06-26 15:53:00,LCTX,,0.9650999903678894,0.9652000069618225,0.9649999737739563,0.9650999903678894,33466.0
2025-06-26 15:53:00,LEU,,174.8300018310547,175.22943115234375,174.82000732421875,175.22943115234375,7820.0
2025-06-26 15:53:00,LMND,,42.77000045776367,42.810001373291016,42.7599983215332,42.810001373291016,6879.0
2025-06-26 15:53:00,LNG,,242.33999633789062,242.35000610351562,242.08999633789062,242.3300018310547,19635.0
2025-06-26 15:53:00,LODE,,3.809999942779541,3.84689998626709,3.809999942779541,3.84689998626709,5127.0
2025-06-26 15:53:00,MAG,,21.475000381469727,21.479999542236328,21.459999084472656,21.459999084472656,4123.0
2025-06-26 15:53:00,MGLD,,0.9300000071525574,0.9300000071525574,0.9300000071525574,0.9300000071525574,380.0
2025-06-26 15:53:00,MTA,,3.9100000858306885,3.9149999618530273,3.9100000858306885,3.9149999618530273,2032.0
2025-06-26 15:53:00,MTNB,,0.925000011920929,0.925000011920929,0.925000011920929,0.925000011920929,200.0
2025-06-26 15:53:00,MYO,,2.234999895095825,2.234999895095825,2.2300000190734863,2.2323999404907227,519.0
2025-06-26 15:53:00,NAK,,1.5549999475479126,1.5549999475479126,1.544700026512146,1.544700026512146,66159.0
2025-06-26 15:53:00,NBH,,9.800100326538086,9.800100326538086,9.800100326538086,9.800100326538086,3242.0
2025-06-26 15:53:00,NCL,,0.1809999942779541,0.1809999942779541,0.18029999732971191,0.1808999925851822,19000.0
2025-06-26 15:53:00,NEWP,,1.3799999952316284,1.3799999952316284,1.3799999952316284,1.3799999952316284,125.0
2025-06-26 15:53:00,NFGC,,1.4850000143051147,1.4850000143051147,1.4850000143051147,1.4850000143051147,428.0
2025-06-26 15:53:00,NG,,4.15500020980835,4.15500020980835,4.144999980926514,4.150000095367432,47474.0
2025-06-26 15:53:00,NGD,,4.920000076293945,4.929999828338623,4.920000076293945,4.920000076293945,24238.0
2025-06-26 15:53:00,NHC,,109.08999633789062,109.08999633789062,109.08999633789062,109.08999633789062,183.0
2025-06-26 15:53:00,NHS,,7.5,7.501399993896484,7.5,7.501399993896484,2082.0
2025-06-26 15:53:00,NNVC,,1.2100000381469727,1.2100000381469727,1.2000000476837158,1.2000000476837158,25775.0
2025-06-26 15:53:00,NRXS,,2.5450000762939453,2.559999942779541,2.5450000762939453,2.559999942779541,3742.0
2025-06-26 15:53:00,OBE,,5.480000019073486,5.480000019073486,5.46999979019165,5.474999904632568,4431.0
2025-06-26 15:53:00,OPTT,,0.5134999752044678,0.5170999765396118,0.5109999775886536,0.5163000226020813,47139.0
2025-06-26 15:53:00,ORLA,,10.005000114440918,10.005000114440918,9.994999885559082,10.0,11020.0
2025-06-26 15:53:00,PLG,,1.6150000095367432,1.6150000095367432,1.6100000143051147,1.6100000143051147,134738.0
2025-06-26 15:53:00,PLMR,,153.51499938964844,153.51499938964844,153.4600067138672,153.51499938964844,2407.0
2025-06-26 15:53:00,PLX,,1.4809999465942383,1.4850000143051147,1.4800000190734863,1.4800000190734863,4075.0
2025-06-26 15:53:00,REI,,0.7739999890327454,0.7739999890327454,0.7702000141143799,0.7702000141143799,56386.0
2025-06-26 15:53:00,REPX,,26.735000610351562,26.760000228881836,26.735000610351562,26.75,1148.0
2025-06-26 15:53:00,RLGT,,6.065000057220459,6.065000057220459,6.065000057220459,6.065000057220459,1040.0
2025-06-26 15:53:00,RVP,,0.6625000238418579,0.6625000238418579,0.6625000238418579,0.6625000238418579,306.0
2025-06-26 15:53:00,SATX,,2.950000047683716,2.9549999237060547,2.950000047683716,2.9549999237060547,510.0
2025-06-26 15:53:00,SBEV,,4.099999904632568,4.099999904632568,4.099999904632568,4.099999904632568,1369.0
2025-06-26 15:53:00,SCCE,,19.579999923706055,19.579999923706055,19.56999969482422,19.579999923706055,426.0
2025-06-26 15:53:00,SEB,,2922.199951171875,2924.0,2918.080078125,2919.3701171875,40.0
2025-06-26 15:53:00,SENS,,0.5004000067710876,0.5005000233650208,0.49939998984336853,0.49950000643730164,21785.0
2025-06-26 15:53:00,SKYH,,9.600000381469727,9.600000381469727,9.59000015258789,9.59000015258789,1858.0
2025-06-26 15:53:00,SLI,,1.930999994277954,1.940000057220459,1.9300999641418457,1.9354000091552734,6034.0
2025-06-26 15:53:00,SLND,,3.9749999046325684,3.9749999046325684,3.9749999046325684,3.9749999046325684,233.0
2025-06-26 15:53:00,SOAR,,1.3592000007629395,1.3592000007629395,1.3592000007629395,1.3592000007629395,261.0
2025-06-26 15:53:00,STXS,,2.2079999446868896,2.2079999446868896,2.200000047683716,2.200000047683716,329.0
2025-06-26 15:53:00,SVM,,4.21999979019165,4.21999979019165,4.200099945068359,4.204999923706055,39063.0
2025-06-26 15:53:00,TGB,,3.130000114440918,3.140000104904175,3.130000114440918,3.140000104904175,11441.0
2025-06-26 15:53:00,THM,,0.8826000094413757,0.8826000094413757,0.8826000094413757,0.8826000094413757,269.0
2025-06-26 15:53:00,TOON,,0.7325000166893005,0.7325000166893005,0.7325000166893005,0.7325000166893005,202.0
2025-06-26 15:53:00,TRX,,0.3287999927997589,0.32899999618530273,0.3287999927997589,0.32899999618530273,206.0
2025-06-26 15:53:00,UAMY,,2.6449999809265137,2.6500000953674316,2.6449999809265137,2.6449999809265137,3393.0
2025-06-26 15:53:00,UAVS,,1.149999976158142,1.149999976158142,1.1449999809265137,1.149999976158142,3195.0
2025-06-26 15:53:00,UEC,,7.034999847412109,7.045000076293945,7.032199859619141,7.039999961853027,82951.0
2025-06-26 15:53:00,URG,,1.059999942779541,1.059999942779541,1.0549999475479126,1.059000015258789,8509.0
2025-06-26 15:53:00,USAS,,0.8356000185012817,0.8356000185012817,0.8349999785423279,0.8356000185012817,1010.0
2025-06-26 15:53:00,UUUU,,5.889999866485596,5.889999866485596,5.885000228881836,5.885000228881836,15169.0
2025-06-26 15:53:00,VGZ,,1.024999976158142,1.024999976158142,1.024999976158142,1.024999976158142,100.0
2025-06-26 15:53:00,VNRX,,0.8572999835014343,0.8572999835014343,0.8572999835014343,0.8572999835014343,200.0
2025-06-26 15:53:00,VZLA,,2.986799955368042,2.990000009536743,2.9800000190734863,2.984999895095825,19526.0
2025-06-26 15:53:00,WRN,,1.2400000095367432,1.2400000095367432,1.2400000095367432,1.2400000095367432,100.0
2025-06-26 15:53:00,WYY,,3.3399999141693115,3.3399999141693115,3.3399999141693115,3.3399999141693115,207.0
2025-06-26 15:53:00,XPL,,0.6438000202178955,0.6438000202178955,0.6438000202178955,0.6438000202178955,100.0
2025-06-26 15:54:00,AEON,,0.7461000084877014,0.7491999864578247,0.7461000084877014,0.7491999864578247,628.0
2025-06-26 15:54:00,AREN,,6.440000057220459,6.440000057220459,6.409999847412109,6.420000076293945,838.0
2025-06-26 15:54:00,ARMN,,6.804999828338623,6.804999828338623,6.800000190734863,6.804999828338623,2347.0
2025-06-26 15:54:00,ASM,,3.5850000381469727,3.5850000381469727,3.5801000595092773,3.5850000381469727,13252.0
2025-06-26 15:54:00,ATNM,,1.5950000286102295,1.600000023841858,1.5950000286102295,1.5950000286102295,1552.0
2025-06-26 15:54:00,BEEP,,4.195000171661377,4.195000171661377,4.195000171661377,4.195000171661377,344.0
2025-06-26 15:54:00,BKTI,,55.29999923706055,55.64500045776367,55.29999923706055,55.64500045776367,1041.0
2025-06-26 15:54:00,BRBS,,3.325000047683716,3.325000047683716,3.319999933242798,3.319999933242798,1777.0
2025-06-26 15:54:00,BTG,,3.6449999809265137,3.6500000953674316,3.640000104904175,3.6449999809265137,115902.0
2025-06-26 15:54:00,BURU,,0.33709999918937683,0.33709999918937683,0.3370000123977661,0.3370000123977661,510.0
2025-06-26 15:54:00,CANF,,1.0399999618530273,1.0399999618530273,1.0399999618530273,1.0399999618530273,750.0
2025-06-26 15:54:00,CATX,,3.6500000953674316,3.6600000858306885,3.6500000953674316,3.6500000953674316,9568.0
2025-06-26 15:54:00,CBOE,,226.6199951171875,226.74000549316406,226.39999389648438,226.4199981689453,7821.0
2025-06-26 15:54:00,CEV,,9.6850004196167,9.6850004196167,9.6850004196167,9.6850004196167,401.0
2025-06-26 15:54:00,CLM,,7.940000057220459,7.945000171661377,7.940000057220459,7.940000057220459,2064.0
2025-06-26 15:54:00,CMCL,,19.290000915527344,19.290000915527344,19.290000915527344,19.290000915527344,243.0
2025-06-26 15:54:00,CQP,,56.4900016784668,56.5,56.4900016784668,56.5,322.0
2025-06-26 15:54:00,CRF,,7.565000057220459,7.566511154174805,7.559999942779541,7.565000057220459,2986.0
2025-06-26 15:54:00,CTGO,,20.8700008392334,20.920000076293945,20.8700008392334,20.920000076293945,1295.0
2025-06-26 15:54:00,CTM,,1.0549999475479126,1.059999942779541,1.0535000562667847,1.059999942779541,8858.0
2025-06-26 15:54:00,CVM,,2.444999933242798,2.444999933242798,2.444999933242798,2.444999933242798,164.0
2025-06-26 15:54:00,CVU,,3.4700000286102295,3.4700000286102295,3.4700000286102295,3.4700000286102295,311.0
2025-06-26 15:54:00,CYBN,,8.479999542236328,8.520000457763672,8.470000267028809,8.520000457763672,830.0
2025-06-26 15:54:00,DC,,3.8399999141693115,3.8399999141693115,3.8350000381469727,3.8350000381469727,927.0
2025-06-26 15:54:00,DDC,,10.109999656677246,10.109999656677246,10.109999656677246,10.109999656677246,100.0
2025-06-26 15:54:00,DHY,,2.109999895095825,2.109999895095825,2.1050000190734863,2.1050000190734863,3104.0
2025-06-26 15:54:00,DNN,,1.8450000286102295,1.850000023841858,1.8450000286102295,1.850000023841858,146209.0
2025-06-26 15:54:00,EAD,,6.980000019073486,6.980000019073486,6.980000019073486,6.980000019073486,100.0
2025-06-26 15:54:00,ELA,,5.835000038146973,5.840000152587891,5.809999942779541,5.840000152587891,683.0
2025-06-26 15:54:00,EMX,,2.565000057220459,2.565000057220459,2.559999942779541,2.559999942779541,342.0
2025-06-26 15:54:00,EP,,5.574999809265137,5.574999809265137,5.510000228881836,5.510000228881836,1458.0
2025-06-26 15:54:00,EPM,,4.789999961853027,4.789999961853027,4.78000020980835,4.78000020980835,1650.0
2025-06-26 15:54:00,EQX,,5.909999847412109,5.909999847412109,5.90500020980835,5.90500020980835,52077.0
2025-06-26 15:54:00,ERC,,9.420000076293945,9.420000076293945,9.420000076293945,9.420000076293945,100.0
2025-06-26 15:54:00,EVM,,8.845000267028809,8.845000267028809,8.845000267028809,8.845000267028809,300.0
2025-06-26 15:54:00,FOXO,,0.20229999721050262,0.20229999721050262,0.2021999955177307,0.2021999955177307,1073.0
2025-06-26 15:54:00,FSP,,1.7000000476837158,1.7000000476837158,1.6950000524520874,1.6950000524520874,550.0
2025-06-26 15:54:00,FTF,,6.389999866485596,6.394999980926514,6.389999866485596,6.394999980926514,1280.0
2025-06-26 15:54:00,GAU,,1.2899999618530273,1.2899999618530273,1.284999966621399,1.2899999618530273,973.0
2025-06-26 15:54:00,GLV,,5.610000133514404,5.610000133514404,5.610000133514404,5.610000133514404,625.0
2025-06-26 15:54:00,GNS,,1.1197999715805054,1.1200000047683716,1.0800000429153442,1.1100000143051147,59574.0
2025-06-26 15:54:00,GORO,,0.5400000214576721,0.5400000214576721,0.5400000214576721,0.5400000214576721,100.0
2025-06-26 15:54:00,GROY,,2.2799999713897705,2.2799999713897705,2.2750000953674316,2.2750000953674316,1347.0
2025-06-26 15:54:00,GSAT,,23.34000015258789,23.34000015258789,23.31999969482422,23.334999084472656,3606.0
2025-06-26 15:54:00,GTE,,4.980000019073486,4.980000019073486,4.980000019073486,4.980000019073486,1040.0
2025-06-26 15:54:00,HUSA,,12.765000343322754,12.770000457763672,12.765000343322754,12.770000457763672,1293.0
2025-06-26 15:54:00,IBO,,0.9301000237464905,0.9301999807357788,0.9301000237464905,0.9301999807357788,7831.0
2025-06-26 15:54:00,IDR,,13.34000015258789,13.34000015258789,13.324999809265137,13.329999923706055,2693.0
2025-06-26 15:54:00,IE,,9.875,9.90999984741211,9.869999885559082,9.90999984741211,23373.0
2025-06-26 15:54:00,IMO,,81.1500015258789,81.16999816894531,81.1449966430664,81.16000366210938,2138.0
2025-06-26 15:54:00,INDO,,3.0590999126434326,3.0590999126434326,3.0399999618530273,3.049999952316284,3252.0
2025-06-26 15:54:00,INUV,,3.9700000286102295,3.9700000286102295,3.9649999141693115,3.9649999141693115,1627.0
2025-06-26 15:54:00,ITP,,0.1835000067949295,0.1835000067949295,0.1835000067949295,0.1835000067949295,175.0
2025-06-26 15:54:00,ITRG,,1.5199999809265137,1.5299999713897705,1.5199999809265137,1.5254000425338745,1904.0
2025-06-26 15:54:00,KNW,,1.9199999570846558,1.9199999570846558,1.9199999570846558,1.9199999570846558,121.0
2025-06-26 15:54:00,KULR,,5.184999942779541,5.190000057220459,5.170100212097168,5.175000190734863,20191.0
2025-06-26 15:54:00,LCTX,,0.9650499820709229,0.9653000235557556,0.9649999737739563,0.9650999903678894,15305.0
2025-06-26 15:54:00,LEU,,174.72000122070312,174.9149932861328,174.4600067138672,174.75,8163.0
2025-06-26 15:54:00,LMND,,42.86000061035156,42.90869903564453,42.77000045776367,42.77000045776367,11100.0
2025-06-26 15:54:00,LNG,,242.26499938964844,242.39999389648438,242.17999267578125,242.2899932861328,22612.0
2025-06-26 15:54:00,LODE,,3.8350000381469727,3.841099977493286,3.8350000381469727,3.841099977493286,2257.0
2025-06-26 15:54:00,MAG,,21.475000381469727,21.479999542236328,21.469999313354492,21.469999313354492,2874.0
2025-06-26 15:54:00,MITQ,,0.6600000262260437,0.6690000295639038,0.6600000262260437,0.6690000295639038,1534.0
2025-06-26 15:54:00,MPU,,0.9598000049591064,0.9598000049591064,0.9598000049591064,0.9598000049591064,227.0
2025-06-26 15:54:00,MRT,,2.9035000801086426,2.9035000801086426,2.9035000801086426,2.9035000801086426,1094.0
2025-06-26 15:54:00,MTA,,3.9149999618530273,3.9149999618530273,3.9149999618530273,3.9149999618530273,147.0
2025-06-26 15:54:00,MYO,,2.234999895095825,2.234999895095825,2.234999895095825,2.234999895095825,1087.0
2025-06-26 15:54:00,NAK,,1.5549999475479126,1.559999942779541,1.5549999475479126,1.5549999475479126,5670.0
2025-06-26 15:54:00,NBY,,0.5989999771118164,0.5989999771118164,0.5989999771118164,0.5989999771118164,116.0
2025-06-26 15:54:00,NCL,,0.18050000071525574,0.18050000071525574,0.1800999939441681,0.1800999939441681,2801.0
2025-06-26 15:54:00,NEWP,,1.384600043296814,1.384600043296814,1.384600043296814,1.384600043296814,252.0
2025-06-26 15:54:00,NFGC,,1.4850000143051147,1.4850000143051147,1.4850000143051147,1.4850000143051147,2816.0
2025-06-26 15:54:00,NG,,4.159999847412109,4.159999847412109,4.150000095367432,4.150000095367432,8486.0
2025-06-26 15:54:00,NGD,,4.925000190734863,4.929900169372559,4.920000076293945,4.925000190734863,13488.0
2025-06-26 15:54:00,NRO,,3.190000057220459,3.190000057220459,3.182499885559082,3.184999942779541,2488.0
2025-06-26 15:54:00,NRXS,,2.549999952316284,2.549999952316284,2.549999952316284,2.549999952316284,10478.0
2025-06-26 15:54:00,OBE,,5.474999904632568,5.480000019073486,5.46999979019165,5.480000019073486,11764.0
2025-06-26 15:54:00,OPTT,,0.5163000226020813,0.5163000226020813,0.5112000107765198,0.5112000107765198,6705.0
2025-06-26 15:54:00,ORLA,,10.0,10.005000114440918,9.994999885559082,10.005000114440918,9141.0
2025-06-26 15:54:00,OSTX,,1.840000033378601,1.840000033378601,1.840000033378601,1.840000033378601,1619.0
2025-06-26 15:54:00,PHGE,,0.46000000834465027,0.460099995136261,0.46000000834465027,0.460099995136261,1000.0
2025-06-26 15:54:00,PLAG,,0.8712999820709229,0.8712999820709229,0.8662999868392944,0.8712999820709229,37769.0
2025-06-26 15:54:00,PLG,,1.6109000444412231,1.6109000444412231,1.6100000143051147,1.6100000143051147,3593.0
2025-06-26 15:54:00,PLMR,,153.42999267578125,153.6199951171875,153.4199981689453,153.51499938964844,1999.0
2025-06-26 15:54:00,PLX,,1.4800000190734863,1.4850000143051147,1.4800000190734863,1.4800000190734863,1262.0
2025-06-26 15:54:00,RCG,,2.559999942779541,2.569999933242798,2.559999942779541,2.569999933242798,454.0
2025-06-26 15:54:00,REI,,0.775600016117096,0.775600016117096,0.7724999785423279,0.7731999754905701,17864.0
2025-06-26 15:54:00,SATX,,2.950000047683716,2.9549999237060547,2.950000047683716,2.9549999237060547,705.0
2025-06-26 15:54:00,SBEV,,4.135000228881836,4.199900150299072,4.059999942779541,4.090000152587891,5812.0
2025-06-26 15:54:00,SCCE,,19.579999923706055,19.579999923706055,19.579999923706055,19.579999923706055,4377.0
2025-06-26 15:54:00,SEB,,2918.739990234375,2922.159912109375,2918.06005859375,2922.159912109375,5.0
2025-06-26 15:54:00,SENS,,0.5001000165939331,0.5004000067710876,0.49959999322891235,0.5004000067710876,2816.0
2025-06-26 15:54:00,SKYH,,9.600000381469727,9.600000381469727,9.59000015258789,9.59000015258789,427.0
2025-06-26 15:54:00,SLI,,1.9397000074386597,1.9397000074386597,1.9299999475479126,1.934999942779541,2596.0
2025-06-26 15:54:00,SLND,,3.995699882507324,3.995699882507324,3.995699882507324,3.995699882507324,304.0
2025-06-26 15:54:00,SOAR,,1.3550000190734863,1.3550000190734863,1.3550000190734863,1.3550000190734863,200.0
2025-06-26 15:54:00,STRW,,10.694999694824219,10.694999694824219,10.6899995803833,10.6899995803833,325.0
2025-06-26 15:54:00,STXS,,2.200000047683716,2.2049999237060547,2.200000047683716,2.2049999237060547,1149.0
2025-06-26 15:54:00,SVM,,4.210000038146973,4.21999979019165,4.210000038146973,4.215000152587891,3674.0
2025-06-26 15:54:00,TGB,,3.140000104904175,3.140000104904175,3.130000114440918,3.134999990463257,27259.0
2025-06-26 15:54:00,THM,,0.8835999965667725,0.8835999965667725,0.8835999965667725,0.8835999965667725,300.0
2025-06-26 15:54:00,TOON,,0.7301999926567078,0.7301999926567078,0.7245000004768372,0.7245000004768372,400.0
2025-06-26 15:54:00,TPET,,1.190000057220459,1.190000057220459,1.190000057220459,1.190000057220459,2895.0
2025-06-26 15:54:00,TRX,,0.3328999876976013,0.3328999876976013,0.33070001006126404,0.33070001006126404,3283.0
2025-06-26 15:54:00,UAMY,,2.634999990463257,2.6500000953674316,2.634999990463257,2.6449999809265137,30094.0
2025-06-26 15:54:00,UAVS,,1.1399999856948853,1.1434999704360962,1.1399999856948853,1.1402000188827515,3012.0
2025-06-26 15:54:00,UEC,,7.034999847412109,7.039999961853027,7.03000020980835,7.039999961853027,166277.0
2025-06-26 15:54:00,URG,,1.0549999475479126,1.059999942779541,1.0499999523162842,1.059999942779541,26055.0
2025-06-26 15:54:00,USAS,,0.8288999795913696,0.8356000185012817,0.8288999795913696,0.8356000185012817,805.0
2025-06-26 15:54:00,UTG,,35.622501373291016,35.62990188598633,35.622501373291016,35.62990188598633,408.0
2025-06-26 15:54:00,UUUU,,5.889999866485596,5.889999866485596,5.885000228881836,5.885000228881836,54445.0
2025-06-26 15:54:00,VGZ,,1.024999976158142,1.0299999713897705,1.024999976158142,1.0299999713897705,819.0
2025-06-26 15:54:00,VNRX,,0.8572999835014343,0.8572999835014343,0.8572999835014343,0.8572999835014343,900.0
2025-06-26 15:54:00,VTAK,,0.24959999322891235,0.24959999322891235,0.24959999322891235,0.24959999322891235,700.0
2025-06-26 15:54:00,VZLA,,2.984999895095825,2.9888999462127686,2.984999895095825,2.984999895095825,12348.0
2025-06-26 15:54:00,WWR,,0.6000000238418579,0.6000000238418579,0.6000000238418579,0.6000000238418579,378.0
2025-06-26 15:54:00,ZDGE,,3.924999952316284,3.950000047683716,3.924999952316284,3.950000047683716,203.0
2025-06-26 15:55:00,ACU,,40.58250045776367,40.58250045776367,40.58250045776367,40.58250045776367,290.0
2025-06-26 15:55:00,AREN,,6.440000057220459,6.440000057220459,6.410699844360352,6.412700176239014,3148.0
2025-06-26 15:55:00,ARMN,,6.795000076293945,6.804999828338623,6.789999961853027,6.804999828338623,11495.0
2025-06-26 15:55:00,ASM,,3.5850000381469727,3.5855000019073486,3.5799999237060547,3.5801000595092773,7134.0
2025-06-26 15:55:00,ATNM,,1.5950000286102295,1.5950000286102295,1.5950000286102295,1.5950000286102295,966.0
2025-06-26 15:55:00,AZTR,,0.2587999999523163,0.2587999999523163,0.2587999999523163,0.2587999999523163,120.0
2025-06-26 15:55:00,BATL,,1.4800000190734863,1.4800000190734863,1.4800000190734863,1.4800000190734863,509.0
2025-06-26 15:55:00,BEEP,,4.170000076293945,4.190000057220459,4.170000076293945,4.190000057220459,312.0
2025-06-26 15:55:00,BRBS,,3.319999933242798,3.321000099182129,3.319999933242798,3.319999933242798,2704.0
2025-06-26 15:55:00,BTG,,3.648099899291992,3.6500000953674316,3.640000104904175,3.6449999809265137,90978.0
2025-06-26 15:55:00,BURU,,0.3375999927520752,0.3375999927520752,0.33709999918937683,0.33709999918937683,8215.0
2025-06-26 15:55:00,CATX,,3.640000104904175,3.6600000858306885,3.640000104904175,3.6500000953674316,16116.0
2025-06-26 15:55:00,CBOE,,227.0500030517578,227.13999938964844,226.66250610351562,226.66250610351562,7618.0
2025-06-26 15:55:00,CCEL,,5.269999980926514,5.269999980926514,5.269999980926514,5.269999980926514,346.0
2025-06-26 15:55:00,CEF,,30.375,30.375499725341797,30.372499465942383,30.372499465942383,3089.0
2025-06-26 15:55:00,CEV,,9.6850004196167,9.6850004196167,9.6850004196167,9.6850004196167,43995.0
2025-06-26 15:55:00,CLDI,,0.2247990071773529,0.2247990071773529,0.22020000219345093,0.22020000219345093,5365.0
2025-06-26 15:55:00,CLM,,7.940000057220459,7.9446001052856445,7.940000057220459,7.940000057220459,763.0
2025-06-26 15:55:00,CMCL,,19.299999237060547,19.299999237060547,19.299999237060547,19.299999237060547,242.0
2025-06-26 15:55:00,COHN,,9.75,9.75,9.75,9.75,183.0
2025-06-26 15:55:00,CPHI,,1.815000057220459,1.815000057220459,1.815000057220459,1.815000057220459,1198.0
2025-06-26 15:55:00,CQP,,56.48500061035156,56.52000045776367,56.45000076293945,56.45000076293945,2273.0
2025-06-26 15:55:00,CRF,,7.565000057220459,7.570000171661377,7.565000057220459,7.565000057220459,1264.0
2025-06-26 15:55:00,CTM,,1.0549999475479126,1.059999942779541,1.0499999523162842,1.0499999523162842,1517.0
2025-06-26 15:55:00,CVU,,3.4800000190734863,3.4800000190734863,3.4700000286102295,3.4700000286102295,3795.0
2025-06-26 15:55:00,CYBN,,8.520000457763672,8.520000457763672,8.470000267028809,8.479999542236328,1773.0
2025-06-26 15:55:00,DC,,3.8399999141693115,3.8399999141693115,3.8350000381469727,3.8350000381469727,1698.0
2025-06-26 15:55:00,DNN,,1.8463000059127808,1.850000023841858,1.840000033378601,1.8401999473571777,506884.0
2025-06-26 15:55:00,EAD,,6.980000019073486,6.985000133514404,6.974999904632568,6.980000019073486,13971.0
2025-06-26 15:55:00,EIM,,9.574999809265137,9.574999809265137,9.569999694824219,9.569999694824219,282.0
2025-06-26 15:55:00,ELLO,,17.5,17.5,17.5,17.5,0.0
2025-06-26 15:55:00,ELMD,,21.579999923706055,21.65999984741211,21.579999923706055,21.6299991607666,1725.0
2025-06-26 15:55:00,EMX,,2.559999942779541,2.565000057220459,2.559999942779541,2.565000057220459,1102.0
2025-06-26 15:55:00,EP,,5.514999866485596,5.514999866485596,5.514999866485596,5.514999866485596,201.0
2025-06-26 15:55:00,EPM,,4.775000095367432,4.78000020980835,4.769999980926514,4.769999980926514,1850.0
2025-06-26 15:55:00,EQX,,5.909999847412109,5.914999961853027,5.900000095367432,5.900000095367432,191526.0
2025-06-26 15:55:00,ERC,,9.40999984741211,9.40999984741211,9.40999984741211,9.40999984741211,300.0
2025-06-26 15:55:00,ESP,,45.5,45.5,45.5,45.5,148.0
2025-06-26 15:55:00,EVI,,20.489999771118164,20.489999771118164,20.476900100708008,20.489999771118164,753.0
2025-06-26 15:55:00,EVM,,8.845000267028809,8.845000267028809,8.845000267028809,8.845000267028809,200.0
2025-06-26 15:55:00,EVV,,10.1899995803833,10.1899995803833,10.181300163269043,10.1899995803833,1144.0
2025-06-26 15:55:00,FOXO,,0.20113800466060638,0.203698992729187,0.20113800466060638,0.20229999721050262,4851.0
2025-06-26 15:55:00,FSP,,1.6950000524520874,1.6950000524520874,1.6950000524520874,1.6950000524520874,140.0
2025-06-26 15:55:00,FTF,,6.400000095367432,6.400000095367432,6.389999866485596,6.389999866485596,700.0
2025-06-26 15:55:00,GAU,,1.284999966621399,1.2899999618530273,1.284999966621399,1.284999966621399,701.0
2025-06-26 15:55:00,GENC,,14.680000305175781,14.739999771118164,14.680000305175781,14.710000038146973,1331.0
2025-06-26 15:55:00,GGN,,4.389999866485596,4.389999866485596,4.389999866485596,4.389999866485596,1208.0
2025-06-26 15:55:00,GLO,,5.364999771118164,5.369999885559082,5.364999771118164,5.364999771118164,3226.0
2025-06-26 15:55:00,GNS,,1.1150000095367432,1.1200000047683716,1.100000023841858,1.100000023841858,37123.0
2025-06-26 15:55:00,GORO,,0.5424000024795532,0.544700026512146,0.5424000024795532,0.544700026512146,3113.0
2025-06-26 15:55:00,GROY,,2.2750000953674316,2.2799999713897705,2.2699999809265137,2.278899908065796,6525.0
2025-06-26 15:55:00,GSAT,,23.360000610351562,23.3799991607666,23.334999084472656,23.350000381469727,6278.0
2025-06-26 15:55:00,GTE,,4.980000019073486,4.980000019073486,4.96999979019165,4.980000019073486,3928.0
2025-06-26 15:55:00,HUSA,,12.770000457763672,12.770000457763672,12.770000457763672,12.770000457763672,365.0
2025-06-26 15:55:00,IBO,,0.9280999898910522,0.9301999807357788,0.9271000027656555,0.9301499724388123,10043.0
2025-06-26 15:55:00,IDR,,13.34000015258789,13.34000015258789,13.319999694824219,13.34000015258789,2015.0
2025-06-26 15:55:00,IE,,9.885000228881836,9.890000343322754,9.880000114440918,9.880000114440918,5083.0
2025-06-26 15:55:00,IGC,,0.3093000054359436,0.3093000054359436,0.3093000054359436,0.3093000054359436,102.0
2025-06-26 15:55:00,IMO,,81.2300033569336,81.23999786376953,81.16000366210938,81.16000366210938,3618.0
2025-06-26 15:55:00,INDO,,3.0399999618530273,3.0467000007629395,3.0399999618530273,3.0467000007629395,419.0
2025-06-26 15:55:00,INFU,,6.429999828338623,6.429999828338623,6.429999828338623,6.429999828338623,1066.0
2025-06-26 15:55:00,INUV,,3.9600000381469727,3.9700000286102295,3.9600000381469727,3.9700000286102295,825.0
2025-06-26 15:55:00,ITRG,,1.524999976158142,1.524999976158142,1.5199999809265137,1.5247999429702759,3717.0
2025-06-26 15:55:00,JOB,,0.20499999821186066,0.20499999821186066,0.20499999821186066,0.20499999821186066,301.0
2025-06-26 15:55:00,KNW,,1.909999966621399,1.909999966621399,1.909999966621399,1.909999966621399,300.0
2025-06-26 15:55:00,KULR,,5.184999942779541,5.184999942779541,5.180099964141846,5.184999942779541,16246.0
2025-06-26 15:55:00,LCTX,,0.9646499752998352,0.9650999903678894,0.9646000266075134,0.9649999737739563,10735.0
2025-06-26 15:55:00,LEU,,173.72500610351562,174.44000244140625,173.50999450683594,174.42999267578125,12072.0
2025-06-26 15:55:00,LMND,,42.7599983215332,42.814998626708984,42.72999954223633,42.810001373291016,13053.0
2025-06-26 15:55:00,LNG,,242.2949981689453,242.36000061035156,242.1699981689453,242.27000427246094,27097.0
2025-06-26 15:55:00,LODE,,3.809999942779541,3.8299999237060547,3.809999942779541,3.8299999237060547,1040.0
2025-06-26 15:55:00,MAG,,21.479999542236328,21.479999542236328,21.46500015258789,21.475000381469727,7644.0
2025-06-26 15:55:00,MAIA,,1.725100040435791,1.725100040435791,1.725100040435791,1.725100040435791,174.0
2025-06-26 15:55:00,MITQ,,0.6722000241279602,0.6722000241279602,0.6722000241279602,0.6722000241279602,245.0
2025-06-26 15:55:00,MPTI,,41.13999938964844,41.279998779296875,41.13999938964844,41.220001220703125,1003.0
2025-06-26 15:55:00,MPU,,0.9509999752044678,0.9509999752044678,0.9509999752044678,0.9509999752044678,171.0
2025-06-26 15:55:00,MRT,,2.9495999813079834,2.9495999813079834,2.9052999019622803,2.9052999019622803,1312.0
2025-06-26 15:55:00,MTA,,3.9149999618530273,3.9151999950408936,3.9149999618530273,3.9151999950408936,1011.0
2025-06-26 15:55:00,MWG,,0.2500999867916107,0.2500999867916107,0.2500999867916107,0.2500999867916107,0.0
2025-06-26 15:55:00,MXC,,9.420000076293945,9.420000076293945,9.420000076293945,9.420000076293945,0.0
2025-06-26 15:55:00,MYND,,0.9433000087738037,0.9433000087738037,0.9433000087738037,0.9433000087738037,431.0
2025-06-26 15:55:00,MYO,,2.234999895095825,2.240000009536743,2.2300000190734863,2.234999895095825,6432.0
2025-06-26 15:55:00,NAK,,1.5549999475479126,1.5549999475479126,1.5499999523162842,1.5514999628067017,62266.0
2025-06-26 15:55:00,NBH,,9.8149995803833,9.8149995803833,9.8149995803833,9.8149995803833,253.0
2025-06-26 15:55:00,NFGC,,1.4850000143051147,1.4850000143051147,1.4800000190734863,1.4850000143051147,1265.0
2025-06-26 15:55:00,NG,,4.15500020980835,4.159999847412109,4.150000095367432,4.150000095367432,24794.0
2025-06-26 15:55:00,NGD,,4.925000190734863,4.929999828338623,4.920000076293945,4.920000076293945,22422.0
2025-06-26 15:55:00,NHC,,108.56999969482422,109.13999938964844,108.56999969482422,109.13999938964844,1214.0
2025-06-26 15:55:00,NHS,,7.510000228881836,7.519999980926514,7.5,7.5,12315.0
2025-06-26 15:55:00,NNVC,,1.215000033378601,1.215000033378601,1.215000033378601,1.215000033378601,200.0
2025-06-26 15:55:00,NRXS,,2.549999952316284,2.549999952316284,2.549999952316284,2.549999952316284,3009.0
2025-06-26 15:55:00,OBE,,5.480000019073486,5.480000019073486,5.474999904632568,5.474999904632568,630.0
2025-06-26 15:55:00,OGEN,,3.5009000301361084,3.539400100708008,3.5009000301361084,3.539400100708008,1027.0
2025-06-26 15:55:00,OPTT,,0.5174000263214111,0.5174999833106995,0.5149000287055969,0.5149000287055969,1090.0
2025-06-26 15:55:00,ORLA,,10.005000114440918,10.010000228881836,9.994999885559082,10.0,7925.0
2025-06-26 15:55:00,OSTX,,1.813099980354309,1.813099980354309,1.813099980354309,1.813099980354309,500.0
2025-06-26 15:55:00,PED,,0.6546000242233276,0.6546000242233276,0.6504999995231628,0.6504999995231628,29666.0
2025-06-26 15:55:00,PHGE,,0.45170000195503235,0.46000000834465027,0.45170000195503235,0.46000000834465027,2426.0
2025-06-26 15:55:00,PLG,,1.6150000095367432,1.6200000047683716,1.6150000095367432,1.6196999549865723,3383.0
2025-06-26 15:55:00,PLMR,,153.75999450683594,153.75999450683594,153.5,153.50999450683594,4069.0
2025-06-26 15:55:00,PLX,,1.472499966621399,1.4850000143051147,1.472499966621399,1.4800000190734863,9054.0
2025-06-26 15:55:00,PRK,,167.69000244140625,167.69000244140625,167.6300048828125,167.6300048828125,1335.0
2025-06-26 15:55:00,PZG,,0.6172000169754028,0.6172000169754028,0.6172000169754028,0.6172000169754028,575.0
2025-06-26 15:55:00,REI,,0.777999997138977,0.777999997138977,0.7757989764213562,0.7769989967346191,5504.0
2025-06-26 15:55:00,REPX,,26.75,26.75,26.670000076293945,26.700000762939453,1445.0
2025-06-26 15:55:00,RLGT,,6.070000171661377,6.070000171661377,6.070000171661377,6.070000171661377,511.0
2025-06-26 15:55:00,RVP,,0.6624000072479248,0.6625000238418579,0.6624000072479248,0.6625000238418579,877.0
2025-06-26 15:55:00,SATX,,2.950000047683716,2.9549999237060547,2.950000047683716,2.9549999237060547,1312.0
2025-06-26 15:55:00,SBEV,,4.050000190734863,4.139999866485596,3.930000066757202,4.139999866485596,6116.0
2025-06-26 15:55:00,SEB,,2922.929931640625,2930.764892578125,2918.06005859375,2918.830078125,17.0
2025-06-26 15:55:00,SENS,,0.5001000165939331,0.5004000067710876,0.5,0.5001000165939331,19160.0
2025-06-26 15:55:00,SGN,,1.1449999809265137,1.1449999809265137,1.1449999809265137,1.1449999809265137,650.0
2025-06-26 15:55:00,SKYH,,9.600000381469727,9.609999656677246,9.600000381469727,9.609999656677246,580.0
2025-06-26 15:55:00,SLI,,1.934999942779541,1.9399000406265259,1.9299999475479126,1.934999942779541,6300.0
2025-06-26 15:55:00,SOAR,,1.350000023841858,1.3589999675750732,1.3350000381469727,1.350000023841858,9633.0
2025-06-26 15:55:00,STRW,,10.6899995803833,10.6899995803833,10.6899995803833,10.6899995803833,100.0
2025-06-26 15:55:00,STXS,,2.2100000381469727,2.2100000381469727,2.2049999237060547,2.2049999237060547,1449.0
2025-06-26 15:55:00,SVM,,4.210000038146973,4.215000152587891,4.199999809265137,4.215000152587891,16236.0
2025-06-26 15:55:00,TGB,,3.140000104904175,3.140000104904175,3.134999990463257,3.140000104904175,15670.0
2025-06-26 15:55:00,THM,,0.8833000063896179,0.8833000063896179,0.8833000063896179,0.8833000063896179,603.0
2025-06-26 15:55:00,TOON,,0.7355999946594238,0.7355999946594238,0.7301999926567078,0.7301999926567078,800.0
2025-06-26 15:55:00,TOVX,,0.4277999997138977,0.43459999561309814,0.4277999997138977,0.43320000171661377,1543.0
2025-06-26 15:55:00,TPET,,1.190000057220459,1.190000057220459,1.190000057220459,1.190000057220459,1053.0
2025-06-26 15:55:00,TRX,,0.3328999876976013,0.3328999876976013,0.33070001006126404,0.33070001006126404,3300.0
2025-06-26 15:55:00,UAMY,,2.625,2.640000104904175,2.619999885559082,2.634999990463257,23860.0
2025-06-26 15:55:00,UAVS,,1.1349999904632568,1.1349999904632568,1.1349999904632568,1.1349999904632568,1763.0
2025-06-26 15:55:00,UEC,,7.039999961853027,7.039999961853027,7.03000020980835,7.034999847412109,35161.0
2025-06-26 15:55:00,URG,,1.0549999475479126,1.059999942779541,1.0549999475479126,1.059999942779541,17290.0
2025-06-26 15:55:00,USAS,,0.8356000185012817,0.8359000086784363,0.8285999894142151,0.8356000185012817,10791.0
2025-06-26 15:55:00,UTG,,35.510101318359375,35.510101318359375,35.510101318359375,35.510101318359375,245.0
2025-06-26 15:55:00,UUU,,3.0,3.0,3.0,3.0,0.0
2025-06-26 15:55:00,UUUU,,5.894999980926514,5.900000095367432,5.885000228881836,5.889999866485596,96690.0
2025-06-26 15:55:00,VNRX,,0.8572999835014343,0.8572999835014343,0.8572999835014343,0.8572999835014343,416.0
2025-06-26 15:55:00,VTAK,,0.24959999322891235,0.25,0.24959999322891235,0.2498999983072281,10254.0
2025-06-26 15:55:00,VZLA,,2.984999895095825,2.9865000247955322,2.9800000190734863,2.984999895095825,15090.0
2025-06-26 15:55:00,WRN,,1.2350000143051147,1.2350000143051147,1.2300000190734863,1.2300000190734863,502.0
2025-06-26 15:55:00,XPL,,0.661300003528595,0.661300003528595,0.6438000202178955,0.6438000202178955,10112.0
2025-06-26 15:55:00,ZDGE,,3.930000066757202,3.950000047683716,3.9000000953674316,3.944999933242798,1484.0
2025-06-26 15:56:00,AEON,,0.7466999888420105,0.7491999864578247,0.7466999888420105,0.7491999864578247,522.0
2025-06-26 15:56:00,AIRI,,3.3949999809265137,3.3949999809265137,3.3949999809265137,3.3949999809265137,1147.0
2025-06-26 15:56:00,AREN,,6.46999979019165,6.46999979019165,6.425000190734863,6.440000057220459,5384.0
2025-06-26 15:56:00,ARMN,,6.795000076293945,6.800000190734863,6.795000076293945,6.795000076293945,8260.0
2025-06-26 15:56:00,ASM,,3.5799999237060547,3.5850000381469727,3.5799999237060547,3.5799999237060547,6694.0
2025-06-26 15:56:00,ATNM,,1.5950000286102295,1.600000023841858,1.5950000286102295,1.5950000286102295,4756.0
2025-06-26 15:56:00,BEEP,,4.190000057220459,4.207200050354004,4.170000076293945,4.170000076293945,2198.0
2025-06-26 15:56:00,BRBS,,3.319999933242798,3.319999933242798,3.319999933242798,3.319999933242798,3563.0
2025-06-26 15:56:00,BTG,,3.6449999809265137,3.6500000953674316,3.640000104904175,3.6449999809265137,231044.0
2025-06-26 15:56:00,BURU,,0.3345000147819519,0.3375999927520752,0.3345000147819519,0.33709999918937683,18238.0
2025-06-26 15:56:00,CATX,,3.640000104904175,3.6500000953674316,3.630000114440918,3.630000114440918,8513.0
2025-06-26 15:56:00,CBOE,,227.02999877929688,227.08999633789062,226.8300018310547,226.9600067138672,14305.0
2025-06-26 15:56:00,CEF,,30.385000228881836,30.385000228881836,30.375,30.375,20541.0
2025-06-26 15:56:00,CIK,,2.934999942779541,2.934999942779541,2.934999942779541,2.934999942779541,1186.0
2025-06-26 15:56:00,CLM,,7.940000057220459,7.945400238037109,7.940000057220459,7.945000171661377,3049.0
2025-06-26 15:56:00,CMCL,,19.229999542236328,19.299999237060547,19.229999542236328,19.299999237060547,675.0
2025-06-26 15:56:00,CPHI,,1.7799999713897705,1.7899999618530273,1.7799999713897705,1.7899999618530273,1347.0
2025-06-26 15:56:00,CQP,,56.599998474121094,56.599998474121094,56.5,56.5099983215332,2996.0
2025-06-26 15:56:00,CRF,,7.570000171661377,7.570000171661377,7.565000057220459,7.565000057220459,459.0
2025-06-26 15:56:00,CTM,,1.0549999475479126,1.059999942779541,1.0549999475479126,1.059999942779541,3940.0
2025-06-26 15:56:00,CVU,,3.4830000400543213,3.5,3.4800000190734863,3.4800000190734863,1362.0
2025-06-26 15:56:00,CYBN,,8.470000267028809,8.5,8.460000038146973,8.479999542236328,2382.0
2025-06-26 15:56:00,DC,,3.8399999141693115,3.8399999141693115,3.8350000381469727,3.8350000381469727,1148.0
2025-06-26 15:56:00,DHY,,2.109999895095825,2.109999895095825,2.0999999046325684,2.1050000190734863,3503.0
2025-06-26 15:56:00,DNN,,1.840000033378601,1.850000023841858,1.840000033378601,1.840000033378601,520712.0
2025-06-26 15:56:00,EAD,,6.985000133514404,6.985000133514404,6.985000133514404,6.985000133514404,300.0
2025-06-26 15:56:00,ELMD,,21.65999984741211,21.65999984741211,21.649999618530273,21.649999618530273,759.0
2025-06-26 15:56:00,EMX,,2.559999942779541,2.569999933242798,2.559999942779541,2.559999942779541,1607.0
2025-06-26 15:56:00,EP,,5.514999866485596,5.514999866485596,5.514999866485596,5.514999866485596,184.0
2025-06-26 15:56:00,EPM,,4.78000020980835,4.78000020980835,4.78000020980835,4.78000020980835,444.0
2025-06-26 15:56:00,EQX,,5.909999847412109,5.909999847412109,5.900000095367432,5.900000095367432,47736.0
2025-06-26 15:56:00,ERC,,9.40999984741211,9.40999984741211,9.40999984741211,9.40999984741211,200.0
2025-06-26 15:56:00,ERH,,11.359999656677246,11.359999656677246,11.359999656677246,11.359999656677246,121.0
2025-06-26 15:56:00,FRD,,16.40999984741211,16.40999984741211,16.40999984741211,16.40999984741211,133.0
2025-06-26 15:56:00,FSP,,1.6950000524520874,1.7000000476837158,1.6950000524520874,1.7000000476837158,5574.0
2025-06-26 15:56:00,FURY,,0.4803999960422516,0.4803999960422516,0.4803999960422516,0.4803999960422516,100.0
2025-06-26 15:56:00,GAU,,1.284999966621399,1.2867000102996826,1.284999966621399,1.284999966621399,9815.0
2025-06-26 15:56:00,GLDG,,0.7433000206947327,0.7448999881744385,0.7433000206947327,0.7448999881744385,695.0
2025-06-26 15:56:00,GLU,,17.030000686645508,17.030000686645508,17.020000457763672,17.030000686645508,1105.0
2025-06-26 15:56:00,GLV,,5.619999885559082,5.619999885559082,5.614999771118164,5.614999771118164,300.0
2025-06-26 15:56:00,GNS,,1.1100000143051147,1.1399999856948853,1.1100000143051147,1.1150000095367432,82033.0
2025-06-26 15:56:00,GORO,,0.535099983215332,0.5447999835014343,0.535099983215332,0.5424000024795532,2926.0
2025-06-26 15:56:00,GROY,,2.2799999713897705,2.2799999713897705,2.2699999809265137,2.2699999809265137,1943.0
2025-06-26 15:56:00,GSAT,,23.395000457763672,23.399999618530273,23.360000610351562,23.3700008392334,4803.0
2025-06-26 15:56:00,GTE,,4.980000019073486,4.985000133514404,4.980000019073486,4.980000019073486,2327.0
2025-06-26 15:56:00,IBO,,0.9270009994506836,0.9270009994506836,0.9270009994506836,0.9270009994506836,1132.0
2025-06-26 15:56:00,IDR,,13.350000381469727,13.350000381469727,13.3100004196167,13.34000015258789,760.0
2025-06-26 15:56:00,IE,,9.899999618530273,9.899999618530273,9.880000114440918,9.885000228881836,15973.0
2025-06-26 15:56:00,IGC,,0.30799999833106995,0.30799999833106995,0.30799999833106995,0.30799999833106995,2222.0
2025-06-26 15:56:00,IMO,,81.23999786376953,81.2699966430664,81.20999908447266,81.20999908447266,2190.0
2025-06-26 15:56:00,INDO,,3.050100088119507,3.069999933242798,3.049999952316284,3.069999933242798,4101.0
2025-06-26 15:56:00,INUV,,3.9993999004364014,3.9993999004364014,3.996500015258789,3.996500015258789,3517.0
2025-06-26 15:56:00,ITRG,,1.5199999809265137,1.5299999713897705,1.5199999809265137,1.5199999809265137,10190.0
2025-06-26 15:56:00,KNW,,1.9049999713897705,1.909999966621399,1.9046000242233276,1.9046000242233276,618.0
2025-06-26 15:56:00,KULR,,5.184999942779541,5.188799858093262,5.179999828338623,5.184999942779541,17402.0
2025-06-26 15:56:00,LCTX,,0.9602000117301941,0.9646000266075134,0.960099995136261,0.9646000266075134,102939.0
2025-06-26 15:56:00,LEU,,173.67999267578125,173.9499969482422,173.5,173.72500610351562,7746.0
2025-06-26 15:56:00,LMND,,42.790000915527344,42.79999923706055,42.75,42.7599983215332,22383.0
2025-06-26 15:56:00,LNG,,242.0800018310547,242.32000732421875,242.0800018310547,242.3000030517578,22764.0
2025-06-26 15:56:00,LODE,,3.8299999237060547,3.8299999237060547,3.819999933242798,3.819999933242798,1466.0
2025-06-26 15:56:00,MAG,,21.479999542236328,21.479999542236328,21.475000381469727,21.475000381469727,4404.0
2025-06-26 15:56:00,MPTI,,41.097999572753906,41.266300201416016,41.097999572753906,41.266300201416016,758.0
2025-06-26 15:56:00,MTA,,3.9149999618530273,3.9149999618530273,3.9100000858306885,3.9149999618530273,1985.0
2025-06-26 15:56:00,MTNB,,0.925000011920929,0.925000011920929,0.925000011920929,0.925000011920929,303.0
2025-06-26 15:56:00,MYO,,2.2300000190734863,2.234999895095825,2.2300000190734863,2.2300000190734863,6804.0
2025-06-26 15:56:00,NAK,,1.5549999475479126,1.559999942779541,1.5499999523162842,1.5499999523162842,19007.0
2025-06-26 15:56:00,NBH,,9.8100004196167,9.8100004196167,9.8100004196167,9.8100004196167,1918.0
2025-06-26 15:56:00,NCL,,0.17910000681877136,0.179299995303154,0.17910000681877136,0.179299995303154,2600.0
2025-06-26 15:56:00,NFGC,,1.4850000143051147,1.4850000143051147,1.4800000190734863,1.4800000190734863,534.0
2025-06-26 15:56:00,NG,,4.159999847412109,4.159999847412109,4.154799938201904,4.15500020980835,51020.0
2025-06-26 15:56:00,NGD,,4.925000190734863,4.929999828338623,4.920000076293945,4.920000076293945,24510.0
2025-06-26 15:56:00,NHC,,109.13999938964844,109.13999938964844,109.13999938964844,109.13999938964844,296.0
2025-06-26 15:56:00,NML,,8.84000015258789,8.84000015258789,8.84000015258789,8.84000015258789,361.0
2025-06-26 15:56:00,NNVC,,1.215000033378601,1.215000033378601,1.215000033378601,1.215000033378601,221.0
2025-06-26 15:56:00,OBE,,5.480000019073486,5.485000133514404,5.474999904632568,5.480000019073486,8001.0
2025-06-26 15:56:00,OGEN,,3.450000047683716,3.450000047683716,3.450000047683716,3.450000047683716,102.0
2025-06-26 15:56:00,OPTT,,0.5145000219345093,0.5148000121116638,0.5145000219345093,0.5148000121116638,210.0
2025-06-26 15:56:00,ORLA,,10.020000457763672,10.020000457763672,10.005000114440918,10.010000228881836,6832.0
2025-06-26 15:56:00,OSTX,,1.8009999990463257,1.8049999475479126,1.7999999523162842,1.8049999475479126,10105.0
2025-06-26 15:56:00,PHGE,,0.45100000500679016,0.4528760015964508,0.45100000500679016,0.4514999985694885,888.0
2025-06-26 15:56:00,PLG,,1.6150000095367432,1.6150000095367432,1.6150000095367432,1.6150000095367432,3152.0
2025-06-26 15:56:00,PLMR,,153.64500427246094,153.7899932861328,153.61500549316406,153.7899932861328,5195.0
2025-06-26 15:56:00,PLX,,1.4800000190734863,1.4800000190734863,1.475000023841858,1.475000023841858,3482.0
2025-06-26 15:56:00,PZG,,0.6172000169754028,0.6172000169754028,0.6172000169754028,0.6172000169754028,100.0
2025-06-26 15:56:00,REI,,0.7791000008583069,0.7796000242233276,0.7778000235557556,0.7778499722480774,24942.0
2025-06-26 15:56:00,REPX,,26.75,26.75,26.75,26.75,786.0
2025-06-26 15:56:00,RLGT,,6.065000057220459,6.070000171661377,6.059999942779541,6.070000171661377,1238.0
2025-06-26 15:56:00,SACH,,1.0950000286102295,1.0950000286102295,1.090000033378601,1.090000033378601,1474.0
2025-06-26 15:56:00,SATX,,2.950000047683716,2.950000047683716,2.950000047683716,2.950000047683716,558.0
2025-06-26 15:56:00,SBEV,,4.050000190734863,4.059899806976318,4.019999980926514,4.019999980926514,1346.0
2025-06-26 15:56:00,SEB,,2918.89990234375,2930.764892578125,2918.06005859375,2919.10009765625,10.0
2025-06-26 15:56:00,SENS,,0.5001000165939331,0.5001000165939331,0.5,0.5001000165939331,12874.0
2025-06-26 15:56:00,SING,,0.006500000134110451,0.0066999997943639755,0.006500000134110451,0.0066999997943639755,410039.0
2025-06-26 15:56:00,SKYH,,9.609999656677246,9.609999656677246,9.609999656677246,9.609999656677246,1641.0
2025-06-26 15:56:00,SLI,,1.934999942779541,1.940000057220459,1.934999942779541,1.934999942779541,2880.0
2025-06-26 15:56:00,SOAR,,1.3432999849319458,1.350000023841858,1.3350000381469727,1.350000023841858,2649.0
2025-06-26 15:56:00,SSY,,0.8752999901771545,0.8752999901771545,0.8752999901771545,0.8752999901771545,1355.0
2025-06-26 15:56:00,STRW,,10.670000076293945,10.670000076293945,10.670000076293945,10.670000076293945,128.0
2025-06-26 15:56:00,STXS,,2.2149999141693115,2.2149999141693115,2.2100000381469727,2.2100000381469727,4004.0
2025-06-26 15:56:00,SVM,,4.210000038146973,4.210000038146973,4.204999923706055,4.204999923706055,19291.0
2025-06-26 15:56:00,TGB,,3.1500000953674316,3.1500000953674316,3.134999990463257,3.140000104904175,356797.0
2025-06-26 15:56:00,TMP,,63.52000045776367,63.560001373291016,63.52000045776367,63.560001373291016,3125.0
2025-06-26 15:56:00,TMQ,,1.465000033378601,1.465000033378601,1.4600000381469727,1.465000033378601,2117.0
2025-06-26 15:56:00,TPET,,1.190000057220459,1.190000057220459,1.190000057220459,1.190000057220459,202.0
2025-06-26 15:56:00,TRX,,0.33000001311302185,0.33000001311302185,0.328900009393692,0.328900009393692,3008.0
2025-06-26 15:56:00,UAMY,,2.625,2.625,2.619999885559082,2.625,4615.0
2025-06-26 15:56:00,UAVS,,1.1308000087738037,1.1399999856948853,1.1308000087738037,1.1349999904632568,27070.0
2025-06-26 15:56:00,UEC,,7.034999847412109,7.039999961853027,7.03000020980835,7.039999961853027,78905.0
2025-06-26 15:56:00,URG,,1.0549999475479126,1.059999942779541,1.0499999523162842,1.0549999475479126,22783.0
2025-06-26 15:56:00,USAS,,0.8349000215530396,0.8349999785423279,0.8348000049591064,0.8349999785423279,722.0
2025-06-26 15:56:00,UUUU,,5.900000095367432,5.900000095367432,5.889999866485596,5.900000095367432,55764.0
2025-06-26 15:56:00,VNRX,,0.8526999950408936,0.8526999950408936,0.8526999950408936,0.8526999950408936,350.0
2025-06-26 15:56:00,VTAK,,0.24959999322891235,0.2498999983072281,0.24959999322891235,0.2498999983072281,7560.0
2025-06-26 15:56:00,VZLA,,2.984999895095825,2.984999895095825,2.984999895095825,2.984999895095825,10060.0
2025-06-26 15:56:00,WRN,,1.2350000143051147,1.2350000143051147,1.2350000143051147,1.2350000143051147,504.0
2025-06-26 15:56:00,ZDGE,,3.940000057220459,3.950000047683716,3.9061999320983887,3.9061999320983887,1326.0
2025-06-26 15:57:00,ACU,,40.939998626708984,40.970001220703125,40.939998626708984,40.970001220703125,764.0
2025-06-26 15:57:00,AMBI,,4.849999904632568,4.849999904632568,4.724999904632568,4.800000190734863,5861.0
2025-06-26 15:57:00,AREN,,6.480000019073486,6.480000019073486,6.46999979019165,6.46999979019165,1657.0
2025-06-26 15:57:00,ARMN,,6.800000190734863,6.800000190734863,6.79010009765625,6.795000076293945,9737.0
2025-06-26 15:57:00,ASM,,3.5899999141693115,3.5899999141693115,3.5799999237060547,3.5850000381469727,38226.0
2025-06-26 15:57:00,ATNM,,1.6050000190734863,1.6050000190734863,1.5950000286102295,1.5950000286102295,2976.0
2025-06-26 15:57:00,AUST,,1.2999999523162842,1.2999999523162842,1.2999999523162842,1.2999999523162842,0.0
2025-06-26 15:57:00,AZTR,,0.25999999046325684,0.25999999046325684,0.25999999046325684,0.25999999046325684,100.0
2025-06-26 15:57:00,BATL,,1.4800000190734863,1.4800000190734863,1.4800000190734863,1.4800000190734863,795.0
2025-06-26 15:57:00,BHB,,30.020000457763672,30.020000457763672,30.020000457763672,30.020000457763672,623.0
2025-06-26 15:57:00,BKTI,,55.93000030517578,55.93000030517578,55.65999984741211,55.65999984741211,1093.0
2025-06-26 15:57:00,BRBS,,3.319999933242798,3.319999933242798,3.319999933242798,3.319999933242798,4067.0
2025-06-26 15:57:00,BTG,,3.6500000953674316,3.6500000953674316,3.641900062561035,3.6449999809265137,58751.0
2025-06-26 15:57:00,BURU,,0.3345000147819519,0.3374989926815033,0.3345000147819519,0.3345000147819519,1431.0
2025-06-26 15:57:00,CATX,,3.634999990463257,3.6477999687194824,3.630000114440918,3.630000114440918,14716.0
2025-06-26 15:57:00,CBOE,,227.39999389648438,227.40499877929688,227.04649353027344,227.04649353027344,7592.0
2025-06-26 15:57:00,CEF,,30.389999389648438,30.389999389648438,30.385000228881836,30.385000228881836,67621.0
2025-06-26 15:57:00,CET,,47.53499984741211,47.53499984741211,47.53499984741211,47.53499984741211,253.0
2025-06-26 15:57:00,CLDI,,0.22529999911785126,0.22920000553131104,0.22450000047683716,0.22450000047683716,2400.0
2025-06-26 15:57:00,CLM,,7.940000057220459,7.949999809265137,7.940000057220459,7.949999809265137,2662.0
2025-06-26 15:57:00,CMT,,17.139999389648438,17.139999389648438,17.079999923706055,17.079999923706055,1582.0
2025-06-26 15:57:00,COHN,,9.760000228881836,9.760000228881836,9.760000228881836,9.760000228881836,4808.0
2025-06-26 15:57:00,CPHI,,1.7727999687194824,1.7727999687194824,1.7727999687194824,1.7727999687194824,2152.0
2025-06-26 15:57:00,CQP,,56.53150177001953,56.60499954223633,56.529998779296875,56.56999969482422,1387.0
2025-06-26 15:57:00,CRF,,7.565000057220459,7.565000057220459,7.564300060272217,7.564300060272217,824.0
2025-06-26 15:57:00,CTGO,,20.899999618530273,20.899999618530273,20.815000534057617,20.815000534057617,674.0
2025-06-26 15:57:00,CTM,,1.059999942779541,1.059999942779541,1.0549999475479126,1.0549999475479126,3700.0
2025-06-26 15:57:00,CVR,,12.399999618530273,12.399999618530273,12.399999618530273,12.399999618530273,0.0
2025-06-26 15:57:00,CVU,,3.490000009536743,3.490000009536743,3.490000009536743,3.490000009536743,632.0
2025-06-26 15:57:00,CYBN,,8.470000267028809,8.486000061035156,8.460000038146973,8.484999656677246,836.0
2025-06-26 15:57:00,DC,,3.8399999141693115,3.8450000286102295,3.8399999141693115,3.8399999141693115,8132.0
2025-06-26 15:57:00,DHY,,2.109999895095825,2.109999895095825,2.1050000190734863,2.1054000854492188,2852.0
2025-06-26 15:57:00,DNN,,1.850000023841858,1.850000023841858,1.840000033378601,1.850000023841858,669497.0
2025-06-26 15:57:00,EAD,,6.989999771118164,6.989999771118164,6.980000019073486,6.989999771118164,1341.0
2025-06-26 15:57:00,ELA,,5.860000133514404,5.86929988861084,5.809999942779541,5.840000152587891,1437.0
2025-06-26 15:57:00,ELMD,,21.579999923706055,21.579999923706055,21.579999923706055,21.579999923706055,526.0
2025-06-26 15:57:00,EMX,,2.559999942779541,2.565000057220459,2.559999942779541,2.565000057220459,477.0
2025-06-26 15:57:00,EP,,5.519999980926514,5.519999980926514,5.510000228881836,5.510000228881836,315.0
2025-06-26 15:57:00,EPM,,4.795000076293945,4.795000076293945,4.78000020980835,4.78000020980835,1807.0
2025-06-26 15:57:00,EQX,,5.909999847412109,5.909999847412109,5.900000095367432,5.900000095367432,84255.0
2025-06-26 15:57:00,ERC,,9.40999984741211,9.40999984741211,9.40999984741211,9.40999984741211,200.0
2025-06-26 15:57:00,ESP,,45.20000076293945,45.20000076293945,45.20000076293945,45.20000076293945,217.0
2025-06-26 15:57:00,EVI,,20.579999923706055,20.579999923706055,20.489999771118164,20.5,1240.0
2025-06-26 15:57:00,EVM,,8.845000267028809,8.845000267028809,8.845000267028809,8.845000267028809,100.0
2025-06-26 15:57:00,EVV,,10.199999809265137,10.199999809265137,10.199999809265137,10.199999809265137,104.0
2025-06-26 15:57:00,FRD,,16.395000457763672,16.420000076293945,16.395000457763672,16.420000076293945,466.0
2025-06-26 15:57:00,FSP,,1.6950000524520874,1.7000000476837158,1.6950000524520874,1.6950000524520874,1540.0
2025-06-26 15:57:00,FTF,,6.389999866485596,6.389999866485596,6.389999866485596,6.389999866485596,633.0
2025-06-26 15:57:00,GAU,,1.284999966621399,1.284999966621399,1.284999966621399,1.284999966621399,861.0
2025-06-26 15:57:00,GGN,,4.389999866485596,4.389999866485596,4.389999866485596,4.389999866485596,110.0
2025-06-26 15:57:00,GLO,,5.364999771118164,5.364999771118164,5.364999771118164,5.364999771118164,709.0
2025-06-26 15:57:00,GLQ,,6.970799922943115,6.970799922943115,6.970799922943115,6.970799922943115,237.0
2025-06-26 15:57:00,GNS,,1.1098999977111816,1.1299999952316284,1.100100040435791,1.1299999952316284,86486.0
2025-06-26 15:57:00,GORO,,0.5351999998092651,0.5351999998092651,0.5351999998092651,0.5351999998092651,426.0
2025-06-26 15:57:00,GROY,,2.2799999713897705,2.2799999713897705,2.2699999809265137,2.2750000953674316,7386.0
2025-06-26 15:57:00,GSAT,,23.3700008392334,23.399999618530273,23.360000610351562,23.399999618530273,6323.0
2025-06-26 15:57:00,GTE,,4.980000019073486,4.980000019073486,4.980000019073486,4.980000019073486,1070.0
2025-06-26 15:57:00,HUSA,,12.84000015258789,12.84000015258789,12.79640007019043,12.800000190734863,863.0
2025-06-26 15:57:00,IBO,,0.9269999861717224,0.927049994468689,0.9269999861717224,0.927049994468689,453.0
2025-06-26 15:57:00,IDR,,13.329999923706055,13.380000114440918,13.329999923706055,13.350000381469727,2322.0
2025-06-26 15:57:00,IE,,9.869999885559082,9.90999984741211,9.854999542236328,9.899999618530273,35582.0
2025-06-26 15:57:00,IGC,,0.3089990019798279,0.3089990019798279,0.3089990019798279,0.3089990019798279,1002.0
2025-06-26 15:57:00,IMO,,81.33000183105469,81.33999633789062,81.2699966430664,81.2699966430664,4254.0
2025-06-26 15:57:00,INDO,,3.055000066757202,3.059999942779541,3.0536000728607178,3.055000066757202,7674.0
2025-06-26 15:57:00,INFU,,6.420000076293945,6.429999828338623,6.420000076293945,6.429999828338623,2584.0
2025-06-26 15:57:00,INUV,,4.03000020980835,4.03000020980835,4.0,4.0,3419.0
2025-06-26 15:57:00,ITP,,0.18449999392032623,0.18449999392032623,0.18449999392032623,0.18449999392032623,2200.0
2025-06-26 15:57:00,ITRG,,1.5199999809265137,1.524999976158142,1.5199999809265137,1.5199999809265137,9727.0
2025-06-26 15:57:00,JOB,,0.20499999821186066,0.20499999821186066,0.20499999821186066,0.20499999821186066,500.0
2025-06-26 15:57:00,KNW,,1.9049999713897705,1.9049999713897705,1.903499960899353,1.903499960899353,1911.0
2025-06-26 15:57:00,KULR,,5.184599876403809,5.190000057220459,5.179999828338623,5.184999942779541,32452.0
2025-06-26 15:57:00,LCTX,,0.9622499942779541,0.9635000228881836,0.960099995136261,0.9602000117301941,70193.0
2025-06-26 15:57:00,LEU,,173.74000549316406,173.74000549316406,173.42999267578125,173.67999267578125,10170.0
2025-06-26 15:57:00,LMND,,42.779998779296875,42.84000015258789,42.7599983215332,42.79999923706055,13827.0
2025-06-26 15:57:00,LNG,,241.97999572753906,242.11000061035156,241.83999633789062,242.11000061035156,45108.0
2025-06-26 15:57:00,LODE,,3.819999933242798,3.8499999046325684,3.819999933242798,3.8499999046325684,1195.0
2025-06-26 15:57:00,MAG,,21.5,21.5,21.479999542236328,21.479999542236328,7880.0
2025-06-26 15:57:00,MRT,,2.950000047683716,2.950000047683716,2.950000047683716,2.950000047683716,185.0
2025-06-26 15:57:00,MTA,,3.9149999618530273,3.9200000762939453,3.9149999618530273,3.9149999618530273,3191.0
2025-06-26 15:57:00,MTNB,,0.9211999773979187,0.925599992275238,0.9211999773979187,0.9212999939918518,1130.0
2025-06-26 15:57:00,MYO,,2.234999895095825,2.234999895095825,2.2300000190734863,2.2300000190734863,4474.0
2025-06-26 15:57:00,NAK,,1.5549999475479126,1.559999942779541,1.5499999523162842,1.5549999475479126,51106.0
2025-06-26 15:57:00,NBH,,9.800100326538086,9.800100326538086,9.800100326538086,9.800100326538086,1400.0
2025-06-26 15:57:00,NBY,,0.5906000137329102,0.6000000238418579,0.5906000137329102,0.5999000072479248,3699.0
2025-06-26 15:57:00,NCL,,0.1800999939441681,0.18060000240802765,0.1800999939441681,0.18060000240802765,1400.0
2025-06-26 15:57:00,NEWP,,1.3899999856948853,1.3899999856948853,1.3849999904632568,1.3849999904632568,2623.0
2025-06-26 15:57:00,NFGC,,1.4850000143051147,1.4850000143051147,1.4850000143051147,1.4850000143051147,1045.0
2025-06-26 15:57:00,NG,,4.159999847412109,4.159999847412109,4.15500020980835,4.159999847412109,30840.0
2025-06-26 15:57:00,NGD,,4.929999828338623,4.929999828338623,4.920000076293945,4.920000076293945,16712.0
2025-06-26 15:57:00,NHC,,108.93000030517578,108.93000030517578,108.93000030517578,108.93000030517578,690.0
2025-06-26 15:57:00,NML,,8.859999656677246,8.859999656677246,8.84000015258789,8.84000015258789,1471.0
2025-06-26 15:57:00,NNVC,,1.2299000024795532,1.2299000024795532,1.2299000024795532,1.2299000024795532,2684.0
2025-06-26 15:57:00,NRXS,,2.5399999618530273,2.5450000762939453,2.5399999618530273,2.5450000762939453,430.0
2025-06-26 15:57:00,NTIP,,1.225000023841858,1.225000023841858,1.225000023841858,1.225000023841858,362.0
2025-06-26 15:57:00,OBE,,5.485000133514404,5.485000133514404,5.480000019073486,5.480000019073486,3792.0
2025-06-26 15:57:00,OGEN,,3.5199999809265137,3.5199999809265137,3.5,3.5,427.0
2025-06-26 15:57:00,OPTT,,0.5145999789237976,0.5145999789237976,0.5145999789237976,0.5145999789237976,1396.0
2025-06-26 15:57:00,ORLA,,10.029999732971191,10.029999732971191,10.015000343322754,10.015000343322754,13346.0
2025-06-26 15:57:00,OSTX,,1.7999999523162842,1.7999999523162842,1.7999999523162842,1.7999999523162842,15000.0
2025-06-26 15:57:00,PLG,,1.6150000095367432,1.6200000047683716,1.6150000095367432,1.6150000095367432,3177.0
2025-06-26 15:57:00,PLMR,,153.7449951171875,153.8000030517578,153.68499755859375,153.8000030517578,6008.0
2025-06-26 15:57:00,PLX,,1.475000023841858,1.4800000190734863,1.475000023841858,1.475000023841858,3291.0
2025-06-26 15:57:00,REI,,0.7788500189781189,0.7795000076293945,0.7785999774932861,0.7791000008583069,4896.0
2025-06-26 15:57:00,REPX,,26.735000610351562,26.735000610351562,26.725000381469727,26.735000610351562,1207.0
2025-06-26 15:57:00,SATX,,2.9549999237060547,2.9549999237060547,2.950000047683716,2.950000047683716,1891.0
2025-06-26 15:57:00,SBEV,,4.050000190734863,4.050000190734863,4.0,4.0,922.0
2025-06-26 15:57:00,SEB,,2922.800048828125,2930.764892578125,2918.06005859375,2926.530029296875,22.0
2025-06-26 15:57:00,SENS,,0.5001000165939331,0.5001000165939331,0.5,0.5001000165939331,14381.0
2025-06-26 15:57:00,SGN,,1.1449999809265137,1.1449999809265137,1.1449999809265137,1.1449999809265137,1599.0
2025-06-26 15:57:00,SKYH,,9.619999885559082,9.619999885559082,9.619999885559082,9.619999885559082,659.0
2025-06-26 15:57:00,SLI,,1.934999942779541,1.934999942779541,1.934999942779541,1.934999942779541,1567.0
2025-06-26 15:57:00,SLND,,4.010000228881836,4.010000228881836,3.990000009536743,3.990000009536743,927.0
2025-06-26 15:57:00,STRW,,10.670000076293945,10.670000076293945,10.670000076293945,10.670000076293945,102.0
2025-06-26 15:57:00,STXS,,2.200000047683716,2.2100000381469727,2.200000047683716,2.2100000381469727,6715.0
2025-06-26 15:57:00,SVM,,4.210000038146973,4.210000038146973,4.199999809265137,4.204999923706055,28594.0
2025-06-26 15:57:00,TGB,,3.1500000953674316,3.1500000953674316,3.1424999237060547,3.1500000953674316,71921.0
2025-06-26 15:57:00,TMQ,,1.4550000429153442,1.465000033378601,1.4550000429153442,1.4600000381469727,5034.0
2025-06-26 15:57:00,TOON,,0.7247999906539917,0.7353000044822693,0.7247999906539917,0.7353000044822693,2008.0
2025-06-26 15:57:00,TOVX,,0.4359000027179718,0.4359000027179718,0.4359000027179718,0.4359000027179718,197.0
2025-06-26 15:57:00,TPET,,1.190000057220459,1.2100000381469727,1.190000057220459,1.190000057220459,10326.0
2025-06-26 15:57:00,UAMY,,2.634999990463257,2.6370630264282227,2.619999885559082,2.619999885559082,22368.0
2025-06-26 15:57:00,UAVS,,1.1399999856948853,1.1399999856948853,1.1349999904632568,1.1399999856948853,2361.0
2025-06-26 15:57:00,UEC,,7.045000076293945,7.050000190734863,7.030099868774414,7.031199932098389,103566.0
2025-06-26 15:57:00,URG,,1.059999942779541,1.059999942779541,1.0499999523162842,1.059999942779541,23050.0
2025-06-26 15:57:00,USAS,,0.8364999890327454,0.837149977684021,0.8349999785423279,0.8349999785423279,2599.0
2025-06-26 15:57:00,UTG,,35.57500076293945,35.57500076293945,35.57500076293945,35.57500076293945,126.0
2025-06-26 15:57:00,UUUU,,5.894999980926514,5.900000095367432,5.889999866485596,5.900000095367432,59012.0
2025-06-26 15:57:00,VNRX,,0.8679999709129333,0.8679999709129333,0.8572999835014343,0.8572999835014343,1500.0
2025-06-26 15:57:00,VTAK,,0.24959999322891235,0.24959999322891235,0.24959999322891235,0.24959999322891235,3599.0
2025-06-26 15:57:00,VZLA,,2.984999895095825,2.9888999462127686,2.9800000190734863,2.984999895095825,8979.0
2025-06-26 15:57:00,WRN,,1.2450000047683716,1.2450000047683716,1.2350000143051147,1.2350000143051147,2385.0
2025-06-26 15:57:00,WYY,,3.299999952316284,3.319999933242798,3.299999952316284,3.319999933242798,2178.0
2025-06-26 15:57:00,XPL,,0.661300003528595,0.661300003528595,0.6438000202178955,0.6438000202178955,200.0
2025-06-26 15:57:00,ZDGE,,3.950000047683716,3.9600000381469727,3.950000047683716,3.9600000381469727,559.0
2025-06-26 15:58:00,ACU,,40.93000030517578,40.93000030517578,40.93000030517578,40.93000030517578,255.0
2025-06-26 15:58:00,AEON,,0.748199999332428,0.748199999332428,0.748199999332428,0.748199999332428,300.0
2025-06-26 15:58:00,AIRI,,3.3949999809265137,3.3949999809265137,3.380000114440918,3.380000114440918,306.0
2025-06-26 15:58:00,AMBI,,4.46999979019165,4.59499979019165,4.46999979019165,4.570000171661377,4210.0
2025-06-26 15:58:00,AREN,,6.519999980926514,6.519999980926514,6.480000019073486,6.480000019073486,5098.0
2025-06-26 15:58:00,ARMN,,6.795000076293945,6.800000190734863,6.795000076293945,6.800000190734863,8279.0
2025-06-26 15:58:00,ASM,,3.5899999141693115,3.5966999530792236,3.58240008354187,3.5899999141693115,41633.0
2025-06-26 15:58:00,ATNM,,1.6008000373840332,1.6050000190734863,1.600100040435791,1.600100040435791,1199.0
2025-06-26 15:58:00,BEEP,,4.190000057220459,4.207200050354004,4.190000057220459,4.206600189208984,3866.0
2025-06-26 15:58:00,BHB,,30.020000457763672,30.020000457763672,29.979999542236328,29.979999542236328,883.0
2025-06-26 15:58:00,BRBS,,3.325000047683716,3.3299999237060547,3.319999933242798,3.319999933242798,12850.0
2025-06-26 15:58:00,BRN,,1.2100000381469727,1.2100000381469727,1.2100000381469727,1.2100000381469727,1044.0
2025-06-26 15:58:00,BTG,,3.6449999809265137,3.6500000953674316,3.640000104904175,3.6500000953674316,128925.0
2025-06-26 15:58:00,BURU,,0.3345000147819519,0.3346000015735626,0.3343999981880188,0.3345000147819519,5719.0
2025-06-26 15:58:00,CATX,,3.625,3.640000104904175,3.619999885559082,3.630000114440918,25335.0
2025-06-26 15:58:00,CBOE,,226.47000122070312,227.3699951171875,226.44000244140625,227.25999450683594,29744.0
2025-06-26 15:58:00,CEF,,30.399999618530273,30.399999618530273,30.395000457763672,30.398000717163086,13234.0
2025-06-26 15:58:00,CLDI,,0.22130000591278076,0.2257000058889389,0.22120000422000885,0.2257000058889389,4154.0
2025-06-26 15:58:00,CLM,,7.940000057220459,7.947999954223633,7.940000057220459,7.940000057220459,1283.0
2025-06-26 15:58:00,CMCL,,19.30500030517578,19.30500030517578,19.30500030517578,19.30500030517578,583.0
2025-06-26 15:58:00,CMT,,17.1299991607666,17.1299991607666,17.1299991607666,17.1299991607666,273.0
2025-06-26 15:58:00,CPHI,,1.75,1.75,1.75,1.75,697.0
2025-06-26 15:58:00,CQP,,56.529998779296875,56.61249923706055,56.529998779296875,56.60499954223633,2045.0
2025-06-26 15:58:00,CRF,,7.565000057220459,7.565000057220459,7.559999942779541,7.565000057220459,2146.0
2025-06-26 15:58:00,CTGO,,20.8799991607666,20.8799991607666,20.8799991607666,20.8799991607666,355.0
2025-06-26 15:58:00,CTM,,1.059999942779541,1.059999942779541,1.0549999475479126,1.059999942779541,1203.0
2025-06-26 15:58:00,CVM,,2.444999933242798,2.444999933242798,2.430000066757202,2.444999933242798,414.0
2025-06-26 15:58:00,CVU,,3.462399959564209,3.490000009536743,3.462399959564209,3.490000009536743,1246.0
2025-06-26 15:58:00,CYBN,,8.479999542236328,8.489999771118164,8.460000038146973,8.460000038146973,813.0
2025-06-26 15:58:00,DC,,3.8450000286102295,3.8450000286102295,3.8450000286102295,3.8450000286102295,3405.0
2025-06-26 15:58:00,DHY,,2.109999895095825,2.109999895095825,2.109999895095825,2.109999895095825,506.0
2025-06-26 15:58:00,DNN,,1.8401000499725342,1.850000023841858,1.840000033378601,1.840399980545044,448670.0
2025-06-26 15:58:00,DSS,,0.9252499938011169,0.926800012588501,0.9252499938011169,0.926800012588501,928.0
2025-06-26 15:58:00,EAD,,6.986499786376953,6.989999771118164,6.985000133514404,6.989999771118164,1111.0
2025-06-26 15:58:00,ELA,,5.804999828338623,5.804999828338623,5.804999828338623,5.804999828338623,182.0
2025-06-26 15:58:00,ELMD,,21.530000686645508,21.655000686645508,21.530000686645508,21.655000686645508,1475.0
2025-06-26 15:58:00,EMX,,2.565000057220459,2.565000057220459,2.559999942779541,2.565000057220459,947.0
2025-06-26 15:58:00,EPM,,4.78000020980835,4.795000076293945,4.78000020980835,4.795000076293945,1542.0
2025-06-26 15:58:00,EQX,,5.909999847412109,5.914999961853027,5.900000095367432,5.900000095367432,377691.0
2025-06-26 15:58:00,ERC,,9.4399995803833,9.4399995803833,9.4399995803833,9.4399995803833,376.0
2025-06-26 15:58:00,FOXO,,0.20161700248718262,0.20161700248718262,0.20161700248718262,0.20161700248718262,808.0
2025-06-26 15:58:00,FRD,,16.40999984741211,16.40999984741211,16.40999984741211,16.40999984741211,1091.0
2025-06-26 15:58:00,FSP,,1.7000000476837158,1.7000000476837158,1.690000057220459,1.7000000476837158,2879.0
2025-06-26 15:58:00,FTF,,6.380000114440918,6.380199909210205,6.380000114440918,6.380199909210205,746.0
2025-06-26 15:58:00,GAU,,1.284999966621399,1.2899999618530273,1.284999966621399,1.2899999618530273,6574.0
2025-06-26 15:58:00,GENC,,14.65999984741211,14.65999984741211,14.65999984741211,14.65999984741211,198.0
2025-06-26 15:58:00,GGN,,4.389999866485596,4.389999866485596,4.389999866485596,4.389999866485596,509.0
2025-06-26 15:58:00,GLDG,,0.7448999881744385,0.7448999881744385,0.7433000206947327,0.7433000206947327,2068.0
2025-06-26 15:58:00,GLO,,5.369999885559082,5.369999885559082,5.369999885559082,5.369999885559082,566.0
2025-06-26 15:58:00,GLV,,5.610000133514404,5.610000133514404,5.610000133514404,5.610000133514404,100.0
2025-06-26 15:58:00,GNS,,1.1200000047683716,1.1299999952316284,1.100100040435791,1.1088999509811401,83180.0
2025-06-26 15:58:00,GORO,,0.5365710258483887,0.5392000079154968,0.5351999998092651,0.5351999998092651,1456.0
2025-06-26 15:58:00,GROY,,2.2750000953674316,2.2799999713897705,2.2699999809265137,2.2750000953674316,5304.0
2025-06-26 15:58:00,GSAT,,23.3700008392334,23.389999389648438,23.364999771118164,23.364999771118164,8501.0
2025-06-26 15:58:00,GTE,,4.96999979019165,4.980000019073486,4.96999979019165,4.980000019073486,1589.0
2025-06-26 15:58:00,HUSA,,12.899999618530273,12.987299919128418,12.899999618530273,12.987299919128418,526.0
2025-06-26 15:58:00,IBO,,0.9269999861717224,0.9271000027656555,0.9269999861717224,0.9271000027656555,3791.0
2025-06-26 15:58:00,IDR,,13.350000381469727,13.359999656677246,13.34000015258789,13.350000381469727,2338.0
2025-06-26 15:58:00,IE,,9.859999656677246,9.880000114440918,9.850000381469727,9.869999885559082,20409.0
2025-06-26 15:58:00,IMO,,81.30999755859375,81.3499984741211,81.30999755859375,81.33999633789062,3450.0
2025-06-26 15:58:00,INDO,,3.049999952316284,3.049999952316284,3.049999952316284,3.049999952316284,318.0
2025-06-26 15:58:00,INFU,,6.429999828338623,6.429999828338623,6.429999828338623,6.429999828338623,683.0
2025-06-26 15:58:00,ITP,,0.1860000044107437,0.1860000044107437,0.1860000044107437,0.1860000044107437,8380.0
2025-06-26 15:58:00,ITRG,,1.5149999856948853,1.524999976158142,1.5149999856948853,1.5199999809265137,27314.0
2025-06-26 15:58:00,JOB,,0.20499999821186066,0.20499999821186066,0.20499999821186066,0.20499999821186066,200.0
2025-06-26 15:58:00,KNW,,1.9399000406265259,1.940000057220459,1.9098999500274658,1.9249999523162842,10900.0
2025-06-26 15:58:00,KULR,,5.184999942779541,5.190000057220459,5.179999828338623,5.190000057220459,12387.0
2025-06-26 15:58:00,LCTX,,0.9635999798774719,0.963699996471405,0.9610000252723694,0.9610999822616577,47158.0
2025-06-26 15:58:00,LEU,,174.02999877929688,174.02999877929688,173.41000366210938,173.67999267578125,17269.0
2025-06-26 15:58:00,LMND,,42.775001525878906,42.849998474121094,42.75,42.790000915527344,28734.0
2025-06-26 15:58:00,LNG,,242.02999877929688,242.1699981689453,241.9499969482422,241.9499969482422,64103.0
2025-06-26 15:58:00,LODE,,3.819999933242798,3.8299999237060547,3.819999933242798,3.819999933242798,550.0
2025-06-26 15:58:00,LSF,,6.260000228881836,6.260000228881836,6.260000228881836,6.260000228881836,513.0
2025-06-26 15:58:00,MAG,,21.510000228881836,21.510000228881836,21.4950008392334,21.5,8064.0
2025-06-26 15:58:00,MAIA,,1.7200000286102295,1.7200000286102295,1.7015000581741333,1.7015000581741333,866.0
2025-06-26 15:58:00,MITQ,,0.6866000294685364,0.6866000294685364,0.6866000294685364,0.6866000294685364,547.0
2025-06-26 15:58:00,MLSS,,0.7285000085830688,0.7285000085830688,0.7285000085830688,0.7285000085830688,105.0
2025-06-26 15:58:00,MPTI,,41.470001220703125,41.470001220703125,41.145599365234375,41.145599365234375,1602.0
2025-06-26 15:58:00,MRT,,2.9649999141693115,2.9700000286102295,2.940000057220459,2.950000047683716,2689.0
2025-06-26 15:58:00,MTA,,3.9100000858306885,3.9200000762939453,3.9079999923706055,3.9149999618530273,8778.0
2025-06-26 15:58:00,MTNB,,0.9259999990463257,0.9300000071525574,0.9259999990463257,0.9300000071525574,382.0
2025-06-26 15:58:00,MYND,,0.949999988079071,0.949999988079071,0.949999988079071,0.949999988079071,0.0
2025-06-26 15:58:00,MYO,,2.2200000286102295,2.234999895095825,2.2200000286102295,2.234999895095825,11674.0
2025-06-26 15:58:00,NAK,,1.5499999523162842,1.559999942779541,1.5499999523162842,1.5549999475479126,37130.0
2025-06-26 15:58:00,NCL,,0.1800999939441681,0.18050000071525574,0.18000000715255737,0.18050000071525574,7077.0
2025-06-26 15:58:00,NEWP,,1.3849999904632568,1.3849999904632568,1.3849999904632568,1.3849999904632568,290.0
2025-06-26 15:58:00,NFGC,,1.4850000143051147,1.4850000143051147,1.4800000190734863,1.4800000190734863,1087.0
2025-06-26 15:58:00,NG,,4.15500020980835,4.164999961853027,4.150000095367432,4.159999847412109,140121.0
2025-06-26 15:58:00,NGD,,4.929999828338623,4.929999828338623,4.920000076293945,4.925000190734863,40956.0
2025-06-26 15:58:00,NHC,,109.13999938964844,109.13999938964844,109.12000274658203,109.12000274658203,1179.0
2025-06-26 15:58:00,NHS,,7.510000228881836,7.514999866485596,7.510000228881836,7.510000228881836,1686.0
2025-06-26 15:58:00,NNVC,,1.2030999660491943,1.2030999660491943,1.2030999660491943,1.2030999660491943,1725.0
2025-06-26 15:58:00,NRXS,,2.549999952316284,2.549999952316284,2.549999952316284,2.549999952316284,3434.0
2025-06-26 15:58:00,OBE,,5.480000019073486,5.485000133514404,5.46999979019165,5.485000133514404,12824.0
2025-06-26 15:58:00,OPTT,,0.5156999826431274,0.5156999826431274,0.5145999789237976,0.5145999789237976,4113.0
2025-06-26 15:58:00,ORLA,,10.032500267028809,10.03499984741211,10.010000228881836,10.024999618530273,27699.0
2025-06-26 15:58:00,OSTX,,1.7999999523162842,1.7999999523162842,1.7999999523162842,1.7999999523162842,10000.0
2025-06-26 15:58:00,PED,,0.650600016117096,0.650600016117096,0.650600016117096,0.650600016117096,310.0
2025-06-26 15:58:00,PLG,,1.6200000047683716,1.6200000047683716,1.6150000095367432,1.6200000047683716,51591.0
2025-06-26 15:58:00,PLMR,,153.77000427246094,153.80999755859375,153.6699981689453,153.69000244140625,15823.0
2025-06-26 15:58:00,PLX,,1.475000023841858,1.4800000190734863,1.475000023841858,1.475000023841858,4169.0
2025-06-26 15:58:00,PZG,,0.6129999756813049,0.6129999756813049,0.6129999756813049,0.6129999756813049,150.0
2025-06-26 15:58:00,REI,,0.7788500189781189,0.7789000272750854,0.7788000106811523,0.7788000106811523,16364.0
2025-06-26 15:58:00,REPX,,26.915000915527344,26.915000915527344,26.780000686645508,26.780000686645508,8225.0
2025-06-26 15:58:00,RLGT,,6.070000171661377,6.070000171661377,6.065000057220459,6.070000171661377,921.0
2025-06-26 15:58:00,RVP,,0.6610000133514404,0.6610000133514404,0.6610000133514404,0.6610000133514404,133.0
2025-06-26 15:58:00,SATX,,2.9549999237060547,2.9549999237060547,2.9549999237060547,2.9549999237060547,128.0
2025-06-26 15:58:00,SBEV,,4.039999961853027,4.050000190734863,3.9400999546051025,4.039999961853027,2694.0
2025-06-26 15:58:00,SEB,,2918.800048828125,2935.0,2918.06005859375,2930.764892578125,42.0
2025-06-26 15:58:00,SENS,,0.5004000067710876,0.5004000067710876,0.5,0.5,37284.0
2025-06-26 15:58:00,SGN,,1.1449999809265137,1.1449999809265137,1.1399999856948853,1.1449999809265137,7772.0
2025-06-26 15:58:00,SKYH,,9.619999885559082,9.630000114440918,9.609999656677246,9.609999656677246,4304.0
2025-06-26 15:58:00,SLI,,1.934999942779541,1.940000057220459,1.934999942779541,1.934999942779541,4439.0
2025-06-26 15:58:00,SLND,,4.010000228881836,4.010000228881836,4.010000228881836,4.010000228881836,262.0
2025-06-26 15:58:00,SOAR,,1.3450000286102295,1.3450000286102295,1.3450000286102295,1.3450000286102295,205.0
2025-06-26 15:58:00,SSY,,0.8744000196456909,0.8744000196456909,0.8744000196456909,0.8744000196456909,287.0
2025-06-26 15:58:00,STXS,,2.200000047683716,2.2049999237060547,2.194999933242798,2.194999933242798,2694.0
2025-06-26 15:58:00,SVM,,4.215000152587891,4.21999979019165,4.210000038146973,4.210000038146973,17330.0
2025-06-26 15:58:00,TGB,,3.1700000762939453,3.1700000762939453,3.1401000022888184,3.1500000953674316,825957.0
2025-06-26 15:58:00,THM,,0.8939999938011169,0.8939999938011169,0.8939999938011169,0.8939999938011169,225.0
2025-06-26 15:58:00,TMQ,,1.4500000476837158,1.4589999914169312,1.4500000476837158,1.4589999914169312,2151.0
2025-06-26 15:58:00,TOON,,0.7305999994277954,0.7350000143051147,0.7247999906539917,0.7250000238418579,5082.0
2025-06-26 15:58:00,TPET,,1.2000000476837158,1.2115999460220337,1.1973999738693237,1.1973999738693237,651.0
2025-06-26 15:58:00,TRX,,0.33195000886917114,0.33390000462532043,0.33195000886917114,0.3327000141143799,10313.0
2025-06-26 15:58:00,UAMY,,2.6449999809265137,2.6500000953674316,2.630000114440918,2.634999990463257,16882.0
2025-06-26 15:58:00,UAVS,,1.1399999856948853,1.1399999856948853,1.1299999952316284,1.1349999904632568,10073.0
2025-06-26 15:58:00,UEC,,7.032100200653076,7.045000076293945,7.03000020980835,7.045000076293945,123592.0
2025-06-26 15:58:00,URG,,1.065000057220459,1.065000057220459,1.0549999475479126,1.059999942779541,95346.0
2025-06-26 15:58:00,USAS,,0.8379999995231628,0.8379999995231628,0.835099995136261,0.837244987487793,8150.0
2025-06-26 15:58:00,UUUU,,5.894999980926514,5.909999847412109,5.889999866485596,5.894999980926514,340219.0
2025-06-26 15:58:00,VGZ,,1.024999976158142,1.024999976158142,1.0199999809265137,1.024999976158142,399.0
2025-06-26 15:58:00,VNRX,,0.8679999709129333,0.8679999709129333,0.8679999709129333,0.8679999709129333,2406.0
2025-06-26 15:58:00,VTAK,,0.24940000474452972,0.24959999322891235,0.2493000030517578,0.2493000030517578,12096.0
2025-06-26 15:58:00,VZLA,,2.985100030899048,2.9888999462127686,2.9800000190734863,2.984999895095825,12832.0
2025-06-26 15:58:00,WRN,,1.2450000047683716,1.2450000047683716,1.2450000047683716,1.2450000047683716,100.0
2025-06-26 15:58:00,WWR,,0.5976009964942932,0.5976009964942932,0.5976009964942932,0.5976009964942932,2716.0
2025-06-26 15:58:00,WYY,,3.3299999237060547,3.3299999237060547,3.315000057220459,3.315000057220459,1101.0
2025-06-26 15:59:00,ACU,,40.88999938964844,40.88999938964844,40.59000015258789,40.79499816894531,1158.0
2025-06-26 15:59:00,AMBI,,4.849999904632568,4.849999904632568,4.849999904632568,4.849999904632568,0.0
2025-06-26 15:59:00,AMS,,2.3989999294281006,2.3989999294281006,2.3989999294281006,2.3989999294281006,210.0
2025-06-26 15:59:00,AREN,,6.539999961853027,6.539999961853027,6.5,6.539999961853027,6130.0
2025-06-26 15:59:00,ARMN,,6.800000190734863,6.809999942779541,6.795000076293945,6.795000076293945,55224.0
2025-06-26 15:59:00,ASM,,3.5950000286102295,3.6050000190734863,3.5899999141693115,3.5950000286102295,90036.0
2025-06-26 15:59:00,ATNM,,1.600000023841858,1.6100000143051147,1.590000033378601,1.600000023841858,9464.0
2025-06-26 15:59:00,AZTR,,0.25699999928474426,0.2624000012874603,0.2569499909877777,0.25870001316070557,2359.0
2025-06-26 15:59:00,BATL,,1.4900000095367432,1.4900000095367432,1.4900000095367432,1.4900000095367432,410.0
2025-06-26 15:59:00,BEEP,,4.190000057220459,4.230000019073486,4.170000076293945,4.199999809265137,4102.0
2025-06-26 15:59:00,BHB,,29.920000076293945,30.030000686645508,29.850000381469727,29.93000030517578,1646.0
2025-06-26 15:59:00,BKTI,,55.90999984741211,55.959999084472656,55.77000045776367,55.77000045776367,2788.0
2025-06-26 15:59:00,BRBS,,3.369999885559082,3.390000104904175,3.325000047683716,3.325000047683716,69030.0
2025-06-26 15:59:00,BTG,,3.6500000953674316,3.6500000953674316,3.640000104904175,3.640000104904175,215263.0
2025-06-26 15:59:00,BURU,,0.3345000147819519,0.3361000120639801,0.3345000147819519,0.3345000147819519,8064.0
2025-06-26 15:59:00,CANF,,1.0299999713897705,1.0299999713897705,1.0299999713897705,1.0299999713897705,47875.0
2025-06-26 15:59:00,CATX,,3.619999885559082,3.640000104904175,3.609999895095825,3.625,34986.0
2025-06-26 15:59:00,CBOE,,226.25999450683594,226.61000061035156,226.1999969482422,226.47000122070312,41816.0
2025-06-26 15:59:00,CEF,,30.399999618530273,30.399999618530273,30.389999389648438,30.399999618530273,10315.0
2025-06-26 15:59:00,CET,,47.56999969482422,47.56999969482422,47.5099983215332,47.5099983215332,838.0
2025-06-26 15:59:00,CIK,,2.930000066757202,2.934999942779541,2.930000066757202,2.934999942779541,18593.0
2025-06-26 15:59:00,CLDI,,0.22789999842643738,0.22789999842643738,0.22789999842643738,0.22789999842643738,7000.0
2025-06-26 15:59:00,CLM,,7.940000057220459,7.949999809265137,7.940000057220459,7.940000057220459,20053.0
2025-06-26 15:59:00,CMCL,,19.309999465942383,19.31999969482422,19.239999771118164,19.315000534057617,2401.0
2025-06-26 15:59:00,CMT,,17.1200008392334,17.170000076293945,17.1200008392334,17.170000076293945,1683.0
2025-06-26 15:59:00,COE,,33.0,33.0,33.0,33.0,0.0
2025-06-26 15:59:00,CPHI,,1.7359999418258667,1.7359999418258667,1.7359999418258667,1.7359999418258667,0.0
2025-06-26 15:59:00,CQP,,56.529998779296875,56.70000076293945,56.400001525878906,56.5099983215332,7643.0
2025-06-26 15:59:00,CRF,,7.570000171661377,7.570000171661377,7.559999942779541,7.565000057220459,10336.0
2025-06-26 15:59:00,CTGO,,20.860000610351562,20.940000534057617,20.85300064086914,20.940000534057617,2445.0
2025-06-26 15:59:00,CTM,,1.0549999475479126,1.059999942779541,1.0549999475479126,1.0549999475479126,12353.0
2025-06-26 15:59:00,CVM,,2.4549999237060547,2.4549999237060547,2.434999942779541,2.440000057220459,2906.0
2025-06-26 15:59:00,CVU,,3.5,3.5,3.4600000381469727,3.490000009536743,3738.0
2025-06-26 15:59:00,CYBN,,8.510000228881836,8.539999961853027,8.460000038146973,8.479999542236328,15856.0
2025-06-26 15:59:00,DC,,3.8299999237060547,3.8499999046325684,3.8299999237060547,3.8450000286102295,15434.0
2025-06-26 15:59:00,DDC,,10.170000076293945,10.170000076293945,10.050000190734863,10.050000190734863,645.0
2025-06-26 15:59:00,DHY,,2.109999895095825,2.109999895095825,2.1050000190734863,2.109999895095825,11460.0
2025-06-26 15:59:00,DNN,,1.850000023841858,1.850000023841858,1.840000033378601,1.8450000286102295,994595.0
2025-06-26 15:59:00,DSS,,0.9158999919891357,0.9158999919891357,0.9158999919891357,0.9158999919891357,36946.0
2025-06-26 15:59:00,DXF,,4.75,4.75,4.75,4.75,0.0
2025-06-26 15:59:00,EAD,,6.985000133514404,6.989999771118164,6.980000019073486,6.985000133514404,3043.0
2025-06-26 15:59:00,ECF,,10.163999557495117,10.163999557495117,10.163999557495117,10.163999557495117,42503.0
2025-06-26 15:59:00,EIM,,9.579999923706055,9.579999923706055,9.579999923706055,9.579999923706055,341.0
2025-06-26 15:59:00,ELA,,5.880000114440918,5.880000114440918,5.804999828338623,5.840000152587891,1786.0
2025-06-26 15:59:00,ELMD,,21.665000915527344,21.729999542236328,21.565000534057617,21.65999984741211,4437.0
2025-06-26 15:59:00,EMX,,2.559999942779541,2.569999933242798,2.559999942779541,2.565000057220459,6568.0
2025-06-26 15:59:00,ENX,,9.199999809265137,9.204999923706055,9.199999809265137,9.199999809265137,18390.0
2025-06-26 15:59:00,EP,,5.5,5.5,5.460000038146973,5.489999771118164,1621.0
2025-06-26 15:59:00,EPM,,4.789999961853027,4.789999961853027,4.769999980926514,4.78000020980835,2631.0
2025-06-26 15:59:00,EQX,,5.909999847412109,5.914999961853027,5.900000095367432,5.909999847412109,259872.0
2025-06-26 15:59:00,ERC,,9.4399995803833,9.4399995803833,9.390000343322754,9.4399995803833,130729.0
2025-06-26 15:59:00,ERH,,11.359999656677246,11.359999656677246,11.359999656677246,11.359999656677246,20414.0
2025-06-26 15:59:00,ESP,,45.44499969482422,45.44499969482422,45.44499969482422,45.44499969482422,657.0
2025-06-26 15:59:00,EVI,,20.3799991607666,20.719999313354492,20.3799991607666,20.440000534057617,2167.0
2025-06-26 15:59:00,EVM,,8.850000381469727,8.850000381469727,8.84000015258789,8.84000015258789,3850.0
2025-06-26 15:59:00,EVV,,10.1899995803833,10.1899995803833,10.175000190734863,10.180000305175781,1858.0
2025-06-26 15:59:00,FOXO,,0.20271900296211243,0.20271900296211243,0.20271900296211243,0.20271900296211243,280.0
2025-06-26 15:59:00,FRD,,16.34000015258789,16.40999984741211,16.34000015258789,16.40999984741211,1054.0
2025-06-26 15:59:00,FSI,,4.493000030517578,4.493000030517578,4.493000030517578,4.493000030517578,429.0
2025-06-26 15:59:00,FSP,,1.6950000524520874,1.7000000476837158,1.6950000524520874,1.6950000524520874,7860.0
2025-06-26 15:59:00,FTF,,6.400000095367432,6.400000095367432,6.389999866485596,6.389999866485596,1298.0
2025-06-26 15:59:00,FURY,,0.5,0.5,0.5,0.5,0.0
2025-06-26 15:59:00,GAU,,1.2899999618530273,1.2899999618530273,1.2799999713897705,1.284999966621399,83675.0
2025-06-26 15:59:00,GENC,,14.725000381469727,14.725000381469727,14.725000381469727,14.725000381469727,586.0
2025-06-26 15:59:00,GGN,,4.385000228881836,4.389999866485596,4.380000114440918,4.385000228881836,13554.0
2025-06-26 15:59:00,GLDG,,0.7447999715805054,0.7448999881744385,0.7447999715805054,0.7448999881744385,1280.0
2025-06-26 15:59:00,GLO,,5.380000114440918,5.380000114440918,5.366000175476074,5.369999885559082,8998.0
2025-06-26 15:59:00,GLQ,,6.970799922943115,6.970799922943115,6.970799922943115,6.970799922943115,17545.0
2025-06-26 15:59:00,GLV,,5.619999885559082,5.619999885559082,5.610000133514404,5.619999885559082,23904.0
2025-06-26 15:59:00,GNS,,1.1299999952316284,1.1399999856948853,1.100000023841858,1.1299999952316284,142252.0
2025-06-26 15:59:00,GORO,,0.5432000160217285,0.5450000166893005,0.535099983215332,0.535099983215332,3562.0
2025-06-26 15:59:00,GROY,,2.2750000953674316,2.2799999713897705,2.2699999809265137,2.2750000953674316,16029.0
2025-06-26 15:59:00,GSAT,,23.40999984741211,23.420000076293945,23.3799991607666,23.3799991607666,18218.0
2025-06-26 15:59:00,GTE,,4.985000133514404,4.989999771118164,4.96999979019165,4.96999979019165,5945.0
2025-06-26 15:59:00,HNW,,12.369999885559082,12.369999885559082,12.369999885559082,12.369999885559082,31908.0
2025-06-26 15:59:00,HUSA,,12.861000061035156,12.890000343322754,12.819999694824219,12.854999542236328,8760.0
2025-06-26 15:59:00,IBO,,0.9269999861717224,0.9271000027656555,0.9269999861717224,0.9269999861717224,7758.0
2025-06-26 15:59:00,IDR,,13.329999923706055,13.380000114440918,13.3100004196167,13.359999656677246,7177.0
2025-06-26 15:59:00,IE,,9.819999694824219,9.880000114440918,9.819999694824219,9.854999542236328,43796.0
2025-06-26 15:59:00,IGC,,0.3093000054359436,0.3093000054359436,0.3093000054359436,0.3093000054359436,100.0
2025-06-26 15:59:00,IMO,,81.4000015258789,81.41999816894531,81.30999755859375,81.30999755859375,11683.0
2025-06-26 15:59:00,INDO,,3.049999952316284,3.077199935913086,3.049999952316284,3.055000066757202,11492.0
2025-06-26 15:59:00,INFU,,6.409999847412109,6.440000057220459,6.389999866485596,6.429999828338623,5981.0
2025-06-26 15:59:00,INUV,,4.002999782562256,4.039999961853027,4.002999782562256,4.039999961853027,1325.0
2025-06-26 15:59:00,ITRG,,1.5199999809265137,1.524999976158142,1.5099999904632568,1.5149999856948853,33045.0
2025-06-26 15:59:00,KNW,,1.909999966621399,1.9397000074386597,1.909999966621399,1.9249999523162842,8651.0
2025-06-26 15:59:00,KULR,,5.179999828338623,5.190000057220459,5.179999828338623,5.184999942779541,53879.0
2025-06-26 15:59:00,LCTX,,0.9642000198364258,0.9668999910354614,0.9631999731063843,0.9635000228881836,56430.0
2025-06-26 15:59:00,LEU,,173.6199951171875,174.0800018310547,173.39999389648438,174.0800018310547,13741.0
2025-06-26 15:59:00,LMND,,42.7599983215332,42.84000015258789,42.75,42.760101318359375,74733.0
2025-06-26 15:59:00,LNG,,242.1199951171875,242.1300048828125,241.44000244140625,242.05999755859375,106178.0
2025-06-26 15:59:00,LODE,,3.8399999141693115,3.8499999046325684,3.8299999237060547,3.8399999141693115,3893.0
2025-06-26 15:59:00,LSF,,6.179999828338623,6.179999828338623,6.179999828338623,6.179999828338623,371.0
2025-06-26 15:59:00,MAG,,21.510000228881836,21.520000457763672,21.5,21.5,20110.0
2025-06-26 15:59:00,MAIA,,1.7395999431610107,1.7395999431610107,1.7200000286102295,1.7200000286102295,738.0
2025-06-26 15:59:00,MGLD,,0.929099977016449,0.929099977016449,0.929099977016449,0.929099977016449,337.0
2025-06-26 15:59:00,MPTI,,41.36000061035156,41.36000061035156,41.36000061035156,41.36000061035156,656.0
2025-06-26 15:59:00,MRT,,2.950000047683716,2.9800000190734863,2.950000047683716,2.9800000190734863,1443.0
2025-06-26 15:59:00,MTA,,3.9200000762939453,3.9200000762939453,3.9100000858306885,3.9149999618530273,6462.0
2025-06-26 15:59:00,MYO,,2.2300000190734863,2.2300000190734863,2.2200000286102295,2.2200000286102295,13047.0
2025-06-26 15:59:00,NAK,,1.5549999475479126,1.559999942779541,1.5499999523162842,1.5549999475479126,147840.0
2025-06-26 15:59:00,NBH,,9.819999694824219,9.819999694824219,9.800000190734863,9.800100326538086,4544.0
2025-06-26 15:59:00,NCL,,0.18000000715255737,0.18000000715255737,0.18000000715255737,0.18000000715255737,503.0
2025-06-26 15:59:00,NEWP,,1.3899999856948853,1.3899999856948853,1.3799999952316284,1.3899999856948853,4618.0
2025-06-26 15:59:00,NFGC,,1.4850000143051147,1.4864000082015991,1.4800000190734863,1.4850000143051147,40720.0
2025-06-26 15:59:00,NG,,4.145100116729736,4.164999961853027,4.139999866485596,4.158999919891357,170716.0
2025-06-26 15:59:00,NGD,,4.940000057220459,4.940000057220459,4.920000076293945,4.925000190734863,425841.0
2025-06-26 15:59:00,NHC,,108.81999969482422,109.16999816894531,108.81999969482422,109.16999816894531,2768.0
2025-06-26 15:59:00,NHS,,7.519999980926514,7.519999980926514,7.510000228881836,7.515399932861328,5848.0
2025-06-26 15:59:00,NML,,8.854999542236328,8.859999656677246,8.819999694824219,8.84000015258789,2111.0
2025-06-26 15:59:00,NNVC,,1.215000033378601,1.2282999753952026,1.215000033378601,1.2282999753952026,2897.0
2025-06-26 15:59:00,NRO,,3.190000057220459,3.190000057220459,3.190000057220459,3.190000057220459,0.0
2025-06-26 15:59:00,NRXS,,2.5399999618530273,2.549999952316284,2.5399999618530273,2.549999952316284,6197.0
2025-06-26 15:59:00,NTIP,,1.2100000381469727,1.2100000381469727,1.2100000381469727,1.2100000381469727,256.0
2025-06-26 15:59:00,OBE,,5.480000019073486,5.489999771118164,5.46999979019165,5.480000019073486,12698.0
2025-06-26 15:59:00,OGEN,,3.5399999618530273,3.5399999618530273,3.5399999618530273,3.5399999618530273,164.0
2025-06-26 15:59:00,OPTT,,0.5162000060081482,0.5174999833106995,0.5145999789237976,0.5145999789237976,6877.0
2025-06-26 15:59:00,ORLA,,10.039999961853027,10.055000305175781,10.029999732971191,10.03499984741211,41538.0
2025-06-26 15:59:00,OSTX,,1.8359999656677246,1.8359999656677246,1.7999999523162842,1.7999999523162842,15556.0
2025-06-26 15:59:00,PHGE,,0.44999998807907104,0.4528760015964508,0.44999998807907104,0.4528760015964508,17606.0
2025-06-26 15:59:00,PLG,,1.6200000047683716,1.6299999952316284,1.6150000095367432,1.6150000095367432,57721.0
2025-06-26 15:59:00,PLMR,,153.6199951171875,153.8699951171875,153.5399932861328,153.8300018310547,19168.0
2025-06-26 15:59:00,PLX,,1.475000023841858,1.4800000190734863,1.4700000286102295,1.475000023841858,20521.0
2025-06-26 15:59:00,PRK,,167.3699951171875,167.7949981689453,167.3699951171875,167.66000366210938,2776.0
2025-06-26 15:59:00,RCG,,2.609999895095825,2.609999895095825,2.609999895095825,2.609999895095825,28937.0
2025-06-26 15:59:00,REI,,0.7724999785423279,0.7789000272750854,0.7724999785423279,0.7788000106811523,46502.0
2025-06-26 15:59:00,REPX,,26.899999618530273,26.93000030517578,26.799999237060547,26.924999237060547,3459.0
2025-06-26 15:59:00,RLGT,,6.070000171661377,6.079999923706055,6.059999942779541,6.070000171661377,6056.0
2025-06-26 15:59:00,SACH,,1.0950000286102295,1.0950000286102295,1.0950000286102295,1.0950000286102295,477.0
2025-06-26 15:59:00,SATX,,2.9539999961853027,2.9549999237060547,2.950000047683716,2.9549999237060547,13846.0
2025-06-26 15:59:00,SBEV,,4.159999847412109,4.159999847412109,3.930000066757202,3.990000009536743,12055.0
2025-06-26 15:59:00,SCCD,,21.700000762939453,21.700000762939453,21.700000762939453,21.700000762939453,0.0
2025-06-26 15:59:00,SEB,,2923.5,2926.530029296875,2911.080078125,2926.530029296875,86.0
2025-06-26 15:59:00,SENS,,0.5002999901771545,0.5002999901771545,0.4999000132083893,0.5002999901771545,82633.0
2025-06-26 15:59:00,SGN,,1.159999966621399,1.159999966621399,1.1449999809265137,1.149999976158142,14180.0
2025-06-26 15:59:00,SIF,,3.3499999046325684,3.3499999046325684,3.3499999046325684,3.3499999046325684,0.0
2025-06-26 15:59:00,SKYH,,9.609999656677246,9.630000114440918,9.609999656677246,9.625,7075.0
2025-06-26 15:59:00,SLI,,1.934999942779541,1.940000057220459,1.9299999475479126,1.934999942779541,11920.0
2025-06-26 15:59:00,SLND,,4.010000228881836,4.019999980926514,4.010000228881836,4.019999980926514,929.0
2025-06-26 15:59:00,SOAR,,1.340000033378601,1.350000023841858,1.340000033378601,1.343999981880188,2342.0
2025-06-26 15:59:00,SSY,,0.8691999912261963,0.8691999912261963,0.8691999912261963,0.8691999912261963,0.0
2025-06-26 15:59:00,STRW,,10.699999809265137,10.704999923706055,10.670000076293945,10.670000076293945,1875.0
2025-06-26 15:59:00,STXS,,2.200000047683716,2.200000047683716,2.194999933242798,2.200000047683716,3404.0
2025-06-26 15:59:00,SVM,,4.2052998542785645,4.21999979019165,4.204999923706055,4.21999979019165,88277.0
2025-06-26 15:59:00,SVT,,46.90999984741211,46.959999084472656,46.900001525878906,46.900001525878906,2322.0
2025-06-26 15:59:00,TGB,,3.1600000858306885,3.1700000762939453,3.1600000858306885,3.1700000762939453,289008.0
2025-06-26 15:59:00,THM,,0.8950409889221191,0.8950409889221191,0.8950409889221191,0.8950409889221191,0.0
2025-06-26 15:59:00,TMP,,63.5099983215332,63.61000061035156,63.40999984741211,63.61000061035156,2415.0
2025-06-26 15:59:00,TMQ,,1.440000057220459,1.4600000381469727,1.440000057220459,1.4550000429153442,21911.0
2025-06-26 15:59:00,TOON,,0.7329999804496765,0.7329999804496765,0.7239999771118164,0.7307999730110168,2668.0
2025-06-26 15:59:00,TOVX,,0.4359999895095825,0.4359999895095825,0.4359000027179718,0.4359999895095825,2796.0
2025-06-26 15:59:00,TPET,,1.2200000286102295,1.2300000190734863,1.190000057220459,1.2000000476837158,6610.0
2025-06-26 15:59:00,TRX,,0.33000001311302185,0.33000001311302185,0.33000001311302185,0.33000001311302185,364263.0
2025-06-26 15:59:00,UAMY,,2.6500000953674316,2.6500000953674316,2.640000104904175,2.6449999809265137,63277.0
2025-06-26 15:59:00,UAVS,,1.1399999856948853,1.1399999856948853,1.1301000118255615,1.1349999904632568,17709.0
2025-06-26 15:59:00,UEC,,7.034999847412109,7.050000190734863,7.019999980926514,7.037700176239014,521113.0
2025-06-26 15:59:00,URG,,1.0549999475479126,1.065000057220459,1.0499999523162842,1.065000057220459,159696.0
2025-06-26 15:59:00,USAS,,0.835099995136261,0.8392000198364258,0.835099995136261,0.8363000154495239,5811.0
2025-06-26 15:59:00,UTG,,35.56999969482422,35.57500076293945,35.560001373291016,35.57500076293945,2162.0
2025-06-26 15:59:00,UUUU,,5.894999980926514,5.909999847412109,5.889999866485596,5.900000095367432,218915.0
2025-06-26 15:59:00,VGZ,,1.0199999809265137,1.0299999713897705,1.0199999809265137,1.0199999809265137,3987.0
2025-06-26 15:59:00,VKI,,8.220000267028809,8.220000267028809,8.199999809265137,8.220000267028809,2420.0
2025-06-26 15:59:00,VNRX,,0.8650000095367432,0.8679999709129333,0.8465999960899353,0.8465999960899353,5546.0
2025-06-26 15:59:00,VTAK,,0.24959999322891235,0.24959999322891235,0.24959999322891235,0.24959999322891235,500.0
2025-06-26 15:59:00,VZLA,,2.9800000190734863,2.9888999462127686,2.9800000190734863,2.984999895095825,90152.0
2025-06-26 15:59:00,WRN,,1.2400000095367432,1.25,1.2400000095367432,1.2450000047683716,5519.0
2025-06-26 15:59:00,WYY,,3.315000057220459,3.315000057220459,3.315000057220459,3.315000057220459,141.0
2025-06-26 15:59:00,XPL,,0.6499999761581421,0.6499999761581421,0.6438000202178955,0.6438000202178955,2727.0
2025-06-26 15:59:00,ZDGE,,3.9700000286102295,3.9700000286102295,3.930000066757202,3.950000047683716,1999.0
