Datetime,Ticker,Adj Close,Close,High,Low,Open,Volume
2024-04-24 09:30:00,ATNF,1.9299999475479126,1.9299999475479126,1.9299999475479126,1.9299999475479126,1.9299999475479126,789.0
2024-04-24 09:30:00,BBIG,0.004000000189989805,0.004000000189989805,0.004000000189989805,0.004000000189989805,0.004000000189989805,0.0
2024-04-24 09:30:00,CNET,0.921999990940094,0.921999990940094,0.9221000075340271,0.921999990940094,0.9221000075340271,0.0
2024-04-24 09:30:00,COCO,23.739999771118164,23.739999771118164,23.739999771118164,23.739999771118164,23.739999771118164,2463.0
2024-04-24 09:30:00,DIBS,5.360000133514404,5.360000133514404,5.360000133514404,5.329999923706055,5.329999923706055,0.0
2024-04-24 09:30:00,DSP,8.970000267028809,8.970000267028809,8.970000267028809,8.970000267028809,8.970000267028809,7425.0
2024-04-24 09:30:00,EGHT,2.299999952316284,2.299999952316284,2.299999952316284,2.299999952316284,2.299999952316284,0.0
2024-04-24 09:30:00,ETNB,8.920000076293945,8.920000076293945,8.920000076293945,8.920000076293945,8.920000076293945,6426.0
2024-04-24 09:30:00,FDMT,25.3799991607666,25.3799991607666,25.3799991607666,25.190000534057617,25.190000534057617,9875.0
2024-04-24 09:30:00,FEAM,1.2400000095367432,1.2400000095367432,1.2400000095367432,1.2400000095367432,1.2400000095367432,0.0
2024-04-24 09:30:00,FLWS,9.220000267028809,9.220000267028809,9.220000267028809,9.220000267028809,9.220000267028809,0.0
2024-04-24 09:30:00,GV,0.1589999943971634,0.1589999943971634,0.1589999943971634,0.1589999943971634,0.1589999943971634,1050.0
2024-04-24 09:30:00,HOWL,6.380000114440918,6.380000114440918,6.380000114440918,6.380000114440918,6.380000114440918,1428.0
2024-04-24 09:30:00,JFU,3.4700000286102295,3.4700000286102295,3.4700000286102295,3.4700000286102295,3.4700000286102295,0.0
2024-04-24 09:30:00,MAPS,1.1100000143051147,1.1100000143051147,1.1100000143051147,1.1100000143051147,1.1100000143051147,6928.0
2024-04-24 09:30:00,MASS,5.550000190734863,5.550000190734863,5.550000190734863,5.550000190734863,5.550000190734863,0.0
2024-04-24 09:30:00,ME,0.49000000953674316,0.49000000953674316,0.49399998784065247,0.47510001063346863,0.4819999933242798,90739.0
2024-04-24 09:30:00,PET,2.197999954223633,2.197999954223633,2.200000047683716,2.197999954223633,2.200000047683716,3239.0
2024-04-24 09:30:00,SCWO,1.340000033378601,1.340000033378601,1.340000033378601,1.340000033378601,1.340000033378601,0.0
2024-04-24 09:30:00,SEAT,5.889999866485596,5.889999866485596,5.889999866485596,5.800000190734863,5.800000190734863,26014.0
2024-04-24 09:30:00,SRCE,50.58000183105469,50.58000183105469,50.58000183105469,50.58000183105469,50.58000183105469,0.0
2024-04-24 09:30:00,SXTP,0.2401999980211258,0.2401999980211258,0.2401999980211258,0.2401999980211258,0.2401999980211258,1165.0
2024-04-24 09:30:00,TKLF,0.2280000001192093,0.2280000001192093,0.2280000001192093,0.2280000001192093,0.2280000001192093,770.0
2024-04-24 09:30:00,TSVT,4.630000114440918,4.630000114440918,4.630000114440918,4.630000114440918,4.630000114440918,869.0
2024-04-24 09:30:00,TWOU,0.2531000077724457,0.2531000077724457,0.2531000077724457,0.2529999911785126,0.2529999911785126,51347.0
2024-04-24 09:30:00,TXG,27.959999084472656,27.959999084472656,27.959999084472656,27.84000015258789,27.84000015258789,13486.0
2024-04-24 09:30:00,VANI,1.7899999618530273,1.7899999618530273,1.7899999618530273,1.7899999618530273,1.7899999618530273,12416.0
2024-04-24 09:30:00,VC,108.98999786376953,108.98999786376953,109.0,108.98999786376953,108.98999786376953,0.0
2024-04-24 09:30:00,VCTR,50.689998626708984,50.689998626708984,50.689998626708984,50.689998626708984,50.689998626708984,10135.0
2024-04-24 09:30:00,VERU,1.309999942779541,1.309999942779541,1.309999942779541,1.2999999523162842,1.2999999523162842,39202.0
2024-04-24 09:30:00,VERV,6.8383002281188965,6.8383002281188965,6.869999885559082,6.8383002281188965,6.869999885559082,19476.0
2024-04-24 09:30:00,VERX,28.684999465942383,28.684999465942383,28.725000381469727,28.2549991607666,28.360000610351562,308727.0
2024-04-24 09:30:00,VEV,0.7300000190734863,0.7300000190734863,0.7300000190734863,0.7300000190734863,0.7300000190734863,502.0
2024-04-24 09:30:00,VFF,1.2999999523162842,1.2999999523162842,1.340000033378601,1.2999999523162842,1.340000033378601,41852.0
2024-04-24 09:30:00,VFS,2.569999933242798,2.569999933242798,2.5899999141693115,2.5399999618530273,2.5899999141693115,247361.0
2024-04-24 09:30:00,VFSWW,0.7039999961853027,0.7039999961853027,0.7039999961853027,0.7039999961853027,0.7039999961853027,0.0
2024-04-24 09:30:00,VIA,10.800000190734863,10.800000190734863,10.800000190734863,10.800000190734863,10.800000190734863,0.0
2024-04-24 09:30:00,VIAV,8.0,8.0,8.0,7.96999979019165,7.96999979019165,0.0
2024-04-24 09:30:00,VICR,33.73500061035156,33.73500061035156,33.73500061035156,33.529998779296875,33.529998779296875,8776.0
2024-04-24 09:30:00,VIGL,2.6500000953674316,2.6500000953674316,2.6500000953674316,2.6500000953674316,2.6500000953674316,0.0
2024-04-24 09:30:00,VINC,0.9657999873161316,0.9657999873161316,0.9657999873161316,0.9657999873161316,0.9657999873161316,5811.0
2024-04-24 09:30:00,VINP,10.220000267028809,10.220000267028809,10.300000190734863,10.220000267028809,10.300000190734863,0.0
2024-04-24 09:30:00,VIOT,0.5210000276565552,0.5210000276565552,0.5210000276565552,0.5210000276565552,0.5210000276565552,0.0
2024-04-24 09:30:00,VIR,8.119999885559082,8.119999885559082,8.25,8.100000381469727,8.100000381469727,0.0
2024-04-24 09:30:00,VIRC,10.390000343322754,10.390000343322754,10.390000343322754,10.1899995803833,10.1899995803833,0.0
2024-04-24 09:30:00,VIRI,0.4189999997615814,0.4189999997615814,0.4189999997615814,0.4189999997615814,0.4189999997615814,2912.0
2024-04-24 09:30:00,VIRT,22.06999969482422,22.06999969482422,22.200000762939453,22.0,22.09000015258789,44609.0
2024-04-24 09:30:00,VIRX,0.8700000047683716,0.8700000047683716,0.8700000047683716,0.8700000047683716,0.8700000047683716,7357.0
2024-04-24 09:30:00,VITL,26.610000610351562,26.610000610351562,26.610000610351562,26.530000686645508,26.600000381469727,11191.0
2024-04-24 09:30:00,VIVK,1.5800000429153442,1.5800000429153442,1.5800000429153442,1.5800000429153442,1.5800000429153442,27838.0
2024-04-24 09:30:00,VKTX,65.72000122070312,65.72000122070312,65.75,65.0,65.69999694824219,39154.0
2024-04-24 09:30:00,VLCN,0.2809999883174896,0.2809999883174896,0.28999999165534973,0.2809999883174896,0.28299999237060547,458263.0
2024-04-24 09:30:00,VLGEA,27.350000381469727,27.350000381469727,27.350000381469727,27.350000381469727,27.350000381469727,0.0
2024-04-24 09:30:00,VMD,8.0,8.0,8.0,8.0,8.0,0.0
2024-04-24 09:30:00,VMEO,3.5299999713897705,3.5299999713897705,3.5299999713897705,3.5299999713897705,3.5299999713897705,0.0
2024-04-24 09:30:00,VNET,1.5099999904632568,1.5099999904632568,1.5099999904632568,1.4800000190734863,1.4800000190734863,10887.0
2024-04-24 09:30:00,VNOM,39.68000030517578,39.68000030517578,39.68000030517578,39.68000030517578,39.68000030517578,3637.0
2024-04-24 09:30:00,VOD,8.59000015258789,8.59000015258789,8.609999656677246,8.579999923706055,8.609999656677246,215623.0
2024-04-24 09:30:00,VOR,1.8600000143051147,1.8600000143051147,1.8600000143051147,1.8600000143051147,1.8600000143051147,4783.0
2024-04-24 09:30:00,VRAX,0.6320000290870667,0.6320000290870667,0.6320000290870667,0.6320000290870667,0.6320000290870667,0.0
2024-04-24 09:30:00,VRCA,6.809999942779541,6.809999942779541,6.809999942779541,6.809999942779541,6.809999942779541,772.0
2024-04-24 09:30:00,VRDN,14.680000305175781,14.680000305175781,14.680000305175781,14.380000114440918,14.380000114440918,0.0
2024-04-24 09:30:00,VRM,11.609999656677246,11.609999656677246,11.609999656677246,11.609999656677246,11.609999656677246,699.0
2024-04-24 09:30:00,VRNA,15.800000190734863,15.800000190734863,15.859999656677246,15.800000190734863,15.859999656677246,0.0
2024-04-24 09:30:00,VRRM,24.229999542236328,24.229999542236328,24.290000915527344,24.229999542236328,24.290000915527344,0.0
2024-04-24 09:30:00,VRTS,230.92999267578125,230.92999267578125,230.92999267578125,230.92999267578125,230.92999267578125,0.0
2024-04-24 09:30:00,VRTX,405.4800109863281,405.4800109863281,405.489990234375,404.2799987792969,404.5,24536.0
2024-04-24 09:30:00,VSAT,16.690000534057617,16.690000534057617,16.690000534057617,16.690000534057617,16.690000534057617,6126.0
2024-04-24 09:30:00,VSEC,77.80999755859375,77.80999755859375,77.80999755859375,77.80999755859375,77.80999755859375,0.0
2024-04-24 09:30:00,VSME,0.4059999883174896,0.4059999883174896,0.4059999883174896,0.4059999883174896,0.4059999883174896,4691.0
2024-04-24 09:30:00,VTGN,4.849999904632568,4.849999904632568,4.849999904632568,4.849999904632568,4.849999904632568,788.0
2024-04-24 09:30:00,VTNR,1.659999966621399,1.659999966621399,1.7000000476837158,1.5850000381469727,1.7000000476837158,112296.0
2024-04-24 09:30:00,VTRS,11.300000190734863,11.300000190734863,11.34000015258789,11.270000457763672,11.34000015258789,110498.0
2024-04-24 09:30:00,VTRU,12.899999618530273,12.899999618530273,12.899999618530273,12.899999618530273,12.899999618530273,0.0
2024-04-24 09:30:00,VTSI,12.390000343322754,12.390000343322754,12.390000343322754,12.390000343322754,12.390000343322754,0.0
2024-04-24 09:30:00,VUZI,1.3200000524520874,1.3200000524520874,1.3700000047683716,1.3200000524520874,1.3700000047683716,45155.0
2024-04-24 09:30:00,VVOS,2.625,2.625,2.7200000286102295,2.569999933242798,2.569999933242798,4912.0
2024-04-24 09:30:00,VVPR,3.549999952316284,3.549999952316284,3.549999952316284,3.549999952316284,3.549999952316284,5681.0
2024-04-24 09:30:00,VWE,0.28690001368522644,0.28690001368522644,0.28690001368522644,0.28690001368522644,0.28690001368522644,1945.0
2024-04-24 09:30:00,VYGR,7.639999866485596,7.639999866485596,7.650000095367432,7.639999866485596,7.650000095367432,0.0
2024-04-24 09:30:00,WABC,47.310001373291016,47.310001373291016,47.310001373291016,47.310001373291016,47.310001373291016,0.0
2024-04-24 09:30:00,WAFD,28.34000015258789,28.34000015258789,28.34000015258789,27.760000228881836,28.059999465942383,10625.0
2024-04-24 09:30:00,WALD,5.369999885559082,5.369999885559082,5.369999885559082,5.369999885559082,5.369999885559082,0.0
2024-04-24 09:30:00,WASH,26.09000015258789,26.09000015258789,26.09000015258789,26.09000015258789,26.09000015258789,2134.0
2024-04-24 09:30:00,WAVD,1.8300000429153442,1.8300000429153442,1.8300000429153442,1.8300000429153442,1.8300000429153442,0.0
2024-04-24 09:30:00,WAVS,10.829999923706055,10.829999923706055,10.829999923706055,10.829999923706055,10.829999923706055,0.0
2024-04-24 09:30:00,WB,8.395000457763672,8.395000457763672,8.395000457763672,8.329999923706055,8.329999923706055,68727.0
2024-04-24 09:30:00,WBA,17.850000381469727,17.850000381469727,17.979999542236328,17.75,17.809999465942383,269673.0
2024-04-24 09:30:00,WBD,8.380000114440918,8.380000114440918,8.387499809265137,8.319999694824219,8.34000015258789,387092.0
2024-04-24 09:30:00,WBUY,0.32499998807907104,0.32499998807907104,0.32499998807907104,0.32499998807907104,0.32499998807907104,3363.0
2024-04-24 09:30:00,WDAY,258.260009765625,258.260009765625,258.70001220703125,257.989990234375,257.989990234375,19950.0
2024-04-24 09:30:00,WDC,71.86000061035156,71.86000061035156,72.05000305175781,71.05000305175781,71.05000305175781,206173.0
2024-04-24 09:30:00,WEN,19.920000076293945,19.920000076293945,19.920000076293945,19.84000015258789,19.8700008392334,15893.0
2024-04-24 09:30:00,WERN,35.439998626708984,35.439998626708984,35.439998626708984,35.439998626708984,35.439998626708984,0.0
2024-04-24 09:30:00,WEST,9.90999984741211,9.90999984741211,9.920000076293945,9.90999984741211,9.920000076293945,0.0
2024-04-24 09:30:00,WFRD,126.0,126.0,126.0,119.37000274658203,119.37000274658203,24822.0
2024-04-24 09:30:00,WHF,12.6899995803833,12.6899995803833,12.6899995803833,12.6899995803833,12.6899995803833,2213.0
2024-04-24 09:30:00,WHLM,5.159999847412109,5.159999847412109,5.159999847412109,5.010000228881836,5.050000190734863,0.0
2024-04-24 09:30:00,WHLR,0.14900000393390656,0.14900000393390656,0.15000000596046448,0.14900000393390656,0.15000000596046448,4611.0
2024-04-24 09:30:00,WIMI,0.8700000047683716,0.8700000047683716,0.8945000171661377,0.8700000047683716,0.8899999856948853,4200689.0
2024-04-24 09:30:00,WINA,369.9700012207031,369.9700012207031,369.9700012207031,369.9700012207031,369.9700012207031,0.0
2024-04-24 09:30:00,WING,364.75,364.75,364.75,364.75,364.75,4669.0
2024-04-24 09:30:00,WINT,5.030099868774414,5.030099868774414,5.150000095367432,5.030099868774414,5.150000095367432,4869.0
2024-04-24 09:30:00,WISA,5.309899806976318,5.309899806976318,5.379799842834473,5.260000228881836,5.260000228881836,191852.0
2024-04-24 09:30:00,WIX,125.05000305175781,125.05000305175781,125.05000305175781,124.55000305175781,124.55000305175781,0.0
2024-04-24 09:30:00,WKEY,2.0999999046325684,2.0999999046325684,2.0999999046325684,2.0999999046325684,2.0999999046325684,609.0
2024-04-24 09:30:00,WKHS,0.16249999403953552,0.16249999403953552,0.16449999809265137,0.16220000386238098,0.16220000386238098,306631.0
2024-04-24 09:30:00,WKME,8.0,8.0,8.0,8.0,8.0,0.0
2024-04-24 09:30:00,WKSP,0.3619999885559082,0.3619999885559082,0.3619999885559082,0.3619999885559082,0.3619999885559082,5592.0
2024-04-24 09:30:00,WLDN,28.0,28.0,28.0,27.850000381469727,27.850000381469727,2779.0
2024-04-24 09:30:00,WLDS,0.4672999978065491,0.4672999978065491,0.4672999978065491,0.4672999978065491,0.4672999978065491,3511.0
2024-04-24 09:30:00,WLGS,0.6111000180244446,0.6111000180244446,0.6111000180244446,0.6111000180244446,0.6111000180244446,3272.0
2024-04-24 09:30:00,WMG,32.16999816894531,32.16999816894531,32.16999816894531,32.16999816894531,32.16999816894531,0.0
2024-04-24 09:30:00,WNEB,6.53000020980835,6.53000020980835,6.53000020980835,6.53000020980835,6.53000020980835,557.0
2024-04-24 09:30:00,WPRT,5.860000133514404,5.860000133514404,5.860000133514404,5.860000133514404,5.860000133514404,0.0
2024-04-24 09:30:00,WRAP,2.0199999809265137,2.0199999809265137,2.0199999809265137,2.0199999809265137,2.0199999809265137,6141.0
2024-04-24 09:30:00,WRLD,138.5800018310547,138.5800018310547,138.5800018310547,138.5800018310547,138.5800018310547,0.0
2024-04-24 09:30:00,WSBC,28.139999389648438,28.139999389648438,28.139999389648438,28.139999389648438,28.139999389648438,0.0
2024-04-24 09:30:00,WSBF,11.859999656677246,11.859999656677246,11.859999656677246,11.859999656677246,11.859999656677246,2991.0
2024-04-24 09:30:00,WSC,37.75,37.75,37.79999923706055,37.75,37.75,11085.0
2024-04-24 09:30:00,WSFS,44.0099983215332,44.0099983215332,44.40999984741211,44.0099983215332,44.40999984741211,2646.0
2024-04-24 09:30:00,WTBA,16.6299991607666,16.6299991607666,16.6299991607666,16.6299991607666,16.6299991607666,315.0
2024-04-24 09:30:00,WTFC,99.02999877929688,99.02999877929688,99.02999877929688,99.02999877929688,99.02999877929688,3245.0
2024-04-24 09:30:00,WTFCP,24.959999084472656,24.959999084472656,24.959999084472656,24.959999084472656,24.959999084472656,0.0
2024-04-24 09:30:00,WTW,262.1000061035156,262.1000061035156,262.1000061035156,262.1000061035156,262.1000061035156,3739.0
2024-04-24 09:30:00,WVE,5.050000190734863,5.050000190734863,5.050000190734863,5.050000190734863,5.050000190734863,2922.0
2024-04-24 09:30:00,WVVI,4.550000190734863,4.550000190734863,4.550000190734863,4.550000190734863,4.550000190734863,233.0
2024-04-24 09:30:00,WW,1.7350000143051147,1.7350000143051147,1.7999999523162842,1.7000000476837158,1.7100000381469727,21669.0
2024-04-24 09:30:00,WWD,150.8800048828125,150.8800048828125,150.8800048828125,150.8800048828125,150.8800048828125,0.0
2024-04-24 09:30:00,WYNN,98.7699966430664,98.7699966430664,98.7699966430664,98.3499984741211,98.4800033569336,9595.0
2024-04-24 09:30:00,XBIT,8.220000267028809,8.220000267028809,8.220000267028809,8.220000267028809,8.220000267028809,0.0
2024-04-24 09:30:00,XEL,54.61000061035156,54.61000061035156,54.61000061035156,54.310001373291016,54.310001373291016,62062.0
2024-04-24 09:30:00,XENE,41.15999984741211,41.15999984741211,41.15999984741211,41.15999984741211,41.15999984741211,0.0
2024-04-24 09:30:00,XERS,1.7899999618530273,1.7899999618530273,1.7949999570846558,1.7799999713897705,1.7799999713897705,8829.0
2024-04-24 09:30:00,XFOR,1.25,1.25,1.2699999809265137,1.2400000095367432,1.2599999904632568,92257.0
2024-04-24 09:30:00,XMTR,17.020000457763672,17.020000457763672,17.149999618530273,17.0,17.0,0.0
2024-04-24 09:30:00,XNCR,18.649999618530273,18.649999618530273,18.649999618530273,18.299999237060547,18.389999389648438,0.0
2024-04-24 09:30:00,XNET,1.5800000429153442,1.5800000429153442,1.5800000429153442,1.5800000429153442,1.5800000429153442,864.0
2024-04-24 09:30:00,XOMA,26.139999389648438,26.139999389648438,26.139999389648438,26.139999389648438,26.139999389648438,0.0
2024-04-24 09:30:00,XOS,7.599999904632568,7.599999904632568,7.599999904632568,7.599999904632568,7.599999904632568,1231.0
2024-04-24 09:30:00,XP,20.5,20.5,20.540000915527344,20.489999771118164,20.530000686645508,38710.0
2024-04-24 09:30:00,XPEL,54.47999954223633,54.47999954223633,54.47999954223633,54.47999954223633,54.47999954223633,0.0
2024-04-24 09:30:00,XRTX,2.9600000381469727,2.9600000381469727,2.9600000381469727,2.9600000381469727,2.9600000381469727,0.0
2024-04-24 09:30:00,XRX,14.649999618530273,14.649999618530273,14.800000190734863,14.569999694824219,14.800000190734863,66213.0
2024-04-24 09:30:00,XTLB,2.5399999618530273,2.5399999618530273,2.5399999618530273,2.5399999618530273,2.5399999618530273,0.0
2024-04-24 09:30:00,XWEL,1.440000057220459,1.440000057220459,1.440000057220459,1.440000057220459,1.440000057220459,4258.0
2024-04-24 09:30:00,XXII,1.6799999475479126,1.6799999475479126,1.6799999475479126,1.6799999475479126,1.6799999475479126,4302.0
2024-04-24 09:30:00,YHGJ,1.3600000143051147,1.3600000143051147,1.3600000143051147,1.3600000143051147,1.3600000143051147,0.0
2024-04-24 09:30:00,YI,1.100000023841858,1.100000023841858,1.100000023841858,1.100000023841858,1.100000023841858,566.0
2024-04-24 09:30:00,YMAB,15.245200157165527,15.245200157165527,15.329999923706055,15.199999809265137,15.329999923706055,0.0
2024-04-24 09:30:00,YORW,35.5,35.5,35.5,35.5,35.5,0.0
2024-04-24 09:30:00,YS,0.8228999972343445,0.8228999972343445,0.8228999972343445,0.8228999972343445,0.8228999972343445,2205.0
2024-04-24 09:30:00,YTEN,0.2460000067949295,0.2460000067949295,0.2460000067949295,0.2460000067949295,0.2460000067949295,7718.0
2024-04-24 09:30:00,YTRA,1.2899999618530273,1.2899999618530273,1.2899999618530273,1.2899999618530273,1.2899999618530273,2970.0
2024-04-24 09:30:00,Z,43.775001525878906,43.775001525878906,43.779998779296875,43.63999938964844,43.63999938964844,27900.0
2024-04-24 09:30:00,ZAPP,5.0,5.0,5.0,5.0,5.0,3438.0
2024-04-24 09:30:00,ZAPPW,0.007000000216066837,0.007000000216066837,0.007000000216066837,0.007000000216066837,0.007000000216066837,14164.0
2024-04-24 09:30:00,ZBRA,275.2799987792969,275.2799987792969,275.2799987792969,275.2799987792969,275.2799987792969,2821.0
2024-04-24 09:30:00,ZCMD,1.625,1.625,1.6299999952316284,1.559999942779541,1.5700000524520874,43606.0
2024-04-24 09:30:00,ZD,52.529998779296875,52.529998779296875,52.529998779296875,52.529998779296875,52.529998779296875,0.0
2024-04-24 09:30:00,ZENV,2.180000066757202,2.180000066757202,2.180000066757202,2.180000066757202,2.180000066757202,0.0
2024-04-24 09:30:00,ZFOX,1.1399999856948853,1.1399999856948853,1.1399999856948853,1.1399999856948853,1.1399999856948853,301.0
2024-04-24 09:30:00,ZFOXW,0.08529999852180481,0.08529999852180481,0.08529999852180481,0.08529999852180481,0.08529999852180481,0.0
2024-04-24 09:30:00,ZG,43.150001525878906,43.150001525878906,43.2400016784668,43.14500045776367,43.14500045776367,5893.0
2024-04-24 09:30:00,ZI,15.970000267028809,15.970000267028809,15.970000267028809,15.90999984741211,15.90999984741211,19457.0
2024-04-24 09:30:00,ZIMV,16.049999237060547,16.049999237060547,16.049999237060547,16.049999237060547,16.049999237060547,0.0
2024-04-24 09:30:00,ZION,41.22999954223633,41.22999954223633,41.22999954223633,41.22999954223633,41.22999954223633,9743.0
2024-04-24 09:30:00,ZLAB,15.880000114440918,15.880000114440918,15.890000343322754,15.880000114440918,15.890000343322754,8763.0
2024-04-24 09:30:00,ZM,62.04499816894531,62.04499816894531,62.15999984741211,61.86000061035156,62.0,60502.0
2024-04-24 09:30:00,ZNTL,12.5,12.5,12.5,12.5,12.5,0.0
2024-04-24 09:30:00,ZS,179.7899932861328,179.7899932861328,179.7899932861328,179.13999938964844,179.13999938964844,35161.0
2024-04-24 09:30:00,ZTEK,1.100000023841858,1.100000023841858,1.100000023841858,1.100000023841858,1.100000023841858,387.0
2024-04-24 09:30:00,ZUMZ,16.979999542236328,16.979999542236328,16.979999542236328,16.93000030517578,16.93000030517578,0.0
2024-04-24 09:30:00,ZURA,3.425600051879883,3.425600051879883,3.4700000286102295,3.425600051879883,3.4700000286102295,0.0
2024-04-24 09:30:00,ZVRA,4.570000171661377,4.570000171661377,4.579999923706055,4.565000057220459,4.579999923706055,2365.0
2024-04-24 09:30:00,ZVSA,0.5989999771118164,0.5989999771118164,0.5989999771118164,0.5989999771118164,0.5989999771118164,8215.0
2024-04-24 09:30:00,ZYME,8.520000457763672,8.520000457763672,8.579999923706055,8.520000457763672,8.579999923706055,0.0
2024-04-24 09:30:00,ZYXI,11.430000305175781,11.430000305175781,11.430000305175781,11.359999656677246,11.359999656677246,0.0
2024-04-24 09:31:00,COCO,23.729999542236328,23.729999542236328,23.729999542236328,23.729999542236328,23.729999542236328,1531.0
2024-04-24 09:31:00,DIBS,5.360000133514404,5.360000133514404,5.360000133514404,5.360000133514404,5.360000133514404,1995.0
2024-04-24 09:31:00,EGHT,2.319999933242798,2.319999933242798,2.319999933242798,2.319999933242798,2.319999933242798,476.0
2024-04-24 09:31:00,ETNB,9.104999542236328,9.104999542236328,9.104999542236328,9.104999542236328,9.104999542236328,848.0
2024-04-24 09:31:00,ME,0.4832000136375427,0.4832000136375427,0.4832000136375427,0.4821999967098236,0.4821999967098236,24025.0
2024-04-24 09:31:00,SEAT,5.800000190734863,5.800000190734863,5.800000190734863,5.800000190734863,5.800000190734863,4517.0
2024-04-24 09:31:00,TKLF,0.23199999332427979,0.23199999332427979,0.23199999332427979,0.23199999332427979,0.23199999332427979,461.0
2024-04-24 09:31:00,TSVT,4.738900184631348,4.738900184631348,4.738900184631348,4.738900184631348,4.738900184631348,887.0
2024-04-24 09:31:00,TWOU,0.2535000145435333,0.2535000145435333,0.25360000133514404,0.2533999979496002,0.25360000133514404,92781.0
2024-04-24 09:31:00,TXG,27.639999389648438,27.639999389648438,27.888999938964844,27.639999389648438,27.888999938964844,3400.0
2024-04-24 09:31:00,VANI,1.7910000085830688,1.7910000085830688,1.7910000085830688,1.7910000085830688,1.7910000085830688,536.0
2024-04-24 09:31:00,VCTR,50.97439956665039,50.97439956665039,50.97439956665039,50.72999954223633,50.72999954223633,1196.0
2024-04-24 09:31:00,VERU,1.3300000429153442,1.3300000429153442,1.3300000429153442,1.3249000310897827,1.3249000310897827,15995.0
2024-04-24 09:31:00,VERV,6.800000190734863,6.800000190734863,6.800000190734863,6.800000190734863,6.800000190734863,1862.0
2024-04-24 09:31:00,VERX,28.37980079650879,28.37980079650879,28.395000457763672,28.309999465942383,28.395000457763672,34978.0
2024-04-24 09:31:00,VFF,1.2699999809265137,1.2699999809265137,1.2999999523162842,1.2619999647140503,1.2999999523162842,39250.0
2024-04-24 09:31:00,VFS,2.575000047683716,2.575000047683716,2.579900026321411,2.549999952316284,2.549999952316284,34402.0
2024-04-24 09:31:00,VIAV,7.960000038146973,7.960000038146973,8.010000228881836,7.960000038146973,8.010000228881836,2301.0
2024-04-24 09:31:00,VIGL,2.7200000286102295,2.7200000286102295,2.7200000286102295,2.7200000286102295,2.7200000286102295,1652.0
2024-04-24 09:31:00,VIRT,22.729999542236328,22.729999542236328,22.799999237060547,22.049999237060547,22.049999237060547,50070.0
2024-04-24 09:31:00,VIRX,0.8999999761581421,0.8999999761581421,0.8999999761581421,0.8999999761581421,0.8999999761581421,0.0
2024-04-24 09:31:00,VITL,26.56999969482422,26.56999969482422,26.56999969482422,26.454999923706055,26.454999923706055,6595.0
2024-04-24 09:31:00,VIVK,1.6200000047683716,1.6200000047683716,1.6200000047683716,1.6200000047683716,1.6200000047683716,10137.0
2024-04-24 09:31:00,VKTX,65.25,65.25,65.73200225830078,64.92500305175781,65.73200225830078,7127.0
2024-04-24 09:31:00,VLCN,0.2865000069141388,0.2865000069141388,0.2865000069141388,0.2854999899864197,0.28610000014305115,56380.0
2024-04-24 09:31:00,VMEO,3.559999942779541,3.559999942779541,3.559999942779541,3.559999942779541,3.559999942779541,10153.0
2024-04-24 09:31:00,VNET,1.4900000095367432,1.4900000095367432,1.4900000095367432,1.4800000190734863,1.4800000190734863,32168.0
2024-04-24 09:31:00,VNOM,39.505001068115234,39.505001068115234,39.505001068115234,39.49449920654297,39.49449920654297,758.0
2024-04-24 09:31:00,VOD,8.579999923706055,8.579999923706055,8.595000267028809,8.579999923706055,8.595000267028809,29623.0
2024-04-24 09:31:00,VRRM,24.18000030517578,24.18000030517578,24.229999542236328,24.18000030517578,24.229999542236328,1158.0
2024-04-24 09:31:00,VRTS,236.0399932861328,236.0399932861328,236.0399932861328,236.0399932861328,236.0399932861328,163.0
2024-04-24 09:31:00,VRTX,404.6000061035156,404.6000061035156,404.92498779296875,404.6000061035156,404.92498779296875,2079.0
2024-04-24 09:31:00,VSAT,16.75979995727539,16.75979995727539,16.851600646972656,16.75979995727539,16.851600646972656,1868.0
2024-04-24 09:31:00,VSME,0.4000999927520752,0.4000999927520752,0.4000999927520752,0.4000999927520752,0.4000999927520752,7002.0
2024-04-24 09:31:00,VTGN,4.849999904632568,4.849999904632568,4.849999904632568,4.849999904632568,4.849999904632568,462.0
2024-04-24 09:31:00,VTNR,1.600000023841858,1.600000023841858,1.6395000219345093,1.600000023841858,1.6349999904632568,21198.0
2024-04-24 09:31:00,VTRS,11.279999732971191,11.279999732971191,11.319999694824219,11.279999732971191,11.319999694824219,25558.0
2024-04-24 09:31:00,VUZI,1.3350000381469727,1.3350000381469727,1.3350000381469727,1.3350000381469727,1.3350000381469727,5257.0
2024-04-24 09:31:00,VYGR,7.630000114440918,7.630000114440918,7.630000114440918,7.630000114440918,7.630000114440918,2033.0
2024-04-24 09:31:00,WAFD,28.2549991607666,28.2549991607666,28.2549991607666,28.2549991607666,28.2549991607666,200.0
2024-04-24 09:31:00,WB,8.46500015258789,8.46500015258789,8.46500015258789,8.449999809265137,8.460000038146973,94020.0
2024-04-24 09:31:00,WBA,17.81999969482422,17.81999969482422,17.84000015258789,17.809999465942383,17.81999969482422,25155.0
2024-04-24 09:31:00,WBD,8.335000038146973,8.335000038146973,8.375,8.335000038146973,8.375,77428.0
2024-04-24 09:31:00,WDAY,258.5400085449219,258.5400085449219,258.5400085449219,258.5400085449219,258.5400085449219,439.0
2024-04-24 09:31:00,WDC,71.7699966430664,71.7699966430664,71.9800033569336,71.29499816894531,71.56500244140625,81707.0
2024-04-24 09:31:00,WEN,19.809999465942383,19.809999465942383,19.84000015258789,19.809999465942383,19.84000015258789,9820.0
2024-04-24 09:31:00,WERN,35.5099983215332,35.5099983215332,35.5099983215332,35.5099983215332,35.5099983215332,724.0
2024-04-24 09:31:00,WFRD,123.07939910888672,123.07939910888672,124.875,123.07939910888672,124.875,22350.0
2024-04-24 09:31:00,WIMI,0.878600001335144,0.878600001335144,0.8899999856948853,0.8622999787330627,0.8700000047683716,76106.0
2024-04-24 09:31:00,WINT,5.159999847412109,5.159999847412109,5.200099945068359,5.159999847412109,5.200099945068359,1355.0
2024-04-24 09:31:00,WISA,5.463200092315674,5.463200092315674,5.539899826049805,5.309999942779541,5.389999866485596,17570.0
2024-04-24 09:31:00,WKHS,0.16429999470710754,0.16429999470710754,0.16429999470710754,0.16210000216960907,0.16249999403953552,614865.0
2024-04-24 09:31:00,WKSP,0.3619999885559082,0.3619999885559082,0.3619999885559082,0.3619999885559082,0.3619999885559082,2079.0
2024-04-24 09:31:00,WLDN,27.80500030517578,27.80500030517578,27.80500030517578,27.80500030517578,27.80500030517578,1477.0
2024-04-24 09:31:00,WLGS,0.6098999977111816,0.6098999977111816,0.6098999977111816,0.6098999977111816,0.6098999977111816,175.0
2024-04-24 09:31:00,WMG,32.130001068115234,32.130001068115234,32.130001068115234,32.130001068115234,32.130001068115234,680.0
2024-04-24 09:31:00,WNEB,6.449999809265137,6.449999809265137,6.449999809265137,6.449999809265137,6.449999809265137,300.0
2024-04-24 09:31:00,WSBC,28.395000457763672,28.395000457763672,28.395000457763672,28.395000457763672,28.395000457763672,352.0
2024-04-24 09:31:00,WSC,37.60499954223633,37.60499954223633,37.71500015258789,37.58000183105469,37.71500015258789,5682.0
2024-04-24 09:31:00,WSFS,44.20500183105469,44.20500183105469,44.65999984741211,44.20500183105469,44.65999984741211,365.0
2024-04-24 09:31:00,WVE,5.085000038146973,5.085000038146973,5.085000038146973,5.019999980926514,5.019999980926514,415.0
2024-04-24 09:31:00,WW,1.7050000429153442,1.7050000429153442,1.7099000215530396,1.7022000551223755,1.7050000429153442,29095.0
2024-04-24 09:31:00,WWD,149.89999389648438,149.89999389648438,149.89999389648438,149.89999389648438,149.89999389648438,977.0
2024-04-24 09:31:00,WYNN,98.47000122070312,98.47000122070312,98.66500091552734,98.47000122070312,98.625,2712.0
2024-04-24 09:31:00,XEL,54.29499816894531,54.29499816894531,54.459999084472656,54.290000915527344,54.45000076293945,5547.0
2024-04-24 09:31:00,XERS,1.7799999713897705,1.7799999713897705,1.7899999618530273,1.7799999713897705,1.7899999618530273,6244.0
2024-04-24 09:31:00,XFOR,1.2369999885559082,1.2369999885559082,1.25,1.2369999885559082,1.25,54653.0
2024-04-24 09:31:00,XMTR,17.09000015258789,17.09000015258789,17.209999084472656,17.09000015258789,17.209999084472656,12264.0
2024-04-24 09:31:00,XNCR,18.280000686645508,18.280000686645508,18.280000686645508,18.280000686645508,18.280000686645508,695.0
2024-04-24 09:31:00,XP,20.43000030517578,20.43000030517578,20.46500015258789,20.43000030517578,20.46500015258789,10647.0
2024-04-24 09:31:00,XRX,14.479999542236328,14.479999542236328,14.720000267028809,14.479999542236328,14.694999694824219,30073.0
2024-04-24 09:31:00,XXII,1.6699999570846558,1.6699999570846558,1.6699999570846558,1.6699999570846558,1.6699999570846558,1559.0
2024-04-24 09:31:00,YMAB,15.170000076293945,15.170000076293945,15.199999809265137,15.15999984741211,15.199999809265137,1089.0
2024-04-24 09:31:00,YORW,35.119998931884766,35.119998931884766,35.310001373291016,35.119998931884766,35.310001373291016,439.0
2024-04-24 09:31:00,YTEN,0.2517000138759613,0.2517000138759613,0.2517000138759613,0.2517000138759613,0.2517000138759613,0.0
2024-04-24 09:31:00,Z,43.790000915527344,43.790000915527344,43.915000915527344,43.7400016784668,43.7400016784668,7677.0
2024-04-24 09:31:00,ZAPP,4.6041998863220215,4.6041998863220215,4.6041998863220215,4.6041998863220215,4.6041998863220215,609.0
2024-04-24 09:31:00,ZD,52.75,52.75,52.84000015258789,52.75,52.84000015258789,740.0
2024-04-24 09:31:00,ZENV,2.1621999740600586,2.1621999740600586,2.1621999740600586,2.1621999740600586,2.1621999740600586,479.0
2024-04-24 09:31:00,ZG,43.31999969482422,43.31999969482422,43.38999938964844,43.15999984741211,43.15999984741211,7415.0
2024-04-24 09:31:00,ZI,15.890000343322754,15.890000343322754,15.90999984741211,15.890000343322754,15.90999984741211,2343.0
2024-04-24 09:31:00,ZION,41.310001373291016,41.310001373291016,41.380001068115234,41.310001373291016,41.380001068115234,2934.0
2024-04-24 09:31:00,ZLAB,15.854999542236328,15.854999542236328,15.9399995803833,15.854999542236328,15.9399995803833,4882.0
2024-04-24 09:31:00,ZM,61.994998931884766,61.994998931884766,62.099998474121094,61.9900016784668,62.08250045776367,18648.0
2024-04-24 09:31:00,ZNTL,12.210000038146973,12.210000038146973,12.210000038146973,12.210000038146973,12.210000038146973,444.0
2024-04-24 09:31:00,ZS,178.22999572753906,178.22999572753906,178.83999633789062,178.22999572753906,178.77000427246094,6094.0
2024-04-24 09:31:00,ZTEK,1.1100000143051147,1.1100000143051147,1.1100000143051147,1.100000023841858,1.100000023841858,202.0
2024-04-24 09:32:00,COCO,23.604999542236328,23.604999542236328,23.604999542236328,23.600000381469727,23.600000381469727,423.0
2024-04-24 09:32:00,DIBS,5.440000057220459,5.440000057220459,5.440000057220459,5.360000133514404,5.360000133514404,319.0
2024-04-24 09:32:00,EGHT,2.305000066757202,2.305000066757202,2.309999942779541,2.305000066757202,2.309999942779541,1964.0
2024-04-24 09:32:00,FREE,4.820000171661377,4.820000171661377,4.820000171661377,4.820000171661377,4.820000171661377,2623.0
2024-04-24 09:32:00,HOWL,6.44950008392334,6.44950008392334,6.44950008392334,6.44950008392334,6.44950008392334,394.0
2024-04-24 09:32:00,MAPS,1.1050000190734863,1.1050000190734863,1.1050000190734863,1.1050000190734863,1.1050000190734863,148.0
2024-04-24 09:32:00,MASS,5.537499904632568,5.537499904632568,5.539999961853027,5.537499904632568,5.539999961853027,1455.0
2024-04-24 09:32:00,ME,0.4828999936580658,0.4828999936580658,0.4828999936580658,0.4828999936580658,0.4828999936580658,1272.0
2024-04-24 09:32:00,TSVT,4.599999904632568,4.599999904632568,4.610000133514404,4.559999942779541,4.610000133514404,12691.0
2024-04-24 09:32:00,TWOU,0.25,0.25,0.2502000033855438,0.25,0.2500999867916107,109782.0
2024-04-24 09:32:00,TXG,27.6200008392334,27.6200008392334,27.6200008392334,27.520000457763672,27.6200008392334,3993.0
2024-04-24 09:32:00,VCTR,50.52000045776367,50.52000045776367,50.72999954223633,50.31999969482422,50.72999954223633,9030.0
2024-04-24 09:32:00,VERU,1.3385000228881836,1.3385000228881836,1.340000033378601,1.32260000705719,1.32260000705719,10010.0
2024-04-24 09:32:00,VERV,6.78000020980835,6.78000020980835,6.78000020980835,6.730000019073486,6.730000019073486,7906.0
2024-04-24 09:32:00,VERX,28.315000534057617,28.315000534057617,28.360000610351562,28.260000228881836,28.360000610351562,22251.0
2024-04-24 09:32:00,VFF,1.284999966621399,1.284999966621399,1.2999999523162842,1.2799999713897705,1.2799999713897705,10535.0
2024-04-24 09:32:00,VFS,2.575000047683716,2.575000047683716,2.577500104904175,2.549999952316284,2.569999933242798,28409.0
2024-04-24 09:32:00,VFSWW,0.4099999964237213,0.4099999964237213,0.4099999964237213,0.4099999964237213,0.4099999964237213,0.0
2024-04-24 09:32:00,VIAV,7.980000019073486,7.980000019073486,7.980000019073486,7.960000038146973,7.960000038146973,5586.0
2024-04-24 09:32:00,VICR,34.17499923706055,34.17499923706055,34.54999923706055,34.17499923706055,34.17499923706055,2414.0
2024-04-24 09:32:00,VINC,0.9649999737739563,0.9649999737739563,0.9649999737739563,0.9649999737739563,0.9649999737739563,2177.0
2024-04-24 09:32:00,VINP,10.331999778747559,10.331999778747559,10.331999778747559,10.220000267028809,10.220000267028809,827.0
2024-04-24 09:32:00,VIOT,0.555400013923645,0.555400013923645,0.5554999709129333,0.555400013923645,0.5554999709129333,13000.0
2024-04-24 09:32:00,VIR,8.109999656677246,8.109999656677246,8.109999656677246,8.069999694824219,8.109999656677246,12355.0
2024-04-24 09:32:00,VIRC,10.345000267028809,10.345000267028809,10.345000267028809,10.345000267028809,10.345000267028809,285.0
2024-04-24 09:32:00,VIRI,0.4350000023841858,0.4350000023841858,0.4350000023841858,0.4350000023841858,0.4350000023841858,1467.0
2024-04-24 09:32:00,VIRT,22.440000534057617,22.440000534057617,22.780000686645508,22.434999465942383,22.780000686645508,6638.0
2024-04-24 09:32:00,VIVK,1.590000033378601,1.590000033378601,1.590000033378601,1.590000033378601,1.590000033378601,510.0
2024-04-24 09:32:00,VKTX,65.1500015258789,65.1500015258789,65.30000305175781,65.09049987792969,65.1050033569336,3197.0
2024-04-24 09:32:00,VLCN,0.2928999960422516,0.2928999960422516,0.2939999997615814,0.2865000069141388,0.2939999997615814,7605.0
2024-04-24 09:32:00,VMEO,3.549999952316284,3.549999952316284,3.549999952316284,3.5450000762939453,3.5450000762939453,1103.0
2024-04-24 09:32:00,VNET,1.5,1.5,1.5,1.4850000143051147,1.4850000143051147,0.0
2024-04-24 09:32:00,VOD,8.569999694824219,8.569999694824219,8.574999809265137,8.5600004196167,8.574999809265137,110879.0
2024-04-24 09:32:00,VRNA,15.75,15.75,15.75,15.75,15.75,1817.0
2024-04-24 09:32:00,VRPX,3.1500000953674316,3.1500000953674316,3.1500000953674316,3.1500000953674316,3.1500000953674316,0.0
2024-04-24 09:32:00,VRRM,24.350000381469727,24.350000381469727,24.350000381469727,24.18000030517578,24.18000030517578,2793.0
2024-04-24 09:32:00,VRTX,404.635009765625,404.635009765625,404.6400146484375,404.635009765625,404.6400146484375,2546.0
2024-04-24 09:32:00,VSAT,16.55500030517578,16.55500030517578,16.649999618530273,16.530000686645508,16.639999389648438,3321.0
2024-04-24 09:32:00,VTGN,4.849999904632568,4.849999904632568,4.849999904632568,4.849999904632568,4.849999904632568,13135.0
2024-04-24 09:32:00,VTNR,1.6050000190734863,1.6050000190734863,1.6198999881744385,1.5850000381469727,1.600000023841858,73951.0
2024-04-24 09:32:00,VTRS,11.279999732971191,11.279999732971191,11.279999732971191,11.260000228881836,11.260000228881836,4106.0
2024-04-24 09:32:00,VTSI,12.3100004196167,12.3100004196167,12.3100004196167,12.3100004196167,12.3100004196167,501.0
2024-04-24 09:32:00,VUZI,1.3350000381469727,1.3350000381469727,1.340000033378601,1.3350000381469727,1.3350000381469727,810.0
2024-04-24 09:32:00,VYGR,7.628799915313721,7.628799915313721,7.628799915313721,7.628799915313721,7.628799915313721,264.0
2024-04-24 09:32:00,WAFD,28.239999771118164,28.239999771118164,28.239999771118164,28.239999771118164,28.239999771118164,878.0
2024-04-24 09:32:00,WB,8.460000038146973,8.460000038146973,8.470000267028809,8.4399995803833,8.460000038146973,21260.0
2024-04-24 09:32:00,WBA,17.84000015258789,17.84000015258789,17.84000015258789,17.760000228881836,17.799999237060547,43726.0
2024-04-24 09:32:00,WBD,8.342000007629395,8.342000007629395,8.359999656677246,8.324299812316895,8.335000038146973,78950.0
2024-04-24 09:32:00,WDAY,257.69000244140625,257.69000244140625,258.1099853515625,257.0400085449219,257.8599853515625,7956.0
2024-04-24 09:32:00,WDC,71.12999725341797,71.12999725341797,72.11000061035156,71.12999725341797,71.95999908447266,59979.0
2024-04-24 09:32:00,WEN,19.81999969482422,19.81999969482422,19.81999969482422,19.770000457763672,19.799999237060547,2188.0
2024-04-24 09:32:00,WFRD,123.41000366210938,123.41000366210938,123.41000366210938,121.74970245361328,123.25,12657.0
2024-04-24 09:32:00,WIMI,0.8798999786376953,0.8798999786376953,0.8880000114440918,0.8701000213623047,0.878000020980835,37931.0
2024-04-24 09:32:00,WISA,5.434500217437744,5.434500217437744,5.460299968719482,5.38100004196167,5.460299968719482,4511.0
2024-04-24 09:32:00,WKHS,0.1623000055551529,0.1623000055551529,0.16410000622272491,0.16089999675750732,0.16410000622272491,9105.0
2024-04-24 09:32:00,WMG,31.959999084472656,31.959999084472656,32.060001373291016,31.940000534057617,32.040000915527344,4056.0
2024-04-24 09:32:00,WSBC,28.049999237060547,28.049999237060547,28.1299991607666,28.049999237060547,28.1299991607666,1053.0
2024-04-24 09:32:00,WSFS,44.595001220703125,44.595001220703125,44.595001220703125,44.56999969482422,44.56999969482422,657.0
2024-04-24 09:32:00,WW,1.6950000524520874,1.6950000524520874,1.7050000429153442,1.6950000524520874,1.7050000429153442,2161.0
2024-04-24 09:32:00,WYNN,98.09010314941406,98.09010314941406,98.26000213623047,98.09010314941406,98.26000213623047,1284.0
2024-04-24 09:32:00,XEL,54.38999938964844,54.38999938964844,54.38999938964844,54.150001525878906,54.29970169067383,4527.0
2024-04-24 09:32:00,XERS,1.7699999809265137,1.7699999809265137,1.7699999809265137,1.7699999809265137,1.7699999809265137,2079.0
2024-04-24 09:32:00,XFOR,1.2300000190734863,1.2300000190734863,1.2300000190734863,1.225000023841858,1.2299000024795532,12917.0
2024-04-24 09:32:00,XOSWW,0.03359999880194664,0.03359999880194664,0.03359999880194664,0.03359999880194664,0.03359999880194664,0.0
2024-04-24 09:32:00,XP,20.3700008392334,20.3700008392334,20.399999618530273,20.36910057067871,20.399999618530273,8007.0
2024-04-24 09:32:00,XRX,14.460000038146973,14.460000038146973,14.510000228881836,14.359999656677246,14.489999771118164,15164.0
2024-04-24 09:32:00,YTRA,1.2899999618530273,1.2899999618530273,1.2899999618530273,1.2899999618530273,1.2899999618530273,446.0
2024-04-24 09:32:00,Z,43.560001373291016,43.560001373291016,43.64500045776367,43.540000915527344,43.619998931884766,2517.0
2024-04-24 09:32:00,ZCMD,1.6490000486373901,1.6490000486373901,1.6490000486373901,1.6490000486373901,1.6490000486373901,1459.0
2024-04-24 09:32:00,ZD,52.79499816894531,52.79499816894531,52.79499816894531,52.79499816894531,52.79499816894531,459.0
2024-04-24 09:32:00,ZI,15.8100004196167,15.8100004196167,15.829999923706055,15.8100004196167,15.829999923706055,1908.0
2024-04-24 09:32:00,ZION,41.30500030517578,41.30500030517578,41.30500030517578,41.189998626708984,41.189998626708984,2101.0
2024-04-24 09:32:00,ZIVOW,0.27000001072883606,0.27000001072883606,0.27000001072883606,0.27000001072883606,0.27000001072883606,3000.0
2024-04-24 09:32:00,ZLAB,16.059999465942383,16.059999465942383,16.059999465942383,15.84000015258789,15.850000381469727,12295.0
2024-04-24 09:32:00,ZM,61.78499984741211,61.78499984741211,61.974998474121094,61.78499984741211,61.974998474121094,6561.0
2024-04-24 09:32:00,ZS,178.375,178.375,178.38499450683594,178.34750366210938,178.38499450683594,761.0
2024-04-24 09:32:00,ZVRA,4.565000057220459,4.565000057220459,4.565000057220459,4.559999942779541,4.565000057220459,2547.0
2024-04-24 09:33:00,DIBS,5.360000133514404,5.360000133514404,5.360000133514404,5.360000133514404,5.360000133514404,2319.0
2024-04-24 09:33:00,DSP,8.859999656677246,8.859999656677246,8.880000114440918,8.859999656677246,8.880000114440918,903.0
2024-04-24 09:33:00,GV,0.15569999814033508,0.15569999814033508,0.15569999814033508,0.15569999814033508,0.15569999814033508,510.0
2024-04-24 09:33:00,KRKR,0.37700000405311584,0.37700000405311584,0.37700000405311584,0.37700000405311584,0.37700000405311584,0.0
2024-04-24 09:33:00,MASS,5.554999828338623,5.554999828338623,5.590000152587891,5.554999828338623,5.590000152587891,534.0
2024-04-24 09:33:00,ME,0.4756999909877777,0.4756999909877777,0.48829999566078186,0.4740000069141388,0.48829999566078186,61815.0
2024-04-24 09:33:00,SEAT,5.820000171661377,5.820000171661377,5.820000171661377,5.820000171661377,5.820000171661377,1400.0
2024-04-24 09:33:00,TSVT,4.630000114440918,4.630000114440918,4.650000095367432,4.629499912261963,4.630000114440918,6585.0
2024-04-24 09:33:00,TWOU,0.24500000476837158,0.24500000476837158,0.24899999797344208,0.24500000476837158,0.24899999797344208,0.0
2024-04-24 09:33:00,TXG,27.600000381469727,27.600000381469727,27.600000381469727,27.531099319458008,27.559999465942383,1649.0
2024-04-24 09:33:00,VCTR,50.34000015258789,50.34000015258789,50.34000015258789,50.310001373291016,50.33409881591797,1265.0
2024-04-24 09:33:00,VERU,1.3598999977111816,1.3598999977111816,1.3600000143051147,1.3300000429153442,1.3300000429153442,2552.0
2024-04-24 09:33:00,VERV,6.809999942779541,6.809999942779541,6.809999942779541,6.779799938201904,6.779799938201904,1704.0
2024-04-24 09:33:00,VERX,28.149999618530273,28.149999618530273,28.30500030517578,28.125,28.295000076293945,10061.0
2024-04-24 09:33:00,VFF,1.3049999475479126,1.3049999475479126,1.3049999475479126,1.2999999523162842,1.2999999523162842,115.0
2024-04-24 09:33:00,VFS,2.570199966430664,2.570199966430664,2.5799999237060547,2.570199966430664,2.575000047683716,10536.0
2024-04-24 09:33:00,VICR,34.470001220703125,34.470001220703125,34.47999954223633,34.17499923706055,34.22959899902344,3291.0
2024-04-24 09:33:00,VINC,0.964900016784668,0.964900016784668,0.964900016784668,0.964900016784668,0.964900016784668,2961.0
2024-04-24 09:33:00,VIR,8.119999885559082,8.119999885559082,8.139900207519531,8.109999656677246,8.139900207519531,612.0
2024-04-24 09:33:00,VIRC,10.520000457763672,10.520000457763672,10.520000457763672,10.5,10.5,1459.0
2024-04-24 09:33:00,VIRT,22.46500015258789,22.46500015258789,22.579999923706055,22.235000610351562,22.489999771118164,32466.0
2024-04-24 09:33:00,VIRX,0.8700000047683716,0.8700000047683716,0.8700000047683716,0.8700000047683716,0.8700000047683716,2000.0
2024-04-24 09:33:00,VITL,26.514999389648438,26.514999389648438,26.514999389648438,26.514999389648438,26.514999389648438,976.0
2024-04-24 09:33:00,VIVK,1.659999966621399,1.659999966621399,1.659999966621399,1.6200000047683716,1.6200000047683716,10723.0
2024-04-24 09:33:00,VKTX,65.73999786376953,65.73999786376953,65.73999786376953,65.08999633789062,65.23999786376953,4346.0
2024-04-24 09:33:00,VLCN,0.29899999499320984,0.29899999499320984,0.304500013589859,0.2980000078678131,0.2989000082015991,42865.0
2024-04-24 09:33:00,VMEO,3.5536999702453613,3.5536999702453613,3.5536999702453613,3.5536999702453613,3.5536999702453613,2757.0
2024-04-24 09:33:00,VNET,1.5189000368118286,1.5189000368118286,1.5189000368118286,1.5,1.5,11007.0
2024-04-24 09:33:00,VOD,8.579999923706055,8.579999923706055,8.579999923706055,8.574999809265137,8.574999809265137,5668.0
2024-04-24 09:33:00,VRTX,405.57000732421875,405.57000732421875,405.989990234375,405.239990234375,405.2799987792969,1936.0
2024-04-24 09:33:00,VTNR,1.625,1.625,1.6299999952316284,1.6022000312805176,1.6022000312805176,40454.0
2024-04-24 09:33:00,VTRS,11.279999732971191,11.279999732971191,11.279999732971191,11.265000343322754,11.279999732971191,5196.0
2024-04-24 09:33:00,VTSI,12.27079963684082,12.27079963684082,12.27079963684082,12.27079963684082,12.27079963684082,400.0
2024-04-24 09:33:00,VUZI,1.350000023841858,1.350000023841858,1.350000023841858,1.3450000286102295,1.3496999740600586,1650.0
2024-04-24 09:33:00,VVPR,3.6898999214172363,3.6898999214172363,3.6898999214172363,3.6898999214172363,3.6898999214172363,421.0
2024-04-24 09:33:00,WAFD,28.25,28.25,28.25,28.25,28.25,1794.0
2024-04-24 09:33:00,WB,8.4350004196167,8.4350004196167,8.460000038146973,8.4306001663208,8.460000038146973,7733.0
2024-04-24 09:33:00,WBA,17.860000610351562,17.860000610351562,17.869800567626953,17.81999969482422,17.825000762939453,10583.0
2024-04-24 09:33:00,WBD,8.380000114440918,8.380000114440918,8.380000114440918,8.335000038146973,8.349100112915039,43166.0
2024-04-24 09:33:00,WBUY,0.33250001072883606,0.33250001072883606,0.33250001072883606,0.33250001072883606,0.33250001072883606,1003.0
2024-04-24 09:33:00,WDAY,257.80499267578125,257.80499267578125,258.19500732421875,257.67999267578125,257.7349853515625,1076.0
2024-04-24 09:33:00,WDC,71.19999694824219,71.19999694824219,71.62000274658203,70.9800033569336,71.2699966430664,88700.0
2024-04-24 09:33:00,WEN,19.860000610351562,19.860000610351562,19.860000610351562,19.809999465942383,19.809999465942383,875.0
2024-04-24 09:33:00,WFRD,122.80000305175781,122.80000305175781,123.5,122.33000183105469,123.5,3904.0
2024-04-24 09:33:00,WHF,12.700499534606934,12.700499534606934,12.700499534606934,12.700499534606934,12.700499534606934,324.0
2024-04-24 09:33:00,WIMI,0.8898000121116638,0.8898000121116638,0.8899999856948853,0.8799999952316284,0.8848999738693237,130315.0
2024-04-24 09:33:00,WINT,5.03000020980835,5.03000020980835,5.277900218963623,5.03000020980835,5.277900218963623,6043.0
2024-04-24 09:33:00,WISA,5.480000019073486,5.480000019073486,5.504000186920166,5.45389986038208,5.479800224304199,9598.0
2024-04-24 09:33:00,WKHS,0.16359999775886536,0.16359999775886536,0.16359999775886536,0.16089999675750732,0.1623000055551529,70298.0
2024-04-24 09:33:00,WMG,32.029998779296875,32.029998779296875,32.029998779296875,32.02000045776367,32.029998779296875,877.0
2024-04-24 09:33:00,WSC,37.709999084472656,37.709999084472656,37.709999084472656,37.709999084472656,37.709999084472656,535.0
2024-04-24 09:33:00,WSFS,44.529998779296875,44.529998779296875,44.650001525878906,44.529998779296875,44.630001068115234,662.0
2024-04-24 09:33:00,WTFC,99.79000091552734,99.79000091552734,99.79000091552734,99.79000091552734,99.79000091552734,257.0
2024-04-24 09:33:00,WVE,5.010000228881836,5.010000228881836,5.050000190734863,5.010000228881836,5.050000190734863,336.0
2024-04-24 09:33:00,WW,1.6950000524520874,1.6950000524520874,1.6950000524520874,1.6950000524520874,1.6950000524520874,715.0
2024-04-24 09:33:00,WYNN,98.11000061035156,98.11000061035156,98.26000213623047,98.11000061035156,98.26000213623047,824.0
2024-04-24 09:33:00,XEL,54.5,54.5,54.5,54.40999984741211,54.40999984741211,1841.0
2024-04-24 09:33:00,XERS,1.7999999523162842,1.7999999523162842,1.7999999523162842,1.7799999713897705,1.7799999713897705,7972.0
2024-04-24 09:33:00,XLO,1.0788999795913696,1.0788999795913696,1.0788999795913696,1.0788999795913696,1.0788999795913696,2679.0
2024-04-24 09:33:00,XP,20.420000076293945,20.420000076293945,20.420000076293945,20.3700008392334,20.3700008392334,3745.0
2024-04-24 09:33:00,XRX,14.4399995803833,14.4399995803833,14.510000228881836,14.4399995803833,14.449999809265137,10714.0
2024-04-24 09:33:00,YMAB,15.234999656677246,15.234999656677246,15.234999656677246,15.234999656677246,15.234999656677246,0.0
2024-04-24 09:33:00,YTRA,1.2899999618530273,1.2899999618530273,1.2899999618530273,1.2899999618530273,1.2899999618530273,1600.0
2024-04-24 09:33:00,Z,43.779998779296875,43.779998779296875,43.779998779296875,43.599998474121094,43.619998931884766,18536.0
2024-04-24 09:33:00,ZCMD,1.6299999952316284,1.6299999952316284,1.6299999952316284,1.6299999952316284,1.6299999952316284,229.0
2024-04-24 09:33:00,ZI,15.930000305175781,15.930000305175781,15.930000305175781,15.864999771118164,15.864999771118164,3494.0
2024-04-24 09:33:00,ZION,41.619998931884766,41.619998931884766,41.619998931884766,41.30500030517578,41.30500030517578,1835.0
2024-04-24 09:33:00,ZLAB,16.1200008392334,16.1200008392334,16.1200008392334,16.049999237060547,16.049999237060547,1374.0
2024-04-24 09:33:00,ZM,61.7599983215332,61.7599983215332,61.810001373291016,61.66450119018555,61.75,4451.0
2024-04-24 09:33:00,ZS,179.1300048828125,179.1300048828125,179.35499572753906,178.47799682617188,178.65499877929688,10107.0
2024-04-24 09:33:00,ZVRA,4.579999923706055,4.579999923706055,4.579999923706055,4.570000171661377,4.570000171661377,526.0
2024-04-24 09:33:00,ZYME,8.59000015258789,8.59000015258789,8.59000015258789,8.520000457763672,8.59000015258789,303.0
2024-04-24 09:34:00,DIBS,5.360000133514404,5.360000133514404,5.360000133514404,5.360000133514404,5.360000133514404,1226.0
2024-04-24 09:34:00,DSP,8.885000228881836,8.885000228881836,8.885000228881836,8.885000228881836,8.885000228881836,520.0
2024-04-24 09:34:00,EGHT,2.3299999237060547,2.3299999237060547,2.3299999237060547,2.319999933242798,2.319999933242798,2379.0
2024-04-24 09:34:00,ETNB,8.890000343322754,8.890000343322754,8.890000343322754,8.890000343322754,8.890000343322754,420.0
2024-04-24 09:34:00,MAPS,1.1098999977111816,1.1098999977111816,1.1098999977111816,1.090000033378601,1.090000033378601,991.0
2024-04-24 09:34:00,MASS,5.590000152587891,5.590000152587891,5.590000152587891,5.590000152587891,5.590000152587891,856.0
2024-04-24 09:34:00,ME,0.4699999988079071,0.4699999988079071,0.47049999237060547,0.4699999988079071,0.47049999237060547,2416.0
2024-04-24 09:34:00,SEAT,5.824999809265137,5.824999809265137,5.824999809265137,5.820000171661377,5.820000171661377,1502.0
2024-04-24 09:34:00,TWOU,0.24580000340938568,0.24580000340938568,0.24580000340938568,0.24580000340938568,0.24580000340938568,4136.0
2024-04-24 09:34:00,TXG,27.790000915527344,27.790000915527344,27.790000915527344,27.780000686645508,27.780000686645508,1196.0
2024-04-24 09:34:00,VCTR,50.310001373291016,50.310001373291016,50.33000183105469,50.279998779296875,50.33000183105469,1842.0
2024-04-24 09:34:00,VERU,1.350000023841858,1.350000023841858,1.3799999952316284,1.340000033378601,1.3600000143051147,12571.0
2024-04-24 09:34:00,VERV,6.829999923706055,6.829999923706055,6.829999923706055,6.75,6.809999942779541,5617.0
2024-04-24 09:34:00,VERX,28.280000686645508,28.280000686645508,28.31999969482422,28.200000762939453,28.25,7417.0
2024-04-24 09:34:00,VFF,1.312600016593933,1.312600016593933,1.312600016593933,1.3032000064849854,1.3032000064849854,666.0
2024-04-24 09:34:00,VFS,2.549999952316284,2.549999952316284,2.575000047683716,2.5450000762939453,2.575000047683716,11412.0
2024-04-24 09:34:00,VIAV,8.0,8.0,8.0,8.0,8.0,460.0
2024-04-24 09:34:00,VICR,35.18000030517578,35.18000030517578,35.18000030517578,34.470001220703125,34.47999954223633,2758.0
2024-04-24 09:34:00,VIRT,22.475000381469727,22.475000381469727,22.75,22.469999313354492,22.489999771118164,7223.0
2024-04-24 09:34:00,VITL,26.5,26.5,26.53499984741211,26.5,26.53499984741211,1156.0
2024-04-24 09:34:00,VIVK,1.649999976158142,1.649999976158142,1.649999976158142,1.649999976158142,1.649999976158142,1097.0
2024-04-24 09:34:00,VKTX,65.4800033569336,65.4800033569336,65.69000244140625,65.41999816894531,65.42500305175781,3844.0
2024-04-24 09:34:00,VLCN,0.29100000858306885,0.29100000858306885,0.3043999969959259,0.29100000858306885,0.29899999499320984,60360.0
2024-04-24 09:34:00,VNET,1.5199999809265137,1.5199999809265137,1.5199999809265137,1.5099999904632568,1.5099999904632568,11948.0
2024-04-24 09:34:00,VOD,8.585000038146973,8.585000038146973,8.585000038146973,8.579999923706055,8.585000038146973,28788.0
2024-04-24 09:34:00,VRCA,6.743599891662598,6.743599891662598,6.743599891662598,6.743599891662598,6.743599891662598,687.0
2024-04-24 09:34:00,VRNA,15.640000343322754,15.640000343322754,15.640000343322754,15.640000343322754,15.640000343322754,364.0
2024-04-24 09:34:00,VRTX,405.0299987792969,405.0299987792969,405.0299987792969,405.0299987792969,405.0299987792969,239.0
2024-04-24 09:34:00,VTNR,1.649999976158142,1.649999976158142,1.659999966621399,1.6299999952316284,1.6299999952316284,42917.0
2024-04-24 09:34:00,VTRS,11.3100004196167,11.3100004196167,11.3100004196167,11.28969955444336,11.28969955444336,2673.0
2024-04-24 09:34:00,VTSI,12.130000114440918,12.130000114440918,12.130000114440918,12.130000114440918,12.130000114440918,451.0
2024-04-24 09:34:00,VUZI,1.340000033378601,1.340000033378601,1.350000023841858,1.3300000429153442,1.3450000286102295,1509.0
2024-04-24 09:34:00,VVPR,3.619999885559082,3.619999885559082,3.619999885559082,3.619999885559082,3.619999885559082,213.0
2024-04-24 09:34:00,VYGR,7.650000095367432,7.650000095367432,7.650000095367432,7.630000114440918,7.630000114440918,759.0
2024-04-24 09:34:00,WAFD,28.280000686645508,28.280000686645508,28.280000686645508,28.280000686645508,28.280000686645508,127.0
2024-04-24 09:34:00,WB,8.42140007019043,8.42140007019043,8.4350004196167,8.414999961853027,8.4350004196167,11619.0
2024-04-24 09:34:00,WBA,17.886499404907227,17.886499404907227,17.90999984741211,17.81999969482422,17.850000381469727,26944.0
2024-04-24 09:34:00,WBD,8.390299797058105,8.390299797058105,8.399999618530273,8.360400199890137,8.369999885559082,97617.0
2024-04-24 09:34:00,WDAY,257.5249938964844,257.5249938964844,257.8500061035156,257.3030090332031,257.8399963378906,4772.0
2024-04-24 09:34:00,WDC,71.22000122070312,71.22000122070312,71.5,71.05999755859375,71.20999908447266,57590.0
2024-04-24 09:34:00,WEN,19.8439998626709,19.8439998626709,19.8439998626709,19.84000015258789,19.84000015258789,1284.0
2024-04-24 09:34:00,WFRD,122.30000305175781,122.30000305175781,122.7300033569336,122.30000305175781,122.5199966430664,5116.0
2024-04-24 09:34:00,WIMI,0.8700000047683716,0.8700000047683716,0.8974000215530396,0.8650000095367432,0.8974000215530396,121334.0
2024-04-24 09:34:00,WINT,4.929999828338623,4.929999828338623,4.929999828338623,4.85890007019043,4.85890007019043,1148.0
2024-04-24 09:34:00,WISA,5.5,5.5,5.550000190734863,5.460100173950195,5.513199806213379,12693.0
2024-04-24 09:34:00,WKHS,0.16359999775886536,0.16359999775886536,0.16359999775886536,0.16099999845027924,0.163100004196167,121356.0
2024-04-24 09:34:00,WLDS,0.46810001134872437,0.46810001134872437,0.4690000116825104,0.46810001134872437,0.4690000116825104,3530.0
2024-04-24 09:34:00,WMG,32.04999923706055,32.04999923706055,32.04999923706055,32.04999923706055,32.04999923706055,309.0
2024-04-24 09:34:00,WSBF,12.069999694824219,12.069999694824219,12.09000015258789,12.069999694824219,12.069999694824219,606.0
2024-04-24 09:34:00,WSC,37.66999816894531,37.66999816894531,37.66999816894531,37.66999816894531,37.66999816894531,422.0
2024-04-24 09:34:00,WSFS,44.97999954223633,44.97999954223633,44.97999954223633,44.97999954223633,44.97999954223633,1003.0
2024-04-24 09:34:00,WVE,5.03000020980835,5.03000020980835,5.050000190734863,5.03000020980835,5.048999786376953,3100.0
2024-04-24 09:34:00,WW,1.6999000310897827,1.6999000310897827,1.7100000381469727,1.690000057220459,1.690000057220459,22076.0
2024-04-24 09:34:00,WWD,151.19000244140625,151.19000244140625,151.19000244140625,151.19000244140625,151.19000244140625,585.0
2024-04-24 09:34:00,XEL,54.650001525878906,54.650001525878906,54.650001525878906,54.57500076293945,54.57500076293945,1499.0
2024-04-24 09:34:00,XERS,1.7949999570846558,1.7949999570846558,1.7949999570846558,1.7949999570846558,1.7949999570846558,373.0
2024-04-24 09:34:00,XFOR,1.2400000095367432,1.2400000095367432,1.2400000095367432,1.2400000095367432,1.2400000095367432,629.0
2024-04-24 09:34:00,XLO,1.0800000429153442,1.0800000429153442,1.0800000429153442,1.0800000429153442,1.0800000429153442,129.0
2024-04-24 09:34:00,XNCR,18.3700008392334,18.3700008392334,18.3700008392334,18.3700008392334,18.3700008392334,201.0
2024-04-24 09:34:00,XP,20.479999542236328,20.479999542236328,20.485000610351562,20.43000030517578,20.43000030517578,36744.0
2024-04-24 09:34:00,XRTX,2.9100000858306885,2.9100000858306885,2.9100000858306885,2.9100000858306885,2.9100000858306885,474.0
2024-04-24 09:34:00,XRX,14.440199851989746,14.440199851989746,14.460000038146973,14.420000076293945,14.4399995803833,6157.0
2024-04-24 09:34:00,YJ,0.7200999855995178,0.7200999855995178,0.7200999855995178,0.7200999855995178,0.7200999855995178,901.0
2024-04-24 09:34:00,YTRA,1.2899999618530273,1.2899999618530273,1.2899999618530273,1.2899999618530273,1.2899999618530273,977.0
2024-04-24 09:34:00,Z,43.79999923706055,43.79999923706055,43.79999923706055,43.709999084472656,43.709999084472656,1914.0
2024-04-24 09:34:00,ZCMD,1.649999976158142,1.649999976158142,1.649999976158142,1.649999976158142,1.649999976158142,573.0
2024-04-24 09:34:00,ZI,15.970000267028809,15.970000267028809,15.970000267028809,15.970000267028809,15.970000267028809,1656.0
2024-04-24 09:34:00,ZION,41.7599983215332,41.7599983215332,41.779998779296875,41.58000183105469,41.58000183105469,3137.0
2024-04-24 09:34:00,ZLAB,16.030000686645508,16.030000686645508,16.110000610351562,16.030000686645508,16.110000610351562,2729.0
2024-04-24 09:34:00,ZM,62.09000015258789,62.09000015258789,62.09000015258789,61.790000915527344,61.79499816894531,10942.0
2024-04-24 09:34:00,ZS,179.58999633789062,179.58999633789062,179.58999633789062,179.08999633789062,179.08999633789062,3391.0
2024-04-24 09:34:00,ZVSA,0.5878000259399414,0.5878000259399414,0.5878000259399414,0.5878000259399414,0.5878000259399414,1242.0
2024-04-24 09:35:00,AIXI,1.3300000429153442,1.3300000429153442,1.350000023841858,1.3300000429153442,1.350000023841858,2181.0
2024-04-24 09:35:00,ATNF,1.9500000476837158,1.9500000476837158,1.9500000476837158,1.9500000476837158,1.9500000476837158,1853.0
2024-04-24 09:35:00,DIBS,5.360000133514404,5.360000133514404,5.360000133514404,5.360000133514404,5.360000133514404,94.0
2024-04-24 09:35:00,EGHT,2.3350000381469727,2.3350000381469727,2.3399999141693115,2.3299999237060547,2.3299999237060547,8319.0
2024-04-24 09:35:00,ETNB,8.899999618530273,8.899999618530273,8.899999618530273,8.890000343322754,8.890000343322754,1102.0
2024-04-24 09:35:00,FLWS,9.270000457763672,9.270000457763672,9.289999961853027,9.270000457763672,9.289999961853027,2338.0
2024-04-24 09:35:00,JFU,3.6540000438690186,3.6540000438690186,3.6540000438690186,3.6540000438690186,3.6540000438690186,158.0
2024-04-24 09:35:00,ME,0.47380000352859497,0.47380000352859497,0.47380000352859497,0.46950000524520874,0.46950000524520874,588.0
2024-04-24 09:35:00,PET,2.1500000953674316,2.1500000953674316,2.1500000953674316,2.1500000953674316,2.1500000953674316,462.0
2024-04-24 09:35:00,SEAT,5.820000171661377,5.820000171661377,5.829999923706055,5.820000171661377,5.829999923706055,2531.0
2024-04-24 09:35:00,TSVT,4.5391998291015625,4.5391998291015625,4.579999923706055,4.5391998291015625,4.579999923706055,1794.0
2024-04-24 09:35:00,TWOU,0.24580000340938568,0.24580000340938568,0.24580000340938568,0.24580000340938568,0.24580000340938568,801.0
2024-04-24 09:35:00,TXG,27.770000457763672,27.770000457763672,27.770000457763672,27.770000457763672,27.770000457763672,227.0
2024-04-24 09:35:00,VC,110.20700073242188,110.20700073242188,110.20700073242188,110.20700073242188,110.20700073242188,562.0
2024-04-24 09:35:00,VCTR,50.209999084472656,50.209999084472656,50.42829895019531,49.902000427246094,50.42829895019531,10687.0
2024-04-24 09:35:00,VERU,1.350000023841858,1.350000023841858,1.350000023841858,1.350000023841858,1.350000023841858,1224.0
2024-04-24 09:35:00,VERV,6.8292999267578125,6.8292999267578125,6.8292999267578125,6.8292999267578125,6.8292999267578125,2270.0
2024-04-24 09:35:00,VERX,28.25,28.25,28.280000686645508,28.190000534057617,28.25,44382.0
2024-04-24 09:35:00,VFF,1.3300000429153442,1.3300000429153442,1.3300000429153442,1.3200000524520874,1.3200000524520874,2197.0
2024-04-24 09:35:00,VFS,2.54010009765625,2.54010009765625,2.579900026321411,2.54010009765625,2.540800094604492,37338.0
2024-04-24 09:35:00,VIASP,19.75,19.75,19.75,19.75,19.75,0.0
2024-04-24 09:35:00,VIAV,8.010000228881836,8.010000228881836,8.010000228881836,8.010000228881836,8.010000228881836,626.0
2024-04-24 09:35:00,VICR,36.02000045776367,36.02000045776367,36.02000045776367,35.439998626708984,35.439998626708984,6683.0
2024-04-24 09:35:00,VIGL,2.7799999713897705,2.7799999713897705,2.7799999713897705,2.7200000286102295,2.7200000286102295,1460.0
2024-04-24 09:35:00,VIRT,22.479999542236328,22.479999542236328,22.549999237060547,22.423599243164062,22.459999084472656,8533.0
2024-04-24 09:35:00,VITL,26.290000915527344,26.290000915527344,26.459999084472656,26.290000915527344,26.441699981689453,1762.0
2024-04-24 09:35:00,VIVK,1.6650999784469604,1.6650999784469604,1.6699999570846558,1.6399999856948853,1.6399999856948853,3395.0
2024-04-24 09:35:00,VKTX,65.44499969482422,65.44499969482422,65.69000244140625,65.31999969482422,65.50129699707031,3550.0
2024-04-24 09:35:00,VLCN,0.295199990272522,0.295199990272522,0.29829999804496765,0.29030001163482666,0.29030001163482666,30971.0
2024-04-24 09:35:00,VMEO,3.569999933242798,3.569999933242798,3.575000047683716,3.565000057220459,3.565000057220459,3195.0
2024-04-24 09:35:00,VNET,1.5149999856948853,1.5149999856948853,1.5149999856948853,1.5099999904632568,1.5099999904632568,0.0
2024-04-24 09:35:00,VOD,8.574999809265137,8.574999809265137,8.585000038146973,8.569999694824219,8.585000038146973,37241.0
2024-04-24 09:35:00,VRNA,15.760000228881836,15.760000228881836,15.760000228881836,15.760000228881836,15.760000228881836,265.0
2024-04-24 09:35:00,VRTX,404.79998779296875,404.79998779296875,405.19500732421875,404.79998779296875,405.19500732421875,2095.0
2024-04-24 09:35:00,VSAT,16.649999618530273,16.649999618530273,16.670000076293945,16.649999618530273,16.649999618530273,1418.0
2024-04-24 09:35:00,VTGN,4.840000152587891,4.840000152587891,4.860000133514404,4.840000152587891,4.849999904632568,1584.0
2024-04-24 09:35:00,VTNR,1.625,1.625,1.6449999809265137,1.625,1.6449999809265137,3808.0
2024-04-24 09:35:00,VTRS,11.300000190734863,11.300000190734863,11.300000190734863,11.300000190734863,11.300000190734863,1952.0
2024-04-24 09:35:00,VUZI,1.3300000429153442,1.3300000429153442,1.3301000595092773,1.3300000429153442,1.3300000429153442,1875.0
2024-04-24 09:35:00,VVPR,3.549999952316284,3.549999952316284,3.6702001094818115,3.549999952316284,3.6702001094818115,1694.0
2024-04-24 09:35:00,WAFD,28.351999282836914,28.351999282836914,28.38319969177246,28.351999282836914,28.351999282836914,2070.0
2024-04-24 09:35:00,WB,8.475000381469727,8.475000381469727,8.479999542236328,8.430000305175781,8.4399995803833,8555.0
2024-04-24 09:35:00,WBA,17.920000076293945,17.920000076293945,17.920000076293945,17.875,17.875,18763.0
2024-04-24 09:35:00,WBD,8.375,8.375,8.395000457763672,8.375,8.395000457763672,7147.0
2024-04-24 09:35:00,WDAY,257.9100036621094,257.9100036621094,257.9100036621094,257.8399963378906,257.8399963378906,2072.0
2024-04-24 09:35:00,WDC,71.54530334472656,71.54530334472656,71.61000061035156,71.16999816894531,71.2699966430664,89151.0
2024-04-24 09:35:00,WEN,19.850000381469727,19.850000381469727,19.850000381469727,19.84000015258789,19.844999313354492,3177.0
2024-04-24 09:35:00,WFRD,123.5260009765625,123.5260009765625,123.79000091552734,122.30000305175781,122.31999969482422,9637.0
2024-04-24 09:35:00,WHLR,0.1467999964952469,0.1467999964952469,0.1467999964952469,0.1467999964952469,0.1467999964952469,2452.0
2024-04-24 09:35:00,WIMI,0.8483999967575073,0.8483999967575073,0.8769000172615051,0.8399999737739563,0.8730000257492065,178715.0
2024-04-24 09:35:00,WINT,5.159999847412109,5.159999847412109,5.159999847412109,4.909999847412109,4.909999847412109,6577.0
2024-04-24 09:35:00,WISA,5.619999885559082,5.619999885559082,5.619999885559082,5.525000095367432,5.537300109863281,13667.0
2024-04-24 09:35:00,WKEY,2.119999885559082,2.119999885559082,2.119999885559082,2.119999885559082,2.119999885559082,793.0
2024-04-24 09:35:00,WKHS,0.16060000658035278,0.16060000658035278,0.16359999775886536,0.16050000488758087,0.16359999775886536,30315.0
2024-04-24 09:35:00,WMG,32.029998779296875,32.029998779296875,32.084999084472656,32.029998779296875,32.06999969482422,869.0
2024-04-24 09:35:00,WSBC,27.84000015258789,27.84000015258789,27.84000015258789,27.84000015258789,27.84000015258789,373.0
2024-04-24 09:35:00,WSBF,11.96500015258789,11.96500015258789,11.96500015258789,11.96500015258789,11.96500015258789,267.0
2024-04-24 09:35:00,WTBA,16.674999237060547,16.674999237060547,16.674999237060547,16.674999237060547,16.674999237060547,105.0
2024-04-24 09:35:00,WTFCM,23.899999618530273,23.899999618530273,23.899999618530273,23.899999618530273,23.899999618530273,0.0
2024-04-24 09:35:00,WVE,5.059999942779541,5.059999942779541,5.059999942779541,5.059999942779541,5.059999942779541,505.0
2024-04-24 09:35:00,WW,1.7050000429153442,1.7050000429153442,1.7100000381469727,1.6950000524520874,1.6950000524520874,4803.0
2024-04-24 09:35:00,WYNN,98.62999725341797,98.62999725341797,98.6500015258789,98.16999816894531,98.16999816894531,1828.0
2024-04-24 09:35:00,XEL,54.66999816894531,54.66999816894531,54.66999816894531,54.54999923706055,54.54999923706055,3163.0
2024-04-24 09:35:00,XERS,1.7999999523162842,1.7999999523162842,1.7999999523162842,1.7999999523162842,1.7999999523162842,10141.0
2024-04-24 09:35:00,XFOR,1.2496999502182007,1.2496999502182007,1.2599999904632568,1.2496999502182007,1.249899983406067,21339.0
2024-04-24 09:35:00,XMTR,17.329999923706055,17.329999923706055,17.329999923706055,17.31999969482422,17.31999969482422,457.0
2024-04-24 09:35:00,XP,20.469999313354492,20.469999313354492,20.469999313354492,20.469999313354492,20.469999313354492,1031.0
2024-04-24 09:35:00,XRX,14.47089958190918,14.47089958190918,14.5,14.430000305175781,14.449999809265137,14681.0
2024-04-24 09:35:00,XTLB,2.4600000381469727,2.4600000381469727,2.509999990463257,2.4600000381469727,2.509999990463257,25663.0
2024-04-24 09:35:00,YTEN,0.2599000036716461,0.2599000036716461,0.2599000036716461,0.2599000036716461,0.2599000036716461,9362.0
2024-04-24 09:35:00,Z,43.9900016784668,43.9900016784668,43.9900016784668,43.77920150756836,43.77920150756836,3165.0
2024-04-24 09:35:00,ZAPP,4.539999961853027,4.539999961853027,4.539999961853027,4.539999961853027,4.539999961853027,2754.0
2024-04-24 09:35:00,ZBRA,278.2699890136719,278.2699890136719,278.2699890136719,278.2699890136719,278.2699890136719,246.0
2024-04-24 09:35:00,ZCMD,1.6699999570846558,1.6699999570846558,1.6699999570846558,1.6699999570846558,1.6699999570846558,1933.0
2024-04-24 09:35:00,ZI,15.960000038146973,15.960000038146973,15.970000267028809,15.949999809265137,15.949999809265137,4004.0
2024-04-24 09:35:00,ZION,41.81999969482422,41.81999969482422,41.8650016784668,41.81999969482422,41.845001220703125,1591.0
2024-04-24 09:35:00,ZLAB,15.765000343322754,15.765000343322754,16.06999969482422,15.765000343322754,16.0,3877.0
2024-04-24 09:35:00,ZM,61.98899841308594,61.98899841308594,62.095001220703125,61.98899841308594,62.09000015258789,4396.0
2024-04-24 09:35:00,ZNTL,12.520000457763672,12.520000457763672,12.520000457763672,12.359999656677246,12.359999656677246,599.0
2024-04-24 09:35:00,ZS,180.0699005126953,180.0699005126953,180.0699005126953,179.63690185546875,179.8300018310547,10793.0
2024-04-24 09:35:00,ZTEK,1.1200000047683716,1.1200000047683716,1.1200000047683716,1.1200000047683716,1.1200000047683716,1510.0
2024-04-24 09:35:00,ZURA,3.4100000858306885,3.4100000858306885,3.427999973297119,3.4000000953674316,3.427999973297119,13310.0
2024-04-24 09:36:00,AIXI,1.3451999425888062,1.3451999425888062,1.3451999425888062,1.3451999425888062,1.3451999425888062,150.0
2024-04-24 09:36:00,DIBS,5.349999904632568,5.349999904632568,5.385000228881836,5.349999904632568,5.360000133514404,3461.0
2024-04-24 09:36:00,DSP,8.9399995803833,8.9399995803833,8.9399995803833,8.9399995803833,8.9399995803833,1091.0
2024-04-24 09:36:00,EGHT,2.3399999141693115,2.3399999141693115,2.3399999141693115,2.3399999141693115,2.3399999141693115,483.0
2024-04-24 09:36:00,ETNB,8.9399995803833,8.9399995803833,8.9399995803833,8.9399995803833,8.9399995803833,680.0
2024-04-24 09:36:00,FLWS,9.279999732971191,9.279999732971191,9.289999961853027,9.279999732971191,9.289999961853027,1059.0
2024-04-24 09:36:00,HOWL,6.389999866485596,6.389999866485596,6.389999866485596,6.389999866485596,6.389999866485596,280.0
2024-04-24 09:36:00,JFU,3.450000047683716,3.450000047683716,3.5,3.450000047683716,3.450000047683716,556.0
2024-04-24 09:36:00,MAPS,1.090000033378601,1.090000033378601,1.093999981880188,1.090000033378601,1.093999981880188,200.0
2024-04-24 09:36:00,ME,0.4702000021934509,0.4702000021934509,0.4702000021934509,0.4700999855995178,0.4700999855995178,1016.0
2024-04-24 09:36:00,SEAT,5.840000152587891,5.840000152587891,5.840000152587891,5.840000152587891,5.840000152587891,1300.0
2024-04-24 09:36:00,SRCE,50.650001525878906,50.650001525878906,50.650001525878906,50.650001525878906,50.650001525878906,956.0
2024-04-24 09:36:00,TSVT,4.570000171661377,4.570000171661377,4.570000171661377,4.5625,4.5625,982.0
2024-04-24 09:36:00,TWOU,0.24580000340938568,0.24580000340938568,0.2492000013589859,0.24580000340938568,0.2475000023841858,38566.0
2024-04-24 09:36:00,TXG,27.81999969482422,27.81999969482422,27.834999084472656,27.78499984741211,27.790000915527344,2542.0
2024-04-24 09:36:00,VC,110.45999908447266,110.45999908447266,110.45999908447266,110.45999908447266,110.45999908447266,224.0
2024-04-24 09:36:00,VCTR,50.20000076293945,50.20000076293945,50.20000076293945,50.20000076293945,50.20000076293945,1430.0
2024-04-24 09:36:00,VERU,1.3401000499725342,1.3401000499725342,1.3401000499725342,1.3401000499725342,1.3401000499725342,8000.0
2024-04-24 09:36:00,VERV,6.829999923706055,6.829999923706055,6.829999923706055,6.809999942779541,6.809999942779541,582.0
2024-04-24 09:36:00,VERX,28.225000381469727,28.225000381469727,28.299999237060547,28.209999084472656,28.25,12550.0
2024-04-24 09:36:00,VFF,1.3122999668121338,1.3122999668121338,1.315000057220459,1.3122999668121338,1.315000057220459,1674.0
2024-04-24 09:36:00,VFS,2.575000047683716,2.575000047683716,2.575000047683716,2.559999942779541,2.559999942779541,9511.0
2024-04-24 09:36:00,VIAV,8.010000228881836,8.010000228881836,8.010000228881836,8.010000228881836,8.010000228881836,925.0
2024-04-24 09:36:00,VIGL,2.740000009536743,2.740000009536743,2.740000009536743,2.740000009536743,2.740000009536743,1401.0
2024-04-24 09:36:00,VIR,8.109999656677246,8.109999656677246,8.109999656677246,8.109999656677246,8.109999656677246,323.0
2024-04-24 09:36:00,VIRI,0.43869999051094055,0.43869999051094055,0.43869999051094055,0.43869999051094055,0.43869999051094055,4556.0
2024-04-24 09:36:00,VIRT,22.6299991607666,22.6299991607666,22.649999618530273,22.574499130249023,22.574499130249023,5903.0
2024-04-24 09:36:00,VITL,26.375,26.375,26.439899444580078,26.323299407958984,26.439899444580078,1470.0
2024-04-24 09:36:00,VIVK,1.659999966621399,1.659999966621399,1.7000000476837158,1.659999966621399,1.6699999570846558,0.0
2024-04-24 09:36:00,VKTX,65.7300033569336,65.7300033569336,65.7300033569336,65.5,65.5,1874.0
2024-04-24 09:36:00,VLCN,0.29170000553131104,0.29170000553131104,0.295199990272522,0.29030001163482666,0.295199990272522,3925.0
2024-04-24 09:36:00,VNET,1.5195000171661377,1.5195000171661377,1.5195000171661377,1.5099999904632568,1.5099999904632568,4797.0
2024-04-24 09:36:00,VOD,8.568300247192383,8.568300247192383,8.574999809265137,8.568300247192383,8.574999809265137,13786.0
2024-04-24 09:36:00,VRRM,24.299999237060547,24.299999237060547,24.31999969482422,24.299999237060547,24.31999969482422,1151.0
2024-04-24 09:36:00,VRTX,404.2099914550781,404.2099914550781,404.2099914550781,404.2099914550781,404.2099914550781,275.0
2024-04-24 09:36:00,VSAT,16.670000076293945,16.670000076293945,16.690000534057617,16.670000076293945,16.670000076293945,749.0
2024-04-24 09:36:00,VTGN,4.829999923706055,4.829999923706055,4.829999923706055,4.829999923706055,4.829999923706055,155.0
2024-04-24 09:36:00,VTNR,1.6100000143051147,1.6100000143051147,1.625,1.600100040435791,1.625,22796.0
2024-04-24 09:36:00,VTRS,11.295000076293945,11.295000076293945,11.300000190734863,11.28499984741211,11.295000076293945,9357.0
2024-04-24 09:36:00,VTSI,12.220000267028809,12.220000267028809,12.220000267028809,12.140000343322754,12.220000267028809,4601.0
2024-04-24 09:36:00,VUZI,1.3250000476837158,1.3250000476837158,1.3250000476837158,1.3250000476837158,1.3250000476837158,100.0
2024-04-24 09:36:00,VVPR,3.5199999809265137,3.5199999809265137,3.559999942779541,3.5199999809265137,3.559999942779541,4216.0
2024-04-24 09:36:00,VYGR,7.659999847412109,7.659999847412109,7.659999847412109,7.639999866485596,7.639999866485596,1118.0
2024-04-24 09:36:00,WAFD,28.166000366210938,28.166000366210938,28.280000686645508,28.166000366210938,28.280000686645508,4200.0
2024-04-24 09:36:00,WB,8.4399995803833,8.4399995803833,8.479999542236328,8.4399995803833,8.479999542236328,14274.0
2024-04-24 09:36:00,WBA,17.920000076293945,17.920000076293945,17.939699172973633,17.899999618530273,17.90999984741211,29105.0
2024-04-24 09:36:00,WBD,8.354999542236328,8.354999542236328,8.375,8.350000381469727,8.375,48796.0
2024-04-24 09:36:00,WDAY,257.7950134277344,257.7950134277344,257.8575134277344,257.6499938964844,257.8399963378906,2417.0
2024-04-24 09:36:00,WDC,71.55000305175781,71.55000305175781,71.86000061035156,71.33000183105469,71.5199966430664,45315.0
2024-04-24 09:36:00,WDFC,224.78500366210938,224.78500366210938,224.78500366210938,224.77499389648438,224.77499389648438,0.0
2024-04-24 09:36:00,WEN,19.860000610351562,19.860000610351562,19.8700008392334,19.860000610351562,19.860000610351562,2886.0
2024-04-24 09:36:00,WERN,35.5,35.5,35.5099983215332,35.5,35.5099983215332,554.0
2024-04-24 09:36:00,WFRD,123.37349700927734,123.37349700927734,123.76000213623047,123.2300033569336,123.51499938964844,3308.0
2024-04-24 09:36:00,WIMI,0.8411999940872192,0.8411999940872192,0.859000027179718,0.8399999737739563,0.8483999967575073,63040.0
2024-04-24 09:36:00,WING,364.0,364.0,364.0,364.0,364.0,1401.0
2024-04-24 09:36:00,WISA,5.564700126647949,5.564700126647949,5.630000114440918,5.520199775695801,5.60099983215332,12574.0
2024-04-24 09:36:00,WKHS,0.16349999606609344,0.16349999606609344,0.16349999606609344,0.16099999845027924,0.16110000014305115,174814.0
2024-04-24 09:36:00,WKSP,0.39500001072883606,0.39500001072883606,0.39500001072883606,0.39500001072883606,0.39500001072883606,2061.0
2024-04-24 09:36:00,WMG,32.1150016784668,32.1150016784668,32.1150016784668,32.099998474121094,32.099998474121094,773.0
2024-04-24 09:36:00,WSBF,12.020000457763672,12.020000457763672,12.020000457763672,12.020000457763672,12.020000457763672,248.0
2024-04-24 09:36:00,WSC,37.72999954223633,37.72999954223633,37.72999954223633,37.650001525878906,37.65999984741211,2062.0
2024-04-24 09:36:00,WVE,5.090000152587891,5.090000152587891,5.090000152587891,5.079999923706055,5.079999923706055,963.0
2024-04-24 09:36:00,WW,1.6800999641418457,1.6800999641418457,1.6950000524520874,1.6800999641418457,1.6950000524520874,53457.0
2024-04-24 09:36:00,WWD,150.96800231933594,150.96800231933594,150.96800231933594,150.96800231933594,150.96800231933594,792.0
2024-04-24 09:36:00,WYNN,98.62999725341797,98.62999725341797,98.62999725341797,98.47000122070312,98.55999755859375,1293.0
2024-04-24 09:36:00,XEL,54.619998931884766,54.619998931884766,54.685001373291016,54.599998474121094,54.66999816894531,5026.0
2024-04-24 09:36:00,XFOR,1.2699999809265137,1.2699999809265137,1.2699999809265137,1.246399998664856,1.246399998664856,27386.0
2024-04-24 09:36:00,XP,20.540000915527344,20.540000915527344,20.540000915527344,20.479999542236328,20.479999542236328,2780.0
2024-04-24 09:36:00,XRX,14.459699630737305,14.459699630737305,14.5,14.449999809265137,14.479999542236328,21192.0
2024-04-24 09:36:00,XXII,1.6799999475479126,1.6799999475479126,1.687999963760376,1.6799999475479126,1.687999963760376,706.0
2024-04-24 09:36:00,Z,44.25,44.25,44.25,43.95009994506836,43.9900016784668,14640.0
2024-04-24 09:36:00,ZAPP,4.760000228881836,4.760000228881836,4.760000228881836,4.760000228881836,4.760000228881836,415.0
2024-04-24 09:36:00,ZG,43.52989959716797,43.52989959716797,43.52989959716797,43.52989959716797,43.52989959716797,598.0
2024-04-24 09:36:00,ZI,16.0,16.0,16.0,15.960000038146973,15.960000038146973,6404.0
2024-04-24 09:36:00,ZIMV,15.989999771118164,15.989999771118164,15.989999771118164,15.989999771118164,15.989999771118164,330.0
2024-04-24 09:36:00,ZION,41.849998474121094,41.849998474121094,41.86000061035156,41.849998474121094,41.852500915527344,807.0
2024-04-24 09:36:00,ZLAB,15.744999885559082,15.744999885559082,15.744999885559082,15.744999885559082,15.744999885559082,358.0
2024-04-24 09:36:00,ZM,62.060001373291016,62.060001373291016,62.095001220703125,62.040000915527344,62.06999969482422,3328.0
2024-04-24 09:36:00,ZS,180.8249969482422,180.8249969482422,180.92999267578125,180.15499877929688,180.15499877929688,5242.0
2024-04-24 09:36:00,ZUMZ,16.979999542236328,16.979999542236328,16.979999542236328,16.979999542236328,16.979999542236328,114.0
2024-04-24 09:36:00,ZVRA,4.599999904632568,4.599999904632568,4.599999904632568,4.579999923706055,4.579999923706055,413.0
2024-04-24 09:36:00,ZVSA,0.5759999752044678,0.5759999752044678,0.5799999833106995,0.5759999752044678,0.5799999833106995,1533.0
2024-04-24 09:36:00,ZYME,8.574999809265137,8.574999809265137,8.574999809265137,8.574999809265137,8.574999809265137,182.0
2024-04-24 09:37:00,DIBS,5.360000133514404,5.360000133514404,5.380000114440918,5.360000133514404,5.360000133514404,1025.0
2024-04-24 09:37:00,DSP,8.869999885559082,8.869999885559082,8.9399995803833,8.869999885559082,8.9399995803833,830.0
2024-04-24 09:37:00,EGHT,2.3450000286102295,2.3450000286102295,2.3499999046325684,2.3450000286102295,2.3499999046325684,2489.0
2024-04-24 09:37:00,FREE,4.820000171661377,4.820000171661377,4.824999809265137,4.820000171661377,4.824999809265137,2188.0
2024-04-24 09:37:00,JFU,3.4600000381469727,3.4600000381469727,3.4600000381469727,3.4600000381469727,3.4600000381469727,47.0
2024-04-24 09:37:00,MAPS,1.090000033378601,1.090000033378601,1.090000033378601,1.0800000429153442,1.090000033378601,21383.0
2024-04-24 09:37:00,ME,0.47380000352859497,0.47380000352859497,0.47380000352859497,0.4700999855995178,0.4700999855995178,1154.0
2024-04-24 09:37:00,SEAT,5.835000038146973,5.835000038146973,5.835000038146973,5.835000038146973,5.835000038146973,0.0
2024-04-24 09:37:00,TSVT,4.579899787902832,4.579899787902832,4.579899787902832,4.579899787902832,4.579899787902832,1064.0
2024-04-24 09:37:00,TWOU,0.2492000013589859,0.2492000013589859,0.2492000013589859,0.249099999666214,0.249099999666214,1617.0
2024-04-24 09:37:00,TXG,27.75,27.75,27.829999923706055,27.75,27.799999237060547,3358.0
2024-04-24 09:37:00,VCTR,50.08000183105469,50.08000183105469,50.33000183105469,50.08000183105469,50.33000183105469,366.0
2024-04-24 09:37:00,VERU,1.329800009727478,1.329800009727478,1.3349000215530396,1.3250000476837158,1.3349000215530396,12159.0
2024-04-24 09:37:00,VERV,6.789999961853027,6.789999961853027,6.812900066375732,6.789999961853027,6.812900066375732,426.0
2024-04-24 09:37:00,VERX,28.219999313354492,28.219999313354492,28.280000686645508,28.204999923706055,28.2450008392334,16555.0
2024-04-24 09:37:00,VFS,2.5399999618530273,2.5399999618530273,2.5701000690460205,2.5399999618530273,2.5701000690460205,25609.0
2024-04-24 09:37:00,VIAV,8.020000457763672,8.020000457763672,8.020000457763672,8.020000457763672,8.020000457763672,702.0
2024-04-24 09:37:00,VICR,35.959999084472656,35.959999084472656,35.959999084472656,35.61000061035156,35.779998779296875,1901.0
2024-04-24 09:37:00,VIGL,2.7699999809265137,2.7699999809265137,2.7699999809265137,2.740000009536743,2.740000009536743,1923.0
2024-04-24 09:37:00,VIOT,0.5773000121116638,0.5773000121116638,0.5773000121116638,0.5773000121116638,0.5773000121116638,1088.0
2024-04-24 09:37:00,VIR,8.09000015258789,8.09000015258789,8.100000381469727,8.09000015258789,8.100000381469727,696.0
2024-04-24 09:37:00,VIRT,22.200000762939453,22.200000762939453,22.614999771118164,22.200000762939453,22.56209945678711,8812.0
2024-04-24 09:37:00,VIVK,1.694000005722046,1.694000005722046,1.7000000476837158,1.6847000122070312,1.6999000310897827,2599.0
2024-04-24 09:37:00,VKTX,65.89990234375,65.89990234375,65.9000015258789,65.72000122070312,65.72000122070312,3539.0
2024-04-24 09:37:00,VLCN,0.2903999984264374,0.2903999984264374,0.2903999984264374,0.29030001163482666,0.29030001163482666,35829.0
2024-04-24 09:37:00,VMEO,3.575000047683716,3.575000047683716,3.575000047683716,3.575000047683716,3.575000047683716,623.0
2024-04-24 09:37:00,VNET,1.5099999904632568,1.5099999904632568,1.5119999647140503,1.5099999904632568,1.5119999647140503,2899.0
2024-04-24 09:37:00,VNOM,39.8650016784668,39.8650016784668,39.8650016784668,39.8650016784668,39.8650016784668,200.0
2024-04-24 09:37:00,VOD,8.5649995803833,8.5649995803833,8.5649995803833,8.5649995803833,8.5649995803833,4550.0
2024-04-24 09:37:00,VRNA,15.625,15.625,15.625,15.625,15.625,284.0
2024-04-24 09:37:00,VRRM,24.40999984741211,24.40999984741211,24.40999984741211,24.360000610351562,24.360000610351562,1950.0
2024-04-24 09:37:00,VRTX,404.9750061035156,404.9750061035156,404.9750061035156,403.989990234375,403.989990234375,3903.0
2024-04-24 09:37:00,VSAT,16.649999618530273,16.649999618530273,16.670000076293945,16.649999618530273,16.670000076293945,382.0
2024-04-24 09:37:00,VTNR,1.6050000190734863,1.6050000190734863,1.6100000143051147,1.597499966621399,1.6050000190734863,47819.0
2024-04-24 09:37:00,VTRS,11.300000190734863,11.300000190734863,11.3100004196167,11.289999961853027,11.289999961853027,22047.0
2024-04-24 09:37:00,VUZI,1.315000057220459,1.315000057220459,1.3250000476837158,1.315000057220459,1.3250000476837158,5256.0
2024-04-24 09:37:00,WB,8.430000305175781,8.430000305175781,8.4399995803833,8.425000190734863,8.4399995803833,4376.0
2024-04-24 09:37:00,WBA,17.889999389648438,17.889999389648438,17.940000534057617,17.8799991607666,17.920000076293945,18504.0
2024-04-24 09:37:00,WBD,8.354999542236328,8.354999542236328,8.354999542236328,8.345000267028809,8.350000381469727,46608.0
2024-04-24 09:37:00,WDAY,257.67999267578125,257.67999267578125,257.80999755859375,257.6300048828125,257.7950134277344,2698.0
2024-04-24 09:37:00,WDC,71.45999908447266,71.45999908447266,71.55999755859375,71.41999816894531,71.55000305175781,29101.0
2024-04-24 09:37:00,WDFC,224.8000030517578,224.8000030517578,224.8000030517578,224.78500366210938,224.78500366210938,624.0
2024-04-24 09:37:00,WEN,19.864999771118164,19.864999771118164,19.864999771118164,19.864999771118164,19.864999771118164,1140.0
2024-04-24 09:37:00,WFRD,124.51499938964844,124.51499938964844,124.64320373535156,123.56999969482422,123.77999877929688,6347.0
2024-04-24 09:37:00,WIMI,0.852400004863739,0.852400004863739,0.864300012588501,0.8483999967575073,0.8536999821662903,34539.0
2024-04-24 09:37:00,WING,364.0544128417969,364.0544128417969,364.82080078125,364.0544128417969,364.82080078125,335.0
2024-04-24 09:37:00,WISA,5.605000019073486,5.605000019073486,5.619999885559082,5.53000020980835,5.53000020980835,9112.0
2024-04-24 09:37:00,WKHS,0.16110000014305115,0.16110000014305115,0.16349999606609344,0.16110000014305115,0.16349999606609344,77999.0
2024-04-24 09:37:00,WKME,8.0,8.0,8.0,7.980000019073486,7.980000019073486,42405.0
2024-04-24 09:37:00,WKSP,0.39989998936653137,0.39989998936653137,0.39989998936653137,0.39989998936653137,0.39989998936653137,629.0
2024-04-24 09:37:00,WLDS,0.49000000953674316,0.49000000953674316,0.49000000953674316,0.49000000953674316,0.49000000953674316,104.0
2024-04-24 09:37:00,WMG,32.15999984741211,32.15999984741211,32.165000915527344,32.04999923706055,32.165000915527344,768.0
2024-04-24 09:37:00,WSBC,27.9950008392334,27.9950008392334,28.245100021362305,27.9950008392334,28.245100021362305,1343.0
2024-04-24 09:37:00,WTFC,100.11000061035156,100.11000061035156,100.11000061035156,100.11000061035156,100.11000061035156,283.0
2024-04-24 09:37:00,WVE,5.070000171661377,5.070000171661377,5.070000171661377,5.070000171661377,5.070000171661377,204.0
2024-04-24 09:37:00,WW,1.6790000200271606,1.6790000200271606,1.6799999475479126,1.6699999570846558,1.6799999475479126,18487.0
2024-04-24 09:37:00,XEL,54.70000076293945,54.70000076293945,54.70000076293945,54.599998474121094,54.61000061035156,5399.0
2024-04-24 09:37:00,XERS,1.7799999713897705,1.7799999713897705,1.7799999713897705,1.7799999713897705,1.7799999713897705,426.0
2024-04-24 09:37:00,XFOR,1.2599999904632568,1.2599999904632568,1.2599999904632568,1.2599999904632568,1.2599999904632568,2534.0
2024-04-24 09:37:00,XNCR,18.435100555419922,18.435100555419922,18.435100555419922,18.435100555419922,18.435100555419922,1310.0
2024-04-24 09:37:00,XP,20.610000610351562,20.610000610351562,20.610000610351562,20.559999465942383,20.559999465942383,9892.0
2024-04-24 09:37:00,XPEL,54.16960144042969,54.16960144042969,54.16960144042969,54.16960144042969,54.16960144042969,802.0
2024-04-24 09:37:00,XRX,14.329999923706055,14.329999923706055,14.479999542236328,14.319999694824219,14.460000038146973,15141.0
2024-04-24 09:37:00,YSBPW,0.07829999923706055,0.07829999923706055,0.07829999923706055,0.07829999923706055,0.07829999923706055,0.0
2024-04-24 09:37:00,Z,44.36000061035156,44.36000061035156,44.40999984741211,44.2599983215332,44.27000045776367,5153.0
2024-04-24 09:37:00,ZBRA,279.6300048828125,279.6300048828125,279.6300048828125,279.6300048828125,279.6300048828125,1033.0
2024-04-24 09:37:00,ZD,52.31999969482422,52.31999969482422,52.494998931884766,52.31999969482422,52.494998931884766,1038.0
2024-04-24 09:37:00,ZG,43.81999969482422,43.81999969482422,43.84000015258789,43.755001068115234,43.84000015258789,2051.0
2024-04-24 09:37:00,ZI,15.96500015258789,15.96500015258789,16.0,15.96500015258789,16.0,3341.0
2024-04-24 09:37:00,ZION,41.849998474121094,41.849998474121094,41.849998474121094,41.83000183105469,41.84000015258789,1736.0
2024-04-24 09:37:00,ZLAB,15.869999885559082,15.869999885559082,15.869999885559082,15.710000038146973,15.710000038146973,3669.0
2024-04-24 09:37:00,ZM,62.0,62.0,62.060001373291016,62.0,62.060001373291016,7805.0
2024-04-24 09:37:00,ZNTL,12.5600004196167,12.5600004196167,12.5600004196167,12.520000457763672,12.520000457763672,795.0
2024-04-24 09:37:00,ZS,181.2899932861328,181.2899932861328,181.8000030517578,180.54249572753906,180.8249969482422,14759.0
2024-04-24 09:37:00,ZVSA,0.5799999833106995,0.5799999833106995,0.5799999833106995,0.5781999826431274,0.5781999826431274,703.0
2024-04-24 09:38:00,COCO,23.709999084472656,23.709999084472656,23.709999084472656,23.709999084472656,23.709999084472656,146.0
2024-04-24 09:38:00,ETNB,8.890000343322754,8.890000343322754,8.9399995803833,8.890000343322754,8.9399995803833,4036.0
2024-04-24 09:38:00,HOWL,6.465000152587891,6.465000152587891,6.465000152587891,6.449999809265137,6.449999809265137,840.0
2024-04-24 09:38:00,MAPS,1.090000033378601,1.090000033378601,1.090000033378601,1.0800000429153442,1.0800000429153442,900.0
2024-04-24 09:38:00,ME,0.4758000075817108,0.4758000075817108,0.4758000075817108,0.4756999909877777,0.4756999909877777,4212.0
2024-04-24 09:38:00,SEAT,5.824999809265137,5.824999809265137,5.835000038146973,5.824999809265137,5.829999923706055,5851.0
2024-04-24 09:38:00,TWOU,0.2492000013589859,0.2492000013589859,0.2492000013589859,0.2492000013589859,0.2492000013589859,104.0
2024-04-24 09:38:00,TXG,27.729999542236328,27.729999542236328,27.739999771118164,27.729999542236328,27.739999771118164,473.0
2024-04-24 09:38:00,VC,110.69000244140625,110.69000244140625,110.69000244140625,110.69000244140625,110.69000244140625,288.0
2024-04-24 09:38:00,VCTR,50.220001220703125,50.220001220703125,50.29999923706055,50.220001220703125,50.29999923706055,352.0
2024-04-24 09:38:00,VERU,1.3600000143051147,1.3600000143051147,1.3600000143051147,1.3200000524520874,1.3200000524520874,87983.0
2024-04-24 09:38:00,VERV,6.860000133514404,6.860000133514404,6.869999885559082,6.820000171661377,6.820000171661377,1929.0
2024-04-24 09:38:00,VERX,28.1742000579834,28.1742000579834,28.260000228881836,28.1742000579834,28.21500015258789,13723.0
2024-04-24 09:38:00,VFF,1.3200000524520874,1.3200000524520874,1.340000033378601,1.3151999711990356,1.3151999711990356,13072.0
2024-04-24 09:38:00,VFS,2.5299999713897705,2.5299999713897705,2.547499895095825,2.5299999713897705,2.547499895095825,11892.0
2024-04-24 09:38:00,VIAV,8.029999732971191,8.029999732971191,8.029999732971191,8.020000457763672,8.020000457763672,1356.0
2024-04-24 09:38:00,VICR,35.9900016784668,35.9900016784668,36.0,35.9900016784668,36.0,3397.0
2024-04-24 09:38:00,VIR,8.079999923706055,8.079999923706055,8.09000015258789,8.079999923706055,8.09000015258789,448.0
2024-04-24 09:38:00,VIRI,0.43880000710487366,0.43880000710487366,0.43880000710487366,0.43869999051094055,0.43880000710487366,1275.0
2024-04-24 09:38:00,VIRT,22.270000457763672,22.270000457763672,22.389999389648438,22.229999542236328,22.260000228881836,8988.0
2024-04-24 09:38:00,VITL,26.375,26.375,26.375,26.375,26.375,675.0
2024-04-24 09:38:00,VIVK,1.7100000381469727,1.7100000381469727,1.7100000381469727,1.690000057220459,1.690000057220459,7107.0
2024-04-24 09:38:00,VKTX,65.79000091552734,65.79000091552734,65.87999725341797,65.66960144042969,65.79979705810547,3334.0
2024-04-24 09:38:00,VLCN,0.29350000619888306,0.29350000619888306,0.29350000619888306,0.28999999165534973,0.29109999537467957,14807.0
2024-04-24 09:38:00,VMEO,3.575000047683716,3.575000047683716,3.575000047683716,3.575000047683716,3.575000047683716,446.0
2024-04-24 09:38:00,VNET,1.5099999904632568,1.5099999904632568,1.5099999904632568,1.5099999904632568,1.5099999904632568,1516.0
2024-04-24 09:38:00,VNOM,39.97999954223633,39.97999954223633,39.97999954223633,39.91999816894531,39.91999816894531,1012.0
2024-04-24 09:38:00,VOD,8.5649995803833,8.5649995803833,8.574999809265137,8.5649995803833,8.569999694824219,12674.0
2024-04-24 09:38:00,VRDN,14.399999618530273,14.399999618530273,14.399999618530273,14.390000343322754,14.390000343322754,441.0
2024-04-24 09:38:00,VRNA,15.550000190734863,15.550000190734863,15.59000015258789,15.460000038146973,15.59000015258789,7235.0
2024-04-24 09:38:00,VRRM,24.399999618530273,24.399999618530273,24.44499969482422,24.399999618530273,24.44499969482422,1009.0
2024-04-24 09:38:00,VRTX,405.4549865722656,405.4549865722656,405.5299987792969,405.29998779296875,405.30499267578125,2445.0
2024-04-24 09:38:00,VSAT,16.594999313354492,16.594999313354492,16.670000076293945,16.594999313354492,16.670000076293945,2389.0
2024-04-24 09:38:00,VTNR,1.5850000381469727,1.5850000381469727,1.6050000190734863,1.559999942779541,1.6050000190734863,108769.0
2024-04-24 09:38:00,VTRS,11.319999694824219,11.319999694824219,11.319999694824219,11.289999961853027,11.295000076293945,6255.0
2024-04-24 09:38:00,VTSI,12.199999809265137,12.199999809265137,12.199999809265137,12.140000343322754,12.15999984741211,5373.0
2024-04-24 09:38:00,VUZI,1.3100999593734741,1.3100999593734741,1.3100999593734741,1.3100999593734741,1.3100999593734741,332.0
2024-04-24 09:38:00,VYGR,7.659999847412109,7.659999847412109,7.659999847412109,7.659999847412109,7.659999847412109,366.0
2024-04-24 09:38:00,WB,8.40999984741211,8.40999984741211,8.444999694824219,8.40999984741211,8.4399995803833,4873.0
2024-04-24 09:38:00,WBA,17.88800048828125,17.88800048828125,17.899999618530273,17.864999771118164,17.889999389648438,20595.0
2024-04-24 09:38:00,WBD,8.331600189208984,8.331600189208984,8.364999771118164,8.331600189208984,8.359999656677246,88939.0
2024-04-24 09:38:00,WBUY,0.3400000035762787,0.3400000035762787,0.3400000035762787,0.33899998664855957,0.33899998664855957,30002.0
2024-04-24 09:38:00,WDAY,258.0299987792969,258.0299987792969,258.0299987792969,257.7699890136719,257.82000732421875,8311.0
2024-04-24 09:38:00,WDC,71.37000274658203,71.37000274658203,71.44000244140625,71.2300033569336,71.44000244140625,17161.0
2024-04-24 09:38:00,WEN,19.8799991607666,19.8799991607666,19.8799991607666,19.860000610351562,19.875,4340.0
2024-04-24 09:38:00,WERN,35.470001220703125,35.470001220703125,35.470001220703125,35.470001220703125,35.470001220703125,136.0
2024-04-24 09:38:00,WFRD,124.5250015258789,124.5250015258789,124.98500061035156,124.43499755859375,124.91500091552734,17691.0
2024-04-24 09:38:00,WIMI,0.8519999980926514,0.8519999980926514,0.8562999963760376,0.8511000275611877,0.8550999760627747,18252.0
2024-04-24 09:38:00,WISA,5.755000114440918,5.755000114440918,5.78000020980835,5.629899978637695,5.629899978637695,40107.0
2024-04-24 09:38:00,WKHS,0.16349999606609344,0.16349999606609344,0.16349999606609344,0.16110000014305115,0.16339999437332153,50384.0
2024-04-24 09:38:00,WKME,7.989999771118164,7.989999771118164,8.0,7.980000019073486,7.989999771118164,152923.0
2024-04-24 09:38:00,WLGS,0.60589998960495,0.60589998960495,0.60589998960495,0.60589998960495,0.60589998960495,1716.0
2024-04-24 09:38:00,WMG,32.10499954223633,32.10499954223633,32.15999984741211,32.10499954223633,32.15999984741211,657.0
2024-04-24 09:38:00,WRLD,141.1999969482422,141.1999969482422,141.1999969482422,141.1999969482422,141.1999969482422,129.0
2024-04-24 09:38:00,WSBC,28.350000381469727,28.350000381469727,28.350000381469727,28.350000381469727,28.350000381469727,443.0
2024-04-24 09:38:00,WSBF,12.069999694824219,12.069999694824219,12.069999694824219,12.069999694824219,12.069999694824219,212.0
2024-04-24 09:38:00,WSC,37.79499816894531,37.79499816894531,37.80500030517578,37.79499816894531,37.79999923706055,594.0
2024-04-24 09:38:00,WTW,262.68499755859375,262.68499755859375,262.69000244140625,262.68499755859375,262.69000244140625,1791.0
2024-04-24 09:38:00,WVE,5.074999809265137,5.074999809265137,5.074999809265137,5.074999809265137,5.074999809265137,320.0
2024-04-24 09:38:00,WW,1.6613999605178833,1.6613999605178833,1.6699999570846558,1.659999966621399,1.6699999570846558,23199.0
2024-04-24 09:38:00,WYNN,98.55999755859375,98.55999755859375,98.55999755859375,98.41500091552734,98.41500091552734,1539.0
2024-04-24 09:38:00,XEL,54.790000915527344,54.790000915527344,54.81999969482422,54.69499969482422,54.69499969482422,10741.0
2024-04-24 09:38:00,XERS,1.7803000211715698,1.7803000211715698,1.784999966621399,1.7803000211715698,1.784999966621399,1216.0
2024-04-24 09:38:00,XFOR,1.2771999835968018,1.2771999835968018,1.2799999713897705,1.2699999809265137,1.2699999809265137,32524.0
2024-04-24 09:38:00,XMTR,17.309999465942383,17.309999465942383,17.309999465942383,17.290000915527344,17.290000915527344,494.0
2024-04-24 09:38:00,XP,20.579999923706055,20.579999923706055,20.65999984741211,20.56999969482422,20.6299991607666,128378.0
2024-04-24 09:38:00,XRX,14.449999809265137,14.449999809265137,14.449999809265137,14.300000190734863,14.319999694824219,19294.0
2024-04-24 09:38:00,Z,44.4900016784668,44.4900016784668,44.560001373291016,44.369998931884766,44.369998931884766,30200.0
2024-04-24 09:38:00,ZD,52.790000915527344,52.790000915527344,52.790000915527344,52.72999954223633,52.72999954223633,1650.0
2024-04-24 09:38:00,ZG,43.93000030517578,43.93000030517578,43.93000030517578,43.93000030517578,43.93000030517578,526.0
2024-04-24 09:38:00,ZI,15.984999656677246,15.984999656677246,15.984999656677246,15.970000267028809,15.970000267028809,1474.0
2024-04-24 09:38:00,ZM,62.04999923706055,62.04999923706055,62.04999923706055,61.91999816894531,61.97999954223633,7501.0
2024-04-24 09:38:00,ZNTL,12.520000457763672,12.520000457763672,12.520000457763672,12.520000457763672,12.520000457763672,200.0
2024-04-24 09:38:00,ZS,181.49000549316406,181.49000549316406,181.5500030517578,181.02999877929688,181.02999877929688,6765.0
2024-04-24 09:38:00,ZVRA,4.585000038146973,4.585000038146973,4.585000038146973,4.585000038146973,4.585000038146973,108.0
2024-04-24 09:38:00,ZVSA,0.5751000046730042,0.5751000046730042,0.5950000286102295,0.5740000009536743,0.5740000009536743,5540.0
2024-04-24 09:39:00,DIBS,5.349999904632568,5.349999904632568,5.349999904632568,5.349999904632568,5.349999904632568,245.0
2024-04-24 09:39:00,DSP,8.870100021362305,8.870100021362305,8.870100021362305,8.870100021362305,8.870100021362305,426.0
2024-04-24 09:39:00,EGHT,2.309999942779541,2.309999942779541,2.3499999046325684,2.309999942779541,2.3499999046325684,5619.0
2024-04-24 09:39:00,ETNB,8.885000228881836,8.885000228881836,8.899999618530273,8.880000114440918,8.880000114440918,4839.0
2024-04-24 09:39:00,FDMT,25.079999923706055,25.079999923706055,25.170000076293945,25.079999923706055,25.170000076293945,1711.0
2024-04-24 09:39:00,HOWL,6.46999979019165,6.46999979019165,6.46999979019165,6.46999979019165,6.46999979019165,1061.0
2024-04-24 09:39:00,ME,0.47510001063346863,0.47510001063346863,0.477400004863739,0.4749999940395355,0.477400004863739,11400.0
2024-04-24 09:39:00,SEAT,5.820000171661377,5.820000171661377,5.820000171661377,5.820000171661377,5.820000171661377,736.0
2024-04-24 09:39:00,TSVT,4.5295000076293945,4.5295000076293945,4.53000020980835,4.5295000076293945,4.53000020980835,1240.0
2024-04-24 09:39:00,TWOU,0.2492000013589859,0.2492000013589859,0.2492000013589859,0.2492000013589859,0.2492000013589859,2104.0
2024-04-24 09:39:00,TXG,27.75,27.75,27.75,27.719999313354492,27.75,999.0
2024-04-24 09:39:00,VC,110.90499877929688,110.90499877929688,110.93000030517578,110.79000091552734,110.79000091552734,2531.0
2024-04-24 09:39:00,VCTR,50.20000076293945,50.20000076293945,50.2400016784668,50.20000076293945,50.220001220703125,2050.0
2024-04-24 09:39:00,VERU,1.320099949836731,1.320099949836731,1.350000023841858,1.320099949836731,1.3454999923706055,11201.0
2024-04-24 09:39:00,VERV,6.840000152587891,6.840000152587891,6.840000152587891,6.840000152587891,6.840000152587891,211.0
2024-04-24 09:39:00,VERX,28.1200008392334,28.1200008392334,28.170000076293945,28.010000228881836,28.170000076293945,22490.0
2024-04-24 09:39:00,VFF,1.3200000524520874,1.3200000524520874,1.3200000524520874,1.3100999593734741,1.3200000524520874,1024.0
2024-04-24 09:39:00,VFS,2.509999990463257,2.509999990463257,2.5350000858306885,2.509999990463257,2.5350000858306885,17626.0
2024-04-24 09:39:00,VIAV,8.020000457763672,8.020000457763672,8.029999732971191,8.015000343322754,8.029999732971191,2846.0
2024-04-24 09:39:00,VICR,35.939998626708984,35.939998626708984,35.939998626708984,35.86009979248047,35.86009979248047,2394.0
2024-04-24 09:39:00,VIR,8.020000457763672,8.020000457763672,8.079999923706055,8.020000457763672,8.074999809265137,2856.0
2024-04-24 09:39:00,VIRT,22.1200008392334,22.1200008392334,22.270000457763672,22.110000610351562,22.270000457763672,5902.0
2024-04-24 09:39:00,VITL,26.375,26.375,26.3799991607666,26.375,26.3799991607666,572.0
2024-04-24 09:39:00,VIVK,1.7300000190734863,1.7300000190734863,1.7400000095367432,1.7300000190734863,1.7301000356674194,6027.0
2024-04-24 09:39:00,VKTX,65.87000274658203,65.87000274658203,66.0322036743164,65.58999633789062,65.8550033569336,15358.0
2024-04-24 09:39:00,VLCN,0.29499998688697815,0.29499998688697815,0.29499998688697815,0.28999999165534973,0.29499998688697815,5568.0
2024-04-24 09:39:00,VMEO,3.565000057220459,3.565000057220459,3.575000047683716,3.565000057220459,3.575000047683716,4059.0
2024-04-24 09:39:00,VNET,1.5099999904632568,1.5099999904632568,1.5099999904632568,1.5099999904632568,1.5099999904632568,200.0
2024-04-24 09:39:00,VOD,8.559900283813477,8.559900283813477,8.568699836730957,8.550000190734863,8.5649995803833,43719.0
2024-04-24 09:39:00,VRDN,14.300000190734863,14.300000190734863,14.300000190734863,14.300000190734863,14.300000190734863,1177.0
2024-04-24 09:39:00,VRTX,405.17999267578125,405.17999267578125,405.17999267578125,405.17999267578125,405.17999267578125,571.0
2024-04-24 09:39:00,VSAT,16.450000762939453,16.450000762939453,16.575000762939453,16.450000762939453,16.575000762939453,2234.0
2024-04-24 09:39:00,VTGN,4.809999942779541,4.809999942779541,4.848599910736084,4.809999942779541,4.848599910736084,1058.0
2024-04-24 09:39:00,VTNR,1.5750000476837158,1.5750000476837158,1.5820000171661377,1.5606000423431396,1.5820000171661377,37035.0
2024-04-24 09:39:00,VTRS,11.309200286865234,11.309200286865234,11.3100004196167,11.28499984741211,11.3100004196167,16547.0
2024-04-24 09:39:00,VTSI,12.218999862670898,12.218999862670898,12.278499603271484,12.210000038146973,12.220000267028809,1525.0
2024-04-24 09:39:00,VUZI,1.315000057220459,1.315000057220459,1.315000057220459,1.309999942779541,1.3106000423431396,2820.0
2024-04-24 09:39:00,VYGR,7.639999866485596,7.639999866485596,7.639999866485596,7.639999866485596,7.639999866485596,1200.0
2024-04-24 09:39:00,WAFD,28.329999923706055,28.329999923706055,28.329999923706055,28.329999923706055,28.329999923706055,662.0
2024-04-24 09:39:00,WB,8.385000228881836,8.385000228881836,8.40999984741211,8.385000228881836,8.40999984741211,9613.0
2024-04-24 09:39:00,WBA,17.899999618530273,17.899999618530273,17.899999618530273,17.8700008392334,17.8799991607666,22350.0
2024-04-24 09:39:00,WBD,8.331999778747559,8.331999778747559,8.339599609375,8.324999809265137,8.335000038146973,63731.0
2024-04-24 09:39:00,WDAY,257.7799987792969,257.7799987792969,258.0199890136719,257.7799987792969,258.0199890136719,14851.0
2024-04-24 09:39:00,WDC,71.37999725341797,71.37999725341797,71.46990203857422,71.28500366210938,71.28500366210938,23560.0
2024-04-24 09:39:00,WEN,19.844999313354492,19.844999313354492,19.864999771118164,19.829999923706055,19.864999771118164,4523.0
2024-04-24 09:39:00,WERN,35.560001373291016,35.560001373291016,35.560001373291016,35.4900016784668,35.5,1270.0
2024-04-24 09:39:00,WFRD,124.42500305175781,124.42500305175781,124.5199966430664,124.42500305175781,124.5199966430664,0.0
2024-04-24 09:39:00,WIMI,0.8330000042915344,0.8330000042915344,0.8773000240325928,0.8156999945640564,0.8519999980926514,136843.0
2024-04-24 09:39:00,WING,364.47491455078125,364.47491455078125,364.47491455078125,364.47491455078125,364.47491455078125,154.0
2024-04-24 09:39:00,WISA,5.740099906921387,5.740099906921387,5.77239990234375,5.722400188446045,5.75,20395.0
2024-04-24 09:39:00,WIX,125.5250015258789,125.5250015258789,125.9000015258789,124.93000030517578,125.5,7152.0
2024-04-24 09:39:00,WKHS,0.16349999606609344,0.16349999606609344,0.16349999606609344,0.16110000014305115,0.16339999437332153,16804.0
2024-04-24 09:39:00,WKSP,0.3801000118255615,0.3801000118255615,0.3801000118255615,0.3801000118255615,0.3801000118255615,5568.0
2024-04-24 09:39:00,WMG,31.959999084472656,31.959999084472656,32.06999969482422,31.959999084472656,32.06999969482422,950.0
2024-04-24 09:39:00,WSBC,28.270000457763672,28.270000457763672,28.40999984741211,28.270000457763672,28.360000610351562,1960.0
2024-04-24 09:39:00,WSC,37.78499984741211,37.78499984741211,37.78499984741211,37.755001068115234,37.76259994506836,1372.0
2024-04-24 09:39:00,WVE,5.079999923706055,5.079999923706055,5.079999923706055,5.059999942779541,5.059999942779541,306.0
2024-04-24 09:39:00,WW,1.6549999713897705,1.6549999713897705,1.6699999570846558,1.6549999713897705,1.659999966621399,4475.0
2024-04-24 09:39:00,WYNN,98.25910186767578,98.25910186767578,98.4800033569336,98.25910186767578,98.4800033569336,4391.0
2024-04-24 09:39:00,XEL,54.790000915527344,54.790000915527344,54.790000915527344,54.72999954223633,54.779998779296875,10221.0
2024-04-24 09:39:00,XERS,1.774999976158142,1.774999976158142,1.774999976158142,1.7699999809265137,1.7699999809265137,800.0
2024-04-24 09:39:00,XFOR,1.284999966621399,1.284999966621399,1.284999966621399,1.2730000019073486,1.2799999713897705,8953.0
2024-04-24 09:39:00,XNCR,18.34000015258789,18.34000015258789,18.360000610351562,18.34000015258789,18.360000610351562,845.0
2024-04-24 09:39:00,XP,20.56999969482422,20.56999969482422,20.6299991607666,20.559999465942383,20.6200008392334,7986.0
2024-04-24 09:39:00,XRX,14.539999961853027,14.539999961853027,14.550000190734863,14.4399995803833,14.4399995803833,19136.0
2024-04-24 09:39:00,YMAB,15.15999984741211,15.15999984741211,15.15999984741211,15.15999984741211,15.15999984741211,213.0
2024-04-24 09:39:00,YTEN,0.24959999322891235,0.24959999322891235,0.2551000118255615,0.24959999322891235,0.2551000118255615,1790.0
2024-04-24 09:39:00,Z,44.65999984741211,44.65999984741211,44.709999084472656,44.540000915527344,44.54499816894531,19293.0
2024-04-24 09:39:00,ZBRA,279.67999267578125,279.67999267578125,279.69000244140625,279.67999267578125,279.69000244140625,927.0
2024-04-24 09:39:00,ZD,52.59000015258789,52.59000015258789,52.59000015258789,52.59000015258789,52.59000015258789,998.0
2024-04-24 09:39:00,ZG,44.029998779296875,44.029998779296875,44.08000183105469,43.970001220703125,43.970001220703125,4277.0
2024-04-24 09:39:00,ZI,15.975000381469727,15.975000381469727,15.979999542236328,15.970000267028809,15.979999542236328,6709.0
2024-04-24 09:39:00,ZION,41.82500076293945,41.82500076293945,41.82500076293945,41.82500076293945,41.82500076293945,615.0
2024-04-24 09:39:00,ZLAB,15.760000228881836,15.760000228881836,15.760000228881836,15.725000381469727,15.755000114440918,4249.0
2024-04-24 09:39:00,ZM,62.060001373291016,62.060001373291016,62.08000183105469,62.040000915527344,62.04999923706055,7158.0
2024-04-24 09:39:00,ZNTL,12.520000457763672,12.520000457763672,12.520000457763672,12.520000457763672,12.520000457763672,450.0
2024-04-24 09:39:00,ZS,180.99000549316406,180.99000549316406,181.4149932861328,180.99000549316406,181.4149932861328,8151.0
2024-04-24 09:39:00,ZTEK,1.090000033378601,1.090000033378601,1.090000033378601,1.090000033378601,1.090000033378601,1300.0
2024-04-24 09:39:00,ZVSA,0.5950000286102295,0.5950000286102295,0.5950000286102295,0.5914999842643738,0.5914999842643738,1105.0
2024-04-24 09:39:00,ZYXI,11.479999542236328,11.479999542236328,11.479999542236328,11.449999809265137,11.449999809265137,469.0
2024-04-24 09:40:00,COCO,23.729999542236328,23.729999542236328,23.729999542236328,23.709999084472656,23.709999084472656,779.0
2024-04-24 09:40:00,EGHT,2.319999933242798,2.319999933242798,2.319999933242798,2.319999933242798,2.319999933242798,331.0
2024-04-24 09:40:00,ETNB,8.880000114440918,8.880000114440918,8.885000228881836,8.880000114440918,8.885000228881836,316.0
2024-04-24 09:40:00,FLWS,9.25,9.25,9.270000457763672,9.25,9.270000457763672,1084.0
2024-04-24 09:40:00,ME,0.477400004863739,0.477400004863739,0.477400004863739,0.47350001335144043,0.4772999882698059,1661.0
2024-04-24 09:40:00,SEAT,5.824999809265137,5.824999809265137,5.824999809265137,5.820000171661377,5.820000171661377,2160.0
2024-04-24 09:40:00,TSVT,4.539999961853027,4.539999961853027,4.539999961853027,4.539999961853027,4.539999961853027,1596.0
2024-04-24 09:40:00,TWOU,0.249099999666214,0.249099999666214,0.2492000013589859,0.24580000340938568,0.2492000013589859,629.0
2024-04-24 09:40:00,TXG,27.649999618530273,27.649999618530273,27.7450008392334,27.649999618530273,27.7450008392334,3341.0
2024-04-24 09:40:00,VCTR,50.21500015258789,50.21500015258789,50.21500015258789,50.18000030517578,50.18000030517578,440.0
2024-04-24 09:40:00,VERU,1.340000033378601,1.340000033378601,1.3424999713897705,1.3300000429153442,1.3300000429153442,5294.0
2024-04-24 09:40:00,VERV,6.829999923706055,6.829999923706055,6.840000152587891,6.829999923706055,6.840000152587891,1144.0
2024-04-24 09:40:00,VERX,28.149999618530273,28.149999618530273,28.155000686645508,28.125,28.149999618530273,2265.0
2024-04-24 09:40:00,VFF,1.3200000524520874,1.3200000524520874,1.3300000429153442,1.3200000524520874,1.3300000429153442,3950.0
2024-04-24 09:40:00,VFS,2.505000114440918,2.505000114440918,2.5104000568389893,2.5023000240325928,2.509999990463257,12369.0
2024-04-24 09:40:00,VIAV,8.029999732971191,8.029999732971191,8.029999732971191,8.029999732971191,8.029999732971191,440.0
2024-04-24 09:40:00,VICR,36.0,36.0,36.0,35.65999984741211,35.689998626708984,3914.0
2024-04-24 09:40:00,VINC,0.9891999959945679,0.9891999959945679,0.9891999959945679,0.9800000190734863,0.9800000190734863,2892.0
2024-04-24 09:40:00,VIR,8.029999732971191,8.029999732971191,8.045000076293945,8.020000457763672,8.039999961853027,2703.0
2024-04-24 09:40:00,VIRI,0.4392000138759613,0.4392000138759613,0.4392000138759613,0.43880000710487366,0.43880000710487366,16523.0
2024-04-24 09:40:00,VIRT,22.209999084472656,22.209999084472656,22.209999084472656,22.094999313354492,22.1299991607666,3781.0
2024-04-24 09:40:00,VIVK,1.8200000524520874,1.8200000524520874,1.840000033378601,1.7400000095367432,1.75,22078.0
2024-04-24 09:40:00,VKTX,65.25,65.25,65.95700073242188,65.14640045166016,65.95700073242188,9249.0
2024-04-24 09:40:00,VLCN,0.29499998688697815,0.29499998688697815,0.29499998688697815,0.28999999165534973,0.28999999165534973,2572.0
2024-04-24 09:40:00,VMEO,3.559999942779541,3.559999942779541,3.565000057220459,3.559999942779541,3.565000057220459,1143.0
2024-04-24 09:40:00,VNET,1.5099999904632568,1.5099999904632568,1.5099999904632568,1.5099999904632568,1.5099999904632568,7414.0
2024-04-24 09:40:00,VOD,8.569999694824219,8.569999694824219,8.574999809265137,8.555000305175781,8.555000305175781,59684.0
2024-04-24 09:40:00,VRDN,14.270000457763672,14.270000457763672,14.270000457763672,14.270000457763672,14.270000457763672,126.0
2024-04-24 09:40:00,VRM,12.1899995803833,12.1899995803833,12.1899995803833,12.1899995803833,12.1899995803833,238.0
2024-04-24 09:40:00,VRTX,405.5400085449219,405.5400085449219,405.5400085449219,405.2950134277344,405.2950134277344,2066.0
2024-04-24 09:40:00,VSAT,16.440000534057617,16.440000534057617,16.469999313354492,16.440000534057617,16.469999313354492,2530.0
2024-04-24 09:40:00,VTGN,4.819900035858154,4.819900035858154,4.819900035858154,4.819900035858154,4.819900035858154,826.0
2024-04-24 09:40:00,VTNR,1.5700000524520874,1.5700000524520874,1.5800000429153442,1.559999942779541,1.5706000328063965,13781.0
2024-04-24 09:40:00,VTRS,11.3100004196167,11.3100004196167,11.315899848937988,11.295000076293945,11.305899620056152,12817.0
2024-04-24 09:40:00,VTSI,12.229999542236328,12.229999542236328,12.229999542236328,12.220000267028809,12.220000267028809,922.0
2024-04-24 09:40:00,VUZI,1.315000057220459,1.315000057220459,1.315000057220459,1.309999942779541,1.3100999593734741,9804.0
2024-04-24 09:40:00,VYGR,7.639999866485596,7.639999866485596,7.659999847412109,7.639999866485596,7.659999847412109,1383.0
2024-04-24 09:40:00,WB,8.369999885559082,8.369999885559082,8.385000228881836,8.369999885559082,8.380000114440918,1217.0
2024-04-24 09:40:00,WBA,17.889999389648438,17.889999389648438,17.920000076293945,17.8799991607666,17.889999389648438,17118.0
2024-04-24 09:40:00,WBD,8.339900016784668,8.339900016784668,8.34000015258789,8.319999694824219,8.335000038146973,20052.0
2024-04-24 09:40:00,WDAY,258.4700012207031,258.4700012207031,258.6099853515625,257.7799987792969,257.7799987792969,15681.0
2024-04-24 09:40:00,WDC,70.80000305175781,70.80000305175781,71.31999969482422,70.69999694824219,71.31999969482422,34427.0
2024-04-24 09:40:00,WEN,19.860000610351562,19.860000610351562,19.860000610351562,19.854999542236328,19.854999542236328,1073.0
2024-04-24 09:40:00,WERN,35.630001068115234,35.630001068115234,35.63999938964844,35.595001220703125,35.595001220703125,914.0
2024-04-24 09:40:00,WFRD,124.41999816894531,124.41999816894531,124.83499908447266,124.05999755859375,124.7699966430664,11663.0
2024-04-24 09:40:00,WIMI,0.8500000238418579,0.8500000238418579,0.8510000109672546,0.8330000042915344,0.8503000140190125,21353.0
2024-04-24 09:40:00,WING,365.0,365.0,365.0,365.0,365.0,1116.0
2024-04-24 09:40:00,WINT,4.950099945068359,4.950099945068359,4.950099945068359,4.950099945068359,4.950099945068359,4017.0
2024-04-24 09:40:00,WISA,5.728799819946289,5.728799819946289,5.78000020980835,5.71999979019165,5.78000020980835,32175.0
2024-04-24 09:40:00,WIX,125.50499725341797,125.50499725341797,125.55500030517578,125.50499725341797,125.55500030517578,880.0
2024-04-24 09:40:00,WKHS,0.16110000014305115,0.16110000014305115,0.16349999606609344,0.16099999845027924,0.16349999606609344,174319.0
2024-04-24 09:40:00,WKSP,0.3619999885559082,0.3619999885559082,0.3619999885559082,0.3619999885559082,0.3619999885559082,4970.0
2024-04-24 09:40:00,WLDS,0.4684999883174896,0.4684999883174896,0.4684999883174896,0.4684999883174896,0.4684999883174896,1820.0
2024-04-24 09:40:00,WLGS,0.6119999885559082,0.6119999885559082,0.6119999885559082,0.6119999885559082,0.6119999885559082,0.0
2024-04-24 09:40:00,WMG,32.0099983215332,32.0099983215332,32.0099983215332,32.0099983215332,32.0099983215332,111.0
2024-04-24 09:40:00,WSBC,28.360000610351562,28.360000610351562,28.360000610351562,28.360000610351562,28.360000610351562,245.0
2024-04-24 09:40:00,WTFC,100.12000274658203,100.12000274658203,100.12000274658203,100.12000274658203,100.12000274658203,501.0
2024-04-24 09:40:00,WW,1.6748000383377075,1.6748000383377075,1.6799999475479126,1.6549999713897705,1.655500054359436,26632.0
2024-04-24 09:40:00,WYNN,98.37000274658203,98.37000274658203,98.37000274658203,98.36000061035156,98.36000061035156,1139.0
2024-04-24 09:40:00,XEL,54.849998474121094,54.849998474121094,54.869998931884766,54.790000915527344,54.79499816894531,6773.0
2024-04-24 09:40:00,XERS,1.7649999856948853,1.7649999856948853,1.7699999809265137,1.7599999904632568,1.7699999809265137,11087.0
2024-04-24 09:40:00,XFOR,1.2812000513076782,1.2812000513076782,1.2899999618530273,1.2812000513076782,1.2899999618530273,6039.0
2024-04-24 09:40:00,XMTR,17.295000076293945,17.295000076293945,17.315000534057617,17.295000076293945,17.315000534057617,319.0
2024-04-24 09:40:00,XP,20.56999969482422,20.56999969482422,20.59000015258789,20.559999465942383,20.56999969482422,30677.0
2024-04-24 09:40:00,XPEL,54.029998779296875,54.029998779296875,54.4900016784668,53.90999984741211,54.415000915527344,780.0
2024-04-24 09:40:00,XRTX,2.9000000953674316,2.9000000953674316,2.9000000953674316,2.9000000953674316,2.9000000953674316,402.0
2024-04-24 09:40:00,XRX,14.649999618530273,14.649999618530273,14.649999618530273,14.539999961853027,14.539999961853027,17216.0
2024-04-24 09:40:00,YJ,0.7200999855995178,0.7200999855995178,0.7200999855995178,0.7200999855995178,0.7200999855995178,0.0
2024-04-24 09:40:00,YMAB,15.23900032043457,15.23900032043457,15.23900032043457,15.23900032043457,15.23900032043457,278.0
2024-04-24 09:40:00,Z,44.34000015258789,44.34000015258789,44.66999816894531,44.34000015258789,44.66999816894531,22422.0
2024-04-24 09:40:00,ZAPP,4.583700180053711,4.583700180053711,4.583700180053711,4.583700180053711,4.583700180053711,332.0
2024-04-24 09:40:00,ZCMD,1.649999976158142,1.649999976158142,1.649999976158142,1.649999976158142,1.649999976158142,403.0
2024-04-24 09:40:00,ZD,52.45000076293945,52.45000076293945,52.45000076293945,52.45000076293945,52.45000076293945,745.0
2024-04-24 09:40:00,ZG,43.849998474121094,43.849998474121094,44.04999923706055,43.84000015258789,44.04999923706055,4554.0
2024-04-24 09:40:00,ZI,15.949999809265137,15.949999809265137,15.970000267028809,15.949999809265137,15.970000267028809,5182.0
2024-04-24 09:40:00,ZIMV,16.09000015258789,16.09000015258789,16.09000015258789,16.09000015258789,16.09000015258789,206.0
2024-04-24 09:40:00,ZION,41.880001068115234,41.880001068115234,41.93000030517578,41.814998626708984,41.814998626708984,9012.0
2024-04-24 09:40:00,ZLAB,15.789999961853027,15.789999961853027,15.8100004196167,15.770000457763672,15.8100004196167,2636.0
2024-04-24 09:40:00,ZM,61.9900016784668,61.9900016784668,62.04999923706055,61.9900016784668,62.0099983215332,7231.0
2024-04-24 09:40:00,ZS,181.0500030517578,181.0500030517578,181.47999572753906,181.0,181.14999389648438,7037.0
2024-04-24 09:40:00,ZUMZ,16.760000228881836,16.760000228881836,16.799999237060547,16.760000228881836,16.799999237060547,1058.0
2024-04-24 09:40:00,ZVRA,4.559999942779541,4.559999942779541,4.559999942779541,4.559999942779541,4.559999942779541,262.0
2024-04-24 09:40:00,ZVSA,0.5950000286102295,0.5950000286102295,0.5950000286102295,0.574999988079071,0.574999988079071,1041.0
2024-04-24 09:40:00,ZYME,8.539999961853027,8.539999961853027,8.59000015258789,8.539999961853027,8.59000015258789,1883.0
2024-04-24 09:40:00,ZYXI,11.470000267028809,11.470000267028809,11.5,11.470000267028809,11.5,1479.0
2024-04-24 09:41:00,COCO,23.760000228881836,23.760000228881836,23.760000228881836,23.75,23.75,1732.0
2024-04-24 09:41:00,DSP,8.979999542236328,8.979999542236328,8.979999542236328,8.979999542236328,8.979999542236328,121.0
2024-04-24 09:41:00,ETNB,8.850000381469727,8.850000381469727,8.869999885559082,8.850000381469727,8.869999885559082,941.0
2024-04-24 09:41:00,FDMT,24.919200897216797,24.919200897216797,24.919200897216797,24.919200897216797,24.919200897216797,500.0
2024-04-24 09:41:00,MAPS,1.0800000429153442,1.0800000429153442,1.0800000429153442,1.0800000429153442,1.0800000429153442,1416.0
2024-04-24 09:41:00,ME,0.47110000252723694,0.47110000252723694,0.4742000102996826,0.47110000252723694,0.47110000252723694,445.0
2024-04-24 09:41:00,SEAT,5.824999809265137,5.824999809265137,5.824999809265137,5.824999809265137,5.824999809265137,2061.0
2024-04-24 09:41:00,TXG,27.565000534057617,27.565000534057617,27.56999969482422,27.510000228881836,27.530000686645508,2510.0
2024-04-24 09:41:00,VC,110.63999938964844,110.63999938964844,110.91999816894531,110.63999938964844,110.75,2064.0
2024-04-24 09:41:00,VCTR,49.95000076293945,49.95000076293945,50.09000015258789,49.81439971923828,50.09000015258789,8677.0
2024-04-24 09:41:00,VERU,1.3105000257492065,1.3105000257492065,1.3392000198364258,1.309999942779541,1.3392000198364258,9817.0
2024-04-24 09:41:00,VERV,6.769999980926514,6.769999980926514,6.827600002288818,6.769999980926514,6.827600002288818,2543.0
2024-04-24 09:41:00,VERX,28.309999465942383,28.309999465942383,28.309999465942383,28.100000381469727,28.15999984741211,28752.0
2024-04-24 09:41:00,VFF,1.3300000429153442,1.3300000429153442,1.3300000429153442,1.3288999795913696,1.3300000429153442,1726.0
2024-04-24 09:41:00,VFS,2.509999990463257,2.509999990463257,2.509999990463257,2.500200033187866,2.500200033187866,7165.0
2024-04-24 09:41:00,VIAV,8.010000228881836,8.010000228881836,8.020000457763672,8.010000228881836,8.020000457763672,1075.0
2024-04-24 09:41:00,VICR,36.130001068115234,36.130001068115234,36.40999984741211,35.810001373291016,35.83000183105469,5845.0
2024-04-24 09:41:00,VIRI,0.4494999945163727,0.4494999945163727,0.4494999945163727,0.4494999945163727,0.4494999945163727,0.0
2024-04-24 09:41:00,VIRT,22.260000228881836,22.260000228881836,22.309999465942383,22.209999084472656,22.251100540161133,11073.0
2024-04-24 09:41:00,VITL,26.46500015258789,26.46500015258789,26.46500015258789,26.309999465942383,26.309999465942383,1548.0
2024-04-24 09:41:00,VIVK,1.8200000524520874,1.8200000524520874,1.8200000524520874,1.8200000524520874,1.8200000524520874,159.0
2024-04-24 09:41:00,VKTX,65.63670349121094,65.63670349121094,65.87000274658203,65.1803970336914,65.21499633789062,26534.0
2024-04-24 09:41:00,VLCN,0.2858999967575073,0.2858999967575073,0.28999999165534973,0.2858999967575073,0.28999999165534973,40976.0
2024-04-24 09:41:00,VMD,8.074999809265137,8.074999809265137,8.074999809265137,8.0600004196167,8.063199996948242,1758.0
2024-04-24 09:41:00,VMEO,3.5450000762939453,3.5450000762939453,3.549999952316284,3.5450000762939453,3.549999952316284,1501.0
2024-04-24 09:41:00,VOD,8.5649995803833,8.5649995803833,8.569999694824219,8.5600004196167,8.5649995803833,21500.0
2024-04-24 09:41:00,VRDN,14.229999542236328,14.229999542236328,14.239999771118164,14.229999542236328,14.239999771118164,1328.0
2024-04-24 09:41:00,VRNA,15.479999542236328,15.479999542236328,15.479999542236328,15.430000305175781,15.4399995803833,2118.0
2024-04-24 09:41:00,VRPX,3.220099925994873,3.220099925994873,3.2500998973846436,3.220099925994873,3.25,708.0
2024-04-24 09:41:00,VRRM,24.399999618530273,24.399999618530273,24.399999618530273,24.3799991607666,24.3799991607666,1222.0
2024-04-24 09:41:00,VRTX,405.95001220703125,405.95001220703125,405.95001220703125,405.3492126464844,405.3492126464844,1030.0
2024-04-24 09:41:00,VSAT,16.440000534057617,16.440000534057617,16.440000534057617,16.440000534057617,16.440000534057617,281.0
2024-04-24 09:41:00,VTNR,1.559999942779541,1.559999942779541,1.5706000328063965,1.559999942779541,1.5699000358581543,21032.0
2024-04-24 09:41:00,VTRS,11.295000076293945,11.295000076293945,11.3100004196167,11.295000076293945,11.305899620056152,14056.0
2024-04-24 09:41:00,VTSI,12.1899995803833,12.1899995803833,12.239999771118164,12.1899995803833,12.225000381469727,7953.0
2024-04-24 09:41:00,VUZI,1.3000999689102173,1.3000999689102173,1.309999942779541,1.2999999523162842,1.3000999689102173,14765.0
2024-04-24 09:41:00,VVPR,3.5399999618530273,3.5399999618530273,3.5399999618530273,3.5399999618530273,3.5399999618530273,875.0
2024-04-24 09:41:00,VYGR,7.630000114440918,7.630000114440918,7.630000114440918,7.619999885559082,7.619999885559082,425.0
2024-04-24 09:41:00,WAFD,28.204999923706055,28.204999923706055,28.309999465942383,28.204999923706055,28.309999465942383,1178.0
2024-04-24 09:41:00,WALD,5.210000038146973,5.210000038146973,5.210000038146973,5.210000038146973,5.210000038146973,241.0
2024-04-24 09:41:00,WB,8.354999542236328,8.354999542236328,8.359999656677246,8.349499702453613,8.359999656677246,2181.0
2024-04-24 09:41:00,WBA,17.864999771118164,17.864999771118164,17.885000228881836,17.860000610351562,17.885000228881836,14924.0
2024-04-24 09:41:00,WBD,8.324999809265137,8.324999809265137,8.34000015258789,8.319999694824219,8.330499649047852,15448.0
2024-04-24 09:41:00,WDC,70.76000213623047,70.76000213623047,70.93000030517578,70.56500244140625,70.76000213623047,43013.0
2024-04-24 09:41:00,WEN,19.850000381469727,19.850000381469727,19.860000610351562,19.850000381469727,19.860000610351562,1291.0
2024-04-24 09:41:00,WERN,35.599998474121094,35.599998474121094,35.650001525878906,35.59000015258789,35.599998474121094,1559.0
2024-04-24 09:41:00,WFRD,124.70500183105469,124.70500183105469,124.72000122070312,123.51000213623047,123.51000213623047,7084.0
2024-04-24 09:41:00,WIMI,0.8514000177383423,0.8514000177383423,0.8535000085830688,0.8339999914169312,0.8535000085830688,13185.0
2024-04-24 09:41:00,WINT,4.960000038146973,4.960000038146973,4.960000038146973,4.960000038146973,4.960000038146973,525.0
2024-04-24 09:41:00,WISA,5.699999809265137,5.699999809265137,5.71999979019165,5.650000095367432,5.718500137329102,33644.0
2024-04-24 09:41:00,WIX,125.4000015258789,125.4000015258789,125.4000015258789,125.4000015258789,125.4000015258789,332.0
2024-04-24 09:41:00,WKHS,0.16050000488758087,0.16050000488758087,0.1632000058889389,0.16050000488758087,0.16120000183582306,201776.0
2024-04-24 09:41:00,WMG,32.040000915527344,32.040000915527344,32.040000915527344,32.040000915527344,32.040000915527344,221.0
2024-04-24 09:41:00,WRNT,0.28999999165534973,0.28999999165534973,0.28999999165534973,0.28220000863075256,0.28220000863075256,9589.0
2024-04-24 09:41:00,WSBC,28.229999542236328,28.229999542236328,28.34000015258789,28.229999542236328,28.34000015258789,350.0
2024-04-24 09:41:00,WSBF,11.890000343322754,11.890000343322754,11.890000343322754,11.890000343322754,11.890000343322754,372.0
2024-04-24 09:41:00,WSC,37.84000015258789,37.84000015258789,37.84000015258789,37.79999923706055,37.79999923706055,963.0
2024-04-24 09:41:00,WSFS,44.4900016784668,44.4900016784668,44.560001373291016,44.4900016784668,44.5,1866.0
2024-04-24 09:41:00,WTFC,99.62000274658203,99.62000274658203,99.62000274658203,99.62000274658203,99.62000274658203,251.0
2024-04-24 09:41:00,WVE,5.070000171661377,5.070000171661377,5.070000171661377,5.010000228881836,5.059999942779541,3231.0
2024-04-24 09:41:00,WW,1.6649999618530273,1.6649999618530273,1.6699999570846558,1.659999966621399,1.6699999570846558,3855.0
2024-04-24 09:41:00,WWD,151.0399932861328,151.0399932861328,151.0399932861328,151.0399932861328,151.0399932861328,396.0
2024-04-24 09:41:00,WYNN,98.30500030517578,98.30500030517578,98.30500030517578,98.30500030517578,98.30500030517578,404.0
2024-04-24 09:41:00,XEL,54.92499923706055,54.92499923706055,54.92499923706055,54.849998474121094,54.849998474121094,7755.0
2024-04-24 09:41:00,XERS,1.7649999856948853,1.7649999856948853,1.7649999856948853,1.7649999856948853,1.7649999856948853,2935.0
2024-04-24 09:41:00,XMTR,17.25,17.25,17.25,17.229999542236328,17.229999542236328,1624.0
2024-04-24 09:41:00,XP,20.584999084472656,20.584999084472656,20.600000381469727,20.559999465942383,20.559999465942383,5501.0
2024-04-24 09:41:00,XRX,14.614999771118164,14.614999771118164,14.640000343322754,14.579999923706055,14.640000343322754,12334.0
2024-04-24 09:41:00,YMAB,15.229999542236328,15.229999542236328,15.229999542236328,15.140000343322754,15.15999984741211,1596.0
2024-04-24 09:41:00,YTEN,0.25,0.25,0.25,0.25,0.25,0.0
2024-04-24 09:41:00,Z,44.404998779296875,44.404998779296875,44.47999954223633,44.36000061035156,44.380001068115234,6774.0
2024-04-24 09:41:00,ZCMD,1.649999976158142,1.649999976158142,1.649999976158142,1.6200000047683716,1.6200000047683716,482.0
2024-04-24 09:41:00,ZD,52.25,52.25,52.28499984741211,52.25,52.28499984741211,422.0
2024-04-24 09:41:00,ZG,43.83000183105469,43.83000183105469,43.88999938964844,43.83000183105469,43.88999938964844,2772.0
2024-04-24 09:41:00,ZI,15.930000305175781,15.930000305175781,15.949999809265137,15.930000305175781,15.949999809265137,1688.0
2024-04-24 09:41:00,ZIMV,16.0049991607666,16.0049991607666,16.0049991607666,16.0049991607666,16.0049991607666,578.0
2024-04-24 09:41:00,ZION,41.849998474121094,41.849998474121094,41.88999938964844,41.79999923706055,41.88999938964844,15922.0
2024-04-24 09:41:00,ZLAB,15.8100004196167,15.8100004196167,15.8100004196167,15.75,15.75,713.0
2024-04-24 09:41:00,ZM,62.06999969482422,62.06999969482422,62.06999969482422,62.0099983215332,62.022499084472656,8643.0
2024-04-24 09:41:00,ZS,181.2449951171875,181.2449951171875,181.39999389648438,181.11000061035156,181.11000061035156,3532.0
2024-04-24 09:41:00,ZUMZ,16.829999923706055,16.829999923706055,16.829999923706055,16.799999237060547,16.799999237060547,698.0
2024-04-24 09:41:00,ZURA,3.4000000953674316,3.4000000953674316,3.4200000762939453,3.4000000953674316,3.4200000762939453,5032.0
2024-04-24 09:41:00,ZYME,8.524999618530273,8.524999618530273,8.539999961853027,8.524999618530273,8.539999961853027,865.0
2024-04-24 09:41:00,ZYXI,11.520000457763672,11.520000457763672,11.520000457763672,11.520000457763672,11.520000457763672,1288.0
2024-04-24 09:42:00,COCO,23.759300231933594,23.759300231933594,23.759300231933594,23.759300231933594,23.759300231933594,430.0
2024-04-24 09:42:00,DIBS,5.360000133514404,5.360000133514404,5.360000133514404,5.360000133514404,5.360000133514404,200.0
2024-04-24 09:42:00,DSP,9.029999732971191,9.029999732971191,9.029999732971191,9.029999732971191,9.029999732971191,222.0
2024-04-24 09:42:00,EGHT,2.309999942779541,2.309999942779541,2.309999942779541,2.309999942779541,2.309999942779541,741.0
2024-04-24 09:42:00,FDMT,25.040000915527344,25.040000915527344,25.040000915527344,24.959999084472656,24.959999084472656,2424.0
2024-04-24 09:42:00,FLWS,9.255000114440918,9.255000114440918,9.255000114440918,9.255000114440918,9.255000114440918,777.0
2024-04-24 09:42:00,MAPS,1.0800000429153442,1.0800000429153442,1.0800000429153442,1.0800000429153442,1.0800000429153442,150.0
2024-04-24 09:42:00,ME,0.4740999937057495,0.4740999937057495,0.47699999809265137,0.47200000286102295,0.47200000286102295,4533.0
2024-04-24 09:42:00,SXTP,0.2401999980211258,0.2401999980211258,0.24500000476837158,0.2401999980211258,0.24500000476837158,3538.0
2024-04-24 09:42:00,TSVT,4.510000228881836,4.510000228881836,4.510000228881836,4.510000228881836,4.510000228881836,884.0
2024-04-24 09:42:00,TWOU,0.2492000013589859,0.2492000013589859,0.2492000013589859,0.2492000013589859,0.2492000013589859,300.0
2024-04-24 09:42:00,TXG,27.5,27.5,27.579999923706055,27.5,27.56999969482422,2595.0
2024-04-24 09:42:00,VC,110.75,110.75,110.83999633789062,110.75,110.83999633789062,858.0
2024-04-24 09:42:00,VCTR,50.209999084472656,50.209999084472656,50.209999084472656,49.86000061035156,49.90999984741211,3515.0
2024-04-24 09:42:00,VERU,1.3200000524520874,1.3200000524520874,1.3300000429153442,1.3200000524520874,1.3300000429153442,7000.0
2024-04-24 09:42:00,VERX,28.360000610351562,28.360000610351562,28.360000610351562,28.165000915527344,28.280000686645508,37775.0
2024-04-24 09:42:00,VFS,2.515000104904175,2.515000104904175,2.5199999809265137,2.5009000301361084,2.5009000301361084,26216.0
2024-04-24 09:42:00,VIAV,8.020000457763672,8.020000457763672,8.020000457763672,8.020000457763672,8.020000457763672,141.0
2024-04-24 09:42:00,VICR,35.890098571777344,35.890098571777344,36.119998931884766,35.890098571777344,36.119998931884766,2898.0
2024-04-24 09:42:00,VINC,0.9919999837875366,0.9919999837875366,0.9930999875068665,0.9900000095367432,0.9922000169754028,52426.0
2024-04-24 09:42:00,VIR,8.0600004196167,8.0600004196167,8.0600004196167,8.050000190734863,8.055000305175781,1109.0
2024-04-24 09:42:00,VIRI,0.44999998807907104,0.44999998807907104,0.44999998807907104,0.4494999945163727,0.4494999945163727,440.0
2024-04-24 09:42:00,VIRT,22.25,22.25,22.309999465942383,22.247499465942383,22.270000457763672,8512.0
2024-04-24 09:42:00,VITL,26.450000762939453,26.450000762939453,26.450000762939453,26.450000762939453,26.450000762939453,201.0
2024-04-24 09:42:00,VIVK,1.809999942779541,1.809999942779541,1.809999942779541,1.809999942779541,1.809999942779541,2886.0
2024-04-24 09:42:00,VKTX,65.6449966430664,65.6449966430664,65.9000015258789,65.62000274658203,65.9000015258789,1261.0
2024-04-24 09:42:00,VLCN,0.28630000352859497,0.28630000352859497,0.28630000352859497,0.2849999964237213,0.28610000014305115,44362.0
2024-04-24 09:42:00,VMEO,3.5488998889923096,3.5488998889923096,3.549999952316284,3.5399999618530273,3.549999952316284,3499.0
2024-04-24 09:42:00,VNET,1.5104999542236328,1.5104999542236328,1.5104999542236328,1.5099999904632568,1.5099999904632568,3472.0
2024-04-24 09:42:00,VOD,8.5649995803833,8.5649995803833,8.5649995803833,8.5649995803833,8.5649995803833,416.0
2024-04-24 09:42:00,VRM,11.789999961853027,11.789999961853027,11.789999961853027,11.789999961853027,11.789999961853027,116.0
2024-04-24 09:42:00,VRRM,24.389999389648438,24.389999389648438,24.389999389648438,24.389999389648438,24.389999389648438,437.0
2024-04-24 09:42:00,VRTX,406.0450134277344,406.0450134277344,406.3349914550781,405.82000732421875,405.82000732421875,5718.0
2024-04-24 09:42:00,VSAT,16.459999084472656,16.459999084472656,16.489999771118164,16.44499969482422,16.44499969482422,6774.0
2024-04-24 09:42:00,VTNR,1.5678000450134277,1.5678000450134277,1.5699000358581543,1.559999942779541,1.5613000392913818,8960.0
2024-04-24 09:42:00,VTRS,11.300000190734863,11.300000190734863,11.300000190734863,11.279999732971191,11.289999961853027,10404.0
2024-04-24 09:42:00,VTSI,12.100000381469727,12.100000381469727,12.100000381469727,12.100000381469727,12.100000381469727,2420.0
2024-04-24 09:42:00,VUZI,1.2799999713897705,1.2799999713897705,1.2899999618530273,1.2714999914169312,1.2899999618530273,13626.0
2024-04-24 09:42:00,VVPR,3.5799999237060547,3.5799999237060547,3.5799999237060547,3.5799999237060547,3.5799999237060547,741.0
2024-04-24 09:42:00,VYGR,7.639999866485596,7.639999866485596,7.639999866485596,7.639999866485596,7.639999866485596,623.0
2024-04-24 09:42:00,WAFD,28.204999923706055,28.204999923706055,28.204999923706055,28.204999923706055,28.204999923706055,608.0
2024-04-24 09:42:00,WBA,17.84000015258789,17.84000015258789,17.868000030517578,17.81999969482422,17.864999771118164,42137.0
2024-04-24 09:42:00,WBD,8.319999694824219,8.319999694824219,8.339900016784668,8.3149995803833,8.329999923706055,89231.0
2024-04-24 09:42:00,WDAY,258.6650085449219,258.6650085449219,258.94000244140625,258.6600036621094,258.82000732421875,1411.0
2024-04-24 09:42:00,WDC,70.81999969482422,70.81999969482422,71.02999877929688,70.62999725341797,70.70500183105469,25308.0
2024-04-24 09:42:00,WERN,35.56999969482422,35.56999969482422,35.6150016784668,35.56999969482422,35.6150016784668,600.0
2024-04-24 09:42:00,WFRD,125.13999938964844,125.13999938964844,125.54989624023438,124.56500244140625,124.56500244140625,3366.0
2024-04-24 09:42:00,WIMI,0.8585000038146973,0.8585000038146973,0.8648999929428101,0.8519999980926514,0.8532999753952026,6850.0
2024-04-24 09:42:00,WISA,5.429999828338623,5.429999828338623,5.670000076293945,5.309999942779541,5.670000076293945,52399.0
2024-04-24 09:42:00,WIX,125.63999938964844,125.63999938964844,125.63999938964844,125.62999725341797,125.62999725341797,355.0
2024-04-24 09:42:00,WKHS,0.16290000081062317,0.16290000081062317,0.16290000081062317,0.16050000488758087,0.16169999539852142,12720.0
2024-04-24 09:42:00,WKSPW,0.018699999898672104,0.018699999898672104,0.018699999898672104,0.017400000244379044,0.017400000244379044,0.0
2024-04-24 09:42:00,WLDS,0.49000000953674316,0.49000000953674316,0.49000000953674316,0.49000000953674316,0.49000000953674316,596.0
2024-04-24 09:42:00,WMG,32.040000915527344,32.040000915527344,32.04999923706055,32.01499938964844,32.01499938964844,1192.0
2024-04-24 09:42:00,WRLD,141.4600067138672,141.4600067138672,141.4600067138672,139.08999633789062,139.08999633789062,389.0
2024-04-24 09:42:00,WRNT,0.26010000705718994,0.26010000705718994,0.26100000739097595,0.25999999046325684,0.26100000739097595,6207.0
2024-04-24 09:42:00,WSC,37.720001220703125,37.720001220703125,37.814998626708984,37.71500015258789,37.810001373291016,3564.0
2024-04-24 09:42:00,WTBA,16.670000076293945,16.670000076293945,16.670000076293945,16.670000076293945,16.670000076293945,832.0
2024-04-24 09:42:00,WTW,263.31500244140625,263.31500244140625,263.31500244140625,263.31500244140625,263.31500244140625,493.0
2024-04-24 09:42:00,WVE,5.059999942779541,5.059999942779541,5.059999942779541,5.059999942779541,5.059999942779541,751.0
2024-04-24 09:42:00,WVVI,4.78000020980835,4.78000020980835,4.78000020980835,4.78000020980835,4.78000020980835,201.0
2024-04-24 09:42:00,WW,1.6749999523162842,1.6749999523162842,1.679900050163269,1.6699999570846558,1.6699999570846558,12228.0
2024-04-24 09:42:00,WYNN,98.14199829101562,98.14199829101562,98.30999755859375,98.14199829101562,98.19000244140625,2899.0
2024-04-24 09:42:00,XEL,54.849998474121094,54.849998474121094,54.939998626708984,54.83000183105469,54.93000030517578,7098.0
2024-04-24 09:42:00,XERS,1.7644000053405762,1.7644000053405762,1.7649999856948853,1.7599999904632568,1.7649999856948853,810.0
2024-04-24 09:42:00,XFOR,1.2799999713897705,1.2799999713897705,1.2799999713897705,1.2799999713897705,1.2799999713897705,793.0
2024-04-24 09:42:00,XLO,1.059999942779541,1.059999942779541,1.059999942779541,1.059999942779541,1.059999942779541,3056.0
2024-04-24 09:42:00,XMTR,17.170000076293945,17.170000076293945,17.18000030517578,17.170000076293945,17.18000030517578,1168.0
2024-04-24 09:42:00,XP,20.530000686645508,20.530000686645508,20.579999923706055,20.510000228881836,20.579999923706055,22852.0
2024-04-24 09:42:00,XRTX,2.9000000953674316,2.9000000953674316,2.9000000953674316,2.8499999046325684,2.9000000953674316,739.0
2024-04-24 09:42:00,XRX,14.619999885559082,14.619999885559082,14.704999923706055,14.619999885559082,14.640000343322754,18572.0
2024-04-24 09:42:00,YMAB,15.255000114440918,15.255000114440918,15.255000114440918,15.229999542236328,15.229999542236328,773.0
2024-04-24 09:42:00,YORW,35.2599983215332,35.2599983215332,35.2599983215332,35.2599983215332,35.2599983215332,364.0
2024-04-24 09:42:00,YQ,2.609999895095825,2.609999895095825,2.609999895095825,2.4600000381469727,2.4600000381469727,0.0
2024-04-24 09:42:00,Z,44.439998626708984,44.439998626708984,44.47999954223633,44.380001068115234,44.47999954223633,9890.0
2024-04-24 09:42:00,ZAPP,4.62529993057251,4.62529993057251,4.62529993057251,4.62529993057251,4.62529993057251,1291.0
2024-04-24 09:42:00,ZBRA,280.9200134277344,280.9200134277344,280.9200134277344,280.9200134277344,280.9200134277344,1219.0
2024-04-24 09:42:00,ZCMD,1.649999976158142,1.649999976158142,1.649999976158142,1.649999976158142,1.649999976158142,215.0
2024-04-24 09:42:00,ZD,52.19499969482422,52.19499969482422,52.2599983215332,52.189998626708984,52.25,2002.0
2024-04-24 09:42:00,ZG,43.90999984741211,43.90999984741211,43.929901123046875,43.83000183105469,43.91999816894531,3575.0
2024-04-24 09:42:00,ZI,15.925000190734863,15.925000190734863,15.9350004196167,15.925000190734863,15.930000305175781,2670.0
2024-04-24 09:42:00,ZION,41.842498779296875,41.842498779296875,41.880001068115234,41.842498779296875,41.880001068115234,2366.0
2024-04-24 09:42:00,ZLAB,15.869999885559082,15.869999885559082,15.869999885559082,15.8100004196167,15.8100004196167,917.0
2024-04-24 09:42:00,ZM,61.97249984741211,61.97249984741211,62.07500076293945,61.97249984741211,62.06999969482422,4381.0
2024-04-24 09:42:00,ZS,181.3000030517578,181.3000030517578,181.44000244140625,181.0399932861328,181.2449951171875,7892.0
2024-04-24 09:42:00,ZUMZ,16.875,16.875,16.875,16.875,16.875,226.0
2024-04-24 09:43:00,COCO,23.809999465942383,23.809999465942383,23.809999465942383,23.809999465942383,23.809999465942383,110.0
2024-04-24 09:43:00,EGHT,2.305000066757202,2.305000066757202,2.309999942779541,2.305000066757202,2.309999942779541,1698.0
2024-04-24 09:43:00,ETNB,8.869999885559082,8.869999885559082,8.869999885559082,8.869999885559082,8.869999885559082,506.0
2024-04-24 09:43:00,FREE,4.820000171661377,4.820000171661377,4.820000171661377,4.820000171661377,4.820000171661377,1275.0
2024-04-24 09:43:00,MAPS,1.0850000381469727,1.0850000381469727,1.0850000381469727,1.0700000524520874,1.0800000429153442,18102.0
2024-04-24 09:43:00,ME,0.47110000252723694,0.47110000252723694,0.47110000252723694,0.47110000252723694,0.47110000252723694,153.0
2024-04-24 09:43:00,SEAT,5.835000038146973,5.835000038146973,5.835000038146973,5.829999923706055,5.829999923706055,1037.0
2024-04-24 09:43:00,TSVT,4.519999980926514,4.519999980926514,4.519999980926514,4.519999980926514,4.519999980926514,888.0
2024-04-24 09:43:00,TWOU,0.24770000576972961,0.24770000576972961,0.2492000013589859,0.24770000576972961,0.2492000013589859,299.0
2024-04-24 09:43:00,TXG,27.545000076293945,27.545000076293945,27.547500610351562,27.545000076293945,27.545000076293945,1146.0
2024-04-24 09:43:00,VCTR,50.08919906616211,50.08919906616211,50.08919906616211,50.02000045776367,50.02000045776367,535.0
2024-04-24 09:43:00,VERU,1.3200000524520874,1.3200000524520874,1.3200000524520874,1.309999942779541,1.3200000524520874,11778.0
2024-04-24 09:43:00,VERV,6.795000076293945,6.795000076293945,6.795000076293945,6.795000076293945,6.795000076293945,240.0
2024-04-24 09:43:00,VERX,28.579999923706055,28.579999923706055,28.670000076293945,28.299999237060547,28.299999237060547,20483.0
2024-04-24 09:43:00,VFS,2.515000104904175,2.515000104904175,2.515000104904175,2.509999990463257,2.509999990463257,5697.0
2024-04-24 09:43:00,VIAV,8.020000457763672,8.020000457763672,8.020000457763672,8.015000343322754,8.020000457763672,398.0
2024-04-24 09:43:00,VICR,35.900001525878906,35.900001525878906,36.13999938964844,35.900001525878906,36.13999938964844,5009.0
2024-04-24 09:43:00,VINC,0.9932000041007996,0.9932000041007996,0.9932000041007996,0.9932000041007996,0.9932000041007996,1059.0
2024-04-24 09:43:00,VIR,8.069999694824219,8.069999694824219,8.069999694824219,8.050000190734863,8.050000190734863,1601.0
2024-04-24 09:43:00,VIRC,10.609999656677246,10.609999656677246,10.6899995803833,10.609999656677246,10.6899995803833,1789.0
2024-04-24 09:43:00,VIRT,22.280000686645508,22.280000686645508,22.360000610351562,22.209999084472656,22.280000686645508,8467.0
2024-04-24 09:43:00,VITL,26.399999618530273,26.399999618530273,26.399999618530273,26.399999618530273,26.399999618530273,571.0
2024-04-24 09:43:00,VIVK,1.8063000440597534,1.8063000440597534,1.8063000440597534,1.7300000190734863,1.7899999618530273,7384.0
2024-04-24 09:43:00,VKTX,65.73999786376953,65.73999786376953,66.0,65.73999786376953,65.77760314941406,4855.0
2024-04-24 09:43:00,VLCN,0.2797999978065491,0.2797999978065491,0.2849999964237213,0.2696000039577484,0.2849999964237213,95795.0
2024-04-24 09:43:00,VNET,1.5149999856948853,1.5149999856948853,1.5149999856948853,1.5149999856948853,1.5149999856948853,1655.0
2024-04-24 09:43:00,VOD,8.569999694824219,8.569999694824219,8.569999694824219,8.5649995803833,8.56980037689209,11613.0
2024-04-24 09:43:00,VRDN,14.25,14.25,14.25,14.25,14.25,439.0
2024-04-24 09:43:00,VRNA,15.449999809265137,15.449999809265137,15.449999809265137,15.449999809265137,15.449999809265137,900.0
2024-04-24 09:43:00,VRRM,24.399999618530273,24.399999618530273,24.420000076293945,24.399999618530273,24.420000076293945,1011.0
2024-04-24 09:43:00,VRTS,232.0,232.0,232.0,232.0,232.0,1386.0
2024-04-24 09:43:00,VRTX,406.6549987792969,406.6549987792969,406.69000244140625,406.489990234375,406.6099853515625,2887.0
2024-04-24 09:43:00,VSAT,16.350000381469727,16.350000381469727,16.350000381469727,16.350000381469727,16.350000381469727,1003.0
2024-04-24 09:43:00,VTNR,1.559999942779541,1.559999942779541,1.5720000267028809,1.559999942779541,1.565000057220459,58585.0
2024-04-24 09:43:00,VTRS,11.279999732971191,11.279999732971191,11.3100004196167,11.279999732971191,11.300000190734863,37950.0
2024-04-24 09:43:00,VUZI,1.2979999780654907,1.2979999780654907,1.2979999780654907,1.2860000133514404,1.2860000133514404,1700.0
2024-04-24 09:43:00,WB,8.354999542236328,8.354999542236328,8.354999542236328,8.350000381469727,8.350099563598633,841.0
2024-04-24 09:43:00,WBA,17.850000381469727,17.850000381469727,17.8799991607666,17.849700927734375,17.849700927734375,25478.0
2024-04-24 09:43:00,WBD,8.324999809265137,8.324999809265137,8.339900016784668,8.319999694824219,8.324999809265137,34263.0
2024-04-24 09:43:00,WDAY,258.55499267578125,258.55499267578125,258.625,258.55499267578125,258.625,685.0
2024-04-24 09:43:00,WDC,70.7699966430664,70.7699966430664,70.94000244140625,70.72090148925781,70.9000015258789,23410.0
2024-04-24 09:43:00,WEN,19.8700008392334,19.8700008392334,19.8700008392334,19.84749984741211,19.84749984741211,3639.0
2024-04-24 09:43:00,WFRD,125.19999694824219,125.19999694824219,125.23999786376953,124.7300033569336,125.11090087890625,2437.0
2024-04-24 09:43:00,WIMI,0.8650000095367432,0.8650000095367432,0.8650000095367432,0.8550000190734863,0.8579999804496765,13771.0
2024-04-24 09:43:00,WING,366.0,366.0,366.0,366.0,366.0,1064.0
2024-04-24 09:43:00,WINT,4.900000095367432,4.900000095367432,4.900000095367432,4.889999866485596,4.889999866485596,1141.0
2024-04-24 09:43:00,WISA,5.460000038146973,5.460000038146973,5.479899883270264,5.3403000831604,5.407700061798096,28901.0
2024-04-24 09:43:00,WIX,125.62000274658203,125.62000274658203,125.62000274658203,125.62000274658203,125.62000274658203,300.0
2024-04-24 09:43:00,WKHS,0.16279999911785126,0.16279999911785126,0.16290000081062317,0.16279999911785126,0.16290000081062317,86439.0
2024-04-24 09:43:00,WMG,32.04999923706055,32.04999923706055,32.04999923706055,32.04999923706055,32.04999923706055,222.0
2024-04-24 09:43:00,WRLD,139.8800048828125,139.8800048828125,139.8800048828125,139.8800048828125,139.8800048828125,384.0
2024-04-24 09:43:00,WSC,37.7599983215332,37.7599983215332,37.7599983215332,37.7599983215332,37.7599983215332,676.0
2024-04-24 09:43:00,WSFS,44.58000183105469,44.58000183105469,44.650001525878906,44.57500076293945,44.57500076293945,912.0
2024-04-24 09:43:00,WTFC,99.72000122070312,99.72000122070312,99.72000122070312,99.72000122070312,99.72000122070312,209.0
2024-04-24 09:43:00,WTW,263.3800048828125,263.3800048828125,263.3800048828125,263.3800048828125,263.3800048828125,323.0
2024-04-24 09:43:00,WW,1.7050000429153442,1.7050000429153442,1.7100000381469727,1.6749999523162842,1.6749999523162842,26079.0
2024-04-24 09:43:00,WYNN,98.16000366210938,98.16000366210938,98.16000366210938,98.16000366210938,98.16000366210938,303.0
2024-04-24 09:43:00,XEL,54.91999816894531,54.91999816894531,54.91999816894531,54.849998474121094,54.849998474121094,3486.0
2024-04-24 09:43:00,XENE,41.08000183105469,41.08000183105469,41.08000183105469,41.08000183105469,41.08000183105469,174.0
2024-04-24 09:43:00,XERS,1.7649999856948853,1.7649999856948853,1.7649999856948853,1.7649999856948853,1.7649999856948853,1014.0
2024-04-24 09:43:00,XFOR,1.2800999879837036,1.2800999879837036,1.2898999452590942,1.2800999879837036,1.2898999452590942,4509.0
2024-04-24 09:43:00,XNCR,18.420000076293945,18.420000076293945,18.420000076293945,18.420000076293945,18.420000076293945,1739.0
2024-04-24 09:43:00,XP,20.514999389648438,20.514999389648438,20.540000915527344,20.514999389648438,20.524999618530273,6738.0
2024-04-24 09:43:00,XRX,14.739999771118164,14.739999771118164,14.739999771118164,14.609999656677246,14.619999885559082,34998.0
2024-04-24 09:43:00,YQ,3.0,3.0,3.0,3.0,3.0,5432.0
2024-04-24 09:43:00,Z,44.38999938964844,44.38999938964844,44.43000030517578,44.310001373291016,44.41999816894531,33271.0
2024-04-24 09:43:00,ZD,52.18000030517578,52.18000030517578,52.20000076293945,52.15999984741211,52.15999984741211,1182.0
2024-04-24 09:43:00,ZG,43.81999969482422,43.81999969482422,43.869998931884766,43.7599983215332,43.84000015258789,3339.0
2024-04-24 09:43:00,ZI,15.9399995803833,15.9399995803833,15.949999809265137,15.930000305175781,15.930000305175781,3601.0
2024-04-24 09:43:00,ZION,41.900001525878906,41.900001525878906,41.91999816894531,41.880001068115234,41.91999816894531,2306.0
2024-04-24 09:43:00,ZKIN,0.6345000267028809,0.6345000267028809,0.6345000267028809,0.6345000267028809,0.6345000267028809,0.0
2024-04-24 09:43:00,ZLAB,15.899999618530273,15.899999618530273,15.899999618530273,15.899999618530273,15.899999618530273,175.0
2024-04-24 09:43:00,ZM,62.0,62.0,62.029998779296875,61.97999954223633,61.97999954223633,9084.0
2024-04-24 09:43:00,ZNTL,12.510000228881836,12.510000228881836,12.510000228881836,12.5,12.5,413.0
2024-04-24 09:43:00,ZS,181.27999877929688,181.27999877929688,181.42999267578125,181.27999877929688,181.29989624023438,4331.0
2024-04-24 09:43:00,ZUMZ,16.920000076293945,16.920000076293945,16.920000076293945,16.920000076293945,16.920000076293945,285.0
2024-04-24 09:43:00,ZYME,8.520000457763672,8.520000457763672,8.524999618530273,8.520000457763672,8.524999618530273,909.0
2024-04-24 09:44:00,COCO,23.767499923706055,23.767499923706055,23.767499923706055,23.767499923706055,23.767499923706055,969.0
2024-04-24 09:44:00,DIBS,5.360000133514404,5.360000133514404,5.400000095367432,5.360000133514404,5.360000133514404,4325.0
2024-04-24 09:44:00,EGHT,2.299999952316284,2.299999952316284,2.305000066757202,2.299999952316284,2.305000066757202,2040.0
2024-04-24 09:44:00,ETNB,8.859999656677246,8.859999656677246,8.880000114440918,8.859999656677246,8.869999885559082,4091.0
2024-04-24 09:44:00,FEAM,1.2100000381469727,1.2100000381469727,1.2100000381469727,1.2100000381469727,1.2100000381469727,207.0
2024-04-24 09:44:00,FREE,4.824999809265137,4.824999809265137,4.824999809265137,4.824999809265137,4.824999809265137,413.0
2024-04-24 09:44:00,MASS,5.599999904632568,5.599999904632568,5.619999885559082,5.599999904632568,5.619999885559082,1048.0
2024-04-24 09:44:00,ME,0.47200000286102295,0.47200000286102295,0.4740000069141388,0.47110000252723694,0.4740000069141388,536.0
2024-04-24 09:44:00,SEAT,5.835000038146973,5.835000038146973,5.835000038146973,5.835000038146973,5.835000038146973,732.0
2024-04-24 09:44:00,TSVT,4.5,4.5,4.510000228881836,4.5,4.510000228881836,6147.0
2024-04-24 09:44:00,TWOU,0.2492000013589859,0.2492000013589859,0.2492000013589859,0.24619999527931213,0.24619999527931213,1104.0
2024-04-24 09:44:00,TXG,27.43000030517578,27.43000030517578,27.540000915527344,27.43000030517578,27.540000915527344,2195.0
2024-04-24 09:44:00,VCTR,49.91999816894531,49.91999816894531,50.04999923706055,49.91999816894531,50.04999923706055,1866.0
2024-04-24 09:44:00,VERU,1.2999999523162842,1.2999999523162842,1.3200000524520874,1.2899999618530273,1.3200000524520874,9962.0
2024-04-24 09:44:00,VERV,6.769999980926514,6.769999980926514,6.789999961853027,6.769999980926514,6.789999961853027,332.0
2024-04-24 09:44:00,VERX,28.579999923706055,28.579999923706055,28.579999923706055,28.434999465942383,28.540000915527344,44559.0
2024-04-24 09:44:00,VFF,1.3300000429153442,1.3300000429153442,1.3300000429153442,1.3300000429153442,1.3300000429153442,1617.0
2024-04-24 09:44:00,VFS,2.515000104904175,2.515000104904175,2.515000104904175,2.510999917984009,2.510999917984009,1548.0
2024-04-24 09:44:00,VIAV,8.010000228881836,8.010000228881836,8.010000228881836,8.010000228881836,8.010000228881836,710.0
2024-04-24 09:44:00,VICR,35.88999938964844,35.88999938964844,35.88999938964844,35.88999938964844,35.88999938964844,665.0
2024-04-24 09:44:00,VINC,0.9941999912261963,0.9941999912261963,0.9941999912261963,0.9929999709129333,0.9929999709129333,802.0
2024-04-24 09:44:00,VIRT,22.30500030517578,22.30500030517578,22.30500030517578,22.270000457763672,22.280000686645508,5318.0
2024-04-24 09:44:00,VIRX,0.8500000238418579,0.8500000238418579,0.8500999808311462,0.8500000238418579,0.8500000238418579,16051.0
2024-04-24 09:44:00,VISL,3.9600000381469727,3.9600000381469727,4.019999980926514,3.9600000381469727,4.000100135803223,2377.0
2024-04-24 09:44:00,VITL,26.350000381469727,26.350000381469727,26.3799991607666,26.350000381469727,26.3799991607666,1065.0
2024-04-24 09:44:00,VIVK,1.7890000343322754,1.7890000343322754,1.7890000343322754,1.6799999475479126,1.6799999475479126,530.0
2024-04-24 09:44:00,VKTX,66.1500015258789,66.1500015258789,66.19000244140625,65.76000213623047,65.76000213623047,6545.0
2024-04-24 09:44:00,VLCN,0.27000001072883606,0.27000001072883606,0.27489998936653137,0.2678000032901764,0.2700999975204468,15936.0
2024-04-24 09:44:00,VMEO,3.555000066757202,3.555000066757202,3.555000066757202,3.5399999618530273,3.5399999618530273,15811.0
2024-04-24 09:44:00,VNOM,39.994998931884766,39.994998931884766,39.994998931884766,39.994998931884766,39.994998931884766,202.0
2024-04-24 09:44:00,VOD,8.569899559020996,8.569899559020996,8.569899559020996,8.5649995803833,8.5649995803833,11559.0
2024-04-24 09:44:00,VRDN,14.1899995803833,14.1899995803833,14.1899995803833,14.1899995803833,14.1899995803833,579.0
2024-04-24 09:44:00,VRM,12.239999771118164,12.239999771118164,12.239999771118164,12.239999771118164,12.239999771118164,421.0
2024-04-24 09:44:00,VRRM,24.385000228881836,24.385000228881836,24.385000228881836,24.385000228881836,24.385000228881836,104.0
2024-04-24 09:44:00,VRTX,406.20001220703125,406.20001220703125,406.79669189453125,406.20001220703125,406.79669189453125,4994.0
2024-04-24 09:44:00,VSAT,16.309999465942383,16.309999465942383,16.350000381469727,16.309999465942383,16.329999923706055,1537.0
2024-04-24 09:44:00,VTNR,1.569200038909912,1.569200038909912,1.569200038909912,1.5549999475479126,1.5601999759674072,38643.0
2024-04-24 09:44:00,VTRS,11.305000305175781,11.305000305175781,11.305000305175781,11.274999618530273,11.28499984741211,15739.0
2024-04-24 09:44:00,VUZI,1.2899999618530273,1.2899999618530273,1.2899999618530273,1.2802000045776367,1.2802000045776367,3228.0
2024-04-24 09:44:00,VWE,0.2700999975204468,0.2700999975204468,0.2700999975204468,0.2700999975204468,0.2700999975204468,1874.0
2024-04-24 09:44:00,VYNE,2.4000000953674316,2.4000000953674316,2.4000000953674316,2.4000000953674316,2.4000000953674316,289.0
2024-04-24 09:44:00,WAFD,28.079999923706055,28.079999923706055,28.219999313354492,28.079999923706055,28.219999313354492,4084.0
2024-04-24 09:44:00,WASH,26.0,26.0,26.049999237060547,26.0,26.049999237060547,1630.0
2024-04-24 09:44:00,WB,8.390000343322754,8.390000343322754,8.399999618530273,8.354999542236328,8.354999542236328,3245.0
2024-04-24 09:44:00,WBA,17.829999923706055,17.829999923706055,17.850000381469727,17.81999969482422,17.850000381469727,27091.0
2024-04-24 09:44:00,WBD,8.319999694824219,8.319999694824219,8.330100059509277,8.319999694824219,8.329999923706055,40733.0
2024-04-24 09:44:00,WDAY,258.0899963378906,258.0899963378906,258.57000732421875,258.0899963378906,258.57000732421875,998.0
2024-04-24 09:44:00,WDC,70.6500015258789,70.6500015258789,70.81999969482422,70.62999725341797,70.80000305175781,17686.0
2024-04-24 09:44:00,WDFC,226.38999938964844,226.38999938964844,226.38999938964844,225.05999755859375,225.05999755859375,557.0
2024-04-24 09:44:00,WEN,19.850000381469727,19.850000381469727,19.860000610351562,19.850000381469727,19.860000610351562,2253.0
2024-04-24 09:44:00,WERN,35.564998626708984,35.564998626708984,35.564998626708984,35.529998779296875,35.564998626708984,465.0
2024-04-24 09:44:00,WFRD,125.88999938964844,125.88999938964844,125.93000030517578,124.8949966430664,124.8949966430664,2903.0
2024-04-24 09:44:00,WHFCL,25.100000381469727,25.100000381469727,25.110000610351562,25.100000381469727,25.110000610351562,0.0
2024-04-24 09:44:00,WIMI,0.8550000190734863,0.8550000190734863,0.8600000143051147,0.8476999998092651,0.8600000143051147,36406.0
2024-04-24 09:44:00,WING,365.44110107421875,365.44110107421875,367.44000244140625,365.4410095214844,367.44000244140625,1568.0
2024-04-24 09:44:00,WISA,5.414999961853027,5.414999961853027,5.440000057220459,5.38539981842041,5.440000057220459,7873.0
2024-04-24 09:44:00,WIX,125.81999969482422,125.81999969482422,125.8499984741211,125.43000030517578,125.625,3488.0
2024-04-24 09:44:00,WKHS,0.16050000488758087,0.16050000488758087,0.16249999403953552,0.16050000488758087,0.16249999403953552,22000.0
2024-04-24 09:44:00,WKME,7.940000057220459,7.940000057220459,7.949999809265137,7.940000057220459,7.949999809265137,422.0
2024-04-24 09:44:00,WLGS,0.6019999980926514,0.6019999980926514,0.6019999980926514,0.6019999980926514,0.6019999980926514,200.0
2024-04-24 09:44:00,WMG,32.05500030517578,32.05500030517578,32.060001373291016,32.05500030517578,32.060001373291016,704.0
2024-04-24 09:44:00,WSBF,12.0600004196167,12.0600004196167,12.0600004196167,12.0600004196167,12.0600004196167,582.0
2024-04-24 09:44:00,WSC,37.720001220703125,37.720001220703125,37.73500061035156,37.709999084472656,37.73500061035156,644.0
2024-04-24 09:44:00,WTW,263.3699951171875,263.3699951171875,263.3699951171875,263.3699951171875,263.3699951171875,590.0
2024-04-24 09:44:00,WW,1.6799999475479126,1.6799999475479126,1.7000000476837158,1.6749999523162842,1.7000000476837158,36758.0
2024-04-24 09:44:00,WWD,151.07000732421875,151.07000732421875,151.07000732421875,151.0,151.07000732421875,1809.0
2024-04-24 09:44:00,WYNN,98.33499908447266,98.33499908447266,98.33499908447266,98.12000274658203,98.16000366210938,1739.0
2024-04-24 09:44:00,XEL,54.8849983215332,54.8849983215332,54.93000030517578,54.880001068115234,54.91999816894531,5360.0
2024-04-24 09:44:00,XFOR,1.2599999904632568,1.2599999904632568,1.2833000421524048,1.2599999904632568,1.2800999879837036,16036.0
2024-04-24 09:44:00,XMTR,17.049999237060547,17.049999237060547,17.049999237060547,17.049999237060547,17.049999237060547,472.0
2024-04-24 09:44:00,XP,20.450000762939453,20.450000762939453,20.510000228881836,20.440000534057617,20.510000228881836,17626.0
2024-04-24 09:44:00,XPEL,54.529998779296875,54.529998779296875,54.650001525878906,54.529998779296875,54.64500045776367,1401.0
2024-04-24 09:44:00,XRTX,2.8989999294281006,2.8989999294281006,2.9000000953674316,2.8989999294281006,2.9000000953674316,4240.0
2024-04-24 09:44:00,XRX,14.694999694824219,14.694999694824219,14.765000343322754,14.694999694824219,14.760000228881836,7415.0
2024-04-24 09:44:00,Z,44.380001068115234,44.380001068115234,44.505001068115234,44.36000061035156,44.369998931884766,13739.0
2024-04-24 09:44:00,ZD,52.08000183105469,52.08000183105469,52.08000183105469,52.08000183105469,52.08000183105469,536.0
2024-04-24 09:44:00,ZG,43.849998474121094,43.849998474121094,43.900001525878906,43.849998474121094,43.849998474121094,3563.0
2024-04-24 09:44:00,ZI,15.904999732971191,15.904999732971191,15.920000076293945,15.904999732971191,15.920000076293945,1909.0
2024-04-24 09:44:00,ZIMV,16.0,16.0,16.032499313354492,16.0,16.032499313354492,375.0
2024-04-24 09:44:00,ZION,41.807701110839844,41.807701110839844,41.914398193359375,41.807701110839844,41.86000061035156,12438.0
2024-04-24 09:44:00,ZKIN,0.6690000295639038,0.6690000295639038,0.6690000295639038,0.6690000295639038,0.6690000295639038,61.0
2024-04-24 09:44:00,ZLAB,15.930000305175781,15.930000305175781,15.930000305175781,15.824999809265137,15.824999809265137,2095.0
2024-04-24 09:44:00,ZM,61.94499969482422,61.94499969482422,62.02000045776367,61.94499969482422,62.02000045776367,6157.0
2024-04-24 09:44:00,ZNTL,12.489999771118164,12.489999771118164,12.510000228881836,12.479999542236328,12.489999771118164,1783.0
2024-04-24 09:44:00,ZS,180.72999572753906,180.72999572753906,181.30999755859375,180.72999572753906,181.25,12222.0
2024-04-24 09:44:00,ZYXI,11.529999732971191,11.529999732971191,11.529999732971191,11.529999732971191,11.529999732971191,278.0
2024-04-24 09:45:00,DIBS,5.389999866485596,5.389999866485596,5.409999847412109,5.360000133514404,5.360000133514404,2540.0
2024-04-24 09:45:00,DSP,8.96500015258789,8.96500015258789,9.010000228881836,8.960000038146973,9.010000228881836,876.0
2024-04-24 09:45:00,EGHT,2.2899999618530273,2.2899999618530273,2.2950000762939453,2.2899999618530273,2.2899999618530273,1863.0
2024-04-24 09:45:00,ETNB,8.829999923706055,8.829999923706055,8.854399681091309,8.819999694824219,8.854399681091309,1995.0
2024-04-24 09:45:00,FLWS,9.220000267028809,9.220000267028809,9.220000267028809,9.220000267028809,9.220000267028809,444.0
2024-04-24 09:45:00,MAPS,1.090000033378601,1.090000033378601,1.090000033378601,1.090000033378601,1.090000033378601,281.0
2024-04-24 09:45:00,ME,0.47200000286102295,0.47200000286102295,0.47440001368522644,0.47200000286102295,0.47440001368522644,1870.0
2024-04-24 09:45:00,SEAT,5.835000038146973,5.835000038146973,5.835000038146973,5.835000038146973,5.835000038146973,1268.0
2024-04-24 09:45:00,SRCE,50.5,50.5,50.5,50.5,50.5,392.0
2024-04-24 09:45:00,TSVT,4.519899845123291,4.519899845123291,4.519899845123291,4.480000019073486,4.490099906921387,3269.0
2024-04-24 09:45:00,TXG,27.40999984741211,27.40999984741211,27.482500076293945,27.399999618530273,27.459999084472656,3112.0
2024-04-24 09:45:00,VCTR,49.83000183105469,49.83000183105469,49.849998474121094,49.83000183105469,49.849998474121094,989.0
2024-04-24 09:45:00,VERU,1.29830002784729,1.29830002784729,1.2999999523162842,1.29830002784729,1.2999999523162842,4395.0
2024-04-24 09:45:00,VERV,6.764999866485596,6.764999866485596,6.789999961853027,6.75,6.789999961853027,1462.0
2024-04-24 09:45:00,VERX,28.610000610351562,28.610000610351562,28.610000610351562,28.549999237060547,28.600000381469727,8010.0
2024-04-24 09:45:00,VFS,2.5,2.5,2.509999990463257,2.5,2.509999990463257,4006.0
2024-04-24 09:45:00,VIAV,8.0,8.0,8.0,8.0,8.0,1869.0
2024-04-24 09:45:00,VICR,35.54999923706055,35.54999923706055,35.65999984741211,35.5099983215332,35.65999984741211,1005.0
2024-04-24 09:45:00,VIR,8.0600004196167,8.0600004196167,8.079999923706055,8.0600004196167,8.079999923706055,863.0
2024-04-24 09:45:00,VIRI,0.4449000060558319,0.4449000060558319,0.4449000060558319,0.4449000060558319,0.4449000060558319,438.0
2024-04-24 09:45:00,VIRT,22.415000915527344,22.415000915527344,22.43589973449707,22.299999237060547,22.299999237060547,8440.0
2024-04-24 09:45:00,VISL,3.9000000953674316,3.9000000953674316,3.9100000858306885,3.9000000953674316,3.9100000858306885,1019.0
2024-04-24 09:45:00,VITL,26.415000915527344,26.415000915527344,26.415000915527344,26.415000915527344,26.415000915527344,200.0
2024-04-24 09:45:00,VIVK,1.809999942779541,1.809999942779541,1.809999942779541,1.7599999904632568,1.7899999618530273,4388.0
2024-04-24 09:45:00,VKTX,66.08000183105469,66.08000183105469,66.30000305175781,66.0,66.23999786376953,12020.0
2024-04-24 09:45:00,VLCN,0.26989999413490295,0.26989999413490295,0.2709999978542328,0.2689000070095062,0.27000001072883606,52271.0
2024-04-24 09:45:00,VLGEA,27.344999313354492,27.344999313354492,27.61280059814453,27.344999313354492,27.61280059814453,587.0
2024-04-24 09:45:00,VMEO,3.5450000762939453,3.5450000762939453,3.549999952316284,3.5450000762939453,3.549999952316284,2826.0
2024-04-24 09:45:00,VNET,1.5199999809265137,1.5199999809265137,1.5199999809265137,1.5199999809265137,1.5199999809265137,1890.0
2024-04-24 09:45:00,VNOM,39.970001220703125,39.970001220703125,40.005001068115234,39.939998626708984,40.005001068115234,732.0
2024-04-24 09:45:00,VOD,8.5600004196167,8.5600004196167,8.569999694824219,8.555000305175781,8.569999694824219,7082.0
2024-04-24 09:45:00,VRDN,14.15999984741211,14.15999984741211,14.15999984741211,14.15999984741211,14.15999984741211,105.0
2024-04-24 09:45:00,VRRM,24.40999984741211,24.40999984741211,24.40999984741211,24.389999389648438,24.389999389648438,2090.0
2024-04-24 09:45:00,VRTX,406.4649963378906,406.4649963378906,406.82501220703125,406.3349914550781,406.385009765625,7018.0
2024-04-24 09:45:00,VSAT,16.204999923706055,16.204999923706055,16.239999771118164,16.190000534057617,16.239999771118164,1320.0
2024-04-24 09:45:00,VTNR,1.559999942779541,1.559999942779541,1.565000057220459,1.559999942779541,1.565000057220459,6853.0
2024-04-24 09:45:00,VTRS,11.3149995803833,11.3149995803833,11.324999809265137,11.300000190734863,11.305000305175781,17049.0
2024-04-24 09:45:00,VTSI,12.09000015258789,12.09000015258789,12.09000015258789,12.09000015258789,12.09000015258789,202.0
2024-04-24 09:45:00,VUZI,1.2899999618530273,1.2899999618530273,1.2899999618530273,1.2899999618530273,1.2899999618530273,69.0
2024-04-24 09:45:00,VVPR,3.630000114440918,3.630000114440918,3.630000114440918,3.630000114440918,3.630000114440918,478.0
2024-04-24 09:45:00,VYGR,7.639599800109863,7.639599800109863,7.639599800109863,7.639599800109863,7.639599800109863,628.0
2024-04-24 09:45:00,WABC,47.470001220703125,47.470001220703125,47.47999954223633,47.470001220703125,47.47999954223633,1045.0
2024-04-24 09:45:00,WAFD,28.010000228881836,28.010000228881836,28.040000915527344,28.010000228881836,28.040000915527344,1722.0
2024-04-24 09:45:00,WB,8.399999618530273,8.399999618530273,8.399999618530273,8.389399528503418,8.389699935913086,1438.0
2024-04-24 09:45:00,WBA,17.854999542236328,17.854999542236328,17.860000610351562,17.83449935913086,17.834999084472656,26725.0
2024-04-24 09:45:00,WBD,8.28499984741211,8.28499984741211,8.32859992980957,8.279999732971191,8.32859992980957,128000.0
2024-04-24 09:45:00,WBUY,0.32510000467300415,0.32510000467300415,0.32510000467300415,0.32510000467300415,0.32510000467300415,4042.0
2024-04-24 09:45:00,WDAY,258.44500732421875,258.44500732421875,258.45001220703125,258.2099914550781,258.2550048828125,1396.0
2024-04-24 09:45:00,WDC,71.04000091552734,71.04000091552734,71.13999938964844,70.6500015258789,70.6500015258789,23935.0
2024-04-24 09:45:00,WDFC,224.1699981689453,224.1699981689453,225.1699981689453,224.1699981689453,225.1699981689453,2955.0
2024-04-24 09:45:00,WEN,19.829999923706055,19.829999923706055,19.850000381469727,19.81999969482422,19.850000381469727,2655.0
2024-04-24 09:45:00,WERN,35.52000045776367,35.52000045776367,35.560001373291016,35.5099983215332,35.52000045776367,1678.0
2024-04-24 09:45:00,WFRD,124.41999816894531,124.41999816894531,125.83000183105469,124.01000213623047,125.55999755859375,6655.0
2024-04-24 09:45:00,WIMI,0.8486999869346619,0.8486999869346619,0.8644999861717224,0.8450000286102295,0.8550000190734863,17380.0
2024-04-24 09:45:00,WISA,5.395199775695801,5.395199775695801,5.420000076293945,5.380000114440918,5.420000076293945,8254.0
2024-04-24 09:45:00,WIX,126.1500015258789,126.1500015258789,126.1500015258789,126.1500015258789,126.1500015258789,415.0
2024-04-24 09:45:00,WKHS,0.1623000055551529,0.1623000055551529,0.1623000055551529,0.16050000488758087,0.16050000488758087,281551.0
2024-04-24 09:45:00,WLDS,0.49000000953674316,0.49000000953674316,0.49000000953674316,0.49000000953674316,0.49000000953674316,212.0
2024-04-24 09:45:00,WRLD,140.53500366210938,140.53500366210938,140.53500366210938,140.53500366210938,140.53500366210938,268.0
2024-04-24 09:45:00,WSC,37.70000076293945,37.70000076293945,37.72999954223633,37.70000076293945,37.720001220703125,954.0
2024-04-24 09:45:00,WSFS,44.439998626708984,44.439998626708984,44.5,44.439998626708984,44.5,864.0
2024-04-24 09:45:00,WTW,262.81500244140625,262.81500244140625,263.4100036621094,262.81500244140625,263.1199951171875,2447.0
2024-04-24 09:45:00,WVE,5.090000152587891,5.090000152587891,5.090000152587891,5.070000171661377,5.070000171661377,937.0
2024-04-24 09:45:00,WVVI,4.560999870300293,4.560999870300293,4.560999870300293,4.560999870300293,4.560999870300293,475.0
2024-04-24 09:45:00,WW,1.684999942779541,1.684999942779541,1.684999942779541,1.684999942779541,1.684999942779541,3740.0
2024-04-24 09:45:00,WYNN,98.19999694824219,98.19999694824219,98.41999816894531,98.19999694824219,98.33999633789062,4364.0
2024-04-24 09:45:00,XEL,54.810001373291016,54.810001373291016,54.90999984741211,54.77000045776367,54.900001525878906,11736.0
2024-04-24 09:45:00,XENE,41.05500030517578,41.05500030517578,41.05500030517578,41.05500030517578,41.05500030517578,1884.0
2024-04-24 09:45:00,XERS,1.7598999738693237,1.7598999738693237,1.7698999643325806,1.75,1.7599999904632568,12723.0
2024-04-24 09:45:00,XFOR,1.2596999406814575,1.2596999406814575,1.2598999738693237,1.2596999406814575,1.2598999738693237,13693.0
2024-04-24 09:45:00,XMTR,17.030000686645508,17.030000686645508,17.030000686645508,17.030000686645508,17.030000686645508,380.0
2024-04-24 09:45:00,XP,20.459999084472656,20.459999084472656,20.479999542236328,20.450000762939453,20.450000762939453,16866.0
2024-04-24 09:45:00,XPEL,54.665000915527344,54.665000915527344,54.67499923706055,54.560001373291016,54.63999938964844,2443.0
2024-04-24 09:45:00,XRTX,2.875,2.875,2.9999001026153564,2.875,2.9999001026153564,268.0
2024-04-24 09:45:00,XRX,14.529999732971191,14.529999732971191,14.6850004196167,14.520000457763672,14.675000190734863,23443.0
2024-04-24 09:45:00,XTLB,2.5399999618530273,2.5399999618530273,2.5399999618530273,2.5399999618530273,2.5399999618530273,381.0
2024-04-24 09:45:00,YMAB,15.265000343322754,15.265000343322754,15.265000343322754,15.265000343322754,15.265000343322754,440.0
2024-04-24 09:45:00,Z,44.25,44.25,44.400001525878906,44.209999084472656,44.400001525878906,14427.0
2024-04-24 09:45:00,ZCMD,1.649999976158142,1.649999976158142,1.649999976158142,1.649999976158142,1.649999976158142,500.0
2024-04-24 09:45:00,ZD,52.04999923706055,52.04999923706055,52.09000015258789,52.04999923706055,52.09000015258789,1038.0
2024-04-24 09:45:00,ZG,43.72999954223633,43.72999954223633,43.77000045776367,43.68000030517578,43.77000045776367,3140.0
2024-04-24 09:45:00,ZI,15.880000114440918,15.880000114440918,15.930000305175781,15.880000114440918,15.930000305175781,5037.0
2024-04-24 09:45:00,ZIMV,15.989999771118164,15.989999771118164,16.06999969482422,15.989999771118164,16.06999969482422,958.0
2024-04-24 09:45:00,ZION,41.81999969482422,41.81999969482422,41.869998931884766,41.790000915527344,41.85499954223633,13183.0
2024-04-24 09:45:00,ZM,61.88999938964844,61.88999938964844,62.0,61.88999938964844,61.959999084472656,18702.0
2024-04-24 09:45:00,ZS,181.13499450683594,181.13499450683594,181.41000366210938,180.80499267578125,180.8699951171875,4534.0
2024-04-24 09:45:00,ZUMZ,16.969999313354492,16.969999313354492,16.969999313354492,16.81999969482422,16.875,3549.0
2024-04-24 09:45:00,ZYME,8.479999542236328,8.479999542236328,8.510000228881836,8.479999542236328,8.510000228881836,4051.0
2024-04-24 09:45:00,ZYXI,11.529999732971191,11.529999732971191,11.529999732971191,11.529999732971191,11.529999732971191,1327.0
2024-04-24 09:46:00,EGHT,2.2850000858306885,2.2850000858306885,2.2850000858306885,2.2850000858306885,2.2850000858306885,200.0
2024-04-24 09:46:00,ETNB,8.835000038146973,8.835000038146973,8.835000038146973,8.835000038146973,8.835000038146973,1607.0
2024-04-24 09:46:00,JFU,3.664599895477295,3.664599895477295,3.664599895477295,3.664599895477295,3.664599895477295,241.0
2024-04-24 09:46:00,MAPS,1.0800000429153442,1.0800000429153442,1.0800000429153442,1.0800000429153442,1.0800000429153442,2476.0
2024-04-24 09:46:00,TKLF,0.23190000653266907,0.23190000653266907,0.23190000653266907,0.23190000653266907,0.23190000653266907,3407.0
2024-04-24 09:46:00,TSVT,4.5,4.5,4.5,4.5,4.5,757.0
2024-04-24 09:46:00,TXG,27.40999984741211,27.40999984741211,27.40999984741211,27.40999984741211,27.40999984741211,400.0
2024-04-24 09:46:00,VC,110.83999633789062,110.83999633789062,110.83999633789062,110.83999633789062,110.83999633789062,904.0
2024-04-24 09:46:00,VCTR,49.689998626708984,49.689998626708984,49.790000915527344,49.689998626708984,49.790000915527344,5203.0
2024-04-24 09:46:00,VERV,6.78000020980835,6.78000020980835,6.78000020980835,6.78000020980835,6.78000020980835,2517.0
2024-04-24 09:46:00,VERX,28.674999237060547,28.674999237060547,28.674999237060547,28.540000915527344,28.600000381469727,21938.0
2024-04-24 09:46:00,VFF,1.340000033378601,1.340000033378601,1.340000033378601,1.340000033378601,1.340000033378601,3150.0
2024-04-24 09:46:00,VIAV,8.010000228881836,8.010000228881836,8.010000228881836,8.010000228881836,8.010000228881836,2442.0
2024-04-24 09:46:00,VITL,26.420000076293945,26.420000076293945,26.420000076293945,26.420000076293945,26.420000076293945,464.0
2024-04-24 09:46:00,VIVK,1.7899999618530273,1.7899999618530273,1.809999942779541,1.7899999618530273,1.809999942779541,8100.0
2024-04-24 09:46:00,VMEO,3.549999952316284,3.549999952316284,3.549999952316284,3.549999952316284,3.549999952316284,2914.0
2024-04-24 09:46:00,VNET,1.524999976158142,1.524999976158142,1.524999976158142,1.524999976158142,1.524999976158142,2551.0
2024-04-24 09:46:00,VNOM,39.939998626708984,39.939998626708984,39.939998626708984,39.939998626708984,39.939998626708984,829.0
2024-04-24 09:46:00,VRDN,14.1899995803833,14.1899995803833,14.1899995803833,14.1899995803833,14.1899995803833,438.0
2024-04-24 09:46:00,VRRM,24.40999984741211,24.40999984741211,24.40999984741211,24.40999984741211,24.40999984741211,218.0
2024-04-24 09:46:00,VSAT,16.242599487304688,16.242599487304688,16.242599487304688,16.242599487304688,16.242599487304688,872.0
2024-04-24 09:46:00,VTNR,1.565000057220459,1.565000057220459,1.565000057220459,1.565000057220459,1.565000057220459,3166.0
2024-04-24 09:46:00,VTSI,12.109999656677246,12.109999656677246,12.109999656677246,12.109999656677246,12.109999656677246,817.0
2024-04-24 09:46:00,VVPR,3.6024999618530273,3.6024999618530273,3.6024999618530273,3.6024999618530273,3.6024999618530273,1209.0
2024-04-24 09:46:00,WAFD,28.100000381469727,28.100000381469727,28.100000381469727,28.100000381469727,28.100000381469727,236.0
2024-04-24 09:46:00,WAFDP,15.829999923706055,15.829999923706055,15.829999923706055,15.829999923706055,15.829999923706055,0.0
2024-04-24 09:46:00,WBA,17.854999542236328,17.854999542236328,17.854999542236328,17.854999542236328,17.854999542236328,0.0
2024-04-24 09:46:00,WBD,8.289999961853027,8.289999961853027,8.289999961853027,8.289999961853027,8.289999961853027,5235.0
2024-04-24 09:46:00,WERN,35.5099983215332,35.5099983215332,35.5099983215332,35.5099983215332,35.5099983215332,732.0
2024-04-24 09:46:00,WHF,12.670000076293945,12.670000076293945,12.670000076293945,12.670000076293945,12.670000076293945,301.0
2024-04-24 09:46:00,WIMI,0.8500000238418579,0.8500000238418579,0.8500000238418579,0.8499000072479248,0.8499000072479248,5806.0
2024-04-24 09:46:00,WING,365.67999267578125,365.67999267578125,365.67999267578125,365.67999267578125,365.67999267578125,589.0
2024-04-24 09:46:00,WSBF,11.890000343322754,11.890000343322754,11.890000343322754,11.890000343322754,11.890000343322754,224.0
2024-04-24 09:46:00,WSFS,44.50749969482422,44.50749969482422,44.50749969482422,44.50749969482422,44.50749969482422,1081.0
2024-04-24 09:46:00,WYNN,98.09010314941406,98.09010314941406,98.09010314941406,98.09010314941406,98.09010314941406,1626.0
2024-04-24 09:46:00,XEL,54.810001373291016,54.810001373291016,54.810001373291016,54.810001373291016,54.810001373291016,722.0
2024-04-24 09:46:00,XERS,1.7598999738693237,1.7598999738693237,1.7598999738693237,1.7598999738693237,1.7598999738693237,1086.0
2024-04-24 09:46:00,XP,20.459999084472656,20.459999084472656,20.459999084472656,20.459999084472656,20.459999084472656,414.0
2024-04-24 09:46:00,XRX,14.489999771118164,14.489999771118164,14.489999771118164,14.489999771118164,14.489999771118164,13104.0
2024-04-24 09:46:00,YMAB,15.265000343322754,15.265000343322754,15.265000343322754,15.265000343322754,15.265000343322754,1124.0
2024-04-24 09:46:00,Z,44.310001373291016,44.310001373291016,44.310001373291016,44.29999923706055,44.29999923706055,500.0
2024-04-24 09:46:00,ZG,43.91999816894531,43.91999816894531,43.91999816894531,43.91999816894531,43.91999816894531,2655.0
2024-04-24 09:46:00,ZI,15.885000228881836,15.885000228881836,15.885000228881836,15.885000228881836,15.885000228881836,2667.0
2024-04-24 09:46:00,ZM,61.90999984741211,61.90999984741211,61.90999984741211,61.90999984741211,61.90999984741211,6572.0
2024-04-24 09:46:00,ZS,181.27000427246094,181.27000427246094,181.27000427246094,181.27000427246094,181.27000427246094,4080.0
2024-04-24 09:46:00,ZTEK,1.1100000143051147,1.1100000143051147,1.1100000143051147,1.1100000143051147,1.1100000143051147,1.0
2024-04-24 09:46:00,ZVRA,4.590000152587891,4.590000152587891,4.590000152587891,4.590000152587891,4.590000152587891,8820.0
2024-04-24 09:46:00,ZYME,8.520000457763672,8.520000457763672,8.520000457763672,8.520000457763672,8.520000457763672,638.0
2024-04-24 09:47:00,AIXI,1.3299000263214111,1.3299000263214111,1.3299000263214111,1.3299000263214111,1.3299000263214111,1575.0
2024-04-24 09:47:00,COCO,23.709999084472656,23.709999084472656,23.735000610351562,23.709999084472656,23.729999542236328,935.0
2024-04-24 09:47:00,DIBS,5.389999866485596,5.389999866485596,5.400000095367432,5.369999885559082,5.380000114440918,9340.0
2024-04-24 09:47:00,ETNB,8.779999732971191,8.779999732971191,8.819999694824219,8.770000457763672,8.819999694824219,3600.0
2024-04-24 09:47:00,FDMT,25.145000457763672,25.145000457763672,25.145000457763672,25.145000457763672,25.145000457763672,386.0
2024-04-24 09:47:00,FREE,4.824999809265137,4.824999809265137,4.824999809265137,4.824999809265137,4.824999809265137,2166.0
2024-04-24 09:47:00,HOWL,6.5167999267578125,6.5167999267578125,6.5167999267578125,6.5167999267578125,6.5167999267578125,1266.0
2024-04-24 09:47:00,MASS,5.619999885559082,5.619999885559082,5.619999885559082,5.619999885559082,5.619999885559082,669.0
2024-04-24 09:47:00,ME,0.4740000069141388,0.4740000069141388,0.47600001096725464,0.47200000286102295,0.47200000286102295,6670.0
2024-04-24 09:47:00,SEAT,5.809999942779541,5.809999942779541,5.809999942779541,5.800000190734863,5.804999828338623,10533.0
2024-04-24 09:47:00,TSVT,4.480000019073486,4.480000019073486,4.480000019073486,4.480000019073486,4.480000019073486,229.0
2024-04-24 09:47:00,TWOU,0.2468000054359436,0.2468000054359436,0.24879999458789825,0.24639999866485596,0.24879999458789825,10775.0
2024-04-24 09:47:00,TXG,27.3799991607666,27.3799991607666,27.389999389648438,27.360000610351562,27.389999389648438,7305.0
2024-04-24 09:47:00,VCTR,49.52289962768555,49.52289962768555,49.619998931884766,49.50019836425781,49.619998931884766,7061.0
2024-04-24 09:47:00,VERU,1.2999999523162842,1.2999999523162842,1.2999999523162842,1.2999999523162842,1.2999999523162842,0.0
2024-04-24 09:47:00,VERV,6.75,6.75,6.764999866485596,6.75,6.760000228881836,655.0
2024-04-24 09:47:00,VERX,28.7549991607666,28.7549991607666,28.809999465942383,28.674999237060547,28.719999313354492,4394.0
2024-04-24 09:47:00,VFF,1.3485000133514404,1.3485000133514404,1.3485000133514404,1.3485000133514404,1.3485000133514404,2084.0
2024-04-24 09:47:00,VFS,2.5,2.5,2.509999990463257,2.5,2.502000093460083,49573.0
2024-04-24 09:47:00,VIAV,8.0,8.0,8.010000228881836,8.0,8.010000228881836,920.0
2024-04-24 09:47:00,VICR,35.70000076293945,35.70000076293945,35.70000076293945,35.48500061035156,35.48500061035156,4109.0
2024-04-24 09:47:00,VIR,8.050000190734863,8.050000190734863,8.050000190734863,8.050000190734863,8.050000190734863,2651.0
2024-04-24 09:47:00,VIRI,0.4424999952316284,0.4424999952316284,0.4424999952316284,0.4424999952316284,0.4424999952316284,628.0
2024-04-24 09:47:00,VIRT,22.395000457763672,22.395000457763672,22.479999542236328,22.3700008392334,22.475000381469727,34727.0
2024-04-24 09:47:00,VITL,26.40999984741211,26.40999984741211,26.434999465942383,26.40999984741211,26.434999465942383,1378.0
2024-04-24 09:47:00,VIVK,1.7799999713897705,1.7799999713897705,1.7799999713897705,1.7799999713897705,1.7799999713897705,321.0
2024-04-24 09:47:00,VKTX,66.75,66.75,66.81999969482422,66.44000244140625,66.61000061035156,44779.0
2024-04-24 09:47:00,VLCN,0.26510000228881836,0.26510000228881836,0.2705000042915344,0.26510000228881836,0.2705000042915344,68320.0
2024-04-24 09:47:00,VOD,8.555000305175781,8.555000305175781,8.5649995803833,8.555000305175781,8.5649995803833,15319.0
2024-04-24 09:47:00,VRDN,14.170000076293945,14.170000076293945,14.180000305175781,14.170000076293945,14.180000305175781,863.0
2024-04-24 09:47:00,VRRM,24.3700008392334,24.3700008392334,24.389999389648438,24.3700008392334,24.3799991607666,2073.0
2024-04-24 09:47:00,VRTX,405.4049987792969,405.4049987792969,405.7200012207031,405.3299865722656,405.7149963378906,11804.0
2024-04-24 09:47:00,VSAT,16.170000076293945,16.170000076293945,16.246000289916992,16.170000076293945,16.246000289916992,2386.0
2024-04-24 09:47:00,VTNR,1.5699000358581543,1.5699000358581543,1.5699000358581543,1.565000057220459,1.565000057220459,18248.0
2024-04-24 09:47:00,VTRS,11.3149995803833,11.3149995803833,11.34000015258789,11.3149995803833,11.34000015258789,21928.0
2024-04-24 09:47:00,VTSI,12.119999885559082,12.119999885559082,12.119999885559082,12.062000274658203,12.062000274658203,496.0
2024-04-24 09:47:00,VYGR,7.590000152587891,7.590000152587891,7.619999885559082,7.590000152587891,7.619999885559082,701.0
2024-04-24 09:47:00,WAFD,28.149999618530273,28.149999618530273,28.149999618530273,28.010000228881836,28.072500228881836,6927.0
2024-04-24 09:47:00,WB,8.399999618530273,8.399999618530273,8.399999618530273,8.395000457763672,8.395000457763672,2281.0
2024-04-24 09:47:00,WBA,17.84000015258789,17.84000015258789,17.854999542236328,17.83690071105957,17.854999542236328,47563.0
2024-04-24 09:47:00,WBD,8.28499984741211,8.28499984741211,8.300800323486328,8.279999732971191,8.300800323486328,121306.0
2024-04-24 09:47:00,WDAY,258.260009765625,258.260009765625,258.260009765625,257.989990234375,258.0950012207031,2517.0
2024-04-24 09:47:00,WDC,71.29000091552734,71.29000091552734,71.29000091552734,70.993896484375,70.99500274658203,57442.0
2024-04-24 09:47:00,WDFC,225.10499572753906,225.10499572753906,225.10499572753906,224.72999572753906,224.86000061035156,1324.0
2024-04-24 09:47:00,WEN,19.799999237060547,19.799999237060547,19.833900451660156,19.799999237060547,19.829999923706055,11169.0
2024-04-24 09:47:00,WERN,35.52000045776367,35.52000045776367,35.52000045776367,35.52000045776367,35.52000045776367,301.0
2024-04-24 09:47:00,WFRD,123.97000122070312,123.97000122070312,123.97000122070312,123.97000122070312,123.97000122070312,3680.0
2024-04-24 09:47:00,WHLR,0.14010000228881836,0.14010000228881836,0.14309999346733093,0.14010000228881836,0.14309999346733093,3815.0
2024-04-24 09:47:00,WIMI,0.8628000020980835,0.8628000020980835,0.8628000020980835,0.8399999737739563,0.8399999737739563,47027.0
2024-04-24 09:47:00,WING,366.2250061035156,366.2250061035156,366.2250061035156,365.9800109863281,365.9800109863281,993.0
2024-04-24 09:47:00,WINT,4.829999923706055,4.829999923706055,4.829999923706055,4.829999923706055,4.829999923706055,923.0
2024-04-24 09:47:00,WISA,5.415900230407715,5.415900230407715,5.429900169372559,5.389999866485596,5.429900169372559,12972.0
2024-04-24 09:47:00,WIX,125.57499694824219,125.57499694824219,125.57499694824219,125.57499694824219,125.57499694824219,2626.0
2024-04-24 09:47:00,WKHS,0.16130000352859497,0.16130000352859497,0.16189999878406525,0.1606999933719635,0.16189999878406525,190333.0
2024-04-24 09:47:00,WMG,32.0099983215332,32.0099983215332,32.029998779296875,32.0,32.029998779296875,2364.0
2024-04-24 09:47:00,WRLD,139.05999755859375,139.05999755859375,139.05999755859375,139.05999755859375,139.05999755859375,700.0
2024-04-24 09:47:00,WSC,37.67499923706055,37.67499923706055,37.70000076293945,37.67499923706055,37.69990158081055,1682.0
2024-04-24 09:47:00,WTFC,99.3499984741211,99.3499984741211,99.55000305175781,99.28500366210938,99.55000305175781,2818.0
2024-04-24 09:47:00,WTW,263.25,263.25,263.25,263.25,263.25,676.0
2024-04-24 09:47:00,WVE,5.019800186157227,5.019800186157227,5.039999961853027,5.019800186157227,5.039999961853027,1848.0
2024-04-24 09:47:00,WW,1.684999942779541,1.684999942779541,1.7000000476837158,1.6799999475479126,1.7000000476837158,18774.0
2024-04-24 09:47:00,WYNN,98.22750091552734,98.22750091552734,98.29900360107422,98.19499969482422,98.2699966430664,3812.0
2024-04-24 09:47:00,XEL,54.7400016784668,54.7400016784668,54.86000061035156,54.70000076293945,54.86000061035156,17788.0
2024-04-24 09:47:00,XERS,1.7549999952316284,1.7549999952316284,1.7549999952316284,1.7549999952316284,1.7549999952316284,3902.0
2024-04-24 09:47:00,XFOR,1.2549999952316284,1.2549999952316284,1.2599999904632568,1.2518999576568604,1.2549999952316284,2132.0
2024-04-24 09:47:00,XMTR,16.950000762939453,16.950000762939453,17.049999237060547,16.950000762939453,17.049999237060547,2029.0
2024-04-24 09:47:00,XNCR,18.219999313354492,18.219999313354492,18.3075008392334,18.219999313354492,18.260000228881836,1799.0
2024-04-24 09:47:00,XP,20.469999313354492,20.469999313354492,20.469999313354492,20.43000030517578,20.454999923706055,25458.0
2024-04-24 09:47:00,XRX,14.508000373840332,14.508000373840332,14.529999732971191,14.46500015258789,14.494999885559082,13114.0
2024-04-24 09:47:00,YJ,0.8600999712944031,0.8600999712944031,0.8600999712944031,0.7710000276565552,0.7710000276565552,3336.0
2024-04-24 09:47:00,YS,0.8191999793052673,0.8191999793052673,0.8191999793052673,0.8191999793052673,0.8191999793052673,265.0
2024-04-24 09:47:00,Z,44.494998931884766,44.494998931884766,44.5099983215332,44.41999816894531,44.5,18554.0
2024-04-24 09:47:00,ZBRA,279.67498779296875,279.67498779296875,279.67498779296875,279.62188720703125,279.62188720703125,1011.0
2024-04-24 09:47:00,ZCMD,1.6349999904632568,1.6349999904632568,1.6349999904632568,1.6349999904632568,1.6349999904632568,168.0
2024-04-24 09:47:00,ZD,51.875,51.875,51.959999084472656,51.875,51.959999084472656,2204.0
2024-04-24 09:47:00,ZG,43.90999984741211,43.90999984741211,43.90999984741211,43.83000183105469,43.900001525878906,2304.0
2024-04-24 09:47:00,ZI,15.885000228881836,15.885000228881836,15.899999618530273,15.880000114440918,15.899999618530273,2819.0
2024-04-24 09:47:00,ZION,41.97999954223633,41.97999954223633,42.01499938964844,41.939998626708984,42.01499938964844,12955.0
2024-04-24 09:47:00,ZLAB,15.960000038146973,15.960000038146973,15.960000038146973,15.890000343322754,15.890000343322754,2252.0
2024-04-24 09:47:00,ZM,61.90999984741211,61.90999984741211,61.93000030517578,61.869998931884766,61.90999984741211,5827.0
2024-04-24 09:47:00,ZNTL,12.395000457763672,12.395000457763672,12.489999771118164,12.395000457763672,12.489999771118164,2057.0
2024-04-24 09:47:00,ZS,181.06500244140625,181.06500244140625,181.06500244140625,180.9199981689453,180.9199981689453,739.0
2024-04-24 09:47:00,ZUMZ,17.06999969482422,17.06999969482422,17.06999969482422,17.06999969482422,17.06999969482422,2366.0
2024-04-24 09:47:00,ZYME,8.520000457763672,8.520000457763672,8.520000457763672,8.520000457763672,8.520000457763672,200.0
2024-04-24 09:48:00,AIXI,1.3300000429153442,1.3300000429153442,1.3300000429153442,1.3300000429153442,1.3300000429153442,200.0
2024-04-24 09:48:00,DIBS,5.360000133514404,5.360000133514404,5.409999847412109,5.360000133514404,5.409999847412109,2164.0
2024-04-24 09:48:00,ETNB,8.789999961853027,8.789999961853027,8.789999961853027,8.789999961853027,8.789999961853027,1277.0
2024-04-24 09:48:00,FREE,4.820000171661377,4.820000171661377,4.820000171661377,4.820000171661377,4.820000171661377,1506.0
2024-04-24 09:48:00,HOWL,6.57919979095459,6.57919979095459,6.57919979095459,6.570000171661377,6.570000171661377,1854.0
2024-04-24 09:48:00,JFU,3.4721999168395996,3.4721999168395996,3.4721999168395996,3.4721999168395996,3.4721999168395996,984.0
2024-04-24 09:48:00,ME,0.4738999903202057,0.4738999903202057,0.4740000069141388,0.4738999903202057,0.4740000069141388,1288.0
2024-04-24 09:48:00,SCWO,1.340000033378601,1.340000033378601,1.340000033378601,1.340000033378601,1.340000033378601,300.0
2024-04-24 09:48:00,SEAT,5.815000057220459,5.815000057220459,5.815000057220459,5.815000057220459,5.815000057220459,491.0
2024-04-24 09:48:00,SRCE,50.439998626708984,50.439998626708984,50.439998626708984,50.439998626708984,50.439998626708984,601.0
2024-04-24 09:48:00,TSVT,4.476500034332275,4.476500034332275,4.476500034332275,4.441999912261963,4.441999912261963,4885.0
2024-04-24 09:48:00,TWOU,0.2475000023841858,0.2475000023841858,0.2475000023841858,0.24500000476837158,0.24500000476837158,1006.0
2024-04-24 09:48:00,TXG,27.415000915527344,27.415000915527344,27.424999237060547,27.389999389648438,27.389999389648438,2429.0
2024-04-24 09:48:00,VABK,24.860000610351562,24.860000610351562,26.54400062561035,24.860000610351562,26.54400062561035,0.0
2024-04-24 09:48:00,VCTR,49.5,49.5,49.595001220703125,49.31999969482422,49.57500076293945,17034.0
2024-04-24 09:48:00,VERU,1.284999966621399,1.284999966621399,1.309999942779541,1.2799999713897705,1.309999942779541,6242.0
2024-04-24 09:48:00,VERV,6.75,6.75,6.75,6.75,6.75,236.0
2024-04-24 09:48:00,VERX,28.489999771118164,28.489999771118164,28.729999542236328,28.489999771118164,28.729999542236328,42297.0
2024-04-24 09:48:00,VFF,1.3305000066757202,1.3305000066757202,1.340000033378601,1.3305000066757202,1.340000033378601,3715.0
2024-04-24 09:48:00,VFS,2.5299999713897705,2.5299999713897705,2.5350000858306885,2.505000114440918,2.505000114440918,15977.0
2024-04-24 09:48:00,VICR,35.709999084472656,35.709999084472656,35.709999084472656,35.540000915527344,35.599998474121094,1068.0
2024-04-24 09:48:00,VIOT,0.5509999990463257,0.5509999990463257,0.5509999990463257,0.5509999990463257,0.5509999990463257,390.0
2024-04-24 09:48:00,VIRC,10.64229965209961,10.64229965209961,10.64229965209961,10.64229965209961,10.64229965209961,2192.0
2024-04-24 09:48:00,VIRT,22.440000534057617,22.440000534057617,22.475000381469727,22.3799991607666,22.395000457763672,13211.0
2024-04-24 09:48:00,VIRX,0.8500000238418579,0.8500000238418579,0.8500000238418579,0.8500000238418579,0.8500000238418579,4100.0
2024-04-24 09:48:00,VITL,26.385000228881836,26.385000228881836,26.385000228881836,26.385000228881836,26.385000228881836,458.0
2024-04-24 09:48:00,VKTX,66.2300033569336,66.2300033569336,66.76000213623047,66.19999694824219,66.66400146484375,11962.0
2024-04-24 09:48:00,VLCN,0.26510000228881836,0.26510000228881836,0.2655999958515167,0.26499998569488525,0.26510000228881836,20501.0
2024-04-24 09:48:00,VMD,8.149999618530273,8.149999618530273,8.149999618530273,8.149999618530273,8.149999618530273,310.0
2024-04-24 09:48:00,VMEO,3.5450000762939453,3.5450000762939453,3.5450000762939453,3.5399999618530273,3.5401999950408936,12556.0
2024-04-24 09:48:00,VNET,1.529099941253662,1.529099941253662,1.529099941253662,1.529099941253662,1.529099941253662,1140.0
2024-04-24 09:48:00,VRTX,404.6000061035156,404.6000061035156,405.3500061035156,404.6000061035156,405.0,5701.0
2024-04-24 09:48:00,VSAT,16.209999084472656,16.209999084472656,16.209999084472656,16.149999618530273,16.155000686645508,1272.0
2024-04-24 09:48:00,VTGN,4.849999904632568,4.849999904632568,4.849999904632568,4.849999904632568,4.849999904632568,414.0
2024-04-24 09:48:00,VTNR,1.565000057220459,1.565000057220459,1.5699000358581543,1.559999942779541,1.565000057220459,4766.0
2024-04-24 09:48:00,VTRS,11.3149995803833,11.3149995803833,11.319999694824219,11.3149995803833,11.3149995803833,2285.0
2024-04-24 09:48:00,VUZI,1.284999966621399,1.284999966621399,1.284999966621399,1.284999966621399,1.284999966621399,3260.0
2024-04-24 09:48:00,VYGR,7.599999904632568,7.599999904632568,7.630000114440918,7.599999904632568,7.630000114440918,307.0
2024-04-24 09:48:00,WAFD,28.139999389648438,28.139999389648438,28.149999618530273,28.139999389648438,28.149999618530273,1169.0
2024-04-24 09:48:00,WALD,5.239999771118164,5.239999771118164,5.239999771118164,5.239999771118164,5.239999771118164,114.0
2024-04-24 09:48:00,WB,8.399999618530273,8.399999618530273,8.404999732971191,8.399999618530273,8.404999732971191,1163.0
2024-04-24 09:48:00,WBA,17.864999771118164,17.864999771118164,17.8700008392334,17.844999313354492,17.844999313354492,25454.0
2024-04-24 09:48:00,WBD,8.291099548339844,8.291099548339844,8.295000076293945,8.279999732971191,8.28499984741211,59445.0
2024-04-24 09:48:00,WDAY,257.7746887207031,257.7746887207031,258.2200012207031,257.5199890136719,258.07000732421875,2692.0
2024-04-24 09:48:00,WDC,71.02999877929688,71.02999877929688,71.25,70.92500305175781,71.25,25571.0
2024-04-24 09:48:00,WEN,19.80500030517578,19.80500030517578,19.809999465942383,19.799999237060547,19.809999465942383,2981.0
2024-04-24 09:48:00,WERN,35.439998626708984,35.439998626708984,35.470001220703125,35.439998626708984,35.470001220703125,1485.0
2024-04-24 09:48:00,WFRD,125.0199966430664,125.0199966430664,125.41000366210938,124.01499938964844,124.01499938964844,4867.0
2024-04-24 09:48:00,WIMI,0.8500000238418579,0.8500000238418579,0.862500011920929,0.8500000238418579,0.862500011920929,4052.0
2024-04-24 09:48:00,WISA,5.46999979019165,5.46999979019165,5.46999979019165,5.40500020980835,5.419600009918213,9050.0
2024-04-24 09:48:00,WKHS,0.1606999933719635,0.1606999933719635,0.16189999878406525,0.1606999933719635,0.16189999878406525,52363.0
2024-04-24 09:48:00,WKME,8.010000228881836,8.010000228881836,8.010000228881836,8.010000228881836,8.010000228881836,331.0
2024-04-24 09:48:00,WMG,32.040000915527344,32.040000915527344,32.04999923706055,32.005001068115234,32.005001068115234,659.0
2024-04-24 09:48:00,WRLD,140.3300018310547,140.3300018310547,140.3300018310547,140.3300018310547,140.3300018310547,290.0
2024-04-24 09:48:00,WSC,37.599998474121094,37.599998474121094,37.63999938964844,37.599998474121094,37.63999938964844,1716.0
2024-04-24 09:48:00,WW,1.6799999475479126,1.6799999475479126,1.6799999475479126,1.6799999475479126,1.6799999475479126,770.0
2024-04-24 09:48:00,WWD,150.75,150.75,150.75,150.75,150.75,993.0
2024-04-24 09:48:00,WYNN,98.38999938964844,98.38999938964844,98.38999938964844,98.30000305175781,98.30999755859375,3522.0
2024-04-24 09:48:00,XEL,54.7400016784668,54.7400016784668,54.7400016784668,54.70000076293945,54.72999954223633,4226.0
2024-04-24 09:48:00,XERS,1.7549999952316284,1.7549999952316284,1.7554999589920044,1.75,1.75,2725.0
2024-04-24 09:48:00,XFOR,1.2598999738693237,1.2598999738693237,1.2599999904632568,1.250599980354309,1.250599980354309,2961.0
2024-04-24 09:48:00,XP,20.459999084472656,20.459999084472656,20.4950008392334,20.44499969482422,20.469999313354492,13107.0
2024-04-24 09:48:00,XRX,14.484999656677246,14.484999656677246,14.520000457763672,14.479999542236328,14.510000228881836,8201.0
2024-04-24 09:48:00,XWEL,1.527500033378601,1.527500033378601,1.527500033378601,1.475000023841858,1.475000023841858,1823.0
2024-04-24 09:48:00,YI,1.059999942779541,1.059999942779541,1.059999942779541,1.059999942779541,1.059999942779541,388.0
2024-04-24 09:48:00,YJ,0.8899999856948853,0.8899999856948853,0.8899999856948853,0.8889999985694885,0.8889999985694885,1703.0
2024-04-24 09:48:00,YMAB,15.289999961853027,15.289999961853027,15.289999961853027,15.289999961853027,15.289999961853027,479.0
2024-04-24 09:48:00,YTEN,0.25,0.25,0.25,0.25,0.25,20410.0
2024-04-24 09:48:00,Z,44.375,44.375,44.529998779296875,44.36000061035156,44.494998931884766,12954.0
2024-04-24 09:48:00,ZAPP,4.659999847412109,4.659999847412109,4.659999847412109,4.659999847412109,4.659999847412109,572.0
2024-04-24 09:48:00,ZCMD,1.6349999904632568,1.6349999904632568,1.6349999904632568,1.6349999904632568,1.6349999904632568,129.0
2024-04-24 09:48:00,ZD,51.817501068115234,51.817501068115234,51.88999938964844,51.79999923706055,51.88999938964844,2353.0
2024-04-24 09:48:00,ZG,43.939998626708984,43.939998626708984,43.939998626708984,43.91999816894531,43.93000030517578,1585.0
2024-04-24 09:48:00,ZI,15.904999732971191,15.904999732971191,15.904999732971191,15.875,15.880000114440918,3407.0
2024-04-24 09:48:00,ZION,42.03499984741211,42.03499984741211,42.06999969482422,41.9900016784668,41.9900016784668,4022.0
2024-04-24 09:48:00,ZIONO,25.40999984741211,25.40999984741211,25.40999984741211,25.40999984741211,25.40999984741211,0.0
2024-04-24 09:48:00,ZLAB,15.90999984741211,15.90999984741211,15.90999984741211,15.90999984741211,15.90999984741211,392.0
2024-04-24 09:48:00,ZM,61.96500015258789,61.96500015258789,61.96500015258789,61.880001068115234,61.915000915527344,5044.0
2024-04-24 09:48:00,ZS,180.71499633789062,180.71499633789062,181.02000427246094,180.6649932861328,180.97000122070312,4446.0
2024-04-24 09:49:00,COCO,23.770000457763672,23.770000457763672,23.770000457763672,23.739999771118164,23.760000228881836,1353.0
2024-04-24 09:49:00,EGHT,2.2899999618530273,2.2899999618530273,2.2899999618530273,2.2899999618530273,2.2899999618530273,223.0
2024-04-24 09:49:00,ETNB,8.8100004196167,8.8100004196167,8.8100004196167,8.789999961853027,8.789999961853027,23854.0
2024-04-24 09:49:00,FREE,4.828800201416016,4.828800201416016,4.828800201416016,4.828800201416016,4.828800201416016,1500.0
2024-04-24 09:49:00,HOWL,6.630000114440918,6.630000114440918,6.630000114440918,6.630000114440918,6.630000114440918,286.0
2024-04-24 09:49:00,MAPSW,0.059300001710653305,0.059300001710653305,0.059300001710653305,0.05920000001788139,0.05920000001788139,0.0
2024-04-24 09:49:00,ME,0.47200000286102295,0.47200000286102295,0.47200000286102295,0.47200000286102295,0.47200000286102295,1123.0
2024-04-24 09:49:00,SEAT,5.835000038146973,5.835000038146973,5.849999904632568,5.820000171661377,5.820000171661377,13039.0
2024-04-24 09:49:00,TSVT,4.489999771118164,4.489999771118164,4.489999771118164,4.480000019073486,4.480000019073486,1161.0
2024-04-24 09:49:00,TWOU,0.24699999392032623,0.24699999392032623,0.24699999392032623,0.24699999392032623,0.24699999392032623,304.0
2024-04-24 09:49:00,TXG,27.485000610351562,27.485000610351562,27.489999771118164,27.43000030517578,27.440000534057617,3653.0
2024-04-24 09:49:00,VCTR,49.040000915527344,49.040000915527344,49.560001373291016,49.029998779296875,49.46039962768555,38330.0
2024-04-24 09:49:00,VERU,1.3049999475479126,1.3049999475479126,1.309999942779541,1.2899999618530273,1.2899999618530273,15892.0
2024-04-24 09:49:00,VERV,6.804999828338623,6.804999828338623,6.804999828338623,6.739999771118164,6.75,2100.0
2024-04-24 09:49:00,VERX,28.684999465942383,28.684999465942383,28.719999313354492,28.6200008392334,28.6200008392334,23600.0
2024-04-24 09:49:00,VFF,1.3329999446868896,1.3329999446868896,1.339900016784668,1.3329999446868896,1.3361999988555908,3410.0
2024-04-24 09:49:00,VFS,2.5350000858306885,2.5350000858306885,2.5399999618530273,2.5299999713897705,2.5299999713897705,19183.0
2024-04-24 09:49:00,VIAV,7.994999885559082,7.994999885559082,8.0,7.994999885559082,8.0,583.0
2024-04-24 09:49:00,VICR,35.970001220703125,35.970001220703125,35.970001220703125,35.689998626708984,35.720001220703125,4306.0
2024-04-24 09:49:00,VINC,0.9799000024795532,0.9799000024795532,0.9799000024795532,0.9799000024795532,0.9799000024795532,4581.0
2024-04-24 09:49:00,VIR,8.085000038146973,8.085000038146973,8.085000038146973,8.079999923706055,8.079999923706055,639.0
2024-04-24 09:49:00,VIRT,22.469999313354492,22.469999313354492,22.479999542236328,22.43000030517578,22.450000762939453,4553.0
2024-04-24 09:49:00,VISL,4.010000228881836,4.010000228881836,4.010000228881836,4.010000228881836,4.010000228881836,344.0
2024-04-24 09:49:00,VIVK,1.7699999809265137,1.7699999809265137,1.7899999618530273,1.7699999809265137,1.7798999547958374,8264.0
2024-04-24 09:49:00,VKTX,66.63500213623047,66.63500213623047,66.63999938964844,66.33000183105469,66.36000061035156,3672.0
2024-04-24 09:49:00,VLCN,0.27000001072883606,0.27000001072883606,0.27480000257492065,0.26579999923706055,0.27469998598098755,9423.0
2024-04-24 09:49:00,VMEO,3.5450000762939453,3.5450000762939453,3.5450000762939453,3.5406999588012695,3.5406999588012695,929.0
2024-04-24 09:49:00,VNET,1.5199999809265137,1.5199999809265137,1.5199999809265137,1.5199999809265137,1.5199999809265137,6587.0
2024-04-24 09:49:00,VOD,8.5600004196167,8.5600004196167,8.5649995803833,8.5600004196167,8.5600004196167,9875.0
2024-04-24 09:49:00,VRDN,14.140000343322754,14.140000343322754,14.140000343322754,14.140000343322754,14.140000343322754,1089.0
2024-04-24 09:49:00,VRNA,15.390000343322754,15.390000343322754,15.390000343322754,15.390000343322754,15.390000343322754,544.0
2024-04-24 09:49:00,VRRM,24.360000610351562,24.360000610351562,24.364999771118164,24.354999542236328,24.364999771118164,824.0
2024-04-24 09:49:00,VRTX,405.1600036621094,405.1600036621094,405.3699951171875,404.7049865722656,404.7049865722656,2128.0
2024-04-24 09:49:00,VSAT,16.239999771118164,16.239999771118164,16.239999771118164,16.18000030517578,16.184999465942383,2035.0
2024-04-24 09:49:00,VTNR,1.5793999433517456,1.5793999433517456,1.5799000263214111,1.565000057220459,1.565000057220459,10262.0
2024-04-24 09:49:00,VTRS,11.3149995803833,11.3149995803833,11.3149995803833,11.3100004196167,11.3100004196167,659.0
2024-04-24 09:49:00,VUZI,1.2899999618530273,1.2899999618530273,1.2899999618530273,1.2799999713897705,1.284999966621399,2787.0
2024-04-24 09:49:00,WB,8.395000457763672,8.395000457763672,8.395000457763672,8.395000457763672,8.395000457763672,1580.0
2024-04-24 09:49:00,WBA,17.8799991607666,17.8799991607666,17.8799991607666,17.860000610351562,17.864999771118164,6627.0
2024-04-24 09:49:00,WBD,8.289999961853027,8.289999961853027,8.300000190734863,8.281999588012695,8.29990005493164,104083.0
2024-04-24 09:49:00,WDAY,257.55999755859375,257.55999755859375,257.7699890136719,257.45001220703125,257.760009765625,1692.0
2024-04-24 09:49:00,WDC,71.12000274658203,71.12000274658203,71.1500015258789,70.97000122070312,71.06999969482422,26744.0
2024-04-24 09:49:00,WEN,19.81999969482422,19.81999969482422,19.81999969482422,19.809999465942383,19.81999969482422,1860.0
2024-04-24 09:49:00,WFRD,125.04000091552734,125.04000091552734,125.41000366210938,124.63999938964844,125.0199966430664,1689.0
2024-04-24 09:49:00,WIMI,0.8330000042915344,0.8330000042915344,0.8537999987602234,0.8330000042915344,0.8507000207901001,17816.0
2024-04-24 09:49:00,WISA,5.5,5.5,5.559999942779541,5.458000183105469,5.47760009765625,16368.0
2024-04-24 09:49:00,WIX,125.44000244140625,125.44000244140625,125.44000244140625,125.44000244140625,125.44000244140625,810.0
2024-04-24 09:49:00,WKHS,0.16050000488758087,0.16050000488758087,0.16179999709129333,0.16050000488758087,0.16130000352859497,51699.0
2024-04-24 09:49:00,WKSP,0.36500000953674316,0.36500000953674316,0.36500000953674316,0.36500000953674316,0.36500000953674316,0.0
2024-04-24 09:49:00,WMG,32.06999969482422,32.06999969482422,32.06999969482422,32.06999969482422,32.06999969482422,614.0
2024-04-24 09:49:00,WRAP,2.0199999809265137,2.0199999809265137,2.0199999809265137,2.0199999809265137,2.0199999809265137,4014.0
2024-04-24 09:49:00,WRLD,140.2100067138672,140.2100067138672,140.52999877929688,139.72999572753906,140.52999877929688,2903.0
2024-04-24 09:49:00,WSBC,28.139999389648438,28.139999389648438,28.139999389648438,28.139999389648438,28.139999389648438,204.0
2024-04-24 09:49:00,WSBF,11.75,11.75,11.75,11.75,11.75,661.0
2024-04-24 09:49:00,WSC,37.599998474121094,37.599998474121094,37.599998474121094,37.599998474121094,37.599998474121094,407.0
2024-04-24 09:49:00,WTFC,99.58999633789062,99.58999633789062,99.6050033569336,99.45500183105469,99.54000091552734,1104.0
2024-04-24 09:49:00,WTW,263.2950134277344,263.2950134277344,263.44000244140625,263.2950134277344,263.44000244140625,1463.0
2024-04-24 09:49:00,WVE,5.039999961853027,5.039999961853027,5.039999961853027,5.039999961853027,5.039999961853027,255.0
2024-04-24 09:49:00,WW,1.690000057220459,1.690000057220459,1.690000057220459,1.684999942779541,1.6893999576568604,4615.0
2024-04-24 09:49:00,WWD,150.60000610351562,150.60000610351562,150.72999572753906,150.60000610351562,150.72999572753906,502.0
2024-04-24 09:49:00,WYNN,98.62000274658203,98.62000274658203,98.62999725341797,98.38999938964844,98.47000122070312,1354.0
2024-04-24 09:49:00,XEL,54.7599983215332,54.7599983215332,54.779998779296875,54.75,54.7599983215332,6777.0
2024-04-24 09:49:00,XERS,1.7599999904632568,1.7599999904632568,1.7599999904632568,1.7549999952316284,1.7549999952316284,697.0
2024-04-24 09:49:00,XFOR,1.25,1.25,1.25,1.25,1.25,550.0
2024-04-24 09:49:00,XMTR,16.975000381469727,16.975000381469727,16.975000381469727,16.975000381469727,16.975000381469727,305.0
2024-04-24 09:49:00,XNCR,18.209999084472656,18.209999084472656,18.209999084472656,18.209999084472656,18.209999084472656,337.0
2024-04-24 09:49:00,XP,20.5049991607666,20.5049991607666,20.510000228881836,20.46500015258789,20.46500015258789,2975.0
2024-04-24 09:49:00,XRX,14.520000457763672,14.520000457763672,14.529999732971191,14.48009967803955,14.48009967803955,9375.0
2024-04-24 09:49:00,Z,44.290000915527344,44.290000915527344,44.349998474121094,44.290000915527344,44.349998474121094,4528.0
2024-04-24 09:49:00,ZBRA,279.94000244140625,279.94000244140625,279.94000244140625,279.6650085449219,279.6650085449219,1634.0
2024-04-24 09:49:00,ZD,51.88999938964844,51.88999938964844,51.88999938964844,51.88999938964844,51.88999938964844,784.0
2024-04-24 09:49:00,ZI,15.904999732971191,15.904999732971191,15.90999984741211,15.899999618530273,15.904999732971191,2465.0
2024-04-24 09:49:00,ZION,42.11000061035156,42.11000061035156,42.11000061035156,42.06999969482422,42.06999969482422,5490.0
2024-04-24 09:49:00,ZLAB,15.979999542236328,15.979999542236328,15.979999542236328,15.90999984741211,15.90999984741211,1557.0
2024-04-24 09:49:00,ZM,61.959999084472656,61.959999084472656,61.96500015258789,61.93000030517578,61.96500015258789,6825.0
2024-04-24 09:49:00,ZNTL,12.390000343322754,12.390000343322754,12.390000343322754,12.390000343322754,12.390000343322754,192.0
2024-04-24 09:49:00,ZS,180.6988983154297,180.6988983154297,180.6999969482422,180.6988983154297,180.6999969482422,1950.0
2024-04-24 09:49:00,ZYME,8.550000190734863,8.550000190734863,8.550000190734863,8.550000190734863,8.550000190734863,137.0
2024-04-24 09:50:00,EGHT,2.2850000858306885,2.2850000858306885,2.2850000858306885,2.2850000858306885,2.2850000858306885,297.0
2024-04-24 09:50:00,ETNB,8.739999771118164,8.739999771118164,8.800000190734863,8.739999771118164,8.800000190734863,1474.0
2024-04-24 09:50:00,FDMT,25.145000457763672,25.145000457763672,25.145000457763672,25.145000457763672,25.145000457763672,155.0
2024-04-24 09:50:00,FEAM,1.149999976158142,1.149999976158142,1.190000057220459,1.149999976158142,1.190000057220459,1577.0
2024-04-24 09:50:00,MAPS,1.090000033378601,1.090000033378601,1.090000033378601,1.090000033378601,1.090000033378601,200.0
2024-04-24 09:50:00,MASS,5.650000095367432,5.650000095367432,5.650000095367432,5.650000095367432,5.650000095367432,222.0
2024-04-24 09:50:00,ME,0.47200000286102295,0.47200000286102295,0.47380000352859497,0.47200000286102295,0.47380000352859497,700.0
2024-04-24 09:50:00,SEAT,5.835000038146973,5.835000038146973,5.835000038146973,5.835000038146973,5.835000038146973,1462.0
2024-04-24 09:50:00,TSVT,4.5,4.5,4.5,4.5,4.5,503.0
2024-04-24 09:50:00,TWOU,0.24500000476837158,0.24500000476837158,0.24500000476837158,0.24500000476837158,0.24500000476837158,705.0
2024-04-24 09:50:00,TXG,27.5,27.5,27.549999237060547,27.489999771118164,27.489999771118164,4207.0
2024-04-24 09:50:00,VCTR,49.040000915527344,49.040000915527344,49.06999969482422,48.65999984741211,49.04010009765625,82746.0
2024-04-24 09:50:00,VERU,1.2999999523162842,1.2999999523162842,1.2999999523162842,1.2999999523162842,1.2999999523162842,1126.0
2024-04-24 09:50:00,VERV,6.815000057220459,6.815000057220459,6.820000171661377,6.815000057220459,6.815000057220459,2425.0
2024-04-24 09:50:00,VERX,28.8700008392334,28.8700008392334,28.8700008392334,28.712499618530273,28.719999313354492,14670.0
2024-04-24 09:50:00,VFF,1.315000057220459,1.315000057220459,1.3320000171661377,1.309999942779541,1.3320000171661377,6741.0
2024-04-24 09:50:00,VFS,2.555000066757202,2.555000066757202,2.559999942779541,2.5385000705718994,2.5399999618530273,20964.0
2024-04-24 09:50:00,VIAV,8.0,8.0,8.0,8.0,8.0,136.0
2024-04-24 09:50:00,VICR,35.970001220703125,35.970001220703125,35.970001220703125,35.970001220703125,35.970001220703125,480.0
2024-04-24 09:50:00,VIR,8.09000015258789,8.09000015258789,8.09000015258789,8.09000015258789,8.09000015258789,854.0
2024-04-24 09:50:00,VIRT,22.579999923706055,22.579999923706055,22.59000015258789,22.479999542236328,22.489999771118164,16722.0
2024-04-24 09:50:00,VIRX,0.8500000238418579,0.8500000238418579,0.8500000238418579,0.8500000238418579,0.8500000238418579,0.0
2024-04-24 09:50:00,VITL,26.454999923706055,26.454999923706055,26.459999084472656,26.454999923706055,26.459999084472656,699.0
2024-04-24 09:50:00,VIVK,1.690000057220459,1.690000057220459,1.690000057220459,1.6699999570846558,1.6799999475479126,9701.0
2024-04-24 09:50:00,VKTX,66.80999755859375,66.80999755859375,66.81999969482422,66.55000305175781,66.64600372314453,7162.0
2024-04-24 09:50:00,VLCN,0.26980000734329224,0.26980000734329224,0.2736000120639801,0.26600000262260437,0.2736000120639801,6380.0
2024-04-24 09:50:00,VMEO,3.549999952316284,3.549999952316284,3.549999952316284,3.549999952316284,3.549999952316284,135.0
2024-04-24 09:50:00,VNOM,39.915000915527344,39.915000915527344,39.915000915527344,39.915000915527344,39.915000915527344,140.0
2024-04-24 09:50:00,VOD,8.555000305175781,8.555000305175781,8.5649995803833,8.555000305175781,8.5649995803833,10027.0
2024-04-24 09:50:00,VOR,1.850000023841858,1.850000023841858,1.850000023841858,1.850000023841858,1.850000023841858,901.0
2024-04-24 09:50:00,VRRM,24.350000381469727,24.350000381469727,24.3700008392334,24.350000381469727,24.3700008392334,1364.0
2024-04-24 09:50:00,VRTX,406.0,406.0,406.0,405.2900085449219,405.2900085449219,4877.0
2024-04-24 09:50:00,VSAT,16.235000610351562,16.235000610351562,16.260000228881836,16.20490074157715,16.260000228881836,3992.0
2024-04-24 09:50:00,VTGN,4.796000003814697,4.796000003814697,4.800000190734863,4.796000003814697,4.800000190734863,2055.0
2024-04-24 09:50:00,VTNR,1.590000033378601,1.590000033378601,1.590000033378601,1.5750000476837158,1.5750000476837158,20493.0
2024-04-24 09:50:00,VTRS,11.28499984741211,11.28499984741211,11.3149995803833,11.25,11.3149995803833,44225.0
2024-04-24 09:50:00,VUZI,1.2899999618530273,1.2899999618530273,1.2899999618530273,1.2899999618530273,1.2899999618530273,1600.0
2024-04-24 09:50:00,WB,8.401200294494629,8.401200294494629,8.404999732971191,8.399999618530273,8.399999618530273,4938.0
2024-04-24 09:50:00,WBA,17.864999771118164,17.864999771118164,17.889999389648438,17.860000610351562,17.8799991607666,24057.0
2024-04-24 09:50:00,WBD,8.295000076293945,8.295000076293945,8.305000305175781,8.289999961853027,8.295000076293945,34143.0
2024-04-24 09:50:00,WDAY,257.54998779296875,257.54998779296875,257.6000061035156,257.54998779296875,257.6000061035156,4459.0
2024-04-24 09:50:00,WDC,71.2300033569336,71.2300033569336,71.2300033569336,71.0999984741211,71.1500015258789,19669.0
2024-04-24 09:50:00,WEN,19.825000762939453,19.825000762939453,19.825000762939453,19.81999969482422,19.825000762939453,1458.0
2024-04-24 09:50:00,WERN,35.5,35.5,35.5,35.47999954223633,35.4900016784668,723.0
2024-04-24 09:50:00,WFRD,125.08499908447266,125.08499908447266,125.43000030517578,124.87000274658203,124.97989654541016,3763.0
2024-04-24 09:50:00,WIMI,0.8499000072479248,0.8499000072479248,0.8499000072479248,0.8330000042915344,0.8489999771118164,7645.0
2024-04-24 09:50:00,WING,366.1300048828125,366.1300048828125,366.1300048828125,366.1300048828125,366.1300048828125,183.0
2024-04-24 09:50:00,WISA,5.5,5.5,5.570000171661377,5.5,5.538899898529053,23205.0
2024-04-24 09:50:00,WKHS,0.16050000488758087,0.16050000488758087,0.16110000014305115,0.16050000488758087,0.16110000014305115,7360.0
2024-04-24 09:50:00,WMG,32.13999938964844,32.13999938964844,32.13999938964844,32.09000015258789,32.09000015258789,1044.0
2024-04-24 09:50:00,WRLD,141.02000427246094,141.02000427246094,141.02000427246094,139.7899932861328,140.4250030517578,1620.0
2024-04-24 09:50:00,WSBC,28.290000915527344,28.290000915527344,28.290000915527344,28.139999389648438,28.139999389648438,1269.0
2024-04-24 09:50:00,WSC,37.58000183105469,37.58000183105469,37.58000183105469,37.58000183105469,37.58000183105469,1275.0
2024-04-24 09:50:00,WSFS,44.5099983215332,44.5099983215332,44.5099983215332,44.5099983215332,44.5099983215332,713.0
2024-04-24 09:50:00,WTFC,99.72000122070312,99.72000122070312,99.72000122070312,99.58999633789062,99.62000274658203,1785.0
2024-04-24 09:50:00,WTFCM,23.899999618530273,23.899999618530273,23.899999618530273,23.899999618530273,23.899999618530273,200.0
2024-04-24 09:50:00,WW,1.690000057220459,1.690000057220459,1.6999000310897827,1.690000057220459,1.6999000310897827,1630.0
2024-04-24 09:50:00,WYNN,98.72000122070312,98.72000122070312,98.72000122070312,98.50499725341797,98.62999725341797,2785.0
2024-04-24 09:50:00,XEL,54.86000061035156,54.86000061035156,54.86000061035156,54.7599983215332,54.7599983215332,13109.0
2024-04-24 09:50:00,XERS,1.75,1.75,1.7599999904632568,1.75,1.75,2505.0
2024-04-24 09:50:00,XFOR,1.2450000047683716,1.2450000047683716,1.2450000047683716,1.2450000047683716,1.2450000047683716,1005.0
2024-04-24 09:50:00,XLO,1.0099999904632568,1.0099999904632568,1.0099999904632568,1.0099999904632568,1.0099999904632568,4276.0
2024-04-24 09:50:00,XMTR,17.040000915527344,17.040000915527344,17.040000915527344,17.0,17.0,1359.0
2024-04-24 09:50:00,XP,20.524999618530273,20.524999618530273,20.524999618530273,20.5,20.5049991607666,6174.0
2024-04-24 09:50:00,XRX,14.510000228881836,14.510000228881836,14.545000076293945,14.470000267028809,14.529999732971191,11419.0
2024-04-24 09:50:00,YQ,2.75,2.75,2.75,2.75,2.75,821.0
2024-04-24 09:50:00,YTEN,0.2500999867916107,0.2500999867916107,0.2500999867916107,0.2500999867916107,0.2500999867916107,3601.0
2024-04-24 09:50:00,Z,44.33000183105469,44.33000183105469,44.349998474121094,44.290000915527344,44.290000915527344,9490.0
2024-04-24 09:50:00,ZCMD,1.6699999570846558,1.6699999570846558,1.6699999570846558,1.6699999570846558,1.6699999570846558,2528.0
2024-04-24 09:50:00,ZI,15.920000076293945,15.920000076293945,15.925000190734863,15.899999618530273,15.904999732971191,4774.0
2024-04-24 09:50:00,ZION,42.11000061035156,42.11000061035156,42.150001525878906,42.11000061035156,42.13999938964844,2950.0
2024-04-24 09:50:00,ZLAB,15.90999984741211,15.90999984741211,15.944999694824219,15.90999984741211,15.944999694824219,772.0
2024-04-24 09:50:00,ZM,61.97600173950195,61.97600173950195,62.0099983215332,61.959999084472656,61.97999954223633,10565.0
2024-04-24 09:50:00,ZS,180.72999572753906,180.72999572753906,180.8300018310547,180.47450256347656,180.7050018310547,3766.0
2024-04-24 09:51:00,COCO,23.81999969482422,23.81999969482422,23.81999969482422,23.81999969482422,23.81999969482422,1180.0
2024-04-24 09:51:00,ETNB,8.739999771118164,8.739999771118164,8.739999771118164,8.739999771118164,8.739999771118164,523.0
2024-04-24 09:51:00,FDMT,25.145000457763672,25.145000457763672,25.145000457763672,25.145000457763672,25.145000457763672,200.0
2024-04-24 09:51:00,FEAM,1.1699999570846558,1.1699999570846558,1.1699999570846558,1.1399999856948853,1.1399999856948853,4487.0
2024-04-24 09:51:00,FREE,4.824999809265137,4.824999809265137,4.824999809265137,4.820000171661377,4.820000171661377,11662.0
2024-04-24 09:51:00,MAPS,1.090000033378601,1.090000033378601,1.090000033378601,1.0850000381469727,1.0850000381469727,1233.0
2024-04-24 09:51:00,ME,0.47200000286102295,0.47200000286102295,0.47200000286102295,0.47200000286102295,0.47200000286102295,102.0
2024-04-24 09:51:00,SRCE,50.290000915527344,50.290000915527344,50.290000915527344,50.290000915527344,50.290000915527344,218.0
2024-04-24 09:51:00,TSVT,4.5096001625061035,4.5096001625061035,4.5096001625061035,4.5096001625061035,4.5096001625061035,235.0
2024-04-24 09:51:00,TWOU,0.2451000064611435,0.2451000064611435,0.2451000064611435,0.2451000064611435,0.2451000064611435,1582.0
2024-04-24 09:51:00,TXG,27.545000076293945,27.545000076293945,27.545000076293945,27.479999542236328,27.5,5600.0
2024-04-24 09:51:00,VABK,25.170000076293945,25.170000076293945,26.125,25.170000076293945,26.125,1185.0
2024-04-24 09:51:00,VCTR,49.400001525878906,49.400001525878906,49.45000076293945,49.08000183105469,49.08000183105469,1771.0
2024-04-24 09:51:00,VERU,1.3049999475479126,1.3049999475479126,1.3049999475479126,1.2999999523162842,1.3049999475479126,3984.0
2024-04-24 09:51:00,VERV,6.835000038146973,6.835000038146973,6.840000152587891,6.815000057220459,6.815000057220459,606.0
2024-04-24 09:51:00,VERX,28.8799991607666,28.8799991607666,28.90999984741211,28.844999313354492,28.8700008392334,7227.0
2024-04-24 09:51:00,VFF,1.3200000524520874,1.3200000524520874,1.3200000524520874,1.309999942779541,1.3118000030517578,3544.0
2024-04-24 09:51:00,VFS,2.5569000244140625,2.5569000244140625,2.5569000244140625,2.549999952316284,2.555000066757202,5882.0
2024-04-24 09:51:00,VIAV,8.0,8.0,8.0,8.0,8.0,131.0
2024-04-24 09:51:00,VICR,35.98500061035156,35.98500061035156,35.98500061035156,35.529998779296875,35.75,868.0
2024-04-24 09:51:00,VIRC,10.604999542236328,10.604999542236328,10.604999542236328,10.604999542236328,10.604999542236328,1078.0
2024-04-24 09:51:00,VIRT,22.639999389648438,22.639999389648438,22.649999618530273,22.530000686645508,22.579999923706055,6172.0
2024-04-24 09:51:00,VIRX,0.875,0.875,0.875,0.875,0.875,400.0
2024-04-24 09:51:00,VITL,26.549999237060547,26.549999237060547,26.549999237060547,26.479999542236328,26.479999542236328,1356.0
2024-04-24 09:51:00,VIVK,1.7798999547958374,1.7798999547958374,1.7798999547958374,1.7798999547958374,1.7798999547958374,150.0
2024-04-24 09:51:00,VKTX,67.3499984741211,67.3499984741211,67.38369750976562,66.79000091552734,66.79000091552734,24339.0
2024-04-24 09:51:00,VLCN,0.2797999978065491,0.2797999978065491,0.2797999978065491,0.2689000070095062,0.2689000070095062,7950.0
2024-04-24 09:51:00,VNET,1.5199999809265137,1.5199999809265137,1.5199999809265137,1.5099999904632568,1.5099999904632568,11264.0
2024-04-24 09:51:00,VNOM,39.869998931884766,39.869998931884766,39.88999938964844,39.869998931884766,39.88999938964844,751.0
2024-04-24 09:51:00,VOD,8.555000305175781,8.555000305175781,8.5600004196167,8.555000305175781,8.5600004196167,13094.0
2024-04-24 09:51:00,VRNA,15.404999732971191,15.404999732971191,15.404999732971191,15.404999732971191,15.404999732971191,347.0
2024-04-24 09:51:00,VRRM,24.350000381469727,24.350000381469727,24.350000381469727,24.350000381469727,24.350000381469727,608.0
2024-04-24 09:51:00,VRTS,231.14999389648438,231.14999389648438,231.14999389648438,231.14999389648438,231.14999389648438,933.0
2024-04-24 09:51:00,VRTX,405.9800109863281,405.9800109863281,406.3599853515625,405.9800109863281,406.3599853515625,3545.0
2024-04-24 09:51:00,VSAT,16.239999771118164,16.239999771118164,16.239999771118164,16.239999771118164,16.239999771118164,235.0
2024-04-24 09:51:00,VTNR,1.5850000381469727,1.5850000381469727,1.590000033378601,1.5850000381469727,1.5850000381469727,0.0
2024-04-24 09:51:00,VTRS,11.300000190734863,11.300000190734863,11.300000190734863,11.279999732971191,11.289999961853027,15385.0
2024-04-24 09:51:00,VTSI,12.15999984741211,12.15999984741211,12.15999984741211,12.140000343322754,12.140000343322754,505.0
2024-04-24 09:51:00,VUZI,1.3200000524520874,1.3200000524520874,1.3200000524520874,1.2999999523162842,1.2999999523162842,2276.0
2024-04-24 09:51:00,VVPR,3.5599000453948975,3.5599000453948975,3.5599000453948975,3.5599000453948975,3.5599000453948975,417.0
2024-04-24 09:51:00,WAFD,28.204999923706055,28.204999923706055,28.204999923706055,28.204999923706055,28.204999923706055,202.0
2024-04-24 09:51:00,WALD,5.255000114440918,5.255000114440918,5.255000114440918,5.255000114440918,5.255000114440918,102.0
2024-04-24 09:51:00,WASH,26.015499114990234,26.015499114990234,26.059999465942383,26.015499114990234,26.059999465942383,410.0
2024-04-24 09:51:00,WB,8.430000305175781,8.430000305175781,8.430000305175781,8.400099754333496,8.404999732971191,4305.0
2024-04-24 09:51:00,WBA,17.844999313354492,17.844999313354492,17.899799346923828,17.844999313354492,17.879899978637695,169760.0
2024-04-24 09:51:00,WBD,8.28499984741211,8.28499984741211,8.300000190734863,8.28499984741211,8.300000190734863,30923.0
2024-04-24 09:51:00,WDAY,257.1199951171875,257.1199951171875,257.30999755859375,257.1199951171875,257.1499938964844,1031.0
2024-04-24 09:51:00,WDC,70.98500061035156,70.98500061035156,71.25499725341797,70.98500061035156,71.2300033569336,21077.0
2024-04-24 09:51:00,WEN,19.84000015258789,19.84000015258789,19.844999313354492,19.829999923706055,19.829999923706055,1578.0
2024-04-24 09:51:00,WERN,35.4900016784668,35.4900016784668,35.4900016784668,35.4900016784668,35.4900016784668,452.0
2024-04-24 09:51:00,WFRD,124.875,124.875,125.08499908447266,124.75,125.08499908447266,1885.0
2024-04-24 09:51:00,WIMI,0.8648999929428101,0.8648999929428101,0.8648999929428101,0.84170001745224,0.8499000072479248,28028.0
2024-04-24 09:51:00,WING,366.06500244140625,366.06500244140625,366.06500244140625,366.06500244140625,366.06500244140625,139.0
2024-04-24 09:51:00,WISA,5.579999923706055,5.579999923706055,5.579999923706055,5.519999980926514,5.521599769592285,5983.0
2024-04-24 09:51:00,WIX,125.2699966430664,125.2699966430664,125.2699966430664,125.2699966430664,125.2699966430664,853.0
2024-04-24 09:51:00,WKHS,0.16060000658035278,0.16060000658035278,0.16060000658035278,0.16060000658035278,0.16060000658035278,10614.0
2024-04-24 09:51:00,WKME,7.989999771118164,7.989999771118164,7.989999771118164,7.989999771118164,7.989999771118164,421.0
2024-04-24 09:51:00,WSBF,11.899999618530273,11.899999618530273,11.899999618530273,11.899999618530273,11.899999618530273,361.0
2024-04-24 09:51:00,WSC,37.72999954223633,37.72999954223633,37.72999954223633,37.72999954223633,37.72999954223633,200.0
2024-04-24 09:51:00,WTFC,99.51499938964844,99.51499938964844,99.66500091552734,99.51499938964844,99.66500091552734,375.0
2024-04-24 09:51:00,WTFCM,23.8799991607666,23.8799991607666,23.8799991607666,23.8799991607666,23.8799991607666,51.0
2024-04-24 09:51:00,WW,1.690000057220459,1.690000057220459,1.690000057220459,1.690000057220459,1.690000057220459,1569.0
2024-04-24 09:51:00,WYNN,98.63999938964844,98.63999938964844,98.7300033569336,98.63999938964844,98.72000122070312,1067.0
2024-04-24 09:51:00,XEL,54.88999938964844,54.88999938964844,54.88999938964844,54.849998474121094,54.8650016784668,4840.0
2024-04-24 09:51:00,XERS,1.7549999952316284,1.7549999952316284,1.7549999952316284,1.7549999952316284,1.7549999952316284,651.0
2024-04-24 09:51:00,XMTR,17.084999084472656,17.084999084472656,17.084999084472656,17.084999084472656,17.084999084472656,142.0
2024-04-24 09:51:00,XP,20.56999969482422,20.56999969482422,20.56999969482422,20.520000457763672,20.520000457763672,24903.0
2024-04-24 09:51:00,XRX,14.479999542236328,14.479999542236328,14.520000457763672,14.470000267028809,14.520000457763672,11461.0
2024-04-24 09:51:00,YTRA,1.3380999565124512,1.3380999565124512,1.3380999565124512,1.3300000429153442,1.3300000429153442,1456.0
2024-04-24 09:51:00,Z,44.29999923706055,44.29999923706055,44.34989929199219,44.29999923706055,44.31999969482422,7793.0
2024-04-24 09:51:00,ZD,51.880001068115234,51.880001068115234,51.88999938964844,51.880001068115234,51.88999938964844,1234.0
2024-04-24 09:51:00,ZI,15.904999732971191,15.904999732971191,15.90999984741211,15.904999732971191,15.90999984741211,2477.0
2024-04-24 09:51:00,ZION,42.02000045776367,42.02000045776367,42.150001525878906,42.02000045776367,42.13999938964844,4893.0
2024-04-24 09:51:00,ZIONO,25.454200744628906,25.454200744628906,25.454200744628906,25.454200744628906,25.454200744628906,277.0
2024-04-24 09:51:00,ZLAB,15.949999809265137,15.949999809265137,15.970000267028809,15.9399995803833,15.9399995803833,1132.0
2024-04-24 09:51:00,ZM,61.93000030517578,61.93000030517578,62.0,61.91999816894531,61.97999954223633,5263.0
2024-04-24 09:51:00,ZS,180.50999450683594,180.50999450683594,180.75999450683594,180.50999450683594,180.75999450683594,3314.0
2024-04-24 09:51:00,ZURA,3.4000000953674316,3.4000000953674316,3.4200000762939453,3.4000000953674316,3.4200000762939453,1562.0
2024-04-24 09:51:00,ZVSA,0.5824999809265137,0.5824999809265137,0.5899999737739563,0.5824999809265137,0.5873000025749207,1596.0
2024-04-24 09:51:00,ZYME,8.569999694824219,8.569999694824219,8.569999694824219,8.569999694824219,8.569999694824219,316.0
2024-04-24 09:51:00,ZYXI,11.479999542236328,11.479999542236328,11.479999542236328,11.4399995803833,11.468899726867676,3289.0
2024-04-24 09:52:00,DIBS,5.360000133514404,5.360000133514404,5.360000133514404,5.360000133514404,5.360000133514404,431.0
2024-04-24 09:52:00,EGHT,2.2850000858306885,2.2850000858306885,2.2850000858306885,2.2850000858306885,2.2850000858306885,2868.0
2024-04-24 09:52:00,ETNB,8.760000228881836,8.760000228881836,8.760000228881836,8.739999771118164,8.739999771118164,1408.0
2024-04-24 09:52:00,FDMT,25.149999618530273,25.149999618530273,25.25,25.145000457763672,25.145000457763672,1936.0
2024-04-24 09:52:00,FREE,4.820000171661377,4.820000171661377,4.820000171661377,4.820000171661377,4.820000171661377,1671.0
2024-04-24 09:52:00,MAPS,1.090000033378601,1.090000033378601,1.100000023841858,1.090000033378601,1.100000023841858,602.0
2024-04-24 09:52:00,MASS,5.679999828338623,5.679999828338623,5.679999828338623,5.630000114440918,5.639999866485596,1223.0
2024-04-24 09:52:00,ME,0.4740999937057495,0.4740999937057495,0.4740999937057495,0.4729999899864197,0.4740999937057495,4022.0
2024-04-24 09:52:00,TSVT,4.510000228881836,4.510000228881836,4.519999980926514,4.510000228881836,4.510000228881836,840.0
2024-04-24 09:52:00,TXG,27.540000915527344,27.540000915527344,27.549999237060547,27.4950008392334,27.510000228881836,2717.0
2024-04-24 09:52:00,VC,111.38500213623047,111.38500213623047,111.63999938964844,111.38500213623047,111.62999725341797,3334.0
2024-04-24 09:52:00,VCTR,49.314998626708984,49.314998626708984,49.560001373291016,49.314998626708984,49.540000915527344,7947.0
2024-04-24 09:52:00,VERU,1.309999942779541,1.309999942779541,1.309999942779541,1.309999942779541,1.309999942779541,0.0
2024-04-24 09:52:00,VERV,6.809999942779541,6.809999942779541,6.809999942779541,6.809999942779541,6.809999942779541,675.0
2024-04-24 09:52:00,VERX,28.829999923706055,28.829999923706055,28.850000381469727,28.729999542236328,28.850000381469727,45916.0
2024-04-24 09:52:00,VFF,1.309999942779541,1.309999942779541,1.3200000524520874,1.309999942779541,1.3200000524520874,793.0
2024-04-24 09:52:00,VFS,2.565000057220459,2.565000057220459,2.565000057220459,2.5596001148223877,2.5596001148223877,13472.0
2024-04-24 09:52:00,VIAV,8.010000228881836,8.010000228881836,8.010000228881836,8.0,8.0,3312.0
2024-04-24 09:52:00,VIR,8.119999885559082,8.119999885559082,8.119999885559082,8.100000381469727,8.100000381469727,852.0
2024-04-24 09:52:00,VIRC,10.675000190734863,10.675000190734863,10.675000190734863,10.675000190734863,10.675000190734863,0.0
2024-04-24 09:52:00,VIRT,22.674999237060547,22.674999237060547,22.674999237060547,22.635000228881836,22.639999389648438,5726.0
2024-04-24 09:52:00,VITL,26.575000762939453,26.575000762939453,26.575000762939453,26.565000534057617,26.565000534057617,973.0
2024-04-24 09:52:00,VIVK,1.7201000452041626,1.7201000452041626,1.7201000452041626,1.715000033378601,1.715000033378601,2501.0
2024-04-24 09:52:00,VKTX,67.13500213623047,67.13500213623047,67.30999755859375,67.05999755859375,67.24500274658203,9336.0
2024-04-24 09:52:00,VLCN,0.27079999446868896,0.27079999446868896,0.27970001101493835,0.27079999446868896,0.27970001101493835,5436.0
2024-04-24 09:52:00,VMAR,0.5200999975204468,0.5200999975204468,0.5590000152587891,0.5200999975204468,0.5590000152587891,3199.0
2024-04-24 09:52:00,VMEO,3.559999942779541,3.559999942779541,3.559999942779541,3.5450000762939453,3.5450000762939453,4002.0
2024-04-24 09:52:00,VNOM,39.95000076293945,39.95000076293945,39.95000076293945,39.95000076293945,39.95000076293945,313.0
2024-04-24 09:52:00,VOD,8.5600004196167,8.5600004196167,8.5600004196167,8.555000305175781,8.5600004196167,2750.0
2024-04-24 09:52:00,VOR,1.850000023841858,1.850000023841858,1.850000023841858,1.850000023841858,1.850000023841858,1107.0
2024-04-24 09:52:00,VRDN,14.239999771118164,14.239999771118164,14.239999771118164,14.239999771118164,14.239999771118164,1356.0
2024-04-24 09:52:00,VRM,12.055000305175781,12.055000305175781,12.055000305175781,12.055000305175781,12.055000305175781,719.0
2024-04-24 09:52:00,VRNA,15.449999809265137,15.449999809265137,15.449999809265137,15.404999732971191,15.404999732971191,1675.0
2024-04-24 09:52:00,VRRM,24.360000610351562,24.360000610351562,24.360000610351562,24.359500885009766,24.359500885009766,677.0
2024-04-24 09:52:00,VRTX,406.4700012207031,406.4700012207031,406.4700012207031,406.4700012207031,406.4700012207031,780.0
2024-04-24 09:52:00,VSAT,16.260000228881836,16.260000228881836,16.260000228881836,16.260000228881836,16.260000228881836,533.0
2024-04-24 09:52:00,VTGN,4.78000020980835,4.78000020980835,4.78000020980835,4.78000020980835,4.78000020980835,1088.0
2024-04-24 09:52:00,VTNR,1.6150000095367432,1.6150000095367432,1.6150000095367432,1.590000033378601,1.590000033378601,34693.0
2024-04-24 09:52:00,VTRS,11.289999961853027,11.289999961853027,11.3100004196167,11.28499984741211,11.300000190734863,5756.0
2024-04-24 09:52:00,VUZI,1.3200000524520874,1.3200000524520874,1.3200000524520874,1.3200000524520874,1.3200000524520874,3922.0
2024-04-24 09:52:00,VVPR,3.559999942779541,3.559999942779541,3.559999942779541,3.5299999713897705,3.5299999713897705,940.0
2024-04-24 09:52:00,VYGR,7.610000133514404,7.610000133514404,7.614999771118164,7.610000133514404,7.614999771118164,453.0
2024-04-24 09:52:00,WB,8.390000343322754,8.390000343322754,8.4399995803833,8.390000343322754,8.4399995803833,13922.0
2024-04-24 09:52:00,WBA,17.84000015258789,17.84000015258789,17.86989974975586,17.84000015258789,17.850000381469727,91431.0
2024-04-24 09:52:00,WBD,8.295000076293945,8.295000076293945,8.3100004196167,8.280099868774414,8.28499984741211,108483.0
2024-04-24 09:52:00,WBUY,0.3325999975204468,0.3325999975204468,0.3325999975204468,0.3325999975204468,0.3325999975204468,1901.0
2024-04-24 09:52:00,WDAY,257.17498779296875,257.17498779296875,257.3500061035156,257.1099853515625,257.1099853515625,2695.0
2024-04-24 09:52:00,WDC,70.97000122070312,70.97000122070312,71.05999755859375,70.76000213623047,71.01000213623047,12261.0
2024-04-24 09:52:00,WEN,19.843000411987305,19.843000411987305,19.84779930114746,19.84000015258789,19.84000015258789,1632.0
2024-04-24 09:52:00,WERN,35.57500076293945,35.57500076293945,35.57500076293945,35.57500076293945,35.57500076293945,200.0
2024-04-24 09:52:00,WEST,9.880000114440918,9.880000114440918,9.90999984741211,9.880000114440918,9.899999618530273,570.0
2024-04-24 09:52:00,WFRD,124.08999633789062,124.08999633789062,125.01499938964844,124.08999633789062,125.0,14680.0
2024-04-24 09:52:00,WIMI,0.8500000238418579,0.8500000238418579,0.864799976348877,0.8500000238418579,0.8647000193595886,39872.0
2024-04-24 09:52:00,WING,365.42999267578125,365.42999267578125,366.5199890136719,365.42999267578125,366.5199890136719,2074.0
2024-04-24 09:52:00,WISA,5.570000171661377,5.570000171661377,5.599999904632568,5.510000228881836,5.590000152587891,2815.0
2024-04-24 09:52:00,WKHS,0.16060000658035278,0.16060000658035278,0.1607999950647354,0.16060000658035278,0.1607999950647354,360.0
2024-04-24 09:52:00,WMG,32.18000030517578,32.18000030517578,32.189998626708984,32.15999984741211,32.15999984741211,8692.0
2024-04-24 09:52:00,WSC,37.73099899291992,37.73099899291992,37.75,37.73099899291992,37.75,501.0
2024-04-24 09:52:00,WSFS,44.470001220703125,44.470001220703125,44.560001373291016,44.470001220703125,44.55500030517578,1277.0
2024-04-24 09:52:00,WTW,264.04998779296875,264.04998779296875,264.04998779296875,263.8900146484375,263.8900146484375,1975.0
2024-04-24 09:52:00,WW,1.6900999546051025,1.6900999546051025,1.7000000476837158,1.6799999475479126,1.6799999475479126,36143.0
2024-04-24 09:52:00,WWD,150.94500732421875,150.94500732421875,150.94500732421875,150.94500732421875,150.94500732421875,935.0
2024-04-24 09:52:00,WYNN,98.43499755859375,98.43499755859375,98.7300033569336,98.43499755859375,98.72000122070312,11528.0
2024-04-24 09:52:00,XEL,54.88029861450195,54.88029861450195,54.95000076293945,54.88029861450195,54.915000915527344,14170.0
2024-04-24 09:52:00,XERS,1.7549999952316284,1.7549999952316284,1.7549999952316284,1.7549999952316284,1.7549999952316284,442.0
2024-04-24 09:52:00,XFOR,1.2417999505996704,1.2417999505996704,1.25,1.2417999505996704,1.25,3883.0
2024-04-24 09:52:00,XNCR,18.299999237060547,18.299999237060547,18.299999237060547,18.290000915527344,18.290000915527344,1522.0
2024-04-24 09:52:00,XP,20.530000686645508,20.530000686645508,20.565000534057617,20.520000457763672,20.565000534057617,15532.0
2024-04-24 09:52:00,XRX,14.510000228881836,14.510000228881836,14.520000457763672,14.468299865722656,14.489999771118164,11696.0
2024-04-24 09:52:00,Z,44.220298767089844,44.220298767089844,44.310001373291016,44.21549987792969,44.29999923706055,28762.0
2024-04-24 09:52:00,ZAPP,4.550000190734863,4.550000190734863,4.550000190734863,4.550000190734863,4.550000190734863,354.0
2024-04-24 09:52:00,ZG,43.66999816894531,43.66999816894531,43.77000045776367,43.66999816894531,43.7599983215332,1554.0
2024-04-24 09:52:00,ZI,15.925000190734863,15.925000190734863,15.925000190734863,15.899999618530273,15.90999984741211,4399.0
2024-04-24 09:52:00,ZIMV,16.0049991607666,16.0049991607666,16.010000228881836,16.0049991607666,16.010000228881836,721.0
2024-04-24 09:52:00,ZION,42.0,42.0,42.029998779296875,42.0,42.0099983215332,1722.0
2024-04-24 09:52:00,ZLAB,15.954999923706055,15.954999923706055,16.030000686645508,15.914999961853027,15.914999961853027,8006.0
2024-04-24 09:52:00,ZM,61.97999954223633,61.97999954223633,61.97999954223633,61.93000030517578,61.939998626708984,1855.0
2024-04-24 09:52:00,ZNTL,12.364999771118164,12.364999771118164,12.444999694824219,12.199999809265137,12.380000114440918,23966.0
2024-04-24 09:52:00,ZS,180.47999572753906,180.47999572753906,180.47999572753906,180.2949981689453,180.3000030517578,3207.0
2024-04-24 09:52:00,ZURA,3.369999885559082,3.369999885559082,3.4100000858306885,3.369999885559082,3.4019999504089355,2193.0
2024-04-24 09:53:00,EGHT,2.2950000762939453,2.2950000762939453,2.297499895095825,2.2899999618530273,2.2899999618530273,11635.0
2024-04-24 09:53:00,ETNB,8.770000457763672,8.770000457763672,8.770000457763672,8.760000228881836,8.770000457763672,962.0
2024-04-24 09:53:00,FEAM,1.149999976158142,1.149999976158142,1.1649999618530273,1.149999976158142,1.1649999618530273,5631.0
2024-04-24 09:53:00,FREE,4.820000171661377,4.820000171661377,4.824999809265137,4.820000171661377,4.824999809265137,1307.0
2024-04-24 09:53:00,MAPS,1.100000023841858,1.100000023841858,1.100000023841858,1.100000023841858,1.100000023841858,100.0
2024-04-24 09:53:00,ME,0.47279998660087585,0.47279998660087585,0.4729999899864197,0.47279998660087585,0.4729999899864197,774.0
2024-04-24 09:53:00,SRCE,50.524600982666016,50.524600982666016,50.524600982666016,50.524600982666016,50.524600982666016,1401.0
2024-04-24 09:53:00,TWOU,0.24400000274181366,0.24400000274181366,0.24500000476837158,0.24199999868869781,0.24199999868869781,2267.0
2024-04-24 09:53:00,TXG,27.600000381469727,27.600000381469727,27.600000381469727,27.549999237060547,27.55500030517578,4229.0
2024-04-24 09:53:00,VCTR,49.165000915527344,49.165000915527344,49.165000915527344,49.029998779296875,49.150001525878906,3188.0
2024-04-24 09:53:00,VERU,1.3049999475479126,1.3049999475479126,1.309999942779541,1.3049999475479126,1.309999942779541,200.0
2024-04-24 09:53:00,VERV,6.849999904632568,6.849999904632568,6.849999904632568,6.849999904632568,6.849999904632568,903.0
2024-04-24 09:53:00,VERX,28.8799991607666,28.8799991607666,28.90999984741211,28.864999771118164,28.864999771118164,16452.0
2024-04-24 09:53:00,VFS,2.569999933242798,2.569999933242798,2.575000047683716,2.5673000812530518,2.5673000812530518,16115.0
2024-04-24 09:53:00,VIAV,7.994999885559082,7.994999885559082,8.005000114440918,7.989999771118164,8.005000114440918,4620.0
2024-04-24 09:53:00,VICR,35.974998474121094,35.974998474121094,35.974998474121094,35.7599983215332,35.7599983215332,226.0
2024-04-24 09:53:00,VINC,0.9799000024795532,0.9799000024795532,0.9799000024795532,0.9799000024795532,0.9799000024795532,3031.0
2024-04-24 09:53:00,VIR,8.109999656677246,8.109999656677246,8.109999656677246,8.109999656677246,8.109999656677246,808.0
2024-04-24 09:53:00,VIRT,22.614999771118164,22.614999771118164,22.690000534057617,22.600000381469727,22.665000915527344,8942.0
2024-04-24 09:53:00,VITL,26.61989974975586,26.61989974975586,26.65999984741211,26.61989974975586,26.6200008392334,6232.0
2024-04-24 09:53:00,VIVK,1.6698999404907227,1.6698999404907227,1.6698999404907227,1.659999966621399,1.6690000295639038,6796.0
2024-04-24 09:53:00,VKTX,67.29940032958984,67.29940032958984,67.30000305175781,67.05000305175781,67.17440032958984,14051.0
2024-04-24 09:53:00,VNET,1.5149999856948853,1.5149999856948853,1.5149999856948853,1.5149999856948853,1.5149999856948853,100.0
2024-04-24 09:53:00,VNOM,39.97999954223633,39.97999954223633,39.97999954223633,39.97999954223633,39.97999954223633,1332.0
2024-04-24 09:53:00,VOD,8.555000305175781,8.555000305175781,8.5600004196167,8.555000305175781,8.5600004196167,1080.0
2024-04-24 09:53:00,VRRM,24.3700008392334,24.3700008392334,24.3700008392334,24.3700008392334,24.3700008392334,767.0
2024-04-24 09:53:00,VRTX,405.55999755859375,405.55999755859375,406.05499267578125,405.55999755859375,406.05499267578125,1552.0
2024-04-24 09:53:00,VSAT,16.274999618530273,16.274999618530273,16.290000915527344,16.264999389648438,16.28499984741211,2473.0
2024-04-24 09:53:00,VSME,0.4050999879837036,0.4050999879837036,0.4050999879837036,0.4050999879837036,0.4050999879837036,8800.0
2024-04-24 09:53:00,VTNR,1.6150000095367432,1.6150000095367432,1.6197999715805054,1.6150000095367432,1.6194000244140625,8765.0
2024-04-24 09:53:00,VTRS,11.295000076293945,11.295000076293945,11.295000076293945,11.28499984741211,11.28499984741211,2330.0
2024-04-24 09:53:00,VTSI,12.225000381469727,12.225000381469727,12.225000381469727,12.119999885559082,12.119999885559082,323.0
2024-04-24 09:53:00,VUZI,1.3200000524520874,1.3200000524520874,1.3200000524520874,1.3152999877929688,1.3152999877929688,4383.0
2024-04-24 09:53:00,VYGR,7.622499942779541,7.622499942779541,7.622499942779541,7.622499942779541,7.622499942779541,211.0
2024-04-24 09:53:00,WAFD,28.209999084472656,28.209999084472656,28.209999084472656,28.209999084472656,28.209999084472656,528.0
2024-04-24 09:53:00,WASH,26.079999923706055,26.079999923706055,26.079999923706055,26.079999923706055,26.079999923706055,689.0
2024-04-24 09:53:00,WB,8.38949966430664,8.38949966430664,8.38949966430664,8.385000228881836,8.385000228881836,1128.0
2024-04-24 09:53:00,WBA,17.885000228881836,17.885000228881836,17.90999984741211,17.844999313354492,17.844999313354492,43765.0
2024-04-24 09:53:00,WBD,8.295000076293945,8.295000076293945,8.30840015411377,8.292499542236328,8.296600341796875,35415.0
2024-04-24 09:53:00,WDAY,257.2799987792969,257.2799987792969,257.4599914550781,257.18499755859375,257.18499755859375,4981.0
2024-04-24 09:53:00,WDC,70.9000015258789,70.9000015258789,71.01000213623047,70.87000274658203,70.91000366210938,18054.0
2024-04-24 09:53:00,WEN,19.86750030517578,19.86750030517578,19.86750030517578,19.842500686645508,19.842500686645508,1060.0
2024-04-24 09:53:00,WERN,35.61000061035156,35.61000061035156,35.61000061035156,35.57500076293945,35.57500076293945,445.0
2024-04-24 09:53:00,WFRD,124.47000122070312,124.47000122070312,124.5999984741211,124.44999694824219,124.4800033569336,3233.0
2024-04-24 09:53:00,WHLR,0.14000000059604645,0.14000000059604645,0.14000000059604645,0.14000000059604645,0.14000000059604645,900.0
2024-04-24 09:53:00,WIMI,0.8536999821662903,0.8536999821662903,0.8574000000953674,0.8500000238418579,0.8536999821662903,6887.0
2024-04-24 09:53:00,WING,364.510009765625,364.510009765625,364.510009765625,364.510009765625,364.510009765625,764.0
2024-04-24 09:53:00,WISA,5.550000190734863,5.550000190734863,5.55810022354126,5.550000190734863,5.550000190734863,683.0
2024-04-24 09:53:00,WKHS,0.16249999403953552,0.16249999403953552,0.16249999403953552,0.16060000658035278,0.16060000658035278,356957.0
2024-04-24 09:53:00,WMG,32.310001373291016,32.310001373291016,32.33000183105469,32.18000030517578,32.18000030517578,5688.0
2024-04-24 09:53:00,WPRT,5.809999942779541,5.809999942779541,5.809999942779541,5.809999942779541,5.809999942779541,216.0
2024-04-24 09:53:00,WSC,37.81999969482422,37.81999969482422,37.81999969482422,37.7599983215332,37.7599983215332,1846.0
2024-04-24 09:53:00,WSFS,44.5,44.5,44.5,44.5,44.5,285.0
2024-04-24 09:53:00,WTW,264.3500061035156,264.3500061035156,264.3500061035156,264.3500061035156,264.3500061035156,438.0
2024-04-24 09:53:00,WVE,5.050000190734863,5.050000190734863,5.050000190734863,5.03000020980835,5.03000020980835,1042.0
2024-04-24 09:53:00,WW,1.6799999475479126,1.6799999475479126,1.6950000524520874,1.6799999475479126,1.6950000524520874,11473.0
2024-04-24 09:53:00,WYNN,98.42500305175781,98.42500305175781,98.43499755859375,98.37000274658203,98.43499755859375,1227.0
2024-04-24 09:53:00,XEL,54.880001068115234,54.880001068115234,54.8849983215332,54.849998474121094,54.880001068115234,10884.0
2024-04-24 09:53:00,XERS,1.7599999904632568,1.7599999904632568,1.7599999904632568,1.7549999952316284,1.7549999952316284,889.0
2024-04-24 09:53:00,XFOR,1.2497999668121338,1.2497999668121338,1.2497999668121338,1.2400000095367432,1.2479000091552734,16837.0
2024-04-24 09:53:00,XLO,1.0499999523162842,1.0499999523162842,1.059999942779541,1.0499999523162842,1.0499999523162842,1875.0
2024-04-24 09:53:00,XMTR,17.149900436401367,17.149900436401367,17.149900436401367,17.1200008392334,17.149900436401367,1319.0
2024-04-24 09:53:00,XP,20.5049991607666,20.5049991607666,20.530000686645508,20.5,20.530000686645508,6130.0
2024-04-24 09:53:00,XRX,14.500100135803223,14.500100135803223,14.529999732971191,14.5,14.529999732971191,5950.0
2024-04-24 09:53:00,Z,44.220001220703125,44.220001220703125,44.29999923706055,44.220001220703125,44.2400016784668,42208.0
2024-04-24 09:53:00,ZAPP,4.567599773406982,4.567599773406982,4.567599773406982,4.567599773406982,4.567599773406982,889.0
2024-04-24 09:53:00,ZCMD,1.6299999952316284,1.6299999952316284,1.6349999904632568,1.6299999952316284,1.6349999904632568,749.0
2024-04-24 09:53:00,ZG,43.689998626708984,43.689998626708984,43.75,43.68000030517578,43.72999954223633,3172.0
2024-04-24 09:53:00,ZI,15.920000076293945,15.920000076293945,15.930000305175781,15.920000076293945,15.92199993133545,6692.0
2024-04-24 09:53:00,ZION,42.04059982299805,42.04059982299805,42.06999969482422,42.02000045776367,42.040000915527344,5375.0
2024-04-24 09:53:00,ZLAB,16.06999969482422,16.06999969482422,16.06999969482422,15.970000267028809,16.020000457763672,2077.0
2024-04-24 09:53:00,ZM,62.09000015258789,62.09000015258789,62.099998474121094,61.994998931884766,62.0,8669.0
2024-04-24 09:53:00,ZS,180.9499969482422,180.9499969482422,180.9600067138672,180.60000610351562,180.60000610351562,2338.0
2024-04-24 09:53:00,ZVSA,0.5824999809265137,0.5824999809265137,0.5893999934196472,0.5824999809265137,0.5893999934196472,1885.0
2024-04-24 09:53:00,ZYME,8.579999923706055,8.579999923706055,8.579999923706055,8.579999923706055,8.579999923706055,200.0
2024-04-24 09:54:00,AIXI,1.3188999891281128,1.3188999891281128,1.3188999891281128,1.2999999523162842,1.2999999523162842,4429.0
2024-04-24 09:54:00,COCO,23.829999923706055,23.829999923706055,23.84000015258789,23.829999923706055,23.84000015258789,715.0
2024-04-24 09:54:00,DIBS,5.389999866485596,5.389999866485596,5.389999866485596,5.360000133514404,5.360000133514404,2210.0
2024-04-24 09:54:00,ETNB,8.789999961853027,8.789999961853027,8.789999961853027,8.789999961853027,8.789999961853027,506.0
2024-04-24 09:54:00,FREE,4.824999809265137,4.824999809265137,4.824999809265137,4.820000171661377,4.820000171661377,639.0
2024-04-24 09:54:00,MAPS,1.0800000429153442,1.0800000429153442,1.0960999727249146,1.0800000429153442,1.090000033378601,2200.0
2024-04-24 09:54:00,ME,0.47200000286102295,0.47200000286102295,0.47269999980926514,0.47200000286102295,0.47269999980926514,3645.0
2024-04-24 09:54:00,SCWO,1.3385000228881836,1.3385000228881836,1.3385000228881836,1.3385000228881836,1.3385000228881836,95.0
2024-04-24 09:54:00,TSVT,4.509900093078613,4.509900093078613,4.509900093078613,4.5,4.5,484.0
2024-04-24 09:54:00,TXG,27.559999465942383,27.559999465942383,27.579999923706055,27.559999465942383,27.579999923706055,565.0
2024-04-24 09:54:00,VABK,24.889999389648438,24.889999389648438,24.889999389648438,24.889999389648438,24.889999389648438,1701.0
2024-04-24 09:54:00,VCTR,49.16999816894531,49.16999816894531,49.25,49.150001525878906,49.150001525878906,1105.0
2024-04-24 09:54:00,VERU,1.2999999523162842,1.2999999523162842,1.309999942779541,1.2999999523162842,1.309999942779541,5547.0
2024-04-24 09:54:00,VERV,6.840000152587891,6.840000152587891,6.840000152587891,6.840000152587891,6.840000152587891,400.0
2024-04-24 09:54:00,VERX,29.014999389648438,29.014999389648438,29.1200008392334,28.90999984741211,28.90999984741211,11679.0
2024-04-24 09:54:00,VFF,1.3176000118255615,1.3176000118255615,1.3200000524520874,1.309999942779541,1.319000005722046,6209.0
2024-04-24 09:54:00,VFS,2.5676000118255615,2.5676000118255615,2.579900026321411,2.5676000118255615,2.575000047683716,10303.0
2024-04-24 09:54:00,VIAV,7.994999885559082,7.994999885559082,7.994999885559082,7.994999885559082,7.994999885559082,982.0
2024-04-24 09:54:00,VICR,35.59640121459961,35.59640121459961,35.59640121459961,35.59640121459961,35.59640121459961,646.0
2024-04-24 09:54:00,VIR,8.140000343322754,8.140000343322754,8.140000343322754,8.140000343322754,8.140000343322754,739.0
2024-04-24 09:54:00,VIRC,10.539999961853027,10.539999961853027,10.5600004196167,10.539999961853027,10.5600004196167,300.0
2024-04-24 09:54:00,VIRT,22.6299991607666,22.6299991607666,22.6299991607666,22.56999969482422,22.579999923706055,2489.0
2024-04-24 09:54:00,VITL,26.690000534057617,26.690000534057617,26.690000534057617,26.690000534057617,26.690000534057617,591.0
2024-04-24 09:54:00,VIVK,1.666599988937378,1.666599988937378,1.6699999570846558,1.666599988937378,1.6699999570846558,5320.0
2024-04-24 09:54:00,VKTX,66.93000030517578,66.93000030517578,67.25499725341797,66.93000030517578,67.19000244140625,7707.0
2024-04-24 09:54:00,VLCN,0.2750999927520752,0.2750999927520752,0.2750999927520752,0.27079999446868896,0.27079999446868896,2263.0
2024-04-24 09:54:00,VMEO,3.555000066757202,3.555000066757202,3.555000066757202,3.555000066757202,3.555000066757202,1311.0
2024-04-24 09:54:00,VNET,1.5099999904632568,1.5099999904632568,1.5099999904632568,1.5099999904632568,1.5099999904632568,100.0
2024-04-24 09:54:00,VOD,8.550000190734863,8.550000190734863,8.550000190734863,8.550000190734863,8.550000190734863,3621.0
2024-04-24 09:54:00,VRDN,14.180000305175781,14.180000305175781,14.180000305175781,14.180000305175781,14.180000305175781,172.0
2024-04-24 09:54:00,VRRM,24.399999618530273,24.399999618530273,24.405000686645508,24.399999618530273,24.405000686645508,779.0
2024-04-24 09:54:00,VRTX,405.2900085449219,405.2900085449219,405.3612976074219,405.2900085449219,405.3612976074219,3251.0
2024-04-24 09:54:00,VSAT,16.299999237060547,16.299999237060547,16.299999237060547,16.27090072631836,16.27090072631836,3111.0
2024-04-24 09:54:00,VTNR,1.600000023841858,1.600000023841858,1.61899995803833,1.600000023841858,1.617799997329712,14227.0
2024-04-24 09:54:00,VTRS,11.29170036315918,11.29170036315918,11.295000076293945,11.29170036315918,11.295000076293945,1543.0
2024-04-24 09:54:00,VYGR,7.599999904632568,7.599999904632568,7.599999904632568,7.599999904632568,7.599999904632568,649.0
2024-04-24 09:54:00,WB,8.404999732971191,8.404999732971191,8.404999732971191,8.399999618530273,8.399999618530273,524.0
2024-04-24 09:54:00,WBA,17.889999389648438,17.889999389648438,17.895000457763672,17.885000228881836,17.889999389648438,49347.0
2024-04-24 09:54:00,WBD,8.300000190734863,8.300000190734863,8.305000305175781,8.28499984741211,8.295000076293945,90566.0
2024-04-24 09:54:00,WDAY,257.2149963378906,257.2149963378906,257.2799987792969,257.18499755859375,257.2799987792969,982.0
2024-04-24 09:54:00,WDC,70.91000366210938,70.91000366210938,70.97000122070312,70.83999633789062,70.8949966430664,14321.0
2024-04-24 09:54:00,WEN,19.885000228881836,19.885000228881836,19.889999389648438,19.860000610351562,19.860000610351562,5352.0
2024-04-24 09:54:00,WERN,35.61000061035156,35.61000061035156,35.61000061035156,35.59000015258789,35.59000015258789,735.0
2024-04-24 09:54:00,WEST,9.899999618530273,9.899999618530273,9.899999618530273,9.899999618530273,9.899999618530273,536.0
2024-04-24 09:54:00,WFRD,124.12249755859375,124.12249755859375,124.24500274658203,124.05999755859375,124.19999694824219,2896.0
2024-04-24 09:54:00,WIMI,0.8598999977111816,0.8598999977111816,0.8598999977111816,0.8574000000953674,0.8574000000953674,11337.0
2024-04-24 09:54:00,WISA,5.630000114440918,5.630000114440918,5.630000114440918,5.574999809265137,5.579999923706055,7558.0
2024-04-24 09:54:00,WIX,124.51000213623047,124.51000213623047,124.51000213623047,124.51000213623047,124.51000213623047,200.0
2024-04-24 09:54:00,WKHS,0.16179999709129333,0.16179999709129333,0.16249999403953552,0.1615000069141388,0.1615000069141388,178678.0
2024-04-24 09:54:00,WKME,7.96999979019165,7.96999979019165,7.96999979019165,7.96999979019165,7.96999979019165,432.0
2024-04-24 09:54:00,WLDN,28.0,28.0,28.0,28.0,28.0,282.0
2024-04-24 09:54:00,WLGS,0.5922999978065491,0.5922999978065491,0.5922999978065491,0.5922999978065491,0.5922999978065491,2359.0
2024-04-24 09:54:00,WMG,32.41999816894531,32.41999816894531,32.41999816894531,32.30500030517578,32.30500030517578,2660.0
2024-04-24 09:54:00,WNEB,6.677999973297119,6.677999973297119,6.71999979019165,6.677999973297119,6.71999979019165,301.0
2024-04-24 09:54:00,WSBC,28.420000076293945,28.420000076293945,28.420000076293945,28.3799991607666,28.3799991607666,1796.0
2024-04-24 09:54:00,WSC,37.72999954223633,37.72999954223633,37.83000183105469,37.72999954223633,37.83000183105469,1985.0
2024-04-24 09:54:00,WSFS,44.630001068115234,44.630001068115234,44.630001068115234,44.630001068115234,44.630001068115234,326.0
2024-04-24 09:54:00,WTFC,99.6050033569336,99.6050033569336,99.83999633789062,99.6050033569336,99.83999633789062,235.0
2024-04-24 09:54:00,WW,1.690000057220459,1.690000057220459,1.690000057220459,1.6806000471115112,1.6806000471115112,13928.0
2024-04-24 09:54:00,WYNN,98.37000274658203,98.37000274658203,98.40560150146484,98.3499984741211,98.40560150146484,1064.0
2024-04-24 09:54:00,XEL,54.90999984741211,54.90999984741211,54.90999984741211,54.85499954223633,54.869998931884766,9007.0
2024-04-24 09:54:00,XERS,1.7549999952316284,1.7549999952316284,1.7549999952316284,1.7545000314712524,1.7549999952316284,3200.0
2024-04-24 09:54:00,XLO,1.0700000524520874,1.0700000524520874,1.0700000524520874,1.0700000524520874,1.0700000524520874,1954.0
2024-04-24 09:54:00,XP,20.520000457763672,20.520000457763672,20.520000457763672,20.5,20.5,4746.0
2024-04-24 09:54:00,XRX,14.529999732971191,14.529999732971191,14.550000190734863,14.510000228881836,14.510000228881836,6637.0
2024-04-24 09:54:00,Z,44.130001068115234,44.130001068115234,44.22999954223633,44.130001068115234,44.220001220703125,16045.0
2024-04-24 09:54:00,ZD,51.7599983215332,51.7599983215332,51.7599983215332,51.75,51.75,1636.0
2024-04-24 09:54:00,ZG,43.65999984741211,43.65999984741211,43.65999984741211,43.65999984741211,43.65999984741211,138.0
2024-04-24 09:54:00,ZI,15.920000076293945,15.920000076293945,15.920000076293945,15.904999732971191,15.909799575805664,1268.0
2024-04-24 09:54:00,ZIMV,15.975000381469727,15.975000381469727,15.975000381469727,15.975000381469727,15.975000381469727,200.0
2024-04-24 09:54:00,ZION,42.1442985534668,42.1442985534668,42.1442985534668,42.04999923706055,42.060001373291016,1171.0
2024-04-24 09:54:00,ZM,62.1150016784668,62.1150016784668,62.12919998168945,62.084999084472656,62.09000015258789,4860.0
2024-04-24 09:54:00,ZS,180.55999755859375,180.55999755859375,180.7100067138672,180.55499267578125,180.7100067138672,7788.0
2024-04-24 09:54:00,ZURA,3.450000047683716,3.450000047683716,3.450000047683716,3.450000047683716,3.450000047683716,1830.0
2024-04-24 09:54:00,ZYME,8.619999885559082,8.619999885559082,8.619999885559082,8.550000190734863,8.569999694824219,6539.0
2024-04-24 09:55:00,COCO,23.84000015258789,23.84000015258789,23.84000015258789,23.84000015258789,23.84000015258789,1146.0
2024-04-24 09:55:00,DIBS,5.440000057220459,5.440000057220459,5.480000019073486,5.369999885559082,5.369999885559082,6328.0
2024-04-24 09:55:00,EGHT,2.2899999618530273,2.2899999618530273,2.2899999618530273,2.2899999618530273,2.2899999618530273,1218.0
2024-04-24 09:55:00,ETNB,8.792499542236328,8.792499542236328,8.8100004196167,8.792499542236328,8.8100004196167,462.0
2024-04-24 09:55:00,FLWS,9.229999542236328,9.229999542236328,9.229999542236328,9.229999542236328,9.229999542236328,308.0
2024-04-24 09:55:00,FREE,4.820000171661377,4.820000171661377,4.820000171661377,4.820000171661377,4.820000171661377,0.0
2024-04-24 09:55:00,MAPS,1.100000023841858,1.100000023841858,1.100000023841858,1.100000023841858,1.100000023841858,200.0
2024-04-24 09:55:00,ME,0.4724000096321106,0.4724000096321106,0.47269999980926514,0.4722999930381775,0.4722999930381775,9730.0
2024-04-24 09:55:00,SEAT,5.840000152587891,5.840000152587891,5.840000152587891,5.840000152587891,5.840000152587891,1615.0
2024-04-24 09:55:00,TSVT,4.499899864196777,4.499899864196777,4.499899864196777,4.480000019073486,4.489999771118164,638.0
2024-04-24 09:55:00,TWOU,0.24410000443458557,0.24410000443458557,0.24469999969005585,0.24410000443458557,0.24469999969005585,13404.0
2024-04-24 09:55:00,TXG,27.549999237060547,27.549999237060547,27.6200008392334,27.540000915527344,27.6200008392334,3553.0
2024-04-24 09:55:00,VC,111.16999816894531,111.16999816894531,111.16999816894531,111.16999816894531,111.16999816894531,1094.0
2024-04-24 09:55:00,VCTR,49.150001525878906,49.150001525878906,49.18000030517578,49.09000015258789,49.18000030517578,2760.0
2024-04-24 09:55:00,VERU,1.2999999523162842,1.2999999523162842,1.2999999523162842,1.2899999618530273,1.2899999618530273,2130.0
2024-04-24 09:55:00,VERV,6.840000152587891,6.840000152587891,6.849999904632568,6.840000152587891,6.849999904632568,1046.0
2024-04-24 09:55:00,VERX,29.079999923706055,29.079999923706055,29.079999923706055,29.049100875854492,29.049999237060547,8049.0
2024-04-24 09:55:00,VFF,1.309999942779541,1.309999942779541,1.309999942779541,1.309999942779541,1.309999942779541,0.0
2024-04-24 09:55:00,VFS,2.5599000453948975,2.5599000453948975,2.565000057220459,2.5599000453948975,2.565000057220459,5708.0
2024-04-24 09:55:00,VIA,10.84000015258789,10.84000015258789,10.84000015258789,10.84000015258789,10.84000015258789,971.0
2024-04-24 09:55:00,VIAV,7.994999885559082,7.994999885559082,7.994999885559082,7.989999771118164,7.989999771118164,3235.0
2024-04-24 09:55:00,VICR,35.755001068115234,35.755001068115234,35.91999816894531,35.755001068115234,35.91999816894531,237.0
2024-04-24 09:55:00,VIR,8.164999961853027,8.164999961853027,8.164999961853027,8.164999961853027,8.164999961853027,1796.0
2024-04-24 09:55:00,VIRT,22.64080047607422,22.64080047607422,22.670000076293945,22.635000228881836,22.635000228881836,6890.0
2024-04-24 09:55:00,VITL,26.690000534057617,26.690000534057617,26.73859977722168,26.690000534057617,26.73859977722168,5036.0
2024-04-24 09:55:00,VIVK,1.7229000329971313,1.7229000329971313,1.7229000329971313,1.7229000329971313,1.7229000329971313,0.0
2024-04-24 09:55:00,VKTX,66.70050048828125,66.70050048828125,67.16339874267578,66.61009979248047,67.12999725341797,14597.0
2024-04-24 09:55:00,VLCN,0.2705000042915344,0.2705000042915344,0.27090001106262207,0.27000001072883606,0.27090001106262207,23952.0
2024-04-24 09:55:00,VMD,8.116999626159668,8.116999626159668,8.119999885559082,8.079999923706055,8.100000381469727,2959.0
2024-04-24 09:55:00,VNET,1.5149999856948853,1.5149999856948853,1.5149999856948853,1.5099999904632568,1.5099999904632568,1181.0
2024-04-24 09:55:00,VOD,8.5600004196167,8.5600004196167,8.5600004196167,8.555000305175781,8.559900283813477,8105.0
2024-04-24 09:55:00,VRCA,6.659999847412109,6.659999847412109,6.659999847412109,6.659999847412109,6.659999847412109,1400.0
2024-04-24 09:55:00,VRDN,14.180000305175781,14.180000305175781,14.210000038146973,14.180000305175781,14.210000038146973,1163.0
2024-04-24 09:55:00,VRRM,24.395000457763672,24.395000457763672,24.405000686645508,24.389999389648438,24.395000457763672,2408.0
2024-04-24 09:55:00,VSAT,16.399999618530273,16.399999618530273,16.399999618530273,16.295000076293945,16.295000076293945,27766.0
2024-04-24 09:55:00,VTNR,1.6095000505447388,1.6095000505447388,1.6100000143051147,1.600100040435791,1.6100000143051147,10274.0
2024-04-24 09:55:00,VUZI,1.3350000381469727,1.3350000381469727,1.3350000381469727,1.3250000476837158,1.3300000429153442,4242.0
2024-04-24 09:55:00,VVPR,3.559999942779541,3.559999942779541,3.559999942779541,3.559999942779541,3.559999942779541,2036.0
2024-04-24 09:55:00,WB,8.404999732971191,8.404999732971191,8.404999732971191,8.404999732971191,8.404999732971191,569.0
2024-04-24 09:55:00,WBA,17.889999389648438,17.889999389648438,17.905000686645508,17.8799991607666,17.889999389648438,84253.0
2024-04-24 09:55:00,WBD,8.295000076293945,8.295000076293945,8.300000190734863,8.28950023651123,8.300000190734863,56961.0
2024-04-24 09:55:00,WDAY,257.20001220703125,257.20001220703125,257.4150085449219,257.20001220703125,257.2449951171875,5113.0
2024-04-24 09:55:00,WDC,70.82499694824219,70.82499694824219,70.88999938964844,70.82499694824219,70.87999725341797,4392.0
2024-04-24 09:55:00,WEN,19.864999771118164,19.864999771118164,19.8799991607666,19.864999771118164,19.8799991607666,3260.0
2024-04-24 09:55:00,WERN,35.54999923706055,35.54999923706055,35.59000015258789,35.54999923706055,35.59000015258789,944.0
2024-04-24 09:55:00,WFRD,124.18000030517578,124.18000030517578,124.48999786376953,124.0,124.0,19947.0
2024-04-24 09:55:00,WIMI,0.8510000109672546,0.8510000109672546,0.8598999977111816,0.8503999710083008,0.8598999977111816,40238.0
2024-04-24 09:55:00,WING,364.0249938964844,364.0249938964844,364.04998779296875,364.0249938964844,364.04998779296875,948.0
2024-04-24 09:55:00,WISA,5.769999980926514,5.769999980926514,5.800000190734863,5.599999904632568,5.635000228881836,59576.0
2024-04-24 09:55:00,WIX,124.80999755859375,124.80999755859375,124.87000274658203,124.80999755859375,124.82499694824219,1790.0
2024-04-24 09:55:00,WKHS,0.16249999403953552,0.16249999403953552,0.16249999403953552,0.16189999878406525,0.16189999878406525,46229.0
2024-04-24 09:55:00,WMG,32.3849983215332,32.3849983215332,32.3849983215332,32.34000015258789,32.34000015258789,2512.0
2024-04-24 09:55:00,WRLD,140.5800018310547,140.5800018310547,141.55999755859375,139.8000030517578,139.8699951171875,1021.0
2024-04-24 09:55:00,WSBF,11.899999618530273,11.899999618530273,11.899999618530273,11.890000343322754,11.890000343322754,2332.0
2024-04-24 09:55:00,WSFS,44.630001068115234,44.630001068115234,44.63999938964844,44.630001068115234,44.63999938964844,787.0
2024-04-24 09:55:00,WTFC,99.70999908447266,99.70999908447266,99.70999908447266,99.70999908447266,99.70999908447266,338.0
2024-04-24 09:55:00,WTW,264.5,264.5,264.5,264.5,264.5,483.0
2024-04-24 09:55:00,WW,1.690000057220459,1.690000057220459,1.690000057220459,1.6899000406265259,1.6899000406265259,441.0
2024-04-24 09:55:00,WYNN,98.32499694824219,98.32499694824219,98.32499694824219,98.32499694824219,98.32499694824219,1120.0
2024-04-24 09:55:00,XBP,1.284999966621399,1.284999966621399,1.284999966621399,1.284999966621399,1.284999966621399,6493.0
2024-04-24 09:55:00,XEL,54.900001525878906,54.900001525878906,54.93000030517578,54.900001525878906,54.91999816894531,14498.0
2024-04-24 09:55:00,XERS,1.7549999952316284,1.7549999952316284,1.7549999952316284,1.7549999952316284,1.7549999952316284,201.0
2024-04-24 09:55:00,XFOR,1.246999979019165,1.246999979019165,1.246999979019165,1.24590003490448,1.24590003490448,2190.0
2024-04-24 09:55:00,XLO,1.0700000524520874,1.0700000524520874,1.0700000524520874,1.0700000524520874,1.0700000524520874,157.0
2024-04-24 09:55:00,XNET,1.5799000263214111,1.5799000263214111,1.5799000263214111,1.5799000263214111,1.5799000263214111,1010.0
2024-04-24 09:55:00,XP,20.530000686645508,20.530000686645508,20.530000686645508,20.514999389648438,20.530000686645508,9346.0
2024-04-24 09:55:00,XRX,14.460100173950195,14.460100173950195,14.539999961853027,14.460100173950195,14.539899826049805,25116.0
2024-04-24 09:55:00,YS,0.8199999928474426,0.8199999928474426,0.8199999928474426,0.8199999928474426,0.8199999928474426,1155.0
2024-04-24 09:55:00,YTEN,0.2433999925851822,0.2433999925851822,0.2433999925851822,0.2433999925851822,0.2433999925851822,2120.0
2024-04-24 09:55:00,Z,44.1150016784668,44.1150016784668,44.1150016784668,44.1150016784668,44.1150016784668,1529.0
2024-04-24 09:55:00,ZBRA,279.239990234375,279.239990234375,279.239990234375,279.239990234375,279.239990234375,484.0
2024-04-24 09:55:00,ZCMD,1.6399999856948853,1.6399999856948853,1.6399999856948853,1.6399999856948853,1.6399999856948853,647.0
2024-04-24 09:55:00,ZG,43.5,43.5,43.560001373291016,43.5,43.560001373291016,778.0
2024-04-24 09:55:00,ZI,15.914999961853027,15.914999961853027,15.925000190734863,15.90999984741211,15.925000190734863,3775.0
2024-04-24 09:55:00,ZIMV,15.949999809265137,15.949999809265137,15.970000267028809,15.949999809265137,15.970000267028809,444.0
2024-04-24 09:55:00,ZION,42.09000015258789,42.09000015258789,42.11000061035156,42.04999923706055,42.11000061035156,1584.0
2024-04-24 09:55:00,ZLAB,15.975000381469727,15.975000381469727,16.059999465942383,15.975000381469727,16.059999465942383,2036.0
2024-04-24 09:55:00,ZM,62.060001373291016,62.060001373291016,62.130001068115234,62.040000915527344,62.125,8534.0
2024-04-24 09:55:00,ZS,180.4541015625,180.4541015625,180.63999938964844,180.42999267578125,180.5500030517578,4317.0
2024-04-24 09:55:00,ZURA,3.4700000286102295,3.4700000286102295,3.4700000286102295,3.4700000286102295,3.4700000286102295,356.0
2024-04-24 09:55:00,ZVSA,0.588100016117096,0.588100016117096,0.588100016117096,0.588100016117096,0.588100016117096,2028.0
2024-04-24 09:55:00,ZYME,8.630000114440918,8.630000114440918,8.630000114440918,8.630000114440918,8.630000114440918,2371.0
2024-04-24 09:56:00,DIBS,5.380000114440918,5.380000114440918,5.480000019073486,5.380000114440918,5.480000019073486,7817.0
2024-04-24 09:56:00,DSP,8.920000076293945,8.920000076293945,8.960000038146973,8.920000076293945,8.960000038146973,967.0
2024-04-24 09:56:00,EGHT,2.2850000858306885,2.2850000858306885,2.2850000858306885,2.2850000858306885,2.2850000858306885,933.0
2024-04-24 09:56:00,ETNB,8.800000190734863,8.800000190734863,8.800000190734863,8.792499542236328,8.792499542236328,130.0
2024-04-24 09:56:00,FDMT,25.114999771118164,25.114999771118164,25.114999771118164,25.114999771118164,25.114999771118164,150.0
2024-04-24 09:56:00,HOWL,6.630000114440918,6.630000114440918,6.630000114440918,6.630000114440918,6.630000114440918,230.0
2024-04-24 09:56:00,MAPS,1.100000023841858,1.100000023841858,1.100000023841858,1.100000023841858,1.100000023841858,100.0
2024-04-24 09:56:00,ME,0.4724000096321106,0.4724000096321106,0.4724000096321106,0.47200000286102295,0.47200000286102295,16056.0
2024-04-24 09:56:00,SCWO,1.340000033378601,1.340000033378601,1.340000033378601,1.340000033378601,1.340000033378601,647.0
2024-04-24 09:56:00,TSVT,4.519999980926514,4.519999980926514,4.519999980926514,4.489999771118164,4.489999771118164,2613.0
2024-04-24 09:56:00,TXG,27.549999237060547,27.549999237060547,27.559999465942383,27.549999237060547,27.549999237060547,1604.0
2024-04-24 09:56:00,VANI,1.7999999523162842,1.7999999523162842,1.7999999523162842,1.7999999523162842,1.7999999523162842,332.0
2024-04-24 09:56:00,VC,110.93000030517578,110.93000030517578,110.93000030517578,110.93000030517578,110.93000030517578,798.0
2024-04-24 09:56:00,VCTR,49.400001525878906,49.400001525878906,49.400001525878906,49.22999954223633,49.2599983215332,1504.0
2024-04-24 09:56:00,VERU,1.2999999523162842,1.2999999523162842,1.2999999523162842,1.2999999523162842,1.2999999523162842,0.0
2024-04-24 09:56:00,VERV,6.829999923706055,6.829999923706055,6.829999923706055,6.829999923706055,6.829999923706055,686.0
2024-04-24 09:56:00,VERX,29.06999969482422,29.06999969482422,29.189199447631836,29.011199951171875,29.1299991607666,26520.0
2024-04-24 09:56:00,VFF,1.3200000524520874,1.3200000524520874,1.3200000524520874,1.3200000524520874,1.3200000524520874,600.0
2024-04-24 09:56:00,VFS,2.5450000762939453,2.5450000762939453,2.5590999126434326,2.5399999618530273,2.549999952316284,16635.0
2024-04-24 09:56:00,VIAV,8.010000228881836,8.010000228881836,8.010000228881836,8.0,8.0,1409.0
2024-04-24 09:56:00,VICR,35.459999084472656,35.459999084472656,35.55339813232422,35.459999084472656,35.54999923706055,1842.0
2024-04-24 09:56:00,VINC,0.9868999719619751,0.9868999719619751,0.9868999719619751,0.9868999719619751,0.9868999719619751,1389.0
2024-04-24 09:56:00,VIR,8.170000076293945,8.170000076293945,8.170000076293945,8.170000076293945,8.170000076293945,240.0
2024-04-24 09:56:00,VIRT,22.459999084472656,22.459999084472656,22.639999389648438,22.459999084472656,22.635000228881836,10807.0
2024-04-24 09:56:00,VITL,26.850000381469727,26.850000381469727,26.850000381469727,26.739900588989258,26.739900588989258,3398.0
2024-04-24 09:56:00,VIVK,1.7300000190734863,1.7300000190734863,1.7699999809265137,1.7300000190734863,1.7699999809265137,612.0
2024-04-24 09:56:00,VKTX,66.67980194091797,66.67980194091797,66.67980194091797,66.5,66.5739974975586,1338.0
2024-04-24 09:56:00,VLCN,0.2671000063419342,0.2671000063419342,0.27000001072883606,0.26660001277923584,0.27000001072883606,57878.0
2024-04-24 09:56:00,VMD,8.119999885559082,8.119999885559082,8.119999885559082,8.079999923706055,8.079999923706055,0.0
2024-04-24 09:56:00,VMEO,3.549999952316284,3.549999952316284,3.549999952316284,3.549999952316284,3.549999952316284,209.0
2024-04-24 09:56:00,VNET,1.5103000402450562,1.5103000402450562,1.5103000402450562,1.5099999904632568,1.5099999904632568,1077.0
2024-04-24 09:56:00,VOD,8.5649995803833,8.5649995803833,8.5649995803833,8.5600004196167,8.563400268554688,5962.0
2024-04-24 09:56:00,VRDN,14.170000076293945,14.170000076293945,14.170000076293945,14.164999961853027,14.164999961853027,322.0
2024-04-24 09:56:00,VRRM,24.399999618530273,24.399999618530273,24.399999618530273,24.389999389648438,24.389999389648438,204.0
2024-04-24 09:56:00,VSAT,16.30500030517578,16.30500030517578,16.389999389648438,16.299999237060547,16.389999389648438,4351.0
2024-04-24 09:56:00,VTNR,1.5950000286102295,1.5950000286102295,1.6117000579833984,1.5950000286102295,1.6098999977111816,20841.0
2024-04-24 09:56:00,VTRS,11.305000305175781,11.305000305175781,11.3100004196167,11.300000190734863,11.300000190734863,3055.0
2024-04-24 09:56:00,VUZI,1.340000033378601,1.340000033378601,1.340000033378601,1.340000033378601,1.340000033378601,2086.0
2024-04-24 09:56:00,VYGR,7.599999904632568,7.599999904632568,7.599999904632568,7.599999904632568,7.599999904632568,597.0
2024-04-24 09:56:00,WB,8.395000457763672,8.395000457763672,8.40999984741211,8.395000457763672,8.404999732971191,2348.0
2024-04-24 09:56:00,WBA,17.8799991607666,17.8799991607666,17.899999618530273,17.875,17.899999618530273,84886.0
2024-04-24 09:56:00,WBD,8.284000396728516,8.284000396728516,8.300000190734863,8.279999732971191,8.295000076293945,51573.0
2024-04-24 09:56:00,WDAY,256.4549865722656,256.4549865722656,257.0199890136719,256.4549865722656,257.0199890136719,2731.0
2024-04-24 09:56:00,WDC,70.53500366210938,70.53500366210938,70.79000091552734,70.52999877929688,70.7699966430664,14363.0
2024-04-24 09:56:00,WEN,19.885000228881836,19.885000228881836,19.889999389648438,19.864999771118164,19.864999771118164,5169.0
2024-04-24 09:56:00,WFRD,124.98999786376953,124.98999786376953,124.98999786376953,124.2477035522461,124.2477035522461,3417.0
2024-04-24 09:56:00,WIMI,0.8646000027656555,0.8646000027656555,0.8646000027656555,0.8500999808311462,0.8500999808311462,4799.0
2024-04-24 09:56:00,WISA,5.800000190734863,5.800000190734863,5.809899806976318,5.75,5.799900054931641,47103.0
2024-04-24 09:56:00,WIX,124.66000366210938,124.66000366210938,124.87999725341797,124.66000366210938,124.87999725341797,783.0
2024-04-24 09:56:00,WKHS,0.1624000072479248,0.1624000072479248,0.1624000072479248,0.1624000072479248,0.1624000072479248,7738.0
2024-04-24 09:56:00,WMG,32.39500045776367,32.39500045776367,32.43000030517578,32.39500045776367,32.43000030517578,1026.0
2024-04-24 09:56:00,WRLD,142.0,142.0,142.0,140.67999267578125,141.93499755859375,1757.0
2024-04-24 09:56:00,WSBC,28.280000686645508,28.280000686645508,28.3700008392334,28.280000686645508,28.3700008392334,1649.0
2024-04-24 09:56:00,WSBF,12.039999961853027,12.039999961853027,12.039999961853027,12.039999961853027,12.039999961853027,173.0
2024-04-24 09:56:00,WSC,37.70000076293945,37.70000076293945,37.720001220703125,37.70000076293945,37.720001220703125,2597.0
2024-04-24 09:56:00,WSFS,44.73500061035156,44.73500061035156,44.73500061035156,44.68000030517578,44.720001220703125,3222.0
2024-04-24 09:56:00,WTW,264.260009765625,264.260009765625,264.4100036621094,264.260009765625,264.4100036621094,479.0
2024-04-24 09:56:00,WW,1.684999942779541,1.684999942779541,1.6897000074386597,1.6800999641418457,1.6897000074386597,5465.0
2024-04-24 09:56:00,WYNN,98.1500015258789,98.1500015258789,98.3499984741211,98.1500015258789,98.33999633789062,2807.0
2024-04-24 09:56:00,XEL,54.84000015258789,54.84000015258789,54.90999984741211,54.83000183105469,54.88999938964844,11501.0
2024-04-24 09:56:00,XERS,1.7549999952316284,1.7549999952316284,1.7549999952316284,1.75,1.75,900.0
2024-04-24 09:56:00,XFOR,1.246999979019165,1.246999979019165,1.25,1.246999979019165,1.25,2006.0
2024-04-24 09:56:00,XLO,1.059999942779541,1.059999942779541,1.059999942779541,1.059999942779541,1.059999942779541,8890.0
2024-04-24 09:56:00,XMTR,17.030000686645508,17.030000686645508,17.06999969482422,17.020000457763672,17.06999969482422,1435.0
2024-04-24 09:56:00,XNCR,18.260000228881836,18.260000228881836,18.260000228881836,18.260000228881836,18.260000228881836,431.0
2024-04-24 09:56:00,XP,20.469999313354492,20.469999313354492,20.530000686645508,20.469999313354492,20.530000686645508,6475.0
2024-04-24 09:56:00,XRX,14.46500015258789,14.46500015258789,14.470000267028809,14.460000038146973,14.460000038146973,3787.0
2024-04-24 09:56:00,XTLB,2.5,2.5,2.5,2.5,2.5,1008.0
2024-04-24 09:56:00,Z,44.060001373291016,44.060001373291016,44.10499954223633,44.0,44.0099983215332,6536.0
2024-04-24 09:56:00,ZCMD,1.659999966621399,1.659999966621399,1.659999966621399,1.659999966621399,1.659999966621399,851.0
2024-04-24 09:56:00,ZG,43.459999084472656,43.459999084472656,43.540000915527344,43.459999084472656,43.540000915527344,1649.0
2024-04-24 09:56:00,ZI,15.895000457763672,15.895000457763672,15.920000076293945,15.875,15.90999984741211,6015.0
2024-04-24 09:56:00,ZION,42.130001068115234,42.130001068115234,42.130001068115234,42.04999923706055,42.08000183105469,1592.0
2024-04-24 09:56:00,ZLAB,15.9399995803833,15.9399995803833,15.9399995803833,15.9399995803833,15.9399995803833,377.0
2024-04-24 09:56:00,ZM,61.97999954223633,61.97999954223633,62.04999923706055,61.974998474121094,62.0099983215332,9876.0
2024-04-24 09:56:00,ZS,179.8699951171875,179.8699951171875,180.08999633789062,179.77999877929688,180.08999633789062,9369.0
2024-04-24 09:56:00,ZUMZ,17.010000228881836,17.010000228881836,17.010000228881836,17.010000228881836,17.010000228881836,996.0
2024-04-24 09:56:00,ZVSA,0.5870000123977661,0.5870000123977661,0.588100016117096,0.5799999833106995,0.588100016117096,2942.0
2024-04-24 09:57:00,COCO,23.89349937438965,23.89349937438965,23.89349937438965,23.89349937438965,23.89349937438965,403.0
2024-04-24 09:57:00,DIBS,5.409999847412109,5.409999847412109,5.420000076293945,5.360000133514404,5.409999847412109,3635.0
2024-04-24 09:57:00,EGHT,2.2850000858306885,2.2850000858306885,2.2850000858306885,2.2850000858306885,2.2850000858306885,10100.0
2024-04-24 09:57:00,ETNB,8.800000190734863,8.800000190734863,8.800000190734863,8.800000190734863,8.800000190734863,527.0
2024-04-24 09:57:00,FDMT,25.081199645996094,25.081199645996094,25.081199645996094,25.081199645996094,25.081199645996094,569.0
2024-04-24 09:57:00,FEAM,1.159999966621399,1.159999966621399,1.159999966621399,1.159999966621399,1.159999966621399,4738.0
2024-04-24 09:57:00,MAPS,1.100000023841858,1.100000023841858,1.100000023841858,1.100000023841858,1.100000023841858,100.0
2024-04-24 09:57:00,MASS,5.664999961853027,5.664999961853027,5.679999828338623,5.664999961853027,5.679999828338623,667.0
2024-04-24 09:57:00,ME,0.4722999930381775,0.4722999930381775,0.4724000096321106,0.4722999930381775,0.4722999930381775,0.0
2024-04-24 09:57:00,TSVT,4.529900074005127,4.529900074005127,4.529900074005127,4.529900074005127,4.529900074005127,139.0
2024-04-24 09:57:00,TWOU,0.24500000476837158,0.24500000476837158,0.2451000064611435,0.24459999799728394,0.24500000476837158,11114.0
2024-04-24 09:57:00,TXG,27.485000610351562,27.485000610351562,27.549999237060547,27.479999542236328,27.549999237060547,5002.0
2024-04-24 09:57:00,VCTR,49.4900016784668,49.4900016784668,49.4900016784668,49.4900016784668,49.4900016784668,201.0
2024-04-24 09:57:00,VERU,1.299299955368042,1.299299955368042,1.2999999523162842,1.299299955368042,1.2999999523162842,2504.0
2024-04-24 09:57:00,VERV,6.829999923706055,6.829999923706055,6.829999923706055,6.829999923706055,6.829999923706055,1016.0
2024-04-24 09:57:00,VERX,29.079999923706055,29.079999923706055,29.079999923706055,28.959999084472656,29.06999969482422,26248.0
2024-04-24 09:57:00,VFF,1.309999942779541,1.309999942779541,1.309999942779541,1.309999942779541,1.309999942779541,100.0
2024-04-24 09:57:00,VFS,2.54010009765625,2.54010009765625,2.5450000762939453,2.5399999618530273,2.5450000762939453,9090.0
2024-04-24 09:57:00,VIAV,8.0,8.0,8.010000228881836,8.0,8.005000114440918,2088.0
2024-04-24 09:57:00,VICR,35.099998474121094,35.099998474121094,35.33000183105469,35.099998474121094,35.2599983215332,3698.0
2024-04-24 09:57:00,VINC,0.9898999929428101,0.9898999929428101,0.9898999929428101,0.9898999929428101,0.9898999929428101,456.0
2024-04-24 09:57:00,VIRT,22.559999465942383,22.559999465942383,22.559999465942383,22.440000534057617,22.459999084472656,16165.0
2024-04-24 09:57:00,VITL,26.829999923706055,26.829999923706055,26.834999084472656,26.790000915527344,26.834999084472656,2430.0
2024-04-24 09:57:00,VIVK,1.7628999948501587,1.7628999948501587,1.7628999948501587,1.7628999948501587,1.7628999948501587,248.0
2024-04-24 09:57:00,VKTX,66.78500366210938,66.78500366210938,66.88999938964844,66.61000061035156,66.61000061035156,3055.0
2024-04-24 09:57:00,VLCN,0.2671000063419342,0.2671000063419342,0.2671000063419342,0.2662999927997589,0.2669999897480011,2014.0
2024-04-24 09:57:00,VMD,8.164999961853027,8.164999961853027,8.164999961853027,8.164999961853027,8.164999961853027,217.0
2024-04-24 09:57:00,VMEO,3.555000066757202,3.555000066757202,3.555000066757202,3.555000066757202,3.555000066757202,112.0
2024-04-24 09:57:00,VOD,8.5649995803833,8.5649995803833,8.5649995803833,8.5600004196167,8.5649995803833,2019.0
2024-04-24 09:57:00,VRDN,14.170000076293945,14.170000076293945,14.180000305175781,14.164999961853027,14.180000305175781,836.0
2024-04-24 09:57:00,VRNA,15.350000381469727,15.350000381469727,15.380000114440918,15.350000381469727,15.380000114440918,2791.0
2024-04-24 09:57:00,VRRM,24.389999389648438,24.389999389648438,24.389999389648438,24.389999389648438,24.389999389648438,558.0
2024-04-24 09:57:00,VRTX,405.5,405.5,405.5,405.5,405.5,969.0
2024-04-24 09:57:00,VSAT,16.260000228881836,16.260000228881836,16.309999465942383,16.260000228881836,16.280000686645508,2762.0
2024-04-24 09:57:00,VTNR,1.6100000143051147,1.6100000143051147,1.6100000143051147,1.5913000106811523,1.5913000106811523,12746.0
2024-04-24 09:57:00,VTRS,11.3100004196167,11.3100004196167,11.3100004196167,11.30370044708252,11.305000305175781,2356.0
2024-04-24 09:57:00,VTSI,12.191399574279785,12.191399574279785,12.191399574279785,12.191399574279785,12.191399574279785,756.0
2024-04-24 09:57:00,VUZI,1.3250000476837158,1.3250000476837158,1.3291000127792358,1.3200000524520874,1.3291000127792358,2230.0
2024-04-24 09:57:00,VYGR,7.610000133514404,7.610000133514404,7.610000133514404,7.599999904632568,7.599999904632568,981.0
2024-04-24 09:57:00,WB,8.395000457763672,8.395000457763672,8.395000457763672,8.392000198364258,8.395000457763672,1037.0
2024-04-24 09:57:00,WBA,17.8700008392334,17.8700008392334,17.899999618530273,17.8700008392334,17.885000228881836,23308.0
2024-04-24 09:57:00,WBD,8.300000190734863,8.300000190734863,8.300000190734863,8.279999732971191,8.28499984741211,67511.0
2024-04-24 09:57:00,WDAY,256.57000732421875,256.57000732421875,256.57000732421875,256.385009765625,256.385009765625,2460.0
2024-04-24 09:57:00,WDC,70.4800033569336,70.4800033569336,70.5,70.3301010131836,70.42009735107422,23556.0
2024-04-24 09:57:00,WEN,19.850000381469727,19.850000381469727,19.8799991607666,19.850000381469727,19.8799991607666,3988.0
2024-04-24 09:57:00,WFRD,124.69999694824219,124.69999694824219,125.08999633789062,124.5999984741211,124.76129913330078,10216.0
2024-04-24 09:57:00,WIMI,0.8560000061988831,0.8560000061988831,0.8646000027656555,0.8501999974250793,0.8572999835014343,21301.0
2024-04-24 09:57:00,WINT,5.059999942779541,5.059999942779541,5.059999942779541,5.005000114440918,5.049900054931641,3351.0
2024-04-24 09:57:00,WISA,6.097799777984619,6.097799777984619,6.150000095367432,5.800000190734863,5.800000190734863,110474.0
2024-04-24 09:57:00,WIX,124.81999969482422,124.81999969482422,124.81999969482422,124.81999969482422,124.81999969482422,603.0
2024-04-24 09:57:00,WKHS,0.1624000072479248,0.1624000072479248,0.16249999403953552,0.16189999878406525,0.16189999878406525,50659.0
2024-04-24 09:57:00,WKSP,0.38100001215934753,0.38100001215934753,0.38100001215934753,0.3799999952316284,0.3799999952316284,2850.0
2024-04-24 09:57:00,WMG,32.470001220703125,32.470001220703125,32.47999954223633,32.39500045776367,32.39500045776367,1734.0
2024-04-24 09:57:00,WRLD,140.88499450683594,140.88499450683594,141.4499969482422,140.61000061035156,141.4499969482422,2994.0
2024-04-24 09:57:00,WSC,37.630001068115234,37.630001068115234,37.66999816894531,37.61000061035156,37.63999938964844,6963.0
2024-04-24 09:57:00,WTFC,99.7699966430664,99.7699966430664,99.94999694824219,99.7699966430664,99.93000030517578,1083.0
2024-04-24 09:57:00,WTW,264.1499938964844,264.1499938964844,264.1499938964844,264.1499938964844,264.1499938964844,1758.0
2024-04-24 09:57:00,WW,1.690000057220459,1.690000057220459,1.690000057220459,1.684999942779541,1.6899000406265259,2020.0
2024-04-24 09:57:00,WWD,150.4499969482422,150.4499969482422,150.52999877929688,150.4499969482422,150.52999877929688,2125.0
2024-04-24 09:57:00,WYNN,98.19999694824219,98.19999694824219,98.19999694824219,98.19999694824219,98.19999694824219,579.0
2024-04-24 09:57:00,XEL,54.95500183105469,54.95500183105469,54.97999954223633,54.84000015258789,54.84000015258789,15409.0
2024-04-24 09:57:00,XERS,1.7450000047683716,1.7450000047683716,1.7549999952316284,1.7450000047683716,1.7549999952316284,36589.0
2024-04-24 09:57:00,XFOR,1.2401000261306763,1.2401000261306763,1.2401000261306763,1.2401000261306763,1.2401000261306763,10080.0
2024-04-24 09:57:00,XLO,1.0605000257492065,1.0605000257492065,1.0605000257492065,1.0605000257492065,1.0605000257492065,0.0
2024-04-24 09:57:00,XNCR,18.299999237060547,18.299999237060547,18.299999237060547,18.280000686645508,18.280000686645508,1957.0
2024-04-24 09:57:00,XP,20.479999542236328,20.479999542236328,20.489999771118164,20.469999313354492,20.479999542236328,8624.0
2024-04-24 09:57:00,XRX,14.489999771118164,14.489999771118164,14.489999771118164,14.460000038146973,14.46500015258789,10850.0
2024-04-24 09:57:00,YMAB,15.270000457763672,15.270000457763672,15.28499984741211,15.260000228881836,15.260000228881836,3739.0
2024-04-24 09:57:00,YTEN,0.2498999983072281,0.2498999983072281,0.2498999983072281,0.2498999983072281,0.2498999983072281,0.0
2024-04-24 09:57:00,Z,44.08000183105469,44.08000183105469,44.1150016784668,44.060001373291016,44.060001373291016,8672.0
2024-04-24 09:57:00,ZBRA,278.9599914550781,278.9599914550781,278.9599914550781,278.8500061035156,278.8500061035156,1520.0
2024-04-24 09:57:00,ZG,43.5,43.5,43.5099983215332,43.5,43.505001068115234,1222.0
2024-04-24 09:57:00,ZI,15.895000457763672,15.895000457763672,15.895000457763672,15.89009952545166,15.89009952545166,3369.0
2024-04-24 09:57:00,ZIMV,16.0,16.0,16.030000686645508,15.979999542236328,15.979999542236328,6196.0
2024-04-24 09:57:00,ZION,42.08000183105469,42.08000183105469,42.130001068115234,42.04999923706055,42.04999923706055,2026.0
2024-04-24 09:57:00,ZLAB,15.869999885559082,15.869999885559082,15.90999984741211,15.869999885559082,15.90999984741211,5711.0
2024-04-24 09:57:00,ZM,61.939998626708984,61.939998626708984,62.04999923706055,61.939998626708984,61.994998931884766,125259.0
2024-04-24 09:57:00,ZS,179.74000549316406,179.74000549316406,179.91000366210938,179.64500427246094,179.85000610351562,5326.0
2024-04-24 09:57:00,ZUMZ,17.040000915527344,17.040000915527344,17.040000915527344,17.040000915527344,17.040000915527344,309.0
2024-04-24 09:57:00,ZURAW,0.3937999904155731,0.3937999904155731,0.44749999046325684,0.3937000036239624,0.41999998688697815,0.0
2024-04-24 09:57:00,ZVRA,4.550000190734863,4.550000190734863,4.550000190734863,4.550000190734863,4.550000190734863,4838.0
2024-04-24 09:57:00,ZVSA,0.5799999833106995,0.5799999833106995,0.5831000208854675,0.5799999833106995,0.5831000208854675,1738.0
2024-04-24 09:57:00,ZYME,8.630000114440918,8.630000114440918,8.630000114440918,8.619999885559082,8.619999885559082,1314.0
2024-04-24 09:58:00,DIBS,5.400000095367432,5.400000095367432,5.400000095367432,5.360000133514404,5.380000114440918,3039.0
2024-04-24 09:58:00,EGHT,2.2799999713897705,2.2799999713897705,2.2799999713897705,2.2799999713897705,2.2799999713897705,4998.0
2024-04-24 09:58:00,ETNB,8.761300086975098,8.761300086975098,8.800000190734863,8.760000228881836,8.789999961853027,1914.0
2024-04-24 09:58:00,FDMT,25.030000686645508,25.030000686645508,25.030000686645508,25.030000686645508,25.030000686645508,912.0
2024-04-24 09:58:00,FEAM,1.1549999713897705,1.1549999713897705,1.1549999713897705,1.1549999713897705,1.1549999713897705,0.0
2024-04-24 09:58:00,MAPS,1.100000023841858,1.100000023841858,1.100000023841858,1.100000023841858,1.100000023841858,26.0
2024-04-24 09:58:00,ME,0.4713999927043915,0.4713999927043915,0.47200000286102295,0.4713999927043915,0.47200000286102295,6337.0
2024-04-24 09:58:00,SEAT,5.84499979019165,5.84499979019165,5.860000133514404,5.84499979019165,5.849999904632568,10246.0
2024-04-24 09:58:00,TSVT,4.490099906921387,4.490099906921387,4.490099906921387,4.490099906921387,4.490099906921387,1790.0
2024-04-24 09:58:00,TWOU,0.24449999630451202,0.24449999630451202,0.24449999630451202,0.24449999630451202,0.24449999630451202,18213.0
2024-04-24 09:58:00,TXG,27.540000915527344,27.540000915527344,27.559999465942383,27.479999542236328,27.479999542236328,3517.0
2024-04-24 09:58:00,VC,111.26499938964844,111.26499938964844,111.30000305175781,110.97000122070312,110.97000122070312,2267.0
2024-04-24 09:58:00,VCTR,49.400001525878906,49.400001525878906,49.49919891357422,49.310001373291016,49.404998779296875,2807.0
2024-04-24 09:58:00,VERV,6.809999942779541,6.809999942779541,6.820000171661377,6.800000190734863,6.820000171661377,2740.0
2024-04-24 09:58:00,VERX,29.05500030517578,29.05500030517578,29.100000381469727,29.040000915527344,29.06999969482422,11077.0
2024-04-24 09:58:00,VFF,1.3300000429153442,1.3300000429153442,1.3300000429153442,1.3200000524520874,1.3200000524520874,410.0
2024-04-24 09:58:00,VFS,2.5316998958587646,2.5316998958587646,2.5450000762939453,2.5299999713897705,2.5450000762939453,4714.0
2024-04-24 09:58:00,VIAV,7.994999885559082,7.994999885559082,7.994999885559082,7.994999885559082,7.994999885559082,1518.0
2024-04-24 09:58:00,VICR,35.099998474121094,35.099998474121094,35.099998474121094,35.099998474121094,35.099998474121094,378.0
2024-04-24 09:58:00,VIR,8.149999618530273,8.149999618530273,8.15999984741211,8.149999618530273,8.15999984741211,1382.0
2024-04-24 09:58:00,VIRC,10.539999961853027,10.539999961853027,10.539999961853027,10.539999961853027,10.539999961853027,255.0
2024-04-24 09:58:00,VIRT,22.56999969482422,22.56999969482422,22.610000610351562,22.530000686645508,22.549999237060547,5230.0
2024-04-24 09:58:00,VITL,26.854999542236328,26.854999542236328,26.854999542236328,26.809999465942383,26.809999465942383,1083.0
2024-04-24 09:58:00,VIVK,1.7575000524520874,1.7575000524520874,1.7899999618530273,1.7575000524520874,1.7899999618530273,411.0
2024-04-24 09:58:00,VKTX,67.08000183105469,67.08000183105469,67.08000183105469,66.7699966430664,66.80699920654297,5313.0
2024-04-24 09:58:00,VLCN,0.2669000029563904,0.2669000029563904,0.2671000063419342,0.26600000262260437,0.2671000063419342,15350.0
2024-04-24 09:58:00,VMD,8.109999656677246,8.109999656677246,8.119999885559082,8.109999656677246,8.119999885559082,1509.0
2024-04-24 09:58:00,VMEO,3.559000015258789,3.559000015258789,3.559000015258789,3.559000015258789,3.559000015258789,733.0
2024-04-24 09:58:00,VNOM,39.970001220703125,39.970001220703125,39.970001220703125,39.93000030517578,39.93000030517578,301.0
2024-04-24 09:58:00,VRRM,24.3700008392334,24.3700008392334,24.3700008392334,24.3700008392334,24.3700008392334,331.0
2024-04-24 09:58:00,VRTX,405.8450012207031,405.8450012207031,405.8450012207031,405.4599914550781,405.4750061035156,2071.0
2024-04-24 09:58:00,VSAT,16.260000228881836,16.260000228881836,16.274999618530273,16.260000228881836,16.274999618530273,994.0
2024-04-24 09:58:00,VTNR,1.6050000190734863,1.6050000190734863,1.6050000190734863,1.6050000190734863,1.6050000190734863,1246.0
2024-04-24 09:58:00,VTRS,11.300000190734863,11.300000190734863,11.3149995803833,11.300000190734863,11.3100004196167,16145.0
2024-04-24 09:58:00,VUZI,1.3250000476837158,1.3250000476837158,1.3250000476837158,1.3250000476837158,1.3250000476837158,400.0
2024-04-24 09:58:00,VVPR,3.5799999237060547,3.5799999237060547,3.5999999046325684,3.565000057220459,3.5899999141693115,9687.0
2024-04-24 09:58:00,WAFD,28.239999771118164,28.239999771118164,28.239999771118164,28.239999771118164,28.239999771118164,101.0
2024-04-24 09:58:00,WB,8.380000114440918,8.380000114440918,8.395000457763672,8.380000114440918,8.39009952545166,1897.0
2024-04-24 09:58:00,WBA,17.875,17.875,17.885000228881836,17.854999542236328,17.8700008392334,123800.0
2024-04-24 09:58:00,WBD,8.304100036621094,8.304100036621094,8.305000305175781,8.290900230407715,8.29990005493164,30844.0
2024-04-24 09:58:00,WDAY,256.3800048828125,256.3800048828125,256.4700012207031,256.3500061035156,256.4649963378906,820.0
2024-04-24 09:58:00,WDC,70.55000305175781,70.55000305175781,70.61000061035156,70.44999694824219,70.5,14701.0
2024-04-24 09:58:00,WEN,19.860000610351562,19.860000610351562,19.860000610351562,19.84000015258789,19.84000015258789,2960.0
2024-04-24 09:58:00,WERN,35.47999954223633,35.47999954223633,35.529998779296875,35.47999954223633,35.529998779296875,945.0
2024-04-24 09:58:00,WFRD,124.00499725341797,124.00499725341797,124.92500305175781,123.98999786376953,124.92500305175781,4731.0
2024-04-24 09:58:00,WHLR,0.14380000531673431,0.14380000531673431,0.14380000531673431,0.14380000531673431,0.14380000531673431,1039.0
2024-04-24 09:58:00,WIMI,0.8579000234603882,0.8579000234603882,0.8579000234603882,0.845300018787384,0.8500999808311462,9328.0
2024-04-24 09:58:00,WISA,6.135000228881836,6.135000228881836,6.149899959564209,5.920000076293945,6.099999904632568,104925.0
2024-04-24 09:58:00,WIX,124.87000274658203,124.87000274658203,124.91999816894531,124.87000274658203,124.91999816894531,817.0
2024-04-24 09:58:00,WKHS,0.16210000216960907,0.16210000216960907,0.16249999403953552,0.16200000047683716,0.16220000386238098,30469.0
2024-04-24 09:58:00,WKME,7.96999979019165,7.96999979019165,7.96999979019165,7.96999979019165,7.96999979019165,302.0
2024-04-24 09:58:00,WMG,32.26499938964844,32.26499938964844,32.470001220703125,32.26499938964844,32.470001220703125,3388.0
2024-04-24 09:58:00,WRAP,2.0199999809265137,2.0199999809265137,2.0199999809265137,2.0199999809265137,2.0199999809265137,2049.0
2024-04-24 09:58:00,WRLD,141.09500122070312,141.09500122070312,141.09500122070312,141.09500122070312,141.09500122070312,512.0
2024-04-24 09:58:00,WSBF,11.880000114440918,11.880000114440918,11.930000305175781,11.880000114440918,11.930000305175781,2099.0
2024-04-24 09:58:00,WSC,37.650001525878906,37.650001525878906,37.650001525878906,37.61000061035156,37.61000061035156,2663.0
2024-04-24 09:58:00,WSFS,44.70000076293945,44.70000076293945,44.70000076293945,44.70000076293945,44.70000076293945,1054.0
2024-04-24 09:58:00,WW,1.684999942779541,1.684999942779541,1.684999942779541,1.684999942779541,1.684999942779541,1522.0
2024-04-24 09:58:00,WYNN,98.08000183105469,98.08000183105469,98.12750244140625,98.08000183105469,98.12750244140625,2255.0
2024-04-24 09:58:00,XEL,55.0099983215332,55.0099983215332,55.025001525878906,54.94499969482422,54.959999084472656,13451.0
2024-04-24 09:58:00,XERS,1.745300054550171,1.745300054550171,1.745300054550171,1.7400000095367432,1.7450000047683716,6215.0
2024-04-24 09:58:00,XFOR,1.2410000562667847,1.2410000562667847,1.2410000562667847,1.2410000562667847,1.2410000562667847,2601.0
2024-04-24 09:58:00,XMTR,17.0,17.0,17.0,17.0,17.0,616.0
2024-04-24 09:58:00,XNCR,18.290000915527344,18.290000915527344,18.290000915527344,18.290000915527344,18.290000915527344,313.0
2024-04-24 09:58:00,XP,20.4950008392334,20.4950008392334,20.4950008392334,20.469999313354492,20.475000381469727,3847.0
2024-04-24 09:58:00,XRX,14.46500015258789,14.46500015258789,14.5,14.460000038146973,14.5,6313.0
2024-04-24 09:58:00,XXII,1.690000057220459,1.690000057220459,1.7000000476837158,1.690000057220459,1.7000000476837158,2028.0
2024-04-24 09:58:00,YMAB,15.295000076293945,15.295000076293945,15.295000076293945,15.260000228881836,15.260000228881836,769.0
2024-04-24 09:58:00,YORW,35.38999938964844,35.38999938964844,35.38999938964844,35.38999938964844,35.38999938964844,856.0
2024-04-24 09:58:00,Z,44.029998779296875,44.029998779296875,44.08000183105469,44.0099983215332,44.08000183105469,5847.0
2024-04-24 09:58:00,ZG,43.4900016784668,43.4900016784668,43.4900016784668,43.439998626708984,43.439998626708984,1043.0
2024-04-24 09:58:00,ZI,15.890000343322754,15.890000343322754,15.895000457763672,15.890000343322754,15.890000343322754,8263.0
2024-04-24 09:58:00,ZIMV,15.9350004196167,15.9350004196167,15.9350004196167,15.9350004196167,15.9350004196167,316.0
2024-04-24 09:58:00,ZION,42.13999938964844,42.13999938964844,42.20000076293945,42.040000915527344,42.09000015258789,11349.0
2024-04-24 09:58:00,ZLAB,15.90999984741211,15.90999984741211,15.90999984741211,15.850000381469727,15.850000381469727,3225.0
2024-04-24 09:58:00,ZM,61.97999954223633,61.97999954223633,61.97999954223633,61.869998931884766,61.915000915527344,14353.0
2024-04-24 09:58:00,ZNTL,12.510000228881836,12.510000228881836,12.510000228881836,12.369999885559082,12.369999885559082,2783.0
2024-04-24 09:58:00,ZS,179.72300720214844,179.72300720214844,179.72300720214844,179.5,179.52999877929688,2286.0
2024-04-24 09:58:00,ZURA,3.450000047683716,3.450000047683716,3.450000047683716,3.450000047683716,3.450000047683716,200.0
2024-04-24 09:58:00,ZURAW,0.4300000071525574,0.4300000071525574,0.4325000047683716,0.3862000107765198,0.3937999904155731,3341.0
2024-04-24 09:58:00,ZVRA,4.550000190734863,4.550000190734863,4.550000190734863,4.550000190734863,4.550000190734863,900.0
2024-04-24 09:58:00,ZVSA,0.5899999737739563,0.5899999737739563,0.5899999737739563,0.5899999737739563,0.5899999737739563,141.0
2024-04-24 09:58:00,ZYME,8.670000076293945,8.670000076293945,8.670000076293945,8.630800247192383,8.630800247192383,1222.0
2024-04-24 09:59:00,BCOW,7.074999809265137,7.074999809265137,7.074999809265137,7.074999809265137,7.074999809265137,0.0
2024-04-24 09:59:00,DIBS,5.360000133514404,5.360000133514404,5.400000095367432,5.360000133514404,5.400000095367432,5049.0
2024-04-24 09:59:00,EGHT,2.2950000762939453,2.2950000762939453,2.2950000762939453,2.2850000858306885,2.2850000858306885,2161.0
2024-04-24 09:59:00,FDMT,25.058500289916992,25.058500289916992,25.058500289916992,24.985000610351562,24.985000610351562,862.0
2024-04-24 09:59:00,FREE,4.820000171661377,4.820000171661377,4.820000171661377,4.820000171661377,4.820000171661377,3083.0
2024-04-24 09:59:00,HOWL,6.644999980926514,6.644999980926514,6.644999980926514,6.644999980926514,6.644999980926514,301.0
2024-04-24 09:59:00,MAPS,1.100000023841858,1.100000023841858,1.100000023841858,1.100000023841858,1.100000023841858,200.0
2024-04-24 09:59:00,MASS,5.630000114440918,5.630000114440918,5.659999847412109,5.630000114440918,5.659999847412109,539.0
2024-04-24 09:59:00,ME,0.47189998626708984,0.47189998626708984,0.47189998626708984,0.4713999927043915,0.4713999927043915,12686.0
2024-04-24 09:59:00,SEAT,5.840000152587891,5.840000152587891,5.840000152587891,5.840000152587891,5.840000152587891,306.0
2024-04-24 09:59:00,TXG,27.454999923706055,27.454999923706055,27.549999237060547,27.454999923706055,27.549999237060547,2629.0
2024-04-24 09:59:00,VCTR,49.540000915527344,49.540000915527344,49.540000915527344,49.400001525878906,49.400001525878906,1967.0
2024-04-24 09:59:00,VERU,1.2899999618530273,1.2899999618530273,1.2949999570846558,1.2899999618530273,1.2949999570846558,1840.0
2024-04-24 09:59:00,VERX,29.270000457763672,29.270000457763672,29.280000686645508,29.020000457763672,29.08300018310547,12651.0
2024-04-24 09:59:00,VFF,1.3300000429153442,1.3300000429153442,1.3300000429153442,1.329699993133545,1.329699993133545,251.0
2024-04-24 09:59:00,VFS,2.5385000705718994,2.5385000705718994,2.5385000705718994,2.5350000858306885,2.5380001068115234,3117.0
2024-04-24 09:59:00,VIAV,8.010000228881836,8.010000228881836,8.010000228881836,8.0,8.0,1613.0
2024-04-24 09:59:00,VICR,34.564998626708984,34.564998626708984,34.564998626708984,34.537899017333984,34.537899017333984,1350.0
2024-04-24 09:59:00,VIGL,2.7799999713897705,2.7799999713897705,2.7799999713897705,2.7799999713897705,2.7799999713897705,200.0
2024-04-24 09:59:00,VIR,8.130000114440918,8.130000114440918,8.130000114440918,8.130000114440918,8.130000114440918,493.0
2024-04-24 09:59:00,VIRC,10.680000305175781,10.680000305175781,10.680000305175781,10.680000305175781,10.680000305175781,758.0
2024-04-24 09:59:00,VIRT,22.540000915527344,22.540000915527344,22.549999237060547,22.520000457763672,22.540000915527344,4382.0
2024-04-24 09:59:00,VITL,27.040000915527344,27.040000915527344,27.040000915527344,26.91990089416504,26.91990089416504,9304.0
2024-04-24 09:59:00,VIVK,1.649899959564209,1.649899959564209,1.7400000095367432,1.6449999809265137,1.7400000095367432,7519.0
2024-04-24 09:59:00,VKTX,66.90370178222656,66.90370178222656,67.16000366210938,66.8499984741211,67.08999633789062,7439.0
2024-04-24 09:59:00,VLCN,0.2671000063419342,0.2671000063419342,0.2671000063419342,0.26600000262260437,0.26600000262260437,28089.0
2024-04-24 09:59:00,VMEO,3.549999952316284,3.549999952316284,3.549999952316284,3.549999952316284,3.549999952316284,385.0
2024-04-24 09:59:00,VNOM,39.935001373291016,39.935001373291016,39.935001373291016,39.935001373291016,39.935001373291016,152.0
2024-04-24 09:59:00,VOD,8.569999694824219,8.569999694824219,8.569999694824219,8.5649995803833,8.5649995803833,13607.0
2024-04-24 09:59:00,VOXR,2.0399999618530273,2.0399999618530273,2.0399999618530273,2.0399999618530273,2.0399999618530273,0.0
2024-04-24 09:59:00,VRDN,14.130000114440918,14.130000114440918,14.170000076293945,14.130000114440918,14.170000076293945,460.0
2024-04-24 09:59:00,VRNA,15.320099830627441,15.320099830627441,15.320099830627441,15.320099830627441,15.320099830627441,4018.0
2024-04-24 09:59:00,VRRM,24.360000610351562,24.360000610351562,24.3700008392334,24.360000610351562,24.3700008392334,973.0
2024-04-24 09:59:00,VRTX,405.69500732421875,405.69500732421875,405.7300109863281,405.3299865722656,405.5249938964844,2045.0
2024-04-24 09:59:00,VSAT,16.239999771118164,16.239999771118164,16.239999771118164,16.200000762939453,16.229999542236328,2309.0
2024-04-24 09:59:00,VTNR,1.5950000286102295,1.5950000286102295,1.600000023841858,1.5950000286102295,1.600000023841858,12028.0
2024-04-24 09:59:00,VTRS,11.3149995803833,11.3149995803833,11.3149995803833,11.300000190734863,11.300000190734863,3089.0
2024-04-24 09:59:00,VUZI,1.3293999433517456,1.3293999433517456,1.3293999433517456,1.3293999433517456,1.3293999433517456,359.0
2024-04-24 09:59:00,VWE,0.2709999978542328,0.2709999978542328,0.2709999978542328,0.2709999978542328,0.2709999978542328,300.0
2024-04-24 09:59:00,WAFD,28.200000762939453,28.200000762939453,28.229999542236328,28.200000762939453,28.229999542236328,390.0
2024-04-24 09:59:00,WB,8.364999771118164,8.364999771118164,8.369999885559082,8.359999656677246,8.369999885559082,2172.0
2024-04-24 09:59:00,WBA,17.885000228881836,17.885000228881836,17.889999389648438,17.8700008392334,17.8799991607666,15227.0
2024-04-24 09:59:00,WBD,8.289999961853027,8.289999961853027,8.302499771118164,8.279999732971191,8.302499771118164,80716.0
2024-04-24 09:59:00,WDAY,256.010009765625,256.010009765625,256.5199890136719,256.010009765625,256.4800109863281,2913.0
2024-04-24 09:59:00,WDC,70.5199966430664,70.5199966430664,70.62000274658203,70.5,70.56900024414062,11236.0
2024-04-24 09:59:00,WEN,19.864999771118164,19.864999771118164,19.864999771118164,19.860000610351562,19.860000610351562,1667.0
2024-04-24 09:59:00,WERN,35.5,35.5,35.5,35.4900016784668,35.4900016784668,1618.0
2024-04-24 09:59:00,WFRD,124.19999694824219,124.19999694824219,124.51000213623047,123.98899841308594,124.08000183105469,8751.0
2024-04-24 09:59:00,WIMI,0.8476999998092651,0.8476999998092651,0.8555999994277954,0.8476999998092651,0.8515999913215637,2453.0
2024-04-24 09:59:00,WISA,6.300000190734863,6.300000190734863,6.349999904632568,6.099999904632568,6.131999969482422,111411.0
2024-04-24 09:59:00,WIX,124.92500305175781,124.92500305175781,125.20999908447266,124.6886978149414,124.6886978149414,10746.0
2024-04-24 09:59:00,WMG,32.255001068115234,32.255001068115234,32.310001373291016,32.255001068115234,32.255001068115234,5978.0
2024-04-24 09:59:00,WNEB,6.5,6.5,6.5,6.5,6.5,107.0
2024-04-24 09:59:00,WRLD,140.91000366210938,140.91000366210938,140.91000366210938,140.91000366210938,140.91000366210938,447.0
2024-04-24 09:59:00,WSC,37.650001525878906,37.650001525878906,37.650001525878906,37.650001525878906,37.650001525878906,271.0
2024-04-24 09:59:00,WW,1.6799999475479126,1.6799999475479126,1.684999942779541,1.6799999475479126,1.684999942779541,3839.0
2024-04-24 09:59:00,WYNN,98.0,98.0,98.0,98.0,98.0,1126.0
2024-04-24 09:59:00,XEL,55.05500030517578,55.05500030517578,55.05500030517578,54.9900016784668,55.0,21733.0
2024-04-24 09:59:00,XERS,1.7400000095367432,1.7400000095367432,1.7400000095367432,1.7400000095367432,1.7400000095367432,526.0
2024-04-24 09:59:00,XFOR,1.2480000257492065,1.2480000257492065,1.2480000257492065,1.2410000562667847,1.2480000257492065,3041.0
2024-04-24 09:59:00,XNCR,18.270000457763672,18.270000457763672,18.270000457763672,18.270000457763672,18.270000457763672,315.0
2024-04-24 09:59:00,XP,20.510000228881836,20.510000228881836,20.524999618530273,20.5,20.5,6113.0
2024-04-24 09:59:00,XRX,14.46500015258789,14.46500015258789,14.46500015258789,14.460000038146973,14.460000038146973,3432.0
2024-04-24 09:59:00,XXII,1.7199000120162964,1.7199000120162964,1.7199000120162964,1.6999000310897827,1.6999000310897827,18390.0
2024-04-24 09:59:00,YMAB,15.270000457763672,15.270000457763672,15.270000457763672,15.270000457763672,15.270000457763672,200.0
2024-04-24 09:59:00,YS,0.8198999762535095,0.8198999762535095,0.8198999762535095,0.8198999762535095,0.8198999762535095,278.0
2024-04-24 09:59:00,Z,44.040000915527344,44.040000915527344,44.099998474121094,44.0,44.025299072265625,15554.0
2024-04-24 09:59:00,ZG,43.4900016784668,43.4900016784668,43.4900016784668,43.43000030517578,43.43000030517578,1003.0
2024-04-24 09:59:00,ZI,15.880000114440918,15.880000114440918,15.90999984741211,15.880000114440918,15.895000457763672,8270.0
2024-04-24 09:59:00,ZION,42.11000061035156,42.11000061035156,42.150001525878906,42.11000061035156,42.150001525878906,967.0
2024-04-24 09:59:00,ZLAB,15.864999771118164,15.864999771118164,15.886500358581543,15.864999771118164,15.880000114440918,863.0
2024-04-24 09:59:00,ZM,61.91999816894531,61.91999816894531,62.02000045776367,61.91999816894531,62.0,6628.0
2024-04-24 09:59:00,ZNTL,12.510000228881836,12.510000228881836,12.510000228881836,12.510000228881836,12.510000228881836,430.0
2024-04-24 09:59:00,ZS,179.80499267578125,179.80499267578125,179.89500427246094,179.56500244140625,179.56500244140625,4194.0
2024-04-24 09:59:00,ZUMZ,17.030000686645508,17.030000686645508,17.030000686645508,17.024999618530273,17.024999618530273,634.0
2024-04-24 09:59:00,ZVSA,0.5799999833106995,0.5799999833106995,0.5799999833106995,0.5799999833106995,0.5799999833106995,413.0
2024-04-24 09:59:00,ZYME,8.6899995803833,8.6899995803833,8.6899995803833,8.6899995803833,8.6899995803833,101.0
2024-04-24 10:00:00,DIBS,5.380000114440918,5.380000114440918,5.380000114440918,5.380000114440918,5.380000114440918,0.0
2024-04-24 10:00:00,EGHT,2.2899999618530273,2.2899999618530273,2.2899999618530273,2.2850000858306885,2.2899999618530273,1460.0
2024-04-24 10:00:00,ETNB,8.75,8.75,8.760000228881836,8.720000267028809,8.760000228881836,3581.0
2024-04-24 10:00:00,FLWS,9.210000038146973,9.210000038146973,9.220000267028809,9.199999809265137,9.220000267028809,2517.0
2024-04-24 10:00:00,HOWL,6.650000095367432,6.650000095367432,6.650000095367432,6.650000095367432,6.650000095367432,486.0
2024-04-24 10:00:00,JFU,3.4549999237060547,3.4549999237060547,3.4549999237060547,3.4549999237060547,3.4549999237060547,224.0
2024-04-24 10:00:00,MASS,5.610000133514404,5.610000133514404,5.610000133514404,5.610000133514404,5.610000133514404,200.0
2024-04-24 10:00:00,ME,0.47360000014305115,0.47360000014305115,0.47360000014305115,0.4713999927043915,0.47189998626708984,21880.0
2024-04-24 10:00:00,SEAT,5.840000152587891,5.840000152587891,5.840000152587891,5.840000152587891,5.840000152587891,547.0
2024-04-24 10:00:00,TSVT,4.479899883270264,4.479899883270264,4.479899883270264,4.479899883270264,4.479899883270264,870.0
2024-04-24 10:00:00,TWOU,0.24279999732971191,0.24279999732971191,0.24400000274181366,0.24279999732971191,0.24400000274181366,23510.0
2024-04-24 10:00:00,TXG,27.5,27.5,27.5,27.440000534057617,27.469999313354492,4287.0
2024-04-24 10:00:00,VANI,1.7799999713897705,1.7799999713897705,1.7899999618530273,1.7799999713897705,1.7899999618530273,2142.0
2024-04-24 10:00:00,VERU,1.2949999570846558,1.2949999570846558,1.2999999523162842,1.2949999570846558,1.2961000204086304,2380.0
2024-04-24 10:00:00,VERX,29.200000762939453,29.200000762939453,29.227500915527344,29.149999618530273,29.227500915527344,5946.0
2024-04-24 10:00:00,VFF,1.3320000171661377,1.3320000171661377,1.3320000171661377,1.3320000171661377,1.3320000171661377,231.0
2024-04-24 10:00:00,VFS,2.5350000858306885,2.5350000858306885,2.5399999618530273,2.5350000858306885,2.5374999046325684,2931.0
2024-04-24 10:00:00,VIAV,8.005000114440918,8.005000114440918,8.005000114440918,7.994999885559082,8.005000114440918,6156.0
2024-04-24 10:00:00,VICR,34.540000915527344,34.540000915527344,34.61000061035156,34.474998474121094,34.4900016784668,3688.0
2024-04-24 10:00:00,VIGL,2.700000047683716,2.700000047683716,2.7799999713897705,2.700000047683716,2.7799999713897705,3110.0
2024-04-24 10:00:00,VIRT,22.46500015258789,22.46500015258789,22.530000686645508,22.459999084472656,22.530000686645508,4805.0
2024-04-24 10:00:00,VITL,27.05500030517578,27.05500030517578,27.110000610351562,26.979999542236328,27.024999618530273,13097.0
2024-04-24 10:00:00,VIVK,1.6877000331878662,1.6877000331878662,1.6999000310897827,1.6399999856948853,1.6399999856948853,6624.0
2024-04-24 10:00:00,VKTX,66.94999694824219,66.94999694824219,66.94999694824219,66.83580017089844,66.91999816894531,12433.0
2024-04-24 10:00:00,VLCN,0.26109999418258667,0.26109999418258667,0.2669000029563904,0.26109999418258667,0.2669000029563904,51302.0
2024-04-24 10:00:00,VLGEA,27.25,27.25,27.25,27.25,27.25,1390.0
2024-04-24 10:00:00,VMEO,3.5450000762939453,3.5450000762939453,3.5541999340057373,3.5350000858306885,3.550100088119507,17115.0
2024-04-24 10:00:00,VOD,8.5649995803833,8.5649995803833,8.569999694824219,8.5649995803833,8.5649995803833,7434.0
2024-04-24 10:00:00,VRNA,15.3100004196167,15.3100004196167,15.319999694824219,15.3100004196167,15.3149995803833,1104.0
2024-04-24 10:00:00,VRRM,24.360000610351562,24.360000610351562,24.3799991607666,24.360000610351562,24.3799991607666,622.0
2024-04-24 10:00:00,VRTX,405.9200134277344,405.9200134277344,405.9200134277344,405.3800048828125,405.4049987792969,5267.0
2024-04-24 10:00:00,VS,1.399999976158142,1.399999976158142,1.399999976158142,1.399999976158142,1.399999976158142,0.0
2024-04-24 10:00:00,VTGN,4.789999961853027,4.789999961853027,4.789999961853027,4.789999961853027,4.789999961853027,328.0
2024-04-24 10:00:00,VTNR,1.5700000524520874,1.5700000524520874,1.5906000137329102,1.5700000524520874,1.590000033378601,16243.0
2024-04-24 10:00:00,VTRS,11.305000305175781,11.305000305175781,11.3149995803833,11.303500175476074,11.3149995803833,29547.0
2024-04-24 10:00:00,VYGR,7.599999904632568,7.599999904632568,7.599999904632568,7.590000152587891,7.590000152587891,373.0
2024-04-24 10:00:00,VYNE,2.3949999809265137,2.3949999809265137,2.3949999809265137,2.3949999809265137,2.3949999809265137,90.0
2024-04-24 10:00:00,WAFD,28.200000762939453,28.200000762939453,28.200000762939453,28.200000762939453,28.200000762939453,861.0
2024-04-24 10:00:00,WB,8.359999656677246,8.359999656677246,8.369999885559082,8.359999656677246,8.369999885559082,1455.0
2024-04-24 10:00:00,WBA,17.809999465942383,17.809999465942383,17.889699935913086,17.799999237060547,17.885000228881836,45942.0
2024-04-24 10:00:00,WBD,8.274999618530273,8.274999618530273,8.295000076293945,8.270000457763672,8.295000076293945,83605.0
2024-04-24 10:00:00,WDAY,256.2900085449219,256.2900085449219,256.3550109863281,256.2749938964844,256.3550109863281,1487.0
2024-04-24 10:00:00,WDC,70.58000183105469,70.58000183105469,70.61499786376953,70.5199966430664,70.57499694824219,11850.0
2024-04-24 10:00:00,WEN,19.844999313354492,19.844999313354492,19.8700008392334,19.834999084472656,19.864999771118164,5692.0
2024-04-24 10:00:00,WFRD,124.30999755859375,124.30999755859375,124.30999755859375,123.88500213623047,124.22000122070312,4124.0
2024-04-24 10:00:00,WHF,12.699999809265137,12.699999809265137,12.699999809265137,12.699999809265137,12.699999809265137,1343.0
2024-04-24 10:00:00,WIMI,0.8551999926567078,0.8551999926567078,0.8551999926567078,0.8450000286102295,0.845300018787384,16396.0
2024-04-24 10:00:00,WING,362.70001220703125,362.70001220703125,363.29998779296875,362.70001220703125,363.29998779296875,749.0
2024-04-24 10:00:00,WISA,6.349999904632568,6.349999904632568,6.480000019073486,6.199999809265137,6.275000095367432,135350.0
2024-04-24 10:00:00,WKHS,0.16220000386238098,0.16220000386238098,0.1624000072479248,0.16220000386238098,0.1624000072479248,8612.0
2024-04-24 10:00:00,WMG,32.27000045776367,32.27000045776367,32.27000045776367,32.27000045776367,32.27000045776367,766.0
2024-04-24 10:00:00,WNEB,6.5,6.5,6.5,6.5,6.5,180.0
2024-04-24 10:00:00,WRNT,0.2874999940395355,0.2874999940395355,0.2874999940395355,0.2874999940395355,0.2874999940395355,704.0
2024-04-24 10:00:00,WSBC,28.209999084472656,28.209999084472656,28.209999084472656,28.209999084472656,28.209999084472656,519.0
2024-04-24 10:00:00,WSC,37.630001068115234,37.630001068115234,37.630001068115234,37.630001068115234,37.630001068115234,311.0
2024-04-24 10:00:00,WTW,264.05499267578125,264.05499267578125,264.42498779296875,264.05499267578125,264.385009765625,3204.0
2024-04-24 10:00:00,WVE,4.974999904632568,4.974999904632568,4.974999904632568,4.974999904632568,4.974999904632568,447.0
2024-04-24 10:00:00,WW,1.690000057220459,1.690000057220459,1.690000057220459,1.6749999523162842,1.6799999475479126,20462.0
2024-04-24 10:00:00,WYNN,97.6615982055664,97.6615982055664,97.80000305175781,97.6615982055664,97.80000305175781,1851.0
2024-04-24 10:00:00,XBP,1.228600025177002,1.228600025177002,1.2725000381469727,1.2000000476837158,1.2400000095367432,1419.0
2024-04-24 10:00:00,XEL,55.0,55.0,55.07500076293945,55.0,55.07500076293945,9831.0
2024-04-24 10:00:00,XERS,1.7400000095367432,1.7400000095367432,1.7450000047683716,1.7400000095367432,1.7400000095367432,1504.0
2024-04-24 10:00:00,XFOR,1.2405999898910522,1.2405999898910522,1.2405999898910522,1.2405999898910522,1.2405999898910522,2897.0
2024-04-24 10:00:00,XNCR,18.229999542236328,18.229999542236328,18.229999542236328,18.209999084472656,18.209999084472656,771.0
2024-04-24 10:00:00,XP,20.53499984741211,20.53499984741211,20.53499984741211,20.5049991607666,20.5049991607666,7337.0
2024-04-24 10:00:00,XRX,14.414999961853027,14.414999961853027,14.470000267028809,14.399999618530273,14.46500015258789,21851.0
2024-04-24 10:00:00,XXII,1.7200000286102295,1.7200000286102295,1.7200000286102295,1.7000000476837158,1.7199000120162964,13842.0
2024-04-24 10:00:00,YMAB,15.375,15.375,15.375,15.25,15.25,5807.0
2024-04-24 10:00:00,YTEN,0.25,0.25,0.25,0.25,0.25,1001.0
2024-04-24 10:00:00,Z,44.064998626708984,44.064998626708984,44.064998626708984,43.96500015258789,44.040000915527344,6460.0
2024-04-24 10:00:00,ZBRA,278.04998779296875,278.04998779296875,278.04998779296875,278.04998779296875,278.04998779296875,468.0
2024-04-24 10:00:00,ZG,43.5,43.5,43.5,43.40999984741211,43.41999816894531,3356.0
2024-04-24 10:00:00,ZI,15.864999771118164,15.864999771118164,15.864999771118164,15.859999656677246,15.859999656677246,3056.0
2024-04-24 10:00:00,ZION,42.060001373291016,42.060001373291016,42.130001068115234,42.029998779296875,42.130001068115234,5109.0
2024-04-24 10:00:00,ZM,61.90999984741211,61.90999984741211,61.959999084472656,61.88999938964844,61.959999084472656,9116.0
2024-04-24 10:00:00,ZNTL,12.510000228881836,12.510000228881836,12.510000228881836,12.489999771118164,12.510000228881836,6074.0
2024-04-24 10:00:00,ZS,179.89999389648438,179.89999389648438,179.89999389648438,179.7949981689453,179.83999633789062,2091.0
2024-04-24 10:00:00,ZURA,3.369999885559082,3.369999885559082,3.369999885559082,3.369999885559082,3.369999885559082,38.0
2024-04-24 10:00:00,ZVSA,0.5899999737739563,0.5899999737739563,0.5899999737739563,0.5899999737739563,0.5899999737739563,346.0
2024-04-24 10:00:00,ZYME,8.670000076293945,8.670000076293945,8.670000076293945,8.670000076293945,8.670000076293945,567.0
2024-04-24 10:01:00,AIXI,1.2999999523162842,1.2999999523162842,1.2999999523162842,1.2999999523162842,1.2999999523162842,3230.0
2024-04-24 10:01:00,COCO,23.829999923706055,23.829999923706055,23.895000457763672,23.829999923706055,23.8700008392334,1639.0
2024-04-24 10:01:00,DIBS,5.360000133514404,5.360000133514404,5.360000133514404,5.360000133514404,5.360000133514404,380.0
2024-04-24 10:01:00,DSP,8.944999694824219,8.944999694824219,8.944999694824219,8.920000076293945,8.920000076293945,957.0
2024-04-24 10:01:00,ETNB,8.779999732971191,8.779999732971191,8.779999732971191,8.744999885559082,8.744999885559082,1362.0
2024-04-24 10:01:00,FLWS,9.210000038146973,9.210000038146973,9.210000038146973,9.210000038146973,9.210000038146973,583.0
2024-04-24 10:01:00,FREE,4.820000171661377,4.820000171661377,4.820000171661377,4.820000171661377,4.820000171661377,586.0
2024-04-24 10:01:00,MAPS,1.100000023841858,1.100000023841858,1.100000023841858,1.100000023841858,1.100000023841858,3200.0
2024-04-24 10:01:00,MASS,5.639999866485596,5.639999866485596,5.639999866485596,5.639999866485596,5.639999866485596,190.0
2024-04-24 10:01:00,ME,0.4745999872684479,0.4745999872684479,0.476500004529953,0.4745999872684479,0.4747999906539917,6353.0
2024-04-24 10:01:00,PET,2.1659998893737793,2.1659998893737793,2.1659998893737793,2.1659998893737793,2.1659998893737793,900.0
2024-04-24 10:01:00,TWOU,0.24199999868869781,0.24199999868869781,0.24310000240802765,0.24199999868869781,0.24310000240802765,3500.0
2024-04-24 10:01:00,TXG,27.524999618530273,27.524999618530273,27.524999618530273,27.469999313354492,27.5,2495.0
2024-04-24 10:01:00,VCTR,49.529998779296875,49.529998779296875,49.529998779296875,49.52000045776367,49.52000045776367,1346.0
2024-04-24 10:01:00,VERU,1.2799999713897705,1.2799999713897705,1.2900999784469604,1.2799999713897705,1.2899999618530273,8375.0
2024-04-24 10:01:00,VERV,6.8491997718811035,6.8491997718811035,6.8491997718811035,6.820000171661377,6.820000171661377,3673.0
2024-04-24 10:01:00,VERX,29.190000534057617,29.190000534057617,29.229999542236328,29.170000076293945,29.219999313354492,10679.0
2024-04-24 10:01:00,VFS,2.5299999713897705,2.5299999713897705,2.539799928665161,2.5299999713897705,2.5350000858306885,14404.0
2024-04-24 10:01:00,VIAV,8.005000114440918,8.005000114440918,8.005000114440918,8.005000114440918,8.005000114440918,347.0
2024-04-24 10:01:00,VICR,34.689998626708984,34.689998626708984,34.689998626708984,34.505001068115234,34.505001068115234,3380.0
2024-04-24 10:01:00,VIR,8.140000343322754,8.140000343322754,8.140000343322754,8.140000343322754,8.140000343322754,438.0
2024-04-24 10:01:00,VIRT,22.46500015258789,22.46500015258789,22.479999542236328,22.44499969482422,22.46500015258789,4663.0
2024-04-24 10:01:00,VITL,27.135000228881836,27.135000228881836,27.149999618530273,27.06999969482422,27.06999969482422,11907.0
2024-04-24 10:01:00,VIVK,1.6999000310897827,1.6999000310897827,1.7000000476837158,1.690000057220459,1.6993000507354736,2472.0
2024-04-24 10:01:00,VKTX,67.06999969482422,67.06999969482422,67.06999969482422,66.88009643554688,66.98999786376953,7912.0
2024-04-24 10:01:00,VLCN,0.2549999952316284,0.2549999952316284,0.26109999418258667,0.2549999952316284,0.26109999418258667,144272.0
2024-04-24 10:01:00,VMEO,3.5450000762939453,3.5450000762939453,3.5450000762939453,3.5450000762939453,3.5450000762939453,563.0
2024-04-24 10:01:00,VNOM,39.935001373291016,39.935001373291016,39.935001373291016,39.935001373291016,39.935001373291016,235.0
2024-04-24 10:01:00,VOD,8.569899559020996,8.569899559020996,8.569999694824219,8.561599731445312,8.569899559020996,5797.0
2024-04-24 10:01:00,VRNA,15.3100004196167,15.3100004196167,15.3100004196167,15.3100004196167,15.3100004196167,200.0
2024-04-24 10:01:00,VRRM,24.360000610351562,24.360000610351562,24.360000610351562,24.360000610351562,24.360000610351562,392.0
2024-04-24 10:01:00,VRTX,405.9549865722656,405.9549865722656,406.07000732421875,405.7550048828125,405.8999938964844,4775.0
2024-04-24 10:01:00,VSAT,16.219999313354492,16.219999313354492,16.219999313354492,16.219999313354492,16.219999313354492,258.0
2024-04-24 10:01:00,VTNR,1.5850000381469727,1.5850000381469727,1.5850000381469727,1.5750000476837158,1.5750000476837158,16676.0
2024-04-24 10:01:00,VTRS,11.274999618530273,11.274999618530273,11.305000305175781,11.274999618530273,11.305000305175781,52179.0
2024-04-24 10:01:00,VVOS,2.6500000953674316,2.6500000953674316,2.6500000953674316,2.6500000953674316,2.6500000953674316,999.0
2024-04-24 10:01:00,VWE,0.2709999978542328,0.2709999978542328,0.2709999978542328,0.2709999978542328,0.2709999978542328,941.0
2024-04-24 10:01:00,VYGR,7.590000152587891,7.590000152587891,7.590000152587891,7.590000152587891,7.590000152587891,538.0
2024-04-24 10:01:00,WALD,5.139999866485596,5.139999866485596,5.139999866485596,5.139999866485596,5.139999866485596,203.0
2024-04-24 10:01:00,WB,8.359999656677246,8.359999656677246,8.359999656677246,8.354999542236328,8.354999542236328,4775.0
2024-04-24 10:01:00,WBA,17.780000686645508,17.780000686645508,17.815000534057617,17.780000686645508,17.809999465942383,55688.0
2024-04-24 10:01:00,WBD,8.280799865722656,8.280799865722656,8.289999961853027,8.279999732971191,8.279999732971191,37507.0
2024-04-24 10:01:00,WDAY,256.2349853515625,256.2349853515625,256.32000732421875,256.1600036621094,256.32000732421875,2019.0
2024-04-24 10:01:00,WDC,70.46499633789062,70.46499633789062,70.58000183105469,70.44999694824219,70.55000305175781,7089.0
2024-04-24 10:01:00,WEN,19.850000381469727,19.850000381469727,19.850000381469727,19.844999313354492,19.850000381469727,1258.0
2024-04-24 10:01:00,WERN,35.56999969482422,35.56999969482422,35.56999969482422,35.540000915527344,35.540000915527344,680.0
2024-04-24 10:01:00,WEST,9.880000114440918,9.880000114440918,9.880000114440918,9.880000114440918,9.880000114440918,708.0
2024-04-24 10:01:00,WFRD,123.9800033569336,123.9800033569336,124.12999725341797,123.78500366210938,124.12999725341797,7318.0
2024-04-24 10:01:00,WIMI,0.8504999876022339,0.8504999876022339,0.8551999926567078,0.8504999876022339,0.8551999926567078,6720.0
2024-04-24 10:01:00,WING,360.96258544921875,360.96258544921875,362.1300048828125,360.96258544921875,362.1300048828125,3285.0
2024-04-24 10:01:00,WISA,6.275000095367432,6.275000095367432,6.3607001304626465,6.099999904632568,6.329999923706055,132009.0
2024-04-24 10:01:00,WKHS,0.1623000055551529,0.1623000055551529,0.1623000055551529,0.16220000386238098,0.16220000386238098,6781.0
2024-04-24 10:01:00,WMG,32.189998626708984,32.189998626708984,32.279998779296875,32.16999816894531,32.26499938964844,59688.0
2024-04-24 10:01:00,WSBF,11.930000305175781,11.930000305175781,11.930000305175781,11.899999618530273,11.899999618530273,1171.0
2024-04-24 10:01:00,WSC,37.6349983215332,37.6349983215332,37.63999938964844,37.560001373291016,37.63999938964844,12782.0
2024-04-24 10:01:00,WTFC,99.69999694824219,99.69999694824219,99.91000366210938,99.69999694824219,99.91000366210938,584.0
2024-04-24 10:01:00,WTW,264.2799987792969,264.2799987792969,264.2799987792969,264.2799987792969,264.2799987792969,330.0
2024-04-24 10:01:00,WW,1.6950000524520874,1.6950000524520874,1.6950000524520874,1.688099980354309,1.688099980354309,4234.0
2024-04-24 10:01:00,WYNN,97.69999694824219,97.69999694824219,97.70999908447266,97.55999755859375,97.66500091552734,5014.0
2024-04-24 10:01:00,XBP,1.2000000476837158,1.2000000476837158,1.2000000476837158,1.2000000476837158,1.2000000476837158,3180.0
2024-04-24 10:01:00,XEL,55.029998779296875,55.029998779296875,55.03499984741211,54.9900016784668,55.0,10911.0
2024-04-24 10:01:00,XERS,1.7450000047683716,1.7450000047683716,1.7460999488830566,1.7400000095367432,1.7460999488830566,1015.0
2024-04-24 10:01:00,XMTR,16.989999771118164,16.989999771118164,17.0,16.989999771118164,17.0,359.0
2024-04-24 10:01:00,XNCR,18.309999465942383,18.309999465942383,18.309999465942383,18.309999465942383,18.309999465942383,368.0
2024-04-24 10:01:00,XP,20.520000457763672,20.520000457763672,20.53499984741211,20.510000228881836,20.53499984741211,12051.0
2024-04-24 10:01:00,XRX,14.420100212097168,14.420100212097168,14.444999694824219,14.420000076293945,14.425000190734863,11406.0
2024-04-24 10:01:00,XXII,1.7100000381469727,1.7100000381469727,1.7300000190734863,1.7100000381469727,1.7100000381469727,27996.0
2024-04-24 10:01:00,YTEN,0.25,0.25,0.25,0.25,0.25,0.0
2024-04-24 10:01:00,YTRA,1.3279999494552612,1.3279999494552612,1.3300000429153442,1.3200000524520874,1.3300000429153442,2960.0
2024-04-24 10:01:00,Z,44.150001525878906,44.150001525878906,44.19960021972656,44.060001373291016,44.060001373291016,5663.0
2024-04-24 10:01:00,ZCMD,1.690000057220459,1.690000057220459,1.690000057220459,1.690000057220459,1.690000057220459,658.0
2024-04-24 10:01:00,ZD,51.6150016784668,51.6150016784668,51.625,51.6150016784668,51.625,3637.0
2024-04-24 10:01:00,ZG,43.54999923706055,43.54999923706055,43.58000183105469,43.54999923706055,43.58000183105469,836.0
2024-04-24 10:01:00,ZI,15.859999656677246,15.859999656677246,15.875,15.854999542236328,15.859999656677246,10279.0
2024-04-24 10:01:00,ZIMV,15.944999694824219,15.944999694824219,15.944999694824219,15.944999694824219,15.944999694824219,688.0
2024-04-24 10:01:00,ZION,42.06999969482422,42.06999969482422,42.099998474121094,42.060001373291016,42.060001373291016,2976.0
2024-04-24 10:01:00,ZIONL,25.559999465942383,25.559999465942383,25.559999465942383,25.559999465942383,25.559999465942383,0.0
2024-04-24 10:01:00,ZLAB,15.800000190734863,15.800000190734863,15.899999618530273,15.779999732971191,15.829999923706055,4034.0
2024-04-24 10:01:00,ZM,61.85499954223633,61.85499954223633,61.90999984741211,61.849998474121094,61.88999938964844,3301.0
2024-04-24 10:01:00,ZS,179.6699981689453,179.6699981689453,179.82000732421875,179.58999633789062,179.72999572753906,6525.0
2024-04-24 10:01:00,ZUMZ,17.024999618530273,17.024999618530273,17.024999618530273,17.024999618530273,17.024999618530273,307.0
2024-04-24 10:01:00,ZURA,3.430000066757202,3.430000066757202,3.430000066757202,3.430000066757202,3.430000066757202,121.0
2024-04-24 10:01:00,ZVSA,0.5800999999046326,0.5800999999046326,0.5899999737739563,0.5800999999046326,0.5899999737739563,431.0
2024-04-24 10:02:00,AIXI,1.2799999713897705,1.2799999713897705,1.3200000524520874,1.2799999713897705,1.2949999570846558,2884.0
2024-04-24 10:02:00,COCO,23.799999237060547,23.799999237060547,23.799999237060547,23.799999237060547,23.799999237060547,681.0
2024-04-24 10:02:00,DIBS,5.360000133514404,5.360000133514404,5.360000133514404,5.360000133514404,5.360000133514404,156.0
2024-04-24 10:02:00,FDMT,24.985000610351562,24.985000610351562,24.985000610351562,24.985000610351562,24.985000610351562,212.0
2024-04-24 10:02:00,FEAM,1.159999966621399,1.159999966621399,1.159999966621399,1.159999966621399,1.159999966621399,1131.0
2024-04-24 10:02:00,FLWS,9.210000038146973,9.210000038146973,9.210000038146973,9.210000038146973,9.210000038146973,202.0
2024-04-24 10:02:00,FREE,4.824999809265137,4.824999809265137,4.824999809265137,4.820000171661377,4.820000171661377,12125.0
2024-04-24 10:02:00,MAPS,1.100000023841858,1.100000023841858,1.100000023841858,1.100000023841858,1.100000023841858,2.0
2024-04-24 10:02:00,ME,0.4745999872684479,0.4745999872684479,0.4745999872684479,0.4745999872684479,0.4745999872684479,1296.0
2024-04-24 10:02:00,TWOU,0.24250000715255737,0.24250000715255737,0.24289999902248383,0.24250000715255737,0.24250000715255737,640.0
2024-04-24 10:02:00,TXG,27.520000457763672,27.520000457763672,27.530000686645508,27.514999389648438,27.522499084472656,2506.0
2024-04-24 10:02:00,VC,111.19999694824219,111.19999694824219,111.23999786376953,111.19999694824219,111.22000122070312,2143.0
2024-04-24 10:02:00,VERU,1.284999966621399,1.284999966621399,1.2899999618530273,1.284999966621399,1.284999966621399,26539.0
2024-04-24 10:02:00,VERV,6.840000152587891,6.840000152587891,6.840000152587891,6.840000152587891,6.840000152587891,323.0
2024-04-24 10:02:00,VERX,29.174999237060547,29.174999237060547,29.270000457763672,29.15999984741211,29.190000534057617,51290.0
2024-04-24 10:02:00,VFS,2.525099992752075,2.525099992752075,2.525099992752075,2.515000104904175,2.5199999809265137,6406.0
2024-04-24 10:02:00,VICR,34.68000030517578,34.68000030517578,34.779998779296875,34.68000030517578,34.779998779296875,440.0
2024-04-24 10:02:00,VIR,8.116700172424316,8.116700172424316,8.119999885559082,8.114999771118164,8.119999885559082,727.0
2024-04-24 10:02:00,VIRC,10.645000457763672,10.645000457763672,10.699999809265137,10.645000457763672,10.699999809265137,2643.0
2024-04-24 10:02:00,VIRT,22.350000381469727,22.350000381469727,22.489999771118164,22.299999237060547,22.489999771118164,15846.0
2024-04-24 10:02:00,VITL,27.014999389648438,27.014999389648438,27.14259910583496,26.989999771118164,27.14259910583496,11997.0
2024-04-24 10:02:00,VIVK,1.6797000169754028,1.6797000169754028,1.690000057220459,1.6500999927520752,1.690000057220459,610.0
2024-04-24 10:02:00,VKTX,66.69999694824219,66.69999694824219,67.05000305175781,66.69999694824219,67.0250015258789,9397.0
2024-04-24 10:02:00,VLCN,0.25600001215934753,0.25600001215934753,0.257099986076355,0.2549999952316284,0.2549999952316284,101571.0
2024-04-24 10:02:00,VMEO,3.5450000762939453,3.5450000762939453,3.5450000762939453,3.5450000762939453,3.5450000762939453,361.0
2024-04-24 10:02:00,VNET,1.5099999904632568,1.5099999904632568,1.5099999904632568,1.5099999904632568,1.5099999904632568,2125.0
2024-04-24 10:02:00,VOD,8.569999694824219,8.569999694824219,8.569999694824219,8.569299697875977,8.569999694824219,4391.0
2024-04-24 10:02:00,VRNA,15.329999923706055,15.329999923706055,15.350000381469727,15.3100004196167,15.329000473022461,2196.0
2024-04-24 10:02:00,VRRM,24.329999923706055,24.329999923706055,24.34000015258789,24.329999923706055,24.34000015258789,1083.0
2024-04-24 10:02:00,VRTX,405.864990234375,405.864990234375,405.864990234375,405.864990234375,405.864990234375,1038.0
2024-04-24 10:02:00,VSAT,16.270000457763672,16.270000457763672,16.28499984741211,16.219999313354492,16.219999313354492,2151.0
2024-04-24 10:02:00,VTNR,1.5901000499725342,1.5901000499725342,1.5950000286102295,1.5800000429153442,1.5850000381469727,10600.0
2024-04-24 10:02:00,VTRS,11.28499984741211,11.28499984741211,11.28499984741211,11.274999618530273,11.274999618530273,37462.0
2024-04-24 10:02:00,VVPR,3.5999999046325684,3.5999999046325684,3.6054000854492188,3.5999999046325684,3.6054000854492188,300.0
2024-04-24 10:02:00,VYNE,2.369999885559082,2.369999885559082,2.369999885559082,2.369999885559082,2.369999885559082,40136.0
2024-04-24 10:02:00,WB,8.335000038146973,8.335000038146973,8.359999656677246,8.330100059509277,8.354999542236328,3855.0
2024-04-24 10:02:00,WBA,17.790000915527344,17.790000915527344,17.799999237060547,17.780000686645508,17.78499984741211,25974.0
2024-04-24 10:02:00,WBD,8.300100326538086,8.300100326538086,8.305000305175781,8.279999732971191,8.28499984741211,60637.0
2024-04-24 10:02:00,WDAY,256.2449951171875,256.2449951171875,256.3550109863281,256.2099914550781,256.3299865722656,4322.0
2024-04-24 10:02:00,WDC,70.28500366210938,70.28500366210938,70.45999908447266,70.27999877929688,70.43499755859375,10332.0
2024-04-24 10:02:00,WEN,19.854999542236328,19.854999542236328,19.854999542236328,19.850000381469727,19.850000381469727,646.0
2024-04-24 10:02:00,WERN,35.540000915527344,35.540000915527344,35.560001373291016,35.540000915527344,35.560001373291016,1325.0
2024-04-24 10:02:00,WFRD,123.83999633789062,123.83999633789062,124.19000244140625,123.44999694824219,123.7300033569336,3433.0
2024-04-24 10:02:00,WIMI,0.8500000238418579,0.8500000238418579,0.8597999811172485,0.8500000238418579,0.8504999876022339,13820.0
2024-04-24 10:02:00,WING,363.0299987792969,363.0299987792969,363.0299987792969,362.1000061035156,362.54998779296875,2501.0
2024-04-24 10:02:00,WISA,6.181099891662598,6.181099891662598,6.339900016784668,6.110000133514404,6.260000228881836,44654.0
2024-04-24 10:02:00,WIX,124.43000030517578,124.43000030517578,124.43000030517578,124.43000030517578,124.43000030517578,700.0
2024-04-24 10:02:00,WKHS,0.16269999742507935,0.16269999742507935,0.16269999742507935,0.1624000072479248,0.1624000072479248,74728.0
2024-04-24 10:02:00,WLDS,0.49000000953674316,0.49000000953674316,0.49000000953674316,0.46860000491142273,0.46860000491142273,1754.0
2024-04-24 10:02:00,WMG,32.244998931884766,32.244998931884766,32.2599983215332,32.189998626708984,32.189998626708984,3221.0
2024-04-24 10:02:00,WSBC,28.190000534057617,28.190000534057617,28.190000534057617,28.190000534057617,28.190000534057617,844.0
2024-04-24 10:02:00,WSC,37.57500076293945,37.57500076293945,37.6349983215332,37.560001373291016,37.6349983215332,13476.0
2024-04-24 10:02:00,WTFC,99.59500122070312,99.59500122070312,99.59500122070312,99.59500122070312,99.59500122070312,128.0
2024-04-24 10:02:00,WTW,264.0799865722656,264.0799865722656,264.0799865722656,264.010009765625,264.010009765625,1718.0
2024-04-24 10:02:00,WW,1.684999942779541,1.684999942779541,1.690000057220459,1.6799999475479126,1.690000057220459,2581.0
2024-04-24 10:02:00,WYNN,97.6500015258789,97.6500015258789,97.6500015258789,97.58999633789062,97.58999633789062,937.0
2024-04-24 10:02:00,XEL,55.04999923706055,55.04999923706055,55.05500030517578,54.9900016784668,55.025001525878906,7125.0
2024-04-24 10:02:00,XERS,1.7400000095367432,1.7400000095367432,1.746000051498413,1.7400000095367432,1.7400000095367432,12124.0
2024-04-24 10:02:00,XFOR,1.243899941444397,1.243899941444397,1.2482000589370728,1.2400000095367432,1.2482000589370728,3708.0
2024-04-24 10:02:00,XMTR,16.969999313354492,16.969999313354492,16.969999313354492,16.950000762939453,16.959999084472656,596.0
2024-04-24 10:02:00,XP,20.53499984741211,20.53499984741211,20.540000915527344,20.520000457763672,20.520000457763672,30390.0
2024-04-24 10:02:00,XPEL,54.595001220703125,54.595001220703125,54.595001220703125,54.44499969482422,54.44499969482422,327.0
2024-04-24 10:02:00,XRX,14.460000038146973,14.460000038146973,14.460000038146973,14.40999984741211,14.414999961853027,14299.0
2024-04-24 10:02:00,XXII,1.7350000143051147,1.7350000143051147,1.7380000352859497,1.7235000133514404,1.7235000133514404,0.0
2024-04-24 10:02:00,YJ,0.8799999952316284,0.8799999952316284,0.8799999952316284,0.8799999952316284,0.8799999952316284,6000.0
2024-04-24 10:02:00,YTEN,0.24279999732971191,0.24279999732971191,0.24500000476837158,0.24279999732971191,0.24500000476837158,5108.0
2024-04-24 10:02:00,Z,44.040000915527344,44.040000915527344,44.18000030517578,44.040000915527344,44.150001525878906,4194.0
2024-04-24 10:02:00,ZBRA,278.0,278.0,278.37750244140625,277.8699951171875,278.3299865722656,939.0
2024-04-24 10:02:00,ZCMD,1.6699999570846558,1.6699999570846558,1.6699999570846558,1.6699999570846558,1.6699999570846558,577.0
2024-04-24 10:02:00,ZG,43.529998779296875,43.529998779296875,43.560001373291016,43.529998779296875,43.560001373291016,602.0
2024-04-24 10:02:00,ZI,15.854999542236328,15.854999542236328,15.869999885559082,15.854999542236328,15.869999885559082,1086.0
2024-04-24 10:02:00,ZION,42.08000183105469,42.08000183105469,42.11000061035156,42.04999923706055,42.09000015258789,13307.0
2024-04-24 10:02:00,ZLAB,15.824999809265137,15.824999809265137,15.829999923706055,15.770000457763672,15.819999694824219,4390.0
2024-04-24 10:02:00,ZM,61.84000015258789,61.84000015258789,61.91999816894531,61.790000915527344,61.91999816894531,6249.0
2024-04-24 10:02:00,ZNTL,12.380000114440918,12.380000114440918,12.449999809265137,12.380000114440918,12.4399995803833,2353.0
2024-04-24 10:02:00,ZS,179.37600708007812,179.37600708007812,179.58999633789062,179.37600708007812,179.49000549316406,1733.0
2024-04-24 10:02:00,ZVSA,0.5849999785423279,0.5849999785423279,0.5849999785423279,0.5849999785423279,0.5849999785423279,153.0
2024-04-24 10:02:00,ZYME,8.649999618530273,8.649999618530273,8.6899995803833,8.649999618530273,8.6899995803833,843.0
2024-04-24 10:03:00,AIXI,1.284999966621399,1.284999966621399,1.2949999570846558,1.2599999904632568,1.2949999570846558,3988.0
2024-04-24 10:03:00,COCO,23.780000686645508,23.780000686645508,23.78499984741211,23.780000686645508,23.78499984741211,210.0
2024-04-24 10:03:00,EGHT,2.2850000858306885,2.2850000858306885,2.2899999618530273,2.2850000858306885,2.2899999618530273,1076.0
2024-04-24 10:03:00,ETNB,8.8100004196167,8.8100004196167,8.8100004196167,8.800000190734863,8.800000190734863,5842.0
2024-04-24 10:03:00,FREE,4.820000171661377,4.820000171661377,4.820000171661377,4.820000171661377,4.820000171661377,3528.0
2024-04-24 10:03:00,GV,0.15000000596046448,0.15000000596046448,0.15000000596046448,0.15000000596046448,0.15000000596046448,187.0
2024-04-24 10:03:00,HOWL,6.650000095367432,6.650000095367432,6.650000095367432,6.650000095367432,6.650000095367432,205.0
2024-04-24 10:03:00,MAPS,1.090000033378601,1.090000033378601,1.100000023841858,1.090000033378601,1.100000023841858,300.0
2024-04-24 10:03:00,ME,0.47279998660087585,0.47279998660087585,0.476500004529953,0.47279998660087585,0.476500004529953,1085.0
2024-04-24 10:03:00,SEAT,5.849999904632568,5.849999904632568,5.849999904632568,5.849999904632568,5.849999904632568,102.0
2024-04-24 10:03:00,SXTP,0.2451000064611435,0.2451000064611435,0.2451000064611435,0.2451000064611435,0.2451000064611435,782.0
2024-04-24 10:03:00,TSVT,4.46999979019165,4.46999979019165,4.480000019073486,4.46999979019165,4.480000019073486,747.0
2024-04-24 10:03:00,TWOU,0.24250000715255737,0.24250000715255737,0.24250000715255737,0.24230000376701355,0.24230000376701355,875.0
2024-04-24 10:03:00,TXG,27.524999618530273,27.524999618530273,27.559999465942383,27.510000228881836,27.549999237060547,4778.0
2024-04-24 10:03:00,VCTR,49.474998474121094,49.474998474121094,49.474998474121094,49.474998474121094,49.474998474121094,462.0
2024-04-24 10:03:00,VERU,1.2899999618530273,1.2899999618530273,1.2899999618530273,1.2899999618530273,1.2899999618530273,1534.0
2024-04-24 10:03:00,VERV,6.849999904632568,6.849999904632568,6.849999904632568,6.849999904632568,6.849999904632568,1172.0
2024-04-24 10:03:00,VERX,29.170000076293945,29.170000076293945,29.170000076293945,29.149999618530273,29.162500381469727,4676.0
2024-04-24 10:03:00,VFF,1.340000033378601,1.340000033378601,1.340000033378601,1.340000033378601,1.340000033378601,600.0
2024-04-24 10:03:00,VFS,2.52839994430542,2.52839994430542,2.52839994430542,2.5199999809265137,2.5250000953674316,4593.0
2024-04-24 10:03:00,VIAV,8.0,8.0,8.0,8.0,8.0,1702.0
2024-04-24 10:03:00,VICR,34.779998779296875,34.779998779296875,34.790000915527344,34.77000045776367,34.775001525878906,1098.0
2024-04-24 10:03:00,VIR,8.119999885559082,8.119999885559082,8.119999885559082,8.119999885559082,8.119999885559082,771.0
2024-04-24 10:03:00,VIRT,22.43000030517578,22.43000030517578,22.43000030517578,22.350000381469727,22.350000381469727,5264.0
2024-04-24 10:03:00,VIRX,0.8500000238418579,0.8500000238418579,0.8500000238418579,0.8500000238418579,0.8500000238418579,750.0
2024-04-24 10:03:00,VITL,26.979999542236328,26.979999542236328,26.979999542236328,26.940000534057617,26.940000534057617,1654.0
2024-04-24 10:03:00,VIVK,1.6877000331878662,1.6877000331878662,1.690000057220459,1.659999966621399,1.659999966621399,670.0
2024-04-24 10:03:00,VKTX,66.72000122070312,66.72000122070312,66.80000305175781,66.62999725341797,66.69000244140625,7870.0
2024-04-24 10:03:00,VLCN,0.2551000118255615,0.2551000118255615,0.2572999894618988,0.2533000111579895,0.25600001215934753,41566.0
2024-04-24 10:03:00,VMEO,3.5450000762939453,3.5450000762939453,3.545300006866455,3.5450000762939453,3.545300006866455,967.0
2024-04-24 10:03:00,VNOM,39.935001373291016,39.935001373291016,39.935001373291016,39.935001373291016,39.935001373291016,298.0
2024-04-24 10:03:00,VOD,8.574999809265137,8.574999809265137,8.574999809265137,8.569600105285645,8.569999694824219,10093.0
2024-04-24 10:03:00,VRDN,14.1850004196167,14.1850004196167,14.1850004196167,14.175000190734863,14.180000305175781,849.0
2024-04-24 10:03:00,VRTX,406.67999267578125,406.67999267578125,406.67999267578125,406.30999755859375,406.30999755859375,5087.0
2024-04-24 10:03:00,VSAT,16.299999237060547,16.299999237060547,16.305299758911133,16.290000915527344,16.305299758911133,897.0
2024-04-24 10:03:00,VTNR,1.5950000286102295,1.5950000286102295,1.5999000072479248,1.590000033378601,1.590000033378601,2754.0
2024-04-24 10:03:00,VTRS,11.3149995803833,11.3149995803833,11.3149995803833,11.28499984741211,11.28499984741211,28677.0
2024-04-24 10:03:00,VUZI,1.3300000429153442,1.3300000429153442,1.3300000429153442,1.3300000429153442,1.3300000429153442,890.0
2024-04-24 10:03:00,VVPR,3.615000009536743,3.615000009536743,3.615000009536743,3.615000009536743,3.615000009536743,1231.0
2024-04-24 10:03:00,VYGR,7.590000152587891,7.590000152587891,7.590000152587891,7.590000152587891,7.590000152587891,200.0
2024-04-24 10:03:00,WAFD,28.184999465942383,28.184999465942383,28.200000762939453,28.184999465942383,28.200000762939453,1044.0
2024-04-24 10:03:00,WASH,26.170000076293945,26.170000076293945,26.170000076293945,26.170000076293945,26.170000076293945,975.0
2024-04-24 10:03:00,WB,8.335000038146973,8.335000038146973,8.34000015258789,8.335000038146973,8.335000038146973,1739.0
2024-04-24 10:03:00,WBA,17.764999389648438,17.764999389648438,17.799999237060547,17.760000228881836,17.780000686645508,147961.0
2024-04-24 10:03:00,WBD,8.310099601745605,8.310099601745605,8.310600280761719,8.300000190734863,8.300800323486328,36073.0
2024-04-24 10:03:00,WDAY,256.2149963378906,256.2149963378906,256.2449951171875,256.1300048828125,256.2449951171875,2470.0
2024-04-24 10:03:00,WDC,70.1500015258789,70.1500015258789,70.30000305175781,70.11000061035156,70.30000305175781,41283.0
2024-04-24 10:03:00,WEN,19.864999771118164,19.864999771118164,19.864999771118164,19.854999542236328,19.854999542236328,2421.0
2024-04-24 10:03:00,WFRD,123.9000015258789,123.9000015258789,124.30000305175781,123.88500213623047,124.1500015258789,803.0
2024-04-24 10:03:00,WHLM,6.300000190734863,6.300000190734863,7.079999923706055,6.300000190734863,7.0,33497.0
2024-04-24 10:03:00,WIMI,0.8560000061988831,0.8560000061988831,0.8597999811172485,0.8560000061988831,0.8569999933242798,7176.0
2024-04-24 10:03:00,WING,363.0,363.0,363.0,362.8500061035156,363.0,1357.0
2024-04-24 10:03:00,WINT,5.0,5.0,5.0,5.0,5.0,1034.0
2024-04-24 10:03:00,WISA,6.26230001449585,6.26230001449585,6.339900016784668,6.150000095367432,6.1946001052856445,33175.0
2024-04-24 10:03:00,WKHS,0.16259999573230743,0.16259999573230743,0.16269999742507935,0.16259999573230743,0.16259999573230743,94639.0
2024-04-24 10:03:00,WKME,7.989999771118164,7.989999771118164,7.989999771118164,7.989999771118164,7.989999771118164,344.0
2024-04-24 10:03:00,WKSP,0.3700999915599823,0.3700999915599823,0.3700999915599823,0.3700999915599823,0.3700999915599823,2160.0
2024-04-24 10:03:00,WMG,32.220001220703125,32.220001220703125,32.26499938964844,32.220001220703125,32.227500915527344,2225.0
2024-04-24 10:03:00,WSBF,11.970000267028809,11.970000267028809,11.970000267028809,11.970000267028809,11.970000267028809,1835.0
2024-04-24 10:03:00,WSC,37.625,37.625,37.68000030517578,37.59000015258789,37.59000015258789,5838.0
2024-04-24 10:03:00,WSFS,44.56999969482422,44.56999969482422,44.630001068115234,44.56999969482422,44.630001068115234,1793.0
2024-04-24 10:03:00,WTFC,99.66999816894531,99.66999816894531,99.69999694824219,99.66999816894531,99.69999694824219,871.0
2024-04-24 10:03:00,WTW,264.1499938964844,264.1499938964844,264.1499938964844,264.125,264.125,817.0
2024-04-24 10:03:00,WVE,4.980000019073486,4.980000019073486,4.980000019073486,4.980000019073486,4.980000019073486,225.0
2024-04-24 10:03:00,WW,1.684999942779541,1.684999942779541,1.684999942779541,1.6799999475479126,1.684999942779541,1748.0
2024-04-24 10:03:00,WYNN,97.55500030517578,97.55500030517578,97.62989807128906,97.45999908447266,97.52999877929688,2432.0
2024-04-24 10:03:00,XEL,55.040000915527344,55.040000915527344,55.06999969482422,55.03499984741211,55.05500030517578,11253.0
2024-04-24 10:03:00,XERS,1.7450000047683716,1.7450000047683716,1.749899983406067,1.7400000095367432,1.7400000095367432,900.0
2024-04-24 10:03:00,XLO,1.0799000263214111,1.0799000263214111,1.0799000263214111,1.0799000263214111,1.0799000263214111,246.0
2024-04-24 10:03:00,XP,20.524999618530273,20.524999618530273,20.540000915527344,20.5,20.530000686645508,17406.0
2024-04-24 10:03:00,XRX,14.4350004196167,14.4350004196167,14.461600303649902,14.40999984741211,14.461600303649902,16321.0
2024-04-24 10:03:00,XXII,1.7415000200271606,1.7415000200271606,1.7415000200271606,1.7415000200271606,1.7415000200271606,315.0
2024-04-24 10:03:00,Z,44.0,44.0,44.040000915527344,43.9900016784668,44.040000915527344,5150.0
2024-04-24 10:03:00,ZBRA,277.70001220703125,277.70001220703125,277.9849853515625,277.70001220703125,277.9849853515625,809.0
2024-04-24 10:03:00,ZD,51.595001220703125,51.595001220703125,51.595001220703125,51.595001220703125,51.595001220703125,145.0
2024-04-24 10:03:00,ZG,43.43000030517578,43.43000030517578,43.459999084472656,43.43000030517578,43.459999084472656,919.0
2024-04-24 10:03:00,ZI,15.83080005645752,15.83080005645752,15.859999656677246,15.83080005645752,15.859999656677246,5086.0
2024-04-24 10:03:00,ZION,42.150001525878906,42.150001525878906,42.150001525878906,42.099998474121094,42.11000061035156,1520.0
2024-04-24 10:03:00,ZLAB,15.859999656677246,15.859999656677246,15.869999885559082,15.845000267028809,15.859999656677246,1297.0
2024-04-24 10:03:00,ZM,61.72999954223633,61.72999954223633,61.84000015258789,61.72999954223633,61.84000015258789,4635.0
2024-04-24 10:03:00,ZNTL,12.460000038146973,12.460000038146973,12.460000038146973,12.420000076293945,12.460000038146973,912.0
2024-04-24 10:03:00,ZS,179.25,179.25,179.44000244140625,179.22999572753906,179.33999633789062,2383.0
2024-04-24 10:03:00,ZURA,3.359999895095825,3.359999895095825,3.390000104904175,3.3499999046325684,3.369999885559082,1587.0
2024-04-24 10:03:00,ZVSA,0.5899999737739563,0.5899999737739563,0.5899999737739563,0.5899999737739563,0.5899999737739563,261.0
2024-04-24 10:03:00,ZYME,8.654999732971191,8.654999732971191,8.654999732971191,8.654999732971191,8.654999732971191,478.0
2024-04-24 10:04:00,AIXI,1.2599999904632568,1.2599999904632568,1.2793999910354614,1.2412999868392944,1.24399995803833,1752.0
2024-04-24 10:04:00,BCOW,7.079999923706055,7.079999923706055,7.079999923706055,7.079999923706055,7.079999923706055,1990.0
2024-04-24 10:04:00,COCO,23.790000915527344,23.790000915527344,23.790000915527344,23.790000915527344,23.790000915527344,174.0
2024-04-24 10:04:00,EGHT,2.2874999046325684,2.2874999046325684,2.2874999046325684,2.2874999046325684,2.2874999046325684,74.0
2024-04-24 10:04:00,FDMT,24.975000381469727,24.975000381469727,24.975000381469727,24.975000381469727,24.975000381469727,172.0
2024-04-24 10:04:00,FLWS,9.229999542236328,9.229999542236328,9.229999542236328,9.229999542236328,9.229999542236328,105.0
2024-04-24 10:04:00,HOWL,6.650000095367432,6.650000095367432,6.650000095367432,6.650000095367432,6.650000095367432,366.0
2024-04-24 10:04:00,JFU,3.4149999618530273,3.4149999618530273,3.4149999618530273,3.4149999618530273,3.4149999618530273,1015.0
2024-04-24 10:04:00,MAPS,1.100000023841858,1.100000023841858,1.100000023841858,1.100000023841858,1.100000023841858,100.0
2024-04-24 10:04:00,MASS,5.610000133514404,5.610000133514404,5.610000133514404,5.610000133514404,5.610000133514404,367.0
2024-04-24 10:04:00,ME,0.47600001096725464,0.47600001096725464,0.47600001096725464,0.47279998660087585,0.47279998660087585,501.0
2024-04-24 10:04:00,PET,2.197999954223633,2.197999954223633,2.197999954223633,2.174999952316284,2.174999952316284,14551.0
2024-04-24 10:04:00,SEAT,5.84499979019165,5.84499979019165,5.849999904632568,5.84499979019165,5.849999904632568,725.0
2024-04-24 10:04:00,TSVT,4.46999979019165,4.46999979019165,4.46999979019165,4.46999979019165,4.46999979019165,439.0
2024-04-24 10:04:00,TWOU,0.24210000038146973,0.24210000038146973,0.24210000038146973,0.24199999868869781,0.24199999868869781,42125.0
2024-04-24 10:04:00,TXG,27.520000457763672,27.520000457763672,27.559999465942383,27.520000457763672,27.530000686645508,3846.0
2024-04-24 10:04:00,VCTR,49.48500061035156,49.48500061035156,49.61000061035156,49.48500061035156,49.560001373291016,2877.0
2024-04-24 10:04:00,VERU,1.2864999771118164,1.2864999771118164,1.2899999618530273,1.2799999713897705,1.2899999618530273,700.0
2024-04-24 10:04:00,VERV,6.860000133514404,6.860000133514404,6.860000133514404,6.840000152587891,6.840000152587891,2057.0
2024-04-24 10:04:00,VERX,29.239999771118164,29.239999771118164,29.260000228881836,29.174999237060547,29.190000534057617,5509.0
2024-04-24 10:04:00,VFF,1.350000023841858,1.350000023841858,1.350000023841858,1.350000023841858,1.350000023841858,1674.0
2024-04-24 10:04:00,VFS,2.5199999809265137,2.5199999809265137,2.5250000953674316,2.5199999809265137,2.5250000953674316,3427.0
2024-04-24 10:04:00,VIAV,7.994999885559082,7.994999885559082,8.0,7.994999885559082,8.0,3013.0
2024-04-24 10:04:00,VICR,34.88999938964844,34.88999938964844,34.95000076293945,34.7400016784668,34.79999923706055,2297.0
2024-04-24 10:04:00,VINC,0.9847000241279602,0.9847000241279602,0.9847000241279602,0.9797000288963318,0.9797000288963318,718.0
2024-04-24 10:04:00,VIR,8.109999656677246,8.109999656677246,8.112500190734863,8.109999656677246,8.109999656677246,650.0
2024-04-24 10:04:00,VIRT,22.440000534057617,22.440000534057617,22.44499969482422,22.40999984741211,22.424999237060547,4162.0
2024-04-24 10:04:00,VITL,27.049999237060547,27.049999237060547,27.049999237060547,26.986000061035156,26.989999771118164,2798.0
2024-04-24 10:04:00,VIVK,1.690000057220459,1.690000057220459,1.690000057220459,1.690000057220459,1.690000057220459,112.0
2024-04-24 10:04:00,VKTX,66.59500122070312,66.59500122070312,66.81990051269531,66.59500122070312,66.71700286865234,8551.0
2024-04-24 10:04:00,VLCN,0.25529998540878296,0.25529998540878296,0.25949999690055847,0.2549999952316284,0.25600001215934753,32006.0
2024-04-24 10:04:00,VMEO,3.5399999618530273,3.5399999618530273,3.5450000762939453,3.5350000858306885,3.5399999618530273,20563.0
2024-04-24 10:04:00,VNOM,39.97999954223633,39.97999954223633,39.97999954223633,39.97999954223633,39.97999954223633,375.0
2024-04-24 10:04:00,VOD,8.5649995803833,8.5649995803833,8.569999694824219,8.5649995803833,8.569999694824219,16471.0
2024-04-24 10:04:00,VOXR,2.015000104904175,2.015000104904175,2.0299999713897705,2.000999927520752,2.000999927520752,684.0
2024-04-24 10:04:00,VRDN,14.15999984741211,14.15999984741211,14.15999984741211,14.15999984741211,14.15999984741211,285.0
2024-04-24 10:04:00,VRRM,24.309999465942383,24.309999465942383,24.309999465942383,24.309999465942383,24.309999465942383,463.0
2024-04-24 10:04:00,VRTX,406.1600036621094,406.1600036621094,406.510009765625,406.0,406.4949951171875,4689.0
2024-04-24 10:04:00,VSAT,16.299999237060547,16.299999237060547,16.309999465942383,16.290000915527344,16.309999465942383,3290.0
2024-04-24 10:04:00,VTNR,1.5950000286102295,1.5950000286102295,1.600000023841858,1.590000033378601,1.600000023841858,4024.0
2024-04-24 10:04:00,VTRS,11.3149995803833,11.3149995803833,11.319999694824219,11.3149995803833,11.3149995803833,2639.0
2024-04-24 10:04:00,VUZI,1.3350000381469727,1.3350000381469727,1.3350000381469727,1.3350000381469727,1.3350000381469727,200.0
2024-04-24 10:04:00,VVPR,3.6503000259399414,3.6503000259399414,3.6503000259399414,3.6503000259399414,3.6503000259399414,2306.0
2024-04-24 10:04:00,WAVD,1.8878999948501587,1.8878999948501587,1.8878999948501587,1.8878999948501587,1.8878999948501587,826.0
2024-04-24 10:04:00,WB,8.3149995803833,8.3149995803833,8.329999923706055,8.3149995803833,8.329999923706055,3065.0
2024-04-24 10:04:00,WBA,17.736400604248047,17.736400604248047,17.769899368286133,17.729999542236328,17.761999130249023,127598.0
2024-04-24 10:04:00,WBD,8.290800094604492,8.290800094604492,8.3100004196167,8.290800094604492,8.3100004196167,23477.0
2024-04-24 10:04:00,WDAY,256.510009765625,256.510009765625,256.57000732421875,256.2049865722656,256.2049865722656,10126.0
2024-04-24 10:04:00,WDC,70.0199966430664,70.0199966430664,70.15499877929688,69.93000030517578,70.1500015258789,56976.0
2024-04-24 10:04:00,WDFC,224.88999938964844,224.88999938964844,224.88999938964844,224.88999938964844,224.88999938964844,655.0
2024-04-24 10:04:00,WEN,19.850000381469727,19.850000381469727,19.8700008392334,19.850000381469727,19.8700008392334,2329.0
2024-04-24 10:04:00,WERN,35.564998626708984,35.564998626708984,35.58000183105469,35.540000915527344,35.540000915527344,987.0
2024-04-24 10:04:00,WFRD,123.77050018310547,123.77050018310547,123.97000122070312,123.77050018310547,123.94329833984375,1144.0
2024-04-24 10:04:00,WHLM,6.300000190734863,6.300000190734863,6.300000190734863,6.300000190734863,6.300000190734863,8119.0
2024-04-24 10:04:00,WIMI,0.8597999811172485,0.8597999811172485,0.8597999811172485,0.8522999882698059,0.854200005531311,5131.0
2024-04-24 10:04:00,WISA,6.269999980926514,6.269999980926514,6.319900035858154,6.159999847412109,6.289999961853027,47567.0
2024-04-24 10:04:00,WIX,124.20999908447266,124.20999908447266,124.20999908447266,124.20999908447266,124.20999908447266,489.0
2024-04-24 10:04:00,WKHS,0.16259999573230743,0.16259999573230743,0.16269999742507935,0.16259999573230743,0.16259999573230743,25433.0
2024-04-24 10:04:00,WMG,32.220001220703125,32.220001220703125,32.25,32.209999084472656,32.25,2090.0
2024-04-24 10:04:00,WRAP,2.0199999809265137,2.0199999809265137,2.0199999809265137,2.0199999809265137,2.0199999809265137,726.0
2024-04-24 10:04:00,WSBC,28.30500030517578,28.30500030517578,28.30500030517578,28.30500030517578,28.30500030517578,1321.0
2024-04-24 10:04:00,WSC,37.56999969482422,37.56999969482422,37.6150016784668,37.56999969482422,37.599998474121094,1525.0
2024-04-24 10:04:00,WSFS,44.56999969482422,44.56999969482422,44.56999969482422,44.56999969482422,44.56999969482422,241.0
2024-04-24 10:04:00,WTFC,99.81999969482422,99.81999969482422,99.81999969482422,99.81999969482422,99.81999969482422,369.0
2024-04-24 10:04:00,WTW,264.0150146484375,264.0150146484375,264.0150146484375,264.0150146484375,264.0150146484375,899.0
2024-04-24 10:04:00,WVE,4.980000019073486,4.980000019073486,4.980000019073486,4.960000038146973,4.960100173950195,740.0
2024-04-24 10:04:00,WW,1.6799999475479126,1.6799999475479126,1.680999994277954,1.6799999475479126,1.6799999475479126,6353.0
2024-04-24 10:04:00,WWD,150.3300018310547,150.3300018310547,150.3300018310547,150.3300018310547,150.3300018310547,358.0
2024-04-24 10:04:00,WYNN,97.56500244140625,97.56500244140625,97.56500244140625,97.56500244140625,97.56500244140625,200.0
2024-04-24 10:04:00,XEL,54.98500061035156,54.98500061035156,55.040000915527344,54.970001220703125,55.040000915527344,11153.0
2024-04-24 10:04:00,XERS,1.7400000095367432,1.7400000095367432,1.749899983406067,1.7400000095367432,1.7400000095367432,1656.0
2024-04-24 10:04:00,XMTR,16.979999542236328,16.979999542236328,16.979999542236328,16.979999542236328,16.979999542236328,643.0
2024-04-24 10:04:00,XP,20.5049991607666,20.5049991607666,20.520000457763672,20.5049991607666,20.520000457763672,3181.0
2024-04-24 10:04:00,XRX,14.380000114440918,14.380000114440918,14.430000305175781,14.354999542236328,14.430000305175781,14539.0
2024-04-24 10:04:00,XXII,1.7400000095367432,1.7400000095367432,1.7400000095367432,1.7400000095367432,1.7400000095367432,600.0
2024-04-24 10:04:00,Z,43.959999084472656,43.959999084472656,44.0,43.959999084472656,44.0,4780.0
2024-04-24 10:04:00,ZBRA,278.0,278.0,278.05999755859375,277.8699951171875,278.0050048828125,1061.0
2024-04-24 10:04:00,ZD,51.60499954223633,51.60499954223633,51.60499954223633,51.60499954223633,51.60499954223633,6125.0
2024-04-24 10:04:00,ZG,43.369998931884766,43.369998931884766,43.369998931884766,43.369998931884766,43.369998931884766,110.0
2024-04-24 10:04:00,ZI,15.819999694824219,15.819999694824219,15.829999923706055,15.8149995803833,15.829999923706055,3287.0
2024-04-24 10:04:00,ZION,42.099998474121094,42.099998474121094,42.14500045776367,42.099998474121094,42.14500045776367,2460.0
2024-04-24 10:04:00,ZLAB,15.899999618530273,15.899999618530273,15.899999618530273,15.859999656677246,15.859999656677246,2130.0
2024-04-24 10:04:00,ZM,61.720001220703125,61.720001220703125,61.73500061035156,61.689998626708984,61.722900390625,7683.0
2024-04-24 10:04:00,ZNTL,12.46500015258789,12.46500015258789,12.46500015258789,12.454999923706055,12.454999923706055,922.0
2024-04-24 10:04:00,ZS,179.27999877929688,179.27999877929688,179.4199981689453,179.22999572753906,179.27749633789062,7280.0
2024-04-24 10:04:00,ZURA,3.4000000953674316,3.4000000953674316,3.4000000953674316,3.4000000953674316,3.4000000953674316,264.0
2024-04-24 10:05:00,AIXI,1.2400000095367432,1.2400000095367432,1.246000051498413,1.2400000095367432,1.246000051498413,5409.0
2024-04-24 10:05:00,COCO,23.809999465942383,23.809999465942383,23.809999465942383,23.790000915527344,23.790000915527344,1090.0
2024-04-24 10:05:00,DSP,8.9399995803833,8.9399995803833,8.9399995803833,8.9399995803833,8.9399995803833,287.0
2024-04-24 10:05:00,EGHT,2.2850000858306885,2.2850000858306885,2.2850000858306885,2.2850000858306885,2.2850000858306885,150.0
2024-04-24 10:05:00,ETNB,8.819999694824219,8.819999694824219,8.819999694824219,8.819999694824219,8.819999694824219,414.0
2024-04-24 10:05:00,FDMT,25.030000686645508,25.030000686645508,25.030000686645508,25.020000457763672,25.020000457763672,880.0
2024-04-24 10:05:00,FLWS,9.210000038146973,9.210000038146973,9.210000038146973,9.210000038146973,9.210000038146973,262.0
2024-04-24 10:05:00,FREE,4.820000171661377,4.820000171661377,4.824999809265137,4.820000171661377,4.820000171661377,6283.0
2024-04-24 10:05:00,ME,0.47429999709129333,0.47429999709129333,0.47429999709129333,0.47429999709129333,0.47429999709129333,550.0
2024-04-24 10:05:00,SEAT,5.849999904632568,5.849999904632568,5.849999904632568,5.849999904632568,5.849999904632568,622.0
2024-04-24 10:05:00,TSVT,4.46999979019165,4.46999979019165,4.46999979019165,4.454999923706055,4.454999923706055,2027.0
2024-04-24 10:05:00,TWOU,0.24060000479221344,0.24060000479221344,0.24060000479221344,0.24060000479221344,0.24060000479221344,10358.0
2024-04-24 10:05:00,TXG,27.479999542236328,27.479999542236328,27.5,27.475000381469727,27.475000381469727,2007.0
2024-04-24 10:05:00,VCTR,49.481201171875,49.481201171875,49.481201171875,49.481201171875,49.481201171875,201.0
2024-04-24 10:05:00,VERU,1.284999966621399,1.284999966621399,1.284999966621399,1.284999966621399,1.284999966621399,150.0
2024-04-24 10:05:00,VERV,6.869999885559082,6.869999885559082,6.869999885559082,6.864999771118164,6.864999771118164,211.0
2024-04-24 10:05:00,VERX,29.3700008392334,29.3700008392334,29.3799991607666,29.260000228881836,29.260000228881836,6970.0
2024-04-24 10:05:00,VEV,0.7143999934196472,0.7143999934196472,0.7143999934196472,0.7143999934196472,0.7143999934196472,252.0
2024-04-24 10:05:00,VFF,1.3459999561309814,1.3459999561309814,1.3459999561309814,1.340000033378601,1.340000033378601,2552.0
2024-04-24 10:05:00,VFS,2.5250000953674316,2.5250000953674316,2.5250000953674316,2.515000104904175,2.51990008354187,11436.0
2024-04-24 10:05:00,VIAV,7.989999771118164,7.989999771118164,7.994999885559082,7.989999771118164,7.994999885559082,395.0
2024-04-24 10:05:00,VICR,35.04999923706055,35.04999923706055,35.099998474121094,34.77389907836914,35.099998474121094,1311.0
2024-04-24 10:05:00,VINC,0.9700000286102295,0.9700000286102295,0.9891999959945679,0.9700000286102295,0.9810000061988831,58904.0
2024-04-24 10:05:00,VIR,8.114999771118164,8.114999771118164,8.114999771118164,8.109999656677246,8.109999656677246,360.0
2024-04-24 10:05:00,VIRT,22.399999618530273,22.399999618530273,22.445199966430664,22.399999618530273,22.440000534057617,2510.0
2024-04-24 10:05:00,VITL,27.13010025024414,27.13010025024414,27.140199661254883,27.06999969482422,27.06999969482422,2362.0
2024-04-24 10:05:00,VIVK,1.6402000188827515,1.6402000188827515,1.649999976158142,1.6402000188827515,1.649999976158142,2931.0
2024-04-24 10:05:00,VKTX,66.77799987792969,66.77799987792969,66.77999877929688,66.61000061035156,66.67549896240234,7122.0
2024-04-24 10:05:00,VLCN,0.25060001015663147,0.25060001015663147,0.2556000053882599,0.24799999594688416,0.2556000053882599,160768.0
2024-04-24 10:05:00,VMEO,3.5450000762939453,3.5450000762939453,3.5450000762939453,3.5450000762939453,3.5450000762939453,709.0
2024-04-24 10:05:00,VNOM,40.0099983215332,40.0099983215332,40.0099983215332,40.0099983215332,40.0099983215332,417.0
2024-04-24 10:05:00,VRDN,14.130000114440918,14.130000114440918,14.15999984741211,14.130000114440918,14.15999984741211,1075.0
2024-04-24 10:05:00,VRNA,15.336199760437012,15.336199760437012,15.336199760437012,15.336199760437012,15.336199760437012,322.0
2024-04-24 10:05:00,VRRM,24.290000915527344,24.290000915527344,24.290000915527344,24.290000915527344,24.290000915527344,435.0
2024-04-24 10:05:00,VRTX,406.2149963378906,406.2149963378906,406.2149963378906,405.80999755859375,405.8999938964844,1383.0
2024-04-24 10:05:00,VSAT,16.329999923706055,16.329999923706055,16.329999923706055,16.299999237060547,16.299999237060547,1520.0
2024-04-24 10:05:00,VSME,0.4300000071525574,0.4300000071525574,0.4300000071525574,0.4300000071525574,0.4300000071525574,1752.0
2024-04-24 10:05:00,VTGN,4.789999961853027,4.789999961853027,4.789999961853027,4.789999961853027,4.789999961853027,121.0
2024-04-24 10:05:00,VTNR,1.5950000286102295,1.5950000286102295,1.5950000286102295,1.590000033378601,1.590000033378601,958.0
2024-04-24 10:05:00,VTRS,11.265000343322754,11.265000343322754,11.3149995803833,11.255000114440918,11.3149995803833,41386.0
2024-04-24 10:05:00,VUZI,1.3350000381469727,1.3350000381469727,1.3350000381469727,1.3350000381469727,1.3350000381469727,305.0
2024-04-24 10:05:00,VWE,0.27000001072883606,0.27000001072883606,0.27000001072883606,0.27000001072883606,0.27000001072883606,1324.0
2024-04-24 10:05:00,WB,8.295000076293945,8.295000076293945,8.3100004196167,8.295000076293945,8.3100004196167,3942.0
2024-04-24 10:05:00,WBA,17.725000381469727,17.725000381469727,17.739900588989258,17.719999313354492,17.729999542236328,84497.0
2024-04-24 10:05:00,WBD,8.279999732971191,8.279999732971191,8.289999961853027,8.279999732971191,8.289999961853027,36142.0
2024-04-24 10:05:00,WDAY,256.80999755859375,256.80999755859375,256.80999755859375,256.510009765625,256.510009765625,2962.0
2024-04-24 10:05:00,WDC,69.95999908447266,69.95999908447266,70.04000091552734,69.95999908447266,70.01000213623047,42352.0
2024-04-24 10:05:00,WDFC,225.1199951171875,225.1199951171875,225.1199951171875,225.1199951171875,225.1199951171875,368.0
2024-04-24 10:05:00,WEN,19.850000381469727,19.850000381469727,19.850000381469727,19.834999084472656,19.834999084472656,2599.0
2024-04-24 10:05:00,WERN,35.5,35.5,35.505001068115234,35.4900016784668,35.505001068115234,2002.0
2024-04-24 10:05:00,WFRD,124.07279968261719,124.07279968261719,124.17500305175781,123.96499633789062,123.96499633789062,3211.0
2024-04-24 10:05:00,WIMI,0.9196000099182129,0.9196000099182129,0.9211999773979187,0.8636000156402588,0.8636000156402588,235657.0
2024-04-24 10:05:00,WING,362.7699890136719,362.7699890136719,362.7699890136719,362.7699890136719,362.7699890136719,529.0
2024-04-24 10:05:00,WISA,6.2581000328063965,6.2581000328063965,6.300000190734863,6.199999809265137,6.2494001388549805,11214.0
2024-04-24 10:05:00,WIX,124.44999694824219,124.44999694824219,124.44999694824219,124.44999694824219,124.44999694824219,310.0
2024-04-24 10:05:00,WKHS,0.16300000250339508,0.16300000250339508,0.163100004196167,0.16259999573230743,0.16259999573230743,92777.0
2024-04-24 10:05:00,WMG,32.21500015258789,32.21500015258789,32.2400016784668,32.20000076293945,32.20000076293945,806.0
2024-04-24 10:05:00,WSC,37.494998931884766,37.494998931884766,37.52000045776367,37.4900016784668,37.52000045776367,6092.0
2024-04-24 10:05:00,WSFS,44.560001373291016,44.560001373291016,44.56999969482422,44.53499984741211,44.53499984741211,1635.0
2024-04-24 10:05:00,WTW,264.1600036621094,264.1600036621094,264.1700134277344,264.1600036621094,264.1700134277344,479.0
2024-04-24 10:05:00,WVE,4.965000152587891,4.965000152587891,4.96999979019165,4.965000152587891,4.96999979019165,685.0
2024-04-24 10:05:00,WW,1.6799999475479126,1.6799999475479126,1.684999942779541,1.6799999475479126,1.6799999475479126,8306.0
2024-04-24 10:05:00,WWD,150.11000061035156,150.11000061035156,150.11000061035156,150.11000061035156,150.11000061035156,727.0
2024-04-24 10:05:00,WYNN,97.47000122070312,97.47000122070312,97.53500366210938,97.47000122070312,97.53500366210938,1778.0
2024-04-24 10:05:00,XEL,54.94499969482422,54.94499969482422,54.98500061035156,54.935001373291016,54.97999954223633,19638.0
2024-04-24 10:05:00,XERS,1.7400000095367432,1.7400000095367432,1.7450000047683716,1.7400000095367432,1.7450000047683716,4808.0
2024-04-24 10:05:00,XMTR,16.989999771118164,16.989999771118164,16.989999771118164,16.989999771118164,16.989999771118164,608.0
2024-04-24 10:05:00,XNCR,18.274999618530273,18.274999618530273,18.299999237060547,18.260000228881836,18.260000228881836,3445.0
2024-04-24 10:05:00,XP,20.514999389648438,20.514999389648438,20.520000457763672,20.5049991607666,20.5049991607666,4069.0
2024-04-24 10:05:00,XRX,14.350099563598633,14.350099563598633,14.369999885559082,14.34000015258789,14.369199752807617,20545.0
2024-04-24 10:05:00,YJ,0.8799999952316284,0.8799999952316284,0.8799999952316284,0.8799999952316284,0.8799999952316284,0.0
2024-04-24 10:05:00,YMAB,15.380000114440918,15.380000114440918,15.430899620056152,15.380000114440918,15.430899620056152,1080.0
2024-04-24 10:05:00,YTEN,0.24279999732971191,0.24279999732971191,0.24279999732971191,0.24279999732971191,0.24279999732971191,6021.0
2024-04-24 10:05:00,Z,44.03499984741211,44.03499984741211,44.040000915527344,43.900001525878906,43.95000076293945,19083.0
2024-04-24 10:05:00,ZBRA,278.0849914550781,278.0849914550781,278.0849914550781,278.0849914550781,278.0849914550781,376.0
2024-04-24 10:05:00,ZCMD,1.6202000379562378,1.6202000379562378,1.690000057220459,1.6202000379562378,1.690000057220459,3126.0
2024-04-24 10:05:00,ZD,51.60499954223633,51.60499954223633,51.60499954223633,51.60499954223633,51.60499954223633,264.0
2024-04-24 10:05:00,ZG,43.439998626708984,43.439998626708984,43.439998626708984,43.310001373291016,43.310001373291016,2010.0
2024-04-24 10:05:00,ZI,15.819999694824219,15.819999694824219,15.824999809265137,15.819999694824219,15.824999809265137,3694.0
2024-04-24 10:05:00,ZIMV,15.949999809265137,15.949999809265137,15.949999809265137,15.949999809265137,15.949999809265137,272.0
2024-04-24 10:05:00,ZION,42.15999984741211,42.15999984741211,42.18000030517578,42.06999969482422,42.09000015258789,6524.0
2024-04-24 10:05:00,ZLAB,15.920000076293945,15.920000076293945,15.960000038146973,15.920000076293945,15.960000038146973,434.0
2024-04-24 10:05:00,ZM,61.6150016784668,61.6150016784668,61.709999084472656,61.61000061035156,61.709999084472656,7411.0
2024-04-24 10:05:00,ZNTL,12.470000267028809,12.470000267028809,12.470000267028809,12.470000267028809,12.470000267028809,39.0
2024-04-24 10:05:00,ZS,179.4499969482422,179.4499969482422,179.4499969482422,179.3300018310547,179.3300018310547,1471.0
2024-04-24 10:05:00,ZUMZ,16.979999542236328,16.979999542236328,16.979999542236328,16.979999542236328,16.979999542236328,152.0
2024-04-24 10:05:00,ZVSA,0.585099995136261,0.585099995136261,0.5870000123977661,0.585099995136261,0.5870000123977661,5028.0
2024-04-24 10:06:00,AIXI,1.2699999809265137,1.2699999809265137,1.2799999713897705,1.2699999809265137,1.2745000123977661,3243.0
2024-04-24 10:06:00,COCO,23.809999465942383,23.809999465942383,23.809999465942383,23.770000457763672,23.780000686645508,1949.0
2024-04-24 10:06:00,EGHT,2.2850000858306885,2.2850000858306885,2.2850000858306885,2.2850000858306885,2.2850000858306885,593.0
2024-04-24 10:06:00,ETNB,8.829999923706055,8.829999923706055,8.829999923706055,8.829999923706055,8.829999923706055,1875.0
2024-04-24 10:06:00,FEAM,1.2100000381469727,1.2100000381469727,1.2100000381469727,1.1799999475479126,1.1799999475479126,1655.0
2024-04-24 10:06:00,FREE,4.820000171661377,4.820000171661377,4.820000171661377,4.820000171661377,4.820000171661377,15026.0
2024-04-24 10:06:00,MAPS,1.090000033378601,1.090000033378601,1.090000033378601,1.090000033378601,1.090000033378601,900.0
2024-04-24 10:06:00,ME,0.47440001368522644,0.47440001368522644,0.47589999437332153,0.47279998660087585,0.47279998660087585,16148.0
2024-04-24 10:06:00,SEAT,5.840000152587891,5.840000152587891,5.849999904632568,5.835000038146973,5.849999904632568,8432.0
2024-04-24 10:06:00,TSVT,4.480000019073486,4.480000019073486,4.480000019073486,4.480000019073486,4.480000019073486,1711.0
2024-04-24 10:06:00,TXG,27.420000076293945,27.420000076293945,27.469999313354492,27.399999618530273,27.469999313354492,5866.0
2024-04-24 10:06:00,VCTR,49.59000015258789,49.59000015258789,49.59000015258789,49.47999954223633,49.47999954223633,415.0
2024-04-24 10:06:00,VERU,1.2999000549316406,1.2999000549316406,1.2999000549316406,1.2900999784469604,1.2949999570846558,6942.0
2024-04-24 10:06:00,VERV,6.889999866485596,6.889999866485596,6.889999866485596,6.864999771118164,6.864999771118164,1945.0
2024-04-24 10:06:00,VERX,29.18000030517578,29.18000030517578,29.344999313354492,29.15999984741211,29.332500457763672,21212.0
2024-04-24 10:06:00,VIAV,8.0,8.0,8.0,7.994999885559082,8.0,6817.0
2024-04-24 10:06:00,VICR,35.18000030517578,35.18000030517578,35.2400016784668,35.04999923706055,35.04999923706055,2266.0
2024-04-24 10:06:00,VINC,0.9700000286102295,0.9700000286102295,0.9700000286102295,0.9700000286102295,0.9700000286102295,457.0
2024-04-24 10:06:00,VIRT,22.3700008392334,22.3700008392334,22.424999237060547,22.364999771118164,22.3700008392334,5332.0
2024-04-24 10:06:00,VITL,27.1200008392334,27.1200008392334,27.170000076293945,27.100000381469727,27.1299991607666,11667.0
2024-04-24 10:06:00,VKTX,67.05000305175781,67.05000305175781,67.05000305175781,66.69000244140625,66.69999694824219,15363.0
2024-04-24 10:06:00,VLCN,0.25099998712539673,0.25099998712539673,0.25290000438690186,0.25,0.25,52199.0
2024-04-24 10:06:00,VMEO,3.5450000762939453,3.5450000762939453,3.5450000762939453,3.5450000762939453,3.5450000762939453,1401.0
2024-04-24 10:06:00,VNOM,40.06999969482422,40.06999969482422,40.06999969482422,40.06999969482422,40.06999969482422,206.0
2024-04-24 10:06:00,VOD,8.5649995803833,8.5649995803833,8.5649995803833,8.560099601745605,8.560099601745605,3562.0
2024-04-24 10:06:00,VOXR,2.0299999713897705,2.0299999713897705,2.0299999713897705,2.0299999713897705,2.0299999713897705,1204.0
2024-04-24 10:06:00,VRDN,14.140000343322754,14.140000343322754,14.15999984741211,14.130000114440918,14.130000114440918,1802.0
2024-04-24 10:06:00,VRRM,24.31999969482422,24.31999969482422,24.31999969482422,24.31999969482422,24.31999969482422,368.0
2024-04-24 10:06:00,VRTX,406.3599853515625,406.3599853515625,406.3599853515625,406.3599853515625,406.3599853515625,2517.0
2024-04-24 10:06:00,VSAT,16.360000610351562,16.360000610351562,16.360000610351562,16.34000015258789,16.360000610351562,1129.0
2024-04-24 10:06:00,VTNR,1.5999000072479248,1.5999000072479248,1.600000023841858,1.590000033378601,1.590000033378601,2585.0
2024-04-24 10:06:00,VTRS,11.28499984741211,11.28499984741211,11.28499984741211,11.265000343322754,11.265000343322754,10363.0
2024-04-24 10:06:00,VTSI,11.960000038146973,11.960000038146973,12.100000381469727,11.949999809265137,12.100000381469727,3356.0
2024-04-24 10:06:00,VUZI,1.339900016784668,1.339900016784668,1.339900016784668,1.339900016784668,1.339900016784668,5435.0
2024-04-24 10:06:00,VYGR,7.590000152587891,7.590000152587891,7.590000152587891,7.570000171661377,7.570000171661377,1286.0
2024-04-24 10:06:00,WB,8.305000305175781,8.305000305175781,8.305000305175781,8.300000190734863,8.300000190734863,2878.0
2024-04-24 10:06:00,WBA,17.71500015258789,17.71500015258789,17.729999542236328,17.709999084472656,17.726699829101562,54393.0
2024-04-24 10:06:00,WBD,8.279999732971191,8.279999732971191,8.287199974060059,8.279999732971191,8.28499984741211,9393.0
2024-04-24 10:06:00,WDAY,256.8500061035156,256.8500061035156,256.8500061035156,256.8500061035156,256.8500061035156,512.0
2024-04-24 10:06:00,WDC,70.18000030517578,70.18000030517578,70.20500183105469,69.99500274658203,69.99500274658203,71904.0
2024-04-24 10:06:00,WDFC,225.41000366210938,225.41000366210938,225.41000366210938,225.1999969482422,225.1999969482422,730.0
2024-04-24 10:06:00,WEN,19.829999923706055,19.829999923706055,19.84000015258789,19.81999969482422,19.84000015258789,8688.0
2024-04-24 10:06:00,WERN,35.56999969482422,35.56999969482422,35.56999969482422,35.56999969482422,35.56999969482422,375.0
2024-04-24 10:06:00,WFRD,123.90350341796875,123.90350341796875,124.08000183105469,123.9000015258789,124.00469970703125,2723.0
2024-04-24 10:06:00,WIMI,0.9000999927520752,0.9000999927520752,0.9282000064849854,0.8763999938964844,0.9279000163078308,104719.0
2024-04-24 10:06:00,WING,364.04998779296875,364.04998779296875,364.05499267578125,363.6400146484375,363.6499938964844,2344.0
2024-04-24 10:06:00,WISA,6.25439977645874,6.25439977645874,6.300000190734863,6.231599807739258,6.260000228881836,18280.0
2024-04-24 10:06:00,WIX,124.3499984741211,124.3499984741211,124.3499984741211,124.3499984741211,124.3499984741211,231.0
2024-04-24 10:06:00,WKHS,0.16339999437332153,0.16339999437332153,0.16349999606609344,0.16300000250339508,0.163100004196167,65190.0
2024-04-24 10:06:00,WKSP,0.3700999915599823,0.3700999915599823,0.3700999915599823,0.3700999915599823,0.3700999915599823,300.0
2024-04-24 10:06:00,WMG,32.29999923706055,32.29999923706055,32.34000015258789,32.2400016784668,32.2400016784668,3560.0
2024-04-24 10:06:00,WRNT,0.2799000144004822,0.2799000144004822,0.2800000011920929,0.2799000144004822,0.2800000011920929,2720.0
2024-04-24 10:06:00,WSC,37.540000915527344,37.540000915527344,37.540000915527344,37.5099983215332,37.5099983215332,2058.0
2024-04-24 10:06:00,WTFC,99.62999725341797,99.62999725341797,99.62999725341797,99.62999725341797,99.62999725341797,350.0
2024-04-24 10:06:00,WTW,264.1300048828125,264.1300048828125,264.1300048828125,264.1300048828125,264.1300048828125,245.0
2024-04-24 10:06:00,WW,1.6799999475479126,1.6799999475479126,1.6898000240325928,1.6799999475479126,1.6799999475479126,14427.0
2024-04-24 10:06:00,WYNN,97.5425033569336,97.5425033569336,97.55999755859375,97.41000366210938,97.45999908447266,3906.0
2024-04-24 10:06:00,XEL,54.90999984741211,54.90999984741211,54.95000076293945,54.869998931884766,54.93000030517578,21596.0
2024-04-24 10:06:00,XENE,40.810001373291016,40.810001373291016,40.810001373291016,40.810001373291016,40.810001373291016,363.0
2024-04-24 10:06:00,XERS,1.7400000095367432,1.7400000095367432,1.7450000047683716,1.7400000095367432,1.7450000047683716,2578.0
2024-04-24 10:06:00,XLO,1.059999942779541,1.059999942779541,1.059999942779541,1.059999942779541,1.059999942779541,121.0
2024-04-24 10:06:00,XMTR,17.059999465942383,17.059999465942383,17.059999465942383,16.989999771118164,16.989999771118164,1603.0
2024-04-24 10:06:00,XNCR,18.200000762939453,18.200000762939453,18.279800415039062,18.200000762939453,18.274999618530273,6987.0
2024-04-24 10:06:00,XP,20.537500381469727,20.537500381469727,20.537500381469727,20.510000228881836,20.514999389648438,10582.0
2024-04-24 10:06:00,XPEL,54.505001068115234,54.505001068115234,54.6150016784668,54.45500183105469,54.45500183105469,606.0
2024-04-24 10:06:00,XRX,14.375,14.375,14.375,14.3100004196167,14.354999542236328,23283.0
2024-04-24 10:06:00,XXII,1.7365000247955322,1.7365000247955322,1.7365000247955322,1.7200000286102295,1.7202999591827393,5032.0
2024-04-24 10:06:00,YOSH,3.9649999141693115,3.9649999141693115,3.9649999141693115,3.9649999141693115,3.9649999141693115,0.0
2024-04-24 10:06:00,Z,44.08000183105469,44.08000183105469,44.09000015258789,44.02000045776367,44.040000915527344,11086.0
2024-04-24 10:06:00,ZBRA,278.239990234375,278.239990234375,278.239990234375,278.0050048828125,278.0050048828125,206.0
2024-04-24 10:06:00,ZD,51.75,51.75,51.75,51.75,51.75,360.0
2024-04-24 10:06:00,ZG,43.4900016784668,43.4900016784668,43.4900016784668,43.41999816894531,43.459999084472656,2721.0
2024-04-24 10:06:00,ZI,15.829999923706055,15.829999923706055,15.829999923706055,15.819999694824219,15.819999694824219,3378.0
2024-04-24 10:06:00,ZION,42.15999984741211,42.15999984741211,42.15999984741211,42.1349983215332,42.150001525878906,3333.0
2024-04-24 10:06:00,ZLAB,15.984999656677246,15.984999656677246,16.0,15.960000038146973,15.960000038146973,1638.0
2024-04-24 10:06:00,ZM,61.58000183105469,61.58000183105469,61.599998474121094,61.560001373291016,61.58000183105469,4126.0
2024-04-24 10:06:00,ZNTL,12.529999732971191,12.529999732971191,12.529999732971191,12.5,12.5,1657.0
2024-04-24 10:06:00,ZS,179.27000427246094,179.27000427246094,179.41000366210938,179.1300048828125,179.30999755859375,5255.0
2024-04-24 10:07:00,DSP,8.96500015258789,8.96500015258789,8.96500015258789,8.9399995803833,8.9399995803833,522.0
2024-04-24 10:07:00,ETNB,8.819999694824219,8.819999694824219,8.819999694824219,8.819999694824219,8.819999694824219,120.0
2024-04-24 10:07:00,FEAM,1.2100000381469727,1.2100000381469727,1.2100000381469727,1.2100000381469727,1.2100000381469727,1909.0
2024-04-24 10:07:00,FREE,4.815000057220459,4.815000057220459,4.820000171661377,4.815000057220459,4.820000171661377,92.0
2024-04-24 10:07:00,MAPS,1.100000023841858,1.100000023841858,1.100000023841858,1.100000023841858,1.100000023841858,0.0
2024-04-24 10:07:00,ME,0.47450000047683716,0.47450000047683716,0.47450000047683716,0.4731000065803528,0.47450000047683716,7548.0
2024-04-24 10:07:00,SEAT,5.824999809265137,5.824999809265137,5.840000152587891,5.824999809265137,5.840000152587891,14101.0
2024-04-24 10:07:00,TSVT,4.479899883270264,4.479899883270264,4.479899883270264,4.465000152587891,4.465000152587891,659.0
2024-04-24 10:07:00,TXG,27.510000228881836,27.510000228881836,27.510000228881836,27.40999984741211,27.40999984741211,4759.0
2024-04-24 10:07:00,VERU,1.2899999618530273,1.2899999618530273,1.2970000505447388,1.2899999618530273,1.2899999618530273,6651.0
2024-04-24 10:07:00,VERV,6.90500020980835,6.90500020980835,6.90500020980835,6.900000095367432,6.900000095367432,1308.0
2024-04-24 10:07:00,VERX,29.139999389648438,29.139999389648438,29.209999084472656,29.0,29.184999465942383,30583.0
2024-04-24 10:07:00,VFF,1.3595999479293823,1.3595999479293823,1.3595999479293823,1.3489999771118164,1.3489999771118164,9344.0
2024-04-24 10:07:00,VFS,2.5299999713897705,2.5299999713897705,2.5299999713897705,2.5299999713897705,2.5299999713897705,4596.0
2024-04-24 10:07:00,VIAV,7.994999885559082,7.994999885559082,8.0,7.994999885559082,8.0,221.0
2024-04-24 10:07:00,VIR,8.130000114440918,8.130000114440918,8.130000114440918,8.119999885559082,8.119999885559082,929.0
2024-04-24 10:07:00,VIRT,22.315000534057617,22.315000534057617,22.375,22.30500030517578,22.360000610351562,6486.0
2024-04-24 10:07:00,VITL,27.190000534057617,27.190000534057617,27.190000534057617,27.1200008392334,27.1200008392334,4219.0
2024-04-24 10:07:00,VKTX,66.9207992553711,66.9207992553711,67.06990051269531,66.9207992553711,67.06990051269531,1246.0
2024-04-24 10:07:00,VLCN,0.25459998846054077,0.25459998846054077,0.25529998540878296,0.25290000438690186,0.2549999952316284,25902.0
2024-04-24 10:07:00,VNET,1.5149999856948853,1.5149999856948853,1.5149999856948853,1.5149999856948853,1.5149999856948853,310.0
2024-04-24 10:07:00,VOD,8.561300277709961,8.561300277709961,8.5649995803833,8.561300277709961,8.5649995803833,926.0
2024-04-24 10:07:00,VRDN,14.154999732971191,14.154999732971191,14.170000076293945,14.154999732971191,14.154999732971191,639.0
2024-04-24 10:07:00,VRNA,15.520000457763672,15.520000457763672,15.520000457763672,15.380000114440918,15.380000114440918,14910.0
2024-04-24 10:07:00,VRRM,24.334999084472656,24.334999084472656,24.334999084472656,24.329999923706055,24.329999923706055,409.0
2024-04-24 10:07:00,VSAT,16.3799991607666,16.3799991607666,16.389999389648438,16.360000610351562,16.360000610351562,1766.0
2024-04-24 10:07:00,VTGN,4.809999942779541,4.809999942779541,4.809999942779541,4.800000190734863,4.800000190734863,3593.0
2024-04-24 10:07:00,VTNR,1.5983999967575073,1.5983999967575073,1.600000023841858,1.5950000286102295,1.5950000286102295,1698.0
2024-04-24 10:07:00,VTRS,11.28499984741211,11.28499984741211,11.295000076293945,11.279999732971191,11.28499984741211,19634.0
2024-04-24 10:07:00,VTSI,12.049200057983398,12.049200057983398,12.059100151062012,12.039999961853027,12.050000190734863,603.0
2024-04-24 10:07:00,VVOS,2.690000057220459,2.690000057220459,2.690000057220459,2.690000057220459,2.690000057220459,531.0
2024-04-24 10:07:00,WAFD,28.15999984741211,28.15999984741211,28.15999984741211,28.149999618530273,28.149999618530273,1326.0
2024-04-24 10:07:00,WB,8.289999961853027,8.289999961853027,8.3149995803833,8.289999961853027,8.3149995803833,3426.0
2024-04-24 10:07:00,WBA,17.725000381469727,17.725000381469727,17.729999542236328,17.709999084472656,17.709999084472656,32833.0
2024-04-24 10:07:00,WBD,8.318499565124512,8.318499565124512,8.318499565124512,8.28499984741211,8.28499984741211,80131.0
2024-04-24 10:07:00,WDAY,257.2699890136719,257.2699890136719,257.3131103515625,256.7900085449219,256.82000732421875,3863.0
2024-04-24 10:07:00,WDC,70.22000122070312,70.22000122070312,70.22000122070312,70.08999633789062,70.16000366210938,30126.0
2024-04-24 10:07:00,WEN,19.864999771118164,19.864999771118164,19.864999771118164,19.84000015258789,19.84000015258789,3304.0
2024-04-24 10:07:00,WFRD,124.24500274658203,124.24500274658203,124.33000183105469,124.0426025390625,124.07499694824219,10227.0
2024-04-24 10:07:00,WIMI,0.9100000262260437,0.9100000262260437,0.9175000190734863,0.8902999758720398,0.9175000190734863,49526.0
2024-04-24 10:07:00,WISA,6.139900207519531,6.139900207519531,6.238999843597412,6.110000133514404,6.230299949645996,20931.0
2024-04-24 10:07:00,WIX,124.5250015258789,124.5250015258789,124.5250015258789,124.5250015258789,124.5250015258789,644.0
2024-04-24 10:07:00,WKHS,0.164000004529953,0.164000004529953,0.164000004529953,0.16339999437332153,0.16349999606609344,98609.0
2024-04-24 10:07:00,WMG,32.2599983215332,32.2599983215332,32.30500030517578,32.22999954223633,32.29999923706055,2623.0
2024-04-24 10:07:00,WSC,37.560001373291016,37.560001373291016,37.560001373291016,37.54999923706055,37.54999923706055,1452.0
2024-04-24 10:07:00,WTFC,99.75,99.75,99.75,99.75,99.75,313.0
2024-04-24 10:07:00,WTW,263.8999938964844,263.8999938964844,264.1000061035156,263.8999938964844,264.1000061035156,991.0
2024-04-24 10:07:00,WVE,4.980000019073486,4.980000019073486,4.980000019073486,4.980000019073486,4.980000019073486,355.0
2024-04-24 10:07:00,WW,1.6799999475479126,1.6799999475479126,1.690000057220459,1.6799999475479126,1.690000057220459,518.0
2024-04-24 10:07:00,WYNN,97.6719970703125,97.6719970703125,97.69000244140625,97.49500274658203,97.50499725341797,3795.0
2024-04-24 10:07:00,XBIT,8.210000038146973,8.210000038146973,8.210000038146973,8.210000038146973,8.210000038146973,557.0
2024-04-24 10:07:00,XEL,54.98500061035156,54.98500061035156,54.98500061035156,54.91999816894531,54.91999816894531,10004.0
2024-04-24 10:07:00,XENE,40.79999923706055,40.79999923706055,40.85499954223633,40.79999923706055,40.85499954223633,2568.0
2024-04-24 10:07:00,XERS,1.7400000095367432,1.7400000095367432,1.7400000095367432,1.7400000095367432,1.7400000095367432,106.0
2024-04-24 10:07:00,XMTR,17.09000015258789,17.09000015258789,17.09000015258789,17.09000015258789,17.09000015258789,244.0
2024-04-24 10:07:00,XP,20.530000686645508,20.530000686645508,20.53499984741211,20.510000228881836,20.53499984741211,6620.0
2024-04-24 10:07:00,XRX,14.404999732971191,14.404999732971191,14.420000076293945,14.364999771118164,14.380000114440918,14657.0
2024-04-24 10:07:00,XXII,1.7200000286102295,1.7200000286102295,1.7200000286102295,1.7200000286102295,1.7200000286102295,745.0
2024-04-24 10:07:00,Z,44.11000061035156,44.11000061035156,44.20000076293945,44.0099983215332,44.04999923706055,16494.0
2024-04-24 10:07:00,ZAPP,4.54010009765625,4.54010009765625,4.54010009765625,4.54010009765625,4.54010009765625,1150.0
2024-04-24 10:07:00,ZBRA,278.30499267578125,278.30499267578125,278.3800048828125,278.2550048828125,278.2550048828125,901.0
2024-04-24 10:07:00,ZG,43.540000915527344,43.540000915527344,43.599998474121094,43.439998626708984,43.459999084472656,5986.0
2024-04-24 10:07:00,ZI,15.869999885559082,15.869999885559082,15.869999885559082,15.84000015258789,15.84000015258789,7524.0
2024-04-24 10:07:00,ZIMV,15.9350004196167,15.9350004196167,15.9350004196167,15.9350004196167,15.9350004196167,310.0
2024-04-24 10:07:00,ZION,42.209999084472656,42.209999084472656,42.217899322509766,42.15999984741211,42.16999816894531,3950.0
2024-04-24 10:07:00,ZLAB,16.010000228881836,16.010000228881836,16.020000457763672,15.979999542236328,16.0,1600.0
2024-04-24 10:07:00,ZM,61.58039855957031,61.58039855957031,61.5900993347168,61.54999923706055,61.56999969482422,3736.0
2024-04-24 10:07:00,ZNTL,12.585000038146973,12.585000038146973,12.585000038146973,12.569999694824219,12.569999694824219,807.0
2024-04-24 10:07:00,ZS,179.08999633789062,179.08999633789062,179.38999938964844,179.08999633789062,179.38999938964844,1617.0
2024-04-24 10:07:00,ZUMZ,16.950000762939453,16.950000762939453,16.950000762939453,16.950000762939453,16.950000762939453,1257.0
2024-04-24 10:07:00,ZURA,3.378999948501587,3.378999948501587,3.4000000953674316,3.378999948501587,3.380000114440918,1990.0
2024-04-24 10:07:00,ZVSA,0.5843999981880188,0.5843999981880188,0.5849000215530396,0.5799999833106995,0.580299973487854,15787.0
2024-04-24 10:07:00,ZYXI,11.5,11.5,11.5,11.5,11.5,357.0
2024-04-24 10:08:00,AIXI,1.2798999547958374,1.2798999547958374,1.2799999713897705,1.2699999809265137,1.2799999713897705,601.0
2024-04-24 10:08:00,COCO,23.80900001525879,23.80900001525879,23.80900001525879,23.80900001525879,23.80900001525879,377.0
2024-04-24 10:08:00,DSP,8.970000267028809,8.970000267028809,8.970000267028809,8.970000267028809,8.970000267028809,314.0
2024-04-24 10:08:00,EGHT,2.2899999618530273,2.2899999618530273,2.2899999618530273,2.2899999618530273,2.2899999618530273,225.0
2024-04-24 10:08:00,ETNB,8.800000190734863,8.800000190734863,8.819999694824219,8.800000190734863,8.819999694824219,6246.0
2024-04-24 10:08:00,FEAM,1.2100000381469727,1.2100000381469727,1.2100000381469727,1.2100000381469727,1.2100000381469727,13742.0
2024-04-24 10:08:00,FLWS,9.239999771118164,9.239999771118164,9.239999771118164,9.239999771118164,9.239999771118164,526.0
2024-04-24 10:08:00,MAPS,1.100000023841858,1.100000023841858,1.100000023841858,1.100000023841858,1.100000023841858,200.0
2024-04-24 10:08:00,MASS,5.630000114440918,5.630000114440918,5.630000114440918,5.630000114440918,5.630000114440918,844.0
2024-04-24 10:08:00,ME,0.4731000065803528,0.4731000065803528,0.4754999876022339,0.4731000065803528,0.4754999876022339,959.0
2024-04-24 10:08:00,TSVT,4.460000038146973,4.460000038146973,4.46999979019165,4.460000038146973,4.46999979019165,2686.0
2024-04-24 10:08:00,TWOU,0.24079999327659607,0.24079999327659607,0.24079999327659607,0.24079999327659607,0.24079999327659607,716.0
2024-04-24 10:08:00,TXG,27.520000457763672,27.520000457763672,27.520000457763672,27.510000228881836,27.510000228881836,1570.0
2024-04-24 10:08:00,VC,111.5999984741211,111.5999984741211,111.61000061035156,111.58000183105469,111.59500122070312,3291.0
2024-04-24 10:08:00,VCTR,49.5099983215332,49.5099983215332,49.59000015258789,49.5099983215332,49.59000015258789,706.0
2024-04-24 10:08:00,VERU,1.2899999618530273,1.2899999618530273,1.2949999570846558,1.2899999618530273,1.2949999570846558,600.0
2024-04-24 10:08:00,VERV,6.880000114440918,6.880000114440918,6.880000114440918,6.880000114440918,6.880000114440918,644.0
2024-04-24 10:08:00,VERX,29.125,29.125,29.15999984741211,29.100000381469727,29.145000457763672,19883.0
2024-04-24 10:08:00,VFF,1.350000023841858,1.350000023841858,1.3600000143051147,1.350000023841858,1.3600000143051147,5089.0
2024-04-24 10:08:00,VFS,2.5387001037597656,2.5387001037597656,2.5399999618530273,2.5299999713897705,2.536600112915039,5246.0
2024-04-24 10:08:00,VIAV,7.989999771118164,7.989999771118164,8.0,7.989999771118164,8.0,400.0
2024-04-24 10:08:00,VINC,0.9528999924659729,0.9528999924659729,0.9528999924659729,0.9528999924659729,0.9528999924659729,5372.0
2024-04-24 10:08:00,VIR,8.140000343322754,8.140000343322754,8.140000343322754,8.132499694824219,8.135000228881836,2880.0
2024-04-24 10:08:00,VIRT,22.30500030517578,22.30500030517578,22.309999465942383,22.270000457763672,22.291000366210938,10175.0
2024-04-24 10:08:00,VIRX,0.8438000082969666,0.8438000082969666,0.8438000082969666,0.8438000082969666,0.8438000082969666,228.0
2024-04-24 10:08:00,VITL,27.35890007019043,27.35890007019043,27.35890007019043,27.200000762939453,27.219999313354492,16118.0
2024-04-24 10:08:00,VKTX,67.0999984741211,67.0999984741211,67.11000061035156,67.02999877929688,67.0470962524414,5181.0
2024-04-24 10:08:00,VLCN,0.2554999887943268,0.2554999887943268,0.2563000023365021,0.2549999952316284,0.2563000023365021,4653.0
2024-04-24 10:08:00,VMEO,3.5450000762939453,3.5450000762939453,3.5450000762939453,3.5450000762939453,3.5450000762939453,4174.0
2024-04-24 10:08:00,VNET,1.5149999856948853,1.5149999856948853,1.5149999856948853,1.5149999856948853,1.5149999856948853,6971.0
2024-04-24 10:08:00,VNOM,40.099998474121094,40.099998474121094,40.099998474121094,40.099998474121094,40.099998474121094,205.0
2024-04-24 10:08:00,VOD,8.579999923706055,8.579999923706055,8.579999923706055,8.5649995803833,8.569999694824219,16198.0
2024-04-24 10:08:00,VOR,1.8200000524520874,1.8200000524520874,1.8350000381469727,1.8200000524520874,1.8350000381469727,3238.0
2024-04-24 10:08:00,VRDN,14.119999885559082,14.119999885559082,14.154999732971191,14.119999885559082,14.154999732971191,1758.0
2024-04-24 10:08:00,VRNA,15.5,15.5,15.510000228881836,15.5,15.510000228881836,868.0
2024-04-24 10:08:00,VRRM,24.350000381469727,24.350000381469727,24.350000381469727,24.34749984741211,24.34749984741211,734.0
2024-04-24 10:08:00,VRTS,231.10000610351562,231.10000610351562,231.10000610351562,230.41079711914062,230.41079711914062,3114.0
2024-04-24 10:08:00,VRTX,405.6300048828125,405.6300048828125,405.6300048828125,405.5400085449219,405.6199951171875,3017.0
2024-04-24 10:08:00,VSAT,16.399900436401367,16.399900436401367,16.399999618530273,16.389999389648438,16.389999389648438,2085.0
2024-04-24 10:08:00,VTGN,4.800000190734863,4.800000190734863,4.801000118255615,4.800000190734863,4.801000118255615,432.0
2024-04-24 10:08:00,VTNR,1.600000023841858,1.600000023841858,1.600000023841858,1.590000033378601,1.590000033378601,4507.0
2024-04-24 10:08:00,VTRS,11.300000190734863,11.300000190734863,11.300000190734863,11.28499984741211,11.289999961853027,10080.0
2024-04-24 10:08:00,VTSI,11.930000305175781,11.930000305175781,11.989999771118164,11.930000305175781,11.989999771118164,1027.0
2024-04-24 10:08:00,VUZI,1.3350000381469727,1.3350000381469727,1.3350000381469727,1.3350000381469727,1.3350000381469727,241.0
2024-04-24 10:08:00,VVOS,2.6700000762939453,2.6700000762939453,2.6700000762939453,2.6700000762939453,2.6700000762939453,1006.0
2024-04-24 10:08:00,WAFD,28.170000076293945,28.170000076293945,28.18000030517578,28.170000076293945,28.18000030517578,810.0
2024-04-24 10:08:00,WBA,17.71500015258789,17.71500015258789,17.729999542236328,17.71500015258789,17.725000381469727,21208.0
2024-04-24 10:08:00,WBD,8.305000305175781,8.305000305175781,8.3149995803833,8.305000305175781,8.3149995803833,26908.0
2024-04-24 10:08:00,WDAY,257.25,257.25,257.29998779296875,257.25,257.2749938964844,1557.0
2024-04-24 10:08:00,WDC,70.30000305175781,70.30000305175781,70.3499984741211,70.22000122070312,70.22000122070312,29607.0
2024-04-24 10:08:00,WDFC,225.69000244140625,225.69000244140625,225.69000244140625,225.69000244140625,225.69000244140625,452.0
2024-04-24 10:08:00,WEN,19.8700008392334,19.8700008392334,19.8700008392334,19.8700008392334,19.8700008392334,1791.0
2024-04-24 10:08:00,WERN,35.619998931884766,35.619998931884766,35.619998931884766,35.59000015258789,35.59000015258789,618.0
2024-04-24 10:08:00,WFRD,124.3550033569336,124.3550033569336,124.41999816894531,124.05149841308594,124.05149841308594,2175.0
2024-04-24 10:08:00,WIMI,0.8955000042915344,0.8955000042915344,0.9093999862670898,0.891700029373169,0.9093000292778015,10908.0
2024-04-24 10:08:00,WISA,6.129899978637695,6.129899978637695,6.170000076293945,6.099999904632568,6.133600234985352,29062.0
2024-04-24 10:08:00,WIX,124.7699966430664,124.7699966430664,124.7699966430664,124.7699966430664,124.7699966430664,470.0
2024-04-24 10:08:00,WKHS,0.16380000114440918,0.16380000114440918,0.16500000655651093,0.16380000114440918,0.164000004529953,409793.0
2024-04-24 10:08:00,WKME,7.920000076293945,7.920000076293945,7.929999828338623,7.920000076293945,7.929999828338623,451.0
2024-04-24 10:08:00,WMG,32.2400016784668,32.2400016784668,32.26499938964844,32.22999954223633,32.2599983215332,2959.0
2024-04-24 10:08:00,WRLD,140.0,140.0,140.0050048828125,140.0,140.0,1743.0
2024-04-24 10:08:00,WSC,37.6349983215332,37.6349983215332,37.63999938964844,37.59000015258789,37.59000015258789,5410.0
2024-04-24 10:08:00,WTFC,99.7249984741211,99.7249984741211,99.80000305175781,99.7249984741211,99.7699966430664,701.0
2024-04-24 10:08:00,WTW,264.17999267578125,264.17999267578125,264.17999267578125,264.1400146484375,264.1400146484375,497.0
2024-04-24 10:08:00,WVE,4.980000019073486,4.980000019073486,4.989999771118164,4.980000019073486,4.989999771118164,666.0
2024-04-24 10:08:00,WW,1.684999942779541,1.684999942779541,1.690000057220459,1.6799999475479126,1.6799999475479126,2947.0
2024-04-24 10:08:00,WYNN,97.66000366210938,97.66000366210938,97.69000244140625,97.62000274658203,97.62000274658203,1413.0
2024-04-24 10:08:00,XEL,54.970001220703125,54.970001220703125,54.9900016784668,54.95000076293945,54.98500061035156,8033.0
2024-04-24 10:08:00,XERS,1.7454999685287476,1.7454999685287476,1.7454999685287476,1.7454999685287476,1.7454999685287476,2500.0
2024-04-24 10:08:00,XFOR,1.25,1.25,1.25,1.2450000047683716,1.2450000047683716,2314.0
2024-04-24 10:08:00,XLO,1.059999942779541,1.059999942779541,1.059999942779541,1.059999942779541,1.059999942779541,3099.0
2024-04-24 10:08:00,XMTR,17.1200008392334,17.1200008392334,17.1200008392334,17.1200008392334,17.1200008392334,193.0
2024-04-24 10:08:00,XP,20.530000686645508,20.530000686645508,20.53499984741211,20.520000457763672,20.524999618530273,7519.0
2024-04-24 10:08:00,XPEL,54.474998474121094,54.474998474121094,54.474998474121094,54.474998474121094,54.474998474121094,197.0
2024-04-24 10:08:00,XRX,14.40999984741211,14.40999984741211,14.4350004196167,14.390000343322754,14.40999984741211,7635.0
2024-04-24 10:08:00,YJ,0.720300018787384,0.720300018787384,0.720300018787384,0.720300018787384,0.720300018787384,122.0
2024-04-24 10:08:00,YS,0.8100000023841858,0.8100000023841858,0.8100000023841858,0.8100000023841858,0.8100000023841858,856.0
2024-04-24 10:08:00,Z,44.125,44.125,44.16999816894531,44.125,44.16999816894531,2169.0
2024-04-24 10:08:00,ZBRA,278.8349914550781,278.8349914550781,278.8349914550781,278.4750061035156,278.5899963378906,1334.0
2024-04-24 10:08:00,ZCMD,1.6261999607086182,1.6261999607086182,1.6299999952316284,1.6261999607086182,1.6299999952316284,4860.0
2024-04-24 10:08:00,ZD,51.7599983215332,51.7599983215332,51.779998779296875,51.7599983215332,51.779998779296875,657.0
2024-04-24 10:08:00,ZI,15.864999771118164,15.864999771118164,15.869999885559082,15.864999771118164,15.869999885559082,2960.0
2024-04-24 10:08:00,ZIMV,15.989999771118164,15.989999771118164,16.0,15.960000038146973,15.960000038146973,2148.0
2024-04-24 10:08:00,ZION,42.19499969482422,42.19499969482422,42.25,42.19499969482422,42.220001220703125,1395.0
2024-04-24 10:08:00,ZLAB,15.949999809265137,15.949999809265137,16.010000228881836,15.949999809265137,16.010000228881836,372.0
2024-04-24 10:08:00,ZM,61.5,61.5,61.560001373291016,61.5,61.560001373291016,8648.0
2024-04-24 10:08:00,ZS,179.2050018310547,179.2050018310547,179.3000030517578,179.10000610351562,179.13999938964844,938.0
2024-04-24 10:08:00,ZUMZ,16.979999542236328,16.979999542236328,16.989999771118164,16.979999542236328,16.979999542236328,2589.0
2024-04-24 10:08:00,ZVRA,4.554999828338623,4.554999828338623,4.554999828338623,4.554999828338623,4.554999828338623,200.0
2024-04-24 10:08:00,ZVSA,0.5799999833106995,0.5799999833106995,0.5799999833106995,0.5799999833106995,0.5799999833106995,183.0
2024-04-24 10:09:00,DSP,8.930000305175781,8.930000305175781,8.930000305175781,8.930000305175781,8.930000305175781,484.0
2024-04-24 10:09:00,EGHT,2.2850000858306885,2.2850000858306885,2.2850000858306885,2.2850000858306885,2.2850000858306885,115.0
2024-04-24 10:09:00,ETNB,8.779999732971191,8.779999732971191,8.779999732971191,8.779999732971191,8.779999732971191,349.0
2024-04-24 10:09:00,FDMT,25.1200008392334,25.1200008392334,25.1200008392334,25.1200008392334,25.1200008392334,493.0
2024-04-24 10:09:00,GV,0.15000000596046448,0.15000000596046448,0.15000000596046448,0.15000000596046448,0.15000000596046448,190.0
2024-04-24 10:09:00,HOWL,6.590000152587891,6.590000152587891,6.590000152587891,6.590000152587891,6.590000152587891,1211.0
2024-04-24 10:09:00,MAPS,1.100000023841858,1.100000023841858,1.100000023841858,1.0800000429153442,1.0800000429153442,600.0
2024-04-24 10:09:00,MASS,5.630000114440918,5.630000114440918,5.630000114440918,5.619999885559082,5.619999885559082,938.0
2024-04-24 10:09:00,ME,0.4731000065803528,0.4731000065803528,0.4756999909877777,0.4731000065803528,0.4731000065803528,1657.0
2024-04-24 10:09:00,TWOU,0.24009999632835388,0.24009999632835388,0.24230000376701355,0.24009999632835388,0.24230000376701355,8686.0
2024-04-24 10:09:00,TXG,27.479999542236328,27.479999542236328,27.530000686645508,27.44499969482422,27.530000686645508,3765.0
2024-04-24 10:09:00,VC,111.5,111.5,111.5,111.5,111.5,1089.0
2024-04-24 10:09:00,VCTR,49.65999984741211,49.65999984741211,49.65999984741211,49.65999984741211,49.65999984741211,329.0
2024-04-24 10:09:00,VERU,1.2899999618530273,1.2899999618530273,1.2994999885559082,1.2899999618530273,1.2899999618530273,2210.0
2024-04-24 10:09:00,VERV,6.869999885559082,6.869999885559082,6.90749979019165,6.869999885559082,6.90749979019165,1889.0
2024-04-24 10:09:00,VERX,29.100000381469727,29.100000381469727,29.149999618530273,29.050600051879883,29.09000015258789,4772.0
2024-04-24 10:09:00,VFS,2.539099931716919,2.539099931716919,2.539099931716919,2.5299999713897705,2.5325000286102295,5228.0
2024-04-24 10:09:00,VIAV,7.994999885559082,7.994999885559082,7.997499942779541,7.989999771118164,7.997499942779541,5366.0
2024-04-24 10:09:00,VICR,35.52000045776367,35.52000045776367,35.52000045776367,35.349998474121094,35.349998474121094,1660.0
2024-04-24 10:09:00,VIR,8.145000457763672,8.145000457763672,8.145000457763672,8.140000343322754,8.140000343322754,525.0
2024-04-24 10:09:00,VIRT,22.295000076293945,22.295000076293945,22.30500030517578,22.260000228881836,22.299999237060547,11596.0
2024-04-24 10:09:00,VITL,27.25,27.25,27.3700008392334,27.25,27.350000381469727,17871.0
2024-04-24 10:09:00,VIVK,1.6050000190734863,1.6050000190734863,1.6399999856948853,1.600000023841858,1.6399999856948853,4550.0
2024-04-24 10:09:00,VKTX,67.08000183105469,67.08000183105469,67.1500015258789,66.9834976196289,67.0780029296875,13482.0
2024-04-24 10:09:00,VLCN,0.25290000438690186,0.25290000438690186,0.25589999556541443,0.25290000438690186,0.25519999861717224,33114.0
2024-04-24 10:09:00,VMD,8.100000381469727,8.100000381469727,8.109999656677246,8.100000381469727,8.109999656677246,743.0
2024-04-24 10:09:00,VMEO,3.5399999618530273,3.5399999618530273,3.5450000762939453,3.5399999618530273,3.5450000762939453,431.0
2024-04-24 10:09:00,VNOM,40.099998474121094,40.099998474121094,40.099998474121094,40.099998474121094,40.099998474121094,607.0
2024-04-24 10:09:00,VOD,8.560700416564941,8.560700416564941,8.579999923706055,8.560700416564941,8.579999923706055,14623.0
2024-04-24 10:09:00,VOXR,2.0299999713897705,2.0299999713897705,2.0299999713897705,2.0299999713897705,2.0299999713897705,210.0
2024-04-24 10:09:00,VRDN,14.0600004196167,14.0600004196167,14.140000343322754,14.0600004196167,14.125,3195.0
2024-04-24 10:09:00,VRNA,15.489999771118164,15.489999771118164,15.5,15.489999771118164,15.5,911.0
2024-04-24 10:09:00,VRRM,24.360000610351562,24.360000610351562,24.375,24.360000610351562,24.360000610351562,1287.0
2024-04-24 10:09:00,VRTX,404.5,404.5,404.885009765625,404.5,404.885009765625,2169.0
2024-04-24 10:09:00,VSAT,16.43000030517578,16.43000030517578,16.43000030517578,16.360000610351562,16.3700008392334,11935.0
2024-04-24 10:09:00,VTNR,1.600000023841858,1.600000023841858,1.600000023841858,1.600000023841858,1.600000023841858,941.0
2024-04-24 10:09:00,VTRS,11.3149995803833,11.3149995803833,11.3149995803833,11.305000305175781,11.305000305175781,10720.0
2024-04-24 10:09:00,VTSI,11.979999542236328,11.979999542236328,12.024499893188477,11.979999542236328,12.024499893188477,3000.0
2024-04-24 10:09:00,VUZI,1.3350000381469727,1.3350000381469727,1.3350000381469727,1.3350000381469727,1.3350000381469727,360.0
2024-04-24 10:09:00,VYGR,7.578199863433838,7.578199863433838,7.579999923706055,7.578199863433838,7.579999923706055,1034.0
2024-04-24 10:09:00,WAFD,28.1200008392334,28.1200008392334,28.1299991607666,28.100000381469727,28.1299991607666,2534.0
2024-04-24 10:09:00,WB,8.28499984741211,8.28499984741211,8.28499984741211,8.281599998474121,8.28499984741211,2234.0
2024-04-24 10:09:00,WBA,17.700000762939453,17.700000762939453,17.719999313354492,17.700000762939453,17.719999313354492,43961.0
2024-04-24 10:09:00,WBD,8.309900283813477,8.309900283813477,8.309900283813477,8.294699668884277,8.305000305175781,86100.0
2024-04-24 10:09:00,WDAY,257.1300048828125,257.1300048828125,257.3800048828125,257.1300048828125,257.3500061035156,954.0
2024-04-24 10:09:00,WDC,70.30999755859375,70.30999755859375,70.41000366210938,70.29000091552734,70.29000091552734,27768.0
2024-04-24 10:09:00,WEN,19.875,19.875,19.875,19.864999771118164,19.864999771118164,1690.0
2024-04-24 10:09:00,WERN,35.58000183105469,35.58000183105469,35.58000183105469,35.58000183105469,35.58000183105469,747.0
2024-04-24 10:09:00,WFRD,124.31500244140625,124.31500244140625,124.58000183105469,124.16999816894531,124.37090301513672,6783.0
2024-04-24 10:09:00,WHLM,6.900000095367432,6.900000095367432,7.5,6.5100998878479,6.690000057220459,39687.0
2024-04-24 10:09:00,WIMI,0.8950999975204468,0.8950999975204468,0.8989999890327454,0.8919000029563904,0.8989999890327454,13644.0
2024-04-24 10:09:00,WING,363.7250061035156,363.7250061035156,363.7250061035156,363.7250061035156,363.7250061035156,943.0
2024-04-24 10:09:00,WISA,6.039999961853027,6.039999961853027,6.110099792480469,6.019999980926514,6.110000133514404,61791.0
2024-04-24 10:09:00,WKHS,0.164000004529953,0.164000004529953,0.164900004863739,0.16339999437332153,0.164900004863739,549140.0
2024-04-24 10:09:00,WKME,7.960000038146973,7.960000038146973,7.960000038146973,7.960000038146973,7.960000038146973,492.0
2024-04-24 10:09:00,WMG,32.209999084472656,32.209999084472656,32.209999084472656,32.209999084472656,32.209999084472656,177.0
2024-04-24 10:09:00,WRLD,140.06500244140625,140.06500244140625,140.33999633789062,140.06500244140625,140.33999633789062,828.0
2024-04-24 10:09:00,WSC,37.599998474121094,37.599998474121094,37.65999984741211,37.599998474121094,37.65999984741211,3297.0
2024-04-24 10:09:00,WSFS,44.58000183105469,44.58000183105469,44.619998931884766,44.58000183105469,44.619998931884766,904.0
2024-04-24 10:09:00,WTFC,99.55000305175781,99.55000305175781,99.55000305175781,99.55000305175781,99.55000305175781,319.0
2024-04-24 10:09:00,WTW,264.0799865722656,264.0799865722656,264.0799865722656,263.9200134277344,263.9200134277344,307.0
2024-04-24 10:09:00,WW,1.6799999475479126,1.6799999475479126,1.6799999475479126,1.6799999475479126,1.6799999475479126,200.0
2024-04-24 10:09:00,WYNN,97.6050033569336,97.6050033569336,97.6050033569336,97.55010223388672,97.56539916992188,1177.0
2024-04-24 10:09:00,XEL,54.95000076293945,54.95000076293945,54.9900016784668,54.939998626708984,54.97999954223633,7422.0
2024-04-24 10:09:00,XENE,40.61000061035156,40.61000061035156,40.61000061035156,40.61000061035156,40.61000061035156,618.0
2024-04-24 10:09:00,XERS,1.7400000095367432,1.7400000095367432,1.7400000095367432,1.7400000095367432,1.7400000095367432,701.0
2024-04-24 10:09:00,XLO,1.059999942779541,1.059999942779541,1.059999942779541,1.055400013923645,1.055400013923645,1677.0
2024-04-24 10:09:00,XNCR,18.200000762939453,18.200000762939453,18.200000762939453,18.200000762939453,18.200000762939453,366.0
2024-04-24 10:09:00,XP,20.520000457763672,20.520000457763672,20.524999618530273,20.514999389648438,20.524999618530273,3417.0
2024-04-24 10:09:00,XRX,14.385000228881836,14.385000228881836,14.414999961853027,14.359999656677246,14.414999961853027,10874.0
2024-04-24 10:09:00,XXII,1.7100000381469727,1.7100000381469727,1.7200000286102295,1.7100000381469727,1.7200000286102295,2352.0
2024-04-24 10:09:00,YMAB,15.369999885559082,15.369999885559082,15.390000343322754,15.34000015258789,15.359999656677246,6067.0
2024-04-24 10:09:00,Z,44.04499816894531,44.04499816894531,44.119998931884766,44.04159927368164,44.119998931884766,3508.0
2024-04-24 10:09:00,ZBRA,278.9949951171875,278.9949951171875,279.0249938964844,278.8399963378906,278.8399963378906,1969.0
2024-04-24 10:09:00,ZCMD,1.6699999570846558,1.6699999570846558,1.6699999570846558,1.6699999570846558,1.6699999570846558,0.0
2024-04-24 10:09:00,ZD,51.790000915527344,51.790000915527344,51.849998474121094,51.790000915527344,51.810001373291016,1079.0
2024-04-24 10:09:00,ZG,43.47999954223633,43.47999954223633,43.47999954223633,43.47999954223633,43.47999954223633,673.0
2024-04-24 10:09:00,ZI,15.854999542236328,15.854999542236328,15.859999656677246,15.854999542236328,15.859999656677246,1629.0
2024-04-24 10:09:00,ZIMV,15.97249984741211,15.97249984741211,15.97249984741211,15.97249984741211,15.97249984741211,384.0
2024-04-24 10:09:00,ZION,42.15999984741211,42.15999984741211,42.18000030517578,42.146400451660156,42.16999816894531,1728.0
2024-04-24 10:09:00,ZLAB,15.920000076293945,15.920000076293945,15.9399995803833,15.920000076293945,15.9399995803833,2338.0
2024-04-24 10:09:00,ZM,61.5,61.5,61.540000915527344,61.459999084472656,61.459999084472656,11520.0
2024-04-24 10:09:00,ZNTL,12.489999771118164,12.489999771118164,12.550000190734863,12.489999771118164,12.550000190734863,2018.0
2024-04-24 10:09:00,ZS,179.11000061035156,179.11000061035156,179.11000061035156,178.8760986328125,179.08999633789062,4075.0
2024-04-24 10:09:00,ZURA,3.4100000858306885,3.4100000858306885,3.4100000858306885,3.4100000858306885,3.4100000858306885,262.0
2024-04-24 10:09:00,ZVRA,4.545000076293945,4.545000076293945,4.550000190734863,4.545000076293945,4.550000190734863,592.0
2024-04-24 10:09:00,ZYME,8.670000076293945,8.670000076293945,8.670000076293945,8.670000076293945,8.670000076293945,232.0
2024-04-24 10:10:00,AIXI,1.2798999547958374,1.2798999547958374,1.2798999547958374,1.2798999547958374,1.2798999547958374,4100.0
2024-04-24 10:10:00,COCO,23.774999618530273,23.774999618530273,23.799999237060547,23.770000457763672,23.799999237060547,2042.0
2024-04-24 10:10:00,DIBS,5.360000133514404,5.360000133514404,5.380000114440918,5.355000019073486,5.360000133514404,2054.0
2024-04-24 10:10:00,DSP,8.9399995803833,8.9399995803833,8.9399995803833,8.9399995803833,8.9399995803833,422.0
2024-04-24 10:10:00,EGHT,2.2850000858306885,2.2850000858306885,2.2850000858306885,2.2850000858306885,2.2850000858306885,363.0
2024-04-24 10:10:00,ETNB,8.789999961853027,8.789999961853027,8.789999961853027,8.789999961853027,8.789999961853027,859.0
2024-04-24 10:10:00,HOWL,6.553699970245361,6.553699970245361,6.553699970245361,6.553699970245361,6.553699970245361,5390.0
2024-04-24 10:10:00,MAPS,1.100000023841858,1.100000023841858,1.100000023841858,1.100000023841858,1.100000023841858,599.0
2024-04-24 10:10:00,MASS,5.639999866485596,5.639999866485596,5.639999866485596,5.639999866485596,5.639999866485596,147.0
2024-04-24 10:10:00,ME,0.47450000047683716,0.47450000047683716,0.4758000075817108,0.47440001368522644,0.4758000075817108,811.0
2024-04-24 10:10:00,SEAT,5.824999809265137,5.824999809265137,5.824999809265137,5.824999809265137,5.824999809265137,19556.0
2024-04-24 10:10:00,TKLF,0.23000000417232513,0.23000000417232513,0.23170000314712524,0.23000000417232513,0.23170000314712524,10783.0
2024-04-24 10:10:00,TWOU,0.24079999327659607,0.24079999327659607,0.24079999327659607,0.24079999327659607,0.24079999327659607,0.0
2024-04-24 10:10:00,TXG,27.459999084472656,27.459999084472656,27.530000686645508,27.450000762939453,27.530000686645508,5150.0
2024-04-24 10:10:00,VCTR,49.66999816894531,49.66999816894531,49.66999816894531,49.66999816894531,49.66999816894531,181.0
2024-04-24 10:10:00,VERU,1.2899999618530273,1.2899999618530273,1.2999999523162842,1.2899999618530273,1.2989000082015991,3088.0
2024-04-24 10:10:00,VERV,6.869999885559082,6.869999885559082,6.897299766540527,6.869999885559082,6.885000228881836,1446.0
2024-04-24 10:10:00,VERX,29.049999237060547,29.049999237060547,29.149999618530273,29.049999237060547,29.110000610351562,52732.0
2024-04-24 10:10:00,VFF,1.350000023841858,1.350000023841858,1.350000023841858,1.350000023841858,1.350000023841858,320.0
2024-04-24 10:10:00,VFS,2.5299999713897705,2.5299999713897705,2.5380001068115234,2.5299999713897705,2.5380001068115234,9071.0
2024-04-24 10:10:00,VIAV,7.989999771118164,7.989999771118164,8.0,7.989999771118164,7.994999885559082,955.0
2024-04-24 10:10:00,VIGL,2.819999933242798,2.819999933242798,2.819999933242798,2.819999933242798,2.819999933242798,237.0
2024-04-24 10:10:00,VIR,8.142499923706055,8.142499923706055,8.142499923706055,8.142499923706055,8.142499923706055,213.0
2024-04-24 10:10:00,VIRT,22.31999969482422,22.31999969482422,22.329999923706055,22.295000076293945,22.295000076293945,6652.0
2024-04-24 10:10:00,VITL,27.219999313354492,27.219999313354492,27.280000686645508,27.200000762939453,27.23200035095215,5047.0
2024-04-24 10:10:00,VIVK,1.6098999977111816,1.6098999977111816,1.6098999977111816,1.6098999977111816,1.6098999977111816,100.0
2024-04-24 10:10:00,VKTX,67.44000244140625,67.44000244140625,67.4800033569336,67.10030364990234,67.16000366210938,21262.0
2024-04-24 10:10:00,VLCN,0.25099998712539673,0.25099998712539673,0.2529999911785126,0.25099998712539673,0.2529999911785126,16122.0
2024-04-24 10:10:00,VMEO,3.5450000762939453,3.5450000762939453,3.5450000762939453,3.5450000762939453,3.5450000762939453,10080.0
2024-04-24 10:10:00,VOD,8.5649995803833,8.5649995803833,8.5649995803833,8.5649995803833,8.5649995803833,1500.0
2024-04-24 10:10:00,VRDN,14.085000038146973,14.085000038146973,14.095399856567383,14.085000038146973,14.085000038146973,447.0
2024-04-24 10:10:00,VRRM,24.364999771118164,24.364999771118164,24.364999771118164,24.364999771118164,24.364999771118164,6735.0
2024-04-24 10:10:00,VRTS,231.375,231.375,231.99000549316406,231.375,231.99000549316406,307.0
2024-04-24 10:10:00,VRTX,404.67999267578125,404.67999267578125,404.67999267578125,404.42999267578125,404.42999267578125,1626.0
2024-04-24 10:10:00,VTNR,1.5950000286102295,1.5950000286102295,1.5982999801635742,1.5950000286102295,1.5982999801635742,573.0
2024-04-24 10:10:00,VTRS,11.329999923706055,11.329999923706055,11.34000015258789,11.319999694824219,11.319999694824219,6187.0
2024-04-24 10:10:00,VTSI,11.880800247192383,11.880800247192383,11.970000267028809,11.880800247192383,11.930000305175781,2433.0
2024-04-24 10:10:00,VUZI,1.340000033378601,1.340000033378601,1.340000033378601,1.340000033378601,1.340000033378601,500.0
2024-04-24 10:10:00,WAFD,28.155000686645508,28.155000686645508,28.155000686645508,28.155000686645508,28.155000686645508,401.0
2024-04-24 10:10:00,WB,8.274999618530273,8.274999618530273,8.279999732971191,8.274999618530273,8.279999732971191,1011.0
2024-04-24 10:10:00,WBA,17.704999923706055,17.704999923706055,17.709999084472656,17.690000534057617,17.70989990234375,36954.0
2024-04-24 10:10:00,WBD,8.329899787902832,8.329899787902832,8.329899787902832,8.30150032043457,8.305000305175781,114918.0
2024-04-24 10:10:00,WDAY,257.19000244140625,257.19000244140625,257.31500244140625,257.19000244140625,257.2950134277344,1879.0
2024-04-24 10:10:00,WDC,70.25,70.25,70.2699966430664,70.19999694824219,70.25,9315.0
2024-04-24 10:10:00,WDFC,225.89999389648438,225.89999389648438,225.89999389648438,225.89999389648438,225.89999389648438,2241.0
2024-04-24 10:10:00,WEN,19.8799991607666,19.8799991607666,19.885000228881836,19.8799991607666,19.8799991607666,1994.0
2024-04-24 10:10:00,WERN,35.60499954223633,35.60499954223633,35.619998931884766,35.60499954223633,35.61000061035156,763.0
2024-04-24 10:10:00,WFRD,124.18000030517578,124.18000030517578,124.18000030517578,124.18000030517578,124.18000030517578,947.0
2024-04-24 10:10:00,WHF,12.728699684143066,12.728699684143066,12.728699684143066,12.728699684143066,12.728699684143066,270.0
2024-04-24 10:10:00,WHLM,6.7820000648498535,6.7820000648498535,7.239999771118164,6.699999809265137,6.989999771118164,17059.0
2024-04-24 10:10:00,WIMI,0.9099000096321106,0.9099000096321106,0.9150000214576721,0.8920999765396118,0.8920999765396118,99762.0
2024-04-24 10:10:00,WING,363.30499267578125,363.30499267578125,364.2699890136719,363.30499267578125,364.0,6166.0
2024-04-24 10:10:00,WISA,6.184999942779541,6.184999942779541,6.210000038146973,6.021299839019775,6.030099868774414,39279.0
2024-04-24 10:10:00,WIX,124.52999877929688,124.52999877929688,124.66999816894531,124.51000213623047,124.66000366210938,2615.0
2024-04-24 10:10:00,WKHS,0.16369999945163727,0.16369999945163727,0.16419999301433563,0.16369999945163727,0.16419999301433563,3500.0
2024-04-24 10:10:00,WMG,32.20000076293945,32.20000076293945,32.23500061035156,32.20000076293945,32.22999954223633,2240.0
2024-04-24 10:10:00,WRLD,139.8000030517578,139.8000030517578,140.0,139.8000030517578,140.0,1257.0
2024-04-24 10:10:00,WSC,37.619998931884766,37.619998931884766,37.619998931884766,37.61000061035156,37.61000061035156,1200.0
2024-04-24 10:10:00,WSFS,44.619998931884766,44.619998931884766,44.689998626708984,44.619998931884766,44.650001525878906,1028.0
2024-04-24 10:10:00,WTW,264.0799865722656,264.0799865722656,264.0799865722656,264.0799865722656,264.0799865722656,971.0
2024-04-24 10:10:00,WVE,5.010000228881836,5.010000228881836,5.010000228881836,4.989999771118164,4.989999771118164,1251.0
2024-04-24 10:10:00,WW,1.684999942779541,1.684999942779541,1.690000057220459,1.6799999475479126,1.690000057220459,1377.0
2024-04-24 10:10:00,WWD,150.56500244140625,150.56500244140625,150.64999389648438,150.50999450683594,150.50999450683594,2128.0
2024-04-24 10:10:00,WYNN,97.625,97.625,97.6449966430664,97.62000274658203,97.62000274658203,1334.0
2024-04-24 10:10:00,XEL,54.94499969482422,54.94499969482422,54.96500015258789,54.93000030517578,54.935001373291016,17870.0
2024-04-24 10:10:00,XMTR,17.170000076293945,17.170000076293945,17.170000076293945,17.149999618530273,17.149999618530273,805.0
2024-04-24 10:10:00,XNCR,18.2549991607666,18.2549991607666,18.2549991607666,18.239999771118164,18.239999771118164,673.0
2024-04-24 10:10:00,XP,20.530000686645508,20.530000686645508,20.53499984741211,20.530000686645508,20.530000686645508,4540.0
2024-04-24 10:10:00,XRX,14.395000457763672,14.395000457763672,14.399999618530273,14.375,14.375,13902.0
2024-04-24 10:10:00,YTEN,0.24639999866485596,0.24639999866485596,0.24639999866485596,0.24639999866485596,0.24639999866485596,875.0
2024-04-24 10:10:00,Z,43.9900016784668,43.9900016784668,44.099998474121094,43.9900016784668,44.099998474121094,2901.0
2024-04-24 10:10:00,ZBRA,278.989990234375,278.989990234375,279.0,278.989990234375,279.0,1418.0
2024-04-24 10:10:00,ZCMD,1.690000057220459,1.690000057220459,1.690000057220459,1.649999976158142,1.649999976158142,1244.0
2024-04-24 10:10:00,ZD,51.86000061035156,51.86000061035156,51.86000061035156,51.86000061035156,51.86000061035156,266.0
2024-04-24 10:10:00,ZG,43.40810012817383,43.40810012817383,43.439998626708984,43.40810012817383,43.439998626708984,312.0
2024-04-24 10:10:00,ZI,15.885000228881836,15.885000228881836,15.885000228881836,15.859999656677246,15.859999656677246,9406.0
2024-04-24 10:10:00,ZION,42.18000030517578,42.18000030517578,42.189998626708984,42.18000030517578,42.189998626708984,2616.0
2024-04-24 10:10:00,ZLAB,15.887399673461914,15.887399673461914,15.920000076293945,15.887399673461914,15.914999961853027,1663.0
2024-04-24 10:10:00,ZM,61.470001220703125,61.470001220703125,61.519901275634766,61.470001220703125,61.47999954223633,4919.0
2024-04-24 10:10:00,ZNTL,12.484999656677246,12.484999656677246,12.520000457763672,12.484999656677246,12.520000457763672,1639.0
2024-04-24 10:10:00,ZS,178.88999938964844,178.88999938964844,179.02000427246094,178.8699951171875,179.02000427246094,3421.0
2024-04-24 10:10:00,ZUMZ,16.979999542236328,16.979999542236328,16.979999542236328,16.979999542236328,16.979999542236328,769.0
2024-04-24 10:10:00,ZURA,3.4100000858306885,3.4100000858306885,3.4100000858306885,3.4100000858306885,3.4100000858306885,725.0
2024-04-24 10:10:00,ZVRA,4.545000076293945,4.545000076293945,4.545000076293945,4.545000076293945,4.545000076293945,1776.0
2024-04-24 10:11:00,FDMT,25.139999389648438,25.139999389648438,25.139999389648438,25.139999389648438,25.139999389648438,271.0
2024-04-24 10:11:00,ME,0.47589999437332153,0.47589999437332153,0.47699999809265137,0.4731000065803528,0.4733999967575073,25004.0
2024-04-24 10:11:00,SEAT,5.804999828338623,5.804999828338623,5.820000171661377,5.804999828338623,5.820000171661377,3704.0
2024-04-24 10:11:00,TKLF,0.22200000286102295,0.22200000286102295,0.22200000286102295,0.22200000286102295,0.22200000286102295,4561.0
2024-04-24 10:11:00,TSVT,4.449100017547607,4.449100017547607,4.449100017547607,4.440000057220459,4.440000057220459,2128.0
2024-04-24 10:11:00,TWOU,0.24130000174045563,0.24130000174045563,0.24130000174045563,0.24060000479221344,0.2410999983549118,1367.0
2024-04-24 10:11:00,TXG,27.479299545288086,27.479299545288086,27.479299545288086,27.440000534057617,27.440000534057617,2200.0
2024-04-24 10:11:00,VCTR,49.66999816894531,49.66999816894531,49.72999954223633,49.66999816894531,49.72999954223633,1368.0
2024-04-24 10:11:00,VERU,1.2899999618530273,1.2899999618530273,1.2949999570846558,1.2899999618530273,1.2899999618530273,5210.0
2024-04-24 10:11:00,VERV,6.889999866485596,6.889999866485596,6.889999866485596,6.889999866485596,6.889999866485596,572.0
2024-04-24 10:11:00,VERX,29.040000915527344,29.040000915527344,29.079999923706055,29.040000915527344,29.079999923706055,1004.0
2024-04-24 10:11:00,VFS,2.5250000953674316,2.5250000953674316,2.5299999713897705,2.5250000953674316,2.5299999713897705,4894.0
2024-04-24 10:11:00,VIAV,7.985000133514404,7.985000133514404,7.989999771118164,7.985000133514404,7.989999771118164,3401.0
2024-04-24 10:11:00,VICR,35.75,35.75,35.75,35.75,35.75,128.0
2024-04-24 10:11:00,VIR,8.162500381469727,8.162500381469727,8.164999961853027,8.145000457763672,8.145000457763672,2769.0
2024-04-24 10:11:00,VIRC,10.739999771118164,10.739999771118164,10.739999771118164,10.739999771118164,10.739999771118164,307.0
2024-04-24 10:11:00,VIRT,22.344999313354492,22.344999313354492,22.360000610351562,22.309999465942383,22.309999465942383,7417.0
2024-04-24 10:11:00,VITL,27.084999084472656,27.084999084472656,27.21500015258789,27.084999084472656,27.21500015258789,3799.0
2024-04-24 10:11:00,VIVK,1.6100000143051147,1.6100000143051147,1.6100000143051147,1.6080000400543213,1.6080000400543213,324.0
2024-04-24 10:11:00,VKTX,67.38600158691406,67.38600158691406,67.47000122070312,67.33000183105469,67.46910095214844,8684.0
2024-04-24 10:11:00,VLCN,0.25040000677108765,0.25040000677108765,0.25929999351501465,0.25040000677108765,0.25099998712539673,43962.0
2024-04-24 10:11:00,VMEO,3.555000066757202,3.555000066757202,3.565000057220459,3.5450000762939453,3.5450000762939453,26257.0
2024-04-24 10:11:00,VOD,8.568099975585938,8.568099975585938,8.568099975585938,8.5600004196167,8.5600004196167,737.0
2024-04-24 10:11:00,VRDN,14.085000038146973,14.085000038146973,14.085000038146973,14.079999923706055,14.079999923706055,1056.0
2024-04-24 10:11:00,VRNA,15.510000228881836,15.510000228881836,15.510000228881836,15.484999656677246,15.510000228881836,668.0
2024-04-24 10:11:00,VRRM,24.485000610351562,24.485000610351562,24.485000610351562,24.3799991607666,24.3799991607666,3334.0
2024-04-24 10:11:00,VRTS,231.51400756835938,231.51400756835938,231.51400756835938,231.51400756835938,231.51400756835938,2897.0
2024-04-24 10:11:00,VRTX,404.9800109863281,404.9800109863281,404.9800109863281,404.9800109863281,404.9800109863281,510.0
2024-04-24 10:11:00,VSAT,16.440000534057617,16.440000534057617,16.440000534057617,16.440000534057617,16.440000534057617,2335.0
2024-04-24 10:11:00,VTGN,4.820000171661377,4.820000171661377,4.820000171661377,4.795000076293945,4.795000076293945,10120.0
2024-04-24 10:11:00,VTNR,1.600000023841858,1.600000023841858,1.600000023841858,1.5950000286102295,1.5950000286102295,7474.0
2024-04-24 10:11:00,VTRS,11.34000015258789,11.34000015258789,11.34000015258789,11.333499908447266,11.335000038146973,3137.0
2024-04-24 10:11:00,VTSI,11.989999771118164,11.989999771118164,11.989999771118164,11.9399995803833,11.9399995803833,1184.0
2024-04-24 10:11:00,VUZI,1.3350000381469727,1.3350000381469727,1.3350000381469727,1.3350000381469727,1.3350000381469727,107.0
2024-04-24 10:11:00,WAFD,28.149999618530273,28.149999618530273,28.152000427246094,28.149999618530273,28.152000427246094,554.0
2024-04-24 10:11:00,WASH,26.15999984741211,26.15999984741211,26.15999984741211,26.15999984741211,26.15999984741211,802.0
2024-04-24 10:11:00,WB,8.28499984741211,8.28499984741211,8.28499984741211,8.270000457763672,8.274999618530273,14453.0
2024-04-24 10:11:00,WBA,17.700000762939453,17.700000762939453,17.725000381469727,17.700000762939453,17.709999084472656,84310.0
2024-04-24 10:11:00,WBD,8.329999923706055,8.329999923706055,8.335000038146973,8.320099830627441,8.320099830627441,108396.0
2024-04-24 10:11:00,WDAY,256.8550109863281,256.8550109863281,257.1000061035156,256.79998779296875,257.1000061035156,2881.0
2024-04-24 10:11:00,WDC,70.0999984741211,70.0999984741211,70.23500061035156,70.02999877929688,70.20999908447266,20136.0
2024-04-24 10:11:00,WEN,19.889999389648438,19.889999389648438,19.895000457763672,19.885000228881836,19.885000228881836,2025.0
2024-04-24 10:11:00,WERN,35.5099983215332,35.5099983215332,35.59000015258789,35.5099983215332,35.59000015258789,1739.0
2024-04-24 10:11:00,WFRD,124.4000015258789,124.4000015258789,124.4000015258789,124.19149780273438,124.19149780273438,838.0
2024-04-24 10:11:00,WHLM,6.730000019073486,6.730000019073486,6.949999809265137,6.699999809265137,6.718200206756592,21432.0
2024-04-24 10:11:00,WIMI,0.8898000121116638,0.8898000121116638,0.9099000096321106,0.8898000121116638,0.9099000096321106,50922.0
2024-04-24 10:11:00,WINT,4.980000019073486,4.980000019073486,4.980000019073486,4.980000019073486,4.980000019073486,156.0
2024-04-24 10:11:00,WISA,6.24459981918335,6.24459981918335,6.24459981918335,6.154600143432617,6.192200183868408,29916.0
2024-04-24 10:11:00,WKHS,0.16380000114440918,0.16380000114440918,0.16380000114440918,0.16349999606609344,0.16349999606609344,0.0
2024-04-24 10:11:00,WMG,32.20000076293945,32.20000076293945,32.209999084472656,32.20000076293945,32.20000076293945,2504.0
2024-04-24 10:11:00,WNEB,6.5,6.5,6.5,6.5,6.5,111.0
2024-04-24 10:11:00,WSBF,11.960000038146973,11.960000038146973,11.970000267028809,11.960000038146973,11.970000267028809,2471.0
2024-04-24 10:11:00,WSFS,44.66999816894531,44.66999816894531,44.689998626708984,44.66999816894531,44.689998626708984,451.0
2024-04-24 10:11:00,WTFC,99.79000091552734,99.79000091552734,99.83999633789062,99.79000091552734,99.83999633789062,1047.0
2024-04-24 10:11:00,WW,1.6890000104904175,1.6890000104904175,1.690000057220459,1.684999942779541,1.684999942779541,2402.0
2024-04-24 10:11:00,WWD,150.3000030517578,150.3000030517578,150.3000030517578,150.3000030517578,150.3000030517578,355.0
2024-04-24 10:11:00,WYNN,97.58999633789062,97.58999633789062,97.58999633789062,97.55000305175781,97.55000305175781,1945.0
2024-04-24 10:11:00,XEL,54.939998626708984,54.939998626708984,54.95000076293945,54.900001525878906,54.90999984741211,10269.0
2024-04-24 10:11:00,XENE,40.689998626708984,40.689998626708984,40.7400016784668,40.630001068115234,40.720001220703125,2362.0
2024-04-24 10:11:00,XFOR,1.25,1.25,1.25,1.25,1.25,1010.0
2024-04-24 10:11:00,XMTR,17.15999984741211,17.15999984741211,17.170000076293945,17.15999984741211,17.170000076293945,1172.0
2024-04-24 10:11:00,XNCR,18.309999465942383,18.309999465942383,18.309999465942383,18.274999618530273,18.274999618530273,1243.0
2024-04-24 10:11:00,XP,20.479999542236328,20.479999542236328,20.524999618530273,20.479999542236328,20.524999618530273,8450.0
2024-04-24 10:11:00,XPEL,54.45500183105469,54.45500183105469,54.45500183105469,54.349998474121094,54.380001068115234,1010.0
2024-04-24 10:11:00,XRX,14.460000038146973,14.460000038146973,14.460000038146973,14.399999618530273,14.399999618530273,20092.0
2024-04-24 10:11:00,XXII,1.7300000190734863,1.7300000190734863,1.7300000190734863,1.7300000190734863,1.7300000190734863,308.0
2024-04-24 10:11:00,YMAB,15.399999618530273,15.399999618530273,15.399999618530273,15.399999618530273,15.399999618530273,559.0
2024-04-24 10:11:00,Z,43.939998626708984,43.939998626708984,43.999298095703125,43.939998626708984,43.999298095703125,3903.0
2024-04-24 10:11:00,ZAPP,4.659999847412109,4.659999847412109,4.789999961853027,4.659999847412109,4.760000228881836,1716.0
2024-04-24 10:11:00,ZCMD,1.6592999696731567,1.6592999696731567,1.6592999696731567,1.6592999696731567,1.6592999696731567,953.0
2024-04-24 10:11:00,ZD,51.845001220703125,51.845001220703125,51.845001220703125,51.845001220703125,51.845001220703125,341.0
2024-04-24 10:11:00,ZG,43.40999984741211,43.40999984741211,43.40999984741211,43.400001525878906,43.400001525878906,861.0
2024-04-24 10:11:00,ZI,15.850000381469727,15.850000381469727,15.869999885559082,15.850000381469727,15.869999885559082,4439.0
2024-04-24 10:11:00,ZION,42.16999816894531,42.16999816894531,42.209999084472656,42.150001525878906,42.16999816894531,2167.0
2024-04-24 10:11:00,ZIONO,25.43000030517578,25.43000030517578,25.43000030517578,25.43000030517578,25.43000030517578,189.0
2024-04-24 10:11:00,ZLAB,15.880000114440918,15.880000114440918,15.890000343322754,15.880000114440918,15.890000343322754,302.0
2024-04-24 10:11:00,ZM,61.435001373291016,61.435001373291016,61.459999084472656,61.433998107910156,61.459999084472656,6232.0
2024-04-24 10:11:00,ZNTL,12.449999809265137,12.449999809265137,12.449999809265137,12.430000305175781,12.449999809265137,1106.0
2024-04-24 10:11:00,ZS,178.64999389648438,178.64999389648438,178.64999389648438,178.56109619140625,178.56109619140625,788.0
2024-04-24 10:11:00,ZVRA,4.550000190734863,4.550000190734863,4.550000190734863,4.550000190734863,4.550000190734863,773.0
2024-04-24 10:11:00,ZYME,8.65999984741211,8.65999984741211,8.65999984741211,8.65999984741211,8.65999984741211,483.0
2024-04-24 10:11:00,ZYXI,11.505000114440918,11.505000114440918,11.505000114440918,11.5,11.5,1798.0
2024-04-24 10:12:00,AIXI,1.277999997138977,1.277999997138977,1.277999997138977,1.277999997138977,1.277999997138977,0.0
2024-04-24 10:12:00,COCO,23.774999618530273,23.774999618530273,23.774999618530273,23.774999618530273,23.774999618530273,224.0
2024-04-24 10:12:00,DIBS,5.360000133514404,5.360000133514404,5.380000114440918,5.360000133514404,5.360000133514404,4120.0
2024-04-24 10:12:00,EGHT,2.2874999046325684,2.2874999046325684,2.2874999046325684,2.2874999046325684,2.2874999046325684,102.0
2024-04-24 10:12:00,ETNB,8.819700241088867,8.819700241088867,8.819700241088867,8.819700241088867,8.819700241088867,595.0
2024-04-24 10:12:00,MAPS,1.090000033378601,1.090000033378601,1.100000023841858,1.090000033378601,1.100000023841858,1500.0
2024-04-24 10:12:00,MASS,5.650000095367432,5.650000095367432,5.650000095367432,5.650000095367432,5.650000095367432,316.0
2024-04-24 10:12:00,ME,0.4749999940395355,0.4749999940395355,0.4828000068664551,0.4749999940395355,0.47699999809265137,140271.0
2024-04-24 10:12:00,SEAT,5.800000190734863,5.800000190734863,5.809999942779541,5.800000190734863,5.809999942779541,919.0
2024-04-24 10:12:00,TSVT,4.449999809265137,4.449999809265137,4.449999809265137,4.449900150299072,4.449900150299072,705.0
2024-04-24 10:12:00,TWOU,0.24120000004768372,0.24120000004768372,0.24120000004768372,0.24120000004768372,0.24120000004768372,622.0
2024-04-24 10:12:00,TXG,27.520000457763672,27.520000457763672,27.520000457763672,27.475000381469727,27.475000381469727,2861.0
2024-04-24 10:12:00,VANI,1.7799999713897705,1.7799999713897705,1.7799999713897705,1.7799999713897705,1.7799999713897705,1890.0
2024-04-24 10:12:00,VERU,1.2999999523162842,1.2999999523162842,1.2999999523162842,1.2899999618530273,1.2899999618530273,1776.0
2024-04-24 10:12:00,VERV,6.889999866485596,6.889999866485596,6.889999866485596,6.880000114440918,6.889999866485596,2268.0
2024-04-24 10:12:00,VERX,28.959999084472656,28.959999084472656,29.059999465942383,28.959999084472656,29.0,1799.0
2024-04-24 10:12:00,VFS,2.5399999618530273,2.5399999618530273,2.5399999618530273,2.5250000953674316,2.5250000953674316,5838.0
2024-04-24 10:12:00,VIAV,7.980000019073486,7.980000019073486,7.980000019073486,7.980000019073486,7.980000019073486,178.0
2024-04-24 10:12:00,VIR,8.162500381469727,8.162500381469727,8.164999961853027,8.15999984741211,8.15999984741211,1011.0
2024-04-24 10:12:00,VIRT,22.344999313354492,22.344999313354492,22.3700008392334,22.329999923706055,22.34000015258789,6188.0
2024-04-24 10:12:00,VITL,27.040000915527344,27.040000915527344,27.079999923706055,27.01810073852539,27.040000915527344,7690.0
2024-04-24 10:12:00,VIVK,1.6399999856948853,1.6399999856948853,1.6399999856948853,1.6399999856948853,1.6399999856948853,50.0
2024-04-24 10:12:00,VKTX,67.26000213623047,67.26000213623047,67.39179992675781,67.26000213623047,67.37999725341797,9692.0
2024-04-24 10:12:00,VLCN,0.2547999918460846,0.2547999918460846,0.2547999918460846,0.2547000050544739,0.2547000050544739,3930.0
2024-04-24 10:12:00,VMEO,3.5599000453948975,3.5599000453948975,3.5599000453948975,3.555000066757202,3.555000066757202,2419.0
2024-04-24 10:12:00,VNOM,40.06999969482422,40.06999969482422,40.119998931884766,40.040000915527344,40.119998931884766,4156.0
2024-04-24 10:12:00,VOD,8.5649995803833,8.5649995803833,8.5649995803833,8.5649995803833,8.5649995803833,461.0
2024-04-24 10:12:00,VOR,1.8200000524520874,1.8200000524520874,1.8200000524520874,1.8200000524520874,1.8200000524520874,200.0
2024-04-24 10:12:00,VRDN,14.109999656677246,14.109999656677246,14.109999656677246,14.104999542236328,14.104999542236328,1565.0
2024-04-24 10:12:00,VRNA,15.529999732971191,15.529999732971191,15.529999732971191,15.520000457763672,15.520000457763672,556.0
2024-04-24 10:12:00,VRRM,24.450000762939453,24.450000762939453,24.482500076293945,24.450000762939453,24.479999542236328,3880.0
2024-04-24 10:12:00,VRTX,404.9700012207031,404.9700012207031,404.9700012207031,404.9700012207031,404.9700012207031,929.0
2024-04-24 10:12:00,VSAT,16.440000534057617,16.440000534057617,16.450000762939453,16.420000076293945,16.43000030517578,5045.0
2024-04-24 10:12:00,VSME,0.4169999957084656,0.4169999957084656,0.4169999957084656,0.41499999165534973,0.41499999165534973,0.0
2024-04-24 10:12:00,VTNR,1.5950000286102295,1.5950000286102295,1.600000023841858,1.5950000286102295,1.600000023841858,900.0
2024-04-24 10:12:00,VTRS,11.350000381469727,11.350000381469727,11.350000381469727,11.34000015258789,11.34000015258789,3493.0
2024-04-24 10:12:00,VYGR,7.605000019073486,7.605000019073486,7.605000019073486,7.590000152587891,7.590000152587891,1566.0
2024-04-24 10:12:00,WAFD,28.170000076293945,28.170000076293945,28.170000076293945,28.1299991607666,28.1299991607666,774.0
2024-04-24 10:12:00,WALD,5.224999904632568,5.224999904632568,5.224999904632568,5.224999904632568,5.224999904632568,110.0
2024-04-24 10:12:00,WB,8.289999961853027,8.289999961853027,8.289999961853027,8.28499984741211,8.28499984741211,727.0
2024-04-24 10:12:00,WBA,17.729999542236328,17.729999542236328,17.739999771118164,17.700000762939453,17.70989990234375,21622.0
2024-04-24 10:12:00,WBD,8.345000267028809,8.345000267028809,8.345000267028809,8.319999694824219,8.329999923706055,76290.0
2024-04-24 10:12:00,WDAY,256.6050109863281,256.6050109863281,256.7349853515625,256.6050109863281,256.7200012207031,1002.0
2024-04-24 10:12:00,WDC,70.0,70.0,70.04000091552734,69.9000015258789,70.02999877929688,21916.0
2024-04-24 10:12:00,WEN,19.889999389648438,19.889999389648438,19.889999389648438,19.8799991607666,19.885000228881836,4873.0
2024-04-24 10:12:00,WERN,35.5099983215332,35.5099983215332,35.5099983215332,35.45000076293945,35.4900016784668,1299.0
2024-04-24 10:12:00,WEST,9.9399995803833,9.9399995803833,9.9399995803833,9.9399995803833,9.9399995803833,406.0
2024-04-24 10:12:00,WFRD,124.5,124.5,124.5,124.5,124.5,415.0
2024-04-24 10:12:00,WHF,12.720000267028809,12.720000267028809,12.720000267028809,12.720000267028809,12.720000267028809,377.0
2024-04-24 10:12:00,WHLM,6.480000019073486,6.480000019073486,6.80649995803833,6.349999904632568,6.80649995803833,26072.0
2024-04-24 10:12:00,WIMI,0.8913000226020813,0.8913000226020813,0.9100000262260437,0.8913000226020813,0.8948000073432922,23288.0
2024-04-24 10:12:00,WINT,4.989999771118164,4.989999771118164,4.989999771118164,4.989999771118164,4.989999771118164,462.0
2024-04-24 10:12:00,WISA,6.142300128936768,6.142300128936768,6.260000228881836,6.119999885559082,6.25,26774.0
2024-04-24 10:12:00,WIX,124.46499633789062,124.46499633789062,124.46499633789062,124.43000030517578,124.43000030517578,1155.0
2024-04-24 10:12:00,WKHS,0.16439999639987946,0.16439999639987946,0.16439999639987946,0.16349999606609344,0.16349999606609344,163733.0
2024-04-24 10:12:00,WMG,32.165000915527344,32.165000915527344,32.189998626708984,32.165000915527344,32.189998626708984,1678.0
2024-04-24 10:12:00,WPRT,5.789999961853027,5.789999961853027,5.789999961853027,5.769999980926514,5.769999980926514,1755.0
2024-04-24 10:12:00,WSC,37.689998626708984,37.689998626708984,37.689998626708984,37.63999938964844,37.63999938964844,1740.0
2024-04-24 10:12:00,WSFS,44.59000015258789,44.59000015258789,44.65999984741211,44.59000015258789,44.650001525878906,1873.0
2024-04-24 10:12:00,WW,1.690000057220459,1.690000057220459,1.690000057220459,1.6799999475479126,1.684999942779541,680.0
2024-04-24 10:12:00,WYNN,97.69999694824219,97.69999694824219,97.69999694824219,97.5199966430664,97.55500030517578,5430.0
2024-04-24 10:12:00,XEL,55.02000045776367,55.02000045776367,55.02000045776367,54.95500183105469,54.959999084472656,3970.0
2024-04-24 10:12:00,XENE,40.72999954223633,40.72999954223633,40.79999923706055,40.72999954223633,40.7400016784668,5291.0
2024-04-24 10:12:00,XERS,1.7400000095367432,1.7400000095367432,1.7446000576019287,1.7400000095367432,1.7400000095367432,3185.0
2024-04-24 10:12:00,XFOR,1.2549999952316284,1.2549999952316284,1.2549999952316284,1.25,1.25,5005.0
2024-04-24 10:12:00,XMTR,17.25,17.25,17.25,17.18000030517578,17.18000030517578,8395.0
2024-04-24 10:12:00,XP,20.475000381469727,20.475000381469727,20.485000610351562,20.459999084472656,20.485000610351562,3523.0
2024-04-24 10:12:00,XPEL,54.41999816894531,54.41999816894531,54.41999816894531,54.41999816894531,54.41999816894531,608.0
2024-04-24 10:12:00,XRX,14.454999923706055,14.454999923706055,14.454999923706055,14.430000305175781,14.454999923706055,13767.0
2024-04-24 10:12:00,Z,43.93439865112305,43.93439865112305,43.939998626708984,43.900001525878906,43.93000030517578,1909.0
2024-04-24 10:12:00,ZI,15.845000267028809,15.845000267028809,15.845000267028809,15.845000267028809,15.845000267028809,175.0
2024-04-24 10:12:00,ZIMV,16.0,16.0,16.0,16.0,16.0,207.0
2024-04-24 10:12:00,ZION,42.189998626708984,42.189998626708984,42.189998626708984,42.16999816894531,42.16999816894531,1709.0
2024-04-24 10:12:00,ZLAB,15.880000114440918,15.880000114440918,15.914999961853027,15.880000114440918,15.880000114440918,601.0
2024-04-24 10:12:00,ZM,61.4900016784668,61.4900016784668,61.4900016784668,61.41999816894531,61.439998626708984,5560.0
2024-04-24 10:12:00,ZNTL,12.420000076293945,12.420000076293945,12.449999809265137,12.420000076293945,12.449999809265137,1394.0
2024-04-24 10:12:00,ZS,178.4949951171875,178.4949951171875,178.5500030517578,178.35000610351562,178.5500030517578,1747.0
2024-04-24 10:12:00,ZUMZ,16.959999084472656,16.959999084472656,16.959999084472656,16.959999084472656,16.959999084472656,271.0
2024-04-24 10:12:00,ZVSA,0.5842000246047974,0.5842000246047974,0.5842000246047974,0.5800999999046326,0.5800999999046326,764.0
2024-04-24 10:13:00,AIXI,1.274999976158142,1.274999976158142,1.274999976158142,1.274999976158142,1.274999976158142,0.0
2024-04-24 10:13:00,COCO,23.799999237060547,23.799999237060547,23.799999237060547,23.799999237060547,23.799999237060547,566.0
2024-04-24 10:13:00,ETNB,8.8100004196167,8.8100004196167,8.8100004196167,8.805000305175781,8.805000305175781,826.0
2024-04-24 10:13:00,FDMT,25.139999389648438,25.139999389648438,25.139999389648438,25.139999389648438,25.139999389648438,125.0
2024-04-24 10:13:00,FEAM,1.1775000095367432,1.1775000095367432,1.1775000095367432,1.1775000095367432,1.1775000095367432,0.0
2024-04-24 10:13:00,MAPS,1.100000023841858,1.100000023841858,1.100000023841858,1.100000023841858,1.100000023841858,0.0
2024-04-24 10:13:00,ME,0.47909998893737793,0.47909998893737793,0.47909998893737793,0.47909998893737793,0.47909998893737793,186.0
2024-04-24 10:13:00,SEAT,5.804999828338623,5.804999828338623,5.804999828338623,5.795000076293945,5.795000076293945,1748.0
2024-04-24 10:13:00,TSVT,4.45989990234375,4.45989990234375,4.45989990234375,4.449999809265137,4.449999809265137,1097.0
2024-04-24 10:13:00,TURN,3.9439001083374023,3.9439001083374023,3.9439001083374023,3.9439001083374023,3.9439001083374023,0.0
2024-04-24 10:13:00,TWOU,0.24140000343322754,0.24140000343322754,0.24150000512599945,0.24140000343322754,0.24150000512599945,3498.0
2024-04-24 10:13:00,TXG,27.440000534057617,27.440000534057617,27.540000915527344,27.440000534057617,27.540000915527344,4502.0
2024-04-24 10:13:00,VANI,1.78410005569458,1.78410005569458,1.78410005569458,1.78410005569458,1.78410005569458,55.0
2024-04-24 10:13:00,VCTR,49.630001068115234,49.630001068115234,49.630001068115234,49.630001068115234,49.630001068115234,1178.0
2024-04-24 10:13:00,VERU,1.2949999570846558,1.2949999570846558,1.2999999523162842,1.2899999618530273,1.2949999570846558,3131.0
2024-04-24 10:13:00,VERX,29.030000686645508,29.030000686645508,29.030000686645508,28.940000534057617,29.014999389648438,4336.0
2024-04-24 10:13:00,VFF,1.3350000381469727,1.3350000381469727,1.340000033378601,1.3350000381469727,1.340000033378601,3131.0
2024-04-24 10:13:00,VFS,2.549999952316284,2.549999952316284,2.559999942779541,2.5450000762939453,2.5450000762939453,13931.0
2024-04-24 10:13:00,VIAV,7.980000019073486,7.980000019073486,7.985000133514404,7.980000019073486,7.985000133514404,604.0
2024-04-24 10:13:00,VICR,35.73500061035156,35.73500061035156,35.73500061035156,35.54499816894531,35.709999084472656,621.0
2024-04-24 10:13:00,VIR,8.1850004196167,8.1850004196167,8.1850004196167,8.175000190734863,8.180000305175781,12580.0
2024-04-24 10:13:00,VIRT,22.270000457763672,22.270000457763672,22.364999771118164,22.270000457763672,22.354999542236328,6892.0
2024-04-24 10:13:00,VITL,27.1299991607666,27.1299991607666,27.139999389648438,27.09000015258789,27.09000015258789,1466.0
2024-04-24 10:13:00,VIVK,1.6399999856948853,1.6399999856948853,1.6399999856948853,1.625,1.625,1462.0
2024-04-24 10:13:00,VKTX,67.41000366210938,67.41000366210938,67.43000030517578,67.27249908447266,67.33000183105469,24845.0
2024-04-24 10:13:00,VLCN,0.2549999952316284,0.2549999952316284,0.2599000036716461,0.2549999952316284,0.2599000036716461,4499.0
2024-04-24 10:13:00,VNOM,39.959999084472656,39.959999084472656,39.970001220703125,39.959999084472656,39.970001220703125,747.0
2024-04-24 10:13:00,VOD,8.5649995803833,8.5649995803833,8.5649995803833,8.5649995803833,8.5649995803833,1881.0
2024-04-24 10:13:00,VOR,1.8200000524520874,1.8200000524520874,1.8209999799728394,1.8200000524520874,1.8209999799728394,1960.0
2024-04-24 10:13:00,VRNA,15.5600004196167,15.5600004196167,15.5600004196167,15.5600004196167,15.5600004196167,4037.0
2024-04-24 10:13:00,VRRM,24.429399490356445,24.429399490356445,24.43000030517578,24.420000076293945,24.43000030517578,1202.0
2024-04-24 10:13:00,VRTX,405.3399963378906,405.3399963378906,405.3800048828125,405.19000244140625,405.19000244140625,2341.0
2024-04-24 10:13:00,VSAT,16.440000534057617,16.440000534057617,16.440000534057617,16.440000534057617,16.440000534057617,1083.0
2024-04-24 10:13:00,VTGN,4.840000152587891,4.840000152587891,4.840000152587891,4.840000152587891,4.840000152587891,218.0
2024-04-24 10:13:00,VTNR,1.600000023841858,1.600000023841858,1.600000023841858,1.5988999605178833,1.5988999605178833,989.0
2024-04-24 10:13:00,VTRS,11.354999542236328,11.354999542236328,11.359999656677246,11.350000381469727,11.350000381469727,3075.0
2024-04-24 10:13:00,VUZI,1.340499997138977,1.340499997138977,1.350000023841858,1.3350000381469727,1.340000033378601,6476.0
2024-04-24 10:13:00,WB,8.28499984741211,8.28499984741211,8.289999961853027,8.28499984741211,8.289999961853027,3449.0
2024-04-24 10:13:00,WBA,17.735000610351562,17.735000610351562,17.75,17.729999542236328,17.729999542236328,88538.0
2024-04-24 10:13:00,WBD,8.319999694824219,8.319999694824219,8.345000267028809,8.319999694824219,8.340499877929688,31726.0
2024-04-24 10:13:00,WDAY,256.29998779296875,256.29998779296875,256.8299865722656,256.17498779296875,256.74749755859375,3915.0
2024-04-24 10:13:00,WDC,70.08000183105469,70.08000183105469,70.12000274658203,69.95500183105469,70.0082015991211,14919.0
2024-04-24 10:13:00,WEN,19.8799991607666,19.8799991607666,19.885000228881836,19.8799991607666,19.885000228881836,995.0
2024-04-24 10:13:00,WFRD,124.33499908447266,124.33499908447266,124.33499908447266,124.33499908447266,124.33499908447266,9160.0
2024-04-24 10:13:00,WHLM,6.400000095367432,6.400000095367432,6.5,6.375,6.449999809265137,4630.0
2024-04-24 10:13:00,WIMI,0.8762000203132629,0.8762000203132629,0.8949000239372253,0.8762000203132629,0.8948000073432922,89524.0
2024-04-24 10:13:00,WISA,6.170000076293945,6.170000076293945,6.190000057220459,6.139999866485596,6.179999828338623,9963.0
2024-04-24 10:13:00,WKHS,0.16349999606609344,0.16349999606609344,0.16439999639987946,0.16349999606609344,0.16349999606609344,66854.0
2024-04-24 10:13:00,WMG,32.18000030517578,32.18000030517578,32.19499969482422,32.165000915527344,32.16999816894531,3820.0
2024-04-24 10:13:00,WSC,37.720001220703125,37.720001220703125,37.779998779296875,37.689998626708984,37.70000076293945,12615.0
2024-04-24 10:13:00,WTW,264.19500732421875,264.19500732421875,264.19500732421875,264.19500732421875,264.19500732421875,225.0
2024-04-24 10:13:00,WVE,5.010000228881836,5.010000228881836,5.010000228881836,5.010000228881836,5.010000228881836,1696.0
2024-04-24 10:13:00,WW,1.690000057220459,1.690000057220459,1.690000057220459,1.690000057220459,1.690000057220459,301.0
2024-04-24 10:13:00,WYNN,97.47000122070312,97.47000122070312,97.69000244140625,97.47000122070312,97.69000244140625,2835.0
2024-04-24 10:13:00,XEL,55.025001525878906,55.025001525878906,55.04999923706055,55.02000045776367,55.02000045776367,6280.0
2024-04-24 10:13:00,XENE,40.77000045776367,40.77000045776367,40.82500076293945,40.7599983215332,40.82500076293945,1134.0
2024-04-24 10:13:00,XERS,1.7450000047683716,1.7450000047683716,1.745300054550171,1.7400000095367432,1.7400000095367432,925.0
2024-04-24 10:13:00,XFOR,1.2599999904632568,1.2599999904632568,1.2599999904632568,1.2556999921798706,1.2598999738693237,5831.0
2024-04-24 10:13:00,XMTR,17.200000762939453,17.200000762939453,17.229999542236328,17.200000762939453,17.229999542236328,1283.0
2024-04-24 10:13:00,XP,20.469999313354492,20.469999313354492,20.485000610351562,20.450000762939453,20.469999313354492,18309.0
2024-04-24 10:13:00,XPEL,54.47999954223633,54.47999954223633,54.47999954223633,54.47999954223633,54.47999954223633,498.0
2024-04-24 10:13:00,XRX,14.444999694824219,14.444999694824219,14.454999923706055,14.444999694824219,14.454999923706055,8505.0
2024-04-24 10:13:00,XXII,1.7200000286102295,1.7200000286102295,1.7201000452041626,1.7100000381469727,1.7201000452041626,2102.0
2024-04-24 10:13:00,YMAB,15.420000076293945,15.420000076293945,15.45829963684082,15.420000076293945,15.45829963684082,652.0
2024-04-24 10:13:00,YORW,35.47999954223633,35.47999954223633,35.47999954223633,35.47999954223633,35.47999954223633,242.0
2024-04-24 10:13:00,Z,43.86399841308594,43.86399841308594,43.90999984741211,43.86000061035156,43.90999984741211,2911.0
2024-04-24 10:13:00,ZAPP,4.607999801635742,4.607999801635742,4.619999885559082,4.607999801635742,4.619999885559082,2610.0
2024-04-24 10:13:00,ZI,15.854999542236328,15.854999542236328,15.854999542236328,15.84000015258789,15.850000381469727,2391.0
2024-04-24 10:13:00,ZION,42.209999084472656,42.209999084472656,42.209999084472656,42.18000030517578,42.209999084472656,1550.0
2024-04-24 10:13:00,ZLAB,15.8100004196167,15.8100004196167,15.88010025024414,15.8100004196167,15.88010025024414,2169.0
2024-04-24 10:13:00,ZM,61.37590026855469,61.37590026855469,61.47999954223633,61.369998931884766,61.470001220703125,6010.0
2024-04-24 10:13:00,ZS,178.2624969482422,178.2624969482422,178.36000061035156,178.2100067138672,178.36000061035156,1506.0
2024-04-24 10:13:00,ZUMZ,16.959999084472656,16.959999084472656,16.959999084472656,16.959999084472656,16.959999084472656,1967.0
2024-04-24 10:13:00,ZURA,3.3350000381469727,3.3350000381469727,3.3499999046325684,3.3350000381469727,3.3499999046325684,2603.0
2024-04-24 10:13:00,ZVSA,0.5841000080108643,0.5841000080108643,0.5842000246047974,0.5841000080108643,0.5842000246047974,325.0
2024-04-24 10:13:00,ZYME,8.670000076293945,8.670000076293945,8.670000076293945,8.670000076293945,8.670000076293945,1124.0
2024-04-24 10:13:00,ZYXI,11.489999771118164,11.489999771118164,11.510000228881836,11.489999771118164,11.510000228881836,5850.0
2024-04-24 10:14:00,DIBS,5.360000133514404,5.360000133514404,5.380000114440918,5.360000133514404,5.360000133514404,4558.0
2024-04-24 10:14:00,EGHT,2.2850000858306885,2.2850000858306885,2.2850000858306885,2.2850000858306885,2.2850000858306885,450.0
2024-04-24 10:14:00,ETNB,8.789999961853027,8.789999961853027,8.800000190734863,8.789999961853027,8.800000190734863,1064.0
2024-04-24 10:14:00,FDMT,25.1299991607666,25.1299991607666,25.135000228881836,25.1299991607666,25.135000228881836,1234.0
2024-04-24 10:14:00,HOWL,6.550000190734863,6.550000190734863,6.550000190734863,6.519999980926514,6.519999980926514,1048.0
2024-04-24 10:14:00,MAPS,1.100000023841858,1.100000023841858,1.100000023841858,1.100000023841858,1.100000023841858,200.0
2024-04-24 10:14:00,MASS,5.650000095367432,5.650000095367432,5.650000095367432,5.639999866485596,5.650000095367432,1560.0
2024-04-24 10:14:00,PET,2.2300000190734863,2.2300000190734863,2.2300000190734863,2.1700000762939453,2.200000047683716,9829.0
2024-04-24 10:14:00,SEAT,5.800000190734863,5.800000190734863,5.800000190734863,5.800000190734863,5.800000190734863,1102.0
2024-04-24 10:14:00,TKLF,0.23160000145435333,0.23160000145435333,0.23160000145435333,0.23160000145435333,0.23160000145435333,623.0
2024-04-24 10:14:00,TSVT,4.429999828338623,4.429999828338623,4.429999828338623,4.429999828338623,4.429999828338623,532.0
2024-04-24 10:14:00,TXG,27.415000915527344,27.415000915527344,27.459999084472656,27.415000915527344,27.450000762939453,4413.0
2024-04-24 10:14:00,VC,111.38999938964844,111.38999938964844,111.38999938964844,111.38999938964844,111.38999938964844,296.0
2024-04-24 10:14:00,VCTR,49.619998931884766,49.619998931884766,49.619998931884766,49.529998779296875,49.619998931884766,1621.0
2024-04-24 10:14:00,VERU,1.315000057220459,1.315000057220459,1.315000057220459,1.2899999618530273,1.2903000116348267,12246.0
2024-04-24 10:14:00,VERV,6.880000114440918,6.880000114440918,6.889999866485596,6.869999885559082,6.869999885559082,1456.0
2024-04-24 10:14:00,VERX,29.09000015258789,29.09000015258789,29.100000381469727,29.0,29.020000457763672,5911.0
2024-04-24 10:14:00,VFF,1.3301000595092773,1.3301000595092773,1.3301000595092773,1.3301000595092773,1.3301000595092773,513.0
2024-04-24 10:14:00,VFS,2.5350000858306885,2.5350000858306885,2.5450000762939453,2.5350000858306885,2.5450000762939453,31888.0
2024-04-24 10:14:00,VIAV,7.960000038146973,7.960000038146973,7.980000019073486,7.960000038146973,7.980000019073486,3515.0
2024-04-24 10:14:00,VICR,35.34000015258789,35.34000015258789,35.349998474121094,35.34000015258789,35.349998474121094,113.0
2024-04-24 10:14:00,VIR,8.1850004196167,8.1850004196167,8.189900398254395,8.180000305175781,8.180000305175781,2631.0
2024-04-24 10:14:00,VIRC,10.699999809265137,10.699999809265137,10.734999656677246,10.699999809265137,10.734999656677246,1476.0
2024-04-24 10:14:00,VIRT,22.3799991607666,22.3799991607666,22.3799991607666,22.264999389648438,22.270000457763672,19083.0
2024-04-24 10:14:00,VITL,27.065000534057617,27.065000534057617,27.1299991607666,27.065000534057617,27.1299991607666,2800.0
2024-04-24 10:14:00,VIVK,1.6399999856948853,1.6399999856948853,1.6399999856948853,1.625,1.6340999603271484,1201.0
2024-04-24 10:14:00,VKTX,67.1050033569336,67.1050033569336,67.37000274658203,67.08000183105469,67.30000305175781,19383.0
2024-04-24 10:14:00,VLCN,0.2502000033855438,0.2502000033855438,0.2549999952316284,0.25,0.2549999952316284,44110.0
2024-04-24 10:14:00,VMEO,3.555000066757202,3.555000066757202,3.555000066757202,3.555000066757202,3.555000066757202,1432.0
2024-04-24 10:14:00,VNOM,39.970001220703125,39.970001220703125,39.970001220703125,39.970001220703125,39.970001220703125,310.0
2024-04-24 10:14:00,VOD,8.552000045776367,8.552000045776367,8.5600004196167,8.552000045776367,8.5600004196167,15769.0
2024-04-24 10:14:00,VRDN,14.029999732971191,14.029999732971191,14.109999656677246,14.029999732971191,14.109999656677246,2468.0
2024-04-24 10:14:00,VRNA,15.479999542236328,15.479999542236328,15.510000228881836,15.479999542236328,15.510000228881836,1993.0
2024-04-24 10:14:00,VRTS,231.33999633789062,231.33999633789062,231.33999633789062,231.33999633789062,231.33999633789062,1033.0
2024-04-24 10:14:00,VRTX,404.69000244140625,404.69000244140625,404.9700012207031,404.69000244140625,404.9700012207031,849.0
2024-04-24 10:14:00,VSAT,16.40999984741211,16.40999984741211,16.420000076293945,16.389999389648438,16.420000076293945,3369.0
2024-04-24 10:14:00,VTGN,4.849999904632568,4.849999904632568,4.849999904632568,4.849999904632568,4.849999904632568,58.0
2024-04-24 10:14:00,VTNR,1.5850000381469727,1.5850000381469727,1.5994000434875488,1.5850000381469727,1.5950000286102295,8939.0
2024-04-24 10:14:00,VTRS,11.354999542236328,11.354999542236328,11.359999656677246,11.345000267028809,11.354999542236328,11498.0
2024-04-24 10:14:00,VUZI,1.3450000286102295,1.3450000286102295,1.3450000286102295,1.340499997138977,1.340499997138977,730.0
2024-04-24 10:14:00,WABC,47.59000015258789,47.59000015258789,47.619998931884766,47.59000015258789,47.619998931884766,807.0
2024-04-24 10:14:00,WAFD,28.110000610351562,28.110000610351562,28.18000030517578,28.110000610351562,28.18000030517578,1457.0
2024-04-24 10:14:00,WAFDP,15.739999771118164,15.739999771118164,15.739999771118164,15.739999771118164,15.739999771118164,825.0
2024-04-24 10:14:00,WB,8.279999732971191,8.279999732971191,8.300000190734863,8.279999732971191,8.295000076293945,13736.0
2024-04-24 10:14:00,WBA,17.712799072265625,17.712799072265625,17.729999542236328,17.709999084472656,17.729999542236328,34954.0
2024-04-24 10:14:00,WBD,8.3149995803833,8.3149995803833,8.324999809265137,8.3149995803833,8.319999694824219,24908.0
2024-04-24 10:14:00,WDAY,256.0350036621094,256.0350036621094,256.2200012207031,256.0299987792969,256.0849914550781,2905.0
2024-04-24 10:14:00,WDC,69.91999816894531,69.91999816894531,70.08999633789062,69.91999816894531,70.05999755859375,8229.0
2024-04-24 10:14:00,WEN,19.875,19.875,19.885000228881836,19.8700008392334,19.8799991607666,2523.0
2024-04-24 10:14:00,WERN,35.56999969482422,35.56999969482422,35.60499954223633,35.540000915527344,35.540000915527344,5095.0
2024-04-24 10:14:00,WEST,9.960000038146973,9.960000038146973,9.960000038146973,9.9399995803833,9.9399995803833,676.0
2024-04-24 10:14:00,WFRD,124.2750015258789,124.2750015258789,124.2750015258789,124.0280990600586,124.16999816894531,7277.0
2024-04-24 10:14:00,WHLM,6.487299919128418,6.487299919128418,6.5,6.309700012207031,6.309700012207031,3851.0
2024-04-24 10:14:00,WIMI,0.8816999793052673,0.8816999793052673,0.8873999714851379,0.8816999793052673,0.8873999714851379,0.0
2024-04-24 10:14:00,WING,363.3699951171875,363.3699951171875,363.3699951171875,363.3699951171875,363.3699951171875,540.0
2024-04-24 10:14:00,WISA,6.320000171661377,6.320000171661377,6.349899768829346,6.179999828338623,6.199999809265137,49031.0
2024-04-24 10:14:00,WIX,124.06999969482422,124.06999969482422,124.08000183105469,124.06999969482422,124.08000183105469,603.0
2024-04-24 10:14:00,WKHS,0.16359999775886536,0.16359999775886536,0.1639000028371811,0.16349999606609344,0.1639000028371811,10711.0
2024-04-24 10:14:00,WKSP,0.3707999885082245,0.3707999885082245,0.3709000051021576,0.3700999915599823,0.3700999915599823,1695.0
2024-04-24 10:14:00,WMG,32.16999816894531,32.16999816894531,32.189998626708984,32.16999816894531,32.185001373291016,1960.0
2024-04-24 10:14:00,WPRT,5.809999942779541,5.809999942779541,5.809999942779541,5.800000190734863,5.800000190734863,920.0
2024-04-24 10:14:00,WSC,37.70100021362305,37.70100021362305,37.720001220703125,37.67499923706055,37.685001373291016,5533.0
2024-04-24 10:14:00,WSFS,44.56999969482422,44.56999969482422,44.58000183105469,44.56999969482422,44.58000183105469,758.0
2024-04-24 10:14:00,WTFC,99.86000061035156,99.86000061035156,99.86000061035156,99.86000061035156,99.86000061035156,497.0
2024-04-24 10:14:00,WTW,263.9150085449219,263.9150085449219,263.94000244140625,263.9150085449219,263.94000244140625,1781.0
2024-04-24 10:14:00,WVE,5.0,5.0,5.0,5.0,5.0,365.0
2024-04-24 10:14:00,WW,1.684999942779541,1.684999942779541,1.684999942779541,1.684999942779541,1.684999942779541,1318.0
2024-04-24 10:14:00,WWD,150.0500030517578,150.0500030517578,150.0500030517578,150.0500030517578,150.0500030517578,562.0
2024-04-24 10:14:00,WYNN,97.5999984741211,97.5999984741211,97.6449966430664,97.45999908447266,97.45999908447266,1807.0
2024-04-24 10:14:00,XEL,54.9900016784668,54.9900016784668,55.02000045776367,54.970001220703125,55.02000045776367,4843.0
2024-04-24 10:14:00,XENE,40.72999954223633,40.72999954223633,40.7599983215332,40.72999954223633,40.7599983215332,3110.0
2024-04-24 10:14:00,XERS,1.7400000095367432,1.7400000095367432,1.7450000047683716,1.7400000095367432,1.7400000095367432,1022.0
2024-04-24 10:14:00,XFOR,1.2549999952316284,1.2549999952316284,1.2649999856948853,1.2549999952316284,1.2649999856948853,17343.0
2024-04-24 10:14:00,XMTR,17.1299991607666,17.1299991607666,17.18000030517578,17.1299991607666,17.18000030517578,1023.0
2024-04-24 10:14:00,XNCR,18.3799991607666,18.3799991607666,18.399999618530273,18.3799991607666,18.399999618530273,750.0
2024-04-24 10:14:00,XP,20.43000030517578,20.43000030517578,20.475000381469727,20.43000030517578,20.475000381469727,5759.0
2024-04-24 10:14:00,XPEL,54.51499938964844,54.51499938964844,54.584999084472656,54.51499938964844,54.584999084472656,304.0
2024-04-24 10:14:00,XRX,14.420000076293945,14.420000076293945,14.454999923706055,14.420000076293945,14.444999694824219,18135.0
2024-04-24 10:14:00,XXII,1.7200000286102295,1.7200000286102295,1.7200000286102295,1.7200000286102295,1.7200000286102295,1163.0
2024-04-24 10:14:00,YTRA,1.309999942779541,1.309999942779541,1.315000057220459,1.309999942779541,1.315000057220459,2185.0
2024-04-24 10:14:00,Z,43.790000915527344,43.790000915527344,43.81999969482422,43.760799407958984,43.810001373291016,2750.0
2024-04-24 10:14:00,ZAPP,4.817999839782715,4.817999839782715,4.817999839782715,4.817999839782715,4.817999839782715,162.0
2024-04-24 10:14:00,ZBRA,279.010009765625,279.010009765625,279.010009765625,279.010009765625,279.010009765625,1956.0
2024-04-24 10:14:00,ZD,51.83000183105469,51.83000183105469,51.83000183105469,51.79999923706055,51.79999923706055,852.0
2024-04-24 10:14:00,ZG,43.220001220703125,43.220001220703125,43.220001220703125,43.220001220703125,43.220001220703125,290.0
2024-04-24 10:14:00,ZI,15.859999656677246,15.859999656677246,15.864999771118164,15.850099563598633,15.864999771118164,4146.0
2024-04-24 10:14:00,ZIMV,16.0,16.0,16.0,16.0,16.0,329.0
2024-04-24 10:14:00,ZION,42.150001525878906,42.150001525878906,42.20000076293945,42.150001525878906,42.189998626708984,2369.0
2024-04-24 10:14:00,ZLAB,15.850000381469727,15.850000381469727,15.850000381469727,15.800000190734863,15.800000190734863,8129.0
2024-04-24 10:14:00,ZM,61.310001373291016,61.310001373291016,61.380001068115234,61.310001373291016,61.369998931884766,4780.0
2024-04-24 10:14:00,ZNTL,12.4350004196167,12.4350004196167,12.460000038146973,12.414999961853027,12.414999961853027,1590.0
2024-04-24 10:14:00,ZS,178.3820037841797,178.3820037841797,178.4398956298828,178.0800018310547,178.0800018310547,10368.0
2024-04-24 10:14:00,ZURA,3.309999942779541,3.309999942779541,3.309999942779541,3.299999952316284,3.299999952316284,1177.0
2024-04-24 10:14:00,ZVSA,0.5799999833106995,0.5799999833106995,0.5806999802589417,0.5799999833106995,0.5806999802589417,226.0
2024-04-24 10:14:00,ZYXI,11.479999542236328,11.479999542236328,11.479999542236328,11.479999542236328,11.479999542236328,635.0
2024-04-24 10:15:00,COCO,23.760000228881836,23.760000228881836,23.770000457763672,23.760000228881836,23.770000457763672,1180.0
2024-04-24 10:15:00,DIBS,5.380000114440918,5.380000114440918,5.380000114440918,5.360000133514404,5.360000133514404,700.0
2024-04-24 10:15:00,DSP,8.859999656677246,8.859999656677246,8.859999656677246,8.859999656677246,8.859999656677246,231.0
2024-04-24 10:15:00,EGHT,2.2850000858306885,2.2850000858306885,2.2850000858306885,2.2850000858306885,2.2850000858306885,1030.0
2024-04-24 10:15:00,ETNB,8.799599647521973,8.799599647521973,8.799599647521973,8.779999732971191,8.779999732971191,1261.0
2024-04-24 10:15:00,FDMT,25.1299991607666,25.1299991607666,25.139999389648438,25.09000015258789,25.09000015258789,1711.0
2024-04-24 10:15:00,FLWS,9.260000228881836,9.260000228881836,9.260000228881836,9.25,9.25,1015.0
2024-04-24 10:15:00,MAPS,1.100000023841858,1.100000023841858,1.100000023841858,1.100000023841858,1.100000023841858,300.0
2024-04-24 10:15:00,MAPSW,0.05920000001788139,0.05920000001788139,0.05920000001788139,0.05920000001788139,0.05920000001788139,5200.0
2024-04-24 10:15:00,MASS,5.639999866485596,5.639999866485596,5.639999866485596,5.639999866485596,5.639999866485596,222.0
2024-04-24 10:15:00,ME,0.4749999940395355,0.4749999940395355,0.4749999940395355,0.4749999940395355,0.4749999940395355,401.0
2024-04-24 10:15:00,PET,2.2300000190734863,2.2300000190734863,2.2300000190734863,2.2200000286102295,2.2200000286102295,219.0
2024-04-24 10:15:00,SEAT,5.815000057220459,5.815000057220459,5.820000171661377,5.800000190734863,5.800000190734863,3579.0
2024-04-24 10:15:00,TSVT,4.439899921417236,4.439899921417236,4.439899921417236,4.439899921417236,4.439899921417236,508.0
2024-04-24 10:15:00,TWOU,0.24140000343322754,0.24140000343322754,0.24140000343322754,0.24140000343322754,0.24140000343322754,111.0
2024-04-24 10:15:00,TXG,27.3700008392334,27.3700008392334,27.405000686645508,27.344999313354492,27.405000686645508,3644.0
2024-04-24 10:15:00,VC,111.38999938964844,111.38999938964844,111.38999938964844,111.38999938964844,111.38999938964844,278.0
2024-04-24 10:15:00,VERU,1.3199000358581543,1.3199000358581543,1.3300000429153442,1.309999942779541,1.309999942779541,8452.0
2024-04-24 10:15:00,VERV,6.869999885559082,6.869999885559082,6.869999885559082,6.849999904632568,6.860000133514404,1943.0
2024-04-24 10:15:00,VERX,29.100000381469727,29.100000381469727,29.110000610351562,29.079999923706055,29.100000381469727,3911.0
2024-04-24 10:15:00,VFF,1.309999942779541,1.309999942779541,1.3300000429153442,1.309999942779541,1.3300000429153442,11622.0
2024-04-24 10:15:00,VFS,2.5399999618530273,2.5399999618530273,2.549799919128418,2.5399999618530273,2.549799919128418,7902.0
2024-04-24 10:15:00,VIAV,7.945000171661377,7.945000171661377,7.945000171661377,7.945000171661377,7.945000171661377,740.0
2024-04-24 10:15:00,VICR,35.375,35.375,35.375,35.375,35.375,377.0
2024-04-24 10:15:00,VIR,8.1850004196167,8.1850004196167,8.1850004196167,8.1850004196167,8.1850004196167,206.0
2024-04-24 10:15:00,VIRT,22.25,22.25,22.375,22.25,22.375,4390.0
2024-04-24 10:15:00,VITL,27.040000915527344,27.040000915527344,27.049999237060547,27.040000915527344,27.049999237060547,603.0
2024-04-24 10:15:00,VKTX,67.4000015258789,67.4000015258789,67.4000015258789,67.0,67.08000183105469,19024.0
2024-04-24 10:15:00,VLCN,0.25360000133514404,0.25360000133514404,0.25360000133514404,0.24889999628067017,0.25,0.0
2024-04-24 10:15:00,VMEO,3.555000066757202,3.555000066757202,3.555000066757202,3.555000066757202,3.555000066757202,19834.0
2024-04-24 10:15:00,VNOM,39.94499969482422,39.94499969482422,39.959999084472656,39.935001373291016,39.959999084472656,1209.0
2024-04-24 10:15:00,VOD,8.555000305175781,8.555000305175781,8.555000305175781,8.550000190734863,8.550000190734863,5312.0
2024-04-24 10:15:00,VOXR,2.0299999713897705,2.0299999713897705,2.0299999713897705,2.0299999713897705,2.0299999713897705,300.0
2024-04-24 10:15:00,VRDN,14.024999618530273,14.024999618530273,14.024999618530273,14.024999618530273,14.024999618530273,467.0
2024-04-24 10:15:00,VRNA,15.470000267028809,15.470000267028809,15.470000267028809,15.449999809265137,15.460000038146973,938.0
2024-04-24 10:15:00,VRTX,404.57000732421875,404.57000732421875,404.8699951171875,404.57000732421875,404.8699951171875,1409.0
2024-04-24 10:15:00,VSAT,16.440000534057617,16.440000534057617,16.440000534057617,16.420000076293945,16.420000076293945,2352.0
2024-04-24 10:15:00,VTNR,1.590000033378601,1.590000033378601,1.590000033378601,1.590000033378601,1.590000033378601,3558.0
2024-04-24 10:15:00,VTRS,11.359999656677246,11.359999656677246,11.359999656677246,11.354999542236328,11.354999542236328,9584.0
2024-04-24 10:15:00,VYGR,7.579999923706055,7.579999923706055,7.590000152587891,7.579999923706055,7.590000152587891,955.0
2024-04-24 10:15:00,WAFD,28.1200008392334,28.1200008392334,28.1200008392334,28.1200008392334,28.1200008392334,1123.0
2024-04-24 10:15:00,WB,8.279999732971191,8.279999732971191,8.289999961853027,8.265000343322754,8.289999961853027,4200.0
2024-04-24 10:15:00,WBA,17.704999923706055,17.704999923706055,17.71500015258789,17.700000762939453,17.71500015258789,27239.0
2024-04-24 10:15:00,WBD,8.329999923706055,8.329999923706055,8.335000038146973,8.3100004196167,8.319999694824219,67722.0
2024-04-24 10:15:00,WDAY,255.98500061035156,255.98500061035156,256.05999755859375,255.9550018310547,256.05999755859375,5289.0
2024-04-24 10:15:00,WDC,69.9800033569336,69.9800033569336,70.08000183105469,69.9000015258789,69.94000244140625,18696.0
2024-04-24 10:15:00,WEN,19.885000228881836,19.885000228881836,19.885000228881836,19.872499465942383,19.875,2413.0
2024-04-24 10:15:00,WERN,35.60499954223633,35.60499954223633,35.60499954223633,35.60499954223633,35.60499954223633,497.0
2024-04-24 10:15:00,WEST,9.979999542236328,9.979999542236328,9.979999542236328,9.979999542236328,9.979999542236328,2137.0
2024-04-24 10:15:00,WFRD,124.5,124.5,124.5,124.17500305175781,124.17500305175781,3793.0
2024-04-24 10:15:00,WHLM,6.940000057220459,6.940000057220459,6.940000057220459,6.420100212097168,6.559999942779541,5775.0
2024-04-24 10:15:00,WIMI,0.878600001335144,0.878600001335144,0.8830000162124634,0.878600001335144,0.8830000162124634,2265.0
2024-04-24 10:15:00,WISA,6.2459001541137695,6.2459001541137695,6.329999923706055,6.220099925994873,6.290599822998047,42159.0
2024-04-24 10:15:00,WIX,124.29000091552734,124.29000091552734,124.29000091552734,124.0999984741211,124.2300033569336,1824.0
2024-04-24 10:15:00,WKHS,0.16410000622272491,0.16410000622272491,0.16500000655651093,0.16349999606609344,0.16359999775886536,145814.0
2024-04-24 10:15:00,WLDS,0.46619999408721924,0.46619999408721924,0.46619999408721924,0.46619999408721924,0.46619999408721924,2234.0
2024-04-24 10:15:00,WMG,32.20000076293945,32.20000076293945,32.209999084472656,32.17499923706055,32.17499923706055,4314.0
2024-04-24 10:15:00,WPRT,5.809999942779541,5.809999942779541,5.809999942779541,5.789999961853027,5.789999961853027,1966.0
2024-04-24 10:15:00,WSBF,11.9399995803833,11.9399995803833,11.9399995803833,11.9399995803833,11.9399995803833,789.0
2024-04-24 10:15:00,WSC,37.689998626708984,37.689998626708984,37.689998626708984,37.689998626708984,37.689998626708984,853.0
2024-04-24 10:15:00,WTW,263.4800109863281,263.4800109863281,263.7900085449219,263.4800109863281,263.7900085449219,1613.0
2024-04-24 10:15:00,WW,1.7100000381469727,1.7100000381469727,1.7100000381469727,1.6799999475479126,1.6799999475479126,25356.0
2024-04-24 10:15:00,WWD,150.17999267578125,150.17999267578125,150.17999267578125,150.17999267578125,150.17999267578125,488.0
2024-04-24 10:15:00,WYNN,97.57499694824219,97.57499694824219,97.62999725341797,97.55999755859375,97.55999755859375,1814.0
2024-04-24 10:15:00,XEL,54.994998931884766,54.994998931884766,54.994998931884766,54.97999954223633,54.97999954223633,4959.0
2024-04-24 10:15:00,XENE,40.48500061035156,40.48500061035156,40.48500061035156,40.48500061035156,40.48500061035156,724.0
2024-04-24 10:15:00,XERS,1.7400000095367432,1.7400000095367432,1.749899983406067,1.7400000095367432,1.7452000379562378,4344.0
2024-04-24 10:15:00,XFOR,1.2549999952316284,1.2549999952316284,1.2549999952316284,1.2549999952316284,1.2549999952316284,528.0
2024-04-24 10:15:00,XMTR,17.139999389648438,17.139999389648438,17.139999389648438,17.139999389648438,17.139999389648438,308.0
2024-04-24 10:15:00,XNCR,18.360000610351562,18.360000610351562,18.360000610351562,18.350000381469727,18.350000381469727,274.0
2024-04-24 10:15:00,XP,20.450000762939453,20.450000762939453,20.459999084472656,20.43000030517578,20.43000030517578,8166.0
2024-04-24 10:15:00,XRX,14.494999885559082,14.494999885559082,14.5,14.430000305175781,14.430000305175781,15151.0
2024-04-24 10:15:00,YMAB,15.4399995803833,15.4399995803833,15.4399995803833,15.40999984741211,15.40999984741211,990.0
2024-04-24 10:15:00,YTRA,1.309999942779541,1.309999942779541,1.309999942779541,1.309999942779541,1.309999942779541,2533.0
2024-04-24 10:15:00,Z,43.727500915527344,43.727500915527344,43.7599983215332,43.66999816894531,43.7599983215332,5268.0
2024-04-24 10:15:00,ZBRA,278.9549865722656,278.9549865722656,279.0775146484375,278.9549865722656,278.9949951171875,901.0
2024-04-24 10:15:00,ZCMD,1.659999966621399,1.659999966621399,1.659999966621399,1.659999966621399,1.659999966621399,756.0
2024-04-24 10:15:00,ZD,51.77000045776367,51.77000045776367,51.779998779296875,51.77000045776367,51.779998779296875,493.0
2024-04-24 10:15:00,ZG,43.130001068115234,43.130001068115234,43.130001068115234,43.130001068115234,43.130001068115234,384.0
2024-04-24 10:15:00,ZI,15.850000381469727,15.850000381469727,15.850000381469727,15.84000015258789,15.850000381469727,5802.0
2024-04-24 10:15:00,ZIMV,15.979999542236328,15.979999542236328,15.979999542236328,15.970000267028809,15.970000267028809,288.0
2024-04-24 10:15:00,ZION,42.150001525878906,42.150001525878906,42.150001525878906,42.099998474121094,42.150001525878906,2401.0
2024-04-24 10:15:00,ZLAB,15.84000015258789,15.84000015258789,15.850000381469727,15.789999961853027,15.850000381469727,1987.0
2024-04-24 10:15:00,ZM,61.32500076293945,61.32500076293945,61.33000183105469,61.2599983215332,61.31999969482422,13311.0
2024-04-24 10:15:00,ZNTL,12.40999984741211,12.40999984741211,12.430000305175781,12.40999984741211,12.430000305175781,301.0
2024-04-24 10:15:00,ZS,178.4199981689453,178.4199981689453,178.47000122070312,178.32000732421875,178.32000732421875,3708.0
2024-04-24 10:15:00,ZVRA,4.545000076293945,4.545000076293945,4.545000076293945,4.545000076293945,4.545000076293945,240.0
2024-04-24 10:15:00,ZVSA,0.583299994468689,0.583299994468689,0.583299994468689,0.583299994468689,0.583299994468689,343.0
2024-04-24 10:15:00,ZYME,8.619999885559082,8.619999885559082,8.640000343322754,8.619999885559082,8.640000343322754,1974.0
2024-04-24 10:15:00,ZYXI,11.489999771118164,11.489999771118164,11.489999771118164,11.489999771118164,11.489999771118164,532.0
2024-04-24 10:16:00,DIBS,5.360000133514404,5.360000133514404,5.369999885559082,5.360000133514404,5.360000133514404,2587.0
2024-04-24 10:16:00,EGHT,2.2899999618530273,2.2899999618530273,2.2899999618530273,2.2850000858306885,2.2850000858306885,283.0
2024-04-24 10:16:00,FDMT,25.1299991607666,25.1299991607666,25.1299991607666,25.1299991607666,25.1299991607666,200.0
2024-04-24 10:16:00,FEAM,1.1950000524520874,1.1950000524520874,1.1950000524520874,1.1950000524520874,1.1950000524520874,100.0
2024-04-24 10:16:00,FREEW,0.060100000351667404,0.060100000351667404,0.060100000351667404,0.060100000351667404,0.060100000351667404,0.0
2024-04-24 10:16:00,ME,0.47679999470710754,0.47679999470710754,0.47679999470710754,0.47679999470710754,0.47679999470710754,4816.0
2024-04-24 10:16:00,PET,2.240000009536743,2.240000009536743,2.240000009536743,2.2300000190734863,2.2300000190734863,6478.0
2024-04-24 10:16:00,TWOU,0.24120000004768372,0.24120000004768372,0.24140000343322754,0.24120000004768372,0.24140000343322754,1810.0
2024-04-24 10:16:00,TXG,27.3700008392334,27.3700008392334,27.3799991607666,27.354999542236328,27.3799991607666,6124.0
2024-04-24 10:16:00,VCTR,49.60599899291992,49.60599899291992,49.619998931884766,49.60599899291992,49.619998931884766,549.0
2024-04-24 10:16:00,VERU,1.3149000406265259,1.3149000406265259,1.3149000406265259,1.3149000406265259,1.3149000406265259,400.0
2024-04-24 10:16:00,VERV,6.869999885559082,6.869999885559082,6.869999885559082,6.869999885559082,6.869999885559082,251.0
2024-04-24 10:16:00,VERX,29.100000381469727,29.100000381469727,29.100000381469727,29.100000381469727,29.100000381469727,1407.0
2024-04-24 10:16:00,VFS,2.539900064468384,2.539900064468384,2.539900064468384,2.5350000858306885,2.5350000858306885,907.0
2024-04-24 10:16:00,VIAV,7.945000171661377,7.945000171661377,7.945000171661377,7.945000171661377,7.945000171661377,337.0
2024-04-24 10:16:00,VIR,8.199999809265137,8.199999809265137,8.199999809265137,8.1850004196167,8.1850004196167,4640.0
2024-04-24 10:16:00,VIRT,22.290000915527344,22.290000915527344,22.309999465942383,22.25,22.25,5682.0
2024-04-24 10:16:00,VITL,27.040000915527344,27.040000915527344,27.06999969482422,27.030000686645508,27.045000076293945,5405.0
2024-04-24 10:16:00,VIVK,1.6399999856948853,1.6399999856948853,1.6399999856948853,1.600000023841858,1.6196999549865723,7828.0
2024-04-24 10:16:00,VKTX,67.53500366210938,67.53500366210938,67.60359954833984,67.30000305175781,67.30000305175781,7961.0
2024-04-24 10:16:00,VLCN,0.25119999051094055,0.25119999051094055,0.2583000063896179,0.24889999628067017,0.25220000743865967,16764.0
2024-04-24 10:16:00,VMEO,3.555000066757202,3.555000066757202,3.555000066757202,3.555000066757202,3.555000066757202,207.0
2024-04-24 10:16:00,VNOM,39.939998626708984,39.939998626708984,39.939998626708984,39.939998626708984,39.939998626708984,126.0
2024-04-24 10:16:00,VOD,8.555000305175781,8.555000305175781,8.555000305175781,8.555000305175781,8.555000305175781,821.0
2024-04-24 10:16:00,VRDN,14.024999618530273,14.024999618530273,14.03499984741211,14.024999618530273,14.03499984741211,462.0
2024-04-24 10:16:00,VRRM,24.389999389648438,24.389999389648438,24.40999984741211,24.389999389648438,24.40999984741211,840.0
2024-04-24 10:16:00,VRTX,404.3800048828125,404.3800048828125,404.3800048828125,404.20001220703125,404.20001220703125,1333.0
2024-04-24 10:16:00,VSAT,16.43000030517578,16.43000030517578,16.43939971923828,16.43000030517578,16.43000030517578,571.0
2024-04-24 10:16:00,VTRS,11.359999656677246,11.359999656677246,11.359999656677246,11.354999542236328,11.359999656677246,2292.0
2024-04-24 10:16:00,VUZI,1.340000033378601,1.340000033378601,1.340000033378601,1.340000033378601,1.340000033378601,320.0
2024-04-24 10:16:00,VVOS,2.6500000953674316,2.6500000953674316,2.6600000858306885,2.6500000953674316,2.6600000858306885,1244.0
2024-04-24 10:16:00,VYGR,7.579999923706055,7.579999923706055,7.579999923706055,7.579999923706055,7.579999923706055,404.0
2024-04-24 10:16:00,WB,8.274999618530273,8.274999618530273,8.274999618530273,8.271400451660156,8.271400451660156,1364.0
2024-04-24 10:16:00,WBA,17.704999923706055,17.704999923706055,17.709999084472656,17.700000762939453,17.70870018005371,10516.0
2024-04-24 10:16:00,WBD,8.329999923706055,8.329999923706055,8.335000038146973,8.32800006866455,8.32800006866455,37911.0
2024-04-24 10:16:00,WDAY,256.1300048828125,256.1300048828125,256.19000244140625,255.89999389648438,256.0350036621094,2008.0
2024-04-24 10:16:00,WDC,70.0,70.0,70.0199966430664,69.91999816894531,69.95999908447266,28624.0
2024-04-24 10:16:00,WEN,19.8799991607666,19.8799991607666,19.889999389648438,19.875,19.889999389648438,3374.0
2024-04-24 10:16:00,WERN,35.5099983215332,35.5099983215332,35.56999969482422,35.5099983215332,35.54999923706055,1209.0
2024-04-24 10:16:00,WFRD,124.38999938964844,124.38999938964844,124.66000366210938,124.38999938964844,124.5,4635.0
2024-04-24 10:16:00,WHLM,6.949999809265137,6.949999809265137,6.949999809265137,6.672500133514404,6.819399833679199,11035.0
2024-04-24 10:16:00,WIMI,0.8865000009536743,0.8865000009536743,0.892300009727478,0.8780999779701233,0.8805000185966492,14531.0
2024-04-24 10:16:00,WING,364.1099853515625,364.1099853515625,364.1300048828125,363.94000244140625,364.1300048828125,2018.0
2024-04-24 10:16:00,WISA,6.070099830627441,6.070099830627441,6.199999809265137,6.059999942779541,6.199999809265137,31049.0
2024-04-24 10:16:00,WKHS,0.16439999639987946,0.16439999639987946,0.16439999639987946,0.16410000622272491,0.16419999301433563,83198.0
2024-04-24 10:16:00,WKSP,0.3707999885082245,0.3707999885082245,0.3709000051021576,0.3707999885082245,0.3709000051021576,7435.0
2024-04-24 10:16:00,WLDS,0.49000000953674316,0.49000000953674316,0.49000000953674316,0.48590001463890076,0.48590001463890076,0.0
2024-04-24 10:16:00,WMG,32.20719909667969,32.20719909667969,32.20719909667969,32.20719909667969,32.20719909667969,443.0
2024-04-24 10:16:00,WRLD,138.69500732421875,138.69500732421875,138.97999572753906,138.69500732421875,138.97999572753906,770.0
2024-04-24 10:16:00,WSC,37.77000045776367,37.77000045776367,37.77000045776367,37.75,37.75,2175.0
2024-04-24 10:16:00,WTW,263.3699951171875,263.3699951171875,263.68499755859375,263.3699951171875,263.68499755859375,1763.0
2024-04-24 10:16:00,WW,1.725000023841858,1.725000023841858,1.725000023841858,1.7200000286102295,1.7200000286102295,15454.0
2024-04-24 10:16:00,WYNN,97.47000122070312,97.47000122070312,97.63500213623047,97.47000122070312,97.57499694824219,1597.0
2024-04-24 10:16:00,XEL,55.02000045776367,55.02000045776367,55.02000045776367,54.97999954223633,54.97999954223633,5379.0
2024-04-24 10:16:00,XENE,40.56999969482422,40.56999969482422,40.56999969482422,40.5099983215332,40.5099983215332,740.0
2024-04-24 10:16:00,XNCR,18.34000015258789,18.34000015258789,18.350000381469727,18.34000015258789,18.350000381469727,311.0
2024-04-24 10:16:00,XP,20.46500015258789,20.46500015258789,20.46500015258789,20.450000762939453,20.450000762939453,1322.0
2024-04-24 10:16:00,XRX,14.524999618530273,14.524999618530273,14.524999618530273,14.5,14.5,10531.0
2024-04-24 10:16:00,YTEN,0.24639999866485596,0.24639999866485596,0.24639999866485596,0.24639999866485596,0.24639999866485596,550.0
2024-04-24 10:16:00,YTRA,1.309999942779541,1.309999942779541,1.309999942779541,1.309999942779541,1.309999942779541,13159.0
2024-04-24 10:16:00,Z,43.70000076293945,43.70000076293945,43.7599983215332,43.689998626708984,43.724998474121094,17321.0
2024-04-24 10:16:00,ZBRA,278.95001220703125,278.95001220703125,279.04998779296875,278.95001220703125,279.04998779296875,842.0
2024-04-24 10:16:00,ZG,43.11000061035156,43.11000061035156,43.16999816894531,43.11000061035156,43.16999816894531,1550.0
2024-04-24 10:16:00,ZI,15.854999542236328,15.854999542236328,15.854999542236328,15.854999542236328,15.854999542236328,452.0
2024-04-24 10:16:00,ZION,42.125,42.125,42.125,42.119998931884766,42.119998931884766,1252.0
2024-04-24 10:16:00,ZM,61.25,61.25,61.31999969482422,61.25,61.31999969482422,5517.0
2024-04-24 10:16:00,ZNTL,12.4350004196167,12.4350004196167,12.444999694824219,12.4350004196167,12.444999694824219,621.0
2024-04-24 10:16:00,ZS,178.4600067138672,178.4600067138672,178.4600067138672,178.3000030517578,178.375,5380.0
2024-04-24 10:16:00,ZURA,3.3499999046325684,3.3499999046325684,3.3499999046325684,3.3499999046325684,3.3499999046325684,142.0
2024-04-24 10:17:00,DIBS,5.360000133514404,5.360000133514404,5.360000133514404,5.360000133514404,5.360000133514404,684.0
2024-04-24 10:17:00,DSP,8.819999694824219,8.819999694824219,8.850000381469727,8.800000190734863,8.850000381469727,2180.0
2024-04-24 10:17:00,ETNB,8.789999961853027,8.789999961853027,8.789999961853027,8.789999961853027,8.789999961853027,799.0
2024-04-24 10:17:00,FEAM,1.1950000524520874,1.1950000524520874,1.1950000524520874,1.1950000524520874,1.1950000524520874,440.0
2024-04-24 10:17:00,MAPS,1.100000023841858,1.100000023841858,1.100000023841858,1.090000033378601,1.090000033378601,645.0
2024-04-24 10:17:00,MASS,5.619999885559082,5.619999885559082,5.639999866485596,5.619999885559082,5.639999866485596,902.0
2024-04-24 10:17:00,ME,0.4794999957084656,0.4794999957084656,0.4794999957084656,0.47749999165534973,0.47749999165534973,5055.0
2024-04-24 10:17:00,PET,2.25,2.25,2.25,2.25,2.25,0.0
2024-04-24 10:17:00,TWOU,0.24079999327659607,0.24079999327659607,0.24130000174045563,0.24079999327659607,0.24130000174045563,621.0
2024-04-24 10:17:00,TXG,27.334999084472656,27.334999084472656,27.41069984436035,27.334999084472656,27.360000610351562,8210.0
2024-04-24 10:17:00,VC,111.41500091552734,111.41500091552734,111.41500091552734,111.41500091552734,111.41500091552734,428.0
2024-04-24 10:17:00,VCTR,49.52000045776367,49.52000045776367,49.532100677490234,49.52000045776367,49.532100677490234,2052.0
2024-04-24 10:17:00,VERU,1.3049999475479126,1.3049999475479126,1.3200000524520874,1.3049999475479126,1.315000057220459,6292.0
2024-04-24 10:17:00,VERV,6.869999885559082,6.869999885559082,6.869999885559082,6.869999885559082,6.869999885559082,221.0
2024-04-24 10:17:00,VERX,28.9950008392334,28.9950008392334,29.100000381469727,28.9950008392334,29.100000381469727,3165.0
2024-04-24 10:17:00,VFF,1.3300000429153442,1.3300000429153442,1.3300000429153442,1.3200000524520874,1.3200000524520874,580.0
2024-04-24 10:17:00,VFS,2.5350000858306885,2.5350000858306885,2.5350000858306885,2.5299999713897705,2.5299999713897705,2051.0
2024-04-24 10:17:00,VIR,8.220000267028809,8.220000267028809,8.220000267028809,8.210000038146973,8.210000038146973,6484.0
2024-04-24 10:17:00,VIRT,22.274999618530273,22.274999618530273,22.280000686645508,22.239299774169922,22.280000686645508,4706.0
2024-04-24 10:17:00,VITL,26.969999313354492,26.969999313354492,27.049999237060547,26.94499969482422,27.040000915527344,7182.0
2024-04-24 10:17:00,VIVK,1.7000000476837158,1.7000000476837158,1.7000000476837158,1.7000000476837158,1.7000000476837158,471.0
2024-04-24 10:17:00,VKTX,67.44000244140625,67.44000244140625,67.55989837646484,67.4000015258789,67.51750183105469,11022.0
2024-04-24 10:17:00,VLCN,0.2517000138759613,0.2517000138759613,0.25679999589920044,0.2517000138759613,0.25679999589920044,8360.0
2024-04-24 10:17:00,VMEO,3.5450000762939453,3.5450000762939453,3.555000066757202,3.5450000762939453,3.555000066757202,17292.0
2024-04-24 10:17:00,VNOM,39.88010025024414,39.88010025024414,39.91999816894531,39.88010025024414,39.91999816894531,473.0
2024-04-24 10:17:00,VOD,8.555000305175781,8.555000305175781,8.555000305175781,8.550100326538086,8.552000045776367,6157.0
2024-04-24 10:17:00,VOR,1.8300000429153442,1.8300000429153442,1.8300000429153442,1.8300000429153442,1.8300000429153442,1515.0
2024-04-24 10:17:00,VRDN,14.0,14.0,14.024999618530273,14.0,14.024999618530273,3064.0
2024-04-24 10:17:00,VRRM,24.399999618530273,24.399999618530273,24.40999984741211,24.399999618530273,24.40999984741211,810.0
2024-04-24 10:17:00,VSAT,16.420000076293945,16.420000076293945,16.420000076293945,16.420000076293945,16.420000076293945,411.0
2024-04-24 10:17:00,VTNR,1.5850000381469727,1.5850000381469727,1.589400053024292,1.5816999673843384,1.5850000381469727,1407.0
2024-04-24 10:17:00,VTRS,11.367500305175781,11.367500305175781,11.369999885559082,11.359999656677246,11.359999656677246,11726.0
2024-04-24 10:17:00,VUZI,1.3350000381469727,1.3350000381469727,1.3350000381469727,1.3350000381469727,1.3350000381469727,97.0
2024-04-24 10:17:00,WB,8.295000076293945,8.295000076293945,8.295000076293945,8.274999618530273,8.274999618530273,4114.0
2024-04-24 10:17:00,WBA,17.712600708007812,17.712600708007812,17.712600708007812,17.690000534057617,17.704999923706055,35261.0
2024-04-24 10:17:00,WBD,8.33080005645752,8.33080005645752,8.335000038146973,8.329999923706055,8.3302001953125,4812.0
2024-04-24 10:17:00,WDAY,255.7449951171875,255.7449951171875,255.9600067138672,255.7449951171875,255.9600067138672,1278.0
2024-04-24 10:17:00,WDC,69.9000015258789,69.9000015258789,70.0199966430664,69.88999938964844,69.99500274658203,33400.0
2024-04-24 10:17:00,WEN,19.875,19.875,19.8799991607666,19.875,19.8799991607666,551.0
2024-04-24 10:17:00,WERN,35.41999816894531,35.41999816894531,35.4900016784668,35.41999816894531,35.4900016784668,1194.0
2024-04-24 10:17:00,WEST,9.960000038146973,9.960000038146973,9.960000038146973,9.960000038146973,9.960000038146973,898.0
2024-04-24 10:17:00,WFRD,124.13999938964844,124.13999938964844,124.51000213623047,124.13999938964844,124.51000213623047,8722.0
2024-04-24 10:17:00,WHLM,7.050000190734863,7.050000190734863,7.337200164794922,6.809999942779541,6.949999809265137,16904.0
2024-04-24 10:17:00,WHLR,0.13500000536441803,0.13500000536441803,0.14380000531673431,0.13500000536441803,0.14380000531673431,23519.0
2024-04-24 10:17:00,WIMI,0.8840000033378601,0.8840000033378601,0.8949000239372253,0.8840000033378601,0.8949000239372253,5674.0
2024-04-24 10:17:00,WING,363.9800109863281,363.9800109863281,364.1099853515625,363.9800109863281,364.0,1132.0
2024-04-24 10:17:00,WINT,4.980100154876709,4.980100154876709,4.980100154876709,4.980100154876709,4.980100154876709,338.0
2024-04-24 10:17:00,WISA,6.159999847412109,6.159999847412109,6.159999847412109,6.090000152587891,6.09499979019165,9079.0
2024-04-24 10:17:00,WKHS,0.164900004863739,0.164900004863739,0.16500000655651093,0.16449999809265137,0.16459999978542328,80275.0
2024-04-24 10:17:00,WMG,32.244998931884766,32.244998931884766,32.2599983215332,32.189998626708984,32.20500183105469,11688.0
2024-04-24 10:17:00,WRNT,0.26159998774528503,0.26159998774528503,0.26159998774528503,0.26159998774528503,0.26159998774528503,2200.0
2024-04-24 10:17:00,WSBF,11.920000076293945,11.920000076293945,11.920000076293945,11.920000076293945,11.920000076293945,313.0
2024-04-24 10:17:00,WSC,37.76499938964844,37.76499938964844,37.77000045776367,37.7599983215332,37.76499938964844,2320.0
2024-04-24 10:17:00,WVE,4.989999771118164,4.989999771118164,4.989999771118164,4.989999771118164,4.989999771118164,1063.0
2024-04-24 10:17:00,WW,1.725000023841858,1.725000023841858,1.7350000143051147,1.725000023841858,1.725000023841858,14910.0
2024-04-24 10:17:00,WWD,150.125,150.125,150.125,150.125,150.125,752.0
2024-04-24 10:17:00,WYNN,97.69000244140625,97.69000244140625,97.69000244140625,97.46499633789062,97.51000213623047,8825.0
2024-04-24 10:17:00,XEL,55.040000915527344,55.040000915527344,55.040000915527344,55.01499938964844,55.01499938964844,3481.0
2024-04-24 10:17:00,XENE,40.7400016784668,40.7400016784668,40.7599983215332,40.55500030517578,40.55500030517578,4763.0
2024-04-24 10:17:00,XMTR,17.149999618530273,17.149999618530273,17.149999618530273,17.1200008392334,17.1200008392334,579.0
2024-04-24 10:17:00,XNCR,18.325000762939453,18.325000762939453,18.325000762939453,18.325000762939453,18.325000762939453,120.0
2024-04-24 10:17:00,XP,20.450000762939453,20.450000762939453,20.46500015258789,20.440000534057617,20.46500015258789,12901.0
2024-04-24 10:17:00,XRX,14.5,14.5,14.524999618530273,14.494999885559082,14.524999618530273,14960.0
2024-04-24 10:17:00,YTEN,0.24330000579357147,0.24330000579357147,0.24330000579357147,0.24330000579357147,0.24330000579357147,1431.0
2024-04-24 10:17:00,Z,43.65999984741211,43.65999984741211,43.70500183105469,43.647499084472656,43.69499969482422,8544.0
2024-04-24 10:17:00,ZG,43.06999969482422,43.06999969482422,43.06999969482422,43.06999969482422,43.06999969482422,746.0
2024-04-24 10:17:00,ZI,15.83240032196045,15.83240032196045,15.859299659729004,15.830100059509277,15.854999542236328,10517.0
2024-04-24 10:17:00,ZIMV,15.984999656677246,15.984999656677246,15.984999656677246,15.984999656677246,15.984999656677246,1215.0
2024-04-24 10:17:00,ZION,42.13999938964844,42.13999938964844,42.13999938964844,42.13999938964844,42.13999938964844,489.0
2024-04-24 10:17:00,ZLAB,15.800000190734863,15.800000190734863,15.800000190734863,15.800000190734863,15.800000190734863,420.0
2024-04-24 10:17:00,ZM,61.18000030517578,61.18000030517578,61.2422981262207,61.18000030517578,61.2422981262207,3511.0
2024-04-24 10:17:00,ZS,178.25999450683594,178.25999450683594,178.25999450683594,178.22000122070312,178.25999450683594,2500.0
2024-04-24 10:17:00,ZURA,3.3399999141693115,3.3399999141693115,3.3399999141693115,3.299999952316284,3.299999952316284,1245.0
2024-04-24 10:17:00,ZYXI,11.475000381469727,11.475000381469727,11.475000381469727,11.475000381469727,11.475000381469727,555.0
2024-04-24 10:18:00,DIBS,5.360000133514404,5.360000133514404,5.364999771118164,5.360000133514404,5.364999771118164,583.0
2024-04-24 10:18:00,FDMT,25.200000762939453,25.200000762939453,25.200000762939453,25.139999389648438,25.139999389648438,682.0
2024-04-24 10:18:00,MAPS,1.100000023841858,1.100000023841858,1.100000023841858,1.100000023841858,1.100000023841858,0.0
2024-04-24 10:18:00,ME,0.4794999957084656,0.4794999957084656,0.4794999957084656,0.4745999872684479,0.47749999165534973,3303.0
2024-04-24 10:18:00,SXTP,0.24560000002384186,0.24560000002384186,0.24690000712871552,0.24560000002384186,0.24690000712871552,1000.0
2024-04-24 10:18:00,TSVT,4.429999828338623,4.429999828338623,4.429999828338623,4.429999828338623,4.429999828338623,1021.0
2024-04-24 10:18:00,TXG,27.34000015258789,27.34000015258789,27.34000015258789,27.329999923706055,27.334999084472656,2940.0
2024-04-24 10:18:00,VANI,1.784999966621399,1.784999966621399,1.784999966621399,1.7699999809265137,1.7699999809265137,0.0
2024-04-24 10:18:00,VC,111.48999786376953,111.48999786376953,111.48999786376953,111.48999786376953,111.48999786376953,427.0
2024-04-24 10:18:00,VCTR,49.52000045776367,49.52000045776367,49.529998779296875,49.5,49.518001556396484,2510.0
2024-04-24 10:18:00,VERU,1.309999942779541,1.309999942779541,1.309999942779541,1.3005000352859497,1.3062000274658203,1040.0
2024-04-24 10:18:00,VERV,6.880000114440918,6.880000114440918,6.880000114440918,6.869999885559082,6.869999885559082,798.0
2024-04-24 10:18:00,VERX,28.989999771118164,28.989999771118164,29.030000686645508,28.979999542236328,29.012500762939453,20195.0
2024-04-24 10:18:00,VFF,1.3200000524520874,1.3200000524520874,1.3200000524520874,1.3200000524520874,1.3200000524520874,100.0
2024-04-24 10:18:00,VFS,2.5450000762939453,2.5450000762939453,2.5450000762939453,2.5350000858306885,2.5350000858306885,6296.0
2024-04-24 10:18:00,VIAV,7.945000171661377,7.945000171661377,7.945000171661377,7.945000171661377,7.945000171661377,200.0
2024-04-24 10:18:00,VICR,34.915000915527344,34.915000915527344,35.650001525878906,34.915000915527344,35.375,3166.0
2024-04-24 10:18:00,VIGL,2.8499999046325684,2.8499999046325684,2.8499999046325684,2.8499999046325684,2.8499999046325684,805.0
2024-04-24 10:18:00,VINC,0.949999988079071,0.949999988079071,0.949999988079071,0.949999988079071,0.949999988079071,200.0
2024-04-24 10:18:00,VIR,8.229999542236328,8.229999542236328,8.229999542236328,8.220000267028809,8.220000267028809,1349.0
2024-04-24 10:18:00,VIRT,22.270000457763672,22.270000457763672,22.270000457763672,22.25,22.270000457763672,2732.0
2024-04-24 10:18:00,VITL,26.940000534057617,26.940000534057617,26.940000534057617,26.940000534057617,26.940000534057617,889.0
2024-04-24 10:18:00,VIVK,1.659999966621399,1.659999966621399,1.659999966621399,1.659999966621399,1.659999966621399,1788.0
2024-04-24 10:18:00,VKTX,67.38999938964844,67.38999938964844,67.4999008178711,67.36000061035156,67.42250061035156,9707.0
2024-04-24 10:18:00,VLCN,0.2556000053882599,0.2556000053882599,0.2565000057220459,0.2556000053882599,0.2565000057220459,6811.0
2024-04-24 10:18:00,VMEO,3.5399999618530273,3.5399999618530273,3.5399999618530273,3.5399999618530273,3.5399999618530273,334.0
2024-04-24 10:18:00,VNOM,39.915000915527344,39.915000915527344,39.93000030517578,39.8849983215332,39.8849983215332,3340.0
2024-04-24 10:18:00,VOD,8.555000305175781,8.555000305175781,8.555000305175781,8.555000305175781,8.555000305175781,631.0
2024-04-24 10:18:00,VRDN,14.010000228881836,14.010000228881836,14.010000228881836,14.010000228881836,14.010000228881836,545.0
2024-04-24 10:18:00,VRNA,15.494999885559082,15.494999885559082,15.494999885559082,15.479999542236328,15.479999542236328,557.0
2024-04-24 10:18:00,VRRM,24.440000534057617,24.440000534057617,24.440000534057617,24.43000030517578,24.43000030517578,296.0
2024-04-24 10:18:00,VRTX,404.32501220703125,404.32501220703125,404.3550109863281,404.05499267578125,404.3550109863281,1224.0
2024-04-24 10:18:00,VSAT,16.440000534057617,16.440000534057617,16.440000534057617,16.43000030517578,16.43000030517578,1981.0
2024-04-24 10:18:00,VTNR,1.5850000381469727,1.5850000381469727,1.589400053024292,1.5850000381469727,1.589400053024292,2051.0
2024-04-24 10:18:00,VTRS,11.354999542236328,11.354999542236328,11.375,11.350000381469727,11.359999656677246,26659.0
2024-04-24 10:18:00,VYGR,7.579999923706055,7.579999923706055,7.585000038146973,7.579999923706055,7.585000038146973,222.0
2024-04-24 10:18:00,WAFD,28.135000228881836,28.135000228881836,28.135000228881836,28.135000228881836,28.135000228881836,166.0
2024-04-24 10:18:00,WB,8.295000076293945,8.295000076293945,8.305000305175781,8.295000076293945,8.300000190734863,1247.0
2024-04-24 10:18:00,WBA,17.71500015258789,17.71500015258789,17.719999313354492,17.709999084472656,17.719900131225586,29448.0
2024-04-24 10:18:00,WBD,8.34000015258789,8.34000015258789,8.34000015258789,8.329999923706055,8.335000038146973,43196.0
2024-04-24 10:18:00,WDAY,255.94500732421875,255.94500732421875,256.010009765625,255.94500732421875,256.010009765625,321.0
2024-04-24 10:18:00,WDC,69.94000244140625,69.94000244140625,70.0199966430664,69.87999725341797,69.8949966430664,63010.0
2024-04-24 10:18:00,WEN,19.8799991607666,19.8799991607666,19.885000228881836,19.8700008392334,19.8700008392334,1372.0
2024-04-24 10:18:00,WERN,35.38999938964844,35.38999938964844,35.38999938964844,35.38999938964844,35.38999938964844,663.0
2024-04-24 10:18:00,WFRD,124.3499984741211,124.3499984741211,124.36000061035156,124.02999877929688,124.02999877929688,13219.0
2024-04-24 10:18:00,WHLM,7.420000076293945,7.420000076293945,7.599899768829346,7.099999904632568,7.199999809265137,16642.0
2024-04-24 10:18:00,WIMI,0.8895000219345093,0.8895000219345093,0.8949000239372253,0.8849999904632568,0.8895000219345093,23192.0
2024-04-24 10:18:00,WISA,6.192299842834473,6.192299842834473,6.219900131225586,6.115600109100342,6.190000057220459,18624.0
2024-04-24 10:18:00,WKHS,0.16459999978542328,0.16459999978542328,0.16459999978542328,0.16459999978542328,0.16459999978542328,3210.0
2024-04-24 10:18:00,WKSP,0.3718999922275543,0.3718999922275543,0.3720000088214874,0.3718999922275543,0.3720000088214874,15530.0
2024-04-24 10:18:00,WLDN,28.024999618530273,28.024999618530273,28.024999618530273,27.889999389648438,27.989999771118164,947.0
2024-04-24 10:18:00,WLDS,0.49000000953674316,0.49000000953674316,0.49000000953674316,0.49000000953674316,0.49000000953674316,400.0
2024-04-24 10:18:00,WMG,32.2400016784668,32.2400016784668,32.2400016784668,32.220001220703125,32.2400016784668,918.0
2024-04-24 10:18:00,WNEB,6.5,6.5,6.5,6.5,6.5,120.0
2024-04-24 10:18:00,WSBC,28.350000381469727,28.350000381469727,28.350000381469727,28.350000381469727,28.350000381469727,223.0
2024-04-24 10:18:00,WSBF,11.90999984741211,11.90999984741211,11.90999984741211,11.90999984741211,11.90999984741211,241.0
2024-04-24 10:18:00,WSFS,44.56999969482422,44.56999969482422,44.56999969482422,44.56999969482422,44.56999969482422,210.0
2024-04-24 10:18:00,WTFC,99.83999633789062,99.83999633789062,99.93499755859375,99.75,99.75,1280.0
2024-04-24 10:18:00,WTW,263.3900146484375,263.3900146484375,263.4200134277344,263.2749938964844,263.2749938964844,3123.0
2024-04-24 10:18:00,WW,1.7300000190734863,1.7300000190734863,1.7300000190734863,1.725000023841858,1.7272000312805176,2415.0
2024-04-24 10:18:00,WYNN,97.61000061035156,97.61000061035156,97.65499877929688,97.55000305175781,97.61900329589844,2798.0
2024-04-24 10:18:00,XEL,55.06999969482422,55.06999969482422,55.08000183105469,55.04999923706055,55.04999923706055,6391.0
2024-04-24 10:18:00,XERS,1.749899983406067,1.749899983406067,1.749899983406067,1.7450000047683716,1.7450000047683716,6598.0
2024-04-24 10:18:00,XFOR,1.2549999952316284,1.2549999952316284,1.2549999952316284,1.2549999952316284,1.2549999952316284,650.0
2024-04-24 10:18:00,XP,20.454999923706055,20.454999923706055,20.475000381469727,20.450000762939453,20.459999084472656,8573.0
2024-04-24 10:18:00,XPEL,54.55500030517578,54.55500030517578,54.584999084472656,54.55500030517578,54.584999084472656,1402.0
2024-04-24 10:18:00,XRX,14.505000114440918,14.505000114440918,14.505000114440918,14.46500015258789,14.5,12059.0
2024-04-24 10:18:00,XWEL,1.4900000095367432,1.4900000095367432,1.4900000095367432,1.4900000095367432,1.4900000095367432,360.0
2024-04-24 10:18:00,XXII,1.7208000421524048,1.7208000421524048,1.7300000190734863,1.7200000286102295,1.7300000190734863,10940.0
2024-04-24 10:18:00,YTEN,0.23999999463558197,0.23999999463558197,0.24289999902248383,0.23999999463558197,0.24289999902248383,7839.0
2024-04-24 10:18:00,Z,43.6349983215332,43.6349983215332,43.68000030517578,43.61000061035156,43.650001525878906,8571.0
2024-04-24 10:18:00,ZAPP,4.700200080871582,4.700200080871582,4.700200080871582,4.700200080871582,4.700200080871582,400.0
2024-04-24 10:18:00,ZBRA,278.6600036621094,278.6600036621094,278.6600036621094,278.6499938964844,278.6600036621094,2053.0
2024-04-24 10:18:00,ZI,15.854999542236328,15.854999542236328,15.854999542236328,15.824999809265137,15.829999923706055,7586.0
2024-04-24 10:18:00,ZION,42.150001525878906,42.150001525878906,42.150001525878906,42.119998931884766,42.119998931884766,1637.0
2024-04-24 10:18:00,ZLAB,15.800000190734863,15.800000190734863,15.850000381469727,15.800000190734863,15.850000381469727,412.0
2024-04-24 10:18:00,ZM,61.21500015258789,61.21500015258789,61.220001220703125,61.18000030517578,61.18000030517578,8339.0
2024-04-24 10:18:00,ZNTL,12.4350004196167,12.4350004196167,12.460000038146973,12.4350004196167,12.460000038146973,359.0
2024-04-24 10:18:00,ZS,178.30999755859375,178.30999755859375,178.4600067138672,178.1009979248047,178.1999969482422,11674.0
2024-04-24 10:18:00,ZVSA,0.5838000178337097,0.5838000178337097,0.5838000178337097,0.5838000178337097,0.5838000178337097,407.0
2024-04-24 10:18:00,ZYXI,11.470000267028809,11.470000267028809,11.470000267028809,11.449999809265137,11.460000038146973,539.0
2024-04-24 10:19:00,COCO,23.739999771118164,23.739999771118164,23.739999771118164,23.739999771118164,23.739999771118164,298.0
2024-04-24 10:19:00,DIBS,5.360000133514404,5.360000133514404,5.380000114440918,5.360000133514404,5.380000114440918,2243.0
2024-04-24 10:19:00,EGHT,2.2850000858306885,2.2850000858306885,2.2850000858306885,2.2850000858306885,2.2850000858306885,200.0
2024-04-24 10:19:00,ETNB,8.789999961853027,8.789999961853027,8.789999961853027,8.789999961853027,8.789999961853027,308.0
2024-04-24 10:19:00,FEAM,1.190000057220459,1.190000057220459,1.190000057220459,1.190000057220459,1.190000057220459,0.0
2024-04-24 10:19:00,FREEW,0.05999999865889549,0.05999999865889549,0.05999999865889549,0.05999999865889549,0.05999999865889549,0.0
2024-04-24 10:19:00,ME,0.47859999537467957,0.47859999537467957,0.47859999537467957,0.47699999809265137,0.47749999165534973,1276.0
2024-04-24 10:19:00,PET,2.25,2.25,2.25,2.25,2.25,0.0
2024-04-24 10:19:00,SEAT,5.815000057220459,5.815000057220459,5.815000057220459,5.815000057220459,5.815000057220459,803.0
2024-04-24 10:19:00,TSVT,4.434999942779541,4.434999942779541,4.434999942779541,4.434999942779541,4.434999942779541,356.0
2024-04-24 10:19:00,TWOU,0.24120000004768372,0.24120000004768372,0.24130000174045563,0.24120000004768372,0.24130000174045563,1918.0
2024-04-24 10:19:00,TXG,27.309999465942383,27.309999465942383,27.34000015258789,27.309200286865234,27.34000015258789,4922.0
2024-04-24 10:19:00,VC,111.54000091552734,111.54000091552734,111.54000091552734,111.54000091552734,111.54000091552734,1923.0
2024-04-24 10:19:00,VCTR,49.5099983215332,49.5099983215332,49.56999969482422,49.47999954223633,49.5,6393.0
2024-04-24 10:19:00,VERU,1.3300000429153442,1.3300000429153442,1.3300000429153442,1.3200000524520874,1.3200000524520874,2867.0
2024-04-24 10:19:00,VERV,6.880000114440918,6.880000114440918,6.889999866485596,6.880000114440918,6.889999866485596,769.0
2024-04-24 10:19:00,VERX,29.040000915527344,29.040000915527344,29.190000534057617,28.969999313354492,28.969999313354492,16663.0
2024-04-24 10:19:00,VFF,1.339900016784668,1.339900016784668,1.340000033378601,1.339900016784668,1.340000033378601,9412.0
2024-04-24 10:19:00,VFS,2.5450000762939453,2.5450000762939453,2.549999952316284,2.5450000762939453,2.5464999675750732,1732.0
2024-04-24 10:19:00,VIAV,7.945000171661377,7.945000171661377,7.949999809265137,7.945000171661377,7.949999809265137,339.0
2024-04-24 10:19:00,VICR,34.76250076293945,34.76250076293945,34.76250076293945,34.630001068115234,34.66999816894531,2002.0
2024-04-24 10:19:00,VIRC,10.689200401306152,10.689200401306152,10.689200401306152,10.689200401306152,10.689200401306152,193.0
2024-04-24 10:19:00,VIRT,22.249900817871094,22.249900817871094,22.264999389648438,22.229999542236328,22.264999389648438,3790.0
2024-04-24 10:19:00,VITL,26.9950008392334,26.9950008392334,27.010000228881836,26.905000686645508,26.940000534057617,8658.0
2024-04-24 10:19:00,VIVK,1.6399999856948853,1.6399999856948853,1.6699999570846558,1.6399999856948853,1.6699999570846558,0.0
2024-04-24 10:19:00,VKTX,67.2699966430664,67.2699966430664,67.3781967163086,67.25499725341797,67.29000091552734,3790.0
2024-04-24 10:19:00,VLCN,0.26010000705718994,0.26010000705718994,0.26010000705718994,0.2599000036716461,0.2599000036716461,7199.0
2024-04-24 10:19:00,VNET,1.5149999856948853,1.5149999856948853,1.5149999856948853,1.5149999856948853,1.5149999856948853,210.0
2024-04-24 10:19:00,VNOM,39.90999984741211,39.90999984741211,39.90999984741211,39.900001525878906,39.900001525878906,2091.0
2024-04-24 10:19:00,VOD,8.555000305175781,8.555000305175781,8.555000305175781,8.555000305175781,8.555000305175781,3899.0
2024-04-24 10:19:00,VRCA,6.699999809265137,6.699999809265137,6.699999809265137,6.699999809265137,6.699999809265137,200.0
2024-04-24 10:19:00,VRRM,24.450000762939453,24.450000762939453,24.450000762939453,24.450000762939453,24.450000762939453,346.0
2024-04-24 10:19:00,VRTX,403.68499755859375,403.68499755859375,404.010009765625,403.68499755859375,404.010009765625,1836.0
2024-04-24 10:19:00,VS,1.375,1.375,1.392300009727478,1.375,1.392300009727478,1241.0
2024-04-24 10:19:00,VSAT,16.43000030517578,16.43000030517578,16.450000762939453,16.43000030517578,16.450000762939453,3411.0
2024-04-24 10:19:00,VTNR,1.5850000381469727,1.5850000381469727,1.590000033378601,1.5850000381469727,1.5850000381469727,945.0
2024-04-24 10:19:00,VTRS,11.354999542236328,11.354999542236328,11.354999542236328,11.354999542236328,11.354999542236328,685.0
2024-04-24 10:19:00,VUZI,1.340000033378601,1.340000033378601,1.340000033378601,1.340000033378601,1.340000033378601,526.0
2024-04-24 10:19:00,WB,8.300000190734863,8.300000190734863,8.300000190734863,8.29889965057373,8.29889965057373,890.0
2024-04-24 10:19:00,WBA,17.704999923706055,17.704999923706055,17.71500015258789,17.700000762939453,17.71500015258789,14450.0
2024-04-24 10:19:00,WBD,8.329999923706055,8.329999923706055,8.34000015258789,8.329999923706055,8.330100059509277,26850.0
2024-04-24 10:19:00,WDAY,255.89500427246094,255.89500427246094,256.20001220703125,255.83999633789062,255.97000122070312,4164.0
2024-04-24 10:19:00,WDC,69.83499908447266,69.83499908447266,69.94000244140625,69.81999969482422,69.91999816894531,17450.0
2024-04-24 10:19:00,WEN,19.885000228881836,19.885000228881836,19.885000228881836,19.885000228881836,19.885000228881836,424.0
2024-04-24 10:19:00,WERN,35.349998474121094,35.349998474121094,35.349998474121094,35.349998474121094,35.349998474121094,526.0
2024-04-24 10:19:00,WFRD,124.30999755859375,124.30999755859375,124.30999755859375,124.13500213623047,124.13500213623047,344.0
2024-04-24 10:19:00,WHLM,7.480599880218506,7.480599880218506,7.579999923706055,7.320000171661377,7.5,27725.0
2024-04-24 10:19:00,WIMI,0.8948000073432922,0.8948000073432922,0.8948000073432922,0.8802000284194946,0.8948000073432922,4307.0
2024-04-24 10:19:00,WISA,6.198999881744385,6.198999881744385,6.230000019073486,6.150100231170654,6.150199890136719,30759.0
2024-04-24 10:19:00,WKHS,0.1647000014781952,0.1647000014781952,0.16500000655651093,0.16459999978542328,0.16459999978542328,24684.0
2024-04-24 10:19:00,WMG,32.20500183105469,32.20500183105469,32.27000045776367,32.189998626708984,32.25,6419.0
2024-04-24 10:19:00,WNEB,6.630000114440918,6.630000114440918,6.630000114440918,6.630000114440918,6.630000114440918,138.0
2024-04-24 10:19:00,WSBF,11.90999984741211,11.90999984741211,11.90999984741211,11.90999984741211,11.90999984741211,232.0
2024-04-24 10:19:00,WSC,37.814998626708984,37.814998626708984,37.814998626708984,37.79999923706055,37.79999923706055,1588.0
2024-04-24 10:19:00,WSFS,44.57500076293945,44.57500076293945,44.61000061035156,44.56999969482422,44.61000061035156,484.0
2024-04-24 10:19:00,WTW,263.32000732421875,263.32000732421875,263.32000732421875,263.25,263.25,2541.0
2024-04-24 10:19:00,WW,1.7300000190734863,1.7300000190734863,1.7300000190734863,1.7300000190734863,1.7300000190734863,305.0
2024-04-24 10:19:00,WYNN,97.69000244140625,97.69000244140625,97.69000244140625,97.60600280761719,97.62000274658203,2064.0
2024-04-24 10:19:00,XEL,55.14500045776367,55.14500045776367,55.14500045776367,55.07500076293945,55.07500076293945,6060.0
2024-04-24 10:19:00,XENE,40.755001068115234,40.755001068115234,40.755001068115234,40.755001068115234,40.755001068115234,167.0
2024-04-24 10:19:00,XERS,1.7400000095367432,1.7400000095367432,1.748900055885315,1.7400000095367432,1.7450000047683716,5184.0
2024-04-24 10:19:00,XFOR,1.2549999952316284,1.2549999952316284,1.2549999952316284,1.2549999952316284,1.2549999952316284,2640.0
2024-04-24 10:19:00,XP,20.44499969482422,20.44499969482422,20.454999923706055,20.440000534057617,20.454999923706055,3371.0
2024-04-24 10:19:00,XPEL,54.55500030517578,54.55500030517578,54.55500030517578,54.55500030517578,54.55500030517578,477.0
2024-04-24 10:19:00,XRX,14.550000190734863,14.550000190734863,14.555000305175781,14.510000228881836,14.510000228881836,7464.0
2024-04-24 10:19:00,YTEN,0.24500000476837158,0.24500000476837158,0.24500000476837158,0.23999999463558197,0.23999999463558197,46200.0
2024-04-24 10:19:00,YTRA,1.3279999494552612,1.3279999494552612,1.3279999494552612,1.3200000524520874,1.3200000524520874,7320.0
2024-04-24 10:19:00,Z,43.619998931884766,43.619998931884766,43.67499923706055,43.61000061035156,43.650001525878906,4488.0
2024-04-24 10:19:00,ZAPP,4.800600051879883,4.800600051879883,4.800600051879883,4.800600051879883,4.800600051879883,491.0
2024-04-24 10:19:00,ZCMD,1.6586999893188477,1.6586999893188477,1.6749999523162842,1.6586999893188477,1.6749999523162842,673.0
2024-04-24 10:19:00,ZD,51.790000915527344,51.790000915527344,51.790000915527344,51.790000915527344,51.790000915527344,1032.0
2024-04-24 10:19:00,ZG,43.029998779296875,43.029998779296875,43.09000015258789,43.029998779296875,43.09000015258789,1135.0
2024-04-24 10:19:00,ZIMV,16.010000228881836,16.010000228881836,16.010000228881836,15.975000381469727,15.975000381469727,1360.0
2024-04-24 10:19:00,ZION,42.13999938964844,42.13999938964844,42.150001525878906,42.130001068115234,42.150001525878906,2201.0
2024-04-24 10:19:00,ZIONP,19.991500854492188,19.991500854492188,19.991500854492188,19.991500854492188,19.991500854492188,0.0
2024-04-24 10:19:00,ZLAB,15.819999694824219,15.819999694824219,15.837499618530273,15.819999694824219,15.837499618530273,931.0
2024-04-24 10:19:00,ZM,61.29999923706055,61.29999923706055,61.33000183105469,61.20709991455078,61.20709991455078,10453.0
2024-04-24 10:19:00,ZS,178.50999450683594,178.50999450683594,178.50999450683594,178.41140747070312,178.44000244140625,4683.0
2024-04-24 10:19:00,ZURA,3.3399999141693115,3.3399999141693115,3.3399999141693115,3.3399999141693115,3.3399999141693115,476.0
2024-04-24 10:19:00,ZVSA,0.5838000178337097,0.5838000178337097,0.5838000178337097,0.5838000178337097,0.5838000178337097,746.0
2024-04-24 10:20:00,AIXI,1.2400000095367432,1.2400000095367432,1.2699999809265137,1.2100000381469727,1.2699999809265137,15276.0
2024-04-24 10:20:00,COCO,23.729999542236328,23.729999542236328,23.729999542236328,23.729999542236328,23.729999542236328,667.0
2024-04-24 10:20:00,EGHT,2.2850000858306885,2.2850000858306885,2.2850000858306885,2.2850000858306885,2.2850000858306885,200.0
2024-04-24 10:20:00,ETNB,8.800000190734863,8.800000190734863,8.800000190734863,8.800000190734863,8.800000190734863,345.0
2024-04-24 10:20:00,FDMT,25.219999313354492,25.219999313354492,25.219999313354492,25.219999313354492,25.219999313354492,399.0
2024-04-24 10:20:00,FEAM,1.2100000381469727,1.2100000381469727,1.2100000381469727,1.2100000381469727,1.2100000381469727,6874.0
2024-04-24 10:20:00,FLWS,9.260000228881836,9.260000228881836,9.260000228881836,9.260000228881836,9.260000228881836,881.0
2024-04-24 10:20:00,FREE,4.820000171661377,4.820000171661377,4.820000171661377,4.820000171661377,4.820000171661377,220.0
2024-04-24 10:20:00,HOWL,6.449999809265137,6.449999809265137,6.449999809265137,6.429999828338623,6.429999828338623,1229.0
2024-04-24 10:20:00,MAPS,1.100000023841858,1.100000023841858,1.100000023841858,1.100000023841858,1.100000023841858,200.0
2024-04-24 10:20:00,ME,0.4796999990940094,0.4796999990940094,0.4796999990940094,0.4771000146865845,0.4771000146865845,5158.0
2024-04-24 10:20:00,TSVT,4.446599960327148,4.446599960327148,4.446599960327148,4.446599960327148,4.446599960327148,522.0
2024-04-24 10:20:00,TWOU,0.24009999632835388,0.24009999632835388,0.24009999632835388,0.24009999632835388,0.24009999632835388,705.0
2024-04-24 10:20:00,TXG,27.28499984741211,27.28499984741211,27.309999465942383,27.280000686645508,27.309999465942383,3010.0
2024-04-24 10:20:00,VCTR,49.5099983215332,49.5099983215332,49.56999969482422,49.5099983215332,49.5099983215332,998.0
2024-04-24 10:20:00,VERU,1.3250000476837158,1.3250000476837158,1.3300000429153442,1.320099949836731,1.320099949836731,3716.0
2024-04-24 10:20:00,VERV,6.880000114440918,6.880000114440918,6.880000114440918,6.880000114440918,6.880000114440918,594.0
2024-04-24 10:20:00,VERX,29.049999237060547,29.049999237060547,29.049999237060547,29.014999389648438,29.049999237060547,1095.0
2024-04-24 10:20:00,VFS,2.5450000762939453,2.5450000762939453,2.5450000762939453,2.5450000762939453,2.5450000762939453,376.0
2024-04-24 10:20:00,VIAV,7.934999942779541,7.934999942779541,7.947500228881836,7.934999942779541,7.947500228881836,1174.0
2024-04-24 10:20:00,VIR,8.220000267028809,8.220000267028809,8.220000267028809,8.220000267028809,8.220000267028809,582.0
2024-04-24 10:20:00,VIRI,0.4401000142097473,0.4401000142097473,0.4401000142097473,0.4399999976158142,0.4399999976158142,3000.0
2024-04-24 10:20:00,VIRT,22.28499984741211,22.28499984741211,22.31999969482422,22.2450008392334,22.2450008392334,8673.0
2024-04-24 10:20:00,VIRX,0.8399999737739563,0.8399999737739563,0.8399999737739563,0.8399999737739563,0.8399999737739563,916.0
2024-04-24 10:20:00,VITL,27.018699645996094,27.018699645996094,27.030000686645508,27.010000228881836,27.020000457763672,1319.0
2024-04-24 10:20:00,VIVK,1.4155000448226929,1.4155000448226929,1.600100040435791,1.399999976158142,1.600000023841858,15268.0
2024-04-24 10:20:00,VKTX,67.18000030517578,67.18000030517578,67.26499938964844,67.02999877929688,67.25499725341797,14841.0
2024-04-24 10:20:00,VLCN,0.2621000111103058,0.2621000111103058,0.26409998536109924,0.2621000111103058,0.26350000500679016,55591.0
2024-04-24 10:20:00,VMD,8.125,8.125,8.130000114440918,8.079999923706055,8.125300407409668,10854.0
2024-04-24 10:20:00,VMEO,3.5399999618530273,3.5399999618530273,3.5399999618530273,3.5399999618530273,3.5399999618530273,1079.0
2024-04-24 10:20:00,VNET,1.5099999904632568,1.5099999904632568,1.5099999904632568,1.5099999904632568,1.5099999904632568,850.0
2024-04-24 10:20:00,VNOM,39.90999984741211,39.90999984741211,40.0,39.90999984741211,39.90999984741211,4904.0
2024-04-24 10:20:00,VOD,8.551199913024902,8.551199913024902,8.551199913024902,8.550000190734863,8.550000190734863,739.0
2024-04-24 10:20:00,VOXX,7.010000228881836,7.010000228881836,7.010000228881836,7.010000228881836,7.010000228881836,0.0
2024-04-24 10:20:00,VRRM,24.420000076293945,24.420000076293945,24.420000076293945,24.420000076293945,24.420000076293945,367.0
2024-04-24 10:20:00,VSAT,16.424999237060547,16.424999237060547,16.440000534057617,16.420000076293945,16.43000030517578,2082.0
2024-04-24 10:20:00,VSEC,78.58000183105469,78.58000183105469,78.58000183105469,78.58000183105469,78.58000183105469,541.0
2024-04-24 10:20:00,VTNR,1.5850000381469727,1.5850000381469727,1.589900016784668,1.5850000381469727,1.5850000381469727,1015.0
2024-04-24 10:20:00,VTRS,11.354999542236328,11.354999542236328,11.359999656677246,11.354999542236328,11.354999542236328,2085.0
2024-04-24 10:20:00,VYGR,7.574999809265137,7.574999809265137,7.579999923706055,7.570000171661377,7.579999923706055,691.0
2024-04-24 10:20:00,WAFD,28.110000610351562,28.110000610351562,28.110000610351562,28.087499618530273,28.110000610351562,2102.0
2024-04-24 10:20:00,WAFDP,15.734999656677246,15.734999656677246,15.734999656677246,15.734999656677246,15.734999656677246,200.0
2024-04-24 10:20:00,WBA,17.699899673461914,17.699899673461914,17.709999084472656,17.690000534057617,17.709999084472656,57803.0
2024-04-24 10:20:00,WBD,8.324999809265137,8.324999809265137,8.335000038146973,8.320099830627441,8.335000038146973,17530.0
2024-04-24 10:20:00,WDAY,255.6999969482422,255.6999969482422,255.80999755859375,255.6999969482422,255.7899932861328,1021.0
2024-04-24 10:20:00,WDC,69.70999908447266,69.70999908447266,69.86000061035156,69.70999908447266,69.82499694824219,18930.0
2024-04-24 10:20:00,WEN,19.889999389648438,19.889999389648438,19.889999389648438,19.8700008392334,19.8799991607666,8301.0
2024-04-24 10:20:00,WEST,9.979999542236328,9.979999542236328,9.979999542236328,9.979999542236328,9.979999542236328,402.0
2024-04-24 10:20:00,WFRD,124.0,124.0,124.12999725341797,123.81999969482422,124.12999725341797,1785.0
2024-04-24 10:20:00,WHLM,7.079999923706055,7.079999923706055,7.5,7.079999923706055,7.422599792480469,12883.0
2024-04-24 10:20:00,WHLR,0.14480000734329224,0.14480000734329224,0.14480000734329224,0.14480000734329224,0.14480000734329224,0.0
2024-04-24 10:20:00,WIMI,0.8949000239372253,0.8949000239372253,0.8949000239372253,0.8849999904632568,0.8945000171661377,10372.0
2024-04-24 10:20:00,WISA,6.150100231170654,6.150100231170654,6.199999809265137,6.150100231170654,6.162199974060059,6538.0
2024-04-24 10:20:00,WIX,124.37999725341797,124.37999725341797,124.37999725341797,124.37999725341797,124.37999725341797,1106.0
2024-04-24 10:20:00,WKHS,0.1648000031709671,0.1648000031709671,0.164900004863739,0.16459999978542328,0.16459999978542328,64851.0
2024-04-24 10:20:00,WKSP,0.3709999918937683,0.3709999918937683,0.3709999918937683,0.3709999918937683,0.3709999918937683,0.0
2024-04-24 10:20:00,WMG,32.16999816894531,32.16999816894531,32.189998626708984,32.15999984741211,32.189998626708984,1532.0
2024-04-24 10:20:00,WSBF,11.90999984741211,11.90999984741211,11.90999984741211,11.90999984741211,11.90999984741211,390.0
2024-04-24 10:20:00,WSC,37.790000915527344,37.790000915527344,37.81999969482422,37.78499984741211,37.81999969482422,3469.0
2024-04-24 10:20:00,WSFS,44.52000045776367,44.52000045776367,44.52000045776367,44.52000045776367,44.52000045776367,101.0
2024-04-24 10:20:00,WTFCP,24.93899917602539,24.93899917602539,24.93899917602539,24.93899917602539,24.93899917602539,1863.0
2024-04-24 10:20:00,WW,1.725000023841858,1.725000023841858,1.725000023841858,1.725000023841858,1.725000023841858,9561.0
2024-04-24 10:20:00,WWD,149.8699951171875,149.8699951171875,149.8699951171875,149.8699951171875,149.8699951171875,109.0
2024-04-24 10:20:00,WYNN,97.7300033569336,97.7300033569336,97.7300033569336,97.68000030517578,97.69000244140625,2054.0
2024-04-24 10:20:00,XEL,55.16999816894531,55.16999816894531,55.189998626708984,55.14500045776367,55.150001525878906,13214.0
2024-04-24 10:20:00,XENE,40.66999816894531,40.66999816894531,40.709999084472656,40.654998779296875,40.709999084472656,1238.0
2024-04-24 10:20:00,XERS,1.7401000261306763,1.7401000261306763,1.75,1.7400000095367432,1.7400000095367432,6912.0
2024-04-24 10:20:00,XFOR,1.2599999904632568,1.2599999904632568,1.2599999904632568,1.2599999904632568,1.2599999904632568,79.0
2024-04-24 10:20:00,XMTR,17.110000610351562,17.110000610351562,17.110000610351562,17.110000610351562,17.110000610351562,948.0
2024-04-24 10:20:00,XOMAO,25.079999923706055,25.079999923706055,25.079999923706055,25.079999923706055,25.079999923706055,0.0
2024-04-24 10:20:00,XP,20.424999237060547,20.424999237060547,20.450000762939453,20.420000076293945,20.450000762939453,10600.0
2024-04-24 10:20:00,XPEL,54.51499938964844,54.51499938964844,54.55500030517578,54.51499938964844,54.55500030517578,300.0
2024-04-24 10:20:00,XRX,14.5600004196167,14.5600004196167,14.569999694824219,14.550000190734863,14.556699752807617,9372.0
2024-04-24 10:20:00,YORW,35.41999816894531,35.41999816894531,35.50920104980469,35.41999816894531,35.50920104980469,756.0
2024-04-24 10:20:00,YTEN,0.2289000004529953,0.2289000004529953,0.24009999632835388,0.2240000069141388,0.23999999463558197,76417.0
2024-04-24 10:20:00,Z,43.584999084472656,43.584999084472656,43.63999938964844,43.584999084472656,43.63999938964844,3293.0
2024-04-24 10:20:00,ZCMD,1.7000000476837158,1.7000000476837158,1.7000000476837158,1.6749999523162842,1.6778000593185425,2169.0
2024-04-24 10:20:00,ZD,51.81999969482422,51.81999969482422,51.81999969482422,51.81999969482422,51.81999969482422,473.0
2024-04-24 10:20:00,ZI,15.84000015258789,15.84000015258789,15.850000381469727,15.829999923706055,15.850000381469727,7041.0
2024-04-24 10:20:00,ZION,42.09000015258789,42.09000015258789,42.09000015258789,42.084999084472656,42.09000015258789,6920.0
2024-04-24 10:20:00,ZLAB,15.859999656677246,15.859999656677246,15.859999656677246,15.850000381469727,15.850000381469727,1337.0
2024-04-24 10:20:00,ZM,61.25749969482422,61.25749969482422,61.33000183105469,61.25749969482422,61.29999923706055,7873.0
2024-04-24 10:20:00,ZS,178.5399932861328,178.5399932861328,178.6300048828125,178.47000122070312,178.61500549316406,8250.0
2024-04-24 10:20:00,ZYXI,11.449999809265137,11.449999809265137,11.449999809265137,11.449999809265137,11.449999809265137,456.0
2024-04-24 10:21:00,AIXI,1.2455999851226807,1.2455999851226807,1.2455999851226807,1.2130000591278076,1.2200000286102295,4324.0
2024-04-24 10:21:00,DIBS,5.349999904632568,5.349999904632568,5.349999904632568,5.349999904632568,5.349999904632568,3191.0
2024-04-24 10:21:00,DSP,8.760000228881836,8.760000228881836,8.760000228881836,8.75,8.75,777.0
2024-04-24 10:21:00,FDMT,25.25,25.25,25.25,25.25,25.25,435.0
2024-04-24 10:21:00,FEAM,1.2100000381469727,1.2100000381469727,1.2100000381469727,1.2100000381469727,1.2100000381469727,255.0
2024-04-24 10:21:00,FLWS,9.270000457763672,9.270000457763672,9.270000457763672,9.260000228881836,9.260000228881836,585.0
2024-04-24 10:21:00,MAPS,1.100000023841858,1.100000023841858,1.100000023841858,1.100000023841858,1.100000023841858,200.0
2024-04-24 10:21:00,MASS,5.630000114440918,5.630000114440918,5.630000114440918,5.630000114440918,5.630000114440918,434.0
2024-04-24 10:21:00,ME,0.47850000858306885,0.47850000858306885,0.47999998927116394,0.47850000858306885,0.47850000858306885,3211.0
2024-04-24 10:21:00,SEAT,5.815000057220459,5.815000057220459,5.815000057220459,5.815000057220459,5.815000057220459,1402.0
2024-04-24 10:21:00,SRCE,50.80500030517578,50.80500030517578,50.86000061035156,50.689998626708984,50.689998626708984,1713.0
2024-04-24 10:21:00,TSVT,4.440000057220459,4.440000057220459,4.440000057220459,4.440000057220459,4.440000057220459,970.0
2024-04-24 10:21:00,TXG,27.372499465942383,27.372499465942383,27.372499465942383,27.290000915527344,27.299999237060547,5281.0
2024-04-24 10:21:00,VCTR,49.5,49.5,49.5099983215332,49.5,49.5099983215332,1347.0
2024-04-24 10:21:00,VERU,1.3350000381469727,1.3350000381469727,1.3350000381469727,1.3300000429153442,1.3300000429153442,553.0
2024-04-24 10:21:00,VERV,6.880000114440918,6.880000114440918,6.889999866485596,6.880000114440918,6.880000114440918,1582.0
2024-04-24 10:21:00,VERX,29.075000762939453,29.075000762939453,29.100000381469727,29.030000686645508,29.030000686645508,39658.0
2024-04-24 10:21:00,VFF,1.3250000476837158,1.3250000476837158,1.3250000476837158,1.3100999593734741,1.3100999593734741,0.0
2024-04-24 10:21:00,VFS,2.568000078201294,2.568000078201294,2.568000078201294,2.549999952316284,2.549999952316284,6794.0
2024-04-24 10:21:00,VICR,34.90999984741211,34.90999984741211,34.90999984741211,34.90999984741211,34.90999984741211,371.0
2024-04-24 10:21:00,VIR,8.21500015258789,8.21500015258789,8.21500015258789,8.21500015258789,8.21500015258789,172.0
2024-04-24 10:21:00,VIRC,10.71500015258789,10.71500015258789,10.729999542236328,10.699999809265137,10.699999809265137,1000.0
2024-04-24 10:21:00,VIRI,0.4350999891757965,0.4350999891757965,0.4350999891757965,0.4350000023841858,0.4350000023841858,3517.0
2024-04-24 10:21:00,VIRT,22.260000228881836,22.260000228881836,22.280000686645508,22.239999771118164,22.280000686645508,3018.0
2024-04-24 10:21:00,VITL,26.979999542236328,26.979999542236328,26.989999771118164,26.979999542236328,26.989999771118164,1573.0
2024-04-24 10:21:00,VIVK,1.440000057220459,1.440000057220459,1.440000057220459,1.440000057220459,1.440000057220459,464.0
2024-04-24 10:21:00,VKTX,67.31999969482422,67.31999969482422,67.41000366210938,67.24500274658203,67.24500274658203,9356.0
2024-04-24 10:21:00,VLCN,0.25699999928474426,0.25699999928474426,0.25699999928474426,0.25529998540878296,0.25699999928474426,17454.0
2024-04-24 10:21:00,VMEO,3.549999952316284,3.549999952316284,3.549999952316284,3.5399999618530273,3.5399999618530273,323.0
2024-04-24 10:21:00,VNOM,40.029998779296875,40.029998779296875,40.029998779296875,39.970001220703125,40.0,1241.0
2024-04-24 10:21:00,VOD,8.5600004196167,8.5600004196167,8.5600004196167,8.551899909973145,8.551899909973145,13012.0
2024-04-24 10:21:00,VRCA,6.829999923706055,6.829999923706055,6.829999923706055,6.78000020980835,6.78000020980835,7046.0
2024-04-24 10:21:00,VRDN,14.024999618530273,14.024999618530273,14.029999732971191,14.024999618530273,14.029999732971191,360.0
2024-04-24 10:21:00,VRRM,24.420000076293945,24.420000076293945,24.420000076293945,24.420000076293945,24.420000076293945,148.0
2024-04-24 10:21:00,VRTX,404.010009765625,404.010009765625,404.010009765625,403.5849914550781,403.5849914550781,2250.0
2024-04-24 10:21:00,VSAT,16.440000534057617,16.440000534057617,16.440000534057617,16.440000534057617,16.440000534057617,559.0
2024-04-24 10:21:00,VSEC,78.58000183105469,78.58000183105469,78.58000183105469,78.55500030517578,78.58000183105469,1822.0
2024-04-24 10:21:00,VTNR,1.5850000381469727,1.5850000381469727,1.5850000381469727,1.5850000381469727,1.5850000381469727,1139.0
2024-04-24 10:21:00,VTRS,11.359999656677246,11.359999656677246,11.359999656677246,11.354999542236328,11.354999542236328,2216.0
2024-04-24 10:21:00,VUZI,1.340000033378601,1.340000033378601,1.340000033378601,1.340000033378601,1.340000033378601,131.0
2024-04-24 10:21:00,VYGR,7.589900016784668,7.589900016784668,7.590000152587891,7.579999923706055,7.579999923706055,1980.0
2024-04-24 10:21:00,WAFD,28.149999618530273,28.149999618530273,28.149999618530273,28.1299991607666,28.1299991607666,1136.0
2024-04-24 10:21:00,WASH,26.190000534057617,26.190000534057617,26.190000534057617,26.190000534057617,26.190000534057617,627.0
2024-04-24 10:21:00,WB,8.28499984741211,8.28499984741211,8.3100004196167,8.28499984741211,8.305000305175781,7139.0
2024-04-24 10:21:00,WBA,17.700000762939453,17.700000762939453,17.709999084472656,17.69499969482422,17.700000762939453,10688.0
2024-04-24 10:21:00,WBD,8.34000015258789,8.34000015258789,8.34000015258789,8.324999809265137,8.324999809265137,47153.0
2024-04-24 10:21:00,WDAY,255.5500030517578,255.5500030517578,255.9600067138672,255.5500030517578,255.72000122070312,2898.0
2024-04-24 10:21:00,WDC,69.69999694824219,69.69999694824219,69.75,69.66000366210938,69.75,16797.0
2024-04-24 10:21:00,WEN,19.895000457763672,19.895000457763672,19.895000457763672,19.889999389648438,19.889999389648438,770.0
2024-04-24 10:21:00,WERN,35.29999923706055,35.29999923706055,35.310001373291016,35.27000045776367,35.29999923706055,993.0
2024-04-24 10:21:00,WFRD,124.0,124.0,124.0,123.98999786376953,123.98999786376953,2733.0
2024-04-24 10:21:00,WHLM,6.940000057220459,6.940000057220459,7.244999885559082,6.940000057220459,7.110000133514404,23513.0
2024-04-24 10:21:00,WIMI,0.9049999713897705,0.9049999713897705,0.9100000262260437,0.885200023651123,0.8949000239372253,80982.0
2024-04-24 10:21:00,WING,363.7449951171875,363.7449951171875,363.7449951171875,363.7449951171875,363.7449951171875,298.0
2024-04-24 10:21:00,WISA,6.119999885559082,6.119999885559082,6.1732001304626465,6.110000133514404,6.150000095367432,13566.0
2024-04-24 10:21:00,WKHS,0.1648000031709671,0.1648000031709671,0.164900004863739,0.1648000031709671,0.164900004863739,33550.0
2024-04-24 10:21:00,WMG,32.20500183105469,32.20500183105469,32.220001220703125,32.16999816894531,32.16999816894531,3014.0
2024-04-24 10:21:00,WSBF,11.880000114440918,11.880000114440918,11.880000114440918,11.880000114440918,11.880000114440918,185.0
2024-04-24 10:21:00,WSC,37.810001373291016,37.810001373291016,37.81999969482422,37.790000915527344,37.80500030517578,3601.0
2024-04-24 10:21:00,WTFC,100.0,100.0,100.0,100.0,100.0,110.0
2024-04-24 10:21:00,WVE,4.980000019073486,4.980000019073486,4.980000019073486,4.980000019073486,4.980000019073486,676.0
2024-04-24 10:21:00,WW,1.7300000190734863,1.7300000190734863,1.7300000190734863,1.7200000286102295,1.725000023841858,5852.0
2024-04-24 10:21:00,WWD,150.0800018310547,150.0800018310547,150.0800018310547,150.0800018310547,150.0800018310547,272.0
2024-04-24 10:21:00,WYNN,97.7300033569336,97.7300033569336,97.7300033569336,97.64749908447266,97.7300033569336,5056.0
2024-04-24 10:21:00,XEL,55.15999984741211,55.15999984741211,55.209999084472656,55.15999984741211,55.185001373291016,3926.0
2024-04-24 10:21:00,XENE,40.69499969482422,40.69499969482422,40.69499969482422,40.69499969482422,40.69499969482422,258.0
2024-04-24 10:21:00,XMTR,17.139999389648438,17.139999389648438,17.139999389648438,17.104999542236328,17.1299991607666,1270.0
2024-04-24 10:21:00,XNCR,18.34000015258789,18.34000015258789,18.34000015258789,18.34000015258789,18.34000015258789,107.0
2024-04-24 10:21:00,XP,20.434999465942383,20.434999465942383,20.440000534057617,20.424999237060547,20.424999237060547,6502.0
2024-04-24 10:21:00,XRX,14.505000114440918,14.505000114440918,14.5600004196167,14.5,14.550000190734863,14903.0
2024-04-24 10:21:00,YTEN,0.22310000658035278,0.22310000658035278,0.2240000069141388,0.2199999988079071,0.2240000069141388,116053.0
2024-04-24 10:21:00,YTRA,1.320099949836731,1.320099949836731,1.320099949836731,1.320099949836731,1.320099949836731,3000.0
2024-04-24 10:21:00,Z,43.600799560546875,43.600799560546875,43.63249969482422,43.600799560546875,43.619998931884766,1419.0
2024-04-24 10:21:00,ZBRA,278.635009765625,278.635009765625,278.635009765625,278.5799865722656,278.5799865722656,1395.0
2024-04-24 10:21:00,ZD,51.86000061035156,51.86000061035156,51.86000061035156,51.86000061035156,51.86000061035156,1645.0
2024-04-24 10:21:00,ZI,15.829999923706055,15.829999923706055,15.864999771118164,15.829999923706055,15.859999656677246,7535.0
2024-04-24 10:21:00,ZION,42.16999816894531,42.16999816894531,42.16999816894531,42.119998931884766,42.119998931884766,6683.0
2024-04-24 10:21:00,ZIONO,25.459999084472656,25.459999084472656,25.459999084472656,25.440000534057617,25.440000534057617,2097.0
2024-04-24 10:21:00,ZLAB,15.829999923706055,15.829999923706055,15.845000267028809,15.8100004196167,15.829999923706055,3149.0
2024-04-24 10:21:00,ZM,61.275001525878906,61.275001525878906,61.290000915527344,61.26499938964844,61.279998779296875,3040.0
2024-04-24 10:21:00,ZNTL,12.479999542236328,12.479999542236328,12.479999542236328,12.479999542236328,12.479999542236328,409.0
2024-04-24 10:21:00,ZS,178.968994140625,178.968994140625,179.10000610351562,178.6699981689453,178.6699981689453,13857.0
2024-04-24 10:21:00,ZUMZ,16.950000762939453,16.950000762939453,16.950000762939453,16.950000762939453,16.950000762939453,1621.0
2024-04-24 10:22:00,AIXI,1.2619999647140503,1.2619999647140503,1.2619999647140503,1.25,1.2599999904632568,4173.0
2024-04-24 10:22:00,COCO,23.75,23.75,23.75,23.75,23.75,605.0
2024-04-24 10:22:00,DIBS,5.355000019073486,5.355000019073486,5.355000019073486,5.355000019073486,5.355000019073486,100.0
2024-04-24 10:22:00,EGHT,2.2850000858306885,2.2850000858306885,2.2899999618530273,2.2850000858306885,2.2850000858306885,771.0
2024-04-24 10:22:00,ETNB,8.789999961853027,8.789999961853027,8.809900283813477,8.789999961853027,8.800000190734863,794.0
2024-04-24 10:22:00,MAPS,1.100000023841858,1.100000023841858,1.100000023841858,1.100000023841858,1.100000023841858,100.0
2024-04-24 10:22:00,ME,0.47699999809265137,0.47699999809265137,0.47999998927116394,0.47699999809265137,0.47999998927116394,2006.0
2024-04-24 10:22:00,SEAT,5.815000057220459,5.815000057220459,5.815000057220459,5.815000057220459,5.815000057220459,787.0
2024-04-24 10:22:00,SXTP,0.25,0.25,0.25,0.25,0.25,300.0
2024-04-24 10:22:00,TSVT,4.440000057220459,4.440000057220459,4.440000057220459,4.440000057220459,4.440000057220459,425.0
2024-04-24 10:22:00,TWOU,0.24120000004768372,0.24120000004768372,0.24120000004768372,0.2410999983549118,0.24120000004768372,17023.0
2024-04-24 10:22:00,TXG,27.334999084472656,27.334999084472656,27.360000610351562,27.334999084472656,27.360000610351562,2937.0
2024-04-24 10:22:00,VCTR,49.55500030517578,49.55500030517578,49.55500030517578,49.55500030517578,49.55500030517578,105.0
2024-04-24 10:22:00,VERU,1.3350000381469727,1.3350000381469727,1.3350000381469727,1.3300000429153442,1.3300000429153442,4799.0
2024-04-24 10:22:00,VERV,6.880000114440918,6.880000114440918,6.880000114440918,6.880000114440918,6.880000114440918,420.0
2024-04-24 10:22:00,VERX,29.177499771118164,29.177499771118164,29.219999313354492,29.100000381469727,29.100000381469727,55005.0
2024-04-24 10:22:00,VFS,2.5999999046325684,2.5999999046325684,2.5999999046325684,2.559999942779541,2.5690999031066895,43207.0
2024-04-24 10:22:00,VIAV,7.945000171661377,7.945000171661377,7.945000171661377,7.940000057220459,7.940000057220459,2064.0
2024-04-24 10:22:00,VICR,34.90999984741211,34.90999984741211,34.90999984741211,34.880001068115234,34.880001068115234,2212.0
2024-04-24 10:22:00,VIR,8.21500015258789,8.21500015258789,8.21500015258789,8.21500015258789,8.21500015258789,212.0
2024-04-24 10:22:00,VIRT,22.229999542236328,22.229999542236328,22.239999771118164,22.209999084472656,22.239999771118164,5037.0
2024-04-24 10:22:00,VITL,26.954299926757812,26.954299926757812,26.979999542236328,26.93000030517578,26.959999084472656,10292.0
2024-04-24 10:22:00,VIVK,1.440000057220459,1.440000057220459,1.499500036239624,1.440000057220459,1.4800000190734863,1311.0
2024-04-24 10:22:00,VKTX,67.33499908447266,67.33499908447266,67.38999938964844,67.25330352783203,67.3499984741211,10001.0
2024-04-24 10:22:00,VLCN,0.26100000739097595,0.26100000739097595,0.2669000029563904,0.26100000739097595,0.2653000056743622,27450.0
2024-04-24 10:22:00,VMEO,3.5450000762939453,3.5450000762939453,3.5450000762939453,3.5399999618530273,3.5399999618530273,344.0
2024-04-24 10:22:00,VNOM,40.02000045776367,40.02000045776367,40.03499984741211,40.0,40.03499984741211,480.0
2024-04-24 10:22:00,VOD,8.555000305175781,8.555000305175781,8.5600004196167,8.550000190734863,8.5600004196167,12029.0
2024-04-24 10:22:00,VRRM,24.440000534057617,24.440000534057617,24.440000534057617,24.440000534057617,24.440000534057617,324.0
2024-04-24 10:22:00,VRTX,403.3900146484375,403.3900146484375,404.2799987792969,403.3900146484375,404.239990234375,2743.0
2024-04-24 10:22:00,VSAT,16.43000030517578,16.43000030517578,16.450000762939453,16.399999618530273,16.450000762939453,2998.0
2024-04-24 10:22:00,VSEC,78.55000305175781,78.55000305175781,78.55000305175781,78.55000305175781,78.55000305175781,696.0
2024-04-24 10:22:00,VSME,0.42489999532699585,0.42489999532699585,0.42489999532699585,0.42489999532699585,0.42489999532699585,8.0
2024-04-24 10:22:00,VTGN,4.833799839019775,4.833799839019775,4.833799839019775,4.833799839019775,4.833799839019775,153.0
2024-04-24 10:22:00,VTNR,1.5850000381469727,1.5850000381469727,1.590000033378601,1.5806000232696533,1.5850000381469727,16158.0
2024-04-24 10:22:00,VTRS,11.359999656677246,11.359999656677246,11.359999656677246,11.359999656677246,11.359999656677246,1177.0
2024-04-24 10:22:00,VUZI,1.3450000286102295,1.3450000286102295,1.3450000286102295,1.340000033378601,1.340000033378601,2678.0
2024-04-24 10:22:00,WB,8.28499984741211,8.28499984741211,8.28499984741211,8.274999618530273,8.279999732971191,3080.0
2024-04-24 10:22:00,WBA,17.71500015258789,17.71500015258789,17.719999313354492,17.700000762939453,17.704999923706055,27545.0
2024-04-24 10:22:00,WBD,8.364999771118164,8.364999771118164,8.364999771118164,8.335000038146973,8.335000038146973,61191.0
2024-04-24 10:22:00,WDAY,255.75999450683594,255.75999450683594,255.8300018310547,255.5399932861328,255.5399932861328,2481.0
2024-04-24 10:22:00,WDC,69.80999755859375,69.80999755859375,69.80999755859375,69.68499755859375,69.69000244140625,18629.0
2024-04-24 10:22:00,WEN,19.892499923706055,19.892499923706055,19.895000457763672,19.892499923706055,19.895000457763672,536.0
2024-04-24 10:22:00,WERN,35.380001068115234,35.380001068115234,35.380001068115234,35.34000015258789,35.34000015258789,386.0
2024-04-24 10:22:00,WEST,10.0,10.0,10.0,10.0,10.0,229.0
2024-04-24 10:22:00,WFRD,124.27999877929688,124.27999877929688,124.31999969482422,124.00499725341797,124.00499725341797,5763.0
2024-04-24 10:22:00,WHF,12.739999771118164,12.739999771118164,12.739999771118164,12.739999771118164,12.739999771118164,303.0
2024-04-24 10:22:00,WHLM,7.139999866485596,7.139999866485596,7.168300151824951,6.860000133514404,6.945000171661377,10593.0
2024-04-24 10:22:00,WIMI,0.9135000109672546,0.9135000109672546,0.9150000214576721,0.9004999995231628,0.9049999713897705,91193.0
2024-04-24 10:22:00,WING,364.2900085449219,364.2900085449219,364.2900085449219,364.2900085449219,364.2900085449219,157.0
2024-04-24 10:22:00,WISA,6.170400142669678,6.170400142669678,6.190000057220459,6.110099792480469,6.110099792480469,23194.0
2024-04-24 10:22:00,WKHS,0.164900004863739,0.164900004863739,0.16500000655651093,0.1648000031709671,0.16500000655651093,9440.0
2024-04-24 10:22:00,WLDS,0.49000000953674316,0.49000000953674316,0.49000000953674316,0.49000000953674316,0.49000000953674316,105.0
2024-04-24 10:22:00,WMG,32.22999954223633,32.22999954223633,32.22999954223633,32.220001220703125,32.220001220703125,660.0
2024-04-24 10:22:00,WSBC,28.434999465942383,28.434999465942383,28.434999465942383,28.43000030517578,28.43000030517578,751.0
2024-04-24 10:22:00,WSC,37.83000183105469,37.83000183105469,37.834999084472656,37.83000183105469,37.83000183105469,1279.0
2024-04-24 10:22:00,WSFS,44.58000183105469,44.58000183105469,44.58000183105469,44.58000183105469,44.58000183105469,679.0
2024-04-24 10:22:00,WTFC,99.94000244140625,99.94000244140625,99.94000244140625,99.73999786376953,99.87750244140625,3974.0
2024-04-24 10:22:00,WVE,4.989999771118164,4.989999771118164,4.989999771118164,4.989999771118164,4.989999771118164,200.0
2024-04-24 10:22:00,WW,1.7300000190734863,1.7300000190734863,1.7300000190734863,1.725000023841858,1.728700041770935,13682.0
2024-04-24 10:22:00,WYNN,97.69999694824219,97.69999694824219,97.73999786376953,97.57499694824219,97.7300033569336,5817.0
2024-04-24 10:22:00,XEL,55.09000015258789,55.09000015258789,55.15999984741211,55.084999084472656,55.15999984741211,6450.0
2024-04-24 10:22:00,XENE,40.73500061035156,40.73500061035156,40.73500061035156,40.70000076293945,40.70000076293945,1228.0
2024-04-24 10:22:00,XERS,1.7450000047683716,1.7450000047683716,1.7450000047683716,1.7400000095367432,1.7450000047683716,905.0
2024-04-24 10:22:00,XFOR,1.2592999935150146,1.2592999935150146,1.2599999904632568,1.2549999952316284,1.2549999952316284,416.0
2024-04-24 10:22:00,XMTR,17.15999984741211,17.15999984741211,17.170000076293945,17.149999618530273,17.149999618530273,653.0
2024-04-24 10:22:00,XNCR,18.329999923706055,18.329999923706055,18.329999923706055,18.329999923706055,18.329999923706055,206.0
2024-04-24 10:22:00,XP,20.44499969482422,20.44499969482422,20.459999084472656,20.440000534057617,20.440000534057617,5011.0
2024-04-24 10:22:00,XPEL,54.53200149536133,54.53200149536133,54.53200149536133,54.53200149536133,54.53200149536133,289.0
2024-04-24 10:22:00,XRX,14.555000305175781,14.555000305175781,14.579999923706055,14.505000114440918,14.505000114440918,10755.0
2024-04-24 10:22:00,XXII,1.7200000286102295,1.7200000286102295,1.7200000286102295,1.7200000286102295,1.7200000286102295,765.0
2024-04-24 10:22:00,YOSH,3.809999942779541,3.809999942779541,3.930000066757202,3.7699999809265137,3.9200000762939453,1517.0
2024-04-24 10:22:00,YTEN,0.22370000183582306,0.22370000183582306,0.22380000352859497,0.21310000121593475,0.2175000011920929,20666.0
2024-04-24 10:22:00,Z,43.689998626708984,43.689998626708984,43.689998626708984,43.599998474121094,43.61000061035156,4858.0
2024-04-24 10:22:00,ZBRA,279.0350036621094,279.0350036621094,279.0899963378906,278.6499938964844,278.8599853515625,2123.0
2024-04-24 10:22:00,ZG,43.08000183105469,43.08000183105469,43.08000183105469,43.04999923706055,43.04999923706055,5826.0
2024-04-24 10:22:00,ZI,15.835000038146973,15.835000038146973,15.835000038146973,15.835000038146973,15.835000038146973,1814.0
2024-04-24 10:22:00,ZION,42.18000030517578,42.18000030517578,42.18000030517578,42.16999816894531,42.16999816894531,1602.0
2024-04-24 10:22:00,ZLAB,15.869999885559082,15.869999885559082,15.869999885559082,15.835000038146973,15.850000381469727,2022.0
2024-04-24 10:22:00,ZM,61.279998779296875,61.279998779296875,61.32500076293945,61.279998779296875,61.29999923706055,3765.0
2024-04-24 10:22:00,ZS,178.8800048828125,178.8800048828125,178.91000366210938,178.75,178.875,2990.0
2024-04-24 10:22:00,ZVRA,4.545000076293945,4.545000076293945,4.545000076293945,4.539999961853027,4.541999816894531,2801.0
2024-04-24 10:22:00,ZYXI,11.40999984741211,11.40999984741211,11.420000076293945,11.40999984741211,11.420000076293945,312.0
2024-04-24 10:23:00,AIXI,1.2699999809265137,1.2699999809265137,1.2699999809265137,1.2400000095367432,1.2400000095367432,2198.0
2024-04-24 10:23:00,COCO,23.790000915527344,23.790000915527344,23.790000915527344,23.770000457763672,23.770000457763672,902.0
2024-04-24 10:23:00,FDMT,25.229999542236328,25.229999542236328,25.229999542236328,25.229999542236328,25.229999542236328,289.0
2024-04-24 10:23:00,FREE,4.820000171661377,4.820000171661377,4.820000171661377,4.820000171661377,4.820000171661377,151.0
2024-04-24 10:23:00,ME,0.47850000858306885,0.47850000858306885,0.47850000858306885,0.47850000858306885,0.47850000858306885,1102.0
2024-04-24 10:23:00,TSVT,4.440000057220459,4.440000057220459,4.440000057220459,4.440000057220459,4.440000057220459,1742.0
2024-04-24 10:23:00,TWOU,0.2410999983549118,0.2410999983549118,0.2410999983549118,0.2410999983549118,0.2410999983549118,2612.0
2024-04-24 10:23:00,TXG,27.364999771118164,27.364999771118164,27.3700008392334,27.350000381469727,27.350000381469727,3250.0
2024-04-24 10:23:00,VCTR,49.564998626708984,49.564998626708984,49.564998626708984,49.564998626708984,49.564998626708984,204.0
2024-04-24 10:23:00,VERU,1.3300000429153442,1.3300000429153442,1.340000033378601,1.3200000524520874,1.3300000429153442,11776.0
2024-04-24 10:23:00,VERV,6.880000114440918,6.880000114440918,6.880000114440918,6.880000114440918,6.880000114440918,573.0
2024-04-24 10:23:00,VERX,29.350000381469727,29.350000381469727,29.350000381469727,29.260000228881836,29.260000228881836,85272.0
2024-04-24 10:23:00,VFS,2.5785999298095703,2.5785999298095703,2.630000114440918,2.575000047683716,2.5999999046325684,90277.0
2024-04-24 10:23:00,VINC,0.9686999917030334,0.9686999917030334,0.9686999917030334,0.9686999917030334,0.9686999917030334,2265.0
2024-04-24 10:23:00,VIR,8.220000267028809,8.220000267028809,8.220000267028809,8.220000267028809,8.220000267028809,321.0
2024-04-24 10:23:00,VIRT,22.239999771118164,22.239999771118164,22.25,22.235000610351562,22.235000610351562,2121.0
2024-04-24 10:23:00,VITL,26.860000610351562,26.860000610351562,26.93000030517578,26.79199981689453,26.93000030517578,9009.0
2024-04-24 10:23:00,VIVK,1.475000023841858,1.475000023841858,1.475000023841858,1.475000023841858,1.475000023841858,2500.0
2024-04-24 10:23:00,VKTX,67.61000061035156,67.61000061035156,67.7300033569336,67.37000274658203,67.37000274658203,13640.0
2024-04-24 10:23:00,VLCN,0.25440001487731934,0.25440001487731934,0.26100000739097595,0.25440001487731934,0.26100000739097595,5297.0
2024-04-24 10:23:00,VNOM,40.11000061035156,40.11000061035156,40.11000061035156,40.025001525878906,40.025001525878906,1788.0
2024-04-24 10:23:00,VOD,8.555000305175781,8.555000305175781,8.555000305175781,8.550000190734863,8.555000305175781,1856.0
2024-04-24 10:23:00,VRDN,14.024999618530273,14.024999618530273,14.024999618530273,14.024999618530273,14.024999618530273,330.0
2024-04-24 10:23:00,VRNA,15.510000228881836,15.510000228881836,15.510000228881836,15.510000228881836,15.510000228881836,119.0
2024-04-24 10:23:00,VRRM,24.440000534057617,24.440000534057617,24.440000534057617,24.440000534057617,24.440000534057617,434.0
2024-04-24 10:23:00,VRTX,403.614990234375,403.614990234375,403.614990234375,403.32000732421875,403.32000732421875,741.0
2024-04-24 10:23:00,VSAT,16.43000030517578,16.43000030517578,16.43000030517578,16.43000030517578,16.43000030517578,2081.0
2024-04-24 10:23:00,VTGN,4.815000057220459,4.815000057220459,4.820000171661377,4.815000057220459,4.820000171661377,545.0
2024-04-24 10:23:00,VTNR,1.5806000232696533,1.5806000232696533,1.589400053024292,1.5806000232696533,1.589400053024292,5723.0
2024-04-24 10:23:00,VTRS,11.359999656677246,11.359999656677246,11.369999885559082,11.354999542236328,11.359999656677246,12915.0
2024-04-24 10:23:00,VTSI,12.109999656677246,12.109999656677246,12.119999885559082,12.100000381469727,12.100000381469727,1467.0
2024-04-24 10:23:00,VUZI,1.340000033378601,1.340000033378601,1.3450000286102295,1.340000033378601,1.3402999639511108,8549.0
2024-04-24 10:23:00,WAFD,28.110000610351562,28.110000610351562,28.110000610351562,28.110000610351562,28.110000610351562,1186.0
2024-04-24 10:23:00,WB,8.274999618530273,8.274999618530273,8.279999732971191,8.274999618530273,8.279999732971191,3244.0
2024-04-24 10:23:00,WBA,17.700000762939453,17.700000762939453,17.729999542236328,17.700000762939453,17.71500015258789,41760.0
2024-04-24 10:23:00,WBD,8.364999771118164,8.364999771118164,8.375,8.361100196838379,8.361300468444824,50466.0
2024-04-24 10:23:00,WDAY,255.9949951171875,255.9949951171875,256.0299987792969,255.75999450683594,255.75999450683594,3315.0
2024-04-24 10:23:00,WDC,69.68000030517578,69.68000030517578,69.80999755859375,69.68000030517578,69.80999755859375,10850.0
2024-04-24 10:23:00,WEN,19.895000457763672,19.895000457763672,19.895000457763672,19.889999389648438,19.889999389648438,1281.0
2024-04-24 10:23:00,WERN,35.415000915527344,35.415000915527344,35.44499969482422,35.369998931884766,35.400001525878906,5082.0
2024-04-24 10:23:00,WEST,9.989999771118164,9.989999771118164,10.0,9.984999656677246,10.0,1114.0
2024-04-24 10:23:00,WFRD,124.16000366210938,124.16000366210938,124.27999877929688,124.16000366210938,124.27999877929688,24747.0
2024-04-24 10:23:00,WHLM,6.8744001388549805,6.8744001388549805,7.054999828338623,6.860000133514404,7.054999828338623,5930.0
2024-04-24 10:23:00,WIMI,0.9096999764442444,0.9096999764442444,0.9150000214576721,0.9049999713897705,0.9142000079154968,79358.0
2024-04-24 10:23:00,WING,363.7699890136719,363.7699890136719,364.57000732421875,363.7699890136719,364.57000732421875,913.0
2024-04-24 10:23:00,WISA,6.195000171661377,6.195000171661377,6.21999979019165,6.139999866485596,6.139999866485596,20327.0
2024-04-24 10:23:00,WIX,124.45999908447266,124.45999908447266,124.45999908447266,124.45999908447266,124.45999908447266,980.0
2024-04-24 10:23:00,WKHS,0.1648000031709671,0.1648000031709671,0.164900004863739,0.1648000031709671,0.164900004863739,371578.0
2024-04-24 10:23:00,WKME,7.889999866485596,7.889999866485596,7.900000095367432,7.889999866485596,7.900000095367432,304.0
2024-04-24 10:23:00,WMG,32.224998474121094,32.224998474121094,32.22999954223633,32.224998474121094,32.22999954223633,454.0
2024-04-24 10:23:00,WNEB,6.514999866485596,6.514999866485596,6.514999866485596,6.514999866485596,6.514999866485596,338.0
2024-04-24 10:23:00,WSBF,11.890000343322754,11.890000343322754,11.890000343322754,11.890000343322754,11.890000343322754,306.0
2024-04-24 10:23:00,WSC,37.83000183105469,37.83000183105469,37.83000183105469,37.810001373291016,37.81999969482422,2124.0
2024-04-24 10:23:00,WTW,263.4549865722656,263.4549865722656,263.4549865722656,263.4549865722656,263.4549865722656,664.0
2024-04-24 10:23:00,WVE,4.980000019073486,4.980000019073486,4.980000019073486,4.980000019073486,4.980000019073486,631.0
2024-04-24 10:23:00,WW,1.7300000190734863,1.7300000190734863,1.7350000143051147,1.7200000286102295,1.7300000190734863,38797.0
2024-04-24 10:23:00,WWD,150.0800018310547,150.0800018310547,150.0800018310547,150.0800018310547,150.0800018310547,1074.0
2024-04-24 10:23:00,WYNN,97.66500091552734,97.66500091552734,97.76000213623047,97.65750122070312,97.7249984741211,2313.0
2024-04-24 10:23:00,XEL,55.060001373291016,55.060001373291016,55.100101470947266,55.060001373291016,55.09000015258789,5338.0
2024-04-24 10:23:00,XERS,1.7450000047683716,1.7450000047683716,1.7450000047683716,1.7450000047683716,1.7450000047683716,228.0
2024-04-24 10:23:00,XNCR,18.290000915527344,18.290000915527344,18.290000915527344,18.290000915527344,18.290000915527344,457.0
2024-04-24 10:23:00,XP,20.399999618530273,20.399999618530273,20.44499969482422,20.399999618530273,20.44499969482422,9387.0
2024-04-24 10:23:00,XRX,14.540599822998047,14.540599822998047,14.555000305175781,14.540599822998047,14.550000190734863,7787.0
2024-04-24 10:23:00,YMAB,15.369999885559082,15.369999885559082,15.414999961853027,15.369999885559082,15.414999961853027,2076.0
2024-04-24 10:23:00,YOSH,3.9045000076293945,3.9045000076293945,3.9045000076293945,3.9045000076293945,3.9045000076293945,9944.0
2024-04-24 10:23:00,YTEN,0.22609999775886536,0.22609999775886536,0.23000000417232513,0.22609999775886536,0.23000000417232513,7214.0
2024-04-24 10:23:00,Z,43.66999816894531,43.66999816894531,43.72249984741211,43.66999816894531,43.70000076293945,4102.0
2024-04-24 10:23:00,ZBRA,279.2900085449219,279.2900085449219,279.4200134277344,278.93499755859375,279.239990234375,2437.0
2024-04-24 10:23:00,ZG,43.09000015258789,43.09000015258789,43.130001068115234,43.09000015258789,43.130001068115234,1117.0
2024-04-24 10:23:00,ZI,15.83240032196045,15.83240032196045,15.83240032196045,15.829999923706055,15.829999923706055,1397.0
2024-04-24 10:23:00,ZION,42.209999084472656,42.209999084472656,42.209999084472656,42.18000030517578,42.189998626708984,1585.0
2024-04-24 10:23:00,ZM,61.33000183105469,61.33000183105469,61.375,61.279998779296875,61.279998779296875,3565.0
2024-04-24 10:23:00,ZNTL,12.5,12.5,12.5,12.430000305175781,12.460000038146973,5779.0
2024-04-24 10:23:00,ZS,179.11500549316406,179.11500549316406,179.11500549316406,178.97999572753906,178.97999572753906,1703.0
2024-04-24 10:24:00,AIXI,1.2699999809265137,1.2699999809265137,1.276900053024292,1.2699999809265137,1.2710000276565552,4754.0
2024-04-24 10:24:00,COCO,23.774999618530273,23.774999618530273,23.774999618530273,23.774999618530273,23.774999618530273,402.0
2024-04-24 10:24:00,DIBS,5.360000133514404,5.360000133514404,5.360000133514404,5.360000133514404,5.360000133514404,255.0
2024-04-24 10:24:00,ETNB,8.770000457763672,8.770000457763672,8.800000190734863,8.770000457763672,8.800000190734863,1605.0
2024-04-24 10:24:00,FDMT,25.299999237060547,25.299999237060547,25.299999237060547,25.150999069213867,25.150999069213867,622.0
2024-04-24 10:24:00,MAPS,1.100000023841858,1.100000023841858,1.100000023841858,1.100000023841858,1.100000023841858,150.0
2024-04-24 10:24:00,MAPSW,0.060100000351667404,0.060100000351667404,0.060100000351667404,0.05999999865889549,0.05999999865889549,11662.0
2024-04-24 10:24:00,ME,0.483599990606308,0.483599990606308,0.4875999987125397,0.47839999198913574,0.47839999198913574,32901.0
2024-04-24 10:24:00,TSVT,4.429699897766113,4.429699897766113,4.429699897766113,4.425000190734863,4.425000190734863,961.0
2024-04-24 10:24:00,TWOU,0.2410999983549118,0.2410999983549118,0.2410999983549118,0.2410999983549118,0.2410999983549118,302.0
2024-04-24 10:24:00,TXG,27.360000610351562,27.360000610351562,27.3799991607666,27.360000610351562,27.3799991607666,2574.0
2024-04-24 10:24:00,VC,111.70500183105469,111.70500183105469,111.70500183105469,111.70500183105469,111.70500183105469,266.0
2024-04-24 10:24:00,VCTR,49.540000915527344,49.540000915527344,49.540000915527344,49.53779983520508,49.53779983520508,708.0
2024-04-24 10:24:00,VERV,6.889999866485596,6.889999866485596,6.889999866485596,6.889999866485596,6.889999866485596,1564.0
2024-04-24 10:24:00,VERX,29.3799991607666,29.3799991607666,29.440000534057617,29.290000915527344,29.350000381469727,7197.0
2024-04-24 10:24:00,VFF,1.3250000476837158,1.3250000476837158,1.3250000476837158,1.3250000476837158,1.3250000476837158,586.0
2024-04-24 10:24:00,VFS,2.5927999019622803,2.5927999019622803,2.5999999046325684,2.5799999237060547,2.5799999237060547,32296.0
2024-04-24 10:24:00,VIAV,7.945000171661377,7.945000171661377,7.947500228881836,7.945000171661377,7.945000171661377,575.0
2024-04-24 10:24:00,VIR,8.21500015258789,8.21500015258789,8.21500015258789,8.21500015258789,8.21500015258789,1430.0
2024-04-24 10:24:00,VIRC,10.770000457763672,10.770000457763672,10.770000457763672,10.739999771118164,10.739999771118164,3396.0
2024-04-24 10:24:00,VIRT,22.2450008392334,22.2450008392334,22.2450008392334,22.235000610351562,22.239999771118164,2297.0
2024-04-24 10:24:00,VITL,26.829999923706055,26.829999923706055,26.829999923706055,26.829999923706055,26.829999923706055,191.0
2024-04-24 10:24:00,VIVK,1.4900000095367432,1.4900000095367432,1.4910000562667847,1.4700000286102295,1.475000023841858,1415.0
2024-04-24 10:24:00,VKTX,67.57929992675781,67.57929992675781,67.72989654541016,67.56069946289062,67.6449966430664,8482.0
2024-04-24 10:24:00,VLCN,0.2549999952316284,0.2549999952316284,0.2578999996185303,0.25440001487731934,0.2549999952316284,6009.0
2024-04-24 10:24:00,VMD,8.119999885559082,8.119999885559082,8.119999885559082,8.119999885559082,8.119999885559082,354.0
2024-04-24 10:24:00,VMEO,3.5450000762939453,3.5450000762939453,3.5450000762939453,3.5450000762939453,3.5450000762939453,116.0
2024-04-24 10:24:00,VOD,8.555000305175781,8.555000305175781,8.555000305175781,8.545000076293945,8.550000190734863,30458.0
2024-04-24 10:24:00,VRDN,14.029999732971191,14.029999732971191,14.029999732971191,14.024999618530273,14.024999618530273,366.0
2024-04-24 10:24:00,VRNA,15.528200149536133,15.528200149536133,15.528200149536133,15.528200149536133,15.528200149536133,270.0
2024-04-24 10:24:00,VRRM,24.454999923706055,24.454999923706055,24.454999923706055,24.44499969482422,24.44499969482422,602.0
2024-04-24 10:24:00,VRTX,403.2900085449219,403.2900085449219,403.42999267578125,403.2900085449219,403.42999267578125,1254.0
2024-04-24 10:24:00,VSAT,16.399999618530273,16.399999618530273,16.450000762939453,16.399999618530273,16.450000762939453,3055.0
2024-04-24 10:24:00,VTGN,4.815000057220459,4.815000057220459,4.815000057220459,4.815000057220459,4.815000057220459,1.0
2024-04-24 10:24:00,VTNR,1.5894999504089355,1.5894999504089355,1.5894999504089355,1.5850000381469727,1.5850000381469727,8.0
2024-04-24 10:24:00,VTRS,11.387499809265137,11.387499809265137,11.387499809265137,11.364999771118164,11.364999771118164,10389.0
2024-04-24 10:24:00,VYGR,7.599899768829346,7.599899768829346,7.599899768829346,7.590000152587891,7.590000152587891,2485.0
2024-04-24 10:24:00,WAFD,28.139999389648438,28.139999389648438,28.139999389648438,28.139999389648438,28.139999389648438,481.0
2024-04-24 10:24:00,WAFDP,15.770000457763672,15.770000457763672,15.770000457763672,15.770000457763672,15.770000457763672,100.0
2024-04-24 10:24:00,WALD,5.360000133514404,5.360000133514404,5.360000133514404,5.360000133514404,5.360000133514404,233.0
2024-04-24 10:24:00,WB,8.274999618530273,8.274999618530273,8.274999618530273,8.274999618530273,8.274999618530273,420.0
2024-04-24 10:24:00,WBA,17.700000762939453,17.700000762939453,17.709999084472656,17.690000534057617,17.700000762939453,32365.0
2024-04-24 10:24:00,WBD,8.364999771118164,8.364999771118164,8.370400428771973,8.359999656677246,8.360199928283691,265167.0
2024-04-24 10:24:00,WDAY,255.97000122070312,255.97000122070312,255.97000122070312,255.83999633789062,255.89999389648438,916.0
2024-04-24 10:24:00,WDC,69.73999786376953,69.73999786376953,69.73999786376953,69.68000030517578,69.69000244140625,4200.0
2024-04-24 10:24:00,WEN,19.905000686645508,19.905000686645508,19.915000915527344,19.895000457763672,19.899999618530273,3398.0
2024-04-24 10:24:00,WFRD,124.29499816894531,124.29499816894531,124.375,124.09850311279297,124.09850311279297,6897.0
2024-04-24 10:24:00,WHLM,6.860000133514404,6.860000133514404,6.991600036621094,6.860000133514404,6.929999828338623,9558.0
2024-04-24 10:24:00,WIMI,0.9006999731063843,0.9006999731063843,0.9056000113487244,0.9006999731063843,0.9049999713897705,26094.0
2024-04-24 10:24:00,WING,364.1400146484375,364.1400146484375,364.1400146484375,363.8599853515625,363.8599853515625,667.0
2024-04-24 10:24:00,WINT,4.980000019073486,4.980000019073486,4.980000019073486,4.980000019073486,4.980000019073486,170.0
2024-04-24 10:24:00,WISA,6.264999866485596,6.264999866485596,6.300000190734863,6.204999923706055,6.204999923706055,35368.0
2024-04-24 10:24:00,WKHS,0.1648000031709671,0.1648000031709671,0.164900004863739,0.1648000031709671,0.1648000031709671,47574.0
2024-04-24 10:24:00,WMG,32.23500061035156,32.23500061035156,32.23500061035156,32.224998474121094,32.23500061035156,504.0
2024-04-24 10:24:00,WNEB,6.539999961853027,6.539999961853027,6.539999961853027,6.53000020980835,6.53000020980835,753.0
2024-04-24 10:24:00,WRAP,2.005000114440918,2.005000114440918,2.005000114440918,2.005000114440918,2.005000114440918,329.0
2024-04-24 10:24:00,WSC,37.81999969482422,37.81999969482422,37.81999969482422,37.810001373291016,37.810001373291016,1750.0
2024-04-24 10:24:00,WTFC,99.91000366210938,99.91000366210938,99.91000366210938,99.7699966430664,99.7699966430664,277.0
2024-04-24 10:24:00,WVE,4.989999771118164,4.989999771118164,4.989999771118164,4.96999979019165,4.96999979019165,1542.0
2024-04-24 10:24:00,WW,1.725000023841858,1.725000023841858,1.7300000190734863,1.725000023841858,1.725000023841858,16553.0
2024-04-24 10:24:00,WWD,150.19000244140625,150.19000244140625,150.19000244140625,150.19000244140625,150.19000244140625,682.0
2024-04-24 10:24:00,WYNN,97.66999816894531,97.66999816894531,97.66999816894531,97.66500091552734,97.66500091552734,2001.0
2024-04-24 10:24:00,XEL,55.130001068115234,55.130001068115234,55.130001068115234,55.064998626708984,55.064998626708984,11534.0
2024-04-24 10:24:00,XFOR,1.2599999904632568,1.2599999904632568,1.2599999904632568,1.2549999952316284,1.2599999904632568,2833.0
2024-04-24 10:24:00,XMTR,17.18000030517578,17.18000030517578,17.18000030517578,17.18000030517578,17.18000030517578,147.0
2024-04-24 10:24:00,XNCR,18.280000686645508,18.280000686645508,18.290000915527344,18.280000686645508,18.280000686645508,1179.0
2024-04-24 10:24:00,XP,20.395000457763672,20.395000457763672,20.399999618530273,20.385000228881836,20.389999389648438,4074.0
2024-04-24 10:24:00,XRX,14.539999961853027,14.539999961853027,14.5649995803833,14.539999961853027,14.550000190734863,11927.0
2024-04-24 10:24:00,YMAB,15.244999885559082,15.244999885559082,15.244999885559082,15.244999885559082,15.244999885559082,200.0
2024-04-24 10:24:00,YORW,35.47999954223633,35.47999954223633,35.47999954223633,35.47999954223633,35.47999954223633,354.0
2024-04-24 10:24:00,YTEN,0.2281000018119812,0.2281000018119812,0.23000000417232513,0.2281000018119812,0.23000000417232513,24241.0
2024-04-24 10:24:00,YTRA,1.3200000524520874,1.3200000524520874,1.3200000524520874,1.3200000524520874,1.3200000524520874,0.0
2024-04-24 10:24:00,Z,43.790000915527344,43.790000915527344,43.790000915527344,43.66999816894531,43.66999816894531,5537.0
2024-04-24 10:24:00,ZBRA,279.42999267578125,279.42999267578125,279.42999267578125,279.42999267578125,279.42999267578125,246.0
2024-04-24 10:24:00,ZG,43.189998626708984,43.189998626708984,43.189998626708984,43.11000061035156,43.130001068115234,1624.0
2024-04-24 10:24:00,ZI,15.845000267028809,15.845000267028809,15.845000267028809,15.835000038146973,15.835000038146973,3110.0
2024-04-24 10:24:00,ZIMV,16.059999465942383,16.059999465942383,16.059999465942383,16.049999237060547,16.049999237060547,213.0
2024-04-24 10:24:00,ZION,42.20000076293945,42.20000076293945,42.220001220703125,42.18000030517578,42.209999084472656,2606.0
2024-04-24 10:24:00,ZLAB,15.845000267028809,15.845000267028809,15.869999885559082,15.845000267028809,15.869999885559082,535.0
2024-04-24 10:24:00,ZM,61.34000015258789,61.34000015258789,61.34000015258789,61.310001373291016,61.33000183105469,3210.0
2024-04-24 10:24:00,ZNTL,12.510000228881836,12.510000228881836,12.510000228881836,12.489999771118164,12.510000228881836,1180.0
2024-04-24 10:24:00,ZS,179.02000427246094,179.02000427246094,179.2198944091797,178.86000061035156,179.2198944091797,1745.0
2024-04-24 10:24:00,ZYXI,11.430000305175781,11.430000305175781,11.430000305175781,11.430000305175781,11.430000305175781,687.0
2024-04-24 10:25:00,COCO,23.770000457763672,23.770000457763672,23.770000457763672,23.760000228881836,23.760000228881836,947.0
2024-04-24 10:25:00,EGHT,2.2850000858306885,2.2850000858306885,2.2950000762939453,2.2850000858306885,2.2899999618530273,4763.0
2024-04-24 10:25:00,ETNB,8.760000228881836,8.760000228881836,8.770000457763672,8.75,8.770000457763672,1203.0
2024-04-24 10:25:00,FDMT,25.229999542236328,25.229999542236328,25.280000686645508,25.229999542236328,25.280000686645508,228.0
2024-04-24 10:25:00,FREE,4.820000171661377,4.820000171661377,4.820000171661377,4.820000171661377,4.820000171661377,200.0
2024-04-24 10:25:00,MASS,5.659999847412109,5.659999847412109,5.659999847412109,5.650000095367432,5.650000095367432,1089.0
2024-04-24 10:25:00,ME,0.49000000953674316,0.49000000953674316,0.49000000953674316,0.49000000953674316,0.49000000953674316,10483.0
2024-04-24 10:25:00,PET,2.25,2.25,2.25,2.25,2.25,200.0
2024-04-24 10:25:00,SEAT,5.815000057220459,5.815000057220459,5.815000057220459,5.815000057220459,5.815000057220459,413.0
2024-04-24 10:25:00,SRCE,50.65999984741211,50.65999984741211,50.65999984741211,50.65999984741211,50.65999984741211,1088.0
2024-04-24 10:25:00,TWOU,0.2410999983549118,0.2410999983549118,0.2410999983549118,0.2410999983549118,0.2410999983549118,600.0
2024-04-24 10:25:00,TXG,27.325000762939453,27.325000762939453,27.360000610351562,27.325000762939453,27.360000610351562,1927.0
2024-04-24 10:25:00,VCTR,49.525001525878906,49.525001525878906,49.56999969482422,49.5,49.56999969482422,665.0
2024-04-24 10:25:00,VERU,1.3350000381469727,1.3350000381469727,1.3350000381469727,1.3299000263214111,1.3299000263214111,21243.0
2024-04-24 10:25:00,VERV,6.860000133514404,6.860000133514404,6.869999885559082,6.860000133514404,6.869999885559082,6094.0
2024-04-24 10:25:00,VERX,29.354999542236328,29.354999542236328,29.40999984741211,29.34000015258789,29.40999984741211,4934.0
2024-04-24 10:25:00,VFS,2.569999933242798,2.569999933242798,2.5964999198913574,2.569999933242798,2.5964999198913574,21621.0
2024-04-24 10:25:00,VIAV,7.947500228881836,7.947500228881836,7.947500228881836,7.947500228881836,7.947500228881836,111.0
2024-04-24 10:25:00,VICR,34.82680130004883,34.82680130004883,34.900001525878906,34.82680130004883,34.83000183105469,1101.0
2024-04-24 10:25:00,VIR,8.229999542236328,8.229999542236328,8.229999542236328,8.212499618530273,8.212499618530273,1537.0
2024-04-24 10:25:00,VIRT,22.225000381469727,22.225000381469727,22.2549991607666,22.225000381469727,22.25,5177.0
2024-04-24 10:25:00,VITL,26.90999984741211,26.90999984741211,26.90999984741211,26.854999542236328,26.854999542236328,1638.0
2024-04-24 10:25:00,VIVK,1.5399999618530273,1.5399999618530273,1.5399999618530273,1.5399999618530273,1.5399999618530273,200.0
2024-04-24 10:25:00,VKTX,67.68499755859375,67.68499755859375,67.7699966430664,67.5199966430664,67.58999633789062,13508.0
2024-04-24 10:25:00,VLCN,0.2646999955177307,0.2646999955177307,0.2646999955177307,0.2565999925136566,0.2578999996185303,36473.0
2024-04-24 10:25:00,VMEO,3.5399999618530273,3.5399999618530273,3.5399999618530273,3.5399999618530273,3.5399999618530273,354.0
2024-04-24 10:25:00,VNOM,40.220001220703125,40.220001220703125,40.220001220703125,40.15999984741211,40.15999984741211,548.0
2024-04-24 10:25:00,VOD,8.558500289916992,8.558500289916992,8.558500289916992,8.550000190734863,8.550000190734863,376.0
2024-04-24 10:25:00,VRDN,14.010000228881836,14.010000228881836,14.029999732971191,14.010000228881836,14.029999732971191,1960.0
2024-04-24 10:25:00,VRNA,15.479999542236328,15.479999542236328,15.5,15.479999542236328,15.5,3910.0
2024-04-24 10:25:00,VRRM,24.440000534057617,24.440000534057617,24.469999313354492,24.440000534057617,24.454999923706055,3270.0
2024-04-24 10:25:00,VRTX,403.1159973144531,403.1159973144531,403.1159973144531,402.92999267578125,402.92999267578125,1303.0
2024-04-24 10:25:00,VSAT,16.395000457763672,16.395000457763672,16.40999984741211,16.395000457763672,16.40999984741211,3848.0
2024-04-24 10:25:00,VTNR,1.6100000143051147,1.6100000143051147,1.6100000143051147,1.590000033378601,1.590000033378601,29013.0
2024-04-24 10:25:00,VTRS,11.390000343322754,11.390000343322754,11.390000343322754,11.380000114440918,11.390000343322754,3660.0
2024-04-24 10:25:00,VUZI,1.3450000286102295,1.3450000286102295,1.3450000286102295,1.340000033378601,1.340000033378601,1229.0
2024-04-24 10:25:00,VYGR,7.590000152587891,7.590000152587891,7.590000152587891,7.590000152587891,7.590000152587891,116.0
2024-04-24 10:25:00,WABC,47.52000045776367,47.52000045776367,47.52000045776367,47.52000045776367,47.52000045776367,206.0
2024-04-24 10:25:00,WAFD,28.100000381469727,28.100000381469727,28.1299991607666,28.100000381469727,28.1299991607666,684.0
2024-04-24 10:25:00,WB,8.274999618530273,8.274999618530273,8.28499984741211,8.274999618530273,8.279999732971191,3073.0
2024-04-24 10:25:00,WBA,17.690000534057617,17.690000534057617,17.700000762939453,17.690000534057617,17.69499969482422,11064.0
2024-04-24 10:25:00,WBD,8.359999656677246,8.359999656677246,8.364999771118164,8.359999656677246,8.364999771118164,178323.0
2024-04-24 10:25:00,WDAY,255.97000122070312,255.97000122070312,256.04998779296875,255.97000122070312,256.04998779296875,890.0
2024-04-24 10:25:00,WDC,69.76000213623047,69.76000213623047,69.91000366210938,69.7300033569336,69.73999786376953,17560.0
2024-04-24 10:25:00,WEN,19.915000915527344,19.915000915527344,19.920000076293945,19.90999984741211,19.915000915527344,3643.0
2024-04-24 10:25:00,WFRD,124.28500366210938,124.28500366210938,124.29869842529297,124.20999908447266,124.29869842529297,1417.0
2024-04-24 10:25:00,WHLM,6.869999885559082,6.869999885559082,6.945000171661377,6.807600021362305,6.860000133514404,6977.0
2024-04-24 10:25:00,WIMI,0.9071999788284302,0.9071999788284302,0.9071999788284302,0.9006999731063843,0.9006999731063843,18925.0
2024-04-24 10:25:00,WISA,6.353600025177002,6.353600025177002,6.400000095367432,6.179999828338623,6.25,129458.0
2024-04-24 10:25:00,WIX,124.5,124.5,124.55500030517578,124.5,124.55500030517578,1494.0
2024-04-24 10:25:00,WKHS,0.164900004863739,0.164900004863739,0.164900004863739,0.164900004863739,0.164900004863739,13148.0
2024-04-24 10:25:00,WLDS,0.48590001463890076,0.48590001463890076,0.48590001463890076,0.4781000018119812,0.4781000018119812,1300.0
2024-04-24 10:25:00,WMG,32.28499984741211,32.28499984741211,32.28499984741211,32.23500061035156,32.2400016784668,3149.0
2024-04-24 10:25:00,WNEB,6.539999961853027,6.539999961853027,6.539999961853027,6.539999961853027,6.539999961853027,454.0
2024-04-24 10:25:00,WSBC,28.3799991607666,28.3799991607666,28.3799991607666,28.309999465942383,28.309999465942383,2201.0
2024-04-24 10:25:00,WSC,37.84000015258789,37.84000015258789,37.845001220703125,37.84000015258789,37.845001220703125,556.0
2024-04-24 10:25:00,WTFC,99.62999725341797,99.62999725341797,99.75,99.62999725341797,99.75,939.0
2024-04-24 10:25:00,WTW,263.3900146484375,263.3900146484375,263.7300109863281,263.3900146484375,263.42999267578125,3342.0
2024-04-24 10:25:00,WW,1.725000023841858,1.725000023841858,1.725000023841858,1.7201000452041626,1.725000023841858,922.0
2024-04-24 10:25:00,WWD,150.32000732421875,150.32000732421875,150.32000732421875,150.32000732421875,150.32000732421875,292.0
2024-04-24 10:25:00,WYNN,97.6449966430664,97.6449966430664,97.69499969482422,97.61000061035156,97.69499969482422,4588.0
2024-04-24 10:25:00,XEL,55.10499954223633,55.10499954223633,55.1349983215332,55.095001220703125,55.1349983215332,3203.0
2024-04-24 10:25:00,XENE,40.68000030517578,40.68000030517578,40.68000030517578,40.68000030517578,40.68000030517578,316.0
2024-04-24 10:25:00,XERS,1.7599999904632568,1.7599999904632568,1.7599999904632568,1.7450000047683716,1.7489999532699585,9965.0
2024-04-24 10:25:00,XFOR,1.2599999904632568,1.2599999904632568,1.2599999904632568,1.2599999904632568,1.2599999904632568,375.0
2024-04-24 10:25:00,XNCR,18.25,18.25,18.284799575805664,18.25,18.284799575805664,547.0
2024-04-24 10:25:00,XOSWW,0.03889999911189079,0.03889999911189079,0.03889999911189079,0.03889999911189079,0.03889999911189079,3000.0
2024-04-24 10:25:00,XP,20.3799991607666,20.3799991607666,20.399999618530273,20.3700008392334,20.399999618530273,10045.0
2024-04-24 10:25:00,XPEL,54.46379852294922,54.46379852294922,54.46379852294922,54.46379852294922,54.46379852294922,1000.0
2024-04-24 10:25:00,XRX,14.545000076293945,14.545000076293945,14.545000076293945,14.529999732971191,14.539999961853027,6676.0
2024-04-24 10:25:00,XXII,1.7206000089645386,1.7206000089645386,1.7206000089645386,1.7206000089645386,1.7206000089645386,272.0
2024-04-24 10:25:00,YMAB,15.279999732971191,15.279999732971191,15.279999732971191,15.279999732971191,15.279999732971191,337.0
2024-04-24 10:25:00,YTEN,0.22609999775886536,0.22609999775886536,0.22609999775886536,0.22609999775886536,0.22609999775886536,900.0
2024-04-24 10:25:00,Z,43.77000045776367,43.77000045776367,43.79990005493164,43.77000045776367,43.79990005493164,3774.0
2024-04-24 10:25:00,ZBRA,279.17999267578125,279.17999267578125,279.17999267578125,279.17999267578125,279.17999267578125,950.0
2024-04-24 10:25:00,ZG,43.189998626708984,43.189998626708984,43.189998626708984,43.189998626708984,43.189998626708984,213.0
2024-04-24 10:25:00,ZI,15.819999694824219,15.819999694824219,15.845000267028809,15.819999694824219,15.845000267028809,11393.0
2024-04-24 10:25:00,ZIMV,16.06999969482422,16.06999969482422,16.06999969482422,16.06999969482422,16.06999969482422,152.0
2024-04-24 10:25:00,ZION,42.130001068115234,42.130001068115234,42.20000076293945,42.130001068115234,42.20000076293945,2610.0
2024-04-24 10:25:00,ZLAB,15.845000267028809,15.845000267028809,15.845000267028809,15.845000267028809,15.845000267028809,300.0
2024-04-24 10:25:00,ZM,61.279998779296875,61.279998779296875,61.369998931884766,61.275001525878906,61.334999084472656,22322.0
2024-04-24 10:25:00,ZNTL,12.520000457763672,12.520000457763672,12.529999732971191,12.520000457763672,12.529999732971191,772.0
2024-04-24 10:25:00,ZS,179.17999267578125,179.17999267578125,179.28750610351562,179.1300048828125,179.22000122070312,2215.0
2024-04-24 10:25:00,ZURA,3.2899999618530273,3.2899999618530273,3.309999942779541,3.2899999618530273,3.299999952316284,5693.0
2024-04-24 10:25:00,ZYXI,11.4350004196167,11.4350004196167,11.4350004196167,11.4350004196167,11.4350004196167,2786.0
2024-04-24 10:26:00,COCO,23.760000228881836,23.760000228881836,23.760000228881836,23.760000228881836,23.760000228881836,772.0
2024-04-24 10:26:00,EGHT,2.2850000858306885,2.2850000858306885,2.2850000858306885,2.2850000858306885,2.2850000858306885,401.0
2024-04-24 10:26:00,ETNB,8.725000381469727,8.725000381469727,8.755000114440918,8.720000267028809,8.755000114440918,2559.0
2024-04-24 10:26:00,FDMT,25.1299991607666,25.1299991607666,25.170000076293945,25.1299991607666,25.15999984741211,4257.0
2024-04-24 10:26:00,MAPS,1.100000023841858,1.100000023841858,1.100000023841858,1.100000023841858,1.100000023841858,300.0
2024-04-24 10:26:00,MASS,5.650000095367432,5.650000095367432,5.679999828338623,5.650000095367432,5.659999847412109,2301.0
2024-04-24 10:26:00,ME,0.48350000381469727,0.48350000381469727,0.48350000381469727,0.48350000381469727,0.48350000381469727,400.0
2024-04-24 10:26:00,SEAT,5.815000057220459,5.815000057220459,5.815000057220459,5.815000057220459,5.815000057220459,903.0
2024-04-24 10:26:00,TSVT,4.410600185394287,4.410600185394287,4.410600185394287,4.410600185394287,4.410600185394287,728.0
2024-04-24 10:26:00,TWOU,0.24120000004768372,0.24120000004768372,0.24120000004768372,0.24120000004768372,0.24120000004768372,1402.0
2024-04-24 10:26:00,TXG,27.290000915527344,27.290000915527344,27.31999969482422,27.290000915527344,27.31999969482422,3145.0
2024-04-24 10:26:00,VC,111.37999725341797,111.37999725341797,111.41000366210938,111.37999725341797,111.41000366210938,1292.0
2024-04-24 10:26:00,VCTR,49.54999923706055,49.54999923706055,49.56999969482422,49.459999084472656,49.4900016784668,16945.0
2024-04-24 10:26:00,VERU,1.3350000381469727,1.3350000381469727,1.3350000381469727,1.3350000381469727,1.3350000381469727,2129.0
2024-04-24 10:26:00,VERV,6.840000152587891,6.840000152587891,6.860000133514404,6.840000152587891,6.860000133514404,3168.0
2024-04-24 10:26:00,VERX,29.295000076293945,29.295000076293945,29.350000381469727,29.295000076293945,29.309999465942383,18556.0
2024-04-24 10:26:00,VFS,2.559999942779541,2.559999942779541,2.5799999237060547,2.559999942779541,2.5799999237060547,42081.0
2024-04-24 10:26:00,VIAV,7.929999828338623,7.929999828338623,7.940000057220459,7.925000190734863,7.940000057220459,4357.0
2024-04-24 10:26:00,VICR,34.65999984741211,34.65999984741211,34.790000915527344,34.56999969482422,34.77000045776367,2449.0
2024-04-24 10:26:00,VINC,0.9686999917030334,0.9686999917030334,0.9686999917030334,0.9686999917030334,0.9686999917030334,505.0
2024-04-24 10:26:00,VIR,8.229999542236328,8.229999542236328,8.229999542236328,8.229999542236328,8.229999542236328,2838.0
2024-04-24 10:26:00,VIRC,10.75,10.75,10.75,10.75,10.75,171.0
2024-04-24 10:26:00,VIRT,22.229999542236328,22.229999542236328,22.239999771118164,22.219999313354492,22.225000381469727,3583.0
2024-04-24 10:26:00,VITL,26.959699630737305,26.959699630737305,26.979999542236328,26.913000106811523,26.93000030517578,6186.0
2024-04-24 10:26:00,VIVK,1.5049999952316284,1.5049999952316284,1.5049999952316284,1.5049999952316284,1.5049999952316284,1.0
2024-04-24 10:26:00,VKTX,67.63999938964844,67.63999938964844,67.77999877929688,67.62000274658203,67.73999786376953,14424.0
2024-04-24 10:26:00,VLCN,0.26019999384880066,0.26019999384880066,0.26019999384880066,0.257999986410141,0.257999986410141,625.0
2024-04-24 10:26:00,VMD,8.119999885559082,8.119999885559082,8.119999885559082,8.119999885559082,8.119999885559082,797.0
2024-04-24 10:26:00,VMEO,3.5450000762939453,3.5450000762939453,3.5450000762939453,3.5450000762939453,3.5450000762939453,357.0
2024-04-24 10:26:00,VNET,1.5149999856948853,1.5149999856948853,1.5149999856948853,1.5149999856948853,1.5149999856948853,200.0
2024-04-24 10:26:00,VNOM,40.172000885009766,40.172000885009766,40.172000885009766,40.172000885009766,40.172000885009766,712.0
2024-04-24 10:26:00,VOD,8.550000190734863,8.550000190734863,8.550000190734863,8.550000190734863,8.550000190734863,238.0
2024-04-24 10:26:00,VOR,1.8249000310897827,1.8249000310897827,1.8249000310897827,1.8249000310897827,1.8249000310897827,912.0
2024-04-24 10:26:00,VRRM,24.454999923706055,24.454999923706055,24.454999923706055,24.454999923706055,24.454999923706055,741.0
2024-04-24 10:26:00,VRTX,402.6400146484375,402.6400146484375,402.7146911621094,402.5,402.7146911621094,2777.0
2024-04-24 10:26:00,VSAT,16.415000915527344,16.415000915527344,16.415000915527344,16.389999389648438,16.399999618530273,4163.0
2024-04-24 10:26:00,VTNR,1.6050000190734863,1.6050000190734863,1.6194000244140625,1.6050000190734863,1.6100000143051147,7450.0
2024-04-24 10:26:00,VTRS,11.385000228881836,11.385000228881836,11.385000228881836,11.380000114440918,11.385000228881836,1689.0
2024-04-24 10:26:00,VUZI,1.3350000381469727,1.3350000381469727,1.3401000499725342,1.3350000381469727,1.3401000499725342,326.0
2024-04-24 10:26:00,VVPR,3.690000057220459,3.690000057220459,3.690000057220459,3.690000057220459,3.690000057220459,3401.0
2024-04-24 10:26:00,VYGR,7.574999809265137,7.574999809265137,7.579999923706055,7.574999809265137,7.579999923706055,1329.0
2024-04-24 10:26:00,WB,8.28499984741211,8.28499984741211,8.28499984741211,8.279999732971191,8.279999732971191,426.0
2024-04-24 10:26:00,WBA,17.709999084472656,17.709999084472656,17.709999084472656,17.690099716186523,17.69499969482422,37355.0
2024-04-24 10:26:00,WBD,8.351200103759766,8.351200103759766,8.354999542236328,8.350000381469727,8.350000381469727,18299.0
2024-04-24 10:26:00,WDAY,255.88999938964844,255.88999938964844,255.89999389648438,255.88999938964844,255.89999389648438,1166.0
2024-04-24 10:26:00,WDC,69.62000274658203,69.62000274658203,69.80000305175781,69.61000061035156,69.7300033569336,15950.0
2024-04-24 10:26:00,WEN,19.934999465942383,19.934999465942383,19.934999465942383,19.915000915527344,19.915000915527344,5060.0
2024-04-24 10:26:00,WFRD,124.87999725341797,124.87999725341797,124.87999725341797,124.29000091552734,124.29000091552734,6217.0
2024-04-24 10:26:00,WHLM,6.650000095367432,6.650000095367432,6.840000152587891,6.510000228881836,6.776599884033203,3548.0
2024-04-24 10:26:00,WHLR,0.13950000703334808,0.13950000703334808,0.14399999380111694,0.13950000703334808,0.14399999380111694,1900.0
2024-04-24 10:26:00,WIMI,0.9090999960899353,0.9090999960899353,0.9090999960899353,0.9020000100135803,0.9071999788284302,21015.0
2024-04-24 10:26:00,WING,364.1050109863281,364.1050109863281,364.1050109863281,364.1050109863281,364.1050109863281,177.0
2024-04-24 10:26:00,WISA,6.389900207519531,6.389900207519531,6.53000020980835,6.28000020980835,6.389999866485596,152331.0
2024-04-24 10:26:00,WIX,124.48999786376953,124.48999786376953,124.48999786376953,124.48999786376953,124.48999786376953,696.0
2024-04-24 10:26:00,WKEY,2.109999895095825,2.109999895095825,2.109999895095825,2.109999895095825,2.109999895095825,549.0
2024-04-24 10:26:00,WKHS,0.16459999978542328,0.16459999978542328,0.164900004863739,0.16459999978542328,0.164900004863739,15724.0
2024-04-24 10:26:00,WLDN,28.08989906311035,28.08989906311035,28.08989906311035,28.08989906311035,28.08989906311035,490.0
2024-04-24 10:26:00,WMG,32.27000045776367,32.27000045776367,32.28499984741211,32.27000045776367,32.28499984741211,1822.0
2024-04-24 10:26:00,WNEB,6.489999771118164,6.489999771118164,6.53000020980835,6.489999771118164,6.53000020980835,502.0
2024-04-24 10:26:00,WSBF,11.880000114440918,11.880000114440918,11.880000114440918,11.880000114440918,11.880000114440918,149.0
2024-04-24 10:26:00,WSC,37.88999938964844,37.88999938964844,37.88999938964844,37.845001220703125,37.845001220703125,6152.0
2024-04-24 10:26:00,WVE,5.010000228881836,5.010000228881836,5.010000228881836,5.010000228881836,5.010000228881836,101.0
2024-04-24 10:26:00,WW,1.7300000190734863,1.7300000190734863,1.7300000190734863,1.725000023841858,1.725000023841858,13911.0
2024-04-24 10:26:00,WYNN,97.7300033569336,97.7300033569336,97.8395004272461,97.63999938964844,97.6449966430664,10932.0
2024-04-24 10:26:00,XEL,55.14500045776367,55.14500045776367,55.14500045776367,55.099998474121094,55.099998474121094,3233.0
2024-04-24 10:26:00,XENE,40.63999938964844,40.63999938964844,40.63999938964844,40.63999938964844,40.63999938964844,449.0
2024-04-24 10:26:00,XERS,1.7549999952316284,1.7549999952316284,1.7598999738693237,1.7549999952316284,1.7598999738693237,6217.0
2024-04-24 10:26:00,XFOR,1.2599999904632568,1.2599999904632568,1.2599999904632568,1.2599999904632568,1.2599999904632568,750.0
2024-04-24 10:26:00,XMTR,17.110000610351562,17.110000610351562,17.149999618530273,17.110000610351562,17.149999618530273,808.0
2024-04-24 10:26:00,XNCR,18.239999771118164,18.239999771118164,18.25,18.239999771118164,18.25,841.0
2024-04-24 10:26:00,XP,20.350000381469727,20.350000381469727,20.3799991607666,20.350000381469727,20.3799991607666,7170.0
2024-04-24 10:26:00,XPEL,54.47249984741211,54.47249984741211,54.51499938964844,54.47249984741211,54.51499938964844,0.0
2024-04-24 10:26:00,XRTX,2.990000009536743,2.990000009536743,2.990000009536743,2.990000009536743,2.990000009536743,134.0
2024-04-24 10:26:00,XRX,14.529999732971191,14.529999732971191,14.545000076293945,14.470000267028809,14.545000076293945,16187.0
2024-04-24 10:26:00,YTEN,0.22990000247955322,0.22990000247955322,0.22990000247955322,0.22990000247955322,0.22990000247955322,0.0
2024-04-24 10:26:00,YTRA,1.3200000524520874,1.3200000524520874,1.3250000476837158,1.3200000524520874,1.3250000476837158,1999.0
2024-04-24 10:26:00,Z,43.689998626708984,43.689998626708984,43.7599983215332,43.689998626708984,43.75,6869.0
2024-04-24 10:26:00,ZG,43.150001525878906,43.150001525878906,43.16999816894531,43.150001525878906,43.150001525878906,2792.0
2024-04-24 10:26:00,ZI,15.805000305175781,15.805000305175781,15.84000015258789,15.800000190734863,15.829999923706055,9359.0
2024-04-24 10:26:00,ZIMV,16.020000457763672,16.020000457763672,16.030000686645508,16.020000457763672,16.030000686645508,941.0
2024-04-24 10:26:00,ZION,42.13999938964844,42.13999938964844,42.13999938964844,42.119998931884766,42.119998931884766,994.0
2024-04-24 10:26:00,ZLAB,15.845000267028809,15.845000267028809,15.845000267028809,15.845000267028809,15.845000267028809,548.0
2024-04-24 10:26:00,ZM,61.31999969482422,61.31999969482422,61.31999969482422,61.2599983215332,61.27000045776367,6740.0
2024-04-24 10:26:00,ZNTL,12.489999771118164,12.489999771118164,12.489999771118164,12.489999771118164,12.489999771118164,417.0
2024-04-24 10:26:00,ZS,179.12249755859375,179.12249755859375,179.1739044189453,179.00999450683594,179.15499877929688,2363.0
2024-04-24 10:26:00,ZVRA,4.534999847412109,4.534999847412109,4.539999961853027,4.534999847412109,4.539999961853027,283.0
2024-04-24 10:27:00,DSP,8.770000457763672,8.770000457763672,8.770000457763672,8.770000457763672,8.770000457763672,421.0
2024-04-24 10:27:00,EGHT,2.2899999618530273,2.2899999618530273,2.2899999618530273,2.2850000858306885,2.2850000858306885,709.0
2024-04-24 10:27:00,ETNB,8.710000038146973,8.710000038146973,8.729999542236328,8.710000038146973,8.729999542236328,3047.0
2024-04-24 10:27:00,FLWS,9.270000457763672,9.270000457763672,9.270000457763672,9.270000457763672,9.270000457763672,983.0
2024-04-24 10:27:00,FREE,4.820000171661377,4.820000171661377,4.820000171661377,4.820000171661377,4.820000171661377,20.0
2024-04-24 10:27:00,HOWL,6.400000095367432,6.400000095367432,6.400000095367432,6.400000095367432,6.400000095367432,1394.0
2024-04-24 10:27:00,MAPS,1.100000023841858,1.100000023841858,1.100000023841858,1.090000033378601,1.090000033378601,101.0
2024-04-24 10:27:00,MASS,5.699999809265137,5.699999809265137,5.699999809265137,5.670000076293945,5.670000076293945,2563.0
2024-04-24 10:27:00,ME,0.48249998688697815,0.48249998688697815,0.482699990272522,0.47999998927116394,0.482699990272522,10974.0
2024-04-24 10:27:00,SCWO,1.309999942779541,1.309999942779541,1.309999942779541,1.309999942779541,1.309999942779541,552.0
2024-04-24 10:27:00,SEAT,5.784999847412109,5.784999847412109,5.815000057220459,5.784999847412109,5.815000057220459,13036.0
2024-04-24 10:27:00,TSVT,4.394999980926514,4.394999980926514,4.394999980926514,4.394999980926514,4.394999980926514,260.0
2024-04-24 10:27:00,TXG,27.295000076293945,27.295000076293945,27.31999969482422,27.28499984741211,27.28499984741211,1900.0
2024-04-24 10:27:00,VCTR,49.79999923706055,49.79999923706055,49.79999923706055,49.630001068115234,49.630001068115234,2977.0
2024-04-24 10:27:00,VERU,1.3300000429153442,1.3300000429153442,1.3350000381469727,1.3300000429153442,1.3350000381469727,1730.0
2024-04-24 10:27:00,VERV,6.849999904632568,6.849999904632568,6.849999904632568,6.849999904632568,6.849999904632568,1030.0
2024-04-24 10:27:00,VERX,29.260000228881836,29.260000228881836,29.262800216674805,29.239999771118164,29.239999771118164,786.0
2024-04-24 10:27:00,VFS,2.555000066757202,2.555000066757202,2.555000066757202,2.549999952316284,2.549999952316284,7920.0
2024-04-24 10:27:00,VIAV,7.925000190734863,7.925000190734863,7.929999828338623,7.925000190734863,7.929999828338623,1828.0
2024-04-24 10:27:00,VICR,34.36000061035156,34.36000061035156,34.504798889160156,34.34000015258789,34.34000015258789,1197.0
2024-04-24 10:27:00,VIR,8.23009967803955,8.23009967803955,8.23009967803955,8.23009967803955,8.23009967803955,267.0
2024-04-24 10:27:00,VIRT,22.235000610351562,22.235000610351562,22.280000686645508,22.219999313354492,22.239999771118164,12145.0
2024-04-24 10:27:00,VIVK,1.5199999809265137,1.5199999809265137,1.5199999809265137,1.5049999952316284,1.5049999952316284,1000.0
2024-04-24 10:27:00,VKTX,67.5,67.5,67.66000366210938,67.47000122070312,67.5999984741211,13857.0
2024-04-24 10:27:00,VLCN,0.2583000063896179,0.2583000063896179,0.25999999046325684,0.257999986410141,0.25999999046325684,11023.0
2024-04-24 10:27:00,VMD,8.079999923706055,8.079999923706055,8.09000015258789,8.079999923706055,8.09000015258789,447.0
2024-04-24 10:27:00,VMEO,3.5350000858306885,3.5350000858306885,3.5399999618530273,3.5350000858306885,3.5399999618530273,14139.0
2024-04-24 10:27:00,VNOM,40.19499969482422,40.19499969482422,40.2400016784668,40.19499969482422,40.2400016784668,796.0
2024-04-24 10:27:00,VOD,8.54990005493164,8.54990005493164,8.550000190734863,8.539999961853027,8.550000190734863,14135.0
2024-04-24 10:27:00,VOR,1.809999942779541,1.809999942779541,1.8200000524520874,1.809999942779541,1.8200000524520874,1873.0
2024-04-24 10:27:00,VRDN,13.984999656677246,13.984999656677246,13.984999656677246,13.970000267028809,13.970000267028809,468.0
2024-04-24 10:27:00,VRTX,402.8450012207031,402.8450012207031,402.8450012207031,402.8450012207031,402.8450012207031,1906.0
2024-04-24 10:27:00,VSAT,16.420000076293945,16.420000076293945,16.420000076293945,16.420000076293945,16.420000076293945,591.0
2024-04-24 10:27:00,VSEC,78.4800033569336,78.4800033569336,78.4800033569336,78.4800033569336,78.4800033569336,717.0
2024-04-24 10:27:00,VTGN,4.800000190734863,4.800000190734863,4.800000190734863,4.800000190734863,4.800000190734863,1302.0
2024-04-24 10:27:00,VTNR,1.5999000072479248,1.5999000072479248,1.6050000190734863,1.5999000072479248,1.6050000190734863,14900.0
2024-04-24 10:27:00,VTRS,11.385000228881836,11.385000228881836,11.390000343322754,11.375,11.385000228881836,11714.0
2024-04-24 10:27:00,VUZI,1.3350000381469727,1.3350000381469727,1.3350000381469727,1.3350000381469727,1.3350000381469727,603.0
2024-04-24 10:27:00,VVPR,3.680000066757202,3.680000066757202,3.680000066757202,3.674999952316284,3.680000066757202,2825.0
2024-04-24 10:27:00,VYGR,7.630000114440918,7.630000114440918,7.630000114440918,7.570000171661377,7.570000171661377,13088.0
2024-04-24 10:27:00,WAFD,28.059999465942383,28.059999465942383,28.06999969482422,28.059999465942383,28.06999969482422,768.0
2024-04-24 10:27:00,WASH,26.1200008392334,26.1200008392334,26.1200008392334,26.079999923706055,26.079999923706055,201.0
2024-04-24 10:27:00,WB,8.279999732971191,8.279999732971191,8.279999732971191,8.274999618530273,8.279999732971191,1441.0
2024-04-24 10:27:00,WBA,17.71500015258789,17.71500015258789,17.71969985961914,17.709999084472656,17.709999084472656,9569.0
2024-04-24 10:27:00,WBD,8.364999771118164,8.364999771118164,8.365799903869629,8.354999542236328,8.359600067138672,36134.0
2024-04-24 10:27:00,WDAY,255.85499572753906,255.85499572753906,255.85499572753906,255.77000427246094,255.83999633789062,2058.0
2024-04-24 10:27:00,WDC,69.56999969482422,69.56999969482422,69.64990234375,69.4800033569336,69.58000183105469,13653.0
2024-04-24 10:27:00,WEN,19.937000274658203,19.937000274658203,19.937000274658203,19.934999465942383,19.934999465942383,453.0
2024-04-24 10:27:00,WERN,35.404998779296875,35.404998779296875,35.435001373291016,35.38999938964844,35.435001373291016,1166.0
2024-04-24 10:27:00,WFRD,124.69999694824219,124.69999694824219,124.69999694824219,124.51000213623047,124.51000213623047,1746.0
2024-04-24 10:27:00,WHLM,6.619999885559082,6.619999885559082,6.769999980926514,6.519999980926514,6.769999980926514,12966.0
2024-04-24 10:27:00,WIMI,0.90829998254776,0.90829998254776,0.909500002861023,0.9057000279426575,0.9090999960899353,37042.0
2024-04-24 10:27:00,WING,363.364990234375,363.364990234375,363.364990234375,363.364990234375,363.364990234375,358.0
2024-04-24 10:27:00,WISA,6.284599781036377,6.284599781036377,6.360099792480469,6.260000228881836,6.360000133514404,30629.0
2024-04-24 10:27:00,WIX,124.5199966430664,124.5199966430664,124.5199966430664,124.5199966430664,124.5199966430664,481.0
2024-04-24 10:27:00,WKHS,0.16359999775886536,0.16359999775886536,0.1648000031709671,0.16349999606609344,0.16419999301433563,14662.0
2024-04-24 10:27:00,WLDS,0.4781000018119812,0.4781000018119812,0.4781000018119812,0.4781000018119812,0.4781000018119812,400.0
2024-04-24 10:27:00,WMG,32.314998626708984,32.314998626708984,32.32500076293945,32.27000045776367,32.279998779296875,4889.0
2024-04-24 10:27:00,WSBF,11.850000381469727,11.850000381469727,11.876899719238281,11.850000381469727,11.876899719238281,1578.0
2024-04-24 10:27:00,WSC,37.880001068115234,37.880001068115234,37.900001525878906,37.86000061035156,37.900001525878906,5500.0
2024-04-24 10:27:00,WSFS,44.540000915527344,44.540000915527344,44.540000915527344,44.540000915527344,44.540000915527344,927.0
2024-04-24 10:27:00,WVE,5.0,5.0,5.0,4.980000019073486,4.989999771118164,2326.0
2024-04-24 10:27:00,WW,1.725000023841858,1.725000023841858,1.7300000190734863,1.7200000286102295,1.7200000286102295,2703.0
2024-04-24 10:27:00,WWD,150.22999572753906,150.22999572753906,150.22999572753906,150.22999572753906,150.22999572753906,905.0
2024-04-24 10:27:00,WYNN,97.66000366210938,97.66000366210938,97.80000305175781,97.66000366210938,97.7300033569336,3840.0
2024-04-24 10:27:00,XEL,55.15999984741211,55.15999984741211,55.18000030517578,55.13999938964844,55.13999938964844,7631.0
2024-04-24 10:27:00,XERS,1.7549999952316284,1.7549999952316284,1.7549999952316284,1.7549999952316284,1.7549999952316284,512.0
2024-04-24 10:27:00,XFOR,1.250100016593933,1.250100016593933,1.250100016593933,1.25,1.25,3403.0
2024-04-24 10:27:00,XNCR,18.232500076293945,18.232500076293945,18.232500076293945,18.225000381469727,18.229999542236328,1132.0
2024-04-24 10:27:00,XP,20.315000534057617,20.315000534057617,20.34000015258789,20.315000534057617,20.34000015258789,4715.0
2024-04-24 10:27:00,XPEL,54.6150016784668,54.6150016784668,54.6150016784668,54.51499938964844,54.51499938964844,2076.0
2024-04-24 10:27:00,XRX,14.505000114440918,14.505000114440918,14.515000343322754,14.484999656677246,14.515000343322754,14992.0
2024-04-24 10:27:00,YMAB,15.170000076293945,15.170000076293945,15.180000305175781,15.145000457763672,15.145000457763672,2480.0
2024-04-24 10:27:00,YTEN,0.22779999673366547,0.22779999673366547,0.22779999673366547,0.22779999673366547,0.22779999673366547,232.0
2024-04-24 10:27:00,Z,43.650001525878906,43.650001525878906,43.68000030517578,43.650001525878906,43.68000030517578,2966.0
2024-04-24 10:27:00,ZI,15.779999732971191,15.779999732971191,15.800000190734863,15.779999732971191,15.800000190734863,4708.0
2024-04-24 10:27:00,ZION,42.09000015258789,42.09000015258789,42.099998474121094,42.08000183105469,42.095001220703125,2086.0
2024-04-24 10:27:00,ZLAB,15.899999618530273,15.899999618530273,15.899999618530273,15.869999885559082,15.869999885559082,640.0
2024-04-24 10:27:00,ZM,61.290000915527344,61.290000915527344,61.34000015258789,61.275001525878906,61.32500076293945,7809.0
2024-04-24 10:27:00,ZS,178.85499572753906,178.85499572753906,179.00999450683594,178.85499572753906,178.99000549316406,2342.0
2024-04-24 10:27:00,ZVSA,0.5828999876976013,0.5828999876976013,0.5828999876976013,0.5828999876976013,0.5828999876976013,460.0
2024-04-24 10:28:00,AIXI,1.2699999809265137,1.2699999809265137,1.2699999809265137,1.2699999809265137,1.2699999809265137,1700.0
2024-04-24 10:28:00,DSP,8.739999771118164,8.739999771118164,8.765000343322754,8.6899995803833,8.765000343322754,55283.0
2024-04-24 10:28:00,EGHT,2.2850000858306885,2.2850000858306885,2.2850000858306885,2.2850000858306885,2.2850000858306885,450.0
2024-04-24 10:28:00,ETNB,8.720000267028809,8.720000267028809,8.720000267028809,8.699999809265137,8.710599899291992,2824.0
2024-04-24 10:28:00,FEAM,1.2100000381469727,1.2100000381469727,1.2100000381469727,1.2100000381469727,1.2100000381469727,3029.0
2024-04-24 10:28:00,FLWS,9.270000457763672,9.270000457763672,9.270000457763672,9.270000457763672,9.270000457763672,5396.0
2024-04-24 10:28:00,MAPS,1.100000023841858,1.100000023841858,1.100000023841858,1.100000023841858,1.100000023841858,200.0
2024-04-24 10:28:00,ME,0.47999998927116394,0.47999998927116394,0.48249998688697815,0.4797999858856201,0.48249998688697815,15028.0
2024-04-24 10:28:00,PET,2.25,2.25,2.25,2.240000009536743,2.240000009536743,400.0
2024-04-24 10:28:00,SCWO,1.3200000524520874,1.3200000524520874,1.3200000524520874,1.3200000524520874,1.3200000524520874,262.0
2024-04-24 10:28:00,SEAT,5.784999847412109,5.784999847412109,5.784999847412109,5.78000020980835,5.78000020980835,930.0
2024-04-24 10:28:00,TSVT,4.388999938964844,4.388999938964844,4.390500068664551,4.388999938964844,4.390500068664551,1156.0
2024-04-24 10:28:00,TWOU,0.2409999966621399,0.2409999966621399,0.2410999983549118,0.2409999966621399,0.2410999983549118,1689.0
2024-04-24 10:28:00,TXG,27.329999923706055,27.329999923706055,27.329999923706055,27.280000686645508,27.290000915527344,2614.0
2024-04-24 10:28:00,VERU,1.3205000162124634,1.3205000162124634,1.340000033378601,1.3100999593734741,1.340000033378601,5071.0
2024-04-24 10:28:00,VERV,6.849999904632568,6.849999904632568,6.849999904632568,6.849999904632568,6.849999904632568,353.0
2024-04-24 10:28:00,VERX,29.260000228881836,29.260000228881836,29.299999237060547,29.239999771118164,29.299999237060547,3428.0
2024-04-24 10:28:00,VFS,2.555000066757202,2.555000066757202,2.55649995803833,2.549999952316284,2.549999952316284,3421.0
2024-04-24 10:28:00,VIR,8.220000267028809,8.220000267028809,8.229999542236328,8.220000267028809,8.229999542236328,2063.0
2024-04-24 10:28:00,VIRC,10.779899597167969,10.779899597167969,10.779899597167969,10.710000038146973,10.739999771118164,1964.0
2024-04-24 10:28:00,VIRT,22.2450008392334,22.2450008392334,22.25,22.21500015258789,22.239999771118164,4522.0
2024-04-24 10:28:00,VIVK,1.4800000190734863,1.4800000190734863,1.4800000190734863,1.4800000190734863,1.4800000190734863,10.0
2024-04-24 10:28:00,VKTX,67.33499908447266,67.33499908447266,67.4800033569336,67.29000091552734,67.41000366210938,21898.0
2024-04-24 10:28:00,VLCN,0.2581000030040741,0.2581000030040741,0.2581000030040741,0.2581000030040741,0.2581000030040741,908.0
2024-04-24 10:28:00,VMEO,3.5350000858306885,3.5350000858306885,3.5350000858306885,3.5350000858306885,3.5350000858306885,930.0
2024-04-24 10:28:00,VNOM,40.2400016784668,40.2400016784668,40.2400016784668,40.2400016784668,40.2400016784668,666.0
2024-04-24 10:28:00,VOD,8.539999961853027,8.539999961853027,8.545000076293945,8.539999961853027,8.545000076293945,1784.0
2024-04-24 10:28:00,VRRM,24.440000534057617,24.440000534057617,24.440000534057617,24.440000534057617,24.440000534057617,170.0
2024-04-24 10:28:00,VSAT,16.385000228881836,16.385000228881836,16.40999984741211,16.385000228881836,16.40999984741211,8288.0
2024-04-24 10:28:00,VTNR,1.590000033378601,1.590000033378601,1.5999000072479248,1.590000033378601,1.590000033378601,4735.0
2024-04-24 10:28:00,VTRS,11.390000343322754,11.390000343322754,11.395000457763672,11.380000114440918,11.385000228881836,13176.0
2024-04-24 10:28:00,VUZI,1.3300000429153442,1.3300000429153442,1.3350000381469727,1.3300000429153442,1.3350000381469727,3000.0
2024-04-24 10:28:00,VVPR,3.680000066757202,3.680000066757202,3.680000066757202,3.680000066757202,3.680000066757202,1603.0
2024-04-24 10:28:00,WABC,47.4900016784668,47.4900016784668,47.4900016784668,47.459999084472656,47.470001220703125,931.0
2024-04-24 10:28:00,WAFD,28.065000534057617,28.065000534057617,28.065000534057617,28.040000915527344,28.059999465942383,2540.0
2024-04-24 10:28:00,WAFDP,15.760000228881836,15.760000228881836,15.760000228881836,15.760000228881836,15.760000228881836,100.0
2024-04-24 10:28:00,WASH,26.114999771118164,26.114999771118164,26.114999771118164,26.09000015258789,26.09000015258789,827.0
2024-04-24 10:28:00,WB,8.279999732971191,8.279999732971191,8.279999732971191,8.279999732971191,8.279999732971191,1086.0
2024-04-24 10:28:00,WBA,17.704999923706055,17.704999923706055,17.71500015258789,17.702699661254883,17.71500015258789,12669.0
2024-04-24 10:28:00,WBD,8.354999542236328,8.354999542236328,8.359999656677246,8.350700378417969,8.359999656677246,19519.0
2024-04-24 10:28:00,WDAY,255.6300048828125,255.6300048828125,255.77000427246094,255.6300048828125,255.77000427246094,1451.0
2024-04-24 10:28:00,WDC,69.54000091552734,69.54000091552734,69.58999633789062,69.5,69.55000305175781,8793.0
2024-04-24 10:28:00,WEN,19.924999237060547,19.924999237060547,19.93000030517578,19.924999237060547,19.93000030517578,1917.0
2024-04-24 10:28:00,WERN,35.36000061035156,35.36000061035156,35.38890075683594,35.36000061035156,35.38890075683594,1811.0
2024-04-24 10:28:00,WFRD,124.63999938964844,124.63999938964844,124.63999938964844,124.63999938964844,124.63999938964844,321.0
2024-04-24 10:28:00,WHLM,6.400000095367432,6.400000095367432,6.619999885559082,6.400000095367432,6.619999885559082,4192.0
2024-04-24 10:28:00,WHLR,0.13950000703334808,0.13950000703334808,0.14139999449253082,0.13940000534057617,0.14030000567436218,1886.0
2024-04-24 10:28:00,WIMI,0.914900004863739,0.914900004863739,0.9150000214576721,0.9070000052452087,0.9089000225067139,112695.0
2024-04-24 10:28:00,WING,363.875,363.875,363.875,363.7950134277344,363.7950134277344,411.0
2024-04-24 10:28:00,WINT,5.000699996948242,5.000699996948242,5.000699996948242,5.000699996948242,5.000699996948242,522.0
2024-04-24 10:28:00,WISA,6.349999904632568,6.349999904632568,6.369999885559082,6.260000228881836,6.264200210571289,18818.0
2024-04-24 10:28:00,WKHS,0.16419999301433563,0.16419999301433563,0.1648000031709671,0.16349999606609344,0.16349999606609344,152221.0
2024-04-24 10:28:00,WKME,7.889999866485596,7.889999866485596,7.900000095367432,7.889999866485596,7.900000095367432,560.0
2024-04-24 10:28:00,WLDS,0.49000000953674316,0.49000000953674316,0.49000000953674316,0.48899999260902405,0.48899999260902405,200.0
2024-04-24 10:28:00,WMG,32.29399871826172,32.29399871826172,32.310001373291016,32.29399871826172,32.310001373291016,3276.0
2024-04-24 10:28:00,WNEB,6.489999771118164,6.489999771118164,6.489999771118164,6.489999771118164,6.489999771118164,206.0
2024-04-24 10:28:00,WPRT,5.790500164031982,5.790500164031982,5.790500164031982,5.789999961853027,5.789999961853027,659.0
2024-04-24 10:28:00,WSC,37.880001068115234,37.880001068115234,37.880001068115234,37.86920166015625,37.880001068115234,1859.0
2024-04-24 10:28:00,WSFS,44.45000076293945,44.45000076293945,44.45000076293945,44.439998626708984,44.439998626708984,367.0
2024-04-24 10:28:00,WTFC,99.69000244140625,99.69000244140625,99.69000244140625,99.69000244140625,99.69000244140625,327.0
2024-04-24 10:28:00,WTW,263.4100036621094,263.4100036621094,263.4200134277344,263.4100036621094,263.4100036621094,927.0
2024-04-24 10:28:00,WVE,5.0,5.0,5.0,5.0,5.0,131.0
2024-04-24 10:28:00,WW,1.725000023841858,1.725000023841858,1.725000023841858,1.725000023841858,1.725000023841858,938.0
2024-04-24 10:28:00,WYNN,97.69000244140625,97.69000244140625,97.69000244140625,97.63500213623047,97.6500015258789,3556.0
2024-04-24 10:28:00,XBIT,8.210000038146973,8.210000038146973,8.210000038146973,8.199999809265137,8.199999809265137,1187.0
2024-04-24 10:28:00,XEL,55.099998474121094,55.099998474121094,55.150001525878906,55.09000015258789,55.150001525878906,3977.0
2024-04-24 10:28:00,XFOR,1.2599999904632568,1.2599999904632568,1.2599999904632568,1.2599999904632568,1.2599999904632568,837.0
2024-04-24 10:28:00,XLO,1.0800000429153442,1.0800000429153442,1.0800000429153442,1.0800000429153442,1.0800000429153442,2338.0
2024-04-24 10:28:00,XMTR,17.09000015258789,17.09000015258789,17.100000381469727,17.09000015258789,17.100000381469727,635.0
2024-04-24 10:28:00,XP,20.30500030517578,20.30500030517578,20.325000762939453,20.30500030517578,20.31999969482422,5821.0
2024-04-24 10:28:00,XPEL,54.724998474121094,54.724998474121094,54.724998474121094,54.724998474121094,54.724998474121094,200.0
2024-04-24 10:28:00,XRX,14.4350004196167,14.4350004196167,14.505000114440918,14.4350004196167,14.501999855041504,8449.0
2024-04-24 10:28:00,XXII,1.7380000352859497,1.7380000352859497,1.7380000352859497,1.7380000352859497,1.7380000352859497,813.0
2024-04-24 10:28:00,YTEN,0.2393999993801117,0.2393999993801117,0.2393999993801117,0.227400004863739,0.227400004863739,13747.0
2024-04-24 10:28:00,Z,43.619998931884766,43.619998931884766,43.630001068115234,43.60499954223633,43.60499954223633,3197.0
2024-04-24 10:28:00,ZD,51.90999984741211,51.90999984741211,51.90999984741211,51.900001525878906,51.900001525878906,349.0
2024-04-24 10:28:00,ZG,43.04999923706055,43.04999923706055,43.04999923706055,43.04999923706055,43.04999923706055,631.0
2024-04-24 10:28:00,ZI,15.779999732971191,15.779999732971191,15.779999732971191,15.779999732971191,15.779999732971191,3020.0
2024-04-24 10:28:00,ZION,42.04999923706055,42.04999923706055,42.08000183105469,42.029998779296875,42.08000183105469,2967.0
2024-04-24 10:28:00,ZKIN,0.6000000238418579,0.6000000238418579,0.6000000238418579,0.6000000238418579,0.6000000238418579,4030.0
2024-04-24 10:28:00,ZLAB,15.864999771118164,15.864999771118164,15.864999771118164,15.864999771118164,15.864999771118164,200.0
2024-04-24 10:28:00,ZM,61.31999969482422,61.31999969482422,61.33000183105469,61.290000915527344,61.31990051269531,2888.0
2024-04-24 10:28:00,ZNTL,12.489999771118164,12.489999771118164,12.489999771118164,12.475000381469727,12.475000381469727,429.0
2024-04-24 10:28:00,ZS,178.69000244140625,178.69000244140625,178.8282928466797,178.69000244140625,178.8282928466797,1144.0
2024-04-24 10:28:00,ZURA,3.309999942779541,3.309999942779541,3.309999942779541,3.309999942779541,3.309999942779541,121.0
2024-04-24 10:28:00,ZVRA,4.53000020980835,4.53000020980835,4.53000020980835,4.53000020980835,4.53000020980835,347.0
2024-04-24 10:28:00,ZVSA,0.5835999846458435,0.5835999846458435,0.5835999846458435,0.5799999833106995,0.5831000208854675,1052.0
2024-04-24 10:28:00,ZYXI,11.399999618530273,11.399999618530273,11.399999618530273,11.399999618530273,11.399999618530273,1373.0
2024-04-24 10:29:00,AIXI,1.2710000276565552,1.2710000276565552,1.2710000276565552,1.2699999809265137,1.2699999809265137,2334.0
2024-04-24 10:29:00,DSP,8.649999618530273,8.649999618530273,8.75,8.649999618530273,8.75,4957.0
2024-04-24 10:29:00,ETNB,8.729999542236328,8.729999542236328,8.729999542236328,8.729999542236328,8.729999542236328,304.0
2024-04-24 10:29:00,FLWS,9.279999732971191,9.279999732971191,9.279999732971191,9.279999732971191,9.279999732971191,105.0
2024-04-24 10:29:00,FREE,4.820000171661377,4.820000171661377,4.820000171661377,4.820000171661377,4.820000171661377,200.0
2024-04-24 10:29:00,MAPS,1.100000023841858,1.100000023841858,1.100000023841858,1.100000023841858,1.100000023841858,2.0
2024-04-24 10:29:00,ME,0.47999998927116394,0.47999998927116394,0.47999998927116394,0.4772000014781952,0.4772000014781952,5816.0
2024-04-24 10:29:00,SEAT,5.800000190734863,5.800000190734863,5.800000190734863,5.789999961853027,5.789999961853027,6476.0
2024-04-24 10:29:00,TSVT,4.385000228881836,4.385000228881836,4.385000228881836,4.380000114440918,4.385000228881836,385.0
2024-04-24 10:29:00,TWOU,0.2410999983549118,0.2410999983549118,0.2410999983549118,0.2410999983549118,0.2410999983549118,300.0
2024-04-24 10:29:00,TXG,27.34000015258789,27.34000015258789,27.350000381469727,27.309999465942383,27.34000015258789,2163.0
2024-04-24 10:29:00,VERU,1.3200000524520874,1.3200000524520874,1.3200000524520874,1.3141000270843506,1.3178000450134277,5719.0
2024-04-24 10:29:00,VERV,6.860000133514404,6.860000133514404,6.869999885559082,6.860000133514404,6.860000133514404,2185.0
2024-04-24 10:29:00,VERX,29.260000228881836,29.260000228881836,29.260000228881836,29.25,29.25,1848.0
2024-04-24 10:29:00,VFF,1.3241000175476074,1.3241000175476074,1.3241000175476074,1.3241000175476074,1.3241000175476074,2001.0
2024-04-24 10:29:00,VFS,2.5450000762939453,2.5450000762939453,2.5599000453948975,2.5450000762939453,2.5599000453948975,11358.0
2024-04-24 10:29:00,VIAV,7.925000190734863,7.925000190734863,7.925000190734863,7.925000190734863,7.925000190734863,952.0
2024-04-24 10:29:00,VINC,0.9300000071525574,0.9300000071525574,0.963699996471405,0.9300000071525574,0.963699996471405,15832.0
2024-04-24 10:29:00,VIR,8.220000267028809,8.220000267028809,8.220000267028809,8.220000267028809,8.220000267028809,1976.0
2024-04-24 10:29:00,VIRT,22.295000076293945,22.295000076293945,22.299999237060547,22.2450008392334,22.2450008392334,4314.0
2024-04-24 10:29:00,VITL,26.954999923706055,26.954999923706055,26.954999923706055,26.954999923706055,26.954999923706055,222.0
2024-04-24 10:29:00,VKTX,67.33000183105469,67.33000183105469,67.52159881591797,67.29000091552734,67.44999694824219,9874.0
2024-04-24 10:29:00,VLCN,0.25999999046325684,0.25999999046325684,0.25999999046325684,0.25999999046325684,0.25999999046325684,2276.0
2024-04-24 10:29:00,VLGEA,27.450000762939453,27.450000762939453,27.450000762939453,27.450000762939453,27.450000762939453,914.0
2024-04-24 10:29:00,VMEO,3.5350000858306885,3.5350000858306885,3.5350000858306885,3.5350000858306885,3.5350000858306885,965.0
2024-04-24 10:29:00,VNET,1.5099999904632568,1.5099999904632568,1.5099999904632568,1.5099999904632568,1.5099999904632568,849.0
2024-04-24 10:29:00,VOD,8.545000076293945,8.545000076293945,8.545000076293945,8.539999961853027,8.539999961853027,1445.0
2024-04-24 10:29:00,VRDN,13.9399995803833,13.9399995803833,13.960000038146973,13.9399995803833,13.960000038146973,588.0
2024-04-24 10:29:00,VRRM,24.447999954223633,24.447999954223633,24.447999954223633,24.440000534057617,24.440000534057617,924.0
2024-04-24 10:29:00,VRTX,402.6700134277344,402.6700134277344,402.9100036621094,402.6700134277344,402.9100036621094,1446.0
2024-04-24 10:29:00,VSAT,16.350000381469727,16.350000381469727,16.40999984741211,16.329999923706055,16.399999618530273,3666.0
2024-04-24 10:29:00,VTNR,1.5950000286102295,1.5950000286102295,1.5950000286102295,1.590000033378601,1.590000033378601,1133.0
2024-04-24 10:29:00,VTRS,11.395000457763672,11.395000457763672,11.399999618530273,11.395000457763672,11.395000457763672,3146.0
2024-04-24 10:29:00,VUZI,1.3300000429153442,1.3300000429153442,1.3300000429153442,1.3300000429153442,1.3300000429153442,0.0
2024-04-24 10:29:00,VYGR,7.625,7.625,7.625,7.625,7.625,367.0
2024-04-24 10:29:00,WAFD,28.020000457763672,28.020000457763672,28.059999465942383,28.020000457763672,28.059999465942383,836.0
2024-04-24 10:29:00,WB,8.28499984741211,8.28499984741211,8.289999961853027,8.28499984741211,8.28499984741211,669.0
2024-04-24 10:29:00,WBA,17.71500015258789,17.71500015258789,17.729900360107422,17.704999923706055,17.704999923706055,29885.0
2024-04-24 10:29:00,WBD,8.354999542236328,8.354999542236328,8.375,8.354999542236328,8.359999656677246,154010.0
2024-04-24 10:29:00,WDAY,255.80999755859375,255.80999755859375,255.80999755859375,255.64500427246094,255.64500427246094,821.0
2024-04-24 10:29:00,WDC,69.47000122070312,69.47000122070312,69.5999984741211,69.47000122070312,69.58999633789062,6931.0
2024-04-24 10:29:00,WEN,19.93000030517578,19.93000030517578,19.93000030517578,19.93000030517578,19.93000030517578,1391.0
2024-04-24 10:29:00,WERN,35.314998626708984,35.314998626708984,35.36000061035156,35.314998626708984,35.36000061035156,1420.0
2024-04-24 10:29:00,WFRD,124.63999938964844,124.63999938964844,124.63999938964844,124.63999938964844,124.63999938964844,1346.0
2024-04-24 10:29:00,WHLM,6.769999980926514,6.769999980926514,6.769999980926514,6.485000133514404,6.485000133514404,2124.0
2024-04-24 10:29:00,WIMI,0.9052000045776367,0.9052000045776367,0.9150000214576721,0.8956999778747559,0.914900004863739,67573.0
2024-04-24 10:29:00,WISA,6.480000019073486,6.480000019073486,6.510000228881836,6.320000171661377,6.340000152587891,97087.0
2024-04-24 10:29:00,WKHS,0.16279999911785126,0.16279999911785126,0.16359999775886536,0.16169999539852142,0.16359999775886536,270172.0
2024-04-24 10:29:00,WMG,32.2599983215332,32.2599983215332,32.31999969482422,32.2599983215332,32.29999923706055,5340.0
2024-04-24 10:29:00,WNEB,6.5,6.5,6.5,6.5,6.5,562.0
2024-04-24 10:29:00,WSC,37.91999816894531,37.91999816894531,37.91999816894531,37.900001525878906,37.904998779296875,4919.0
2024-04-24 10:29:00,WSFS,44.470001220703125,44.470001220703125,44.470001220703125,44.46500015258789,44.46500015258789,704.0
2024-04-24 10:29:00,WTFC,99.51000213623047,99.51000213623047,99.51000213623047,99.51000213623047,99.51000213623047,502.0
2024-04-24 10:29:00,WTW,263.1300048828125,263.1300048828125,263.3475036621094,263.1300048828125,263.3475036621094,880.0
2024-04-24 10:29:00,WW,1.725000023841858,1.725000023841858,1.7300000190734863,1.725000023841858,1.7300000190734863,412.0
2024-04-24 10:29:00,WYNN,97.51000213623047,97.51000213623047,97.69000244140625,97.5,97.69000244140625,4232.0
2024-04-24 10:29:00,XEL,55.099998474121094,55.099998474121094,55.125,55.09000015258789,55.11000061035156,5771.0
2024-04-24 10:29:00,XENE,40.724998474121094,40.724998474121094,40.7400016784668,40.654998779296875,40.65999984741211,1366.0
2024-04-24 10:29:00,XERS,1.7549999952316284,1.7549999952316284,1.7549999952316284,1.7549999952316284,1.7549999952316284,400.0
2024-04-24 10:29:00,XFOR,1.2599999904632568,1.2599999904632568,1.2599999904632568,1.2549999952316284,1.2549999952316284,6259.0
2024-04-24 10:29:00,XMTR,17.06999969482422,17.06999969482422,17.079999923706055,17.06999969482422,17.079999923706055,562.0
2024-04-24 10:29:00,XNCR,18.209999084472656,18.209999084472656,18.209999084472656,18.209999084472656,18.209999084472656,146.0
2024-04-24 10:29:00,XP,20.350000381469727,20.350000381469727,20.350000381469727,20.299999237060547,20.300199508666992,17414.0
2024-04-24 10:29:00,XPEL,54.720001220703125,54.720001220703125,54.720001220703125,54.720001220703125,54.720001220703125,77.0
2024-04-24 10:29:00,XRX,14.454999923706055,14.454999923706055,14.454999923706055,14.399999618530273,14.4399995803833,17493.0
2024-04-24 10:29:00,YORW,35.439998626708984,35.439998626708984,35.439998626708984,35.439998626708984,35.439998626708984,919.0
2024-04-24 10:29:00,YTEN,0.23319999873638153,0.23319999873638153,0.23319999873638153,0.23319999873638153,0.23319999873638153,0.0
2024-04-24 10:29:00,Z,43.61000061035156,43.61000061035156,43.625,43.61000061035156,43.625,3117.0
2024-04-24 10:29:00,ZBRA,278.1499938964844,278.1499938964844,278.1499938964844,278.135009765625,278.135009765625,2187.0
2024-04-24 10:29:00,ZD,51.90999984741211,51.90999984741211,51.90999984741211,51.90999984741211,51.90999984741211,241.0
2024-04-24 10:29:00,ZI,15.774999618530273,15.774999618530273,15.78499984741211,15.774999618530273,15.78499984741211,910.0
2024-04-24 10:29:00,ZION,42.029998779296875,42.029998779296875,42.08000183105469,42.029998779296875,42.060001373291016,2428.0
2024-04-24 10:29:00,ZKIN,0.625,0.625,0.625,0.625,0.625,0.0
2024-04-24 10:29:00,ZLAB,15.864999771118164,15.864999771118164,15.882499694824219,15.864999771118164,15.882499694824219,201.0
2024-04-24 10:29:00,ZM,61.349998474121094,61.349998474121094,61.349998474121094,61.310001373291016,61.310001373291016,7830.0
2024-04-24 10:29:00,ZNTL,12.529999732971191,12.529999732971191,12.529999732971191,12.494999885559082,12.5,748.0
2024-04-24 10:29:00,ZS,178.7449951171875,178.7449951171875,178.75,178.6999969482422,178.6999969482422,1080.0
2024-04-24 10:29:00,ZURA,3.309999942779541,3.309999942779541,3.309999942779541,3.309999942779541,3.309999942779541,758.0
2024-04-24 10:29:00,ZVSA,0.5835999846458435,0.5835999846458435,0.5835999846458435,0.5835999846458435,0.5835999846458435,625.0
2024-04-24 10:29:00,ZYME,8.579999923706055,8.579999923706055,8.579999923706055,8.579999923706055,8.579999923706055,265.0
2024-04-24 10:30:00,COCO,23.795000076293945,23.795000076293945,23.795000076293945,23.739999771118164,23.739999771118164,5683.0
2024-04-24 10:30:00,DIBS,5.349999904632568,5.349999904632568,5.349999904632568,5.349999904632568,5.349999904632568,1440.0
2024-04-24 10:30:00,DSP,8.694999694824219,8.694999694824219,8.694999694824219,8.626500129699707,8.626500129699707,2105.0
2024-04-24 10:30:00,ETNB,8.725899696350098,8.725899696350098,8.725899696350098,8.725899696350098,8.725899696350098,712.0
2024-04-24 10:30:00,FDMT,25.200000762939453,25.200000762939453,25.200000762939453,25.200000762939453,25.200000762939453,422.0
2024-04-24 10:30:00,HOWL,6.329999923706055,6.329999923706055,6.370999813079834,6.329999923706055,6.370999813079834,962.0
2024-04-24 10:30:00,MAPS,1.100000023841858,1.100000023841858,1.100000023841858,1.100000023841858,1.100000023841858,232.0
2024-04-24 10:30:00,ME,0.4772999882698059,0.4772999882698059,0.4772999882698059,0.4772000014781952,0.4772000014781952,3768.0
2024-04-24 10:30:00,PET,2.243299961090088,2.243299961090088,2.243299961090088,2.243299961090088,2.243299961090088,1450.0
2024-04-24 10:30:00,SEAT,5.783999919891357,5.783999919891357,5.789999961853027,5.783999919891357,5.789999961853027,2846.0
2024-04-24 10:30:00,TSVT,4.389900207519531,4.389900207519531,4.389900207519531,4.389900207519531,4.389900207519531,2258.0
2024-04-24 10:30:00,TXG,27.3700008392334,27.3700008392334,27.3700008392334,27.34000015258789,27.34000015258789,4132.0
2024-04-24 10:30:00,VC,111.02999877929688,111.02999877929688,111.02999877929688,111.02999877929688,111.02999877929688,843.0
2024-04-24 10:30:00,VERU,1.3200000524520874,1.3200000524520874,1.340000033378601,1.3200000524520874,1.3200000524520874,3640.0
2024-04-24 10:30:00,VERV,6.840000152587891,6.840000152587891,6.841000080108643,6.840000152587891,6.840000152587891,525.0
2024-04-24 10:30:00,VERX,29.2549991607666,29.2549991607666,29.290000915527344,29.24679946899414,29.290000915527344,53004.0
2024-04-24 10:30:00,VFS,2.5350000858306885,2.5350000858306885,2.5399999618530273,2.5350000858306885,2.5399999618530273,17260.0
2024-04-24 10:30:00,VICR,34.33000183105469,34.33000183105469,34.4900016784668,34.060001373291016,34.34000015258789,5354.0
2024-04-24 10:30:00,VINC,0.9652000069618225,0.9652000069618225,0.9652000069618225,0.9652000069618225,0.9652000069618225,152.0
2024-04-24 10:30:00,VIR,8.229999542236328,8.229999542236328,8.229999542236328,8.21500015258789,8.21500015258789,1683.0
2024-04-24 10:30:00,VIRC,10.737000465393066,10.737000465393066,10.737000465393066,10.737000465393066,10.737000465393066,222.0
2024-04-24 10:30:00,VIRT,22.395000457763672,22.395000457763672,22.399200439453125,22.30500030517578,22.315000534057617,4950.0
2024-04-24 10:30:00,VIRX,0.8700000047683716,0.8700000047683716,0.8700000047683716,0.8700000047683716,0.8700000047683716,692.0
2024-04-24 10:30:00,VITL,26.94499969482422,26.94499969482422,26.954999923706055,26.924999237060547,26.954999923706055,1884.0
2024-04-24 10:30:00,VIVK,1.5,1.5,1.5,1.4600000381469727,1.4931000471115112,4046.0
2024-04-24 10:30:00,VKTX,67.41000366210938,67.41000366210938,67.43000030517578,67.25129699707031,67.29000091552734,9864.0
2024-04-24 10:30:00,VLCN,0.26010000705718994,0.26010000705718994,0.26010000705718994,0.2581000030040741,0.2581000030040741,948.0
2024-04-24 10:30:00,VNOM,40.279998779296875,40.279998779296875,40.279998779296875,40.244998931884766,40.244998931884766,710.0
2024-04-24 10:30:00,VOD,8.529999732971191,8.529999732971191,8.539999961853027,8.529999732971191,8.539999961853027,5336.0
2024-04-24 10:30:00,VRDN,13.925000190734863,13.925000190734863,13.925000190734863,13.925000190734863,13.925000190734863,206.0
2024-04-24 10:30:00,VRTX,402.19000244140625,402.19000244140625,402.4200134277344,402.19000244140625,402.364990234375,2899.0
2024-04-24 10:30:00,VSAT,16.334999084472656,16.334999084472656,16.334999084472656,16.334999084472656,16.334999084472656,516.0
2024-04-24 10:30:00,VSEC,78.4800033569336,78.4800033569336,78.4800033569336,78.4800033569336,78.4800033569336,931.0
2024-04-24 10:30:00,VTNR,1.5950000286102295,1.5950000286102295,1.5950000286102295,1.590000033378601,1.590000033378601,3384.0
2024-04-24 10:30:00,VTRS,11.385000228881836,11.385000228881836,11.395000457763672,11.385000228881836,11.395000457763672,7137.0
2024-04-24 10:30:00,VTSI,12.10099983215332,12.10099983215332,12.10099983215332,12.10099983215332,12.10099983215332,260.0
2024-04-24 10:30:00,WAFD,28.014999389648438,28.014999389648438,28.014999389648438,28.014999389648438,28.014999389648438,2085.0
2024-04-24 10:30:00,WASH,25.934999465942383,25.934999465942383,26.049999237060547,25.934999465942383,26.049999237060547,644.0
2024-04-24 10:30:00,WB,8.28499984741211,8.28499984741211,8.295000076293945,8.28499984741211,8.289999961853027,2482.0
2024-04-24 10:30:00,WBA,17.719999313354492,17.719999313354492,17.719999313354492,17.710100173950195,17.71500015258789,11767.0
2024-04-24 10:30:00,WBD,8.354999542236328,8.354999542236328,8.359999656677246,8.350000381469727,8.354999542236328,35709.0
2024-04-24 10:30:00,WDAY,255.60000610351562,255.60000610351562,255.83999633789062,255.60000610351562,255.63999938964844,9582.0
2024-04-24 10:30:00,WDC,69.48999786376953,69.48999786376953,69.54000091552734,69.44000244140625,69.45999908447266,50081.0
2024-04-24 10:30:00,WEN,19.920000076293945,19.920000076293945,19.93000030517578,19.920000076293945,19.93000030517578,6369.0
2024-04-24 10:30:00,WERN,35.32500076293945,35.32500076293945,35.32500076293945,35.31999969482422,35.31999969482422,416.0
2024-04-24 10:30:00,WFRD,125.19000244140625,125.19000244140625,125.19000244140625,124.47000122070312,124.47000122070312,6065.0
2024-04-24 10:30:00,WHLM,6.769000053405762,6.769000053405762,6.769000053405762,6.599999904632568,6.599999904632568,4937.0
2024-04-24 10:30:00,WIMI,0.8817999958992004,0.8817999958992004,0.902899980545044,0.8816999793052673,0.902899980545044,84202.0
2024-04-24 10:30:00,WING,363.2300109863281,363.2300109863281,363.2300109863281,363.2300109863281,363.2300109863281,698.0
2024-04-24 10:30:00,WISA,6.659999847412109,6.659999847412109,6.730000019073486,6.46999979019165,6.548999786376953,204776.0
2024-04-24 10:30:00,WIX,124.69999694824219,124.69999694824219,124.69999694824219,124.49500274658203,124.49500274658203,732.0
2024-04-24 10:30:00,WKHS,0.16169999539852142,0.16169999539852142,0.16329999268054962,0.16169999539852142,0.16329999268054962,17040.0
2024-04-24 10:30:00,WLGS,0.5799999833106995,0.5799999833106995,0.5799999833106995,0.5799999833106995,0.5799999833106995,2046.0
2024-04-24 10:30:00,WMG,32.2599983215332,32.2599983215332,32.27000045776367,32.25199890136719,32.2599983215332,1555.0
2024-04-24 10:30:00,WRAP,2.0099000930786133,2.0099000930786133,2.0099000930786133,2.0099000930786133,2.0099000930786133,1535.0
2024-04-24 10:30:00,WSBC,28.14699935913086,28.14699935913086,28.15999984741211,28.020000457763672,28.15999984741211,3852.0
2024-04-24 10:30:00,WSC,37.91999816894531,37.91999816894531,37.939998626708984,37.880001068115234,37.91999816894531,5512.0
2024-04-24 10:30:00,WTFC,99.4800033569336,99.4800033569336,99.4800033569336,99.4800033569336,99.4800033569336,121.0
2024-04-24 10:30:00,WTW,262.8900146484375,262.8900146484375,263.0199890136719,262.8399963378906,263.0050048828125,2622.0
2024-04-24 10:30:00,WVE,5.039999961853027,5.039999961853027,5.039999961853027,4.989999771118164,4.989999771118164,7062.0
2024-04-24 10:30:00,WW,1.725000023841858,1.725000023841858,1.725000023841858,1.725000023841858,1.725000023841858,628.0
2024-04-24 10:30:00,WWD,150.031005859375,150.031005859375,150.031005859375,150.031005859375,150.031005859375,5965.0
2024-04-24 10:30:00,WYNN,97.4800033569336,97.4800033569336,97.5199966430664,97.46499633789062,97.51000213623047,2590.0
2024-04-24 10:30:00,XEL,55.11000061035156,55.11000061035156,55.13999938964844,55.11000061035156,55.11000061035156,7454.0
2024-04-24 10:30:00,XERS,1.7549999952316284,1.7549999952316284,1.7549999952316284,1.75,1.7549999952316284,4683.0
2024-04-24 10:30:00,XFOR,1.2599999904632568,1.2599999904632568,1.2599999904632568,1.25,1.250100016593933,7845.0
2024-04-24 10:30:00,XNCR,18.219999313354492,18.219999313354492,18.235000610351562,18.219999313354492,18.219999313354492,580.0
2024-04-24 10:30:00,XP,20.375,20.375,20.385000228881836,20.344999313354492,20.350000381469727,6724.0
2024-04-24 10:30:00,XPEL,54.720001220703125,54.720001220703125,54.720001220703125,54.720001220703125,54.720001220703125,387.0
2024-04-24 10:30:00,XRTX,2.903899908065796,2.903899908065796,2.903899908065796,2.903899908065796,2.903899908065796,300.0
2024-04-24 10:30:00,XRX,14.46500015258789,14.46500015258789,14.470000267028809,14.460000038146973,14.460000038146973,5162.0
2024-04-24 10:30:00,Z,43.619998931884766,43.619998931884766,43.650001525878906,43.619998931884766,43.619998931884766,5377.0
2024-04-24 10:30:00,ZCMD,1.7100000381469727,1.7100000381469727,1.7100000381469727,1.7100000381469727,1.7100000381469727,575.0
2024-04-24 10:30:00,ZD,51.84000015258789,51.84000015258789,51.84000015258789,51.84000015258789,51.84000015258789,278.0
2024-04-24 10:30:00,ZG,43.09000015258789,43.09000015258789,43.09000015258789,43.09000015258789,43.09000015258789,1212.0
2024-04-24 10:30:00,ZI,15.78499984741211,15.78499984741211,15.78600025177002,15.770000457763672,15.770000457763672,4697.0
2024-04-24 10:30:00,ZION,42.060001373291016,42.060001373291016,42.060001373291016,42.0099983215332,42.0099983215332,4319.0
2024-04-24 10:30:00,ZLAB,15.864999771118164,15.864999771118164,15.864999771118164,15.864999771118164,15.864999771118164,212.0
2024-04-24 10:30:00,ZM,61.33000183105469,61.33000183105469,61.345001220703125,61.310001373291016,61.34000015258789,2497.0
2024-04-24 10:30:00,ZNTL,12.505000114440918,12.505000114440918,12.520000457763672,12.505000114440918,12.520000457763672,304.0
2024-04-24 10:30:00,ZS,179.06500244140625,179.06500244140625,179.14999389648438,178.89999389648438,178.89999389648438,3615.0
2024-04-24 10:30:00,ZUMZ,16.9950008392334,16.9950008392334,16.9950008392334,16.9950008392334,16.9950008392334,727.0
2024-04-24 10:30:00,ZVRA,4.536600112915039,4.536600112915039,4.536600112915039,4.536600112915039,4.536600112915039,218.0
2024-04-24 10:30:00,ZVSA,0.5835999846458435,0.5835999846458435,0.5835999846458435,0.5835999846458435,0.5835999846458435,4013.0
2024-04-24 10:30:00,ZYME,8.581000328063965,8.581000328063965,8.581000328063965,8.581000328063965,8.581000328063965,960.0
2024-04-24 10:31:00,COCO,23.760000228881836,23.760000228881836,23.760000228881836,23.760000228881836,23.760000228881836,425.0
2024-04-24 10:31:00,DSP,8.675000190734863,8.675000190734863,8.680000305175781,8.675000190734863,8.680000305175781,192.0
2024-04-24 10:31:00,EGHT,2.2874999046325684,2.2874999046325684,2.2874999046325684,2.2874999046325684,2.2874999046325684,101.0
2024-04-24 10:31:00,ETNB,8.72249984741211,8.72249984741211,8.725000381469727,8.72249984741211,8.725000381469727,5235.0
2024-04-24 10:31:00,FEAM,1.215999960899353,1.215999960899353,1.215999960899353,1.1950000524520874,1.1950000524520874,751.0
2024-04-24 10:31:00,FLWS,9.260000228881836,9.260000228881836,9.260000228881836,9.260000228881836,9.260000228881836,201.0
2024-04-24 10:31:00,FREE,4.820000171661377,4.820000171661377,4.820000171661377,4.820000171661377,4.820000171661377,10.0
2024-04-24 10:31:00,GV,0.15800000727176666,0.15800000727176666,0.15800000727176666,0.15800000727176666,0.15800000727176666,590.0
2024-04-24 10:31:00,MAPS,1.0950000286102295,1.0950000286102295,1.0950000286102295,1.0950000286102295,1.0950000286102295,200.0
2024-04-24 10:31:00,MASS,5.715000152587891,5.715000152587891,5.7270002365112305,5.715000152587891,5.7270002365112305,835.0
2024-04-24 10:31:00,ME,0.4779999852180481,0.4779999852180481,0.4779999852180481,0.4779999852180481,0.4779999852180481,600.0
2024-04-24 10:31:00,SEAT,5.820000171661377,5.820000171661377,5.820000171661377,5.784999847412109,5.784999847412109,21215.0
2024-04-24 10:31:00,TSVT,4.389999866485596,4.389999866485596,4.389999866485596,4.381899833679199,4.381899833679199,1934.0
2024-04-24 10:31:00,TWOU,0.2409999966621399,0.2409999966621399,0.2409999966621399,0.2409999966621399,0.2409999966621399,2113.0
2024-04-24 10:31:00,TXG,27.299999237060547,27.299999237060547,27.350000381469727,27.299999237060547,27.350000381469727,4362.0
2024-04-24 10:31:00,VERU,1.3271000385284424,1.3271000385284424,1.3300000429153442,1.3250000476837158,1.3250000476837158,1855.0
2024-04-24 10:31:00,VERV,6.840000152587891,6.840000152587891,6.840000152587891,6.834000110626221,6.834000110626221,2039.0
2024-04-24 10:31:00,VERX,29.209999084472656,29.209999084472656,29.260000228881836,29.209999084472656,29.260000228881836,61669.0
2024-04-24 10:31:00,VFF,1.3250000476837158,1.3250000476837158,1.3250000476837158,1.3250000476837158,1.3250000476837158,104.0
2024-04-24 10:31:00,VFS,2.5399999618530273,2.5399999618530273,2.5495998859405518,2.5399999618530273,2.5450000762939453,15095.0
2024-04-24 10:31:00,VIAV,7.929999828338623,7.929999828338623,7.929999828338623,7.920000076293945,7.920000076293945,3714.0
2024-04-24 10:31:00,VINC,0.9646000266075134,0.9646000266075134,0.9646000266075134,0.9646000266075134,0.9646000266075134,208.0
2024-04-24 10:31:00,VIR,8.229999542236328,8.229999542236328,8.229999542236328,8.225000381469727,8.225000381469727,432.0
2024-04-24 10:31:00,VIRT,22.375,22.375,22.399999618530273,22.344999313354492,22.395000457763672,4822.0
2024-04-24 10:31:00,VITL,27.055999755859375,27.055999755859375,27.055999755859375,26.969999313354492,26.969999313354492,1789.0
2024-04-24 10:31:00,VIVK,1.5198999643325806,1.5198999643325806,1.5198999643325806,1.5198999643325806,1.5198999643325806,0.0
2024-04-24 10:31:00,VKTX,67.3447036743164,67.3447036743164,67.48999786376953,67.30000305175781,67.37000274658203,4936.0
2024-04-24 10:31:00,VLCN,0.2581000030040741,0.2581000030040741,0.2581000030040741,0.2581000030040741,0.2581000030040741,11770.0
2024-04-24 10:31:00,VMEO,3.5350000858306885,3.5350000858306885,3.5350000858306885,3.5339999198913574,3.5339999198913574,1131.0
2024-04-24 10:31:00,VNOM,40.21500015258789,40.21500015258789,40.25,40.21500015258789,40.25,2494.0
2024-04-24 10:31:00,VOD,8.53499984741211,8.53499984741211,8.538599967956543,8.529999732971191,8.529999732971191,1591.0
2024-04-24 10:31:00,VRDN,13.899999618530273,13.899999618530273,13.899999618530273,13.899999618530273,13.899999618530273,559.0
2024-04-24 10:31:00,VRRM,24.424999237060547,24.424999237060547,24.424999237060547,24.424999237060547,24.424999237060547,1258.0
2024-04-24 10:31:00,VRTX,402.05999755859375,402.05999755859375,402.05999755859375,402.0400085449219,402.0400085449219,893.0
2024-04-24 10:31:00,VSAT,16.31999969482422,16.31999969482422,16.350000381469727,16.309999465942383,16.350000381469727,1568.0
2024-04-24 10:31:00,VSEC,78.44000244140625,78.44000244140625,78.44000244140625,78.44000244140625,78.44000244140625,793.0
2024-04-24 10:31:00,VTGN,4.789999961853027,4.789999961853027,4.789999961853027,4.789999961853027,4.789999961853027,309.0
2024-04-24 10:31:00,VTNR,1.593999981880188,1.593999981880188,1.593999981880188,1.590000033378601,1.590000033378601,2706.0
2024-04-24 10:31:00,VTRS,11.390000343322754,11.390000343322754,11.390000343322754,11.385000228881836,11.385000228881836,2437.0
2024-04-24 10:31:00,VUZI,1.3300000429153442,1.3300000429153442,1.3350000381469727,1.3300000429153442,1.3350000381469727,2312.0
2024-04-24 10:31:00,VVPR,3.690000057220459,3.690000057220459,3.690000057220459,3.690000057220459,3.690000057220459,167.0
2024-04-24 10:31:00,WABC,47.31999969482422,47.31999969482422,47.31999969482422,47.31999969482422,47.31999969482422,364.0
2024-04-24 10:31:00,WAFD,28.014999389648438,28.014999389648438,28.014999389648438,28.013999938964844,28.013999938964844,948.0
2024-04-24 10:31:00,WB,8.289999961853027,8.289999961853027,8.295000076293945,8.28499984741211,8.28499984741211,2915.0
2024-04-24 10:31:00,WBA,17.684999465942383,17.684999465942383,17.71500015258789,17.68000030517578,17.709999084472656,61336.0
2024-04-24 10:31:00,WBD,8.329899787902832,8.329899787902832,8.354999542236328,8.3149995803833,8.3548002243042,115013.0
2024-04-24 10:31:00,WBUY,0.32600000500679016,0.32600000500679016,0.3310999870300293,0.32519999146461487,0.32519999146461487,7900.0
2024-04-24 10:31:00,WDAY,255.9499969482422,255.9499969482422,255.9499969482422,255.60000610351562,255.6999969482422,3908.0
2024-04-24 10:31:00,WDC,69.37999725341797,69.37999725341797,69.48999786376953,69.37999725341797,69.48999786376953,12159.0
2024-04-24 10:31:00,WDFC,225.6999969482422,225.6999969482422,225.6999969482422,225.6999969482422,225.6999969482422,517.0
2024-04-24 10:31:00,WEN,19.924999237060547,19.924999237060547,19.924999237060547,19.920000076293945,19.924999237060547,630.0
2024-04-24 10:31:00,WERN,35.31999969482422,35.31999969482422,35.33000183105469,35.279998779296875,35.290000915527344,1809.0
2024-04-24 10:31:00,WEST,9.960000038146973,9.960000038146973,9.960000038146973,9.960000038146973,9.960000038146973,2786.0
2024-04-24 10:31:00,WFRD,125.48999786376953,125.48999786376953,125.51000213623047,125.16500091552734,125.16500091552734,6078.0
2024-04-24 10:31:00,WHLM,6.65500020980835,6.65500020980835,6.679999828338623,6.559999942779541,6.679999828338623,1426.0
2024-04-24 10:31:00,WIMI,0.8787000179290771,0.8787000179290771,0.8931000232696533,0.8709999918937683,0.881600022315979,84761.0
2024-04-24 10:31:00,WISA,6.690999984741211,6.690999984741211,6.730000019073486,6.570099830627441,6.657400131225586,132174.0
2024-04-24 10:31:00,WIX,124.7300033569336,124.7300033569336,124.7300033569336,124.7300033569336,124.7300033569336,488.0
2024-04-24 10:31:00,WKHS,0.1623000055551529,0.1623000055551529,0.16329999268054962,0.1623000055551529,0.16329999268054962,28742.0
2024-04-24 10:31:00,WKSP,0.3711000084877014,0.3711000084877014,0.3711000084877014,0.3711000084877014,0.3711000084877014,3550.0
2024-04-24 10:31:00,WMG,32.290000915527344,32.290000915527344,32.290000915527344,32.2599983215332,32.2599983215332,2167.0
2024-04-24 10:31:00,WSC,37.91999816894531,37.91999816894531,37.91999816894531,37.900001525878906,37.900001525878906,1382.0
2024-04-24 10:31:00,WTFC,99.54499816894531,99.54499816894531,99.62999725341797,99.54499816894531,99.62999725341797,530.0
2024-04-24 10:31:00,WTW,263.42999267578125,263.42999267578125,263.42999267578125,263.19000244140625,263.19000244140625,1433.0
2024-04-24 10:31:00,WVE,5.059999942779541,5.059999942779541,5.070000171661377,5.050000190734863,5.050000190734863,1443.0
2024-04-24 10:31:00,WW,1.7239999771118164,1.7239999771118164,1.7300000190734863,1.7201999425888062,1.725000023841858,4019.0
2024-04-24 10:31:00,WYNN,97.625,97.625,97.66000366210938,97.50499725341797,97.50499725341797,3267.0
2024-04-24 10:31:00,XEL,55.119998931884766,55.119998931884766,55.119998931884766,55.099998474121094,55.112300872802734,5487.0
2024-04-24 10:31:00,XENE,40.720001220703125,40.720001220703125,40.720001220703125,40.720001220703125,40.720001220703125,235.0
2024-04-24 10:31:00,XERS,1.753999948501587,1.753999948501587,1.7598999738693237,1.753999948501587,1.7598999738693237,760.0
2024-04-24 10:31:00,XLO,1.059999942779541,1.059999942779541,1.059999942779541,1.059999942779541,1.059999942779541,1054.0
2024-04-24 10:31:00,XMTR,17.065000534057617,17.065000534057617,17.065000534057617,17.065000534057617,17.065000534057617,329.0
2024-04-24 10:31:00,XNCR,18.209999084472656,18.209999084472656,18.209999084472656,18.209999084472656,18.209999084472656,234.0
2024-04-24 10:31:00,XOMA,25.799999237060547,25.799999237060547,25.799999237060547,25.799999237060547,25.799999237060547,650.0
2024-04-24 10:31:00,XP,20.434999465942383,20.434999465942383,20.440000534057617,20.3799991607666,20.3799991607666,29107.0
2024-04-24 10:31:00,XRX,14.484999656677246,14.484999656677246,14.515000343322754,14.470000267028809,14.470000267028809,14093.0
2024-04-24 10:31:00,XWEL,1.5499999523162842,1.5499999523162842,1.5499999523162842,1.5499999523162842,1.5499999523162842,367.0
2024-04-24 10:31:00,XXII,1.74399995803833,1.74399995803833,1.74399995803833,1.74399995803833,1.74399995803833,533.0
2024-04-24 10:31:00,YTEN,0.23319999873638153,0.23319999873638153,0.23319999873638153,0.23319999873638153,0.23319999873638153,1908.0
2024-04-24 10:31:00,Z,43.64500045776367,43.64500045776367,43.650001525878906,43.619998931884766,43.650001525878906,3226.0
2024-04-24 10:31:00,ZAPP,4.580100059509277,4.580100059509277,4.580100059509277,4.580100059509277,4.580100059509277,2576.0
2024-04-24 10:31:00,ZCMD,1.7000000476837158,1.7000000476837158,1.7000000476837158,1.6686999797821045,1.6686999797821045,2174.0
2024-04-24 10:31:00,ZD,51.92499923706055,51.92499923706055,51.92499923706055,51.92499923706055,51.92499923706055,800.0
2024-04-24 10:31:00,ZG,43.08000183105469,43.08000183105469,43.099998474121094,43.029998779296875,43.029998779296875,1314.0
2024-04-24 10:31:00,ZI,15.795000076293945,15.795000076293945,15.795000076293945,15.779999732971191,15.779999732971191,1755.0
2024-04-24 10:31:00,ZION,42.04999923706055,42.04999923706055,42.04999923706055,42.04999923706055,42.04999923706055,772.0
2024-04-24 10:31:00,ZIONO,25.459999084472656,25.459999084472656,25.459999084472656,25.459999084472656,25.459999084472656,375.0
2024-04-24 10:31:00,ZKIN,0.6499999761581421,0.6499999761581421,0.6499999761581421,0.6499999761581421,0.6499999761581421,628.0
2024-04-24 10:31:00,ZLAB,15.864999771118164,15.864999771118164,15.864999771118164,15.864999771118164,15.864999771118164,8.0
2024-04-24 10:31:00,ZM,61.380001068115234,61.380001068115234,61.380001068115234,61.34199905395508,61.349998474121094,4136.0
2024-04-24 10:31:00,ZNTL,12.539999961853027,12.539999961853027,12.539999961853027,12.539999961853027,12.539999961853027,206.0
2024-04-24 10:31:00,ZS,179.27999877929688,179.27999877929688,179.3800048828125,179.0449981689453,179.0449981689453,3782.0
2024-04-24 10:31:00,ZURA,3.2950000762939453,3.2950000762939453,3.2950000762939453,3.2950000762939453,3.2950000762939453,868.0
2024-04-24 10:31:00,ZVSA,0.5799999833106995,0.5799999833106995,0.5799999833106995,0.5799999833106995,0.5799999833106995,2518.0
2024-04-24 10:32:00,AIXI,1.2799999713897705,1.2799999713897705,1.2999999523162842,1.2400000095367432,1.2699999809265137,12905.0
2024-04-24 10:32:00,DSP,8.670000076293945,8.670000076293945,8.670000076293945,8.670000076293945,8.670000076293945,725.0
2024-04-24 10:32:00,EGHT,2.2850000858306885,2.2850000858306885,2.2850000858306885,2.2850000858306885,2.2850000858306885,398.0
2024-04-24 10:32:00,ETNB,8.729999542236328,8.729999542236328,8.729999542236328,8.729999542236328,8.729999542236328,112.0
2024-04-24 10:32:00,FDMT,25.207000732421875,25.207000732421875,25.207000732421875,25.207000732421875,25.207000732421875,361.0
2024-04-24 10:32:00,FLWS,9.260000228881836,9.260000228881836,9.270000457763672,9.260000228881836,9.270000457763672,1330.0
2024-04-24 10:32:00,MAPS,1.100000023841858,1.100000023841858,1.100000023841858,1.100000023841858,1.100000023841858,1283.0
2024-04-24 10:32:00,ME,0.4772000014781952,0.4772000014781952,0.47850000858306885,0.4772000014781952,0.4772999882698059,1599.0
2024-04-24 10:32:00,SEAT,5.795000076293945,5.795000076293945,5.809999942779541,5.795000076293945,5.809999942779541,4380.0
2024-04-24 10:32:00,TWOU,0.2401999980211258,0.2401999980211258,0.2409999966621399,0.24009999632835388,0.2409999966621399,27293.0
2024-04-24 10:32:00,TXG,27.28499984741211,27.28499984741211,27.28499984741211,27.269800186157227,27.270000457763672,3760.0
2024-04-24 10:32:00,VERV,6.840000152587891,6.840000152587891,6.840000152587891,6.840000152587891,6.840000152587891,582.0
2024-04-24 10:32:00,VERX,29.09000015258789,29.09000015258789,29.209999084472656,29.09000015258789,29.209999084472656,74799.0
2024-04-24 10:32:00,VFF,1.3300000429153442,1.3300000429153442,1.350000023841858,1.3250000476837158,1.3250000476837158,7117.0
2024-04-24 10:32:00,VFS,2.547499895095825,2.547499895095825,2.547499895095825,2.5352001190185547,2.535599946975708,5782.0
2024-04-24 10:32:00,VICR,34.369998931884766,34.369998931884766,34.369998931884766,34.369998931884766,34.369998931884766,238.0
2024-04-24 10:32:00,VIGL,2.7950000762939453,2.7950000762939453,2.7950000762939453,2.7950000762939453,2.7950000762939453,282.0
2024-04-24 10:32:00,VINC,0.9301999807357788,0.9301999807357788,0.9302999973297119,0.9301999807357788,0.9302999973297119,9988.0
2024-04-24 10:32:00,VIR,8.229999542236328,8.229999542236328,8.229999542236328,8.229999542236328,8.229999542236328,1552.0
2024-04-24 10:32:00,VIRC,10.680000305175781,10.680000305175781,10.699999809265137,10.680000305175781,10.699999809265137,493.0
2024-04-24 10:32:00,VIRT,22.34000015258789,22.34000015258789,22.375,22.34000015258789,22.375,2579.0
2024-04-24 10:32:00,VKTX,67.44999694824219,67.44999694824219,67.51000213623047,67.38999938964844,67.44999694824219,2678.0
2024-04-24 10:32:00,VLCN,0.257999986410141,0.257999986410141,0.2581999897956848,0.257999986410141,0.2581000030040741,17167.0
2024-04-24 10:32:00,VNOM,40.19499969482422,40.19499969482422,40.2400016784668,40.19499969482422,40.2400016784668,1655.0
2024-04-24 10:32:00,VOD,8.524999618530273,8.524999618530273,8.53499984741211,8.520000457763672,8.531299591064453,30767.0
2024-04-24 10:32:00,VRRM,24.405000686645508,24.405000686645508,24.405000686645508,24.405000686645508,24.405000686645508,293.0
2024-04-24 10:32:00,VSAT,16.290000915527344,16.290000915527344,16.290000915527344,16.280000686645508,16.280000686645508,353.0
2024-04-24 10:32:00,VTNR,1.5800000429153442,1.5800000429153442,1.5950000286102295,1.5800000429153442,1.590000033378601,18727.0
2024-04-24 10:32:00,VTRS,11.390000343322754,11.390000343322754,11.390000343322754,11.385000228881836,11.390000343322754,2404.0
2024-04-24 10:32:00,VUZI,1.3300000429153442,1.3300000429153442,1.3300000429153442,1.3300000429153442,1.3300000429153442,0.0
2024-04-24 10:32:00,VYGR,7.619999885559082,7.619999885559082,7.619999885559082,7.619999885559082,7.619999885559082,550.0
2024-04-24 10:32:00,WAFD,27.959999084472656,27.959999084472656,27.969999313354492,27.940000534057617,27.959999084472656,887.0
2024-04-24 10:32:00,WB,8.305000305175781,8.305000305175781,8.305000305175781,8.274999618530273,8.279999732971191,5364.0
2024-04-24 10:32:00,WBA,17.684999465942383,17.684999465942383,17.690000534057617,17.68000030517578,17.68000030517578,37317.0
2024-04-24 10:32:00,WBD,8.335000038146973,8.335000038146973,8.335000038146973,8.32919979095459,8.32919979095459,35539.0
2024-04-24 10:32:00,WDAY,255.9250030517578,255.9250030517578,255.9250030517578,255.8000030517578,255.8000030517578,1393.0
2024-04-24 10:32:00,WDC,69.40499877929688,69.40499877929688,69.44000244140625,69.33999633789062,69.36000061035156,12825.0
2024-04-24 10:32:00,WEN,19.915000915527344,19.915000915527344,19.924999237060547,19.915000915527344,19.924999237060547,6065.0
2024-04-24 10:32:00,WERN,35.30500030517578,35.30500030517578,35.314998626708984,35.3025016784668,35.314998626708984,966.0
2024-04-24 10:32:00,WFRD,125.74009704589844,125.74009704589844,125.77999877929688,125.56500244140625,125.56770324707031,793.0
2024-04-24 10:32:00,WHLM,6.699900150299072,6.699900150299072,6.699900150299072,6.570000171661377,6.65500020980835,2210.0
2024-04-24 10:32:00,WIMI,0.8659999966621399,0.8659999966621399,0.8863999843597412,0.8659999966621399,0.8709999918937683,25692.0
2024-04-24 10:32:00,WISA,6.509900093078613,6.509900093078613,6.699900150299072,6.509900093078613,6.639999866485596,125724.0
2024-04-24 10:32:00,WIX,124.66999816894531,124.66999816894531,124.66999816894531,124.66999816894531,124.66999816894531,280.0
2024-04-24 10:32:00,WKHS,0.16269999742507935,0.16269999742507935,0.16269999742507935,0.16210000216960907,0.1623000055551529,8900.0
2024-04-24 10:32:00,WKSP,0.37290000915527344,0.37290000915527344,0.37290000915527344,0.37290000915527344,0.37290000915527344,0.0
2024-04-24 10:32:00,WMG,32.279998779296875,32.279998779296875,32.279998779296875,32.27000045776367,32.279998779296875,1987.0
2024-04-24 10:32:00,WSBF,11.770000457763672,11.770000457763672,11.770000457763672,11.770000457763672,11.770000457763672,200.0
2024-04-24 10:32:00,WSC,37.880001068115234,37.880001068115234,37.88999938964844,37.880001068115234,37.88999938964844,2141.0
2024-04-24 10:32:00,WTW,263.44000244140625,263.44000244140625,263.44000244140625,263.44000244140625,263.44000244140625,2090.0
2024-04-24 10:32:00,WVE,5.059999942779541,5.059999942779541,5.070000171661377,5.059999942779541,5.070000171661377,765.0
2024-04-24 10:32:00,WW,1.725000023841858,1.725000023841858,1.7300000190734863,1.725000023841858,1.725000023841858,813.0
2024-04-24 10:32:00,WYNN,97.55500030517578,97.55500030517578,97.6449966430664,97.55500030517578,97.56999969482422,4213.0
2024-04-24 10:32:00,XBP,1.2400000095367432,1.2400000095367432,1.2400000095367432,1.2400000095367432,1.2400000095367432,334.0
2024-04-24 10:32:00,XEL,55.154998779296875,55.154998779296875,55.154998779296875,55.119998931884766,55.125,3959.0
2024-04-24 10:32:00,XENE,40.72999954223633,40.72999954223633,40.72999954223633,40.720001220703125,40.720001220703125,231.0
2024-04-24 10:32:00,XFOR,1.2649999856948853,1.2649999856948853,1.2649999856948853,1.2589999437332153,1.2589999437332153,27378.0
2024-04-24 10:32:00,XMTR,17.041000366210938,17.041000366210938,17.041000366210938,17.041000366210938,17.041000366210938,254.0
2024-04-24 10:32:00,XP,20.385000228881836,20.385000228881836,20.43000030517578,20.385000228881836,20.43000030517578,7038.0
2024-04-24 10:32:00,XRX,14.489999771118164,14.489999771118164,14.494999885559082,14.479999542236328,14.484999656677246,7361.0
2024-04-24 10:32:00,XWEL,1.5499999523162842,1.5499999523162842,1.5499999523162842,1.5499999523162842,1.5499999523162842,142.0
2024-04-24 10:32:00,YTEN,0.23330000042915344,0.23330000042915344,0.23330000042915344,0.23330000042915344,0.23330000042915344,15962.0
2024-04-24 10:32:00,YTRA,1.3179999589920044,1.3179999589920044,1.3200000524520874,1.3179999589920044,1.3200000524520874,17518.0
2024-04-24 10:32:00,Z,43.619998931884766,43.619998931884766,43.619998931884766,43.61000061035156,43.619998931884766,1114.0
2024-04-24 10:32:00,ZD,51.91999816894531,51.91999816894531,51.91999816894531,51.91999816894531,51.91999816894531,0.0
2024-04-24 10:32:00,ZI,15.78499984741211,15.78499984741211,15.795000076293945,15.78499984741211,15.795000076293945,7547.0
2024-04-24 10:32:00,ZIMV,15.989999771118164,15.989999771118164,15.989999771118164,15.989999771118164,15.989999771118164,305.0
2024-04-24 10:32:00,ZION,42.0099983215332,42.0099983215332,42.040000915527344,42.0099983215332,42.040000915527344,1854.0
2024-04-24 10:32:00,ZLAB,15.880000114440918,15.880000114440918,15.880000114440918,15.880000114440918,15.880000114440918,289.0
2024-04-24 10:32:00,ZM,61.3650016784668,61.3650016784668,61.380001068115234,61.36000061035156,61.369998931884766,3398.0
2024-04-24 10:32:00,ZNTL,12.529999732971191,12.529999732971191,12.529999732971191,12.529999732971191,12.529999732971191,220.0
2024-04-24 10:32:00,ZS,179.2100067138672,179.2100067138672,179.38999938964844,179.17010498046875,179.38999938964844,6107.0
2024-04-24 10:32:00,ZVSA,0.5830000042915344,0.5830000042915344,0.5830000042915344,0.5799999833106995,0.5824000239372253,4364.0
2024-04-24 10:32:00,ZYME,8.579999923706055,8.579999923706055,8.579999923706055,8.579999923706055,8.579999923706055,318.0
2024-04-24 10:33:00,COCO,23.739999771118164,23.739999771118164,23.739999771118164,23.739999771118164,23.739999771118164,733.0
2024-04-24 10:33:00,EGHT,2.2850000858306885,2.2850000858306885,2.2850000858306885,2.2850000858306885,2.2850000858306885,20.0
2024-04-24 10:33:00,ETNB,8.729999542236328,8.729999542236328,8.729999542236328,8.729999542236328,8.729999542236328,1050.0
2024-04-24 10:33:00,FDMT,25.209999084472656,25.209999084472656,25.209999084472656,25.209999084472656,25.209999084472656,204.0
2024-04-24 10:33:00,FEAM,1.159999966621399,1.159999966621399,1.159999966621399,1.159999966621399,1.159999966621399,200.0
2024-04-24 10:33:00,FLWS,9.229999542236328,9.229999542236328,9.229999542236328,9.229999542236328,9.229999542236328,407.0
2024-04-24 10:33:00,MAPS,1.0800000429153442,1.0800000429153442,1.090000033378601,1.0800000429153442,1.090000033378601,9471.0
2024-04-24 10:33:00,MAPSW,0.060100000351667404,0.060100000351667404,0.060100000351667404,0.060100000351667404,0.060100000351667404,2300.0
2024-04-24 10:33:00,MASS,5.710000038146973,5.710000038146973,5.710000038146973,5.710000038146973,5.710000038146973,319.0
2024-04-24 10:33:00,ME,0.47760000824928284,0.47760000824928284,0.47999998927116394,0.47519999742507935,0.47859999537467957,24581.0
2024-04-24 10:33:00,PET,2.25,2.25,2.25,2.25,2.25,550.0
2024-04-24 10:33:00,SEAT,5.820000171661377,5.820000171661377,5.820000171661377,5.795000076293945,5.800000190734863,6293.0
2024-04-24 10:33:00,TSVT,4.389900207519531,4.389900207519531,4.389900207519531,4.380000114440918,4.380000114440918,1222.0
2024-04-24 10:33:00,TWOU,0.2401999980211258,0.2401999980211258,0.2401999980211258,0.24009999632835388,0.24009999632835388,60300.0
2024-04-24 10:33:00,TXG,27.2450008392334,27.2450008392334,27.2450008392334,27.2450008392334,27.2450008392334,1808.0
2024-04-24 10:33:00,VANI,1.7799999713897705,1.7799999713897705,1.7899999618530273,1.7799999713897705,1.7899999618530273,3514.0
2024-04-24 10:33:00,VCTR,49.58000183105469,49.58000183105469,49.845001220703125,49.58000183105469,49.845001220703125,3777.0
2024-04-24 10:33:00,VERU,1.3200000524520874,1.3200000524520874,1.320099949836731,1.3200000524520874,1.320099949836731,3061.0
2024-04-24 10:33:00,VERV,6.849999904632568,6.849999904632568,6.849999904632568,6.849999904632568,6.849999904632568,1421.0
2024-04-24 10:33:00,VERX,29.049999237060547,29.049999237060547,29.102500915527344,29.049999237060547,29.06999969482422,20193.0
2024-04-24 10:33:00,VFS,2.5399999618530273,2.5399999618530273,2.5399999618530273,2.5299999713897705,2.5399999618530273,5131.0
2024-04-24 10:33:00,VIAV,7.9375,7.9375,7.9375,7.9375,7.9375,449.0
2024-04-24 10:33:00,VICR,34.33000183105469,34.33000183105469,34.33000183105469,34.33000183105469,34.33000183105469,611.0
2024-04-24 10:33:00,VINC,0.9301000237464905,0.9301000237464905,0.9301000237464905,0.9301000237464905,0.9301000237464905,5100.0
2024-04-24 10:33:00,VIRC,10.630000114440918,10.630000114440918,10.630000114440918,10.630000114440918,10.630000114440918,323.0
2024-04-24 10:33:00,VIRT,22.309999465942383,22.309999465942383,22.385000228881836,22.299999237060547,22.354999542236328,9728.0
2024-04-24 10:33:00,VITL,27.069900512695312,27.069900512695312,27.06999969482422,27.040000915527344,27.04199981689453,3743.0
2024-04-24 10:33:00,VIVK,1.5196000337600708,1.5196000337600708,1.5196000337600708,1.5196000337600708,1.5196000337600708,215.0
2024-04-24 10:33:00,VKTX,67.46990203857422,67.46990203857422,67.4800033569336,67.33499908447266,67.33999633789062,7421.0
2024-04-24 10:33:00,VLCN,0.25540000200271606,0.25540000200271606,0.257999986410141,0.25540000200271606,0.257999986410141,3449.0
2024-04-24 10:33:00,VMEO,3.5399999618530273,3.5399999618530273,3.5399999618530273,3.5399999618530273,3.5399999618530273,132.0
2024-04-24 10:33:00,VNOM,40.21500015258789,40.21500015258789,40.21500015258789,40.209999084472656,40.209999084472656,511.0
2024-04-24 10:33:00,VOD,8.524999618530273,8.524999618530273,8.524999618530273,8.524999618530273,8.524999618530273,3705.0
2024-04-24 10:33:00,VRDN,13.864999771118164,13.864999771118164,13.895000457763672,13.864999771118164,13.895000457763672,1543.0
2024-04-24 10:33:00,VRPX,3.234999895095825,3.234999895095825,3.234999895095825,3.1500000953674316,3.1500000953674316,2324.0
2024-04-24 10:33:00,VRRM,24.399999618530273,24.399999618530273,24.399999618530273,24.389999389648438,24.389999389648438,1105.0
2024-04-24 10:33:00,VRTS,230.1300048828125,230.1300048828125,230.1300048828125,230.1300048828125,230.1300048828125,2109.0
2024-04-24 10:33:00,VRTX,402.25,402.25,402.25,401.9200134277344,402.1400146484375,2575.0
2024-04-24 10:33:00,VSAT,16.239999771118164,16.239999771118164,16.270000457763672,16.239999771118164,16.270000457763672,691.0
2024-04-24 10:33:00,VTNR,1.5850000381469727,1.5850000381469727,1.5894999504089355,1.5800000429153442,1.5800000429153442,2202.0
2024-04-24 10:33:00,VTRS,11.354999542236328,11.354999542236328,11.387399673461914,11.354999542236328,11.387399673461914,14556.0
2024-04-24 10:33:00,VUZI,1.3350000381469727,1.3350000381469727,1.3350000381469727,1.3305000066757202,1.3305000066757202,600.0
2024-04-24 10:33:00,WABC,47.2599983215332,47.2599983215332,47.2599983215332,47.2599983215332,47.2599983215332,239.0
2024-04-24 10:33:00,WAFD,27.809999465942383,27.809999465942383,27.885000228881836,27.780000686645508,27.885000228881836,1735.0
2024-04-24 10:33:00,WB,8.324999809265137,8.324999809265137,8.32979965209961,8.305000305175781,8.305000305175781,12665.0
2024-04-24 10:33:00,WBA,17.665000915527344,17.665000915527344,17.690000534057617,17.665000915527344,17.684999465942383,39574.0
2024-04-24 10:33:00,WBD,8.324999809265137,8.324999809265137,8.335000038146973,8.3100004196167,8.335000038146973,46191.0
2024-04-24 10:33:00,WBUY,0.3319999873638153,0.3319999873638153,0.3319999873638153,0.32510000467300415,0.3314000070095062,6100.0
2024-04-24 10:33:00,WDAY,256.0299987792969,256.0299987792969,256.135009765625,256.0299987792969,256.04998779296875,1989.0
2024-04-24 10:33:00,WDC,69.31999969482422,69.31999969482422,69.43000030517578,69.31999969482422,69.38999938964844,13311.0
2024-04-24 10:33:00,WEN,19.915000915527344,19.915000915527344,19.915000915527344,19.90999984741211,19.90999984741211,335.0
2024-04-24 10:33:00,WERN,35.2400016784668,35.2400016784668,35.25,35.2400016784668,35.25,1396.0
2024-04-24 10:33:00,WFRD,125.68000030517578,125.68000030517578,125.68000030517578,125.5,125.56500244140625,2369.0
2024-04-24 10:33:00,WHLM,6.420000076293945,6.420000076293945,6.5,6.420000076293945,6.5,2324.0
2024-04-24 10:33:00,WHLR,0.14339999854564667,0.14339999854564667,0.14339999854564667,0.14339999854564667,0.14339999854564667,1108.0
2024-04-24 10:33:00,WIMI,0.8665000200271606,0.8665000200271606,0.8700000047683716,0.8629999756813049,0.8659999966621399,17920.0
2024-04-24 10:33:00,WISA,6.599999904632568,6.599999904632568,6.679999828338623,6.5177001953125,6.550000190734863,98835.0
2024-04-24 10:33:00,WKHS,0.16210000216960907,0.16210000216960907,0.16339999437332153,0.16200000047683716,0.16339999437332153,2893.0
2024-04-24 10:33:00,WKSP,0.37290000915527344,0.37290000915527344,0.37290000915527344,0.37290000915527344,0.37290000915527344,639.0
2024-04-24 10:33:00,WMG,32.279998779296875,32.279998779296875,32.279998779296875,32.27000045776367,32.27000045776367,928.0
2024-04-24 10:33:00,WSBF,11.770000457763672,11.770000457763672,11.770000457763672,11.770000457763672,11.770000457763672,313.0
2024-04-24 10:33:00,WSC,37.8650016784668,37.8650016784668,37.90999984741211,37.84000015258789,37.880001068115234,14640.0
2024-04-24 10:33:00,WW,1.725000023841858,1.725000023841858,1.725000023841858,1.7200000286102295,1.725000023841858,7854.0
2024-04-24 10:33:00,WYNN,97.5,97.5,97.55000305175781,97.5,97.55000305175781,3154.0
2024-04-24 10:33:00,XEL,55.182498931884766,55.182498931884766,55.185001373291016,55.14500045776367,55.150001525878906,6504.0
2024-04-24 10:33:00,XENE,40.72999954223633,40.72999954223633,40.72999954223633,40.709999084472656,40.709999084472656,624.0
2024-04-24 10:33:00,XLO,1.0500999689102173,1.0500999689102173,1.0500999689102173,1.0500999689102173,1.0500999689102173,5573.0
2024-04-24 10:33:00,XNCR,18.184999465942383,18.184999465942383,18.184999465942383,18.184999465942383,18.184999465942383,139.0
2024-04-24 10:33:00,XP,20.375,20.375,20.405000686645508,20.375,20.385000228881836,6662.0
2024-04-24 10:33:00,XPEL,54.70000076293945,54.70000076293945,54.70000076293945,54.70000076293945,54.70000076293945,200.0
2024-04-24 10:33:00,XRX,14.460000038146973,14.460000038146973,14.5,14.449999809265137,14.489999771118164,15230.0
2024-04-24 10:33:00,Z,43.650001525878906,43.650001525878906,43.68000030517578,43.599998474121094,43.60900115966797,15894.0
2024-04-24 10:33:00,ZI,15.779999732971191,15.779999732971191,15.779999732971191,15.779999732971191,15.779999732971191,2887.0
2024-04-24 10:33:00,ZIMV,15.899999618530273,15.899999618530273,15.899999618530273,15.899999618530273,15.899999618530273,196.0
2024-04-24 10:33:00,ZION,42.0181999206543,42.0181999206543,42.0181999206543,42.0181999206543,42.0181999206543,1673.0
2024-04-24 10:33:00,ZLAB,15.854999542236328,15.854999542236328,15.854999542236328,15.854999542236328,15.854999542236328,303.0
2024-04-24 10:33:00,ZM,61.33000183105469,61.33000183105469,61.36000061035156,61.31999969482422,61.349998474121094,28407.0
2024-04-24 10:33:00,ZNTL,12.489999771118164,12.489999771118164,12.489999771118164,12.489999771118164,12.489999771118164,635.0
2024-04-24 10:33:00,ZS,179.41000366210938,179.41000366210938,179.52999877929688,179.39309692382812,179.39309692382812,4162.0
2024-04-24 10:33:00,ZTEK,1.100000023841858,1.100000023841858,1.100000023841858,1.100000023841858,1.100000023841858,210.0
2024-04-24 10:33:00,ZUMZ,16.950000762939453,16.950000762939453,16.950000762939453,16.950000762939453,16.950000762939453,470.0
2024-04-24 10:33:00,ZVSA,0.5799999833106995,0.5799999833106995,0.5805000066757202,0.5799999833106995,0.5805000066757202,2316.0
2024-04-24 10:34:00,COCO,23.71500015258789,23.71500015258789,23.71500015258789,23.71500015258789,23.71500015258789,340.0
2024-04-24 10:34:00,DSP,8.809000015258789,8.809000015258789,8.809000015258789,8.6899995803833,8.710000038146973,3869.0
2024-04-24 10:34:00,EGHT,2.2850000858306885,2.2850000858306885,2.2850000858306885,2.2850000858306885,2.2850000858306885,464.0
2024-04-24 10:34:00,ETNB,8.75,8.75,8.75,8.730999946594238,8.730999946594238,947.0
2024-04-24 10:34:00,FDMT,25.21500015258789,25.21500015258789,25.21500015258789,25.200000762939453,25.200000762939453,982.0
2024-04-24 10:34:00,FLWS,9.210000038146973,9.210000038146973,9.210000038146973,9.210000038146973,9.210000038146973,103.0
2024-04-24 10:34:00,FREE,4.820000171661377,4.820000171661377,4.820000171661377,4.820000171661377,4.820000171661377,200.0
2024-04-24 10:34:00,HOWL,6.310999870300293,6.310999870300293,6.310999870300293,6.310999870300293,6.310999870300293,412.0
2024-04-24 10:34:00,MASS,5.710000038146973,5.710000038146973,5.710000038146973,5.710000038146973,5.710000038146973,162.0
2024-04-24 10:34:00,PET,2.240000009536743,2.240000009536743,2.250699996948242,2.240000009536743,2.250699996948242,750.0
2024-04-24 10:34:00,SEAT,5.815000057220459,5.815000057220459,5.815000057220459,5.815000057220459,5.815000057220459,350.0
2024-04-24 10:34:00,TSVT,4.380000114440918,4.380000114440918,4.380000114440918,4.380000114440918,4.380000114440918,112.0
2024-04-24 10:34:00,TWOU,0.23999999463558197,0.23999999463558197,0.24009999632835388,0.23999999463558197,0.24009999632835388,29961.0
2024-04-24 10:34:00,TXG,27.200000762939453,27.200000762939453,27.219999313354492,27.18000030517578,27.219999313354492,3359.0
2024-04-24 10:34:00,VERU,1.309999942779541,1.309999942779541,1.3200000524520874,1.309999942779541,1.3200000524520874,2910.0
2024-04-24 10:34:00,VERV,6.849999904632568,6.849999904632568,6.849999904632568,6.840000152587891,6.840000152587891,779.0
2024-04-24 10:34:00,VERX,29.110000610351562,29.110000610351562,29.114999771118164,29.049999237060547,29.079999923706055,92123.0
2024-04-24 10:34:00,VFS,2.5299999713897705,2.5299999713897705,2.5350000858306885,2.5299999713897705,2.5350000858306885,2004.0
2024-04-24 10:34:00,VIAV,7.940000057220459,7.940000057220459,7.940000057220459,7.929999828338623,7.929999828338623,1547.0
2024-04-24 10:34:00,VICR,34.02000045776367,34.02000045776367,34.02000045776367,34.0099983215332,34.0099983215332,584.0
2024-04-24 10:34:00,VINC,0.949999988079071,0.949999988079071,0.949999988079071,0.9470000267028809,0.9470000267028809,5407.0
2024-04-24 10:34:00,VIR,8.232600212097168,8.232600212097168,8.232600212097168,8.229999542236328,8.229999542236328,821.0
2024-04-24 10:34:00,VIRC,10.670000076293945,10.670000076293945,10.670000076293945,10.670000076293945,10.670000076293945,304.0
2024-04-24 10:34:00,VIRT,22.30500030517578,22.30500030517578,22.315000534057617,22.30500030517578,22.30500030517578,5470.0
2024-04-24 10:34:00,VITL,27.149999618530273,27.149999618530273,27.170000076293945,27.040000915527344,27.040000915527344,4329.0
2024-04-24 10:34:00,VKTX,67.37999725341797,67.37999725341797,67.44000244140625,67.30000305175781,67.38999938964844,9883.0
2024-04-24 10:34:00,VLCN,0.2565999925136566,0.2565999925136566,0.2565999925136566,0.2565999925136566,0.2565999925136566,851.0
2024-04-24 10:34:00,VMD,8.085000038146973,8.085000038146973,8.085000038146973,8.085000038146973,8.085000038146973,265.0
2024-04-24 10:34:00,VMEO,3.5350000858306885,3.5350000858306885,3.5350000858306885,3.5350000858306885,3.5350000858306885,921.0
2024-04-24 10:34:00,VNOM,40.20000076293945,40.20000076293945,40.20000076293945,40.20000076293945,40.20000076293945,206.0
2024-04-24 10:34:00,VOD,8.520099639892578,8.520099639892578,8.524999618530273,8.520000457763672,8.524999618530273,2483.0
2024-04-24 10:34:00,VRDN,13.880000114440918,13.880000114440918,13.899999618530273,13.880000114440918,13.899999618530273,539.0
2024-04-24 10:34:00,VRNA,15.4399995803833,15.4399995803833,15.4399995803833,15.420000076293945,15.430000305175781,1947.0
2024-04-24 10:34:00,VRRM,24.415000915527344,24.415000915527344,24.415000915527344,24.40999984741211,24.40999984741211,1477.0
2024-04-24 10:34:00,VRTX,402.1700134277344,402.1700134277344,402.2850036621094,402.1600036621094,402.2850036621094,1872.0
2024-04-24 10:34:00,VSAT,16.229999542236328,16.229999542236328,16.25,16.229999542236328,16.235000610351562,3203.0
2024-04-24 10:34:00,VTNR,1.5850000381469727,1.5850000381469727,1.5850000381469727,1.5850000381469727,1.5850000381469727,329.0
2024-04-24 10:34:00,VTRS,11.335000038146973,11.335000038146973,11.354999542236328,11.335000038146973,11.354999542236328,5720.0
2024-04-24 10:34:00,WASH,25.957000732421875,25.957000732421875,25.957000732421875,25.957000732421875,25.957000732421875,983.0
2024-04-24 10:34:00,WB,8.335000038146973,8.335000038146973,8.335000038146973,8.324999809265137,8.324999809265137,2115.0
2024-04-24 10:34:00,WBA,17.65999984741211,17.65999984741211,17.670000076293945,17.65999984741211,17.665000915527344,40351.0
2024-04-24 10:34:00,WBD,8.329999923706055,8.329999923706055,8.329999923706055,8.324999809265137,8.324999809265137,155404.0
2024-04-24 10:34:00,WDAY,255.97000122070312,255.97000122070312,255.97000122070312,255.86500549316406,255.89999389648438,877.0
2024-04-24 10:34:00,WDC,69.31500244140625,69.31500244140625,69.3499984741211,69.27999877929688,69.31999969482422,27695.0
2024-04-24 10:34:00,WDFC,225.39999389648438,225.39999389648438,225.5,225.39999389648438,225.5,674.0
2024-04-24 10:34:00,WEN,19.915000915527344,19.915000915527344,19.915000915527344,19.90999984741211,19.915000915527344,1188.0
2024-04-24 10:34:00,WERN,35.279998779296875,35.279998779296875,35.279998779296875,35.279998779296875,35.279998779296875,59.0
2024-04-24 10:34:00,WFRD,125.5999984741211,125.5999984741211,125.61000061035156,125.20999908447266,125.51499938964844,3939.0
2024-04-24 10:34:00,WHLM,6.5,6.5,6.519999980926514,6.420000076293945,6.447500228881836,4534.0
2024-04-24 10:34:00,WHLR,0.1395999938249588,0.1395999938249588,0.14010000228881836,0.13950000703334808,0.1395999938249588,11757.0
2024-04-24 10:34:00,WIMI,0.8705000281333923,0.8705000281333923,0.8705000281333923,0.8700000047683716,0.8700000047683716,8753.0
2024-04-24 10:34:00,WING,363.9700012207031,363.9700012207031,364.2250061035156,363.9700012207031,364.2250061035156,2002.0
2024-04-24 10:34:00,WISA,6.673900127410889,6.673900127410889,6.718400001525879,6.511000156402588,6.605000019073486,88372.0
2024-04-24 10:34:00,WIX,124.56999969482422,124.56999969482422,124.56999969482422,124.51000213623047,124.51000213623047,622.0
2024-04-24 10:34:00,WKHS,0.16329999268054962,0.16329999268054962,0.16329999268054962,0.16269999742507935,0.16269999742507935,8455.0
2024-04-24 10:34:00,WLDN,27.902000427246094,27.902000427246094,27.902000427246094,27.902000427246094,27.902000427246094,1627.0
2024-04-24 10:34:00,WMG,32.290000915527344,32.290000915527344,32.290000915527344,32.279998779296875,32.279998779296875,3142.0
2024-04-24 10:34:00,WSC,37.849998474121094,37.849998474121094,37.869998931884766,37.83250045776367,37.8650016784668,7426.0
2024-04-24 10:34:00,WSFS,44.29999923706055,44.29999923706055,44.29999923706055,44.29999923706055,44.29999923706055,334.0
2024-04-24 10:34:00,WW,1.725000023841858,1.725000023841858,1.7300000190734863,1.722499966621399,1.725000023841858,15699.0
2024-04-24 10:34:00,WYNN,97.47000122070312,97.47000122070312,97.48999786376953,97.43499755859375,97.43499755859375,2473.0
2024-04-24 10:34:00,XEL,55.16999816894531,55.16999816894531,55.224998474121094,55.16999816894531,55.189998626708984,13448.0
2024-04-24 10:34:00,XENE,40.73500061035156,40.73500061035156,40.73500061035156,40.720001220703125,40.720001220703125,1194.0
2024-04-24 10:34:00,XLO,1.065000057220459,1.065000057220459,1.065000057220459,1.065000057220459,1.065000057220459,0.0
2024-04-24 10:34:00,XMTR,17.049999237060547,17.049999237060547,17.049999237060547,17.0,17.030000686645508,2342.0
2024-04-24 10:34:00,XNCR,18.204999923706055,18.204999923706055,18.209999084472656,18.184999465942383,18.184999465942383,788.0
2024-04-24 10:34:00,XP,20.375,20.375,20.3799991607666,20.350000381469727,20.3700008392334,7421.0
2024-04-24 10:34:00,XPEL,54.70000076293945,54.70000076293945,54.70000076293945,54.70000076293945,54.70000076293945,123.0
2024-04-24 10:34:00,XRX,14.452500343322754,14.452500343322754,14.454999923706055,14.4399995803833,14.449999809265137,6319.0
2024-04-24 10:34:00,XXII,1.7400000095367432,1.7400000095367432,1.7400000095367432,1.7400000095367432,1.7400000095367432,301.0
2024-04-24 10:34:00,YMAB,15.1850004196167,15.1850004196167,15.1850004196167,15.1850004196167,15.1850004196167,425.0
2024-04-24 10:34:00,YORW,35.34000015258789,35.34000015258789,35.34000015258789,35.34000015258789,35.34000015258789,124.0
2024-04-24 10:34:00,Z,43.63999938964844,43.63999938964844,43.650001525878906,43.625,43.650001525878906,3552.0
2024-04-24 10:34:00,ZAPP,4.6717000007629395,4.6717000007629395,4.6717000007629395,4.599400043487549,4.599400043487549,603.0
2024-04-24 10:34:00,ZCMD,1.7000000476837158,1.7000000476837158,1.7000000476837158,1.7000000476837158,1.7000000476837158,454.0
2024-04-24 10:34:00,ZD,51.880001068115234,51.880001068115234,51.880001068115234,51.880001068115234,51.880001068115234,672.0
2024-04-24 10:34:00,ZFOX,1.1299999952316284,1.1299999952316284,1.1299999952316284,1.1299999952316284,1.1299999952316284,111.0
2024-04-24 10:34:00,ZG,43.08000183105469,43.08000183105469,43.08000183105469,43.08000183105469,43.08000183105469,1058.0
2024-04-24 10:34:00,ZI,15.795000076293945,15.795000076293945,15.795000076293945,15.774999618530273,15.774999618530273,5398.0
2024-04-24 10:34:00,ZION,41.939998626708984,41.939998626708984,41.95000076293945,41.91999816894531,41.939998626708984,2145.0
2024-04-24 10:34:00,ZLAB,15.90999984741211,15.90999984741211,15.90999984741211,15.854999542236328,15.854999542236328,1904.0
2024-04-24 10:34:00,ZM,61.29999923706055,61.29999923706055,61.31999969482422,61.290000915527344,61.31999969482422,2783.0
2024-04-24 10:34:00,ZNTL,12.59000015258789,12.59000015258789,12.59000015258789,12.489999771118164,12.520000457763672,1911.0
2024-04-24 10:34:00,ZS,179.56500244140625,179.56500244140625,179.60000610351562,179.2899932861328,179.36000061035156,3186.0
2024-04-24 10:34:00,ZUMZ,16.969999313354492,16.969999313354492,16.969999313354492,16.930999755859375,16.930999755859375,1596.0
2024-04-24 10:34:00,ZURA,3.309999942779541,3.309999942779541,3.309999942779541,3.309999942779541,3.309999942779541,538.0
2024-04-24 10:34:00,ZVRA,4.519000053405762,4.519000053405762,4.519000053405762,4.519000053405762,4.519000053405762,860.0
2024-04-24 10:34:00,ZVSA,0.5799999833106995,0.5799999833106995,0.5799999833106995,0.5799999833106995,0.5799999833106995,203.0
2024-04-24 10:34:00,ZYME,8.600000381469727,8.600000381469727,8.600000381469727,8.579999923706055,8.579999923706055,1599.0
2024-04-24 10:35:00,COCO,23.719999313354492,23.719999313354492,23.729999542236328,23.709999084472656,23.729999542236328,772.0
2024-04-24 10:35:00,DSP,8.779999732971191,8.779999732971191,8.779999732971191,8.779999732971191,8.779999732971191,288.0
2024-04-24 10:35:00,EGHT,2.2850000858306885,2.2850000858306885,2.2850000858306885,2.2850000858306885,2.2850000858306885,303.0
2024-04-24 10:35:00,ETNB,8.744999885559082,8.744999885559082,8.770000457763672,8.739999771118164,8.770000457763672,1682.0
2024-04-24 10:35:00,FDMT,25.204999923706055,25.204999923706055,25.204999923706055,25.18000030517578,25.18000030517578,1522.0
2024-04-24 10:35:00,FEAM,1.159999966621399,1.159999966621399,1.159999966621399,1.159999966621399,1.159999966621399,68.0
2024-04-24 10:35:00,ME,0.47450000047683716,0.47450000047683716,0.4747999906539917,0.47450000047683716,0.4747999906539917,610.0
2024-04-24 10:35:00,PET,2.243299961090088,2.243299961090088,2.2699999809265137,2.240000009536743,2.240000009536743,934.0
2024-04-24 10:35:00,SRCE,50.36000061035156,50.36000061035156,50.36000061035156,50.36000061035156,50.36000061035156,804.0
2024-04-24 10:35:00,SXTP,0.25270000100135803,0.25270000100135803,0.25270000100135803,0.25270000100135803,0.25270000100135803,243.0
2024-04-24 10:35:00,TSVT,4.420000076293945,4.420000076293945,4.420000076293945,4.389999866485596,4.389999866485596,5991.0
2024-04-24 10:35:00,TWOU,0.23800000548362732,0.23800000548362732,0.23980000615119934,0.23800000548362732,0.23980000615119934,13579.0
2024-04-24 10:35:00,TXG,27.209999084472656,27.209999084472656,27.209999084472656,27.209999084472656,27.209999084472656,2990.0
2024-04-24 10:35:00,VCTR,49.599998474121094,49.599998474121094,49.599998474121094,49.599998474121094,49.599998474121094,299.0
2024-04-24 10:35:00,VERU,1.3200000524520874,1.3200000524520874,1.3300000429153442,1.3199000358581543,1.3199000358581543,9696.0
2024-04-24 10:35:00,VERV,6.855000019073486,6.855000019073486,6.869999885559082,6.855000019073486,6.860000133514404,1628.0
2024-04-24 10:35:00,VERX,29.066999435424805,29.066999435424805,29.1200008392334,29.066999435424805,29.100000381469727,61014.0
2024-04-24 10:35:00,VFF,1.3451999425888062,1.3451999425888062,1.350000023841858,1.3451999425888062,1.350000023841858,5746.0
2024-04-24 10:35:00,VFS,2.5350000858306885,2.5350000858306885,2.5350000858306885,2.5350000858306885,2.5350000858306885,728.0
2024-04-24 10:35:00,VIAV,7.940000057220459,7.940000057220459,7.940000057220459,7.934999942779541,7.934999942779541,903.0
2024-04-24 10:35:00,VINC,0.9401999711990356,0.9401999711990356,0.9401999711990356,0.9401999711990356,0.9401999711990356,527.0
2024-04-24 10:35:00,VIR,8.229999542236328,8.229999542236328,8.229999542236328,8.229999542236328,8.229999542236328,972.0
2024-04-24 10:35:00,VIRT,22.325000762939453,22.325000762939453,22.34000015258789,22.295000076293945,22.30500030517578,5781.0
2024-04-24 10:35:00,VITL,27.149900436401367,27.149900436401367,27.149900436401367,27.149900436401367,27.149900436401367,2286.0
2024-04-24 10:35:00,VIVK,1.5,1.5,1.5,1.5,1.5,155.0
2024-04-24 10:35:00,VKTX,66.93499755859375,66.93499755859375,67.5199966430664,66.91999816894531,67.50499725341797,18817.0
2024-04-24 10:35:00,VLCN,0.2572999894618988,0.2572999894618988,0.2581000030040741,0.2572999894618988,0.2581000030040741,1201.0
2024-04-24 10:35:00,VMEO,3.5350000858306885,3.5350000858306885,3.5399999618530273,3.5350000858306885,3.5350000858306885,1750.0
2024-04-24 10:35:00,VNOM,40.20000076293945,40.20000076293945,40.20000076293945,40.20000076293945,40.20000076293945,414.0
2024-04-24 10:35:00,VOR,1.809999942779541,1.809999942779541,1.809999942779541,1.809999942779541,1.809999942779541,486.0
2024-04-24 10:35:00,VRCA,6.860000133514404,6.860000133514404,6.860000133514404,6.860000133514404,6.860000133514404,3802.0
2024-04-24 10:35:00,VRDN,13.890000343322754,13.890000343322754,13.890000343322754,13.890000343322754,13.890000343322754,561.0
2024-04-24 10:35:00,VRTX,401.4649963378906,401.4649963378906,401.8699951171875,401.4649963378906,401.8699951171875,2248.0
2024-04-24 10:35:00,VSAT,16.229999542236328,16.229999542236328,16.229999542236328,16.229999542236328,16.229999542236328,926.0
2024-04-24 10:35:00,VTNR,1.590000033378601,1.590000033378601,1.600000023841858,1.5850000381469727,1.5850000381469727,17210.0
2024-04-24 10:35:00,VTRS,11.350000381469727,11.350000381469727,11.350000381469727,11.335000038146973,11.335000038146973,5653.0
2024-04-24 10:35:00,VTSI,12.079999923706055,12.079999923706055,12.079999923706055,12.079999923706055,12.079999923706055,126.0
2024-04-24 10:35:00,VUZI,1.3300000429153442,1.3300000429153442,1.3300000429153442,1.3300000429153442,1.3300000429153442,0.0
2024-04-24 10:35:00,VYGR,7.639999866485596,7.639999866485596,7.639999866485596,7.639999866485596,7.639999866485596,220.0
2024-04-24 10:35:00,WAFD,27.799999237060547,27.799999237060547,27.799999237060547,27.799999237060547,27.799999237060547,721.0
2024-04-24 10:35:00,WB,8.335000038146973,8.335000038146973,8.339300155639648,8.324999809265137,8.329999923706055,5904.0
2024-04-24 10:35:00,WBA,17.655000686645508,17.655000686645508,17.666200637817383,17.649999618530273,17.666200637817383,30713.0
2024-04-24 10:35:00,WBD,8.335000038146973,8.335000038146973,8.345000267028809,8.329999923706055,8.329999923706055,98847.0
2024-04-24 10:35:00,WDAY,255.83999633789062,255.83999633789062,255.88499450683594,255.75999450683594,255.88499450683594,3380.0
2024-04-24 10:35:00,WDC,69.33000183105469,69.33000183105469,69.3499984741211,69.19000244140625,69.29000091552734,17042.0
2024-04-24 10:35:00,WEN,19.90999984741211,19.90999984741211,19.90999984741211,19.905000686645508,19.90999984741211,3247.0
2024-04-24 10:35:00,WERN,35.244998931884766,35.244998931884766,35.2599983215332,35.244998931884766,35.2599983215332,1411.0
2024-04-24 10:35:00,WFRD,125.19000244140625,125.19000244140625,125.57990264892578,125.19000244140625,125.37879943847656,920.0
2024-04-24 10:35:00,WHLM,6.494999885559082,6.494999885559082,6.494999885559082,6.4120001792907715,6.4120001792907715,1281.0
2024-04-24 10:35:00,WHLR,0.14319999516010284,0.14319999516010284,0.14319999516010284,0.14319999516010284,0.14319999516010284,0.0
2024-04-24 10:35:00,WIMI,0.8738999962806702,0.8738999962806702,0.8799999952316284,0.8677999973297119,0.8712000250816345,14597.0
2024-04-24 10:35:00,WING,363.614990234375,363.614990234375,364.0,363.614990234375,363.989990234375,1143.0
2024-04-24 10:35:00,WISA,6.619900226593018,6.619900226593018,6.7399001121521,6.53000020980835,6.698999881744385,149282.0
2024-04-24 10:35:00,WIX,124.572998046875,124.572998046875,124.572998046875,124.38999938964844,124.38999938964844,2321.0
2024-04-24 10:35:00,WKHS,0.16300000250339508,0.16300000250339508,0.16329999268054962,0.16269999742507935,0.16269999742507935,22164.0
2024-04-24 10:35:00,WKME,7.896999835968018,7.896999835968018,7.896999835968018,7.896999835968018,7.896999835968018,224.0
2024-04-24 10:35:00,WMG,32.2599983215332,32.2599983215332,32.290000915527344,32.244998931884766,32.290000915527344,3892.0
2024-04-24 10:35:00,WRAP,1.9902000427246094,1.9902000427246094,1.9902000427246094,1.9900000095367432,1.9900000095367432,6084.0
2024-04-24 10:35:00,WSBC,28.05500030517578,28.05500030517578,28.05500030517578,28.05500030517578,28.05500030517578,1291.0
2024-04-24 10:35:00,WSC,37.88999938964844,37.88999938964844,37.89500045776367,37.86000061035156,37.880001068115234,13312.0
2024-04-24 10:35:00,WSFS,44.2599983215332,44.2599983215332,44.310001373291016,44.2599983215332,44.310001373291016,746.0
2024-04-24 10:35:00,WTFC,99.36000061035156,99.36000061035156,99.42500305175781,99.36000061035156,99.42500305175781,1095.0
2024-04-24 10:35:00,WW,1.715000033378601,1.715000033378601,1.725000023841858,1.715000033378601,1.725000023841858,18906.0
2024-04-24 10:35:00,WYNN,97.30000305175781,97.30000305175781,97.4000015258789,97.22000122070312,97.4000015258789,3386.0
2024-04-24 10:35:00,XEL,55.16999816894531,55.16999816894531,55.16999816894531,55.15999984741211,55.15999984741211,2932.0
2024-04-24 10:35:00,XERS,1.7549999952316284,1.7549999952316284,1.7549999952316284,1.7549999952316284,1.7549999952316284,219.0
2024-04-24 10:35:00,XLO,1.0800000429153442,1.0800000429153442,1.090000033378601,1.065000057220459,1.0800000429153442,14489.0
2024-04-24 10:35:00,XNCR,18.139999389648438,18.139999389648438,18.18000030517578,18.139999389648438,18.18000030517578,1351.0
2024-04-24 10:35:00,XP,20.360000610351562,20.360000610351562,20.3799991607666,20.350000381469727,20.3799991607666,15386.0
2024-04-24 10:35:00,XPEL,54.709999084472656,54.709999084472656,54.810001373291016,54.709999084472656,54.810001373291016,625.0
2024-04-24 10:35:00,XRX,14.475000381469727,14.475000381469727,14.479999542236328,14.449999809265137,14.449999809265137,11813.0
2024-04-24 10:35:00,XWEL,1.559999942779541,1.559999942779541,1.559999942779541,1.559999942779541,1.559999942779541,2058.0
2024-04-24 10:35:00,YTEN,0.22619999945163727,0.22619999945163727,0.22619999945163727,0.22619999945163727,0.22619999945163727,221.0
2024-04-24 10:35:00,Z,43.59000015258789,43.59000015258789,43.630001068115234,43.59000015258789,43.630001068115234,2283.0
2024-04-24 10:35:00,ZBRA,277.1600036621094,277.1600036621094,277.4949951171875,277.1600036621094,277.44000244140625,1161.0
2024-04-24 10:35:00,ZI,15.779999732971191,15.779999732971191,15.795000076293945,15.779999732971191,15.795000076293945,6402.0
2024-04-24 10:35:00,ZIMV,15.949999809265137,15.949999809265137,15.949999809265137,15.949999809265137,15.949999809265137,499.0
2024-04-24 10:35:00,ZION,41.91999816894531,41.91999816894531,41.91999816894531,41.880001068115234,41.88999938964844,2351.0
2024-04-24 10:35:00,ZKIN,0.6499000191688538,0.6499000191688538,0.6499000191688538,0.6499000191688538,0.6499000191688538,2086.0
2024-04-24 10:35:00,ZM,61.34000015258789,61.34000015258789,61.34000015258789,61.29249954223633,61.314998626708984,5125.0
2024-04-24 10:35:00,ZNTL,12.550000190734863,12.550000190734863,12.569999694824219,12.550000190734863,12.569999694824219,320.0
2024-04-24 10:35:00,ZS,179.69000244140625,179.69000244140625,179.69000244140625,179.27000427246094,179.61000061035156,3452.0
2024-04-24 10:35:00,ZUMZ,16.969999313354492,16.969999313354492,16.969999313354492,16.969999313354492,16.969999313354492,669.0
2024-04-24 10:35:00,ZVSA,0.5788999795913696,0.5788999795913696,0.5800999999046326,0.5788999795913696,0.5800999999046326,2527.0
2024-04-24 10:35:00,ZYXI,11.4399995803833,11.4399995803833,11.449999809265137,11.420000076293945,11.420000076293945,2784.0
2024-04-24 10:36:00,COCO,23.719999313354492,23.719999313354492,23.719999313354492,23.719999313354492,23.719999313354492,1070.0
2024-04-24 10:36:00,ETNB,8.739999771118164,8.739999771118164,8.75,8.739999771118164,8.75,708.0
2024-04-24 10:36:00,FDMT,25.110000610351562,25.110000610351562,25.170000076293945,25.110000610351562,25.170000076293945,1828.0
2024-04-24 10:36:00,FEAM,1.159999966621399,1.159999966621399,1.159999966621399,1.159999966621399,1.159999966621399,125.0
2024-04-24 10:36:00,FLWS,9.239999771118164,9.239999771118164,9.239999771118164,9.239999771118164,9.239999771118164,689.0
2024-04-24 10:36:00,FREE,4.820000171661377,4.820000171661377,4.820000171661377,4.820000171661377,4.820000171661377,61.0
2024-04-24 10:36:00,HOWL,6.429999828338623,6.429999828338623,6.429999828338623,6.360000133514404,6.360000133514404,6451.0
2024-04-24 10:36:00,MAPS,1.090000033378601,1.090000033378601,1.090000033378601,1.090000033378601,1.090000033378601,200.0
2024-04-24 10:36:00,ME,0.47450000047683716,0.47450000047683716,0.47510001063346863,0.47450000047683716,0.47510001063346863,2716.0
2024-04-24 10:36:00,PET,2.2699999809265137,2.2699999809265137,2.2699999809265137,2.2300000190734863,2.2453999519348145,5342.0
2024-04-24 10:36:00,TSVT,4.409999847412109,4.409999847412109,4.409999847412109,4.409999847412109,4.409999847412109,246.0
2024-04-24 10:36:00,TWOU,0.23739999532699585,0.23739999532699585,0.23739999532699585,0.2370000034570694,0.2370000034570694,0.0
2024-04-24 10:36:00,TXG,27.18000030517578,27.18000030517578,27.235000610351562,27.18000030517578,27.229999542236328,4113.0
2024-04-24 10:36:00,VCTR,49.619998931884766,49.619998931884766,49.63999938964844,49.599998474121094,49.599998474121094,1489.0
2024-04-24 10:36:00,VERU,1.3200000524520874,1.3200000524520874,1.3208999633789062,1.3200000524520874,1.3208999633789062,2255.0
2024-04-24 10:36:00,VERV,6.840000152587891,6.840000152587891,6.849999904632568,6.840000152587891,6.849999904632568,3127.0
2024-04-24 10:36:00,VERX,29.09000015258789,29.09000015258789,29.1299991607666,29.06999969482422,29.06999969482422,11769.0
2024-04-24 10:36:00,VFF,1.3350000381469727,1.3350000381469727,1.3350000381469727,1.3350000381469727,1.3350000381469727,1818.0
2024-04-24 10:36:00,VFS,2.549999952316284,2.549999952316284,2.549999952316284,2.5399999618530273,2.5399999618530273,23453.0
2024-04-24 10:36:00,VIAV,7.947500228881836,7.947500228881836,7.947500228881836,7.940000057220459,7.940000057220459,2289.0
2024-04-24 10:36:00,VICR,34.20500183105469,34.20500183105469,34.220001220703125,34.02000045776367,34.02000045776367,3084.0
2024-04-24 10:36:00,VINC,0.9304999709129333,0.9304999709129333,0.9304999709129333,0.930400013923645,0.930400013923645,14993.0
2024-04-24 10:36:00,VIR,8.212499618530273,8.212499618530273,8.220000267028809,8.210000038146973,8.220000267028809,4981.0
2024-04-24 10:36:00,VIRC,10.699999809265137,10.699999809265137,10.699999809265137,10.699999809265137,10.699999809265137,437.0
2024-04-24 10:36:00,VIRT,22.395000457763672,22.395000457763672,22.420000076293945,22.329999923706055,22.334999084472656,15199.0
2024-04-24 10:36:00,VITL,27.104999542236328,27.104999542236328,27.125,27.100000381469727,27.125,1320.0
2024-04-24 10:36:00,VKTX,67.0,67.0,67.0,66.73999786376953,66.80000305175781,15026.0
2024-04-24 10:36:00,VLCN,0.2549999952316284,0.2549999952316284,0.25769999623298645,0.2549999952316284,0.25769999623298645,24395.0
2024-04-24 10:36:00,VNET,1.51010000705719,1.51010000705719,1.51010000705719,1.51010000705719,1.51010000705719,6744.0
2024-04-24 10:36:00,VNOM,40.20000076293945,40.20000076293945,40.220001220703125,40.20000076293945,40.220001220703125,606.0
2024-04-24 10:36:00,VOD,8.533100128173828,8.533100128173828,8.53499984741211,8.524999618530273,8.524999618530273,47513.0
2024-04-24 10:36:00,VOR,1.8105000257492065,1.8105000257492065,1.8105000257492065,1.8105000257492065,1.8105000257492065,967.0
2024-04-24 10:36:00,VRDN,13.84000015258789,13.84000015258789,13.850000381469727,13.84000015258789,13.850000381469727,565.0
2024-04-24 10:36:00,VRRM,24.40999984741211,24.40999984741211,24.415000915527344,24.399999618530273,24.415000915527344,670.0
2024-04-24 10:36:00,VRTX,401.6099853515625,401.6099853515625,401.6099853515625,401.54998779296875,401.54998779296875,767.0
2024-04-24 10:36:00,VSAT,16.238000869750977,16.238000869750977,16.238000869750977,16.229999542236328,16.229999542236328,1519.0
2024-04-24 10:36:00,VTNR,1.591599941253662,1.591599941253662,1.5994000434875488,1.590000033378601,1.590000033378601,10483.0
2024-04-24 10:36:00,VTRS,11.354999542236328,11.354999542236328,11.359999656677246,11.354999542236328,11.354999542236328,4569.0
2024-04-24 10:36:00,VTSI,12.0600004196167,12.0600004196167,12.0600004196167,12.0600004196167,12.0600004196167,157.0
2024-04-24 10:36:00,VUZI,1.3350000381469727,1.3350000381469727,1.3350000381469727,1.3300000429153442,1.3300000429153442,4229.0
2024-04-24 10:36:00,WAFDP,15.75,15.75,15.75,15.75,15.75,204.0
2024-04-24 10:36:00,WB,8.335000038146973,8.335000038146973,8.335000038146973,8.324999809265137,8.330100059509277,5052.0
2024-04-24 10:36:00,WBA,17.65999984741211,17.65999984741211,17.65999984741211,17.655000686645508,17.655000686645508,10912.0
2024-04-24 10:36:00,WBD,8.335000038146973,8.335000038146973,8.34000015258789,8.329999923706055,8.330100059509277,33772.0
2024-04-24 10:36:00,WDC,69.37000274658203,69.37000274658203,69.44000244140625,69.30010223388672,69.30010223388672,12255.0
2024-04-24 10:36:00,WDFC,225.81500244140625,225.81500244140625,225.81500244140625,225.67999267578125,225.67999267578125,873.0
2024-04-24 10:36:00,WEN,19.920000076293945,19.920000076293945,19.920000076293945,19.920000076293945,19.920000076293945,1930.0
2024-04-24 10:36:00,WERN,35.220001220703125,35.220001220703125,35.220001220703125,35.209999084472656,35.220001220703125,1700.0
2024-04-24 10:36:00,WFRD,125.37999725341797,125.37999725341797,125.5199966430664,125.3499984741211,125.37999725341797,30607.0
2024-04-24 10:36:00,WHF,12.739999771118164,12.739999771118164,12.739999771118164,12.739999771118164,12.739999771118164,189.0
2024-04-24 10:36:00,WHLM,6.531199932098389,6.531199932098389,6.599899768829346,6.494999885559082,6.579899787902832,7211.0
2024-04-24 10:36:00,WIMI,0.8715000152587891,0.8715000152587891,0.8799999952316284,0.8650000095367432,0.8650000095367432,12453.0
2024-04-24 10:36:00,WING,364.19000244140625,364.19000244140625,364.19000244140625,363.989990234375,363.989990234375,2782.0
2024-04-24 10:36:00,WISA,6.670000076293945,6.670000076293945,6.670000076293945,6.570000171661377,6.610000133514404,61319.0
2024-04-24 10:36:00,WKHS,0.1624000072479248,0.1624000072479248,0.16290000081062317,0.16200000047683716,0.16279999911785126,28561.0
2024-04-24 10:36:00,WMG,32.27000045776367,32.27000045776367,32.310001373291016,32.25199890136719,32.25199890136719,5409.0
2024-04-24 10:36:00,WRLD,137.52499389648438,137.52499389648438,137.52499389648438,137.52499389648438,137.52499389648438,109.0
2024-04-24 10:36:00,WSC,37.88999938964844,37.88999938964844,37.939998626708984,37.88999938964844,37.93000030517578,11055.0
2024-04-24 10:36:00,WW,1.715000033378601,1.715000033378601,1.715000033378601,1.715000033378601,1.715000033378601,1619.0
2024-04-24 10:36:00,WYNN,97.30999755859375,97.30999755859375,97.30999755859375,97.12999725341797,97.20999908447266,3662.0
2024-04-24 10:36:00,XEL,55.20000076293945,55.20000076293945,55.224998474121094,55.13999938964844,55.13999938964844,16082.0
2024-04-24 10:36:00,XFOR,1.2699999809265137,1.2699999809265137,1.2699999809265137,1.2699999809265137,1.2699999809265137,7906.0
2024-04-24 10:36:00,XLO,1.090000033378601,1.090000033378601,1.090000033378601,1.090000033378601,1.090000033378601,2102.0
2024-04-24 10:36:00,XMTR,17.079999923706055,17.079999923706055,17.079999923706055,17.049999237060547,17.049999237060547,1661.0
2024-04-24 10:36:00,XNCR,18.145000457763672,18.145000457763672,18.145000457763672,18.145000457763672,18.145000457763672,261.0
2024-04-24 10:36:00,XP,20.385000228881836,20.385000228881836,20.389999389648438,20.354999542236328,20.354999542236328,17601.0
2024-04-24 10:36:00,XRX,14.484999656677246,14.484999656677246,14.484999656677246,14.470000267028809,14.470000267028809,9448.0
2024-04-24 10:36:00,XXII,1.7400000095367432,1.7400000095367432,1.7400000095367432,1.7300000190734863,1.7300000190734863,2670.0
2024-04-24 10:36:00,YORW,35.39849853515625,35.39849853515625,35.39849853515625,35.39849853515625,35.39849853515625,541.0
2024-04-24 10:36:00,YTEN,0.22630000114440918,0.22630000114440918,0.23090000450611115,0.22619999945163727,0.22630000114440918,27279.0
2024-04-24 10:36:00,Z,43.64500045776367,43.64500045776367,43.64500045776367,43.619998931884766,43.619998931884766,2441.0
2024-04-24 10:36:00,ZCMD,1.7000000476837158,1.7000000476837158,1.7000000476837158,1.7000000476837158,1.7000000476837158,1602.0
2024-04-24 10:36:00,ZI,15.795000076293945,15.795000076293945,15.795000076293945,15.78499984741211,15.789999961853027,1490.0
2024-04-24 10:36:00,ZION,41.93000030517578,41.93000030517578,41.939998626708984,41.93000030517578,41.939998626708984,884.0
2024-04-24 10:36:00,ZIONL,25.520000457763672,25.520000457763672,25.59000015258789,25.520000457763672,25.59000015258789,499.0
2024-04-24 10:36:00,ZIONO,25.469999313354492,25.469999313354492,25.469999313354492,25.437999725341797,25.437999725341797,501.0
2024-04-24 10:36:00,ZLAB,15.904999732971191,15.904999732971191,15.904999732971191,15.904999732971191,15.904999732971191,373.0
2024-04-24 10:36:00,ZM,61.400001525878906,61.400001525878906,61.400001525878906,61.34000015258789,61.36000061035156,4634.0
2024-04-24 10:36:00,ZNTL,12.550000190734863,12.550000190734863,12.585000038146973,12.550000190734863,12.585000038146973,1281.0
2024-04-24 10:36:00,ZS,179.6300048828125,179.6300048828125,179.6750030517578,179.6300048828125,179.6750030517578,1469.0
2024-04-24 10:36:00,ZVSA,0.5800999999046326,0.5800999999046326,0.5800999999046326,0.5800999999046326,0.5800999999046326,607.0
2024-04-24 10:37:00,ATNF,1.840000033378601,1.840000033378601,1.8700000047683716,1.840000033378601,1.8700000047683716,2187.0
2024-04-24 10:37:00,DIBS,5.349999904632568,5.349999904632568,5.349999904632568,5.349999904632568,5.349999904632568,248.0
2024-04-24 10:37:00,EGHT,2.2850000858306885,2.2850000858306885,2.2850000858306885,2.2850000858306885,2.2850000858306885,203.0
2024-04-24 10:37:00,ETNB,8.720000267028809,8.720000267028809,8.729999542236328,8.720000267028809,8.729999542236328,1059.0
2024-04-24 10:37:00,FDMT,25.094999313354492,25.094999313354492,25.094999313354492,25.09000015258789,25.09000015258789,541.0
2024-04-24 10:37:00,FLWS,9.199999809265137,9.199999809265137,9.210000038146973,9.199999809265137,9.210000038146973,1165.0
2024-04-24 10:37:00,HOWL,6.429999828338623,6.429999828338623,6.429999828338623,6.429999828338623,6.429999828338623,545.0
2024-04-24 10:37:00,MAPS,1.100000023841858,1.100000023841858,1.100000023841858,1.100000023841858,1.100000023841858,300.0
2024-04-24 10:37:00,MASS,5.710000038146973,5.710000038146973,5.710000038146973,5.710000038146973,5.710000038146973,401.0
2024-04-24 10:37:00,ME,0.4742000102996826,0.4742000102996826,0.47429999709129333,0.47350001335144043,0.47350001335144043,5943.0
2024-04-24 10:37:00,SEAT,5.835000038146973,5.835000038146973,5.840000152587891,5.820000171661377,5.820000171661377,9253.0
2024-04-24 10:37:00,TSVT,4.3979997634887695,4.3979997634887695,4.3979997634887695,4.3979997634887695,4.3979997634887695,3684.0
2024-04-24 10:37:00,TWOU,0.23589999973773956,0.23589999973773956,0.2370000034570694,0.23589999973773956,0.2370000034570694,15243.0
2024-04-24 10:37:00,TXG,27.174999237060547,27.174999237060547,27.190000534057617,27.15999984741211,27.15999984741211,3348.0
2024-04-24 10:37:00,VCTR,49.5,49.5,49.52000045776367,49.5,49.52000045776367,1132.0
2024-04-24 10:37:00,VERU,1.3250000476837158,1.3250000476837158,1.3300000429153442,1.3250000476837158,1.3300000429153442,1615.0
2024-04-24 10:37:00,VERV,6.840000152587891,6.840000152587891,6.840000152587891,6.840000152587891,6.840000152587891,3168.0
2024-04-24 10:37:00,VERX,29.06999969482422,29.06999969482422,29.1200008392334,29.027000427246094,29.1200008392334,15168.0
2024-04-24 10:37:00,VFS,2.5408999919891357,2.5408999919891357,2.5450000762939453,2.5408999919891357,2.5450000762939453,0.0
2024-04-24 10:37:00,VIAV,7.934999942779541,7.934999942779541,7.940000057220459,7.934999942779541,7.940000057220459,1988.0
2024-04-24 10:37:00,VINC,0.9302999973297119,0.9302999973297119,0.9402999877929688,0.9302999973297119,0.9402999877929688,10618.0
2024-04-24 10:37:00,VINP,10.350000381469727,10.350000381469727,10.479999542236328,10.350000381469727,10.470000267028809,2422.0
2024-04-24 10:37:00,VIR,8.210000038146973,8.210000038146973,8.21500015258789,8.210000038146973,8.21500015258789,717.0
2024-04-24 10:37:00,VIRT,22.395000457763672,22.395000457763672,22.43000030517578,22.395000457763672,22.395000457763672,3599.0
2024-04-24 10:37:00,VITL,27.049999237060547,27.049999237060547,27.06999969482422,27.049999237060547,27.049999237060547,940.0
2024-04-24 10:37:00,VIVK,1.5099999904632568,1.5099999904632568,1.5099999904632568,1.5099999904632568,1.5099999904632568,210.0
2024-04-24 10:37:00,VKTX,66.5999984741211,66.5999984741211,66.87999725341797,66.56999969482422,66.8499984741211,5823.0
2024-04-24 10:37:00,VLCN,0.2551000118255615,0.2551000118255615,0.2556000053882599,0.2551000118255615,0.2556000053882599,580.0
2024-04-24 10:37:00,VMEO,3.5350000858306885,3.5350000858306885,3.5399999618530273,3.5350000858306885,3.5399999618530273,360.0
2024-04-24 10:37:00,VNET,1.51010000705719,1.51010000705719,1.51010000705719,1.51010000705719,1.51010000705719,400.0
2024-04-24 10:37:00,VOD,8.524999618530273,8.524999618530273,8.529999732971191,8.524999618530273,8.529999732971191,8457.0
2024-04-24 10:37:00,VRDN,13.845000267028809,13.845000267028809,13.845000267028809,13.8100004196167,13.845000267028809,6728.0
2024-04-24 10:37:00,VRNA,15.40999984741211,15.40999984741211,15.40999984741211,15.40999984741211,15.40999984741211,287.0
2024-04-24 10:37:00,VRRM,24.399999618530273,24.399999618530273,24.399999618530273,24.399999618530273,24.399999618530273,1592.0
2024-04-24 10:37:00,VRTX,401.1000061035156,401.1000061035156,401.489990234375,401.1000061035156,401.489990234375,1776.0
2024-04-24 10:37:00,VSAT,16.229999542236328,16.229999542236328,16.239999771118164,16.219999313354492,16.229999542236328,2172.0
2024-04-24 10:37:00,VTNR,1.600000023841858,1.600000023841858,1.600000023841858,1.5950000286102295,1.5950000286102295,5241.0
2024-04-24 10:37:00,VTRS,11.345800399780273,11.345800399780273,11.354999542236328,11.345000267028809,11.354999542236328,5742.0
2024-04-24 10:37:00,VYGR,7.590000152587891,7.590000152587891,7.610000133514404,7.590000152587891,7.610000133514404,734.0
2024-04-24 10:37:00,WAFD,27.799999237060547,27.799999237060547,27.799999237060547,27.799999237060547,27.799999237060547,1213.0
2024-04-24 10:37:00,WB,8.345000267028809,8.345000267028809,8.350000381469727,8.335000038146973,8.335000038146973,7996.0
2024-04-24 10:37:00,WBA,17.645000457763672,17.645000457763672,17.65999984741211,17.6299991607666,17.65999984741211,73445.0
2024-04-24 10:37:00,WBD,8.354999542236328,8.354999542236328,8.354999542236328,8.335000038146973,8.335000038146973,31982.0
2024-04-24 10:37:00,WDAY,256.0150146484375,256.0150146484375,256.0899963378906,255.9550018310547,256.0899963378906,1041.0
2024-04-24 10:37:00,WDC,69.4749984741211,69.4749984741211,69.51000213623047,69.3499984741211,69.375,13177.0
2024-04-24 10:37:00,WEN,19.915000915527344,19.915000915527344,19.924999237060547,19.915000915527344,19.920000076293945,1804.0
2024-04-24 10:37:00,WERN,35.2599983215332,35.2599983215332,35.2599983215332,35.2599983215332,35.2599983215332,235.0
2024-04-24 10:37:00,WFRD,125.68000030517578,125.68000030517578,125.72000122070312,125.19000244140625,125.19000244140625,5039.0
2024-04-24 10:37:00,WHF,12.739999771118164,12.739999771118164,12.739999771118164,12.739999771118164,12.739999771118164,214.0
2024-04-24 10:37:00,WHLM,6.885000228881836,6.885000228881836,6.900000095367432,6.650000095367432,6.650000095367432,18033.0
2024-04-24 10:37:00,WIMI,0.8629999756813049,0.8629999756813049,0.8798999786376953,0.8629999756813049,0.8715000152587891,3802.0
2024-04-24 10:37:00,WING,364.54998779296875,364.54998779296875,364.54998779296875,364.5,364.5,615.0
2024-04-24 10:37:00,WISA,6.662899971008301,6.662899971008301,6.699999809265137,6.639999866485596,6.679999828338623,58140.0
2024-04-24 10:37:00,WKHS,0.16189999878406525,0.16189999878406525,0.16259999573230743,0.1615000069141388,0.16259999573230743,46080.0
2024-04-24 10:37:00,WMG,32.27000045776367,32.27000045776367,32.27000045776367,32.2599983215332,32.2599983215332,1523.0
2024-04-24 10:37:00,WRLD,138.03500366210938,138.03500366210938,138.03500366210938,138.03500366210938,138.03500366210938,168.0
2024-04-24 10:37:00,WSC,37.869998931884766,37.869998931884766,37.900001525878906,37.86249923706055,37.900001525878906,3017.0
2024-04-24 10:37:00,WW,1.6799999475479126,1.6799999475479126,1.7100000381469727,1.6799999475479126,1.7100000381469727,21170.0
2024-04-24 10:37:00,WWD,149.89999389648438,149.89999389648438,149.89999389648438,149.89999389648438,149.89999389648438,734.0
2024-04-24 10:37:00,WYNN,97.31999969482422,97.31999969482422,97.3550033569336,97.30000305175781,97.3550033569336,2289.0
2024-04-24 10:37:00,XEL,55.19499969482422,55.19499969482422,55.209999084472656,55.189998626708984,55.20000076293945,6677.0
2024-04-24 10:37:00,XENE,40.70000076293945,40.70000076293945,40.70000076293945,40.70000076293945,40.70000076293945,368.0
2024-04-24 10:37:00,XERS,1.7549999952316284,1.7549999952316284,1.7549999952316284,1.7549999952316284,1.7549999952316284,203.0
2024-04-24 10:37:00,XFOR,1.274999976158142,1.274999976158142,1.274999976158142,1.274999976158142,1.274999976158142,2122.0
2024-04-24 10:37:00,XLO,1.090000033378601,1.090000033378601,1.090000033378601,1.090000033378601,1.090000033378601,201.0
2024-04-24 10:37:00,XNCR,18.145000457763672,18.145000457763672,18.149999618530273,18.114999771118164,18.1200008392334,1887.0
2024-04-24 10:37:00,XP,20.3799991607666,20.3799991607666,20.399999618530273,20.375,20.389999389648438,14636.0
2024-04-24 10:37:00,XPEL,54.76499938964844,54.76499938964844,54.76499938964844,54.76499938964844,54.76499938964844,120.0
2024-04-24 10:37:00,XRX,14.475000381469727,14.475000381469727,14.489999771118164,14.470000267028809,14.484999656677246,9814.0
2024-04-24 10:37:00,XXII,1.7301000356674194,1.7301000356674194,1.7309999465942383,1.7300000190734863,1.7309999465942383,1557.0
2024-04-24 10:37:00,YMAB,15.1850004196167,15.1850004196167,15.1850004196167,15.1850004196167,15.1850004196167,709.0
2024-04-24 10:37:00,YSBPW,0.07999999821186066,0.07999999821186066,0.07999999821186066,0.07999999821186066,0.07999999821186066,2600.0
2024-04-24 10:37:00,YTEN,0.22699999809265137,0.22699999809265137,0.2272000014781952,0.22699999809265137,0.2272000014781952,0.0
2024-04-24 10:37:00,Z,43.55500030517578,43.55500030517578,43.59000015258789,43.54999923706055,43.59000015258789,5835.0
2024-04-24 10:37:00,ZBRA,277.010009765625,277.010009765625,277.010009765625,276.75,276.75,435.0
2024-04-24 10:37:00,ZD,51.790000915527344,51.790000915527344,51.790000915527344,51.790000915527344,51.790000915527344,586.0
2024-04-24 10:37:00,ZG,42.97999954223633,42.97999954223633,43.040000915527344,42.97999954223633,43.040000915527344,3028.0
2024-04-24 10:37:00,ZI,15.805000305175781,15.805000305175781,15.805000305175781,15.795000076293945,15.795000076293945,1997.0
2024-04-24 10:37:00,ZIMV,15.880000114440918,15.880000114440918,15.880000114440918,15.880000114440918,15.880000114440918,138.0
2024-04-24 10:37:00,ZION,41.970001220703125,41.970001220703125,41.97999954223633,41.91999816894531,41.93000030517578,2715.0
2024-04-24 10:37:00,ZIONL,25.592199325561523,25.592199325561523,25.592199325561523,25.59000015258789,25.59000015258789,355.0
2024-04-24 10:37:00,ZIONO,25.40019989013672,25.40019989013672,25.440000534057617,25.40019989013672,25.420000076293945,500.0
2024-04-24 10:37:00,ZLAB,15.904999732971191,15.904999732971191,15.930000305175781,15.904999732971191,15.930000305175781,367.0
2024-04-24 10:37:00,ZM,61.369998931884766,61.369998931884766,61.38999938964844,61.369998931884766,61.38999938964844,1882.0
2024-04-24 10:37:00,ZNTL,12.539999961853027,12.539999961853027,12.539999961853027,12.539999961853027,12.539999961853027,200.0
2024-04-24 10:37:00,ZS,179.72000122070312,179.72000122070312,179.80999755859375,179.66000366210938,179.7050018310547,1176.0
2024-04-24 10:37:00,ZURA,3.2950000762939453,3.2950000762939453,3.2950000762939453,3.2950000762939453,3.2950000762939453,915.0
2024-04-24 10:37:00,ZVSA,0.5799999833106995,0.5799999833106995,0.5799999833106995,0.5799999833106995,0.5799999833106995,225.0
2024-04-24 10:37:00,ZYXI,11.420000076293945,11.420000076293945,11.420000076293945,11.420000076293945,11.420000076293945,300.0
2024-04-24 10:38:00,DIBS,5.349999904632568,5.349999904632568,5.349999904632568,5.349999904632568,5.349999904632568,461.0
2024-04-24 10:38:00,ETNB,8.720000267028809,8.720000267028809,8.729999542236328,8.720000267028809,8.729999542236328,548.0
2024-04-24 10:38:00,FDMT,25.024999618530273,25.024999618530273,25.024999618530273,25.024999618530273,25.024999618530273,558.0
2024-04-24 10:38:00,MASS,5.710000038146973,5.710000038146973,5.710000038146973,5.710000038146973,5.710000038146973,600.0
2024-04-24 10:38:00,ME,0.47360000014305115,0.47360000014305115,0.47440001368522644,0.47360000014305115,0.47440001368522644,2810.0
2024-04-24 10:38:00,PET,2.2100000381469727,2.2100000381469727,2.240000009536743,2.2100000381469727,2.240000009536743,978.0
2024-04-24 10:38:00,SEAT,5.837800025939941,5.837800025939941,5.837800025939941,5.835000038146973,5.835000038146973,859.0
2024-04-24 10:38:00,TSVT,4.389999866485596,4.389999866485596,4.389999866485596,4.389999866485596,4.389999866485596,300.0
2024-04-24 10:38:00,TWOU,0.2362000048160553,0.2362000048160553,0.2362000048160553,0.23600000143051147,0.23600000143051147,1292.0
2024-04-24 10:38:00,TXG,27.170000076293945,27.170000076293945,27.170000076293945,27.170000076293945,27.170000076293945,911.0
2024-04-24 10:38:00,VCTR,49.619998931884766,49.619998931884766,49.619998931884766,49.5099983215332,49.5099983215332,320.0
2024-04-24 10:38:00,VERU,1.315000057220459,1.315000057220459,1.315000057220459,1.315000057220459,1.315000057220459,650.0
2024-04-24 10:38:00,VERV,6.840000152587891,6.840000152587891,6.840000152587891,6.840000152587891,6.840000152587891,704.0
2024-04-24 10:38:00,VERX,29.079999923706055,29.079999923706055,29.100000381469727,29.065000534057617,29.09000015258789,1375.0
2024-04-24 10:38:00,VFS,2.5450000762939453,2.5450000762939453,2.5450000762939453,2.5399999618530273,2.5399999618530273,1899.0
2024-04-24 10:38:00,VIAV,7.940000057220459,7.940000057220459,7.940000057220459,7.940000057220459,7.940000057220459,2255.0
2024-04-24 10:38:00,VINC,0.9301000237464905,0.9301000237464905,0.9301000237464905,0.9200000166893005,0.9301000237464905,13813.0
2024-04-24 10:38:00,VIR,8.220000267028809,8.220000267028809,8.220000267028809,8.220000267028809,8.220000267028809,1036.0
2024-04-24 10:38:00,VIRT,22.34000015258789,22.34000015258789,22.395000457763672,22.34000015258789,22.395000457763672,3344.0
2024-04-24 10:38:00,VITL,27.079999923706055,27.079999923706055,27.079999923706055,27.049999237060547,27.049999237060547,2629.0
2024-04-24 10:38:00,VKTX,66.68800354003906,66.68800354003906,66.70999908447266,66.5801010131836,66.66999816894531,5912.0
2024-04-24 10:38:00,VLCN,0.2549999952316284,0.2549999952316284,0.2551000118255615,0.2549999952316284,0.2551000118255615,1410.0
2024-04-24 10:38:00,VMEO,3.5399999618530273,3.5399999618530273,3.5399999618530273,3.5399999618530273,3.5399999618530273,158.0
2024-04-24 10:38:00,VNET,1.5170999765396118,1.5170999765396118,1.5170999765396118,1.5099999904632568,1.5099999904632568,1740.0
2024-04-24 10:38:00,VNOM,40.20000076293945,40.20000076293945,40.209999084472656,40.15999984741211,40.16999816894531,1321.0
2024-04-24 10:38:00,VOD,8.520000457763672,8.520000457763672,8.529999732971191,8.520000457763672,8.524999618530273,1761.0
2024-04-24 10:38:00,VRDN,13.8100004196167,13.8100004196167,13.8100004196167,13.8100004196167,13.8100004196167,1754.0
2024-04-24 10:38:00,VRTX,401.1300048828125,401.1300048828125,401.1300048828125,400.8800048828125,400.8900146484375,2028.0
2024-04-24 10:38:00,VSAT,16.25,16.25,16.25,16.239999771118164,16.239999771118164,1308.0
2024-04-24 10:38:00,VTGN,4.78000020980835,4.78000020980835,4.78000020980835,4.78000020980835,4.78000020980835,2054.0
2024-04-24 10:38:00,VTNR,1.590000033378601,1.590000033378601,1.5950000286102295,1.590000033378601,1.5950000286102295,4554.0
2024-04-24 10:38:00,VTRS,11.350000381469727,11.350000381469727,11.350000381469727,11.345000267028809,11.345000267028809,918.0
2024-04-24 10:38:00,VUZI,1.3300000429153442,1.3300000429153442,1.3300000429153442,1.3300000429153442,1.3300000429153442,208.0
2024-04-24 10:38:00,WB,8.345000267028809,8.345000267028809,8.354999542236328,8.345000267028809,8.350000381469727,4573.0
2024-04-24 10:38:00,WBA,17.655000686645508,17.655000686645508,17.670000076293945,17.639999389648438,17.649900436401367,44491.0
2024-04-24 10:38:00,WBD,8.354999542236328,8.354999542236328,8.354999542236328,8.350000381469727,8.354999542236328,11992.0
2024-04-24 10:38:00,WDAY,256.2460021972656,256.2460021972656,256.2460021972656,256.1449890136719,256.1449890136719,634.0
2024-04-24 10:38:00,WDC,69.44999694824219,69.44999694824219,69.4749984741211,69.44499969482422,69.47440338134766,39065.0
2024-04-24 10:38:00,WDFC,225.6750030517578,225.6750030517578,225.6750030517578,225.6750030517578,225.6750030517578,371.0
2024-04-24 10:38:00,WEN,19.905000686645508,19.905000686645508,19.915000915527344,19.905000686645508,19.915000915527344,3699.0
2024-04-24 10:38:00,WERN,35.279998779296875,35.279998779296875,35.279998779296875,35.279998779296875,35.279998779296875,237.0
2024-04-24 10:38:00,WEST,9.930000305175781,9.930000305175781,9.930000305175781,9.930000305175781,9.930000305175781,333.0
2024-04-24 10:38:00,WFRD,125.42500305175781,125.42500305175781,125.77999877929688,125.42500305175781,125.68499755859375,3572.0
2024-04-24 10:38:00,WHF,12.760000228881836,12.760000228881836,12.760000228881836,12.760000228881836,12.760000228881836,426.0
2024-04-24 10:38:00,WHLM,6.710000038146973,6.710000038146973,7.0,6.710000038146973,6.870200157165527,10193.0
2024-04-24 10:38:00,WHLR,0.14339999854564667,0.14339999854564667,0.14339999854564667,0.14339999854564667,0.14339999854564667,50.0
2024-04-24 10:38:00,WIMI,0.8700000047683716,0.8700000047683716,0.8700000047683716,0.8629999756813049,0.8665000200271606,10624.0
2024-04-24 10:38:00,WISA,6.610000133514404,6.610000133514404,6.679999828338623,6.550000190734863,6.650100231170654,41734.0
2024-04-24 10:38:00,WIX,124.63999938964844,124.63999938964844,124.63999938964844,124.63999938964844,124.63999938964844,691.0
2024-04-24 10:38:00,WKHS,0.16210000216960907,0.16210000216960907,0.16259999573230743,0.16200000047683716,0.1624000072479248,29428.0
2024-04-24 10:38:00,WMG,32.279998779296875,32.279998779296875,32.279998779296875,32.2599983215332,32.2599983215332,997.0
2024-04-24 10:38:00,WSC,37.88999938964844,37.88999938964844,37.88999938964844,37.87950134277344,37.87950134277344,2308.0
2024-04-24 10:38:00,WTFC,99.58999633789062,99.58999633789062,99.62999725341797,99.5199966430664,99.5199966430664,816.0
2024-04-24 10:38:00,WVE,5.050000190734863,5.050000190734863,5.050000190734863,5.050000190734863,5.050000190734863,121.0
2024-04-24 10:38:00,WW,1.684999942779541,1.684999942779541,1.684999942779541,1.684999942779541,1.684999942779541,2084.0
2024-04-24 10:38:00,WYNN,97.1500015258789,97.1500015258789,97.2699966430664,97.1500015258789,97.25499725341797,1762.0
2024-04-24 10:38:00,XEL,55.179901123046875,55.179901123046875,55.209999084472656,55.15999984741211,55.209999084472656,9618.0
2024-04-24 10:38:00,XLO,1.090000033378601,1.090000033378601,1.090000033378601,1.090000033378601,1.090000033378601,420.0
2024-04-24 10:38:00,XNCR,18.09000015258789,18.09000015258789,18.125,18.09000015258789,18.125,3338.0
2024-04-24 10:38:00,XP,20.399999618530273,20.399999618530273,20.399999618530273,20.375,20.3799991607666,3494.0
2024-04-24 10:38:00,XPEL,54.745601654052734,54.745601654052734,54.745601654052734,54.745601654052734,54.745601654052734,238.0
2024-04-24 10:38:00,XRX,14.505000114440918,14.505000114440918,14.520000457763672,14.470000267028809,14.470000267028809,8136.0
2024-04-24 10:38:00,YTEN,0.2272000014781952,0.2272000014781952,0.2272000014781952,0.2272000014781952,0.2272000014781952,3406.0
2024-04-24 10:38:00,YTRA,1.2999999523162842,1.2999999523162842,1.309999942779541,1.2999999523162842,1.309999942779541,800.0
2024-04-24 10:38:00,Z,43.619998931884766,43.619998931884766,43.62990188598633,43.595001220703125,43.595001220703125,2230.0
2024-04-24 10:38:00,ZBRA,276.9200134277344,276.9200134277344,277.1199951171875,276.9200134277344,276.989990234375,1441.0
2024-04-24 10:38:00,ZI,15.824999809265137,15.824999809265137,15.824999809265137,15.8100004196167,15.8100004196167,3234.0
2024-04-24 10:38:00,ZION,41.97999954223633,41.97999954223633,41.98500061035156,41.974998474121094,41.974998474121094,2077.0
2024-04-24 10:38:00,ZLAB,15.930000305175781,15.930000305175781,15.930000305175781,15.880000114440918,15.904999732971191,2072.0
2024-04-24 10:38:00,ZM,61.369998931884766,61.369998931884766,61.380001068115234,61.34000015258789,61.34000015258789,2902.0
2024-04-24 10:38:00,ZS,179.8800048828125,179.8800048828125,179.94000244140625,179.82000732421875,179.82000732421875,2163.0
2024-04-24 10:38:00,ZURA,3.2699999809265137,3.2699999809265137,3.2699999809265137,3.2699999809265137,3.2699999809265137,950.0
2024-04-24 10:38:00,ZYXI,11.40999984741211,11.40999984741211,11.419899940490723,11.399999618530273,11.419899940490723,1412.0
2024-04-24 10:39:00,AIXI,1.2940000295639038,1.2940000295639038,1.2940000295639038,1.2899999618530273,1.2899999618530273,1470.0
2024-04-24 10:39:00,EGHT,2.2850000858306885,2.2850000858306885,2.2850000858306885,2.2825000286102295,2.2850000858306885,819.0
2024-04-24 10:39:00,ETNB,8.699999809265137,8.699999809265137,8.710000038146973,8.699999809265137,8.710000038146973,5489.0
2024-04-24 10:39:00,FEAM,1.159999966621399,1.159999966621399,1.159999966621399,1.159999966621399,1.159999966621399,341.0
2024-04-24 10:39:00,FREE,4.820000171661377,4.820000171661377,4.820000171661377,4.820000171661377,4.820000171661377,110.0
2024-04-24 10:39:00,MASS,5.710000038146973,5.710000038146973,5.710000038146973,5.710000038146973,5.710000038146973,51.0
2024-04-24 10:39:00,ME,0.47360000014305115,0.47360000014305115,0.47360000014305115,0.47360000014305115,0.47360000014305115,19.0
2024-04-24 10:39:00,TSVT,4.380000114440918,4.380000114440918,4.389999866485596,4.380000114440918,4.385000228881836,5057.0
2024-04-24 10:39:00,TWOU,0.23600000143051147,0.23600000143051147,0.23720000684261322,0.23600000143051147,0.23720000684261322,2838.0
2024-04-24 10:39:00,TXG,27.100000381469727,27.100000381469727,27.15999984741211,27.100000381469727,27.15999984741211,3316.0
2024-04-24 10:39:00,VERU,1.309999942779541,1.309999942779541,1.3104000091552734,1.309999942779541,1.309999942779541,10260.0
2024-04-24 10:39:00,VERV,6.849999904632568,6.849999904632568,6.849999904632568,6.849999904632568,6.849999904632568,552.0
2024-04-24 10:39:00,VERX,29.09000015258789,29.09000015258789,29.100000381469727,29.049999237060547,29.079999923706055,72464.0
2024-04-24 10:39:00,VFS,2.5408999919891357,2.5408999919891357,2.5443999767303467,2.5408999919891357,2.5443999767303467,1749.0
2024-04-24 10:39:00,VIR,8.224599838256836,8.224599838256836,8.224599838256836,8.224599838256836,8.224599838256836,702.0
2024-04-24 10:39:00,VIRT,22.344999313354492,22.344999313354492,22.3700008392334,22.344999313354492,22.344999313354492,2670.0
2024-04-24 10:39:00,VIRX,0.8697999715805054,0.8697999715805054,0.8697999715805054,0.8697999715805054,0.8697999715805054,104.0
2024-04-24 10:39:00,VITL,26.940000534057617,26.940000534057617,27.040000915527344,26.940000534057617,27.040000915527344,5687.0
2024-04-24 10:39:00,VKTX,66.50499725341797,66.50499725341797,66.66500091552734,66.49500274658203,66.55999755859375,5185.0
2024-04-24 10:39:00,VMD,8.039999961853027,8.039999961853027,8.039999961853027,8.039999961853027,8.039999961853027,220.0
2024-04-24 10:39:00,VNOM,40.20000076293945,40.20000076293945,40.21500015258789,40.19499969482422,40.19499969482422,1784.0
2024-04-24 10:39:00,VOD,8.53499984741211,8.53499984741211,8.53499984741211,8.524999618530273,8.528800010681152,14086.0
2024-04-24 10:39:00,VOXR,2.0199999809265137,2.0199999809265137,2.0299999713897705,2.009999990463257,2.0299999713897705,11607.0
2024-04-24 10:39:00,VRDN,13.8100004196167,13.8100004196167,13.824999809265137,13.8100004196167,13.824999809265137,2125.0
2024-04-24 10:39:00,VRNA,15.449999809265137,15.449999809265137,15.449999809265137,15.449999809265137,15.449999809265137,1258.0
2024-04-24 10:39:00,VRTX,401.114990234375,401.114990234375,401.114990234375,401.114990234375,401.114990234375,729.0
2024-04-24 10:39:00,VTGN,4.769999980926514,4.769999980926514,4.769999980926514,4.769999980926514,4.769999980926514,138.0
2024-04-24 10:39:00,VTNR,1.5950000286102295,1.5950000286102295,1.5999000072479248,1.590000033378601,1.590000033378601,7539.0
2024-04-24 10:39:00,VTRS,11.350000381469727,11.350000381469727,11.350000381469727,11.343999862670898,11.350000381469727,7593.0
2024-04-24 10:39:00,VYGR,7.579999923706055,7.579999923706055,7.579999923706055,7.579999923706055,7.579999923706055,108.0
2024-04-24 10:39:00,WABC,47.21500015258789,47.21500015258789,47.21500015258789,47.21500015258789,47.21500015258789,230.0
2024-04-24 10:39:00,WAFD,27.730100631713867,27.730100631713867,27.770000457763672,27.730100631713867,27.770000457763672,307.0
2024-04-24 10:39:00,WB,8.345000267028809,8.345000267028809,8.345000267028809,8.345000267028809,8.345000267028809,717.0
2024-04-24 10:39:00,WBA,17.635000228881836,17.635000228881836,17.65999984741211,17.6299991607666,17.655000686645508,30495.0
2024-04-24 10:39:00,WBD,8.345000267028809,8.345000267028809,8.359999656677246,8.34000015258789,8.354999542236328,30788.0
2024-04-24 10:39:00,WDAY,255.99000549316406,255.99000549316406,256.1400146484375,255.99000549316406,256.0299987792969,2715.0
2024-04-24 10:39:00,WDC,69.43000030517578,69.43000030517578,69.47000122070312,69.41999816894531,69.44999694824219,3154.0
2024-04-24 10:39:00,WEN,19.899999618530273,19.899999618530273,19.903200149536133,19.899999618530273,19.903200149536133,388.0
2024-04-24 10:39:00,WERN,35.20000076293945,35.20000076293945,35.220001220703125,35.18000030517578,35.220001220703125,2276.0
2024-04-24 10:39:00,WFRD,125.66999816894531,125.66999816894531,125.69000244140625,125.66999816894531,125.69000244140625,1691.0
2024-04-24 10:39:00,WHF,12.779999732971191,12.779999732971191,12.779999732971191,12.779999732971191,12.779999732971191,171.0
2024-04-24 10:39:00,WHLM,6.739999771118164,6.739999771118164,6.744999885559082,6.739999771118164,6.744999885559082,1802.0
2024-04-24 10:39:00,WIMI,0.864799976348877,0.864799976348877,0.8665000200271606,0.8629999756813049,0.8629999756813049,18380.0
2024-04-24 10:39:00,WING,364.69000244140625,364.69000244140625,364.69000244140625,364.69000244140625,364.69000244140625,343.0
2024-04-24 10:39:00,WISA,6.625,6.625,6.690000057220459,6.5706000328063965,6.613399982452393,30657.0
2024-04-24 10:39:00,WKHS,0.16220000386238098,0.16220000386238098,0.1624000072479248,0.1615000069141388,0.1623000055551529,28394.0
2024-04-24 10:39:00,WLDS,0.48980000615119934,0.48980000615119934,0.48980000615119934,0.48980000615119934,0.48980000615119934,6.0
2024-04-24 10:39:00,WMG,32.2599983215332,32.2599983215332,32.263999938964844,32.2599983215332,32.263999938964844,3012.0
2024-04-24 10:39:00,WRLD,137.91000366210938,137.91000366210938,137.9199981689453,137.91000366210938,137.9199981689453,860.0
2024-04-24 10:39:00,WSBC,28.0,28.0,28.0,28.0,28.0,541.0
2024-04-24 10:39:00,WSBF,11.770000457763672,11.770000457763672,11.770000457763672,11.770000457763672,11.770000457763672,454.0
2024-04-24 10:39:00,WSC,37.849998474121094,37.849998474121094,37.88999938964844,37.849998474121094,37.88999938964844,2543.0
2024-04-24 10:39:00,WSFS,44.32500076293945,44.32500076293945,44.32500076293945,44.32500076293945,44.32500076293945,743.0
2024-04-24 10:39:00,WW,1.684999942779541,1.684999942779541,1.684999942779541,1.684999942779541,1.684999942779541,1734.0
2024-04-24 10:39:00,WYNN,97.12000274658203,97.12000274658203,97.19999694824219,97.04000091552734,97.19999694824219,8985.0
2024-04-24 10:39:00,XEL,55.2400016784668,55.2400016784668,55.2599983215332,55.18000030517578,55.18000030517578,8330.0
2024-04-24 10:39:00,XERS,1.7549999952316284,1.7549999952316284,1.7549999952316284,1.7549999952316284,1.7549999952316284,3646.0
2024-04-24 10:39:00,XFOR,1.274999976158142,1.274999976158142,1.2798000574111938,1.2699999809265137,1.2798000574111938,15700.0
2024-04-24 10:39:00,XLO,1.090000033378601,1.090000033378601,1.090000033378601,1.090000033378601,1.090000033378601,400.0
2024-04-24 10:39:00,XNCR,18.102500915527344,18.102500915527344,18.110000610351562,18.084999084472656,18.084999084472656,1318.0
2024-04-24 10:39:00,XP,20.3799991607666,20.3799991607666,20.399999618530273,20.3700008392334,20.399999618530273,9717.0
2024-04-24 10:39:00,XRX,14.5600004196167,14.5600004196167,14.569999694824219,14.524999618530273,14.529999732971191,15063.0
2024-04-24 10:39:00,YTEN,0.2328999936580658,0.2328999936580658,0.2328999936580658,0.2272000014781952,0.2272000014781952,3207.0
2024-04-24 10:39:00,YTRA,1.2999999523162842,1.2999999523162842,1.3085999488830566,1.2999999523162842,1.2999999523162842,6404.0
2024-04-24 10:39:00,Z,43.599998474121094,43.599998474121094,43.599998474121094,43.59000015258789,43.59000015258789,2985.0
2024-04-24 10:39:00,ZI,15.8149995803833,15.8149995803833,15.819999694824219,15.8149995803833,15.819999694824219,5339.0
2024-04-24 10:39:00,ZIMV,15.880000114440918,15.880000114440918,15.880000114440918,15.880000114440918,15.880000114440918,2071.0
2024-04-24 10:39:00,ZION,41.970001220703125,41.970001220703125,41.970001220703125,41.959999084472656,41.959999084472656,287.0
2024-04-24 10:39:00,ZKIN,0.6499000191688538,0.6499000191688538,0.6499000191688538,0.6499000191688538,0.6499000191688538,400.0
2024-04-24 10:39:00,ZLAB,15.9399995803833,15.9399995803833,15.9399995803833,15.9399995803833,15.9399995803833,571.0
2024-04-24 10:39:00,ZM,61.36000061035156,61.36000061035156,61.369998931884766,61.349998474121094,61.349998474121094,1185.0
2024-04-24 10:39:00,ZNTL,12.5600004196167,12.5600004196167,12.5600004196167,12.5600004196167,12.5600004196167,631.0
2024-04-24 10:39:00,ZS,179.85499572753906,179.85499572753906,179.99000549316406,179.8000030517578,179.8800048828125,8039.0
2024-04-24 10:39:00,ZUMZ,17.0,17.0,17.0,17.0,17.0,129.0
2024-04-24 10:39:00,ZVSA,0.5800999999046326,0.5800999999046326,0.5800999999046326,0.5799999833106995,0.5800999999046326,6063.0
2024-04-24 10:39:00,ZYME,8.579999923706055,8.579999923706055,8.579999923706055,8.579999923706055,8.579999923706055,170.0
2024-04-24 10:39:00,ZYXI,11.420000076293945,11.420000076293945,11.420000076293945,11.40999984741211,11.40999984741211,687.0
2024-04-24 10:40:00,COCO,23.709999084472656,23.709999084472656,23.709999084472656,23.709999084472656,23.709999084472656,676.0
2024-04-24 10:40:00,DSP,8.770000457763672,8.770000457763672,8.770000457763672,8.770000457763672,8.770000457763672,3609.0
2024-04-24 10:40:00,EGHT,2.2850000858306885,2.2850000858306885,2.2850000858306885,2.2850000858306885,2.2850000858306885,303.0
2024-04-24 10:40:00,ETNB,8.710000038146973,8.710000038146973,8.710000038146973,8.699999809265137,8.699999809265137,1181.0
2024-04-24 10:40:00,FDMT,25.089000701904297,25.089000701904297,25.089000701904297,25.06999969482422,25.06999969482422,360.0
2024-04-24 10:40:00,MAPS,1.100000023841858,1.100000023841858,1.100000023841858,1.100000023841858,1.100000023841858,326.0
2024-04-24 10:40:00,ME,0.47369998693466187,0.47369998693466187,0.4740999937057495,0.47369998693466187,0.4740999937057495,1195.0
2024-04-24 10:40:00,SEAT,5.835000038146973,5.835000038146973,5.840000152587891,5.820000171661377,5.829999923706055,15791.0
2024-04-24 10:40:00,TKLF,0.2222999930381775,0.2222999930381775,0.2222999930381775,0.2222999930381775,0.2222999930381775,2250.0
2024-04-24 10:40:00,TSVT,4.380000114440918,4.380000114440918,4.380000114440918,4.379899978637695,4.379899978637695,5734.0
2024-04-24 10:40:00,TWOU,0.23680000007152557,0.23680000007152557,0.23680000007152557,0.2361000031232834,0.2361000031232834,2576.0
2024-04-24 10:40:00,TXG,27.06999969482422,27.06999969482422,27.079999923706055,27.06999969482422,27.06999969482422,4281.0
2024-04-24 10:40:00,VC,110.91000366210938,110.91000366210938,110.91000366210938,110.91000366210938,110.91000366210938,122.0
2024-04-24 10:40:00,VCTR,49.529998779296875,49.529998779296875,49.584999084472656,49.529998779296875,49.584999084472656,1143.0
2024-04-24 10:40:00,VERU,1.315000057220459,1.315000057220459,1.315000057220459,1.315000057220459,1.315000057220459,237.0
2024-04-24 10:40:00,VERV,6.829999923706055,6.829999923706055,6.840000152587891,6.829999923706055,6.829999923706055,1416.0
2024-04-24 10:40:00,VIAV,7.954999923706055,7.954999923706055,7.954999923706055,7.949999809265137,7.949999809265137,2730.0
2024-04-24 10:40:00,VIR,8.21500015258789,8.21500015258789,8.225000381469727,8.21500015258789,8.225000381469727,1476.0
2024-04-24 10:40:00,VIRT,22.31999969482422,22.31999969482422,22.364999771118164,22.31999969482422,22.344999313354492,3354.0
2024-04-24 10:40:00,VITL,26.959999084472656,26.959999084472656,26.959999084472656,26.90999984741211,26.90999984741211,1553.0
2024-04-24 10:40:00,VKTX,66.5999984741211,66.5999984741211,66.5999984741211,66.51000213623047,66.51499938964844,6019.0
2024-04-24 10:40:00,VLCN,0.2549999952316284,0.2549999952316284,0.2551000118255615,0.2549999952316284,0.2551000118255615,2181.0
2024-04-24 10:40:00,VMEO,3.5399999618530273,3.5399999618530273,3.5399999618530273,3.5399999618530273,3.5399999618530273,107.0
2024-04-24 10:40:00,VOD,8.524999618530273,8.524999618530273,8.529999732971191,8.524999618530273,8.529999732971191,12323.0
2024-04-24 10:40:00,VOR,1.8200000524520874,1.8200000524520874,1.8200000524520874,1.8200000524520874,1.8200000524520874,112.0
2024-04-24 10:40:00,VRDN,13.760000228881836,13.760000228881836,13.800000190734863,13.760000228881836,13.800000190734863,3209.0
2024-04-24 10:40:00,VRRM,24.40999984741211,24.40999984741211,24.40999984741211,24.399999618530273,24.399999618530273,1759.0
2024-04-24 10:40:00,VRTX,401.0799865722656,401.0799865722656,401.0799865722656,400.9800109863281,400.9800109863281,570.0
2024-04-24 10:40:00,VSAT,16.239999771118164,16.239999771118164,16.25,16.239999771118164,16.249000549316406,927.0
2024-04-24 10:40:00,VTRS,11.350000381469727,11.350000381469727,11.350000381469727,11.345000267028809,11.350000381469727,1772.0
2024-04-24 10:40:00,VTSI,12.114999771118164,12.114999771118164,12.114999771118164,12.114999771118164,12.114999771118164,203.0
2024-04-24 10:40:00,VUZI,1.3331999778747559,1.3331999778747559,1.3331999778747559,1.3331999778747559,1.3331999778747559,200.0
2024-04-24 10:40:00,VYGR,7.590000152587891,7.590000152587891,7.590000152587891,7.580100059509277,7.580100059509277,1600.0
2024-04-24 10:40:00,WB,8.319999694824219,8.319999694824219,8.345000267028809,8.319999694824219,8.345000267028809,4701.0
2024-04-24 10:40:00,WBA,17.645000457763672,17.645000457763672,17.649999618530273,17.635000228881836,17.635000228881836,24758.0
2024-04-24 10:40:00,WBD,8.351400375366211,8.351400375366211,8.359999656677246,8.345000267028809,8.345000267028809,55126.0
2024-04-24 10:40:00,WDAY,256.0299987792969,256.0299987792969,256.04998779296875,255.97500610351562,255.97500610351562,1335.0
2024-04-24 10:40:00,WDC,69.43000030517578,69.43000030517578,69.43499755859375,69.36000061035156,69.41999816894531,6258.0
2024-04-24 10:40:00,WEN,19.915000915527344,19.915000915527344,19.915000915527344,19.90999984741211,19.90999984741211,3306.0
2024-04-24 10:40:00,WERN,35.220001220703125,35.220001220703125,35.220001220703125,35.220001220703125,35.220001220703125,479.0
2024-04-24 10:40:00,WFRD,126.0,126.0,126.0,125.83999633789062,125.83999633789062,12447.0
2024-04-24 10:40:00,WHF,12.800000190734863,12.800000190734863,12.800000190734863,12.800000190734863,12.800000190734863,557.0
2024-04-24 10:40:00,WHLM,6.75,6.75,6.75,6.699999809265137,6.727200031280518,3217.0
2024-04-24 10:40:00,WHLR,0.14339999854564667,0.14339999854564667,0.14339999854564667,0.14339999854564667,0.14339999854564667,200.0
2024-04-24 10:40:00,WIMI,0.8637999892234802,0.8637999892234802,0.864799976348877,0.8629999756813049,0.864799976348877,15946.0
2024-04-24 10:40:00,WISA,6.500100135803223,6.500100135803223,6.649899959564209,6.5,6.599999904632568,71387.0
2024-04-24 10:40:00,WIX,124.4749984741211,124.4749984741211,124.4749984741211,124.37999725341797,124.38999938964844,530.0
2024-04-24 10:40:00,WKHS,0.16200000047683716,0.16200000047683716,0.16210000216960907,0.16200000047683716,0.16210000216960907,3487.0
2024-04-24 10:40:00,WMG,32.2400016784668,32.2400016784668,32.25,32.224998474121094,32.25,1392.0
2024-04-24 10:40:00,WSBC,28.06999969482422,28.06999969482422,28.06999969482422,28.040000915527344,28.040000915527344,1497.0
2024-04-24 10:40:00,WSC,37.849998474121094,37.849998474121094,37.849998474121094,37.84000015258789,37.84000015258789,1280.0
2024-04-24 10:40:00,WVE,5.039999961853027,5.039999961853027,5.039999961853027,5.039999961853027,5.039999961853027,541.0
2024-04-24 10:40:00,WW,1.6799999475479126,1.6799999475479126,1.6800999641418457,1.6799999475479126,1.6800999641418457,6944.0
2024-04-24 10:40:00,WYNN,97.23999786376953,97.23999786376953,97.23999786376953,97.1500015258789,97.1500015258789,6007.0
2024-04-24 10:40:00,XEL,55.19499969482422,55.19499969482422,55.2400016784668,55.189998626708984,55.2400016784668,5894.0
2024-04-24 10:40:00,XERS,1.7549999952316284,1.7549999952316284,1.7549999952316284,1.7450000047683716,1.75,32217.0
2024-04-24 10:40:00,XFOR,1.2742999792099,1.2742999792099,1.2742999792099,1.2742999792099,1.2742999792099,635.0
2024-04-24 10:40:00,XLO,1.090000033378601,1.090000033378601,1.090000033378601,1.090000033378601,1.090000033378601,425.0
2024-04-24 10:40:00,XNCR,18.09000015258789,18.09000015258789,18.09000015258789,18.09000015258789,18.09000015258789,324.0
2024-04-24 10:40:00,XP,20.405000686645508,20.405000686645508,20.405000686645508,20.380199432373047,20.385000228881836,4997.0
2024-04-24 10:40:00,XRX,14.555000305175781,14.555000305175781,14.574999809265137,14.550000190734863,14.555000305175781,6208.0
2024-04-24 10:40:00,YTEN,0.2395000010728836,0.2395000010728836,0.2395000010728836,0.2395000010728836,0.2395000010728836,3807.0
2024-04-24 10:40:00,Z,43.650001525878906,43.650001525878906,43.65999984741211,43.619998931884766,43.650001525878906,3850.0
2024-04-24 10:40:00,ZAPP,4.539999961853027,4.539999961853027,4.579999923706055,4.539999961853027,4.579999923706055,1037.0
2024-04-24 10:40:00,ZI,15.829999923706055,15.829999923706055,15.829999923706055,15.8149995803833,15.8149995803833,1532.0
2024-04-24 10:40:00,ZION,41.95500183105469,41.95500183105469,41.970001220703125,41.93000030517578,41.959999084472656,5442.0
2024-04-24 10:40:00,ZM,61.36000061035156,61.36000061035156,61.377601623535156,61.34000015258789,61.345001220703125,2510.0
2024-04-24 10:40:00,ZNTL,12.539999961853027,12.539999961853027,12.5600004196167,12.529999732971191,12.529999732971191,4839.0
2024-04-24 10:40:00,ZS,179.75,179.75,179.83999633789062,179.72000122070312,179.77999877929688,3718.0
2024-04-24 10:40:00,ZUMZ,17.0,17.0,17.0,16.985000610351562,16.985000610351562,1057.0
2024-04-24 10:40:00,ZURA,3.299999952316284,3.299999952316284,3.299999952316284,3.2699999809265137,3.2699999809265137,0.0
2024-04-24 10:41:00,COCO,23.690000534057617,23.690000534057617,23.690000534057617,23.690000534057617,23.690000534057617,276.0
2024-04-24 10:41:00,EGHT,2.2850000858306885,2.2850000858306885,2.2850000858306885,2.2850000858306885,2.2850000858306885,300.0
2024-04-24 10:41:00,ETNB,8.710000038146973,8.710000038146973,8.710000038146973,8.710000038146973,8.710000038146973,782.0
2024-04-24 10:41:00,FDMT,24.959999084472656,24.959999084472656,25.020000457763672,24.959999084472656,25.020000457763672,1119.0
2024-04-24 10:41:00,MASS,5.710000038146973,5.710000038146973,5.710000038146973,5.710000038146973,5.710000038146973,288.0
2024-04-24 10:41:00,ME,0.47360000014305115,0.47360000014305115,0.4745999872684479,0.47360000014305115,0.4745999872684479,1016.0
2024-04-24 10:41:00,TKLF,0.23000000417232513,0.23000000417232513,0.23000000417232513,0.23000000417232513,0.23000000417232513,649.0
2024-04-24 10:41:00,TSVT,4.380000114440918,4.380000114440918,4.380000114440918,4.380000114440918,4.380000114440918,111.0
2024-04-24 10:41:00,TWOU,0.2370000034570694,0.2370000034570694,0.2370000034570694,0.2361000031232834,0.23690000176429749,17772.0
2024-04-24 10:41:00,TXG,27.059999465942383,27.059999465942383,27.075000762939453,27.059999465942383,27.075000762939453,3055.0
2024-04-24 10:41:00,VCTR,49.5,49.5,49.52000045776367,49.5,49.52000045776367,833.0
2024-04-24 10:41:00,VERU,1.3200000524520874,1.3200000524520874,1.3200000524520874,1.3200000524520874,1.3200000524520874,905.0
2024-04-24 10:41:00,VERV,6.827600002288818,6.827600002288818,6.827600002288818,6.820000171661377,6.820000171661377,261.0
2024-04-24 10:41:00,VERX,29.084999084472656,29.084999084472656,29.084999084472656,29.084999084472656,29.084999084472656,682.0
2024-04-24 10:41:00,VFF,1.3300000429153442,1.3300000429153442,1.340000033378601,1.3300000429153442,1.340000033378601,2252.0
2024-04-24 10:41:00,VFS,2.5381999015808105,2.5381999015808105,2.5399999618530273,2.5381999015808105,2.5399999618530273,5251.0
2024-04-24 10:41:00,VIAV,7.949999809265137,7.949999809265137,7.949999809265137,7.949999809265137,7.949999809265137,2133.0
2024-04-24 10:41:00,VIR,8.212499618530273,8.212499618530273,8.21500015258789,8.212499618530273,8.21500015258789,344.0
2024-04-24 10:41:00,VIRI,0.4449000060558319,0.4449000060558319,0.4449000060558319,0.4449000060558319,0.4449000060558319,0.0
2024-04-24 10:41:00,VIRT,22.290000915527344,22.290000915527344,22.31999969482422,22.28499984741211,22.31999969482422,2385.0
2024-04-24 10:41:00,VITL,26.969999313354492,26.969999313354492,26.969999313354492,26.969999313354492,26.969999313354492,399.0
2024-04-24 10:41:00,VIVK,1.5198999643325806,1.5198999643325806,1.5198999643325806,1.5198999643325806,1.5198999643325806,1080.0
2024-04-24 10:41:00,VKTX,66.33499908447266,66.33499908447266,66.63999938964844,66.33000183105469,66.58499908447266,11875.0
2024-04-24 10:41:00,VLCN,0.25119999051094055,0.25119999051094055,0.2515000104904175,0.25119999051094055,0.25119999051094055,7487.0
2024-04-24 10:41:00,VMEO,3.5350000858306885,3.5350000858306885,3.5399999618530273,3.5350000858306885,3.5399999618530273,480.0
2024-04-24 10:41:00,VRTX,400.3999938964844,400.3999938964844,400.6499938964844,400.3999938964844,400.6499938964844,1736.0
2024-04-24 10:41:00,VSAT,16.21500015258789,16.21500015258789,16.229999542236328,16.21500015258789,16.229999542236328,6278.0
2024-04-24 10:41:00,VSME,0.41519999504089355,0.41519999504089355,0.41519999504089355,0.41519999504089355,0.41519999504089355,843.0
2024-04-24 10:41:00,VTGN,4.769999980926514,4.769999980926514,4.769999980926514,4.769999980926514,4.769999980926514,146.0
2024-04-24 10:41:00,VTNR,1.590000033378601,1.590000033378601,1.590000033378601,1.590000033378601,1.590000033378601,1202.0
2024-04-24 10:41:00,VTRS,11.34000015258789,11.34000015258789,11.350000381469727,11.335000038146973,11.350000381469727,4386.0
2024-04-24 10:41:00,VUZI,1.3350000381469727,1.3350000381469727,1.3350000381469727,1.3350000381469727,1.3350000381469727,411.0
2024-04-24 10:41:00,VYGR,7.559999942779541,7.559999942779541,7.579999923706055,7.559999942779541,7.579999923706055,1264.0
2024-04-24 10:41:00,WAFD,27.75,27.75,27.780000686645508,27.75,27.780000686645508,948.0
2024-04-24 10:41:00,WAFDP,15.75,15.75,15.75,15.75,15.75,644.0
2024-04-24 10:41:00,WASH,25.950000762939453,25.950000762939453,25.959999084472656,25.950000762939453,25.959999084472656,983.0
2024-04-24 10:41:00,WB,8.319999694824219,8.319999694824219,8.319999694824219,8.3149995803833,8.319999694824219,1764.0
2024-04-24 10:41:00,WBA,17.655000686645508,17.655000686645508,17.659900665283203,17.645000457763672,17.649999618530273,36817.0
2024-04-24 10:41:00,WBD,8.364999771118164,8.364999771118164,8.364999771118164,8.350899696350098,8.3548002243042,48488.0
2024-04-24 10:41:00,WBUY,0.3246000111103058,0.3246000111103058,0.3246000111103058,0.3244999945163727,0.3244999945163727,7000.0
2024-04-24 10:41:00,WDAY,255.80499267578125,255.80499267578125,255.91000366210938,255.75999450683594,255.91000366210938,2931.0
2024-04-24 10:41:00,WDC,69.31999969482422,69.31999969482422,69.43499755859375,69.29000091552734,69.43499755859375,13515.0
2024-04-24 10:41:00,WEN,19.885000228881836,19.885000228881836,19.90999984741211,19.8799991607666,19.90999984741211,4505.0
2024-04-24 10:41:00,WERN,35.2599983215332,35.2599983215332,35.26499938964844,35.2599983215332,35.26499938964844,1617.0
2024-04-24 10:41:00,WFRD,125.875,125.875,126.0,125.81999969482422,126.0,17970.0
2024-04-24 10:41:00,WIMI,0.8644999861717224,0.8644999861717224,0.8647000193595886,0.8618999719619751,0.8629999756813049,23611.0
2024-04-24 10:41:00,WING,364.04998779296875,364.04998779296875,364.760009765625,364.04998779296875,364.760009765625,880.0
2024-04-24 10:41:00,WINT,4.997499942779541,4.997499942779541,4.997499942779541,4.997499942779541,4.997499942779541,272.0
2024-04-24 10:41:00,WISA,6.430099964141846,6.430099964141846,6.524799823760986,6.420000076293945,6.518799781799316,45887.0
2024-04-24 10:41:00,WIX,124.4749984741211,124.4749984741211,124.4749984741211,124.4749984741211,124.4749984741211,967.0
2024-04-24 10:41:00,WKHS,0.16210000216960907,0.16210000216960907,0.16210000216960907,0.16189999878406525,0.16189999878406525,35578.0
2024-04-24 10:41:00,WMG,32.23500061035156,32.23500061035156,32.2400016784668,32.23500061035156,32.2400016784668,466.0
2024-04-24 10:41:00,WSBC,28.09000015258789,28.09000015258789,28.09000015258789,28.030000686645508,28.030000686645508,818.0
2024-04-24 10:41:00,WSC,37.83000183105469,37.83000183105469,37.85499954223633,37.83000183105469,37.85499954223633,3010.0
2024-04-24 10:41:00,WTFC,99.58999633789062,99.58999633789062,99.58999633789062,99.58999633789062,99.58999633789062,114.0
2024-04-24 10:41:00,WTW,263.3999938964844,263.3999938964844,263.6199951171875,263.3999938964844,263.6199951171875,1602.0
2024-04-24 10:41:00,WW,1.6799999475479126,1.6799999475479126,1.6799999475479126,1.6799999475479126,1.6799999475479126,704.0
2024-04-24 10:41:00,WYNN,97.22959899902344,97.22959899902344,97.31600189208984,97.22959899902344,97.23999786376953,5663.0
2024-04-24 10:41:00,XEL,55.13999938964844,55.13999938964844,55.20000076293945,55.13999938964844,55.20000076293945,5091.0
2024-04-24 10:41:00,XERS,1.7549999952316284,1.7549999952316284,1.7549999952316284,1.7549999952316284,1.7549999952316284,1175.0
2024-04-24 10:41:00,XFOR,1.2799999713897705,1.2799999713897705,1.2799999713897705,1.2799999713897705,1.2799999713897705,227.0
2024-04-24 10:41:00,XLO,1.090000033378601,1.090000033378601,1.0901000499725342,1.090000033378601,1.0901000499725342,2493.0
2024-04-24 10:41:00,XP,20.389999389648438,20.389999389648438,20.405000686645508,20.389999389648438,20.399999618530273,11602.0
2024-04-24 10:41:00,XPEL,54.76499938964844,54.76499938964844,54.76499938964844,54.76499938964844,54.76499938964844,1438.0
2024-04-24 10:41:00,XRX,14.545000076293945,14.545000076293945,14.555000305175781,14.54010009765625,14.550000190734863,5097.0
2024-04-24 10:41:00,YTEN,0.22699999809265137,0.22699999809265137,0.22699999809265137,0.22699999809265137,0.22699999809265137,18050.0
2024-04-24 10:41:00,YTRA,1.2999999523162842,1.2999999523162842,1.2999999523162842,1.2999999523162842,1.2999999523162842,1797.0
2024-04-24 10:41:00,Z,43.61000061035156,43.61000061035156,43.66999816894531,43.61000061035156,43.619998931884766,9928.0
2024-04-24 10:41:00,ZBRA,276.3900146484375,276.3900146484375,276.3900146484375,276.3900146484375,276.3900146484375,816.0
2024-04-24 10:41:00,ZG,43.060001373291016,43.060001373291016,43.06999969482422,43.04999923706055,43.04999923706055,1759.0
2024-04-24 10:41:00,ZI,15.819999694824219,15.819999694824219,15.819999694824219,15.819999694824219,15.819999694824219,3703.0
2024-04-24 10:41:00,ZION,41.93000030517578,41.93000030517578,41.98500061035156,41.91999816894531,41.98500061035156,2312.0
2024-04-24 10:41:00,ZM,61.30500030517578,61.30500030517578,61.349998474121094,61.290000915527344,61.349998474121094,4346.0
2024-04-24 10:41:00,ZS,179.4600067138672,179.4600067138672,179.82000732421875,179.4600067138672,179.7449951171875,2526.0
2024-04-24 10:41:00,ZUMZ,17.020000457763672,17.020000457763672,17.020000457763672,17.0,17.0,1104.0
2024-04-24 10:42:00,EGHT,2.2899999618530273,2.2899999618530273,2.2899999618530273,2.2850000858306885,2.2850000858306885,302.0
2024-04-24 10:42:00,ETNB,8.699999809265137,8.699999809265137,8.710000038146973,8.699999809265137,8.710000038146973,632.0
2024-04-24 10:42:00,FDMT,24.950000762939453,24.950000762939453,25.014999389648438,24.950000762939453,25.014999389648438,925.0
2024-04-24 10:42:00,MAPS,1.0800000429153442,1.0800000429153442,1.100000023841858,1.0800000429153442,1.100000023841858,350.0
2024-04-24 10:42:00,ME,0.4740999937057495,0.4740999937057495,0.4742000102996826,0.47360000014305115,0.4742000102996826,929.0
2024-04-24 10:42:00,SEAT,5.835000038146973,5.835000038146973,5.835000038146973,5.835000038146973,5.835000038146973,10643.0
2024-04-24 10:42:00,TKLF,0.23000000417232513,0.23000000417232513,0.23000000417232513,0.23000000417232513,0.23000000417232513,300.0
2024-04-24 10:42:00,TSVT,4.380000114440918,4.380000114440918,4.380000114440918,4.380000114440918,4.380000114440918,116.0
2024-04-24 10:42:00,TWOU,0.23749999701976776,0.23749999701976776,0.23749999701976776,0.23749999701976776,0.23749999701976776,720.0
2024-04-24 10:42:00,TXG,27.059999465942383,27.059999465942383,27.09000015258789,27.059999465942383,27.09000015258789,3036.0
2024-04-24 10:42:00,VC,110.65499877929688,110.65499877929688,110.65499877929688,110.65499877929688,110.65499877929688,417.0
2024-04-24 10:42:00,VCTR,49.53499984741211,49.53499984741211,49.53499984741211,49.5,49.5,805.0
2024-04-24 10:42:00,VERU,1.3250000476837158,1.3250000476837158,1.3300000429153442,1.3200000524520874,1.3200000524520874,1598.0
2024-04-24 10:42:00,VERV,6.820000171661377,6.820000171661377,6.829999923706055,6.820000171661377,6.829999923706055,728.0
2024-04-24 10:42:00,VERX,29.135000228881836,29.135000228881836,29.15999984741211,29.104999542236328,29.110000610351562,11637.0
2024-04-24 10:42:00,VFS,2.530100107192993,2.530100107192993,2.5350000858306885,2.530100107192993,2.5350000858306885,10900.0
2024-04-24 10:42:00,VICR,34.060001373291016,34.060001373291016,34.06999969482422,34.060001373291016,34.060001373291016,1215.0
2024-04-24 10:42:00,VIR,8.194999694824219,8.194999694824219,8.21500015258789,8.194999694824219,8.21500015258789,3179.0
2024-04-24 10:42:00,VIRT,22.309999465942383,22.309999465942383,22.309999465942383,22.295000076293945,22.299999237060547,2508.0
2024-04-24 10:42:00,VITL,26.979999542236328,26.979999542236328,26.979999542236328,26.979999542236328,26.979999542236328,509.0
2024-04-24 10:42:00,VKTX,66.49500274658203,66.49500274658203,66.61499786376953,66.33999633789062,66.37750244140625,6409.0
2024-04-24 10:42:00,VLCN,0.24889999628067017,0.24889999628067017,0.25099998712539673,0.24879999458789825,0.25099998712539673,51160.0
2024-04-24 10:42:00,VMEO,3.5350000858306885,3.5350000858306885,3.5399999618530273,3.5350000858306885,3.5399999618530273,3109.0
2024-04-24 10:42:00,VNOM,40.185001373291016,40.185001373291016,40.185001373291016,40.185001373291016,40.185001373291016,444.0
2024-04-24 10:42:00,VOD,8.53499984741211,8.53499984741211,8.53499984741211,8.524999618530273,8.524999618530273,19190.0
2024-04-24 10:42:00,VOR,1.7999999523162842,1.7999999523162842,1.809999942779541,1.7949999570846558,1.809999942779541,11162.0
2024-04-24 10:42:00,VRCA,6.75,6.75,6.75,6.75,6.75,1814.0
2024-04-24 10:42:00,VRDN,13.75,13.75,13.78499984741211,13.75,13.78499984741211,1514.0
2024-04-24 10:42:00,VRRM,24.389999389648438,24.389999389648438,24.389999389648438,24.389999389648438,24.389999389648438,616.0
2024-04-24 10:42:00,VRTX,400.7200012207031,400.7200012207031,400.7749938964844,400.30999755859375,400.3900146484375,4522.0
2024-04-24 10:42:00,VSAT,16.239999771118164,16.239999771118164,16.239999771118164,16.170000076293945,16.200000762939453,35979.0
2024-04-24 10:42:00,VTNR,1.5850000381469727,1.5850000381469727,1.590000033378601,1.5850000381469727,1.590000033378601,9016.0
2024-04-24 10:42:00,VTRS,11.335000038146973,11.335000038146973,11.34000015258789,11.335000038146973,11.34000015258789,868.0
2024-04-24 10:42:00,VUZI,1.3350000381469727,1.3350000381469727,1.3350000381469727,1.3300000429153442,1.3300000429153442,208.0
2024-04-24 10:42:00,WAFD,27.809999465942383,27.809999465942383,27.809999465942383,27.760000228881836,27.760000228881836,1804.0
2024-04-24 10:42:00,WB,8.3149995803833,8.3149995803833,8.319999694824219,8.3149995803833,8.319999694824219,1543.0
2024-04-24 10:42:00,WBA,17.649999618530273,17.649999618530273,17.66900062561035,17.649999618530273,17.65999984741211,27781.0
2024-04-24 10:42:00,WBD,8.354999542236328,8.354999542236328,8.364999771118164,8.350899696350098,8.364999771118164,44407.0
2024-04-24 10:42:00,WBUY,0.32659998536109924,0.32659998536109924,0.32659998536109924,0.3246000111103058,0.3246000111103058,11601.0
2024-04-24 10:42:00,WDAY,255.8300018310547,255.8300018310547,255.8699951171875,255.80499267578125,255.80499267578125,1950.0
2024-04-24 10:42:00,WDC,69.12999725341797,69.12999725341797,69.31999969482422,69.11000061035156,69.31999969482422,15011.0
2024-04-24 10:42:00,WEN,19.885000228881836,19.885000228881836,19.889999389648438,19.880300521850586,19.889999389648438,4277.0
2024-04-24 10:42:00,WERN,35.334999084472656,35.334999084472656,35.334999084472656,35.31999969482422,35.334999084472656,5431.0
2024-04-24 10:42:00,WFRD,126.0,126.0,126.20999908447266,125.80000305175781,125.87000274658203,7756.0
2024-04-24 10:42:00,WHLM,6.845399856567383,6.845399856567383,6.845399856567383,6.840000152587891,6.840000152587891,547.0
2024-04-24 10:42:00,WHLR,0.14319999516010284,0.14319999516010284,0.14319999516010284,0.14319999516010284,0.14319999516010284,100.0
2024-04-24 10:42:00,WHLRP,1.5169999599456787,1.5169999599456787,1.5199999809265137,1.5099999904632568,1.5099999904632568,0.0
2024-04-24 10:42:00,WIMI,0.8748000264167786,0.8748000264167786,0.8748000264167786,0.8641999959945679,0.8646000027656555,27076.0
2024-04-24 10:42:00,WING,363.989990234375,363.989990234375,364.04998779296875,363.9599914550781,363.9599914550781,1209.0
2024-04-24 10:42:00,WISA,6.27810001373291,6.27810001373291,6.460000038146973,6.210000038146973,6.441999912261963,115962.0
2024-04-24 10:42:00,WIX,124.41999816894531,124.41999816894531,124.43000030517578,124.37000274658203,124.43000030517578,2332.0
2024-04-24 10:42:00,WKHS,0.16210000216960907,0.16210000216960907,0.16210000216960907,0.16200000047683716,0.16210000216960907,11069.0
2024-04-24 10:42:00,WMG,32.23500061035156,32.23500061035156,32.25,32.23500061035156,32.2400016784668,1752.0
2024-04-24 10:42:00,WRNT,0.26510000228881836,0.26510000228881836,0.26510000228881836,0.26510000228881836,0.26510000228881836,1032.0
2024-04-24 10:42:00,WSBF,11.770000457763672,11.770000457763672,11.770000457763672,11.770000457763672,11.770000457763672,455.0
2024-04-24 10:42:00,WSC,37.83000183105469,37.83000183105469,37.84000015258789,37.81999969482422,37.83000183105469,2934.0
2024-04-24 10:42:00,WSFS,44.310001373291016,44.310001373291016,44.349998474121094,44.310001373291016,44.349998474121094,785.0
2024-04-24 10:42:00,WTFC,99.5199966430664,99.5199966430664,99.5199966430664,99.5199966430664,99.5199966430664,197.0
2024-04-24 10:42:00,WTFCP,24.939599990844727,24.939599990844727,24.939599990844727,24.939599990844727,24.939599990844727,1466.0
2024-04-24 10:42:00,WVE,5.019999980926514,5.019999980926514,5.019999980926514,5.019999980926514,5.019999980926514,380.0
2024-04-24 10:42:00,WW,1.6699999570846558,1.6699999570846558,1.6799999475479126,1.6699999570846558,1.6799999475479126,25969.0
2024-04-24 10:42:00,WWD,149.8000030517578,149.8000030517578,149.8000030517578,149.75,149.7899932861328,1325.0
2024-04-24 10:42:00,WYNN,97.16000366210938,97.16000366210938,97.23750305175781,97.11000061035156,97.23750305175781,1406.0
2024-04-24 10:42:00,XEL,55.10499954223633,55.10499954223633,55.14929962158203,55.06999969482422,55.14929962158203,7562.0
2024-04-24 10:42:00,XFOR,1.274999976158142,1.274999976158142,1.274999976158142,1.274999976158142,1.274999976158142,751.0
2024-04-24 10:42:00,XLO,1.090000033378601,1.090000033378601,1.090000033378601,1.090000033378601,1.090000033378601,400.0
2024-04-24 10:42:00,XMTR,17.010000228881836,17.010000228881836,17.010000228881836,17.010000228881836,17.010000228881836,1053.0
2024-04-24 10:42:00,XNCR,18.079999923706055,18.079999923706055,18.09000015258789,18.079999923706055,18.09000015258789,872.0
2024-04-24 10:42:00,XP,20.350000381469727,20.350000381469727,20.3799991607666,20.350000381469727,20.3799991607666,7529.0
2024-04-24 10:42:00,XRX,14.529999732971191,14.529999732971191,14.550000190734863,14.524999618530273,14.545000076293945,7191.0
2024-04-24 10:42:00,XXII,1.7400000095367432,1.7400000095367432,1.7400000095367432,1.7400000095367432,1.7400000095367432,1478.0
2024-04-24 10:42:00,Z,43.61000061035156,43.61000061035156,43.650001525878906,43.61000061035156,43.630001068115234,2752.0
2024-04-24 10:42:00,ZAPP,4.539999961853027,4.539999961853027,4.548299789428711,4.539999961853027,4.548299789428711,2160.0
2024-04-24 10:42:00,ZBRA,276.239990234375,276.239990234375,276.239990234375,276.239990234375,276.239990234375,1263.0
2024-04-24 10:42:00,ZFOXW,0.08529999852180481,0.08529999852180481,0.08529999852180481,0.08529999852180481,0.08529999852180481,0.0
2024-04-24 10:42:00,ZG,43.060001373291016,43.060001373291016,43.060001373291016,43.060001373291016,43.060001373291016,188.0
2024-04-24 10:42:00,ZI,15.819999694824219,15.819999694824219,15.824999809265137,15.8149995803833,15.8149995803833,5985.0
2024-04-24 10:42:00,ZION,41.959999084472656,41.959999084472656,41.974998474121094,41.95000076293945,41.95000076293945,1945.0
2024-04-24 10:42:00,ZIONP,19.979999542236328,19.979999542236328,19.979999542236328,19.979999542236328,19.979999542236328,0.0
2024-04-24 10:42:00,ZLAB,15.920000076293945,15.920000076293945,15.9399995803833,15.920000076293945,15.9399995803833,1501.0
2024-04-24 10:42:00,ZM,61.29999923706055,61.29999923706055,61.33000183105469,61.29999923706055,61.31999969482422,2094.0
2024-04-24 10:42:00,ZS,179.53500366210938,179.53500366210938,179.5500030517578,179.4499969482422,179.4499969482422,1469.0
2024-04-24 10:42:00,ZUMZ,17.030000686645508,17.030000686645508,17.03499984741211,17.030000686645508,17.03499984741211,1087.0
2024-04-24 10:42:00,ZYME,8.574999809265137,8.574999809265137,8.574999809265137,8.567500114440918,8.567500114440918,475.0
2024-04-24 10:42:00,ZYXI,11.420000076293945,11.420000076293945,11.420000076293945,11.420000076293945,11.420000076293945,1365.0
2024-04-24 10:43:00,ETNB,8.699999809265137,8.699999809265137,8.710000038146973,8.699999809265137,8.710000038146973,617.0
2024-04-24 10:43:00,FDMT,24.93000030517578,24.93000030517578,24.93000030517578,24.93000030517578,24.93000030517578,637.0
2024-04-24 10:43:00,FREE,4.820000171661377,4.820000171661377,4.820000171661377,4.820000171661377,4.820000171661377,210.0
2024-04-24 10:43:00,HOWL,6.413599967956543,6.413599967956543,6.413599967956543,6.413599967956543,6.413599967956543,441.0
2024-04-24 10:43:00,MAPS,1.080399990081787,1.080399990081787,1.090000033378601,1.0801000595092773,1.0801000595092773,12439.0
2024-04-24 10:43:00,ME,0.4740999937057495,0.4740999937057495,0.4742000102996826,0.47360000014305115,0.47369998693466187,3676.0
2024-04-24 10:43:00,SEAT,5.835000038146973,5.835000038146973,5.835000038146973,5.835000038146973,5.835000038146973,0.0
2024-04-24 10:43:00,TKLF,0.23000000417232513,0.23000000417232513,0.23000000417232513,0.23000000417232513,0.23000000417232513,1.0
2024-04-24 10:43:00,TWOU,0.2370000034570694,0.2370000034570694,0.2370000034570694,0.2370000034570694,0.2370000034570694,501.0
2024-04-24 10:43:00,TXG,27.065000534057617,27.065000534057617,27.09000015258789,27.065000534057617,27.075000762939453,3450.0
2024-04-24 10:43:00,VERU,1.3102999925613403,1.3102999925613403,1.3200000524520874,1.309999942779541,1.3200000524520874,4278.0
2024-04-24 10:43:00,VERV,6.840000152587891,6.840000152587891,6.860000133514404,6.829999923706055,6.829999923706055,3507.0
2024-04-24 10:43:00,VERX,29.084999084472656,29.084999084472656,29.15999984741211,29.06999969482422,29.135000228881836,94974.0
2024-04-24 10:43:00,VFF,1.3234000205993652,1.3234000205993652,1.3234000205993652,1.3234000205993652,1.3234000205993652,449.0
2024-04-24 10:43:00,VFS,2.5299999713897705,2.5299999713897705,2.539799928665161,2.5299999713897705,2.530100107192993,6805.0
2024-04-24 10:43:00,VICR,34.06999969482422,34.06999969482422,34.150001525878906,33.9900016784668,34.10499954223633,2491.0
2024-04-24 10:43:00,VIRT,22.325000762939453,22.325000762939453,22.329999923706055,22.309999465942383,22.309999465942383,2158.0
2024-04-24 10:43:00,VITL,27.010000228881836,27.010000228881836,27.049999237060547,26.99570083618164,26.99570083618164,9605.0
2024-04-24 10:43:00,VIVK,1.5099999904632568,1.5099999904632568,1.5099999904632568,1.5099999904632568,1.5099999904632568,1018.0
2024-04-24 10:43:00,VKTX,66.6333999633789,66.6333999633789,66.68990325927734,66.57499694824219,66.61000061035156,3081.0
2024-04-24 10:43:00,VLCN,0.25,0.25,0.2500999867916107,0.24899999797344208,0.25,37150.0
2024-04-24 10:43:00,VNOM,40.130001068115234,40.130001068115234,40.18000030517578,40.119998931884766,40.14500045776367,1817.0
2024-04-24 10:43:00,VOD,8.53499984741211,8.53499984741211,8.539999961853027,8.529999732971191,8.539899826049805,16335.0
2024-04-24 10:43:00,VOR,1.8049999475479126,1.8049999475479126,1.809999942779541,1.8049999475479126,1.809999942779541,791.0
2024-04-24 10:43:00,VOXR,2.0,2.0,2.009999990463257,2.0,2.009999990463257,1256.0
2024-04-24 10:43:00,VRDN,13.795000076293945,13.795000076293945,13.805000305175781,13.779999732971191,13.779999732971191,1457.0
2024-04-24 10:43:00,VRRM,24.395000457763672,24.395000457763672,24.395000457763672,24.395000457763672,24.395000457763672,348.0
2024-04-24 10:43:00,VRTX,400.9800109863281,400.9800109863281,400.9800109863281,400.67999267578125,400.67999267578125,3432.0
2024-04-24 10:43:00,VSAT,16.239999771118164,16.239999771118164,16.239999771118164,16.239999771118164,16.239999771118164,242.0
2024-04-24 10:43:00,VTGN,4.769999980926514,4.769999980926514,4.769999980926514,4.769999980926514,4.769999980926514,132.0
2024-04-24 10:43:00,VTNR,1.5850000381469727,1.5850000381469727,1.589400053024292,1.5850000381469727,1.5850000381469727,3469.0
2024-04-24 10:43:00,VTRS,11.335000038146973,11.335000038146973,11.34000015258789,11.329999923706055,11.335000038146973,3229.0
2024-04-24 10:43:00,VYGR,7.559999942779541,7.559999942779541,7.559999942779541,7.559999942779541,7.559999942779541,109.0
2024-04-24 10:43:00,WABC,47.279998779296875,47.279998779296875,47.279998779296875,47.279998779296875,47.279998779296875,507.0
2024-04-24 10:43:00,WAFD,27.81999969482422,27.81999969482422,27.81999969482422,27.815000534057617,27.815000534057617,353.0
2024-04-24 10:43:00,WB,8.324999809265137,8.324999809265137,8.324999809265137,8.319999694824219,8.319999694824219,612.0
2024-04-24 10:43:00,WBA,17.655000686645508,17.655000686645508,17.65999984741211,17.649999618530273,17.65999984741211,12775.0
2024-04-24 10:43:00,WBD,8.364999771118164,8.364999771118164,8.367799758911133,8.350000381469727,8.350000381469727,28493.0
2024-04-24 10:43:00,WDAY,255.42999267578125,255.42999267578125,255.72500610351562,255.42999267578125,255.72500610351562,1373.0
2024-04-24 10:43:00,WDC,69.18000030517578,69.18000030517578,69.19999694824219,69.0999984741211,69.0999984741211,20601.0
2024-04-24 10:43:00,WEN,19.889999389648438,19.889999389648438,19.889999389648438,19.860000610351562,19.8799991607666,9160.0
2024-04-24 10:43:00,WERN,35.375,35.375,35.375,35.3650016784668,35.3650016784668,724.0
2024-04-24 10:43:00,WFRD,125.97000122070312,125.97000122070312,126.10990142822266,125.94000244140625,126.08000183105469,2453.0
2024-04-24 10:43:00,WHLM,6.764800071716309,6.764800071716309,6.795000076293945,6.76140022277832,6.795000076293945,687.0
2024-04-24 10:43:00,WHLR,0.1429000049829483,0.1429000049829483,0.14300000667572021,0.1429000049829483,0.14300000667572021,217.0
2024-04-24 10:43:00,WIMI,0.8464000225067139,0.8464000225067139,0.871999979019165,0.8464000225067139,0.871999979019165,85641.0
2024-04-24 10:43:00,WISA,6.300000190734863,6.300000190734863,6.329899787902832,6.260000228881836,6.289999961853027,34482.0
2024-04-24 10:43:00,WIX,124.31500244140625,124.31500244140625,124.42500305175781,124.25,124.42500305175781,2318.0
2024-04-24 10:43:00,WKHS,0.16210000216960907,0.16210000216960907,0.16210000216960907,0.16200000047683716,0.16210000216960907,10733.0
2024-04-24 10:43:00,WMG,32.244998931884766,32.244998931884766,32.244998931884766,32.244998931884766,32.244998931884766,244.0
2024-04-24 10:43:00,WSBC,28.190000534057617,28.190000534057617,28.190000534057617,28.18000030517578,28.18000030517578,1513.0
2024-04-24 10:43:00,WSC,37.8650016784668,37.8650016784668,37.8650016784668,37.84000015258789,37.84000015258789,3073.0
2024-04-24 10:43:00,WSFS,44.36000061035156,44.36000061035156,44.3650016784668,44.349998474121094,44.349998474121094,1408.0
2024-04-24 10:43:00,WW,1.6699999570846558,1.6699999570846558,1.6749999523162842,1.6699999570846558,1.6749999523162842,9952.0
2024-04-24 10:43:00,WWD,149.4801025390625,149.4801025390625,149.75050354003906,149.4801025390625,149.75050354003906,713.0
2024-04-24 10:43:00,WYNN,97.33999633789062,97.33999633789062,97.34500122070312,97.20500183105469,97.20999908447266,4926.0
2024-04-24 10:43:00,XEL,55.08000183105469,55.08000183105469,55.08000183105469,55.06999969482422,55.06999969482422,1526.0
2024-04-24 10:43:00,XENE,40.69499969482422,40.69499969482422,40.69499969482422,40.69499969482422,40.69499969482422,1210.0
2024-04-24 10:43:00,XFOR,1.2799999713897705,1.2799999713897705,1.2799999713897705,1.2702000141143799,1.2799999713897705,10849.0
2024-04-24 10:43:00,XLO,1.090000033378601,1.090000033378601,1.090000033378601,1.090000033378601,1.090000033378601,200.0
2024-04-24 10:43:00,XNCR,18.1200008392334,18.1200008392334,18.1200008392334,18.079999923706055,18.100000381469727,968.0
2024-04-24 10:43:00,XOS,7.599999904632568,7.599999904632568,7.599999904632568,7.599999904632568,7.599999904632568,1151.0
2024-04-24 10:43:00,XP,20.34000015258789,20.34000015258789,20.364999771118164,20.34000015258789,20.354999542236328,5684.0
2024-04-24 10:43:00,XRX,14.545000076293945,14.545000076293945,14.569999694824219,14.524999618530273,14.524999618530273,12123.0
2024-04-24 10:43:00,YTEN,0.22020000219345093,0.22020000219345093,0.22370000183582306,0.22020000219345093,0.22370000183582306,50441.0
2024-04-24 10:43:00,Z,43.63999938964844,43.63999938964844,43.650001525878906,43.63999938964844,43.650001525878906,779.0
2024-04-24 10:43:00,ZCMD,1.6749999523162842,1.6749999523162842,1.6749999523162842,1.6749999523162842,1.6749999523162842,865.0
2024-04-24 10:43:00,ZI,15.835000038146973,15.835000038146973,15.835000038146973,15.824999809265137,15.824999809265137,1298.0
2024-04-24 10:43:00,ZION,41.9900016784668,41.9900016784668,42.0099983215332,41.959999084472656,41.959999084472656,2516.0
2024-04-24 10:43:00,ZLAB,15.920000076293945,15.920000076293945,15.949999809265137,15.920000076293945,15.9399995803833,2242.0
2024-04-24 10:43:00,ZM,61.30500030517578,61.30500030517578,61.31999969482422,61.30500030517578,61.310001373291016,2470.0
2024-04-24 10:43:00,ZNTL,12.579999923706055,12.579999923706055,12.579999923706055,12.539999961853027,12.539999961853027,913.0
2024-04-24 10:43:00,ZS,179.3800048828125,179.3800048828125,179.44000244140625,179.3699951171875,179.44000244140625,1171.0
2024-04-24 10:43:00,ZURA,3.299999952316284,3.299999952316284,3.299999952316284,3.2850000858306885,3.2850000858306885,633.0
2024-04-24 10:43:00,ZYME,8.569999694824219,8.569999694824219,8.569999694824219,8.569999694824219,8.569999694824219,202.0
2024-04-24 10:43:00,ZYXI,11.420000076293945,11.420000076293945,11.420000076293945,11.420000076293945,11.420000076293945,102.0
2024-04-24 10:44:00,ATNF,1.8006000518798828,1.8006000518798828,1.8006000518798828,1.8006000518798828,1.8006000518798828,500.0
2024-04-24 10:44:00,COCO,23.700000762939453,23.700000762939453,23.700000762939453,23.700000762939453,23.700000762939453,344.0
2024-04-24 10:44:00,EGHT,2.2799999713897705,2.2799999713897705,2.2850000858306885,2.2799999713897705,2.2850000858306885,6091.0
2024-04-24 10:44:00,ETNB,8.694999694824219,8.694999694824219,8.699999809265137,8.694999694824219,8.699999809265137,2160.0
2024-04-24 10:44:00,MAPS,1.090000033378601,1.090000033378601,1.090000033378601,1.090000033378601,1.090000033378601,0.0
2024-04-24 10:44:00,MASS,5.71999979019165,5.71999979019165,5.724999904632568,5.710000038146973,5.710000038146973,2656.0
2024-04-24 10:44:00,ME,0.4740999937057495,0.4740999937057495,0.4742000102996826,0.47360000014305115,0.47369998693466187,8275.0
2024-04-24 10:44:00,SCWO,1.3200000524520874,1.3200000524520874,1.3200000524520874,1.3200000524520874,1.3200000524520874,1500.0
2024-04-24 10:44:00,SEAT,5.820000171661377,5.820000171661377,5.829999923706055,5.820000171661377,5.829999923706055,7281.0
2024-04-24 10:44:00,TWOU,0.2363000065088272,0.2363000065088272,0.23659999668598175,0.23600000143051147,0.23639999330043793,14991.0
2024-04-24 10:44:00,TXG,27.040000915527344,27.040000915527344,27.040000915527344,27.030000686645508,27.030000686645508,2381.0
2024-04-24 10:44:00,VCTR,49.573001861572266,49.573001861572266,49.573001861572266,49.540000915527344,49.540000915527344,527.0
2024-04-24 10:44:00,VERU,1.3118000030517578,1.3118000030517578,1.315000057220459,1.3118000030517578,1.315000057220459,2155.0
2024-04-24 10:44:00,VERV,6.829999923706055,6.829999923706055,6.849999904632568,6.829999923706055,6.849999904632568,906.0
2024-04-24 10:44:00,VERX,29.100000381469727,29.100000381469727,29.100000381469727,29.059999465942383,29.059999465942383,51676.0
2024-04-24 10:44:00,VFF,1.3200000524520874,1.3200000524520874,1.340000033378601,1.3200000524520874,1.3300000429153442,2201.0
2024-04-24 10:44:00,VFS,2.5199999809265137,2.5199999809265137,2.5250000953674316,2.5199999809265137,2.5201001167297363,17056.0
2024-04-24 10:44:00,VIGL,2.7200000286102295,2.7200000286102295,2.7200000286102295,2.7200000286102295,2.7200000286102295,426.0
2024-04-24 10:44:00,VIR,8.164999961853027,8.164999961853027,8.164999961853027,8.164999961853027,8.164999961853027,595.0
2024-04-24 10:44:00,VIRI,0.4440000057220459,0.4440000057220459,0.4440000057220459,0.4440000057220459,0.4440000057220459,100.0
2024-04-24 10:44:00,VIRT,22.32900047302246,22.32900047302246,22.334999084472656,22.325000762939453,22.329999923706055,2788.0
2024-04-24 10:44:00,VITL,27.0,27.0,27.0,27.0,27.0,851.0
2024-04-24 10:44:00,VIVK,1.5099999904632568,1.5099999904632568,1.5099999904632568,1.5099999904632568,1.5099999904632568,500.0
2024-04-24 10:44:00,VKTX,66.52510070800781,66.52510070800781,66.69000244140625,66.41000366210938,66.61000061035156,5765.0
2024-04-24 10:44:00,VLCN,0.24819999933242798,0.24819999933242798,0.25,0.24819999933242798,0.25,4826.0
2024-04-24 10:44:00,VMEO,3.5350000858306885,3.5350000858306885,3.5350000858306885,3.5350000858306885,3.5350000858306885,651.0
2024-04-24 10:44:00,VNOM,40.11000061035156,40.11000061035156,40.11000061035156,40.11000061035156,40.11000061035156,753.0
2024-04-24 10:44:00,VOD,8.539999961853027,8.539999961853027,8.539999961853027,8.539999961853027,8.539999961853027,28025.0
2024-04-24 10:44:00,VRCA,6.679999828338623,6.679999828338623,6.75,6.679999828338623,6.75,588.0
2024-04-24 10:44:00,VRDN,13.805000305175781,13.805000305175781,13.805000305175781,13.805000305175781,13.805000305175781,725.0
2024-04-24 10:44:00,VRRM,24.364999771118164,24.364999771118164,24.364999771118164,24.364999771118164,24.364999771118164,504.0
2024-04-24 10:44:00,VRTX,401.29998779296875,401.29998779296875,401.5299987792969,401.0069885253906,401.0069885253906,3233.0
2024-04-24 10:44:00,VSAT,16.229999542236328,16.229999542236328,16.239999771118164,16.229999542236328,16.239999771118164,1791.0
2024-04-24 10:44:00,VTGN,4.769999980926514,4.769999980926514,4.769999980926514,4.769999980926514,4.769999980926514,400.0
2024-04-24 10:44:00,VTNR,1.5850000381469727,1.5850000381469727,1.5850000381469727,1.5850000381469727,1.5850000381469727,2182.0
2024-04-24 10:44:00,VTRS,11.34000015258789,11.34000015258789,11.34000015258789,11.34000015258789,11.34000015258789,3210.0
2024-04-24 10:44:00,VUZI,1.3300000429153442,1.3300000429153442,1.3350000381469727,1.3300000429153442,1.3350000381469727,785.0
2024-04-24 10:44:00,VYGR,7.554999828338623,7.554999828338623,7.559999942779541,7.554999828338623,7.559999942779541,829.0
2024-04-24 10:44:00,WB,8.345000267028809,8.345000267028809,8.345000267028809,8.324999809265137,8.329999923706055,8998.0
2024-04-24 10:44:00,WBA,17.677499771118164,17.677499771118164,17.68000030517578,17.655000686645508,17.655000686645508,24477.0
2024-04-24 10:44:00,WBD,8.360099792480469,8.360099792480469,8.364999771118164,8.360099792480469,8.360099792480469,42533.0
2024-04-24 10:44:00,WDAY,255.52499389648438,255.52499389648438,255.52499389648438,255.52499389648438,255.52499389648438,587.0
2024-04-24 10:44:00,WDC,69.16500091552734,69.16500091552734,69.19000244140625,69.11000061035156,69.19000244140625,96176.0
2024-04-24 10:44:00,WEN,19.8799991607666,19.8799991607666,19.8799991607666,19.878299713134766,19.8799991607666,2525.0
2024-04-24 10:44:00,WERN,35.380001068115234,35.380001068115234,35.380001068115234,35.380001068115234,35.380001068115234,648.0
2024-04-24 10:44:00,WFRD,125.7300033569336,125.7300033569336,125.86499786376953,125.7300033569336,125.86499786376953,2352.0
2024-04-24 10:44:00,WHLM,6.730000019073486,6.730000019073486,6.7733001708984375,6.730000019073486,6.769999980926514,9266.0
2024-04-24 10:44:00,WHLR,0.14270000159740448,0.14270000159740448,0.14270000159740448,0.14270000159740448,0.14270000159740448,537.0
2024-04-24 10:44:00,WIMI,0.847000002861023,0.847000002861023,0.8519999980926514,0.8443999886512756,0.8500000238418579,19997.0
2024-04-24 10:44:00,WISA,6.360000133514404,6.360000133514404,6.369999885559082,6.289999961853027,6.330100059509277,20948.0
2024-04-24 10:44:00,WIX,124.30999755859375,124.30999755859375,124.30999755859375,124.30999755859375,124.30999755859375,1136.0
2024-04-24 10:44:00,WKHS,0.16169999539852142,0.16169999539852142,0.16210000216960907,0.16169999539852142,0.16200000047683716,17849.0
2024-04-24 10:44:00,WMG,32.25,32.25,32.25,32.25,32.25,534.0
2024-04-24 10:44:00,WRAP,1.999899983406067,1.999899983406067,1.999899983406067,1.9900000095367432,1.9900000095367432,8135.0
2024-04-24 10:44:00,WSBC,28.190000534057617,28.190000534057617,28.190000534057617,28.190000534057617,28.190000534057617,122.0
2024-04-24 10:44:00,WSC,37.81999969482422,37.81999969482422,37.880001068115234,37.81999969482422,37.880001068115234,5094.0
2024-04-24 10:44:00,WTFC,99.62999725341797,99.62999725341797,99.62999725341797,99.62999725341797,99.62999725341797,138.0
2024-04-24 10:44:00,WVE,5.03000020980835,5.03000020980835,5.03000020980835,5.03000020980835,5.03000020980835,200.0
2024-04-24 10:44:00,WW,1.6785999536514282,1.6785999536514282,1.6785999536514282,1.6785999536514282,1.6785999536514282,1215.0
2024-04-24 10:44:00,WYNN,97.33999633789062,97.33999633789062,97.37999725341797,97.33999633789062,97.33999633789062,1171.0
2024-04-24 10:44:00,XEL,55.084999084472656,55.084999084472656,55.09000015258789,55.04499816894531,55.07500076293945,5510.0
2024-04-24 10:44:00,XERS,1.75,1.75,1.753499984741211,1.75,1.753499984741211,4395.0
2024-04-24 10:44:00,XFOR,1.2799999713897705,1.2799999713897705,1.2799999713897705,1.2799999713897705,1.2799999713897705,2224.0
2024-04-24 10:44:00,XLO,1.090000033378601,1.090000033378601,1.090000033378601,1.090000033378601,1.090000033378601,200.0
2024-04-24 10:44:00,XNCR,18.09000015258789,18.09000015258789,18.100000381469727,18.09000015258789,18.100000381469727,455.0
2024-04-24 10:44:00,XP,20.364999771118164,20.364999771118164,20.3700008392334,20.34000015258789,20.34000015258789,2614.0
2024-04-24 10:44:00,XRX,14.545000076293945,14.545000076293945,14.550000190734863,14.539999961853027,14.545000076293945,3630.0
2024-04-24 10:44:00,YI,1.0880000591278076,1.0880000591278076,1.0880000591278076,1.0880000591278076,1.0880000591278076,8734.0
2024-04-24 10:44:00,YMAB,15.119999885559082,15.119999885559082,15.119999885559082,15.119999885559082,15.119999885559082,440.0
2024-04-24 10:44:00,YTEN,0.22020000219345093,0.22020000219345093,0.22020000219345093,0.22020000219345093,0.22020000219345093,1443.0
2024-04-24 10:44:00,Z,43.619998931884766,43.619998931884766,43.66999816894531,43.619998931884766,43.650001525878906,2666.0
2024-04-24 10:44:00,ZD,51.79999923706055,51.79999923706055,51.79999923706055,51.79999923706055,51.79999923706055,207.0
2024-04-24 10:44:00,ZG,43.08000183105469,43.08000183105469,43.08000183105469,43.08000183105469,43.08000183105469,259.0
2024-04-24 10:44:00,ZI,15.835000038146973,15.835000038146973,15.835000038146973,15.835000038146973,15.835000038146973,245.0
2024-04-24 10:44:00,ZION,41.959999084472656,41.959999084472656,41.959999084472656,41.959999084472656,41.959999084472656,715.0
2024-04-24 10:44:00,ZLAB,15.920999526977539,15.920999526977539,15.920999526977539,15.920999526977539,15.920999526977539,390.0
2024-04-24 10:44:00,ZM,61.34000015258789,61.34000015258789,61.349998474121094,61.29999923706055,61.314998626708984,6529.0
2024-04-24 10:44:00,ZS,179.375,179.375,179.3800048828125,179.375,179.3800048828125,1646.0
2024-04-24 10:44:00,ZURA,3.2699999809265137,3.2699999809265137,3.2699999809265137,3.2699999809265137,3.2699999809265137,210.0
2024-04-24 10:44:00,ZVSA,0.5800999999046326,0.5800999999046326,0.5800999999046326,0.5764999985694885,0.5799999833106995,29991.0
2024-04-24 10:44:00,ZYME,8.569999694824219,8.569999694824219,8.569999694824219,8.569999694824219,8.569999694824219,465.0
2024-04-24 10:44:00,ZYXI,11.390000343322754,11.390000343322754,11.39009952545166,11.390000343322754,11.39009952545166,1993.0
2024-04-24 10:45:00,COCO,23.700000762939453,23.700000762939453,23.700000762939453,23.68000030517578,23.69499969482422,505.0
2024-04-24 10:45:00,EGHT,2.2750000953674316,2.2750000953674316,2.2750000953674316,2.2750000953674316,2.2750000953674316,400.0
2024-04-24 10:45:00,ETNB,8.699999809265137,8.699999809265137,8.699999809265137,8.6899995803833,8.6899995803833,4974.0
2024-04-24 10:45:00,FDMT,24.920000076293945,24.920000076293945,24.940000534057617,24.920000076293945,24.940000534057617,925.0
2024-04-24 10:45:00,MAPS,1.100000023841858,1.100000023841858,1.100000023841858,1.100000023841858,1.100000023841858,300.0
2024-04-24 10:45:00,MASS,5.619999885559082,5.619999885559082,5.71999979019165,5.619999885559082,5.71999979019165,10342.0
2024-04-24 10:45:00,ME,0.47360000014305115,0.47360000014305115,0.47450000047683716,0.47360000014305115,0.47369998693466187,787.0
2024-04-24 10:45:00,SEAT,5.820000171661377,5.820000171661377,5.824999809265137,5.820000171661377,5.820000171661377,17581.0
2024-04-24 10:45:00,TSVT,4.360000133514404,4.360000133514404,4.369999885559082,4.360000133514404,4.369999885559082,623.0
2024-04-24 10:45:00,TWOU,0.23639999330043793,0.23639999330043793,0.23639999330043793,0.2362000048160553,0.2362000048160553,1634.0
2024-04-24 10:45:00,TXG,27.040000915527344,27.040000915527344,27.049999237060547,27.024999618530273,27.049999237060547,6683.0
2024-04-24 10:45:00,VC,110.86000061035156,110.86000061035156,110.86000061035156,110.68000030517578,110.68000030517578,1471.0
2024-04-24 10:45:00,VCTR,49.56999969482422,49.56999969482422,49.56999969482422,49.5,49.5,2151.0
2024-04-24 10:45:00,VERU,1.315000057220459,1.315000057220459,1.315000057220459,1.315000057220459,1.315000057220459,0.0
2024-04-24 10:45:00,VERV,6.829999923706055,6.829999923706055,6.829999923706055,6.824999809265137,6.829999923706055,1117.0
2024-04-24 10:45:00,VERX,29.020000457763672,29.020000457763672,29.084999084472656,29.020000457763672,29.084999084472656,86660.0
2024-04-24 10:45:00,VFS,2.505000114440918,2.505000114440918,2.515000104904175,2.5,2.515000104904175,35536.0
2024-04-24 10:45:00,VIAV,7.929999828338623,7.929999828338623,7.929999828338623,7.929999828338623,7.929999828338623,408.0
2024-04-24 10:45:00,VICR,34.060001373291016,34.060001373291016,34.060001373291016,34.060001373291016,34.060001373291016,1716.0
2024-04-24 10:45:00,VIRT,22.420000076293945,22.420000076293945,22.43000030517578,22.309999465942383,22.31999969482422,19585.0
2024-04-24 10:45:00,VITL,26.969999313354492,26.969999313354492,26.969999313354492,26.950000762939453,26.969999313354492,1078.0
2024-04-24 10:45:00,VIVK,1.5198999643325806,1.5198999643325806,1.5198999643325806,1.5099999904632568,1.5099999904632568,453.0
2024-04-24 10:45:00,VKTX,66.61000061035156,66.61000061035156,66.6500015258789,66.51000213623047,66.62850189208984,5037.0
2024-04-24 10:45:00,VLCN,0.25290000438690186,0.25290000438690186,0.25290000438690186,0.2483000010251999,0.2483000010251999,5559.0
2024-04-24 10:45:00,VMEO,3.5350000858306885,3.5350000858306885,3.5350000858306885,3.5350000858306885,3.5350000858306885,3311.0
2024-04-24 10:45:00,VNET,1.5099999904632568,1.5099999904632568,1.5099999904632568,1.5099999904632568,1.5099999904632568,2233.0
2024-04-24 10:45:00,VNOM,40.084999084472656,40.084999084472656,40.084999084472656,40.05459976196289,40.05459976196289,1254.0
2024-04-24 10:45:00,VOD,8.53499984741211,8.53499984741211,8.539999961853027,8.53499984741211,8.539999961853027,6778.0
2024-04-24 10:45:00,VOXR,2.0,2.0,2.0,2.0,2.0,15.0
2024-04-24 10:45:00,VRDN,13.800000190734863,13.800000190734863,13.800000190734863,13.760000228881836,13.760000228881836,1372.0
2024-04-24 10:45:00,VRRM,24.299999237060547,24.299999237060547,24.329999923706055,24.299999237060547,24.329999923706055,1252.0
2024-04-24 10:45:00,VRTX,400.9599914550781,400.9599914550781,401.0799865722656,400.9599914550781,401.0799865722656,938.0
2024-04-24 10:45:00,VS,1.3799999952316284,1.3799999952316284,1.3899999856948853,1.3799999952316284,1.3899999856948853,742.0
2024-04-24 10:45:00,VSAT,16.19499969482422,16.19499969482422,16.229999542236328,16.19499969482422,16.229999542236328,1561.0
2024-04-24 10:45:00,VTGN,4.75,4.75,4.75,4.75,4.75,238.0
2024-04-24 10:45:00,VTNR,1.5850000381469727,1.5850000381469727,1.5850000381469727,1.5850000381469727,1.5850000381469727,2309.0
2024-04-24 10:45:00,VTRS,11.34000015258789,11.34000015258789,11.345000267028809,11.335000038146973,11.34000015258789,5767.0
2024-04-24 10:45:00,VTSI,12.104000091552734,12.104000091552734,12.104000091552734,12.104000091552734,12.104000091552734,2253.0
2024-04-24 10:45:00,VUZI,1.3350000381469727,1.3350000381469727,1.340000033378601,1.3350000381469727,1.340000033378601,4912.0
2024-04-24 10:45:00,VVPR,3.690000057220459,3.690000057220459,3.690000057220459,3.677500009536743,3.677500009536743,602.0
2024-04-24 10:45:00,VYGR,7.559999942779541,7.559999942779541,7.559999942779541,7.559999942779541,7.559999942779541,54.0
2024-04-24 10:45:00,WAFD,27.780000686645508,27.780000686645508,27.780000686645508,27.770000457763672,27.770000457763672,863.0
2024-04-24 10:45:00,WB,8.34000015258789,8.34000015258789,8.345000267028809,8.34000015258789,8.345000267028809,1422.0
2024-04-24 10:45:00,WBA,17.68000030517578,17.68000030517578,17.68000030517578,17.670000076293945,17.670000076293945,24895.0
2024-04-24 10:45:00,WBD,8.364999771118164,8.364999771118164,8.369999885559082,8.350700378417969,8.364999771118164,85795.0
2024-04-24 10:45:00,WDAY,255.47000122070312,255.47000122070312,255.5749969482422,255.47000122070312,255.5749969482422,1308.0
2024-04-24 10:45:00,WDC,69.16999816894531,69.16999816894531,69.19999694824219,69.12989807128906,69.18000030517578,6425.0
2024-04-24 10:45:00,WDFC,225.5399932861328,225.5399932861328,225.5399932861328,225.5399932861328,225.5399932861328,576.0
2024-04-24 10:45:00,WEN,19.8799991607666,19.8799991607666,19.8799991607666,19.8799991607666,19.8799991607666,378.0
2024-04-24 10:45:00,WERN,35.345001220703125,35.345001220703125,35.349998474121094,35.345001220703125,35.349998474121094,946.0
2024-04-24 10:45:00,WFRD,125.3949966430664,125.3949966430664,125.55500030517578,125.33000183105469,125.55500030517578,2324.0
2024-04-24 10:45:00,WHLM,6.53000020980835,6.53000020980835,6.53000020980835,6.519999980926514,6.519999980926514,2306.0
2024-04-24 10:45:00,WHLR,0.14249999821186066,0.14249999821186066,0.14249999821186066,0.14249999821186066,0.14249999821186066,100.0
2024-04-24 10:45:00,WIMI,0.8629999756813049,0.8629999756813049,0.8629999756813049,0.8443999886512756,0.8457000255584717,14109.0
2024-04-24 10:45:00,WING,363.75,363.75,363.75,363.75,363.75,491.0
2024-04-24 10:45:00,WISA,6.329999923706055,6.329999923706055,6.360000133514404,6.329999923706055,6.358399868011475,14013.0
2024-04-24 10:45:00,WIX,124.07499694824219,124.07499694824219,124.2300033569336,124.07499694824219,124.2300033569336,845.0
2024-04-24 10:45:00,WKHS,0.1615999937057495,0.1615999937057495,0.16169999539852142,0.1615999937057495,0.1615999937057495,6717.0
2024-04-24 10:45:00,WLGS,0.5800999999046326,0.5800999999046326,0.5800999999046326,0.5800999999046326,0.5800999999046326,879.0
2024-04-24 10:45:00,WMG,32.25,32.25,32.25,32.25,32.25,660.0
2024-04-24 10:45:00,WRAP,1.9950000047683716,1.9950000047683716,1.9950000047683716,1.9950000047683716,1.9950000047683716,0.0
2024-04-24 10:45:00,WSC,37.78499984741211,37.78499984741211,37.79999923706055,37.78499984741211,37.79999923706055,1388.0
2024-04-24 10:45:00,WSFS,44.290000915527344,44.290000915527344,44.290000915527344,44.290000915527344,44.290000915527344,756.0
2024-04-24 10:45:00,WTFC,99.61000061035156,99.61000061035156,99.61000061035156,99.51000213623047,99.51000213623047,500.0
2024-04-24 10:45:00,WTW,263.29998779296875,263.29998779296875,263.29998779296875,263.29998779296875,263.29998779296875,127.0
2024-04-24 10:45:00,WVE,5.010000228881836,5.010000228881836,5.010000228881836,5.010000228881836,5.010000228881836,373.0
2024-04-24 10:45:00,WW,1.659999966621399,1.659999966621399,1.6699999570846558,1.659999966621399,1.6699999570846558,6119.0
2024-04-24 10:45:00,WYNN,97.33000183105469,97.33000183105469,97.37000274658203,97.30999755859375,97.37000274658203,1555.0
2024-04-24 10:45:00,XEL,55.09000015258789,55.09000015258789,55.09000015258789,55.049800872802734,55.08000183105469,6426.0
2024-04-24 10:45:00,XFOR,1.2799999713897705,1.2799999713897705,1.2799999713897705,1.2699999809265137,1.2699999809265137,2107.0
2024-04-24 10:45:00,XLO,1.100000023841858,1.100000023841858,1.1100000143051147,1.0980000495910645,1.100000023841858,7613.0
2024-04-24 10:45:00,XP,20.329999923706055,20.329999923706055,20.360000610351562,20.309999465942383,20.360000610351562,11915.0
2024-04-24 10:45:00,XPEL,54.650001525878906,54.650001525878906,54.650001525878906,54.650001525878906,54.650001525878906,516.0
2024-04-24 10:45:00,XRX,14.574999809265137,14.574999809265137,14.574999809265137,14.539999961853027,14.545000076293945,5926.0
2024-04-24 10:45:00,XWEL,1.6699999570846558,1.6699999570846558,1.6699999570846558,1.590000033378601,1.590000033378601,541.0
2024-04-24 10:45:00,YTEN,0.22360000014305115,0.22360000014305115,0.22360000014305115,0.22360000014305115,0.22360000014305115,1243.0
2024-04-24 10:45:00,Z,43.61000061035156,43.61000061035156,43.619998931884766,43.599998474121094,43.619998931884766,4232.0
2024-04-24 10:45:00,ZD,51.7599983215332,51.7599983215332,51.7599983215332,51.7599983215332,51.7599983215332,1082.0
2024-04-24 10:45:00,ZG,43.02000045776367,43.02000045776367,43.02000045776367,43.02000045776367,43.02000045776367,1136.0
2024-04-24 10:45:00,ZI,15.829999923706055,15.829999923706055,15.829999923706055,15.829999923706055,15.829999923706055,3809.0
2024-04-24 10:45:00,ZION,41.880001068115234,41.880001068115234,41.939998626708984,41.880001068115234,41.939998626708984,1974.0
2024-04-24 10:45:00,ZLAB,15.9399995803833,15.9399995803833,15.9399995803833,15.9399995803833,15.9399995803833,227.0
2024-04-24 10:45:00,ZM,61.31999969482422,61.31999969482422,61.349998474121094,61.30500030517578,61.321998596191406,9772.0
2024-04-24 10:45:00,ZS,179.35000610351562,179.35000610351562,179.3699951171875,179.25,179.3000030517578,3264.0
2024-04-24 10:45:00,ZVRA,4.510000228881836,4.510000228881836,4.510000228881836,4.510000228881836,4.510000228881836,153.0
2024-04-24 10:45:00,ZVSA,0.5763000249862671,0.5763000249862671,0.5764999985694885,0.5763000249862671,0.5764999985694885,4892.0
2024-04-24 10:46:00,ATNF,1.7999999523162842,1.7999999523162842,1.7999999523162842,1.7999999523162842,1.7999999523162842,290.0
2024-04-24 10:46:00,DSP,8.75,8.75,8.75,8.75,8.75,458.0
2024-04-24 10:46:00,EGHT,2.2799999713897705,2.2799999713897705,2.2799999713897705,2.2750000953674316,2.2750000953674316,136.0
2024-04-24 10:46:00,ETNB,8.720000267028809,8.720000267028809,8.720000267028809,8.704999923706055,8.704999923706055,1336.0
2024-04-24 10:46:00,FREE,4.820000171661377,4.820000171661377,4.820000171661377,4.820000171661377,4.820000171661377,240.0
2024-04-24 10:46:00,HOWL,6.460000038146973,6.460000038146973,6.460000038146973,6.460000038146973,6.460000038146973,741.0
2024-04-24 10:46:00,MAPS,1.100000023841858,1.100000023841858,1.100000023841858,1.090000033378601,1.100000023841858,1248.0
2024-04-24 10:46:00,MASS,5.630000114440918,5.630000114440918,5.630000114440918,5.630000114440918,5.630000114440918,790.0
2024-04-24 10:46:00,ME,0.47440001368522644,0.47440001368522644,0.47440001368522644,0.47360000014305115,0.47360000014305115,3209.0
2024-04-24 10:46:00,TSVT,4.369999885559082,4.369999885559082,4.369999885559082,4.369999885559082,4.369999885559082,1041.0
2024-04-24 10:46:00,TWOU,0.2361000031232834,0.2361000031232834,0.2361000031232834,0.2361000031232834,0.2361000031232834,834.0
2024-04-24 10:46:00,TXG,27.110000610351562,27.110000610351562,27.1200008392334,27.049999237060547,27.049999237060547,4480.0
2024-04-24 10:46:00,VERU,1.309999942779541,1.309999942779541,1.315000057220459,1.309999942779541,1.309999942779541,2179.0
2024-04-24 10:46:00,VERV,6.840000152587891,6.840000152587891,6.840000152587891,6.829999923706055,6.829999923706055,2383.0
2024-04-24 10:46:00,VERX,29.03499984741211,29.03499984741211,29.03499984741211,29.0,29.020000457763672,5882.0
2024-04-24 10:46:00,VFF,1.350000023841858,1.350000023841858,1.350000023841858,1.350000023841858,1.350000023841858,0.0
2024-04-24 10:46:00,VFS,2.515000104904175,2.515000104904175,2.515000104904175,2.5,2.505000114440918,24068.0
2024-04-24 10:46:00,VIAV,7.929999828338623,7.929999828338623,7.9375,7.925000190734863,7.925000190734863,1700.0
2024-04-24 10:46:00,VINC,0.9423999786376953,0.9423999786376953,0.9423999786376953,0.9399999976158142,0.9399999976158142,1093.0
2024-04-24 10:46:00,VIRT,22.479999542236328,22.479999542236328,22.479999542236328,22.420000076293945,22.420000076293945,983.0
2024-04-24 10:46:00,VITL,26.969999313354492,26.969999313354492,26.979999542236328,26.959999084472656,26.979999542236328,1408.0
2024-04-24 10:46:00,VIVK,1.5199999809265137,1.5199999809265137,1.5199999809265137,1.5199999809265137,1.5199999809265137,161.0
2024-04-24 10:46:00,VKTX,66.5999984741211,66.5999984741211,66.69000244140625,66.56999969482422,66.56999969482422,2863.0
2024-04-24 10:46:00,VLCN,0.257999986410141,0.257999986410141,0.258899986743927,0.25099998712539673,0.2515000104904175,15695.0
2024-04-24 10:46:00,VMEO,3.5350000858306885,3.5350000858306885,3.5399999618530273,3.5350000858306885,3.5399999618530273,207.0
2024-04-24 10:46:00,VNOM,40.13999938964844,40.13999938964844,40.13999938964844,40.13999938964844,40.13999938964844,383.0
2024-04-24 10:46:00,VOD,8.529999732971191,8.529999732971191,8.53499984741211,8.529999732971191,8.53499984741211,4571.0
2024-04-24 10:46:00,VOXR,2.000200033187866,2.000200033187866,2.000200033187866,2.0,2.0,15281.0
2024-04-24 10:46:00,VRDN,13.8100004196167,13.8100004196167,13.8100004196167,13.8100004196167,13.8100004196167,658.0
2024-04-24 10:46:00,VRRM,24.34000015258789,24.34000015258789,24.34000015258789,24.329999923706055,24.329999923706055,525.0
2024-04-24 10:46:00,VRTX,401.05999755859375,401.05999755859375,401.1600036621094,401.0199890136719,401.0299987792969,1229.0
2024-04-24 10:46:00,VSAT,16.19499969482422,16.19499969482422,16.209999084472656,16.19499969482422,16.209999084472656,1183.0
2024-04-24 10:46:00,VTNR,1.5850000381469727,1.5850000381469727,1.5850000381469727,1.5850000381469727,1.5850000381469727,1155.0
2024-04-24 10:46:00,VTRS,11.340100288391113,11.340100288391113,11.345000267028809,11.34000015258789,11.34000015258789,2343.0
2024-04-24 10:46:00,VVOS,2.649899959564209,2.649899959564209,2.649899959564209,2.649899959564209,2.649899959564209,800.0
2024-04-24 10:46:00,VVPR,3.6500000953674316,3.6500000953674316,3.6500000953674316,3.6500000953674316,3.6500000953674316,2239.0
2024-04-24 10:46:00,WAVD,1.9191999435424805,1.9191999435424805,1.9191999435424805,1.9191999435424805,1.9191999435424805,300.0
2024-04-24 10:46:00,WBA,17.709999084472656,17.709999084472656,17.725000381469727,17.690000534057617,17.690000534057617,28133.0
2024-04-24 10:46:00,WBD,8.380000114440918,8.380000114440918,8.380000114440918,8.364999771118164,8.364999771118164,69636.0
2024-04-24 10:46:00,WDAY,255.6999969482422,255.6999969482422,255.6999969482422,255.43499755859375,255.43499755859375,1879.0
2024-04-24 10:46:00,WDC,69.2249984741211,69.2249984741211,69.27999877929688,69.16999816894531,69.16999816894531,14276.0
2024-04-24 10:46:00,WEN,19.885000228881836,19.885000228881836,19.885000228881836,19.885000228881836,19.885000228881836,784.0
2024-04-24 10:46:00,WERN,35.310001373291016,35.310001373291016,35.31999969482422,35.310001373291016,35.310001373291016,640.0
2024-04-24 10:46:00,WFRD,125.80000305175781,125.80000305175781,125.81999969482422,125.56500244140625,125.58999633789062,11329.0
2024-04-24 10:46:00,WHLR,0.1420000046491623,0.1420000046491623,0.14329999685287476,0.1420000046491623,0.14329999685287476,3100.0
2024-04-24 10:46:00,WIMI,0.8658999800682068,0.8658999800682068,0.8658999800682068,0.8528000116348267,0.859000027179718,5638.0
2024-04-24 10:46:00,WING,363.489990234375,363.489990234375,363.489990234375,363.4750061035156,363.4750061035156,1713.0
2024-04-24 10:46:00,WISA,6.419899940490723,6.419899940490723,6.420000076293945,6.349999904632568,6.353899955749512,13300.0
2024-04-24 10:46:00,WIX,124.18000030517578,124.18000030517578,124.18000030517578,123.98999786376953,123.98999786376953,1890.0
2024-04-24 10:46:00,WKHS,0.1615000069141388,0.1615000069141388,0.1615999937057495,0.16140000522136688,0.1615999937057495,56755.0
2024-04-24 10:46:00,WSBC,28.165000915527344,28.165000915527344,28.165000915527344,28.165000915527344,28.165000915527344,271.0
2024-04-24 10:46:00,WSBF,11.789999961853027,11.789999961853027,11.789999961853027,11.789999961853027,11.789999961853027,1029.0
2024-04-24 10:46:00,WSC,37.78499984741211,37.78499984741211,37.78499984741211,37.779998779296875,37.779998779296875,1379.0
2024-04-24 10:46:00,WTFC,99.5,99.5,99.5,99.5,99.5,152.0
2024-04-24 10:46:00,WTFCM,23.81999969482422,23.81999969482422,23.81999969482422,23.81999969482422,23.81999969482422,204.0
2024-04-24 10:46:00,WTW,263.42999267578125,263.42999267578125,263.42999267578125,263.3800048828125,263.3800048828125,770.0
2024-04-24 10:46:00,WW,1.6698999404907227,1.6698999404907227,1.6698999404907227,1.6698999404907227,1.6698999404907227,3451.0
2024-04-24 10:46:00,WWD,149.4344024658203,149.4344024658203,149.4344024658203,149.4344024658203,149.4344024658203,300.0
2024-04-24 10:46:00,WYNN,97.4000015258789,97.4000015258789,97.4000015258789,97.3499984741211,97.3499984741211,1376.0
2024-04-24 10:46:00,XEL,55.099998474121094,55.099998474121094,55.119998931884766,55.06999969482422,55.08000183105469,9315.0
2024-04-24 10:46:00,XERS,1.7517000436782837,1.7517000436782837,1.7517000436782837,1.7517000436782837,1.7517000436782837,3920.0
2024-04-24 10:46:00,XLO,1.100000023841858,1.100000023841858,1.1100000143051147,1.100000023841858,1.1100000143051147,170.0
2024-04-24 10:46:00,XMTR,16.969999313354492,16.969999313354492,16.969999313354492,16.969999313354492,16.969999313354492,319.0
2024-04-24 10:46:00,XNCR,18.1200008392334,18.1200008392334,18.1200008392334,18.100000381469727,18.100000381469727,500.0
2024-04-24 10:46:00,XP,20.34000015258789,20.34000015258789,20.34000015258789,20.329999923706055,20.329999923706055,3952.0
2024-04-24 10:46:00,XRX,14.510000228881836,14.510000228881836,14.59000015258789,14.510000228881836,14.579999923706055,15632.0
2024-04-24 10:46:00,XXII,1.7402000427246094,1.7402000427246094,1.75,1.7402000427246094,1.75,4695.0
2024-04-24 10:46:00,Z,43.61800003051758,43.61800003051758,43.65999984741211,43.61800003051758,43.630001068115234,33465.0
2024-04-24 10:46:00,ZCMD,1.7000000476837158,1.7000000476837158,1.7000000476837158,1.7000000476837158,1.7000000476837158,2939.0
2024-04-24 10:46:00,ZG,43.040000915527344,43.040000915527344,43.040000915527344,43.040000915527344,43.040000915527344,560.0
2024-04-24 10:46:00,ZI,15.850000381469727,15.850000381469727,15.850000381469727,15.829999923706055,15.829999923706055,3038.0
2024-04-24 10:46:00,ZION,41.880001068115234,41.880001068115234,41.88999938964844,41.849998474121094,41.880001068115234,4721.0
2024-04-24 10:46:00,ZLAB,15.930000305175781,15.930000305175781,15.930000305175781,15.930000305175781,15.930000305175781,220.0
2024-04-24 10:46:00,ZM,61.31999969482422,61.31999969482422,61.345001220703125,61.30500030517578,61.334999084472656,5567.0
2024-04-24 10:46:00,ZNTL,12.569999694824219,12.569999694824219,12.569999694824219,12.529999732971191,12.545000076293945,2101.0
2024-04-24 10:46:00,ZS,179.50999450683594,179.50999450683594,179.50999450683594,179.35000610351562,179.35000610351562,2178.0
2024-04-24 10:46:00,ZURA,3.2899999618530273,3.2899999618530273,3.2899999618530273,3.2899999618530273,3.2899999618530273,300.0
2024-04-24 10:46:00,ZYXI,11.399999618530273,11.399999618530273,11.399999618530273,11.399999618530273,11.399999618530273,503.0
2024-04-24 10:47:00,DSP,8.770000457763672,8.770000457763672,8.770000457763672,8.770000457763672,8.770000457763672,200.0
2024-04-24 10:47:00,EGHT,2.2899999618530273,2.2899999618530273,2.2899999618530273,2.2799999713897705,2.2799999713897705,2384.0
2024-04-24 10:47:00,ETNB,8.75,8.75,8.75,8.739999771118164,8.739999771118164,963.0
2024-04-24 10:47:00,FDMT,24.850000381469727,24.850000381469727,24.899999618530273,24.850000381469727,24.899999618530273,2815.0
2024-04-24 10:47:00,MAPS,1.100000023841858,1.100000023841858,1.100000023841858,1.100000023841858,1.100000023841858,355.0
2024-04-24 10:47:00,MASS,5.644999980926514,5.644999980926514,5.644999980926514,5.644999980926514,5.644999980926514,273.0
2024-04-24 10:47:00,ME,0.4740000069141388,0.4740000069141388,0.4740000069141388,0.47380000352859497,0.4740000069141388,1978.0
2024-04-24 10:47:00,TWOU,0.23600000143051147,0.23600000143051147,0.23600000143051147,0.23589999973773956,0.23600000143051147,4039.0
2024-04-24 10:47:00,TXG,27.145000457763672,27.145000457763672,27.145000457763672,27.1200008392334,27.139999389648438,2242.0
2024-04-24 10:47:00,VCTR,49.43000030517578,49.43000030517578,49.540000915527344,49.43000030517578,49.5,2332.0
2024-04-24 10:47:00,VERU,1.309999942779541,1.309999942779541,1.315000057220459,1.2999999523162842,1.309999942779541,10600.0
2024-04-24 10:47:00,VERV,6.840000152587891,6.840000152587891,6.849899768829346,6.829999923706055,6.849899768829346,1843.0
2024-04-24 10:47:00,VERX,29.104999542236328,29.104999542236328,29.149999618530273,29.059999465942383,29.059999465942383,8664.0
2024-04-24 10:47:00,VFF,1.3350000381469727,1.3350000381469727,1.340000033378601,1.3350000381469727,1.340000033378601,447.0
2024-04-24 10:47:00,VFS,2.515000104904175,2.515000104904175,2.515000104904175,2.5109000205993652,2.515000104904175,4830.0
2024-04-24 10:47:00,VIAV,7.9375,7.9375,7.9375,7.9375,7.9375,356.0
2024-04-24 10:47:00,VICR,34.130001068115234,34.130001068115234,34.14500045776367,34.09000015258789,34.14500045776367,2808.0
2024-04-24 10:47:00,VIOT,0.5702999830245972,0.5702999830245972,0.5702999830245972,0.5702999830245972,0.5702999830245972,1000.0
2024-04-24 10:47:00,VIR,8.140000343322754,8.140000343322754,8.140000343322754,8.140000343322754,8.140000343322754,737.0
2024-04-24 10:47:00,VIRC,10.720000267028809,10.720000267028809,10.720000267028809,10.720000267028809,10.720000267028809,270.0
2024-04-24 10:47:00,VIRT,22.389999389648438,22.389999389648438,22.489999771118164,22.3799991607666,22.485000610351562,3552.0
2024-04-24 10:47:00,VITL,26.975000381469727,26.975000381469727,26.975000381469727,26.975000381469727,26.975000381469727,369.0
2024-04-24 10:47:00,VIVK,1.5299999713897705,1.5299999713897705,1.5299999713897705,1.5199999809265137,1.5199999809265137,1600.0
2024-04-24 10:47:00,VKTX,66.55999755859375,66.55999755859375,66.69000244140625,66.5199966430664,66.63999938964844,4956.0
2024-04-24 10:47:00,VMEO,3.5399999618530273,3.5399999618530273,3.5399999618530273,3.5399999618530273,3.5399999618530273,1140.0
2024-04-24 10:47:00,VNET,1.5149999856948853,1.5149999856948853,1.5149999856948853,1.5099999904632568,1.5099999904632568,1350.0
2024-04-24 10:47:00,VOD,8.53849983215332,8.53849983215332,8.53849983215332,8.530599594116211,8.53499984741211,1947.0
2024-04-24 10:47:00,VRDN,13.795000076293945,13.795000076293945,13.795000076293945,13.795000076293945,13.795000076293945,573.0
2024-04-24 10:47:00,VRNA,15.40999984741211,15.40999984741211,15.40999984741211,15.40999984741211,15.40999984741211,1333.0
2024-04-24 10:47:00,VRRM,24.329999923706055,24.329999923706055,24.344999313354492,24.309999465942383,24.344999313354492,1429.0
2024-04-24 10:47:00,VRTX,401.0199890136719,401.0199890136719,401.1400146484375,400.9200134277344,400.9200134277344,1361.0
2024-04-24 10:47:00,VSAT,16.200000762939453,16.200000762939453,16.200000762939453,16.200000762939453,16.200000762939453,262.0
2024-04-24 10:47:00,VTNR,1.5850000381469727,1.5850000381469727,1.5850000381469727,1.5850000381469727,1.5850000381469727,405.0
2024-04-24 10:47:00,VTRS,11.335000038146973,11.335000038146973,11.34749984741211,11.329999923706055,11.345000267028809,7196.0
2024-04-24 10:47:00,VUZI,1.3350000381469727,1.3350000381469727,1.3350000381469727,1.3320000171661377,1.3320000171661377,501.0
2024-04-24 10:47:00,VYGR,7.559999942779541,7.559999942779541,7.559999942779541,7.559999942779541,7.559999942779541,200.0
2024-04-24 10:47:00,WABC,47.279998779296875,47.279998779296875,47.279998779296875,47.279998779296875,47.279998779296875,145.0
2024-04-24 10:47:00,WAFD,27.75,27.75,27.75,27.75,27.75,410.0
2024-04-24 10:47:00,WB,8.335000038146973,8.335000038146973,8.34000015258789,8.335000038146973,8.34000015258789,636.0
2024-04-24 10:47:00,WBA,17.71500015258789,17.71500015258789,17.719999313354492,17.71380043029785,17.71500015258789,7034.0
2024-04-24 10:47:00,WBD,8.375,8.375,8.385000228881836,8.369999885559082,8.380000114440918,146678.0
2024-04-24 10:47:00,WDAY,255.5800018310547,255.5800018310547,255.91000366210938,255.5800018310547,255.75999450683594,4401.0
2024-04-24 10:47:00,WDC,69.13999938964844,69.13999938964844,69.22000122070312,69.13999938964844,69.20999908447266,4042.0
2024-04-24 10:47:00,WEN,19.8799991607666,19.8799991607666,19.885000228881836,19.8799991607666,19.885000228881836,733.0
2024-04-24 10:47:00,WERN,35.29999923706055,35.29999923706055,35.29999923706055,35.290000915527344,35.29999923706055,552.0
2024-04-24 10:47:00,WFRD,125.51499938964844,125.51499938964844,125.80500030517578,125.3550033569336,125.80500030517578,4066.0
2024-04-24 10:47:00,WHLR,0.14329999685287476,0.14329999685287476,0.14329999685287476,0.14329999685287476,0.14329999685287476,639.0
2024-04-24 10:47:00,WIMI,0.8690999746322632,0.8690999746322632,0.8700000047683716,0.8626999855041504,0.8658999800682068,7392.0
2024-04-24 10:47:00,WISA,6.545000076293945,6.545000076293945,6.557600021362305,6.400000095367432,6.400000095367432,60821.0
2024-04-24 10:47:00,WIX,124.08000183105469,124.08000183105469,124.30999755859375,124.08000183105469,124.29000091552734,1505.0
2024-04-24 10:47:00,WKHS,0.1615000069141388,0.1615000069141388,0.1615999937057495,0.1615000069141388,0.1615000069141388,13828.0
2024-04-24 10:47:00,WKSP,0.3675999939441681,0.3675999939441681,0.3675999939441681,0.3675999939441681,0.3675999939441681,5638.0
2024-04-24 10:47:00,WMG,32.14500045776367,32.14500045776367,32.25,32.14500045776367,32.25,4713.0
2024-04-24 10:47:00,WSBC,28.110000610351562,28.110000610351562,28.1299991607666,28.110000610351562,28.1299991607666,816.0
2024-04-24 10:47:00,WSBF,11.770000457763672,11.770000457763672,11.770000457763672,11.770000457763672,11.770000457763672,1593.0
2024-04-24 10:47:00,WSC,37.81999969482422,37.81999969482422,37.834999084472656,37.810001373291016,37.810001373291016,4309.0
2024-04-24 10:47:00,WTFC,99.4000015258789,99.4000015258789,99.52999877929688,99.4000015258789,99.52999877929688,666.0
2024-04-24 10:47:00,WW,1.6699999570846558,1.6699999570846558,1.6749999523162842,1.659999966621399,1.659999966621399,15713.0
2024-04-24 10:47:00,WWD,149.6300048828125,149.6300048828125,149.6300048828125,149.6300048828125,149.6300048828125,164.0
2024-04-24 10:47:00,WYNN,97.37000274658203,97.37000274658203,97.43000030517578,97.35330200195312,97.41999816894531,2099.0
2024-04-24 10:47:00,XEL,55.13999938964844,55.13999938964844,55.13999938964844,55.130001068115234,55.130001068115234,3506.0
2024-04-24 10:47:00,XENE,40.69499969482422,40.69499969482422,40.69499969482422,40.69499969482422,40.69499969482422,187.0
2024-04-24 10:47:00,XERS,1.7526999711990356,1.7526999711990356,1.7526999711990356,1.7526999711990356,1.7526999711990356,0.0
2024-04-24 10:47:00,XFOR,1.2799999713897705,1.2799999713897705,1.2799999713897705,1.2799999713897705,1.2799999713897705,400.0
2024-04-24 10:47:00,XMTR,16.979999542236328,16.979999542236328,17.020000457763672,16.979999542236328,17.0,2458.0
2024-04-24 10:47:00,XNCR,18.145000457763672,18.145000457763672,18.145000457763672,18.1200008392334,18.1200008392334,1236.0
2024-04-24 10:47:00,XP,20.329999923706055,20.329999923706055,20.354999542236328,20.329999923706055,20.350000381469727,17595.0
2024-04-24 10:47:00,XRX,14.520000457763672,14.520000457763672,14.53499984741211,14.520000457763672,14.520000457763672,8166.0
2024-04-24 10:47:00,YTEN,0.22699999809265137,0.22699999809265137,0.22699999809265137,0.22699999809265137,0.22699999809265137,685.0
2024-04-24 10:47:00,Z,43.630001068115234,43.630001068115234,43.65999984741211,43.630001068115234,43.65999984741211,2210.0
2024-04-24 10:47:00,ZBRA,276.9800109863281,276.9800109863281,276.9800109863281,276.9800109863281,276.9800109863281,386.0
2024-04-24 10:47:00,ZD,51.7400016784668,51.7400016784668,51.7400016784668,51.7400016784668,51.7400016784668,1181.0
2024-04-24 10:47:00,ZG,43.060001373291016,43.060001373291016,43.060001373291016,43.060001373291016,43.060001373291016,437.0
2024-04-24 10:47:00,ZI,15.854999542236328,15.854999542236328,15.875,15.854999542236328,15.859999656677246,6966.0
2024-04-24 10:47:00,ZION,41.814998626708984,41.814998626708984,41.880001068115234,41.814998626708984,41.869998931884766,2555.0
2024-04-24 10:47:00,ZKIN,0.6499999761581421,0.6499999761581421,0.6499999761581421,0.6499999761581421,0.6499999761581421,0.0
2024-04-24 10:47:00,ZLAB,15.930000305175781,15.930000305175781,15.930000305175781,15.930000305175781,15.930000305175781,155.0
2024-04-24 10:47:00,ZM,61.334999084472656,61.334999084472656,61.39500045776367,61.310001373291016,61.34000015258789,6260.0
2024-04-24 10:47:00,ZS,179.5399932861328,179.5399932861328,179.68499755859375,179.5399932861328,179.5399932861328,2717.0
2024-04-24 10:47:00,ZUMZ,17.0,17.0,17.014999389648438,17.0,17.010000228881836,1020.0
2024-04-24 10:47:00,ZURA,3.25,3.25,3.25,3.25,3.25,773.0
2024-04-24 10:47:00,ZVSA,0.5764999985694885,0.5764999985694885,0.5764999985694885,0.5764999985694885,0.5764999985694885,899.0
2024-04-24 10:48:00,COCO,23.69499969482422,23.69499969482422,23.69499969482422,23.69499969482422,23.69499969482422,145.0
2024-04-24 10:48:00,EGHT,2.2899999618530273,2.2899999618530273,2.2899999618530273,2.2899999618530273,2.2899999618530273,479.0
2024-04-24 10:48:00,ETNB,8.739999771118164,8.739999771118164,8.739999771118164,8.739999771118164,8.739999771118164,533.0
2024-04-24 10:48:00,FDMT,24.770000457763672,24.770000457763672,24.829999923706055,24.760000228881836,24.829999923706055,605.0
2024-04-24 10:48:00,FLWS,9.210000038146973,9.210000038146973,9.210000038146973,9.199999809265137,9.199999809265137,1905.0
2024-04-24 10:48:00,FREE,4.809999942779541,4.809999942779541,4.809999942779541,4.809999942779541,4.809999942779541,110.0
2024-04-24 10:48:00,ME,0.4733000099658966,0.4733000099658966,0.47440001368522644,0.4733000099658966,0.4740000069141388,1257.0
2024-04-24 10:48:00,TSVT,4.371200084686279,4.371200084686279,4.371200084686279,4.371200084686279,4.371200084686279,181.0
2024-04-24 10:48:00,TXG,27.149999618530273,27.149999618530273,27.149999618530273,27.139999389648438,27.149999618530273,2303.0
2024-04-24 10:48:00,VC,110.56999969482422,110.56999969482422,110.56999969482422,110.56999969482422,110.56999969482422,909.0
2024-04-24 10:48:00,VCTR,49.400001525878906,49.400001525878906,49.404998779296875,49.380001068115234,49.380001068115234,1433.0
2024-04-24 10:48:00,VERU,1.309999942779541,1.309999942779541,1.309999942779541,1.309999942779541,1.309999942779541,213.0
2024-04-24 10:48:00,VERV,6.849999904632568,6.849999904632568,6.849999904632568,6.849999904632568,6.849999904632568,1700.0
2024-04-24 10:48:00,VERX,29.104999542236328,29.104999542236328,29.104999542236328,29.092500686645508,29.104999542236328,920.0
2024-04-24 10:48:00,VFS,2.493799924850464,2.493799924850464,2.509999990463257,2.49180006980896,2.509999990463257,150694.0
2024-04-24 10:48:00,VIAV,7.9375,7.9375,7.9375,7.9375,7.9375,116.0
2024-04-24 10:48:00,VICR,34.02000045776367,34.02000045776367,34.029998779296875,34.02000045776367,34.029998779296875,388.0
2024-04-24 10:48:00,VINC,0.9399999976158142,0.9399999976158142,0.9399999976158142,0.9399999976158142,0.9399999976158142,318.0
2024-04-24 10:48:00,VIR,8.130000114440918,8.130000114440918,8.130000114440918,8.119999885559082,8.119999885559082,610.0
2024-04-24 10:48:00,VIRT,22.399999618530273,22.399999618530273,22.399999618530273,22.388500213623047,22.388500213623047,1340.0
2024-04-24 10:48:00,VITL,26.950000762939453,26.950000762939453,26.950000762939453,26.950000762939453,26.950000762939453,707.0
2024-04-24 10:48:00,VKTX,66.49500274658203,66.49500274658203,66.52999877929688,66.43000030517578,66.5,7375.0
2024-04-24 10:48:00,VLCN,0.258899986743927,0.258899986743927,0.258899986743927,0.258899986743927,0.258899986743927,2212.0
2024-04-24 10:48:00,VNET,1.5099999904632568,1.5099999904632568,1.5149999856948853,1.5099999904632568,1.5149999856948853,3109.0
2024-04-24 10:48:00,VNOM,40.099998474121094,40.099998474121094,40.099998474121094,40.099998474121094,40.099998474121094,569.0
2024-04-24 10:48:00,VOD,8.53499984741211,8.53499984741211,8.53499984741211,8.53499984741211,8.53499984741211,6446.0
2024-04-24 10:48:00,VOR,1.8099000453948975,1.8099000453948975,1.8099000453948975,1.8099000453948975,1.8099000453948975,1342.0
2024-04-24 10:48:00,VOXR,2.0,2.0,2.0,1.9900000095367432,1.9900000095367432,601.0
2024-04-24 10:48:00,VRNA,15.390000343322754,15.390000343322754,15.399999618530273,15.390000343322754,15.399999618530273,433.0
2024-04-24 10:48:00,VRRM,24.360000610351562,24.360000610351562,24.364999771118164,24.325000762939453,24.325000762939453,1369.0
2024-04-24 10:48:00,VRTX,400.92999267578125,400.92999267578125,401.0,400.92999267578125,401.0,1750.0
2024-04-24 10:48:00,VSAT,16.184999465942383,16.184999465942383,16.200000762939453,16.184999465942383,16.190000534057617,808.0
2024-04-24 10:48:00,VSEC,78.49500274658203,78.49500274658203,78.5,78.30999755859375,78.30999755859375,1722.0
2024-04-24 10:48:00,VTNR,1.5850000381469727,1.5850000381469727,1.5850000381469727,1.5806000232696533,1.5850000381469727,10360.0
2024-04-24 10:48:00,VTRS,11.34000015258789,11.34000015258789,11.34000015258789,11.34000015258789,11.34000015258789,1126.0
2024-04-24 10:48:00,VTSI,12.109999656677246,12.109999656677246,12.109999656677246,12.109999656677246,12.109999656677246,213.0
2024-04-24 10:48:00,VUZI,1.3200000524520874,1.3200000524520874,1.3300000429153442,1.3200000524520874,1.3300000429153442,5142.0
2024-04-24 10:48:00,VYGR,7.559999942779541,7.559999942779541,7.559999942779541,7.554999828338623,7.554999828338623,1358.0
2024-04-24 10:48:00,WABC,47.150001525878906,47.150001525878906,47.150001525878906,47.150001525878906,47.150001525878906,573.0
2024-04-24 10:48:00,WAFD,27.760000228881836,27.760000228881836,27.760000228881836,27.760000228881836,27.760000228881836,1995.0
2024-04-24 10:48:00,WASH,25.864999771118164,25.864999771118164,25.8700008392334,25.864999771118164,25.8700008392334,526.0
2024-04-24 10:48:00,WBA,17.700000762939453,17.700000762939453,17.719999313354492,17.700000762939453,17.71500015258789,9655.0
2024-04-24 10:48:00,WBD,8.380000114440918,8.380000114440918,8.380000114440918,8.369999885559082,8.375,21524.0
2024-04-24 10:48:00,WDAY,255.71249389648438,255.71249389648438,255.77999877929688,255.5749969482422,255.5749969482422,981.0
2024-04-24 10:48:00,WDC,69.18000030517578,69.18000030517578,69.18000030517578,69.0999984741211,69.125,6874.0
2024-04-24 10:48:00,WEN,19.8799991607666,19.8799991607666,19.8799991607666,19.8799991607666,19.8799991607666,561.0
2024-04-24 10:48:00,WERN,35.25899887084961,35.25899887084961,35.29999923706055,35.25899887084961,35.29999923706055,1802.0
2024-04-24 10:48:00,WFRD,125.36000061035156,125.36000061035156,125.46499633789062,125.20500183105469,125.46499633789062,1297.0
2024-04-24 10:48:00,WHLM,6.689000129699707,6.689000129699707,6.689000129699707,6.689000129699707,6.689000129699707,1198.0
2024-04-24 10:48:00,WING,363.4200134277344,363.4200134277344,363.6925048828125,363.4200134277344,363.6925048828125,232.0
2024-04-24 10:48:00,WISA,6.565000057220459,6.565000057220459,6.565000057220459,6.53000020980835,6.545000076293945,31633.0
2024-04-24 10:48:00,WIX,124.01000213623047,124.01000213623047,124.01000213623047,124.01000213623047,124.01000213623047,236.0
2024-04-24 10:48:00,WKHS,0.1615000069141388,0.1615000069141388,0.1615999937057495,0.1615000069141388,0.1615999937057495,60346.0
2024-04-24 10:48:00,WMG,32.18000030517578,32.18000030517578,32.18000030517578,32.130001068115234,32.130001068115234,2650.0
2024-04-24 10:48:00,WSBF,11.729999542236328,11.729999542236328,11.729999542236328,11.729999542236328,11.729999542236328,754.0
2024-04-24 10:48:00,WSC,37.779998779296875,37.779998779296875,37.810001373291016,37.779998779296875,37.810001373291016,1534.0
2024-04-24 10:48:00,WTFC,99.38999938964844,99.38999938964844,99.38999938964844,99.38999938964844,99.38999938964844,223.0
2024-04-24 10:48:00,WW,1.6749999523162842,1.6749999523162842,1.6749999523162842,1.6749999523162842,1.6749999523162842,546.0
2024-04-24 10:48:00,XEL,55.130001068115234,55.130001068115234,55.13999938964844,55.119998931884766,55.13999938964844,4079.0
2024-04-24 10:48:00,XFOR,1.2753000259399414,1.2753000259399414,1.2799999713897705,1.274999976158142,1.2799999713897705,2986.0
2024-04-24 10:48:00,XNCR,18.229999542236328,18.229999542236328,18.229999542236328,18.190000534057617,18.190000534057617,1519.0
2024-04-24 10:48:00,XP,20.325000762939453,20.325000762939453,20.325000762939453,20.31999969482422,20.325000762939453,1401.0
2024-04-24 10:48:00,XRX,14.524999618530273,14.524999618530273,14.524999618530273,14.520000457763672,14.524999618530273,2349.0
2024-04-24 10:48:00,YTEN,0.2393999993801117,0.2393999993801117,0.2393999993801117,0.23499999940395355,0.23559999465942383,35478.0
2024-04-24 10:48:00,YTRA,1.2999999523162842,1.2999999523162842,1.2999999523162842,1.2999999523162842,1.2999999523162842,200.0
2024-04-24 10:48:00,Z,43.658599853515625,43.658599853515625,43.658599853515625,43.63999938964844,43.63999938964844,2667.0
2024-04-24 10:48:00,ZD,51.63999938964844,51.63999938964844,51.65999984741211,51.63999938964844,51.65999984741211,786.0
2024-04-24 10:48:00,ZI,15.869999885559082,15.869999885559082,15.869999885559082,15.859999656677246,15.859999656677246,829.0
2024-04-24 10:48:00,ZION,41.744998931884766,41.744998931884766,41.77000045776367,41.744998931884766,41.77000045776367,709.0
2024-04-24 10:48:00,ZLAB,15.920000076293945,15.920000076293945,15.920000076293945,15.920000076293945,15.920000076293945,301.0
2024-04-24 10:48:00,ZM,61.34000015258789,61.34000015258789,61.375,61.34000015258789,61.34000015258789,2269.0
2024-04-24 10:48:00,ZS,179.58999633789062,179.58999633789062,179.58999633789062,179.44000244140625,179.44000244140625,2167.0
2024-04-24 10:48:00,ZVRA,4.5,4.5,4.5,4.5,4.5,534.0
2024-04-24 10:48:00,ZVSA,0.5766000151634216,0.5766000151634216,0.5766000151634216,0.5766000151634216,0.5766000151634216,1721.0
2024-04-24 10:48:00,ZYXI,11.369999885559082,11.369999885559082,11.369999885559082,11.369999885559082,11.369999885559082,432.0
2024-04-24 10:49:00,COCO,23.709999084472656,23.709999084472656,23.709999084472656,23.709999084472656,23.709999084472656,217.0
2024-04-24 10:49:00,ETNB,8.75,8.75,8.75,8.75,8.75,214.0
2024-04-24 10:49:00,FDMT,24.75,24.75,24.75,24.75,24.75,847.0
2024-04-24 10:49:00,FEAM,1.159999966621399,1.159999966621399,1.159999966621399,1.159999966621399,1.159999966621399,142.0
2024-04-24 10:49:00,FLWS,9.210000038146973,9.210000038146973,9.21500015258789,9.210000038146973,9.21500015258789,245.0
2024-04-24 10:49:00,MAPS,1.100000023841858,1.100000023841858,1.100000023841858,1.100000023841858,1.100000023841858,0.0
2024-04-24 10:49:00,MASS,5.659999847412109,5.659999847412109,5.659999847412109,5.659999847412109,5.659999847412109,820.0
2024-04-24 10:49:00,ME,0.4740000069141388,0.4740000069141388,0.4740000069141388,0.4740000069141388,0.4740000069141388,21927.0
2024-04-24 10:49:00,TSVT,4.389999866485596,4.389999866485596,4.389999866485596,4.389999866485596,4.389999866485596,660.0
2024-04-24 10:49:00,TWOU,0.23600000143051147,0.23600000143051147,0.23600000143051147,0.23600000143051147,0.23600000143051147,380.0
2024-04-24 10:49:00,TXG,27.15999984741211,27.15999984741211,27.15999984741211,27.15999984741211,27.15999984741211,855.0
2024-04-24 10:49:00,VCTR,49.439998626708984,49.439998626708984,49.439998626708984,49.400001525878906,49.404998779296875,2960.0
2024-04-24 10:49:00,VERX,29.045000076293945,29.045000076293945,29.045000076293945,29.045000076293945,29.045000076293945,109370.0
2024-04-24 10:49:00,VFS,2.498199939727783,2.498199939727783,2.498199939727783,2.490000009536743,2.490000009536743,4532.0
2024-04-24 10:49:00,VIA,10.821800231933594,10.821800231933594,10.821800231933594,10.821800231933594,10.821800231933594,388.0
2024-04-24 10:49:00,VIAV,7.9375,7.9375,7.9375,7.9375,7.9375,310.0
2024-04-24 10:49:00,VIRT,22.385000228881836,22.385000228881836,22.40999984741211,22.385000228881836,22.405000686645508,1545.0
2024-04-24 10:49:00,VITL,26.950000762939453,26.950000762939453,26.950000762939453,26.950000762939453,26.950000762939453,4589.0
2024-04-24 10:49:00,VIVK,1.5199999809265137,1.5199999809265137,1.5199999809265137,1.5199999809265137,1.5199999809265137,610.0
2024-04-24 10:49:00,VKTX,66.48500061035156,66.48500061035156,66.48500061035156,66.48500061035156,66.48500061035156,758.0
2024-04-24 10:49:00,VNOM,40.14500045776367,40.14500045776367,40.14500045776367,40.14500045776367,40.14500045776367,276.0
2024-04-24 10:49:00,VOD,8.53499984741211,8.53499984741211,8.538700103759766,8.53499984741211,8.538700103759766,5339.0
2024-04-24 10:49:00,VOXR,2.0,2.0,2.0,2.0,2.0,1809.0
2024-04-24 10:49:00,VRNA,15.40999984741211,15.40999984741211,15.40999984741211,15.40999984741211,15.40999984741211,1806.0
2024-04-24 10:49:00,VRRM,24.3700008392334,24.3700008392334,24.3700008392334,24.3700008392334,24.3700008392334,844.0
2024-04-24 10:49:00,VRTX,400.5299987792969,400.5299987792969,400.5299987792969,400.5299987792969,400.5299987792969,894.0
2024-04-24 10:49:00,VSAT,16.290000915527344,16.290000915527344,16.290000915527344,16.290000915527344,16.290000915527344,7846.0
2024-04-24 10:49:00,VSEC,78.55000305175781,78.55000305175781,78.55000305175781,78.55000305175781,78.55000305175781,1611.0
2024-04-24 10:49:00,VTNR,1.5850000381469727,1.5850000381469727,1.5850000381469727,1.5809999704360962,1.5809999704360962,4339.0
2024-04-24 10:49:00,WB,8.34000015258789,8.34000015258789,8.34000015258789,8.34000015258789,8.34000015258789,1384.0
2024-04-24 10:49:00,WBA,17.69499969482422,17.69499969482422,17.709999084472656,17.69499969482422,17.709999084472656,7508.0
2024-04-24 10:49:00,WBD,8.375,8.375,8.380000114440918,8.369999885559082,8.369999885559082,13968.0
2024-04-24 10:49:00,WDAY,255.66000366210938,255.66000366210938,255.66000366210938,255.64999389648438,255.64999389648438,1393.0
2024-04-24 10:49:00,WDC,69.18499755859375,69.18499755859375,69.26000213623047,69.18499755859375,69.22000122070312,11617.0
2024-04-24 10:49:00,WEN,19.8799991607666,19.8799991607666,19.8799991607666,19.860000610351562,19.8799991607666,9430.0
2024-04-24 10:49:00,WERN,35.279998779296875,35.279998779296875,35.279998779296875,35.279998779296875,35.279998779296875,300.0
2024-04-24 10:49:00,WEST,9.930000305175781,9.930000305175781,9.930000305175781,9.930000305175781,9.930000305175781,1685.0
2024-04-24 10:49:00,WFRD,125.24500274658203,125.24500274658203,125.24500274658203,125.20500183105469,125.20500183105469,1614.0
2024-04-24 10:49:00,WHLM,6.420000076293945,6.420000076293945,6.5472002029418945,6.420000076293945,6.5472002029418945,924.0
2024-04-24 10:49:00,WING,363.0299987792969,363.0299987792969,363.0299987792969,363.0299987792969,363.0299987792969,341.0
2024-04-24 10:49:00,WISA,6.650000095367432,6.650000095367432,6.650000095367432,6.560100078582764,6.560100078582764,14011.0
2024-04-24 10:49:00,WIX,123.80000305175781,123.80000305175781,123.80000305175781,123.80000305175781,123.80000305175781,636.0
2024-04-24 10:49:00,WKHS,0.1615000069141388,0.1615000069141388,0.1615000069141388,0.1615000069141388,0.1615000069141388,43459.0
2024-04-24 10:49:00,WMG,32.189998626708984,32.189998626708984,32.189998626708984,32.189998626708984,32.189998626708984,772.0
2024-04-24 10:49:00,WSC,37.7599983215332,37.7599983215332,37.77000045776367,37.7599983215332,37.7599983215332,851.0
2024-04-24 10:49:00,WWD,149.3699951171875,149.3699951171875,149.3699951171875,149.3699951171875,149.3699951171875,528.0
2024-04-24 10:49:00,XEL,55.125,55.125,55.13019943237305,55.125,55.13010025024414,7340.0
2024-04-24 10:49:00,XP,20.329999923706055,20.329999923706055,20.34000015258789,20.325000762939453,20.329999923706055,10576.0
2024-04-24 10:49:00,XRX,14.529999732971191,14.529999732971191,14.529999732971191,14.520000457763672,14.520000457763672,1807.0
2024-04-24 10:49:00,YTEN,0.23549999296665192,0.23549999296665192,0.23549999296665192,0.23549999296665192,0.23549999296665192,2703.0
2024-04-24 10:49:00,Z,43.619998931884766,43.619998931884766,43.619998931884766,43.619998931884766,43.619998931884766,1648.0
2024-04-24 10:49:00,ZBRA,277.0625,277.0625,277.0625,277.0625,277.0625,1687.0
2024-04-24 10:49:00,ZG,43.04999923706055,43.04999923706055,43.04999923706055,43.04999923706055,43.04999923706055,395.0
2024-04-24 10:49:00,ZI,15.890000343322754,15.890000343322754,15.890000343322754,15.890000343322754,15.890000343322754,4048.0
2024-04-24 10:49:00,ZION,41.724998474121094,41.724998474121094,41.75,41.724998474121094,41.75,217.0
2024-04-24 10:49:00,ZLAB,15.9399995803833,15.9399995803833,15.9399995803833,15.9399995803833,15.9399995803833,1482.0
2024-04-24 10:49:00,ZS,179.6199951171875,179.6199951171875,179.67999267578125,179.61000061035156,179.61000061035156,1700.0
2024-04-24 10:49:00,ZURA,3.2899999618530273,3.2899999618530273,3.2899999618530273,3.2899999618530273,3.2899999618530273,448.0
2024-04-24 10:49:00,ZVRA,4.5,4.5,4.5,4.5,4.5,686.0
2024-04-24 10:49:00,ZVSA,0.5820000171661377,0.5820000171661377,0.5820000171661377,0.5820000171661377,0.5820000171661377,216.0
2024-04-24 10:49:00,ZYME,8.569999694824219,8.569999694824219,8.569999694824219,8.569999694824219,8.569999694824219,167.0
2024-04-24 10:50:00,COCO,23.709999084472656,23.709999084472656,23.709999084472656,23.709999084472656,23.709999084472656,954.0
2024-04-24 10:50:00,FLWS,9.210000038146973,9.210000038146973,9.210000038146973,9.210000038146973,9.210000038146973,200.0
2024-04-24 10:50:00,ME,0.4745999872684479,0.4745999872684479,0.4758000075817108,0.4738999903202057,0.4745999872684479,1323.0
2024-04-24 10:50:00,SEAT,5.809999942779541,5.809999942779541,5.809999942779541,5.809999942779541,5.809999942779541,12068.0
2024-04-24 10:50:00,TSVT,4.380000114440918,4.380000114440918,4.380000114440918,4.380000114440918,4.380000114440918,111.0
2024-04-24 10:50:00,TWOU,0.23589999973773956,0.23589999973773956,0.23600000143051147,0.23589999973773956,0.23600000143051147,8875.0
2024-04-24 10:50:00,TXG,27.139999389648438,27.139999389648438,27.149999618530273,27.1299991607666,27.149999618530273,6143.0
2024-04-24 10:50:00,VC,110.72000122070312,110.72000122070312,110.72000122070312,110.72000122070312,110.72000122070312,873.0
2024-04-24 10:50:00,VCTR,49.45000076293945,49.45000076293945,49.45000076293945,49.400001525878906,49.45000076293945,1313.0
2024-04-24 10:50:00,VERU,1.3174999952316284,1.3174999952316284,1.3174999952316284,1.3174999952316284,1.3174999952316284,716.0
2024-04-24 10:50:00,VERV,6.840000152587891,6.840000152587891,6.849999904632568,6.840000152587891,6.840000152587891,2830.0
2024-04-24 10:50:00,VERX,29.020000457763672,29.020000457763672,29.020000457763672,28.987499237060547,29.014999389648438,1971.0
2024-04-24 10:50:00,VEV,0.6801000237464905,0.6801000237464905,0.6801000237464905,0.6801000237464905,0.6801000237464905,290.0
2024-04-24 10:50:00,VFS,2.4999001026153564,2.4999001026153564,2.5,2.4999001026153564,2.5,16470.0
2024-04-24 10:50:00,VIAV,7.9375,7.9375,7.9375,7.9375,7.9375,375.0
2024-04-24 10:50:00,VICR,34.029998779296875,34.029998779296875,34.029998779296875,34.029998779296875,34.029998779296875,448.0
2024-04-24 10:50:00,VINC,0.9449999928474426,0.9449999928474426,0.9449999928474426,0.9449999928474426,0.9449999928474426,189.0
2024-04-24 10:50:00,VIR,8.130000114440918,8.130000114440918,8.130000114440918,8.130000114440918,8.130000114440918,194.0
2024-04-24 10:50:00,VIRT,22.3799991607666,22.3799991607666,22.389999389648438,22.360000610351562,22.3799991607666,12103.0
2024-04-24 10:50:00,VITL,26.904199600219727,26.904199600219727,26.904199600219727,26.904199600219727,26.904199600219727,564.0
2024-04-24 10:50:00,VIVK,1.5199999809265137,1.5199999809265137,1.5199999809265137,1.5199999809265137,1.5199999809265137,35.0
2024-04-24 10:50:00,VKTX,66.62999725341797,66.62999725341797,66.66999816894531,66.41000366210938,66.44259643554688,12773.0
2024-04-24 10:50:00,VMEO,3.555000066757202,3.555000066757202,3.555000066757202,3.5350000858306885,3.5350000858306885,117743.0
2024-04-24 10:50:00,VNOM,40.150001525878906,40.150001525878906,40.150001525878906,40.150001525878906,40.150001525878906,535.0
2024-04-24 10:50:00,VOD,8.5378999710083,8.5378999710083,8.539999961853027,8.5378999710083,8.539999961853027,797.0
2024-04-24 10:50:00,VOR,1.7999999523162842,1.7999999523162842,1.7999999523162842,1.7999999523162842,1.7999999523162842,1548.0
2024-04-24 10:50:00,VRDN,13.8149995803833,13.8149995803833,13.8149995803833,13.8149995803833,13.8149995803833,1151.0
2024-04-24 10:50:00,VRNA,15.40999984741211,15.40999984741211,15.40999984741211,15.40999984741211,15.40999984741211,889.0
2024-04-24 10:50:00,VRRM,24.40999984741211,24.40999984741211,24.420000076293945,24.395000457763672,24.395000457763672,2418.0
2024-04-24 10:50:00,VS,1.399999976158142,1.399999976158142,1.399999976158142,1.399999976158142,1.399999976158142,1262.0
2024-04-24 10:50:00,VSAT,16.309999465942383,16.309999465942383,16.309999465942383,16.309999465942383,16.309999465942383,943.0
2024-04-24 10:50:00,VTGN,4.766900062561035,4.766900062561035,4.766900062561035,4.766900062561035,4.766900062561035,1942.0
2024-04-24 10:50:00,VTNR,1.5850000381469727,1.5850000381469727,1.589900016784668,1.5850000381469727,1.589900016784668,13832.0
2024-04-24 10:50:00,VTRS,11.34000015258789,11.34000015258789,11.34000015258789,11.34000015258789,11.34000015258789,6989.0
2024-04-24 10:50:00,WAVD,1.909999966621399,1.909999966621399,1.909999966621399,1.909999966621399,1.909999966621399,2.0
2024-04-24 10:50:00,WB,8.335000038146973,8.335000038146973,8.335000038146973,8.335000038146973,8.335000038146973,894.0
2024-04-24 10:50:00,WBA,17.71500015258789,17.71500015258789,17.729900360107422,17.71500015258789,17.725000381469727,47756.0
2024-04-24 10:50:00,WBD,8.364999771118164,8.364999771118164,8.380000114440918,8.364999771118164,8.380000114440918,54908.0
2024-04-24 10:50:00,WDAY,255.67999267578125,255.67999267578125,255.67999267578125,255.67999267578125,255.67999267578125,404.0
2024-04-24 10:50:00,WDC,69.06999969482422,69.06999969482422,69.18000030517578,69.01000213623047,69.18000030517578,17507.0
2024-04-24 10:50:00,WEN,19.8799991607666,19.8799991607666,19.885000228881836,19.8799991607666,19.8799991607666,2830.0
2024-04-24 10:50:00,WERN,35.29499816894531,35.29499816894531,35.310001373291016,35.29499816894531,35.310001373291016,1347.0
2024-04-24 10:50:00,WFRD,125.0250015258789,125.0250015258789,125.0250015258789,124.83000183105469,124.98999786376953,11473.0
2024-04-24 10:50:00,WHFCL,25.09000015258789,25.09000015258789,25.09000015258789,25.09000015258789,25.09000015258789,3745.0
2024-04-24 10:50:00,WHLM,6.493899822235107,6.493899822235107,6.510000228881836,6.48330020904541,6.48330020904541,3048.0
2024-04-24 10:50:00,WIMI,0.8655999898910522,0.8655999898910522,0.8655999898910522,0.8636000156402588,0.8655999898910522,2824.0
2024-04-24 10:50:00,WING,363.5,363.5,363.5,363.5,363.5,462.0
2024-04-24 10:50:00,WISA,6.470099925994873,6.470099925994873,6.578000068664551,6.460000038146973,6.568600177764893,68760.0
2024-04-24 10:50:00,WKHS,0.16099999845027924,0.16099999845027924,0.16120000183582306,0.16060000658035278,0.16089999675750732,93377.0
2024-04-24 10:50:00,WMG,32.22999954223633,32.22999954223633,32.22999954223633,32.224998474121094,32.224998474121094,2915.0
2024-04-24 10:50:00,WRLD,137.99000549316406,137.99000549316406,137.99000549316406,137.99000549316406,137.99000549316406,474.0
2024-04-24 10:50:00,WSBC,28.110000610351562,28.110000610351562,28.110000610351562,28.100000381469727,28.100000381469727,666.0
2024-04-24 10:50:00,WSBF,11.710000038146973,11.710000038146973,11.710000038146973,11.710000038146973,11.710000038146973,311.0
2024-04-24 10:50:00,WSC,37.79999923706055,37.79999923706055,37.810001373291016,37.79999923706055,37.810001373291016,3439.0
2024-04-24 10:50:00,WSFS,44.2599983215332,44.2599983215332,44.2599983215332,44.2599983215332,44.2599983215332,233.0
2024-04-24 10:50:00,WTFC,99.48500061035156,99.48500061035156,99.48500061035156,99.45999908447266,99.45999908447266,284.0
2024-04-24 10:50:00,WW,1.6699999570846558,1.6699999570846558,1.6699999570846558,1.6699999570846558,1.6699999570846558,11952.0
2024-04-24 10:50:00,WWD,149.3699951171875,149.3699951171875,149.41000366210938,149.36000061035156,149.38999938964844,1222.0
2024-04-24 10:50:00,WYNN,97.30870056152344,97.30870056152344,97.4800033569336,97.30870056152344,97.4800033569336,4781.0
2024-04-24 10:50:00,XBP,1.2400000095367432,1.2400000095367432,1.2400000095367432,1.2400000095367432,1.2400000095367432,671.0
2024-04-24 10:50:00,XEL,55.119998931884766,55.119998931884766,55.13999938964844,55.119998931884766,55.125,9847.0
2024-04-24 10:50:00,XENE,40.654998779296875,40.654998779296875,40.75,40.654998779296875,40.75,2190.0
2024-04-24 10:50:00,XFOR,1.2599999904632568,1.2599999904632568,1.274999976158142,1.2599999904632568,1.274999976158142,51335.0
2024-04-24 10:50:00,XMTR,17.020000457763672,17.020000457763672,17.020000457763672,17.020000457763672,17.020000457763672,125.0
2024-04-24 10:50:00,XNCR,18.225000381469727,18.225000381469727,18.225000381469727,18.219999313354492,18.219999313354492,679.0
2024-04-24 10:50:00,XP,20.325000762939453,20.325000762939453,20.34000015258789,20.31999969482422,20.329999923706055,33437.0
2024-04-24 10:50:00,XRX,14.53499984741211,14.53499984741211,14.550000190734863,14.53499984741211,14.53499984741211,11164.0
2024-04-24 10:50:00,YMAB,15.149999618530273,15.149999618530273,15.149999618530273,15.149999618530273,15.149999618530273,622.0
2024-04-24 10:50:00,Z,43.625,43.625,43.63999938964844,43.619998931884766,43.63999938964844,4104.0
2024-04-24 10:50:00,ZI,15.885000228881836,15.885000228881836,15.885000228881836,15.885000228881836,15.885000228881836,1671.0
2024-04-24 10:50:00,ZION,41.779998779296875,41.779998779296875,41.81999969482422,41.779998779296875,41.810001373291016,6924.0
2024-04-24 10:50:00,ZLAB,15.920000076293945,15.920000076293945,15.920000076293945,15.920000076293945,15.920000076293945,201.0
2024-04-24 10:50:00,ZM,61.38999938964844,61.38999938964844,61.415000915527344,61.380001068115234,61.380001068115234,17595.0
2024-04-24 10:50:00,ZNTL,12.520000457763672,12.520000457763672,12.545000076293945,12.520000457763672,12.545000076293945,6371.0
2024-04-24 10:50:00,ZS,179.5800018310547,179.5800018310547,179.6199951171875,179.5800018310547,179.6199951171875,605.0
2024-04-24 10:50:00,ZUMZ,16.959999084472656,16.959999084472656,16.959999084472656,16.959999084472656,16.959999084472656,107.0
2024-04-24 10:50:00,ZVSA,0.5799999833106995,0.5799999833106995,0.5820000171661377,0.5799999833106995,0.5820000171661377,340.0
2024-04-24 10:51:00,AIXI,1.2999999523162842,1.2999999523162842,1.2999999523162842,1.2999999523162842,1.2999999523162842,300.0
2024-04-24 10:51:00,DSP,8.774999618530273,8.774999618530273,8.774999618530273,8.770000457763672,8.770000457763672,582.0
2024-04-24 10:51:00,EGHT,2.2899999618530273,2.2899999618530273,2.2899999618530273,2.2899999618530273,2.2899999618530273,200.0
2024-04-24 10:51:00,ETNB,8.7524995803833,8.7524995803833,8.7524995803833,8.7524995803833,8.7524995803833,222.0
2024-04-24 10:51:00,FDMT,24.709999084472656,24.709999084472656,24.75,24.709999084472656,24.75,719.0
2024-04-24 10:51:00,FREE,4.820000171661377,4.820000171661377,4.820000171661377,4.820000171661377,4.820000171661377,200.0
2024-04-24 10:51:00,MAPS,1.100000023841858,1.100000023841858,1.100000023841858,1.100000023841858,1.100000023841858,88783.0
2024-04-24 10:51:00,ME,0.4756999909877777,0.4756999909877777,0.47609999775886536,0.4738999903202057,0.47609999775886536,3968.0
2024-04-24 10:51:00,SEAT,5.815000057220459,5.815000057220459,5.815000057220459,5.809999942779541,5.809999942779541,7936.0
2024-04-24 10:51:00,TSVT,4.380000114440918,4.380000114440918,4.380000114440918,4.380000114440918,4.380000114440918,1141.0
2024-04-24 10:51:00,TWOU,0.23600000143051147,0.23600000143051147,0.23600000143051147,0.23600000143051147,0.23600000143051147,1084.0
2024-04-24 10:51:00,TXG,27.09000015258789,27.09000015258789,27.1200008392334,27.09000015258789,27.1200008392334,4543.0
2024-04-24 10:51:00,VCTR,49.58000183105469,49.58000183105469,49.58000183105469,49.459999084472656,49.459999084472656,3168.0
2024-04-24 10:51:00,VERV,6.804599761962891,6.804599761962891,6.829999923706055,6.804599761962891,6.829999923706055,3036.0
2024-04-24 10:51:00,VERX,29.024999618530273,29.024999618530273,29.024999618530273,28.959999084472656,29.020000457763672,28932.0
2024-04-24 10:51:00,VFS,2.4930999279022217,2.4930999279022217,2.4999001026153564,2.4930999279022217,2.4999001026153564,0.0
2024-04-24 10:51:00,VIAV,7.9375,7.9375,7.9375,7.929999828338623,7.929999828338623,346.0
2024-04-24 10:51:00,VICR,33.93000030517578,33.93000030517578,33.93000030517578,33.810001373291016,33.90999984741211,1976.0
2024-04-24 10:51:00,VINC,0.9399999976158142,0.9399999976158142,0.9399999976158142,0.9399999976158142,0.9399999976158142,4673.0
2024-04-24 10:51:00,VIR,8.125,8.125,8.125,8.119999885559082,8.125,1119.0
2024-04-24 10:51:00,VIRC,10.704999923706055,10.704999923706055,10.704999923706055,10.704999923706055,10.704999923706055,466.0
2024-04-24 10:51:00,VIRT,22.3700008392334,22.3700008392334,22.3700008392334,22.3700008392334,22.3700008392334,1167.0
2024-04-24 10:51:00,VISL,3.984999895095825,3.984999895095825,3.984999895095825,3.984999895095825,3.984999895095825,2621.0
2024-04-24 10:51:00,VITL,26.989999771118164,26.989999771118164,26.9950008392334,26.889999389648438,26.899999618530273,8511.0
2024-04-24 10:51:00,VIVK,1.5580999851226807,1.5580999851226807,1.5580999851226807,1.5580999851226807,1.5580999851226807,1000.0
2024-04-24 10:51:00,VKTX,66.79219818115234,66.79219818115234,66.83999633789062,66.66000366210938,66.66999816894531,17485.0
2024-04-24 10:51:00,VLCN,0.2630000114440918,0.2630000114440918,0.2630000114440918,0.25049999356269836,0.25049999356269836,56379.0
2024-04-24 10:51:00,VLGEA,27.25,27.25,27.25,27.25,27.25,1203.0
2024-04-24 10:51:00,VMEO,3.555000066757202,3.555000066757202,3.555000066757202,3.555000066757202,3.555000066757202,897.0
2024-04-24 10:51:00,VNET,1.5149999856948853,1.5149999856948853,1.5149999856948853,1.5149999856948853,1.5149999856948853,1193.0
2024-04-24 10:51:00,VNOM,40.119998931884766,40.119998931884766,40.119998931884766,40.099998474121094,40.11000061035156,1140.0
2024-04-24 10:51:00,VOD,8.53499984741211,8.53499984741211,8.53499984741211,8.53499984741211,8.53499984741211,136.0
2024-04-24 10:51:00,VOR,1.7999999523162842,1.7999999523162842,1.7999999523162842,1.7999999523162842,1.7999999523162842,4094.0
2024-04-24 10:51:00,VRDN,13.770000457763672,13.770000457763672,13.779999732971191,13.770000457763672,13.779999732971191,1329.0
2024-04-24 10:51:00,VRRM,24.43000030517578,24.43000030517578,24.43000030517578,24.420000076293945,24.420000076293945,707.0
2024-04-24 10:51:00,VRTX,400.57000732421875,400.57000732421875,400.92999267578125,400.489990234375,400.92999267578125,2320.0
2024-04-24 10:51:00,VS,1.4900000095367432,1.4900000095367432,1.4900000095367432,1.4800000190734863,1.4800000190734863,5963.0
2024-04-24 10:51:00,VSAT,16.329999923706055,16.329999923706055,16.329999923706055,16.290000915527344,16.31999969482422,2702.0
2024-04-24 10:51:00,VTGN,4.75,4.75,4.75,4.75,4.75,668.0
2024-04-24 10:51:00,VTNR,1.5850000381469727,1.5850000381469727,1.5850000381469727,1.5850000381469727,1.5850000381469727,4607.0
2024-04-24 10:51:00,VTRS,11.34000015258789,11.34000015258789,11.34000015258789,11.34000015258789,11.34000015258789,3569.0
2024-04-24 10:51:00,VUZI,1.3250000476837158,1.3250000476837158,1.3250000476837158,1.3250000476837158,1.3250000476837158,601.0
2024-04-24 10:51:00,VYGR,7.559999942779541,7.559999942779541,7.559999942779541,7.559999942779541,7.559999942779541,389.0
2024-04-24 10:51:00,WAFDP,15.770000457763672,15.770000457763672,15.770000457763672,15.760000228881836,15.760000228881836,387.0
2024-04-24 10:51:00,WALD,5.275000095367432,5.275000095367432,5.275000095367432,5.275000095367432,5.275000095367432,123.0
2024-04-24 10:51:00,WB,8.3149995803833,8.3149995803833,8.329999923706055,8.3149995803833,8.329999923706055,1580.0
2024-04-24 10:51:00,WBA,17.69499969482422,17.69499969482422,17.71500015258789,17.69499969482422,17.71500015258789,18480.0
2024-04-24 10:51:00,WBD,8.350000381469727,8.350000381469727,8.36989974975586,8.350000381469727,8.364999771118164,37709.0
2024-04-24 10:51:00,WDAY,255.69000244140625,255.69000244140625,255.69000244140625,255.68499755859375,255.68499755859375,576.0
2024-04-24 10:51:00,WDC,69.0374984741211,69.0374984741211,69.0999984741211,69.02999877929688,69.05000305175781,5563.0
2024-04-24 10:51:00,WEN,19.875,19.875,19.8799991607666,19.875,19.8799991607666,2056.0
2024-04-24 10:51:00,WFRD,125.05500030517578,125.05500030517578,125.08000183105469,124.9000015258789,125.08000183105469,2714.0
2024-04-24 10:51:00,WHLM,6.260000228881836,6.260000228881836,6.419899940490723,6.244999885559082,6.400000095367432,9338.0
2024-04-24 10:51:00,WIMI,0.8561000227928162,0.8561000227928162,0.8899999856948853,0.8561000227928162,0.8655999898910522,36682.0
2024-04-24 10:51:00,WING,362.9800109863281,362.9800109863281,362.989990234375,362.94000244140625,362.989990234375,686.0
2024-04-24 10:51:00,WINT,4.980000019073486,4.980000019073486,4.980000019073486,4.980000019073486,4.980000019073486,2686.0
2024-04-24 10:51:00,WISA,6.425000190734863,6.425000190734863,6.472300052642822,6.380000114440918,6.470799922943115,27439.0
2024-04-24 10:51:00,WIX,123.80999755859375,123.80999755859375,123.80999755859375,123.80999755859375,123.80999755859375,1538.0
2024-04-24 10:51:00,WKHS,0.16120000183582306,0.16120000183582306,0.16120000183582306,0.16089999675750732,0.16110000014305115,13298.0
2024-04-24 10:51:00,WLDS,0.4855000078678131,0.4855000078678131,0.4855000078678131,0.4855000078678131,0.4855000078678131,1100.0
2024-04-24 10:51:00,WMG,32.17499923706055,32.17499923706055,32.23500061035156,32.17499923706055,32.23500061035156,2164.0
2024-04-24 10:51:00,WSC,37.7400016784668,37.7400016784668,37.775001525878906,37.7400016784668,37.775001525878906,2880.0
2024-04-24 10:51:00,WTFC,99.58000183105469,99.58000183105469,99.58000183105469,99.58000183105469,99.58000183105469,228.0
2024-04-24 10:51:00,WTW,263.54998779296875,263.54998779296875,263.55999755859375,263.3999938964844,263.3999938964844,1919.0
2024-04-24 10:51:00,WVE,5.010000228881836,5.010000228881836,5.019999980926514,5.010000228881836,5.019999980926514,2083.0
2024-04-24 10:51:00,WVVI,4.551000118255615,4.551000118255615,4.551000118255615,4.551000118255615,4.551000118255615,200.0
2024-04-24 10:51:00,WW,1.6699999570846558,1.6699999570846558,1.6749999523162842,1.6699999570846558,1.6699999570846558,4310.0
2024-04-24 10:51:00,WWD,149.44500732421875,149.44500732421875,149.44500732421875,149.36000061035156,149.42999267578125,2182.0
2024-04-24 10:51:00,WYNN,97.27999877929688,97.27999877929688,97.30500030517578,97.2699966430664,97.27999877929688,3418.0
2024-04-24 10:51:00,XEL,55.099998474121094,55.099998474121094,55.11989974975586,55.09000015258789,55.099998474121094,7014.0
2024-04-24 10:51:00,XENE,40.689998626708984,40.689998626708984,40.689998626708984,40.6349983215332,40.654998779296875,1393.0
2024-04-24 10:51:00,XFOR,1.2450000047683716,1.2450000047683716,1.2649999856948853,1.2400000095367432,1.2649999856948853,56311.0
2024-04-24 10:51:00,XMTR,16.959999084472656,16.959999084472656,17.010000228881836,16.959999084472656,17.010000228881836,1615.0
2024-04-24 10:51:00,XNCR,18.18000030517578,18.18000030517578,18.200000762939453,18.18000030517578,18.200000762939453,640.0
2024-04-24 10:51:00,XP,20.329999923706055,20.329999923706055,20.337499618530273,20.325000762939453,20.329999923706055,11204.0
2024-04-24 10:51:00,XPEL,54.78499984741211,54.78499984741211,54.78499984741211,54.78499984741211,54.78499984741211,527.0
2024-04-24 10:51:00,XRX,14.515000343322754,14.515000343322754,14.53499984741211,14.515000343322754,14.53499984741211,8333.0
2024-04-24 10:51:00,XXII,1.75,1.75,1.75,1.75,1.75,2763.0
2024-04-24 10:51:00,Z,43.537498474121094,43.537498474121094,43.625,43.529998779296875,43.619998931884766,7365.0
2024-04-24 10:51:00,ZBRA,276.8500061035156,276.8500061035156,276.8500061035156,276.8450012207031,276.8450012207031,641.0
2024-04-24 10:51:00,ZD,51.630001068115234,51.630001068115234,51.630001068115234,51.630001068115234,51.630001068115234,461.0
2024-04-24 10:51:00,ZG,42.9900016784668,42.9900016784668,43.02000045776367,42.9900016784668,43.02000045776367,664.0
2024-04-24 10:51:00,ZI,15.857500076293945,15.857500076293945,15.880000114440918,15.857500076293945,15.880000114440918,5512.0
2024-04-24 10:51:00,ZION,41.790000915527344,41.790000915527344,41.88999938964844,41.77000045776367,41.77000045776367,22443.0
2024-04-24 10:51:00,ZLAB,15.899999618530273,15.899999618530273,15.930000305175781,15.890000343322754,15.930000305175781,4871.0
2024-04-24 10:51:00,ZM,61.220001220703125,61.220001220703125,61.380001068115234,61.220001220703125,61.380001068115234,27201.0
2024-04-24 10:51:00,ZS,179.60499572753906,179.60499572753906,179.61000061035156,179.50999450683594,179.61000061035156,1970.0
2024-04-24 10:51:00,ZUMZ,16.96500015258789,16.96500015258789,16.96500015258789,16.96500015258789,16.96500015258789,146.0
2024-04-24 10:51:00,ZVSA,0.5781999826431274,0.5781999826431274,0.5781999826431274,0.5781999826431274,0.5781999826431274,318.0
2024-04-24 10:51:00,ZYXI,11.380000114440918,11.380000114440918,11.380000114440918,11.380000114440918,11.380000114440918,483.0
2024-04-24 10:52:00,COCO,23.690000534057617,23.690000534057617,23.690000534057617,23.690000534057617,23.690000534057617,608.0
2024-04-24 10:52:00,EGHT,2.2899999618530273,2.2899999618530273,2.2899999618530273,2.2899999618530273,2.2899999618530273,112.0
2024-04-24 10:52:00,ETNB,8.744999885559082,8.744999885559082,8.744999885559082,8.744999885559082,8.744999885559082,543.0
2024-04-24 10:52:00,FDMT,24.670000076293945,24.670000076293945,24.670000076293945,24.649999618530273,24.649999618530273,608.0
2024-04-24 10:52:00,FLWS,9.220000267028809,9.220000267028809,9.220000267028809,9.199999809265137,9.199999809265137,203.0
2024-04-24 10:52:00,MAPS,1.090000033378601,1.090000033378601,1.090000033378601,1.090000033378601,1.090000033378601,100.0
2024-04-24 10:52:00,ME,0.47440001368522644,0.47440001368522644,0.47440001368522644,0.47440001368522644,0.47440001368522644,553.0
2024-04-24 10:52:00,SEAT,5.815000057220459,5.815000057220459,5.815000057220459,5.811200141906738,5.815000057220459,523.0
2024-04-24 10:52:00,SRCE,50.310001373291016,50.310001373291016,50.310001373291016,50.27000045776367,50.27000045776367,333.0
2024-04-24 10:52:00,TWOU,0.2362000048160553,0.2362000048160553,0.2362000048160553,0.23600000143051147,0.23600000143051147,2359.0
2024-04-24 10:52:00,TXG,27.09000015258789,27.09000015258789,27.110000610351562,27.09000015258789,27.110000610351562,2207.0
2024-04-24 10:52:00,VABK,24.850000381469727,24.850000381469727,24.850000381469727,24.850000381469727,24.850000381469727,903.0
2024-04-24 10:52:00,VCTR,49.63999938964844,49.63999938964844,49.63999938964844,49.560001373291016,49.560001373291016,644.0
2024-04-24 10:52:00,VERX,28.989999771118164,28.989999771118164,29.024999618530273,28.989999771118164,29.020000457763672,2549.0
2024-04-24 10:52:00,VFF,1.3327000141143799,1.3327000141143799,1.3327000141143799,1.3327000141143799,1.3327000141143799,706.0
2024-04-24 10:52:00,VFS,2.490000009536743,2.490000009536743,2.4999001026153564,2.490000009536743,2.494999885559082,1898.0
2024-04-24 10:52:00,VIAV,7.934999942779541,7.934999942779541,7.934999942779541,7.934999942779541,7.934999942779541,439.0
2024-04-24 10:52:00,VICR,33.77000045776367,33.77000045776367,33.77000045776367,33.743900299072266,33.743900299072266,546.0
2024-04-24 10:52:00,VIOT,0.5667999982833862,0.5667999982833862,0.5667999982833862,0.5667999982833862,0.5667999982833862,500.0
2024-04-24 10:52:00,VIR,8.125,8.125,8.125,8.125,8.125,828.0
2024-04-24 10:52:00,VIRT,22.3799991607666,22.3799991607666,22.399999618530273,22.3799991607666,22.3799991607666,5427.0
2024-04-24 10:52:00,VITL,27.010000228881836,27.010000228881836,27.010000228881836,27.010000228881836,27.010000228881836,545.0
2024-04-24 10:52:00,VIVK,1.5499999523162842,1.5499999523162842,1.559999942779541,1.5499999523162842,1.559999942779541,1000.0
2024-04-24 10:52:00,VKTX,66.73999786376953,66.73999786376953,66.8593978881836,66.73999786376953,66.79000091552734,3767.0
2024-04-24 10:52:00,VLCN,0.25999999046325684,0.25999999046325684,0.26409998536109924,0.25999999046325684,0.2630000114440918,5374.0
2024-04-24 10:52:00,VMEO,3.555000066757202,3.555000066757202,3.555000066757202,3.555000066757202,3.555000066757202,630.0
2024-04-24 10:52:00,VNOM,40.119998931884766,40.119998931884766,40.1349983215332,40.119998931884766,40.1349983215332,1176.0
2024-04-24 10:52:00,VOD,8.53499984741211,8.53499984741211,8.539899826049805,8.53499984741211,8.539899826049805,1065.0
2024-04-24 10:52:00,VOXR,2.0,2.0,2.0,2.0,2.0,200.0
2024-04-24 10:52:00,VRDN,13.760000228881836,13.760000228881836,13.760000228881836,13.760000228881836,13.760000228881836,506.0
2024-04-24 10:52:00,VRNA,15.40999984741211,15.40999984741211,15.40999984741211,15.40999984741211,15.40999984741211,963.0
2024-04-24 10:52:00,VRRM,24.440000534057617,24.440000534057617,24.44499969482422,24.42009925842285,24.42009925842285,3961.0
2024-04-24 10:52:00,VRTX,400.5150146484375,400.5150146484375,400.5400085449219,400.45001220703125,400.5400085449219,1417.0
2024-04-24 10:52:00,VS,1.4880000352859497,1.4880000352859497,1.4880000352859497,1.4800000190734863,1.4880000352859497,0.0
2024-04-24 10:52:00,VSAT,16.360000610351562,16.360000610351562,16.360000610351562,16.350000381469727,16.350000381469727,513.0
2024-04-24 10:52:00,VTNR,1.5750000476837158,1.5750000476837158,1.5850000381469727,1.5700000524520874,1.5850000381469727,75799.0
2024-04-24 10:52:00,VTRS,11.34000015258789,11.34000015258789,11.34000015258789,11.335000038146973,11.34000015258789,2171.0
2024-04-24 10:52:00,VUZI,1.3250000476837158,1.3250000476837158,1.3250000476837158,1.3200000524520874,1.3250000476837158,900.0
2024-04-24 10:52:00,VYGR,7.558300018310547,7.558300018310547,7.558300018310547,7.558300018310547,7.558300018310547,244.0
2024-04-24 10:52:00,WB,8.3149995803833,8.3149995803833,8.3149995803833,8.3149995803833,8.3149995803833,625.0
2024-04-24 10:52:00,WBA,17.700000762939453,17.700000762939453,17.700000762939453,17.684999465942383,17.692699432373047,15621.0
2024-04-24 10:52:00,WBD,8.324999809265137,8.324999809265137,8.349800109863281,8.324999809265137,8.345000267028809,33133.0
2024-04-24 10:52:00,WDAY,255.6699981689453,255.6699981689453,255.7100067138672,255.49000549316406,255.58999633789062,5466.0
2024-04-24 10:52:00,WDC,68.98079681396484,68.98079681396484,69.0199966430664,68.98079681396484,69.00270080566406,4013.0
2024-04-24 10:52:00,WEN,19.8700008392334,19.8700008392334,19.8700008392334,19.8700008392334,19.8700008392334,1651.0
2024-04-24 10:52:00,WERN,35.29999923706055,35.29999923706055,35.310001373291016,35.29999923706055,35.310001373291016,655.0
2024-04-24 10:52:00,WFRD,125.04000091552734,125.04000091552734,125.19000244140625,125.04000091552734,125.05500030517578,5275.0
2024-04-24 10:52:00,WHLM,6.25,6.25,6.25,6.220099925994873,6.220099925994873,2971.0
2024-04-24 10:52:00,WIMI,0.8798999786376953,0.8798999786376953,0.8867999911308289,0.8733999729156494,0.8867999911308289,8127.0
2024-04-24 10:52:00,WING,363.1000061035156,363.1000061035156,363.1000061035156,363.1000061035156,363.1000061035156,239.0
2024-04-24 10:52:00,WISA,6.421299934387207,6.421299934387207,6.48859977722168,6.410099983215332,6.410099983215332,15086.0
2024-04-24 10:52:00,WKHS,0.16110000014305115,0.16110000014305115,0.16110000014305115,0.16110000014305115,0.16110000014305115,140.0
2024-04-24 10:52:00,WMG,32.189998626708984,32.189998626708984,32.189998626708984,32.17499923706055,32.17499923706055,697.0
2024-04-24 10:52:00,WRAP,1.9903000593185425,1.9903000593185425,1.9903000593185425,1.9903000593185425,1.9903000593185425,2522.0
2024-04-24 10:52:00,WSC,37.779998779296875,37.779998779296875,37.78499984741211,37.775001525878906,37.78499984741211,999.0
2024-04-24 10:52:00,WSFS,44.279998779296875,44.279998779296875,44.279998779296875,44.279998779296875,44.279998779296875,486.0
2024-04-24 10:52:00,WTW,263.239990234375,263.239990234375,263.2900085449219,263.2200012207031,263.2900085449219,885.0
2024-04-24 10:52:00,WW,1.6749999523162842,1.6749999523162842,1.6749999523162842,1.6699999570846558,1.6699999570846558,12025.0
2024-04-24 10:52:00,WYNN,97.25499725341797,97.25499725341797,97.25499725341797,97.2300033569336,97.25,1789.0
2024-04-24 10:52:00,XEL,55.029998779296875,55.029998779296875,55.099998474121094,55.025001525878906,55.099998474121094,13264.0
2024-04-24 10:52:00,XENE,40.64500045776367,40.64500045776367,40.64500045776367,40.64500045776367,40.64500045776367,200.0
2024-04-24 10:52:00,XFOR,1.2450000047683716,1.2450000047683716,1.2450000047683716,1.2450000047683716,1.2450000047683716,700.0
2024-04-24 10:52:00,XMTR,16.920000076293945,16.920000076293945,16.9375,16.920000076293945,16.9375,1321.0
2024-04-24 10:52:00,XNCR,18.190000534057617,18.190000534057617,18.190000534057617,18.18000030517578,18.18000030517578,352.0
2024-04-24 10:52:00,XP,20.325000762939453,20.325000762939453,20.334999084472656,20.325000762939453,20.329999923706055,13469.0
2024-04-24 10:52:00,XPEL,54.650001525878906,54.650001525878906,54.650001525878906,54.650001525878906,54.650001525878906,154.0
2024-04-24 10:52:00,XRX,14.515000343322754,14.515000343322754,14.524999618530273,14.515000343322754,14.515000343322754,4629.0
2024-04-24 10:52:00,XXII,1.7402000427246094,1.7402000427246094,1.7402000427246094,1.7402000427246094,1.7402000427246094,3344.0
2024-04-24 10:52:00,Z,43.57500076293945,43.57500076293945,43.599998474121094,43.53499984741211,43.540000915527344,4408.0
2024-04-24 10:52:00,ZBRA,276.70001220703125,276.70001220703125,276.70001220703125,276.70001220703125,276.70001220703125,1613.0
2024-04-24 10:52:00,ZD,51.63999938964844,51.63999938964844,51.63999938964844,51.599998474121094,51.599998474121094,1524.0
2024-04-24 10:52:00,ZG,42.9900016784668,42.9900016784668,42.9900016784668,42.9900016784668,42.9900016784668,578.0
2024-04-24 10:52:00,ZI,15.859999656677246,15.859999656677246,15.859999656677246,15.859999656677246,15.859999656677246,1074.0
2024-04-24 10:52:00,ZION,41.78499984741211,41.78499984741211,41.81999969482422,41.77000045776367,41.790000915527344,7507.0
2024-04-24 10:52:00,ZIONO,25.473899841308594,25.473899841308594,25.473899841308594,25.473899841308594,25.473899841308594,532.0
2024-04-24 10:52:00,ZLAB,15.90999984741211,15.90999984741211,15.90999984741211,15.90999984741211,15.90999984741211,435.0
2024-04-24 10:52:00,ZM,61.25149917602539,61.25149917602539,61.25149917602539,61.21500015258789,61.220001220703125,4631.0
2024-04-24 10:52:00,ZNTL,12.470000267028809,12.470000267028809,12.470000267028809,12.470000267028809,12.470000267028809,681.0
2024-04-24 10:52:00,ZS,179.75999450683594,179.75999450683594,179.75999450683594,179.47999572753906,179.47999572753906,3312.0
2024-04-24 10:52:00,ZUMZ,16.950000762939453,16.950000762939453,16.950000762939453,16.950000762939453,16.950000762939453,120.0
2024-04-24 10:52:00,ZURA,3.2899999618530273,3.2899999618530273,3.2899999618530273,3.2899999618530273,3.2899999618530273,309.0
2024-04-24 10:52:00,ZVSA,0.57669997215271,0.57669997215271,0.57669997215271,0.5759999752044678,0.5759999752044678,2516.0
2024-04-24 10:53:00,DSP,8.779999732971191,8.779999732971191,8.779999732971191,8.779999732971191,8.779999732971191,1.0
2024-04-24 10:53:00,EGHT,2.2899999618530273,2.2899999618530273,2.2899999618530273,2.2899999618530273,2.2899999618530273,135.0
2024-04-24 10:53:00,ETNB,8.760000228881836,8.760000228881836,8.760000228881836,8.744999885559082,8.744999885559082,491.0
2024-04-24 10:53:00,FDMT,24.65999984741211,24.65999984741211,24.65999984741211,24.65999984741211,24.65999984741211,642.0
2024-04-24 10:53:00,FLWS,9.220000267028809,9.220000267028809,9.220000267028809,9.220000267028809,9.220000267028809,227.0
2024-04-24 10:53:00,MAPS,1.100000023841858,1.100000023841858,1.100000023841858,1.100000023841858,1.100000023841858,400.0
2024-04-24 10:53:00,MASS,5.630000114440918,5.630000114440918,5.630000114440918,5.630000114440918,5.630000114440918,245.0
2024-04-24 10:53:00,ME,0.4756999909877777,0.4756999909877777,0.4756999909877777,0.47380000352859497,0.47380000352859497,807.0
2024-04-24 10:53:00,SEAT,5.815000057220459,5.815000057220459,5.815000057220459,5.815000057220459,5.815000057220459,112.0
2024-04-24 10:53:00,TWOU,0.2362000048160553,0.2362000048160553,0.2362000048160553,0.2361000031232834,0.2361000031232834,3500.0
2024-04-24 10:53:00,TXG,27.065000534057617,27.065000534057617,27.09000015258789,27.065000534057617,27.09000015258789,2236.0
2024-04-24 10:53:00,VERU,1.2999999523162842,1.2999999523162842,1.3200000524520874,1.2999999523162842,1.315000057220459,3211.0
2024-04-24 10:53:00,VERV,6.815000057220459,6.815000057220459,6.815000057220459,6.815000057220459,6.815000057220459,1725.0
2024-04-24 10:53:00,VERX,29.110000610351562,29.110000610351562,29.110000610351562,29.0,29.0049991607666,3912.0
2024-04-24 10:53:00,VFS,2.484999895095825,2.484999895095825,2.490000009536743,2.484999895095825,2.490000009536743,3381.0
2024-04-24 10:53:00,VINC,0.9412000179290771,0.9412000179290771,0.9412000179290771,0.9412000179290771,0.9412000179290771,146.0
2024-04-24 10:53:00,VIR,8.114999771118164,8.114999771118164,8.119999885559082,8.114999771118164,8.119999885559082,243.0
2024-04-24 10:53:00,VIRT,22.3700008392334,22.3700008392334,22.389999389648438,22.3700008392334,22.3700008392334,3614.0
2024-04-24 10:53:00,VITL,27.010000228881836,27.010000228881836,27.040000915527344,27.010000228881836,27.030000686645508,5009.0
2024-04-24 10:53:00,VIVK,1.5499999523162842,1.5499999523162842,1.5499999523162842,1.5499999523162842,1.5499999523162842,400.0
2024-04-24 10:53:00,VKTX,66.69499969482422,66.69499969482422,66.80000305175781,66.62999725341797,66.80000305175781,10459.0
2024-04-24 10:53:00,VLCN,0.25999999046325684,0.25999999046325684,0.25999999046325684,0.25999999046325684,0.25999999046325684,464.0
2024-04-24 10:53:00,VMEO,3.555000066757202,3.555000066757202,3.559999942779541,3.555000066757202,3.559999942779541,415.0
2024-04-24 10:53:00,VNOM,40.130001068115234,40.130001068115234,40.150001525878906,40.130001068115234,40.150001525878906,460.0
2024-04-24 10:53:00,VOD,8.53499984741211,8.53499984741211,8.539999961853027,8.53499984741211,8.53499984741211,1563.0
2024-04-24 10:53:00,VOXR,2.009999990463257,2.009999990463257,2.009999990463257,2.009999990463257,2.009999990463257,2300.0
2024-04-24 10:53:00,VRCA,6.679999828338623,6.679999828338623,6.679999828338623,6.679999828338623,6.679999828338623,209.0
2024-04-24 10:53:00,VRDN,13.744999885559082,13.744999885559082,13.75,13.744999885559082,13.75,2383.0
2024-04-24 10:53:00,VRRM,24.3799991607666,24.3799991607666,24.43000030517578,24.3799991607666,24.43000030517578,2247.0
2024-04-24 10:53:00,VRTX,400.5950012207031,400.5950012207031,400.5950012207031,400.4800109863281,400.5799865722656,1328.0
2024-04-24 10:53:00,VTGN,4.760000228881836,4.760000228881836,4.760000228881836,4.757999897003174,4.757999897003174,755.0
2024-04-24 10:53:00,VTNR,1.5750000476837158,1.5750000476837158,1.5750000476837158,1.5700000524520874,1.5702999830245972,9874.0
2024-04-24 10:53:00,VTRS,11.337499618530273,11.337499618530273,11.34000015258789,11.335000038146973,11.34000015258789,3601.0
2024-04-24 10:53:00,VUZI,1.3250000476837158,1.3250000476837158,1.3250000476837158,1.3200000524520874,1.3200000524520874,785.0
2024-04-24 10:53:00,VYGR,7.559999942779541,7.559999942779541,7.559999942779541,7.559999942779541,7.559999942779541,216.0
2024-04-24 10:53:00,VYNE,2.4395999908447266,2.4395999908447266,2.4395999908447266,2.4395999908447266,2.4395999908447266,1554.0
2024-04-24 10:53:00,WASH,25.920000076293945,25.920000076293945,25.940000534057617,25.920000076293945,25.940000534057617,1264.0
2024-04-24 10:53:00,WB,8.310099601745605,8.310099601745605,8.3149995803833,8.310099601745605,8.3149995803833,498.0
2024-04-24 10:53:00,WBA,17.692699432373047,17.692699432373047,17.700000762939453,17.69179916381836,17.699800491333008,17154.0
2024-04-24 10:53:00,WBD,8.3149995803833,8.3149995803833,8.324999809265137,8.3149995803833,8.324999809265137,59952.0
2024-04-24 10:53:00,WDAY,255.61000061035156,255.61000061035156,255.61000061035156,255.5,255.5800018310547,761.0
2024-04-24 10:53:00,WDC,68.83000183105469,68.83000183105469,69.04000091552734,68.81999969482422,69.0,15007.0
2024-04-24 10:53:00,WEN,19.864999771118164,19.864999771118164,19.8700008392334,19.864999771118164,19.8700008392334,1047.0
2024-04-24 10:53:00,WERN,35.27000045776367,35.27000045776367,35.29999923706055,35.26900100708008,35.29999923706055,1037.0
2024-04-24 10:53:00,WFRD,124.9749984741211,124.9749984741211,125.19000244140625,124.95999908447266,125.19000244140625,4554.0
2024-04-24 10:53:00,WHLM,6.309999942779541,6.309999942779541,6.309999942779541,6.309999942779541,6.309999942779541,2579.0
2024-04-24 10:53:00,WIMI,0.8798999786376953,0.8798999786376953,0.8798999786376953,0.8798999786376953,0.8798999786376953,10047.0
2024-04-24 10:53:00,WING,362.885498046875,362.885498046875,362.9949951171875,362.885498046875,362.9949951171875,1149.0
2024-04-24 10:53:00,WISA,6.421000003814697,6.421000003814697,6.449999809265137,6.420000076293945,6.440000057220459,12690.0
2024-04-24 10:53:00,WKHS,0.16120000183582306,0.16120000183582306,0.16120000183582306,0.16110000014305115,0.16110000014305115,185141.0
2024-04-24 10:53:00,WMG,32.13999938964844,32.13999938964844,32.185001373291016,32.13999938964844,32.16999816894531,3615.0
2024-04-24 10:53:00,WPRT,5.710000038146973,5.710000038146973,5.710000038146973,5.710000038146973,5.710000038146973,400.0
2024-04-24 10:53:00,WSBC,28.09000015258789,28.09000015258789,28.09000015258789,28.09000015258789,28.09000015258789,112.0
2024-04-24 10:53:00,WSC,37.72999954223633,37.72999954223633,37.79999923706055,37.72999954223633,37.790000915527344,2953.0
2024-04-24 10:53:00,WSFS,44.20000076293945,44.20000076293945,44.20000076293945,44.20000076293945,44.20000076293945,458.0
2024-04-24 10:53:00,WTW,263.3699951171875,263.3699951171875,263.3699951171875,263.3599853515625,263.3599853515625,1062.0
2024-04-24 10:53:00,WW,1.6749999523162842,1.6749999523162842,1.679900050163269,1.6699999570846558,1.670300006866455,5604.0
2024-04-24 10:53:00,WYNN,97.23500061035156,97.23500061035156,97.23500061035156,97.23500061035156,97.23500061035156,306.0
2024-04-24 10:53:00,XEL,55.099998474121094,55.099998474121094,55.11000061035156,55.03499984741211,55.03499984741211,9328.0
2024-04-24 10:53:00,XENE,40.64500045776367,40.64500045776367,40.64500045776367,40.64500045776367,40.64500045776367,53.0
2024-04-24 10:53:00,XERS,1.7549999952316284,1.7549999952316284,1.7549999952316284,1.7549999952316284,1.7549999952316284,320.0
2024-04-24 10:53:00,XFOR,1.2400000095367432,1.2400000095367432,1.2431000471115112,1.2400000095367432,1.2400000095367432,885.0
2024-04-24 10:53:00,XNCR,18.15999984741211,18.15999984741211,18.15999984741211,18.15999984741211,18.15999984741211,894.0
2024-04-24 10:53:00,XP,20.350000381469727,20.350000381469727,20.350000381469727,20.325000762939453,20.329999923706055,13199.0
2024-04-24 10:53:00,XPEL,54.70500183105469,54.70500183105469,54.75,54.650001525878906,54.75,1832.0
2024-04-24 10:53:00,XRX,14.494999885559082,14.494999885559082,14.510000228881836,14.489999771118164,14.510000228881836,6027.0
2024-04-24 10:53:00,YMAB,15.085000038146973,15.085000038146973,15.09000015258789,15.085000038146973,15.09000015258789,480.0
2024-04-24 10:53:00,YTEN,0.23000000417232513,0.23000000417232513,0.23000000417232513,0.23000000417232513,0.23000000417232513,640.0
2024-04-24 10:53:00,Z,43.57500076293945,43.57500076293945,43.599998474121094,43.5724983215332,43.5724983215332,2752.0
2024-04-24 10:53:00,ZD,51.59000015258789,51.59000015258789,51.59000015258789,51.59000015258789,51.59000015258789,873.0
2024-04-24 10:53:00,ZI,15.819999694824219,15.819999694824219,15.859999656677246,15.819999694824219,15.859999656677246,7772.0
2024-04-24 10:53:00,ZIMV,15.800000190734863,15.800000190734863,15.836199760437012,15.800000190734863,15.836199760437012,1068.0
2024-04-24 10:53:00,ZION,41.779998779296875,41.779998779296875,41.779998779296875,41.7599983215332,41.77000045776367,6211.0
2024-04-24 10:53:00,ZLAB,15.890000343322754,15.890000343322754,15.890000343322754,15.890000343322754,15.890000343322754,141.0
2024-04-24 10:53:00,ZM,61.2400016784668,61.2400016784668,61.2599983215332,61.2400016784668,61.25,5017.0
2024-04-24 10:53:00,ZVSA,0.5799999833106995,0.5799999833106995,0.5799999833106995,0.5766000151634216,0.5766000151634216,4736.0
2024-04-24 10:53:00,ZYME,8.579999923706055,8.579999923706055,8.579999923706055,8.569999694824219,8.569999694824219,2970.0
2024-04-24 10:54:00,COCO,23.649999618530273,23.649999618530273,23.649999618530273,23.649999618530273,23.649999618530273,305.0
2024-04-24 10:54:00,ETNB,8.739999771118164,8.739999771118164,8.739999771118164,8.739999771118164,8.739999771118164,110.0
2024-04-24 10:54:00,FDMT,24.600000381469727,24.600000381469727,24.600000381469727,24.600000381469727,24.600000381469727,229.0
2024-04-24 10:54:00,FEAM,1.159999966621399,1.159999966621399,1.159999966621399,1.159999966621399,1.159999966621399,375.0
2024-04-24 10:54:00,FREE,4.819900035858154,4.819900035858154,4.819900035858154,4.819900035858154,4.819900035858154,260.0
2024-04-24 10:54:00,MASS,5.625,5.625,5.625,5.625,5.625,880.0
2024-04-24 10:54:00,SEAT,5.815000057220459,5.815000057220459,5.815000057220459,5.815000057220459,5.815000057220459,337.0
2024-04-24 10:54:00,TWOU,0.2362000048160553,0.2362000048160553,0.2362000048160553,0.2361000031232834,0.2362000048160553,6361.0
2024-04-24 10:54:00,TXG,27.139999389648438,27.139999389648438,27.139999389648438,27.09000015258789,27.094999313354492,3564.0
2024-04-24 10:54:00,VCTR,49.59000015258789,49.59000015258789,49.59000015258789,49.52149963378906,49.52149963378906,1016.0
2024-04-24 10:54:00,VERU,1.309999942779541,1.309999942779541,1.309999942779541,1.309999942779541,1.309999942779541,0.0
2024-04-24 10:54:00,VERV,6.809999942779541,6.809999942779541,6.829999923706055,6.808700084686279,6.808700084686279,1566.0
2024-04-24 10:54:00,VERX,29.125,29.125,29.125,29.125,29.125,680.0
2024-04-24 10:54:00,VFS,2.4899001121520996,2.4899001121520996,2.490000009536743,2.4800000190734863,2.4800000190734863,9327.0
2024-04-24 10:54:00,VIAV,7.934999942779541,7.934999942779541,7.9375,7.934999942779541,7.9375,353.0
2024-04-24 10:54:00,VICR,33.71500015258789,33.71500015258789,33.71500015258789,33.71500015258789,33.71500015258789,200.0
2024-04-24 10:54:00,VIOT,0.5637000203132629,0.5637000203132629,0.5637000203132629,0.5636000037193298,0.5636000037193298,500.0
2024-04-24 10:54:00,VIR,8.114999771118164,8.114999771118164,8.114999771118164,8.114999771118164,8.114999771118164,578.0
2024-04-24 10:54:00,VIRT,22.360000610351562,22.360000610351562,22.364999771118164,22.360000610351562,22.364999771118164,1385.0
2024-04-24 10:54:00,VIVK,1.5499999523162842,1.5499999523162842,1.559999942779541,1.5499999523162842,1.5499999523162842,1222.0
2024-04-24 10:54:00,VKTX,66.1500015258789,66.1500015258789,66.76000213623047,66.11000061035156,66.71900177001953,23701.0
2024-04-24 10:54:00,VLCN,0.25519999861717224,0.25519999861717224,0.2599000036716461,0.25519999861717224,0.2599000036716461,330.0
2024-04-24 10:54:00,VMEO,3.555000066757202,3.555000066757202,3.559999942779541,3.555000066757202,3.559999942779541,369.0
2024-04-24 10:54:00,VNOM,40.14979934692383,40.14979934692383,40.14979934692383,40.14979934692383,40.14979934692383,205.0
2024-04-24 10:54:00,VOD,8.53499984741211,8.53499984741211,8.53499984741211,8.53499984741211,8.53499984741211,1616.0
2024-04-24 10:54:00,VRCA,6.71999979019165,6.71999979019165,6.71999979019165,6.71999979019165,6.71999979019165,362.0
2024-04-24 10:54:00,VRTX,400.05999755859375,400.05999755859375,400.6000061035156,400.05999755859375,400.6000061035156,2861.0
2024-04-24 10:54:00,VSAT,16.360000610351562,16.360000610351562,16.3700008392334,16.350000381469727,16.350000381469727,804.0
2024-04-24 10:54:00,VTNR,1.5750000476837158,1.5750000476837158,1.5800000429153442,1.5750000476837158,1.5800000429153442,1258.0
2024-04-24 10:54:00,VTRS,11.34000015258789,11.34000015258789,11.34000015258789,11.332500457763672,11.34000015258789,3021.0
2024-04-24 10:54:00,VTSI,12.109999656677246,12.109999656677246,12.109999656677246,12.109999656677246,12.109999656677246,313.0
2024-04-24 10:54:00,WB,8.3149995803833,8.3149995803833,8.3149995803833,8.3149995803833,8.3149995803833,543.0
2024-04-24 10:54:00,WBA,17.690000534057617,17.690000534057617,17.699899673461914,17.690000534057617,17.69700050354004,13255.0
2024-04-24 10:54:00,WBD,8.3149995803833,8.3149995803833,8.324999809265137,8.3100004196167,8.3149995803833,107045.0
2024-04-24 10:54:00,WDAY,255.91000366210938,255.91000366210938,255.91000366210938,255.60499572753906,255.60499572753906,1813.0
2024-04-24 10:54:00,WDC,69.01000213623047,69.01000213623047,69.0199966430664,68.83000183105469,68.83000183105469,6036.0
2024-04-24 10:54:00,WDFC,225.69500732421875,225.69500732421875,225.69500732421875,225.69500732421875,225.69500732421875,226.0
2024-04-24 10:54:00,WEN,19.875,19.875,19.875,19.864999771118164,19.8700008392334,4702.0
2024-04-24 10:54:00,WERN,35.279998779296875,35.279998779296875,35.279998779296875,35.279998779296875,35.279998779296875,397.0
2024-04-24 10:54:00,WFRD,125.62999725341797,125.62999725341797,125.62999725341797,125.12000274658203,125.12000274658203,2191.0
2024-04-24 10:54:00,WHLRP,1.5199999809265137,1.5199999809265137,1.5199999809265137,1.5199999809265137,1.5199999809265137,636.0
2024-04-24 10:54:00,WIMI,0.8730000257492065,0.8730000257492065,0.8730000257492065,0.8730000257492065,0.8730000257492065,483.0
2024-04-24 10:54:00,WISA,6.384200096130371,6.384200096130371,6.429999828338623,6.349999904632568,6.420000076293945,34450.0
2024-04-24 10:54:00,WIX,124.13999938964844,124.13999938964844,124.13999938964844,123.94999694824219,123.98999786376953,815.0
2024-04-24 10:54:00,WKSP,0.3700000047683716,0.3700000047683716,0.3700000047683716,0.3700000047683716,0.3700000047683716,252.0
2024-04-24 10:54:00,WLGS,0.5809999704360962,0.5809999704360962,0.5809999704360962,0.5809999704360962,0.5809999704360962,0.0
2024-04-24 10:54:00,WMG,32.18000030517578,32.18000030517578,32.185001373291016,32.14500045776367,32.150001525878906,2173.0
2024-04-24 10:54:00,WPRT,5.670000076293945,5.670000076293945,5.670000076293945,5.670000076293945,5.670000076293945,250.0
2024-04-24 10:54:00,WSBC,28.094999313354492,28.094999313354492,28.094999313354492,28.079999923706055,28.079999923706055,1023.0
2024-04-24 10:54:00,WSBF,11.699999809265137,11.699999809265137,11.699999809265137,11.699999809265137,11.699999809265137,810.0
2024-04-24 10:54:00,WSC,37.7599983215332,37.7599983215332,37.7599983215332,37.724998474121094,37.724998474121094,2034.0
2024-04-24 10:54:00,WTFC,99.63999938964844,99.63999938964844,99.63999938964844,99.63999938964844,99.63999938964844,202.0
2024-04-24 10:54:00,WTW,263.6700134277344,263.6700134277344,263.6700134277344,263.44000244140625,263.44000244140625,306.0
2024-04-24 10:54:00,WW,1.6799999475479126,1.6799999475479126,1.6799999475479126,1.6799999475479126,1.6799999475479126,313.0
2024-04-24 10:54:00,WYNN,97.24500274658203,97.24500274658203,97.2699966430664,97.24500274658203,97.26000213623047,762.0
2024-04-24 10:54:00,XEL,55.060001373291016,55.060001373291016,55.099998474121094,55.029998779296875,55.099998474121094,21740.0
2024-04-24 10:54:00,XFOR,1.2450000047683716,1.2450000047683716,1.2450000047683716,1.2450000047683716,1.2450000047683716,1000.0
2024-04-24 10:54:00,XLO,1.0750000476837158,1.0750000476837158,1.0750000476837158,1.0750000476837158,1.0750000476837158,5011.0
2024-04-24 10:54:00,XMTR,16.90999984741211,16.90999984741211,16.90999984741211,16.90999984741211,16.90999984741211,211.0
2024-04-24 10:54:00,XP,20.375,20.375,20.375,20.350000381469727,20.354999542236328,18207.0
2024-04-24 10:54:00,XRX,14.475000381469727,14.475000381469727,14.5,14.470000267028809,14.489999771118164,4569.0
2024-04-24 10:54:00,XXII,1.7699999809265137,1.7699999809265137,1.7699999809265137,1.756100058555603,1.7598999738693237,6570.0
2024-04-24 10:54:00,YHGJ,1.3300000429153442,1.3300000429153442,1.3300000429153442,1.3300000429153442,1.3300000429153442,501.0
2024-04-24 10:54:00,YMAB,15.069999694824219,15.069999694824219,15.079999923706055,15.020000457763672,15.079999923706055,2605.0
2024-04-24 10:54:00,Z,43.56999969482422,43.56999969482422,43.59000015258789,43.56999969482422,43.57500076293945,7473.0
2024-04-24 10:54:00,ZAPP,4.539999961853027,4.539999961853027,4.539999961853027,4.539999961853027,4.539999961853027,174.0
2024-04-24 10:54:00,ZD,51.625,51.625,51.630001068115234,51.625,51.630001068115234,1408.0
2024-04-24 10:54:00,ZG,43.0,43.0,43.0,43.0,43.0,1144.0
2024-04-24 10:54:00,ZI,15.829999923706055,15.829999923706055,15.835000038146973,15.8149995803833,15.8149995803833,5597.0
2024-04-24 10:54:00,ZION,41.810001373291016,41.810001373291016,41.810001373291016,41.790000915527344,41.790000915527344,8567.0
2024-04-24 10:54:00,ZM,61.25,61.25,61.26499938964844,61.23500061035156,61.25,3154.0
2024-04-24 10:54:00,ZS,179.61500549316406,179.61500549316406,179.66000366210938,179.5800018310547,179.61000061035156,5118.0
2024-04-24 10:55:00,DIBS,5.360000133514404,5.360000133514404,5.360000133514404,5.360000133514404,5.360000133514404,700.0
2024-04-24 10:55:00,DSP,8.800000190734863,8.800000190734863,8.800000190734863,8.800000190734863,8.800000190734863,300.0
2024-04-24 10:55:00,EGHT,2.2899999618530273,2.2899999618530273,2.2899999618530273,2.2899999618530273,2.2899999618530273,300.0
2024-04-24 10:55:00,ETNB,8.729999542236328,8.729999542236328,8.75,8.729999542236328,8.75,2626.0
2024-04-24 10:55:00,FDMT,24.579999923706055,24.579999923706055,24.610000610351562,24.579999923706055,24.610000610351562,1452.0
2024-04-24 10:55:00,FEAM,1.159999966621399,1.159999966621399,1.159999966621399,1.159999966621399,1.159999966621399,89.0
2024-04-24 10:55:00,FLWS,9.199999809265137,9.199999809265137,9.199999809265137,9.199999809265137,9.199999809265137,240.0
2024-04-24 10:55:00,ME,0.4749000072479248,0.4749000072479248,0.4749000072479248,0.47380000352859497,0.47380000352859497,1715.0
2024-04-24 10:55:00,PET,2.244999885559082,2.244999885559082,2.244999885559082,2.244999885559082,2.244999885559082,5020.0
2024-04-24 10:55:00,SEAT,5.815000057220459,5.815000057220459,5.815000057220459,5.815000057220459,5.815000057220459,371.0
2024-04-24 10:55:00,TSVT,4.400000095367432,4.400000095367432,4.400000095367432,4.369999885559082,4.369999885559082,1953.0
2024-04-24 10:55:00,TWOU,0.23690000176429749,0.23690000176429749,0.23690000176429749,0.2362000048160553,0.2362000048160553,10947.0
2024-04-24 10:55:00,TXG,27.139999389648438,27.139999389648438,27.165000915527344,27.139999389648438,27.145000457763672,2560.0
2024-04-24 10:55:00,VERU,1.309999942779541,1.309999942779541,1.309999942779541,1.309999942779541,1.309999942779541,1200.0
2024-04-24 10:55:00,VERV,6.809999942779541,6.809999942779541,6.829999923706055,6.809999942779541,6.820000171661377,3751.0
2024-04-24 10:55:00,VERX,29.1200008392334,29.1200008392334,29.139999389648438,29.100000381469727,29.125,51004.0
2024-04-24 10:55:00,VFS,2.4800000190734863,2.4800000190734863,2.4800000190734863,2.4800000190734863,2.4800000190734863,1706.0
2024-04-24 10:55:00,VIAV,7.929999828338623,7.929999828338623,7.929999828338623,7.929999828338623,7.929999828338623,2259.0
2024-04-24 10:55:00,VICR,33.71500015258789,33.71500015258789,33.71500015258789,33.71500015258789,33.71500015258789,1.0
2024-04-24 10:55:00,VIRT,22.344999313354492,22.344999313354492,22.350000381469727,22.344999313354492,22.350000381469727,3620.0
2024-04-24 10:55:00,VITL,27.07270050048828,27.07270050048828,27.07270050048828,27.03499984741211,27.049999237060547,1096.0
2024-04-24 10:55:00,VIVK,1.559999942779541,1.559999942779541,1.559999942779541,1.534999966621399,1.534999966621399,0.0
2024-04-24 10:55:00,VKTX,66.07009887695312,66.07009887695312,66.30000305175781,66.07009887695312,66.2114028930664,18954.0
2024-04-24 10:55:00,VMEO,3.555000066757202,3.555000066757202,3.559999942779541,3.553800106048584,3.559999942779541,2375.0
2024-04-24 10:55:00,VNOM,40.154998779296875,40.154998779296875,40.16999816894531,40.154998779296875,40.16999816894531,507.0
2024-04-24 10:55:00,VOD,8.53499984741211,8.53499984741211,8.539999961853027,8.53499984741211,8.53499984741211,2951.0
2024-04-24 10:55:00,VOR,1.7999999523162842,1.7999999523162842,1.7999999523162842,1.7999999523162842,1.7999999523162842,1805.0
2024-04-24 10:55:00,VRDN,13.710000038146973,13.710000038146973,13.720000267028809,13.699999809265137,13.720000267028809,5675.0
2024-04-24 10:55:00,VRRM,24.399999618530273,24.399999618530273,24.40999984741211,24.399999618530273,24.405000686645508,1256.0
2024-04-24 10:55:00,VRTX,400.30950927734375,400.30950927734375,400.30950927734375,400.30950927734375,400.30950927734375,254.0
2024-04-24 10:55:00,VSAT,16.360000610351562,16.360000610351562,16.360000610351562,16.34000015258789,16.34000015258789,1121.0
2024-04-24 10:55:00,VTNR,1.5750000476837158,1.5750000476837158,1.5765000581741333,1.5721999406814575,1.5750000476837158,2094.0
2024-04-24 10:55:00,VTRS,11.34000015258789,11.34000015258789,11.34000015258789,11.34000015258789,11.34000015258789,742.0
2024-04-24 10:55:00,VTSI,12.109999656677246,12.109999656677246,12.180000305175781,12.109999656677246,12.180000305175781,1537.0
2024-04-24 10:55:00,VUZI,1.3250000476837158,1.3250000476837158,1.3273999691009521,1.3250000476837158,1.3273999691009521,4200.0
2024-04-24 10:55:00,VYGR,7.559999942779541,7.559999942779541,7.559999942779541,7.559999942779541,7.559999942779541,2712.0
2024-04-24 10:55:00,WAFD,27.760000228881836,27.760000228881836,27.760000228881836,27.760000228881836,27.760000228881836,539.0
2024-04-24 10:55:00,WBA,17.684999465942383,17.684999465942383,17.709999084472656,17.684999465942383,17.69499969482422,21523.0
2024-04-24 10:55:00,WBD,8.320899963378906,8.320899963378906,8.329899787902832,8.3149995803833,8.3149995803833,92455.0
2024-04-24 10:55:00,WDAY,255.9199981689453,255.9199981689453,255.9199981689453,255.75999450683594,255.82000732421875,1584.0
2024-04-24 10:55:00,WDC,68.99500274658203,68.99500274658203,69.02999877929688,68.9800033569336,68.9800033569336,5030.0
2024-04-24 10:55:00,WDFC,225.22000122070312,225.22000122070312,225.22000122070312,225.22000122070312,225.22000122070312,2422.0
2024-04-24 10:55:00,WEN,19.889999389648438,19.889999389648438,19.895000457763672,19.875,19.875,4436.0
2024-04-24 10:55:00,WERN,35.2599983215332,35.2599983215332,35.290000915527344,35.2599983215332,35.290000915527344,1162.0
2024-04-24 10:55:00,WFRD,125.4000015258789,125.4000015258789,125.91999816894531,125.37999725341797,125.58000183105469,3876.0
2024-04-24 10:55:00,WIMI,0.8799999952316284,0.8799999952316284,0.8799999952316284,0.8799999952316284,0.8799999952316284,6054.0
2024-04-24 10:55:00,WING,362.79998779296875,362.79998779296875,362.79998779296875,362.79998779296875,362.79998779296875,361.0
2024-04-24 10:55:00,WINVR,0.04050000011920929,0.04050000011920929,0.04050000011920929,0.04050000011920929,0.04050000011920929,0.0
2024-04-24 10:55:00,WISA,6.400000095367432,6.400000095367432,6.400000095367432,6.380000114440918,6.400000095367432,9704.0
2024-04-24 10:55:00,WKHS,0.16110000014305115,0.16110000014305115,0.16110000014305115,0.16110000014305115,0.16110000014305115,5117.0
2024-04-24 10:55:00,WMG,32.13999938964844,32.13999938964844,32.15999984741211,32.13999938964844,32.15999984741211,906.0
2024-04-24 10:55:00,WSBC,28.1299991607666,28.1299991607666,28.1299991607666,28.1299991607666,28.1299991607666,265.0
2024-04-24 10:55:00,WSC,37.67770004272461,37.67770004272461,37.7599983215332,37.67770004272461,37.7599983215332,4188.0
2024-04-24 10:55:00,WTFC,99.52999877929688,99.52999877929688,99.52999877929688,99.52999877929688,99.52999877929688,219.0
2024-04-24 10:55:00,WTW,263.5199890136719,263.5199890136719,263.6449890136719,263.5199890136719,263.6449890136719,1475.0
2024-04-24 10:55:00,WW,1.6799999475479126,1.6799999475479126,1.6799999475479126,1.6749999523162842,1.6749999523162842,1803.0
2024-04-24 10:55:00,WWD,149.4499969482422,149.4499969482422,149.6199951171875,149.4499969482422,149.52000427246094,1082.0
2024-04-24 10:55:00,WYNN,97.20999908447266,97.20999908447266,97.24500274658203,97.20999908447266,97.24500274658203,1136.0
2024-04-24 10:55:00,XEL,55.09000015258789,55.09000015258789,55.09000015258789,55.04999923706055,55.05500030517578,2999.0
2024-04-24 10:55:00,XENE,40.665000915527344,40.665000915527344,40.689998626708984,40.665000915527344,40.689998626708984,723.0
2024-04-24 10:55:00,XMTR,16.8700008392334,16.8700008392334,16.939899444580078,16.8700008392334,16.939899444580078,1431.0
2024-04-24 10:55:00,XP,20.354999542236328,20.354999542236328,20.375,20.354999542236328,20.3700008392334,5445.0
2024-04-24 10:55:00,XRX,14.505000114440918,14.505000114440918,14.505000114440918,14.454999923706055,14.475000381469727,21423.0
2024-04-24 10:55:00,XXII,1.7798999547958374,1.7798999547958374,1.7899999618530273,1.75,1.7633999586105347,44470.0
2024-04-24 10:55:00,YMAB,15.086099624633789,15.086099624633789,15.09000015258789,15.086099624633789,15.09000015258789,248.0
2024-04-24 10:55:00,YTEN,0.22120000422000885,0.22120000422000885,0.22120000422000885,0.22120000422000885,0.22120000422000885,5640.0
2024-04-24 10:55:00,YTRA,1.2999999523162842,1.2999999523162842,1.3049999475479126,1.2999999523162842,1.3049999475479126,4492.0
2024-04-24 10:55:00,Z,43.529998779296875,43.529998779296875,43.587501525878906,43.525001525878906,43.56999969482422,7562.0
2024-04-24 10:55:00,ZAPP,4.539999961853027,4.539999961853027,4.539999961853027,4.539999961853027,4.539999961853027,278.0
2024-04-24 10:55:00,ZI,15.84000015258789,15.84000015258789,15.84000015258789,15.829999923706055,15.84000015258789,3439.0
2024-04-24 10:55:00,ZIMV,15.800000190734863,15.800000190734863,15.800000190734863,15.800000190734863,15.800000190734863,797.0
2024-04-24 10:55:00,ZION,41.86000061035156,41.86000061035156,41.90999984741211,41.77000045776367,41.81999969482422,39346.0
2024-04-24 10:55:00,ZLAB,15.885000228881836,15.885000228881836,15.895000457763672,15.880000114440918,15.895000457763672,1311.0
2024-04-24 10:55:00,ZM,61.20000076293945,61.20000076293945,61.255001068115234,61.189998626708984,61.255001068115234,8554.0
2024-04-24 10:55:00,ZNTL,12.430000305175781,12.430000305175781,12.430000305175781,12.430000305175781,12.430000305175781,347.0
2024-04-24 10:55:00,ZS,179.4149932861328,179.4149932861328,179.52000427246094,179.3800048828125,179.52000427246094,3103.0
2024-04-24 10:55:00,ZUMZ,16.959999084472656,16.959999084472656,16.959999084472656,16.959999084472656,16.959999084472656,506.0
2024-04-24 10:55:00,ZURA,3.2899999618530273,3.2899999618530273,3.2899999618530273,3.2899999618530273,3.2899999618530273,398.0
2024-04-24 10:55:00,ZVRA,4.509900093078613,4.509900093078613,4.509900093078613,4.509900093078613,4.509900093078613,1020.0
2024-04-24 10:56:00,COCO,23.639999389648438,23.639999389648438,23.639999389648438,23.639999389648438,23.639999389648438,134.0
2024-04-24 10:56:00,DIBS,5.360000133514404,5.360000133514404,5.360000133514404,5.360000133514404,5.360000133514404,700.0
2024-04-24 10:56:00,EGHT,2.2899999618530273,2.2899999618530273,2.2899999618530273,2.289099931716919,2.289099931716919,456.0
2024-04-24 10:56:00,ETNB,8.739999771118164,8.739999771118164,8.739999771118164,8.739999771118164,8.739999771118164,867.0
2024-04-24 10:56:00,FREE,4.820000171661377,4.820000171661377,4.820000171661377,4.820000171661377,4.820000171661377,212.0
2024-04-24 10:56:00,HOWL,6.460000038146973,6.460000038146973,6.476600170135498,6.460000038146973,6.476600170135498,320.0
2024-04-24 10:56:00,MAPS,1.100000023841858,1.100000023841858,1.100000023841858,1.100000023841858,1.100000023841858,280.0
2024-04-24 10:56:00,ME,0.4747999906539917,0.4747999906539917,0.4749000072479248,0.47440001368522644,0.4747999906539917,1341.0
2024-04-24 10:56:00,SEAT,5.815000057220459,5.815000057220459,5.815000057220459,5.815000057220459,5.815000057220459,715.0
2024-04-24 10:56:00,SRCE,50.310001373291016,50.310001373291016,50.310001373291016,50.310001373291016,50.310001373291016,1645.0
2024-04-24 10:56:00,TSVT,4.389999866485596,4.389999866485596,4.40500020980835,4.389999866485596,4.40500020980835,3790.0
2024-04-24 10:56:00,TWOU,0.23669999837875366,0.23669999837875366,0.23680000007152557,0.23669999837875366,0.23680000007152557,8236.0
2024-04-24 10:56:00,TXG,27.145000457763672,27.145000457763672,27.15999984741211,27.139999389648438,27.149999618530273,5767.0
2024-04-24 10:56:00,VCTR,49.630001068115234,49.630001068115234,49.630001068115234,49.599998474121094,49.599998474121094,1793.0
2024-04-24 10:56:00,VERU,1.3200000524520874,1.3200000524520874,1.3200000524520874,1.3200000524520874,1.3200000524520874,201.0
2024-04-24 10:56:00,VERV,6.809999942779541,6.809999942779541,6.809999942779541,6.809999942779541,6.809999942779541,561.0
2024-04-24 10:56:00,VERX,29.184999465942383,29.184999465942383,29.184999465942383,29.1200008392334,29.1200008392334,5274.0
2024-04-24 10:56:00,VFS,2.490000009536743,2.490000009536743,2.490000009536743,2.484999895095825,2.4856998920440674,5396.0
2024-04-24 10:56:00,VICR,33.80500030517578,33.80500030517578,33.900001525878906,33.54999923706055,33.63999938964844,10146.0
2024-04-24 10:56:00,VIR,8.104999542236328,8.104999542236328,8.104999542236328,8.104999542236328,8.104999542236328,115.0
2024-04-24 10:56:00,VIRT,22.334999084472656,22.334999084472656,22.350000381469727,22.329999923706055,22.350000381469727,7478.0
2024-04-24 10:56:00,VITL,27.079999923706055,27.079999923706055,27.079999923706055,27.079999923706055,27.079999923706055,986.0
2024-04-24 10:56:00,VIVK,1.559999942779541,1.559999942779541,1.559999942779541,1.559999942779541,1.559999942779541,900.0
2024-04-24 10:56:00,VKTX,66.08999633789062,66.08999633789062,66.13999938964844,66.0,66.05999755859375,17850.0
2024-04-24 10:56:00,VLCN,0.25519999861717224,0.25519999861717224,0.25619998574256897,0.25519999861717224,0.25519999861717224,12761.0
2024-04-24 10:56:00,VMEO,3.5450000762939453,3.5450000762939453,3.549999952316284,3.5450000762939453,3.549999952316284,16099.0
2024-04-24 10:56:00,VNOM,40.13999938964844,40.13999938964844,40.13999938964844,40.13999938964844,40.13999938964844,406.0
2024-04-24 10:56:00,VOD,8.53499984741211,8.53499984741211,8.538700103759766,8.53499984741211,8.53499984741211,1670.0
2024-04-24 10:56:00,VRNA,15.454000473022461,15.454000473022461,15.460000038146973,15.454000473022461,15.460000038146973,1029.0
2024-04-24 10:56:00,VRRM,24.399999618530273,24.399999618530273,24.399999618530273,24.399999618530273,24.399999618530273,692.0
2024-04-24 10:56:00,VRTX,400.44000244140625,400.44000244140625,400.44500732421875,400.3550109863281,400.3550109863281,1563.0
2024-04-24 10:56:00,VTNR,1.5800000429153442,1.5800000429153442,1.5800000429153442,1.5750000476837158,1.5750000476837158,804.0
2024-04-24 10:56:00,VTRS,11.345000267028809,11.345000267028809,11.350000381469727,11.34000015258789,11.34000015258789,5863.0
2024-04-24 10:56:00,VUZI,1.3250000476837158,1.3250000476837158,1.3250000476837158,1.3209999799728394,1.3209999799728394,440.0
2024-04-24 10:56:00,VWE,0.2632000148296356,0.2632000148296356,0.2632000148296356,0.2632000148296356,0.2632000148296356,200.0
2024-04-24 10:56:00,VYGR,7.559999942779541,7.559999942779541,7.559999942779541,7.559999942779541,7.559999942779541,300.0
2024-04-24 10:56:00,WAFD,27.739999771118164,27.739999771118164,27.770000457763672,27.739999771118164,27.770000457763672,1423.0
2024-04-24 10:56:00,WB,8.3149995803833,8.3149995803833,8.3149995803833,8.3149995803833,8.3149995803833,1369.0
2024-04-24 10:56:00,WBA,17.684999465942383,17.684999465942383,17.68829917907715,17.68000030517578,17.684999465942383,5356.0
2024-04-24 10:56:00,WBD,8.324999809265137,8.324999809265137,8.327400207519531,8.320099830627441,8.324999809265137,15318.0
2024-04-24 10:56:00,WDAY,255.92999267578125,255.92999267578125,255.92999267578125,255.9199981689453,255.9199981689453,724.0
2024-04-24 10:56:00,WDC,69.04499816894531,69.04499816894531,69.06999969482422,69.01000213623047,69.01000213623047,11882.0
2024-04-24 10:56:00,WEN,19.895000457763672,19.895000457763672,19.895000457763672,19.895000457763672,19.895000457763672,468.0
2024-04-24 10:56:00,WERN,35.2599983215332,35.2599983215332,35.2599983215332,35.2599983215332,35.2599983215332,899.0
2024-04-24 10:56:00,WFRD,125.51499938964844,125.51499938964844,125.51499938964844,125.51499938964844,125.51499938964844,1295.0
2024-04-24 10:56:00,WHLR,0.14339999854564667,0.14339999854564667,0.14339999854564667,0.14329999685287476,0.14329999685287476,1826.0
2024-04-24 10:56:00,WISA,6.609899997711182,6.609899997711182,6.609899997711182,6.375,6.399899959564209,60801.0
2024-04-24 10:56:00,WKHS,0.16110000014305115,0.16110000014305115,0.16110000014305115,0.16110000014305115,0.16110000014305115,2196.0
2024-04-24 10:56:00,WMG,32.16999816894531,32.16999816894531,32.16999816894531,32.150001525878906,32.150001525878906,756.0
2024-04-24 10:56:00,WPRT,5.679999828338623,5.679999828338623,5.679999828338623,5.679999828338623,5.679999828338623,1042.0
2024-04-24 10:56:00,WRLD,137.5399932861328,137.5399932861328,137.5399932861328,136.75,136.75,1022.0
2024-04-24 10:56:00,WSBC,28.09000015258789,28.09000015258789,28.09000015258789,28.09000015258789,28.09000015258789,108.0
2024-04-24 10:56:00,WSC,37.63999938964844,37.63999938964844,37.709999084472656,37.63999938964844,37.70000076293945,4407.0
2024-04-24 10:56:00,WTFC,99.61000061035156,99.61000061035156,99.61000061035156,99.61000061035156,99.61000061035156,293.0
2024-04-24 10:56:00,WVE,5.050000190734863,5.050000190734863,5.050000190734863,5.019999980926514,5.019999980926514,2734.0
2024-04-24 10:56:00,WW,1.6749999523162842,1.6749999523162842,1.6783000230789185,1.6749999523162842,1.6749999523162842,1692.0
2024-04-24 10:56:00,WWD,149.35000610351562,149.35000610351562,149.36000061035156,149.35000610351562,149.36000061035156,1179.0
2024-04-24 10:56:00,WYNN,97.19000244140625,97.19000244140625,97.22000122070312,97.19000244140625,97.22000122070312,639.0
2024-04-24 10:56:00,XEL,55.095001220703125,55.095001220703125,55.11000061035156,55.08000183105469,55.095001220703125,11753.0
2024-04-24 10:56:00,XERS,1.75,1.75,1.7598999738693237,1.75,1.7598999738693237,5704.0
2024-04-24 10:56:00,XFOR,1.2415000200271606,1.2415000200271606,1.25,1.2415000200271606,1.25,9970.0
2024-04-24 10:56:00,XLO,1.0800000429153442,1.0800000429153442,1.0800000429153442,1.0800000429153442,1.0800000429153442,1400.0
2024-04-24 10:56:00,XMTR,16.850000381469727,16.850000381469727,16.850000381469727,16.850000381469727,16.850000381469727,105.0
2024-04-24 10:56:00,XNCR,18.125,18.125,18.125,18.125,18.125,163.0
2024-04-24 10:56:00,XP,20.360000610351562,20.360000610351562,20.360000610351562,20.354999542236328,20.354999542236328,9142.0
2024-04-24 10:56:00,XRX,14.460000038146973,14.460000038146973,14.505000114440918,14.460000038146973,14.505000114440918,83487.0
2024-04-24 10:56:00,XXII,1.7998000383377075,1.7998000383377075,1.7999999523162842,1.770799994468689,1.7799999713897705,10891.0
2024-04-24 10:56:00,YMAB,15.085599899291992,15.085599899291992,15.126500129699707,15.085599899291992,15.126500129699707,644.0
2024-04-24 10:56:00,YTEN,0.23330000042915344,0.23330000042915344,0.23330000042915344,0.23330000042915344,0.23330000042915344,0.0
2024-04-24 10:56:00,Z,43.529998779296875,43.529998779296875,43.58000183105469,43.529998779296875,43.54999923706055,33664.0
2024-04-24 10:56:00,ZAPP,4.539999961853027,4.539999961853027,4.539999961853027,4.539999961853027,4.539999961853027,140.0
2024-04-24 10:56:00,ZD,51.54499816894531,51.54499816894531,51.54499816894531,51.54499816894531,51.54499816894531,642.0
2024-04-24 10:56:00,ZG,42.9203987121582,42.9203987121582,42.928001403808594,42.9203987121582,42.928001403808594,797.0
2024-04-24 10:56:00,ZI,15.829999923706055,15.829999923706055,15.845000267028809,15.829999923706055,15.845000267028809,2305.0
2024-04-24 10:56:00,ZION,41.869998931884766,41.869998931884766,41.88999938964844,41.8650016784668,41.874000549316406,3687.0
2024-04-24 10:56:00,ZLAB,15.869999885559082,15.869999885559082,15.869999885559082,15.869999885559082,15.869999885559082,130.0
2024-04-24 10:56:00,ZM,61.202701568603516,61.202701568603516,61.220001220703125,61.202701568603516,61.209999084472656,2147.0
2024-04-24 10:56:00,ZNTL,12.369999885559082,12.369999885559082,12.369999885559082,12.369999885559082,12.369999885559082,291.0
2024-04-24 10:56:00,ZS,179.44000244140625,179.44000244140625,179.44000244140625,179.4149932861328,179.4149932861328,2058.0
2024-04-24 10:56:00,ZUMZ,16.979999542236328,16.979999542236328,16.979999542236328,16.979999542236328,16.979999542236328,566.0
2024-04-24 10:56:00,ZURA,3.2699999809265137,3.2699999809265137,3.2699999809265137,3.2699999809265137,3.2699999809265137,1941.0
2024-04-24 10:56:00,ZYME,8.630000114440918,8.630000114440918,8.630000114440918,8.604999542236328,8.619999885559082,978.0
2024-04-24 10:56:00,ZYXI,11.329999923706055,11.329999923706055,11.329999923706055,11.329999923706055,11.329999923706055,204.0
2024-04-24 10:57:00,AIXI,1.2940000295639038,1.2940000295639038,1.2940000295639038,1.2940000295639038,1.2940000295639038,416.0
2024-04-24 10:57:00,COCO,23.639999389648438,23.639999389648438,23.639999389648438,23.639999389648438,23.639999389648438,124.0
2024-04-24 10:57:00,DIBS,5.360000133514404,5.360000133514404,5.369999885559082,5.360000133514404,5.360000133514404,1993.0
2024-04-24 10:57:00,DSP,8.795000076293945,8.795000076293945,8.795000076293945,8.795000076293945,8.795000076293945,100.0
2024-04-24 10:57:00,ETNB,8.75,8.75,8.75,8.739999771118164,8.739999771118164,549.0
2024-04-24 10:57:00,FDMT,24.65999984741211,24.65999984741211,24.65999984741211,24.639999389648438,24.65999984741211,1415.0
2024-04-24 10:57:00,ME,0.4754999876022339,0.4754999876022339,0.47589999437332153,0.4749999940395355,0.4749999940395355,8176.0
2024-04-24 10:57:00,TXG,27.15999984741211,27.15999984741211,27.170000076293945,27.139999389648438,27.139999389648438,4585.0
2024-04-24 10:57:00,VCTR,49.654998779296875,49.654998779296875,49.654998779296875,49.63999938964844,49.63999938964844,939.0
2024-04-24 10:57:00,VERU,1.3250000476837158,1.3250000476837158,1.3300000429153442,1.3200000524520874,1.3200000524520874,6707.0
2024-04-24 10:57:00,VERV,6.824999809265137,6.824999809265137,6.824999809265137,6.820000171661377,6.820000171661377,1270.0
2024-04-24 10:57:00,VERX,29.174999237060547,29.174999237060547,29.25,29.170000076293945,29.184999465942383,114555.0
2024-04-24 10:57:00,VFS,2.4749999046325684,2.4749999046325684,2.484999895095825,2.4700000286102295,2.484999895095825,14519.0
2024-04-24 10:57:00,VIAV,7.914999961853027,7.914999961853027,7.920000076293945,7.914999961853027,7.920000076293945,624.0
2024-04-24 10:57:00,VICR,33.80500030517578,33.80500030517578,33.900001525878906,33.790000915527344,33.790000915527344,2207.0
2024-04-24 10:57:00,VIR,8.114999771118164,8.114999771118164,8.114999771118164,8.109999656677246,8.109999656677246,1800.0
2024-04-24 10:57:00,VIRC,10.739999771118164,10.739999771118164,10.739999771118164,10.729999542236328,10.729999542236328,2575.0
2024-04-24 10:57:00,VIRI,0.4499000012874603,0.4499000012874603,0.44999998807907104,0.4449000060558319,0.4449000060558319,7354.0
2024-04-24 10:57:00,VIRT,22.350000381469727,22.350000381469727,22.350000381469727,22.350000381469727,22.350000381469727,750.0
2024-04-24 10:57:00,VITL,27.110000610351562,27.110000610351562,27.110000610351562,27.075700759887695,27.09000015258789,1935.0
2024-04-24 10:57:00,VIVK,1.5499999523162842,1.5499999523162842,1.5499999523162842,1.5499999523162842,1.5499999523162842,300.0
2024-04-24 10:57:00,VKTX,65.94999694824219,65.94999694824219,66.13999938964844,65.94999694824219,66.11000061035156,6677.0
2024-04-24 10:57:00,VMEO,3.5399999618530273,3.5399999618530273,3.5399999618530273,3.5399999618530273,3.5399999618530273,1809.0
2024-04-24 10:57:00,VNOM,40.09000015258789,40.09000015258789,40.119998931884766,40.09000015258789,40.119998931884766,1213.0
2024-04-24 10:57:00,VOD,8.53499984741211,8.53499984741211,8.537500381469727,8.529999732971191,8.53499984741211,4665.0
2024-04-24 10:57:00,VOR,1.7999999523162842,1.7999999523162842,1.7999999523162842,1.7999999523162842,1.7999999523162842,625.0
2024-04-24 10:57:00,VRDN,13.760000228881836,13.760000228881836,13.760000228881836,13.725000381469727,13.725000381469727,2109.0
2024-04-24 10:57:00,VRNA,15.5,15.5,15.5,15.5,15.5,804.0
2024-04-24 10:57:00,VRRM,24.40999984741211,24.40999984741211,24.40999984741211,24.399999618530273,24.399999618530273,947.0
2024-04-24 10:57:00,VRTX,400.510009765625,400.510009765625,400.510009765625,400.3699951171875,400.3800048828125,1850.0
2024-04-24 10:57:00,VTNR,1.5750000476837158,1.5750000476837158,1.5800000429153442,1.5750000476837158,1.5800000429153442,511.0
2024-04-24 10:57:00,VTRS,11.354999542236328,11.354999542236328,11.354999542236328,11.342499732971191,11.342499732971191,7056.0
2024-04-24 10:57:00,VUZI,1.3200000524520874,1.3200000524520874,1.3200000524520874,1.3200000524520874,1.3200000524520874,300.0
2024-04-24 10:57:00,VYGR,7.559999942779541,7.559999942779541,7.559999942779541,7.559999942779541,7.559999942779541,1393.0
2024-04-24 10:57:00,WB,8.3149995803833,8.3149995803833,8.3149995803833,8.305000305175781,8.3100004196167,2216.0
2024-04-24 10:57:00,WBA,17.684999465942383,17.684999465942383,17.690000534057617,17.68000030517578,17.684999465942383,13262.0
2024-04-24 10:57:00,WBD,8.321200370788574,8.321200370788574,8.329999923706055,8.319999694824219,8.324999809265137,17288.0
2024-04-24 10:57:00,WDAY,255.83999633789062,255.83999633789062,255.96499633789062,255.83999633789062,255.88999938964844,1355.0
2024-04-24 10:57:00,WDC,69.0,69.0,69.11000061035156,68.95999908447266,69.03500366210938,27276.0
2024-04-24 10:57:00,WEN,19.885000228881836,19.885000228881836,19.889999389648438,19.885000228881836,19.889999389648438,1990.0
2024-04-24 10:57:00,WERN,35.20000076293945,35.20000076293945,35.20000076293945,35.20000076293945,35.20000076293945,300.0
2024-04-24 10:57:00,WFRD,125.30999755859375,125.30999755859375,125.41000366210938,125.30999755859375,125.41000366210938,649.0
2024-04-24 10:57:00,WHLM,6.264999866485596,6.264999866485596,6.269999980926514,6.230000019073486,6.239999771118164,2633.0
2024-04-24 10:57:00,WHLR,0.14339999854564667,0.14339999854564667,0.14339999854564667,0.13600000739097595,0.14020000398159027,34194.0
2024-04-24 10:57:00,WIMI,0.8779000043869019,0.8779000043869019,0.8779000043869019,0.8700000047683716,0.8700000047683716,25370.0
2024-04-24 10:57:00,WING,363.0199890136719,363.0199890136719,363.0199890136719,363.0199890136719,363.0199890136719,514.0
2024-04-24 10:57:00,WISA,6.630000114440918,6.630000114440918,6.630000114440918,6.490600109100342,6.550000190734863,64984.0
2024-04-24 10:57:00,WIX,124.125,124.125,124.125,124.125,124.125,279.0
2024-04-24 10:57:00,WKHS,0.16120000183582306,0.16120000183582306,0.16120000183582306,0.16120000183582306,0.16120000183582306,1412.0
2024-04-24 10:57:00,WLGS,0.5800999999046326,0.5800999999046326,0.5800999999046326,0.5800999999046326,0.5800999999046326,1300.0
2024-04-24 10:57:00,WMG,32.150001525878906,32.150001525878906,32.16999816894531,32.150001525878906,32.16999816894531,702.0
2024-04-24 10:57:00,WSC,37.650001525878906,37.650001525878906,37.650001525878906,37.650001525878906,37.650001525878906,1698.0
2024-04-24 10:57:00,WTW,263.5325012207031,263.5325012207031,263.5325012207031,263.5325012207031,263.5325012207031,244.0
2024-04-24 10:57:00,WVE,5.079999923706055,5.079999923706055,5.079999923706055,5.059999942779541,5.059999942779541,1036.0
2024-04-24 10:57:00,WW,1.684999942779541,1.684999942779541,1.690000057220459,1.6799999475479126,1.6799999475479126,23256.0
2024-04-24 10:57:00,WYNN,97.19499969482422,97.19499969482422,97.19499969482422,97.16999816894531,97.19000244140625,1694.0
2024-04-24 10:57:00,XEL,55.060001373291016,55.060001373291016,55.10499954223633,55.04999923706055,55.095001220703125,15216.0
2024-04-24 10:57:00,XERS,1.7649999856948853,1.7649999856948853,1.7649999856948853,1.7549999952316284,1.7549999952316284,15894.0
2024-04-24 10:57:00,XFOR,1.25,1.25,1.25,1.25,1.25,8481.0
2024-04-24 10:57:00,XMTR,16.850000381469727,16.850000381469727,16.850000381469727,16.850000381469727,16.850000381469727,802.0
2024-04-24 10:57:00,XNCR,18.145000457763672,18.145000457763672,18.145000457763672,18.145000457763672,18.145000457763672,1366.0
2024-04-24 10:57:00,XP,20.344999313354492,20.344999313354492,20.354999542236328,20.34000015258789,20.354999542236328,8643.0
2024-04-24 10:57:00,XPEL,54.75469970703125,54.75469970703125,54.75469970703125,54.75469970703125,54.75469970703125,347.0
2024-04-24 10:57:00,XRX,14.505000114440918,14.505000114440918,14.505000114440918,14.460000038146973,14.46500015258789,37894.0
2024-04-24 10:57:00,XXII,1.7984999418258667,1.7984999418258667,1.7990000247955322,1.7813999652862549,1.7813999652862549,6602.0
2024-04-24 10:57:00,YTEN,0.2329999953508377,0.2329999953508377,0.2329999953508377,0.2329999953508377,0.2329999953508377,50.0
2024-04-24 10:57:00,Z,43.54999923706055,43.54999923706055,43.58000183105469,43.540000915527344,43.560001373291016,2734.0
2024-04-24 10:57:00,ZCMD,1.7400000095367432,1.7400000095367432,1.7400000095367432,1.7400000095367432,1.7400000095367432,1692.0
2024-04-24 10:57:00,ZION,41.90999984741211,41.90999984741211,41.90999984741211,41.86199951171875,41.86199951171875,3231.0
2024-04-24 10:57:00,ZLAB,15.800000190734863,15.800000190734863,15.8149995803833,15.800000190734863,15.8149995803833,485.0
2024-04-24 10:57:00,ZM,61.18000030517578,61.18000030517578,61.22999954223633,61.18000030517578,61.209999084472656,10149.0
2024-04-24 10:57:00,ZS,179.375,179.375,179.48500061035156,179.3300018310547,179.48500061035156,2658.0
2024-04-24 10:57:00,ZVSA,0.5766000151634216,0.5766000151634216,0.5766000151634216,0.5766000151634216,0.5766000151634216,206.0
2024-04-24 10:57:00,ZYXI,11.335000038146973,11.335000038146973,11.335000038146973,11.335000038146973,11.335000038146973,323.0
2024-04-24 10:58:00,COCO,23.665000915527344,23.665000915527344,23.670000076293945,23.649999618530273,23.649999618530273,1233.0
2024-04-24 10:58:00,EGHT,2.2899999618530273,2.2899999618530273,2.2899999618530273,2.2899999618530273,2.2899999618530273,329.0
2024-04-24 10:58:00,ETNB,8.779999732971191,8.779999732971191,8.779999732971191,8.744999885559082,8.744999885559082,2919.0
2024-04-24 10:58:00,FDMT,24.6200008392334,24.6200008392334,24.6200008392334,24.6200008392334,24.6200008392334,2468.0
2024-04-24 10:58:00,HOWL,6.440000057220459,6.440000057220459,6.440000057220459,6.429999828338623,6.440000057220459,731.0
2024-04-24 10:58:00,MAPS,1.100000023841858,1.100000023841858,1.100000023841858,1.100000023841858,1.100000023841858,220.0
2024-04-24 10:58:00,MASS,5.630000114440918,5.630000114440918,5.630000114440918,5.630000114440918,5.630000114440918,200.0
2024-04-24 10:58:00,ME,0.4758000075817108,0.4758000075817108,0.47589999437332153,0.4754999876022339,0.4754999876022339,5966.0
2024-04-24 10:58:00,SEAT,5.809999942779541,5.809999942779541,5.809999942779541,5.809999942779541,5.809999942779541,101.0
2024-04-24 10:58:00,TSVT,4.38040018081665,4.38040018081665,4.38040018081665,4.38040018081665,4.38040018081665,430.0
2024-04-24 10:58:00,TWOU,0.2386000007390976,0.2386000007390976,0.23989999294281006,0.23649999499320984,0.23649999499320984,45904.0
2024-04-24 10:58:00,TXG,27.116600036621094,27.116600036621094,27.149999618530273,27.09000015258789,27.139999389648438,4206.0
2024-04-24 10:58:00,VC,110.5,110.5,110.55999755859375,110.5,110.55999755859375,998.0
2024-04-24 10:58:00,VERU,1.3300000429153442,1.3300000429153442,1.3300000429153442,1.3300000429153442,1.3300000429153442,2459.0
2024-04-24 10:58:00,VERV,6.829999923706055,6.829999923706055,6.829999923706055,6.829999923706055,6.829999923706055,115.0
2024-04-24 10:58:00,VERX,29.200000762939453,29.200000762939453,29.219999313354492,29.18000030517578,29.18000030517578,98198.0
2024-04-24 10:58:00,VFS,2.477400064468384,2.477400064468384,2.477400064468384,2.4749999046325684,2.4749999046325684,5981.0
2024-04-24 10:58:00,VICR,33.79999923706055,33.79999923706055,33.900001525878906,33.79999923706055,33.834999084472656,2045.0
2024-04-24 10:58:00,VIR,8.114999771118164,8.114999771118164,8.114999771118164,8.114999771118164,8.114999771118164,227.0
2024-04-24 10:58:00,VIRI,0.44999998807907104,0.44999998807907104,0.44999998807907104,0.44999998807907104,0.44999998807907104,7858.0
2024-04-24 10:58:00,VIRT,22.375,22.375,22.3799991607666,22.34000015258789,22.34000015258789,10211.0
2024-04-24 10:58:00,VITL,27.119300842285156,27.119300842285156,27.119300842285156,27.104999542236328,27.104999542236328,559.0
2024-04-24 10:58:00,VKTX,65.77279663085938,65.77279663085938,65.88030242919922,65.66999816894531,65.87999725341797,9522.0
2024-04-24 10:58:00,VLCN,0.2513999938964844,0.2513999938964844,0.2599000036716461,0.2513999938964844,0.2599000036716461,26550.0
2024-04-24 10:58:00,VNET,1.5099999904632568,1.5099999904632568,1.5099999904632568,1.5099999904632568,1.5099999904632568,919.0
2024-04-24 10:58:00,VNOM,40.095001220703125,40.095001220703125,40.095001220703125,40.095001220703125,40.095001220703125,335.0
2024-04-24 10:58:00,VOD,8.53600025177002,8.53600025177002,8.53600025177002,8.53499984741211,8.53600025177002,2007.0
2024-04-24 10:58:00,VOR,1.8092999458312988,1.8092999458312988,1.8092999458312988,1.8092999458312988,1.8092999458312988,354.0
2024-04-24 10:58:00,VRDN,13.739999771118164,13.739999771118164,13.770000457763672,13.739999771118164,13.770000457763672,1903.0
2024-04-24 10:58:00,VRNA,15.539999961853027,15.539999961853027,15.539999961853027,15.529999732971191,15.529999732971191,777.0
2024-04-24 10:58:00,VRRM,24.399999618530273,24.399999618530273,24.40999984741211,24.399999618530273,24.399999618530273,2038.0
2024-04-24 10:58:00,VRTX,400.2200012207031,400.2200012207031,400.260009765625,400.2200012207031,400.260009765625,945.0
2024-04-24 10:58:00,VSAT,16.3700008392334,16.3700008392334,16.3700008392334,16.3700008392334,16.3700008392334,544.0
2024-04-24 10:58:00,VTGN,4.710100173950195,4.710100173950195,4.71999979019165,4.710100173950195,4.71999979019165,611.0
2024-04-24 10:58:00,VTNR,1.5750000476837158,1.5750000476837158,1.5800000429153442,1.5750000476837158,1.5750000476837158,604.0
2024-04-24 10:58:00,VTRS,11.350000381469727,11.350000381469727,11.357500076293945,11.329999923706055,11.350000381469727,22015.0
2024-04-24 10:58:00,VUZI,1.3250000476837158,1.3250000476837158,1.3250000476837158,1.3250000476837158,1.3250000476837158,600.0
2024-04-24 10:58:00,WAFD,27.780000686645508,27.780000686645508,27.780000686645508,27.739999771118164,27.75,1613.0
2024-04-24 10:58:00,WALD,5.28000020980835,5.28000020980835,5.28000020980835,5.28000020980835,5.28000020980835,147.0
2024-04-24 10:58:00,WB,8.305000305175781,8.305000305175781,8.3100004196167,8.305000305175781,8.3100004196167,584.0
2024-04-24 10:58:00,WBA,17.674999237060547,17.674999237060547,17.69499969482422,17.674999237060547,17.684999465942383,18043.0
2024-04-24 10:58:00,WBD,8.324999809265137,8.324999809265137,8.324999809265137,8.320099830627441,8.324999809265137,25380.0
2024-04-24 10:58:00,WDAY,255.8699951171875,255.8699951171875,255.8699951171875,255.8699951171875,255.8699951171875,917.0
2024-04-24 10:58:00,WDC,68.97000122070312,68.97000122070312,68.98999786376953,68.88500213623047,68.97000122070312,11088.0
2024-04-24 10:58:00,WEN,19.885000228881836,19.885000228881836,19.889999389648438,19.8799991607666,19.889999389648438,1769.0
2024-04-24 10:58:00,WERN,35.255001068115234,35.255001068115234,35.255001068115234,35.20000076293945,35.20000076293945,2217.0
2024-04-24 10:58:00,WEYS,28.135000228881836,28.135000228881836,28.135000228881836,28.135000228881836,28.135000228881836,340.0
2024-04-24 10:58:00,WFRD,125.41999816894531,125.41999816894531,125.41999816894531,125.34500122070312,125.4000015258789,4136.0
2024-04-24 10:58:00,WHLM,6.429999828338623,6.429999828338623,6.429999828338623,6.293300151824951,6.299900054931641,3877.0
2024-04-24 10:58:00,WIMI,0.8744000196456909,0.8744000196456909,0.8799999952316284,0.8719000220298767,0.8779000043869019,0.0
2024-04-24 10:58:00,WING,363.0,363.0,363.0,363.0,363.0,140.0
2024-04-24 10:58:00,WISA,6.701000213623047,6.701000213623047,6.769999980926514,6.633600234985352,6.639900207519531,154999.0
2024-04-24 10:58:00,WIX,124.11000061035156,124.11000061035156,124.11000061035156,124.11000061035156,124.11000061035156,422.0
2024-04-24 10:58:00,WKHS,0.16110000014305115,0.16110000014305115,0.16120000183582306,0.16110000014305115,0.16120000183582306,20201.0
2024-04-24 10:58:00,WKME,7.849999904632568,7.849999904632568,7.880000114440918,7.849999904632568,7.880000114440918,531.0
2024-04-24 10:58:00,WMG,32.150001525878906,32.150001525878906,32.150001525878906,32.13999938964844,32.13999938964844,849.0
2024-04-24 10:58:00,WNEB,6.5,6.5,6.5,6.5,6.5,300.0
2024-04-24 10:58:00,WSC,37.68000030517578,37.68000030517578,37.68000030517578,37.650001525878906,37.650001525878906,1237.0
2024-04-24 10:58:00,WSFS,44.25,44.25,44.25,44.209999084472656,44.25,1043.0
2024-04-24 10:58:00,WTW,263.4700012207031,263.4700012207031,263.4700012207031,263.4700012207031,263.4700012207031,901.0
2024-04-24 10:58:00,WVE,5.090000152587891,5.090000152587891,5.090000152587891,5.079999923706055,5.079999923706055,428.0
2024-04-24 10:58:00,WVVI,4.889999866485596,4.889999866485596,4.889999866485596,4.889999866485596,4.889999866485596,37.0
2024-04-24 10:58:00,WW,1.690000057220459,1.690000057220459,1.690000057220459,1.690000057220459,1.690000057220459,912.0
2024-04-24 10:58:00,WYNN,97.19499969482422,97.19499969482422,97.19499969482422,97.19499969482422,97.19499969482422,344.0
2024-04-24 10:58:00,XEL,55.084999084472656,55.084999084472656,55.119998931884766,55.064998626708984,55.064998626708984,3313.0
2024-04-24 10:58:00,XENE,40.709999084472656,40.709999084472656,40.77000045776367,40.709999084472656,40.77000045776367,1023.0
2024-04-24 10:58:00,XERS,1.766700029373169,1.766700029373169,1.7698999643325806,1.7649999856948853,1.7698999643325806,9888.0
2024-04-24 10:58:00,XFOR,1.2549999952316284,1.2549999952316284,1.2549999952316284,1.2549999952316284,1.2549999952316284,600.0
2024-04-24 10:58:00,XLO,1.0850000381469727,1.0850000381469727,1.0850000381469727,1.0850000381469727,1.0850000381469727,1500.0
2024-04-24 10:58:00,XP,20.329999923706055,20.329999923706055,20.344999313354492,20.329999923706055,20.34000015258789,8765.0
2024-04-24 10:58:00,XRX,14.494999885559082,14.494999885559082,14.510000228881836,14.494999885559082,14.505000114440918,6163.0
2024-04-24 10:58:00,XXII,1.7999999523162842,1.7999999523162842,1.7999999523162842,1.7999999523162842,1.7999999523162842,10635.0
2024-04-24 10:58:00,YMAB,15.149999618530273,15.149999618530273,15.15999984741211,15.140000343322754,15.140000343322754,1966.0
2024-04-24 10:58:00,YTEN,0.2223999947309494,0.2223999947309494,0.22360000014305115,0.2223999947309494,0.2223999947309494,1900.0
2024-04-24 10:58:00,YTRA,1.2999999523162842,1.2999999523162842,1.2999999523162842,1.2999999523162842,1.2999999523162842,220.0
2024-04-24 10:58:00,Z,43.5,43.5,43.54999923706055,43.459999084472656,43.54999923706055,6563.0
2024-04-24 10:58:00,ZI,15.829999923706055,15.829999923706055,15.829999923706055,15.829999923706055,15.829999923706055,1070.0
2024-04-24 10:58:00,ZION,41.88999938964844,41.88999938964844,41.88999938964844,41.88999938964844,41.88999938964844,473.0
2024-04-24 10:58:00,ZLAB,15.774999618530273,15.774999618530273,15.805000305175781,15.774999618530273,15.800000190734863,2048.0
2024-04-24 10:58:00,ZM,61.209999084472656,61.209999084472656,61.209999084472656,61.18000030517578,61.18000030517578,4086.0
2024-04-24 10:58:00,ZNTL,12.390000343322754,12.390000343322754,12.390000343322754,12.390000343322754,12.390000343322754,679.0
2024-04-24 10:58:00,ZS,179.3000030517578,179.3000030517578,179.3000030517578,179.22000122070312,179.3000030517578,913.0
2024-04-24 10:58:00,ZURA,3.2249999046325684,3.2249999046325684,3.25,3.2249999046325684,3.25,4145.0
2024-04-24 10:58:00,ZURAW,0.40939998626708984,0.40939998626708984,0.40939998626708984,0.39969998598098755,0.39969998598098755,7059.0
2024-04-24 10:58:00,ZVSA,0.5766000151634216,0.5766000151634216,0.5766000151634216,0.5766000151634216,0.5766000151634216,1522.0
2024-04-24 10:59:00,COCO,23.670000076293945,23.670000076293945,23.670000076293945,23.65999984741211,23.65999984741211,522.0
2024-04-24 10:59:00,DIBS,5.360000133514404,5.360000133514404,5.380000114440918,5.360000133514404,5.360000133514404,2766.0
2024-04-24 10:59:00,DSP,8.795000076293945,8.795000076293945,8.795000076293945,8.770000457763672,8.770000457763672,810.0
2024-04-24 10:59:00,ETNB,8.789999961853027,8.789999961853027,8.789999961853027,8.789999961853027,8.789999961853027,298.0
2024-04-24 10:59:00,FLWS,9.210000038146973,9.210000038146973,9.210000038146973,9.210000038146973,9.210000038146973,155.0
2024-04-24 10:59:00,MASS,5.630000114440918,5.630000114440918,5.630000114440918,5.630000114440918,5.630000114440918,216.0
2024-04-24 10:59:00,ME,0.47839999198913574,0.47839999198913574,0.47839999198913574,0.4758000075817108,0.47589999437332153,10689.0
2024-04-24 10:59:00,SEAT,5.820000171661377,5.820000171661377,5.820000171661377,5.814700126647949,5.814700126647949,6226.0
2024-04-24 10:59:00,TKLF,0.23000000417232513,0.23000000417232513,0.23149999976158142,0.23000000417232513,0.23149999976158142,17534.0
2024-04-24 10:59:00,TSVT,4.389999866485596,4.389999866485596,4.389999866485596,4.385000228881836,4.385000228881836,313.0
2024-04-24 10:59:00,TWOU,0.24009999632835388,0.24009999632835388,0.24009999632835388,0.24009999632835388,0.24009999632835388,253.0
2024-04-24 10:59:00,TXG,27.110000610351562,27.110000610351562,27.110000610351562,27.084999084472656,27.110000610351562,4407.0
2024-04-24 10:59:00,VC,110.63999938964844,110.63999938964844,110.63999938964844,110.63999938964844,110.63999938964844,1038.0
2024-04-24 10:59:00,VCTR,49.70000076293945,49.70000076293945,49.709999084472656,49.64500045776367,49.64500045776367,1478.0
2024-04-24 10:59:00,VERU,1.340000033378601,1.340000033378601,1.340000033378601,1.3300000429153442,1.3300000429153442,6597.0
2024-04-24 10:59:00,VERV,6.803599834442139,6.803599834442139,6.829999923706055,6.803599834442139,6.829999923706055,2427.0
2024-04-24 10:59:00,VERX,29.209999084472656,29.209999084472656,29.21500015258789,29.15999984741211,29.200000762939453,40368.0
2024-04-24 10:59:00,VFS,2.4749999046325684,2.4749999046325684,2.4800000190734863,2.4700000286102295,2.4753000736236572,4293.0
2024-04-24 10:59:00,VIAV,7.909999847412109,7.909999847412109,7.914999961853027,7.909999847412109,7.914999961853027,1248.0
2024-04-24 10:59:00,VICR,33.790000915527344,33.790000915527344,33.790000915527344,33.790000915527344,33.790000915527344,440.0
2024-04-24 10:59:00,VIGL,2.7200000286102295,2.7200000286102295,2.7200000286102295,2.7200000286102295,2.7200000286102295,200.0
2024-04-24 10:59:00,VIR,8.114999771118164,8.114999771118164,8.125,8.114999771118164,8.119999885559082,2514.0
2024-04-24 10:59:00,VIRC,10.729999542236328,10.729999542236328,10.739999771118164,10.729999542236328,10.729999542236328,1821.0
2024-04-24 10:59:00,VIRI,0.44999998807907104,0.44999998807907104,0.44999998807907104,0.44999998807907104,0.44999998807907104,500.0
2024-04-24 10:59:00,VIRT,22.399999618530273,22.399999618530273,22.40999984741211,22.360000610351562,22.360000610351562,2480.0
2024-04-24 10:59:00,VITL,27.100000381469727,27.100000381469727,27.100000381469727,27.100000381469727,27.100000381469727,188.0
2024-04-24 10:59:00,VIVK,1.5499999523162842,1.5499999523162842,1.5499999523162842,1.5499999523162842,1.5499999523162842,1000.0
2024-04-24 10:59:00,VKTX,65.62000274658203,65.62000274658203,65.88600158691406,65.62000274658203,65.88300323486328,2491.0
2024-04-24 10:59:00,VLCN,0.2549999952316284,0.2549999952316284,0.2549999952316284,0.2515000104904175,0.2515000104904175,3074.0
2024-04-24 10:59:00,VNET,1.5099999904632568,1.5099999904632568,1.5099999904632568,1.5099999904632568,1.5099999904632568,467.0
2024-04-24 10:59:00,VOD,8.539999961853027,8.539999961853027,8.539999961853027,8.53499984741211,8.53600025177002,2492.0
2024-04-24 10:59:00,VRCA,6.679999828338623,6.679999828338623,6.679999828338623,6.679999828338623,6.679999828338623,460.0
2024-04-24 10:59:00,VRDN,13.739999771118164,13.739999771118164,13.739999771118164,13.739999771118164,13.739999771118164,1081.0
2024-04-24 10:59:00,VRRM,24.420000076293945,24.420000076293945,24.420000076293945,24.420000076293945,24.420000076293945,728.0
2024-04-24 10:59:00,VRTX,400.260009765625,400.260009765625,400.2900085449219,400.260009765625,400.2799987792969,1750.0
2024-04-24 10:59:00,VSAT,16.399999618530273,16.399999618530273,16.399999618530273,16.3799991607666,16.3799991607666,2652.0
2024-04-24 10:59:00,VTNR,1.5750000476837158,1.5750000476837158,1.5750000476837158,1.5700000524520874,1.5700000524520874,5601.0
2024-04-24 10:59:00,VTRS,11.340499877929688,11.340499877929688,11.345000267028809,11.34000015258789,11.34000015258789,3141.0
2024-04-24 10:59:00,VTSI,12.100000381469727,12.100000381469727,12.100000381469727,12.100000381469727,12.100000381469727,1264.0
2024-04-24 10:59:00,VUZI,1.3250000476837158,1.3250000476837158,1.3250000476837158,1.3250000476837158,1.3250000476837158,0.0
2024-04-24 10:59:00,VVOS,2.639899969100952,2.639899969100952,2.639899969100952,2.639899969100952,2.639899969100952,0.0
2024-04-24 10:59:00,WB,8.305000305175781,8.305000305175781,8.305000305175781,8.305000305175781,8.305000305175781,469.0
2024-04-24 10:59:00,WBA,17.665000915527344,17.665000915527344,17.68000030517578,17.65999984741211,17.674999237060547,10034.0
2024-04-24 10:59:00,WBD,8.324999809265137,8.324999809265137,8.329500198364258,8.3100004196167,8.324999809265137,102903.0
2024-04-24 10:59:00,WDAY,255.8699951171875,255.8699951171875,255.8699951171875,255.8699951171875,255.8699951171875,336.0
2024-04-24 10:59:00,WDC,68.94000244140625,68.94000244140625,68.95999908447266,68.91000366210938,68.91999816894531,180776.0
2024-04-24 10:59:00,WEN,19.895000457763672,19.895000457763672,19.895000457763672,19.889999389648438,19.889999389648438,2422.0
2024-04-24 10:59:00,WFRD,125.53500366210938,125.53500366210938,125.55000305175781,125.4000015258789,125.41999816894531,7789.0
2024-04-24 10:59:00,WHLM,6.46999979019165,6.46999979019165,6.46999979019165,6.429999828338623,6.429999828338623,2500.0
2024-04-24 10:59:00,WIMI,0.888700008392334,0.888700008392334,0.888700008392334,0.8774999976158142,0.8774999976158142,12669.0
2024-04-24 10:59:00,WING,362.9049987792969,362.9049987792969,363.0,362.9049987792969,363.0,711.0
2024-04-24 10:59:00,WISA,6.739999771118164,6.739999771118164,6.75,6.639999866485596,6.703000068664551,74927.0
2024-04-24 10:59:00,WKHS,0.16110000014305115,0.16110000014305115,0.16120000183582306,0.16110000014305115,0.16110000014305115,1568.0
2024-04-24 10:59:00,WMG,32.09000015258789,32.09000015258789,32.15999984741211,32.09000015258789,32.150001525878906,2585.0
2024-04-24 10:59:00,WSBC,28.1200008392334,28.1200008392334,28.1200008392334,28.1200008392334,28.1200008392334,250.0
2024-04-24 10:59:00,WSC,37.7400016784668,37.7400016784668,37.7400016784668,37.68000030517578,37.68000030517578,4506.0
2024-04-24 10:59:00,WW,1.684999942779541,1.684999942779541,1.684999942779541,1.684999942779541,1.684999942779541,928.0
2024-04-24 10:59:00,WYNN,97.18000030517578,97.18000030517578,97.19499969482422,97.16999816894531,97.19499969482422,1400.0
2024-04-24 10:59:00,XEL,55.119998931884766,55.119998931884766,55.119998931884766,55.09000015258789,55.09000015258789,5013.0
2024-04-24 10:59:00,XENE,40.69499969482422,40.69499969482422,40.69499969482422,40.69499969482422,40.69499969482422,559.0
2024-04-24 10:59:00,XFOR,1.2599999904632568,1.2599999904632568,1.2599999904632568,1.2515000104904175,1.2515000104904175,3488.0
2024-04-24 10:59:00,XMTR,16.850000381469727,16.850000381469727,16.850000381469727,16.850000381469727,16.850000381469727,275.0
2024-04-24 10:59:00,XP,20.320199966430664,20.320199966430664,20.334999084472656,20.31999969482422,20.334999084472656,10098.0
2024-04-24 10:59:00,XRX,14.489999771118164,14.489999771118164,14.515000343322754,14.489999771118164,14.5,10637.0
2024-04-24 10:59:00,XXII,1.7968000173568726,1.7968000173568726,1.7968000173568726,1.7968000173568726,1.7968000173568726,551.0
2024-04-24 10:59:00,YMAB,15.180000305175781,15.180000305175781,15.180000305175781,15.180000305175781,15.180000305175781,1090.0
2024-04-24 10:59:00,Z,43.505001068115234,43.505001068115234,43.52000045776367,43.47999954223633,43.494998931884766,8799.0
2024-04-24 10:59:00,ZBRA,276.3949890136719,276.3949890136719,276.3949890136719,276.3949890136719,276.3949890136719,170.0
2024-04-24 10:59:00,ZCMD,1.7100000381469727,1.7100000381469727,1.7100000381469727,1.7100000381469727,1.7100000381469727,112.0
2024-04-24 10:59:00,ZG,42.92499923706055,42.92499923706055,42.92499923706055,42.92499923706055,42.92499923706055,264.0
2024-04-24 10:59:00,ZI,15.84000015258789,15.84000015258789,15.84000015258789,15.829999923706055,15.829999923706055,2259.0
2024-04-24 10:59:00,ZION,41.900001525878906,41.900001525878906,41.900001525878906,41.900001525878906,41.900001525878906,1713.0
2024-04-24 10:59:00,ZLAB,15.774999618530273,15.774999618530273,15.774999618530273,15.760000228881836,15.760000228881836,368.0
2024-04-24 10:59:00,ZM,61.20000076293945,61.20000076293945,61.20500183105469,61.185001373291016,61.20500183105469,3084.0
2024-04-24 10:59:00,ZNTL,12.369999885559082,12.369999885559082,12.369999885559082,12.369999885559082,12.369999885559082,5313.0
2024-04-24 10:59:00,ZS,179.33999633789062,179.33999633789062,179.33999633789062,179.25,179.32000732421875,1260.0
2024-04-24 10:59:00,ZUMZ,16.959999084472656,16.959999084472656,16.959999084472656,16.959999084472656,16.959999084472656,246.0
2024-04-24 10:59:00,ZVSA,0.5769000053405762,0.5769000053405762,0.5799999833106995,0.5769000053405762,0.5799999833106995,1373.0
2024-04-24 10:59:00,ZYME,8.600000381469727,8.600000381469727,8.600000381469727,8.600000381469727,8.600000381469727,1154.0
2024-04-24 11:00:00,COCO,23.8799991607666,23.8799991607666,23.8799991607666,23.700000762939453,23.700000762939453,2684.0
2024-04-24 11:00:00,DIBS,5.369999885559082,5.369999885559082,5.375,5.360000133514404,5.360000133514404,4744.0
2024-04-24 11:00:00,ETNB,8.774999618530273,8.774999618530273,8.779999732971191,8.774999618530273,8.779999732971191,492.0
2024-04-24 11:00:00,FDMT,24.610000610351562,24.610000610351562,24.610000610351562,24.610000610351562,24.610000610351562,184.0
2024-04-24 11:00:00,FEAM,1.159999966621399,1.159999966621399,1.159999966621399,1.159999966621399,1.159999966621399,398.0
2024-04-24 11:00:00,FLWS,9.220000267028809,9.220000267028809,9.220000267028809,9.220000267028809,9.220000267028809,216.0
2024-04-24 11:00:00,MAPS,1.100000023841858,1.100000023841858,1.100000023841858,1.0966999530792236,1.0966999530792236,618.0
2024-04-24 11:00:00,ME,0.47909998893737793,0.47909998893737793,0.47909998893737793,0.47760000824928284,0.47769999504089355,3080.0
2024-04-24 11:00:00,SEAT,5.800000190734863,5.800000190734863,5.809999942779541,5.800000190734863,5.809999942779541,8509.0
2024-04-24 11:00:00,TKLF,0.23000000417232513,0.23000000417232513,0.23000000417232513,0.23000000417232513,0.23000000417232513,300.0
2024-04-24 11:00:00,TSVT,4.380000114440918,4.380000114440918,4.380000114440918,4.380000114440918,4.380000114440918,234.0
2024-04-24 11:00:00,TXG,27.040000915527344,27.040000915527344,27.110000610351562,27.040000915527344,27.110000610351562,3694.0
2024-04-24 11:00:00,VANI,1.7799999713897705,1.7799999713897705,1.7799999713897705,1.7799999713897705,1.7799999713897705,903.0
2024-04-24 11:00:00,VERU,1.3387000560760498,1.3387000560760498,1.3387000560760498,1.3387000560760498,1.3387000560760498,6840.0
2024-04-24 11:00:00,VERV,6.800000190734863,6.800000190734863,6.804999828338623,6.800000190734863,6.804999828338623,3791.0
2024-04-24 11:00:00,VERX,29.209999084472656,29.209999084472656,29.235000610351562,29.209999084472656,29.209999084472656,0.0
2024-04-24 11:00:00,VFS,2.4800000190734863,2.4800000190734863,2.4800000190734863,2.4749999046325684,2.4784998893737793,6383.0
2024-04-24 11:00:00,VIAV,7.90500020980835,7.90500020980835,7.90500020980835,7.90500020980835,7.90500020980835,1192.0
2024-04-24 11:00:00,VICR,33.709999084472656,33.709999084472656,33.709999084472656,33.709999084472656,33.709999084472656,3335.0
2024-04-24 11:00:00,VIRT,22.3700008392334,22.3700008392334,22.389999389648438,22.3700008392334,22.389999389648438,797.0
2024-04-24 11:00:00,VIRX,0.8400999903678894,0.8400999903678894,0.8400999903678894,0.8399999737739563,0.8399999737739563,3597.0
2024-04-24 11:00:00,VITL,27.025999069213867,27.025999069213867,27.104999542236328,27.025999069213867,27.104999542236328,2321.0
2024-04-24 11:00:00,VKTX,65.61000061035156,65.61000061035156,65.72000122070312,65.61000061035156,65.66999816894531,1290.0
2024-04-24 11:00:00,VMD,8.0,8.0,8.020000457763672,8.0,8.020000457763672,3277.0
2024-04-24 11:00:00,VNET,1.5099999904632568,1.5099999904632568,1.510599970817566,1.5099999904632568,1.510599970817566,958.0
2024-04-24 11:00:00,VOD,8.53499984741211,8.53499984741211,8.538700103759766,8.53499984741211,8.53499984741211,12836.0
2024-04-24 11:00:00,VRRM,24.405000686645508,24.405000686645508,24.405000686645508,24.405000686645508,24.405000686645508,488.0
2024-04-24 11:00:00,VRTX,400.3399963378906,400.3399963378906,400.57501220703125,400.3399963378906,400.57501220703125,1114.0
2024-04-24 11:00:00,VSAT,16.3799991607666,16.3799991607666,16.40999984741211,16.3799991607666,16.40999984741211,4310.0
2024-04-24 11:00:00,VTNR,1.5750000476837158,1.5750000476837158,1.5750000476837158,1.5705000162124634,1.5705000162124634,11758.0
2024-04-24 11:00:00,VTRS,11.350000381469727,11.350000381469727,11.350000381469727,11.345000267028809,11.345000267028809,7100.0
2024-04-24 11:00:00,VUZI,1.3200000524520874,1.3200000524520874,1.3200000524520874,1.3200000524520874,1.3200000524520874,205.0
2024-04-24 11:00:00,VWE,0.25999999046325684,0.25999999046325684,0.25999999046325684,0.25999999046325684,0.25999999046325684,404.0
2024-04-24 11:00:00,VYGR,7.558700084686279,7.558700084686279,7.558700084686279,7.558700084686279,7.558700084686279,549.0
2024-04-24 11:00:00,WB,8.3100004196167,8.3100004196167,8.3100004196167,8.305000305175781,8.3100004196167,1435.0
2024-04-24 11:00:00,WBA,17.665000915527344,17.665000915527344,17.670000076293945,17.65999984741211,17.665000915527344,12672.0
2024-04-24 11:00:00,WBD,8.324999809265137,8.324999809265137,8.324999809265137,8.319999694824219,8.324999809265137,23640.0
2024-04-24 11:00:00,WDAY,256.010009765625,256.010009765625,256.010009765625,256.0,256.0,1092.0
2024-04-24 11:00:00,WDC,68.88500213623047,68.88500213623047,68.94499969482422,68.87999725341797,68.91999816894531,7081.0
2024-04-24 11:00:00,WEN,19.905000686645508,19.905000686645508,19.905000686645508,19.905000686645508,19.905000686645508,1846.0
2024-04-24 11:00:00,WERN,35.28499984741211,35.28499984741211,35.28499984741211,35.28499984741211,35.28499984741211,318.0
2024-04-24 11:00:00,WFRD,124.51000213623047,124.51000213623047,125.54000091552734,124.51000213623047,125.54000091552734,5805.0
2024-04-24 11:00:00,WHF,12.829999923706055,12.829999923706055,12.829999923706055,12.829999923706055,12.829999923706055,784.0
2024-04-24 11:00:00,WHLM,6.433199882507324,6.433199882507324,6.433199882507324,6.321599960327148,6.321599960327148,2936.0
2024-04-24 11:00:00,WIMI,0.8709999918937683,0.8709999918937683,0.8799999952316284,0.8709999918937683,0.8799999952316284,1790.0
2024-04-24 11:00:00,WISA,6.510000228881836,6.510000228881836,6.800000190734863,6.5,6.769000053405762,142839.0
2024-04-24 11:00:00,WKHS,0.16120000183582306,0.16120000183582306,0.16120000183582306,0.16110000014305115,0.16110000014305115,2248.0
2024-04-24 11:00:00,WMG,32.05500030517578,32.05500030517578,32.07500076293945,32.05500030517578,32.07500076293945,817.0
2024-04-24 11:00:00,WSC,37.744998931884766,37.744998931884766,37.775001525878906,37.744998931884766,37.7599983215332,2569.0
2024-04-24 11:00:00,WVE,5.070000171661377,5.070000171661377,5.070000171661377,5.070000171661377,5.070000171661377,996.0
2024-04-24 11:00:00,WW,1.6799999475479126,1.6799999475479126,1.684999942779541,1.6799999475479126,1.6799999475479126,27480.0
2024-04-24 11:00:00,WWD,149.40499877929688,149.40499877929688,149.40499877929688,149.39999389648438,149.39999389648438,1339.0
2024-04-24 11:00:00,WYNN,97.12000274658203,97.12000274658203,97.18000030517578,97.12000274658203,97.18000030517578,2260.0
2024-04-24 11:00:00,XEL,55.130001068115234,55.130001068115234,55.130001068115234,55.130001068115234,55.130001068115234,3216.0
2024-04-24 11:00:00,XERS,1.76010000705719,1.76010000705719,1.7649999856948853,1.76010000705719,1.7649999856948853,634.0
2024-04-24 11:00:00,XFOR,1.2599999904632568,1.2599999904632568,1.2599999904632568,1.2599999904632568,1.2599999904632568,2378.0
2024-04-24 11:00:00,XMTR,16.829999923706055,16.829999923706055,16.829999923706055,16.829999923706055,16.829999923706055,787.0
2024-04-24 11:00:00,XNCR,18.114999771118164,18.114999771118164,18.114999771118164,18.114999771118164,18.114999771118164,265.0
2024-04-24 11:00:00,XP,20.295000076293945,20.295000076293945,20.34000015258789,20.295000076293945,20.325000762939453,21116.0
2024-04-24 11:00:00,XRX,14.5,14.5,14.5,14.489999771118164,14.5,3940.0
2024-04-24 11:00:00,XTLB,2.4500999450683594,2.4500999450683594,2.4500999450683594,2.4500999450683594,2.4500999450683594,200.0
2024-04-24 11:00:00,XWEL,1.6445000171661377,1.6445000171661377,1.6445000171661377,1.6445000171661377,1.6445000171661377,443.0
2024-04-24 11:00:00,XXII,1.7800999879837036,1.7800999879837036,1.7800999879837036,1.7800999879837036,1.7800999879837036,1001.0
2024-04-24 11:00:00,YTEN,0.2321999967098236,0.2321999967098236,0.2321999967098236,0.2321999967098236,0.2321999967098236,3000.0
2024-04-24 11:00:00,Z,43.47999954223633,43.47999954223633,43.51499938964844,43.47999954223633,43.51499938964844,4571.0
2024-04-24 11:00:00,ZBRA,276.6099853515625,276.6099853515625,276.6099853515625,276.6099853515625,276.6099853515625,324.0
2024-04-24 11:00:00,ZD,51.599998474121094,51.599998474121094,51.599998474121094,51.59000015258789,51.59000015258789,792.0
2024-04-24 11:00:00,ZG,42.91999816894531,42.91999816894531,42.91999816894531,42.91999816894531,42.91999816894531,503.0
2024-04-24 11:00:00,ZI,15.819999694824219,15.819999694824219,15.835000038146973,15.819999694824219,15.835000038146973,6292.0
2024-04-24 11:00:00,ZION,41.88999938964844,41.88999938964844,41.90999984741211,41.880001068115234,41.880001068115234,2587.0
2024-04-24 11:00:00,ZLAB,15.779999732971191,15.779999732971191,15.779999732971191,15.779999732971191,15.779999732971191,659.0
2024-04-24 11:00:00,ZM,61.22999954223633,61.22999954223633,61.290000915527344,61.209999084472656,61.209999084472656,7242.0
2024-04-24 11:00:00,ZS,179.05999755859375,179.05999755859375,179.27999877929688,179.05999755859375,179.27999877929688,1539.0
2024-04-24 11:00:00,ZUMZ,16.90999984741211,16.90999984741211,16.90999984741211,16.90999984741211,16.90999984741211,200.0
2024-04-24 11:00:00,ZYME,8.600000381469727,8.600000381469727,8.600000381469727,8.600000381469727,8.600000381469727,512.0
2024-04-24 11:01:00,COCO,23.940000534057617,23.940000534057617,23.959999084472656,23.8799991607666,23.8799991607666,3164.0
2024-04-24 11:01:00,DIBS,5.360000133514404,5.360000133514404,5.369999885559082,5.360000133514404,5.369999885559082,2156.0
2024-04-24 11:01:00,EGHT,2.2850000858306885,2.2850000858306885,2.2850000858306885,2.2850000858306885,2.2850000858306885,300.0
2024-04-24 11:01:00,ETNB,8.75,8.75,8.774999618530273,8.75,8.774999618530273,1610.0
2024-04-24 11:01:00,FDMT,24.559999465942383,24.559999465942383,24.559999465942383,24.559999465942383,24.559999465942383,197.0
2024-04-24 11:01:00,FLWS,9.199999809265137,9.199999809265137,9.220000267028809,9.199999809265137,9.220000267028809,834.0
2024-04-24 11:01:00,HOWL,6.380000114440918,6.380000114440918,6.380000114440918,6.380000114440918,6.380000114440918,1600.0
2024-04-24 11:01:00,MAPS,1.0950000286102295,1.0950000286102295,1.0950000286102295,1.0950000286102295,1.0950000286102295,2500.0
2024-04-24 11:01:00,MASS,5.619999885559082,5.619999885559082,5.619999885559082,5.619999885559082,5.619999885559082,180.0
2024-04-24 11:01:00,ME,0.4781000018119812,0.4781000018119812,0.4794999957084656,0.4781000018119812,0.47909998893737793,565.0
2024-04-24 11:01:00,SEAT,5.784999847412109,5.784999847412109,5.784999847412109,5.784999847412109,5.784999847412109,300.0
2024-04-24 11:01:00,TKLF,0.23000000417232513,0.23000000417232513,0.23000000417232513,0.23000000417232513,0.23000000417232513,5900.0
2024-04-24 11:01:00,TSVT,4.380000114440918,4.380000114440918,4.380000114440918,4.380000114440918,4.380000114440918,525.0
2024-04-24 11:01:00,TWOU,0.2386000007390976,0.2386000007390976,0.2386000007390976,0.2386000007390976,0.2386000007390976,1604.0
2024-04-24 11:01:00,TXG,27.065000534057617,27.065000534057617,27.06999969482422,27.049999237060547,27.059999465942383,2167.0
2024-04-24 11:01:00,VERU,1.3300000429153442,1.3300000429153442,1.3300000429153442,1.3300000429153442,1.3300000429153442,5612.0
2024-04-24 11:01:00,VERV,6.760000228881836,6.760000228881836,6.784999847412109,6.760000228881836,6.784999847412109,1761.0
2024-04-24 11:01:00,VERX,29.209999084472656,29.209999084472656,29.21500015258789,29.190000534057617,29.21500015258789,2721.0
2024-04-24 11:01:00,VFS,2.4885001182556152,2.4885001182556152,2.4885001182556152,2.4885001182556152,2.4885001182556152,200.0
2024-04-24 11:01:00,VIAV,7.90500020980835,7.90500020980835,7.90500020980835,7.90500020980835,7.90500020980835,1681.0
2024-04-24 11:01:00,VIOT,0.5636000037193298,0.5636000037193298,0.5636000037193298,0.5636000037193298,0.5636000037193298,800.0
2024-04-24 11:01:00,VIRT,22.329999923706055,22.329999923706055,22.329999923706055,22.329999923706055,22.329999923706055,105.0
2024-04-24 11:01:00,VITL,27.069900512695312,27.069900512695312,27.069900512695312,27.069900512695312,27.069900512695312,500.0
2024-04-24 11:01:00,VIVK,1.55840003490448,1.55840003490448,1.55840003490448,1.5499999523162842,1.5499999523162842,250.0
2024-04-24 11:01:00,VKTX,65.41999816894531,65.41999816894531,65.66500091552734,65.41000366210938,65.66500091552734,7756.0
2024-04-24 11:01:00,VLCN,0.258899986743927,0.258899986743927,0.258899986743927,0.258899986743927,0.258899986743927,1004.0
2024-04-24 11:01:00,VMEO,3.5399999618530273,3.5399999618530273,3.5467000007629395,3.5399999618530273,3.5467000007629395,2356.0
2024-04-24 11:01:00,VNOM,40.06999969482422,40.06999969482422,40.06999969482422,40.06999969482422,40.06999969482422,504.0
2024-04-24 11:01:00,VOD,8.545000076293945,8.545000076293945,8.550000190734863,8.53499984741211,8.53499984741211,26807.0
2024-04-24 11:01:00,VOR,1.7999999523162842,1.7999999523162842,1.7999999523162842,1.7999999523162842,1.7999999523162842,274.0
2024-04-24 11:01:00,VRNA,15.5,15.5,15.510000228881836,15.5,15.510000228881836,2618.0
2024-04-24 11:01:00,VRRM,24.40999984741211,24.40999984741211,24.40999984741211,24.40999984741211,24.40999984741211,204.0
2024-04-24 11:01:00,VTNR,1.5750000476837158,1.5750000476837158,1.5800000429153442,1.570099949836731,1.570099949836731,6161.0
2024-04-24 11:01:00,VTRS,11.359999656677246,11.359999656677246,11.359999656677246,11.354999542236328,11.354999542236328,1071.0
2024-04-24 11:01:00,VUZI,1.3250000476837158,1.3250000476837158,1.3250000476837158,1.3250000476837158,1.3250000476837158,386.0
2024-04-24 11:01:00,WB,8.3149995803833,8.3149995803833,8.3149995803833,8.3149995803833,8.3149995803833,126.0
2024-04-24 11:01:00,WBA,17.667499542236328,17.667499542236328,17.670000076293945,17.65999984741211,17.65999984741211,8398.0
2024-04-24 11:01:00,WBD,8.324999809265137,8.324999809265137,8.324999809265137,8.3149995803833,8.321800231933594,83158.0
2024-04-24 11:01:00,WDAY,255.97000122070312,255.97000122070312,255.97000122070312,255.97000122070312,255.97000122070312,442.0
2024-04-24 11:01:00,WDC,68.86000061035156,68.86000061035156,68.88500213623047,68.83000183105469,68.88500213623047,5649.0
2024-04-24 11:01:00,WEN,19.905000686645508,19.905000686645508,19.90999984741211,19.899999618530273,19.90999984741211,752.0
2024-04-24 11:01:00,WFRD,124.75499725341797,124.75499725341797,124.76000213623047,124.75499725341797,124.76000213623047,2591.0
2024-04-24 11:01:00,WHF,12.84000015258789,12.84000015258789,12.84000015258789,12.84000015258789,12.84000015258789,308.0
2024-04-24 11:01:00,WHLM,6.425000190734863,6.425000190734863,6.425000190734863,6.425000190734863,6.425000190734863,337.0
2024-04-24 11:01:00,WIMI,0.8847000002861023,0.8847000002861023,0.8894000053405762,0.8801000118255615,0.888700008392334,9064.0
2024-04-24 11:01:00,WING,362.3699951171875,362.3699951171875,362.7250061035156,362.3699951171875,362.7250061035156,1556.0
2024-04-24 11:01:00,WISA,6.514200210571289,6.514200210571289,6.547599792480469,6.429999828338623,6.5,28375.0
2024-04-24 11:01:00,WKHS,0.16120000183582306,0.16120000183582306,0.16120000183582306,0.16110000014305115,0.16120000183582306,11850.0
2024-04-24 11:01:00,WMG,32.05500030517578,32.05500030517578,32.05500030517578,32.05500030517578,32.05500030517578,315.0
2024-04-24 11:01:00,WSC,37.709999084472656,37.709999084472656,37.744998931884766,37.70000076293945,37.744998931884766,1441.0
2024-04-24 11:01:00,WVE,5.090000152587891,5.090000152587891,5.090000152587891,5.079999923706055,5.079999923706055,0.0
2024-04-24 11:01:00,WW,1.6799999475479126,1.6799999475479126,1.684999942779541,1.6799999475479126,1.684999942779541,901.0
2024-04-24 11:01:00,WYNN,97.0250015258789,97.0250015258789,97.12000274658203,97.01000213623047,97.08000183105469,4961.0
2024-04-24 11:01:00,XEL,55.14500045776367,55.14500045776367,55.150001525878906,55.1349983215332,55.1349983215332,2136.0
2024-04-24 11:01:00,XENE,40.65999984741211,40.65999984741211,40.65999984741211,40.65999984741211,40.65999984741211,701.0
2024-04-24 11:01:00,XFOR,1.2615000009536743,1.2615000009536743,1.2699999809265137,1.2615000009536743,1.2699999809265137,8267.0
2024-04-24 11:01:00,XMTR,16.770000457763672,16.770000457763672,16.770000457763672,16.770000457763672,16.770000457763672,103.0
2024-04-24 11:01:00,XP,20.295000076293945,20.295000076293945,20.31999969482422,20.290000915527344,20.295000076293945,13234.0
2024-04-24 11:01:00,XRX,14.505000114440918,14.505000114440918,14.539999961853027,14.489999771118164,14.489999771118164,18918.0
2024-04-24 11:01:00,XXII,1.7699999809265137,1.7699999809265137,1.7899999618530273,1.7699999809265137,1.7899999618530273,9680.0
2024-04-24 11:01:00,YTEN,0.23350000381469727,0.23350000381469727,0.23350000381469727,0.23350000381469727,0.23350000381469727,1190.0
2024-04-24 11:01:00,YTRA,1.2999999523162842,1.2999999523162842,1.2999999523162842,1.2999999523162842,1.2999999523162842,693.0
2024-04-24 11:01:00,Z,43.459999084472656,43.459999084472656,43.4900016784668,43.459999084472656,43.4900016784668,2400.0
2024-04-24 11:01:00,ZAPP,4.539999961853027,4.539999961853027,4.539999961853027,4.539999961853027,4.539999961853027,713.0
2024-04-24 11:01:00,ZENV,2.140000104904175,2.140000104904175,2.140000104904175,2.140000104904175,2.140000104904175,415.0
2024-04-24 11:01:00,ZI,15.8100004196167,15.8100004196167,15.8149995803833,15.8100004196167,15.8149995803833,1830.0
2024-04-24 11:01:00,ZIMV,15.829999923706055,15.829999923706055,15.829999923706055,15.829999923706055,15.829999923706055,140.0
2024-04-24 11:01:00,ZION,41.93000030517578,41.93000030517578,41.95000076293945,41.90999984741211,41.90999984741211,6843.0
2024-04-24 11:01:00,ZLAB,15.805000305175781,15.805000305175781,15.805000305175781,15.805000305175781,15.805000305175781,200.0
2024-04-24 11:01:00,ZM,61.22999954223633,61.22999954223633,61.22999954223633,61.220001220703125,61.22999954223633,506.0
2024-04-24 11:01:00,ZNTL,12.324999809265137,12.324999809265137,12.350000381469727,12.324999809265137,12.350000381469727,1636.0
2024-04-24 11:01:00,ZS,179.02999877929688,179.02999877929688,179.07000732421875,179.0012969970703,179.06500244140625,2103.0
2024-04-24 11:01:00,ZVRA,4.514999866485596,4.514999866485596,4.514999866485596,4.514999866485596,4.514999866485596,1005.0
2024-04-24 11:02:00,ETNB,8.729999542236328,8.729999542236328,8.729999542236328,8.729999542236328,8.729999542236328,1228.0
2024-04-24 11:02:00,FLWS,9.210000038146973,9.210000038146973,9.210000038146973,9.210000038146973,9.210000038146973,968.0
2024-04-24 11:02:00,MASS,5.579999923706055,5.579999923706055,5.579999923706055,5.579999923706055,5.579999923706055,1421.0
2024-04-24 11:02:00,SEAT,5.800000190734863,5.800000190734863,5.800000190734863,5.800000190734863,5.800000190734863,8319.0
2024-04-24 11:02:00,TKLF,0.22300000488758087,0.22300000488758087,0.22300000488758087,0.22300000488758087,0.22300000488758087,4628.0
2024-04-24 11:02:00,VCTR,49.456600189208984,49.456600189208984,49.456600189208984,49.456600189208984,49.456600189208984,1791.0
2024-04-24 11:02:00,VERU,1.340000033378601,1.340000033378601,1.340000033378601,1.340000033378601,1.340000033378601,3363.0
2024-04-24 11:02:00,VERV,6.760000228881836,6.760000228881836,6.760000228881836,6.760000228881836,6.760000228881836,2590.0
2024-04-24 11:02:00,VERX,29.1924991607666,29.1924991607666,29.1924991607666,29.1924991607666,29.1924991607666,152774.0
2024-04-24 11:02:00,VFS,2.4700000286102295,2.4700000286102295,2.4700000286102295,2.4700000286102295,2.4700000286102295,10912.0
2024-04-24 11:02:00,VIGL,2.859999895095825,2.859999895095825,2.859999895095825,2.859999895095825,2.859999895095825,794.0
2024-04-24 11:02:00,VIR,8.114999771118164,8.114999771118164,8.114999771118164,8.114999771118164,8.114999771118164,937.0
2024-04-24 11:02:00,VIRI,0.4580000042915344,0.4580000042915344,0.4580000042915344,0.4580000042915344,0.4580000042915344,920.0
2024-04-24 11:02:00,VLCN,0.257999986410141,0.257999986410141,0.257999986410141,0.257999986410141,0.257999986410141,843.0
2024-04-24 11:02:00,VNOM,40.04999923706055,40.04999923706055,40.04999923706055,40.04999923706055,40.04999923706055,432.0
2024-04-24 11:02:00,VOD,8.545000076293945,8.545000076293945,8.545000076293945,8.545000076293945,8.545000076293945,8813.0
2024-04-24 11:02:00,VRCA,6.75,6.75,6.75,6.75,6.75,784.0
2024-04-24 11:02:00,VRDN,13.699999809265137,13.699999809265137,13.699999809265137,13.699999809265137,13.699999809265137,1233.0
2024-04-24 11:02:00,VRRM,24.399999618530273,24.399999618530273,24.399999618530273,24.399999618530273,24.399999618530273,677.0
2024-04-24 11:02:00,VRTX,400.3500061035156,400.3500061035156,400.3500061035156,400.3500061035156,400.3500061035156,1593.0
2024-04-24 11:02:00,VSAT,16.270000457763672,16.270000457763672,16.270000457763672,16.270000457763672,16.270000457763672,4380.0
2024-04-24 11:02:00,VTNR,1.565000057220459,1.565000057220459,1.565000057220459,1.565000057220459,1.565000057220459,25379.0
2024-04-24 11:02:00,VTRS,11.354999542236328,11.354999542236328,11.354999542236328,11.354999542236328,11.354999542236328,2982.0
2024-04-24 11:02:00,VUZI,1.3200000524520874,1.3200000524520874,1.3200000524520874,1.3200000524520874,1.3200000524520874,1622.0
2024-04-24 11:02:00,VVPR,3.6449999809265137,3.6449999809265137,3.6449999809265137,3.6449999809265137,3.6449999809265137,3115.0
2024-04-24 11:02:00,VYGR,7.554999828338623,7.554999828338623,7.554999828338623,7.554999828338623,7.554999828338623,242.0
2024-04-24 11:02:00,WB,8.319999694824219,8.319999694824219,8.319999694824219,8.319999694824219,8.319999694824219,2689.0
2024-04-24 11:02:00,WDAY,255.60000610351562,255.60000610351562,255.60000610351562,255.60000610351562,255.60000610351562,3294.0
2024-04-24 11:02:00,WERN,35.255001068115234,35.255001068115234,35.255001068115234,35.255001068115234,35.255001068115234,4118.0
2024-04-24 11:02:00,WFRD,124.63500213623047,124.63500213623047,124.63500213623047,124.63500213623047,124.63500213623047,1003.0
2024-04-24 11:02:00,WHLM,6.458899974822998,6.458899974822998,6.458899974822998,6.458899974822998,6.458899974822998,3172.0
2024-04-24 11:02:00,WISA,6.480000019073486,6.480000019073486,6.480000019073486,6.480000019073486,6.480000019073486,37122.0
2024-04-24 11:02:00,WIX,123.87000274658203,123.87000274658203,123.87000274658203,123.87000274658203,123.87000274658203,1394.0
2024-04-24 11:02:00,WKME,7.869999885559082,7.869999885559082,7.869999885559082,7.869999885559082,7.869999885559082,499.0
2024-04-24 11:02:00,WSBC,28.114999771118164,28.114999771118164,28.114999771118164,28.114999771118164,28.114999771118164,639.0
2024-04-24 11:02:00,WSBF,11.6899995803833,11.6899995803833,11.6899995803833,11.6899995803833,11.6899995803833,220.0
2024-04-24 11:02:00,WTFC,99.52999877929688,99.52999877929688,99.52999877929688,99.52999877929688,99.52999877929688,536.0
2024-04-24 11:02:00,WYNN,97.04000091552734,97.04000091552734,97.04000091552734,97.04000091552734,97.04000091552734,4219.0
2024-04-24 11:02:00,XMTR,16.75,16.75,16.75,16.75,16.75,1176.0
2024-04-24 11:02:00,XRX,14.460000038146973,14.460000038146973,14.460000038146973,14.460000038146973,14.460000038146973,10406.0
2024-04-24 11:02:00,YMAB,15.135000228881836,15.135000228881836,15.135000228881836,15.135000228881836,15.135000228881836,101.0
2024-04-24 11:02:00,ZBRA,276.239990234375,276.239990234375,276.239990234375,276.239990234375,276.239990234375,567.0
2024-04-24 11:02:00,ZG,42.810001373291016,42.810001373291016,42.810001373291016,42.810001373291016,42.810001373291016,1659.0
2024-04-24 11:02:00,ZI,15.800000190734863,15.800000190734863,15.800000190734863,15.800000190734863,15.800000190734863,2458.0
2024-04-24 11:02:00,ZIMV,15.800000190734863,15.800000190734863,15.800000190734863,15.800000190734863,15.800000190734863,932.0
2024-04-24 11:02:00,ZLAB,15.71500015258789,15.71500015258789,15.71500015258789,15.71500015258789,15.71500015258789,3638.0
2024-04-24 11:02:00,ZUMZ,16.899999618530273,16.899999618530273,16.899999618530273,16.899999618530273,16.899999618530273,1474.0
2024-04-24 11:02:00,ZVRA,4.510000228881836,4.510000228881836,4.510000228881836,4.510000228881836,4.510000228881836,161.0
2024-04-24 11:02:00,ZVSA,0.5764999985694885,0.5764999985694885,0.5764999985694885,0.5764999985694885,0.5764999985694885,3062.0
2024-04-24 11:02:00,ZYME,8.59000015258789,8.59000015258789,8.59000015258789,8.59000015258789,8.59000015258789,491.0
2024-04-24 11:03:00,ATNF,1.8006000518798828,1.8006000518798828,1.809999942779541,1.7999999523162842,1.7999999523162842,1960.0
2024-04-24 11:03:00,COCO,24.06999969482422,24.06999969482422,24.1200008392334,24.020000457763672,24.030000686645508,16099.0
2024-04-24 11:03:00,DSP,8.779999732971191,8.779999732971191,8.779999732971191,8.779999732971191,8.779999732971191,1450.0
2024-04-24 11:03:00,EGHT,2.2850000858306885,2.2850000858306885,2.2850000858306885,2.2850000858306885,2.2850000858306885,2635.0
2024-04-24 11:03:00,ETNB,8.735199928283691,8.735199928283691,8.735199928283691,8.735199928283691,8.735199928283691,254.0
2024-04-24 11:03:00,FDMT,24.520000457763672,24.520000457763672,24.559999465942383,24.520000457763672,24.559999465942383,1597.0
2024-04-24 11:03:00,FLWS,9.225000381469727,9.225000381469727,9.229999542236328,9.210000038146973,9.210000038146973,2070.0
2024-04-24 11:03:00,FREE,4.820000171661377,4.820000171661377,4.820000171661377,4.820000171661377,4.820000171661377,856.0
2024-04-24 11:03:00,KRKR,0.367900013923645,0.367900013923645,0.367900013923645,0.367900013923645,0.367900013923645,0.0
2024-04-24 11:03:00,ME,0.4839000105857849,0.4839000105857849,0.4839000105857849,0.4805000126361847,0.4805000126361847,18058.0
2024-04-24 11:03:00,SEAT,5.804999828338623,5.804999828338623,5.804999828338623,5.804999828338623,5.804999828338623,468.0
2024-04-24 11:03:00,TXG,27.0049991607666,27.0049991607666,27.030000686645508,27.0,27.020000457763672,14502.0
2024-04-24 11:03:00,VCTR,49.52000045776367,49.52000045776367,49.52000045776367,49.45180130004883,49.45180130004883,1247.0
2024-04-24 11:03:00,VERV,6.75,6.75,6.760000228881836,6.75,6.760000228881836,5145.0
2024-04-24 11:03:00,VERX,29.17009925842285,29.17009925842285,29.190000534057617,29.149999618530273,29.190000534057617,2521.0
2024-04-24 11:03:00,VFS,2.470900058746338,2.470900058746338,2.4749999046325684,2.4700000286102295,2.4749999046325684,7283.0
2024-04-24 11:03:00,VIASP,19.774999618530273,19.774999618530273,19.774999618530273,19.774999618530273,19.774999618530273,748.0
2024-04-24 11:03:00,VIAV,7.900000095367432,7.900000095367432,7.900000095367432,7.900000095367432,7.900000095367432,1157.0
2024-04-24 11:03:00,VINC,0.9311000108718872,0.9311000108718872,0.9311000108718872,0.9311000108718872,0.9311000108718872,1645.0
2024-04-24 11:03:00,VIR,8.114999771118164,8.114999771118164,8.114999771118164,8.114999771118164,8.114999771118164,211.0
2024-04-24 11:03:00,VIRC,10.619999885559082,10.619999885559082,10.670000076293945,10.619999885559082,10.670000076293945,560.0
2024-04-24 11:03:00,VIRI,0.4569999873638153,0.4569999873638153,0.4569999873638153,0.4569999873638153,0.4569999873638153,169.0
2024-04-24 11:03:00,VIRT,22.329999923706055,22.329999923706055,22.34000015258789,22.329999923706055,22.34000015258789,43851.0
2024-04-24 11:03:00,VITL,27.040000915527344,27.040000915527344,27.049999237060547,27.030000686645508,27.049999237060547,1019.0
2024-04-24 11:03:00,VKTX,65.5,65.5,65.54000091552734,65.41500091552734,65.5,12103.0
2024-04-24 11:03:00,VMEO,3.5350000858306885,3.5350000858306885,3.5350000858306885,3.5350000858306885,3.5350000858306885,13060.0
2024-04-24 11:03:00,VNET,1.5099999904632568,1.5099999904632568,1.5190000534057617,1.5099999904632568,1.5190000534057617,14145.0
2024-04-24 11:03:00,VOD,8.545000076293945,8.545000076293945,8.550000190734863,8.545000076293945,8.550000190734863,9452.0
2024-04-24 11:03:00,VOR,1.75,1.75,1.7694000005722046,1.75,1.7599999904632568,40381.0
2024-04-24 11:03:00,VRDN,13.680000305175781,13.680000305175781,13.710000038146973,13.680000305175781,13.699999809265137,974.0
2024-04-24 11:03:00,VRNA,15.51990032196045,15.51990032196045,15.51990032196045,15.51990032196045,15.51990032196045,524.0
2024-04-24 11:03:00,VRRM,24.399999618530273,24.399999618530273,24.399999618530273,24.399999618530273,24.399999618530273,480.0
2024-04-24 11:03:00,VRTX,400.1300048828125,400.1300048828125,400.1300048828125,400.1300048828125,400.1300048828125,555.0
2024-04-24 11:03:00,VSAT,16.2450008392334,16.2450008392334,16.270000457763672,16.239999771118164,16.270000457763672,1355.0
2024-04-24 11:03:00,VTNR,1.565000057220459,1.565000057220459,1.565000057220459,1.565000057220459,1.565000057220459,39017.0
2024-04-24 11:03:00,VTRS,11.350099563598633,11.350099563598633,11.359999656677246,11.350099563598633,11.354999542236328,1834.0
2024-04-24 11:03:00,VTSI,12.109999656677246,12.109999656677246,12.119999885559082,12.109999656677246,12.119999885559082,1815.0
2024-04-24 11:03:00,VYGR,7.550000190734863,7.550000190734863,7.550000190734863,7.550000190734863,7.550000190734863,221.0
2024-04-24 11:03:00,WAFD,27.770000457763672,27.770000457763672,27.770000457763672,27.770000457763672,27.770000457763672,1275.0
2024-04-24 11:03:00,WBA,17.677499771118164,17.677499771118164,17.677499771118164,17.670000076293945,17.670000076293945,30768.0
2024-04-24 11:03:00,WBD,8.289999961853027,8.289999961853027,8.309900283813477,8.279999732971191,8.305000305175781,409977.0
2024-04-24 11:03:00,WDAY,255.4499969482422,255.4499969482422,255.69000244140625,255.4499969482422,255.47000122070312,3453.0
2024-04-24 11:03:00,WDC,68.44999694824219,68.44999694824219,68.61000061035156,68.44999694824219,68.61000061035156,30432.0
2024-04-24 11:03:00,WEN,19.899999618530273,19.899999618530273,19.905000686645508,19.899999618530273,19.905000686645508,4244.0
2024-04-24 11:03:00,WERN,35.334999084472656,35.334999084472656,35.334999084472656,35.31999969482422,35.31999969482422,514.0
2024-04-24 11:03:00,WFCF,12.0,12.0,12.0,12.0,12.0,0.0
2024-04-24 11:03:00,WFRD,124.22000122070312,124.22000122070312,124.61000061035156,124.16000366210938,124.25,17345.0
2024-04-24 11:03:00,WHLR,0.1421000063419342,0.1421000063419342,0.1421000063419342,0.1421000063419342,0.1421000063419342,200.0
2024-04-24 11:03:00,WIMI,0.8999000191688538,0.8999000191688538,0.9049000144004822,0.8834999799728394,0.9031999707221985,98515.0
2024-04-24 11:03:00,WING,362.45001220703125,362.45001220703125,362.45001220703125,361.8999938964844,361.8999938964844,1913.0
2024-04-24 11:03:00,WISA,6.323800086975098,6.323800086975098,6.449999809265137,6.300000190734863,6.429999828338623,87342.0
2024-04-24 11:03:00,WKHS,0.1606999933719635,0.1606999933719635,0.16110000014305115,0.1590999960899353,0.16110000014305115,142718.0
2024-04-24 11:03:00,WMG,32.1150016784668,32.1150016784668,32.1150016784668,32.099998474121094,32.099998474121094,3872.0
2024-04-24 11:03:00,WNEB,6.505000114440918,6.505000114440918,6.505000114440918,6.505000114440918,6.505000114440918,508.0
2024-04-24 11:03:00,WRAP,1.9900000095367432,1.9900000095367432,1.9946999549865723,1.9900000095367432,1.9900000095367432,3469.0
2024-04-24 11:03:00,WSBC,28.079999923706055,28.079999923706055,28.110000610351562,28.079999923706055,28.110000610351562,455.0
2024-04-24 11:03:00,WSBF,11.6899995803833,11.6899995803833,11.6899995803833,11.6899995803833,11.6899995803833,135.0
2024-04-24 11:03:00,WSC,37.65999984741211,37.65999984741211,37.685001373291016,37.630001068115234,37.685001373291016,5190.0
2024-04-24 11:03:00,WTW,263.760009765625,263.760009765625,263.760009765625,263.5799865722656,263.5799865722656,1462.0
2024-04-24 11:03:00,WVE,5.079999923706055,5.079999923706055,5.079999923706055,5.079999923706055,5.079999923706055,669.0
2024-04-24 11:03:00,WW,1.6784000396728516,1.6784000396728516,1.6784000396728516,1.6749999523162842,1.6749999523162842,12111.0
2024-04-24 11:03:00,WWD,149.1199951171875,149.1199951171875,149.1199951171875,149.1199951171875,149.1199951171875,449.0
2024-04-24 11:03:00,WYNN,96.86000061035156,96.86000061035156,96.91000366210938,96.86000061035156,96.91000366210938,790.0
2024-04-24 11:03:00,XEL,55.165000915527344,55.165000915527344,55.165000915527344,55.13999938964844,55.150001525878906,8983.0
2024-04-24 11:03:00,XELB,0.708899974822998,0.708899974822998,0.708899974822998,0.708899974822998,0.708899974822998,0.0
2024-04-24 11:03:00,XENE,40.66999816894531,40.66999816894531,40.66999816894531,40.650001525878906,40.65999984741211,1105.0
2024-04-24 11:03:00,XFOR,1.2797000408172607,1.2797000408172607,1.2797000408172607,1.2649999856948853,1.2649999856948853,3662.0
2024-04-24 11:03:00,XLO,1.0700000524520874,1.0700000524520874,1.090000033378601,1.0700000524520874,1.0700000524520874,758.0
2024-04-24 11:03:00,XMTR,16.770000457763672,16.770000457763672,16.770000457763672,16.760000228881836,16.760000228881836,1894.0
2024-04-24 11:03:00,XNCR,18.110000610351562,18.110000610351562,18.110000610351562,18.110000610351562,18.110000610351562,472.0
2024-04-24 11:03:00,XP,20.264999389648438,20.264999389648438,20.28499984741211,20.260000228881836,20.28499984741211,18172.0
2024-04-24 11:03:00,XPEL,54.7400016784668,54.7400016784668,54.7400016784668,54.7400016784668,54.7400016784668,212.0
2024-04-24 11:03:00,XRX,14.479999542236328,14.479999542236328,14.484999656677246,14.460000038146973,14.460000038146973,16613.0
2024-04-24 11:03:00,XTLB,2.5097999572753906,2.5097999572753906,2.5097999572753906,2.5097999572753906,2.5097999572753906,400.0
2024-04-24 11:03:00,XXII,1.7999999523162842,1.7999999523162842,1.7999999523162842,1.7999999523162842,1.7999999523162842,13036.0
2024-04-24 11:03:00,Z,43.33000183105469,43.33000183105469,43.3650016784668,43.33000183105469,43.36000061035156,11773.0
2024-04-24 11:03:00,ZBRA,276.0799865722656,276.0799865722656,276.17999267578125,276.0799865722656,276.17999267578125,880.0
2024-04-24 11:03:00,ZCMD,1.649999976158142,1.649999976158142,1.7000000476837158,1.6399999856948853,1.6799999475479126,28104.0
2024-04-24 11:03:00,ZG,42.779998779296875,42.779998779296875,42.779998779296875,42.77000045776367,42.77000045776367,1907.0
2024-04-24 11:03:00,ZI,15.789999961853027,15.789999961853027,15.789999961853027,15.789999961853027,15.789999961853027,2022.0
2024-04-24 11:03:00,ZION,41.869998931884766,41.869998931884766,41.93000030517578,41.869998931884766,41.93000030517578,22978.0
2024-04-24 11:03:00,ZM,61.16999816894531,61.16999816894531,61.2400016784668,61.16999816894531,61.209999084472656,9763.0
2024-04-24 11:03:00,ZS,178.64999389648438,178.64999389648438,178.94000244140625,178.64999389648438,178.86500549316406,13471.0
2024-04-24 11:03:00,ZURA,3.200000047683716,3.200000047683716,3.200000047683716,3.200000047683716,3.200000047683716,2650.0
2024-04-24 11:04:00,COCO,24.15999984741211,24.15999984741211,24.15999984741211,24.049999237060547,24.09000015258789,11348.0
2024-04-24 11:04:00,DSP,8.805000305175781,8.805000305175781,8.805000305175781,8.805000305175781,8.805000305175781,1130.0
2024-04-24 11:04:00,ETNB,8.741000175476074,8.741000175476074,8.75,8.734999656677246,8.734999656677246,730.0
2024-04-24 11:04:00,FDMT,24.450000762939453,24.450000762939453,24.450000762939453,24.450000762939453,24.450000762939453,501.0
2024-04-24 11:04:00,HOWL,6.369999885559082,6.369999885559082,6.369999885559082,6.349999904632568,6.360000133514404,1596.0
2024-04-24 11:04:00,ME,0.4839000105857849,0.4839000105857849,0.4839000105857849,0.4837999939918518,0.4839000105857849,1914.0
2024-04-24 11:04:00,SCWO,1.3200000524520874,1.3200000524520874,1.3200000524520874,1.3200000524520874,1.3200000524520874,3042.0
2024-04-24 11:04:00,TWOU,0.23649999499320984,0.23649999499320984,0.2386000007390976,0.23649999499320984,0.2386000007390976,3599.0
2024-04-24 11:04:00,TXG,27.024999618530273,27.024999618530273,27.030000686645508,26.989999771118164,27.010000228881836,3088.0
2024-04-24 11:04:00,VERU,1.3300000429153442,1.3300000429153442,1.3300000429153442,1.3200000524520874,1.3200000524520874,304.0
2024-04-24 11:04:00,VERV,6.75,6.75,6.75,6.724999904632568,6.724999904632568,1666.0
2024-04-24 11:04:00,VERX,29.25,29.25,29.25,29.15999984741211,29.15999984741211,3224.0
2024-04-24 11:04:00,VFS,2.4649999141693115,2.4649999141693115,2.470900058746338,2.4600000381469727,2.4700000286102295,21532.0
2024-04-24 11:04:00,VIAV,7.889999866485596,7.889999866485596,7.900000095367432,7.889999866485596,7.900000095367432,5179.0
2024-04-24 11:04:00,VICR,33.4900016784668,33.4900016784668,33.4900016784668,33.415000915527344,33.415000915527344,1294.0
2024-04-24 11:04:00,VIR,8.114999771118164,8.114999771118164,8.114999771118164,8.114999771118164,8.114999771118164,517.0
2024-04-24 11:04:00,VIRC,10.649999618530273,10.649999618530273,10.649999618530273,10.649999618530273,10.649999618530273,200.0
2024-04-24 11:04:00,VIRT,22.31999969482422,22.31999969482422,22.34000015258789,22.31999969482422,22.34000015258789,2486.0
2024-04-24 11:04:00,VIVK,1.5592999458312988,1.5592999458312988,1.5592999458312988,1.5592999458312988,1.5592999458312988,900.0
2024-04-24 11:04:00,VKTX,65.8499984741211,65.8499984741211,65.8499984741211,65.50499725341797,65.57499694824219,6164.0
2024-04-24 11:04:00,VLCN,0.2578999996185303,0.2578999996185303,0.2578999996185303,0.2578999996185303,0.2578999996185303,388.0
2024-04-24 11:04:00,VMEO,3.5350000858306885,3.5350000858306885,3.5350000858306885,3.5350000858306885,3.5350000858306885,246.0
2024-04-24 11:04:00,VNOM,40.060001373291016,40.060001373291016,40.060001373291016,40.060001373291016,40.060001373291016,801.0
2024-04-24 11:04:00,VOD,8.555000305175781,8.555000305175781,8.555000305175781,8.545000076293945,8.545000076293945,22462.0
2024-04-24 11:04:00,VOXR,2.0399999618530273,2.0399999618530273,2.0399999618530273,2.0399999618530273,2.0399999618530273,1300.0
2024-04-24 11:04:00,VRDN,13.649999618530273,13.649999618530273,13.65999984741211,13.649999618530273,13.65999984741211,1517.0
2024-04-24 11:04:00,VRTX,400.5199890136719,400.5199890136719,400.6300048828125,400.07000732421875,400.07000732421875,3373.0
2024-04-24 11:04:00,VSAT,16.15999984741211,16.15999984741211,16.229999542236328,16.15999984741211,16.229999542236328,1099.0
2024-04-24 11:04:00,VTNR,1.5699000358581543,1.5699000358581543,1.5699000358581543,1.565000057220459,1.565000057220459,10101.0
2024-04-24 11:04:00,VTRS,11.364999771118164,11.364999771118164,11.364999771118164,11.354999542236328,11.354999542236328,3846.0
2024-04-24 11:04:00,VUZI,1.315000057220459,1.315000057220459,1.315000057220459,1.309999942779541,1.309999942779541,616.0
2024-04-24 11:04:00,VWE,0.25999999046325684,0.25999999046325684,0.26010000705718994,0.25999999046325684,0.25999999046325684,11267.0
2024-04-24 11:04:00,VYGR,7.559999942779541,7.559999942779541,7.559999942779541,7.551000118255615,7.554999828338623,1485.0
2024-04-24 11:04:00,WAFD,27.719999313354492,27.719999313354492,27.75,27.719999313354492,27.719999313354492,834.0
2024-04-24 11:04:00,WB,8.319999694824219,8.319999694824219,8.319999694824219,8.3149995803833,8.3149995803833,599.0
2024-04-24 11:04:00,WBA,17.69499969482422,17.69499969482422,17.69499969482422,17.65999984741211,17.670000076293945,31008.0
2024-04-24 11:04:00,WBD,8.291899681091309,8.291899681091309,8.295000076293945,8.279999732971191,8.289899826049805,89105.0
2024-04-24 11:04:00,WDAY,255.50999450683594,255.50999450683594,255.50999450683594,255.375,255.375,712.0
2024-04-24 11:04:00,WDC,68.41000366210938,68.41000366210938,68.4800033569336,68.33999633789062,68.44999694824219,12812.0
2024-04-24 11:04:00,WEN,19.924999237060547,19.924999237060547,19.924999237060547,19.905000686645508,19.905000686645508,2587.0
2024-04-24 11:04:00,WERN,35.314998626708984,35.314998626708984,35.33000183105469,35.310001373291016,35.310001373291016,749.0
2024-04-24 11:04:00,WFRD,123.87999725341797,123.87999725341797,124.19499969482422,123.87999725341797,124.0250015258789,26654.0
2024-04-24 11:04:00,WHFCL,25.059999465942383,25.059999465942383,25.059999465942383,25.059999465942383,25.059999465942383,3013.0
2024-04-24 11:04:00,WHLM,6.469900131225586,6.469900131225586,6.469900131225586,6.449999809265137,6.449999809265137,6200.0
2024-04-24 11:04:00,WHLR,0.1421000063419342,0.1421000063419342,0.1421000063419342,0.1421000063419342,0.1421000063419342,602.0
2024-04-24 11:04:00,WIMI,0.8977000117301941,0.8977000117301941,0.8977000117301941,0.8822000026702881,0.8910999894142151,4595.0
2024-04-24 11:04:00,WISA,6.119999885559082,6.119999885559082,6.369999885559082,6.079999923706055,6.369900226593018,57725.0
2024-04-24 11:04:00,WKHS,0.16030000150203705,0.16030000150203705,0.16030000150203705,0.16030000150203705,0.16030000150203705,1074.0
2024-04-24 11:04:00,WLDS,0.47999998927116394,0.47999998927116394,0.47999998927116394,0.47999998927116394,0.47999998927116394,900.0
2024-04-24 11:04:00,WMG,32.125,32.125,32.125,32.125,32.125,1124.0
2024-04-24 11:04:00,WSBC,28.104999542236328,28.104999542236328,28.104999542236328,28.104999542236328,28.104999542236328,448.0
2024-04-24 11:04:00,WSBF,11.699999809265137,11.699999809265137,11.699999809265137,11.699999809265137,11.699999809265137,173.0
2024-04-24 11:04:00,WSC,37.650001525878906,37.650001525878906,37.650001525878906,37.650001525878906,37.650001525878906,1594.0
2024-04-24 11:04:00,WSFS,44.220001220703125,44.220001220703125,44.220001220703125,44.189998626708984,44.209999084472656,1111.0
2024-04-24 11:04:00,WTW,263.9800109863281,263.9800109863281,263.9800109863281,263.760009765625,263.760009765625,849.0
2024-04-24 11:04:00,WVE,5.090000152587891,5.090000152587891,5.090000152587891,5.079999923706055,5.079999923706055,947.0
2024-04-24 11:04:00,WW,1.6749999523162842,1.6749999523162842,1.6749999523162842,1.6749999523162842,1.6749999523162842,1033.0
2024-04-24 11:04:00,WYNN,96.81500244140625,96.81500244140625,96.83000183105469,96.79499816894531,96.79499816894531,1997.0
2024-04-24 11:04:00,XEL,55.19499969482422,55.19499969482422,55.19499969482422,55.15999984741211,55.16999816894531,3503.0
2024-04-24 11:04:00,XFOR,1.2599999904632568,1.2599999904632568,1.2699999809265137,1.2599999904632568,1.2699999809265137,5128.0
2024-04-24 11:04:00,XMTR,16.774999618530273,16.774999618530273,16.780000686645508,16.774999618530273,16.780000686645508,391.0
2024-04-24 11:04:00,XNCR,18.135000228881836,18.135000228881836,18.135000228881836,18.079999923706055,18.079999923706055,746.0
2024-04-24 11:04:00,XP,20.264999389648438,20.264999389648438,20.264999389648438,20.239999771118164,20.260000228881836,29141.0
2024-04-24 11:04:00,XRX,14.479999542236328,14.479999542236328,14.494999885559082,14.470000267028809,14.470000267028809,13353.0
2024-04-24 11:04:00,XWEL,1.659999966621399,1.659999966621399,1.659999966621399,1.659999966621399,1.659999966621399,700.0
2024-04-24 11:04:00,XXII,1.783400058746338,1.783400058746338,1.7899999618530273,1.783400058746338,1.7861000299453735,1695.0
2024-04-24 11:04:00,Z,43.380001068115234,43.380001068115234,43.40999984741211,43.334999084472656,43.334999084472656,11921.0
2024-04-24 11:04:00,ZBRA,276.2974853515625,276.2974853515625,276.2974853515625,276.2974853515625,276.2974853515625,1032.0
2024-04-24 11:04:00,ZD,51.5099983215332,51.5099983215332,51.5099983215332,51.5099983215332,51.5099983215332,793.0
2024-04-24 11:04:00,ZG,42.81999969482422,42.81999969482422,42.81999969482422,42.779998779296875,42.779998779296875,3680.0
2024-04-24 11:04:00,ZI,15.770000457763672,15.770000457763672,15.789999961853027,15.770000457763672,15.789999961853027,5916.0
2024-04-24 11:04:00,ZION,41.849998474121094,41.849998474121094,41.869998931884766,41.849998474121094,41.86000061035156,3890.0
2024-04-24 11:04:00,ZLAB,15.75,15.75,15.75,15.71500015258789,15.725000381469727,1657.0
2024-04-24 11:04:00,ZM,61.11000061035156,61.11000061035156,61.17499923706055,61.11000061035156,61.16999816894531,8732.0
2024-04-24 11:04:00,ZS,178.27000427246094,178.27000427246094,178.6699981689453,178.27000427246094,178.6699981689453,4825.0
2024-04-24 11:04:00,ZURA,3.190000057220459,3.190000057220459,3.190000057220459,3.1623001098632812,3.1700000762939453,3012.0
2024-04-24 11:04:00,ZVSA,0.5766000151634216,0.5766000151634216,0.5766000151634216,0.5766000151634216,0.5766000151634216,591.0
2024-04-24 11:05:00,COCO,24.020000457763672,24.020000457763672,24.219999313354492,24.0,24.15999984741211,19712.0
2024-04-24 11:05:00,DIBS,5.360000133514404,5.360000133514404,5.360000133514404,5.360000133514404,5.360000133514404,434.0
2024-04-24 11:05:00,EGHT,2.2850000858306885,2.2850000858306885,2.2850000858306885,2.2850000858306885,2.2850000858306885,300.0
2024-04-24 11:05:00,ETNB,8.739999771118164,8.739999771118164,8.739999771118164,8.739999771118164,8.739999771118164,296.0
2024-04-24 11:05:00,FDMT,24.5,24.5,24.514999389648438,24.450000762939453,24.510000228881836,1933.0
2024-04-24 11:05:00,FREE,4.820000171661377,4.820000171661377,4.820000171661377,4.820000171661377,4.820000171661377,100.0
2024-04-24 11:05:00,HOWL,6.28000020980835,6.28000020980835,6.28000020980835,6.269999980926514,6.28000020980835,2164.0
2024-04-24 11:05:00,MASS,5.570000171661377,5.570000171661377,5.570000171661377,5.570000171661377,5.570000171661377,238.0
2024-04-24 11:05:00,ME,0.483599990606308,0.483599990606308,0.483599990606308,0.483599990606308,0.483599990606308,2000.0
2024-04-24 11:05:00,SCWO,1.3200000524520874,1.3200000524520874,1.3200000524520874,1.3200000524520874,1.3200000524520874,1123.0
2024-04-24 11:05:00,TSVT,4.380000114440918,4.380000114440918,4.380000114440918,4.380000114440918,4.380000114440918,210.0
2024-04-24 11:05:00,TWOU,0.23729999363422394,0.23729999363422394,0.23800000548362732,0.23729999363422394,0.23800000548362732,5599.0
2024-04-24 11:05:00,TXG,26.9950008392334,26.9950008392334,27.040000915527344,26.9950008392334,27.040000915527344,4082.0
2024-04-24 11:05:00,VC,110.54000091552734,110.54000091552734,110.54000091552734,110.52999877929688,110.52999877929688,614.0
2024-04-24 11:05:00,VCTR,49.494998931884766,49.494998931884766,49.5,49.494998931884766,49.5,1077.0
2024-04-24 11:05:00,VERU,1.3203999996185303,1.3203999996185303,1.3203999996185303,1.3200000524520874,1.3200000524520874,5243.0
2024-04-24 11:05:00,VERX,29.2549991607666,29.2549991607666,29.280000686645508,29.2450008392334,29.2450008392334,2188.0
2024-04-24 11:05:00,VFS,2.4649999141693115,2.4649999141693115,2.4649999141693115,2.4649999141693115,2.4649999141693115,910.0
2024-04-24 11:05:00,VIAV,7.900000095367432,7.900000095367432,7.900000095367432,7.889999866485596,7.889999866485596,7108.0
2024-04-24 11:05:00,VICR,33.52000045776367,33.52000045776367,33.52989959716797,33.52000045776367,33.52989959716797,910.0
2024-04-24 11:05:00,VIOT,0.5598000288009644,0.5598000288009644,0.5637000203132629,0.5598000288009644,0.5636000037193298,3689.0
2024-04-24 11:05:00,VIRT,22.299999237060547,22.299999237060547,22.31999969482422,22.299999237060547,22.31999969482422,1082.0
2024-04-24 11:05:00,VITL,27.07710075378418,27.07710075378418,27.09000015258789,27.049999237060547,27.06999969482422,2177.0
2024-04-24 11:05:00,VKTX,65.70999908447266,65.70999908447266,65.87000274658203,65.69000244140625,65.83999633789062,3619.0
2024-04-24 11:05:00,VMEO,3.5350000858306885,3.5350000858306885,3.5390000343322754,3.5350000858306885,3.5390000343322754,1206.0
2024-04-24 11:05:00,VNOM,40.06999969482422,40.06999969482422,40.06999969482422,40.06999969482422,40.06999969482422,1147.0
2024-04-24 11:05:00,VOD,8.555000305175781,8.555000305175781,8.555000305175781,8.55459976196289,8.55459976196289,6511.0
2024-04-24 11:05:00,VRDN,13.630000114440918,13.630000114440918,13.630000114440918,13.630000114440918,13.630000114440918,787.0
2024-04-24 11:05:00,VRNA,15.5,15.5,15.5,15.5,15.5,340.0
2024-04-24 11:05:00,VRRM,24.389999389648438,24.389999389648438,24.389999389648438,24.389999389648438,24.389999389648438,147.0
2024-04-24 11:05:00,VSAT,16.139999389648438,16.139999389648438,16.15999984741211,16.139999389648438,16.15999984741211,1194.0
2024-04-24 11:05:00,VTNR,1.5693999528884888,1.5693999528884888,1.5699000358581543,1.5612000226974487,1.5699000358581543,0.0
2024-04-24 11:05:00,VTRS,11.369999885559082,11.369999885559082,11.369999885559082,11.369999885559082,11.369999885559082,2381.0
2024-04-24 11:05:00,VUZI,1.315000057220459,1.315000057220459,1.315000057220459,1.315000057220459,1.315000057220459,654.0
2024-04-24 11:05:00,VWE,0.25999999046325684,0.25999999046325684,0.25999999046325684,0.257999986410141,0.25999999046325684,2048.0
2024-04-24 11:05:00,WAFD,27.709999084472656,27.709999084472656,27.709999084472656,27.709999084472656,27.709999084472656,451.0
2024-04-24 11:05:00,WB,8.3149995803833,8.3149995803833,8.3149995803833,8.3149995803833,8.3149995803833,432.0
2024-04-24 11:05:00,WBA,17.704999923706055,17.704999923706055,17.709999084472656,17.690000534057617,17.69499969482422,20160.0
2024-04-24 11:05:00,WBD,8.28499984741211,8.28499984741211,8.300000190734863,8.279999732971191,8.289999961853027,82863.0
2024-04-24 11:05:00,WDAY,255.32000732421875,255.32000732421875,255.52499389648438,255.32000732421875,255.39999389648438,2520.0
2024-04-24 11:05:00,WDC,68.4749984741211,68.4749984741211,68.5,68.4030990600586,68.41000366210938,10638.0
2024-04-24 11:05:00,WEN,19.924999237060547,19.924999237060547,19.924999237060547,19.920000076293945,19.924999237060547,900.0
2024-04-24 11:05:00,WERN,35.345001220703125,35.345001220703125,35.345001220703125,35.345001220703125,35.345001220703125,215.0
2024-04-24 11:05:00,WFRD,123.30999755859375,123.30999755859375,124.06500244140625,123.0,123.88999938964844,5943.0
2024-04-24 11:05:00,WHFCL,25.059999465942383,25.059999465942383,25.059999465942383,25.059999465942383,25.059999465942383,358.0
2024-04-24 11:05:00,WHLM,6.390100002288818,6.390100002288818,6.429999828338623,6.389999866485596,6.421999931335449,8867.0
2024-04-24 11:05:00,WIMI,0.8996999859809875,0.8996999859809875,0.8996999859809875,0.8822000026702881,0.8822000026702881,12953.0
2024-04-24 11:05:00,WISA,6.22160005569458,6.22160005569458,6.25,6.140900135040283,6.140900135040283,41500.0
2024-04-24 11:05:00,WIX,123.68000030517578,123.68000030517578,123.68000030517578,123.68000030517578,123.68000030517578,618.0
2024-04-24 11:05:00,WKHS,0.1599999964237213,0.1599999964237213,0.16009999811649323,0.15970000624656677,0.15970000624656677,43408.0
2024-04-24 11:05:00,WKSP,0.3700000047683716,0.3700000047683716,0.3700000047683716,0.3698999881744385,0.3700000047683716,1235.0
2024-04-24 11:05:00,WMG,32.1150016784668,32.1150016784668,32.119998931884766,32.11000061035156,32.119998931884766,699.0
2024-04-24 11:05:00,WSC,37.650001525878906,37.650001525878906,37.68439865112305,37.650001525878906,37.67499923706055,1410.0
2024-04-24 11:05:00,WSFS,44.21500015258789,44.21500015258789,44.21500015258789,44.21500015258789,44.21500015258789,233.0
2024-04-24 11:05:00,WTFCM,23.81999969482422,23.81999969482422,23.81999969482422,23.81999969482422,23.81999969482422,296.0
2024-04-24 11:05:00,WTW,263.9800109863281,263.9800109863281,263.9800109863281,263.9800109863281,263.9800109863281,284.0
2024-04-24 11:05:00,WVE,5.079999923706055,5.079999923706055,5.079999923706055,5.079999923706055,5.079999923706055,118.0
2024-04-24 11:05:00,WW,1.6749999523162842,1.6749999523162842,1.6785000562667847,1.6749999523162842,1.6785000562667847,8977.0
2024-04-24 11:05:00,WWD,149.1649932861328,149.1649932861328,149.1649932861328,149.1649932861328,149.1649932861328,252.0
2024-04-24 11:05:00,WYNN,96.80000305175781,96.80000305175781,96.80000305175781,96.77999877929688,96.80000305175781,2660.0
2024-04-24 11:05:00,XEL,55.150001525878906,55.150001525878906,55.21500015258789,55.13999938964844,55.21500015258789,4271.0
2024-04-24 11:05:00,XENE,40.5099983215332,40.5099983215332,40.68000030517578,40.5,40.68000030517578,2962.0
2024-04-24 11:05:00,XFOR,1.2699999809265137,1.2699999809265137,1.2699999809265137,1.2699999809265137,1.2699999809265137,1704.0
2024-04-24 11:05:00,XLO,1.0700000524520874,1.0700000524520874,1.090000033378601,1.0700000524520874,1.0700000524520874,29062.0
2024-04-24 11:05:00,XMTR,16.760000228881836,16.760000228881836,16.760000228881836,16.760000228881836,16.760000228881836,1155.0
2024-04-24 11:05:00,XNCR,18.100000381469727,18.100000381469727,18.100000381469727,18.100000381469727,18.100000381469727,219.0
2024-04-24 11:05:00,XP,20.28499984741211,20.28499984741211,20.28499984741211,20.2549991607666,20.2549991607666,23167.0
2024-04-24 11:05:00,XRX,14.425000190734863,14.425000190734863,14.470000267028809,14.40999984741211,14.470000267028809,15504.0
2024-04-24 11:05:00,XWEL,1.6050000190734863,1.6050000190734863,1.6050000190734863,1.6050000190734863,1.6050000190734863,798.0
2024-04-24 11:05:00,XXII,1.819700002670288,1.819700002670288,1.8200000524520874,1.7899999618530273,1.7949999570846558,60706.0
2024-04-24 11:05:00,YTEN,0.23999999463558197,0.23999999463558197,0.23999999463558197,0.23100000619888306,0.2393999993801117,29151.0
2024-04-24 11:05:00,Z,43.459999084472656,43.459999084472656,43.459999084472656,43.380001068115234,43.380001068115234,2378.0
2024-04-24 11:05:00,ZCMD,1.6799999475479126,1.6799999475479126,1.6799999475479126,1.6799999475479126,1.6799999475479126,221.0
2024-04-24 11:05:00,ZD,51.45500183105469,51.45500183105469,51.45500183105469,51.45500183105469,51.45500183105469,369.0
2024-04-24 11:05:00,ZG,42.900001525878906,42.900001525878906,42.900001525878906,42.83000183105469,42.83000183105469,2369.0
2024-04-24 11:05:00,ZI,15.78499984741211,15.78499984741211,15.78499984741211,15.760000228881836,15.760000228881836,6147.0
2024-04-24 11:05:00,ZION,41.86000061035156,41.86000061035156,41.875,41.86000061035156,41.875,2117.0
2024-04-24 11:05:00,ZLAB,15.734999656677246,15.734999656677246,15.765000343322754,15.729999542236328,15.755000114440918,1508.0
2024-04-24 11:05:00,ZM,61.17499923706055,61.17499923706055,61.185001373291016,61.130001068115234,61.130001068115234,13149.0
2024-04-24 11:05:00,ZS,178.2899932861328,178.2899932861328,178.49000549316406,178.27999877929688,178.34170532226562,14620.0
2024-04-24 11:05:00,ZYME,8.59000015258789,8.59000015258789,8.59000015258789,8.59000015258789,8.59000015258789,244.0
2024-04-24 11:05:00,ZYXI,11.34000015258789,11.34000015258789,11.34000015258789,11.34000015258789,11.34000015258789,866.0
2024-04-24 11:06:00,COCO,23.989999771118164,23.989999771118164,23.989999771118164,23.989999771118164,23.989999771118164,386.0
2024-04-24 11:06:00,DIBS,5.360000133514404,5.360000133514404,5.360000133514404,5.360000133514404,5.360000133514404,879.0
2024-04-24 11:06:00,DSP,8.781399726867676,8.781399726867676,8.781399726867676,8.779999732971191,8.779999732971191,621.0
2024-04-24 11:06:00,EGHT,2.2850000858306885,2.2850000858306885,2.2850000858306885,2.2850000858306885,2.2850000858306885,700.0
2024-04-24 11:06:00,MASS,5.559999942779541,5.559999942779541,5.559999942779541,5.559999942779541,5.559999942779541,149.0
2024-04-24 11:06:00,ME,0.4855000078678131,0.4855000078678131,0.4855000078678131,0.4855000078678131,0.4855000078678131,0.0
2024-04-24 11:06:00,SEAT,5.804999828338623,5.804999828338623,5.809999942779541,5.800000190734863,5.804999828338623,33785.0
2024-04-24 11:06:00,TSVT,4.369999885559082,4.369999885559082,4.381800174713135,4.369999885559082,4.380000114440918,8251.0
2024-04-24 11:06:00,TWOU,0.23690000176429749,0.23690000176429749,0.23690000176429749,0.23690000176429749,0.23690000176429749,1421.0
2024-04-24 11:06:00,TXG,27.040000915527344,27.040000915527344,27.059999465942383,26.989999771118164,27.0,5473.0
2024-04-24 11:06:00,VC,110.56999969482422,110.56999969482422,110.56999969482422,110.56999969482422,110.56999969482422,211.0
2024-04-24 11:06:00,VERV,6.75,6.75,6.75,6.75,6.75,446.0
2024-04-24 11:06:00,VERX,29.350000381469727,29.350000381469727,29.3700008392334,29.2549991607666,29.2549991607666,3277.0
2024-04-24 11:06:00,VFF,1.3499000072479248,1.3499000072479248,1.3499000072479248,1.3499000072479248,1.3499000072479248,1038.0
2024-04-24 11:06:00,VFS,2.4600000381469727,2.4600000381469727,2.469599962234497,2.4600000381469727,2.4695000648498535,6829.0
2024-04-24 11:06:00,VIAV,7.900000095367432,7.900000095367432,7.900000095367432,7.900000095367432,7.900000095367432,1748.0
2024-04-24 11:06:00,VICR,33.369998931884766,33.369998931884766,33.369998931884766,33.369998931884766,33.369998931884766,263.0
2024-04-24 11:06:00,VIRC,10.670000076293945,10.670000076293945,10.670000076293945,10.649999618530273,10.649999618530273,464.0
2024-04-24 11:06:00,VIRT,22.309999465942383,22.309999465942383,22.350000381469727,22.290000915527344,22.290000915527344,9152.0
2024-04-24 11:06:00,VITL,27.059999465942383,27.059999465942383,27.059999465942383,27.059999465942383,27.059999465942383,530.0
2024-04-24 11:06:00,VIVK,1.5782999992370605,1.5782999992370605,1.5782999992370605,1.5516999959945679,1.559999942779541,300.0
2024-04-24 11:06:00,VKTX,65.58000183105469,65.58000183105469,65.5999984741211,65.5,65.5999984741211,1673.0
2024-04-24 11:06:00,VLCN,0.25699999928474426,0.25699999928474426,0.2630000114440918,0.25699999928474426,0.2630000114440918,14336.0
2024-04-24 11:06:00,VMEO,3.5350000858306885,3.5350000858306885,3.5350000858306885,3.5350000858306885,3.5350000858306885,7436.0
2024-04-24 11:06:00,VOD,8.555000305175781,8.555000305175781,8.5600004196167,8.550299644470215,8.555000305175781,5569.0
2024-04-24 11:06:00,VRCA,6.75,6.75,6.75,6.75,6.75,670.0
2024-04-24 11:06:00,VRDN,13.670000076293945,13.670000076293945,13.670000076293945,13.65999984741211,13.65999984741211,1335.0
2024-04-24 11:06:00,VRTX,400.2799987792969,400.2799987792969,400.5199890136719,400.2799987792969,400.5199890136719,1667.0
2024-04-24 11:06:00,VSAT,16.200000762939453,16.200000762939453,16.200000762939453,16.15999984741211,16.15999984741211,2674.0
2024-04-24 11:06:00,VTNR,1.565000057220459,1.565000057220459,1.5693999528884888,1.565000057220459,1.5693999528884888,16806.0
2024-04-24 11:06:00,VTRS,11.364999771118164,11.364999771118164,11.369999885559082,11.364999771118164,11.369999885559082,1253.0
2024-04-24 11:06:00,VUZI,1.309999942779541,1.309999942779541,1.309999942779541,1.309999942779541,1.309999942779541,80.0
2024-04-24 11:06:00,VVPR,3.609999895095825,3.609999895095825,3.609999895095825,3.609999895095825,3.609999895095825,1627.0
2024-04-24 11:06:00,WALD,5.244999885559082,5.244999885559082,5.244999885559082,5.244999885559082,5.244999885559082,662.0
2024-04-24 11:06:00,WB,8.319999694824219,8.319999694824219,8.324999809265137,8.319999694824219,8.319999694824219,4521.0
2024-04-24 11:06:00,WBA,17.715099334716797,17.715099334716797,17.719999313354492,17.704999923706055,17.704999923706055,16018.0
2024-04-24 11:06:00,WBD,8.289999961853027,8.289999961853027,8.295000076293945,8.279999732971191,8.28499984741211,78276.0
2024-04-24 11:06:00,WDAY,255.38999938964844,255.38999938964844,255.38999938964844,255.3300018310547,255.3300018310547,1456.0
2024-04-24 11:06:00,WDC,68.51280212402344,68.51280212402344,68.55999755859375,68.4749984741211,68.4749984741211,5042.0
2024-04-24 11:06:00,WEN,19.920000076293945,19.920000076293945,19.924999237060547,19.915000915527344,19.924999237060547,4884.0
2024-04-24 11:06:00,WFRD,123.26499938964844,123.26499938964844,123.52999877929688,123.26499938964844,123.52999877929688,1579.0
2024-04-24 11:06:00,WHLM,6.356900215148926,6.356900215148926,6.409999847412109,6.300000190734863,6.409999847412109,7112.0
2024-04-24 11:06:00,WIMI,0.897599995136261,0.897599995136261,0.8998000025749207,0.897599995136261,0.8998000025749207,713.0
2024-04-24 11:06:00,WISA,6.269999980926514,6.269999980926514,6.294000148773193,6.23799991607666,6.25,19884.0
2024-04-24 11:06:00,WIX,123.80000305175781,123.80000305175781,123.80000305175781,123.80000305175781,123.80000305175781,309.0
2024-04-24 11:06:00,WKHS,0.15960000455379486,0.15960000455379486,0.16009999811649323,0.15960000455379486,0.16009999811649323,14512.0
2024-04-24 11:06:00,WMG,32.060001373291016,32.060001373291016,32.119998931884766,32.060001373291016,32.119998931884766,4298.0
2024-04-24 11:06:00,WRAP,1.9950000047683716,1.9950000047683716,1.9950000047683716,1.9950000047683716,1.9950000047683716,256.0
2024-04-24 11:06:00,WSBF,11.720000267028809,11.720000267028809,11.720000267028809,11.710000038146973,11.710000038146973,1204.0
2024-04-24 11:06:00,WSC,37.63999938964844,37.63999938964844,37.65999984741211,37.6349983215332,37.65999984741211,1850.0
2024-04-24 11:06:00,WWD,149.19500732421875,149.19500732421875,149.19500732421875,149.19500732421875,149.19500732421875,357.0
2024-04-24 11:06:00,WYNN,96.87999725341797,96.87999725341797,96.87999725341797,96.7300033569336,96.79000091552734,4353.0
2024-04-24 11:06:00,XEL,55.099998474121094,55.099998474121094,55.13999938964844,55.09000015258789,55.1349983215332,4582.0
2024-04-24 11:06:00,XENE,40.5099983215332,40.5099983215332,40.5099983215332,40.470001220703125,40.47999954223633,1061.0
2024-04-24 11:06:00,XERS,1.7599999904632568,1.7599999904632568,1.7599999904632568,1.7599999904632568,1.7599999904632568,5000.0
2024-04-24 11:06:00,XFOR,1.26010000705719,1.26010000705719,1.26010000705719,1.26010000705719,1.26010000705719,5420.0
2024-04-24 11:06:00,XLO,1.090000033378601,1.090000033378601,1.090000033378601,1.090000033378601,1.090000033378601,56555.0
2024-04-24 11:06:00,XMTR,16.760000228881836,16.760000228881836,16.760000228881836,16.760000228881836,16.760000228881836,468.0
2024-04-24 11:06:00,XP,20.270000457763672,20.270000457763672,20.295000076293945,20.270000457763672,20.28499984741211,11583.0
2024-04-24 11:06:00,XRX,14.40999984741211,14.40999984741211,14.4399995803833,14.40999984741211,14.425000190734863,8921.0
2024-04-24 11:06:00,XWEL,1.590000033378601,1.590000033378601,1.590000033378601,1.590000033378601,1.590000033378601,0.0
2024-04-24 11:06:00,XXII,1.809999942779541,1.809999942779541,1.8300000429153442,1.7999999523162842,1.8199000358581543,27710.0
2024-04-24 11:06:00,YTEN,0.25999999046325684,0.25999999046325684,0.25999999046325684,0.25999999046325684,0.25999999046325684,2105.0
2024-04-24 11:06:00,Z,43.52000045776367,43.52000045776367,43.540000915527344,43.47999954223633,43.47999954223633,3512.0
2024-04-24 11:06:00,ZCMD,1.659999966621399,1.659999966621399,1.659999966621399,1.659999966621399,1.659999966621399,570.0
2024-04-24 11:06:00,ZI,15.789999961853027,15.789999961853027,15.789999961853027,15.789999961853027,15.789999961853027,630.0
2024-04-24 11:06:00,ZIMV,15.770000457763672,15.770000457763672,15.770000457763672,15.770000457763672,15.770000457763672,309.0
2024-04-24 11:06:00,ZION,41.875,41.875,41.88999938964844,41.875,41.88999938964844,1794.0
2024-04-24 11:06:00,ZLAB,15.744999885559082,15.744999885559082,15.744999885559082,15.744999885559082,15.744999885559082,547.0
2024-04-24 11:06:00,ZM,61.16999816894531,61.16999816894531,61.20000076293945,61.16999816894531,61.18000030517578,9093.0
2024-04-24 11:06:00,ZS,178.25999450683594,178.25999450683594,178.5198974609375,178.25999450683594,178.2899932861328,1400.0
2024-04-24 11:06:00,ZYME,8.600000381469727,8.600000381469727,8.600000381469727,8.600000381469727,8.600000381469727,587.0
2024-04-24 11:07:00,DIBS,5.360000133514404,5.360000133514404,5.360000133514404,5.360000133514404,5.360000133514404,784.0
2024-04-24 11:07:00,DSP,8.78499984741211,8.78499984741211,8.78499984741211,8.78499984741211,8.78499984741211,398.0
2024-04-24 11:07:00,EGHT,2.2850000858306885,2.2850000858306885,2.2850000858306885,2.2850000858306885,2.2850000858306885,126.0
2024-04-24 11:07:00,ETNB,8.760000228881836,8.760000228881836,8.760000228881836,8.760000228881836,8.760000228881836,907.0
2024-04-24 11:07:00,FDMT,24.700000762939453,24.700000762939453,24.700000762939453,24.65999984741211,24.65999984741211,1333.0
2024-04-24 11:07:00,JFU,3.373500108718872,3.373500108718872,3.373500108718872,3.373500108718872,3.373500108718872,247.0
2024-04-24 11:07:00,MAPS,1.090000033378601,1.090000033378601,1.090000033378601,1.090000033378601,1.090000033378601,0.0
2024-04-24 11:07:00,ME,0.48500001430511475,0.48500001430511475,0.48500001430511475,0.48170000314712524,0.48170000314712524,1415.0
2024-04-24 11:07:00,PET,2.2399001121520996,2.2399001121520996,2.240000009536743,2.2399001121520996,2.240000009536743,0.0
2024-04-24 11:07:00,SXTP,0.25,0.25,0.25,0.25,0.25,6447.0
2024-04-24 11:07:00,TXG,27.06999969482422,27.06999969482422,27.100000381469727,27.065000534057617,27.065000534057617,4105.0
2024-04-24 11:07:00,VC,110.61000061035156,110.61000061035156,110.61000061035156,110.5999984741211,110.5999984741211,1106.0
2024-04-24 11:07:00,VERU,1.3285000324249268,1.3285000324249268,1.3285000324249268,1.3200000524520874,1.3200000524520874,2636.0
2024-04-24 11:07:00,VERV,6.760000228881836,6.760000228881836,6.760000228881836,6.760000228881836,6.760000228881836,866.0
2024-04-24 11:07:00,VERX,29.309999465942383,29.309999465942383,29.329999923706055,29.299999237060547,29.329999923706055,3532.0
2024-04-24 11:07:00,VFS,2.4700000286102295,2.4700000286102295,2.4749999046325684,2.4649999141693115,2.4649999141693115,10269.0
2024-04-24 11:07:00,VIR,8.121500015258789,8.121500015258789,8.125,8.119999885559082,8.119999885559082,1571.0
2024-04-24 11:07:00,VIRI,0.44999998807907104,0.44999998807907104,0.44999998807907104,0.44999998807907104,0.44999998807907104,446.0
2024-04-24 11:07:00,VIRT,22.299999237060547,22.299999237060547,22.299999237060547,22.290000915527344,22.290000915527344,1241.0
2024-04-24 11:07:00,VITL,27.05500030517578,27.05500030517578,27.05500030517578,27.05500030517578,27.05500030517578,504.0
2024-04-24 11:07:00,VIVK,1.5449999570846558,1.5449999570846558,1.5799000263214111,1.51010000705719,1.544800043106079,500.0
2024-04-24 11:07:00,VKTX,65.41999816894531,65.41999816894531,65.80000305175781,65.41999816894531,65.69999694824219,5515.0
2024-04-24 11:07:00,VLCN,0.2590999901294708,0.2590999901294708,0.2590999901294708,0.2590999901294708,0.2590999901294708,7700.0
2024-04-24 11:07:00,VNOM,40.01499938964844,40.01499938964844,40.025001525878906,40.01499938964844,40.025001525878906,555.0
2024-04-24 11:07:00,VOD,8.555000305175781,8.555000305175781,8.555000305175781,8.555000305175781,8.555000305175781,357.0
2024-04-24 11:07:00,VOR,1.7599999904632568,1.7599999904632568,1.7599999904632568,1.7599999904632568,1.7599999904632568,2001.0
2024-04-24 11:07:00,VOXR,2.0399999618530273,2.0399999618530273,2.0399999618530273,2.0399999618530273,2.0399999618530273,900.0
2024-04-24 11:07:00,VRDN,13.670000076293945,13.670000076293945,13.670000076293945,13.65999984741211,13.65999984741211,525.0
2024-04-24 11:07:00,VRRM,24.360000610351562,24.360000610351562,24.395000457763672,24.354999542236328,24.395000457763672,3628.0
2024-04-24 11:07:00,VRTX,400.5199890136719,400.5199890136719,400.5199890136719,400.1600036621094,400.1700134277344,1256.0
2024-04-24 11:07:00,VSAT,16.219999313354492,16.219999313354492,16.219999313354492,16.180299758911133,16.19499969482422,1884.0
2024-04-24 11:07:00,VSEC,78.5,78.5,78.5,78.48999786376953,78.48999786376953,584.0
2024-04-24 11:07:00,VTNR,1.565000057220459,1.565000057220459,1.5699000358581543,1.565000057220459,1.5699000358581543,3204.0
2024-04-24 11:07:00,VTRS,11.369999885559082,11.369999885559082,11.369999885559082,11.364999771118164,11.369999885559082,1751.0
2024-04-24 11:07:00,VUZI,1.3115999698638916,1.3115999698638916,1.315000057220459,1.309999942779541,1.309999942779541,3075.0
2024-04-24 11:07:00,WAFD,27.729999542236328,27.729999542236328,27.729999542236328,27.729999542236328,27.729999542236328,796.0
2024-04-24 11:07:00,WBA,17.704999923706055,17.704999923706055,17.719999313354492,17.703800201416016,17.719999313354492,19196.0
2024-04-24 11:07:00,WBD,8.28499984741211,8.28499984741211,8.289999961853027,8.279999732971191,8.28499984741211,26415.0
2024-04-24 11:07:00,WDAY,255.08999633789062,255.08999633789062,255.17999267578125,255.08999633789062,255.17999267578125,1310.0
2024-04-24 11:07:00,WDC,68.51000213623047,68.51000213623047,68.56999969482422,68.51000213623047,68.55000305175781,13024.0
2024-04-24 11:07:00,WEN,19.924999237060547,19.924999237060547,19.924999237060547,19.920000076293945,19.924999237060547,802.0
2024-04-24 11:07:00,WERN,35.34000015258789,35.34000015258789,35.34000015258789,35.34000015258789,35.34000015258789,1179.0
2024-04-24 11:07:00,WFRD,123.18000030517578,123.18000030517578,123.22560119628906,123.18000030517578,123.22560119628906,645.0
2024-04-24 11:07:00,WHLM,6.360000133514404,6.360000133514404,6.419899940490723,6.360000133514404,6.36359977722168,1605.0
2024-04-24 11:07:00,WIMI,0.8999000191688538,0.8999000191688538,0.8999000191688538,0.8998000025749207,0.8999000191688538,2348.0
2024-04-24 11:07:00,WING,362.44000244140625,362.44000244140625,362.44000244140625,362.44000244140625,362.44000244140625,160.0
2024-04-24 11:07:00,WISA,6.21999979019165,6.21999979019165,6.289999961853027,6.21999979019165,6.269999980926514,11053.0
2024-04-24 11:07:00,WIX,123.38459777832031,123.38459777832031,123.62000274658203,123.31999969482422,123.62000274658203,1098.0
2024-04-24 11:07:00,WKHS,0.15970000624656677,0.15970000624656677,0.1597999930381775,0.15970000624656677,0.1597999930381775,26221.0
2024-04-24 11:07:00,WMG,32.04999923706055,32.04999923706055,32.064998626708984,32.04999923706055,32.064998626708984,1673.0
2024-04-24 11:07:00,WSBF,11.729999542236328,11.729999542236328,11.729999542236328,11.729999542236328,11.729999542236328,959.0
2024-04-24 11:07:00,WSC,37.63999938964844,37.63999938964844,37.63999938964844,37.63999938964844,37.63999938964844,767.0
2024-04-24 11:07:00,WTW,263.8599853515625,263.8599853515625,263.8599853515625,263.8599853515625,263.8599853515625,786.0
2024-04-24 11:07:00,WVE,5.079999923706055,5.079999923706055,5.090000152587891,5.079999923706055,5.090000152587891,2122.0
2024-04-24 11:07:00,WW,1.6799999475479126,1.6799999475479126,1.6799999475479126,1.6749999523162842,1.6749999523162842,16524.0
2024-04-24 11:07:00,WWD,149.25,149.25,149.25,149.19000244140625,149.19000244140625,1630.0
2024-04-24 11:07:00,WYNN,96.87999725341797,96.87999725341797,96.91999816894531,96.87999725341797,96.91999816894531,940.0
2024-04-24 11:07:00,XEL,55.1349983215332,55.1349983215332,55.1349983215332,55.10499954223633,55.109901428222656,3590.0
2024-04-24 11:07:00,XERS,1.7645000219345093,1.7645000219345093,1.7645000219345093,1.7645000219345093,1.7645000219345093,0.0
2024-04-24 11:07:00,XLO,1.090000033378601,1.090000033378601,1.090000033378601,1.090000033378601,1.090000033378601,610.0
2024-04-24 11:07:00,XMTR,16.75,16.75,16.75,16.75,16.75,237.0
2024-04-24 11:07:00,XNCR,18.125,18.125,18.125,18.125,18.125,413.0
2024-04-24 11:07:00,XP,20.290000915527344,20.290000915527344,20.290000915527344,20.274999618530273,20.274999618530273,10464.0
2024-04-24 11:07:00,XRX,14.420000076293945,14.420000076293945,14.420000076293945,14.395000457763672,14.399999618530273,78978.0
2024-04-24 11:07:00,XWEL,1.6299999952316284,1.6299999952316284,1.6299999952316284,1.597499966621399,1.597499966621399,1113.0
2024-04-24 11:07:00,XXII,1.8200000524520874,1.8200000524520874,1.8293999433517456,1.809999942779541,1.815000057220459,8118.0
2024-04-24 11:07:00,Z,43.459999084472656,43.459999084472656,43.529998779296875,43.459999084472656,43.529998779296875,3451.0
2024-04-24 11:07:00,ZD,51.494998931884766,51.494998931884766,51.529998779296875,51.494998931884766,51.5099983215332,1391.0
2024-04-24 11:07:00,ZI,15.795000076293945,15.795000076293945,15.805000305175781,15.795000076293945,15.795000076293945,1946.0
2024-04-24 11:07:00,ZION,41.93000030517578,41.93000030517578,41.94499969482422,41.86000061035156,41.869998931884766,17450.0
2024-04-24 11:07:00,ZLAB,15.779999732971191,15.779999732971191,15.779999732971191,15.75,15.770000457763672,1270.0
2024-04-24 11:07:00,ZM,61.14500045776367,61.14500045776367,61.16999816894531,61.1349983215332,61.16999816894531,2635.0
2024-04-24 11:07:00,ZNTL,12.329999923706055,12.329999923706055,12.329999923706055,12.329999923706055,12.329999923706055,874.0
2024-04-24 11:07:00,ZS,177.8300018310547,177.8300018310547,178.3249969482422,177.8300018310547,178.3249969482422,13560.0
2024-04-24 11:07:00,ZURA,3.2200000286102295,3.2200000286102295,3.2200000286102295,3.200000047683716,3.200000047683716,2903.0
2024-04-24 11:07:00,ZVSA,0.5766000151634216,0.5766000151634216,0.5766000151634216,0.5766000151634216,0.5766000151634216,2446.0
2024-04-24 11:07:00,ZYME,8.59000015258789,8.59000015258789,8.59000015258789,8.59000015258789,8.59000015258789,232.0
2024-04-24 11:08:00,COCO,23.90999984741211,23.90999984741211,23.90999984741211,23.90999984741211,23.90999984741211,282.0
2024-04-24 11:08:00,DIBS,5.360000133514404,5.360000133514404,5.380000114440918,5.360000133514404,5.380000114440918,4213.0
2024-04-24 11:08:00,DSP,8.795000076293945,8.795000076293945,8.795000076293945,8.795000076293945,8.795000076293945,436.0
2024-04-24 11:08:00,EGHT,2.2874999046325684,2.2874999046325684,2.2899999618530273,2.2850000858306885,2.2850000858306885,388.0
2024-04-24 11:08:00,ETNB,8.720000267028809,8.720000267028809,8.739999771118164,8.71500015258789,8.739999771118164,2455.0
2024-04-24 11:08:00,FEAM,1.1699999570846558,1.1699999570846558,1.1699999570846558,1.159999966621399,1.159999966621399,219.0
2024-04-24 11:08:00,FREE,4.809999942779541,4.809999942779541,4.820000171661377,4.809999942779541,4.820000171661377,300.0
2024-04-24 11:08:00,ME,0.48179998993873596,0.48179998993873596,0.48179998993873596,0.48179998993873596,0.48179998993873596,600.0
2024-04-24 11:08:00,SEAT,5.804999828338623,5.804999828338623,5.804999828338623,5.804999828338623,5.804999828338623,285.0
2024-04-24 11:08:00,TSVT,4.364999771118164,4.364999771118164,4.369999885559082,4.364999771118164,4.36899995803833,1881.0
2024-04-24 11:08:00,TWOU,0.23589999973773956,0.23589999973773956,0.23690000176429749,0.23589999973773956,0.23690000176429749,6371.0
2024-04-24 11:08:00,TXG,27.084999084472656,27.084999084472656,27.084999084472656,27.059999465942383,27.079999923706055,2683.0
2024-04-24 11:08:00,VERU,1.3200000524520874,1.3200000524520874,1.3200000524520874,1.3200000524520874,1.3200000524520874,1000.0
2024-04-24 11:08:00,VERV,6.760000228881836,6.760000228881836,6.760000228881836,6.760000228881836,6.760000228881836,1164.0
2024-04-24 11:08:00,VERX,29.135000228881836,29.135000228881836,29.31999969482422,29.09000015258789,29.31999969482422,58990.0
2024-04-24 11:08:00,VFF,1.350000023841858,1.350000023841858,1.350000023841858,1.320099949836731,1.320099949836731,2201.0
2024-04-24 11:08:00,VFS,2.4649999141693115,2.4649999141693115,2.4700000286102295,2.4600000381469727,2.4700000286102295,11119.0
2024-04-24 11:08:00,VIAV,7.90500020980835,7.90500020980835,7.90500020980835,7.90500020980835,7.90500020980835,257.0
2024-04-24 11:08:00,VICR,33.27000045776367,33.27000045776367,33.27000045776367,33.27000045776367,33.27000045776367,349.0
2024-04-24 11:08:00,VIR,8.125,8.125,8.125,8.125,8.125,520.0
2024-04-24 11:08:00,VIRT,22.299999237060547,22.299999237060547,22.350000381469727,22.299999237060547,22.31999969482422,9905.0
2024-04-24 11:08:00,VITL,27.0,27.0,27.030000686645508,27.0,27.030000686645508,1618.0
2024-04-24 11:08:00,VIVK,1.5788999795913696,1.5788999795913696,1.5788999795913696,1.5449999570846558,1.5601999759674072,2550.0
2024-04-24 11:08:00,VKTX,65.5198974609375,65.5198974609375,65.58989715576172,65.3301010131836,65.56950378417969,3110.0
2024-04-24 11:08:00,VLCN,0.25999999046325684,0.25999999046325684,0.25999999046325684,0.25850000977516174,0.25850000977516174,1748.0
2024-04-24 11:08:00,VMEO,3.5350000858306885,3.5350000858306885,3.5350000858306885,3.5350000858306885,3.5350000858306885,722.0
2024-04-24 11:08:00,VNOM,40.0,40.0,40.0,40.0,40.0,1570.0
2024-04-24 11:08:00,VOD,8.555000305175781,8.555000305175781,8.555000305175781,8.555000305175781,8.555000305175781,360.0
2024-04-24 11:08:00,VOR,1.7596999406814575,1.7596999406814575,1.7599999904632568,1.7549999952316284,1.7549999952316284,2376.0
2024-04-24 11:08:00,VRDN,13.65999984741211,13.65999984741211,13.65999984741211,13.65999984741211,13.65999984741211,826.0
2024-04-24 11:08:00,VRRM,24.364999771118164,24.364999771118164,24.364999771118164,24.360000610351562,24.360000610351562,1375.0
2024-04-24 11:08:00,VRTX,400.07501220703125,400.07501220703125,400.5199890136719,400.07501220703125,400.2950134277344,2303.0
2024-04-24 11:08:00,VSAT,16.21299934387207,16.21299934387207,16.219999313354492,16.21299934387207,16.219999313354492,470.0
2024-04-24 11:08:00,VTNR,1.565000057220459,1.565000057220459,1.5699000358581543,1.5615999698638916,1.5699000358581543,12922.0
2024-04-24 11:08:00,VTRS,11.369999885559082,11.369999885559082,11.369999885559082,11.364999771118164,11.369999885559082,2120.0
2024-04-24 11:08:00,VUZI,1.309999942779541,1.309999942779541,1.319700002670288,1.309999942779541,1.319700002670288,1100.0
2024-04-24 11:08:00,VWE,0.25999999046325684,0.25999999046325684,0.25999999046325684,0.25999999046325684,0.25999999046325684,267.0
2024-04-24 11:08:00,WB,8.324999809265137,8.324999809265137,8.324999809265137,8.319999694824219,8.319999694824219,1444.0
2024-04-24 11:08:00,WBA,17.709999084472656,17.709999084472656,17.71500015258789,17.709999084472656,17.709999084472656,4953.0
2024-04-24 11:08:00,WBD,8.289999961853027,8.289999961853027,8.289999961853027,8.283900260925293,8.28499984741211,118877.0
2024-04-24 11:08:00,WDAY,254.86500549316406,254.86500549316406,255.02000427246094,254.86500549316406,255.02000427246094,521.0
2024-04-24 11:08:00,WDC,68.3499984741211,68.3499984741211,68.5199966430664,68.33000183105469,68.5199966430664,8456.0
2024-04-24 11:08:00,WEN,19.920000076293945,19.920000076293945,19.920000076293945,19.920000076293945,19.920000076293945,2903.0
2024-04-24 11:08:00,WERN,35.314998626708984,35.314998626708984,35.314998626708984,35.314998626708984,35.314998626708984,443.0
2024-04-24 11:08:00,WFRD,122.56559753417969,122.56559753417969,123.05599975585938,122.23419952392578,123.0,2886.0
2024-04-24 11:08:00,WHLM,6.311100006103516,6.311100006103516,6.311100006103516,6.311100006103516,6.311100006103516,250.0
2024-04-24 11:08:00,WIMI,0.8801000118255615,0.8801000118255615,0.8901000022888184,0.8799999952316284,0.8901000022888184,15031.0
2024-04-24 11:08:00,WING,362.44000244140625,362.44000244140625,362.44000244140625,362.44000244140625,362.44000244140625,318.0
2024-04-24 11:08:00,WISA,6.175000190734863,6.175000190734863,6.239999771118164,6.150000095367432,6.235000133514404,26361.0
2024-04-24 11:08:00,WKHS,0.15960000455379486,0.15960000455379486,0.15960000455379486,0.15960000455379486,0.15960000455379486,1428.0
2024-04-24 11:08:00,WLDS,0.4799000024795532,0.4799000024795532,0.4799000024795532,0.4799000024795532,0.4799000024795532,224.0
2024-04-24 11:08:00,WMG,32.029998779296875,32.029998779296875,32.040000915527344,32.029998779296875,32.040000915527344,1625.0
2024-04-24 11:08:00,WSC,37.68000030517578,37.68000030517578,37.689998626708984,37.66999816894531,37.66999816894531,2794.0
2024-04-24 11:08:00,WSFS,44.244998931884766,44.244998931884766,44.244998931884766,44.244998931884766,44.244998931884766,299.0
2024-04-24 11:08:00,WTW,263.8599853515625,263.8599853515625,263.8599853515625,263.8599853515625,263.8599853515625,1305.0
2024-04-24 11:08:00,WYNN,96.97000122070312,96.97000122070312,96.97000122070312,96.91000366210938,96.91000366210938,1305.0
2024-04-24 11:08:00,XEL,55.125,55.125,55.150001525878906,55.125,55.130001068115234,3684.0
2024-04-24 11:08:00,XENE,40.470001220703125,40.470001220703125,40.470001220703125,40.470001220703125,40.470001220703125,538.0
2024-04-24 11:08:00,XMTR,16.740100860595703,16.740100860595703,16.740100860595703,16.740100860595703,16.740100860595703,387.0
2024-04-24 11:08:00,XOMA,25.799999237060547,25.799999237060547,25.799999237060547,25.799999237060547,25.799999237060547,190.0
2024-04-24 11:08:00,XP,20.260000228881836,20.260000228881836,20.290000915527344,20.260000228881836,20.28499984741211,10153.0
2024-04-24 11:08:00,XRX,14.46500015258789,14.46500015258789,14.470000267028809,14.420000076293945,14.420000076293945,44163.0
2024-04-24 11:08:00,XXII,1.8169000148773193,1.8169000148773193,1.8199000358581543,1.7999999523162842,1.809999942779541,8955.0
2024-04-24 11:08:00,YMAB,15.140000343322754,15.140000343322754,15.140000343322754,15.140000343322754,15.140000343322754,530.0
2024-04-24 11:08:00,Z,43.5,43.5,43.5,43.470001220703125,43.470001220703125,2667.0
2024-04-24 11:08:00,ZBRA,276.2699890136719,276.2699890136719,276.2699890136719,276.2699890136719,276.2699890136719,1739.0
2024-04-24 11:08:00,ZD,51.48500061035156,51.48500061035156,51.48500061035156,51.48500061035156,51.48500061035156,495.0
2024-04-24 11:08:00,ZI,15.78499984741211,15.78499984741211,15.789999961853027,15.78499984741211,15.789999961853027,4845.0
2024-04-24 11:08:00,ZIMV,15.779999732971191,15.779999732971191,15.779999732971191,15.779999732971191,15.779999732971191,582.0
2024-04-24 11:08:00,ZION,41.93000030517578,41.93000030517578,41.970001220703125,41.91999816894531,41.939998626708984,14292.0
2024-04-24 11:08:00,ZLAB,15.774999618530273,15.774999618530273,15.774999618530273,15.774999618530273,15.774999618530273,583.0
2024-04-24 11:08:00,ZM,61.13999938964844,61.13999938964844,61.15999984741211,61.130001068115234,61.150001525878906,8172.0
2024-04-24 11:08:00,ZNTL,12.260000228881836,12.260000228881836,12.260000228881836,12.260000228881836,12.260000228881836,250.0
2024-04-24 11:08:00,ZS,177.75999450683594,177.75999450683594,177.75999450683594,177.74000549316406,177.7550048828125,1123.0
2024-04-24 11:08:00,ZVSA,0.5766000151634216,0.5766000151634216,0.5766000151634216,0.5766000151634216,0.5766000151634216,351.0
2024-04-24 11:08:00,ZYME,8.579999923706055,8.579999923706055,8.586299896240234,8.579999923706055,8.586299896240234,101.0
2024-04-24 11:09:00,DIBS,5.360000133514404,5.360000133514404,5.360000133514404,5.360000133514404,5.360000133514404,301.0
2024-04-24 11:09:00,EGHT,2.2825000286102295,2.2825000286102295,2.2899999618530273,2.2825000286102295,2.2850000858306885,392.0
2024-04-24 11:09:00,ETNB,8.729999542236328,8.729999542236328,8.729999542236328,8.720000267028809,8.720000267028809,1073.0
2024-04-24 11:09:00,FREE,4.820000171661377,4.820000171661377,4.820000171661377,4.820000171661377,4.820000171661377,317.0
2024-04-24 11:09:00,MAPS,1.100000023841858,1.100000023841858,1.100000023841858,1.100000023841858,1.100000023841858,224.0
2024-04-24 11:09:00,MASS,5.610000133514404,5.610000133514404,5.610000133514404,5.610000133514404,5.610000133514404,200.0
2024-04-24 11:09:00,ME,0.48500001430511475,0.48500001430511475,0.48500001430511475,0.48339998722076416,0.48500001430511475,1786.0
2024-04-24 11:09:00,TSVT,4.375,4.375,4.375,4.375,4.375,1194.0
2024-04-24 11:09:00,TWOU,0.23549999296665192,0.23549999296665192,0.23559999465942383,0.23520000278949738,0.2354000061750412,4131.0
2024-04-24 11:09:00,TXG,27.100000381469727,27.100000381469727,27.100000381469727,27.06999969482422,27.079999923706055,2556.0
2024-04-24 11:09:00,VERU,1.3200000524520874,1.3200000524520874,1.3250000476837158,1.3200000524520874,1.3200000524520874,2107.0
2024-04-24 11:09:00,VERV,6.755000114440918,6.755000114440918,6.760000228881836,6.75,6.75,787.0
2024-04-24 11:09:00,VERX,29.135000228881836,29.135000228881836,29.18000030517578,29.100000381469727,29.18000030517578,68221.0
2024-04-24 11:09:00,VFF,1.3300000429153442,1.3300000429153442,1.350000023841858,1.3300000429153442,1.3350000381469727,2525.0
2024-04-24 11:09:00,VFS,2.4649999141693115,2.4649999141693115,2.4649999141693115,2.4649999141693115,2.4649999141693115,4141.0
2024-04-24 11:09:00,VIAV,7.900000095367432,7.900000095367432,7.90500020980835,7.900000095367432,7.90500020980835,1274.0
2024-04-24 11:09:00,VIR,8.119999885559082,8.119999885559082,8.119999885559082,8.095000267028809,8.114999771118164,4932.0
2024-04-24 11:09:00,VIRT,22.309999465942383,22.309999465942383,22.309999465942383,22.309999465942383,22.309999465942383,577.0
2024-04-24 11:09:00,VITL,27.0,27.0,27.0,27.0,27.0,238.0
2024-04-24 11:09:00,VIVK,1.5700000524520874,1.5700000524520874,1.5700000524520874,1.5700000524520874,1.5700000524520874,0.0
2024-04-24 11:09:00,VKTX,65.48670196533203,65.48670196533203,65.48670196533203,65.29000091552734,65.3499984741211,7360.0
2024-04-24 11:09:00,VLCN,0.25850000977516174,0.25850000977516174,0.25850000977516174,0.25850000977516174,0.25850000977516174,231.0
2024-04-24 11:09:00,VMEO,3.5350000858306885,3.5350000858306885,3.5350000858306885,3.5350000858306885,3.5350000858306885,262.0
2024-04-24 11:09:00,VNOM,40.0099983215332,40.0099983215332,40.0099983215332,40.0099983215332,40.0099983215332,842.0
2024-04-24 11:09:00,VOD,8.5600004196167,8.5600004196167,8.5600004196167,8.5600004196167,8.5600004196167,422.0
2024-04-24 11:09:00,VRCA,6.75,6.75,6.75,6.75,6.75,316.0
2024-04-24 11:09:00,VRRM,24.344999313354492,24.344999313354492,24.344999313354492,24.34000015258789,24.344999313354492,1250.0
2024-04-24 11:09:00,VRTX,399.3699951171875,399.3699951171875,400.0400085449219,399.3699951171875,400.0400085449219,2013.0
2024-04-24 11:09:00,VTNR,1.565000057220459,1.565000057220459,1.5699000358581543,1.565000057220459,1.565000057220459,7303.0
2024-04-24 11:09:00,VTRS,11.369999885559082,11.369999885559082,11.369999885559082,11.364999771118164,11.369999885559082,1835.0
2024-04-24 11:09:00,VTSI,12.074999809265137,12.074999809265137,12.074999809265137,12.074999809265137,12.074999809265137,341.0
2024-04-24 11:09:00,VUZI,1.315000057220459,1.315000057220459,1.315000057220459,1.315000057220459,1.315000057220459,100.0
2024-04-24 11:09:00,VYGR,7.554999828338623,7.554999828338623,7.554999828338623,7.554999828338623,7.554999828338623,215.0
2024-04-24 11:09:00,WAFD,27.690000534057617,27.690000534057617,27.700000762939453,27.690000534057617,27.700000762939453,546.0
2024-04-24 11:09:00,WB,8.3149995803833,8.3149995803833,8.319999694824219,8.3149995803833,8.319999694824219,1365.0
2024-04-24 11:09:00,WBA,17.719999313354492,17.719999313354492,17.719999313354492,17.710100173950195,17.71980094909668,45523.0
2024-04-24 11:09:00,WBD,8.289299964904785,8.289299964904785,8.295000076293945,8.284000396728516,8.295000076293945,33970.0
2024-04-24 11:09:00,WDAY,255.11000061035156,255.11000061035156,255.11000061035156,254.8699951171875,254.8699951171875,3309.0
2024-04-24 11:09:00,WDC,68.37999725341797,68.37999725341797,68.43000030517578,68.37000274658203,68.37999725341797,10091.0
2024-04-24 11:09:00,WEN,19.920000076293945,19.920000076293945,19.924999237060547,19.920000076293945,19.924999237060547,758.0
2024-04-24 11:09:00,WFRD,122.08999633789062,122.08999633789062,122.30699920654297,122.08999633789062,122.30699920654297,1312.0
2024-04-24 11:09:00,WHLM,6.349999904632568,6.349999904632568,6.349999904632568,6.349999904632568,6.349999904632568,173.0
2024-04-24 11:09:00,WIMI,0.8989999890327454,0.8989999890327454,0.8999999761581421,0.8802000284194946,0.8867999911308289,36867.0
2024-04-24 11:09:00,WING,362.44000244140625,362.44000244140625,362.8900146484375,362.44000244140625,362.8900146484375,1029.0
2024-04-24 11:09:00,WISA,6.159999847412109,6.159999847412109,6.179999828338623,6.159999847412109,6.177800178527832,8644.0
2024-04-24 11:09:00,WIX,123.38500213623047,123.38500213623047,123.38500213623047,123.38500213623047,123.38500213623047,470.0
2024-04-24 11:09:00,WKHS,0.15929999947547913,0.15929999947547913,0.15929999947547913,0.15929999947547913,0.15929999947547913,3364.0
2024-04-24 11:09:00,WMG,32.05500030517578,32.05500030517578,32.06999969482422,32.04999923706055,32.05500030517578,1359.0
2024-04-24 11:09:00,WSBF,11.710000038146973,11.710000038146973,11.710000038146973,11.710000038146973,11.710000038146973,645.0
2024-04-24 11:09:00,WSC,37.66999816894531,37.66999816894531,37.66999816894531,37.650001525878906,37.66999816894531,2084.0
2024-04-24 11:09:00,WSFS,44.20000076293945,44.20000076293945,44.20000076293945,44.20000076293945,44.20000076293945,490.0
2024-04-24 11:09:00,WTFC,99.47000122070312,99.47000122070312,99.47000122070312,99.47000122070312,99.47000122070312,376.0
2024-04-24 11:09:00,WTMA,10.949999809265137,10.949999809265137,10.949999809265137,10.949999809265137,10.949999809265137,0.0
2024-04-24 11:09:00,WTW,263.8399963378906,263.8399963378906,263.8399963378906,263.8399963378906,263.8399963378906,435.0
2024-04-24 11:09:00,WYNN,97.06999969482422,97.06999969482422,97.11000061035156,97.0,97.0,3174.0
2024-04-24 11:09:00,XEL,55.13999938964844,55.13999938964844,55.150001525878906,55.099998474121094,55.11989974975586,5253.0
2024-04-24 11:09:00,XERS,1.7699999809265137,1.7699999809265137,1.7699999809265137,1.7699999809265137,1.7699999809265137,639.0
2024-04-24 11:09:00,XLO,1.087499976158142,1.087499976158142,1.087499976158142,1.087499976158142,1.087499976158142,1497.0
2024-04-24 11:09:00,XMTR,16.780000686645508,16.780000686645508,16.780000686645508,16.75,16.760000228881836,1706.0
2024-04-24 11:09:00,XP,20.260000228881836,20.260000228881836,20.280000686645508,20.260000228881836,20.264999389648438,5618.0
2024-04-24 11:09:00,XPEL,54.79499816894531,54.79499816894531,54.79499816894531,54.79499816894531,54.79499816894531,207.0
2024-04-24 11:09:00,XRX,14.460000038146973,14.460000038146973,14.475000381469727,14.454999923706055,14.460000038146973,8783.0
2024-04-24 11:09:00,XXII,1.809999942779541,1.809999942779541,1.8180999755859375,1.809999942779541,1.8180999755859375,1688.0
2024-04-24 11:09:00,YTRA,1.2999999523162842,1.2999999523162842,1.2999999523162842,1.2979999780654907,1.2979999780654907,5719.0
2024-04-24 11:09:00,Z,43.47999954223633,43.47999954223633,43.48419952392578,43.470001220703125,43.48419952392578,1363.0
2024-04-24 11:09:00,ZCMD,1.649999976158142,1.649999976158142,1.6799999475479126,1.649999976158142,1.6799999475479126,890.0
2024-04-24 11:09:00,ZD,51.474998474121094,51.474998474121094,51.47999954223633,51.439998626708984,51.439998626708984,1613.0
2024-04-24 11:09:00,ZG,42.91999816894531,42.91999816894531,42.91999816894531,42.90999984741211,42.90999984741211,812.0
2024-04-24 11:09:00,ZI,15.779999732971191,15.779999732971191,15.779999732971191,15.774999618530273,15.774999618530273,987.0
2024-04-24 11:09:00,ZION,41.93000030517578,41.93000030517578,41.939998626708984,41.91999816894531,41.93000030517578,6152.0
2024-04-24 11:09:00,ZM,61.154998779296875,61.154998779296875,61.16999816894531,61.099998474121094,61.130001068115234,15004.0
2024-04-24 11:09:00,ZNTL,12.270000457763672,12.270000457763672,12.270000457763672,12.270000457763672,12.270000457763672,538.0
2024-04-24 11:09:00,ZS,177.9499969482422,177.9499969482422,177.9499969482422,177.77499389648438,177.77499389648438,3328.0
2024-04-24 11:09:00,ZYME,8.59000015258789,8.59000015258789,8.59000015258789,8.59000015258789,8.59000015258789,347.0
2024-04-24 11:10:00,EGHT,2.2850000858306885,2.2850000858306885,2.2850000858306885,2.2850000858306885,2.2850000858306885,20.0
2024-04-24 11:10:00,ETNB,8.75,8.75,8.75,8.729999542236328,8.729999542236328,1251.0
2024-04-24 11:10:00,MASS,5.579999923706055,5.579999923706055,5.579999923706055,5.579999923706055,5.579999923706055,402.0
2024-04-24 11:10:00,ME,0.48330000042915344,0.48330000042915344,0.48330000042915344,0.48170000314712524,0.48170000314712524,4570.0
2024-04-24 11:10:00,SEAT,5.809999942779541,5.809999942779541,5.809999942779541,5.804999828338623,5.804999828338623,5972.0
2024-04-24 11:10:00,TWOU,0.23510000109672546,0.23510000109672546,0.2354000061750412,0.23510000109672546,0.23520000278949738,2114.0
2024-04-24 11:10:00,TXG,27.174999237060547,27.174999237060547,27.190000534057617,27.100000381469727,27.100000381469727,5193.0
2024-04-24 11:10:00,VC,110.66000366210938,110.66000366210938,110.68000030517578,110.66000366210938,110.68000030517578,1216.0
2024-04-24 11:10:00,VCTR,49.65999984741211,49.65999984741211,49.689998626708984,49.56999969482422,49.58000183105469,2872.0
2024-04-24 11:10:00,VERU,1.3200000524520874,1.3200000524520874,1.3300000429153442,1.3200000524520874,1.3300000429153442,1817.0
2024-04-24 11:10:00,VERV,6.769999980926514,6.769999980926514,6.769999980926514,6.769999980926514,6.769999980926514,1058.0
2024-04-24 11:10:00,VERX,29.045000076293945,29.045000076293945,29.09000015258789,29.045000076293945,29.09000015258789,1956.0
2024-04-24 11:10:00,VFS,2.4700000286102295,2.4700000286102295,2.4700000286102295,2.4649999141693115,2.4700000286102295,10192.0
2024-04-24 11:10:00,VIAV,7.90500020980835,7.90500020980835,7.90500020980835,7.90500020980835,7.90500020980835,269.0
2024-04-24 11:10:00,VIRT,22.315000534057617,22.315000534057617,22.315000534057617,22.315000534057617,22.315000534057617,724.0
2024-04-24 11:10:00,VITL,27.010000228881836,27.010000228881836,27.010000228881836,27.0,27.0,1525.0
2024-04-24 11:10:00,VIVK,1.5602999925613403,1.5602999925613403,1.5602999925613403,1.5602999925613403,1.5602999925613403,1006.0
2024-04-24 11:10:00,VKTX,65.70500183105469,65.70500183105469,65.72000122070312,65.43499755859375,65.43499755859375,4092.0
2024-04-24 11:10:00,VLCN,0.2596000134944916,0.2596000134944916,0.25999999046325684,0.25929999351501465,0.25929999351501465,35399.0
2024-04-24 11:10:00,VMEO,3.5346999168395996,3.5346999168395996,3.5346999168395996,3.5346999168395996,3.5346999168395996,981.0
2024-04-24 11:10:00,VNET,1.5149999856948853,1.5149999856948853,1.5149999856948853,1.5149999856948853,1.5149999856948853,500.0
2024-04-24 11:10:00,VNOM,40.01499938964844,40.01499938964844,40.029998779296875,40.01499938964844,40.029998779296875,1335.0
2024-04-24 11:10:00,VOD,8.567700386047363,8.567700386047363,8.567700386047363,8.555000305175781,8.555000305175781,28527.0
2024-04-24 11:10:00,VRDN,13.680000305175781,13.680000305175781,13.710000038146973,13.670000076293945,13.6850004196167,3166.0
2024-04-24 11:10:00,VRNA,15.550000190734863,15.550000190734863,15.550000190734863,15.529999732971191,15.529999732971191,796.0
2024-04-24 11:10:00,VRRM,24.350000381469727,24.350000381469727,24.350000381469727,24.350000381469727,24.350000381469727,465.0
2024-04-24 11:10:00,VRTX,400.17999267578125,400.17999267578125,400.17999267578125,399.8500061035156,399.8500061035156,2797.0
2024-04-24 11:10:00,VSAT,16.25,16.25,16.25,16.209999084472656,16.209999084472656,2674.0
2024-04-24 11:10:00,VTNR,1.590000033378601,1.590000033378601,1.590000033378601,1.565000057220459,1.565000057220459,47666.0
2024-04-24 11:10:00,VTRS,11.369999885559082,11.369999885559082,11.369999885559082,11.364999771118164,11.369999885559082,2842.0
2024-04-24 11:10:00,VTSI,12.079999923706055,12.079999923706055,12.079999923706055,12.079999923706055,12.079999923706055,54.0
2024-04-24 11:10:00,VUZI,1.315000057220459,1.315000057220459,1.315000057220459,1.309999942779541,1.309999942779541,200.0
2024-04-24 11:10:00,VVOS,2.609999895095825,2.609999895095825,2.615499973297119,2.609999895095825,2.615499973297119,3638.0
2024-04-24 11:10:00,WABC,47.150001525878906,47.150001525878906,47.150001525878906,47.150001525878906,47.150001525878906,1648.0
2024-04-24 11:10:00,WASH,26.049999237060547,26.049999237060547,26.049999237060547,25.969999313354492,25.969999313354492,1243.0
2024-04-24 11:10:00,WBA,17.71500015258789,17.71500015258789,17.719999313354492,17.7106990814209,17.71500015258789,32924.0
2024-04-24 11:10:00,WBD,8.28499984741211,8.28499984741211,8.289999961853027,8.279999732971191,8.28499984741211,69643.0
2024-04-24 11:10:00,WDAY,255.27499389648438,255.27499389648438,255.32000732421875,255.13299560546875,255.13299560546875,2936.0
2024-04-24 11:10:00,WDC,68.5199966430664,68.5199966430664,68.5250015258789,68.3949966430664,68.3949966430664,11569.0
2024-04-24 11:10:00,WEN,19.924999237060547,19.924999237060547,19.924999237060547,19.920000076293945,19.924999237060547,1755.0
2024-04-24 11:10:00,WERN,35.310001373291016,35.310001373291016,35.310001373291016,35.310001373291016,35.310001373291016,560.0
2024-04-24 11:10:00,WFRD,122.43000030517578,122.43000030517578,122.43000030517578,122.43000030517578,122.43000030517578,1099.0
2024-04-24 11:10:00,WHF,12.765000343322754,12.765000343322754,12.800000190734863,12.739999771118164,12.800000190734863,3081.0
2024-04-24 11:10:00,WHLM,6.445000171661377,6.445000171661377,6.445000171661377,6.389999866485596,6.389999866485596,701.0
2024-04-24 11:10:00,WIMI,0.8801000118255615,0.8801000118255615,0.8970999717712402,0.8801000118255615,0.8949999809265137,10912.0
2024-04-24 11:10:00,WISA,5.88100004196167,5.88100004196167,6.174699783325195,5.849999904632568,6.170000076293945,71246.0
2024-04-24 11:10:00,WIX,123.58999633789062,123.58999633789062,123.5999984741211,123.53500366210938,123.5999984741211,1564.0
2024-04-24 11:10:00,WKHS,0.1589999943971634,0.1589999943971634,0.1589999943971634,0.1589999943971634,0.1589999943971634,1047.0
2024-04-24 11:10:00,WMG,32.06999969482422,32.06999969482422,32.06999969482422,32.060001373291016,32.06999969482422,1098.0
2024-04-24 11:10:00,WSC,37.67250061035156,37.67250061035156,37.71500015258789,37.66999816894531,37.66999816894531,3422.0
2024-04-24 11:10:00,WTFC,99.51000213623047,99.51000213623047,99.51000213623047,99.51000213623047,99.51000213623047,540.0
2024-04-24 11:10:00,WW,1.6799999475479126,1.6799999475479126,1.6799999475479126,1.6799999475479126,1.6799999475479126,127.0
2024-04-24 11:10:00,WYNN,97.05000305175781,97.05000305175781,97.1500015258789,97.05000305175781,97.0999984741211,2955.0
2024-04-24 11:10:00,XEL,55.09000015258789,55.09000015258789,55.1349983215332,55.09000015258789,55.1349983215332,3906.0
2024-04-24 11:10:00,XENE,40.43000030517578,40.43000030517578,40.439998626708984,40.43000030517578,40.439998626708984,847.0
2024-04-24 11:10:00,XMTR,16.809999465942383,16.809999465942383,16.809999465942383,16.780000686645508,16.780000686645508,1143.0
2024-04-24 11:10:00,XNCR,18.125,18.125,18.125,18.125,18.125,189.0
2024-04-24 11:10:00,XP,20.280000686645508,20.280000686645508,20.280000686645508,20.263500213623047,20.263500213623047,7448.0
2024-04-24 11:10:00,XRX,14.425000190734863,14.425000190734863,14.470000267028809,14.420000076293945,14.460000038146973,11351.0
2024-04-24 11:10:00,XTLB,2.569999933242798,2.569999933242798,2.569999933242798,2.569999933242798,2.569999933242798,0.0
2024-04-24 11:10:00,XXII,1.8199000358581543,1.8199000358581543,1.8199000358581543,1.815000057220459,1.815000057220459,7602.0
2024-04-24 11:10:00,YI,1.0800000429153442,1.0800000429153442,1.0800000429153442,1.0800000429153442,1.0800000429153442,0.0
2024-04-24 11:10:00,YS,0.8198999762535095,0.8198999762535095,0.8198999762535095,0.8149999976158142,0.8149999976158142,8418.0
2024-04-24 11:10:00,YSBPW,0.07999999821186066,0.07999999821186066,0.07999999821186066,0.07989999651908875,0.07989999651908875,2355.0
2024-04-24 11:10:00,Z,43.47129821777344,43.47129821777344,43.47999954223633,43.459999084472656,43.470001220703125,2229.0
2024-04-24 11:10:00,ZD,51.474998474121094,51.474998474121094,51.474998474121094,51.474998474121094,51.474998474121094,28.0
2024-04-24 11:10:00,ZG,42.91999816894531,42.91999816894531,42.91999816894531,42.91999816894531,42.91999816894531,819.0
2024-04-24 11:10:00,ZI,15.789999961853027,15.789999961853027,15.800000190734863,15.78499984741211,15.78499984741211,3925.0
2024-04-24 11:10:00,ZIMV,15.774999618530273,15.774999618530273,15.774999618530273,15.774999618530273,15.774999618530273,129.0
2024-04-24 11:10:00,ZION,41.939998626708984,41.939998626708984,41.939998626708984,41.939998626708984,41.939998626708984,3134.0
2024-04-24 11:10:00,ZLAB,15.779999732971191,15.779999732971191,15.800000190734863,15.779999732971191,15.800000190734863,354.0
2024-04-24 11:10:00,ZM,61.189998626708984,61.189998626708984,61.189998626708984,61.13999938964844,61.150001525878906,4118.0
2024-04-24 11:10:00,ZNTL,12.300000190734863,12.300000190734863,12.300000190734863,12.279999732971191,12.279999732971191,1735.0
2024-04-24 11:10:00,ZS,178.0800018310547,178.0800018310547,178.0800018310547,177.875,177.875,2463.0
2024-04-24 11:10:00,ZURA,3.2200000286102295,3.2200000286102295,3.2200000286102295,3.2200000286102295,3.2200000286102295,238.0
2024-04-24 11:10:00,ZVSA,0.5766000151634216,0.5766000151634216,0.5766000151634216,0.5764999985694885,0.5764999985694885,459.0
2024-04-24 11:11:00,COCO,23.854999542236328,23.854999542236328,23.915000915527344,23.81999969482422,23.915000915527344,2214.0
2024-04-24 11:11:00,DSP,8.78499984741211,8.78499984741211,8.78499984741211,8.78499984741211,8.78499984741211,117.0
2024-04-24 11:11:00,EGHT,2.2850000858306885,2.2850000858306885,2.2850000858306885,2.2850000858306885,2.2850000858306885,120.0
2024-04-24 11:11:00,ETNB,8.75,8.75,8.75,8.75,8.75,118.0
2024-04-24 11:11:00,FDMT,24.780000686645508,24.780000686645508,24.780000686645508,24.780000686645508,24.780000686645508,290.0
2024-04-24 11:11:00,FLWS,9.25,9.25,9.25,9.25,9.25,328.0
2024-04-24 11:11:00,MAPS,1.100000023841858,1.100000023841858,1.100000023841858,1.100000023841858,1.100000023841858,300.0
2024-04-24 11:11:00,ME,0.48500001430511475,0.48500001430511475,0.48500001430511475,0.48170000314712524,0.48170000314712524,6385.0
2024-04-24 11:11:00,TSVT,4.376999855041504,4.376999855041504,4.378799915313721,4.376999855041504,4.378799915313721,1249.0
2024-04-24 11:11:00,TWOU,0.23399999737739563,0.23399999737739563,0.23549999296665192,0.23399999737739563,0.2353000044822693,12636.0
2024-04-24 11:11:00,TXG,27.170000076293945,27.170000076293945,27.18000030517578,27.15999984741211,27.15999984741211,5765.0
2024-04-24 11:11:00,VCTR,49.65999984741211,49.65999984741211,49.65999984741211,49.630001068115234,49.630001068115234,753.0
2024-04-24 11:11:00,VERU,1.3200000524520874,1.3200000524520874,1.3200000524520874,1.3200000524520874,1.3200000524520874,1613.0
2024-04-24 11:11:00,VERV,6.769999980926514,6.769999980926514,6.769999980926514,6.769999980926514,6.769999980926514,224.0
2024-04-24 11:11:00,VERX,28.9950008392334,28.9950008392334,29.079999923706055,28.9950008392334,29.079999923706055,2951.0
2024-04-24 11:11:00,VFS,2.4700000286102295,2.4700000286102295,2.4700000286102295,2.4600000381469727,2.4649999141693115,3296.0
2024-04-24 11:11:00,VIAV,7.889999866485596,7.889999866485596,7.90500020980835,7.889999866485596,7.90500020980835,3570.0
2024-04-24 11:11:00,VIRC,10.694999694824219,10.694999694824219,10.694999694824219,10.694999694824219,10.694999694824219,446.0
2024-04-24 11:11:00,VIRT,22.229999542236328,22.229999542236328,22.295000076293945,22.229999542236328,22.290000915527344,3039.0
2024-04-24 11:11:00,VITL,27.0049991607666,27.0049991607666,27.0049991607666,27.0049991607666,27.0049991607666,200.0
2024-04-24 11:11:00,VKTX,65.77999877929688,65.77999877929688,65.80999755859375,65.69999694824219,65.70600128173828,6683.0
2024-04-24 11:11:00,VLCN,0.2628999948501587,0.2628999948501587,0.2628999948501587,0.2628999948501587,0.2628999948501587,26690.0
2024-04-24 11:11:00,VMEO,3.5350000858306885,3.5350000858306885,3.5399999618530273,3.5350000858306885,3.5399999618530273,849.0
2024-04-24 11:11:00,VNOM,39.96500015258789,39.96500015258789,39.994998931884766,39.959999084472656,39.994998931884766,1452.0
2024-04-24 11:11:00,VOD,8.55210018157959,8.55210018157959,8.5600004196167,8.550000190734863,8.5600004196167,71080.0
2024-04-24 11:11:00,VOXR,2.0399999618530273,2.0399999618530273,2.0399999618530273,2.0399999618530273,2.0399999618530273,0.0
2024-04-24 11:11:00,VRRM,24.350000381469727,24.350000381469727,24.350000381469727,24.350000381469727,24.350000381469727,1060.0
2024-04-24 11:11:00,VRTX,400.04998779296875,400.04998779296875,400.04998779296875,400.04998779296875,400.04998779296875,986.0
2024-04-24 11:11:00,VSAT,16.21500015258789,16.21500015258789,16.239999771118164,16.209999084472656,16.239999771118164,2543.0
2024-04-24 11:11:00,VTNR,1.5850000381469727,1.5850000381469727,1.590000033378601,1.5850000381469727,1.590000033378601,2415.0
2024-04-24 11:11:00,VTRS,11.350099563598633,11.350099563598633,11.364999771118164,11.350099563598633,11.364999771118164,8331.0
2024-04-24 11:11:00,VUZI,1.309999942779541,1.309999942779541,1.309999942779541,1.309999942779541,1.309999942779541,100.0
2024-04-24 11:11:00,VYGR,7.550000190734863,7.550000190734863,7.550000190734863,7.550000190734863,7.550000190734863,300.0
2024-04-24 11:11:00,WAFD,27.729999542236328,27.729999542236328,27.729999542236328,27.655000686645508,27.65999984741211,4021.0
2024-04-24 11:11:00,WB,8.3149995803833,8.3149995803833,8.317999839782715,8.3149995803833,8.317999839782715,1650.0
2024-04-24 11:11:00,WBA,17.718900680541992,17.718900680541992,17.719999313354492,17.709999084472656,17.71500015258789,34646.0
2024-04-24 11:11:00,WBD,8.281000137329102,8.281000137329102,8.28499984741211,8.270000457763672,8.28499984741211,133853.0
2024-04-24 11:11:00,WDC,68.4800033569336,68.4800033569336,68.51000213623047,68.47000122070312,68.5,3454.0
2024-04-24 11:11:00,WEN,19.920000076293945,19.920000076293945,19.924999237060547,19.920000076293945,19.920000076293945,2472.0
2024-04-24 11:11:00,WERN,35.279998779296875,35.279998779296875,35.279998779296875,35.279998779296875,35.279998779296875,434.0
2024-04-24 11:11:00,WFRD,122.19999694824219,122.19999694824219,122.33999633789062,122.08000183105469,122.33999633789062,2570.0
2024-04-24 11:11:00,WHLM,6.550099849700928,6.550099849700928,6.699999809265137,6.5,6.5,12795.0
2024-04-24 11:11:00,WIMI,0.8970000147819519,0.8970000147819519,0.8970000147819519,0.8970000147819519,0.8970000147819519,0.0
2024-04-24 11:11:00,WISA,6.079899787902832,6.079899787902832,6.079899787902832,5.891900062561035,5.899799823760986,49568.0
2024-04-24 11:11:00,WKHS,0.15960000455379486,0.15960000455379486,0.15970000624656677,0.15940000116825104,0.15960000455379486,19819.0
2024-04-24 11:11:00,WMG,32.11000061035156,32.11000061035156,32.11000061035156,32.06999969482422,32.06999969482422,1493.0
2024-04-24 11:11:00,WSC,37.68000030517578,37.68000030517578,37.68000030517578,37.654998779296875,37.654998779296875,4281.0
2024-04-24 11:11:00,WTFC,99.44000244140625,99.44000244140625,99.45999908447266,99.41999816894531,99.43000030517578,1041.0
2024-04-24 11:11:00,WTW,263.7650146484375,263.7650146484375,263.7650146484375,263.7650146484375,263.7650146484375,412.0
2024-04-24 11:11:00,WW,1.6799999475479126,1.6799999475479126,1.684999942779541,1.6799999475479126,1.684999942779541,2544.0
2024-04-24 11:11:00,WYNN,97.01419830322266,97.01419830322266,97.04660034179688,97.0,97.02999877929688,1783.0
2024-04-24 11:11:00,XEL,55.11000061035156,55.11000061035156,55.11000061035156,55.09000015258789,55.090301513671875,3644.0
2024-04-24 11:11:00,XENE,40.40999984741211,40.40999984741211,40.40999984741211,40.375,40.40999984741211,1483.0
2024-04-24 11:11:00,XERS,1.7699999809265137,1.7699999809265137,1.7699999809265137,1.7699999809265137,1.7699999809265137,300.0
2024-04-24 11:11:00,XFOR,1.2683000564575195,1.2683000564575195,1.2683000564575195,1.263200044631958,1.263200044631958,791.0
2024-04-24 11:11:00,XNCR,18.155000686645508,18.155000686645508,18.155000686645508,18.135000228881836,18.135000228881836,1499.0
2024-04-24 11:11:00,XP,20.274999618530273,20.274999618530273,20.280000686645508,20.270000457763672,20.280000686645508,4593.0
2024-04-24 11:11:00,XPEL,54.84000015258789,54.84000015258789,54.84000015258789,54.79999923706055,54.79999923706055,599.0
2024-04-24 11:11:00,XRX,14.414999961853027,14.414999961853027,14.430000305175781,14.399999618530273,14.420000076293945,6594.0
2024-04-24 11:11:00,XXII,1.829200029373169,1.829200029373169,1.8350000381469727,1.8125,1.8125,20541.0
2024-04-24 11:11:00,YORW,35.29999923706055,35.29999923706055,35.310001373291016,35.290000915527344,35.310001373291016,923.0
2024-04-24 11:11:00,Z,43.43000030517578,43.43000030517578,43.459999084472656,43.41999816894531,43.459999084472656,3647.0
2024-04-24 11:11:00,ZD,51.470001220703125,51.470001220703125,51.474998474121094,51.459999084472656,51.459999084472656,1684.0
2024-04-24 11:11:00,ZG,42.900001525878906,42.900001525878906,42.900001525878906,42.880001068115234,42.880001068115234,808.0
2024-04-24 11:11:00,ZION,41.849998474121094,41.849998474121094,41.880001068115234,41.849998474121094,41.880001068115234,2728.0
2024-04-24 11:11:00,ZLAB,15.774999618530273,15.774999618530273,15.774999618530273,15.774999618530273,15.774999618530273,679.0
2024-04-24 11:11:00,ZM,61.14500045776367,61.14500045776367,61.16999816894531,61.14500045776367,61.16999816894531,893.0
2024-04-24 11:11:00,ZS,178.13999938964844,178.13999938964844,178.13999938964844,178.02499389648438,178.02499389648438,1385.0
2024-04-24 11:11:00,ZYME,8.600000381469727,8.600000381469727,8.600000381469727,8.59000015258789,8.59000015258789,1240.0
2024-04-24 11:12:00,COCO,23.850000381469727,23.850000381469727,23.850000381469727,23.850000381469727,23.850000381469727,200.0
2024-04-24 11:12:00,DIBS,5.369999885559082,5.369999885559082,5.369999885559082,5.360000133514404,5.360000133514404,874.0
2024-04-24 11:12:00,DSP,8.770000457763672,8.770000457763672,8.770000457763672,8.770000457763672,8.770000457763672,142.0
2024-04-24 11:12:00,EGHT,2.2850000858306885,2.2850000858306885,2.2850000858306885,2.2850000858306885,2.2850000858306885,144.0
2024-04-24 11:12:00,ETNB,8.75,8.75,8.75,8.748700141906738,8.75,953.0
2024-04-24 11:12:00,FDMT,24.84000015258789,24.84000015258789,24.84000015258789,24.84000015258789,24.84000015258789,531.0
2024-04-24 11:12:00,FLWS,9.239999771118164,9.239999771118164,9.239999771118164,9.239999771118164,9.239999771118164,16.0
2024-04-24 11:12:00,MASS,5.574999809265137,5.574999809265137,5.579999923706055,5.570000171661377,5.579999923706055,1894.0
2024-04-24 11:12:00,ME,0.490200012922287,0.490200012922287,0.49390000104904175,0.48489999771118164,0.48500001430511475,70598.0
2024-04-24 11:12:00,TWOU,0.23250000178813934,0.23250000178813934,0.23250000178813934,0.23250000178813934,0.23250000178813934,5.0
2024-04-24 11:12:00,TXG,27.165000915527344,27.165000915527344,27.18000030517578,27.149999618530273,27.170000076293945,3250.0
2024-04-24 11:12:00,VERU,1.3200000524520874,1.3200000524520874,1.3200000524520874,1.3200000524520874,1.3200000524520874,803.0
2024-04-24 11:12:00,VERV,6.769999980926514,6.769999980926514,6.769999980926514,6.760000228881836,6.760000228881836,1789.0
2024-04-24 11:12:00,VERX,28.934999465942383,28.934999465942383,29.030000686645508,28.934999465942383,29.010000228881836,3393.0
2024-04-24 11:12:00,VFF,1.3200000524520874,1.3200000524520874,1.3200000524520874,1.3200000524520874,1.3200000524520874,369.0
2024-04-24 11:12:00,VFS,2.4600000381469727,2.4600000381469727,2.4649999141693115,2.4600000381469727,2.4649999141693115,3155.0
2024-04-24 11:12:00,VICR,33.42499923706055,33.42499923706055,33.42499923706055,33.42499923706055,33.42499923706055,106.0
2024-04-24 11:12:00,VINC,0.9304999709129333,0.9304999709129333,0.9304999709129333,0.9304999709129333,0.9304999709129333,205.0
2024-04-24 11:12:00,VIRI,0.4578999876976013,0.4578999876976013,0.4578999876976013,0.4578999876976013,0.4578999876976013,277.0
2024-04-24 11:12:00,VIRT,22.209999084472656,22.209999084472656,22.229999542236328,22.194700241088867,22.229999542236328,1648.0
2024-04-24 11:12:00,VITL,26.989999771118164,26.989999771118164,27.00320053100586,26.989999771118164,27.00320053100586,1329.0
2024-04-24 11:12:00,VKTX,65.8499984741211,65.8499984741211,65.86499786376953,65.70500183105469,65.8550033569336,2728.0
2024-04-24 11:12:00,VLCN,0.2639999985694885,0.2639999985694885,0.2639999985694885,0.2628999948501587,0.2628999948501587,163.0
2024-04-24 11:12:00,VNOM,39.95320129394531,39.95320129394531,39.95320129394531,39.95320129394531,39.95320129394531,49506.0
2024-04-24 11:12:00,VOD,8.555000305175781,8.555000305175781,8.559399604797363,8.551400184631348,8.555000305175781,10937.0
2024-04-24 11:12:00,VOR,1.7549999952316284,1.7549999952316284,1.7549999952316284,1.7549999952316284,1.7549999952316284,375.0
2024-04-24 11:12:00,VRCA,6.769999980926514,6.769999980926514,6.769999980926514,6.71999979019165,6.71999979019165,40.0
2024-04-24 11:12:00,VRDN,13.6850004196167,13.6850004196167,13.6850004196167,13.670000076293945,13.670000076293945,1135.0
2024-04-24 11:12:00,VRTX,400.32000732421875,400.32000732421875,400.32501220703125,400.25,400.32501220703125,2077.0
2024-04-24 11:12:00,VSAT,16.219999313354492,16.219999313354492,16.225000381469727,16.219999313354492,16.225000381469727,635.0
2024-04-24 11:12:00,VSEC,78.22000122070312,78.22000122070312,78.5,78.22000122070312,78.5,2353.0
2024-04-24 11:12:00,VSME,0.4018999934196472,0.4018999934196472,0.4018999934196472,0.4018999934196472,0.4018999934196472,1590.0
2024-04-24 11:12:00,VTGN,4.690000057220459,4.690000057220459,4.710000038146973,4.690000057220459,4.710000038146973,8743.0
2024-04-24 11:12:00,VUZI,1.309999942779541,1.309999942779541,1.309999942779541,1.309999942779541,1.309999942779541,100.0
2024-04-24 11:12:00,VYGR,7.559999942779541,7.559999942779541,7.559999942779541,7.559999942779541,7.559999942779541,121.0
2024-04-24 11:12:00,WAFD,27.739999771118164,27.739999771118164,27.739999771118164,27.739999771118164,27.739999771118164,1439.0
2024-04-24 11:12:00,WBA,17.709999084472656,17.709999084472656,17.729999542236328,17.709999084472656,17.719999313354492,44455.0
2024-04-24 11:12:00,WBD,8.28499984741211,8.28499984741211,8.289999961853027,8.279999732971191,8.282400131225586,36527.0
2024-04-24 11:12:00,WDAY,255.58999633789062,255.58999633789062,255.58999633789062,255.4239044189453,255.4239044189453,2210.0
2024-04-24 11:12:00,WDC,68.42500305175781,68.42500305175781,68.4749984741211,68.42500305175781,68.4749984741211,8963.0
2024-04-24 11:12:00,WEN,19.924999237060547,19.924999237060547,19.924999237060547,19.922500610351562,19.924999237060547,1019.0
2024-04-24 11:12:00,WFRD,122.12999725341797,122.12999725341797,122.51000213623047,122.12999725341797,122.38999938964844,3706.0
2024-04-24 11:12:00,WHLM,6.550099849700928,6.550099849700928,6.610000133514404,6.550099849700928,6.610000133514404,4269.0
2024-04-24 11:12:00,WHLR,0.14329999685287476,0.14329999685287476,0.14329999685287476,0.13600000739097595,0.13600000739097595,10049.0
2024-04-24 11:12:00,WIMI,0.8963000178337097,0.8963000178337097,0.8963000178337097,0.8963000178337097,0.8963000178337097,335.0
2024-04-24 11:12:00,WING,362.70001220703125,362.70001220703125,362.70001220703125,362.70001220703125,362.70001220703125,602.0
2024-04-24 11:12:00,WISA,6.159999847412109,6.159999847412109,6.179900169372559,6.059999942779541,6.065000057220459,36870.0
2024-04-24 11:12:00,WIX,123.625,123.625,123.625,123.625,123.625,486.0
2024-04-24 11:12:00,WKEY,2.109999895095825,2.109999895095825,2.109999895095825,2.109999895095825,2.109999895095825,1863.0
2024-04-24 11:12:00,WKHS,0.15950000286102295,0.15950000286102295,0.15960000455379486,0.15950000286102295,0.15950000286102295,8509.0
2024-04-24 11:12:00,WMG,32.06999969482422,32.06999969482422,32.11000061035156,32.06999969482422,32.099998474121094,3042.0
2024-04-24 11:12:00,WSBC,28.149999618530273,28.149999618530273,28.149999618530273,28.104999542236328,28.110000610351562,7583.0
2024-04-24 11:12:00,WSBF,11.710000038146973,11.710000038146973,11.710000038146973,11.710000038146973,11.710000038146973,200.0
2024-04-24 11:12:00,WSC,37.67499923706055,37.67499923706055,37.689998626708984,37.66999816894531,37.68000030517578,6040.0
2024-04-24 11:12:00,WSFS,44.154998779296875,44.154998779296875,44.154998779296875,44.154998779296875,44.154998779296875,152.0
2024-04-24 11:12:00,WTFC,99.4749984741211,99.4749984741211,99.4749984741211,99.4749984741211,99.4749984741211,624.0
2024-04-24 11:12:00,WTFCM,23.929899215698242,23.929899215698242,23.929899215698242,23.929899215698242,23.929899215698242,448.0
2024-04-24 11:12:00,WTW,263.8299865722656,263.8299865722656,263.8299865722656,263.8299865722656,263.8299865722656,1044.0
2024-04-24 11:12:00,WYNN,97.03500366210938,97.03500366210938,97.03500366210938,97.03500366210938,97.03500366210938,330.0
2024-04-24 11:12:00,XBIT,8.300000190734863,8.300000190734863,8.300000190734863,8.300000190734863,8.300000190734863,599.0
2024-04-24 11:12:00,XEL,55.11000061035156,55.11000061035156,55.125,55.11000061035156,55.119998931884766,6994.0
2024-04-24 11:12:00,XERS,1.7649999856948853,1.7649999856948853,1.7649999856948853,1.7649999856948853,1.7649999856948853,6776.0
2024-04-24 11:12:00,XFOR,1.2699999809265137,1.2699999809265137,1.2699999809265137,1.2699999809265137,1.2699999809265137,200.0
2024-04-24 11:12:00,XNET,1.5700000524520874,1.5700000524520874,1.5700000524520874,1.5700000524520874,1.5700000524520874,1300.0
2024-04-24 11:12:00,XP,20.274999618530273,20.274999618530273,20.28499984741211,20.270299911499023,20.280000686645508,13474.0
2024-04-24 11:12:00,XRX,14.420000076293945,14.420000076293945,14.420000076293945,14.399999618530273,14.40999984741211,6661.0
2024-04-24 11:12:00,XXII,1.8299000263214111,1.8299000263214111,1.8299000263214111,1.8200000524520874,1.8299000263214111,1284.0
2024-04-24 11:12:00,YMAB,15.225000381469727,15.225000381469727,15.225000381469727,15.149999618530273,15.149999618530273,1527.0
2024-04-24 11:12:00,Z,43.470001220703125,43.470001220703125,43.5,43.439998626708984,43.439998626708984,3896.0
2024-04-24 11:12:00,ZCMD,1.649999976158142,1.649999976158142,1.649999976158142,1.649999976158142,1.649999976158142,820.0
2024-04-24 11:12:00,ZD,51.369998931884766,51.369998931884766,51.439998626708984,51.369998931884766,51.439998626708984,2416.0
2024-04-24 11:12:00,ZG,42.90999984741211,42.90999984741211,42.95000076293945,42.880001068115234,42.880001068115234,1138.0
2024-04-24 11:12:00,ZION,41.86000061035156,41.86000061035156,41.86000061035156,41.86000061035156,41.86000061035156,2168.0
2024-04-24 11:12:00,ZLAB,15.800000190734863,15.800000190734863,15.800000190734863,15.779999732971191,15.779999732971191,705.0
2024-04-24 11:12:00,ZM,61.13999938964844,61.13999938964844,61.16999816894531,61.13999938964844,61.14619827270508,9099.0
2024-04-24 11:12:00,ZS,177.97000122070312,177.97000122070312,178.27999877929688,177.97000122070312,178.1865997314453,2548.0
2024-04-24 11:12:00,ZURA,3.2125000953674316,3.2125000953674316,3.2125000953674316,3.2125000953674316,3.2125000953674316,404.0
2024-04-24 11:13:00,COCO,23.854999542236328,23.854999542236328,23.854999542236328,23.854999542236328,23.854999542236328,220.0
2024-04-24 11:13:00,DIBS,5.360000133514404,5.360000133514404,5.360000133514404,5.360000133514404,5.360000133514404,0.0
2024-04-24 11:13:00,DSP,8.78499984741211,8.78499984741211,8.78499984741211,8.78499984741211,8.78499984741211,200.0
2024-04-24 11:13:00,EGHT,2.2850000858306885,2.2850000858306885,2.2850000858306885,2.2850000858306885,2.2850000858306885,204.0
2024-04-24 11:13:00,ETNB,8.75,8.75,8.75,8.739999771118164,8.739999771118164,1107.0
2024-04-24 11:13:00,FDMT,24.790000915527344,24.790000915527344,24.809999465942383,24.709999084472656,24.809999465942383,3032.0
2024-04-24 11:13:00,ME,0.49320000410079956,0.49320000410079956,0.49390000104904175,0.4900999963283539,0.490200012922287,20286.0
2024-04-24 11:13:00,TSVT,4.389200210571289,4.389200210571289,4.389200210571289,4.389200210571289,4.389200210571289,269.0
2024-04-24 11:13:00,TWOU,0.23430000245571136,0.23430000245571136,0.23430000245571136,0.23430000245571136,0.23430000245571136,887.0
2024-04-24 11:13:00,TXG,27.15999984741211,27.15999984741211,27.165000915527344,27.145000457763672,27.145000457763672,2754.0
2024-04-24 11:13:00,VCTR,49.630001068115234,49.630001068115234,49.630001068115234,49.630001068115234,49.630001068115234,827.0
2024-04-24 11:13:00,VERU,1.3200000524520874,1.3200000524520874,1.3300000429153442,1.3200000524520874,1.3200000524520874,1906.0
2024-04-24 11:13:00,VERV,6.769999980926514,6.769999980926514,6.769999980926514,6.760000228881836,6.760000228881836,3893.0
2024-04-24 11:13:00,VERX,29.0049991607666,29.0049991607666,29.010000228881836,28.96500015258789,29.0,31812.0
2024-04-24 11:13:00,VFS,2.4600000381469727,2.4600000381469727,2.4619998931884766,2.4600000381469727,2.4619998931884766,2579.0
2024-04-24 11:13:00,VIAV,7.889999866485596,7.889999866485596,7.894999980926514,7.889999866485596,7.894999980926514,454.0
2024-04-24 11:13:00,VICR,33.31999969482422,33.31999969482422,33.31999969482422,33.31999969482422,33.31999969482422,720.0
2024-04-24 11:13:00,VIRT,22.18600082397461,22.18600082397461,22.219999313354492,22.18600082397461,22.209999084472656,2410.0
2024-04-24 11:13:00,VITL,26.8700008392334,26.8700008392334,26.989999771118164,26.8700008392334,26.989999771118164,1381.0
2024-04-24 11:13:00,VKTX,65.91500091552734,65.91500091552734,65.91500091552734,65.78800201416016,65.80999755859375,4630.0
2024-04-24 11:13:00,VLCN,0.2590000033378601,0.2590000033378601,0.2639999985694885,0.2590000033378601,0.2639999985694885,21783.0
2024-04-24 11:13:00,VOD,8.550000190734863,8.550000190734863,8.5600004196167,8.550000190734863,8.555000305175781,9473.0
2024-04-24 11:13:00,VRDN,13.644000053405762,13.644000053405762,13.65999984741211,13.619999885559082,13.65999984741211,2076.0
2024-04-24 11:13:00,VRRM,24.325000762939453,24.325000762939453,24.325000762939453,24.325000762939453,24.325000762939453,110.0
2024-04-24 11:13:00,VRTX,399.94000244140625,399.94000244140625,399.94000244140625,399.94000244140625,399.94000244140625,258.0
2024-04-24 11:13:00,VSAT,16.219999313354492,16.219999313354492,16.219999313354492,16.219999313354492,16.219999313354492,535.0
2024-04-24 11:13:00,VTNR,1.5850000381469727,1.5850000381469727,1.5850000381469727,1.5850000381469727,1.5850000381469727,103.0
2024-04-24 11:13:00,VTRS,11.353599548339844,11.353599548339844,11.359999656677246,11.353500366210938,11.353500366210938,1619.0
2024-04-24 11:13:00,VUZI,1.309999942779541,1.309999942779541,1.315000057220459,1.309999942779541,1.315000057220459,362.0
2024-04-24 11:13:00,VWE,0.25999999046325684,0.25999999046325684,0.25999999046325684,0.257999986410141,0.257999986410141,6170.0
2024-04-24 11:13:00,VYGR,7.559999942779541,7.559999942779541,7.559999942779541,7.559999942779541,7.559999942779541,355.0
2024-04-24 11:13:00,WAFD,27.760000228881836,27.760000228881836,27.760000228881836,27.729999542236328,27.729999542236328,1152.0
2024-04-24 11:13:00,WAVSW,0.031099999323487282,0.031099999323487282,0.031099999323487282,0.031099999323487282,0.031099999323487282,0.0
2024-04-24 11:13:00,WB,8.3100004196167,8.3100004196167,8.3100004196167,8.305000305175781,8.3100004196167,3075.0
2024-04-24 11:13:00,WBA,17.704999923706055,17.704999923706055,17.71500015258789,17.704999923706055,17.71500015258789,11338.0
2024-04-24 11:13:00,WBD,8.28499984741211,8.28499984741211,8.289999961853027,8.279999732971191,8.28499984741211,7542.0
2024-04-24 11:13:00,WDAY,255.47999572753906,255.47999572753906,255.47999572753906,255.47999572753906,255.47999572753906,633.0
2024-04-24 11:13:00,WDC,68.4749984741211,68.4749984741211,68.4749984741211,68.41000366210938,68.41000366210938,7239.0
2024-04-24 11:13:00,WEN,19.924999237060547,19.924999237060547,19.924999237060547,19.920000076293945,19.924999237060547,1651.0
2024-04-24 11:13:00,WERN,35.34000015258789,35.34000015258789,35.34000015258789,35.320499420166016,35.320499420166016,644.0
2024-04-24 11:13:00,WHFCL,25.09000015258789,25.09000015258789,25.09000015258789,25.09000015258789,25.09000015258789,200.0
2024-04-24 11:13:00,WHLM,6.599999904632568,6.599999904632568,6.650000095367432,6.574900150299072,6.649400234222412,8289.0
2024-04-24 11:13:00,WIMI,0.8960999846458435,0.8960999846458435,0.8960999846458435,0.8960999846458435,0.8960999846458435,1888.0
2024-04-24 11:13:00,WISA,6.199999809265137,6.199999809265137,6.230000019073486,6.150000095367432,6.167799949645996,22623.0
2024-04-24 11:13:00,WIX,123.625,123.625,123.625,123.625,123.625,216.0
2024-04-24 11:13:00,WKHS,0.15960000455379486,0.15960000455379486,0.15960000455379486,0.15950000286102295,0.15950000286102295,7447.0
2024-04-24 11:13:00,WMG,32.06999969482422,32.06999969482422,32.06999969482422,32.060001373291016,32.06999969482422,1258.0
2024-04-24 11:13:00,WSBC,28.1299991607666,28.1299991607666,28.139999389648438,28.1299991607666,28.139999389648438,1914.0
2024-04-24 11:13:00,WSBF,11.710000038146973,11.710000038146973,11.710000038146973,11.710000038146973,11.710000038146973,196.0
2024-04-24 11:13:00,WSC,37.68000030517578,37.68000030517578,37.68000030517578,37.66999816894531,37.66999816894531,2058.0
2024-04-24 11:13:00,WYNN,97.06999969482422,97.06999969482422,97.06999969482422,97.03500366210938,97.05000305175781,1398.0
2024-04-24 11:13:00,XEL,55.07500076293945,55.07500076293945,55.099998474121094,55.060001373291016,55.099998474121094,8271.0
2024-04-24 11:13:00,XENE,40.52000045776367,40.52000045776367,40.52000045776367,40.46500015258789,40.46500015258789,1298.0
2024-04-24 11:13:00,XERS,1.7699999809265137,1.7699999809265137,1.7699999809265137,1.7649999856948853,1.7649999856948853,103.0
2024-04-24 11:13:00,XMTR,16.790000915527344,16.790000915527344,16.790000915527344,16.790000915527344,16.790000915527344,1038.0
2024-04-24 11:13:00,XNCR,18.1200008392334,18.1200008392334,18.139999389648438,18.110000610351562,18.139999389648438,1011.0
2024-04-24 11:13:00,XNET,1.5700000524520874,1.5700000524520874,1.5750000476837158,1.5700000524520874,1.5720000267028809,2186.0
2024-04-24 11:13:00,XP,20.274999618530273,20.274999618530273,20.290000915527344,20.264999389648438,20.270000457763672,18060.0
2024-04-24 11:13:00,XRX,14.414999961853027,14.414999961853027,14.414999961853027,14.399999618530273,14.404999732971191,6547.0
2024-04-24 11:13:00,XXII,1.8279999494552612,1.8279999494552612,1.8279999494552612,1.8279999494552612,1.8279999494552612,1047.0
2024-04-24 11:13:00,YMAB,15.229999542236328,15.229999542236328,15.229999542236328,15.229999542236328,15.229999542236328,232.0
2024-04-24 11:13:00,Z,43.470001220703125,43.470001220703125,43.47999954223633,43.45000076293945,43.47999954223633,2429.0
2024-04-24 11:13:00,ZAPP,4.539999961853027,4.539999961853027,4.539999961853027,4.539999961853027,4.539999961853027,1385.0
2024-04-24 11:13:00,ZAPPW,0.007300000172108412,0.007300000172108412,0.007400000002235174,0.007300000172108412,0.007400000002235174,5994.0
2024-04-24 11:13:00,ZCMD,1.6399999856948853,1.6399999856948853,1.6399999856948853,1.6399999856948853,1.6399999856948853,219.0
2024-04-24 11:13:00,ZD,51.439998626708984,51.439998626708984,51.439998626708984,51.369998931884766,51.369998931884766,2189.0
2024-04-24 11:13:00,ZG,42.90999984741211,42.90999984741211,42.90999984741211,42.869998931884766,42.869998931884766,599.0
2024-04-24 11:13:00,ZI,15.779999732971191,15.779999732971191,15.779999732971191,15.779999732971191,15.779999732971191,2165.0
2024-04-24 11:13:00,ZIMV,15.78499984741211,15.78499984741211,15.78499984741211,15.78499984741211,15.78499984741211,514.0
2024-04-24 11:13:00,ZION,41.88999938964844,41.88999938964844,41.88999938964844,41.84000015258789,41.849998474121094,3118.0
2024-04-24 11:13:00,ZLAB,15.779999732971191,15.779999732971191,15.779999732971191,15.760000228881836,15.760000228881836,548.0
2024-04-24 11:13:00,ZM,61.13999938964844,61.13999938964844,61.13999938964844,61.125,61.130001068115234,2342.0
2024-04-24 11:13:00,ZS,178.0800018310547,178.0800018310547,178.0800018310547,177.91000366210938,178.0384063720703,2597.0
2024-04-24 11:13:00,ZVSA,0.5764999985694885,0.5764999985694885,0.5766000151634216,0.5764999985694885,0.5764999985694885,3250.0
2024-04-24 11:13:00,ZYME,8.619999885559082,8.619999885559082,8.619999885559082,8.619999885559082,8.619999885559082,240.0
2024-04-24 11:14:00,COCO,23.84000015258789,23.84000015258789,23.84000015258789,23.83489990234375,23.84000015258789,508.0
2024-04-24 11:14:00,DIBS,5.369999885559082,5.369999885559082,5.369999885559082,5.360000133514404,5.360000133514404,1611.0
2024-04-24 11:14:00,DSP,8.779999732971191,8.779999732971191,8.795000076293945,8.779999732971191,8.795000076293945,836.0
2024-04-24 11:14:00,EGHT,2.2850000858306885,2.2850000858306885,2.2850000858306885,2.2850000858306885,2.2850000858306885,200.0
2024-04-24 11:14:00,ETNB,8.744999885559082,8.744999885559082,8.760000228881836,8.744999885559082,8.760000228881836,1500.0
2024-04-24 11:14:00,FEAM,1.1699999570846558,1.1699999570846558,1.1699999570846558,1.1699999570846558,1.1699999570846558,178.0
2024-04-24 11:14:00,ME,0.49050000309944153,0.49050000309944153,0.49300000071525574,0.490200012922287,0.490200012922287,13554.0
2024-04-24 11:14:00,SEAT,5.809999942779541,5.809999942779541,5.815000057220459,5.809999942779541,5.815000057220459,7993.0
2024-04-24 11:14:00,TWOU,0.23309999704360962,0.23309999704360962,0.23430000245571136,0.23309999704360962,0.23309999704360962,1200.0
2024-04-24 11:14:00,TXG,27.155000686645508,27.155000686645508,27.165000915527344,27.155000686645508,27.165000915527344,1323.0
2024-04-24 11:14:00,VC,110.58999633789062,110.58999633789062,110.5999984741211,110.58999633789062,110.5999984741211,2392.0
2024-04-24 11:14:00,VERU,1.3200000524520874,1.3200000524520874,1.3299000263214111,1.3200000524520874,1.3299000263214111,2815.0
2024-04-24 11:14:00,VERV,6.78000020980835,6.78000020980835,6.78000020980835,6.78000020980835,6.78000020980835,1069.0
2024-04-24 11:14:00,VERX,28.975000381469727,28.975000381469727,29.0049991607666,28.975000381469727,28.979999542236328,0.0
2024-04-24 11:14:00,VFF,1.3200000524520874,1.3200000524520874,1.3200000524520874,1.3200000524520874,1.3200000524520874,1491.0
2024-04-24 11:14:00,VFS,2.4600000381469727,2.4600000381469727,2.4697999954223633,2.4600000381469727,2.4600000381469727,1112.0
2024-04-24 11:14:00,VIAV,7.889999866485596,7.889999866485596,7.894800186157227,7.889999866485596,7.894800186157227,893.0
2024-04-24 11:14:00,VICR,33.26499938964844,33.26499938964844,33.29999923706055,33.26499938964844,33.279998779296875,2796.0
2024-04-24 11:14:00,VIR,8.12909984588623,8.12909984588623,8.12909984588623,8.12909984588623,8.12909984588623,245.0
2024-04-24 11:14:00,VIRT,22.149999618530273,22.149999618530273,22.149999618530273,22.149999618530273,22.149999618530273,316.0
2024-04-24 11:14:00,VITL,26.8700008392334,26.8700008392334,26.8700008392334,26.8700008392334,26.8700008392334,393.0
2024-04-24 11:14:00,VIVK,1.562000036239624,1.562000036239624,1.5700000524520874,1.5399999618530273,1.5499999523162842,928.0
2024-04-24 11:14:00,VKTX,65.91999816894531,65.91999816894531,66.06999969482422,65.9000015258789,65.95960235595703,5684.0
2024-04-24 11:14:00,VLCN,0.25699999928474426,0.25699999928474426,0.25859999656677246,0.25699999928474426,0.25859999656677246,27717.0
2024-04-24 11:14:00,VMEO,3.5450000762939453,3.5450000762939453,3.549999952316284,3.5350000858306885,3.5350000858306885,44647.0
2024-04-24 11:14:00,VNET,1.5149999856948853,1.5149999856948853,1.5149999856948853,1.5149999856948853,1.5149999856948853,2647.0
2024-04-24 11:14:00,VOD,8.5600004196167,8.5600004196167,8.569999694824219,8.555000305175781,8.555000305175781,95078.0
2024-04-24 11:14:00,VOR,1.7599999904632568,1.7599999904632568,1.7599999904632568,1.7549999952316284,1.7549999952316284,1023.0
2024-04-24 11:14:00,VRRM,24.329999923706055,24.329999923706055,24.329999923706055,24.325000762939453,24.325000762939453,1203.0
2024-04-24 11:14:00,VRTX,400.20001220703125,400.20001220703125,400.20001220703125,399.9100036621094,399.9100036621094,3511.0
2024-04-24 11:14:00,VSAT,16.249900817871094,16.249900817871094,16.249900817871094,16.229999542236328,16.229999542236328,1465.0
2024-04-24 11:14:00,VTNR,1.5884000062942505,1.5884000062942505,1.590000033378601,1.5850000381469727,1.5850000381469727,2619.0
2024-04-24 11:14:00,VTRS,11.354999542236328,11.354999542236328,11.354999542236328,11.354999542236328,11.354999542236328,2054.0
2024-04-24 11:14:00,VTSI,12.079999923706055,12.079999923706055,12.079999923706055,12.079999923706055,12.079999923706055,774.0
2024-04-24 11:14:00,WAFD,27.780000686645508,27.780000686645508,27.84000015258789,27.739999771118164,27.739999771118164,7415.0
2024-04-24 11:14:00,WB,8.305000305175781,8.305000305175781,8.3100004196167,8.303899765014648,8.3100004196167,1365.0
2024-04-24 11:14:00,WBA,17.709999084472656,17.709999084472656,17.709999084472656,17.704999923706055,17.709999084472656,5662.0
2024-04-24 11:14:00,WBD,8.280099868774414,8.280099868774414,8.28499984741211,8.279999732971191,8.28499984741211,9449.0
2024-04-24 11:14:00,WDAY,255.55999755859375,255.55999755859375,255.55999755859375,255.55999755859375,255.55999755859375,1227.0
2024-04-24 11:14:00,WDC,68.44999694824219,68.44999694824219,68.47000122070312,68.37999725341797,68.44999694824219,15225.0
2024-04-24 11:14:00,WEN,19.934999465942383,19.934999465942383,19.934999465942383,19.924999237060547,19.93000030517578,3654.0
2024-04-24 11:14:00,WFRD,122.55999755859375,122.55999755859375,122.55999755859375,122.55999755859375,122.55999755859375,824.0
2024-04-24 11:14:00,WHLM,6.550000190734863,6.550000190734863,6.550099849700928,6.550000190734863,6.550099849700928,5744.0
2024-04-24 11:14:00,WHLR,0.14319999516010284,0.14319999516010284,0.14319999516010284,0.14319999516010284,0.14319999516010284,30404.0
2024-04-24 11:14:00,WIMI,0.8934999704360962,0.8934999704360962,0.8934999704360962,0.8934999704360962,0.8934999704360962,2700.0
2024-04-24 11:14:00,WISA,6.227799892425537,6.227799892425537,6.25,6.1722002029418945,6.1722002029418945,21373.0
2024-04-24 11:14:00,WKHS,0.15940000116825104,0.15940000116825104,0.15960000455379486,0.15940000116825104,0.15950000286102295,11872.0
2024-04-24 11:14:00,WMG,32.04999923706055,32.04999923706055,32.06999969482422,32.04999923706055,32.06999969482422,1308.0
2024-04-24 11:14:00,WNEB,6.489999771118164,6.489999771118164,6.489999771118164,6.489999771118164,6.489999771118164,252.0
2024-04-24 11:14:00,WSBF,11.680000305175781,11.680000305175781,11.710000038146973,11.680000305175781,11.710000038146973,556.0
2024-04-24 11:14:00,WSC,37.68000030517578,37.68000030517578,37.69499969482422,37.68000030517578,37.68000030517578,5209.0
2024-04-24 11:14:00,WSFS,44.15999984741211,44.15999984741211,44.15999984741211,44.15999984741211,44.15999984741211,405.0
2024-04-24 11:14:00,WTFC,99.58999633789062,99.58999633789062,99.58999633789062,99.58999633789062,99.58999633789062,290.0
2024-04-24 11:14:00,WW,1.6799999475479126,1.6799999475479126,1.684999942779541,1.6799999475479126,1.684999942779541,1641.0
2024-04-24 11:14:00,WYNN,97.01000213623047,97.01000213623047,97.06999969482422,97.0,97.06999969482422,1911.0
2024-04-24 11:14:00,XEL,55.099998474121094,55.099998474121094,55.11000061035156,55.084999084472656,55.084999084472656,4612.0
2024-04-24 11:14:00,XERS,1.7649999856948853,1.7649999856948853,1.7649999856948853,1.7649999856948853,1.7649999856948853,5148.0
2024-04-24 11:14:00,XFOR,1.2649999856948853,1.2649999856948853,1.2649999856948853,1.2649999856948853,1.2649999856948853,963.0
2024-04-24 11:14:00,XNCR,18.135000228881836,18.135000228881836,18.135000228881836,18.1299991607666,18.1299991607666,343.0
2024-04-24 11:14:00,XP,20.274999618530273,20.274999618530273,20.280000686645508,20.274999618530273,20.274999618530273,1169.0
2024-04-24 11:14:00,XPEL,54.884700775146484,54.884700775146484,54.884700775146484,54.884700775146484,54.884700775146484,262.0
2024-04-24 11:14:00,XRX,14.427300453186035,14.427300453186035,14.449999809265137,14.414999961853027,14.414999961853027,13283.0
2024-04-24 11:14:00,YMAB,15.229999542236328,15.229999542236328,15.229999542236328,15.229999542236328,15.229999542236328,1003.0
2024-04-24 11:14:00,YTEN,0.24500000476837158,0.24500000476837158,0.24879999458789825,0.23999999463558197,0.24879999458789825,20000.0
2024-04-24 11:14:00,Z,43.59000015258789,43.59000015258789,43.59000015258789,43.470001220703125,43.470001220703125,9470.0
2024-04-24 11:14:00,ZAPPW,0.007000000216066837,0.007000000216066837,0.007300000172108412,0.007000000216066837,0.007300000172108412,26935.0
2024-04-24 11:14:00,ZCMD,1.649999976158142,1.649999976158142,1.649999976158142,1.649999976158142,1.649999976158142,236.0
2024-04-24 11:14:00,ZD,51.40999984741211,51.40999984741211,51.415000915527344,51.40999984741211,51.415000915527344,388.0
2024-04-24 11:14:00,ZG,42.994998931884766,42.994998931884766,43.0,42.95000076293945,42.95000076293945,1415.0
2024-04-24 11:14:00,ZI,15.770000457763672,15.770000457763672,15.774999618530273,15.765000343322754,15.774999618530273,5754.0
2024-04-24 11:14:00,ZION,41.869998931884766,41.869998931884766,41.88999938964844,41.869998931884766,41.88999938964844,2200.0
2024-04-24 11:14:00,ZLAB,15.779999732971191,15.779999732971191,15.779999732971191,15.779999732971191,15.779999732971191,1026.0
2024-04-24 11:14:00,ZM,61.119998931884766,61.119998931884766,61.130001068115234,61.119998931884766,61.119998931884766,2125.0
2024-04-24 11:14:00,ZNTL,12.300000190734863,12.300000190734863,12.300000190734863,12.300000190734863,12.300000190734863,425.0
2024-04-24 11:14:00,ZUMZ,16.889999389648438,16.889999389648438,16.889999389648438,16.889999389648438,16.889999389648438,460.0
2024-04-24 11:14:00,ZURA,3.2200000286102295,3.2200000286102295,3.2200000286102295,3.2200000286102295,3.2200000286102295,0.0
2024-04-24 11:14:00,ZVSA,0.5764999985694885,0.5764999985694885,0.5764999985694885,0.5764999985694885,0.5764999985694885,256.0
2024-04-24 11:15:00,COCO,23.809999465942383,23.809999465942383,23.860000610351562,23.780000686645508,23.860000610351562,1665.0
2024-04-24 11:15:00,DSP,8.78499984741211,8.78499984741211,8.78499984741211,8.78499984741211,8.78499984741211,536.0
2024-04-24 11:15:00,EGHT,2.2850000858306885,2.2850000858306885,2.2850000858306885,2.2850000858306885,2.2850000858306885,211.0
2024-04-24 11:15:00,ETNB,8.744999885559082,8.744999885559082,8.744999885559082,8.744999885559082,8.744999885559082,103.0
2024-04-24 11:15:00,FEAM,1.159999966621399,1.159999966621399,1.159999966621399,1.159999966621399,1.159999966621399,225.0
2024-04-24 11:15:00,FLWS,9.229999542236328,9.229999542236328,9.239999771118164,9.229999542236328,9.239999771118164,1542.0
2024-04-24 11:15:00,FREE,4.809999942779541,4.809999942779541,4.809999942779541,4.809999942779541,4.809999942779541,249.0
2024-04-24 11:15:00,MASS,5.579999923706055,5.579999923706055,5.579999923706055,5.579999923706055,5.579999923706055,384.0
2024-04-24 11:15:00,ME,0.48559999465942383,0.48559999465942383,0.49079999327659607,0.48339998722076416,0.49079999327659607,16204.0
2024-04-24 11:15:00,SEAT,5.804999828338623,5.804999828338623,5.809999942779541,5.800000190734863,5.809999942779541,25773.0
2024-04-24 11:15:00,TSVT,4.369999885559082,4.369999885559082,4.380000114440918,4.369999885559082,4.380000114440918,5428.0
2024-04-24 11:15:00,TWOU,0.23309999704360962,0.23309999704360962,0.23430000245571136,0.23309999704360962,0.23309999704360962,3886.0
2024-04-24 11:15:00,TXG,27.1200008392334,27.1200008392334,27.149999618530273,27.110000610351562,27.145000457763672,5572.0
2024-04-24 11:15:00,VERU,1.3250000476837158,1.3250000476837158,1.3250000476837158,1.3200000524520874,1.3200000524520874,3362.0
2024-04-24 11:15:00,VERV,6.78000020980835,6.78000020980835,6.789999961853027,6.78000020980835,6.78000020980835,2297.0
2024-04-24 11:15:00,VERX,28.950000762939453,28.950000762939453,28.9950008392334,28.940000534057617,28.9950008392334,4510.0
2024-04-24 11:15:00,VFS,2.4651999473571777,2.4651999473571777,2.4697000980377197,2.4649999141693115,2.466399908065796,8643.0
2024-04-24 11:15:00,VICR,33.470001220703125,33.470001220703125,33.470001220703125,33.470001220703125,33.470001220703125,912.0
2024-04-24 11:15:00,VIGL,2.7899999618530273,2.7899999618530273,2.7899999618530273,2.7899999618530273,2.7899999618530273,262.0
2024-04-24 11:15:00,VIR,8.130000114440918,8.130000114440918,8.130000114440918,8.125,8.125,1034.0
2024-04-24 11:15:00,VIRT,22.09000015258789,22.09000015258789,22.1200008392334,22.079999923706055,22.110000610351562,5329.0
2024-04-24 11:15:00,VITL,26.889999389648438,26.889999389648438,26.889999389648438,26.889999389648438,26.889999389648438,418.0
2024-04-24 11:15:00,VKTX,65.87999725341797,65.87999725341797,66.04499816894531,65.87999725341797,66.04499816894531,3582.0
2024-04-24 11:15:00,VMEO,3.549999952316284,3.549999952316284,3.549999952316284,3.5450000762939453,3.5450000762939453,3000.0
2024-04-24 11:15:00,VNOM,40.0,40.0,40.0,39.959999084472656,39.959999084472656,1732.0
2024-04-24 11:15:00,VOD,8.561400413513184,8.561400413513184,8.5649995803833,8.5600004196167,8.5649995803833,10837.0
2024-04-24 11:15:00,VOR,1.75,1.75,1.7599999904632568,1.75,1.7599999904632568,1133.0
2024-04-24 11:15:00,VRCA,6.829999923706055,6.829999923706055,6.829999923706055,6.78000020980835,6.78000020980835,11459.0
2024-04-24 11:15:00,VRDN,13.649999618530273,13.649999618530273,13.65999984741211,13.642499923706055,13.642499923706055,2125.0
2024-04-24 11:15:00,VRRM,24.309999465942383,24.309999465942383,24.309999465942383,24.309999465942383,24.309999465942383,543.0
2024-04-24 11:15:00,VSAT,16.18000030517578,16.18000030517578,16.219999313354492,16.18000030517578,16.219999313354492,1745.0
2024-04-24 11:15:00,VTNR,1.5850000381469727,1.5850000381469727,1.5850000381469727,1.5850000381469727,1.5850000381469727,3457.0
2024-04-24 11:15:00,VTRS,11.354000091552734,11.354000091552734,11.359999656677246,11.354000091552734,11.354999542236328,2414.0
2024-04-24 11:15:00,VUZI,1.315000057220459,1.315000057220459,1.315000057220459,1.309999942779541,1.309999942779541,323.0
2024-04-24 11:15:00,WABC,47.16999816894531,47.16999816894531,47.16999816894531,47.16999816894531,47.16999816894531,636.0
2024-04-24 11:15:00,WAFD,27.75,27.75,27.764999389648438,27.75,27.764999389648438,794.0
2024-04-24 11:15:00,WASH,26.0,26.0,26.0,26.0,26.0,993.0
2024-04-24 11:15:00,WB,8.28499984741211,8.28499984741211,8.300600051879883,8.28499984741211,8.300600051879883,4164.0
2024-04-24 11:15:00,WBA,17.71500015258789,17.71500015258789,17.71500015258789,17.69499969482422,17.709999084472656,27079.0
2024-04-24 11:15:00,WBD,8.265000343322754,8.265000343322754,8.279999732971191,8.260000228881836,8.279999732971191,134999.0
2024-04-24 11:15:00,WDAY,255.72999572753906,255.72999572753906,255.7550048828125,255.61000061035156,255.6999969482422,3667.0
2024-04-24 11:15:00,WDC,68.37999725341797,68.37999725341797,68.44999694824219,68.33999633789062,68.44999694824219,5987.0
2024-04-24 11:15:00,WEN,19.924999237060547,19.924999237060547,19.934999465942383,19.924999237060547,19.934999465942383,4691.0
2024-04-24 11:15:00,WERN,35.345001220703125,35.345001220703125,35.345001220703125,35.345001220703125,35.345001220703125,600.0
2024-04-24 11:15:00,WEST,9.899999618530273,9.899999618530273,9.899999618530273,9.899999618530273,9.899999618530273,230.0
2024-04-24 11:15:00,WHLM,6.599999904632568,6.599999904632568,6.599999904632568,6.599999904632568,6.599999904632568,681.0
2024-04-24 11:15:00,WISA,6.119999885559082,6.119999885559082,6.219299793243408,6.119999885559082,6.219299793243408,30325.0
2024-04-24 11:15:00,WIX,123.44999694824219,123.44999694824219,123.45999908447266,123.44999694824219,123.45999908447266,3772.0
2024-04-24 11:15:00,WKHS,0.15940000116825104,0.15940000116825104,0.15970000624656677,0.15940000116825104,0.15960000455379486,8467.0
2024-04-24 11:15:00,WKSP,0.3700000047683716,0.3700000047683716,0.3700000047683716,0.3700000047683716,0.3700000047683716,510.0
2024-04-24 11:15:00,WMG,32.04999923706055,32.04999923706055,32.04999923706055,32.04999923706055,32.04999923706055,808.0
2024-04-24 11:15:00,WSC,37.689998626708984,37.689998626708984,37.689998626708984,37.68000030517578,37.689998626708984,1983.0
2024-04-24 11:15:00,WSFS,44.150001525878906,44.150001525878906,44.150001525878906,44.150001525878906,44.150001525878906,1253.0
2024-04-24 11:15:00,WTW,263.9800109863281,263.9800109863281,263.9800109863281,263.9100036621094,263.9100036621094,464.0
2024-04-24 11:15:00,WVE,5.090000152587891,5.090000152587891,5.090000152587891,5.079999923706055,5.079999923706055,4796.0
2024-04-24 11:15:00,WW,1.684999942779541,1.684999942779541,1.684999942779541,1.6799999475479126,1.6799999475479126,1800.0
2024-04-24 11:15:00,WYNN,97.0999984741211,97.0999984741211,97.16000366210938,97.08000183105469,97.08999633789062,3003.0
2024-04-24 11:15:00,XEL,55.1349983215332,55.1349983215332,55.150001525878906,55.10499954223633,55.11000061035156,4907.0
2024-04-24 11:15:00,XERS,1.7599999904632568,1.7599999904632568,1.7599999904632568,1.7599999904632568,1.7599999904632568,1000.0
2024-04-24 11:15:00,XFOR,1.2690999507904053,1.2690999507904053,1.2699999809265137,1.2649999856948853,1.2699999809265137,677.0
2024-04-24 11:15:00,XMTR,16.799999237060547,16.799999237060547,16.799999237060547,16.799999237060547,16.799999237060547,2506.0
2024-04-24 11:15:00,XNCR,18.1200008392334,18.1200008392334,18.135000228881836,18.1200008392334,18.135000228881836,805.0
2024-04-24 11:15:00,XP,20.274999618530273,20.274999618530273,20.280000686645508,20.264999389648438,20.280000686645508,12824.0
2024-04-24 11:15:00,XRX,14.412500381469727,14.412500381469727,14.425000190734863,14.40999984741211,14.425000190734863,6568.0
2024-04-24 11:15:00,XXII,1.829800009727478,1.829800009727478,1.8300000429153442,1.8250000476837158,1.8250000476837158,5191.0
2024-04-24 11:15:00,YTEN,0.24490000307559967,0.24490000307559967,0.24889999628067017,0.23999999463558197,0.24889999628067017,137320.0
2024-04-24 11:15:00,Z,43.61000061035156,43.61000061035156,43.61000061035156,43.58000183105469,43.595001220703125,5649.0
2024-04-24 11:15:00,ZAPPW,0.007000000216066837,0.007000000216066837,0.007000000216066837,0.007000000216066837,0.007000000216066837,58484.0
2024-04-24 11:15:00,ZD,51.40999984741211,51.40999984741211,51.40999984741211,51.40999984741211,51.40999984741211,1874.0
2024-04-24 11:15:00,ZG,43.03499984741211,43.03499984741211,43.060001373291016,43.029998779296875,43.029998779296875,1595.0
2024-04-24 11:15:00,ZI,15.770000457763672,15.770000457763672,15.770000457763672,15.770000457763672,15.770000457763672,717.0
2024-04-24 11:15:00,ZIMV,15.789999961853027,15.789999961853027,15.795000076293945,15.789999961853027,15.795000076293945,657.0
2024-04-24 11:15:00,ZION,41.88999938964844,41.88999938964844,41.88999938964844,41.86000061035156,41.86000061035156,1790.0
2024-04-24 11:15:00,ZLAB,15.779999732971191,15.779999732971191,15.800000190734863,15.779999732971191,15.798299789428711,1036.0
2024-04-24 11:15:00,ZM,61.11000061035156,61.11000061035156,61.130001068115234,61.08000183105469,61.119998931884766,8813.0
2024-04-24 11:15:00,ZS,177.86500549316406,177.86500549316406,178.10000610351562,177.86500549316406,178.10000610351562,3552.0
2024-04-24 11:15:00,ZURA,3.2200000286102295,3.2200000286102295,3.2200000286102295,3.2200000286102295,3.2200000286102295,100.0
2024-04-24 11:15:00,ZYME,8.619999885559082,8.619999885559082,8.619999885559082,8.619999885559082,8.619999885559082,200.0
2024-04-24 11:16:00,COCO,23.815000534057617,23.815000534057617,23.815000534057617,23.815000534057617,23.815000534057617,313.0
2024-04-24 11:16:00,EGHT,2.2850000858306885,2.2850000858306885,2.2850000858306885,2.2850000858306885,2.2850000858306885,238.0
2024-04-24 11:16:00,ETNB,8.739999771118164,8.739999771118164,8.739999771118164,8.739999771118164,8.739999771118164,172.0
2024-04-24 11:16:00,FLWS,9.239999771118164,9.239999771118164,9.239999771118164,9.239999771118164,9.239999771118164,341.0
2024-04-24 11:16:00,FREE,4.820000171661377,4.820000171661377,4.820000171661377,4.820000171661377,4.820000171661377,214.0
2024-04-24 11:16:00,MAPS,1.090000033378601,1.090000033378601,1.100000023841858,1.090000033378601,1.100000023841858,707.0
2024-04-24 11:16:00,PET,2.2298998832702637,2.2298998832702637,2.2298998832702637,2.2298998832702637,2.2298998832702637,3200.0
2024-04-24 11:16:00,SEAT,5.804999828338623,5.804999828338623,5.809999942779541,5.800000190734863,5.800000190734863,10493.0
2024-04-24 11:16:00,TWOU,0.23829999566078186,0.23829999566078186,0.23829999566078186,0.23309999704360962,0.23309999704360962,54372.0
2024-04-24 11:16:00,TXG,27.110000610351562,27.110000610351562,27.110000610351562,27.110000610351562,27.110000610351562,161.0
2024-04-24 11:16:00,VCTR,49.52000045776367,49.52000045776367,49.59000015258789,49.52000045776367,49.59000015258789,1695.0
2024-04-24 11:16:00,VERU,1.3200000524520874,1.3200000524520874,1.3200000524520874,1.3200000524520874,1.3200000524520874,600.0
2024-04-24 11:16:00,VERV,6.769999980926514,6.769999980926514,6.769999980926514,6.769999980926514,6.769999980926514,815.0
2024-04-24 11:16:00,VERX,28.940000534057617,28.940000534057617,28.954999923706055,28.940000534057617,28.954999923706055,41214.0
2024-04-24 11:16:00,VFF,1.3200000524520874,1.3200000524520874,1.3200000524520874,1.3200000524520874,1.3200000524520874,0.0
2024-04-24 11:16:00,VIAV,7.889999866485596,7.889999866485596,7.889999866485596,7.889999866485596,7.889999866485596,3457.0
2024-04-24 11:16:00,VIR,8.135000228881836,8.135000228881836,8.135000228881836,8.135000228881836,8.135000228881836,1572.0
2024-04-24 11:16:00,VIRT,22.06999969482422,22.06999969482422,22.079999923706055,22.06999969482422,22.079999923706055,543.0
2024-04-24 11:16:00,VKTX,65.98500061035156,65.98500061035156,65.98500061035156,65.98500061035156,65.98500061035156,354.0
2024-04-24 11:16:00,VOD,8.560099601745605,8.560099601745605,8.5649995803833,8.560099601745605,8.5649995803833,4020.0
2024-04-24 11:16:00,VRDN,13.619999885559082,13.619999885559082,13.640000343322754,13.619999885559082,13.640000343322754,2380.0
2024-04-24 11:16:00,VRRM,24.34000015258789,24.34000015258789,24.34000015258789,24.31999969482422,24.31999969482422,2832.0
2024-04-24 11:16:00,VSAT,16.204999923706055,16.204999923706055,16.209999084472656,16.190000534057617,16.190000534057617,1102.0
2024-04-24 11:16:00,VTGN,4.691299915313721,4.691299915313721,4.699999809265137,4.691299915313721,4.699999809265137,1273.0
2024-04-24 11:16:00,VTNR,1.5850000381469727,1.5850000381469727,1.5850000381469727,1.5850000381469727,1.5850000381469727,406.0
2024-04-24 11:16:00,VTRS,11.352499961853027,11.352499961853027,11.352499961853027,11.352499961853027,11.352499961853027,130.0
2024-04-24 11:16:00,VYGR,7.554999828338623,7.554999828338623,7.554999828338623,7.554999828338623,7.554999828338623,257.0
2024-04-24 11:16:00,WB,8.289999961853027,8.289999961853027,8.289999961853027,8.28499984741211,8.28499984741211,1260.0
2024-04-24 11:16:00,WBA,17.71500015258789,17.71500015258789,17.719999313354492,17.709999084472656,17.709999084472656,6806.0
2024-04-24 11:16:00,WBD,8.274999618530273,8.274999618530273,8.274999618530273,8.260000228881836,8.260600090026855,78008.0
2024-04-24 11:16:00,WDAY,255.8000030517578,255.8000030517578,255.80999755859375,255.8000030517578,255.80999755859375,857.0
2024-04-24 11:16:00,WDC,68.33000183105469,68.33000183105469,68.38999938964844,68.33000183105469,68.375,2007.0
2024-04-24 11:16:00,WEN,19.924999237060547,19.924999237060547,19.934999465942383,19.924999237060547,19.93000030517578,2660.0
2024-04-24 11:16:00,WERN,35.352500915527344,35.352500915527344,35.35499954223633,35.352500915527344,35.35499954223633,108.0
2024-04-24 11:16:00,WFRD,122.33080291748047,122.33080291748047,122.33080291748047,122.33080291748047,122.33080291748047,586.0
2024-04-24 11:16:00,WIMI,0.8876000046730042,0.8876000046730042,0.8949999809265137,0.8876000046730042,0.8949999809265137,6620.0
2024-04-24 11:16:00,WING,362.3550109863281,362.3550109863281,362.3550109863281,362.3550109863281,362.3550109863281,335.0
2024-04-24 11:16:00,WISA,6.15500020980835,6.15500020980835,6.172599792480469,6.119999885559082,6.1280999183654785,9498.0
2024-04-24 11:16:00,WKHS,0.15960000455379486,0.15960000455379486,0.15960000455379486,0.15960000455379486,0.15960000455379486,740.0
2024-04-24 11:16:00,WMG,32.05500030517578,32.05500030517578,32.05500030517578,32.05500030517578,32.05500030517578,711.0
2024-04-24 11:16:00,WSC,37.685001373291016,37.685001373291016,37.69499969482422,37.685001373291016,37.69499969482422,1383.0
2024-04-24 11:16:00,WSFS,44.185001373291016,44.185001373291016,44.185001373291016,44.185001373291016,44.185001373291016,2437.0
2024-04-24 11:16:00,WTFC,99.55000305175781,99.55000305175781,99.55000305175781,99.54000091552734,99.54000091552734,708.0
2024-04-24 11:16:00,WTW,263.9049987792969,263.9049987792969,263.9049987792969,263.9049987792969,263.9049987792969,627.0
2024-04-24 11:16:00,WVE,5.110000133514404,5.110000133514404,5.110000133514404,5.099999904632568,5.099999904632568,1082.0
2024-04-24 11:16:00,WW,1.684999942779541,1.684999942779541,1.684999942779541,1.684999942779541,1.684999942779541,200.0
2024-04-24 11:16:00,WYNN,96.9800033569336,96.9800033569336,97.08499908447266,96.9800033569336,97.08499908447266,2053.0
2024-04-24 11:16:00,XBIT,8.300000190734863,8.300000190734863,8.300000190734863,8.300000190734863,8.300000190734863,309.0
2024-04-24 11:16:00,XEL,55.19499969482422,55.19499969482422,55.19499969482422,55.150001525878906,55.150001525878906,3215.0
2024-04-24 11:16:00,XFOR,1.2699999809265137,1.2699999809265137,1.2699999809265137,1.2699999809265137,1.2699999809265137,15131.0
2024-04-24 11:16:00,XMTR,16.799999237060547,16.799999237060547,16.799999237060547,16.799999237060547,16.799999237060547,342.0
2024-04-24 11:16:00,XP,20.270299911499023,20.270299911499023,20.274999618530273,20.270299911499023,20.274999618530273,1257.0
2024-04-24 11:16:00,XPEL,54.91999816894531,54.91999816894531,54.91999816894531,54.91999816894531,54.91999816894531,316.0
2024-04-24 11:16:00,XRX,14.40999984741211,14.40999984741211,14.420000076293945,14.40999984741211,14.420000076293945,3202.0
2024-04-24 11:16:00,XXII,1.8300000429153442,1.8300000429153442,1.840000033378601,1.8284000158309937,1.8353999853134155,5466.0
2024-04-24 11:16:00,YTEN,0.24490000307559967,0.24490000307559967,0.24500000476837158,0.24480000138282776,0.24490000307559967,2261.0
2024-04-24 11:16:00,Z,43.58000183105469,43.58000183105469,43.627498626708984,43.58000183105469,43.627498626708984,2448.0
2024-04-24 11:16:00,ZBRA,275.93499755859375,275.93499755859375,276.0199890136719,275.8299865722656,276.0199890136719,1905.0
2024-04-24 11:16:00,ZCMD,1.649899959564209,1.649899959564209,1.649899959564209,1.649899959564209,1.649899959564209,4374.0
2024-04-24 11:16:00,ZD,51.375,51.375,51.375,51.36000061035156,51.36000061035156,411.0
2024-04-24 11:16:00,ZG,43.0099983215332,43.0099983215332,43.040000915527344,43.0099983215332,43.040000915527344,1184.0
2024-04-24 11:16:00,ZI,15.774999618530273,15.774999618530273,15.774999618530273,15.774999618530273,15.774999618530273,269.0
2024-04-24 11:16:00,ZION,41.900001525878906,41.900001525878906,41.900001525878906,41.88999938964844,41.88999938964844,1674.0
2024-04-24 11:16:00,ZLAB,15.779999732971191,15.779999732971191,15.779999732971191,15.779999732971191,15.779999732971191,588.0
2024-04-24 11:16:00,ZM,61.11000061035156,61.11000061035156,61.119998931884766,61.09000015258789,61.099998474121094,2324.0
2024-04-24 11:16:00,ZNTL,12.279999732971191,12.279999732971191,12.279999732971191,12.279999732971191,12.279999732971191,132.0
2024-04-24 11:16:00,ZVSA,0.5751000046730042,0.5751000046730042,0.5751000046730042,0.5751000046730042,0.5751000046730042,3334.0
2024-04-24 11:17:00,COCO,23.84000015258789,23.84000015258789,23.850000381469727,23.84000015258789,23.84000015258789,1455.0
2024-04-24 11:17:00,EGHT,2.2899999618530273,2.2899999618530273,2.2899999618530273,2.2899999618530273,2.2899999618530273,299.0
2024-04-24 11:17:00,ETNB,8.75,8.75,8.75,8.739999771118164,8.739999771118164,266.0
2024-04-24 11:17:00,FREE,4.820000171661377,4.820000171661377,4.820000171661377,4.820000171661377,4.820000171661377,3208.0
2024-04-24 11:17:00,ME,0.4832000136375427,0.4832000136375427,0.48500001430511475,0.4832000136375427,0.48339998722076416,952.0
2024-04-24 11:17:00,SEAT,5.804999828338623,5.804999828338623,5.804999828338623,5.804999828338623,5.804999828338623,555.0
2024-04-24 11:17:00,TKLF,0.2282000035047531,0.2282000035047531,0.2282000035047531,0.2282000035047531,0.2282000035047531,230.0
2024-04-24 11:17:00,TSVT,4.366199970245361,4.366199970245361,4.366199970245361,4.366199970245361,4.366199970245361,532.0
2024-04-24 11:17:00,TWOU,0.2363000065088272,0.2363000065088272,0.23989999294281006,0.2363000065088272,0.23989999294281006,214.0
2024-04-24 11:17:00,TXG,27.170000076293945,27.170000076293945,27.170000076293945,27.104999542236328,27.110000610351562,14704.0
2024-04-24 11:17:00,VCTR,49.47999954223633,49.47999954223633,49.4900016784668,49.470001220703125,49.470001220703125,1063.0
2024-04-24 11:17:00,VERU,1.3200000524520874,1.3200000524520874,1.3200000524520874,1.3200000524520874,1.3200000524520874,2215.0
2024-04-24 11:17:00,VERX,28.8700008392334,28.8700008392334,28.950000762939453,28.864999771118164,28.93000030517578,4260.0
2024-04-24 11:17:00,VFS,2.4700000286102295,2.4700000286102295,2.4700000286102295,2.4649999141693115,2.4649999141693115,6946.0
2024-04-24 11:17:00,VIAV,7.889999866485596,7.889999866485596,7.894999980926514,7.889999866485596,7.889999866485596,1443.0
2024-04-24 11:17:00,VIR,8.135000228881836,8.135000228881836,8.135000228881836,8.135000228881836,8.135000228881836,153.0
2024-04-24 11:17:00,VIRC,10.680000305175781,10.680000305175781,10.680000305175781,10.680000305175781,10.680000305175781,263.0
2024-04-24 11:17:00,VIRI,0.4578999876976013,0.4578999876976013,0.4578999876976013,0.45399999618530273,0.45399999618530273,10795.0
2024-04-24 11:17:00,VIRT,22.040000915527344,22.040000915527344,22.040000915527344,22.040000915527344,22.040000915527344,4292.0
2024-04-24 11:17:00,VITL,26.8799991607666,26.8799991607666,26.899999618530273,26.8799991607666,26.899999618530273,1614.0
2024-04-24 11:17:00,VKTX,66.06500244140625,66.06500244140625,66.08000183105469,65.93000030517578,65.93000030517578,3754.0
2024-04-24 11:17:00,VMEO,3.549999952316284,3.549999952316284,3.559999942779541,3.549999952316284,3.549999952316284,4274.0
2024-04-24 11:17:00,VNOM,40.02000045776367,40.02000045776367,40.02000045776367,40.02000045776367,40.02000045776367,297.0
2024-04-24 11:17:00,VOD,8.574999809265137,8.574999809265137,8.576000213623047,8.569999694824219,8.569999694824219,23882.0
2024-04-24 11:17:00,VRRM,24.34000015258789,24.34000015258789,24.34000015258789,24.34000015258789,24.34000015258789,1385.0
2024-04-24 11:17:00,VRTX,400.32000732421875,400.32000732421875,400.32000732421875,400.239990234375,400.239990234375,967.0
2024-04-24 11:17:00,VSAT,16.225000381469727,16.225000381469727,16.225000381469727,16.219999313354492,16.219999313354492,936.0
2024-04-24 11:17:00,VTGN,4.699999809265137,4.699999809265137,4.699999809265137,4.699999809265137,4.699999809265137,314.0
2024-04-24 11:17:00,VTNR,1.590000033378601,1.590000033378601,1.590000033378601,1.5850000381469727,1.5850000381469727,5224.0
2024-04-24 11:17:00,VTRS,11.359999656677246,11.359999656677246,11.359999656677246,11.354999542236328,11.354999542236328,3809.0
2024-04-24 11:17:00,VUZI,1.315000057220459,1.315000057220459,1.315000057220459,1.309999942779541,1.309999942779541,5998.0
2024-04-24 11:17:00,VYGR,7.554999828338623,7.554999828338623,7.554999828338623,7.554999828338623,7.554999828338623,117.0
2024-04-24 11:17:00,WAFD,27.81999969482422,27.81999969482422,27.81999969482422,27.81999969482422,27.81999969482422,249.0
2024-04-24 11:17:00,WB,8.289999961853027,8.289999961853027,8.295000076293945,8.289999961853027,8.295000076293945,1594.0
2024-04-24 11:17:00,WBA,17.727500915527344,17.727500915527344,17.729900360107422,17.71500015258789,17.719999313354492,41897.0
2024-04-24 11:17:00,WBD,8.28499984741211,8.28499984741211,8.289999961853027,8.270000457763672,8.274999618530273,142545.0
2024-04-24 11:17:00,WDAY,255.82000732421875,255.82000732421875,255.82000732421875,255.7449951171875,255.7449951171875,1769.0
2024-04-24 11:17:00,WDC,68.38500213623047,68.38500213623047,68.41000366210938,68.2699966430664,68.2699966430664,11995.0
2024-04-24 11:17:00,WEN,19.924999237060547,19.924999237060547,19.924999237060547,19.920000076293945,19.924999237060547,718.0
2024-04-24 11:17:00,WERN,35.35499954223633,35.35499954223633,35.35499954223633,35.35499954223633,35.35499954223633,310.0
2024-04-24 11:17:00,WEST,9.90999984741211,9.90999984741211,9.90999984741211,9.90999984741211,9.90999984741211,686.0
2024-04-24 11:17:00,WFRD,122.7300033569336,122.7300033569336,122.7300033569336,122.40499877929688,122.55999755859375,2420.0
2024-04-24 11:17:00,WHLM,6.574999809265137,6.574999809265137,6.599899768829346,6.550000190734863,6.573500156402588,4078.0
2024-04-24 11:17:00,WIMI,0.8956999778747559,0.8956999778747559,0.8956999778747559,0.8889999985694885,0.8889999985694885,21710.0
2024-04-24 11:17:00,WING,362.82000732421875,362.82000732421875,362.989990234375,362.75,362.75,1482.0
2024-04-24 11:17:00,WINT,5.159999847412109,5.159999847412109,5.159999847412109,5.159999847412109,5.159999847412109,350.0
2024-04-24 11:17:00,WISA,6.135000228881836,6.135000228881836,6.149899959564209,6.135000228881836,6.139999866485596,9649.0
2024-04-24 11:17:00,WKHS,0.15960000455379486,0.15960000455379486,0.15960000455379486,0.1589999943971634,0.15960000455379486,1890.0
2024-04-24 11:17:00,WLDS,0.4855000078678131,0.4855000078678131,0.4855000078678131,0.4855000078678131,0.4855000078678131,238.0
2024-04-24 11:17:00,WMG,32.060001373291016,32.060001373291016,32.060001373291016,32.060001373291016,32.060001373291016,914.0
2024-04-24 11:17:00,WNEB,6.5,6.5,6.5,6.5,6.5,1526.0
2024-04-24 11:17:00,WSC,37.7400016784668,37.7400016784668,37.7400016784668,37.709999084472656,37.709999084472656,3535.0
2024-04-24 11:17:00,WSFS,44.220001220703125,44.220001220703125,44.23500061035156,44.220001220703125,44.23500061035156,549.0
2024-04-24 11:17:00,WTFC,99.70999908447266,99.70999908447266,99.70999908447266,99.70999908447266,99.70999908447266,702.0
2024-04-24 11:17:00,WW,1.6799999475479126,1.6799999475479126,1.6799999475479126,1.6799999475479126,1.6799999475479126,1040.0
2024-04-24 11:17:00,XEL,55.220001220703125,55.220001220703125,55.22999954223633,55.15999984741211,55.15999984741211,9809.0
2024-04-24 11:17:00,XFOR,1.2699999809265137,1.2699999809265137,1.2699999809265137,1.2699999809265137,1.2699999809265137,558.0
2024-04-24 11:17:00,XLO,1.0736000537872314,1.0736000537872314,1.0736000537872314,1.0736000537872314,1.0736000537872314,0.0
2024-04-24 11:17:00,XMTR,16.81999969482422,16.81999969482422,16.829999923706055,16.81999969482422,16.81999969482422,1741.0
2024-04-24 11:17:00,XP,20.270000457763672,20.270000457763672,20.280000686645508,20.260000228881836,20.274999618530273,15755.0
2024-04-24 11:17:00,XRX,14.444999694824219,14.444999694824219,14.46500015258789,14.440299987792969,14.449999809265137,13814.0
2024-04-24 11:17:00,XXII,1.8200000524520874,1.8200000524520874,1.8305000066757202,1.8200000524520874,1.8305000066757202,4955.0
2024-04-24 11:17:00,Z,43.59000015258789,43.59000015258789,43.59000015258789,43.59000015258789,43.59000015258789,729.0
2024-04-24 11:17:00,ZAPP,4.539999961853027,4.539999961853027,4.539999961853027,4.539999961853027,4.539999961853027,227.0
2024-04-24 11:17:00,ZAPPW,0.007300000172108412,0.007300000172108412,0.007300000172108412,0.007300000172108412,0.007300000172108412,2772.0
2024-04-24 11:17:00,ZBRA,276.1747131347656,276.1747131347656,276.1747131347656,276.1747131347656,276.1747131347656,376.0
2024-04-24 11:17:00,ZD,51.51499938964844,51.51499938964844,51.51499938964844,51.51499938964844,51.51499938964844,2038.0
2024-04-24 11:17:00,ZG,43.00400161743164,43.00400161743164,43.00400161743164,43.00400161743164,43.00400161743164,202.0
2024-04-24 11:17:00,ZI,15.779999732971191,15.779999732971191,15.78499984741211,15.774999618530273,15.774999618530273,3874.0
2024-04-24 11:17:00,ZION,41.88999938964844,41.88999938964844,41.90999984741211,41.88999938964844,41.90999984741211,4671.0
2024-04-24 11:17:00,ZLAB,15.789999961853027,15.789999961853027,15.789999961853027,15.770000457763672,15.770000457763672,1883.0
2024-04-24 11:17:00,ZM,61.16999816894531,61.16999816894531,61.20000076293945,61.130001068115234,61.15999984741211,14776.0
2024-04-24 11:17:00,ZNTL,12.319999694824219,12.319999694824219,12.319999694824219,12.319999694824219,12.319999694824219,458.0
2024-04-24 11:17:00,ZS,178.10000610351562,178.10000610351562,178.10000610351562,178.07989501953125,178.07989501953125,1140.0
2024-04-24 11:17:00,ZUMZ,16.920000076293945,16.920000076293945,16.920000076293945,16.920000076293945,16.920000076293945,1010.0
2024-04-24 11:17:00,ZURA,3.2200000286102295,3.2200000286102295,3.2200000286102295,3.2200000286102295,3.2200000286102295,2052.0
2024-04-24 11:18:00,EGHT,2.2899999618530273,2.2899999618530273,2.2899999618530273,2.2899999618530273,2.2899999618530273,362.0
2024-04-24 11:18:00,ME,0.4821000099182129,0.4821000099182129,0.4821000099182129,0.4821000099182129,0.4821000099182129,720.0
2024-04-24 11:18:00,TSVT,4.360099792480469,4.360099792480469,4.360199928283691,4.360000133514404,4.360099792480469,2564.0
2024-04-24 11:18:00,TWOU,0.2362000048160553,0.2362000048160553,0.23980000615119934,0.23260000348091125,0.2363000065088272,2749.0
2024-04-24 11:18:00,TXG,27.190000534057617,27.190000534057617,27.190000534057617,27.170000076293945,27.170000076293945,1640.0
2024-04-24 11:18:00,VC,110.54000091552734,110.54000091552734,110.54000091552734,110.54000091552734,110.54000091552734,507.0
2024-04-24 11:18:00,VCTR,49.36000061035156,49.36000061035156,49.5,49.36000061035156,49.459999084472656,6701.0
2024-04-24 11:18:00,VERU,1.3200000524520874,1.3200000524520874,1.3200000524520874,1.3200000524520874,1.3200000524520874,651.0
2024-04-24 11:18:00,VERV,6.760000228881836,6.760000228881836,6.775000095367432,6.760000228881836,6.775000095367432,744.0
2024-04-24 11:18:00,VERX,28.850000381469727,28.850000381469727,28.8700008392334,28.850000381469727,28.850000381469727,914.0
2024-04-24 11:18:00,VFF,1.315000057220459,1.315000057220459,1.315000057220459,1.315000057220459,1.315000057220459,2432.0
2024-04-24 11:18:00,VFS,2.469899892807007,2.469899892807007,2.469899892807007,2.4649999141693115,2.4649999141693115,4311.0
2024-04-24 11:18:00,VIRT,22.045000076293945,22.045000076293945,22.049999237060547,21.992000579833984,22.040000915527344,9825.0
2024-04-24 11:18:00,VITL,26.8700008392334,26.8700008392334,26.8799991607666,26.850000381469727,26.8700008392334,1990.0
2024-04-24 11:18:00,VIVK,1.5700000524520874,1.5700000524520874,1.5700000524520874,1.5700000524520874,1.5700000524520874,1004.0
2024-04-24 11:18:00,VKTX,66.05000305175781,66.05000305175781,66.05000305175781,65.98999786376953,66.0,2692.0
2024-04-24 11:18:00,VMEO,3.559999942779541,3.559999942779541,3.559999942779541,3.555000066757202,3.559999942779541,3160.0
2024-04-24 11:18:00,VNOM,40.06999969482422,40.06999969482422,40.06999969482422,40.060001373291016,40.060001373291016,366.0
2024-04-24 11:18:00,VOD,8.571000099182129,8.571000099182129,8.574999809265137,8.569999694824219,8.574999809265137,25268.0
2024-04-24 11:18:00,VRDN,13.609999656677246,13.609999656677246,13.625,13.609999656677246,13.625,1169.0
2024-04-24 11:18:00,VRRM,24.329999923706055,24.329999923706055,24.329999923706055,24.329999923706055,24.329999923706055,563.0
2024-04-24 11:18:00,VSAT,16.190000534057617,16.190000534057617,16.209999084472656,16.190000534057617,16.209999084472656,1031.0
2024-04-24 11:18:00,VTNR,1.6198999881744385,1.6198999881744385,1.6299999952316284,1.600000023841858,1.600000023841858,37831.0
2024-04-24 11:18:00,VTRS,11.354900360107422,11.354900360107422,11.359999656677246,11.354900360107422,11.359999656677246,1813.0
2024-04-24 11:18:00,VUZI,1.309999942779541,1.309999942779541,1.3200000524520874,1.309999942779541,1.3111000061035156,521.0
2024-04-24 11:18:00,VVPR,3.5999999046325684,3.5999999046325684,3.605299949645996,3.5999999046325684,3.605299949645996,430.0
2024-04-24 11:18:00,WAFD,27.829999923706055,27.829999923706055,27.829999923706055,27.829999923706055,27.829999923706055,517.0
2024-04-24 11:18:00,WB,8.28499984741211,8.28499984741211,8.28499984741211,8.28499984741211,8.28499984741211,402.0
2024-04-24 11:18:00,WBA,17.7106990814209,17.7106990814209,17.729999542236328,17.7101993560791,17.729999542236328,8560.0
2024-04-24 11:18:00,WBD,8.279999732971191,8.279999732971191,8.28499984741211,8.270000457763672,8.28499984741211,52623.0
2024-04-24 11:18:00,WDAY,255.5449981689453,255.5449981689453,255.6999969482422,255.5449981689453,255.6999969482422,1434.0
2024-04-24 11:18:00,WDC,68.38500213623047,68.38500213623047,68.41000366210938,68.35749816894531,68.4000015258789,3667.0
2024-04-24 11:18:00,WEN,19.905000686645508,19.905000686645508,19.920000076293945,19.905000686645508,19.920000076293945,8986.0
2024-04-24 11:18:00,WERN,35.31999969482422,35.31999969482422,35.33000183105469,35.31999969482422,35.33000183105469,1262.0
2024-04-24 11:18:00,WHLM,6.550099849700928,6.550099849700928,6.550099849700928,6.550099849700928,6.550099849700928,644.0
2024-04-24 11:18:00,WIMI,0.8949999809265137,0.8949999809265137,0.8949999809265137,0.8799999952316284,0.887499988079071,3419.0
2024-04-24 11:18:00,WING,363.57000732421875,363.57000732421875,363.57000732421875,363.5509033203125,363.5509033203125,3039.0
2024-04-24 11:18:00,WISA,6.119999885559082,6.119999885559082,6.145999908447266,6.079999923706055,6.119999885559082,17358.0
2024-04-24 11:18:00,WKHS,0.15960000455379486,0.15960000455379486,0.15960000455379486,0.15960000455379486,0.15960000455379486,1857.0
2024-04-24 11:18:00,WKME,7.849999904632568,7.849999904632568,7.849999904632568,7.849999904632568,7.849999904632568,210.0
2024-04-24 11:18:00,WLGS,0.5928000211715698,0.5928000211715698,0.5928000211715698,0.5928000211715698,0.5928000211715698,4635.0
2024-04-24 11:18:00,WNEB,6.46999979019165,6.46999979019165,6.489999771118164,6.46999979019165,6.489999771118164,1885.0
2024-04-24 11:18:00,WSBF,11.670000076293945,11.670000076293945,11.670000076293945,11.670000076293945,11.670000076293945,331.0
2024-04-24 11:18:00,WSC,37.709999084472656,37.709999084472656,37.7400016784668,37.70000076293945,37.7400016784668,4009.0
2024-04-24 11:18:00,WSFS,44.189998626708984,44.189998626708984,44.189998626708984,44.189998626708984,44.189998626708984,362.0
2024-04-24 11:18:00,WTW,263.8800048828125,263.8800048828125,263.8800048828125,263.8800048828125,263.8800048828125,350.0
2024-04-24 11:18:00,WVE,5.110000133514404,5.110000133514404,5.110000133514404,5.110000133514404,5.110000133514404,201.0
2024-04-24 11:18:00,WW,1.6799999475479126,1.6799999475479126,1.684999942779541,1.6799999475479126,1.684999942779541,880.0
2024-04-24 11:18:00,WYNN,96.9800033569336,96.9800033569336,96.9800033569336,96.9800033569336,96.9800033569336,321.0
2024-04-24 11:18:00,XEL,55.19499969482422,55.19499969482422,55.220001220703125,55.19499969482422,55.209999084472656,3446.0
2024-04-24 11:18:00,XENE,40.459999084472656,40.459999084472656,40.459999084472656,40.459999084472656,40.459999084472656,575.0
2024-04-24 11:18:00,XERS,1.7690000534057617,1.7690000534057617,1.7690000534057617,1.7649999856948853,1.7649999856948853,7794.0
2024-04-24 11:18:00,XNCR,18.135000228881836,18.135000228881836,18.135000228881836,18.135000228881836,18.135000228881836,621.0
2024-04-24 11:18:00,XP,20.264999389648438,20.264999389648438,20.264999389648438,20.25,20.260000228881836,7908.0
2024-04-24 11:18:00,XPEL,54.900001525878906,54.900001525878906,54.9900016784668,54.900001525878906,54.900001525878906,4375.0
2024-04-24 11:18:00,XRX,14.414999961853027,14.414999961853027,14.4399995803833,14.40999984741211,14.4399995803833,9482.0
2024-04-24 11:18:00,XXII,1.837399959564209,1.837399959564209,1.8391000032424927,1.8300000429153442,1.8391000032424927,2307.0
2024-04-24 11:18:00,Z,43.584999084472656,43.584999084472656,43.599998474121094,43.56999969482422,43.58000183105469,5250.0
2024-04-24 11:18:00,ZD,51.47999954223633,51.47999954223633,51.51499938964844,51.47999954223633,51.51499938964844,1127.0
2024-04-24 11:18:00,ZG,43.02000045776367,43.02000045776367,43.04999923706055,43.02000045776367,43.02000045776367,2002.0
2024-04-24 11:18:00,ZION,41.849998474121094,41.849998474121094,41.86000061035156,41.849998474121094,41.86000061035156,1054.0
2024-04-24 11:18:00,ZLAB,15.770000457763672,15.770000457763672,15.770000457763672,15.755200386047363,15.770000457763672,600.0
2024-04-24 11:18:00,ZM,61.14500045776367,61.14500045776367,61.18000030517578,61.130001068115234,61.18000030517578,16884.0
2024-04-24 11:18:00,ZS,177.86000061035156,177.86000061035156,178.14999389648438,177.80999755859375,178.00999450683594,1423.0
2024-04-24 11:18:00,ZUMZ,16.895000457763672,16.895000457763672,16.899999618530273,16.895000457763672,16.899999618530273,794.0
2024-04-24 11:18:00,ZVSA,0.5767999887466431,0.5767999887466431,0.5773000121116638,0.5767999887466431,0.5773000121116638,2262.0
2024-04-24 11:18:00,ZYME,8.609999656677246,8.609999656677246,8.609999656677246,8.609999656677246,8.609999656677246,762.0
2024-04-24 11:19:00,DSP,8.755000114440918,8.755000114440918,8.770000457763672,8.755000114440918,8.770000457763672,301.0
2024-04-24 11:19:00,EGHT,2.2899999618530273,2.2899999618530273,2.2899999618530273,2.2899999618530273,2.2899999618530273,200.0
2024-04-24 11:19:00,ETNB,8.739999771118164,8.739999771118164,8.739999771118164,8.739999771118164,8.739999771118164,764.0
2024-04-24 11:19:00,ME,0.4871000051498413,0.4871000051498413,0.4871000051498413,0.4821000099182129,0.4821000099182129,3807.0
2024-04-24 11:19:00,TKLF,0.22130000591278076,0.22130000591278076,0.22220000624656677,0.22130000591278076,0.22220000624656677,70732.0
2024-04-24 11:19:00,TWOU,0.2345999926328659,0.2345999926328659,0.2395000010728836,0.2345999926328659,0.2395000010728836,699.0
2024-04-24 11:19:00,TXG,27.149999618530273,27.149999618530273,27.200000762939453,27.149999618530273,27.184999465942383,5789.0
2024-04-24 11:19:00,VABK,24.719499588012695,24.719499588012695,24.719499588012695,24.719499588012695,24.719499588012695,1781.0
2024-04-24 11:19:00,VCTR,49.38999938964844,49.38999938964844,49.400001525878906,49.33000183105469,49.380001068115234,10241.0
2024-04-24 11:19:00,VERU,1.3200000524520874,1.3200000524520874,1.3300000429153442,1.3200000524520874,1.3300000429153442,819.0
2024-04-24 11:19:00,VERV,6.760000228881836,6.760000228881836,6.760000228881836,6.760000228881836,6.760000228881836,305.0
2024-04-24 11:19:00,VERX,28.850000381469727,28.850000381469727,28.850000381469727,28.81999969482422,28.850000381469727,1940.0
2024-04-24 11:19:00,VFS,2.469099998474121,2.469099998474121,2.469099998474121,2.469099998474121,2.469099998474121,4361.0
2024-04-24 11:19:00,VIAV,7.889999866485596,7.889999866485596,7.889999866485596,7.889999866485596,7.889999866485596,251.0
2024-04-24 11:19:00,VIR,8.135000228881836,8.135000228881836,8.140000343322754,8.135000228881836,8.140000343322754,874.0
2024-04-24 11:19:00,VITL,26.83839988708496,26.83839988708496,26.84000015258789,26.83839988708496,26.84000015258789,1048.0
2024-04-24 11:19:00,VKTX,65.79000091552734,65.79000091552734,65.91999816894531,65.77999877929688,65.91999816894531,2213.0
2024-04-24 11:19:00,VLCN,0.25999999046325684,0.25999999046325684,0.2619999945163727,0.2572000026702881,0.2619999945163727,1301.0
2024-04-24 11:19:00,VMEO,3.555000066757202,3.555000066757202,3.555000066757202,3.555000066757202,3.555000066757202,942.0
2024-04-24 11:19:00,VNOM,40.09000015258789,40.09000015258789,40.09000015258789,40.09000015258789,40.09000015258789,200.0
2024-04-24 11:19:00,VOD,8.569999694824219,8.569999694824219,8.579999923706055,8.569999694824219,8.574999809265137,13872.0
2024-04-24 11:19:00,VOR,1.7549999952316284,1.7549999952316284,1.7549999952316284,1.75,1.7517000436782837,2876.0
2024-04-24 11:19:00,VOXX,7.050000190734863,7.050000190734863,7.050000190734863,7.050000190734863,7.050000190734863,108.0
2024-04-24 11:19:00,VRTX,400.25,400.25,400.25,400.25,400.25,1382.0
2024-04-24 11:19:00,VTGN,4.690000057220459,4.690000057220459,4.690000057220459,4.690000057220459,4.690000057220459,0.0
2024-04-24 11:19:00,VTNR,1.6200000047683716,1.6200000047683716,1.6200000047683716,1.6150000095367432,1.6197999715805054,11140.0
2024-04-24 11:19:00,VTRS,11.359999656677246,11.359999656677246,11.359999656677246,11.354999542236328,11.359999656677246,2670.0
2024-04-24 11:19:00,VWE,0.2599000036716461,0.2599000036716461,0.2599000036716461,0.2599000036716461,0.2599000036716461,100.0
2024-04-24 11:19:00,VYGR,7.554999828338623,7.554999828338623,7.554999828338623,7.554999828338623,7.554999828338623,201.0
2024-04-24 11:19:00,WBA,17.704999923706055,17.704999923706055,17.71500015258789,17.69499969482422,17.709999084472656,12339.0
2024-04-24 11:19:00,WBD,8.274999618530273,8.274999618530273,8.278800010681152,8.270000457763672,8.270000457763672,10482.0
2024-04-24 11:19:00,WDAY,255.53500366210938,255.53500366210938,255.53500366210938,255.44000244140625,255.51499938964844,2912.0
2024-04-24 11:19:00,WDC,68.36499786376953,68.36499786376953,68.41000366210938,68.3499984741211,68.38500213623047,8972.0
2024-04-24 11:19:00,WEN,19.889999389648438,19.889999389648438,19.905000686645508,19.889999389648438,19.899999618530273,1895.0
2024-04-24 11:19:00,WERN,35.29999923706055,35.29999923706055,35.31999969482422,35.29999923706055,35.31999969482422,635.0
2024-04-24 11:19:00,WFRD,122.9000015258789,122.9000015258789,122.9000015258789,122.75,122.75,1931.0
2024-04-24 11:19:00,WHLM,6.510000228881836,6.510000228881836,6.510000228881836,6.510000228881836,6.510000228881836,1442.0
2024-04-24 11:19:00,WIMI,0.8870000243186951,0.8870000243186951,0.8870000243186951,0.8870000243186951,0.8870000243186951,0.0
2024-04-24 11:19:00,WING,363.69000244140625,363.69000244140625,363.69000244140625,363.69000244140625,363.69000244140625,479.0
2024-04-24 11:19:00,WISA,6.10099983215332,6.10099983215332,6.179900169372559,6.090000152587891,6.122200012207031,29564.0
2024-04-24 11:19:00,WKHS,0.15970000624656677,0.15970000624656677,0.15970000624656677,0.15970000624656677,0.15970000624656677,3100.0
2024-04-24 11:19:00,WMG,32.04999923706055,32.04999923706055,32.06999969482422,32.04999923706055,32.060001373291016,1846.0
2024-04-24 11:19:00,WSC,37.70000076293945,37.70000076293945,37.709999084472656,37.689998626708984,37.70500183105469,3693.0
2024-04-24 11:19:00,WTW,264.0249938964844,264.0249938964844,264.0249938964844,264.0199890136719,264.0199890136719,1698.0
2024-04-24 11:19:00,WVE,5.110000133514404,5.110000133514404,5.110000133514404,5.110000133514404,5.110000133514404,273.0
2024-04-24 11:19:00,WWD,149.17999267578125,149.17999267578125,149.17999267578125,149.17999267578125,149.17999267578125,401.0
2024-04-24 11:19:00,WYNN,96.94000244140625,96.94000244140625,96.94000244140625,96.94000244140625,96.94000244140625,464.0
2024-04-24 11:19:00,XBIT,8.300000190734863,8.300000190734863,8.300000190734863,8.295000076293945,8.295000076293945,1757.0
2024-04-24 11:19:00,XEL,55.209999084472656,55.209999084472656,55.21500015258789,55.184200286865234,55.189998626708984,5850.0
2024-04-24 11:19:00,XERS,1.7599999904632568,1.7599999904632568,1.7599999904632568,1.7599999904632568,1.7599999904632568,148.0
2024-04-24 11:19:00,XMTR,16.81999969482422,16.81999969482422,16.81999969482422,16.81999969482422,16.81999969482422,521.0
2024-04-24 11:19:00,XP,20.240299224853516,20.240299224853516,20.264999389648438,20.240299224853516,20.264999389648438,5048.0
2024-04-24 11:19:00,XPEL,54.904998779296875,54.904998779296875,54.904998779296875,54.904998779296875,54.904998779296875,927.0
2024-04-24 11:19:00,XRX,14.414999961853027,14.414999961853027,14.425000190734863,14.395000457763672,14.420000076293945,14340.0
2024-04-24 11:19:00,XXII,1.839900016784668,1.839900016784668,1.840000033378601,1.8300000429153442,1.8301000595092773,2280.0
2024-04-24 11:19:00,Z,43.599998474121094,43.599998474121094,43.61000061035156,43.54999923706055,43.599998474121094,6624.0
2024-04-24 11:19:00,ZAPP,4.670000076293945,4.670000076293945,4.670000076293945,4.565000057220459,4.565000057220459,9925.0
2024-04-24 11:19:00,ZBRA,275.70001220703125,275.70001220703125,275.95001220703125,275.70001220703125,275.95001220703125,982.0
2024-04-24 11:19:00,ZCMD,1.659999966621399,1.659999966621399,1.659999966621399,1.659999966621399,1.659999966621399,714.0
2024-04-24 11:19:00,ZD,51.529998779296875,51.529998779296875,51.529998779296875,51.52000045776367,51.52000045776367,990.0
2024-04-24 11:19:00,ZI,15.774999618530273,15.774999618530273,15.779999732971191,15.774999618530273,15.779999732971191,4189.0
2024-04-24 11:19:00,ZIMV,15.770000457763672,15.770000457763672,15.770000457763672,15.770000457763672,15.770000457763672,1298.0
2024-04-24 11:19:00,ZION,41.880001068115234,41.880001068115234,41.880001068115234,41.849998474121094,41.849998474121094,1138.0
2024-04-24 11:19:00,ZLAB,15.774999618530273,15.774999618530273,15.779999732971191,15.770000457763672,15.770000457763672,1682.0
2024-04-24 11:19:00,ZM,61.16999816894531,61.16999816894531,61.16999816894531,61.14500045776367,61.14500045776367,2008.0
2024-04-24 11:19:00,ZNTL,12.300000190734863,12.300000190734863,12.300000190734863,12.300000190734863,12.300000190734863,467.0
2024-04-24 11:19:00,ZS,177.89999389648438,177.89999389648438,177.89999389648438,177.89999389648438,177.89999389648438,593.0
2024-04-24 11:19:00,ZUMZ,16.93000030517578,16.93000030517578,16.93000030517578,16.90999984741211,16.90999984741211,2546.0
2024-04-24 11:19:00,ZVRA,4.5,4.5,4.5,4.5,4.5,138.0
2024-04-24 11:20:00,COCO,23.829999923706055,23.829999923706055,23.829999923706055,23.81999969482422,23.81999969482422,502.0
2024-04-24 11:20:00,DSP,8.770000457763672,8.770000457763672,8.770000457763672,8.770000457763672,8.770000457763672,614.0
2024-04-24 11:20:00,ETNB,8.720000267028809,8.720000267028809,8.739999771118164,8.720000267028809,8.739999771118164,2160.0
2024-04-24 11:20:00,FREE,4.809999942779541,4.809999942779541,4.809999942779541,4.809999942779541,4.809999942779541,244.0
2024-04-24 11:20:00,ME,0.4821000099182129,0.4821000099182129,0.4821000099182129,0.4821000099182129,0.4821000099182129,4500.0
2024-04-24 11:20:00,SEAT,5.804999828338623,5.804999828338623,5.804999828338623,5.804999828338623,5.804999828338623,790.0
2024-04-24 11:20:00,TKLF,0.2313999980688095,0.2313999980688095,0.2313999980688095,0.2313999980688095,0.2313999980688095,0.0
2024-04-24 11:20:00,TXG,27.15999984741211,27.15999984741211,27.15999984741211,27.135000228881836,27.139999389648438,3238.0
2024-04-24 11:20:00,VC,110.20999908447266,110.20999908447266,110.20999908447266,110.20999908447266,110.20999908447266,2039.0
2024-04-24 11:20:00,VCTR,49.44499969482422,49.44499969482422,49.45000076293945,49.279998779296875,49.38999938964844,10385.0
2024-04-24 11:20:00,VERU,1.3350000381469727,1.3350000381469727,1.340000033378601,1.3250000476837158,1.3250000476837158,11310.0
2024-04-24 11:20:00,VERX,28.704999923706055,28.704999923706055,28.84000015258789,28.704999923706055,28.84000015258789,48833.0
2024-04-24 11:20:00,VFS,2.4784998893737793,2.4784998893737793,2.479099988937378,2.4649999141693115,2.4649999141693115,7129.0
2024-04-24 11:20:00,VIAV,7.890100002288818,7.890100002288818,7.890100002288818,7.890100002288818,7.890100002288818,250.0
2024-04-24 11:20:00,VICR,33.38999938964844,33.38999938964844,33.38999938964844,33.38999938964844,33.38999938964844,212.0
2024-04-24 11:20:00,VIRT,22.200000762939453,22.200000762939453,22.200000762939453,22.030000686645508,22.030000686645508,6541.0
2024-04-24 11:20:00,VITL,26.809999465942383,26.809999465942383,26.8700008392334,26.809999465942383,26.862300872802734,2774.0
2024-04-24 11:20:00,VKTX,65.94000244140625,65.94000244140625,65.94000244140625,65.77999877929688,65.77999877929688,2095.0
2024-04-24 11:20:00,VLCN,0.25999999046325684,0.25999999046325684,0.25999999046325684,0.25999999046325684,0.25999999046325684,200.0
2024-04-24 11:20:00,VNOM,40.07500076293945,40.07500076293945,40.07500076293945,40.07500076293945,40.07500076293945,148.0
2024-04-24 11:20:00,VOD,8.569999694824219,8.569999694824219,8.574999809265137,8.569999694824219,8.574999809265137,4027.0
2024-04-24 11:20:00,VRNA,15.550000190734863,15.550000190734863,15.550000190734863,15.550000190734863,15.550000190734863,1674.0
2024-04-24 11:20:00,VSAT,16.190000534057617,16.190000534057617,16.190000534057617,16.190000534057617,16.190000534057617,302.0
2024-04-24 11:20:00,VSEC,77.91500091552734,77.91500091552734,77.91500091552734,77.91500091552734,77.91500091552734,441.0
2024-04-24 11:20:00,VTGN,4.687699794769287,4.687699794769287,4.687699794769287,4.687699794769287,4.687699794769287,2000.0
2024-04-24 11:20:00,VTNR,1.606600046157837,1.606600046157837,1.6150000095367432,1.6050000190734863,1.6150000095367432,2212.0
2024-04-24 11:20:00,VTRS,11.354999542236328,11.354999542236328,11.354999542236328,11.354999542236328,11.354999542236328,1014.0
2024-04-24 11:20:00,VVOS,2.619999885559082,2.619999885559082,2.619999885559082,2.619999885559082,2.619999885559082,653.0
2024-04-24 11:20:00,VYGR,7.557499885559082,7.557499885559082,7.557499885559082,7.550000190734863,7.550000190734863,261.0
2024-04-24 11:20:00,WB,8.28499984741211,8.28499984741211,8.289999961853027,8.28499984741211,8.28499984741211,1912.0
2024-04-24 11:20:00,WBA,17.704999923706055,17.704999923706055,17.71500015258789,17.702499389648438,17.704999923706055,17103.0
2024-04-24 11:20:00,WBD,8.274999618530273,8.274999618530273,8.279999732971191,8.270000457763672,8.270000457763672,177531.0
2024-04-24 11:20:00,WDAY,255.39999389648438,255.39999389648438,255.49000549316406,255.39999389648438,255.42999267578125,1581.0
2024-04-24 11:20:00,WDC,68.41999816894531,68.41999816894531,68.43000030517578,68.37999725341797,68.4000015258789,9548.0
2024-04-24 11:20:00,WEN,19.895000457763672,19.895000457763672,19.895000457763672,19.889999389648438,19.889999389648438,2682.0
2024-04-24 11:20:00,WERN,35.2599983215332,35.2599983215332,35.279998779296875,35.2599983215332,35.279998779296875,1005.0
2024-04-24 11:20:00,WFRD,122.67500305175781,122.67500305175781,122.67500305175781,122.67500305175781,122.67500305175781,506.0
2024-04-24 11:20:00,WHLM,6.500100135803223,6.500100135803223,6.550000190734863,6.500100135803223,6.550000190734863,1553.0
2024-04-24 11:20:00,WING,363.6099853515625,363.6099853515625,363.6499938964844,363.6099853515625,363.6499938964844,1765.0
2024-04-24 11:20:00,WISA,6.1209001541137695,6.1209001541137695,6.150000095367432,6.119999885559082,6.119999885559082,7669.0
2024-04-24 11:20:00,WIX,123.0,123.0,123.0,123.0,123.0,323.0
2024-04-24 11:20:00,WKHS,0.15970000624656677,0.15970000624656677,0.15970000624656677,0.15960000455379486,0.15960000455379486,2013.0
2024-04-24 11:20:00,WMG,32.02000045776367,32.02000045776367,32.04999923706055,32.02000045776367,32.04999923706055,1805.0
2024-04-24 11:20:00,WSBCP,24.1200008392334,24.1200008392334,24.139999389648438,24.1200008392334,24.139999389648438,0.0
2024-04-24 11:20:00,WSC,37.68000030517578,37.68000030517578,37.70000076293945,37.66999816894531,37.689998626708984,5553.0
2024-04-24 11:20:00,WSFS,44.150001525878906,44.150001525878906,44.150001525878906,44.150001525878906,44.150001525878906,243.0
2024-04-24 11:20:00,WW,1.6799999475479126,1.6799999475479126,1.684999942779541,1.6799999475479126,1.684999942779541,326.0
2024-04-24 11:20:00,WWD,149.1269989013672,149.1269989013672,149.1269989013672,149.1269989013672,149.1269989013672,855.0
2024-04-24 11:20:00,WYNN,96.78500366210938,96.78500366210938,96.9000015258789,96.76139831542969,96.9000015258789,4849.0
2024-04-24 11:20:00,XEL,55.22999954223633,55.22999954223633,55.2400016784668,55.220001220703125,55.220001220703125,1658.0
2024-04-24 11:20:00,XFOR,1.2699999809265137,1.2699999809265137,1.2699999809265137,1.2699999809265137,1.2699999809265137,308.0
2024-04-24 11:20:00,XMTR,16.815000534057617,16.815000534057617,16.815000534057617,16.815000534057617,16.815000534057617,646.0
2024-04-24 11:20:00,XP,20.25,20.25,20.2549991607666,20.240299224853516,20.240299224853516,9455.0
2024-04-24 11:20:00,XPEL,54.904998779296875,54.904998779296875,54.904998779296875,54.904998779296875,54.904998779296875,200.0
2024-04-24 11:20:00,XRX,14.390000343322754,14.390000343322754,14.420000076293945,14.390000343322754,14.40999984741211,5160.0
2024-04-24 11:20:00,XXII,1.8450000286102295,1.8450000286102295,1.8450000286102295,1.8450000286102295,1.8450000286102295,1076.0
2024-04-24 11:20:00,YTRA,1.2999999523162842,1.2999999523162842,1.2999999523162842,1.2999999523162842,1.2999999523162842,10245.0
2024-04-24 11:20:00,Z,43.54999923706055,43.54999923706055,43.59000015258789,43.54999923706055,43.59000015258789,4246.0
2024-04-24 11:20:00,ZD,51.529998779296875,51.529998779296875,51.529998779296875,51.529998779296875,51.529998779296875,113.0
2024-04-24 11:20:00,ZG,43.02000045776367,43.02000045776367,43.02000045776367,43.02000045776367,43.02000045776367,832.0
2024-04-24 11:20:00,ZI,15.765000343322754,15.765000343322754,15.770000457763672,15.765000343322754,15.770000457763672,1977.0
2024-04-24 11:20:00,ZION,41.849998474121094,41.849998474121094,41.8849983215332,41.849998474121094,41.8849983215332,1756.0
2024-04-24 11:20:00,ZKIN,0.6402000188827515,0.6402000188827515,0.6402000188827515,0.6402000188827515,0.6402000188827515,1000.0
2024-04-24 11:20:00,ZLAB,15.739999771118164,15.739999771118164,15.774999618530273,15.739999771118164,15.774999618530273,2032.0
2024-04-24 11:20:00,ZM,61.130001068115234,61.130001068115234,61.16999816894531,61.130001068115234,61.16999816894531,3158.0
2024-04-24 11:20:00,ZS,177.91000366210938,177.91000366210938,177.91000366210938,177.82000732421875,177.82000732421875,1202.0
2024-04-24 11:20:00,ZUMZ,16.90999984741211,16.90999984741211,16.90999984741211,16.90999984741211,16.90999984741211,339.0
2024-04-24 11:20:00,ZURA,3.2699999809265137,3.2699999809265137,3.2699999809265137,3.2699999809265137,3.2699999809265137,200.0
2024-04-24 11:20:00,ZVSA,0.5766000151634216,0.5766000151634216,0.5766000151634216,0.5764999985694885,0.5764999985694885,8466.0
2024-04-24 11:21:00,EGHT,2.2850000858306885,2.2850000858306885,2.2850000858306885,2.2850000858306885,2.2850000858306885,411.0
2024-04-24 11:21:00,ETNB,8.729999542236328,8.729999542236328,8.729999542236328,8.729999542236328,8.729999542236328,945.0
2024-04-24 11:21:00,ME,0.4821000099182129,0.4821000099182129,0.483599990606308,0.4821000099182129,0.483599990606308,0.0
2024-04-24 11:21:00,SEAT,5.804999828338623,5.804999828338623,5.804999828338623,5.804999828338623,5.804999828338623,1884.0
2024-04-24 11:21:00,TSVT,4.355000019073486,4.355000019073486,4.355000019073486,4.355000019073486,4.355000019073486,403.0
2024-04-24 11:21:00,TWOU,0.23909999430179596,0.23909999430179596,0.23909999430179596,0.2329999953508377,0.2329999953508377,901.0
2024-04-24 11:21:00,TXG,27.190000534057617,27.190000534057617,27.190000534057617,27.18000030517578,27.190000534057617,3589.0
2024-04-24 11:21:00,VCTR,49.40999984741211,49.40999984741211,49.41999816894531,49.40999984741211,49.41999816894531,587.0
2024-04-24 11:21:00,VERV,6.764999866485596,6.764999866485596,6.769999980926514,6.760000228881836,6.760000228881836,2144.0
2024-04-24 11:21:00,VERX,28.709999084472656,28.709999084472656,28.709999084472656,28.700000762939453,28.704999923706055,979.0
2024-04-24 11:21:00,VFS,2.469099998474121,2.469099998474121,2.475800037384033,2.4649999141693115,2.4700000286102295,6233.0
2024-04-24 11:21:00,VIAV,7.875,7.875,7.894999980926514,7.875,7.894999980926514,14670.0
2024-04-24 11:21:00,VICR,33.33000183105469,33.33000183105469,33.33000183105469,33.33000183105469,33.33000183105469,2127.0
2024-04-24 11:21:00,VIRT,22.174999237060547,22.174999237060547,22.18000030517578,22.174999237060547,22.18000030517578,1298.0
2024-04-24 11:21:00,VITL,26.780000686645508,26.780000686645508,26.790000915527344,26.774999618530273,26.790000915527344,2067.0
2024-04-24 11:21:00,VKTX,65.95999908447266,65.95999908447266,66.0,65.83999633789062,65.94000244140625,3038.0
2024-04-24 11:21:00,VMD,7.989999771118164,7.989999771118164,7.989999771118164,7.989999771118164,7.989999771118164,216.0
2024-04-24 11:21:00,VMEO,3.549999952316284,3.549999952316284,3.555000066757202,3.549999952316284,3.555000066757202,1558.0
2024-04-24 11:21:00,VNET,1.5190999507904053,1.5190999507904053,1.5190999507904053,1.5180000066757202,1.5180000066757202,7819.0
2024-04-24 11:21:00,VOD,8.569999694824219,8.569999694824219,8.574999809265137,8.569999694824219,8.574999809265137,27513.0
2024-04-24 11:21:00,VOR,1.7549999952316284,1.7549999952316284,1.7599999904632568,1.7549999952316284,1.7599999904632568,624.0
2024-04-24 11:21:00,VRDN,13.630000114440918,13.630000114440918,13.630000114440918,13.630000114440918,13.630000114440918,474.0
2024-04-24 11:21:00,VRRM,24.34000015258789,24.34000015258789,24.34000015258789,24.315000534057617,24.325000762939453,3168.0
2024-04-24 11:21:00,VSAT,16.18000030517578,16.18000030517578,16.18000030517578,16.18000030517578,16.18000030517578,635.0
2024-04-24 11:21:00,VTGN,4.699999809265137,4.699999809265137,4.699999809265137,4.699999809265137,4.699999809265137,0.0
2024-04-24 11:21:00,VTNR,1.600000023841858,1.600000023841858,1.6100000143051147,1.600000023841858,1.6100000143051147,12195.0
2024-04-24 11:21:00,VTRS,11.350000381469727,11.350000381469727,11.359999656677246,11.345000267028809,11.354999542236328,13878.0
2024-04-24 11:21:00,VUZI,1.309999942779541,1.309999942779541,1.312000036239624,1.309999942779541,1.312000036239624,3811.0
2024-04-24 11:21:00,VVOS,2.6298999786376953,2.6298999786376953,2.6298999786376953,2.6298999786376953,2.6298999786376953,486.0
2024-04-24 11:21:00,WAFD,27.860000610351562,27.860000610351562,27.860000610351562,27.770000457763672,27.799999237060547,2942.0
2024-04-24 11:21:00,WAFDP,15.949999809265137,15.949999809265137,15.949999809265137,15.949999809265137,15.949999809265137,208.0
2024-04-24 11:21:00,WB,8.28499984741211,8.28499984741211,8.28499984741211,8.28499984741211,8.28499984741211,329.0
2024-04-24 11:21:00,WBA,17.689800262451172,17.689800262451172,17.704999923706055,17.684999465942383,17.700000762939453,14739.0
2024-04-24 11:21:00,WBD,8.274999618530273,8.274999618530273,8.279999732971191,8.270000457763672,8.279399871826172,57131.0
2024-04-24 11:21:00,WDAY,255.3699951171875,255.3699951171875,255.4949951171875,255.3000030517578,255.38499450683594,2507.0
2024-04-24 11:21:00,WDC,68.3949966430664,68.3949966430664,68.47000122070312,68.375,68.43499755859375,8000.0
2024-04-24 11:21:00,WDFC,226.77000427246094,226.77000427246094,226.83999633789062,226.77000427246094,226.83999633789062,1997.0
2024-04-24 11:21:00,WEN,19.90999984741211,19.90999984741211,19.90999984741211,19.899999618530273,19.899999618530273,4455.0
2024-04-24 11:21:00,WERN,35.2400016784668,35.2400016784668,35.25,35.2400016784668,35.25,1155.0
2024-04-24 11:21:00,WFRD,122.9800033569336,122.9800033569336,123.0,122.91000366210938,122.91000366210938,4614.0
2024-04-24 11:21:00,WHLM,6.570000171661377,6.570000171661377,6.570000171661377,6.570000171661377,6.570000171661377,605.0
2024-04-24 11:21:00,WHLR,0.1421000063419342,0.1421000063419342,0.1421000063419342,0.1421000063419342,0.1421000063419342,200.0
2024-04-24 11:21:00,WIMI,0.8799999952316284,0.8799999952316284,0.8799999952316284,0.8799999952316284,0.8799999952316284,6100.0
2024-04-24 11:21:00,WING,364.0799865722656,364.0799865722656,364.0799865722656,364.0799865722656,364.0799865722656,167.0
2024-04-24 11:21:00,WISA,6.105000019073486,6.105000019073486,6.120500087738037,6.079999923706055,6.120500087738037,24834.0
2024-04-24 11:21:00,WIX,123.01499938964844,123.01499938964844,123.01499938964844,122.98999786376953,122.98999786376953,472.0
2024-04-24 11:21:00,WKHS,0.15960000455379486,0.15960000455379486,0.15960000455379486,0.15960000455379486,0.15960000455379486,412.0
2024-04-24 11:21:00,WMG,32.029998779296875,32.029998779296875,32.029998779296875,32.02000045776367,32.02000045776367,544.0
2024-04-24 11:21:00,WRLD,138.1750030517578,138.1750030517578,138.1750030517578,138.1750030517578,138.1750030517578,580.0
2024-04-24 11:21:00,WSC,37.66999816894531,37.66999816894531,37.68000030517578,37.65999984741211,37.67499923706055,6840.0
2024-04-24 11:21:00,WWD,149.02000427246094,149.02000427246094,149.05999755859375,149.02000427246094,149.05999755859375,681.0
2024-04-24 11:21:00,WYNN,96.87999725341797,96.87999725341797,96.88999938964844,96.83999633789062,96.83999633789062,1088.0
2024-04-24 11:21:00,XEL,55.23500061035156,55.23500061035156,55.2400016784668,55.209999084472656,55.2400016784668,4136.0
2024-04-24 11:21:00,XERS,1.7649999856948853,1.7649999856948853,1.7649999856948853,1.76010000705719,1.76010000705719,1301.0
2024-04-24 11:21:00,XFOR,1.2699999809265137,1.2699999809265137,1.2699999809265137,1.2692999839782715,1.2692999839782715,709.0
2024-04-24 11:21:00,XNCR,18.125,18.125,18.125,18.1200008392334,18.1200008392334,361.0
2024-04-24 11:21:00,XP,20.24049949645996,20.24049949645996,20.25,20.239999771118164,20.25,7855.0
2024-04-24 11:21:00,XPEL,54.904998779296875,54.904998779296875,54.904998779296875,54.904998779296875,54.904998779296875,310.0
2024-04-24 11:21:00,XRX,14.414999961853027,14.414999961853027,14.414999961853027,14.399999618530273,14.399999618530273,6654.0
2024-04-24 11:21:00,XXII,1.8490999937057495,1.8490999937057495,1.850000023841858,1.8401000499725342,1.8401000499725342,1851.0
2024-04-24 11:21:00,YTRA,1.2999999523162842,1.2999999523162842,1.2999999523162842,1.2899999618530273,1.2999999523162842,20675.0
2024-04-24 11:21:00,Z,43.54750061035156,43.54750061035156,43.59000015258789,43.53499984741211,43.560001373291016,8183.0
2024-04-24 11:21:00,ZBRA,275.0,275.0,275.82000732421875,275.0,275.82000732421875,8146.0
2024-04-24 11:21:00,ZD,51.58000183105469,51.58000183105469,51.58000183105469,51.56999969482422,51.56999969482422,544.0
2024-04-24 11:21:00,ZG,43.0099983215332,43.0099983215332,43.0099983215332,43.0099983215332,43.0099983215332,827.0
2024-04-24 11:21:00,ZION,41.849998474121094,41.849998474121094,41.849998474121094,41.810001373291016,41.849998474121094,3737.0
2024-04-24 11:21:00,ZKIN,0.6449999809265137,0.6449999809265137,0.6449999809265137,0.6449999809265137,0.6449999809265137,0.0
2024-04-24 11:21:00,ZLAB,15.729999542236328,15.729999542236328,15.739999771118164,15.729999542236328,15.739999771118164,1604.0
2024-04-24 11:21:00,ZM,61.150001525878906,61.150001525878906,61.16999816894531,61.14500045776367,61.150001525878906,5954.0
2024-04-24 11:21:00,ZNTL,12.260000228881836,12.260000228881836,12.289999961853027,12.260000228881836,12.289999961853027,779.0
2024-04-24 11:21:00,ZS,177.64500427246094,177.64500427246094,177.93499755859375,177.64500427246094,177.93499755859375,2314.0
2024-04-24 11:21:00,ZUMZ,16.889999389648438,16.889999389648438,16.889999389648438,16.889999389648438,16.889999389648438,339.0
2024-04-24 11:21:00,ZVSA,0.5766000151634216,0.5766000151634216,0.5766000151634216,0.5764999985694885,0.5764999985694885,415.0
2024-04-24 11:21:00,ZYME,8.609999656677246,8.609999656677246,8.609999656677246,8.609999656677246,8.609999656677246,313.0
2024-04-24 11:22:00,DIBS,5.360000133514404,5.360000133514404,5.369999885559082,5.360000133514404,5.369999885559082,1146.0
2024-04-24 11:22:00,DSP,8.760000228881836,8.760000228881836,8.760000228881836,8.760000228881836,8.760000228881836,200.0
2024-04-24 11:22:00,EGHT,2.2899999618530273,2.2899999618530273,2.2899999618530273,2.2899999618530273,2.2899999618530273,4352.0
2024-04-24 11:22:00,MAPS,1.100000023841858,1.100000023841858,1.100000023841858,1.090000033378601,1.090000033378601,400.0
2024-04-24 11:22:00,MASS,5.610000133514404,5.610000133514404,5.610000133514404,5.610000133514404,5.610000133514404,311.0
2024-04-24 11:22:00,ME,0.48350000381469727,0.48350000381469727,0.48350000381469727,0.48350000381469727,0.48350000381469727,603.0
2024-04-24 11:22:00,TSVT,4.389999866485596,4.389999866485596,4.420000076293945,4.360000133514404,4.360000133514404,10649.0
2024-04-24 11:22:00,TWOU,0.23909999430179596,0.23909999430179596,0.23909999430179596,0.23909999430179596,0.23909999430179596,200.0
2024-04-24 11:22:00,TXG,27.209999084472656,27.209999084472656,27.25,27.19499969482422,27.19499969482422,5882.0
2024-04-24 11:22:00,VERU,1.340000033378601,1.340000033378601,1.340000033378601,1.3300000429153442,1.3300000429153442,1826.0
2024-04-24 11:22:00,VERV,6.769999980926514,6.769999980926514,6.769999980926514,6.769999980926514,6.769999980926514,2233.0
2024-04-24 11:22:00,VERX,28.600000381469727,28.600000381469727,28.709999084472656,28.600000381469727,28.709999084472656,40967.0
2024-04-24 11:22:00,VFF,1.3200000524520874,1.3200000524520874,1.3200000524520874,1.3200000524520874,1.3200000524520874,404.0
2024-04-24 11:22:00,VFS,2.4649999141693115,2.4649999141693115,2.469099998474121,2.4649999141693115,2.469099998474121,1127.0
2024-04-24 11:22:00,VIAV,7.875,7.875,7.875,7.874000072479248,7.874000072479248,1545.0
2024-04-24 11:22:00,VINC,0.930400013923645,0.930400013923645,0.930400013923645,0.9253000020980835,0.9253000020980835,5265.0
2024-04-24 11:22:00,VIR,8.149999618530273,8.149999618530273,8.149999618530273,8.145000457763672,8.145000457763672,807.0
2024-04-24 11:22:00,VIRC,10.680000305175781,10.680000305175781,10.6899995803833,10.680000305175781,10.6899995803833,958.0
2024-04-24 11:22:00,VIRT,22.15999984741211,22.15999984741211,22.25,22.149999618530273,22.18000030517578,9319.0
2024-04-24 11:22:00,VITL,26.75,26.75,26.75,26.719999313354492,26.719999313354492,1985.0
2024-04-24 11:22:00,VIVK,1.5800000429153442,1.5800000429153442,1.5800000429153442,1.570099949836731,1.5800000429153442,2183.0
2024-04-24 11:22:00,VKTX,66.0999984741211,66.0999984741211,66.16999816894531,66.0199966430664,66.0199966430664,4307.0
2024-04-24 11:22:00,VLCN,0.2630000114440918,0.2630000114440918,0.2630000114440918,0.2630000114440918,0.2630000114440918,311.0
2024-04-24 11:22:00,VMEO,3.559999942779541,3.559999942779541,3.559999942779541,3.559999942779541,3.559999942779541,1425.0
2024-04-24 11:22:00,VNET,1.5099999904632568,1.5099999904632568,1.5099999904632568,1.5099999904632568,1.5099999904632568,177.0
2024-04-24 11:22:00,VNOM,40.099998474121094,40.099998474121094,40.099998474121094,40.08000183105469,40.08000183105469,583.0
2024-04-24 11:22:00,VOD,8.5649995803833,8.5649995803833,8.569999694824219,8.5649995803833,8.569999694824219,9034.0
2024-04-24 11:22:00,VOXR,2.0299999713897705,2.0299999713897705,2.0299999713897705,2.0299999713897705,2.0299999713897705,300.0
2024-04-24 11:22:00,VRDN,13.614999771118164,13.614999771118164,13.614999771118164,13.614999771118164,13.614999771118164,194.0
2024-04-24 11:22:00,VRTX,400.239990234375,400.239990234375,400.5849914550781,400.239990234375,400.5249938964844,1922.0
2024-04-24 11:22:00,VTGN,4.71999979019165,4.71999979019165,4.71999979019165,4.699699878692627,4.699999809265137,10363.0
2024-04-24 11:22:00,VTNR,1.5950000286102295,1.5950000286102295,1.5950000286102295,1.5950000286102295,1.5950000286102295,472.0
2024-04-24 11:22:00,VTRS,11.359999656677246,11.359999656677246,11.364999771118164,11.354999542236328,11.359999656677246,10780.0
2024-04-24 11:22:00,VUZI,1.3049999475479126,1.3049999475479126,1.3049999475479126,1.3049999475479126,1.3049999475479126,600.0
2024-04-24 11:22:00,VWE,0.25769999623298645,0.25769999623298645,0.25769999623298645,0.25769999623298645,0.25769999623298645,123.0
2024-04-24 11:22:00,WABC,47.36000061035156,47.36000061035156,47.36000061035156,47.290000915527344,47.290000915527344,825.0
2024-04-24 11:22:00,WAFD,27.889999389648438,27.889999389648438,27.889999389648438,27.889999389648438,27.889999389648438,721.0
2024-04-24 11:22:00,WBA,17.704999923706055,17.704999923706055,17.704999923706055,17.684999465942383,17.690000534057617,32385.0
2024-04-24 11:22:00,WBD,8.284000396728516,8.284000396728516,8.28499984741211,8.270000457763672,8.274999618530273,143094.0
2024-04-24 11:22:00,WDAY,255.49000549316406,255.49000549316406,255.49000549316406,255.49000549316406,255.49000549316406,489.0
2024-04-24 11:22:00,WDC,68.58999633789062,68.58999633789062,68.58999633789062,68.3949966430664,68.3949966430664,32794.0
2024-04-24 11:22:00,WEN,19.905000686645508,19.905000686645508,19.905000686645508,19.905000686645508,19.905000686645508,530.0
2024-04-24 11:22:00,WERN,35.279998779296875,35.279998779296875,35.279998779296875,35.279998779296875,35.279998779296875,200.0
2024-04-24 11:22:00,WFRD,123.75,123.75,123.75,122.9800033569336,122.9800033569336,2452.0
2024-04-24 11:22:00,WHLM,6.579999923706055,6.579999923706055,6.579999923706055,6.579999923706055,6.579999923706055,653.0
2024-04-24 11:22:00,WIMI,0.8949000239372253,0.8949000239372253,0.8949999809265137,0.8799999952316284,0.8834999799728394,12214.0
2024-04-24 11:22:00,WISA,6.070000171661377,6.070000171661377,6.090000152587891,6.050000190734863,6.090000152587891,12637.0
2024-04-24 11:22:00,WIX,123.00499725341797,123.00499725341797,123.00499725341797,123.00499725341797,123.00499725341797,200.0
2024-04-24 11:22:00,WKHS,0.1597999930381775,0.1597999930381775,0.1598999947309494,0.15970000624656677,0.15970000624656677,91974.0
2024-04-24 11:22:00,WMG,32.025001525878906,32.025001525878906,32.029998779296875,32.025001525878906,32.029998779296875,522.0
2024-04-24 11:22:00,WSBC,28.270000457763672,28.270000457763672,28.290000915527344,28.260000228881836,28.260000228881836,851.0
2024-04-24 11:22:00,WSBF,11.710000038146973,11.710000038146973,11.710000038146973,11.670000076293945,11.670000076293945,1733.0
2024-04-24 11:22:00,WSC,37.65999984741211,37.65999984741211,37.67499923706055,37.650001525878906,37.654998779296875,8375.0
2024-04-24 11:22:00,WSFS,44.18000030517578,44.18000030517578,44.18000030517578,44.150001525878906,44.150001525878906,766.0
2024-04-24 11:22:00,WTFC,99.5999984741211,99.5999984741211,99.62999725341797,99.5999984741211,99.62999725341797,450.0
2024-04-24 11:22:00,WTW,264.010009765625,264.010009765625,264.010009765625,264.010009765625,264.010009765625,697.0
2024-04-24 11:22:00,WVE,5.119999885559082,5.119999885559082,5.119999885559082,5.110000133514404,5.110000133514404,1700.0
2024-04-24 11:22:00,WW,1.684999942779541,1.684999942779541,1.684999942779541,1.6799999475479126,1.680299997329712,2180.0
2024-04-24 11:22:00,WWD,149.11000061035156,149.11000061035156,149.11000061035156,149.11000061035156,149.11000061035156,118.0
2024-04-24 11:22:00,WYNN,96.87000274658203,96.87000274658203,96.87999725341797,96.8499984741211,96.8499984741211,1609.0
2024-04-24 11:22:00,XEL,55.220001220703125,55.220001220703125,55.2400016784668,55.220001220703125,55.23500061035156,2422.0
2024-04-24 11:22:00,XERS,1.7699999809265137,1.7699999809265137,1.7699999809265137,1.7699999809265137,1.7699999809265137,1853.0
2024-04-24 11:22:00,XFOR,1.2680000066757202,1.2680000066757202,1.2699999809265137,1.2680000066757202,1.2691999673843384,1318.0
2024-04-24 11:22:00,XMTR,16.825000762939453,16.825000762939453,16.825000762939453,16.81279945373535,16.81279945373535,821.0
2024-04-24 11:22:00,XNCR,18.125,18.125,18.13249969482422,18.125,18.13249969482422,492.0
2024-04-24 11:22:00,XP,20.25,20.25,20.2549991607666,20.2450008392334,20.2450008392334,6168.0
2024-04-24 11:22:00,XPEL,54.989498138427734,54.989498138427734,54.989498138427734,54.904998779296875,54.904998779296875,369.0
2024-04-24 11:22:00,XRX,14.4350004196167,14.4350004196167,14.4350004196167,14.40999984741211,14.40999984741211,6763.0
2024-04-24 11:22:00,XXII,1.850000023841858,1.850000023841858,1.850000023841858,1.8479000329971313,1.8492000102996826,14708.0
2024-04-24 11:22:00,YTRA,1.2999999523162842,1.2999999523162842,1.2999999523162842,1.2999999523162842,1.2999999523162842,9767.0
2024-04-24 11:22:00,Z,43.65999984741211,43.65999984741211,43.65999984741211,43.630001068115234,43.63999938964844,1038.0
2024-04-24 11:22:00,ZBRA,275.32000732421875,275.32000732421875,275.32000732421875,275.32000732421875,275.32000732421875,699.0
2024-04-24 11:22:00,ZCMD,1.7300000190734863,1.7300000190734863,1.7300000190734863,1.7300000190734863,1.7300000190734863,1209.0
2024-04-24 11:22:00,ZD,51.625,51.625,51.625,51.60499954223633,51.619998931884766,1997.0
2024-04-24 11:22:00,ZG,43.084999084472656,43.084999084472656,43.084999084472656,43.084999084472656,43.084999084472656,113.0
2024-04-24 11:22:00,ZI,15.774999618530273,15.774999618530273,15.774999618530273,15.765000343322754,15.765000343322754,4840.0
2024-04-24 11:22:00,ZION,41.869998931884766,41.869998931884766,41.880001068115234,41.84000015258789,41.869998931884766,8061.0
2024-04-24 11:22:00,ZLAB,15.729999542236328,15.729999542236328,15.729999542236328,15.729999542236328,15.729999542236328,1.0
2024-04-24 11:22:00,ZM,61.119998931884766,61.119998931884766,61.16999816894531,61.119998931884766,61.150001525878906,2417.0
2024-04-24 11:22:00,ZS,177.7899932861328,177.7899932861328,177.7899932861328,177.67999267578125,177.67999267578125,2047.0
2024-04-24 11:22:00,ZURA,3.2699999809265137,3.2699999809265137,3.2699999809265137,3.2699999809265137,3.2699999809265137,298.0
2024-04-24 11:22:00,ZVSA,0.5766000151634216,0.5766000151634216,0.5766000151634216,0.5766000151634216,0.5766000151634216,471.0
2024-04-24 11:22:00,ZYME,8.609999656677246,8.609999656677246,8.619999885559082,8.609999656677246,8.619999885559082,352.0
2024-04-24 11:23:00,DIBS,5.360000133514404,5.360000133514404,5.369999885559082,5.360000133514404,5.360000133514404,1295.0
2024-04-24 11:23:00,DSP,8.770000457763672,8.770000457763672,8.770000457763672,8.770000457763672,8.770000457763672,53.0
2024-04-24 11:23:00,EGHT,2.2825000286102295,2.2825000286102295,2.2825000286102295,2.2825000286102295,2.2825000286102295,200.0
2024-04-24 11:23:00,ETNB,8.734999656677246,8.734999656677246,8.734999656677246,8.734999656677246,8.734999656677246,232.0
2024-04-24 11:23:00,FLWS,9.229999542236328,9.229999542236328,9.229999542236328,9.229999542236328,9.229999542236328,258.0
2024-04-24 11:23:00,MASS,5.619999885559082,5.619999885559082,5.619999885559082,5.619999885559082,5.619999885559082,2145.0
2024-04-24 11:23:00,ME,0.4821000099182129,0.4821000099182129,0.4821000099182129,0.4821000099182129,0.4821000099182129,600.0
2024-04-24 11:23:00,TWOU,0.23399999737739563,0.23399999737739563,0.2378000020980835,0.23399999737739563,0.2378000020980835,8055.0
2024-04-24 11:23:00,TXG,27.209999084472656,27.209999084472656,27.219999313354492,27.19499969482422,27.19499969482422,3282.0
2024-04-24 11:23:00,VCTR,49.45000076293945,49.45000076293945,49.45000076293945,49.45000076293945,49.45000076293945,438.0
2024-04-24 11:23:00,VERU,1.3300000429153442,1.3300000429153442,1.3300000429153442,1.3300000429153442,1.3300000429153442,1102.0
2024-04-24 11:23:00,VERV,6.769999980926514,6.769999980926514,6.769999980926514,6.769999980926514,6.769999980926514,493.0
2024-04-24 11:23:00,VERX,28.6200008392334,28.6200008392334,28.6200008392334,28.56999969482422,28.600000381469727,51625.0
2024-04-24 11:23:00,VFF,1.3293999433517456,1.3293999433517456,1.3293999433517456,1.3293999433517456,1.3293999433517456,625.0
2024-04-24 11:23:00,VFS,2.4649999141693115,2.4649999141693115,2.4700000286102295,2.4649999141693115,2.4700000286102295,3027.0
2024-04-24 11:23:00,VIAV,7.885000228881836,7.885000228881836,7.894999980926514,7.880000114440918,7.880000114440918,12090.0
2024-04-24 11:23:00,VIR,8.145000457763672,8.145000457763672,8.145000457763672,8.145000457763672,8.145000457763672,288.0
2024-04-24 11:23:00,VIRT,22.145000457763672,22.145000457763672,22.200000762939453,22.1299991607666,22.190000534057617,2854.0
2024-04-24 11:23:00,VITL,26.75,26.75,26.760000228881836,26.739999771118164,26.760000228881836,725.0
2024-04-24 11:23:00,VIVK,1.600000023841858,1.600000023841858,1.6095999479293823,1.5800000429153442,1.5800000429153442,7368.0
2024-04-24 11:23:00,VKTX,66.23370361328125,66.23370361328125,66.23889923095703,66.14309692382812,66.1500015258789,7499.0
2024-04-24 11:23:00,VLCN,0.26010000705718994,0.26010000705718994,0.26010000705718994,0.26010000705718994,0.26010000705718994,774.0
2024-04-24 11:23:00,VNET,1.5199999809265137,1.5199999809265137,1.5199999809265137,1.5199999809265137,1.5199999809265137,1672.0
2024-04-24 11:23:00,VOD,8.5649995803833,8.5649995803833,8.569899559020996,8.56470012664795,8.5649995803833,8867.0
2024-04-24 11:23:00,VOR,1.7599999904632568,1.7599999904632568,1.7599999904632568,1.7599999904632568,1.7599999904632568,300.0
2024-04-24 11:23:00,VRDN,13.600000381469727,13.600000381469727,13.630000114440918,13.600000381469727,13.630000114440918,1563.0
2024-04-24 11:23:00,VRRM,24.360000610351562,24.360000610351562,24.360000610351562,24.360000610351562,24.360000610351562,229.0
2024-04-24 11:23:00,VRTX,400.1199951171875,400.1199951171875,400.1199951171875,400.1199951171875,400.1199951171875,985.0
2024-04-24 11:23:00,VSAT,16.139999389648438,16.139999389648438,16.160900115966797,16.139999389648438,16.160900115966797,4379.0
2024-04-24 11:23:00,VSEC,77.94499969482422,77.94499969482422,77.94499969482422,77.94499969482422,77.94499969482422,543.0
2024-04-24 11:23:00,VTGN,4.75,4.75,4.75,4.75,4.75,316.0
2024-04-24 11:23:00,VTRS,11.354999542236328,11.354999542236328,11.359999656677246,11.354999542236328,11.359999656677246,2024.0
2024-04-24 11:23:00,VTSI,12.039999961853027,12.039999961853027,12.039999961853027,12.039999961853027,12.039999961853027,793.0
2024-04-24 11:23:00,VUZI,1.2999999523162842,1.2999999523162842,1.3049999475479126,1.2999999523162842,1.3049999475479126,685.0
2024-04-24 11:23:00,WB,8.295000076293945,8.295000076293945,8.295000076293945,8.28499984741211,8.28499984741211,1469.0
2024-04-24 11:23:00,WBA,17.674999237060547,17.674999237060547,17.700000762939453,17.674999237060547,17.700000762939453,8436.0
2024-04-24 11:23:00,WBD,8.279800415039062,8.279800415039062,8.28499984741211,8.274999618530273,8.28499984741211,17866.0
2024-04-24 11:23:00,WDAY,255.42999267578125,255.42999267578125,255.49000549316406,255.42999267578125,255.49000549316406,2337.0
2024-04-24 11:23:00,WDC,68.61000061035156,68.61000061035156,68.62999725341797,68.55000305175781,68.58000183105469,19393.0
2024-04-24 11:23:00,WEN,19.915000915527344,19.915000915527344,19.915000915527344,19.90999984741211,19.90999984741211,2606.0
2024-04-24 11:23:00,WERN,35.279998779296875,35.279998779296875,35.279998779296875,35.279998779296875,35.279998779296875,756.0
2024-04-24 11:23:00,WFRD,123.9000015258789,123.9000015258789,123.94999694824219,123.88999938964844,123.94999694824219,2801.0
2024-04-24 11:23:00,WHLM,6.639900207519531,6.639900207519531,6.639900207519531,6.639900207519531,6.639900207519531,1523.0
2024-04-24 11:23:00,WIMI,0.9057999849319458,0.9057999849319458,0.9150000214576721,0.8949999809265137,0.8949999809265137,143473.0
2024-04-24 11:23:00,WINT,4.980000019073486,4.980000019073486,4.980000019073486,4.980000019073486,4.980000019073486,1515.0
2024-04-24 11:23:00,WISA,6.074999809265137,6.074999809265137,6.109099864959717,6.050000190734863,6.109099864959717,14236.0
2024-04-24 11:23:00,WIX,122.88999938964844,122.88999938964844,122.88999938964844,122.88999938964844,122.88999938964844,100.0
2024-04-24 11:23:00,WKHS,0.1599999964237213,0.1599999964237213,0.16009999811649323,0.1598999947309494,0.16009999811649323,53128.0
2024-04-24 11:23:00,WLGS,0.6100000143051147,0.6100000143051147,0.6100000143051147,0.6100000143051147,0.6100000143051147,0.0
2024-04-24 11:23:00,WMG,32.0099983215332,32.0099983215332,32.0099983215332,32.0099983215332,32.0099983215332,399.0
2024-04-24 11:23:00,WSBF,11.694999694824219,11.694999694824219,11.739999771118164,11.680000305175781,11.739999771118164,8923.0
2024-04-24 11:23:00,WSC,37.58000183105469,37.58000183105469,37.65999984741211,37.58000183105469,37.650001525878906,21302.0
2024-04-24 11:23:00,WSFS,44.18000030517578,44.18000030517578,44.18000030517578,44.18000030517578,44.18000030517578,415.0
2024-04-24 11:23:00,WVE,5.170000076293945,5.170000076293945,5.170000076293945,5.130000114440918,5.130000114440918,6730.0
2024-04-24 11:23:00,WW,1.684999942779541,1.684999942779541,1.684999942779541,1.6799999475479126,1.6799999475479126,522.0
2024-04-24 11:23:00,WWD,149.11000061035156,149.11000061035156,149.11000061035156,149.11000061035156,149.11000061035156,557.0
2024-04-24 11:23:00,WYNN,96.8499984741211,96.8499984741211,96.93000030517578,96.8499984741211,96.91000366210938,1223.0
2024-04-24 11:23:00,XEL,55.23500061035156,55.23500061035156,55.2400016784668,55.220001220703125,55.220001220703125,3824.0
2024-04-24 11:23:00,XENE,40.52000045776367,40.52000045776367,40.52000045776367,40.52000045776367,40.52000045776367,181.0
2024-04-24 11:23:00,XMTR,16.81999969482422,16.81999969482422,16.81999969482422,16.81999969482422,16.81999969482422,1111.0
2024-04-24 11:23:00,XNCR,18.145000457763672,18.145000457763672,18.145000457763672,18.145000457763672,18.145000457763672,328.0
2024-04-24 11:23:00,XP,20.235000610351562,20.235000610351562,20.25,20.235000610351562,20.2450008392334,4004.0
2024-04-24 11:23:00,XPEL,54.88999938964844,54.88999938964844,55.02000045776367,54.8650016784668,54.9900016784668,3577.0
2024-04-24 11:23:00,XRX,14.4350004196167,14.4350004196167,14.4350004196167,14.4350004196167,14.4350004196167,200.0
2024-04-24 11:23:00,XWEL,1.6234999895095825,1.6234999895095825,1.6234999895095825,1.6234999895095825,1.6234999895095825,203.0
2024-04-24 11:23:00,XXII,1.809999942779541,1.809999942779541,1.8899999856948853,1.809999942779541,1.8600000143051147,15960.0
2024-04-24 11:23:00,YORW,35.33000183105469,35.33000183105469,35.33000183105469,35.31999969482422,35.31999969482422,1172.0
2024-04-24 11:23:00,Z,43.619998931884766,43.619998931884766,43.64500045776367,43.61000061035156,43.64500045776367,6311.0
2024-04-24 11:23:00,ZAPP,4.550099849700928,4.550099849700928,4.559999942779541,4.550099849700928,4.553999900817871,1517.0
2024-04-24 11:23:00,ZD,51.57500076293945,51.57500076293945,51.595001220703125,51.560001373291016,51.595001220703125,1682.0
2024-04-24 11:23:00,ZG,43.040000915527344,43.040000915527344,43.06999969482422,43.040000915527344,43.06999969482422,549.0
2024-04-24 11:23:00,ZI,15.765000343322754,15.765000343322754,15.774999618530273,15.765000343322754,15.774999618530273,4736.0
2024-04-24 11:23:00,ZION,41.83000183105469,41.83000183105469,41.86000061035156,41.83000183105469,41.849998474121094,1354.0
2024-04-24 11:23:00,ZLAB,15.729999542236328,15.729999542236328,15.729999542236328,15.729999542236328,15.729999542236328,1104.0
2024-04-24 11:23:00,ZM,61.06999969482422,61.06999969482422,61.099998474121094,61.06999969482422,61.099998474121094,5687.0
2024-04-24 11:23:00,ZURA,3.2699999809265137,3.2699999809265137,3.2699999809265137,3.2699999809265137,3.2699999809265137,39.0
2024-04-24 11:23:00,ZYXI,11.34000015258789,11.34000015258789,11.34000015258789,11.34000015258789,11.34000015258789,1018.0
2024-04-24 11:24:00,COCO,23.84000015258789,23.84000015258789,23.84000015258789,23.84000015258789,23.84000015258789,855.0
2024-04-24 11:24:00,DIBS,5.360000133514404,5.360000133514404,5.380000114440918,5.360000133514404,5.360000133514404,2206.0
2024-04-24 11:24:00,DSP,8.770000457763672,8.770000457763672,8.770000457763672,8.770000457763672,8.770000457763672,660.0
2024-04-24 11:24:00,EGHT,2.2850000858306885,2.2850000858306885,2.2850000858306885,2.2850000858306885,2.2850000858306885,112.0
2024-04-24 11:24:00,ETNB,8.720000267028809,8.720000267028809,8.729999542236328,8.710000038146973,8.729999542236328,1819.0
2024-04-24 11:24:00,FDMT,24.799999237060547,24.799999237060547,24.889999389648438,24.799999237060547,24.889999389648438,463.0
2024-04-24 11:24:00,FEAM,1.159999966621399,1.159999966621399,1.159999966621399,1.159999966621399,1.159999966621399,109.0
2024-04-24 11:24:00,MAPS,1.100000023841858,1.100000023841858,1.100000023841858,1.100000023841858,1.100000023841858,100.0
2024-04-24 11:24:00,ME,0.48350000381469727,0.48350000381469727,0.48350000381469727,0.48350000381469727,0.48350000381469727,2506.0
2024-04-24 11:24:00,TWOU,0.23729999363422394,0.23729999363422394,0.23729999363422394,0.23520000278949738,0.2354000061750412,0.0
2024-04-24 11:24:00,TXG,27.209999084472656,27.209999084472656,27.209999084472656,27.209999084472656,27.209999084472656,4695.0
2024-04-24 11:24:00,VERU,1.3200000524520874,1.3200000524520874,1.3200000524520874,1.3200000524520874,1.3200000524520874,1751.0
2024-04-24 11:24:00,VERV,6.75,6.75,6.769999980926514,6.75,6.769999980926514,8126.0
2024-04-24 11:24:00,VERX,28.579999923706055,28.579999923706055,28.59000015258789,28.540000915527344,28.584999084472656,98688.0
2024-04-24 11:24:00,VFS,2.469099998474121,2.469099998474121,2.469099998474121,2.469099998474121,2.469099998474121,219.0
2024-04-24 11:24:00,VICR,33.314998626708984,33.314998626708984,33.314998626708984,33.314998626708984,33.314998626708984,146.0
2024-04-24 11:24:00,VIR,8.145000457763672,8.145000457763672,8.145000457763672,8.145000457763672,8.145000457763672,584.0
2024-04-24 11:24:00,VIRI,0.47099998593330383,0.47099998593330383,0.47099998593330383,0.4578999876976013,0.4578999876976013,33974.0
2024-04-24 11:24:00,VIRT,22.200000762939453,22.200000762939453,22.200000762939453,22.1299991607666,22.1299991607666,3796.0
2024-04-24 11:24:00,VITL,26.709999084472656,26.709999084472656,26.735599517822266,26.709999084472656,26.729999542236328,2884.0
2024-04-24 11:24:00,VIVK,1.6799999475479126,1.6799999475479126,1.6799999475479126,1.600100040435791,1.6100000143051147,12907.0
2024-04-24 11:24:00,VKTX,66.0999984741211,66.0999984741211,66.19499969482422,66.0999984741211,66.19000244140625,3589.0
2024-04-24 11:24:00,VLCN,0.2628999948501587,0.2628999948501587,0.2628999948501587,0.2628999948501587,0.2628999948501587,847.0
2024-04-24 11:24:00,VMEO,3.549999952316284,3.549999952316284,3.549999952316284,3.549999952316284,3.549999952316284,166.0
2024-04-24 11:24:00,VOD,8.5649995803833,8.5649995803833,8.569999694824219,8.5649995803833,8.5649995803833,8468.0
2024-04-24 11:24:00,VOR,1.7549999952316284,1.7549999952316284,1.7599999904632568,1.7549999952316284,1.7597999572753906,2771.0
2024-04-24 11:24:00,VRDN,13.5600004196167,13.5600004196167,13.59000015258789,13.5600004196167,13.59000015258789,1571.0
2024-04-24 11:24:00,VRRM,24.344999313354492,24.344999313354492,24.360000610351562,24.34000015258789,24.360000610351562,959.0
2024-04-24 11:24:00,VS,1.434999942779541,1.434999942779541,1.434999942779541,1.434999942779541,1.434999942779541,674.0
2024-04-24 11:24:00,VSAT,16.1299991607666,16.1299991607666,16.1299991607666,16.1299991607666,16.1299991607666,762.0
2024-04-24 11:24:00,VTGN,4.760000228881836,4.760000228881836,4.760000228881836,4.760000228881836,4.760000228881836,51.0
2024-04-24 11:24:00,VTRS,11.354999542236328,11.354999542236328,11.354999542236328,11.354999542236328,11.354999542236328,1182.0
2024-04-24 11:24:00,VUZI,1.3049999475479126,1.3049999475479126,1.3049999475479126,1.3049999475479126,1.3049999475479126,200.0
2024-04-24 11:24:00,WBA,17.674999237060547,17.674999237060547,17.675199508666992,17.674999237060547,17.674999237060547,5919.0
2024-04-24 11:24:00,WBD,8.28499984741211,8.28499984741211,8.28499984741211,8.270000457763672,8.274999618530273,83369.0
2024-04-24 11:24:00,WDAY,255.02000427246094,255.02000427246094,255.17999267578125,255.02000427246094,255.17999267578125,2919.0
2024-04-24 11:24:00,WDC,68.5,68.5,68.61000061035156,68.45999908447266,68.61000061035156,8662.0
2024-04-24 11:24:00,WEN,19.915000915527344,19.915000915527344,19.915000915527344,19.915000915527344,19.915000915527344,960.0
2024-04-24 11:24:00,WERN,35.277000427246094,35.277000427246094,35.277000427246094,35.277000427246094,35.277000427246094,193.0
2024-04-24 11:24:00,WFRD,124.36029815673828,124.36029815673828,124.43000030517578,123.94000244140625,124.08999633789062,1529.0
2024-04-24 11:24:00,WHLM,6.673299789428711,6.673299789428711,6.673299789428711,6.639999866485596,6.639999866485596,3212.0
2024-04-24 11:24:00,WIMI,0.9106000065803528,0.9106000065803528,0.9106000065803528,0.8820000290870667,0.9028000235557556,42651.0
2024-04-24 11:24:00,WING,363.6700134277344,363.6700134277344,363.6700134277344,363.6700134277344,363.6700134277344,101.0
2024-04-24 11:24:00,WISA,6.099999904632568,6.099999904632568,6.110000133514404,6.079999923706055,6.079999923706055,5611.0
2024-04-24 11:24:00,WIX,122.81999969482422,122.81999969482422,122.87999725341797,122.81999969482422,122.87999725341797,1211.0
2024-04-24 11:24:00,WKHS,0.1598999947309494,0.1598999947309494,0.1599999964237213,0.1598999947309494,0.1599999964237213,36211.0
2024-04-24 11:24:00,WKME,7.849999904632568,7.849999904632568,7.849999904632568,7.849999904632568,7.849999904632568,353.0
2024-04-24 11:24:00,WMG,31.989999771118164,31.989999771118164,32.0,31.989999771118164,32.0,1234.0
2024-04-24 11:24:00,WSBC,28.270000457763672,28.270000457763672,28.270000457763672,28.270000457763672,28.270000457763672,347.0
2024-04-24 11:24:00,WSBF,11.734999656677246,11.734999656677246,11.734999656677246,11.734999656677246,11.734999656677246,805.0
2024-04-24 11:24:00,WSC,37.564998626708984,37.564998626708984,37.584999084472656,37.54999923706055,37.58000183105469,5646.0
2024-04-24 11:24:00,WSFS,44.1349983215332,44.1349983215332,44.1349983215332,44.1349983215332,44.1349983215332,296.0
2024-04-24 11:24:00,WTFC,99.58999633789062,99.58999633789062,99.58999633789062,99.58999633789062,99.58999633789062,1142.0
2024-04-24 11:24:00,WVE,5.21999979019165,5.21999979019165,5.21999979019165,5.159999847412109,5.170000076293945,11967.0
2024-04-24 11:24:00,WW,1.6799999475479126,1.6799999475479126,1.6899000406265259,1.6799999475479126,1.6799999475479126,2550.0
2024-04-24 11:24:00,WYNN,96.8666000366211,96.8666000366211,96.8666000366211,96.8666000366211,96.8666000366211,3296.0
2024-04-24 11:24:00,XEL,55.25,55.25,55.25,55.2400016784668,55.2400016784668,2025.0
2024-04-24 11:24:00,XERS,1.7599999904632568,1.7599999904632568,1.7599999904632568,1.7599999904632568,1.7599999904632568,116.0
2024-04-24 11:24:00,XFOR,1.2699999809265137,1.2699999809265137,1.2699999809265137,1.2699999809265137,1.2699999809265137,353.0
2024-04-24 11:24:00,XLO,1.0533000230789185,1.0533000230789185,1.0533000230789185,1.0533000230789185,1.0533000230789185,100.0
2024-04-24 11:24:00,XP,20.21500015258789,20.21500015258789,20.235000610351562,20.21500015258789,20.235000610351562,5010.0
2024-04-24 11:24:00,XPEL,54.869998931884766,54.869998931884766,54.88999938964844,54.869998931884766,54.88999938964844,344.0
2024-04-24 11:24:00,XRX,14.4350004196167,14.4350004196167,14.4399995803833,14.4350004196167,14.4399995803833,1809.0
2024-04-24 11:24:00,XXII,1.8300000429153442,1.8300000429153442,1.8300000429153442,1.8300000429153442,1.8300000429153442,1714.0
2024-04-24 11:24:00,YMAB,15.265000343322754,15.265000343322754,15.265000343322754,15.265000343322754,15.265000343322754,224.0
2024-04-24 11:24:00,Z,43.6411018371582,43.6411018371582,43.650001525878906,43.619998931884766,43.619998931884766,1371.0
2024-04-24 11:24:00,ZD,51.56999969482422,51.56999969482422,51.56999969482422,51.56999969482422,51.56999969482422,400.0
2024-04-24 11:24:00,ZG,43.060001373291016,43.060001373291016,43.060001373291016,43.060001373291016,43.060001373291016,278.0
2024-04-24 11:24:00,ZI,15.760000228881836,15.760000228881836,15.760000228881836,15.760000228881836,15.760000228881836,790.0
2024-04-24 11:24:00,ZION,41.834999084472656,41.834999084472656,41.869998931884766,41.834999084472656,41.84000015258789,4800.0
2024-04-24 11:24:00,ZIONO,25.440000534057617,25.440000534057617,25.440000534057617,25.440000534057617,25.440000534057617,527.0
2024-04-24 11:24:00,ZM,61.029998779296875,61.029998779296875,61.060001373291016,61.029998779296875,61.040000915527344,4292.0
2024-04-24 11:24:00,ZNTL,12.274999618530273,12.274999618530273,12.28499984741211,12.274999618530273,12.28499984741211,494.0
2024-04-24 11:24:00,ZVRA,4.5,4.5,4.5,4.5,4.5,190.0
2024-04-24 11:25:00,EGHT,2.2850000858306885,2.2850000858306885,2.2899999618530273,2.2850000858306885,2.2899999618530273,2840.0
2024-04-24 11:25:00,ETNB,8.720000267028809,8.720000267028809,8.720000267028809,8.720000267028809,8.720000267028809,304.0
2024-04-24 11:25:00,FLWS,9.239999771118164,9.239999771118164,9.239999771118164,9.239999771118164,9.239999771118164,407.0
2024-04-24 11:25:00,FREE,4.820000171661377,4.820000171661377,4.820000171661377,4.820000171661377,4.820000171661377,425.0
2024-04-24 11:25:00,MAPS,1.0950000286102295,1.0950000286102295,1.0950000286102295,1.0950000286102295,1.0950000286102295,4.0
2024-04-24 11:25:00,ME,0.48260000348091125,0.48260000348091125,0.48260000348091125,0.4821000099182129,0.4821000099182129,877.0
2024-04-24 11:25:00,TWOU,0.23250000178813934,0.23250000178813934,0.2337999939918518,0.23250000178813934,0.2329999953508377,10227.0
2024-04-24 11:25:00,TXG,27.235000610351562,27.235000610351562,27.239999771118164,27.219999313354492,27.219999313354492,2849.0
2024-04-24 11:25:00,VERV,6.769999980926514,6.769999980926514,6.769999980926514,6.769999980926514,6.769999980926514,206.0
2024-04-24 11:25:00,VERX,28.565000534057617,28.565000534057617,28.56999969482422,28.530000686645508,28.545000076293945,369563.0
2024-04-24 11:25:00,VFS,2.4649999141693115,2.4649999141693115,2.469099998474121,2.4649999141693115,2.469099998474121,1356.0
2024-04-24 11:25:00,VIAV,7.889999866485596,7.889999866485596,7.889999866485596,7.889999866485596,7.889999866485596,2332.0
2024-04-24 11:25:00,VICR,33.34000015258789,33.34000015258789,33.34000015258789,33.34000015258789,33.34000015258789,271.0
2024-04-24 11:25:00,VINC,0.9296000003814697,0.9296000003814697,0.9296000003814697,0.9296000003814697,0.9296000003814697,550.0
2024-04-24 11:25:00,VIRC,10.699999809265137,10.699999809265137,10.699999809265137,10.680000305175781,10.680000305175781,1094.0
2024-04-24 11:25:00,VIRI,0.47279998660087585,0.47279998660087585,0.47279998660087585,0.47099998593330383,0.47099998593330383,2669.0
2024-04-24 11:25:00,VIRT,22.170000076293945,22.170000076293945,22.190000534057617,22.15999984741211,22.190000534057617,2895.0
2024-04-24 11:25:00,VIVK,1.6884000301361084,1.6884000301361084,1.6887999773025513,1.659999966621399,1.6799999475479126,1353.0
2024-04-24 11:25:00,VKTX,66.2699966430664,66.2699966430664,66.30970001220703,66.17500305175781,66.19000244140625,2751.0
2024-04-24 11:25:00,VLCN,0.25999999046325684,0.25999999046325684,0.2630000114440918,0.25999999046325684,0.2630000114440918,5335.0
2024-04-24 11:25:00,VMEO,3.555000066757202,3.555000066757202,3.555000066757202,3.555000066757202,3.555000066757202,578.0
2024-04-24 11:25:00,VOD,8.5649995803833,8.5649995803833,8.5649995803833,8.5600004196167,8.5649995803833,3111.0
2024-04-24 11:25:00,VRDN,13.574999809265137,13.574999809265137,13.574999809265137,13.5600004196167,13.5600004196167,1149.0
2024-04-24 11:25:00,VRTX,400.1650085449219,400.1650085449219,400.1650085449219,400.1650085449219,400.1650085449219,388.0
2024-04-24 11:25:00,VTGN,4.75,4.75,4.75,4.75,4.75,200.0
2024-04-24 11:25:00,VTRS,11.356300354003906,11.356300354003906,11.359000205993652,11.354999542236328,11.354999542236328,2878.0
2024-04-24 11:25:00,VUZI,1.2999999523162842,1.2999999523162842,1.3049999475479126,1.2999999523162842,1.3049999475479126,221.0
2024-04-24 11:25:00,VYGR,7.559800148010254,7.559800148010254,7.559800148010254,7.554999828338623,7.554999828338623,1510.0
2024-04-24 11:25:00,WAFDP,15.930000305175781,15.930000305175781,15.930000305175781,15.930000305175781,15.930000305175781,203.0
2024-04-24 11:25:00,WBA,17.68000030517578,17.68000030517578,17.68000030517578,17.672500610351562,17.68000030517578,14004.0
2024-04-24 11:25:00,WBD,8.289999961853027,8.289999961853027,8.289999961853027,8.279999732971191,8.28499984741211,14698.0
2024-04-24 11:25:00,WDAY,255.14999389648438,255.14999389648438,255.14999389648438,255.02000427246094,255.02499389648438,2408.0
2024-04-24 11:25:00,WDC,68.54499816894531,68.54499816894531,68.55000305175781,68.44000244140625,68.5199966430664,23574.0
2024-04-24 11:25:00,WEN,19.915000915527344,19.915000915527344,19.915000915527344,19.915000915527344,19.915000915527344,586.0
2024-04-24 11:25:00,WERN,35.20000076293945,35.20000076293945,35.2599983215332,35.20000076293945,35.2400016784668,3438.0
2024-04-24 11:25:00,WFRD,123.62999725341797,123.62999725341797,124.41000366210938,123.58000183105469,124.19999694824219,5485.0
2024-04-24 11:25:00,WHLM,6.929999828338623,6.929999828338623,6.982800006866455,6.7378997802734375,6.789999961853027,11863.0
2024-04-24 11:25:00,WIMI,0.902400016784668,0.902400016784668,0.9226999878883362,0.8855000138282776,0.9106000065803528,70624.0
2024-04-24 11:25:00,WING,364.0799865722656,364.0799865722656,364.0799865722656,363.7560119628906,363.989990234375,1667.0
2024-04-24 11:25:00,WISA,6.093699932098389,6.093699932098389,6.094099998474121,6.080699920654297,6.09060001373291,7258.0
2024-04-24 11:25:00,WIX,122.86000061035156,122.86000061035156,122.86000061035156,122.83999633789062,122.83999633789062,1092.0
2024-04-24 11:25:00,WKHS,0.1597999930381775,0.1597999930381775,0.1599999964237213,0.1597999930381775,0.1598999947309494,38627.0
2024-04-24 11:25:00,WMG,31.959999084472656,31.959999084472656,32.02000045776367,31.959999084472656,32.02000045776367,2315.0
2024-04-24 11:25:00,WRAP,1.9984999895095825,1.9984999895095825,2.0,1.9984999895095825,2.0,1145.0
2024-04-24 11:25:00,WSBC,28.280000686645508,28.280000686645508,28.280000686645508,28.280000686645508,28.280000686645508,103.0
2024-04-24 11:25:00,WSC,37.54999923706055,37.54999923706055,37.560001373291016,37.540000915527344,37.560001373291016,3061.0
2024-04-24 11:25:00,WTW,263.947509765625,263.947509765625,263.947509765625,263.947509765625,263.947509765625,105.0
2024-04-24 11:25:00,WVE,5.230000019073486,5.230000019073486,5.230000019073486,5.21999979019165,5.21999979019165,252.0
2024-04-24 11:25:00,WW,1.6799999475479126,1.6799999475479126,1.6799999475479126,1.6799999475479126,1.6799999475479126,403.0
2024-04-24 11:25:00,WWD,149.093994140625,149.093994140625,149.093994140625,148.9958953857422,148.9958953857422,621.0
2024-04-24 11:25:00,WYNN,96.87000274658203,96.87000274658203,96.8949966430664,96.83499908447266,96.83499908447266,3735.0
2024-04-24 11:25:00,XBIT,8.180000305175781,8.180000305175781,8.289999961853027,8.180000305175781,8.25,2136.0
2024-04-24 11:25:00,XEL,55.33000183105469,55.33000183105469,55.33000183105469,55.255001068115234,55.255001068115234,6181.0
2024-04-24 11:25:00,XENE,40.415000915527344,40.415000915527344,40.415000915527344,40.415000915527344,40.415000915527344,390.0
2024-04-24 11:25:00,XFOR,1.2649999856948853,1.2649999856948853,1.2649999856948853,1.2649999856948853,1.2649999856948853,500.0
2024-04-24 11:25:00,XMTR,16.790000915527344,16.790000915527344,16.799999237060547,16.770000457763672,16.799999237060547,4790.0
2024-04-24 11:25:00,XP,20.235000610351562,20.235000610351562,20.235000610351562,20.21500015258789,20.21500015258789,13888.0
2024-04-24 11:25:00,XPEL,54.869998931884766,54.869998931884766,54.869998931884766,54.869998931884766,54.869998931884766,331.0
2024-04-24 11:25:00,XRX,14.430000305175781,14.430000305175781,14.4350004196167,14.430000305175781,14.4350004196167,2237.0
2024-04-24 11:25:00,XXII,1.8598999977111816,1.8598999977111816,1.8598999977111816,1.8300000429153442,1.8499000072479248,6753.0
2024-04-24 11:25:00,YHGJ,1.330199956893921,1.330199956893921,1.330199956893921,1.330199956893921,1.330199956893921,204.0
2024-04-24 11:25:00,Z,43.61000061035156,43.61000061035156,43.630001068115234,43.599998474121094,43.630001068115234,3272.0
2024-04-24 11:25:00,ZAPP,4.679999828338623,4.679999828338623,4.679999828338623,4.569399833679199,4.569399833679199,382.0
2024-04-24 11:25:00,ZBRA,275.6300048828125,275.6300048828125,275.6300048828125,275.6300048828125,275.6300048828125,167.0
2024-04-24 11:25:00,ZD,51.540000915527344,51.540000915527344,51.56999969482422,51.5099983215332,51.56999969482422,5010.0
2024-04-24 11:25:00,ZG,43.04499816894531,43.04499816894531,43.04999923706055,43.04499816894531,43.04999923706055,1094.0
2024-04-24 11:25:00,ZI,15.75,15.75,15.75,15.75,15.75,1609.0
2024-04-24 11:25:00,ZION,41.849998474121094,41.849998474121094,41.849998474121094,41.849998474121094,41.849998474121094,352.0
2024-04-24 11:25:00,ZM,61.04999923706055,61.04999923706055,61.060001373291016,61.029998779296875,61.029998779296875,2888.0
2024-04-24 11:25:00,ZNTL,12.289999961853027,12.289999961853027,12.289999961853027,12.270000457763672,12.270000457763672,674.0
2024-04-24 11:25:00,ZS,177.4600067138672,177.4600067138672,177.47000122070312,177.27000427246094,177.39500427246094,1967.0
2024-04-24 11:25:00,ZUMZ,16.889999389648438,16.889999389648438,16.889999389648438,16.889999389648438,16.889999389648438,200.0
2024-04-24 11:25:00,ZVSA,0.5766000151634216,0.5766000151634216,0.5766000151634216,0.5766000151634216,0.5766000151634216,249.0
2024-04-24 11:25:00,ZYME,8.619999885559082,8.619999885559082,8.619999885559082,8.609999656677246,8.609999656677246,507.0
2024-04-24 11:26:00,DIBS,5.360000133514404,5.360000133514404,5.360000133514404,5.360000133514404,5.360000133514404,975.0
2024-04-24 11:26:00,DSP,8.770000457763672,8.770000457763672,8.770000457763672,8.770000457763672,8.770000457763672,86.0
2024-04-24 11:26:00,EGHT,2.2880001068115234,2.2880001068115234,2.2880001068115234,2.2880001068115234,2.2880001068115234,2322.0
2024-04-24 11:26:00,ETNB,8.720000267028809,8.720000267028809,8.720000267028809,8.720000267028809,8.720000267028809,165.0
2024-04-24 11:26:00,ME,0.48339998722076416,0.48339998722076416,0.48339998722076416,0.48339998722076416,0.48339998722076416,460.0
2024-04-24 11:26:00,SEAT,5.815000057220459,5.815000057220459,5.815000057220459,5.804999828338623,5.809999942779541,5989.0
2024-04-24 11:26:00,TXG,27.18000030517578,27.18000030517578,27.2549991607666,27.170000076293945,27.2450008392334,6790.0
2024-04-24 11:26:00,VCTR,49.41999816894531,49.41999816894531,49.5,49.38999938964844,49.459999084472656,3836.0
2024-04-24 11:26:00,VERU,1.3200000524520874,1.3200000524520874,1.3200000524520874,1.3200000524520874,1.3200000524520874,2152.0
2024-04-24 11:26:00,VERV,6.769999980926514,6.769999980926514,6.769999980926514,6.760000228881836,6.760000228881836,354.0
2024-04-24 11:26:00,VERX,28.55500030517578,28.55500030517578,28.565000534057617,28.524999618530273,28.565000534057617,11007.0
2024-04-24 11:26:00,VFS,2.4707000255584717,2.4707000255584717,2.4707000255584717,2.4649999141693115,2.4649999141693115,6380.0
2024-04-24 11:26:00,VIAV,7.894999980926514,7.894999980926514,7.894999980926514,7.894999980926514,7.894999980926514,1499.0
2024-04-24 11:26:00,VIR,8.145000457763672,8.145000457763672,8.145000457763672,8.145000457763672,8.145000457763672,881.0
2024-04-24 11:26:00,VIRT,22.209999084472656,22.209999084472656,22.209999084472656,22.19499969482422,22.19499969482422,2725.0
2024-04-24 11:26:00,VKTX,66.20999908447266,66.20999908447266,66.30819702148438,66.20999908447266,66.30819702148438,1442.0
2024-04-24 11:26:00,VLCN,0.2628999948501587,0.2628999948501587,0.2628999948501587,0.2628999948501587,0.2628999948501587,2005.0
2024-04-24 11:26:00,VMEO,3.555000066757202,3.555000066757202,3.555000066757202,3.555000066757202,3.555000066757202,3180.0
2024-04-24 11:26:00,VNET,1.5099999904632568,1.5099999904632568,1.5099999904632568,1.5099999904632568,1.5099999904632568,567.0
2024-04-24 11:26:00,VOD,8.567500114440918,8.567500114440918,8.56779956817627,8.5649995803833,8.56779956817627,6886.0
2024-04-24 11:26:00,VOR,1.7628999948501587,1.7628999948501587,1.7628999948501587,1.7628999948501587,1.7628999948501587,3202.0
2024-04-24 11:26:00,VRDN,13.574999809265137,13.574999809265137,13.574999809265137,13.574999809265137,13.574999809265137,101.0
2024-04-24 11:26:00,VRM,12.0,12.0,12.0,12.0,12.0,296.0
2024-04-24 11:26:00,VRNA,15.619999885559082,15.619999885559082,15.619999885559082,15.569999694824219,15.569999694824219,1332.0
2024-04-24 11:26:00,VRRM,24.360000610351562,24.360000610351562,24.360000610351562,24.350000381469727,24.350000381469727,531.0
2024-04-24 11:26:00,VRTX,400.2200012207031,400.2200012207031,400.2200012207031,400.2200012207031,400.2200012207031,673.0
2024-04-24 11:26:00,VSAT,16.12700080871582,16.12700080871582,16.12700080871582,16.12700080871582,16.12700080871582,883.0
2024-04-24 11:26:00,VTNR,1.590000033378601,1.590000033378601,1.590000033378601,1.590000033378601,1.590000033378601,15532.0
2024-04-24 11:26:00,VTRS,11.359999656677246,11.359999656677246,11.359999656677246,11.354999542236328,11.354999542236328,3249.0
2024-04-24 11:26:00,WB,8.300000190734863,8.300000190734863,8.300000190734863,8.300000190734863,8.300000190734863,622.0
2024-04-24 11:26:00,WBA,17.658300399780273,17.658300399780273,17.68000030517578,17.658300399780273,17.674999237060547,17228.0
2024-04-24 11:26:00,WBD,8.289299964904785,8.289299964904785,8.300000190734863,8.280099868774414,8.28600025177002,123363.0
2024-04-24 11:26:00,WDAY,255.39500427246094,255.39500427246094,255.39500427246094,255.3249969482422,255.3249969482422,1274.0
2024-04-24 11:26:00,WDC,68.66999816894531,68.66999816894531,68.67500305175781,68.54499816894531,68.54499816894531,7860.0
2024-04-24 11:26:00,WEN,19.920000076293945,19.920000076293945,19.920000076293945,19.915000915527344,19.915000915527344,832.0
2024-04-24 11:26:00,WERN,35.209999084472656,35.209999084472656,35.22999954223633,35.20000076293945,35.20249938964844,4993.0
2024-04-24 11:26:00,WEST,9.9399995803833,9.9399995803833,9.9399995803833,9.9399995803833,9.9399995803833,311.0
2024-04-24 11:26:00,WFRD,123.41999816894531,123.41999816894531,123.72000122070312,123.30000305175781,123.69000244140625,4317.0
2024-04-24 11:26:00,WHLM,6.936299800872803,6.936299800872803,7.0,6.907899856567383,6.986599922180176,5199.0
2024-04-24 11:26:00,WHLR,0.14319999516010284,0.14319999516010284,0.14319999516010284,0.1421000063419342,0.1421000063419342,4626.0
2024-04-24 11:26:00,WIMI,0.9176999926567078,0.9176999926567078,0.9228000044822693,0.8899999856948853,0.8999999761581421,37141.0
2024-04-24 11:26:00,WING,365.1300048828125,365.1300048828125,365.1300048828125,364.94500732421875,364.9599914550781,687.0
2024-04-24 11:26:00,WISA,6.119999885559082,6.119999885559082,6.119999885559082,6.090000152587891,6.090000152587891,7593.0
2024-04-24 11:26:00,WIX,122.94999694824219,122.94999694824219,123.04000091552734,122.94999694824219,123.04000091552734,1259.0
2024-04-24 11:26:00,WKHS,0.1598999947309494,0.1598999947309494,0.1598999947309494,0.1598999947309494,0.1598999947309494,11909.0
2024-04-24 11:26:00,WMG,32.0099983215332,32.0099983215332,32.0099983215332,31.954999923706055,31.959999084472656,3663.0
2024-04-24 11:26:00,WSC,37.599998474121094,37.599998474121094,37.61000061035156,37.560001373291016,37.560001373291016,4115.0
2024-04-24 11:26:00,WSFS,44.130001068115234,44.130001068115234,44.130001068115234,44.130001068115234,44.130001068115234,724.0
2024-04-24 11:26:00,WTW,263.9700012207031,263.9700012207031,263.9700012207031,263.95001220703125,263.95001220703125,323.0
2024-04-24 11:26:00,WVE,5.21999979019165,5.21999979019165,5.230000019073486,5.21999979019165,5.21999979019165,5040.0
2024-04-24 11:26:00,WW,1.6799999475479126,1.6799999475479126,1.684999942779541,1.6799999475479126,1.6799999475479126,5201.0
2024-04-24 11:26:00,WWD,149.02000427246094,149.02000427246094,149.02000427246094,148.97999572753906,148.97999572753906,209.0
2024-04-24 11:26:00,WYNN,96.94000244140625,96.94000244140625,96.97000122070312,96.88999938964844,96.88999938964844,2710.0
2024-04-24 11:26:00,XEL,55.309898376464844,55.309898376464844,55.32500076293945,55.309898376464844,55.31999969482422,4520.0
2024-04-24 11:26:00,XERS,1.7649999856948853,1.7649999856948853,1.7649999856948853,1.7649999856948853,1.7649999856948853,342.0
2024-04-24 11:26:00,XFOR,1.2649999856948853,1.2649999856948853,1.2699999809265137,1.2649999856948853,1.2699999809265137,448.0
2024-04-24 11:26:00,XMTR,16.790000915527344,16.790000915527344,16.790000915527344,16.770000457763672,16.780000686645508,2224.0
2024-04-24 11:26:00,XNCR,18.145000457763672,18.145000457763672,18.145000457763672,18.145000457763672,18.145000457763672,298.0
2024-04-24 11:26:00,XP,20.2450008392334,20.2450008392334,20.25,20.230499267578125,20.235000610351562,8298.0
2024-04-24 11:26:00,XRX,14.4350004196167,14.4350004196167,14.4399995803833,14.430000305175781,14.4350004196167,4048.0
2024-04-24 11:26:00,XXII,1.8697999715805054,1.8697999715805054,1.8799999952316284,1.840000033378601,1.840000033378601,9982.0
2024-04-24 11:26:00,YTRA,1.3097000122070312,1.3097000122070312,1.3097000122070312,1.3097000122070312,1.3097000122070312,400.0
2024-04-24 11:26:00,Z,43.619998931884766,43.619998931884766,43.630001068115234,43.599998474121094,43.630001068115234,1579.0
2024-04-24 11:26:00,ZBRA,275.7799987792969,275.7799987792969,275.7799987792969,275.7799987792969,275.7799987792969,804.0
2024-04-24 11:26:00,ZI,15.75,15.75,15.75,15.744999885559082,15.744999885559082,6653.0
2024-04-24 11:26:00,ZION,41.84000015258789,41.84000015258789,41.86000061035156,41.84000015258789,41.86000061035156,2021.0
2024-04-24 11:26:00,ZLAB,15.729999542236328,15.729999542236328,15.729999542236328,15.729999542236328,15.729999542236328,439.0
2024-04-24 11:26:00,ZM,61.099998474121094,61.099998474121094,61.11000061035156,61.060001373291016,61.060001373291016,3647.0
2024-04-24 11:26:00,ZNTL,12.300000190734863,12.300000190734863,12.300000190734863,12.289999961853027,12.29990005493164,1454.0
2024-04-24 11:26:00,ZS,177.75999450683594,177.75999450683594,177.75999450683594,177.52999877929688,177.52999877929688,2302.0
2024-04-24 11:26:00,ZURA,3.25,3.25,3.25,3.25,3.25,300.0
2024-04-24 11:26:00,ZVSA,0.5766000151634216,0.5766000151634216,0.5766000151634216,0.5766000151634216,0.5766000151634216,417.0
2024-04-24 11:27:00,DIBS,5.360000133514404,5.360000133514404,5.369999885559082,5.360000133514404,5.360000133514404,637.0
2024-04-24 11:27:00,EGHT,2.2850000858306885,2.2850000858306885,2.2850000858306885,2.2850000858306885,2.2850000858306885,432.0
2024-04-24 11:27:00,ETNB,8.699999809265137,8.699999809265137,8.720000267028809,8.699999809265137,8.720000267028809,1334.0
2024-04-24 11:27:00,FDMT,24.84000015258789,24.84000015258789,24.860000610351562,24.84000015258789,24.860000610351562,1234.0
2024-04-24 11:27:00,FLWS,9.239999771118164,9.239999771118164,9.239999771118164,9.239999771118164,9.239999771118164,784.0
2024-04-24 11:27:00,MAPS,1.090000033378601,1.090000033378601,1.090000033378601,1.090000033378601,1.090000033378601,900.0
2024-04-24 11:27:00,ME,0.4821000099182129,0.4821000099182129,0.48350000381469727,0.4821000099182129,0.4821000099182129,3161.0
2024-04-24 11:27:00,SEAT,5.815000057220459,5.815000057220459,5.815000057220459,5.815000057220459,5.815000057220459,101.0
2024-04-24 11:27:00,TWOU,0.23440000414848328,0.23440000414848328,0.23579999804496765,0.23350000381469727,0.23350000381469727,1304.0
2024-04-24 11:27:00,TXG,27.229999542236328,27.229999542236328,27.229999542236328,27.200000762939453,27.200000762939453,1860.0
2024-04-24 11:27:00,VERU,1.3200000524520874,1.3200000524520874,1.3200000524520874,1.3200000524520874,1.3200000524520874,510.0
2024-04-24 11:27:00,VERV,6.760000228881836,6.760000228881836,6.769999980926514,6.760000228881836,6.769999980926514,973.0
2024-04-24 11:27:00,VERX,28.55500030517578,28.55500030517578,28.55500030517578,28.524999618530273,28.55500030517578,4216.0
2024-04-24 11:27:00,VFF,1.3299000263214111,1.3299000263214111,1.3299000263214111,1.3299000263214111,1.3299000263214111,130.0
2024-04-24 11:27:00,VFS,2.4749999046325684,2.4749999046325684,2.4798998832702637,2.4700000286102295,2.4798998832702637,2874.0
2024-04-24 11:27:00,VIAV,7.894999980926514,7.894999980926514,7.897500038146973,7.894999980926514,7.894999980926514,1169.0
2024-04-24 11:27:00,VICR,33.380001068115234,33.380001068115234,33.380001068115234,33.380001068115234,33.380001068115234,200.0
2024-04-24 11:27:00,VIRI,0.474700003862381,0.474700003862381,0.474700003862381,0.4745999872684479,0.4745999872684479,23739.0
2024-04-24 11:27:00,VIRT,22.219999313354492,22.219999313354492,22.219999313354492,22.190000534057617,22.200000762939453,4547.0
2024-04-24 11:27:00,VITL,26.780000686645508,26.780000686645508,26.780000686645508,26.739999771118164,26.739999771118164,1219.0
2024-04-24 11:27:00,VIVK,1.6658999919891357,1.6658999919891357,1.6658999919891357,1.6658999919891357,1.6658999919891357,30.0
2024-04-24 11:27:00,VKTX,66.04000091552734,66.04000091552734,66.27259826660156,65.91000366210938,66.26000213623047,5468.0
2024-04-24 11:27:00,VLCN,0.2628999948501587,0.2628999948501587,0.2630000114440918,0.2619999945163727,0.2630000114440918,12080.0
2024-04-24 11:27:00,VNOM,40.07500076293945,40.07500076293945,40.08000183105469,40.07500076293945,40.08000183105469,1104.0
2024-04-24 11:27:00,VOD,8.574999809265137,8.574999809265137,8.578100204467773,8.5649995803833,8.5649995803833,12872.0
2024-04-24 11:27:00,VOR,1.7699999809265137,1.7699999809265137,1.7699999809265137,1.763200044631958,1.763200044631958,1148.0
2024-04-24 11:27:00,VRDN,13.529999732971191,13.529999732971191,13.574999809265137,13.529999732971191,13.574999809265137,6119.0
2024-04-24 11:27:00,VRNA,15.569999694824219,15.569999694824219,15.579999923706055,15.569999694824219,15.579999923706055,1069.0
2024-04-24 11:27:00,VRRM,24.364999771118164,24.364999771118164,24.364999771118164,24.360000610351562,24.360000610351562,215.0
2024-04-24 11:27:00,VRTX,400.3699951171875,400.3699951171875,400.42498779296875,400.2157897949219,400.2157897949219,1960.0
2024-04-24 11:27:00,VSAT,16.15999984741211,16.15999984741211,16.18000030517578,16.1299991607666,16.1299991607666,5427.0
2024-04-24 11:27:00,VTGN,4.760000228881836,4.760000228881836,4.760000228881836,4.760000228881836,4.760000228881836,100.0
2024-04-24 11:27:00,VTRS,11.369999885559082,11.369999885559082,11.375,11.369999885559082,11.369999885559082,4319.0
2024-04-24 11:27:00,VYGR,7.554999828338623,7.554999828338623,7.554999828338623,7.554999828338623,7.554999828338623,323.0
2024-04-24 11:27:00,VYNE,2.365000009536743,2.365000009536743,2.365000009536743,2.365000009536743,2.365000009536743,26023.0
2024-04-24 11:27:00,WABC,47.29999923706055,47.29999923706055,47.29999923706055,47.29999923706055,47.29999923706055,608.0
2024-04-24 11:27:00,WAFD,27.889999389648438,27.889999389648438,27.889999389648438,27.829999923706055,27.850000381469727,896.0
2024-04-24 11:27:00,WASH,26.0,26.0,26.030000686645508,26.0,26.030000686645508,1091.0
2024-04-24 11:27:00,WB,8.3100004196167,8.3100004196167,8.3100004196167,8.300000190734863,8.300000190734863,2859.0
2024-04-24 11:27:00,WBA,17.655000686645508,17.655000686645508,17.65999984741211,17.649999618530273,17.655000686645508,20211.0
2024-04-24 11:27:00,WBD,8.295000076293945,8.295000076293945,8.29990005493164,8.281200408935547,8.289600372314453,42967.0
2024-04-24 11:27:00,WDAY,255.4250030517578,255.4250030517578,255.44500732421875,255.41000366210938,255.44500732421875,2036.0
2024-04-24 11:27:00,WDC,68.7750015258789,68.7750015258789,68.77999877929688,68.68499755859375,68.69000244140625,18113.0
2024-04-24 11:27:00,WERN,35.20000076293945,35.20000076293945,35.220001220703125,35.20000076293945,35.220001220703125,1806.0
2024-04-24 11:27:00,WHLM,6.934999942779541,6.934999942779541,6.969900131225586,6.900000095367432,6.932799816131592,8808.0
2024-04-24 11:27:00,WIMI,0.9161999821662903,0.9161999821662903,0.9229999780654907,0.9059000015258789,0.9059000015258789,44987.0
2024-04-24 11:27:00,WING,364.739990234375,364.739990234375,364.739990234375,364.739990234375,364.739990234375,702.0
2024-04-24 11:27:00,WISA,6.135000228881836,6.135000228881836,6.159999847412109,6.090000152587891,6.110000133514404,11622.0
2024-04-24 11:27:00,WIX,122.98999786376953,122.98999786376953,123.0947036743164,122.98999786376953,123.0947036743164,423.0
2024-04-24 11:27:00,WKHS,0.1598999947309494,0.1598999947309494,0.1598999947309494,0.1597999930381775,0.1598999947309494,0.0
2024-04-24 11:27:00,WMG,32.0,32.0,32.0,32.0,32.0,498.0
2024-04-24 11:27:00,WSBC,28.25,28.25,28.270000457763672,28.25,28.270000457763672,1247.0
2024-04-24 11:27:00,WSC,37.625,37.625,37.625,37.599998474121094,37.599998474121094,3421.0
2024-04-24 11:27:00,WSFS,44.099998474121094,44.099998474121094,44.130001068115234,44.099998474121094,44.130001068115234,498.0
2024-04-24 11:27:00,WTW,264.04998779296875,264.04998779296875,264.04998779296875,264.04998779296875,264.04998779296875,1144.0
2024-04-24 11:27:00,WVE,5.210000038146973,5.210000038146973,5.210000038146973,5.210000038146973,5.210000038146973,1210.0
2024-04-24 11:27:00,WW,1.6799999475479126,1.6799999475479126,1.684999942779541,1.6799999475479126,1.684999942779541,755.0
2024-04-24 11:27:00,WWD,149.22000122070312,149.22000122070312,149.22999572753906,149.0323028564453,149.0323028564453,2252.0
2024-04-24 11:27:00,WYNN,96.91500091552734,96.91500091552734,96.91500091552734,96.91000366210938,96.91000366210938,645.0
2024-04-24 11:27:00,XEL,55.33000183105469,55.33000183105469,55.33000183105469,55.29999923706055,55.30500030517578,5455.0
2024-04-24 11:27:00,XERS,1.7649999856948853,1.7649999856948853,1.7649999856948853,1.7649999856948853,1.7649999856948853,204.0
2024-04-24 11:27:00,XLO,1.059999942779541,1.059999942779541,1.059999942779541,1.059999942779541,1.059999942779541,751.0
2024-04-24 11:27:00,XMTR,16.790000915527344,16.790000915527344,16.790000915527344,16.780000686645508,16.780000686645508,629.0
2024-04-24 11:27:00,XNET,1.559999942779541,1.559999942779541,1.5750000476837158,1.5499999523162842,1.5703999996185303,7458.0
2024-04-24 11:27:00,XP,20.239999771118164,20.239999771118164,20.247499465942383,20.225000381469727,20.2450008392334,12071.0
2024-04-24 11:27:00,XRX,14.475000381469727,14.475000381469727,14.479999542236328,14.430000305175781,14.4350004196167,20704.0
2024-04-24 11:27:00,XWEL,1.649999976158142,1.649999976158142,1.649999976158142,1.649999976158142,1.649999976158142,259.0
2024-04-24 11:27:00,XXII,1.8492000102996826,1.8492000102996826,1.8492000102996826,1.8492000102996826,1.8492000102996826,581.0
2024-04-24 11:27:00,YMAB,15.270000457763672,15.270000457763672,15.274999618530273,15.270000457763672,15.270000457763672,625.0
2024-04-24 11:27:00,YS,0.8109999895095825,0.8109999895095825,0.8149999976158142,0.8109999895095825,0.8149999976158142,0.0
2024-04-24 11:27:00,Z,43.630001068115234,43.630001068115234,43.630001068115234,43.59000015258789,43.59000015258789,1680.0
2024-04-24 11:27:00,ZBRA,275.9200134277344,275.9200134277344,275.9200134277344,275.9200134277344,275.9200134277344,218.0
2024-04-24 11:27:00,ZCMD,1.6799999475479126,1.6799999475479126,1.6799999475479126,1.6799999475479126,1.6799999475479126,688.0
2024-04-24 11:27:00,ZD,51.584999084472656,51.584999084472656,51.619998931884766,51.54499816894531,51.54499816894531,5481.0
2024-04-24 11:27:00,ZI,15.760000228881836,15.760000228881836,15.760000228881836,15.760000228881836,15.760000228881836,1963.0
2024-04-24 11:27:00,ZION,41.81999969482422,41.81999969482422,41.83000183105469,41.810001373291016,41.83000183105469,2975.0
2024-04-24 11:27:00,ZLAB,15.720000267028809,15.720000267028809,15.720000267028809,15.720000267028809,15.720000267028809,998.0
2024-04-24 11:27:00,ZM,61.141998291015625,61.141998291015625,61.150001525878906,61.11000061035156,61.11000061035156,3659.0
2024-04-24 11:27:00,ZNTL,12.289999961853027,12.289999961853027,12.289999961853027,12.289999961853027,12.289999961853027,930.0
2024-04-24 11:27:00,ZS,177.80999755859375,177.80999755859375,177.80999755859375,177.80999755859375,177.80999755859375,663.0
2024-04-24 11:27:00,ZUMZ,16.90999984741211,16.90999984741211,16.90999984741211,16.90999984741211,16.90999984741211,1289.0
2024-04-24 11:27:00,ZVRA,4.507999897003174,4.507999897003174,4.507999897003174,4.507999897003174,4.507999897003174,200.0
2024-04-24 11:27:00,ZYME,8.609999656677246,8.609999656677246,8.609999656677246,8.609999656677246,8.609999656677246,129.0
2024-04-24 11:28:00,AIXI,1.2599999904632568,1.2599999904632568,1.2599999904632568,1.2599999904632568,1.2599999904632568,1780.0
2024-04-24 11:28:00,EGHT,2.2899999618530273,2.2899999618530273,2.2899999618530273,2.2850000858306885,2.2850000858306885,8378.0
2024-04-24 11:28:00,FDMT,24.84000015258789,24.84000015258789,24.84000015258789,24.84000015258789,24.84000015258789,338.0
2024-04-24 11:28:00,ME,0.4821000099182129,0.4821000099182129,0.4821000099182129,0.4821000099182129,0.4821000099182129,502.0
2024-04-24 11:28:00,SEAT,5.815000057220459,5.815000057220459,5.815000057220459,5.809999942779541,5.815000057220459,7433.0
2024-04-24 11:28:00,TWOU,0.2337000072002411,0.2337000072002411,0.23510000109672546,0.23250000178813934,0.23350000381469727,1737.0
2024-04-24 11:28:00,TXG,27.200000762939453,27.200000762939453,27.229999542236328,27.200000762939453,27.229999542236328,3396.0
2024-04-24 11:28:00,VC,110.2699966430664,110.2699966430664,110.33999633789062,110.2699966430664,110.33999633789062,1408.0
2024-04-24 11:28:00,VERU,1.3200000524520874,1.3200000524520874,1.3224999904632568,1.3200000524520874,1.3200000524520874,11128.0
2024-04-24 11:28:00,VERV,6.739999771118164,6.739999771118164,6.739999771118164,6.739999771118164,6.739999771118164,380.0
2024-04-24 11:28:00,VERX,28.53499984741211,28.53499984741211,28.55500030517578,28.53499984741211,28.55500030517578,1070.0
2024-04-24 11:28:00,VFS,2.4749999046325684,2.4749999046325684,2.4800000190734863,2.4700000286102295,2.4800000190734863,6154.0
2024-04-24 11:28:00,VICR,33.33000183105469,33.33000183105469,33.33000183105469,33.33000183105469,33.33000183105469,1139.0
2024-04-24 11:28:00,VIRT,22.329999923706055,22.329999923706055,22.34000015258789,22.21500015258789,22.21500015258789,40969.0
2024-04-24 11:28:00,VITL,26.815000534057617,26.815000534057617,26.815000534057617,26.799999237060547,26.799999237060547,3627.0
2024-04-24 11:28:00,VIVK,1.6699999570846558,1.6699999570846558,1.6799999475479126,1.6699999570846558,1.6790000200271606,889.0
2024-04-24 11:28:00,VKTX,65.87999725341797,65.87999725341797,66.05999755859375,65.87999725341797,65.98999786376953,5714.0
2024-04-24 11:28:00,VLCN,0.25999999046325684,0.25999999046325684,0.2630000114440918,0.25999999046325684,0.2630000114440918,3356.0
2024-04-24 11:28:00,VMAR,0.550000011920929,0.550000011920929,0.550000011920929,0.550000011920929,0.550000011920929,1700.0
2024-04-24 11:28:00,VNOM,40.099998474121094,40.099998474121094,40.099998474121094,40.099998474121094,40.099998474121094,475.0
2024-04-24 11:28:00,VOD,8.579899787902832,8.579899787902832,8.579899787902832,8.574999809265137,8.574999809265137,4584.0
2024-04-24 11:28:00,VRDN,13.539999961853027,13.539999961853027,13.550000190734863,13.5,13.524999618530273,3035.0
2024-04-24 11:28:00,VRRM,24.364999771118164,24.364999771118164,24.364999771118164,24.364999771118164,24.364999771118164,668.0
2024-04-24 11:28:00,VRTX,400.3299865722656,400.3299865722656,400.3299865722656,400.3299865722656,400.3299865722656,324.0
2024-04-24 11:28:00,VSAT,16.129899978637695,16.129899978637695,16.15999984741211,16.1200008392334,16.15999984741211,3140.0
2024-04-24 11:28:00,VTGN,4.744999885559082,4.744999885559082,4.744999885559082,4.744999885559082,4.744999885559082,332.0
2024-04-24 11:28:00,VTNR,1.5950000286102295,1.5950000286102295,1.5997999906539917,1.5850000381469727,1.590000033378601,26853.0
2024-04-24 11:28:00,VTRS,11.364999771118164,11.364999771118164,11.369999885559082,11.359999656677246,11.369999885559082,14076.0
2024-04-24 11:28:00,VTSI,12.060999870300293,12.060999870300293,12.060999870300293,12.060999870300293,12.060999870300293,998.0
2024-04-24 11:28:00,VUZI,1.3025000095367432,1.3025000095367432,1.309999942779541,1.3025000095367432,1.309999942779541,924.0
2024-04-24 11:28:00,VVPR,3.615000009536743,3.615000009536743,3.615000009536743,3.6031999588012695,3.6031999588012695,923.0
2024-04-24 11:28:00,VYGR,7.550000190734863,7.550000190734863,7.554999828338623,7.550000190734863,7.554999828338623,302.0
2024-04-24 11:28:00,WAFD,27.844999313354492,27.844999313354492,27.844999313354492,27.834999084472656,27.834999084472656,601.0
2024-04-24 11:28:00,WBA,17.66990089416504,17.66990089416504,17.670000076293945,17.639999389648438,17.656999588012695,52271.0
2024-04-24 11:28:00,WBD,8.295000076293945,8.295000076293945,8.300000190734863,8.289999961853027,8.29010009765625,45529.0
2024-04-24 11:28:00,WDAY,255.5399932861328,255.5399932861328,255.55999755859375,255.5399932861328,255.55999755859375,1548.0
2024-04-24 11:28:00,WDC,68.8499984741211,68.8499984741211,68.8499984741211,68.7699966430664,68.77999877929688,15989.0
2024-04-24 11:28:00,WEN,19.915000915527344,19.915000915527344,19.915000915527344,19.90999984741211,19.915000915527344,1169.0
2024-04-24 11:28:00,WEST,9.949999809265137,9.949999809265137,9.949999809265137,9.949999809265137,9.949999809265137,1121.0
2024-04-24 11:28:00,WFRD,123.33999633789062,123.33999633789062,123.33999633789062,123.11000061035156,123.11000061035156,2095.0
2024-04-24 11:28:00,WHLM,6.795000076293945,6.795000076293945,6.960000038146973,6.722499847412109,6.960000038146973,10817.0
2024-04-24 11:28:00,WIMI,0.890999972820282,0.890999972820282,0.9239000082015991,0.890999972820282,0.916100025177002,75360.0
2024-04-24 11:28:00,WISA,6.135000228881836,6.135000228881836,6.149899959564209,6.119999885559082,6.119999885559082,8568.0
2024-04-24 11:28:00,WIX,122.83000183105469,122.83000183105469,122.87000274658203,122.83000183105469,122.87000274658203,1907.0
2024-04-24 11:28:00,WKHS,0.1597999930381775,0.1597999930381775,0.1598999947309494,0.1597999930381775,0.1597999930381775,4047.0
2024-04-24 11:28:00,WKSP,0.37279999256134033,0.37279999256134033,0.37279999256134033,0.37279999256134033,0.37279999256134033,1000.0
2024-04-24 11:28:00,WMG,31.979999542236328,31.979999542236328,31.989999771118164,31.979999542236328,31.989999771118164,554.0
2024-04-24 11:28:00,WSC,37.560001373291016,37.560001373291016,37.630001068115234,37.560001373291016,37.630001068115234,4540.0
2024-04-24 11:28:00,WVE,5.159999847412109,5.159999847412109,5.210000038146973,5.150000095367432,5.210000038146973,9046.0
2024-04-24 11:28:00,WW,1.6799999475479126,1.6799999475479126,1.684999942779541,1.6799999475479126,1.684999942779541,806.0
2024-04-24 11:28:00,WWD,149.2803955078125,149.2803955078125,149.2803955078125,149.2803955078125,149.2803955078125,312.0
2024-04-24 11:28:00,WYNN,96.9000015258789,96.9000015258789,96.91000366210938,96.9000015258789,96.91000366210938,707.0
2024-04-24 11:28:00,XEL,55.359901428222656,55.359901428222656,55.36000061035156,55.33000183105469,55.33000183105469,2396.0
2024-04-24 11:28:00,XENE,40.505001068115234,40.505001068115234,40.505001068115234,40.505001068115234,40.505001068115234,246.0
2024-04-24 11:28:00,XERS,1.7649999856948853,1.7649999856948853,1.7649999856948853,1.7649999856948853,1.7649999856948853,200.0
2024-04-24 11:28:00,XMTR,16.81999969482422,16.81999969482422,16.81999969482422,16.790000915527344,16.790000915527344,1239.0
2024-04-24 11:28:00,XNET,1.559999942779541,1.559999942779541,1.559999942779541,1.559999942779541,1.559999942779541,2098.0
2024-04-24 11:28:00,XP,20.209999084472656,20.209999084472656,20.239999771118164,20.209999084472656,20.239999771118164,12202.0
2024-04-24 11:28:00,XPEL,54.81999969482422,54.81999969482422,54.86000061035156,54.81999969482422,54.86000061035156,1274.0
2024-04-24 11:28:00,XRX,14.454999923706055,14.454999923706055,14.479999542236328,14.454999923706055,14.475000381469727,9540.0
2024-04-24 11:28:00,XXII,1.8401000499725342,1.8401000499725342,1.8410999774932861,1.840000033378601,1.840000033378601,2561.0
2024-04-24 11:28:00,YMAB,15.229999542236328,15.229999542236328,15.260000228881836,15.229999542236328,15.260000228881836,1773.0
2024-04-24 11:28:00,Z,43.630001068115234,43.630001068115234,43.630001068115234,43.61309814453125,43.619998931884766,2241.0
2024-04-24 11:28:00,ZBRA,275.6409912109375,275.6409912109375,275.6409912109375,275.6409912109375,275.6409912109375,784.0
2024-04-24 11:28:00,ZD,51.58000183105469,51.58000183105469,51.584999084472656,51.58000183105469,51.584999084472656,878.0
2024-04-24 11:28:00,ZG,43.060001373291016,43.060001373291016,43.060001373291016,43.04999923706055,43.04999923706055,448.0
2024-04-24 11:28:00,ZI,15.760000228881836,15.760000228881836,15.765000343322754,15.760000228881836,15.765000343322754,5645.0
2024-04-24 11:28:00,ZION,41.849998474121094,41.849998474121094,41.849998474121094,41.83000183105469,41.83000183105469,880.0
2024-04-24 11:28:00,ZIONP,20.079999923706055,20.079999923706055,20.079999923706055,20.079999923706055,20.079999923706055,127.0
2024-04-24 11:28:00,ZLAB,15.720000267028809,15.720000267028809,15.720000267028809,15.720000267028809,15.720000267028809,418.0
2024-04-24 11:28:00,ZM,61.1150016784668,61.1150016784668,61.13999938964844,61.1150016784668,61.13999938964844,2600.0
2024-04-24 11:28:00,ZNTL,12.300000190734863,12.300000190734863,12.300000190734863,12.300000190734863,12.300000190734863,601.0
2024-04-24 11:28:00,ZTEK,1.1100000143051147,1.1100000143051147,1.1100000143051147,1.1100000143051147,1.1100000143051147,625.0
2024-04-24 11:28:00,ZURA,3.2300000190734863,3.2300000190734863,3.2300000190734863,3.2300000190734863,3.2300000190734863,245.0
2024-04-24 11:28:00,ZVRA,4.50029993057251,4.50029993057251,4.50029993057251,4.50029993057251,4.50029993057251,214.0
2024-04-24 11:28:00,ZVSA,0.5764999985694885,0.5764999985694885,0.5766000151634216,0.5764999985694885,0.5764999985694885,1452.0
2024-04-24 11:28:00,ZYXI,11.329999923706055,11.329999923706055,11.350000381469727,11.329999923706055,11.350000381469727,1464.0
2024-04-24 11:29:00,AIXI,1.274999976158142,1.274999976158142,1.274999976158142,1.274999976158142,1.274999976158142,0.0
2024-04-24 11:29:00,COCO,23.860000610351562,23.860000610351562,23.8700008392334,23.81999969482422,23.81999969482422,1600.0
2024-04-24 11:29:00,DSP,8.760000228881836,8.760000228881836,8.760000228881836,8.760000228881836,8.760000228881836,244.0
2024-04-24 11:29:00,EGHT,2.2950000762939453,2.2950000762939453,2.2950000762939453,2.2899999618530273,2.2899999618530273,3655.0
2024-04-24 11:29:00,ETNB,8.710000038146973,8.710000038146973,8.710000038146973,8.704999923706055,8.704999923706055,3670.0
2024-04-24 11:29:00,ME,0.48500001430511475,0.48500001430511475,0.48500001430511475,0.4846999943256378,0.4846999943256378,17388.0
2024-04-24 11:29:00,SEAT,5.815000057220459,5.815000057220459,5.815000057220459,5.815000057220459,5.815000057220459,1026.0
2024-04-24 11:29:00,TWOU,0.23340000212192535,0.23340000212192535,0.23430000245571136,0.23340000212192535,0.23430000245571136,7100.0
2024-04-24 11:29:00,TXG,27.209999084472656,27.209999084472656,27.219999313354492,27.209999084472656,27.21500015258789,4047.0
2024-04-24 11:29:00,VERU,1.3209999799728394,1.3209999799728394,1.3300000429153442,1.3200000524520874,1.3300000429153442,2914.0
2024-04-24 11:29:00,VERV,6.739999771118164,6.739999771118164,6.739999771118164,6.739999771118164,6.739999771118164,497.0
2024-04-24 11:29:00,VERX,28.59000015258789,28.59000015258789,28.649999618530273,28.540000915527344,28.559999465942383,7374.0
2024-04-24 11:29:00,VFF,1.3200000524520874,1.3200000524520874,1.3200000524520874,1.3200000524520874,1.3200000524520874,500.0
2024-04-24 11:29:00,VFS,2.474900007247925,2.474900007247925,2.474900007247925,2.474900007247925,2.474900007247925,4032.0
2024-04-24 11:29:00,VICR,33.31999969482422,33.31999969482422,33.31999969482422,33.31999969482422,33.31999969482422,251.0
2024-04-24 11:29:00,VINC,0.9200000166893005,0.9200000166893005,0.9200000166893005,0.9200000166893005,0.9200000166893005,301.0
2024-04-24 11:29:00,VIR,8.145000457763672,8.145000457763672,8.145000457763672,8.145000457763672,8.145000457763672,633.0
2024-04-24 11:29:00,VIRT,22.31999969482422,22.31999969482422,22.360000610351562,22.299999237060547,22.329999923706055,12186.0
2024-04-24 11:29:00,VITL,26.93000030517578,26.93000030517578,26.93000030517578,26.90999984741211,26.90999984741211,1654.0
2024-04-24 11:29:00,VLCN,0.2639999985694885,0.2639999985694885,0.2639999985694885,0.2639999985694885,0.2639999985694885,1054.0
2024-04-24 11:29:00,VMD,8.0,8.0,8.0,8.0,8.0,107.0
2024-04-24 11:29:00,VOD,8.574999809265137,8.574999809265137,8.579999923706055,8.574999809265137,8.579999923706055,1827.0
2024-04-24 11:29:00,VRDN,13.515000343322754,13.515000343322754,13.520000457763672,13.510000228881836,13.510000228881836,1512.0
2024-04-24 11:29:00,VRRM,24.354999542236328,24.354999542236328,24.354999542236328,24.354999542236328,24.354999542236328,284.0
2024-04-24 11:29:00,VRTX,400.2699890136719,400.2699890136719,400.3299865722656,400.2099914550781,400.2900085449219,3815.0
2024-04-24 11:29:00,VSAT,16.11009979248047,16.11009979248047,16.1299991607666,16.11009979248047,16.1299991607666,302.0
2024-04-24 11:29:00,VTNR,1.600000023841858,1.600000023841858,1.6050000190734863,1.5950000286102295,1.600000023841858,9717.0
2024-04-24 11:29:00,VTRS,11.367500305175781,11.367500305175781,11.367500305175781,11.359999656677246,11.364999771118164,1808.0
2024-04-24 11:29:00,VUZI,1.3049999475479126,1.3049999475479126,1.3049999475479126,1.3049999475479126,1.3049999475479126,200.0
2024-04-24 11:29:00,VYGR,7.559999942779541,7.559999942779541,7.559999942779541,7.559999942779541,7.559999942779541,208.0
2024-04-24 11:29:00,WABC,47.3026008605957,47.3026008605957,47.3026008605957,47.3026008605957,47.3026008605957,140.0
2024-04-24 11:29:00,WB,8.3100004196167,8.3100004196167,8.3100004196167,8.3100004196167,8.3100004196167,507.0
2024-04-24 11:29:00,WBA,17.674999237060547,17.674999237060547,17.68000030517578,17.665000915527344,17.66990089416504,10148.0
2024-04-24 11:29:00,WBD,8.295000076293945,8.295000076293945,8.300000190734863,8.289999961853027,8.295000076293945,22651.0
2024-04-24 11:29:00,WBUY,0.32760000228881836,0.32760000228881836,0.32760000228881836,0.32100000977516174,0.3255000114440918,13100.0
2024-04-24 11:29:00,WDAY,255.41000366210938,255.41000366210938,255.64999389648438,255.41000366210938,255.64999389648438,881.0
2024-04-24 11:29:00,WDC,68.76000213623047,68.76000213623047,68.81999969482422,68.69999694824219,68.80999755859375,6900.0
2024-04-24 11:29:00,WEN,19.924999237060547,19.924999237060547,19.93000030517578,19.915000915527344,19.915000915527344,4306.0
2024-04-24 11:29:00,WERN,35.20000076293945,35.20000076293945,35.20000076293945,35.20000076293945,35.20000076293945,2431.0
2024-04-24 11:29:00,WHLM,6.799099922180176,6.799099922180176,6.799099922180176,6.775000095367432,6.775000095367432,2017.0
2024-04-24 11:29:00,WIMI,0.9307000041007996,0.9307000041007996,0.9307000041007996,0.9071000218391418,0.9100000262260437,115069.0
2024-04-24 11:29:00,WISA,6.214700222015381,6.214700222015381,6.214700222015381,6.148900032043457,6.148900032043457,11653.0
2024-04-24 11:29:00,WKHS,0.1597999930381775,0.1597999930381775,0.1597999930381775,0.15970000624656677,0.1597999930381775,3020.0
2024-04-24 11:29:00,WMG,31.959999084472656,31.959999084472656,31.969999313354492,31.959999084472656,31.969999313354492,2549.0
2024-04-24 11:29:00,WSC,37.54999923706055,37.54999923706055,37.56999969482422,37.54999923706055,37.560001373291016,2936.0
2024-04-24 11:29:00,WW,1.6799999475479126,1.6799999475479126,1.6799999475479126,1.6799999475479126,1.6799999475479126,400.0
2024-04-24 11:29:00,WWD,149.35000610351562,149.35000610351562,149.35000610351562,149.35000610351562,149.35000610351562,366.0
2024-04-24 11:29:00,WYNN,96.90789794921875,96.90789794921875,96.90789794921875,96.90789794921875,96.90789794921875,437.0
2024-04-24 11:29:00,XEL,55.380001068115234,55.380001068115234,55.380001068115234,55.35499954223633,55.36000061035156,3783.0
2024-04-24 11:29:00,XERS,1.7699999809265137,1.7699999809265137,1.7699999809265137,1.7699999809265137,1.7699999809265137,117.0
2024-04-24 11:29:00,XFOR,1.2649999856948853,1.2649999856948853,1.2649999856948853,1.2649999856948853,1.2649999856948853,1177.0
2024-04-24 11:29:00,XNCR,18.145000457763672,18.145000457763672,18.149999618530273,18.145000457763672,18.149999618530273,534.0
2024-04-24 11:29:00,XP,20.239999771118164,20.239999771118164,20.239999771118164,20.209999084472656,20.209999084472656,7507.0
2024-04-24 11:29:00,XRX,14.420000076293945,14.420000076293945,14.460000038146973,14.420000076293945,14.449999809265137,24268.0
2024-04-24 11:29:00,XXII,1.8300000429153442,1.8300000429153442,1.850000023841858,1.8300000429153442,1.850000023841858,3077.0
2024-04-24 11:29:00,ZD,51.56999969482422,51.56999969482422,51.56999969482422,51.56999969482422,51.56999969482422,109.0
2024-04-24 11:29:00,ZI,15.770000457763672,15.770000457763672,15.770000457763672,15.755000114440918,15.755000114440918,4961.0
2024-04-24 11:29:00,ZION,41.90999984741211,41.90999984741211,41.90999984741211,41.849998474121094,41.86000061035156,12472.0
2024-04-24 11:29:00,ZLAB,15.720000267028809,15.720000267028809,15.720000267028809,15.720000267028809,15.720000267028809,401.0
2024-04-24 11:29:00,ZM,61.11000061035156,61.11000061035156,61.125,61.099998474121094,61.099998474121094,5599.0
2024-04-24 11:29:00,ZS,177.66470336914062,177.66470336914062,177.66470336914062,177.66470336914062,177.66470336914062,950.0
2024-04-24 11:29:00,ZURA,3.259999990463257,3.259999990463257,3.259999990463257,3.259999990463257,3.259999990463257,273.0
2024-04-24 11:29:00,ZVSA,0.5766000151634216,0.5766000151634216,0.5766000151634216,0.5766000151634216,0.5766000151634216,377.0
2024-04-24 11:29:00,ZYME,8.609999656677246,8.609999656677246,8.609999656677246,8.609999656677246,8.609999656677246,263.0
2024-04-24 11:29:00,ZYXI,11.350000381469727,11.350000381469727,11.350000381469727,11.350000381469727,11.350000381469727,331.0
2024-04-24 11:30:00,COCO,23.860000610351562,23.860000610351562,23.860000610351562,23.844999313354492,23.844999313354492,573.0
2024-04-24 11:30:00,DIBS,5.360000133514404,5.360000133514404,5.380000114440918,5.360000133514404,5.360000133514404,4017.0
2024-04-24 11:30:00,EGHT,2.2950000762939453,2.2950000762939453,2.2950000762939453,2.2950000762939453,2.2950000762939453,1.0
2024-04-24 11:30:00,ETNB,8.710000038146973,8.710000038146973,8.710000038146973,8.710000038146973,8.710000038146973,2357.0
2024-04-24 11:30:00,FDMT,24.780000686645508,24.780000686645508,24.860000610351562,24.780000686645508,24.860000610351562,1799.0
2024-04-24 11:30:00,ME,0.4848000109195709,0.4848000109195709,0.4869000017642975,0.4848000109195709,0.4869000017642975,17146.0
2024-04-24 11:30:00,TSVT,4.360000133514404,4.360000133514404,4.360000133514404,4.359399795532227,4.360000133514404,1405.0
2024-04-24 11:30:00,TWOU,0.2329999953508377,0.2329999953508377,0.23430000245571136,0.2329999953508377,0.23430000245571136,1136.0
2024-04-24 11:30:00,TXG,27.200000762939453,27.200000762939453,27.218599319458008,27.200000762939453,27.209999084472656,3414.0
2024-04-24 11:30:00,VCTR,49.459999084472656,49.459999084472656,49.470001220703125,49.459999084472656,49.470001220703125,1990.0
2024-04-24 11:30:00,VERU,1.3200000524520874,1.3200000524520874,1.3200000524520874,1.3200000524520874,1.3200000524520874,1202.0
2024-04-24 11:30:00,VERV,6.75,6.75,6.75,6.75,6.75,2971.0
2024-04-24 11:30:00,VERX,28.6299991607666,28.6299991607666,28.6299991607666,28.604999542236328,28.604999542236328,2253.0
2024-04-24 11:30:00,VFF,1.339900016784668,1.339900016784668,1.340000033378601,1.3250000476837158,1.3250000476837158,8551.0
2024-04-24 11:30:00,VFS,2.4749999046325684,2.4749999046325684,2.4749999046325684,2.4749999046325684,2.4749999046325684,0.0
2024-04-24 11:30:00,VIAV,7.897500038146973,7.897500038146973,7.897500038146973,7.897500038146973,7.897500038146973,945.0
2024-04-24 11:30:00,VICR,33.29999923706055,33.29999923706055,33.34000015258789,33.29499816894531,33.29499816894531,1578.0
2024-04-24 11:30:00,VIR,8.164999961853027,8.164999961853027,8.164999961853027,8.145000457763672,8.145000457763672,2723.0
2024-04-24 11:30:00,VIRC,10.704999923706055,10.704999923706055,10.704999923706055,10.699999809265137,10.699999809265137,719.0
2024-04-24 11:30:00,VIRI,0.474700003862381,0.474700003862381,0.474700003862381,0.474700003862381,0.474700003862381,8432.0
2024-04-24 11:30:00,VIRT,22.329999923706055,22.329999923706055,22.3700008392334,22.315000534057617,22.315000534057617,6417.0
2024-04-24 11:30:00,VKTX,65.98500061035156,65.98500061035156,65.98500061035156,65.87999725341797,65.87999725341797,1813.0
2024-04-24 11:30:00,VMAR,0.5748999714851379,0.5748999714851379,0.5748999714851379,0.5748999714851379,0.5748999714851379,382.0
2024-04-24 11:30:00,VNET,1.5099999904632568,1.5099999904632568,1.5099999904632568,1.5099999904632568,1.5099999904632568,945.0
2024-04-24 11:30:00,VNOM,40.102500915527344,40.102500915527344,40.102500915527344,40.102500915527344,40.102500915527344,152.0
2024-04-24 11:30:00,VOD,8.574999809265137,8.574999809265137,8.574999809265137,8.569999694824219,8.574999809265137,64464.0
2024-04-24 11:30:00,VOR,1.774999976158142,1.774999976158142,1.774999976158142,1.774999976158142,1.774999976158142,1000.0
2024-04-24 11:30:00,VRDN,13.510000228881836,13.510000228881836,13.510000228881836,13.510000228881836,13.510000228881836,758.0
2024-04-24 11:30:00,VRTX,400.44000244140625,400.44000244140625,400.5,400.44000244140625,400.5,1013.0
2024-04-24 11:30:00,VSAT,16.122499465942383,16.122499465942383,16.1299991607666,16.100000381469727,16.1200008392334,5745.0
2024-04-24 11:30:00,VSME,0.4000000059604645,0.4000000059604645,0.4000000059604645,0.4000000059604645,0.4000000059604645,3564.0
2024-04-24 11:30:00,VTNR,1.6050000190734863,1.6050000190734863,1.6050000190734863,1.6050000190734863,1.6050000190734863,2432.0
2024-04-24 11:30:00,VTRS,11.380000114440918,11.380000114440918,11.380000114440918,11.359999656677246,11.359999656677246,8064.0
2024-04-24 11:30:00,VUZI,1.2999999523162842,1.2999999523162842,1.3049999475479126,1.2999999523162842,1.3049999475479126,147.0
2024-04-24 11:30:00,VYGR,7.570000171661377,7.570000171661377,7.570000171661377,7.559999942779541,7.559999942779541,2023.0
2024-04-24 11:30:00,WABC,47.35499954223633,47.35499954223633,47.35499954223633,47.35499954223633,47.35499954223633,183.0
2024-04-24 11:30:00,WB,8.3149995803833,8.3149995803833,8.3149995803833,8.3100004196167,8.3100004196167,2869.0
2024-04-24 11:30:00,WBA,17.674999237060547,17.674999237060547,17.68000030517578,17.674999237060547,17.674999237060547,14739.0
2024-04-24 11:30:00,WBD,8.295000076293945,8.295000076293945,8.300000190734863,8.279999732971191,8.295000076293945,74221.0
2024-04-24 11:30:00,WDAY,255.4250030517578,255.4250030517578,255.4499969482422,255.25,255.25,3763.0
2024-04-24 11:30:00,WDC,68.77999877929688,68.77999877929688,68.80999755859375,68.72000122070312,68.7699966430664,9056.0
2024-04-24 11:30:00,WEN,19.924999237060547,19.924999237060547,19.924999237060547,19.90999984741211,19.920000076293945,4658.0
2024-04-24 11:30:00,WERN,35.20000076293945,35.20000076293945,35.255001068115234,35.189998626708984,35.209999084472656,4000.0
2024-04-24 11:30:00,WFRD,123.55000305175781,123.55000305175781,123.55000305175781,123.23999786376953,123.24500274658203,4686.0
2024-04-24 11:30:00,WHLM,6.730100154876709,6.730100154876709,6.764999866485596,6.730000019073486,6.730000019073486,2220.0
2024-04-24 11:30:00,WHLR,0.1429000049829483,0.1429000049829483,0.1429000049829483,0.1429000049829483,0.1429000049829483,797.0
2024-04-24 11:30:00,WIMI,0.9451000094413757,0.9451000094413757,0.9678000211715698,0.9300000071525574,0.9307000041007996,199496.0
2024-04-24 11:30:00,WING,364.0,364.0,364.3450012207031,364.0,364.3450012207031,1106.0
2024-04-24 11:30:00,WISA,6.239999771118164,6.239999771118164,6.259300231933594,6.195000171661377,6.214000225067139,29123.0
2024-04-24 11:30:00,WIX,122.88500213623047,122.88500213623047,122.94999694824219,122.88500213623047,122.91000366210938,2050.0
2024-04-24 11:30:00,WKHS,0.1597999930381775,0.1597999930381775,0.1597999930381775,0.1597999930381775,0.1597999930381775,300.0
2024-04-24 11:30:00,WLDN,27.65999984741211,27.65999984741211,27.65999984741211,27.65999984741211,27.65999984741211,200.0
2024-04-24 11:30:00,WMG,32.0099983215332,32.0099983215332,32.0099983215332,31.979999542236328,31.979999542236328,851.0
2024-04-24 11:30:00,WSBC,28.229999542236328,28.229999542236328,28.229999542236328,28.209999084472656,28.219999313354492,865.0
2024-04-24 11:30:00,WSBF,11.829999923706055,11.829999923706055,11.829999923706055,11.829999923706055,11.829999923706055,232.0
2024-04-24 11:30:00,WSC,37.564998626708984,37.564998626708984,37.564998626708984,37.560001373291016,37.560001373291016,583.0
2024-04-24 11:30:00,WSFS,44.04999923706055,44.04999923706055,44.119998931884766,44.04999923706055,44.119998931884766,555.0
2024-04-24 11:30:00,WTFC,99.5199966430664,99.5199966430664,99.5199966430664,99.5199966430664,99.5199966430664,466.0
2024-04-24 11:30:00,WTW,263.9549865722656,263.9549865722656,264.0199890136719,263.9549865722656,264.0199890136719,835.0
2024-04-24 11:30:00,WVE,5.130000114440918,5.130000114440918,5.130000114440918,5.130000114440918,5.130000114440918,1442.0
2024-04-24 11:30:00,WW,1.6799999475479126,1.6799999475479126,1.684999942779541,1.6799999475479126,1.6799999475479126,1225.0
2024-04-24 11:30:00,WYNN,96.91999816894531,96.91999816894531,96.91999816894531,96.8499984741211,96.87999725341797,2802.0
2024-04-24 11:30:00,XEL,55.36000061035156,55.36000061035156,55.375,55.36000061035156,55.375,2678.0
2024-04-24 11:30:00,XERS,1.7649999856948853,1.7649999856948853,1.7649999856948853,1.7649999856948853,1.7649999856948853,158.0
2024-04-24 11:30:00,XFOR,1.2699999809265137,1.2699999809265137,1.2699999809265137,1.2699999809265137,1.2699999809265137,3146.0
2024-04-24 11:30:00,XMTR,16.809999465942383,16.809999465942383,16.809999465942383,16.809999465942383,16.809999465942383,101.0
2024-04-24 11:30:00,XNCR,18.145000457763672,18.145000457763672,18.145000457763672,18.145000457763672,18.145000457763672,229.0
2024-04-24 11:30:00,XP,20.235000610351562,20.235000610351562,20.2549991607666,20.235000610351562,20.239999771118164,8485.0
2024-04-24 11:30:00,XPEL,54.81999969482422,54.81999969482422,54.880001068115234,54.810001373291016,54.880001068115234,839.0
2024-04-24 11:30:00,XRX,14.40999984741211,14.40999984741211,14.414999961853027,14.404999732971191,14.40999984741211,3367.0
2024-04-24 11:30:00,XXII,1.809999942779541,1.809999942779541,1.8200000524520874,1.809999942779541,1.8200000524520874,896.0
2024-04-24 11:30:00,Z,43.59000015258789,43.59000015258789,43.630001068115234,43.59000015258789,43.630001068115234,1728.0
2024-04-24 11:30:00,ZBRA,275.8999938964844,275.8999938964844,275.8999938964844,275.8999938964844,275.8999938964844,308.0
2024-04-24 11:30:00,ZCMD,1.7300000190734863,1.7300000190734863,1.7300000190734863,1.7300000190734863,1.7300000190734863,590.0
2024-04-24 11:30:00,ZD,51.56999969482422,51.56999969482422,51.619998931884766,51.56999969482422,51.56999969482422,3771.0
2024-04-24 11:30:00,ZG,43.04999923706055,43.04999923706055,43.05500030517578,43.04999923706055,43.05500030517578,482.0
2024-04-24 11:30:00,ZI,15.75,15.75,15.75,15.75,15.75,1271.0
2024-04-24 11:30:00,ZIMV,15.819999694824219,15.819999694824219,15.819999694824219,15.819999694824219,15.819999694824219,502.0
2024-04-24 11:30:00,ZION,41.86000061035156,41.86000061035156,41.91999816894531,41.86000061035156,41.91999816894531,4719.0
2024-04-24 11:30:00,ZLAB,15.720000267028809,15.720000267028809,15.720000267028809,15.720000267028809,15.720000267028809,218.0
2024-04-24 11:30:00,ZM,61.119998931884766,61.119998931884766,61.119998931884766,61.095001220703125,61.095001220703125,37652.0
2024-04-24 11:30:00,ZS,177.63999938964844,177.63999938964844,177.63999938964844,177.5,177.5,1291.0
2024-04-24 11:31:00,DIBS,5.360000133514404,5.360000133514404,5.369999885559082,5.360000133514404,5.360000133514404,1975.0
2024-04-24 11:31:00,EGHT,2.299999952316284,2.299999952316284,2.299999952316284,2.2950000762939453,2.2950000762939453,5999.0
2024-04-24 11:31:00,ETNB,8.710000038146973,8.710000038146973,8.710000038146973,8.710000038146973,8.710000038146973,600.0
2024-04-24 11:31:00,FDMT,24.799999237060547,24.799999237060547,24.799999237060547,24.799999237060547,24.799999237060547,1419.0
2024-04-24 11:31:00,FLWS,9.239999771118164,9.239999771118164,9.239999771118164,9.239999771118164,9.239999771118164,1660.0
2024-04-24 11:31:00,MAPS,1.0800000429153442,1.0800000429153442,1.090000033378601,1.0800000429153442,1.090000033378601,3122.0
2024-04-24 11:31:00,TSVT,4.364999771118164,4.364999771118164,4.364999771118164,4.361199855804443,4.361199855804443,369.0
2024-04-24 11:31:00,TWOU,0.23260000348091125,0.23260000348091125,0.2328999936580658,0.23260000348091125,0.2328999936580658,2176.0
2024-04-24 11:31:00,TXG,27.200000762939453,27.200000762939453,27.200000762939453,27.18000030517578,27.18000030517578,1180.0
2024-04-24 11:31:00,VC,110.20999908447266,110.20999908447266,110.20999908447266,110.20999908447266,110.20999908447266,952.0
2024-04-24 11:31:00,VERU,1.3274999856948853,1.3274999856948853,1.3274999856948853,1.3200000524520874,1.3200000524520874,1700.0
2024-04-24 11:31:00,VERV,6.739999771118164,6.739999771118164,6.739999771118164,6.739999771118164,6.739999771118164,1286.0
2024-04-24 11:31:00,VERX,28.639999389648438,28.639999389648438,28.68000030517578,28.639999389648438,28.670000076293945,1862.0
2024-04-24 11:31:00,VFS,2.4649999141693115,2.4649999141693115,2.4700000286102295,2.4600000381469727,2.4700000286102295,18842.0
2024-04-24 11:31:00,VIGL,2.8303000926971436,2.8303000926971436,2.8303000926971436,2.8299999237060547,2.8299999237060547,638.0
2024-04-24 11:31:00,VINC,0.9248999953269958,0.9248999953269958,0.9297000169754028,0.9248999953269958,0.9297000169754028,3601.0
2024-04-24 11:31:00,VIRI,0.474700003862381,0.474700003862381,0.474700003862381,0.4745999872684479,0.4745999872684479,16370.0
2024-04-24 11:31:00,VIRT,22.30500030517578,22.30500030517578,22.315000534057617,22.299999237060547,22.315000534057617,1210.0
2024-04-24 11:31:00,VIRX,0.8300999999046326,0.8300999999046326,0.8300999999046326,0.8300999999046326,0.8300999999046326,200.0
2024-04-24 11:31:00,VITL,26.969999313354492,26.969999313354492,26.969999313354492,26.950000762939453,26.950000762939453,1801.0
2024-04-24 11:31:00,VKTX,66.0999984741211,66.0999984741211,66.0999984741211,65.98999786376953,65.98999786376953,3427.0
2024-04-24 11:31:00,VLCN,0.25999999046325684,0.25999999046325684,0.25999999046325684,0.25999999046325684,0.25999999046325684,375.0
2024-04-24 11:31:00,VLGEA,27.25,27.25,27.25,27.25,27.25,461.0
2024-04-24 11:31:00,VMEO,3.549999952316284,3.549999952316284,3.549999952316284,3.549999952316284,3.549999952316284,583.0
2024-04-24 11:31:00,VNOM,40.029998779296875,40.029998779296875,40.08000183105469,40.029998779296875,40.08000183105469,1698.0
2024-04-24 11:31:00,VOD,8.574999809265137,8.574999809265137,8.574999809265137,8.569999694824219,8.569999694824219,5291.0
2024-04-24 11:31:00,VOR,1.774999976158142,1.774999976158142,1.774999976158142,1.774999976158142,1.774999976158142,0.0
2024-04-24 11:31:00,VRCA,6.789999961853027,6.789999961853027,6.789999961853027,6.7733001708984375,6.78000020980835,1921.0
2024-04-24 11:31:00,VRDN,13.520000457763672,13.520000457763672,13.520000457763672,13.5,13.5,977.0
2024-04-24 11:31:00,VRNA,15.5600004196167,15.5600004196167,15.5600004196167,15.5600004196167,15.5600004196167,249.0
2024-04-24 11:31:00,VRRM,24.375,24.375,24.375,24.364999771118164,24.364999771118164,1121.0
2024-04-24 11:31:00,VRTX,400.5849914550781,400.5849914550781,400.5849914550781,400.5849914550781,400.5849914550781,223.0
2024-04-24 11:31:00,VSAT,16.149999618530273,16.149999618530273,16.155000686645508,16.1299991607666,16.1299991607666,1705.0
2024-04-24 11:31:00,VSME,0.39899998903274536,0.39899998903274536,0.4000999927520752,0.39899998903274536,0.4000999927520752,11946.0
2024-04-24 11:31:00,VTNR,1.5950000286102295,1.5950000286102295,1.600000023841858,1.5950000286102295,1.600000023841858,4390.0
2024-04-24 11:31:00,VTRS,11.390000343322754,11.390000343322754,11.390000343322754,11.375,11.375,13168.0
2024-04-24 11:31:00,VYGR,7.559999942779541,7.559999942779541,7.570000171661377,7.559999942779541,7.570000171661377,1498.0
2024-04-24 11:31:00,WAFD,27.799999237060547,27.799999237060547,27.799999237060547,27.795000076293945,27.795000076293945,1323.0
2024-04-24 11:31:00,WB,8.3149995803833,8.3149995803833,8.3149995803833,8.3149995803833,8.3149995803833,739.0
2024-04-24 11:31:00,WBA,17.655000686645508,17.655000686645508,17.670000076293945,17.64699935913086,17.670000076293945,25114.0
2024-04-24 11:31:00,WBD,8.295000076293945,8.295000076293945,8.300000190734863,8.289999961853027,8.290900230407715,26190.0
2024-04-24 11:31:00,WDAY,255.36000061035156,255.36000061035156,255.36000061035156,255.36000061035156,255.36000061035156,919.0
2024-04-24 11:31:00,WDC,68.8499984741211,68.8499984741211,68.93000030517578,68.76000213623047,68.77999877929688,21709.0
2024-04-24 11:31:00,WEN,19.924299240112305,19.924299240112305,19.924999237060547,19.924299240112305,19.924999237060547,842.0
2024-04-24 11:31:00,WFRD,123.5,123.5,123.5,123.5,123.5,589.0
2024-04-24 11:31:00,WHLM,6.797999858856201,6.797999858856201,6.797999858856201,6.769999980926514,6.769999980926514,2882.0
2024-04-24 11:31:00,WIMI,0.9283999800682068,0.9283999800682068,0.9599000215530396,0.8945000171661377,0.949999988079071,126198.0
2024-04-24 11:31:00,WISA,6.230000019073486,6.230000019073486,6.269000053405762,6.230000019073486,6.25,17887.0
2024-04-24 11:31:00,WKHS,0.1597999930381775,0.1597999930381775,0.1597999930381775,0.1597999930381775,0.1597999930381775,4853.0
2024-04-24 11:31:00,WLDN,27.829999923706055,27.829999923706055,27.829999923706055,27.709999084472656,27.709999084472656,1238.0
2024-04-24 11:31:00,WMG,32.0,32.0,32.02000045776367,31.9950008392334,32.0,1548.0
2024-04-24 11:31:00,WSBF,11.779999732971191,11.779999732971191,11.84000015258789,11.779999732971191,11.84000015258789,1836.0
2024-04-24 11:31:00,WSC,37.560001373291016,37.560001373291016,37.584999084472656,37.560001373291016,37.56999969482422,3443.0
2024-04-24 11:31:00,WTW,263.9800109863281,263.9800109863281,263.9800109863281,263.9800109863281,263.9800109863281,366.0
2024-04-24 11:31:00,WVE,5.139999866485596,5.139999866485596,5.139999866485596,5.139999866485596,5.139999866485596,922.0
2024-04-24 11:31:00,WW,1.6799999475479126,1.6799999475479126,1.684999942779541,1.6799999475479126,1.684999942779541,586.0
2024-04-24 11:31:00,WWD,149.4199981689453,149.4199981689453,149.4199981689453,149.4199981689453,149.4199981689453,405.0
2024-04-24 11:31:00,WYNN,96.80000305175781,96.80000305175781,96.81390380859375,96.80000305175781,96.81390380859375,1604.0
2024-04-24 11:31:00,XEL,55.369998931884766,55.369998931884766,55.380001068115234,55.33000183105469,55.349998474121094,10030.0
2024-04-24 11:31:00,XMTR,16.81999969482422,16.81999969482422,16.84000015258789,16.809900283813477,16.809900283813477,2563.0
2024-04-24 11:31:00,XP,20.235000610351562,20.235000610351562,20.239999771118164,20.235000610351562,20.239999771118164,1485.0
2024-04-24 11:31:00,XRX,14.4350004196167,14.4350004196167,14.4350004196167,14.404999732971191,14.404999732971191,7867.0
2024-04-24 11:31:00,XXII,1.8200000524520874,1.8200000524520874,1.8300000429153442,1.8200000524520874,1.8300000429153442,1250.0
2024-04-24 11:31:00,ZBRA,276.1099853515625,276.1099853515625,276.1099853515625,275.8949890136719,275.8949890136719,1066.0
2024-04-24 11:31:00,ZCMD,1.729200005531311,1.729200005531311,1.729200005531311,1.729200005531311,1.729200005531311,300.0
2024-04-24 11:31:00,ZD,51.55500030517578,51.55500030517578,51.55500030517578,51.55500030517578,51.55500030517578,438.0
2024-04-24 11:31:00,ZG,43.029998779296875,43.029998779296875,43.029998779296875,43.029998779296875,43.029998779296875,275.0
2024-04-24 11:31:00,ZI,15.734999656677246,15.734999656677246,15.739999771118164,15.734999656677246,15.739999771118164,4871.0
2024-04-24 11:31:00,ZION,41.88909912109375,41.88909912109375,41.88999938964844,41.86000061035156,41.86000061035156,4821.0
2024-04-24 11:31:00,ZLAB,15.720000267028809,15.720000267028809,15.720000267028809,15.720000267028809,15.720000267028809,651.0
2024-04-24 11:31:00,ZM,61.11000061035156,61.11000061035156,61.120201110839844,61.11000061035156,61.119998931884766,3002.0
2024-04-24 11:31:00,ZS,177.6699981689453,177.6699981689453,177.6699981689453,177.6699981689453,177.6699981689453,1374.0
2024-04-24 11:31:00,ZURA,3.2100000381469727,3.2100000381469727,3.236599922180176,3.2100000381469727,3.2100000381469727,3941.0
2024-04-24 11:31:00,ZYME,8.609999656677246,8.609999656677246,8.609999656677246,8.609999656677246,8.609999656677246,310.0
2024-04-24 11:32:00,FDMT,24.790000915527344,24.790000915527344,24.790000915527344,24.790000915527344,24.790000915527344,397.0
2024-04-24 11:32:00,FEAM,1.159999966621399,1.159999966621399,1.159999966621399,1.159999966621399,1.159999966621399,200.0
2024-04-24 11:32:00,HOWL,6.269999980926514,6.269999980926514,6.269999980926514,6.260000228881836,6.260000228881836,1041.0
2024-04-24 11:32:00,SEAT,5.815000057220459,5.815000057220459,5.815000057220459,5.815000057220459,5.815000057220459,251.0
2024-04-24 11:32:00,TSVT,4.389999866485596,4.389999866485596,4.389999866485596,4.364999771118164,4.367499828338623,9408.0
2024-04-24 11:32:00,TWOU,0.23199999332427979,0.23199999332427979,0.23260000348091125,0.23199999332427979,0.23250000178813934,2744.0
2024-04-24 11:32:00,TXG,27.200000762939453,27.200000762939453,27.200000762939453,27.18000030517578,27.18000030517578,2271.0
2024-04-24 11:32:00,VERU,1.3200000524520874,1.3200000524520874,1.3200000524520874,1.3200000524520874,1.3200000524520874,1128.0
2024-04-24 11:32:00,VERV,6.739999771118164,6.739999771118164,6.739999771118164,6.730000019073486,6.730000019073486,1153.0
2024-04-24 11:32:00,VERX,28.63249969482422,28.63249969482422,28.645000457763672,28.63249969482422,28.645000457763672,428.0
2024-04-24 11:32:00,VFS,2.4684998989105225,2.4684998989105225,2.4700000286102295,2.4600000381469727,2.4700000286102295,3382.0
2024-04-24 11:32:00,VIR,8.164999961853027,8.164999961853027,8.164999961853027,8.164999961853027,8.164999961853027,434.0
2024-04-24 11:32:00,VIRC,10.725000381469727,10.725000381469727,10.725000381469727,10.6850004196167,10.710000038146973,507.0
2024-04-24 11:32:00,VIRT,22.299999237060547,22.299999237060547,22.309999465942383,22.299999237060547,22.309999465942383,3181.0
2024-04-24 11:32:00,VIRX,0.8300999999046326,0.8300999999046326,0.8300999999046326,0.8300999999046326,0.8300999999046326,130.0
2024-04-24 11:32:00,VLCN,0.25850000977516174,0.25850000977516174,0.25999999046325684,0.25699999928474426,0.25999999046325684,5430.0
2024-04-24 11:32:00,VNET,1.5109000205993652,1.5109000205993652,1.5109000205993652,1.5109000205993652,1.5109000205993652,1519.0
2024-04-24 11:32:00,VNOM,40.02000045776367,40.02000045776367,40.02000045776367,40.02000045776367,40.02000045776367,310.0
2024-04-24 11:32:00,VOD,8.585000038146973,8.585000038146973,8.585000038146973,8.574999809265137,8.57859992980957,49393.0
2024-04-24 11:32:00,VRCA,6.760000228881836,6.760000228881836,6.78380012512207,6.760000228881836,6.775000095367432,2394.0
2024-04-24 11:32:00,VRRM,24.389999389648438,24.389999389648438,24.389999389648438,24.3799991607666,24.3799991607666,226.0
2024-04-24 11:32:00,VRTX,400.5,400.5,400.6000061035156,400.5,400.5799865722656,1615.0
2024-04-24 11:32:00,VSAT,16.209999084472656,16.209999084472656,16.209999084472656,16.14620018005371,16.14620018005371,5461.0
2024-04-24 11:32:00,VSME,0.42399999499320984,0.42399999499320984,0.42399999499320984,0.4000999927520752,0.4000999927520752,28492.0
2024-04-24 11:32:00,VTNR,1.590000033378601,1.590000033378601,1.590000033378601,1.590000033378601,1.590000033378601,1533.0
2024-04-24 11:32:00,VTRS,11.385000228881836,11.385000228881836,11.390000343322754,11.380000114440918,11.390000343322754,3629.0
2024-04-24 11:32:00,VTSI,12.0649995803833,12.0649995803833,12.0649995803833,12.0649995803833,12.0649995803833,0.0
2024-04-24 11:32:00,VUZI,1.3049999475479126,1.3049999475479126,1.3049999475479126,1.3049999475479126,1.3049999475479126,220.0
2024-04-24 11:32:00,WAFD,27.739999771118164,27.739999771118164,27.854999542236328,27.739999771118164,27.829999923706055,10243.0
2024-04-24 11:32:00,WB,8.324999809265137,8.324999809265137,8.324999809265137,8.319999694824219,8.319999694824219,872.0
2024-04-24 11:32:00,WBA,17.665000915527344,17.665000915527344,17.665000915527344,17.655000686645508,17.655000686645508,11582.0
2024-04-24 11:32:00,WBD,8.291999816894531,8.291999816894531,8.300000190734863,8.29010009765625,8.295000076293945,11566.0
2024-04-24 11:32:00,WDAY,255.3000030517578,255.3000030517578,255.35000610351562,255.3000030517578,255.35000610351562,990.0
2024-04-24 11:32:00,WDC,68.96499633789062,68.96499633789062,68.97000122070312,68.8499984741211,68.8499984741211,11692.0
2024-04-24 11:32:00,WEN,19.934999465942383,19.934999465942383,19.934999465942383,19.924999237060547,19.924999237060547,7238.0
2024-04-24 11:32:00,WERN,35.189998626708984,35.189998626708984,35.189998626708984,35.18000030517578,35.189998626708984,715.0
2024-04-24 11:32:00,WHLM,6.810699939727783,6.810699939727783,6.810699939727783,6.770999908447266,6.770999908447266,4953.0
2024-04-24 11:32:00,WIMI,0.9319999814033508,0.9319999814033508,0.949999988079071,0.9280999898910522,0.9283999800682068,70146.0
2024-04-24 11:32:00,WING,364.0849914550781,364.0849914550781,364.0849914550781,363.7200012207031,363.7200012207031,918.0
2024-04-24 11:32:00,WISA,6.339900016784668,6.339900016784668,6.339900016784668,6.230400085449219,6.230400085449219,32134.0
2024-04-24 11:32:00,WIX,123.05999755859375,123.05999755859375,123.05999755859375,122.91999816894531,122.91999816894531,1572.0
2024-04-24 11:32:00,WKHS,0.15970000624656677,0.15970000624656677,0.1597999930381775,0.15970000624656677,0.1597999930381775,656.0
2024-04-24 11:32:00,WMG,31.989999771118164,31.989999771118164,32.0,31.989999771118164,32.0,842.0
2024-04-24 11:32:00,WTFC,99.49500274658203,99.49500274658203,99.49500274658203,99.49500274658203,99.49500274658203,707.0
2024-04-24 11:32:00,WTW,263.9649963378906,263.9649963378906,264.010009765625,263.9649963378906,264.010009765625,508.0
2024-04-24 11:32:00,WVE,5.150000095367432,5.150000095367432,5.150000095367432,5.150000095367432,5.150000095367432,421.0
2024-04-24 11:32:00,WW,1.6799999475479126,1.6799999475479126,1.6799999475479126,1.6799999475479126,1.6799999475479126,1334.0
2024-04-24 11:32:00,WYNN,96.87999725341797,96.87999725341797,96.87999725341797,96.79000091552734,96.79000091552734,1735.0
2024-04-24 11:32:00,XEL,55.38999938964844,55.38999938964844,55.400001525878906,55.36000061035156,55.369998931884766,4617.0
2024-04-24 11:32:00,XERS,1.7599999904632568,1.7599999904632568,1.7699999809265137,1.7599999904632568,1.7699999809265137,522.0
2024-04-24 11:32:00,XP,20.2450008392334,20.2450008392334,20.25,20.235000610351562,20.239999771118164,5570.0
2024-04-24 11:32:00,XRX,14.430000305175781,14.430000305175781,14.4399995803833,14.430000305175781,14.4350004196167,4283.0
2024-04-24 11:32:00,XXII,1.8300000429153442,1.8300000429153442,1.8300000429153442,1.8300000429153442,1.8300000429153442,794.0
2024-04-24 11:32:00,YMAB,15.260000228881836,15.260000228881836,15.260000228881836,15.260000228881836,15.260000228881836,169.0
2024-04-24 11:32:00,YORW,35.262699127197266,35.262699127197266,35.262699127197266,35.262699127197266,35.262699127197266,784.0
2024-04-24 11:32:00,Z,43.65999984741211,43.65999984741211,43.65999984741211,43.58000183105469,43.58000183105469,4429.0
2024-04-24 11:32:00,ZBRA,275.86981201171875,275.86981201171875,275.86981201171875,275.86981201171875,275.86981201171875,291.0
2024-04-24 11:32:00,ZD,51.560001373291016,51.560001373291016,51.560001373291016,51.560001373291016,51.560001373291016,173.0
2024-04-24 11:32:00,ZG,43.029998779296875,43.029998779296875,43.029998779296875,43.02000045776367,43.02000045776367,1350.0
2024-04-24 11:32:00,ZI,15.729999542236328,15.729999542236328,15.729999542236328,15.729999542236328,15.729999542236328,1725.0
2024-04-24 11:32:00,ZION,41.8849983215332,41.8849983215332,41.8849983215332,41.880001068115234,41.880001068115234,759.0
2024-04-24 11:32:00,ZLAB,15.699999809265137,15.699999809265137,15.699999809265137,15.699999809265137,15.699999809265137,267.0
2024-04-24 11:32:00,ZM,61.040000915527344,61.040000915527344,61.099998474121094,61.040000915527344,61.099998474121094,4507.0
2024-04-24 11:32:00,ZNTL,12.3100004196167,12.3100004196167,12.3100004196167,12.3100004196167,12.3100004196167,901.0
2024-04-24 11:32:00,ZUMZ,16.93000030517578,16.93000030517578,16.93000030517578,16.93000030517578,16.93000030517578,681.0
2024-04-24 11:32:00,ZURA,3.2100000381469727,3.2100000381469727,3.25,3.2100000381469727,3.25,0.0
2024-04-24 11:32:00,ZVSA,0.5766000151634216,0.5766000151634216,0.5766000151634216,0.5766000151634216,0.5766000151634216,325.0
2024-04-24 11:32:00,ZYME,8.609999656677246,8.609999656677246,8.609999656677246,8.609999656677246,8.609999656677246,152.0
2024-04-24 11:33:00,ATNF,1.7999999523162842,1.7999999523162842,1.8200000524520874,1.7999999523162842,1.8200000524520874,2399.0
2024-04-24 11:33:00,DSP,8.739999771118164,8.739999771118164,8.739999771118164,8.739999771118164,8.739999771118164,286.0
2024-04-24 11:33:00,ME,0.4848000109195709,0.4848000109195709,0.4869000017642975,0.4848000109195709,0.48590001463890076,3308.0
2024-04-24 11:33:00,SEAT,5.815000057220459,5.815000057220459,5.815000057220459,5.815000057220459,5.815000057220459,488.0
2024-04-24 11:33:00,TSVT,4.380000114440918,4.380000114440918,4.394999980926514,4.380000114440918,4.394999980926514,4552.0
2024-04-24 11:33:00,TXG,27.200000762939453,27.200000762939453,27.200000762939453,27.190000534057617,27.190000534057617,1335.0
2024-04-24 11:33:00,VABK,24.6299991607666,24.6299991607666,24.6299991607666,24.6299991607666,24.6299991607666,250.0
2024-04-24 11:33:00,VERU,1.3200000524520874,1.3200000524520874,1.3200000524520874,1.3200000524520874,1.3200000524520874,1204.0
2024-04-24 11:33:00,VERV,6.760000228881836,6.760000228881836,6.760000228881836,6.747600078582764,6.747600078582764,2829.0
2024-04-24 11:33:00,VERX,28.670000076293945,28.670000076293945,28.670000076293945,28.665000915527344,28.670000076293945,1426.0
2024-04-24 11:33:00,VFF,1.340000033378601,1.340000033378601,1.340000033378601,1.3320000171661377,1.3320000171661377,117.0
2024-04-24 11:33:00,VFS,2.479099988937378,2.479099988937378,2.4800000190734863,2.4649999141693115,2.4649999141693115,15288.0
2024-04-24 11:33:00,VIAV,7.897500038146973,7.897500038146973,7.897500038146973,7.897500038146973,7.897500038146973,321.0
2024-04-24 11:33:00,VICR,33.04999923706055,33.04999923706055,33.290000915527344,33.0,33.27000045776367,6012.0
2024-04-24 11:33:00,VIR,8.175000190734863,8.175000190734863,8.175000190734863,8.168000221252441,8.168000221252441,2299.0
2024-04-24 11:33:00,VIRC,10.721599578857422,10.721599578857422,10.729999542236328,10.721599578857422,10.729999542236328,557.0
2024-04-24 11:33:00,VIRI,0.4745999872684479,0.4745999872684479,0.4745999872684479,0.4745999872684479,0.4745999872684479,326.0
2024-04-24 11:33:00,VIRT,22.31999969482422,22.31999969482422,22.329999923706055,22.30500030517578,22.30500030517578,2941.0
2024-04-24 11:33:00,VITL,26.959999084472656,26.959999084472656,26.959999084472656,26.959999084472656,26.959999084472656,110.0
2024-04-24 11:33:00,VKTX,66.13999938964844,66.13999938964844,66.25,66.12999725341797,66.12999725341797,3234.0
2024-04-24 11:33:00,VLCN,0.25699999928474426,0.25699999928474426,0.25999999046325684,0.25699999928474426,0.25999999046325684,0.0
2024-04-24 11:33:00,VMD,8.0,8.0,8.0,8.0,8.0,479.0
2024-04-24 11:33:00,VNET,1.5149999856948853,1.5149999856948853,1.5149999856948853,1.5149999856948853,1.5149999856948853,1100.0
2024-04-24 11:33:00,VNOM,39.9900016784668,39.9900016784668,39.9900016784668,39.9900016784668,39.9900016784668,200.0
2024-04-24 11:33:00,VOD,8.585000038146973,8.585000038146973,8.59000015258789,8.585000038146973,8.585000038146973,20614.0
2024-04-24 11:33:00,VOR,1.774999976158142,1.774999976158142,1.774999976158142,1.773900032043457,1.773900032043457,1551.0
2024-04-24 11:33:00,VOXR,2.0399999618530273,2.0399999618530273,2.0399999618530273,2.0399999618530273,2.0399999618530273,100.0
2024-04-24 11:33:00,VRCA,6.800000190734863,6.800000190734863,6.800000190734863,6.789999961853027,6.789999961853027,500.0
2024-04-24 11:33:00,VRDN,13.524999618530273,13.524999618530273,13.524999618530273,13.524999618530273,13.524999618530273,877.0
2024-04-24 11:33:00,VRNA,15.569999694824219,15.569999694824219,15.569999694824219,15.569999694824219,15.569999694824219,423.0
2024-04-24 11:33:00,VRRM,24.389999389648438,24.389999389648438,24.389999389648438,24.389999389648438,24.389999389648438,550.0
2024-04-24 11:33:00,VRTX,401.2049865722656,401.2049865722656,401.510009765625,400.5249938964844,400.5249938964844,5696.0
2024-04-24 11:33:00,VSAT,16.229999542236328,16.229999542236328,16.239999771118164,16.209999084472656,16.219999313354492,2572.0
2024-04-24 11:33:00,VSME,0.41999998688697815,0.41999998688697815,0.42399999499320984,0.41999998688697815,0.42399999499320984,18821.0
2024-04-24 11:33:00,VTGN,4.690000057220459,4.690000057220459,4.71999979019165,4.690000057220459,4.71999979019165,9869.0
2024-04-24 11:33:00,VTNR,1.590000033378601,1.590000033378601,1.590000033378601,1.590000033378601,1.590000033378601,2423.0
2024-04-24 11:33:00,VTRS,11.385000228881836,11.385000228881836,11.387499809265137,11.380000114440918,11.385000228881836,961.0
2024-04-24 11:33:00,VUZI,1.309999942779541,1.309999942779541,1.309999942779541,1.3011000156402588,1.3049999475479126,503.0
2024-04-24 11:33:00,VWE,0.2395000010728836,0.2395000010728836,0.2540000081062317,0.23000000417232513,0.2540000081062317,51691.0
2024-04-24 11:33:00,WAFD,27.729999542236328,27.729999542236328,27.739999771118164,27.729999542236328,27.739999771118164,1448.0
2024-04-24 11:33:00,WB,8.324999809265137,8.324999809265137,8.324999809265137,8.324999809265137,8.324999809265137,206.0
2024-04-24 11:33:00,WBA,17.649999618530273,17.649999618530273,17.65999984741211,17.649999618530273,17.65999984741211,14096.0
2024-04-24 11:33:00,WBD,8.29010009765625,8.29010009765625,8.300000190734863,8.289999961853027,8.295000076293945,32936.0
2024-04-24 11:33:00,WDAY,255.3509979248047,255.3509979248047,255.3800048828125,255.3159942626953,255.3159942626953,1057.0
2024-04-24 11:33:00,WDC,69.05500030517578,69.05500030517578,69.08000183105469,68.93000030517578,68.9800033569336,11569.0
2024-04-24 11:33:00,WEN,19.94499969482422,19.94499969482422,19.94499969482422,19.934999465942383,19.934999465942383,1713.0
2024-04-24 11:33:00,WEST,9.940099716186523,9.940099716186523,9.940099716186523,9.940099716186523,9.940099716186523,309.0
2024-04-24 11:33:00,WFRD,123.77999877929688,123.77999877929688,123.77999877929688,123.7699966430664,123.7699966430664,918.0
2024-04-24 11:33:00,WHLM,6.744999885559082,6.744999885559082,6.838200092315674,6.730000019073486,6.823999881744385,6755.0
2024-04-24 11:33:00,WIMI,0.977400004863739,0.977400004863739,0.9797000288963318,0.9319999814033508,0.9320999979972839,312374.0
2024-04-24 11:33:00,WISA,6.2600998878479,6.2600998878479,6.329999923706055,6.25,6.317699909210205,33770.0
2024-04-24 11:33:00,WKHS,0.1598999947309494,0.1598999947309494,0.1599999964237213,0.1597999930381775,0.1597999930381775,37516.0
2024-04-24 11:33:00,WMG,31.975000381469727,31.975000381469727,31.989999771118164,31.96500015258789,31.979999542236328,2519.0
2024-04-24 11:33:00,WSC,37.4900016784668,37.4900016784668,37.56999969482422,37.4900016784668,37.56999969482422,2423.0
2024-04-24 11:33:00,WSFS,44.150001525878906,44.150001525878906,44.150001525878906,44.150001525878906,44.150001525878906,377.0
2024-04-24 11:33:00,WTW,264.05999755859375,264.05999755859375,264.05999755859375,264.05999755859375,264.05999755859375,375.0
2024-04-24 11:33:00,WW,1.6799999475479126,1.6799999475479126,1.6799999475479126,1.6799999475479126,1.6799999475479126,400.0
2024-04-24 11:33:00,WWD,149.5749969482422,149.5749969482422,149.5749969482422,149.5749969482422,149.5749969482422,253.0
2024-04-24 11:33:00,WYNN,96.94499969482422,96.94499969482422,96.94499969482422,96.88999938964844,96.88999938964844,1131.0
2024-04-24 11:33:00,XEL,55.3849983215332,55.3849983215332,55.38999938964844,55.369998931884766,55.3849983215332,3732.0
2024-04-24 11:33:00,XFOR,1.2699999809265137,1.2699999809265137,1.2699999809265137,1.2699999809265137,1.2699999809265137,560.0
2024-04-24 11:33:00,XLO,1.090000033378601,1.090000033378601,1.090000033378601,1.0750000476837158,1.0750000476837158,7125.0
2024-04-24 11:33:00,XMTR,16.844999313354492,16.844999313354492,16.844999313354492,16.81999969482422,16.81999969482422,1018.0
2024-04-24 11:33:00,XNCR,18.25,18.25,18.280000686645508,18.139999389648438,18.139999389648438,12144.0
2024-04-24 11:33:00,XP,20.274999618530273,20.274999618530273,20.274999618530273,20.239999771118164,20.239999771118164,43506.0
2024-04-24 11:33:00,XRX,14.404999732971191,14.404999732971191,14.4399995803833,14.404999732971191,14.430000305175781,107011.0
2024-04-24 11:33:00,XTLB,2.5799999237060547,2.5799999237060547,2.5799999237060547,2.5799999237060547,2.5799999237060547,500.0
2024-04-24 11:33:00,YMAB,15.319999694824219,15.319999694824219,15.319999694824219,15.3100004196167,15.3100004196167,639.0
2024-04-24 11:33:00,Z,43.689998626708984,43.689998626708984,43.689998626708984,43.68600082397461,43.68600082397461,854.0
2024-04-24 11:33:00,ZBRA,276.04998779296875,276.04998779296875,276.04998779296875,276.04998779296875,276.04998779296875,270.0
2024-04-24 11:33:00,ZCMD,1.7115000486373901,1.7115000486373901,1.7200000286102295,1.7115000486373901,1.7200000286102295,200.0
2024-04-24 11:33:00,ZG,43.1156005859375,43.1156005859375,43.1156005859375,43.1156005859375,43.1156005859375,878.0
2024-04-24 11:33:00,ZI,15.734999656677246,15.734999656677246,15.734999656677246,15.729999542236328,15.729999542236328,1412.0
2024-04-24 11:33:00,ZION,41.869998931884766,41.869998931884766,41.880001068115234,41.869998931884766,41.880001068115234,955.0
2024-04-24 11:33:00,ZLAB,15.694999694824219,15.694999694824219,15.699999809265137,15.694999694824219,15.699999809265137,1130.0
2024-04-24 11:33:00,ZM,61.060001373291016,61.060001373291016,61.08000183105469,61.04999923706055,61.04999923706055,1753.0
2024-04-24 11:33:00,ZS,177.49000549316406,177.49000549316406,177.5,177.49000549316406,177.5,249.0
2024-04-24 11:33:00,ZURA,3.2100000381469727,3.2100000381469727,3.2100000381469727,3.2100000381469727,3.2100000381469727,25.0
2024-04-24 11:33:00,ZVSA,0.5766000151634216,0.5766000151634216,0.5766000151634216,0.5766000151634216,0.5766000151634216,213.0
2024-04-24 11:34:00,COCO,23.8700008392334,23.8700008392334,23.8700008392334,23.860000610351562,23.860000610351562,492.0
2024-04-24 11:34:00,EGHT,2.309999942779541,2.309999942779541,2.309999942779541,2.309999942779541,2.309999942779541,253.0
2024-04-24 11:34:00,ETNB,8.699999809265137,8.699999809265137,8.699999809265137,8.699999809265137,8.699999809265137,157.0
2024-04-24 11:34:00,FEAM,1.159999966621399,1.159999966621399,1.159999966621399,1.159999966621399,1.159999966621399,11.0
2024-04-24 11:34:00,ME,0.4848000109195709,0.4848000109195709,0.48750001192092896,0.4848000109195709,0.4862000048160553,1483.0
2024-04-24 11:34:00,TWOU,0.23190000653266907,0.23190000653266907,0.2320999950170517,0.23190000653266907,0.2320999950170517,5001.0
2024-04-24 11:34:00,TXG,27.110000610351562,27.110000610351562,27.149999618530273,27.110000610351562,27.149999618530273,3889.0
2024-04-24 11:34:00,VC,110.22000122070312,110.22000122070312,110.22000122070312,110.22000122070312,110.22000122070312,455.0
2024-04-24 11:34:00,VCTR,49.52000045776367,49.52000045776367,49.52000045776367,49.4900016784668,49.5,1194.0
2024-04-24 11:34:00,VERU,1.3200000524520874,1.3200000524520874,1.3200000524520874,1.3200000524520874,1.3200000524520874,1358.0
2024-04-24 11:34:00,VERV,6.735000133514404,6.735000133514404,6.75,6.735000133514404,6.75,9991.0
2024-04-24 11:34:00,VERX,28.790000915527344,28.790000915527344,28.790000915527344,28.690000534057617,28.690000534057617,2505.0
2024-04-24 11:34:00,VFS,2.479099988937378,2.479099988937378,2.479099988937378,2.4749999046325684,2.4749999046325684,1279.0
2024-04-24 11:34:00,VICR,32.849998474121094,32.849998474121094,33.02000045776367,32.849998474121094,33.02000045776367,347.0
2024-04-24 11:34:00,VIRI,0.4699999988079071,0.4699999988079071,0.4699999988079071,0.4699999988079071,0.4699999988079071,1002.0
2024-04-24 11:34:00,VIRT,22.309999465942383,22.309999465942383,22.34000015258789,22.30500030517578,22.30500030517578,4562.0
2024-04-24 11:34:00,VITL,26.954999923706055,26.954999923706055,26.959999084472656,26.954999923706055,26.959999084472656,843.0
2024-04-24 11:34:00,VKTX,66.19999694824219,66.19999694824219,66.19999694824219,66.08999633789062,66.08999633789062,3216.0
2024-04-24 11:34:00,VMEO,3.555000066757202,3.555000066757202,3.5583999156951904,3.555000066757202,3.5583999156951904,1003.0
2024-04-24 11:34:00,VNET,1.5099999904632568,1.5099999904632568,1.5199999809265137,1.5099999904632568,1.5199999809265137,200.0
2024-04-24 11:34:00,VNOM,39.98500061035156,39.98500061035156,39.9900016784668,39.98500061035156,39.9900016784668,594.0
2024-04-24 11:34:00,VOD,8.604999542236328,8.604999542236328,8.609999656677246,8.59000015258789,8.59000015258789,59070.0
2024-04-24 11:34:00,VOR,1.7799999713897705,1.7799999713897705,1.7799999713897705,1.774999976158142,1.774999976158142,922.0
2024-04-24 11:34:00,VRCA,6.800000190734863,6.800000190734863,6.800000190734863,6.800000190734863,6.800000190734863,314.0
2024-04-24 11:34:00,VRRM,24.3700008392334,24.3700008392334,24.375,24.3700008392334,24.375,2050.0
2024-04-24 11:34:00,VRTX,401.3699951171875,401.3699951171875,401.3699951171875,401.1499938964844,401.1499938964844,1026.0
2024-04-24 11:34:00,VS,1.3946000337600708,1.3946000337600708,1.434999942779541,1.3946000337600708,1.434999942779541,60.0
2024-04-24 11:34:00,VSAT,16.229999542236328,16.229999542236328,16.229999542236328,16.219999313354492,16.219999313354492,1483.0
2024-04-24 11:34:00,VSME,0.40860000252723694,0.40860000252723694,0.40860000252723694,0.40860000252723694,0.40860000252723694,0.0
2024-04-24 11:34:00,VTNR,1.590000033378601,1.590000033378601,1.5906000137329102,1.590000033378601,1.5906000137329102,1745.0
2024-04-24 11:34:00,VTRS,11.390000343322754,11.390000343322754,11.390000343322754,11.385000228881836,11.385000228881836,2837.0
2024-04-24 11:34:00,VTSI,12.114999771118164,12.114999771118164,12.114999771118164,12.114999771118164,12.114999771118164,300.0
2024-04-24 11:34:00,VUZI,1.309999942779541,1.309999942779541,1.309999942779541,1.309999942779541,1.309999942779541,200.0
2024-04-24 11:34:00,VYGR,7.559800148010254,7.559800148010254,7.559800148010254,7.559800148010254,7.559800148010254,361.0
2024-04-24 11:34:00,WABC,47.27000045776367,47.27000045776367,47.27000045776367,47.27000045776367,47.27000045776367,603.0
2024-04-24 11:34:00,WAFD,27.719999313354492,27.719999313354492,27.719999313354492,27.719999313354492,27.719999313354492,600.0
2024-04-24 11:34:00,WASH,25.959999084472656,25.959999084472656,25.959999084472656,25.959999084472656,25.959999084472656,436.0
2024-04-24 11:34:00,WB,8.319999694824219,8.319999694824219,8.319999694824219,8.319999694824219,8.319999694824219,2111.0
2024-04-24 11:34:00,WBA,17.655000686645508,17.655000686645508,17.65999984741211,17.649999618530273,17.650100708007812,10492.0
2024-04-24 11:34:00,WBD,8.295000076293945,8.295000076293945,8.295000076293945,8.289999961853027,8.29010009765625,56634.0
2024-04-24 11:34:00,WBUY,0.3199999928474426,0.3199999928474426,0.3199999928474426,0.3199999928474426,0.3199999928474426,2460.0
2024-04-24 11:34:00,WDAY,255.49000549316406,255.49000549316406,255.49000549316406,255.25,255.25,1312.0
2024-04-24 11:34:00,WDC,69.26000213623047,69.26000213623047,69.2699966430664,69.05500030517578,69.05500030517578,10407.0
2024-04-24 11:34:00,WEN,19.94499969482422,19.94499969482422,19.94499969482422,19.94499969482422,19.94499969482422,878.0
2024-04-24 11:34:00,WERN,35.20000076293945,35.20000076293945,35.20000076293945,35.20000076293945,35.20000076293945,191.0
2024-04-24 11:34:00,WFRD,123.78890228271484,123.78890228271484,123.91999816894531,123.78890228271484,123.91999816894531,859.0
2024-04-24 11:34:00,WHLM,6.558800220489502,6.558800220489502,6.699999809265137,6.53000020980835,6.590000152587891,1948.0
2024-04-24 11:34:00,WIMI,0.960099995136261,0.960099995136261,0.9797999858856201,0.9535999894142151,0.9789999723434448,87207.0
2024-04-24 11:34:00,WING,364.4200134277344,364.4200134277344,364.4200134277344,364.4200134277344,364.4200134277344,545.0
2024-04-24 11:34:00,WISA,6.2982001304626465,6.2982001304626465,6.309999942779541,6.269999980926514,6.309999942779541,16121.0
2024-04-24 11:34:00,WKHS,0.1598999947309494,0.1598999947309494,0.1598999947309494,0.1598999947309494,0.1598999947309494,3046.0
2024-04-24 11:34:00,WMG,31.975000381469727,31.975000381469727,31.975000381469727,31.975000381469727,31.975000381469727,475.0
2024-04-24 11:34:00,WSBC,28.190000534057617,28.190000534057617,28.190000534057617,28.190000534057617,28.190000534057617,1113.0
2024-04-24 11:34:00,WSC,37.540000915527344,37.540000915527344,37.540000915527344,37.47999954223633,37.4900016784668,4798.0
2024-04-24 11:34:00,WTW,264.2049865722656,264.2049865722656,264.2049865722656,264.07501220703125,264.07501220703125,1744.0
2024-04-24 11:34:00,WVE,5.135000228881836,5.135000228881836,5.135000228881836,5.135000228881836,5.135000228881836,200.0
2024-04-24 11:34:00,WW,1.6799999475479126,1.6799999475479126,1.6875,1.6799999475479126,1.6799999475479126,1484.0
2024-04-24 11:34:00,WYNN,96.93000030517578,96.93000030517578,96.93000030517578,96.92500305175781,96.92500305175781,1954.0
2024-04-24 11:34:00,XEL,55.369998931884766,55.369998931884766,55.415000915527344,55.36000061035156,55.400001525878906,7838.0
2024-04-24 11:34:00,XERS,1.7649999856948853,1.7649999856948853,1.7649999856948853,1.7649999856948853,1.7649999856948853,202.0
2024-04-24 11:34:00,XLO,1.090000033378601,1.090000033378601,1.0950000286102295,1.090000033378601,1.0950000286102295,20377.0
2024-04-24 11:34:00,XNCR,18.309999465942383,18.309999465942383,18.325000762939453,18.309999465942383,18.325000762939453,2045.0
2024-04-24 11:34:00,XP,20.30500030517578,20.30500030517578,20.309999465942383,20.274999618530273,20.274999618530273,22306.0
2024-04-24 11:34:00,XRX,14.460000038146973,14.460000038146973,14.470000267028809,14.40999984741211,14.40999984741211,21541.0
2024-04-24 11:34:00,XTLB,2.5799999237060547,2.5799999237060547,2.5799999237060547,2.5799999237060547,2.5799999237060547,800.0
2024-04-24 11:34:00,Z,43.70000076293945,43.70000076293945,43.70000076293945,43.68000030517578,43.69499969482422,1252.0
2024-04-24 11:34:00,ZBRA,276.1600036621094,276.1600036621094,276.1600036621094,276.1099853515625,276.1099853515625,2144.0
2024-04-24 11:34:00,ZCMD,1.7100000381469727,1.7100000381469727,1.7100000381469727,1.7100000381469727,1.7100000381469727,101.0
2024-04-24 11:34:00,ZD,51.5099983215332,51.5099983215332,51.5099983215332,51.470001220703125,51.5099983215332,1963.0
2024-04-24 11:34:00,ZG,43.1349983215332,43.1349983215332,43.1349983215332,43.1349983215332,43.1349983215332,219.0
2024-04-24 11:34:00,ZI,15.734999656677246,15.734999656677246,15.734999656677246,15.734999656677246,15.734999656677246,2444.0
2024-04-24 11:34:00,ZIMV,15.800000190734863,15.800000190734863,15.800000190734863,15.800000190734863,15.800000190734863,1432.0
2024-04-24 11:34:00,ZION,41.880001068115234,41.880001068115234,41.880001068115234,41.84000015258789,41.84000015258789,1979.0
2024-04-24 11:34:00,ZLAB,15.670000076293945,15.670000076293945,15.694999694824219,15.670000076293945,15.694999694824219,237.0
2024-04-24 11:34:00,ZM,61.040000915527344,61.040000915527344,61.04999923706055,61.040000915527344,61.04999923706055,1955.0
2024-04-24 11:34:00,ZS,177.6300048828125,177.6300048828125,177.6300048828125,177.47999572753906,177.47999572753906,2214.0
2024-04-24 11:34:00,ZUMZ,16.924999237060547,16.924999237060547,16.924999237060547,16.924999237060547,16.924999237060547,401.0
2024-04-24 11:34:00,ZURA,3.200000047683716,3.200000047683716,3.200000047683716,3.200000047683716,3.200000047683716,276.0
2024-04-24 11:34:00,ZVSA,0.5766000151634216,0.5766000151634216,0.5766000151634216,0.5766000151634216,0.5766000151634216,976.0
2024-04-24 11:34:00,ZYME,8.600000381469727,8.600000381469727,8.600000381469727,8.600000381469727,8.600000381469727,551.0
2024-04-24 11:35:00,FREE,4.815000057220459,4.815000057220459,4.815000057220459,4.815000057220459,4.815000057220459,300.0
2024-04-24 11:35:00,ME,0.48410001397132874,0.48410001397132874,0.48410001397132874,0.48410001397132874,0.48410001397132874,182.0
2024-04-24 11:35:00,SEAT,5.815000057220459,5.815000057220459,5.815000057220459,5.815000057220459,5.815000057220459,573.0
2024-04-24 11:35:00,TWOU,0.23149999976158142,0.23149999976158142,0.23170000314712524,0.2304999977350235,0.23170000314712524,13505.0
2024-04-24 11:35:00,TXG,27.104999542236328,27.104999542236328,27.1299991607666,27.100000381469727,27.1200008392334,3293.0
2024-04-24 11:35:00,VCTR,49.54999923706055,49.54999923706055,49.54999923706055,49.529998779296875,49.529998779296875,834.0
2024-04-24 11:35:00,VERU,1.3200000524520874,1.3200000524520874,1.3300000429153442,1.3200000524520874,1.3200000524520874,1324.0
2024-04-24 11:35:00,VERV,6.731200218200684,6.731200218200684,6.731200218200684,6.731200218200684,6.731200218200684,660.0
2024-04-24 11:35:00,VERX,28.90999984741211,28.90999984741211,28.90999984741211,28.780000686645508,28.780000686645508,6709.0
2024-04-24 11:35:00,VFS,2.469899892807007,2.469899892807007,2.479099988937378,2.4600000381469727,2.479099988937378,16298.0
2024-04-24 11:35:00,VIAV,7.889999866485596,7.889999866485596,7.889999866485596,7.889999866485596,7.889999866485596,605.0
2024-04-24 11:35:00,VICR,32.90999984741211,32.90999984741211,32.90999984741211,32.90999984741211,32.90999984741211,301.0
2024-04-24 11:35:00,VIR,8.180000305175781,8.180000305175781,8.180000305175781,8.175000190734863,8.175000190734863,291.0
2024-04-24 11:35:00,VIRT,22.30500030517578,22.30500030517578,22.31999969482422,22.299999237060547,22.299999237060547,1886.0
2024-04-24 11:35:00,VITL,26.93000030517578,26.93000030517578,26.940000534057617,26.93000030517578,26.940000534057617,406.0
2024-04-24 11:35:00,VIVK,1.6201000213623047,1.6201000213623047,1.6201000213623047,1.6201000213623047,1.6201000213623047,218.0
2024-04-24 11:35:00,VKTX,66.26000213623047,66.26000213623047,66.30000305175781,66.19999694824219,66.19999694824219,2681.0
2024-04-24 11:35:00,VLCN,0.25699999928474426,0.25699999928474426,0.25999999046325684,0.25699999928474426,0.25999999046325684,15125.0
2024-04-24 11:35:00,VMEO,3.555000066757202,3.555000066757202,3.555000066757202,3.555000066757202,3.555000066757202,759.0
2024-04-24 11:35:00,VNET,1.5099999904632568,1.5099999904632568,1.5099999904632568,1.5099999904632568,1.5099999904632568,151.0
2024-04-24 11:35:00,VOD,8.595000267028809,8.595000267028809,8.604999542236328,8.595000267028809,8.604999542236328,68328.0
2024-04-24 11:35:00,VRRM,24.3700008392334,24.3700008392334,24.3700008392334,24.360000610351562,24.360000610351562,729.0
2024-04-24 11:35:00,VTNR,1.5950000286102295,1.5950000286102295,1.5950000286102295,1.5950000286102295,1.5950000286102295,1.0
2024-04-24 11:35:00,VTRS,11.385000228881836,11.385000228881836,11.385000228881836,11.385000228881836,11.385000228881836,859.0
2024-04-24 11:35:00,VWE,0.2513999938964844,0.2513999938964844,0.2513999938964844,0.2513999938964844,0.2513999938964844,1400.0
2024-04-24 11:35:00,WASH,25.969999313354492,25.969999313354492,25.969999313354492,25.969999313354492,25.969999313354492,513.0
2024-04-24 11:35:00,WBA,17.65679931640625,17.65679931640625,17.65999984741211,17.655000686645508,17.657400131225586,13507.0
2024-04-24 11:35:00,WBD,8.291199684143066,8.291199684143066,8.300000190734863,8.290499687194824,8.290499687194824,24002.0
2024-04-24 11:35:00,WDC,69.25,69.25,69.29499816894531,69.22750091552734,69.26000213623047,14705.0
2024-04-24 11:35:00,WEN,19.940000534057617,19.940000534057617,19.950000762939453,19.940000534057617,19.950000762939453,5440.0
2024-04-24 11:35:00,WERN,35.130001068115234,35.130001068115234,35.18000030517578,35.130001068115234,35.18000030517578,2159.0
2024-04-24 11:35:00,WFRD,124.0,124.0,124.0,123.97000122070312,123.97000122070312,959.0
2024-04-24 11:35:00,WHLM,6.577700138092041,6.577700138092041,6.577700138092041,6.577700138092041,6.577700138092041,843.0
2024-04-24 11:35:00,WIMI,0.9520000219345093,0.9520000219345093,0.9775000214576721,0.949999988079071,0.9603000283241272,84040.0
2024-04-24 11:35:00,WISA,6.29040002822876,6.29040002822876,6.300000190734863,6.280099868774414,6.300000190734863,11637.0
2024-04-24 11:35:00,WKHS,0.1607999950647354,0.1607999950647354,0.16099999845027924,0.1598999947309494,0.1598999947309494,136104.0
2024-04-24 11:35:00,WMG,31.96500015258789,31.96500015258789,31.969999313354492,31.96500015258789,31.969999313354492,750.0
2024-04-24 11:35:00,WSC,37.540000915527344,37.540000915527344,37.54999923706055,37.47999954223633,37.540000915527344,8106.0
2024-04-24 11:35:00,WSFS,44.10499954223633,44.10499954223633,44.10499954223633,44.10499954223633,44.10499954223633,356.0
2024-04-24 11:35:00,WW,1.6799999475479126,1.6799999475479126,1.684999942779541,1.6799999475479126,1.6799999475479126,603.0
2024-04-24 11:35:00,WYNN,96.83999633789062,96.83999633789062,96.8499984741211,96.83999633789062,96.83999633789062,1126.0
2024-04-24 11:35:00,XEL,55.36000061035156,55.36000061035156,55.369998931884766,55.349998474121094,55.369998931884766,3037.0
2024-04-24 11:35:00,XERS,1.7599999904632568,1.7599999904632568,1.7599999904632568,1.7599999904632568,1.7599999904632568,57.0
2024-04-24 11:35:00,XFOR,1.2699999809265137,1.2699999809265137,1.2699999809265137,1.261199951171875,1.261199951171875,433.0
2024-04-24 11:35:00,XMTR,16.844999313354492,16.844999313354492,16.844999313354492,16.844999313354492,16.844999313354492,379.0
2024-04-24 11:35:00,XP,20.325000762939453,20.325000762939453,20.344999313354492,20.30500030517578,20.30500030517578,12495.0
2024-04-24 11:35:00,XRX,14.46500015258789,14.46500015258789,14.46500015258789,14.449999809265137,14.454999923706055,8681.0
2024-04-24 11:35:00,XXII,1.850000023841858,1.850000023841858,1.850000023841858,1.8300000429153442,1.8300000429153442,777.0
2024-04-24 11:35:00,YTEN,0.2549000084400177,0.2549000084400177,0.2549000084400177,0.2549000084400177,0.2549000084400177,5723.0
2024-04-24 11:35:00,Z,43.68000030517578,43.68000030517578,43.72999954223633,43.68000030517578,43.70000076293945,7830.0
2024-04-24 11:35:00,ZG,43.13999938964844,43.13999938964844,43.15999984741211,43.130001068115234,43.13999938964844,2264.0
2024-04-24 11:35:00,ZION,41.849998474121094,41.849998474121094,41.849998474121094,41.849998474121094,41.849998474121094,983.0
2024-04-24 11:35:00,ZLAB,15.649999618530273,15.649999618530273,15.694999694824219,15.649999618530273,15.670000076293945,1585.0
2024-04-24 11:35:00,ZM,61.029998779296875,61.029998779296875,61.04999923706055,61.029998779296875,61.04999923706055,1428.0
2024-04-24 11:35:00,ZS,177.69000244140625,177.69000244140625,177.69000244140625,177.69000244140625,177.69000244140625,893.0
2024-04-24 11:35:00,ZURA,3.190000057220459,3.190000057220459,3.200000047683716,3.190000057220459,3.200000047683716,14481.0
2024-04-24 11:35:00,ZYME,8.609999656677246,8.609999656677246,8.619999885559082,8.609999656677246,8.619999885559082,658.0
2024-04-24 11:36:00,COCO,23.8700008392334,23.8700008392334,23.8700008392334,23.8700008392334,23.8700008392334,1317.0
2024-04-24 11:36:00,DSP,8.720000267028809,8.720000267028809,8.720000267028809,8.720000267028809,8.720000267028809,201.0
2024-04-24 11:36:00,ETNB,8.704999923706055,8.704999923706055,8.710000038146973,8.704999923706055,8.710000038146973,2715.0
2024-04-24 11:36:00,FLWS,9.220000267028809,9.220000267028809,9.220000267028809,9.220000267028809,9.220000267028809,971.0
2024-04-24 11:36:00,FREE,4.818299770355225,4.818299770355225,4.818299770355225,4.818299770355225,4.818299770355225,32.0
2024-04-24 11:36:00,ME,0.48410001397132874,0.48410001397132874,0.48410001397132874,0.48399999737739563,0.48399999737739563,1660.0
2024-04-24 11:36:00,TWOU,0.23090000450611115,0.23090000450611115,0.23090000450611115,0.23090000450611115,0.23090000450611115,1695.0
2024-04-24 11:36:00,TXG,27.1200008392334,27.1200008392334,27.1200008392334,27.1200008392334,27.1200008392334,1658.0
2024-04-24 11:36:00,VC,110.1500015258789,110.1500015258789,110.1500015258789,110.1500015258789,110.1500015258789,464.0
2024-04-24 11:36:00,VCTR,49.529998779296875,49.529998779296875,49.529998779296875,49.529998779296875,49.529998779296875,418.0
2024-04-24 11:36:00,VERU,1.3250000476837158,1.3250000476837158,1.3250000476837158,1.3200000524520874,1.3220000267028809,7689.0
2024-04-24 11:36:00,VERX,28.854999542236328,28.854999542236328,28.905000686645508,28.850000381469727,28.905000686645508,3644.0
2024-04-24 11:36:00,VFF,1.3300000429153442,1.3300000429153442,1.3300000429153442,1.3300000429153442,1.3300000429153442,428.0
2024-04-24 11:36:00,VFS,2.4623000621795654,2.4623000621795654,2.466200113296509,2.4600000381469727,2.4649999141693115,5740.0
2024-04-24 11:36:00,VIAV,7.889999866485596,7.889999866485596,7.889999866485596,7.889999866485596,7.889999866485596,2006.0
2024-04-24 11:36:00,VIGL,2.799999952316284,2.799999952316284,2.799999952316284,2.799999952316284,2.799999952316284,224.0
2024-04-24 11:36:00,VIR,8.179100036621094,8.179100036621094,8.180000305175781,8.179100036621094,8.180000305175781,882.0
2024-04-24 11:36:00,VIRC,10.720000267028809,10.720000267028809,10.720000267028809,10.720000267028809,10.720000267028809,625.0
2024-04-24 11:36:00,VIRT,22.31999969482422,22.31999969482422,22.31999969482422,22.28499984741211,22.28499984741211,2580.0
2024-04-24 11:36:00,VITL,26.947500228881836,26.947500228881836,26.947500228881836,26.940000534057617,26.940000534057617,1154.0
2024-04-24 11:36:00,VKTX,66.13999938964844,66.13999938964844,66.30000305175781,66.13999938964844,66.30000305175781,1000.0
2024-04-24 11:36:00,VLCN,0.25699999928474426,0.25699999928474426,0.25850000977516174,0.25699999928474426,0.25850000977516174,5000.0
2024-04-24 11:36:00,VNOM,39.959999084472656,39.959999084472656,39.959999084472656,39.959999084472656,39.959999084472656,688.0
2024-04-24 11:36:00,VOD,8.597900390625,8.597900390625,8.605999946594238,8.595000267028809,8.600000381469727,118985.0
2024-04-24 11:36:00,VRDN,13.510000228881836,13.510000228881836,13.529999732971191,13.510000228881836,13.529999732971191,1148.0
2024-04-24 11:36:00,VRM,11.899999618530273,11.899999618530273,11.899999618530273,11.899999618530273,11.899999618530273,874.0
2024-04-24 11:36:00,VRRM,24.350000381469727,24.350000381469727,24.354999542236328,24.350000381469727,24.354999542236328,360.0
2024-04-24 11:36:00,VRTX,401.239990234375,401.239990234375,401.239990234375,401.239990234375,401.239990234375,663.0
2024-04-24 11:36:00,VSAT,16.239999771118164,16.239999771118164,16.239999771118164,16.219999313354492,16.229999542236328,4058.0
2024-04-24 11:36:00,VSEC,78.0999984741211,78.0999984741211,78.0999984741211,78.0999984741211,78.0999984741211,328.0
2024-04-24 11:36:00,VTRS,11.390000343322754,11.390000343322754,11.390000343322754,11.385000228881836,11.385000228881836,3122.0
2024-04-24 11:36:00,VTSI,12.180000305175781,12.180000305175781,12.180000305175781,12.180000305175781,12.180000305175781,163.0
2024-04-24 11:36:00,VUZI,1.3049999475479126,1.3049999475479126,1.308500051498413,1.3025000095367432,1.3025000095367432,2325.0
2024-04-24 11:36:00,VWE,0.2513999938964844,0.2513999938964844,0.2513999938964844,0.2513999938964844,0.2513999938964844,0.0
2024-04-24 11:36:00,WAFD,27.709999084472656,27.709999084472656,27.719999313354492,27.700000762939453,27.704999923706055,1168.0
2024-04-24 11:36:00,WBA,17.639999389648438,17.639999389648438,17.658599853515625,17.639999389648438,17.655000686645508,16131.0
2024-04-24 11:36:00,WBD,8.279999732971191,8.279999732971191,8.295000076293945,8.279999732971191,8.289999961853027,29690.0
2024-04-24 11:36:00,WBUY,0.3199999928474426,0.3199999928474426,0.32199999690055847,0.3199999928474426,0.32199999690055847,2724.0
2024-04-24 11:36:00,WDAY,255.41000366210938,255.41000366210938,255.41000366210938,255.22000122070312,255.3800048828125,2019.0
2024-04-24 11:36:00,WDC,69.16000366210938,69.16000366210938,69.2699966430664,69.15499877929688,69.23999786376953,52437.0
2024-04-24 11:36:00,WEN,19.934999465942383,19.934999465942383,19.934999465942383,19.934999465942383,19.934999465942383,1125.0
2024-04-24 11:36:00,WERN,35.099998474121094,35.099998474121094,35.130001068115234,35.099998474121094,35.130001068115234,1604.0
2024-04-24 11:36:00,WFRD,123.80000305175781,123.80000305175781,123.8499984741211,123.80000305175781,123.8499984741211,1039.0
2024-04-24 11:36:00,WHLM,6.590000152587891,6.590000152587891,6.590000152587891,6.590000152587891,6.590000152587891,314.0
2024-04-24 11:36:00,WIMI,0.9520000219345093,0.9520000219345093,0.9599999785423279,0.9520000219345093,0.9520999789237976,15488.0
2024-04-24 11:36:00,WISA,6.257599830627441,6.257599830627441,6.291999816894531,6.192299842834473,6.291999816894531,18077.0
2024-04-24 11:36:00,WIX,122.87999725341797,122.87999725341797,122.87999725341797,122.87999725341797,122.87999725341797,840.0
2024-04-24 11:36:00,WKHS,0.1607999950647354,0.1607999950647354,0.16089999675750732,0.1607999950647354,0.16089999675750732,82033.0
2024-04-24 11:36:00,WMG,31.969999313354492,31.969999313354492,31.969999313354492,31.969999313354492,31.969999313354492,1230.0
2024-04-24 11:36:00,WSBF,11.84000015258789,11.84000015258789,11.84000015258789,11.84000015258789,11.84000015258789,707.0
2024-04-24 11:36:00,WSC,37.564998626708984,37.564998626708984,37.564998626708984,37.5,37.52000045776367,4887.0
2024-04-24 11:36:00,WSFS,44.040000915527344,44.040000915527344,44.04999923706055,44.040000915527344,44.04999923706055,1104.0
2024-04-24 11:36:00,WTFC,99.44000244140625,99.44000244140625,99.44000244140625,99.44000244140625,99.44000244140625,323.0
2024-04-24 11:36:00,WTW,264.05999755859375,264.05999755859375,264.0799865722656,264.05999755859375,264.0799865722656,1012.0
2024-04-24 11:36:00,WVE,5.130000114440918,5.130000114440918,5.139999866485596,5.130000114440918,5.135000228881836,2080.0
2024-04-24 11:36:00,WW,1.6799999475479126,1.6799999475479126,1.684999942779541,1.6799999475479126,1.684999942779541,4340.0
2024-04-24 11:36:00,WWD,149.61500549316406,149.61500549316406,149.61500549316406,149.61500549316406,149.61500549316406,788.0
2024-04-24 11:36:00,WYNN,96.78500366210938,96.78500366210938,96.84929656982422,96.77999877929688,96.84929656982422,4155.0
2024-04-24 11:36:00,XEL,55.380001068115234,55.380001068115234,55.380001068115234,55.3650016784668,55.369998931884766,3856.0
2024-04-24 11:36:00,XENE,40.5,40.5,40.522499084472656,40.4900016784668,40.522499084472656,1762.0
2024-04-24 11:36:00,XERS,1.7599999904632568,1.7599999904632568,1.7599999904632568,1.7599999904632568,1.7599999904632568,224.0
2024-04-24 11:36:00,XMTR,16.829999923706055,16.829999923706055,16.829999923706055,16.829999923706055,16.829999923706055,1018.0
2024-04-24 11:36:00,XNCR,18.270000457763672,18.270000457763672,18.290000915527344,18.270000457763672,18.290000915527344,557.0
2024-04-24 11:36:00,XP,20.30500030517578,20.30500030517578,20.329999923706055,20.30500030517578,20.325000762939453,7727.0
2024-04-24 11:36:00,XPEL,54.810001373291016,54.810001373291016,54.810001373291016,54.804298400878906,54.804298400878906,270.0
2024-04-24 11:36:00,XRX,14.454999923706055,14.454999923706055,14.460000038146973,14.449999809265137,14.460000038146973,3638.0
2024-04-24 11:36:00,XXII,1.840000033378601,1.840000033378601,1.840000033378601,1.840000033378601,1.840000033378601,553.0
2024-04-24 11:36:00,Z,43.630001068115234,43.630001068115234,43.66999816894531,43.630001068115234,43.66999816894531,3654.0
2024-04-24 11:36:00,ZAPP,4.664999961853027,4.664999961853027,4.664999961853027,4.539999961853027,4.539999961853027,1811.0
2024-04-24 11:36:00,ZBRA,275.45001220703125,275.45001220703125,275.6000061035156,275.45001220703125,275.6000061035156,1266.0
2024-04-24 11:36:00,ZCMD,1.7000000476837158,1.7000000476837158,1.7000000476837158,1.7000000476837158,1.7000000476837158,822.0
2024-04-24 11:36:00,ZI,15.755000114440918,15.755000114440918,15.755000114440918,15.744999885559082,15.744999885559082,2042.0
2024-04-24 11:36:00,ZION,41.84000015258789,41.84000015258789,41.84000015258789,41.83000183105469,41.83000183105469,1003.0
2024-04-24 11:36:00,ZLAB,15.630000114440918,15.630000114440918,15.630000114440918,15.630000114440918,15.630000114440918,132.0
2024-04-24 11:36:00,ZM,61.099998474121094,61.099998474121094,61.119998931884766,61.03499984741211,61.03499984741211,12558.0
2024-04-24 11:36:00,ZS,177.64500427246094,177.64500427246094,177.64500427246094,177.64500427246094,177.64500427246094,929.0
2024-04-24 11:36:00,ZYME,8.59000015258789,8.59000015258789,8.609999656677246,8.59000015258789,8.609999656677246,2298.0
2024-04-24 11:37:00,EGHT,2.309999942779541,2.309999942779541,2.309999942779541,2.309999942779541,2.309999942779541,476.0
2024-04-24 11:37:00,ETNB,8.720000267028809,8.720000267028809,8.720000267028809,8.704999923706055,8.704999923706055,2022.0
2024-04-24 11:37:00,ME,0.4839000105857849,0.4839000105857849,0.4848000109195709,0.4839000105857849,0.4848000109195709,1341.0
2024-04-24 11:37:00,SEAT,5.815000057220459,5.815000057220459,5.815000057220459,5.815000057220459,5.815000057220459,487.0
2024-04-24 11:37:00,TWOU,0.23100000619888306,0.23100000619888306,0.23160000145435333,0.23090000450611115,0.23090000450611115,5705.0
2024-04-24 11:37:00,TXG,27.100000381469727,27.100000381469727,27.1200008392334,27.100000381469727,27.104999542236328,4547.0
2024-04-24 11:37:00,VC,110.2699966430664,110.2699966430664,110.2699966430664,110.14430236816406,110.14430236816406,1744.0
2024-04-24 11:37:00,VERU,1.3300000429153442,1.3300000429153442,1.3300000429153442,1.3200000524520874,1.3200000524520874,1301.0
2024-04-24 11:37:00,VERV,6.739999771118164,6.739999771118164,6.739999771118164,6.730000019073486,6.730000019073486,1674.0
2024-04-24 11:37:00,VERX,28.80500030517578,28.80500030517578,28.854999542236328,28.80500030517578,28.854999542236328,1814.0
2024-04-24 11:37:00,VFS,2.4649999141693115,2.4649999141693115,2.4700000286102295,2.4607999324798584,2.4649999141693115,3522.0
2024-04-24 11:37:00,VICR,32.9900016784668,32.9900016784668,32.9900016784668,32.7599983215332,32.7599983215332,1885.0
2024-04-24 11:37:00,VINP,10.350000381469727,10.350000381469727,10.350000381469727,10.350000381469727,10.350000381469727,290.0
2024-04-24 11:37:00,VIRT,22.475000381469727,22.475000381469727,22.479999542236328,22.315000534057617,22.315000534057617,32705.0
2024-04-24 11:37:00,VITL,26.949899673461914,26.949899673461914,26.969999313354492,26.949899673461914,26.950000762939453,3033.0
2024-04-24 11:37:00,VKTX,66.2699966430664,66.2699966430664,66.31999969482422,66.18499755859375,66.18499755859375,3206.0
2024-04-24 11:37:00,VLCN,0.2599000036716461,0.2599000036716461,0.2599000036716461,0.257099986076355,0.257099986076355,322.0
2024-04-24 11:37:00,VMD,8.015000343322754,8.015000343322754,8.015000343322754,8.015000343322754,8.015000343322754,103.0
2024-04-24 11:37:00,VNET,1.5099999904632568,1.5099999904632568,1.5099999904632568,1.5099999904632568,1.5099999904632568,209.0
2024-04-24 11:37:00,VNOM,39.93000030517578,39.93000030517578,39.93000030517578,39.93000030517578,39.93000030517578,500.0
2024-04-24 11:37:00,VOD,8.595000267028809,8.595000267028809,8.595000267028809,8.595000267028809,8.595000267028809,2152.0
2024-04-24 11:37:00,VOR,1.774999976158142,1.774999976158142,1.774999976158142,1.774999976158142,1.774999976158142,200.0
2024-04-24 11:37:00,VRNA,15.550000190734863,15.550000190734863,15.550000190734863,15.550000190734863,15.550000190734863,697.0
2024-04-24 11:37:00,VSAT,16.299999237060547,16.299999237060547,16.299999237060547,16.235000610351562,16.235000610351562,2282.0
2024-04-24 11:37:00,VTNR,1.5950000286102295,1.5950000286102295,1.600000023841858,1.5950000286102295,1.5997999906539917,7339.0
2024-04-24 11:37:00,VTRS,11.399999618530273,11.399999618530273,11.399999618530273,11.384699821472168,11.384699821472168,5373.0
2024-04-24 11:37:00,VTSI,12.180000305175781,12.180000305175781,12.1899995803833,12.180000305175781,12.180000305175781,1195.0
2024-04-24 11:37:00,WAFD,27.729999542236328,27.729999542236328,27.739999771118164,27.729999542236328,27.739999771118164,1258.0
2024-04-24 11:37:00,WB,8.328800201416016,8.328800201416016,8.328800201416016,8.3149995803833,8.3149995803833,1709.0
2024-04-24 11:37:00,WBA,17.649999618530273,17.649999618530273,17.65999984741211,17.639999389648438,17.646699905395508,12531.0
2024-04-24 11:37:00,WBD,8.300000190734863,8.300000190734863,8.300000190734863,8.284000396728516,8.28499984741211,94821.0
2024-04-24 11:37:00,WBUY,0.3199999928474426,0.3199999928474426,0.3199999928474426,0.3199999928474426,0.3199999928474426,856.0
2024-04-24 11:37:00,WDAY,255.4149932861328,255.4149932861328,255.4149932861328,255.38499450683594,255.38499450683594,594.0
2024-04-24 11:37:00,WDC,68.96499633789062,68.96499633789062,69.2300033569336,68.95999908447266,69.16999816894531,40115.0
2024-04-24 11:37:00,WEN,19.93000030517578,19.93000030517578,19.934999465942383,19.93000030517578,19.934999465942383,819.0
2024-04-24 11:37:00,WERN,35.09000015258789,35.09000015258789,35.09000015258789,35.09000015258789,35.09000015258789,362.0
2024-04-24 11:37:00,WEST,9.960000038146973,9.960000038146973,9.960000038146973,9.960000038146973,9.960000038146973,247.0
2024-04-24 11:37:00,WIMI,0.9610999822616577,0.9610999822616577,0.9696000218391418,0.9520000219345093,0.9523000121116638,26716.0
2024-04-24 11:37:00,WISA,6.215000152587891,6.215000152587891,6.247700214385986,6.190000057220459,6.247700214385986,4314.0
2024-04-24 11:37:00,WKHS,0.16089999675750732,0.16089999675750732,0.16089999675750732,0.1607999950647354,0.16089999675750732,13526.0
2024-04-24 11:37:00,WMG,31.979999542236328,31.979999542236328,31.979999542236328,31.979999542236328,31.979999542236328,879.0
2024-04-24 11:37:00,WSC,37.4900016784668,37.4900016784668,37.529998779296875,37.4900016784668,37.529998779296875,1175.0
2024-04-24 11:37:00,WSFS,44.150001525878906,44.150001525878906,44.150001525878906,44.130001068115234,44.130001068115234,1165.0
2024-04-24 11:37:00,WTW,264.1400146484375,264.1400146484375,264.1400146484375,264.1400146484375,264.1400146484375,342.0
2024-04-24 11:37:00,WVE,5.130000114440918,5.130000114440918,5.130000114440918,5.130000114440918,5.130000114440918,110.0
2024-04-24 11:37:00,WW,1.6799999475479126,1.6799999475479126,1.684999942779541,1.6799999475479126,1.684999942779541,2502.0
2024-04-24 11:37:00,WYNN,96.83000183105469,96.83000183105469,96.8499984741211,96.80999755859375,96.80999755859375,2674.0
2024-04-24 11:37:00,XEL,55.41999816894531,55.41999816894531,55.41999816894531,55.380001068115234,55.3849983215332,4130.0
2024-04-24 11:37:00,XERS,1.7649999856948853,1.7649999856948853,1.7649999856948853,1.7649999856948853,1.7649999856948853,322.0
2024-04-24 11:37:00,XFOR,1.2649999856948853,1.2649999856948853,1.2649999856948853,1.2649999856948853,1.2649999856948853,10987.0
2024-04-24 11:37:00,XP,20.3075008392334,20.3075008392334,20.309999465942383,20.30500030517578,20.309999465942383,10942.0
2024-04-24 11:37:00,XRX,14.505000114440918,14.505000114440918,14.505000114440918,14.454999923706055,14.454999923706055,15328.0
2024-04-24 11:37:00,XXII,1.8301000595092773,1.8301000595092773,1.8339999914169312,1.8300000429153442,1.8339999914169312,6089.0
2024-04-24 11:37:00,Z,43.65999984741211,43.65999984741211,43.68000030517578,43.63999938964844,43.63999938964844,4630.0
2024-04-24 11:37:00,ZBRA,275.05999755859375,275.05999755859375,275.5400085449219,274.989990234375,275.2799987792969,20472.0
2024-04-24 11:37:00,ZCMD,1.6799999475479126,1.6799999475479126,1.6799999475479126,1.6799999475479126,1.6799999475479126,2135.0
2024-04-24 11:37:00,ZG,43.09000015258789,43.09000015258789,43.09000015258789,43.09000015258789,43.09000015258789,1007.0
2024-04-24 11:37:00,ZI,15.760000228881836,15.760000228881836,15.760000228881836,15.755000114440918,15.755000114440918,3899.0
2024-04-24 11:37:00,ZION,41.88999938964844,41.88999938964844,41.88999938964844,41.849998474121094,41.849998474121094,1787.0
2024-04-24 11:37:00,ZLAB,15.61400032043457,15.61400032043457,15.645000457763672,15.609999656677246,15.609999656677246,570.0
2024-04-24 11:37:00,ZM,61.130001068115234,61.130001068115234,61.130001068115234,61.11000061035156,61.11000061035156,3099.0
2024-04-24 11:37:00,ZS,177.75999450683594,177.75999450683594,177.77999877929688,177.59500122070312,177.59500122070312,1527.0
2024-04-24 11:37:00,ZURA,3.1700000762939453,3.1700000762939453,3.1700000762939453,3.1700000762939453,3.1700000762939453,242.0
2024-04-24 11:37:00,ZYME,8.600000381469727,8.600000381469727,8.600000381469727,8.59000015258789,8.59000015258789,365.0
2024-04-24 11:38:00,DIBS,5.360000133514404,5.360000133514404,5.360000133514404,5.360000133514404,5.360000133514404,865.0
2024-04-24 11:38:00,ETNB,8.710000038146973,8.710000038146973,8.710000038146973,8.710000038146973,8.710000038146973,907.0
2024-04-24 11:38:00,FREE,4.820000171661377,4.820000171661377,4.820000171661377,4.820000171661377,4.820000171661377,1509.0
2024-04-24 11:38:00,MAPS,1.090000033378601,1.090000033378601,1.090000033378601,1.090000033378601,1.090000033378601,129.0
2024-04-24 11:38:00,ME,0.4846999943256378,0.4846999943256378,0.4846999943256378,0.48410001397132874,0.48410001397132874,1724.0
2024-04-24 11:38:00,SEAT,5.815000057220459,5.815000057220459,5.815000057220459,5.815000057220459,5.815000057220459,323.0
2024-04-24 11:38:00,TSVT,4.369999885559082,4.369999885559082,4.37529993057251,4.369999885559082,4.37529993057251,6564.0
2024-04-24 11:38:00,TWOU,0.23149999976158142,0.23149999976158142,0.23160000145435333,0.23090000450611115,0.23100000619888306,8831.0
2024-04-24 11:38:00,TXG,27.1200008392334,27.1200008392334,27.1200008392334,27.100000381469727,27.100000381469727,933.0
2024-04-24 11:38:00,VABK,24.610000610351562,24.610000610351562,24.6299991607666,24.610000610351562,24.6299991607666,1116.0
2024-04-24 11:38:00,VANI,1.7799999713897705,1.7799999713897705,1.7799999713897705,1.7799999713897705,1.7799999713897705,391.0
2024-04-24 11:38:00,VC,109.93000030517578,109.93000030517578,110.08999633789062,109.93000030517578,110.08999633789062,858.0
2024-04-24 11:38:00,VERU,1.3200000524520874,1.3200000524520874,1.3200000524520874,1.3200000524520874,1.3200000524520874,786.0
2024-04-24 11:38:00,VERV,6.739999771118164,6.739999771118164,6.739999771118164,6.739999771118164,6.739999771118164,1226.0
2024-04-24 11:38:00,VERX,28.81999969482422,28.81999969482422,28.81999969482422,28.799999237060547,28.809999465942383,1728.0
2024-04-24 11:38:00,VFS,2.4749999046325684,2.4749999046325684,2.4798998832702637,2.469899892807007,2.469899892807007,3633.0
2024-04-24 11:38:00,VIR,8.1899995803833,8.1899995803833,8.1899995803833,8.175000190734863,8.175000190734863,3410.0
2024-04-24 11:38:00,VIRC,10.680000305175781,10.680000305175781,10.680000305175781,10.680000305175781,10.680000305175781,155.0
2024-04-24 11:38:00,VIRI,0.4699000120162964,0.4699000120162964,0.4699000120162964,0.4699000120162964,0.4699000120162964,448.0
2024-04-24 11:38:00,VIRT,22.459999084472656,22.459999084472656,22.5,22.459999084472656,22.475000381469727,19300.0
2024-04-24 11:38:00,VITL,27.030000686645508,27.030000686645508,27.030000686645508,26.989999771118164,26.989999771118164,1427.0
2024-04-24 11:38:00,VKTX,66.29000091552734,66.29000091552734,66.36000061035156,66.29000091552734,66.36000061035156,416.0
2024-04-24 11:38:00,VLCN,0.25999999046325684,0.25999999046325684,0.25999999046325684,0.25999999046325684,0.25999999046325684,1154.0
2024-04-24 11:38:00,VLGEA,27.25,27.25,27.25,27.25,27.25,603.0
2024-04-24 11:38:00,VMEO,3.559999942779541,3.559999942779541,3.559999942779541,3.559999942779541,3.559999942779541,404.0
2024-04-24 11:38:00,VNET,1.534999966621399,1.534999966621399,1.534999966621399,1.5149999856948853,1.5199999809265137,31476.0
2024-04-24 11:38:00,VOD,8.599900245666504,8.599900245666504,8.599900245666504,8.595000267028809,8.595000267028809,3186.0
2024-04-24 11:38:00,VOR,1.7699999809265137,1.7699999809265137,1.7699999809265137,1.7699999809265137,1.7699999809265137,209.0
2024-04-24 11:38:00,VRDN,13.524999618530273,13.524999618530273,13.550000190734863,13.520000457763672,13.550000190734863,1463.0
2024-04-24 11:38:00,VRRM,24.360000610351562,24.360000610351562,24.360000610351562,24.360000610351562,24.360000610351562,1041.0
2024-04-24 11:38:00,VRTX,401.2699890136719,401.2699890136719,401.2699890136719,401.2699890136719,401.2699890136719,875.0
2024-04-24 11:38:00,VSAT,16.299999237060547,16.299999237060547,16.299999237060547,16.299999237060547,16.299999237060547,746.0
2024-04-24 11:38:00,VTGN,4.71999979019165,4.71999979019165,4.71999979019165,4.71999979019165,4.71999979019165,332.0
2024-04-24 11:38:00,VTNR,1.600000023841858,1.600000023841858,1.600000023841858,1.5950000286102295,1.5950000286102295,302.0
2024-04-24 11:38:00,VTRS,11.399999618530273,11.399999618530273,11.399999618530273,11.395000457763672,11.399999618530273,5346.0
2024-04-24 11:38:00,WALD,5.28000020980835,5.28000020980835,5.28000020980835,5.28000020980835,5.28000020980835,316.0
2024-04-24 11:38:00,WASH,25.985000610351562,25.985000610351562,25.985000610351562,25.985000610351562,25.985000610351562,233.0
2024-04-24 11:38:00,WB,8.321999549865723,8.321999549865723,8.324999809265137,8.321999549865723,8.324999809265137,1116.0
2024-04-24 11:38:00,WBA,17.665000915527344,17.665000915527344,17.66990089416504,17.649999618530273,17.655000686645508,24709.0
2024-04-24 11:38:00,WBD,8.29990005493164,8.29990005493164,8.300000190734863,8.28499984741211,8.289999961853027,108358.0
2024-04-24 11:38:00,WDAY,255.47999572753906,255.47999572753906,255.47999572753906,255.3800048828125,255.3800048828125,1909.0
2024-04-24 11:38:00,WDC,69.04000091552734,69.04000091552734,69.05999755859375,68.97000122070312,68.98999786376953,15030.0
2024-04-24 11:38:00,WEN,19.934999465942383,19.934999465942383,19.934999465942383,19.93000030517578,19.93000030517578,838.0
2024-04-24 11:38:00,WFRD,123.68000030517578,123.68000030517578,123.8499984741211,123.6500015258789,123.79000091552734,4819.0
2024-04-24 11:38:00,WHF,12.789999961853027,12.789999961853027,12.789999961853027,12.78499984741211,12.78499984741211,557.0
2024-04-24 11:38:00,WHLM,6.70989990234375,6.70989990234375,6.710000038146973,6.70989990234375,6.710000038146973,410.0
2024-04-24 11:38:00,WHLR,0.1421000063419342,0.1421000063419342,0.1421000063419342,0.1421000063419342,0.1421000063419342,6193.0
2024-04-24 11:38:00,WIMI,0.9606999754905701,0.9606999754905701,0.9699000120162964,0.9606999754905701,0.9614999890327454,11644.0
2024-04-24 11:38:00,WING,364.6700134277344,364.6700134277344,364.6700134277344,364.6700134277344,364.6700134277344,548.0
2024-04-24 11:38:00,WISA,6.190000057220459,6.190000057220459,6.190000057220459,6.130099773406982,6.170000076293945,23342.0
2024-04-24 11:38:00,WIX,122.93499755859375,122.93499755859375,122.9800033569336,122.93499755859375,122.9800033569336,1745.0
2024-04-24 11:38:00,WKHS,0.1607999950647354,0.1607999950647354,0.16089999675750732,0.1607999950647354,0.1607999950647354,52331.0
2024-04-24 11:38:00,WLDN,27.729999542236328,27.729999542236328,27.729999542236328,27.729999542236328,27.729999542236328,1368.0
2024-04-24 11:38:00,WMG,31.979999542236328,31.979999542236328,31.979999542236328,31.979999542236328,31.979999542236328,453.0
2024-04-24 11:38:00,WPRT,5.71999979019165,5.71999979019165,5.71999979019165,5.71999979019165,5.71999979019165,602.0
2024-04-24 11:38:00,WRLD,139.13999938964844,139.13999938964844,139.13999938964844,139.13999938964844,139.13999938964844,1018.0
2024-04-24 11:38:00,WSBF,11.869999885559082,11.869999885559082,11.869999885559082,11.869999885559082,11.869999885559082,210.0
2024-04-24 11:38:00,WSC,37.5,37.5,37.505001068115234,37.470001220703125,37.4900016784668,4082.0
2024-04-24 11:38:00,WSFS,44.09000015258789,44.09000015258789,44.09000015258789,44.09000015258789,44.09000015258789,289.0
2024-04-24 11:38:00,WVE,5.139999866485596,5.139999866485596,5.139999866485596,5.130000114440918,5.130000114440918,484.0
2024-04-24 11:38:00,WW,1.6799999475479126,1.6799999475479126,1.687000036239624,1.6799999475479126,1.6799999475479126,10714.0
2024-04-24 11:38:00,WYNN,96.94000244140625,96.94000244140625,96.94999694824219,96.87999725341797,96.88999938964844,4349.0
2024-04-24 11:38:00,XEL,55.41999816894531,55.41999816894531,55.43000030517578,55.404998779296875,55.40999984741211,4322.0
2024-04-24 11:38:00,XENE,40.43000030517578,40.43000030517578,40.45000076293945,40.43000030517578,40.45000076293945,1608.0
2024-04-24 11:38:00,XNCR,18.31999969482422,18.31999969482422,18.31999969482422,18.260000228881836,18.260000228881836,972.0
2024-04-24 11:38:00,XP,20.30500030517578,20.30500030517578,20.309999465942383,20.295000076293945,20.299999237060547,9713.0
2024-04-24 11:38:00,XRX,14.5,14.5,14.510000228881836,14.5,14.510000228881836,6477.0
2024-04-24 11:38:00,XXII,1.8300000429153442,1.8300000429153442,1.8300000429153442,1.8300000429153442,1.8300000429153442,1058.0
2024-04-24 11:38:00,YTEN,0.24009999632835388,0.24009999632835388,0.2460000067949295,0.23759999871253967,0.2460000067949295,139063.0
2024-04-24 11:38:00,YTRA,1.2999999523162842,1.2999999523162842,1.2999999523162842,1.2999999523162842,1.2999999523162842,1100.0
2024-04-24 11:38:00,Z,43.744998931884766,43.744998931884766,43.75,43.70000076293945,43.70000076293945,2209.0
2024-04-24 11:38:00,ZAPP,4.624100208282471,4.624100208282471,4.787199974060059,4.539999961853027,4.787199974060059,3885.0
2024-04-24 11:38:00,ZBRA,275.3500061035156,275.3500061035156,275.3500061035156,275.0799865722656,275.135009765625,703.0
2024-04-24 11:38:00,ZCMD,1.7200000286102295,1.7200000286102295,1.7200000286102295,1.7200000286102295,1.7200000286102295,211.0
2024-04-24 11:38:00,ZION,41.88999938964844,41.88999938964844,41.88999938964844,41.869998931884766,41.880001068115234,1349.0
2024-04-24 11:38:00,ZLAB,15.600000381469727,15.600000381469727,15.609999656677246,15.579999923706055,15.609999656677246,1012.0
2024-04-24 11:38:00,ZM,61.189998626708984,61.189998626708984,61.19499969482422,61.150001525878906,61.150001525878906,4174.0
2024-04-24 11:38:00,ZNTL,12.270000457763672,12.270000457763672,12.270000457763672,12.270000457763672,12.270000457763672,354.0
2024-04-24 11:38:00,ZS,177.82000732421875,177.82000732421875,177.82000732421875,177.7899932861328,177.7899932861328,3246.0
2024-04-24 11:38:00,ZUMZ,16.90999984741211,16.90999984741211,16.90999984741211,16.90999984741211,16.90999984741211,107.0
2024-04-24 11:38:00,ZURA,3.190000057220459,3.190000057220459,3.190000057220459,3.190000057220459,3.190000057220459,1445.0
2024-04-24 11:38:00,ZYXI,11.319999694824219,11.319999694824219,11.319999694824219,11.3100004196167,11.3100004196167,488.0
2024-04-24 11:39:00,DSP,8.739999771118164,8.739999771118164,8.739999771118164,8.739999771118164,8.739999771118164,15.0
2024-04-24 11:39:00,ETNB,8.71500015258789,8.71500015258789,8.71500015258789,8.710000038146973,8.710000038146973,749.0
2024-04-24 11:39:00,FREE,4.820000171661377,4.820000171661377,4.820000171661377,4.820000171661377,4.820000171661377,110.0
2024-04-24 11:39:00,MAPS,1.0800000429153442,1.0800000429153442,1.0800000429153442,1.0800000429153442,1.0800000429153442,200.0
2024-04-24 11:39:00,ME,0.48330000042915344,0.48330000042915344,0.48410001397132874,0.48330000042915344,0.48410001397132874,3727.0
2024-04-24 11:39:00,PET,2.220099925994873,2.220099925994873,2.220099925994873,2.220099925994873,2.220099925994873,3009.0
2024-04-24 11:39:00,SEAT,5.815000057220459,5.815000057220459,5.820000171661377,5.815000057220459,5.815000057220459,7345.0
2024-04-24 11:39:00,TWOU,0.23149999976158142,0.23149999976158142,0.23149999976158142,0.23119999468326569,0.2313999980688095,8836.0
2024-04-24 11:39:00,TXG,27.1200008392334,27.1200008392334,27.1200008392334,27.104999542236328,27.104999542236328,2313.0
2024-04-24 11:39:00,VC,110.08000183105469,110.08000183105469,110.08000183105469,110.08000183105469,110.08000183105469,809.0
2024-04-24 11:39:00,VCTR,49.56999969482422,49.56999969482422,49.599998474121094,49.560001373291016,49.560001373291016,3178.0
2024-04-24 11:39:00,VERU,1.3200000524520874,1.3200000524520874,1.3200000524520874,1.3200000524520874,1.3200000524520874,1501.0
2024-04-24 11:39:00,VERV,6.730000019073486,6.730000019073486,6.739999771118164,6.730000019073486,6.739999771118164,1031.0
2024-04-24 11:39:00,VERX,28.780000686645508,28.780000686645508,28.81999969482422,28.780000686645508,28.81999969482422,3994.0
2024-04-24 11:39:00,VFF,1.3350000381469727,1.3350000381469727,1.3350000381469727,1.3350000381469727,1.3350000381469727,300.0
2024-04-24 11:39:00,VIAV,7.885000228881836,7.885000228881836,7.885000228881836,7.880000114440918,7.880000114440918,3152.0
2024-04-24 11:39:00,VICR,32.91999816894531,32.91999816894531,32.91999816894531,32.880001068115234,32.880001068115234,639.0
2024-04-24 11:39:00,VIGL,2.7850000858306885,2.7850000858306885,2.7850000858306885,2.740000009536743,2.740000009536743,3182.0
2024-04-24 11:39:00,VINP,10.369999885559082,10.369999885559082,10.369999885559082,10.369999885559082,10.369999885559082,0.0
2024-04-24 11:39:00,VIR,8.1899995803833,8.1899995803833,8.194999694824219,8.1899995803833,8.194999694824219,5094.0
2024-04-24 11:39:00,VIRT,22.469999313354492,22.469999313354492,22.469999313354492,22.43000030517578,22.459999084472656,6436.0
2024-04-24 11:39:00,VITL,27.049999237060547,27.049999237060547,27.049999237060547,27.036500930786133,27.045499801635742,3039.0
2024-04-24 11:39:00,VIVK,1.6449999809265137,1.6449999809265137,1.6699999570846558,1.6449999809265137,1.6699999570846558,400.0
2024-04-24 11:39:00,VKTX,66.21900177001953,66.21900177001953,66.33499908447266,66.19000244140625,66.26000213623047,10392.0
2024-04-24 11:39:00,VLCN,0.25699999928474426,0.25699999928474426,0.25850000977516174,0.25699999928474426,0.25699999928474426,2620.0
2024-04-24 11:39:00,VMEO,3.555000066757202,3.555000066757202,3.555000066757202,3.555000066757202,3.555000066757202,921.0
2024-04-24 11:39:00,VNET,1.534999966621399,1.534999966621399,1.534999966621399,1.534999966621399,1.534999966621399,1211.0
2024-04-24 11:39:00,VNOM,39.849998474121094,39.849998474121094,39.849998474121094,39.849998474121094,39.849998474121094,558.0
2024-04-24 11:39:00,VOD,8.595000267028809,8.595000267028809,8.595999717712402,8.594099998474121,8.595000267028809,3000.0
2024-04-24 11:39:00,VRDN,13.520000457763672,13.520000457763672,13.520000457763672,13.489999771118164,13.510000228881836,9527.0
2024-04-24 11:39:00,VRRM,24.364999771118164,24.364999771118164,24.364999771118164,24.364999771118164,24.364999771118164,1140.0
2024-04-24 11:39:00,VRTX,401.44500732421875,401.44500732421875,401.44500732421875,401.30999755859375,401.30999755859375,414.0
2024-04-24 11:39:00,VSAT,16.260000228881836,16.260000228881836,16.309999465942383,16.260000228881836,16.309999465942383,2784.0
2024-04-24 11:39:00,VTNR,1.5997999906539917,1.5997999906539917,1.5997999906539917,1.590000033378601,1.590000033378601,1950.0
2024-04-24 11:39:00,VTRS,11.399999618530273,11.399999618530273,11.399999618530273,11.395000457763672,11.399999618530273,10457.0
2024-04-24 11:39:00,VTSI,12.192999839782715,12.192999839782715,12.270000457763672,12.192999839782715,12.225000381469727,1842.0
2024-04-24 11:39:00,VUZI,1.315000057220459,1.315000057220459,1.315000057220459,1.3025000095367432,1.3025000095367432,3888.0
2024-04-24 11:39:00,VYGR,7.539999961853027,7.539999961853027,7.550000190734863,7.539999961853027,7.550000190734863,1460.0
2024-04-24 11:39:00,WB,8.335000038146973,8.335000038146973,8.335000038146973,8.324999809265137,8.324999809265137,4347.0
2024-04-24 11:39:00,WBA,17.649999618530273,17.649999618530273,17.6653995513916,17.649999618530273,17.6653995513916,12828.0
2024-04-24 11:39:00,WBD,8.291299819946289,8.291299819946289,8.300000190734863,8.289999961853027,8.29010009765625,22372.0
2024-04-24 11:39:00,WDC,69.05999755859375,69.05999755859375,69.08000183105469,69.01000213623047,69.04000091552734,14977.0
2024-04-24 11:39:00,WDFC,227.02999877929688,227.02999877929688,227.02999877929688,227.02999877929688,227.02999877929688,575.0
2024-04-24 11:39:00,WEN,19.934999465942383,19.934999465942383,19.934999465942383,19.93000030517578,19.93000030517578,814.0
2024-04-24 11:39:00,WERN,35.165000915527344,35.165000915527344,35.165000915527344,35.130001068115234,35.130001068115234,1244.0
2024-04-24 11:39:00,WFRD,123.56999969482422,123.56999969482422,123.6500015258789,123.45500183105469,123.6500015258789,1297.0
2024-04-24 11:39:00,WHLM,6.70989990234375,6.70989990234375,6.710000038146973,6.650400161743164,6.710000038146973,5696.0
2024-04-24 11:39:00,WIMI,0.9900000095367432,0.9900000095367432,0.9900000095367432,0.9521999955177307,0.9606000185012817,176445.0
2024-04-24 11:39:00,WISA,6.086400032043457,6.086400032043457,6.170000076293945,6.079999923706055,6.15500020980835,30078.0
2024-04-24 11:39:00,WKHS,0.16089999675750732,0.16089999675750732,0.16089999675750732,0.1607999950647354,0.16089999675750732,6425.0
2024-04-24 11:39:00,WLGS,0.5849999785423279,0.5849999785423279,0.5849999785423279,0.5849999785423279,0.5849999785423279,627.0
2024-04-24 11:39:00,WMG,32.07500076293945,32.07500076293945,32.11000061035156,31.989999771118164,31.989999771118164,7153.0
2024-04-24 11:39:00,WRNT,0.2897999882698059,0.2897999882698059,0.2897999882698059,0.2897999882698059,0.2897999882698059,4961.0
2024-04-24 11:39:00,WSC,37.5,37.5,37.505001068115234,37.49250030517578,37.505001068115234,1458.0
2024-04-24 11:39:00,WSFS,44.04499816894531,44.04499816894531,44.04499816894531,44.04499816894531,44.04499816894531,105.0
2024-04-24 11:39:00,WTBA,16.510000228881836,16.510000228881836,16.510000228881836,16.510000228881836,16.510000228881836,677.0
2024-04-24 11:39:00,WTFC,99.5999984741211,99.5999984741211,99.5999984741211,99.5999984741211,99.5999984741211,291.0
2024-04-24 11:39:00,WTW,264.010009765625,264.010009765625,264.010009765625,263.989990234375,263.989990234375,932.0
2024-04-24 11:39:00,WVE,5.130000114440918,5.130000114440918,5.130000114440918,5.130000114440918,5.130000114440918,706.0
2024-04-24 11:39:00,WW,1.6799999475479126,1.6799999475479126,1.6799999475479126,1.6799999475479126,1.6799999475479126,723.0
2024-04-24 11:39:00,WYNN,96.92500305175781,96.92500305175781,96.92500305175781,96.9000015258789,96.9000015258789,875.0
2024-04-24 11:39:00,XEL,55.435001373291016,55.435001373291016,55.439998626708984,55.415000915527344,55.415000915527344,4411.0
2024-04-24 11:39:00,XENE,40.525001525878906,40.525001525878906,40.525001525878906,40.45000076293945,40.470001220703125,1165.0
2024-04-24 11:39:00,XMTR,16.860000610351562,16.860000610351562,16.860000610351562,16.834999084472656,16.834999084472656,1183.0
2024-04-24 11:39:00,XP,20.295000076293945,20.295000076293945,20.309999465942383,20.295000076293945,20.30500030517578,11617.0
2024-04-24 11:39:00,XRTX,2.950000047683716,2.950000047683716,2.950000047683716,2.950000047683716,2.950000047683716,353.0
2024-04-24 11:39:00,XRX,14.524999618530273,14.524999618530273,14.529999732971191,14.5,14.505000114440918,17682.0
2024-04-24 11:39:00,XWEL,1.649999976158142,1.649999976158142,1.649999976158142,1.649999976158142,1.649999976158142,300.0
2024-04-24 11:39:00,XXII,1.839900016784668,1.839900016784668,1.839900016784668,1.8219000101089478,1.8219000101089478,2317.0
2024-04-24 11:39:00,YTEN,0.2282000035047531,0.2282000035047531,0.2282000035047531,0.2282000035047531,0.2282000035047531,1055.0
2024-04-24 11:39:00,YTRA,1.2999999523162842,1.2999999523162842,1.2999999523162842,1.2999999523162842,1.2999999523162842,800.0
2024-04-24 11:39:00,Z,43.72999954223633,43.72999954223633,43.7400016784668,43.72999954223633,43.7400016784668,2129.0
2024-04-24 11:39:00,ZBRA,275.3949890136719,275.3949890136719,275.3949890136719,275.3949890136719,275.3949890136719,373.0
2024-04-24 11:39:00,ZD,51.400001525878906,51.400001525878906,51.439998626708984,51.400001525878906,51.439998626708984,1284.0
2024-04-24 11:39:00,ZG,43.189998626708984,43.189998626708984,43.20000076293945,43.189998626708984,43.20000076293945,1773.0
2024-04-24 11:39:00,ZI,15.755000114440918,15.755000114440918,15.755000114440918,15.755000114440918,15.755000114440918,2645.0
2024-04-24 11:39:00,ZION,41.904998779296875,41.904998779296875,41.90999984741211,41.88999938964844,41.88999938964844,2172.0
2024-04-24 11:39:00,ZM,61.209999084472656,61.209999084472656,61.209999084472656,61.189998626708984,61.189998626708984,2429.0
2024-04-24 11:39:00,ZS,177.99000549316406,177.99000549316406,177.99000549316406,177.8800048828125,177.8800048828125,4256.0
2024-04-24 11:39:00,ZTEK,1.1050000190734863,1.1050000190734863,1.1200000047683716,1.1050000190734863,1.1198999881744385,3432.0
2024-04-24 11:39:00,ZUMZ,16.895000457763672,16.895000457763672,16.895000457763672,16.889999389648438,16.889999389648438,481.0
2024-04-24 11:39:00,ZURA,3.190000057220459,3.190000057220459,3.190000057220459,3.190000057220459,3.190000057220459,632.0
2024-04-24 11:39:00,ZVRA,4.502299785614014,4.502299785614014,4.502299785614014,4.502299785614014,4.502299785614014,222.0
2024-04-24 11:39:00,ZVSA,0.5799999833106995,0.5799999833106995,0.5799999833106995,0.5799999833106995,0.5799999833106995,536.0
2024-04-24 11:39:00,ZYME,8.600000381469727,8.600000381469727,8.600000381469727,8.600000381469727,8.600000381469727,221.0
2024-04-24 11:39:00,ZYXI,11.3100004196167,11.3100004196167,11.319999694824219,11.3100004196167,11.319999694824219,1308.0
2024-04-24 11:40:00,BCOW,7.079999923706055,7.079999923706055,7.079999923706055,7.079999923706055,7.079999923706055,0.0
2024-04-24 11:40:00,CNET,0.9998999834060669,0.9998999834060669,0.9998999834060669,0.9998999834060669,0.9998999834060669,113.0
2024-04-24 11:40:00,COCO,23.8700008392334,23.8700008392334,23.8700008392334,23.8700008392334,23.8700008392334,719.0
2024-04-24 11:40:00,ETNB,8.710000038146973,8.710000038146973,8.710000038146973,8.710000038146973,8.710000038146973,518.0
2024-04-24 11:40:00,FDMT,24.829999923706055,24.829999923706055,24.829999923706055,24.829999923706055,24.829999923706055,362.0
2024-04-24 11:40:00,FLWS,9.210000038146973,9.210000038146973,9.210000038146973,9.210000038146973,9.210000038146973,129.0
2024-04-24 11:40:00,FREEW,0.05999999865889549,0.05999999865889549,0.05999999865889549,0.05999999865889549,0.05999999865889549,0.0
2024-04-24 11:40:00,ME,0.48350000381469727,0.48350000381469727,0.48350000381469727,0.48350000381469727,0.48350000381469727,2450.0
2024-04-24 11:40:00,SEAT,5.815000057220459,5.815000057220459,5.815000057220459,5.815000057220459,5.815000057220459,433.0
2024-04-24 11:40:00,TWOU,0.2312999963760376,0.2312999963760376,0.2313999980688095,0.23119999468326569,0.2313999980688095,2100.0
2024-04-24 11:40:00,TXG,27.139999389648438,27.139999389648438,27.139999389648438,27.1299991607666,27.1299991607666,2293.0
2024-04-24 11:40:00,VCTR,49.58000183105469,49.58000183105469,49.58000183105469,49.58000183105469,49.58000183105469,375.0
2024-04-24 11:40:00,VERU,1.3200000524520874,1.3200000524520874,1.3200000524520874,1.3200000524520874,1.3200000524520874,631.0
2024-04-24 11:40:00,VERX,28.780000686645508,28.780000686645508,28.799999237060547,28.780000686645508,28.799999237060547,38677.0
2024-04-24 11:40:00,VFS,2.4790000915527344,2.4790000915527344,2.4790000915527344,2.4790000915527344,2.4790000915527344,1050.0
2024-04-24 11:40:00,VIRI,0.460099995136261,0.460099995136261,0.460099995136261,0.460099995136261,0.460099995136261,330.0
2024-04-24 11:40:00,VIRT,22.38249969482422,22.38249969482422,22.469999313354492,22.38249969482422,22.469999313354492,7149.0
2024-04-24 11:40:00,VITL,27.030000686645508,27.030000686645508,27.059999465942383,27.030000686645508,27.049999237060547,2148.0
2024-04-24 11:40:00,VKTX,66.11499786376953,66.11499786376953,66.11499786376953,66.11499786376953,66.11499786376953,258.0
2024-04-24 11:40:00,VLCN,0.25699999928474426,0.25699999928474426,0.25699999928474426,0.25699999928474426,0.25699999928474426,434.0
2024-04-24 11:40:00,VMD,8.020000457763672,8.020000457763672,8.020000457763672,8.0,8.0,1314.0
2024-04-24 11:40:00,VOD,8.595000267028809,8.595000267028809,8.595000267028809,8.595000267028809,8.595000267028809,2620.0
2024-04-24 11:40:00,VOXX,7.050000190734863,7.050000190734863,7.050000190734863,7.050000190734863,7.050000190734863,622.0
2024-04-24 11:40:00,VRDN,13.529999732971191,13.529999732971191,13.529999732971191,13.529999732971191,13.529999732971191,554.0
2024-04-24 11:40:00,VRNA,15.568699836730957,15.568699836730957,15.568699836730957,15.568699836730957,15.568699836730957,1189.0
2024-04-24 11:40:00,VRTX,401.4599914550781,401.4599914550781,401.6189880371094,401.4599914550781,401.5050048828125,2397.0
2024-04-24 11:40:00,VSAT,16.270000457763672,16.270000457763672,16.270000457763672,16.260000228881836,16.260000228881836,2673.0
2024-04-24 11:40:00,VTNR,1.590000033378601,1.590000033378601,1.5950000286102295,1.590000033378601,1.5950000286102295,1038.0
2024-04-24 11:40:00,VTRS,11.375,11.375,11.399999618530273,11.375,11.399999618530273,18351.0
2024-04-24 11:40:00,VTSI,12.265000343322754,12.265000343322754,12.265000343322754,12.265000343322754,12.265000343322754,102.0
2024-04-24 11:40:00,VUZI,1.2899999618530273,1.2899999618530273,1.309999942779541,1.2899999618530273,1.309999942779541,23219.0
2024-04-24 11:40:00,VVPR,3.6191000938415527,3.6191000938415527,3.6191000938415527,3.6191000938415527,3.6191000938415527,1007.0
2024-04-24 11:40:00,WAFD,27.760000228881836,27.760000228881836,27.760000228881836,27.729999542236328,27.75,1695.0
2024-04-24 11:40:00,WB,8.335000038146973,8.335000038146973,8.34000015258789,8.335000038146973,8.34000015258789,2130.0
2024-04-24 11:40:00,WBA,17.665000915527344,17.665000915527344,17.670000076293945,17.655000686645508,17.65730094909668,13909.0
2024-04-24 11:40:00,WBD,8.300000190734863,8.300000190734863,8.300000190734863,8.289999961853027,8.295000076293945,28461.0
2024-04-24 11:40:00,WDAY,255.64500427246094,255.64500427246094,255.64500427246094,255.44000244140625,255.47000122070312,3052.0
2024-04-24 11:40:00,WDC,69.0199966430664,69.0199966430664,69.06500244140625,69.0,69.06500244140625,9978.0
2024-04-24 11:40:00,WEN,19.93000030517578,19.93000030517578,19.934999465942383,19.93000030517578,19.934999465942383,6405.0
2024-04-24 11:40:00,WEST,9.949999809265137,9.949999809265137,9.949999809265137,9.949999809265137,9.949999809265137,207.0
2024-04-24 11:40:00,WFRD,123.6050033569336,123.6050033569336,123.6050033569336,123.5999984741211,123.5999984741211,1051.0
2024-04-24 11:40:00,WIMI,1.0099999904632568,1.0099999904632568,1.0149999856948853,0.9710999727249146,0.9710999727249146,535504.0
2024-04-24 11:40:00,WING,364.4200134277344,364.4200134277344,364.4700012207031,363.7408142089844,363.7408142089844,1517.0
2024-04-24 11:40:00,WISA,6.124899864196777,6.124899864196777,6.145999908447266,6.099999904632568,6.110000133514404,11276.0
2024-04-24 11:40:00,WKHS,0.1607999950647354,0.1607999950647354,0.16089999675750732,0.1607999950647354,0.1607999950647354,2264.0
2024-04-24 11:40:00,WMG,32.08000183105469,32.08000183105469,32.08000183105469,32.07500076293945,32.07500076293945,865.0
2024-04-24 11:40:00,WSBF,11.920000076293945,11.920000076293945,11.920000076293945,11.920000076293945,11.920000076293945,200.0
2024-04-24 11:40:00,WSC,37.540000915527344,37.540000915527344,37.540000915527344,37.4900016784668,37.4900016784668,5009.0
2024-04-24 11:40:00,WSFS,44.064998626708984,44.064998626708984,44.064998626708984,44.040000915527344,44.040000915527344,615.0
2024-04-24 11:40:00,WTFC,99.51000213623047,99.51000213623047,99.51000213623047,99.51000213623047,99.51000213623047,360.0
2024-04-24 11:40:00,WTW,264.18499755859375,264.18499755859375,264.18499755859375,264.0924987792969,264.0924987792969,530.0
2024-04-24 11:40:00,WVE,5.130000114440918,5.130000114440918,5.139999866485596,5.130000114440918,5.139999866485596,459.0
2024-04-24 11:40:00,WW,1.684999942779541,1.684999942779541,1.684999942779541,1.684999942779541,1.684999942779541,818.0
2024-04-24 11:40:00,WWD,149.3300018310547,149.3300018310547,149.3300018310547,149.3300018310547,149.3300018310547,851.0
2024-04-24 11:40:00,WYNN,96.91999816894531,96.91999816894531,96.94000244140625,96.91999816894531,96.92500305175781,1017.0
2024-04-24 11:40:00,XEL,55.45000076293945,55.45000076293945,55.459999084472656,55.44499969482422,55.45000076293945,3895.0
2024-04-24 11:40:00,XFOR,1.2699999809265137,1.2699999809265137,1.2699999809265137,1.2699999809265137,1.2699999809265137,309.0
2024-04-24 11:40:00,XNCR,18.31999969482422,18.31999969482422,18.31999969482422,18.299999237060547,18.299999237060547,1287.0
2024-04-24 11:40:00,XP,20.315000534057617,20.315000534057617,20.329999923706055,20.295000076293945,20.295000076293945,28070.0
2024-04-24 11:40:00,XPEL,54.720001220703125,54.720001220703125,54.814998626708984,54.66999816894531,54.720001220703125,1949.0
2024-04-24 11:40:00,XRX,14.515000343322754,14.515000343322754,14.529999732971191,14.510000228881836,14.524999618530273,5003.0
2024-04-24 11:40:00,XWEL,1.649999976158142,1.649999976158142,1.649999976158142,1.649999976158142,1.649999976158142,134.0
2024-04-24 11:40:00,YMAB,15.270000457763672,15.270000457763672,15.270000457763672,15.270000457763672,15.270000457763672,359.0
2024-04-24 11:40:00,YTRA,1.2999999523162842,1.2999999523162842,1.2999999523162842,1.2999999523162842,1.2999999523162842,600.0
2024-04-24 11:40:00,Z,43.72999954223633,43.72999954223633,43.779998779296875,43.709999084472656,43.72019958496094,3651.0
2024-04-24 11:40:00,ZBRA,275.8299865722656,275.8299865722656,275.8299865722656,275.6499938964844,275.6499938964844,1228.0
2024-04-24 11:40:00,ZCMD,1.7050000429153442,1.7050000429153442,1.7050000429153442,1.7050000429153442,1.7050000429153442,910.0
2024-04-24 11:40:00,ZFOX,1.1349999904632568,1.1349999904632568,1.1349999904632568,1.1349999904632568,1.1349999904632568,1630.0
2024-04-24 11:40:00,ZG,43.22999954223633,43.22999954223633,43.2400016784668,43.20000076293945,43.20000076293945,1532.0
2024-04-24 11:40:00,ZIMV,15.789999961853027,15.789999961853027,15.789999961853027,15.789999961853027,15.789999961853027,1113.0
2024-04-24 11:40:00,ZION,41.86000061035156,41.86000061035156,41.900001525878906,41.86000061035156,41.900001525878906,2958.0
2024-04-24 11:40:00,ZLAB,15.609999656677246,15.609999656677246,15.609999656677246,15.609999656677246,15.609999656677246,401.0
2024-04-24 11:40:00,ZM,61.17499923706055,61.17499923706055,61.2400016784668,61.16999816894531,61.2400016784668,5884.0
2024-04-24 11:40:00,ZS,177.875,177.875,178.06199645996094,177.8699951171875,178.06199645996094,4599.0
2024-04-24 11:40:00,ZVSA,0.5820000171661377,0.5820000171661377,0.5820000171661377,0.5799999833106995,0.5799999833106995,1582.0
2024-04-24 11:40:00,ZYME,8.600000381469727,8.600000381469727,8.600000381469727,8.600000381469727,8.600000381469727,589.0
2024-04-24 11:41:00,COCO,23.889999389648438,23.889999389648438,23.889999389648438,23.860000610351562,23.8700008392334,1727.0
2024-04-24 11:41:00,FLWS,9.210000038146973,9.210000038146973,9.210000038146973,9.210000038146973,9.210000038146973,887.0
2024-04-24 11:41:00,MAPS,1.0800000429153442,1.0800000429153442,1.0800000429153442,1.0800000429153442,1.0800000429153442,633.0
2024-04-24 11:41:00,ME,0.4821000099182129,0.4821000099182129,0.4821000099182129,0.4821000099182129,0.4821000099182129,2506.0
2024-04-24 11:41:00,TSVT,4.340000152587891,4.340000152587891,4.364999771118164,4.340000152587891,4.364999771118164,4330.0
2024-04-24 11:41:00,TWOU,0.2313999980688095,0.2313999980688095,0.2313999980688095,0.2312999963760376,0.2312999963760376,1242.0
2024-04-24 11:41:00,TXG,27.149999618530273,27.149999618530273,27.149999618530273,27.149999618530273,27.149999618530273,1570.0
2024-04-24 11:41:00,VCTR,49.60499954223633,49.60499954223633,49.60499954223633,49.58000183105469,49.58539962768555,2778.0
2024-04-24 11:41:00,VERU,1.3300000429153442,1.3300000429153442,1.3300000429153442,1.3200000524520874,1.3300000429153442,2183.0
2024-04-24 11:41:00,VERX,28.760000228881836,28.760000228881836,28.770000457763672,28.690000534057617,28.770000457763672,6389.0
2024-04-24 11:41:00,VFF,1.3350000381469727,1.3350000381469727,1.3350000381469727,1.3350000381469727,1.3350000381469727,400.0
2024-04-24 11:41:00,VFS,2.4885001182556152,2.4885001182556152,2.4885001182556152,2.4800000190734863,2.4800000190734863,5838.0
2024-04-24 11:41:00,VIAV,7.869999885559082,7.869999885559082,7.880000114440918,7.869999885559082,7.880000114440918,23391.0
2024-04-24 11:41:00,VICR,32.9900016784668,32.9900016784668,33.08000183105469,32.915000915527344,33.02000045776367,1983.0
2024-04-24 11:41:00,VIRT,22.3799991607666,22.3799991607666,22.399999618530273,22.354999542236328,22.360000610351562,6501.0
2024-04-24 11:41:00,VKTX,66.12000274658203,66.12000274658203,66.21800231933594,66.03250122070312,66.08999633789062,5949.0
2024-04-24 11:41:00,VMD,8.029999732971191,8.029999732971191,8.029999732971191,8.029999732971191,8.029999732971191,1092.0
2024-04-24 11:41:00,VMEO,3.549999952316284,3.549999952316284,3.549999952316284,3.549999952316284,3.549999952316284,295.0
2024-04-24 11:41:00,VNOM,39.869998931884766,39.869998931884766,39.869998931884766,39.84000015258789,39.84000015258789,1400.0
2024-04-24 11:41:00,VOD,8.595000267028809,8.595000267028809,8.599900245666504,8.590100288391113,8.595000267028809,2108.0
2024-04-24 11:41:00,VOR,1.7699999809265137,1.7699999809265137,1.774999976158142,1.7699999809265137,1.7699999809265137,1055.0
2024-04-24 11:41:00,VOXX,7.020100116729736,7.020100116729736,7.020100116729736,7.019999980926514,7.019999980926514,467.0
2024-04-24 11:41:00,VRDN,13.524999618530273,13.524999618530273,13.529999732971191,13.524999618530273,13.529999732971191,1562.0
2024-04-24 11:41:00,VRRM,24.354999542236328,24.354999542236328,24.354999542236328,24.354999542236328,24.354999542236328,248.0
2024-04-24 11:41:00,VSAT,16.280000686645508,16.280000686645508,16.280000686645508,16.280000686645508,16.280000686645508,201.0
2024-04-24 11:41:00,VTNR,1.590000033378601,1.590000033378601,1.590000033378601,1.590000033378601,1.590000033378601,617.0
2024-04-24 11:41:00,VTRS,11.375,11.375,11.375,11.375,11.375,2380.0
2024-04-24 11:41:00,VTSI,12.180000305175781,12.180000305175781,12.180000305175781,12.180000305175781,12.180000305175781,1383.0
2024-04-24 11:41:00,VUZI,1.2949999570846558,1.2949999570846558,1.2949999570846558,1.2949999570846558,1.2949999570846558,200.0
2024-04-24 11:41:00,WAFD,27.7549991607666,27.7549991607666,27.7549991607666,27.7549991607666,27.7549991607666,200.0
2024-04-24 11:41:00,WB,8.324999809265137,8.324999809265137,8.329999923706055,8.324999809265137,8.329999923706055,1388.0
2024-04-24 11:41:00,WBA,17.665000915527344,17.665000915527344,17.670000076293945,17.665000915527344,17.665000915527344,7486.0
2024-04-24 11:41:00,WBD,8.291099548339844,8.291099548339844,8.29580020904541,8.289999961853027,8.295000076293945,25882.0
2024-04-24 11:41:00,WDAY,255.5449981689453,255.5449981689453,255.64109802246094,255.5399932861328,255.5399932861328,2001.0
2024-04-24 11:41:00,WDC,69.08000183105469,69.08000183105469,69.12000274658203,69.0199966430664,69.0199966430664,5629.0
2024-04-24 11:41:00,WDFC,226.63999938964844,226.63999938964844,226.66000366210938,226.63999938964844,226.66000366210938,854.0
2024-04-24 11:41:00,WEN,19.934999465942383,19.934999465942383,19.934999465942383,19.93000030517578,19.93000030517578,905.0
2024-04-24 11:41:00,WERN,35.185001373291016,35.185001373291016,35.20000076293945,35.16999816894531,35.20000076293945,1094.0
2024-04-24 11:41:00,WFRD,123.7300033569336,123.7300033569336,123.7300033569336,123.70999908447266,123.70999908447266,1200.0
2024-04-24 11:41:00,WHLM,6.599999904632568,6.599999904632568,6.599999904632568,6.599999904632568,6.599999904632568,300.0
2024-04-24 11:41:00,WIMI,1.0202000141143799,1.0202000141143799,1.0299999713897705,1.0,1.0049999952316284,495893.0
2024-04-24 11:41:00,WISA,6.110000133514404,6.110000133514404,6.130000114440918,6.110000133514404,6.119999885559082,15693.0
2024-04-24 11:41:00,WKHS,0.16089999675750732,0.16089999675750732,0.16089999675750732,0.16089999675750732,0.16089999675750732,3002.0
2024-04-24 11:41:00,WKSP,0.3718999922275543,0.3718999922275543,0.3718999922275543,0.3718999922275543,0.3718999922275543,621.0
2024-04-24 11:41:00,WMG,32.119998931884766,32.119998931884766,32.119998931884766,32.08000183105469,32.08000183105469,1970.0
2024-04-24 11:41:00,WNEB,6.465000152587891,6.465000152587891,6.465000152587891,6.465000152587891,6.465000152587891,207.0
2024-04-24 11:41:00,WSBC,28.125,28.125,28.149999618530273,28.100000381469727,28.100000381469727,1157.0
2024-04-24 11:41:00,WSC,37.54999923706055,37.54999923706055,37.54999923706055,37.540000915527344,37.540000915527344,3080.0
2024-04-24 11:41:00,WSFS,44.04499816894531,44.04499816894531,44.04499816894531,44.04499816894531,44.04499816894531,153.0
2024-04-24 11:41:00,WTBA,16.43000030517578,16.43000030517578,16.489999771118164,16.43000030517578,16.489999771118164,623.0
2024-04-24 11:41:00,WW,1.6799999475479126,1.6799999475479126,1.6799999475479126,1.6799999475479126,1.6799999475479126,427.0
2024-04-24 11:41:00,WYNN,96.94999694824219,96.94999694824219,96.94999694824219,96.9000015258789,96.9000015258789,1222.0
2024-04-24 11:41:00,XEL,55.47999954223633,55.47999954223633,55.47999954223633,55.45429992675781,55.45429992675781,6181.0
2024-04-24 11:41:00,XERS,1.7599999904632568,1.7599999904632568,1.7649999856948853,1.7599999904632568,1.7649999856948853,356.0
2024-04-24 11:41:00,XLO,1.0700000524520874,1.0700000524520874,1.0700000524520874,1.0700000524520874,1.0700000524520874,0.0
2024-04-24 11:41:00,XNCR,18.34000015258789,18.34000015258789,18.34000015258789,18.34000015258789,18.34000015258789,264.0
2024-04-24 11:41:00,XP,20.34000015258789,20.34000015258789,20.34000015258789,20.295000076293945,20.315000534057617,27063.0
2024-04-24 11:41:00,XRX,14.484999656677246,14.484999656677246,14.520000457763672,14.484999656677246,14.515000343322754,7907.0
2024-04-24 11:41:00,YI,1.0700000524520874,1.0700000524520874,1.0746999979019165,1.0700000524520874,1.0700000524520874,3798.0
2024-04-24 11:41:00,YMAB,15.274999618530273,15.274999618530273,15.3149995803833,15.274999618530273,15.3149995803833,1114.0
2024-04-24 11:41:00,YTEN,0.2484000027179718,0.2484000027179718,0.2484000027179718,0.22599999606609344,0.2304999977350235,25669.0
2024-04-24 11:41:00,YTRA,1.2999999523162842,1.2999999523162842,1.2999999523162842,1.2999999523162842,1.2999999523162842,291.0
2024-04-24 11:41:00,Z,43.72999954223633,43.72999954223633,43.72999954223633,43.720001220703125,43.720001220703125,2356.0
2024-04-24 11:41:00,ZBRA,275.8800048828125,275.8800048828125,276.010009765625,275.8800048828125,276.010009765625,1377.0
2024-04-24 11:41:00,ZD,51.3650016784668,51.3650016784668,51.3650016784668,51.3650016784668,51.3650016784668,575.0
2024-04-24 11:41:00,ZG,43.20000076293945,43.20000076293945,43.20000076293945,43.20000076293945,43.20000076293945,800.0
2024-04-24 11:41:00,ZI,15.760000228881836,15.760000228881836,15.770000457763672,15.760000228881836,15.760000228881836,7072.0
2024-04-24 11:41:00,ZION,41.880001068115234,41.880001068115234,41.88999938964844,41.880001068115234,41.88999938964844,1686.0
2024-04-24 11:41:00,ZLAB,15.609999656677246,15.609999656677246,15.609999656677246,15.609999656677246,15.609999656677246,571.0
2024-04-24 11:41:00,ZM,61.165000915527344,61.165000915527344,61.165000915527344,61.150001525878906,61.15999984741211,4728.0
2024-04-24 11:41:00,ZNTL,12.220000267028809,12.220000267028809,12.220000267028809,12.220000267028809,12.220000267028809,1044.0
2024-04-24 11:41:00,ZS,177.77000427246094,177.77000427246094,177.8000030517578,177.7550048828125,177.8000030517578,1443.0
2024-04-24 11:41:00,ZUMZ,16.90999984741211,16.90999984741211,16.90999984741211,16.90999984741211,16.90999984741211,104.0
2024-04-24 11:41:00,ZURA,3.2100000381469727,3.2100000381469727,3.2100000381469727,3.2100000381469727,3.2100000381469727,20.0
2024-04-24 11:41:00,ZVRA,4.5,4.5,4.5,4.5,4.5,109.0
2024-04-24 11:41:00,ZVSA,0.5824999809265137,0.5824999809265137,0.5830000042915344,0.5824999809265137,0.5830000042915344,3545.0
2024-04-24 11:41:00,ZYME,8.600000381469727,8.600000381469727,8.600000381469727,8.600000381469727,8.600000381469727,103.0
2024-04-24 11:42:00,ETNB,8.699999809265137,8.699999809265137,8.70989990234375,8.699999809265137,8.70989990234375,3261.0
2024-04-24 11:42:00,FDMT,24.7450008392334,24.7450008392334,24.760000228881836,24.7450008392334,24.760000228881836,2038.0
2024-04-24 11:42:00,FREE,4.820000171661377,4.820000171661377,4.820000171661377,4.820000171661377,4.820000171661377,170.0
2024-04-24 11:42:00,ME,0.4832000136375427,0.4832000136375427,0.4832000136375427,0.4821999967098236,0.4821999967098236,541.0
2024-04-24 11:42:00,SEAT,5.815000057220459,5.815000057220459,5.815000057220459,5.815000057220459,5.815000057220459,505.0
2024-04-24 11:42:00,TWOU,0.2312999963760376,0.2312999963760376,0.2312999963760376,0.23119999468326569,0.2312999963760376,16835.0
2024-04-24 11:42:00,TXG,27.1200008392334,27.1200008392334,27.1299991607666,27.1200008392334,27.1299991607666,3066.0
2024-04-24 11:42:00,VCTR,49.400001525878906,49.400001525878906,49.58000183105469,49.400001525878906,49.58000183105469,6732.0
2024-04-24 11:42:00,VERU,1.3200000524520874,1.3200000524520874,1.3300000429153442,1.3200000524520874,1.3300000429153442,2329.0
2024-04-24 11:42:00,VERV,6.724999904632568,6.724999904632568,6.730000019073486,6.71999979019165,6.730000019073486,2271.0
2024-04-24 11:42:00,VERX,28.80500030517578,28.80500030517578,28.80500030517578,28.736000061035156,28.7549991607666,42899.0
2024-04-24 11:42:00,VFS,2.4800000190734863,2.4800000190734863,2.48799991607666,2.4800000190734863,2.48799991607666,6959.0
2024-04-24 11:42:00,VIAV,7.860000133514404,7.860000133514404,7.869999885559082,7.860000133514404,7.869999885559082,3813.0
2024-04-24 11:42:00,VICR,32.9900016784668,32.9900016784668,32.9900016784668,32.97999954223633,32.9900016784668,1391.0
2024-04-24 11:42:00,VIOT,0.5598999857902527,0.5598999857902527,0.5598999857902527,0.5598999857902527,0.5598999857902527,146.0
2024-04-24 11:42:00,VIR,8.192500114440918,8.192500114440918,8.194999694824219,8.1899995803833,8.1899995803833,1505.0
2024-04-24 11:42:00,VIRC,10.630000114440918,10.630000114440918,10.682499885559082,10.630000114440918,10.680000305175781,2489.0
2024-04-24 11:42:00,VIRT,22.43000030517578,22.43000030517578,22.43000030517578,22.3799991607666,22.3799991607666,4192.0
2024-04-24 11:42:00,VITL,27.0,27.0,27.024999618530273,27.0,27.024999618530273,1915.0
2024-04-24 11:42:00,VIVK,1.645799994468689,1.645799994468689,1.645799994468689,1.6399999856948853,1.6399999856948853,300.0
2024-04-24 11:42:00,VKTX,66.03250122070312,66.03250122070312,66.18900299072266,66.0,66.18900299072266,6317.0
2024-04-24 11:42:00,VMEO,3.555000066757202,3.555000066757202,3.555000066757202,3.549999952316284,3.549999952316284,15117.0
2024-04-24 11:42:00,VNOM,39.86000061035156,39.86000061035156,39.86000061035156,39.86000061035156,39.86000061035156,594.0
2024-04-24 11:42:00,VOD,8.599900245666504,8.599900245666504,8.599900245666504,8.595000267028809,8.595000267028809,6241.0
2024-04-24 11:42:00,VRRM,24.360000610351562,24.360000610351562,24.360000610351562,24.350000381469727,24.350000381469727,3124.0
2024-04-24 11:42:00,VRTX,400.8999938964844,400.8999938964844,401.1700134277344,400.8999938964844,401.1700134277344,1170.0
2024-04-24 11:42:00,VSAT,16.295000076293945,16.295000076293945,16.295000076293945,16.270000457763672,16.280000686645508,5342.0
2024-04-24 11:42:00,VTGN,4.699999809265137,4.699999809265137,4.71999979019165,4.699999809265137,4.71999979019165,4630.0
2024-04-24 11:42:00,VTNR,1.590000033378601,1.590000033378601,1.590000033378601,1.590000033378601,1.590000033378601,202.0
2024-04-24 11:42:00,VTRS,11.375,11.375,11.375,11.375,11.375,2004.0
2024-04-24 11:42:00,VUZI,1.2899999618530273,1.2899999618530273,1.2899999618530273,1.2899999618530273,1.2899999618530273,81.0
2024-04-24 11:42:00,VYGR,7.519999980926514,7.519999980926514,7.539999961853027,7.517499923706055,7.53000020980835,5117.0
2024-04-24 11:42:00,WAFD,27.75,27.75,27.75,27.75,27.75,34.0
2024-04-24 11:42:00,WB,8.324999809265137,8.324999809265137,8.324999809265137,8.324999809265137,8.324999809265137,221.0
2024-04-24 11:42:00,WBA,17.65999984741211,17.65999984741211,17.670000076293945,17.65999984741211,17.665000915527344,32524.0
2024-04-24 11:42:00,WBD,8.289999961853027,8.289999961853027,8.295000076293945,8.279999732971191,8.295000076293945,80320.0
2024-04-24 11:42:00,WDC,69.0,69.0,69.16999816894531,68.97000122070312,69.06999969482422,11817.0
2024-04-24 11:42:00,WEN,19.934999465942383,19.934999465942383,19.934999465942383,19.93000030517578,19.93000030517578,1256.0
2024-04-24 11:42:00,WERN,35.15999984741211,35.15999984741211,35.16999816894531,35.15999984741211,35.16999816894531,764.0
2024-04-24 11:42:00,WFRD,123.59159851074219,123.59159851074219,123.77999877929688,123.59159851074219,123.77999877929688,2723.0
2024-04-24 11:42:00,WHLM,6.600100040435791,6.600100040435791,6.600100040435791,6.600100040435791,6.600100040435791,0.0
2024-04-24 11:42:00,WIMI,1.0398999452590942,1.0398999452590942,1.0499999523162842,1.0,1.024999976158142,304936.0
2024-04-24 11:42:00,WING,363.8699951171875,363.8699951171875,363.8699951171875,363.8699951171875,363.8699951171875,190.0
2024-04-24 11:42:00,WISA,6.03000020980835,6.03000020980835,6.099999904632568,6.03000020980835,6.099999904632568,9399.0
2024-04-24 11:42:00,WIX,122.70999908447266,122.70999908447266,122.70999908447266,122.70999908447266,122.70999908447266,561.0
2024-04-24 11:42:00,WKHS,0.1607999950647354,0.1607999950647354,0.16089999675750732,0.1607999950647354,0.1607999950647354,5801.0
2024-04-24 11:42:00,WMG,32.119998931884766,32.119998931884766,32.130001068115234,32.099998474121094,32.125,3665.0
2024-04-24 11:42:00,WNEB,6.46999979019165,6.46999979019165,6.46999979019165,6.460000038146973,6.460000038146973,272.0
2024-04-24 11:42:00,WSC,37.529998779296875,37.529998779296875,37.54499816894531,37.52000045776367,37.540000915527344,4068.0
2024-04-24 11:42:00,WSFS,44.040000915527344,44.040000915527344,44.040000915527344,44.040000915527344,44.040000915527344,257.0
2024-04-24 11:42:00,WVE,5.130000114440918,5.130000114440918,5.130000114440918,5.130000114440918,5.130000114440918,760.0
2024-04-24 11:42:00,WW,1.6799999475479126,1.6799999475479126,1.684999942779541,1.6799999475479126,1.6799999475479126,7521.0
2024-04-24 11:42:00,WYNN,96.79499816894531,96.79499816894531,96.79499816894531,96.79499816894531,96.79499816894531,920.0
2024-04-24 11:42:00,XEL,55.470001220703125,55.470001220703125,55.4900016784668,55.470001220703125,55.48500061035156,4370.0
2024-04-24 11:42:00,XERS,1.7599999904632568,1.7599999904632568,1.7599999904632568,1.7599999904632568,1.7599999904632568,200.0
2024-04-24 11:42:00,XMTR,16.809999465942383,16.809999465942383,16.825000762939453,16.809999465942383,16.81999969482422,1243.0
2024-04-24 11:42:00,XNCR,18.440000534057617,18.440000534057617,18.440000534057617,18.360000610351562,18.360000610351562,6681.0
2024-04-24 11:42:00,XP,20.344999313354492,20.344999313354492,20.360000610351562,20.344999313354492,20.350000381469727,9423.0
2024-04-24 11:42:00,XRX,14.5,14.5,14.5,14.484999656677246,14.484999656677246,5348.0
2024-04-24 11:42:00,XXII,1.8300000429153442,1.8300000429153442,1.8300000429153442,1.8300000429153442,1.8300000429153442,3217.0
2024-04-24 11:42:00,YMAB,15.1899995803833,15.1899995803833,15.1899995803833,15.1899995803833,15.1899995803833,236.0
2024-04-24 11:42:00,Z,43.709999084472656,43.709999084472656,43.720001220703125,43.689998626708984,43.709999084472656,3436.0
2024-04-24 11:42:00,ZCMD,1.7200000286102295,1.7200000286102295,1.7200000286102295,1.7200000286102295,1.7200000286102295,313.0
2024-04-24 11:42:00,ZG,43.17499923706055,43.17499923706055,43.18000030517578,43.17499923706055,43.18000030517578,1007.0
2024-04-24 11:42:00,ZI,15.755000114440918,15.755000114440918,15.755000114440918,15.755000114440918,15.755000114440918,1019.0
2024-04-24 11:42:00,ZION,41.84000015258789,41.84000015258789,41.84000015258789,41.84000015258789,41.84000015258789,511.0
2024-04-24 11:42:00,ZLAB,15.630000114440918,15.630000114440918,15.630000114440918,15.630000114440918,15.630000114440918,212.0
2024-04-24 11:42:00,ZM,61.13999938964844,61.13999938964844,61.165000915527344,61.1349983215332,61.165000915527344,3988.0
2024-04-24 11:42:00,ZS,177.5800018310547,177.5800018310547,177.64999389648438,177.5800018310547,177.6199951171875,1605.0
2024-04-24 11:42:00,ZUMZ,16.885000228881836,16.885000228881836,16.885000228881836,16.885000228881836,16.885000228881836,264.0
2024-04-24 11:42:00,ZVRA,4.489999771118164,4.489999771118164,4.5,4.489999771118164,4.5,3956.0
2024-04-24 11:42:00,ZVSA,0.5899999737739563,0.5899999737739563,0.5899999737739563,0.5896000266075134,0.5896000266075134,789.0
2024-04-24 11:42:00,ZYME,8.600000381469727,8.600000381469727,8.600000381469727,8.600000381469727,8.600000381469727,206.0
2024-04-24 11:43:00,COCO,23.88249969482422,23.88249969482422,23.890100479125977,23.88249969482422,23.890100479125977,839.0
2024-04-24 11:43:00,DSP,8.710000038146973,8.710000038146973,8.720000267028809,8.699999809265137,8.720000267028809,1832.0
2024-04-24 11:43:00,EGHT,2.309999942779541,2.309999942779541,2.309999942779541,2.305000066757202,2.305000066757202,712.0
2024-04-24 11:43:00,FDMT,24.737499237060547,24.737499237060547,24.75,24.700000762939453,24.719999313354492,2308.0
2024-04-24 11:43:00,FLWS,9.220000267028809,9.220000267028809,9.220000267028809,9.199999809265137,9.210000038146973,7352.0
2024-04-24 11:43:00,MAPS,1.090000033378601,1.090000033378601,1.090000033378601,1.090000033378601,1.090000033378601,300.0
2024-04-24 11:43:00,MASS,5.619999885559082,5.619999885559082,5.630000114440918,5.619999885559082,5.630000114440918,650.0
2024-04-24 11:43:00,ME,0.484499990940094,0.484499990940094,0.4846000075340271,0.48170000314712524,0.4846000075340271,683.0
2024-04-24 11:43:00,TSVT,4.300000190734863,4.300000190734863,4.335000038146973,4.300000190734863,4.335000038146973,2163.0
2024-04-24 11:43:00,TWOU,0.2312999963760376,0.2312999963760376,0.2312999963760376,0.2312999963760376,0.2312999963760376,2200.0
2024-04-24 11:43:00,TXG,27.030000686645508,27.030000686645508,27.06999969482422,27.030000686645508,27.06999969482422,2276.0
2024-04-24 11:43:00,VCTR,49.45000076293945,49.45000076293945,49.45000076293945,49.45000076293945,49.45000076293945,826.0
2024-04-24 11:43:00,VERU,1.3200000524520874,1.3200000524520874,1.3300000429153442,1.3200000524520874,1.3202999830245972,11786.0
2024-04-24 11:43:00,VERV,6.710000038146973,6.710000038146973,6.724999904632568,6.710000038146973,6.724999904632568,5154.0
2024-04-24 11:43:00,VERX,28.739999771118164,28.739999771118164,28.799999237060547,28.735000610351562,28.780000686645508,5666.0
2024-04-24 11:43:00,VFF,1.340000033378601,1.340000033378601,1.340000033378601,1.3300000429153442,1.3300000429153442,1679.0
2024-04-24 11:43:00,VFS,2.4700000286102295,2.4700000286102295,2.4779999256134033,2.4700000286102295,2.4779999256134033,5519.0
2024-04-24 11:43:00,VIAV,7.849999904632568,7.849999904632568,7.860000133514404,7.849999904632568,7.860000133514404,13560.0
2024-04-24 11:43:00,VICR,32.9900016784668,32.9900016784668,32.9900016784668,32.9900016784668,32.9900016784668,1105.0
2024-04-24 11:43:00,VIR,8.210000038146973,8.210000038146973,8.210000038146973,8.1850004196167,8.1899995803833,10328.0
2024-04-24 11:43:00,VIRC,10.600000381469727,10.600000381469727,10.600000381469727,10.600000381469727,10.600000381469727,176.0
2024-04-24 11:43:00,VIRT,22.5,22.5,22.510000228881836,22.424999237060547,22.43000030517578,6887.0
2024-04-24 11:43:00,VIVK,1.659999966621399,1.659999966621399,1.659999966621399,1.659999966621399,1.659999966621399,1.0
2024-04-24 11:43:00,VKTX,65.95999908447266,65.95999908447266,66.19000244140625,65.95999908447266,66.04000091552734,5516.0
2024-04-24 11:43:00,VMEO,3.5450000762939453,3.5450000762939453,3.549999952316284,3.5450000762939453,3.549999952316284,5072.0
2024-04-24 11:43:00,VNET,1.5299999713897705,1.5299999713897705,1.5299999713897705,1.5299999713897705,1.5299999713897705,4917.0
2024-04-24 11:43:00,VOD,8.580100059509277,8.580100059509277,8.595000267028809,8.580100059509277,8.595000267028809,23222.0
2024-04-24 11:43:00,VOR,1.7649999856948853,1.7649999856948853,1.7649999856948853,1.7649999856948853,1.7649999856948853,1075.0
2024-04-24 11:43:00,VRCA,6.769999980926514,6.769999980926514,6.769999980926514,6.769999980926514,6.769999980926514,256.0
2024-04-24 11:43:00,VRDN,13.520000457763672,13.520000457763672,13.520000457763672,13.520000457763672,13.520000457763672,1236.0
2024-04-24 11:43:00,VRNA,15.5,15.5,15.529999732971191,15.5,15.529999732971191,1790.0
2024-04-24 11:43:00,VRRM,24.31999969482422,24.31999969482422,24.334999084472656,24.31999969482422,24.334999084472656,1606.0
2024-04-24 11:43:00,VRTX,400.7449951171875,400.7449951171875,400.9649963378906,400.7099914550781,400.7099914550781,1113.0
2024-04-24 11:43:00,VSAT,16.209999084472656,16.209999084472656,16.309999465942383,16.209999084472656,16.309999465942383,7427.0
2024-04-24 11:43:00,VSEC,78.22000122070312,78.22000122070312,78.22000122070312,77.93000030517578,77.95999908447266,2568.0
2024-04-24 11:43:00,VTNR,1.5850000381469727,1.5850000381469727,1.590000033378601,1.5850000381469727,1.590000033378601,8978.0
2024-04-24 11:43:00,VTRS,11.369999885559082,11.369999885559082,11.375,11.364999771118164,11.369999885559082,4232.0
2024-04-24 11:43:00,VTRU,12.899999618530273,12.899999618530273,12.899999618530273,12.899999618530273,12.899999618530273,580.0
2024-04-24 11:43:00,VTSI,12.109999656677246,12.109999656677246,12.154999732971191,12.109999656677246,12.154999732971191,1161.0
2024-04-24 11:43:00,VYGR,7.539999961853027,7.539999961853027,7.539999961853027,7.53000020980835,7.53000020980835,1063.0
2024-04-24 11:43:00,WAFD,27.739999771118164,27.739999771118164,27.75,27.739999771118164,27.75,1527.0
2024-04-24 11:43:00,WASH,25.90999984741211,25.90999984741211,25.93000030517578,25.90999984741211,25.93000030517578,753.0
2024-04-24 11:43:00,WB,8.319999694824219,8.319999694824219,8.319999694824219,8.319999694824219,8.319999694824219,811.0
2024-04-24 11:43:00,WBA,17.655000686645508,17.655000686645508,17.66990089416504,17.655000686645508,17.655000686645508,16525.0
2024-04-24 11:43:00,WBD,8.289400100708008,8.289400100708008,8.289999961853027,8.280099868774414,8.289999961853027,24585.0
2024-04-24 11:43:00,WDAY,255.13999938964844,255.13999938964844,255.5500030517578,255.02999877929688,255.5500030517578,4956.0
2024-04-24 11:43:00,WDC,68.91999816894531,68.91999816894531,68.98999786376953,68.87999725341797,68.98999786376953,21417.0
2024-04-24 11:43:00,WEN,19.934999465942383,19.934999465942383,19.934999465942383,19.93000030517578,19.93000030517578,2044.0
2024-04-24 11:43:00,WERN,35.13999938964844,35.13999938964844,35.13999938964844,35.13999938964844,35.13999938964844,510.0
2024-04-24 11:43:00,WFRD,123.69999694824219,123.69999694824219,123.69999694824219,123.68000030517578,123.68000030517578,466.0
2024-04-24 11:43:00,WHLM,6.639999866485596,6.639999866485596,6.650000095367432,6.610000133514404,6.650000095367432,1348.0
2024-04-24 11:43:00,WIMI,1.0499999523162842,1.0499999523162842,1.059999942779541,1.0199999809265137,1.034999966621399,332165.0
2024-04-24 11:43:00,WING,363.69000244140625,363.69000244140625,364.1400146484375,363.69000244140625,364.1400146484375,1128.0
2024-04-24 11:43:00,WISA,6.114999771118164,6.114999771118164,6.139999866485596,6.059999942779541,6.059999942779541,12249.0
2024-04-24 11:43:00,WIX,122.40499877929688,122.40499877929688,122.62000274658203,122.40499877929688,122.62000274658203,2318.0
2024-04-24 11:43:00,WKHS,0.16050000488758087,0.16050000488758087,0.1607999950647354,0.16050000488758087,0.1607999950647354,2899.0
2024-04-24 11:43:00,WMG,32.11000061035156,32.11000061035156,32.11000061035156,32.11000061035156,32.11000061035156,966.0
2024-04-24 11:43:00,WSBC,28.100000381469727,28.100000381469727,28.100000381469727,28.100000381469727,28.100000381469727,486.0
2024-04-24 11:43:00,WSC,37.5099983215332,37.5099983215332,37.529998779296875,37.5099983215332,37.529998779296875,2661.0
2024-04-24 11:43:00,WSFS,43.939998626708984,43.939998626708984,44.029998779296875,43.939998626708984,44.029998779296875,1072.0
2024-04-24 11:43:00,WTFC,99.5199966430664,99.5199966430664,99.5199966430664,99.5199966430664,99.5199966430664,481.0
2024-04-24 11:43:00,WTW,264.1549987792969,264.1549987792969,264.1549987792969,264.1549987792969,264.1549987792969,132.0
2024-04-24 11:43:00,WVE,5.130000114440918,5.130000114440918,5.130000114440918,5.130000114440918,5.130000114440918,450.0
2024-04-24 11:43:00,WW,1.6799999475479126,1.6799999475479126,1.684999942779541,1.6799999475479126,1.684999942779541,2211.0
2024-04-24 11:43:00,WWD,149.2100067138672,149.2100067138672,149.22000122070312,149.2100067138672,149.22000122070312,431.0
2024-04-24 11:43:00,WYNN,96.68000030517578,96.68000030517578,96.69999694824219,96.6500015258789,96.69999694824219,1723.0
2024-04-24 11:43:00,XEL,55.48500061035156,55.48500061035156,55.48500061035156,55.459999084472656,55.47999954223633,6091.0
2024-04-24 11:43:00,XENE,40.439998626708984,40.439998626708984,40.45000076293945,40.439998626708984,40.45000076293945,850.0
2024-04-24 11:43:00,XERS,1.7549999952316284,1.7549999952316284,1.7599999904632568,1.7549999952316284,1.7599999904632568,18003.0
2024-04-24 11:43:00,XFOR,1.2699999809265137,1.2699999809265137,1.2699999809265137,1.2699999809265137,1.2699999809265137,1135.0
2024-04-24 11:43:00,XMTR,16.760000228881836,16.760000228881836,16.81999969482422,16.760000228881836,16.81999969482422,5328.0
2024-04-24 11:43:00,XNCR,18.450000762939453,18.450000762939453,18.469999313354492,18.40999984741211,18.420000076293945,8843.0
2024-04-24 11:43:00,XP,20.31999969482422,20.31999969482422,20.349899291992188,20.30500030517578,20.344999313354492,13925.0
2024-04-24 11:43:00,XPEL,54.61000061035156,54.61000061035156,54.625,54.529998779296875,54.625,568.0
2024-04-24 11:43:00,XRX,14.460000038146973,14.460000038146973,14.484999656677246,14.454999923706055,14.479999542236328,4449.0
2024-04-24 11:43:00,XTLB,2.569200038909912,2.569200038909912,2.569200038909912,2.569200038909912,2.569200038909912,800.0
2024-04-24 11:43:00,Z,43.7400016784668,43.7400016784668,43.75,43.66999816894531,43.70000076293945,12405.0
2024-04-24 11:43:00,ZBRA,275.1000061035156,275.1000061035156,275.718994140625,275.07000732421875,275.5899963378906,2640.0
2024-04-24 11:43:00,ZCMD,1.7050000429153442,1.7050000429153442,1.7050000429153442,1.7050000429153442,1.7050000429153442,552.0
2024-04-24 11:43:00,ZD,51.314998626708984,51.314998626708984,51.314998626708984,51.314998626708984,51.314998626708984,507.0
2024-04-24 11:43:00,ZG,43.2400016784668,43.2400016784668,43.2400016784668,43.15999984741211,43.15999984741211,5792.0
2024-04-24 11:43:00,ZI,15.720000267028809,15.720000267028809,15.75,15.720000267028809,15.75,5061.0
2024-04-24 11:43:00,ZION,41.77000045776367,41.77000045776367,41.83000183105469,41.75,41.83000183105469,3073.0
2024-04-24 11:43:00,ZLAB,15.600000381469727,15.600000381469727,15.619999885559082,15.600000381469727,15.619999885559082,2519.0
2024-04-24 11:43:00,ZM,61.09400177001953,61.09400177001953,61.14500045776367,61.09400177001953,61.14500045776367,4129.0
2024-04-24 11:43:00,ZS,177.28500366210938,177.28500366210938,177.57000732421875,177.2100067138672,177.57000732421875,3484.0
2024-04-24 11:43:00,ZUMZ,16.885000228881836,16.885000228881836,16.885000228881836,16.885000228881836,16.885000228881836,388.0
2024-04-24 11:43:00,ZURA,3.1600000858306885,3.1600000858306885,3.190000057220459,3.1600000858306885,3.190000057220459,3575.0
2024-04-24 11:43:00,ZVRA,4.5,4.5,4.5,4.494999885559082,4.494999885559082,612.0
2024-04-24 11:43:00,ZVSA,0.5860000252723694,0.5860000252723694,0.5860000252723694,0.5860000252723694,0.5860000252723694,845.0
2024-04-24 11:43:00,ZYME,8.59000015258789,8.59000015258789,8.600000381469727,8.59000015258789,8.600000381469727,824.0
2024-04-24 11:44:00,COCO,23.875,23.875,23.875,23.860000610351562,23.860000610351562,682.0
2024-04-24 11:44:00,EGHT,2.299999952316284,2.299999952316284,2.305000066757202,2.299999952316284,2.305000066757202,17391.0
2024-04-24 11:44:00,ETNB,8.6899995803833,8.6899995803833,8.699999809265137,8.680000305175781,8.6899995803833,5164.0
2024-04-24 11:44:00,FEAM,1.159999966621399,1.159999966621399,1.159999966621399,1.159999966621399,1.159999966621399,840.0
2024-04-24 11:44:00,FLWS,9.1899995803833,9.1899995803833,9.210000038146973,9.180000305175781,9.210000038146973,1716.0
2024-04-24 11:44:00,HOWL,6.300000190734863,6.300000190734863,6.300000190734863,6.300000190734863,6.300000190734863,811.0
2024-04-24 11:44:00,MASS,5.610000133514404,5.610000133514404,5.619999885559082,5.610000133514404,5.619999885559082,526.0
2024-04-24 11:44:00,ME,0.4814999997615814,0.4814999997615814,0.48159998655319214,0.4814999997615814,0.48159998655319214,1627.0
2024-04-24 11:44:00,SEAT,5.804999828338623,5.804999828338623,5.815000057220459,5.804999828338623,5.809999942779541,22077.0
2024-04-24 11:44:00,SRCE,50.220001220703125,50.220001220703125,50.220001220703125,50.220001220703125,50.220001220703125,995.0
2024-04-24 11:44:00,TSVT,4.289999961853027,4.289999961853027,4.289999961853027,4.289999961853027,4.289999961853027,582.0
2024-04-24 11:44:00,TWOU,0.23119999468326569,0.23119999468326569,0.2312999963760376,0.23119999468326569,0.2312999963760376,1345.0
2024-04-24 11:44:00,TXG,26.999900817871094,26.999900817871094,27.020000457763672,26.999900817871094,27.020000457763672,1514.0
2024-04-24 11:44:00,VC,109.75,109.75,109.75,109.75,109.75,374.0
2024-04-24 11:44:00,VCTR,49.45000076293945,49.45000076293945,49.47999954223633,49.439998626708984,49.45000076293945,4247.0
2024-04-24 11:44:00,VERU,1.3200000524520874,1.3200000524520874,1.3250000476837158,1.3200000524520874,1.3200000524520874,4979.0
2024-04-24 11:44:00,VERV,6.690000057220459,6.690000057220459,6.699999809265137,6.690000057220459,6.699999809265137,1244.0
2024-04-24 11:44:00,VERX,28.700000762939453,28.700000762939453,28.760000228881836,28.700000762939453,28.71500015258789,3694.0
2024-04-24 11:44:00,VFS,2.4600000381469727,2.4600000381469727,2.4600000381469727,2.4600000381469727,2.4600000381469727,940.0
2024-04-24 11:44:00,VIAV,7.840000152587891,7.840000152587891,7.840000152587891,7.840000152587891,7.840000152587891,4189.0
2024-04-24 11:44:00,VICR,32.98500061035156,32.98500061035156,32.9900016784668,32.88999938964844,32.900001525878906,3378.0
2024-04-24 11:44:00,VINC,0.9251000285148621,0.9251000285148621,0.9251000285148621,0.9248999953269958,0.9248999953269958,2230.0
2024-04-24 11:44:00,VIR,8.204999923706055,8.204999923706055,8.204999923706055,8.199999809265137,8.199999809265137,607.0
2024-04-24 11:44:00,VIRT,22.440000534057617,22.440000534057617,22.49329948425293,22.43000030517578,22.49329948425293,4697.0
2024-04-24 11:44:00,VITL,26.993499755859375,26.993499755859375,26.993499755859375,26.969999313354492,26.969999313354492,575.0
2024-04-24 11:44:00,VKTX,65.8550033569336,65.8550033569336,65.94999694824219,65.85130310058594,65.86000061035156,2154.0
2024-04-24 11:44:00,VLCN,0.257099986076355,0.257099986076355,0.257099986076355,0.257099986076355,0.257099986076355,1350.0
2024-04-24 11:44:00,VMD,8.020000457763672,8.020000457763672,8.020000457763672,8.020000457763672,8.020000457763672,280.0
2024-04-24 11:44:00,VMEO,3.5350000858306885,3.5350000858306885,3.5399999618530273,3.5350000858306885,3.5399999618530273,6487.0
2024-04-24 11:44:00,VNET,1.5299999713897705,1.5299999713897705,1.5299999713897705,1.5299999713897705,1.5299999713897705,7979.0
2024-04-24 11:44:00,VNOM,39.830101013183594,39.830101013183594,39.830101013183594,39.830101013183594,39.830101013183594,737.0
2024-04-24 11:44:00,VOD,8.585000038146973,8.585000038146973,8.59000015258789,8.579999923706055,8.579999923706055,33928.0
2024-04-24 11:44:00,VOR,1.75,1.75,1.75,1.75,1.75,200.0
2024-04-24 11:44:00,VOXR,2.0399999618530273,2.0399999618530273,2.0399999618530273,2.0399999618530273,2.0399999618530273,1800.0
2024-04-24 11:44:00,VRCA,6.75,6.75,6.760000228881836,6.75,6.760000228881836,465.0
2024-04-24 11:44:00,VRNA,15.5,15.5,15.5,15.5,15.5,403.0
2024-04-24 11:44:00,VRRM,24.299999237060547,24.299999237060547,24.299999237060547,24.299999237060547,24.299999237060547,110.0
2024-04-24 11:44:00,VRTX,400.6300048828125,400.6300048828125,400.6300048828125,400.6300048828125,400.6300048828125,1126.0
2024-04-24 11:44:00,VSAT,16.136999130249023,16.136999130249023,16.149999618530273,16.1299991607666,16.149999618530273,795.0
2024-04-24 11:44:00,VTGN,4.7093000411987305,4.7093000411987305,4.7093000411987305,4.7093000411987305,4.7093000411987305,634.0
2024-04-24 11:44:00,VTNR,1.5850000381469727,1.5850000381469727,1.5850000381469727,1.5850000381469727,1.5850000381469727,1789.0
2024-04-24 11:44:00,VTRS,11.366299629211426,11.366299629211426,11.369999885559082,11.364999771118164,11.364999771118164,9219.0
2024-04-24 11:44:00,VUZI,1.284999966621399,1.284999966621399,1.2899999618530273,1.284999966621399,1.2899999618530273,1064.0
2024-04-24 11:44:00,WABC,47.189998626708984,47.189998626708984,47.189998626708984,47.189998626708984,47.189998626708984,190.0
2024-04-24 11:44:00,WAFD,27.729999542236328,27.729999542236328,27.75,27.729999542236328,27.739999771118164,2968.0
2024-04-24 11:44:00,WB,8.3100004196167,8.3100004196167,8.3100004196167,8.3100004196167,8.3100004196167,579.0
2024-04-24 11:44:00,WBA,17.649999618530273,17.649999618530273,17.65999984741211,17.649999618530273,17.655000686645508,35189.0
2024-04-24 11:44:00,WBD,8.280500411987305,8.280500411987305,8.28499984741211,8.279999732971191,8.28499984741211,33165.0
2024-04-24 11:44:00,WDAY,254.75,254.75,254.8699951171875,254.74000549316406,254.8699951171875,2599.0
2024-04-24 11:44:00,WDC,68.70999908447266,68.70999908447266,68.86000061035156,68.70999908447266,68.86000061035156,3325.0
2024-04-24 11:44:00,WDFC,226.19000244140625,226.19000244140625,226.19000244140625,226.19000244140625,226.19000244140625,466.0
2024-04-24 11:44:00,WEN,19.924999237060547,19.924999237060547,19.934999465942383,19.920000076293945,19.934999465942383,4447.0
2024-04-24 11:44:00,WERN,35.11000061035156,35.11000061035156,35.11000061035156,35.11000061035156,35.11000061035156,568.0
2024-04-24 11:44:00,WEST,9.9399995803833,9.9399995803833,9.949999809265137,9.9399995803833,9.949999809265137,1281.0
2024-04-24 11:44:00,WFRD,123.52999877929688,123.52999877929688,123.63999938964844,123.33999633789062,123.5,3807.0
2024-04-24 11:44:00,WHLM,6.614999771118164,6.614999771118164,6.614999771118164,6.533100128173828,6.610000133514404,1859.0
2024-04-24 11:44:00,WIMI,1.034999966621399,1.034999966621399,1.0499999523162842,1.0299999713897705,1.0499999523162842,109608.0
2024-04-24 11:44:00,WING,363.56500244140625,363.56500244140625,363.8800048828125,363.4100036621094,363.44000244140625,1231.0
2024-04-24 11:44:00,WISA,6.0671000480651855,6.0671000480651855,6.11899995803833,6.050099849700928,6.093999862670898,5644.0
2024-04-24 11:44:00,WIX,122.20999908447266,122.20999908447266,122.20999908447266,122.20999908447266,122.20999908447266,632.0
2024-04-24 11:44:00,WKHS,0.1607999950647354,0.1607999950647354,0.1607999950647354,0.16019999980926514,0.16019999980926514,2857.0
2024-04-24 11:44:00,WKME,7.840000152587891,7.840000152587891,7.840000152587891,7.840000152587891,7.840000152587891,116.0
2024-04-24 11:44:00,WMG,32.11000061035156,32.11000061035156,32.130001068115234,32.099998474121094,32.11000061035156,3454.0
2024-04-24 11:44:00,WSBC,28.014999389648438,28.014999389648438,28.014999389648438,28.014999389648438,28.014999389648438,377.0
2024-04-24 11:44:00,WSC,37.47999954223633,37.47999954223633,37.494998931884766,37.47249984741211,37.4900016784668,4809.0
2024-04-24 11:44:00,WTBA,16.309999465942383,16.309999465942383,16.309999465942383,16.309999465942383,16.309999465942383,424.0
2024-04-24 11:44:00,WTFC,99.41999816894531,99.41999816894531,99.41999816894531,99.41999816894531,99.41999816894531,890.0
2024-04-24 11:44:00,WTW,264.114990234375,264.114990234375,264.114990234375,264.114990234375,264.114990234375,716.0
2024-04-24 11:44:00,WVE,5.125,5.125,5.130000114440918,5.119999885559082,5.130000114440918,5466.0
2024-04-24 11:44:00,WW,1.6749999523162842,1.6749999523162842,1.6799999475479126,1.6699999570846558,1.6799999475479126,22994.0
2024-04-24 11:44:00,WWD,149.22999572753906,149.22999572753906,149.22999572753906,149.22999572753906,149.22999572753906,511.0
2024-04-24 11:44:00,WYNN,96.55000305175781,96.55000305175781,96.57499694824219,96.55000305175781,96.57499694824219,1975.0
2024-04-24 11:44:00,XEL,55.47999954223633,55.47999954223633,55.4900016784668,55.470001220703125,55.47999954223633,5263.0
2024-04-24 11:44:00,XENE,40.36000061035156,40.36000061035156,40.36000061035156,40.36000061035156,40.36000061035156,1655.0
2024-04-24 11:44:00,XERS,1.75,1.75,1.75,1.75,1.75,335.0
2024-04-24 11:44:00,XFOR,1.2599999904632568,1.2599999904632568,1.2649999856948853,1.2599999904632568,1.2599999904632568,2453.0
2024-04-24 11:44:00,XLO,1.0700000524520874,1.0700000524520874,1.090000033378601,1.0700000524520874,1.0700000524520874,55036.0
2024-04-24 11:44:00,XMTR,16.760000228881836,16.760000228881836,16.770000457763672,16.719999313354492,16.770000457763672,3814.0
2024-04-24 11:44:00,XNCR,18.399999618530273,18.399999618530273,18.40999984741211,18.399999618530273,18.40999984741211,932.0
2024-04-24 11:44:00,XOMA,25.764999389648438,25.764999389648438,25.799999237060547,25.729999542236328,25.729999542236328,800.0
2024-04-24 11:44:00,XP,20.344999313354492,20.344999313354492,20.344999313354492,20.31999969482422,20.325000762939453,8510.0
2024-04-24 11:44:00,XPEL,54.599998474121094,54.599998474121094,54.599998474121094,54.599998474121094,54.599998474121094,399.0
2024-04-24 11:44:00,XRX,14.484999656677246,14.484999656677246,14.484999656677246,14.46500015258789,14.46500015258789,9095.0
2024-04-24 11:44:00,XXII,1.840000033378601,1.840000033378601,1.840000033378601,1.8398000001907349,1.8398000001907349,5112.0
2024-04-24 11:44:00,Z,43.66999816894531,43.66999816894531,43.73500061035156,43.65999984741211,43.73500061035156,7956.0
2024-04-24 11:44:00,ZAPP,4.531499862670898,4.531499862670898,4.616499900817871,4.519999980926514,4.519999980926514,3578.0
2024-04-24 11:44:00,ZBRA,274.69000244140625,274.69000244140625,274.69000244140625,274.69000244140625,274.69000244140625,576.0
2024-04-24 11:44:00,ZD,51.17499923706055,51.17499923706055,51.25,51.17499923706055,51.2400016784668,1455.0
2024-04-24 11:44:00,ZG,43.15999984741211,43.15999984741211,43.2400016784668,43.15999984741211,43.2400016784668,3024.0
2024-04-24 11:44:00,ZI,15.710000038146973,15.710000038146973,15.720000267028809,15.710000038146973,15.720000267028809,1168.0
2024-04-24 11:44:00,ZION,41.709999084472656,41.709999084472656,41.77000045776367,41.709999084472656,41.77000045776367,1619.0
2024-04-24 11:44:00,ZM,61.04999923706055,61.04999923706055,61.09000015258789,61.04999923706055,61.09000015258789,6041.0
2024-04-24 11:44:00,ZS,177.0500030517578,177.0500030517578,177.1649932861328,177.00169372558594,177.1649932861328,6963.0
2024-04-24 11:44:00,ZUMZ,16.885000228881836,16.885000228881836,16.885000228881836,16.885000228881836,16.885000228881836,289.0
2024-04-24 11:44:00,ZURA,3.1649999618530273,3.1649999618530273,3.1649999618530273,3.1649999618530273,3.1649999618530273,406.0
2024-04-24 11:44:00,ZVRA,4.5,4.5,4.5,4.489999771118164,4.489999771118164,588.0
2024-04-24 11:44:00,ZYME,8.579999923706055,8.579999923706055,8.579999923706055,8.579999923706055,8.579999923706055,228.0
2024-04-24 11:44:00,ZYXI,11.329999923706055,11.329999923706055,11.329999923706055,11.329999923706055,11.329999923706055,147.0
2024-04-24 11:45:00,COCO,23.842500686645508,23.842500686645508,23.842500686645508,23.842500686645508,23.842500686645508,313.0
2024-04-24 11:45:00,DSP,8.704999923706055,8.704999923706055,8.704999923706055,8.704999923706055,8.704999923706055,115.0
2024-04-24 11:45:00,EGHT,2.2950000762939453,2.2950000762939453,2.2950000762939453,2.2950000762939453,2.2950000762939453,313.0
2024-04-24 11:45:00,FLWS,9.170000076293945,9.170000076293945,9.170000076293945,9.170000076293945,9.170000076293945,546.0
2024-04-24 11:45:00,ME,0.4805999994277954,0.4805999994277954,0.4805999994277954,0.4805999994277954,0.4805999994277954,200.0
2024-04-24 11:45:00,SEAT,5.809999942779541,5.809999942779541,5.809999942779541,5.804999828338623,5.806000232696533,890.0
2024-04-24 11:45:00,TWOU,0.23119999468326569,0.23119999468326569,0.23119999468326569,0.23119999468326569,0.23119999468326569,902.0
2024-04-24 11:45:00,TXG,26.954999923706055,26.954999923706055,26.979999542236328,26.93000030517578,26.979999542236328,4432.0
2024-04-24 11:45:00,VCTR,49.470001220703125,49.470001220703125,49.470001220703125,49.45909881591797,49.45909881591797,1630.0
2024-04-24 11:45:00,VERU,1.309999942779541,1.309999942779541,1.3209999799728394,1.309999942779541,1.3200000524520874,3133.0
2024-04-24 11:45:00,VERV,6.679999828338623,6.679999828338623,6.6975998878479,6.679999828338623,6.6975998878479,3130.0
2024-04-24 11:45:00,VERX,28.704999923706055,28.704999923706055,28.719999313354492,28.69849967956543,28.700000762939453,26504.0
2024-04-24 11:45:00,VFS,2.4549999237060547,2.4549999237060547,2.4649999141693115,2.450000047683716,2.4600000381469727,78998.0
2024-04-24 11:45:00,VIAV,7.84499979019165,7.84499979019165,7.849999904632568,7.835000038146973,7.835000038146973,16724.0
2024-04-24 11:45:00,VICR,32.97999954223633,32.97999954223633,32.97999954223633,32.90999984741211,32.91999816894531,2239.0
2024-04-24 11:45:00,VIR,8.199999809265137,8.199999809265137,8.199999809265137,8.1850004196167,8.194999694824219,2762.0
2024-04-24 11:45:00,VIRC,10.542799949645996,10.542799949645996,10.579999923706055,10.542799949645996,10.579999923706055,744.0
2024-04-24 11:45:00,VIRT,22.459999084472656,22.459999084472656,22.459999084472656,22.43000030517578,22.44499969482422,2974.0
2024-04-24 11:45:00,VITL,26.875,26.875,26.940000534057617,26.875,26.940000534057617,2148.0
2024-04-24 11:45:00,VIVK,1.659999966621399,1.659999966621399,1.659999966621399,1.659999966621399,1.659999966621399,163.0
2024-04-24 11:45:00,VKTX,65.95999908447266,65.95999908447266,65.95999908447266,65.7500991821289,65.89440155029297,3793.0
2024-04-24 11:45:00,VLCN,0.25519999861717224,0.25519999861717224,0.25699999928474426,0.2549999952316284,0.25699999928474426,41116.0
2024-04-24 11:45:00,VMEO,3.5350000858306885,3.5350000858306885,3.5350000858306885,3.5350000858306885,3.5350000858306885,1836.0
2024-04-24 11:45:00,VNOM,39.79999923706055,39.79999923706055,39.81999969482422,39.77000045776367,39.77000045776367,1593.0
2024-04-24 11:45:00,VOD,8.579999923706055,8.579999923706055,8.580300331115723,8.579999923706055,8.580300331115723,7444.0
2024-04-24 11:45:00,VRCA,6.739999771118164,6.739999771118164,6.739999771118164,6.739999771118164,6.739999771118164,409.0
2024-04-24 11:45:00,VRNA,15.479999542236328,15.479999542236328,15.479999542236328,15.479999542236328,15.479999542236328,211.0
2024-04-24 11:45:00,VRRM,24.299999237060547,24.299999237060547,24.299999237060547,24.299999237060547,24.299999237060547,1403.0
2024-04-24 11:45:00,VRTX,400.7200012207031,400.7200012207031,400.7200012207031,400.6099853515625,400.6099853515625,1129.0
2024-04-24 11:45:00,VSAT,16.09000015258789,16.09000015258789,16.1200008392334,16.09000015258789,16.1200008392334,967.0
2024-04-24 11:45:00,VTNR,1.5850000381469727,1.5850000381469727,1.5850000381469727,1.5850000381469727,1.5850000381469727,6212.0
2024-04-24 11:45:00,VTRS,11.354999542236328,11.354999542236328,11.364999771118164,11.354999542236328,11.364999771118164,3133.0
2024-04-24 11:45:00,VTSI,12.0600004196167,12.0600004196167,12.0600004196167,12.0600004196167,12.0600004196167,206.0
2024-04-24 11:45:00,VUZI,1.2799999713897705,1.2799999713897705,1.284999966621399,1.2799999713897705,1.284999966621399,1117.0
2024-04-24 11:45:00,VVPR,3.6191000938415527,3.6191000938415527,3.6191000938415527,3.6191000938415527,3.6191000938415527,2000.0
2024-04-24 11:45:00,VYGR,7.519999980926514,7.519999980926514,7.53000020980835,7.519999980926514,7.53000020980835,784.0
2024-04-24 11:45:00,WAFD,27.75,27.75,27.75,27.727500915527344,27.727500915527344,748.0
2024-04-24 11:45:00,WBA,17.639999389648438,17.639999389648438,17.645000457763672,17.635000228881836,17.645000457763672,26320.0
2024-04-24 11:45:00,WBD,8.274999618530273,8.274999618530273,8.28499984741211,8.270000457763672,8.280099868774414,58662.0
2024-04-24 11:45:00,WDAY,254.52999877929688,254.52999877929688,254.77999877929688,254.47000122070312,254.75,4296.0
2024-04-24 11:45:00,WDC,68.58999633789062,68.58999633789062,68.71499633789062,68.54499816894531,68.71499633789062,5983.0
2024-04-24 11:45:00,WEN,19.934999465942383,19.934999465942383,19.934999465942383,19.922500610351562,19.924999237060547,8945.0
2024-04-24 11:45:00,WERN,35.099998474121094,35.099998474121094,35.099998474121094,35.099998474121094,35.099998474121094,474.0
2024-04-24 11:45:00,WFRD,123.56500244140625,123.56500244140625,123.56500244140625,123.41000366210938,123.41500091552734,5650.0
2024-04-24 11:45:00,WHLM,6.614999771118164,6.614999771118164,6.614999771118164,6.614999771118164,6.614999771118164,620.0
2024-04-24 11:45:00,WIMI,1.0399999618530273,1.0399999618530273,1.0499999523162842,1.0299999713897705,1.0399999618530273,97353.0
2024-04-24 11:45:00,WING,363.1499938964844,363.1499938964844,363.17999267578125,363.1499938964844,363.17999267578125,525.0
2024-04-24 11:45:00,WISA,6.085000038146973,6.085000038146973,6.107999801635742,6.051000118255615,6.090000152587891,4055.0
2024-04-24 11:45:00,WKHS,0.1606999933719635,0.1606999933719635,0.1607999950647354,0.16050000488758087,0.16050000488758087,37.0
2024-04-24 11:45:00,WLDS,0.4855000078678131,0.4855000078678131,0.4855000078678131,0.4855000078678131,0.4855000078678131,281.0
2024-04-24 11:45:00,WMG,32.11000061035156,32.11000061035156,32.119998931884766,32.11000061035156,32.119998931884766,1135.0
2024-04-24 11:45:00,WSBF,11.960000038146973,11.960000038146973,11.960000038146973,11.960000038146973,11.960000038146973,400.0
2024-04-24 11:45:00,WSC,37.4900016784668,37.4900016784668,37.4900016784668,37.46500015258789,37.47999954223633,4025.0
2024-04-24 11:45:00,WSFS,43.959999084472656,43.959999084472656,43.959999084472656,43.959999084472656,43.959999084472656,622.0
2024-04-24 11:45:00,WTW,263.92999267578125,263.92999267578125,263.92999267578125,263.92999267578125,263.92999267578125,203.0
2024-04-24 11:45:00,WVE,5.130000114440918,5.130000114440918,5.130000114440918,5.130000114440918,5.130000114440918,210.0
2024-04-24 11:45:00,WW,1.6749999523162842,1.6749999523162842,1.6749999523162842,1.6747000217437744,1.6749999523162842,2153.0
2024-04-24 11:45:00,WWD,149.15499877929688,149.15499877929688,149.17999267578125,149.08999633789062,149.17999267578125,1252.0
2024-04-24 11:45:00,WYNN,96.48999786376953,96.48999786376953,96.5,96.44999694824219,96.5,2335.0
2024-04-24 11:45:00,XEL,55.47999954223633,55.47999954223633,55.47999954223633,55.41999816894531,55.470001220703125,10948.0
2024-04-24 11:45:00,XELB,0.6800000071525574,0.6800000071525574,0.6800000071525574,0.6800000071525574,0.6800000071525574,160.0
2024-04-24 11:45:00,XERS,1.7400000095367432,1.7400000095367432,1.75,1.7400000095367432,1.75,4977.0
2024-04-24 11:45:00,XFOR,1.25,1.25,1.2649999856948853,1.25,1.2649999856948853,11255.0
2024-04-24 11:45:00,XMTR,16.7450008392334,16.7450008392334,16.7450008392334,16.7450008392334,16.7450008392334,0.0
2024-04-24 11:45:00,XNCR,18.405000686645508,18.405000686645508,18.405000686645508,18.405000686645508,18.405000686645508,168.0
2024-04-24 11:45:00,XP,20.299999237060547,20.299999237060547,20.34000015258789,20.28499984741211,20.334999084472656,18143.0
2024-04-24 11:45:00,XRX,14.46500015258789,14.46500015258789,14.489999771118164,14.460000038146973,14.489999771118164,5491.0
2024-04-24 11:45:00,XTLB,2.5399999618530273,2.5399999618530273,2.5399999618530273,2.5399999618530273,2.5399999618530273,0.0
2024-04-24 11:45:00,XXII,1.8499000072479248,1.8499000072479248,1.8499000072479248,1.8492000102996826,1.8492000102996826,900.0
2024-04-24 11:45:00,YTRA,1.2999999523162842,1.2999999523162842,1.2999999523162842,1.2999999523162842,1.2999999523162842,159.0
2024-04-24 11:45:00,Z,43.720001220703125,43.720001220703125,43.720001220703125,43.650001525878906,43.689998626708984,6035.0
2024-04-24 11:45:00,ZAPPW,0.006800000090152025,0.006800000090152025,0.007000000216066837,0.006800000090152025,0.007000000216066837,3797.0
2024-04-24 11:45:00,ZBRA,274.5400085449219,274.5400085449219,274.5400085449219,274.5400085449219,274.5400085449219,314.0
2024-04-24 11:45:00,ZD,51.119998931884766,51.119998931884766,51.16999816894531,51.099998474121094,51.16999816894531,1203.0
2024-04-24 11:45:00,ZG,43.20000076293945,43.20000076293945,43.20000076293945,43.13999938964844,43.18000030517578,2473.0
2024-04-24 11:45:00,ZI,15.710000038146973,15.710000038146973,15.710000038146973,15.6850004196167,15.704999923706055,2870.0
2024-04-24 11:45:00,ZION,41.724998474121094,41.724998474121094,41.724998474121094,41.70000076293945,41.709999084472656,1869.0
2024-04-24 11:45:00,ZLAB,15.630000114440918,15.630000114440918,15.630000114440918,15.59000015258789,15.59000015258789,3518.0
2024-04-24 11:45:00,ZM,61.07500076293945,61.07500076293945,61.07500076293945,61.029998779296875,61.060001373291016,5304.0
2024-04-24 11:45:00,ZS,176.83999633789062,176.83999633789062,177.0,176.65499877929688,177.0,6025.0
2024-04-24 11:45:00,ZUMZ,16.885000228881836,16.885000228881836,16.885000228881836,16.885000228881836,16.885000228881836,706.0
2024-04-24 11:45:00,ZYXI,11.319999694824219,11.319999694824219,11.329999923706055,11.319999694824219,11.329999923706055,716.0
2024-04-24 11:46:00,BBIG,0.004000000189989805,0.004000000189989805,0.004000000189989805,0.004000000189989805,0.004000000189989805,360.0
2024-04-24 11:46:00,DSP,8.710000038146973,8.710000038146973,8.710000038146973,8.710000038146973,8.710000038146973,108.0
2024-04-24 11:46:00,ETNB,8.6899995803833,8.6899995803833,8.6899995803833,8.6899995803833,8.6899995803833,716.0
2024-04-24 11:46:00,MAPS,1.0800000429153442,1.0800000429153442,1.090000033378601,1.0800000429153442,1.090000033378601,300.0
2024-04-24 11:46:00,ME,0.48399999737739563,0.48399999737739563,0.48399999737739563,0.47999998927116394,0.4805999994277954,7871.0
2024-04-24 11:46:00,TWOU,0.23119999468326569,0.23119999468326569,0.23119999468326569,0.23119999468326569,0.23119999468326569,26087.0
2024-04-24 11:46:00,TXG,26.989999771118164,26.989999771118164,26.9950008392334,26.989999771118164,26.989999771118164,1365.0
2024-04-24 11:46:00,VCTR,49.52000045776367,49.52000045776367,49.52000045776367,49.4900016784668,49.4900016784668,2897.0
2024-04-24 11:46:00,VERU,1.309999942779541,1.309999942779541,1.309999942779541,1.309999942779541,1.309999942779541,800.0
2024-04-24 11:46:00,VERV,6.690000057220459,6.690000057220459,6.690000057220459,6.684999942779541,6.684999942779541,1811.0
2024-04-24 11:46:00,VERX,28.709999084472656,28.709999084472656,28.770000457763672,28.709999084472656,28.75,4672.0
2024-04-24 11:46:00,VFS,2.450000047683716,2.450000047683716,2.4549999237060547,2.450000047683716,2.4549999237060547,22431.0
2024-04-24 11:46:00,VIAV,7.849999904632568,7.849999904632568,7.860099792480469,7.840000152587891,7.84499979019165,36204.0
2024-04-24 11:46:00,VICR,33.09000015258789,33.09000015258789,33.09000015258789,32.97999954223633,32.97999954223633,3504.0
2024-04-24 11:46:00,VIR,8.199999809265137,8.199999809265137,8.199999809265137,8.194999694824219,8.194999694824219,465.0
2024-04-24 11:46:00,VIRC,10.569999694824219,10.569999694824219,10.569999694824219,10.569999694824219,10.569999694824219,585.0
2024-04-24 11:46:00,VIRT,22.46500015258789,22.46500015258789,22.479999542236328,22.450000762939453,22.450000762939453,1520.0
2024-04-24 11:46:00,VITL,26.899999618530273,26.899999618530273,26.899999618530273,26.899999618530273,26.899999618530273,582.0
2024-04-24 11:46:00,VKTX,65.86000061035156,65.86000061035156,65.94999694824219,65.86000061035156,65.91999816894531,7652.0
2024-04-24 11:46:00,VLCN,0.25519999861717224,0.25519999861717224,0.25519999861717224,0.25519999861717224,0.25519999861717224,12526.0
2024-04-24 11:46:00,VNET,1.5299999713897705,1.5299999713897705,1.5299999713897705,1.5299999713897705,1.5299999713897705,2561.0
2024-04-24 11:46:00,VNOM,39.790000915527344,39.790000915527344,39.790000915527344,39.790000915527344,39.790000915527344,290.0
2024-04-24 11:46:00,VOD,8.595000267028809,8.595000267028809,8.595000267028809,8.585000038146973,8.585000038146973,39859.0
2024-04-24 11:46:00,VOXX,6.929999828338623,6.929999828338623,6.949999809265137,6.929999828338623,6.949999809265137,395.0
2024-04-24 11:46:00,VRCA,6.75,6.75,6.75,6.739999771118164,6.739999771118164,791.0
2024-04-24 11:46:00,VRDN,13.53499984741211,13.53499984741211,13.53499984741211,13.53499984741211,13.53499984741211,105.0
2024-04-24 11:46:00,VRRM,24.290000915527344,24.290000915527344,24.309999465942383,24.290000915527344,24.309999465942383,2033.0
2024-04-24 11:46:00,VRTX,400.7550048828125,400.7550048828125,400.8999938964844,400.7300109863281,400.7300109863281,2154.0
2024-04-24 11:46:00,VSAT,16.110000610351562,16.110000610351562,16.110000610351562,16.100000381469727,16.100000381469727,1395.0
2024-04-24 11:46:00,VTNR,1.5850000381469727,1.5850000381469727,1.5850000381469727,1.5850000381469727,1.5850000381469727,511.0
2024-04-24 11:46:00,VTRS,11.364999771118164,11.364999771118164,11.364999771118164,11.354999542236328,11.359999656677246,5749.0
2024-04-24 11:46:00,WAFD,27.790000915527344,27.790000915527344,27.790000915527344,27.770000457763672,27.770000457763672,1577.0
2024-04-24 11:46:00,WASH,25.959999084472656,25.959999084472656,25.959999084472656,25.959999084472656,25.959999084472656,832.0
2024-04-24 11:46:00,WB,8.305000305175781,8.305000305175781,8.305000305175781,8.305000305175781,8.305000305175781,152.0
2024-04-24 11:46:00,WBA,17.670000076293945,17.670000076293945,17.674999237060547,17.639999389648438,17.639999389648438,46009.0
2024-04-24 11:46:00,WBD,8.295000076293945,8.295000076293945,8.295000076293945,8.27400016784668,8.279999732971191,73589.0
2024-04-24 11:46:00,WDAY,254.7550048828125,254.7550048828125,254.7550048828125,254.7550048828125,254.7550048828125,1625.0
2024-04-24 11:46:00,WDC,68.61000061035156,68.61000061035156,68.6500015258789,68.58999633789062,68.5999984741211,5637.0
2024-04-24 11:46:00,WEN,19.950000762939453,19.950000762939453,19.950000762939453,19.940000534057617,19.940000534057617,1361.0
2024-04-24 11:46:00,WERN,35.09000015258789,35.09000015258789,35.0906982421875,35.09000015258789,35.09000015258789,805.0
2024-04-24 11:46:00,WEST,9.930000305175781,9.930000305175781,9.930000305175781,9.930000305175781,9.930000305175781,611.0
2024-04-24 11:46:00,WHLM,6.610000133514404,6.610000133514404,6.610000133514404,6.610000133514404,6.610000133514404,331.0
2024-04-24 11:46:00,WIMI,1.024999976158142,1.024999976158142,1.0549999475479126,1.0199999809265137,1.0399999618530273,208949.0
2024-04-24 11:46:00,WING,363.0,363.0,363.0,363.0,363.0,1191.0
2024-04-24 11:46:00,WISA,6.030099868774414,6.030099868774414,6.087200164794922,6.03000020980835,6.085000038146973,8019.0
2024-04-24 11:46:00,WIX,122.16999816894531,122.16999816894531,122.16999816894531,122.16999816894531,122.16999816894531,406.0
2024-04-24 11:46:00,WKHS,0.1599999964237213,0.1599999964237213,0.1607999950647354,0.1599999964237213,0.16050000488758087,48701.0
2024-04-24 11:46:00,WMG,32.13999938964844,32.13999938964844,32.13999938964844,32.119998931884766,32.119998931884766,1722.0
2024-04-24 11:46:00,WNEB,6.46999979019165,6.46999979019165,6.46999979019165,6.46999979019165,6.46999979019165,707.0
2024-04-24 11:46:00,WSBC,28.079999923706055,28.079999923706055,28.079999923706055,28.079999923706055,28.079999923706055,583.0
2024-04-24 11:46:00,WSBF,11.920000076293945,11.920000076293945,11.920000076293945,11.920000076293945,11.920000076293945,154.0
2024-04-24 11:46:00,WSC,37.52000045776367,37.52000045776367,37.53499984741211,37.505001068115234,37.505001068115234,4227.0
2024-04-24 11:46:00,WTFC,99.29000091552734,99.29000091552734,99.44000244140625,99.29000091552734,99.44000244140625,255.0
2024-04-24 11:46:00,WVE,5.125,5.125,5.125,5.125,5.125,200.0
2024-04-24 11:46:00,WW,1.6758999824523926,1.6758999824523926,1.6758999824523926,1.6749999523162842,1.6749999523162842,1603.0
2024-04-24 11:46:00,WWD,149.15499877929688,149.15499877929688,149.15750122070312,149.15499877929688,149.15750122070312,922.0
2024-04-24 11:46:00,WYNN,96.56500244140625,96.56500244140625,96.56999969482422,96.52999877929688,96.52999877929688,2109.0
2024-04-24 11:46:00,XEL,55.4900016784668,55.4900016784668,55.540000915527344,55.4900016784668,55.4900016784668,8184.0
2024-04-24 11:46:00,XERS,1.7450000047683716,1.7450000047683716,1.7450000047683716,1.7450000047683716,1.7450000047683716,313.0
2024-04-24 11:46:00,XLO,1.0700000524520874,1.0700000524520874,1.090000033378601,1.0700000524520874,1.0889999866485596,3299.0
2024-04-24 11:46:00,XMTR,16.725000381469727,16.725000381469727,16.7450008392334,16.725000381469727,16.7450008392334,957.0
2024-04-24 11:46:00,XNCR,18.469999313354492,18.469999313354492,18.469999313354492,18.420000076293945,18.420000076293945,2098.0
2024-04-24 11:46:00,XNET,1.559999942779541,1.559999942779541,1.559999942779541,1.559000015258789,1.559999942779541,7367.0
2024-04-24 11:46:00,XP,20.295000076293945,20.295000076293945,20.30500030517578,20.295000076293945,20.299999237060547,5710.0
2024-04-24 11:46:00,XRX,14.489999771118164,14.489999771118164,14.494999885559082,14.470000267028809,14.470000267028809,5635.0
2024-04-24 11:46:00,XXII,1.850000023841858,1.850000023841858,1.850000023841858,1.850000023841858,1.850000023841858,0.0
2024-04-24 11:46:00,YMAB,15.248900413513184,15.248900413513184,15.248900413513184,15.194999694824219,15.194999694824219,1200.0
2024-04-24 11:46:00,YORW,35.349998474121094,35.349998474121094,35.349998474121094,35.310001373291016,35.310001373291016,1270.0
2024-04-24 11:46:00,Z,43.7400016784668,43.7400016784668,43.75,43.72999954223633,43.75,3413.0
2024-04-24 11:46:00,ZBRA,274.7900085449219,274.7900085449219,274.7900085449219,274.7900085449219,274.7900085449219,688.0
2024-04-24 11:46:00,ZD,51.119998931884766,51.119998931884766,51.125,51.11000061035156,51.125,401.0
2024-04-24 11:46:00,ZG,43.25,43.25,43.25,43.220001220703125,43.220001220703125,1376.0
2024-04-24 11:46:00,ZI,15.720000267028809,15.720000267028809,15.720000267028809,15.720000267028809,15.720000267028809,111.0
2024-04-24 11:46:00,ZIMV,15.6899995803833,15.6899995803833,15.6899995803833,15.6899995803833,15.6899995803833,545.0
2024-04-24 11:46:00,ZION,41.72999954223633,41.72999954223633,41.776100158691406,41.72999954223633,41.72999954223633,15567.0
2024-04-24 11:46:00,ZM,61.1150016784668,61.1150016784668,61.130001068115234,61.09000015258789,61.10499954223633,5594.0
2024-04-24 11:46:00,ZS,176.66000366210938,176.66000366210938,176.9600067138672,176.66000366210938,176.9600067138672,967.0
2024-04-24 11:46:00,ZUMZ,16.885000228881836,16.885000228881836,16.885000228881836,16.885000228881836,16.885000228881836,409.0
2024-04-24 11:46:00,ZURA,3.1301000118255615,3.1301000118255615,3.1301000118255615,3.1301000118255615,3.1301000118255615,661.0
2024-04-24 11:46:00,ZVSA,0.5893999934196472,0.5893999934196472,0.5893999934196472,0.5893999934196472,0.5893999934196472,6164.0
2024-04-24 11:47:00,DSP,8.694999694824219,8.694999694824219,8.694999694824219,8.694999694824219,8.694999694824219,693.0
2024-04-24 11:47:00,VABK,24.610000610351562,24.610000610351562,24.610000610351562,24.610000610351562,24.610000610351562,3499.0
2024-04-24 11:47:00,VCTR,49.40999984741211,49.40999984741211,49.40999984741211,49.40999984741211,49.40999984741211,10976.0
2024-04-24 11:47:00,VERV,6.679999828338623,6.679999828338623,6.679999828338623,6.679999828338623,6.679999828338623,2242.0
2024-04-24 11:47:00,VFS,2.4549999237060547,2.4549999237060547,2.4549999237060547,2.4549999237060547,2.4549999237060547,3759.0
2024-04-24 11:47:00,VITL,26.90999984741211,26.90999984741211,26.90999984741211,26.90999984741211,26.90999984741211,1927.0
2024-04-24 11:47:00,VKTX,65.91110229492188,65.91110229492188,65.91110229492188,65.91110229492188,65.91110229492188,2778.0
2024-04-24 11:47:00,VMEO,3.5350000858306885,3.5350000858306885,3.5350000858306885,3.5350000858306885,3.5350000858306885,795.0
2024-04-24 11:47:00,VNOM,39.819698333740234,39.819698333740234,39.819698333740234,39.819698333740234,39.819698333740234,1128.0
2024-04-24 11:47:00,VRRM,24.299999237060547,24.299999237060547,24.299999237060547,24.299999237060547,24.299999237060547,371.0
2024-04-24 11:47:00,VSAT,16.100000381469727,16.100000381469727,16.100000381469727,16.100000381469727,16.100000381469727,2403.0
2024-04-24 11:47:00,VTRS,11.367500305175781,11.367500305175781,11.367500305175781,11.367500305175781,11.367500305175781,1091.0
2024-04-24 11:47:00,VTSI,12.050000190734863,12.050000190734863,12.050000190734863,12.050000190734863,12.050000190734863,447.0
2024-04-24 11:47:00,WB,8.305000305175781,8.305000305175781,8.305000305175781,8.305000305175781,8.305000305175781,2793.0
2024-04-24 11:47:00,WDAY,254.63499450683594,254.63499450683594,254.63499450683594,254.63499450683594,254.63499450683594,1255.0
2024-04-24 11:47:00,WFRD,123.69499969482422,123.69499969482422,123.69499969482422,123.69499969482422,123.69499969482422,1660.0
2024-04-24 11:47:00,WHF,12.779999732971191,12.779999732971191,12.779999732971191,12.779999732971191,12.779999732971191,592.0
2024-04-24 11:47:00,WIX,122.13500213623047,122.13500213623047,122.13500213623047,122.13500213623047,122.13500213623047,1818.0
2024-04-24 11:47:00,WSC,37.52000045776367,37.52000045776367,37.52000045776367,37.52000045776367,37.52000045776367,10810.0
2024-04-24 11:47:00,WSFS,44.06999969482422,44.06999969482422,44.06999969482422,44.06999969482422,44.06999969482422,1215.0
2024-04-24 11:47:00,WTFC,99.375,99.375,99.375,99.375,99.375,307.0
2024-04-24 11:47:00,XXII,1.840000033378601,1.840000033378601,1.840000033378601,1.840000033378601,1.840000033378601,1702.0
2024-04-24 11:47:00,YS,0.8109999895095825,0.8109999895095825,0.8109999895095825,0.8109999895095825,0.8109999895095825,2752.0
2024-04-24 11:47:00,YTEN,0.24869999289512634,0.24869999289512634,0.24869999289512634,0.24869999289512634,0.24869999289512634,1119.0
2024-04-24 11:47:00,ZI,15.720000267028809,15.720000267028809,15.720000267028809,15.720000267028809,15.720000267028809,1332.0
2024-04-24 11:47:00,ZUMZ,16.885000228881836,16.885000228881836,16.885000228881836,16.885000228881836,16.885000228881836,213.0
2024-04-24 11:47:00,ZVSA,0.6000000238418579,0.6000000238418579,0.6000000238418579,0.6000000238418579,0.6000000238418579,362.0
2024-04-24 11:47:00,ZYXI,11.319999694824219,11.319999694824219,11.319999694824219,11.319999694824219,11.319999694824219,934.0
2024-04-24 11:48:00,COCO,23.829999923706055,23.829999923706055,23.829999923706055,23.829999923706055,23.829999923706055,291.0
2024-04-24 11:48:00,EGHT,2.299999952316284,2.299999952316284,2.299999952316284,2.299999952316284,2.299999952316284,301.0
2024-04-24 11:48:00,ETNB,8.709199905395508,8.709199905395508,8.710000038146973,8.709199905395508,8.710000038146973,2419.0
2024-04-24 11:48:00,FDMT,24.75,24.75,24.75,24.75,24.75,216.0
2024-04-24 11:48:00,FLWS,9.170000076293945,9.170000076293945,9.170000076293945,9.170000076293945,9.170000076293945,1119.0
2024-04-24 11:48:00,FREE,4.820000171661377,4.820000171661377,4.820000171661377,4.820000171661377,4.820000171661377,442.0
2024-04-24 11:48:00,MAPS,1.090000033378601,1.090000033378601,1.090000033378601,1.090000033378601,1.090000033378601,241.0
2024-04-24 11:48:00,ME,0.47870001196861267,0.47870001196861267,0.47870001196861267,0.47870001196861267,0.47870001196861267,1936.0
2024-04-24 11:48:00,SEAT,5.804999828338623,5.804999828338623,5.804999828338623,5.804999828338623,5.804999828338623,473.0
2024-04-24 11:48:00,TSVT,4.283299922943115,4.283299922943115,4.289999961853027,4.283299922943115,4.289999961853027,904.0
2024-04-24 11:48:00,TWOU,0.23109999299049377,0.23109999299049377,0.23109999299049377,0.23100000619888306,0.23109999299049377,23995.0
2024-04-24 11:48:00,TXG,27.020000457763672,27.020000457763672,27.024999618530273,27.020000457763672,27.024999618530273,6661.0
2024-04-24 11:48:00,VC,109.83999633789062,109.83999633789062,109.83999633789062,109.83999633789062,109.83999633789062,1204.0
2024-04-24 11:48:00,VERU,1.309999942779541,1.309999942779541,1.3200000524520874,1.309999942779541,1.3101999759674072,3664.0
2024-04-24 11:48:00,VERX,28.729999542236328,28.729999542236328,28.75,28.719999313354492,28.729999542236328,7267.0
2024-04-24 11:48:00,VFS,2.4649999141693115,2.4649999141693115,2.4649999141693115,2.4549999237060547,2.4549999237060547,14916.0
2024-04-24 11:48:00,VIAV,7.880000114440918,7.880000114440918,7.880000114440918,7.875,7.875,15898.0
2024-04-24 11:48:00,VIR,8.1850004196167,8.1850004196167,8.1850004196167,8.1850004196167,8.1850004196167,3324.0
2024-04-24 11:48:00,VIRT,22.40999984741211,22.40999984741211,22.450000762939453,22.40999984741211,22.450000762939453,3148.0
2024-04-24 11:48:00,VKTX,65.99430084228516,65.99430084228516,65.99430084228516,65.94499969482422,65.94999694824219,2435.0
2024-04-24 11:48:00,VLCN,0.2551000118255615,0.2551000118255615,0.25609999895095825,0.2551000118255615,0.25609999895095825,757.0
2024-04-24 11:48:00,VOD,8.595000267028809,8.595000267028809,8.595000267028809,8.595000267028809,8.595000267028809,6260.0
2024-04-24 11:48:00,VRCA,6.679999828338623,6.679999828338623,6.679999828338623,6.679999828338623,6.679999828338623,8308.0
2024-04-24 11:48:00,VRDN,13.579999923706055,13.579999923706055,13.600000381469727,13.539999961853027,13.555000305175781,47916.0
2024-04-24 11:48:00,VRRM,24.309999465942383,24.309999465942383,24.309999465942383,24.309999465942383,24.309999465942383,324.0
2024-04-24 11:48:00,VRTX,400.6499938964844,400.6499938964844,400.885009765625,400.6300048828125,400.6300048828125,1459.0
2024-04-24 11:48:00,VTNR,1.590000033378601,1.590000033378601,1.590000033378601,1.580299973487854,1.5850000381469727,27364.0
2024-04-24 11:48:00,VTRS,11.357999801635742,11.357999801635742,11.364800453186035,11.354999542236328,11.364800453186035,4966.0
2024-04-24 11:48:00,VUZI,1.2799999713897705,1.2799999713897705,1.2898999452590942,1.2799999713897705,1.2898999452590942,5401.0
2024-04-24 11:48:00,VVPR,3.630000114440918,3.630000114440918,3.630000114440918,3.630000114440918,3.630000114440918,1415.0
2024-04-24 11:48:00,VYGR,7.514999866485596,7.514999866485596,7.514999866485596,7.514999866485596,7.514999866485596,155.0
2024-04-24 11:48:00,WABC,47.310001373291016,47.310001373291016,47.310001373291016,47.310001373291016,47.310001373291016,336.0
2024-04-24 11:48:00,WAFD,27.790000915527344,27.790000915527344,27.790000915527344,27.790000915527344,27.790000915527344,1436.0
2024-04-24 11:48:00,WBA,17.645000457763672,17.645000457763672,17.68000030517578,17.639999389648438,17.670000076293945,115887.0
2024-04-24 11:48:00,WBD,8.295000076293945,8.295000076293945,8.300000190734863,8.29010009765625,8.291399955749512,42448.0
2024-04-24 11:48:00,WDAY,254.88499450683594,254.88499450683594,254.88499450683594,254.88499450683594,254.88499450683594,641.0
2024-04-24 11:48:00,WDC,68.62999725341797,68.62999725341797,68.69000244140625,68.62999725341797,68.66999816894531,17794.0
2024-04-24 11:48:00,WEN,19.94499969482422,19.94499969482422,19.950000762939453,19.94499969482422,19.950000762939453,1008.0
2024-04-24 11:48:00,WERN,35.10499954223633,35.10499954223633,35.10499954223633,35.10499954223633,35.10499954223633,1008.0
2024-04-24 11:48:00,WFRD,123.77999877929688,123.77999877929688,123.77999877929688,123.77999877929688,123.77999877929688,1416.0
2024-04-24 11:48:00,WHLM,6.75,6.75,6.75,6.74970006942749,6.74970006942749,1999.0
2024-04-24 11:48:00,WIMI,1.044600009918213,1.044600009918213,1.059999942779541,1.0299999713897705,1.0299999713897705,193115.0
2024-04-24 11:48:00,WISA,5.940000057220459,5.940000057220459,5.999000072479248,5.940000057220459,5.949999809265137,51492.0
2024-04-24 11:48:00,WKHS,0.16019999980926514,0.16019999980926514,0.1606999933719635,0.16019999980926514,0.1606999933719635,12655.0
2024-04-24 11:48:00,WMG,32.150001525878906,32.150001525878906,32.150001525878906,32.13999938964844,32.150001525878906,3380.0
2024-04-24 11:48:00,WRAP,1.9950000047683716,1.9950000047683716,1.9950000047683716,1.9950000047683716,1.9950000047683716,533.0
2024-04-24 11:48:00,WRNT,0.2809999883174896,0.2809999883174896,0.2809999883174896,0.2809999883174896,0.2809999883174896,280.0
2024-04-24 11:48:00,WSBC,28.139999389648438,28.139999389648438,28.139999389648438,28.125,28.125,433.0
2024-04-24 11:48:00,WSC,37.56999969482422,37.56999969482422,37.56999969482422,37.51789855957031,37.51789855957031,7609.0
2024-04-24 11:48:00,WTBA,16.389999389648438,16.389999389648438,16.389999389648438,16.389999389648438,16.389999389648438,1615.0
2024-04-24 11:48:00,WTW,263.92999267578125,263.92999267578125,263.92999267578125,263.8349914550781,263.8349914550781,2221.0
2024-04-24 11:48:00,WVE,5.125,5.125,5.125,5.125,5.125,943.0
2024-04-24 11:48:00,WW,1.6749999523162842,1.6749999523162842,1.6749999523162842,1.6749999523162842,1.6749999523162842,6047.0
2024-04-24 11:48:00,WYNN,96.625,96.625,96.62999725341797,96.60590362548828,96.62999725341797,3164.0
2024-04-24 11:48:00,XEL,55.47999954223633,55.47999954223633,55.47999954223633,55.470001220703125,55.470001220703125,6029.0
2024-04-24 11:48:00,XERS,1.7450000047683716,1.7450000047683716,1.7450000047683716,1.7450000047683716,1.7450000047683716,2404.0
2024-04-24 11:48:00,XFOR,1.2509000301361084,1.2509000301361084,1.2549999952316284,1.2509000301361084,1.2549999952316284,2998.0
2024-04-24 11:48:00,XMTR,16.760000228881836,16.760000228881836,16.764999389648438,16.760000228881836,16.764999389648438,2226.0
2024-04-24 11:48:00,XNCR,18.469999313354492,18.469999313354492,18.469999313354492,18.469999313354492,18.469999313354492,473.0
2024-04-24 11:48:00,XP,20.290000915527344,20.290000915527344,20.309999465942383,20.290000915527344,20.309999465942383,17873.0
2024-04-24 11:48:00,XPEL,54.59000015258789,54.59000015258789,54.59000015258789,54.59000015258789,54.59000015258789,672.0
2024-04-24 11:48:00,XRX,14.46500015258789,14.46500015258789,14.479999542236328,14.460000038146973,14.46500015258789,17331.0
2024-04-24 11:48:00,XXII,1.846500039100647,1.846500039100647,1.846500039100647,1.846500039100647,1.846500039100647,187.0
2024-04-24 11:48:00,YTRA,1.299399971961975,1.299399971961975,1.2998000383377075,1.299399971961975,1.2997000217437744,3190.0
2024-04-24 11:48:00,Z,43.724998474121094,43.724998474121094,43.724998474121094,43.724998474121094,43.724998474121094,3340.0
2024-04-24 11:48:00,ZBRA,275.0450134277344,275.0450134277344,275.0450134277344,275.0450134277344,275.0450134277344,627.0
2024-04-24 11:48:00,ZG,43.220001220703125,43.220001220703125,43.220001220703125,43.220001220703125,43.220001220703125,964.0
2024-04-24 11:48:00,ZI,15.725000381469727,15.725000381469727,15.725000381469727,15.725000381469727,15.725000381469727,297.0
2024-04-24 11:48:00,ZION,41.790000915527344,41.790000915527344,41.790000915527344,41.7599983215332,41.779998779296875,35119.0
2024-04-24 11:48:00,ZM,61.220001220703125,61.220001220703125,61.220001220703125,61.18000030517578,61.18000030517578,17645.0
2024-04-24 11:48:00,ZS,176.7899932861328,176.7899932861328,176.8699951171875,176.78500366210938,176.78500366210938,3198.0
2024-04-24 11:48:00,ZVSA,0.6000000238418579,0.6000000238418579,0.6000000238418579,0.5931000113487244,0.5931000113487244,820.0
2024-04-24 11:48:00,ZYME,8.600000381469727,8.600000381469727,8.600000381469727,8.600000381469727,8.600000381469727,1799.0
2024-04-24 11:49:00,COCO,23.850000381469727,23.850000381469727,23.850000381469727,23.850000381469727,23.850000381469727,684.0
2024-04-24 11:49:00,EGHT,2.305000066757202,2.305000066757202,2.305000066757202,2.299999952316284,2.299999952316284,1713.0
2024-04-24 11:49:00,ETNB,8.710000038146973,8.710000038146973,8.720000267028809,8.710000038146973,8.720000267028809,826.0
2024-04-24 11:49:00,FLWS,9.15999984741211,9.15999984741211,9.15999984741211,9.15999984741211,9.15999984741211,560.0
2024-04-24 11:49:00,ME,0.4787999987602234,0.4787999987602234,0.4787999987602234,0.4787999987602234,0.4787999987602234,3763.0
2024-04-24 11:49:00,SEAT,5.815000057220459,5.815000057220459,5.815000057220459,5.804999828338623,5.804999828338623,5306.0
2024-04-24 11:49:00,TWOU,0.23109999299049377,0.23109999299049377,0.23109999299049377,0.23109999299049377,0.23109999299049377,1108.0
2024-04-24 11:49:00,TXG,27.024999618530273,27.024999618530273,27.030000686645508,27.020000457763672,27.020000457763672,1216.0
2024-04-24 11:49:00,VBNK,9.8100004196167,9.8100004196167,9.875,9.8100004196167,9.875,0.0
2024-04-24 11:49:00,VCTR,49.439998626708984,49.439998626708984,49.439998626708984,49.400001525878906,49.435001373291016,2972.0
2024-04-24 11:49:00,VERU,1.309999942779541,1.309999942779541,1.3125,1.309999942779541,1.3125,1501.0
2024-04-24 11:49:00,VERV,6.690000057220459,6.690000057220459,6.690000057220459,6.679999828338623,6.679999828338623,2170.0
2024-04-24 11:49:00,VERX,28.71500015258789,28.71500015258789,28.739999771118164,28.709999084472656,28.739999771118164,10770.0
2024-04-24 11:49:00,VFS,2.4600000381469727,2.4600000381469727,2.4600000381469727,2.4600000381469727,2.4600000381469727,10377.0
2024-04-24 11:49:00,VIAV,7.880000114440918,7.880000114440918,7.880000114440918,7.880000114440918,7.880000114440918,4790.0
2024-04-24 11:49:00,VICR,33.02539825439453,33.02539825439453,33.02539825439453,33.02539825439453,33.02539825439453,257.0
2024-04-24 11:49:00,VIR,8.1899995803833,8.1899995803833,8.192500114440918,8.1899995803833,8.1899995803833,1111.0
2024-04-24 11:49:00,VIRT,22.399999618530273,22.399999618530273,22.399999618530273,22.389999389648438,22.399999618530273,936.0
2024-04-24 11:49:00,VITL,26.899999618530273,26.899999618530273,26.899999618530273,26.899999618530273,26.899999618530273,200.0
2024-04-24 11:49:00,VKTX,66.04959869384766,66.04959869384766,66.04959869384766,65.93499755859375,65.93499755859375,4212.0
2024-04-24 11:49:00,VLCN,0.2554999887943268,0.2554999887943268,0.2554999887943268,0.2554999887943268,0.2554999887943268,1101.0
2024-04-24 11:49:00,VMEO,3.5350000858306885,3.5350000858306885,3.5350000858306885,3.5350000858306885,3.5350000858306885,242.0
2024-04-24 11:49:00,VNOM,39.80500030517578,39.80500030517578,39.80500030517578,39.80500030517578,39.80500030517578,962.0
2024-04-24 11:49:00,VOD,8.595000267028809,8.595000267028809,8.600000381469727,8.595000267028809,8.595000267028809,6338.0
2024-04-24 11:49:00,VOR,1.75,1.75,1.7584999799728394,1.75,1.7584999799728394,7000.0
2024-04-24 11:49:00,VRCA,6.710000038146973,6.710000038146973,6.710000038146973,6.710000038146973,6.710000038146973,303.0
2024-04-24 11:49:00,VRDN,13.569999694824219,13.569999694824219,13.569999694824219,13.569999694824219,13.569999694824219,2022.0
2024-04-24 11:49:00,VRNA,15.5,15.5,15.5,15.470000267028809,15.479999542236328,11653.0
2024-04-24 11:49:00,VRTS,232.0,232.0,232.0,232.0,232.0,2684.0
2024-04-24 11:49:00,VRTX,400.9700012207031,400.9700012207031,401.0299987792969,400.9700012207031,401.0299987792969,1062.0
2024-04-24 11:49:00,VTNR,1.5850000381469727,1.5850000381469727,1.5850000381469727,1.5850000381469727,1.5850000381469727,5701.0
2024-04-24 11:49:00,VTRS,11.354999542236328,11.354999542236328,11.359999656677246,11.350000381469727,11.359999656677246,21221.0
2024-04-24 11:49:00,VTSI,12.079999923706055,12.079999923706055,12.079999923706055,12.079999923706055,12.079999923706055,385.0
2024-04-24 11:49:00,VYNE,2.359999895095825,2.359999895095825,2.359999895095825,2.359999895095825,2.359999895095825,126000.0
2024-04-24 11:49:00,WAFD,27.809999465942383,27.809999465942383,27.809999465942383,27.809999465942383,27.809999465942383,809.0
2024-04-24 11:49:00,WB,8.305000305175781,8.305000305175781,8.3100004196167,8.305000305175781,8.3100004196167,537.0
2024-04-24 11:49:00,WBA,17.645000457763672,17.645000457763672,17.649999618530273,17.639999389648438,17.649700164794922,11947.0
2024-04-24 11:49:00,WBD,8.295000076293945,8.295000076293945,8.300000190734863,8.290900230407715,8.290900230407715,9884.0
2024-04-24 11:49:00,WDAY,254.8699951171875,254.8699951171875,255.10499572753906,254.75999450683594,255.10499572753906,4023.0
2024-04-24 11:49:00,WDC,68.6449966430664,68.6449966430664,68.73500061035156,68.63999938964844,68.63999938964844,15651.0
2024-04-24 11:49:00,WEN,19.94499969482422,19.94499969482422,19.950000762939453,19.940000534057617,19.950000762939453,2236.0
2024-04-24 11:49:00,WERN,35.099998474121094,35.099998474121094,35.099998474121094,35.099998474121094,35.099998474121094,347.0
2024-04-24 11:49:00,WFRD,123.71379852294922,123.71379852294922,123.71379852294922,123.71379852294922,123.71379852294922,125.0
2024-04-24 11:49:00,WHLM,6.599999904632568,6.599999904632568,6.749899864196777,6.599999904632568,6.749899864196777,983.0
2024-04-24 11:49:00,WIMI,1.0499999523162842,1.0499999523162842,1.059999942779541,1.0399999618530273,1.0499999523162842,210931.0
2024-04-24 11:49:00,WING,362.92999267578125,362.92999267578125,362.92999267578125,362.92999267578125,362.92999267578125,1751.0
2024-04-24 11:49:00,WISA,5.949699878692627,5.949699878692627,5.960000038146973,5.900000095367432,5.940000057220459,19350.0
2024-04-24 11:49:00,WIX,122.2249984741211,122.2249984741211,122.2249984741211,122.16999816894531,122.16999816894531,720.0
2024-04-24 11:49:00,WKHS,0.16089999675750732,0.16089999675750732,0.16089999675750732,0.16060000658035278,0.16089999675750732,1522.0
2024-04-24 11:49:00,WLDN,27.610000610351562,27.610000610351562,27.610000610351562,27.610000610351562,27.610000610351562,842.0
2024-04-24 11:49:00,WMG,32.150001525878906,32.150001525878906,32.150001525878906,32.14250183105469,32.14250183105469,720.0
2024-04-24 11:49:00,WPRT,5.670000076293945,5.670000076293945,5.679999828338623,5.670000076293945,5.679999828338623,1290.0
2024-04-24 11:49:00,WSBC,28.110000610351562,28.110000610351562,28.1200008392334,28.110000610351562,28.1200008392334,368.0
2024-04-24 11:49:00,WSBF,11.920000076293945,11.920000076293945,11.930000305175781,11.920000076293945,11.930000305175781,2294.0
2024-04-24 11:49:00,WSC,37.592498779296875,37.592498779296875,37.599998474121094,37.5724983215332,37.57500076293945,6110.0
2024-04-24 11:49:00,WTFC,99.55000305175781,99.55000305175781,99.55000305175781,99.55000305175781,99.55000305175781,239.0
2024-04-24 11:49:00,WW,1.6725000143051147,1.6725000143051147,1.6794999837875366,1.6725000143051147,1.6749999523162842,1429.0
2024-04-24 11:49:00,WYNN,96.58000183105469,96.58000183105469,96.6500015258789,96.58000183105469,96.63999938964844,1127.0
2024-04-24 11:49:00,XEL,55.470001220703125,55.470001220703125,55.474998474121094,55.45000076293945,55.474998474121094,3065.0
2024-04-24 11:49:00,XERS,1.7450000047683716,1.7450000047683716,1.7450000047683716,1.7450000047683716,1.7450000047683716,1200.0
2024-04-24 11:49:00,XMTR,16.799999237060547,16.799999237060547,16.799999237060547,16.764999389648438,16.764999389648438,8809.0
2024-04-24 11:49:00,XNCR,18.469999313354492,18.469999313354492,18.469999313354492,18.469999313354492,18.469999313354492,229.0
2024-04-24 11:49:00,XP,20.295000076293945,20.295000076293945,20.295000076293945,20.290000915527344,20.290000915527344,3608.0
2024-04-24 11:49:00,XRX,14.484999656677246,14.484999656677246,14.484999656677246,14.460000038146973,14.46500015258789,9315.0
2024-04-24 11:49:00,Z,43.68000030517578,43.68000030517578,43.720001220703125,43.66999816894531,43.709999084472656,2493.0
2024-04-24 11:49:00,ZBRA,274.7099914550781,274.7099914550781,274.7099914550781,274.7099914550781,274.7099914550781,197.0
2024-04-24 11:49:00,ZCMD,1.7014000415802002,1.7014000415802002,1.7014000415802002,1.7014000415802002,1.7014000415802002,175.0
2024-04-24 11:49:00,ZD,51.13999938964844,51.13999938964844,51.14500045776367,51.125,51.14500045776367,4212.0
2024-04-24 11:49:00,ZG,43.20000076293945,43.20000076293945,43.20000076293945,43.20000076293945,43.20000076293945,861.0
2024-04-24 11:49:00,ZI,15.729999542236328,15.729999542236328,15.737500190734863,15.729999542236328,15.729999542236328,4646.0
2024-04-24 11:49:00,ZION,41.810001373291016,41.810001373291016,41.810001373291016,41.790000915527344,41.790000915527344,2899.0
2024-04-24 11:49:00,ZKIN,0.6449999809265137,0.6449999809265137,0.6449999809265137,0.6449999809265137,0.6449999809265137,419.0
2024-04-24 11:49:00,ZM,61.220001220703125,61.220001220703125,61.25,61.220001220703125,61.22999954223633,5127.0
2024-04-24 11:49:00,ZS,176.83999633789062,176.83999633789062,176.97000122070312,176.83999633789062,176.92999267578125,703.0
2024-04-24 11:49:00,ZURA,3.1480000019073486,3.1480000019073486,3.1480000019073486,3.1480000019073486,3.1480000019073486,1200.0
2024-04-24 11:49:00,ZVSA,0.5960999727249146,0.5960999727249146,0.6000000238418579,0.5960999727249146,0.6000000238418579,627.0
2024-04-24 11:50:00,DSP,8.6899995803833,8.6899995803833,8.6899995803833,8.6899995803833,8.6899995803833,101.0
2024-04-24 11:50:00,FDMT,24.739999771118164,24.739999771118164,24.739999771118164,24.739999771118164,24.739999771118164,818.0
2024-04-24 11:50:00,MAPS,1.090000033378601,1.090000033378601,1.090000033378601,1.090000033378601,1.090000033378601,205.0
2024-04-24 11:50:00,TSVT,4.28000020980835,4.28000020980835,4.28000020980835,4.28000020980835,4.28000020980835,2615.0
2024-04-24 11:50:00,TWOU,0.23109999299049377,0.23109999299049377,0.23109999299049377,0.23100000619888306,0.23109999299049377,17200.0
2024-04-24 11:50:00,TXG,27.030000686645508,27.030000686645508,27.030000686645508,27.030000686645508,27.030000686645508,1442.0
2024-04-24 11:50:00,VC,109.73999786376953,109.73999786376953,109.73999786376953,109.73999786376953,109.73999786376953,514.0
2024-04-24 11:50:00,VCTR,49.470001220703125,49.470001220703125,49.470001220703125,49.44499969482422,49.44499969482422,3046.0
2024-04-24 11:50:00,VERU,1.309999942779541,1.309999942779541,1.315000057220459,1.309999942779541,1.309999942779541,4801.0
2024-04-24 11:50:00,VERX,28.770000457763672,28.770000457763672,28.770000457763672,28.690000534057617,28.690000534057617,2372.0
2024-04-24 11:50:00,VICR,32.9900016784668,32.9900016784668,32.9900016784668,32.900001525878906,32.902000427246094,4344.0
2024-04-24 11:50:00,VINC,0.9200000166893005,0.9200000166893005,0.9200000166893005,0.9200000166893005,0.9200000166893005,3144.0
2024-04-24 11:50:00,VIRT,22.40999984741211,22.40999984741211,22.40999984741211,22.385000228881836,22.385000228881836,3233.0
2024-04-24 11:50:00,VITL,26.8799991607666,26.8799991607666,26.900100708007812,26.8799991607666,26.900100708007812,1703.0
2024-04-24 11:50:00,VIVK,1.6699999570846558,1.6699999570846558,1.6699999570846558,1.6679999828338623,1.6679999828338623,800.0
2024-04-24 11:50:00,VKTX,65.86499786376953,65.86499786376953,65.9800033569336,65.80000305175781,65.9800033569336,3641.0
2024-04-24 11:50:00,VMEO,3.5350000858306885,3.5350000858306885,3.5350000858306885,3.5350000858306885,3.5350000858306885,1775.0
2024-04-24 11:50:00,VNET,1.5299999713897705,1.5299999713897705,1.5299999713897705,1.5299999713897705,1.5299999713897705,400.0
2024-04-24 11:50:00,VNOM,39.81999969482422,39.81999969482422,39.81999969482422,39.81999969482422,39.81999969482422,888.0
2024-04-24 11:50:00,VOD,8.595000267028809,8.595000267028809,8.595000267028809,8.595000267028809,8.595000267028809,1282.0
2024-04-24 11:50:00,VRCA,6.75,6.75,6.75,6.730000019073486,6.730000019073486,954.0
2024-04-24 11:50:00,VRDN,13.529999732971191,13.529999732971191,13.574999809265137,13.524999618530273,13.574999809265137,4535.0
2024-04-24 11:50:00,VRRM,24.315000534057617,24.315000534057617,24.315000534057617,24.315000534057617,24.315000534057617,653.0
2024-04-24 11:50:00,VRTX,400.9599914550781,400.9599914550781,400.9599914550781,400.9599914550781,400.9599914550781,314.0
2024-04-24 11:50:00,VSAT,16.100000381469727,16.100000381469727,16.100000381469727,16.030000686645508,16.059999465942383,3723.0
2024-04-24 11:50:00,VTNR,1.5850000381469727,1.5850000381469727,1.5850000381469727,1.5850000381469727,1.5850000381469727,8045.0
2024-04-24 11:50:00,VTRS,11.350000381469727,11.350000381469727,11.357500076293945,11.350000381469727,11.357500076293945,2758.0
2024-04-24 11:50:00,VUZI,1.284999966621399,1.284999966621399,1.284999966621399,1.284999966621399,1.284999966621399,149.0
2024-04-24 11:50:00,VYGR,7.510000228881836,7.510000228881836,7.510000228881836,7.510000228881836,7.510000228881836,354.0
2024-04-24 11:50:00,WB,8.305000305175781,8.305000305175781,8.305000305175781,8.305000305175781,8.305000305175781,468.0
2024-04-24 11:50:00,WBA,17.645000457763672,17.645000457763672,17.655000686645508,17.645000457763672,17.649999618530273,24277.0
2024-04-24 11:50:00,WBD,8.28499984741211,8.28499984741211,8.295000076293945,8.279999732971191,8.295000076293945,34576.0
2024-04-24 11:50:00,WDAY,254.83250427246094,254.83250427246094,254.86749267578125,254.83250427246094,254.86749267578125,1568.0
2024-04-24 11:50:00,WDC,68.5199966430664,68.5199966430664,68.62000274658203,68.5199966430664,68.62000274658203,21251.0
2024-04-24 11:50:00,WEN,19.940000534057617,19.940000534057617,19.950000762939453,19.940000534057617,19.950000762939453,2815.0
2024-04-24 11:50:00,WERN,35.060001373291016,35.060001373291016,35.08000183105469,35.060001373291016,35.08000183105469,778.0
2024-04-24 11:50:00,WFRD,123.80449676513672,123.80449676513672,123.87000274658203,123.66000366210938,123.66000366210938,2968.0
2024-04-24 11:50:00,WHLM,6.749800205230713,6.749800205230713,6.749800205230713,6.749800205230713,6.749800205230713,163.0
2024-04-24 11:50:00,WIMI,1.0499999523162842,1.0499999523162842,1.0700000524520874,1.0399999618530273,1.0549999475479126,361544.0
2024-04-24 11:50:00,WISA,5.96999979019165,5.96999979019165,5.9899001121521,5.920000076293945,5.920000076293945,15343.0
2024-04-24 11:50:00,WIX,122.02999877929688,122.02999877929688,122.05000305175781,122.02999877929688,122.05000305175781,436.0
2024-04-24 11:50:00,WKHS,0.16089999675750732,0.16089999675750732,0.16089999675750732,0.16050000488758087,0.16050000488758087,20752.0
2024-04-24 11:50:00,WMG,32.150001525878906,32.150001525878906,32.150001525878906,32.150001525878906,32.150001525878906,811.0
2024-04-24 11:50:00,WRAP,1.9950000047683716,1.9950000047683716,1.9950000047683716,1.9950000047683716,1.9950000047683716,502.0
2024-04-24 11:50:00,WSBC,28.079999923706055,28.079999923706055,28.079999923706055,28.079999923706055,28.079999923706055,544.0
2024-04-24 11:50:00,WSC,37.59000015258789,37.59000015258789,37.595001220703125,37.59000015258789,37.59000015258789,1750.0
2024-04-24 11:50:00,WSFS,44.0625,44.0625,44.0625,44.0625,44.0625,352.0
2024-04-24 11:50:00,WTBA,16.350000381469727,16.350000381469727,16.360000610351562,16.350000381469727,16.360000610351562,393.0
2024-04-24 11:50:00,WTFCM,23.710100173950195,23.710100173950195,23.710100173950195,23.710100173950195,23.710100173950195,300.0
2024-04-24 11:50:00,WVE,5.125,5.125,5.130000114440918,5.125,5.130000114440918,419.0
2024-04-24 11:50:00,WW,1.6749999523162842,1.6749999523162842,1.6749999523162842,1.6749999523162842,1.6749999523162842,4475.0
2024-04-24 11:50:00,WWD,149.05999755859375,149.05999755859375,149.05999755859375,149.05999755859375,149.05999755859375,196.0
2024-04-24 11:50:00,WYNN,96.4749984741211,96.4749984741211,96.52999877929688,96.4749984741211,96.52999877929688,1089.0
2024-04-24 11:50:00,XBIT,8.232500076293945,8.232500076293945,8.232500076293945,8.232500076293945,8.232500076293945,358.0
2024-04-24 11:50:00,XEL,55.5099983215332,55.5099983215332,55.51499938964844,55.47999954223633,55.47999954223633,4513.0
2024-04-24 11:50:00,XERS,1.7450000047683716,1.7450000047683716,1.7450000047683716,1.7450000047683716,1.7450000047683716,204.0
2024-04-24 11:50:00,XMTR,16.780000686645508,16.780000686645508,16.780000686645508,16.780000686645508,16.780000686645508,1391.0
2024-04-24 11:50:00,XP,20.295000076293945,20.295000076293945,20.295000076293945,20.290000915527344,20.295000076293945,4035.0
2024-04-24 11:50:00,XRX,14.479999542236328,14.479999542236328,14.489999771118164,14.470000267028809,14.484999656677246,4081.0
2024-04-24 11:50:00,XXII,1.840000033378601,1.840000033378601,1.850000023841858,1.840000033378601,1.8496999740600586,6243.0
2024-04-24 11:50:00,Z,43.66999816894531,43.66999816894531,43.68000030517578,43.66999816894531,43.68000030517578,1614.0
2024-04-24 11:50:00,ZBRA,274.70001220703125,274.70001220703125,275.0,274.70001220703125,275.0,617.0
2024-04-24 11:50:00,ZI,15.720000267028809,15.720000267028809,15.720000267028809,15.720000267028809,15.720000267028809,733.0
2024-04-24 11:50:00,ZION,41.79999923706055,41.79999923706055,41.79999923706055,41.79999923706055,41.79999923706055,247.0
2024-04-24 11:50:00,ZLAB,15.625,15.625,15.625,15.625,15.625,470.0
2024-04-24 11:50:00,ZM,61.2400016784668,61.2400016784668,61.25,61.22999954223633,61.23500061035156,3225.0
2024-04-24 11:50:00,ZNTL,12.149999618530273,12.149999618530273,12.149999618530273,12.149999618530273,12.149999618530273,1317.0
2024-04-24 11:50:00,ZS,176.8300018310547,176.8300018310547,176.83999633789062,176.82000732421875,176.83999633789062,822.0
2024-04-24 11:50:00,ZUMZ,16.885000228881836,16.885000228881836,16.885000228881836,16.885000228881836,16.885000228881836,102.0
2024-04-24 11:50:00,ZURA,3.1500000953674316,3.1500000953674316,3.1500000953674316,3.1449999809265137,3.1449999809265137,354.0
2024-04-24 11:50:00,ZVRA,4.494999885559082,4.494999885559082,4.494999885559082,4.489999771118164,4.489999771118164,830.0
2024-04-24 11:50:00,ZVSA,0.5902000069618225,0.5902000069618225,0.5902000069618225,0.5902000069618225,0.5902000069618225,1043.0
2024-04-24 11:50:00,ZYME,8.600000381469727,8.600000381469727,8.600000381469727,8.59000015258789,8.59000015258789,300.0
2024-04-24 11:51:00,DIBS,5.380000114440918,5.380000114440918,5.380000114440918,5.380000114440918,5.380000114440918,1163.0
2024-04-24 11:51:00,ETNB,8.694999694824219,8.694999694824219,8.699999809265137,8.694999694824219,8.699999809265137,3388.0
2024-04-24 11:51:00,FDMT,24.735000610351562,24.735000610351562,24.739999771118164,24.735000610351562,24.739999771118164,909.0
2024-04-24 11:51:00,MAPS,1.0850000381469727,1.0850000381469727,1.0850000381469727,1.0800000429153442,1.0800000429153442,800.0
2024-04-24 11:51:00,ME,0.47909998893737793,0.47909998893737793,0.47909998893737793,0.4787999987602234,0.4787999987602234,2432.0
2024-04-24 11:51:00,TSVT,4.28000020980835,4.28000020980835,4.289999961853027,4.28000020980835,4.289999961853027,1201.0
2024-04-24 11:51:00,TWOU,0.23100000619888306,0.23100000619888306,0.23100000619888306,0.23090000450611115,0.23100000619888306,1689.0
2024-04-24 11:51:00,TXG,26.9950008392334,26.9950008392334,27.030000686645508,26.9950008392334,27.030000686645508,3219.0
2024-04-24 11:51:00,VCTR,49.52000045776367,49.52000045776367,49.52000045776367,49.45500183105469,49.459999084472656,16276.0
2024-04-24 11:51:00,VERU,1.3125,1.3125,1.3200000524520874,1.309999942779541,1.315000057220459,682.0
2024-04-24 11:51:00,VERV,6.659999847412109,6.659999847412109,6.670000076293945,6.659999847412109,6.670000076293945,814.0
2024-04-24 11:51:00,VERX,28.719999313354492,28.719999313354492,28.829999923706055,28.719999313354492,28.799400329589844,6103.0
2024-04-24 11:51:00,VFF,1.3299000263214111,1.3299000263214111,1.3299000263214111,1.3299000263214111,1.3299000263214111,535.0
2024-04-24 11:51:00,VFS,2.4684998989105225,2.4684998989105225,2.4684998989105225,2.4684998989105225,2.4684998989105225,501.0
2024-04-24 11:51:00,VIAV,7.869999885559082,7.869999885559082,7.880000114440918,7.869999885559082,7.880000114440918,6784.0
2024-04-24 11:51:00,VICR,32.9900016784668,32.9900016784668,33.029998779296875,32.75,32.974998474121094,23727.0
2024-04-24 11:51:00,VIGL,2.7300000190734863,2.7300000190734863,2.7300000190734863,2.7300000190734863,2.7300000190734863,316.0
2024-04-24 11:51:00,VINC,0.9107000231742859,0.9107000231742859,0.9107000231742859,0.9107000231742859,0.9107000231742859,1092.0
2024-04-24 11:51:00,VIR,8.1850004196167,8.1850004196167,8.1850004196167,8.1850004196167,8.1850004196167,1136.0
2024-04-24 11:51:00,VIRI,0.460099995136261,0.460099995136261,0.460099995136261,0.460099995136261,0.460099995136261,569.0
2024-04-24 11:51:00,VIRT,22.449899673461914,22.449899673461914,22.46500015258789,22.420000076293945,22.420000076293945,4749.0
2024-04-24 11:51:00,VITL,26.8700008392334,26.8700008392334,26.8700008392334,26.8700008392334,26.8700008392334,491.0
2024-04-24 11:51:00,VIVK,1.6699999570846558,1.6699999570846558,1.6699999570846558,1.6699999570846558,1.6699999570846558,176.0
2024-04-24 11:51:00,VKTX,65.83999633789062,65.83999633789062,65.88500213623047,65.61000061035156,65.80000305175781,10366.0
2024-04-24 11:51:00,VLCN,0.25099998712539673,0.25099998712539673,0.25769999623298645,0.25099998712539673,0.2549999952316284,72721.0
2024-04-24 11:51:00,VMD,7.989999771118164,7.989999771118164,8.010000228881836,7.989999771118164,8.010000228881836,804.0
2024-04-24 11:51:00,VOD,8.595000267028809,8.595000267028809,8.600000381469727,8.590200424194336,8.590200424194336,600.0
2024-04-24 11:51:00,VOXR,2.0399999618530273,2.0399999618530273,2.0399999618530273,2.0399999618530273,2.0399999618530273,0.0
2024-04-24 11:51:00,VRCA,6.71999979019165,6.71999979019165,6.71999979019165,6.71999979019165,6.71999979019165,300.0
2024-04-24 11:51:00,VRDN,13.520000457763672,13.520000457763672,13.545000076293945,13.520000457763672,13.529999732971191,2642.0
2024-04-24 11:51:00,VRNA,15.520000457763672,15.520000457763672,15.520000457763672,15.479999542236328,15.479999542236328,3903.0
2024-04-24 11:51:00,VRRM,24.309999465942383,24.309999465942383,24.309999465942383,24.309999465942383,24.309999465942383,1026.0
2024-04-24 11:51:00,VSAT,16.100000381469727,16.100000381469727,16.100000381469727,16.100000381469727,16.100000381469727,464.0
2024-04-24 11:51:00,VTGN,4.670000076293945,4.670000076293945,4.670000076293945,4.670000076293945,4.670000076293945,267.0
2024-04-24 11:51:00,VTNR,1.5850000381469727,1.5850000381469727,1.5850000381469727,1.5850000381469727,1.5850000381469727,3609.0
2024-04-24 11:51:00,VTRS,11.345000267028809,11.345000267028809,11.345000267028809,11.345000267028809,11.345000267028809,1782.0
2024-04-24 11:51:00,VUZI,1.2799999713897705,1.2799999713897705,1.2799999713897705,1.2799999713897705,1.2799999713897705,203.0
2024-04-24 11:51:00,VYNE,2.359999895095825,2.359999895095825,2.359999895095825,2.359999895095825,2.359999895095825,123600.0
2024-04-24 11:51:00,WAFD,27.81999969482422,27.81999969482422,27.81999969482422,27.81999969482422,27.81999969482422,766.0
2024-04-24 11:51:00,WBA,17.641700744628906,17.641700744628906,17.649999618530273,17.639999389648438,17.645000457763672,5438.0
2024-04-24 11:51:00,WBD,8.28499984741211,8.28499984741211,8.289999961853027,8.279999732971191,8.28499984741211,9891.0
2024-04-24 11:51:00,WDAY,254.72999572753906,254.72999572753906,254.73500061035156,254.69000244140625,254.69000244140625,824.0
2024-04-24 11:51:00,WDC,68.48999786376953,68.48999786376953,68.55000305175781,68.4800033569336,68.52999877929688,11431.0
2024-04-24 11:51:00,WEN,19.9424991607666,19.9424991607666,19.94499969482422,19.940000534057617,19.94499969482422,1263.0
2024-04-24 11:51:00,WERN,35.04999923706055,35.04999923706055,35.08000183105469,35.04999923706055,35.064998626708984,715.0
2024-04-24 11:51:00,WEST,9.920000076293945,9.920000076293945,9.920000076293945,9.920000076293945,9.920000076293945,454.0
2024-04-24 11:51:00,WHLM,6.742700099945068,6.742700099945068,6.742700099945068,6.742700099945068,6.742700099945068,1186.0
2024-04-24 11:51:00,WIMI,1.0499999523162842,1.0499999523162842,1.059999942779541,1.034999966621399,1.0579999685287476,134102.0
2024-04-24 11:51:00,WING,362.2149963378906,362.2149963378906,362.2149963378906,362.2149963378906,362.2149963378906,634.0
2024-04-24 11:51:00,WISA,6.049300193786621,6.049300193786621,6.069900035858154,6.008999824523926,6.008999824523926,14370.0
2024-04-24 11:51:00,WIX,122.0,122.0,122.02999877929688,122.0,122.02999877929688,2939.0
2024-04-24 11:51:00,WKHS,0.1607999950647354,0.1607999950647354,0.16089999675750732,0.1607999950647354,0.16089999675750732,3517.0
2024-04-24 11:51:00,WMG,32.150001525878906,32.150001525878906,32.150001525878906,32.150001525878906,32.150001525878906,559.0
2024-04-24 11:51:00,WSBC,28.06999969482422,28.06999969482422,28.0762996673584,28.06999969482422,28.0762996673584,550.0
2024-04-24 11:51:00,WSC,37.58000183105469,37.58000183105469,37.60499954223633,37.560001373291016,37.59000015258789,9421.0
2024-04-24 11:51:00,WSFS,44.040000915527344,44.040000915527344,44.060001373291016,44.02000045776367,44.02000045776367,1902.0
2024-04-24 11:51:00,WTFC,99.54000091552734,99.54000091552734,99.54000091552734,99.54000091552734,99.54000091552734,857.0
2024-04-24 11:51:00,WVE,5.099999904632568,5.099999904632568,5.110000133514404,5.099999904632568,5.110000133514404,1161.0
2024-04-24 11:51:00,WW,1.684999942779541,1.684999942779541,1.690000057220459,1.6749999523162842,1.6749999523162842,24933.0
2024-04-24 11:51:00,WYNN,96.41999816894531,96.41999816894531,96.42009735107422,96.41999816894531,96.42009735107422,935.0
2024-04-24 11:51:00,XEL,55.560001373291016,55.560001373291016,55.560001373291016,55.51499938964844,55.51499938964844,7260.0
2024-04-24 11:51:00,XERS,1.7450000047683716,1.7450000047683716,1.7450000047683716,1.7450000047683716,1.7450000047683716,1100.0
2024-04-24 11:51:00,XFOR,1.2450000047683716,1.2450000047683716,1.2549999952316284,1.2400000095367432,1.2549999952316284,51927.0
2024-04-24 11:51:00,XLO,1.0700000524520874,1.0700000524520874,1.0700000524520874,1.0700000524520874,1.0700000524520874,5563.0
2024-04-24 11:51:00,XMTR,16.799999237060547,16.799999237060547,16.809999465942383,16.780000686645508,16.780000686645508,1698.0
2024-04-24 11:51:00,XNCR,18.399999618530273,18.399999618530273,18.459999084472656,18.399999618530273,18.459999084472656,3856.0
2024-04-24 11:51:00,XP,20.260000228881836,20.260000228881836,20.295000076293945,20.260000228881836,20.295000076293945,10103.0
2024-04-24 11:51:00,XPEL,54.56999969482422,54.56999969482422,54.56999969482422,54.488399505615234,54.488399505615234,770.0
2024-04-24 11:51:00,XRX,14.475000381469727,14.475000381469727,14.479999542236328,14.460000038146973,14.470000267028809,3608.0
2024-04-24 11:51:00,YMAB,15.248900413513184,15.248900413513184,15.248900413513184,15.194999694824219,15.194999694824219,975.0
2024-04-24 11:51:00,Z,43.619998931884766,43.619998931884766,43.65999984741211,43.619998931884766,43.65999984741211,1339.0
2024-04-24 11:51:00,ZBRA,274.8599853515625,274.8599853515625,274.8599853515625,274.8599853515625,274.8599853515625,1501.0
2024-04-24 11:51:00,ZCMD,1.690000057220459,1.690000057220459,1.6953999996185303,1.690000057220459,1.6920000314712524,1111.0
2024-04-24 11:51:00,ZI,15.710000038146973,15.710000038146973,15.710000038146973,15.710000038146973,15.710000038146973,2334.0
2024-04-24 11:51:00,ZION,41.83000183105469,41.83000183105469,41.83000183105469,41.80500030517578,41.80500030517578,1363.0
2024-04-24 11:51:00,ZM,61.15999984741211,61.15999984741211,61.25960159301758,61.15999984741211,61.25960159301758,12447.0
2024-04-24 11:51:00,ZS,176.8300018310547,176.8300018310547,176.87249755859375,176.8300018310547,176.87249755859375,1056.0
2024-04-24 11:51:00,ZUMZ,16.885000228881836,16.885000228881836,16.885000228881836,16.885000228881836,16.885000228881836,233.0
2024-04-24 11:51:00,ZVSA,0.5995000004768372,0.5995000004768372,0.5995000004768372,0.5995000004768372,0.5995000004768372,264.0
2024-04-24 11:51:00,ZYME,8.579999923706055,8.579999923706055,8.600000381469727,8.579999923706055,8.600000381469727,1567.0
2024-04-24 11:51:00,ZYXI,11.329999923706055,11.329999923706055,11.329999923706055,11.329999923706055,11.329999923706055,211.0
2024-04-24 11:52:00,DSP,8.6899995803833,8.6899995803833,8.6899995803833,8.6899995803833,8.6899995803833,300.0
2024-04-24 11:52:00,EGHT,2.305000066757202,2.305000066757202,2.309999942779541,2.305000066757202,2.309999942779541,942.0
2024-04-24 11:52:00,ETNB,8.699999809265137,8.699999809265137,8.699999809265137,8.694999694824219,8.699999809265137,29.0
2024-04-24 11:52:00,FLWS,9.130000114440918,9.130000114440918,9.130000114440918,9.130000114440918,9.130000114440918,271.0
2024-04-24 11:52:00,ME,0.47870001196861267,0.47870001196861267,0.48030000925064087,0.47850000858306885,0.47870001196861267,1654.0
2024-04-24 11:52:00,TSVT,4.28000020980835,4.28000020980835,4.28000020980835,4.28000020980835,4.28000020980835,424.0
2024-04-24 11:52:00,TWOU,0.23109999299049377,0.23109999299049377,0.23109999299049377,0.23100000619888306,0.23100000619888306,7469.0
2024-04-24 11:52:00,TXG,26.989999771118164,26.989999771118164,27.0,26.989999771118164,27.0,575.0
2024-04-24 11:52:00,VCTR,49.494998931884766,49.494998931884766,49.5,49.494998931884766,49.5,2424.0
2024-04-24 11:52:00,VERU,1.309999942779541,1.309999942779541,1.3125,1.309999942779541,1.3125,700.0
2024-04-24 11:52:00,VERX,28.739999771118164,28.739999771118164,28.774999618530273,28.739999771118164,28.739999771118164,155546.0
2024-04-24 11:52:00,VFS,2.4600000381469727,2.4600000381469727,2.4600000381469727,2.4600000381469727,2.4600000381469727,1340.0
2024-04-24 11:52:00,VICR,33.150001525878906,33.150001525878906,33.150001525878906,33.039398193359375,33.040000915527344,2546.0
2024-04-24 11:52:00,VINC,0.9200000166893005,0.9200000166893005,0.9200000166893005,0.9200000166893005,0.9200000166893005,1900.0
2024-04-24 11:52:00,VIRT,22.399999618530273,22.399999618530273,22.420000076293945,22.399999618530273,22.420000076293945,579.0
2024-04-24 11:52:00,VITL,26.860000610351562,26.860000610351562,26.860000610351562,26.844999313354492,26.844999313354492,310.0
2024-04-24 11:52:00,VKTX,65.8550033569336,65.8550033569336,65.98999786376953,65.80000305175781,65.8761978149414,9054.0
2024-04-24 11:52:00,VLCN,0.25099998712539673,0.25099998712539673,0.2549999952316284,0.25040000677108765,0.25049999356269836,18782.0
2024-04-24 11:52:00,VNET,1.5299999713897705,1.5299999713897705,1.5299999713897705,1.5299999713897705,1.5299999713897705,2101.0
2024-04-24 11:52:00,VNOM,39.814998626708984,39.814998626708984,39.814998626708984,39.814998626708984,39.814998626708984,2716.0
2024-04-24 11:52:00,VOD,8.598899841308594,8.598899841308594,8.598899841308594,8.595000267028809,8.595000267028809,560.0
2024-04-24 11:52:00,VRDN,13.539999961853027,13.539999961853027,13.539999961853027,13.539999961853027,13.539999961853027,200.0
2024-04-24 11:52:00,VRNA,15.53499984741211,15.53499984741211,15.539999961853027,15.520000457763672,15.520000457763672,1722.0
2024-04-24 11:52:00,VRRM,24.315000534057617,24.315000534057617,24.315000534057617,24.315000534057617,24.315000534057617,181.0
2024-04-24 11:52:00,VRTX,400.9800109863281,400.9800109863281,401.239990234375,400.9800109863281,401.05499267578125,679.0
2024-04-24 11:52:00,VTNR,1.5850000381469727,1.5850000381469727,1.5850000381469727,1.5850000381469727,1.5850000381469727,802.0
2024-04-24 11:52:00,VTRS,11.350000381469727,11.350000381469727,11.350000381469727,11.350000381469727,11.350000381469727,3794.0
2024-04-24 11:52:00,VWE,0.27000001072883606,0.27000001072883606,0.27000001072883606,0.2574999928474426,0.2574999928474426,24799.0
2024-04-24 11:52:00,WAFD,27.8700008392334,27.8700008392334,27.8700008392334,27.84000015258789,27.84000015258789,1000.0
2024-04-24 11:52:00,WB,8.295000076293945,8.295000076293945,8.300000190734863,8.295000076293945,8.300000190734863,1558.0
2024-04-24 11:52:00,WBA,17.645000457763672,17.645000457763672,17.649999618530273,17.639999389648438,17.645000457763672,11525.0
2024-04-24 11:52:00,WBD,8.28499984741211,8.28499984741211,8.289899826049805,8.279999732971191,8.28499984741211,36843.0
2024-04-24 11:52:00,WDAY,254.82000732421875,254.82000732421875,254.82000732421875,254.82000732421875,254.82000732421875,529.0
2024-04-24 11:52:00,WDC,68.58000183105469,68.58000183105469,68.58000183105469,68.51000213623047,68.51000213623047,5542.0
2024-04-24 11:52:00,WDFC,226.33999633789062,226.33999633789062,226.33999633789062,226.33999633789062,226.33999633789062,352.0
2024-04-24 11:52:00,WEN,19.94499969482422,19.94499969482422,19.94499969482422,19.940000534057617,19.940000534057617,2769.0
2024-04-24 11:52:00,WERN,35.04499816894531,35.04499816894531,35.04499816894531,35.040000915527344,35.040000915527344,981.0
2024-04-24 11:52:00,WFRD,123.86000061035156,123.86000061035156,123.86000061035156,123.66000366210938,123.7750015258789,2020.0
2024-04-24 11:52:00,WIMI,1.0700000524520874,1.0700000524520874,1.0800000429153442,1.0499999523162842,1.0549999475479126,203392.0
2024-04-24 11:52:00,WISA,6.070000171661377,6.070000171661377,6.105000019073486,6.034999847412109,6.034999847412109,11377.0
2024-04-24 11:52:00,WMG,32.13999938964844,32.13999938964844,32.150001525878906,32.13999938964844,32.13999938964844,1546.0
2024-04-24 11:52:00,WSBC,28.06999969482422,28.06999969482422,28.079999923706055,28.06999969482422,28.079999923706055,800.0
2024-04-24 11:52:00,WSC,37.56999969482422,37.56999969482422,37.56999969482422,37.560001373291016,37.560001373291016,2760.0
2024-04-24 11:52:00,WSFS,44.04999923706055,44.04999923706055,44.04999923706055,44.029998779296875,44.029998779296875,858.0
2024-04-24 11:52:00,WTFC,99.58999633789062,99.58999633789062,99.58999633789062,99.56500244140625,99.56500244140625,313.0
2024-04-24 11:52:00,WTFCP,24.95050048828125,24.95050048828125,24.95050048828125,24.95050048828125,24.95050048828125,3760.0
2024-04-24 11:52:00,WTW,263.8999938964844,263.8999938964844,263.8999938964844,263.8999938964844,263.8999938964844,125.0
2024-04-24 11:52:00,WW,1.684999942779541,1.684999942779541,1.684999942779541,1.6837999820709229,1.6837999820709229,322.0
2024-04-24 11:52:00,WYNN,96.41429901123047,96.41429901123047,96.41429901123047,96.41429901123047,96.41429901123047,457.0
2024-04-24 11:52:00,XEL,55.560001373291016,55.560001373291016,55.560001373291016,55.54999923706055,55.55500030517578,2079.0
2024-04-24 11:52:00,XENE,40.40999984741211,40.40999984741211,40.40999984741211,40.40999984741211,40.40999984741211,677.0
2024-04-24 11:52:00,XERS,1.7400000095367432,1.7400000095367432,1.7400000095367432,1.7400000095367432,1.7400000095367432,1.0
2024-04-24 11:52:00,XFOR,1.2401000261306763,1.2401000261306763,1.2401000261306763,1.2401000261306763,1.2401000261306763,3464.0
2024-04-24 11:52:00,XMTR,16.790000915527344,16.790000915527344,16.790000915527344,16.790000915527344,16.790000915527344,950.0
2024-04-24 11:52:00,XOS,7.599999904632568,7.599999904632568,7.599999904632568,7.599999904632568,7.599999904632568,908.0
2024-04-24 11:52:00,XP,20.270000457763672,20.270000457763672,20.270000457763672,20.2549991607666,20.2549991607666,2852.0
2024-04-24 11:52:00,XRX,14.484999656677246,14.484999656677246,14.489999771118164,14.479999542236328,14.479999542236328,2243.0
2024-04-24 11:52:00,YMAB,15.149999618530273,15.149999618530273,15.175000190734863,15.149999618530273,15.175000190734863,502.0
2024-04-24 11:52:00,Z,43.650001525878906,43.650001525878906,43.650001525878906,43.619998931884766,43.619998931884766,1897.0
2024-04-24 11:52:00,ZCMD,1.7000000476837158,1.7000000476837158,1.7000000476837158,1.7000000476837158,1.7000000476837158,346.0
2024-04-24 11:52:00,ZG,43.11000061035156,43.11000061035156,43.119998931884766,43.11000061035156,43.119998931884766,442.0
2024-04-24 11:52:00,ZI,15.710000038146973,15.710000038146973,15.710000038146973,15.710000038146973,15.710000038146973,1002.0
2024-04-24 11:52:00,ZION,41.86000061035156,41.86000061035156,41.86000061035156,41.83000183105469,41.83000183105469,3727.0
2024-04-24 11:52:00,ZLAB,15.625,15.625,15.625,15.625,15.625,914.0
2024-04-24 11:52:00,ZM,61.16999816894531,61.16999816894531,61.16999816894531,61.15999984741211,61.15999984741211,1861.0
2024-04-24 11:52:00,ZS,176.8737030029297,176.8737030029297,176.8737030029297,176.8249969482422,176.8249969482422,915.0
2024-04-24 11:52:00,ZURA,3.174999952316284,3.174999952316284,3.190000057220459,3.174999952316284,3.190000057220459,557.0
2024-04-24 11:52:00,ZVSA,0.5999000072479248,0.5999000072479248,0.5999000072479248,0.5992000102996826,0.5992000102996826,10079.0
2024-04-24 11:52:00,ZYME,8.59000015258789,8.59000015258789,8.59000015258789,8.579999923706055,8.579999923706055,1060.0
2024-04-24 11:52:00,ZYXI,11.329999923706055,11.329999923706055,11.329999923706055,11.329999923706055,11.329999923706055,852.0
2024-04-24 11:53:00,COCO,23.90999984741211,23.90999984741211,23.90999984741211,23.860000610351562,23.860000610351562,1984.0
2024-04-24 11:53:00,ETNB,8.710000038146973,8.710000038146973,8.710000038146973,8.704999923706055,8.704999923706055,443.0
2024-04-24 11:53:00,MAPS,1.090000033378601,1.090000033378601,1.090000033378601,1.090000033378601,1.090000033378601,100.0
2024-04-24 11:53:00,MASS,5.570000171661377,5.570000171661377,5.570000171661377,5.570000171661377,5.570000171661377,308.0
2024-04-24 11:53:00,ME,0.4787999987602234,0.4787999987602234,0.4797999858856201,0.4787999987602234,0.4797999858856201,1800.0
2024-04-24 11:53:00,SEAT,5.815000057220459,5.815000057220459,5.815000057220459,5.815000057220459,5.815000057220459,747.0
2024-04-24 11:53:00,TSVT,4.289999961853027,4.289999961853027,4.289999961853027,4.27869987487793,4.27869987487793,3241.0
2024-04-24 11:53:00,TWOU,0.23100000619888306,0.23100000619888306,0.23109999299049377,0.23100000619888306,0.23109999299049377,2292.0
2024-04-24 11:53:00,TXG,27.0,27.0,27.020000457763672,27.0,27.010000228881836,1502.0
2024-04-24 11:53:00,VERU,1.309999942779541,1.309999942779541,1.3125,1.309999942779541,1.309999942779541,5907.0
2024-04-24 11:53:00,VERV,6.670000076293945,6.670000076293945,6.670000076293945,6.670000076293945,6.670000076293945,647.0
2024-04-24 11:53:00,VERX,28.71500015258789,28.71500015258789,28.770000457763672,28.709999084472656,28.770000457763672,100774.0
2024-04-24 11:53:00,VFF,1.3210999965667725,1.3210999965667725,1.3210999965667725,1.3210999965667725,1.3210999965667725,1031.0
2024-04-24 11:53:00,VFS,2.4600000381469727,2.4600000381469727,2.4600000381469727,2.4600000381469727,2.4600000381469727,6234.0
2024-04-24 11:53:00,VIAV,7.864999771118164,7.864999771118164,7.864999771118164,7.860000133514404,7.860000133514404,302.0
2024-04-24 11:53:00,VICR,33.13999938964844,33.13999938964844,33.13999938964844,33.099998474121094,33.099998474121094,1018.0
2024-04-24 11:53:00,VIR,8.194999694824219,8.194999694824219,8.194999694824219,8.194999694824219,8.194999694824219,663.0
2024-04-24 11:53:00,VIRT,22.520000457763672,22.520000457763672,22.520000457763672,22.40999984741211,22.40999984741211,24460.0
2024-04-24 11:53:00,VITL,26.829999923706055,26.829999923706055,26.84000015258789,26.829999923706055,26.84000015258789,962.0
2024-04-24 11:53:00,VKTX,66.04000091552734,66.04000091552734,66.05000305175781,65.8550033569336,65.8550033569336,2444.0
2024-04-24 11:53:00,VLCN,0.24979999661445618,0.24979999661445618,0.25,0.24899999797344208,0.25,12405.0
2024-04-24 11:53:00,VMD,8.0,8.0,8.0,7.989999771118164,8.0,1576.0
2024-04-24 11:53:00,VMEO,3.5399999618530273,3.5399999618530273,3.5399999618530273,3.5399999618530273,3.5399999618530273,797.0
2024-04-24 11:53:00,VOD,8.595000267028809,8.595000267028809,8.600000381469727,8.595000267028809,8.599900245666504,4062.0
2024-04-24 11:53:00,VOR,1.75,1.75,1.75,1.75,1.75,451.0
2024-04-24 11:53:00,VRCA,6.75,6.75,6.75,6.71999979019165,6.71999979019165,301.0
2024-04-24 11:53:00,VRDN,13.539999961853027,13.539999961853027,13.550000190734863,13.539999961853027,13.539999961853027,994.0
2024-04-24 11:53:00,VRNA,15.569999694824219,15.569999694824219,15.569999694824219,15.550000190734863,15.550000190734863,631.0
2024-04-24 11:53:00,VRRM,24.31999969482422,24.31999969482422,24.31999969482422,24.31999969482422,24.31999969482422,1330.0
2024-04-24 11:53:00,VRTX,401.2200012207031,401.2200012207031,401.2950134277344,401.135009765625,401.1700134277344,3131.0
2024-04-24 11:53:00,VSAT,16.06999969482422,16.06999969482422,16.110000610351562,16.06999969482422,16.100000381469727,2782.0
2024-04-24 11:53:00,VSEC,78.19499969482422,78.19499969482422,78.19499969482422,78.19499969482422,78.19499969482422,3598.0
2024-04-24 11:53:00,VTNR,1.5850000381469727,1.5850000381469727,1.5850000381469727,1.5850000381469727,1.5850000381469727,3750.0
2024-04-24 11:53:00,VUZI,1.284999966621399,1.284999966621399,1.2897000312805176,1.284999966621399,1.2897000312805176,2520.0
2024-04-24 11:53:00,VVOS,2.5999999046325684,2.5999999046325684,2.5999999046325684,2.5999999046325684,2.5999999046325684,1780.0
2024-04-24 11:53:00,VYGR,7.510000228881836,7.510000228881836,7.510000228881836,7.510000228881836,7.510000228881836,1062.0
2024-04-24 11:53:00,WAFD,27.90999984741211,27.90999984741211,27.90999984741211,27.889999389648438,27.889999389648438,645.0
2024-04-24 11:53:00,WB,8.295000076293945,8.295000076293945,8.295000076293945,8.289999961853027,8.289999961853027,1961.0
2024-04-24 11:53:00,WBA,17.649999618530273,17.649999618530273,17.649999618530273,17.645000457763672,17.645000457763672,5177.0
2024-04-24 11:53:00,WBD,8.295000076293945,8.295000076293945,8.295000076293945,8.28499984741211,8.289999961853027,39741.0
2024-04-24 11:53:00,WDAY,254.80999755859375,254.80999755859375,254.80999755859375,254.80999755859375,254.80999755859375,741.0
2024-04-24 11:53:00,WDC,68.61499786376953,68.61499786376953,68.62999725341797,68.58499908447266,68.5999984741211,3892.0
2024-04-24 11:53:00,WEN,19.944599151611328,19.944599151611328,19.950000762939453,19.940000534057617,19.94499969482422,2869.0
2024-04-24 11:53:00,WFRD,123.81999969482422,123.81999969482422,123.81999969482422,123.73999786376953,123.75499725341797,1616.0
2024-04-24 11:53:00,WHLM,6.599999904632568,6.599999904632568,6.716599941253662,6.599999904632568,6.716599941253662,2657.0
2024-04-24 11:53:00,WIMI,1.0508999824523926,1.0508999824523926,1.0700000524520874,1.0499999523162842,1.0700000524520874,100505.0
2024-04-24 11:53:00,WINA,375.56500244140625,375.56500244140625,375.56500244140625,375.56500244140625,375.56500244140625,650.0
2024-04-24 11:53:00,WISA,5.9903998374938965,5.9903998374938965,6.039999961853027,5.980000019073486,6.039999961853027,10827.0
2024-04-24 11:53:00,WKHS,0.16030000150203705,0.16030000150203705,0.16089999675750732,0.16019999980926514,0.16089999675750732,7077.0
2024-04-24 11:53:00,WMG,32.150001525878906,32.150001525878906,32.154998779296875,32.150001525878906,32.150001525878906,875.0
2024-04-24 11:53:00,WSC,37.60499954223633,37.60499954223633,37.619998931884766,37.56999969482422,37.57500076293945,6500.0
2024-04-24 11:53:00,WSFS,44.05500030517578,44.05500030517578,44.05500030517578,44.05500030517578,44.05500030517578,1262.0
2024-04-24 11:53:00,WTFC,99.5999984741211,99.5999984741211,99.5999984741211,99.5999984741211,99.5999984741211,152.0
2024-04-24 11:53:00,WTW,263.9800109863281,263.9800109863281,263.9800109863281,263.9800109863281,263.9800109863281,383.0
2024-04-24 11:53:00,WVE,5.110000133514404,5.110000133514404,5.110000133514404,5.094699859619141,5.094699859619141,530.0
2024-04-24 11:53:00,WW,1.6835999488830566,1.6835999488830566,1.6835999488830566,1.6830999851226807,1.6830999851226807,453.0
2024-04-24 11:53:00,WYNN,96.42949676513672,96.42949676513672,96.44000244140625,96.3499984741211,96.37999725341797,3759.0
2024-04-24 11:53:00,XEL,55.58000183105469,55.58000183105469,55.58000183105469,55.54999923706055,55.55500030517578,6239.0
2024-04-24 11:53:00,XERS,1.7450000047683716,1.7450000047683716,1.7450000047683716,1.7450000047683716,1.7450000047683716,214.0
2024-04-24 11:53:00,XFOR,1.25,1.25,1.25,1.2450000047683716,1.2450000047683716,566.0
2024-04-24 11:53:00,XMTR,16.809999465942383,16.809999465942383,16.809999465942383,16.809999465942383,16.809999465942383,1430.0
2024-04-24 11:53:00,XNCR,18.479999542236328,18.479999542236328,18.479999542236328,18.479999542236328,18.479999542236328,302.0
2024-04-24 11:53:00,XP,20.270000457763672,20.270000457763672,20.274999618530273,20.270000457763672,20.274999618530273,5929.0
2024-04-24 11:53:00,XRX,14.484999656677246,14.484999656677246,14.489999771118164,14.479999542236328,14.479999542236328,1780.0
2024-04-24 11:53:00,XXII,1.840000033378601,1.840000033378601,1.840999960899353,1.840000033378601,1.840999960899353,506.0
2024-04-24 11:53:00,YMAB,15.109999656677246,15.109999656677246,15.109999656677246,15.109999656677246,15.109999656677246,419.0
2024-04-24 11:53:00,Z,43.619998931884766,43.619998931884766,43.650001525878906,43.619998931884766,43.650001525878906,1745.0
2024-04-24 11:53:00,ZCMD,1.7100000381469727,1.7100000381469727,1.7100000381469727,1.7100000381469727,1.7100000381469727,798.0
2024-04-24 11:53:00,ZD,51.09000015258789,51.09000015258789,51.09000015258789,51.09000015258789,51.09000015258789,1126.0
2024-04-24 11:53:00,ZI,15.720000267028809,15.720000267028809,15.720000267028809,15.720000267028809,15.720000267028809,1249.0
2024-04-24 11:53:00,ZION,41.869998931884766,41.869998931884766,41.869998931884766,41.86000061035156,41.86000061035156,2533.0
2024-04-24 11:53:00,ZM,61.17499923706055,61.17499923706055,61.18000030517578,61.16999816894531,61.17499923706055,1563.0
2024-04-24 11:53:00,ZNTL,12.149999618530273,12.149999618530273,12.149999618530273,12.149999618530273,12.149999618530273,710.0
2024-04-24 11:53:00,ZS,176.82000732421875,176.82000732421875,176.91000366210938,176.82000732421875,176.85499572753906,1579.0
2024-04-24 11:53:00,ZYME,8.609999656677246,8.609999656677246,8.609999656677246,8.609999656677246,8.609999656677246,189.0
2024-04-24 11:54:00,COCO,23.860000610351562,23.860000610351562,23.860000610351562,23.860000610351562,23.860000610351562,117.0
2024-04-24 11:54:00,DSP,8.6899995803833,8.6899995803833,8.699999809265137,8.6899995803833,8.694999694824219,917.0
2024-04-24 11:54:00,EGHT,2.2950000762939453,2.2950000762939453,2.307499885559082,2.2950000762939453,2.307499885559082,4391.0
2024-04-24 11:54:00,ETNB,8.699999809265137,8.699999809265137,8.704999923706055,8.699999809265137,8.704999923706055,1230.0
2024-04-24 11:54:00,ME,0.4794999957084656,0.4794999957084656,0.4794999957084656,0.4771000146865845,0.4771000146865845,1803.0
2024-04-24 11:54:00,TSVT,4.300000190734863,4.300000190734863,4.300000190734863,4.295000076293945,4.299900054931641,1696.0
2024-04-24 11:54:00,TWOU,0.23109999299049377,0.23109999299049377,0.23109999299049377,0.23100000619888306,0.23109999299049377,4788.0
2024-04-24 11:54:00,TXG,27.0049991607666,27.0049991607666,27.010000228881836,26.989999771118164,27.0,2810.0
2024-04-24 11:54:00,VC,109.99500274658203,109.99500274658203,109.99500274658203,109.95999908447266,109.95999908447266,2276.0
2024-04-24 11:54:00,VCTR,49.459999084472656,49.459999084472656,49.52000045776367,49.459999084472656,49.494998931884766,3816.0
2024-04-24 11:54:00,VERU,1.309999942779541,1.309999942779541,1.309999942779541,1.309999942779541,1.309999942779541,738.0
2024-04-24 11:54:00,VERV,6.670000076293945,6.670000076293945,6.670000076293945,6.670000076293945,6.670000076293945,1296.0
2024-04-24 11:54:00,VERX,28.606000900268555,28.606000900268555,28.71500015258789,28.606000900268555,28.71500015258789,5634.0
2024-04-24 11:54:00,VFF,1.3250000476837158,1.3250000476837158,1.3250000476837158,1.3250000476837158,1.3250000476837158,457.0
2024-04-24 11:54:00,VFS,2.4649999141693115,2.4649999141693115,2.4649999141693115,2.4649999141693115,2.4649999141693115,650.0
2024-04-24 11:54:00,VIAV,7.864999771118164,7.864999771118164,7.864999771118164,7.860000133514404,7.864999771118164,384.0
2024-04-24 11:54:00,VICR,32.8650016784668,32.8650016784668,33.04999923706055,32.8650016784668,33.04999923706055,7870.0
2024-04-24 11:54:00,VIGL,2.740000009536743,2.740000009536743,2.740000009536743,2.740000009536743,2.740000009536743,729.0
2024-04-24 11:54:00,VIRT,22.729999542236328,22.729999542236328,22.7450008392334,22.5,22.50029945373535,37168.0
2024-04-24 11:54:00,VITL,26.82379913330078,26.82379913330078,26.82379913330078,26.82379913330078,26.82379913330078,1133.0
2024-04-24 11:54:00,VKTX,65.91999816894531,65.91999816894531,66.00499725341797,65.9000015258789,65.91999816894531,5777.0
2024-04-24 11:54:00,VMEO,3.5350000858306885,3.5350000858306885,3.5350000858306885,3.5350000858306885,3.5350000858306885,517.0
2024-04-24 11:54:00,VOD,8.600000381469727,8.600000381469727,8.600000381469727,8.600000381469727,8.600000381469727,573.0
2024-04-24 11:54:00,VRCA,6.724999904632568,6.724999904632568,6.724999904632568,6.724999904632568,6.724999904632568,766.0
2024-04-24 11:54:00,VRDN,13.53499984741211,13.53499984741211,13.53499984741211,13.53499984741211,13.53499984741211,132.0
2024-04-24 11:54:00,VRTS,231.4499969482422,231.4499969482422,231.4600067138672,231.4499969482422,231.4600067138672,445.0
2024-04-24 11:54:00,VRTX,401.2349853515625,401.2349853515625,401.3900146484375,401.2349853515625,401.3900146484375,673.0
2024-04-24 11:54:00,VTNR,1.5850000381469727,1.5850000381469727,1.5850000381469727,1.5850000381469727,1.5850000381469727,383.0
2024-04-24 11:54:00,VTRS,11.354999542236328,11.354999542236328,11.359999656677246,11.354999542236328,11.359999656677246,1548.0
2024-04-24 11:54:00,VTRU,12.949999809265137,12.949999809265137,12.949999809265137,12.949999809265137,12.949999809265137,101.0
2024-04-24 11:54:00,VTSI,12.0600004196167,12.0600004196167,12.0600004196167,12.0600004196167,12.0600004196167,329.0
2024-04-24 11:54:00,VUZI,1.2799999713897705,1.2799999713897705,1.2799999713897705,1.2799999713897705,1.2799999713897705,103.0
2024-04-24 11:54:00,WAFD,27.889999389648438,27.889999389648438,27.899999618530273,27.889999389648438,27.899999618530273,949.0
2024-04-24 11:54:00,WBA,17.655000686645508,17.655000686645508,17.655000686645508,17.645000457763672,17.645000457763672,9407.0
2024-04-24 11:54:00,WBD,8.292099952697754,8.292099952697754,8.295000076293945,8.289999961853027,8.295000076293945,5113.0
2024-04-24 11:54:00,WDAY,254.85000610351562,254.85000610351562,254.90499877929688,254.85000610351562,254.89999389648438,5681.0
2024-04-24 11:54:00,WDC,68.6500015258789,68.6500015258789,68.66000366210938,68.61000061035156,68.6500015258789,5190.0
2024-04-24 11:54:00,WEN,19.969999313354492,19.969999313354492,19.969999313354492,19.940000534057617,19.940000534057617,7093.0
2024-04-24 11:54:00,WERN,35.0099983215332,35.0099983215332,35.029998779296875,35.0099983215332,35.029998779296875,3040.0
2024-04-24 11:54:00,WIMI,1.0399999618530273,1.0399999618530273,1.065000057220459,1.0399999618530273,1.0499999523162842,82962.0
2024-04-24 11:54:00,WING,361.95001220703125,361.95001220703125,361.95001220703125,361.95001220703125,361.95001220703125,1926.0
2024-04-24 11:54:00,WISA,5.900000095367432,5.900000095367432,6.0,5.874599933624268,5.989999771118164,36305.0
2024-04-24 11:54:00,WKHS,0.16019999980926514,0.16019999980926514,0.16089999675750732,0.16019999980926514,0.1607999950647354,0.0
2024-04-24 11:54:00,WLGS,0.5849999785423279,0.5849999785423279,0.5870000123977661,0.5849999785423279,0.5870000123977661,15625.0
2024-04-24 11:54:00,WMG,32.150001525878906,32.150001525878906,32.150001525878906,32.150001525878906,32.150001525878906,874.0
2024-04-24 11:54:00,WSBC,28.020000457763672,28.020000457763672,28.020000457763672,28.020000457763672,28.020000457763672,111.0
2024-04-24 11:54:00,WSC,37.58000183105469,37.58000183105469,37.60499954223633,37.564998626708984,37.60499954223633,7760.0
2024-04-24 11:54:00,WTBA,16.40999984741211,16.40999984741211,16.40999984741211,16.40999984741211,16.40999984741211,244.0
2024-04-24 11:54:00,WTW,263.94000244140625,263.94000244140625,263.94000244140625,263.94000244140625,263.94000244140625,1022.0
2024-04-24 11:54:00,WW,1.6799999475479126,1.6799999475479126,1.684999942779541,1.6799999475479126,1.684999942779541,1502.0
2024-04-24 11:54:00,WWD,149.00999450683594,149.00999450683594,149.02000427246094,149.00999450683594,149.02000427246094,408.0
2024-04-24 11:54:00,XEL,55.560001373291016,55.560001373291016,55.59000015258789,55.560001373291016,55.58000183105469,6823.0
2024-04-24 11:54:00,XENE,40.38999938964844,40.38999938964844,40.435001373291016,40.380001068115234,40.43000030517578,3962.0
2024-04-24 11:54:00,XFOR,1.2599999904632568,1.2599999904632568,1.2599999904632568,1.2450000047683716,1.2450000047683716,24722.0
2024-04-24 11:54:00,XMTR,16.809999465942383,16.809999465942383,16.809999465942383,16.809999465942383,16.809999465942383,594.0
2024-04-24 11:54:00,XNCR,18.450000762939453,18.450000762939453,18.459999084472656,18.450000762939453,18.459999084472656,381.0
2024-04-24 11:54:00,XP,20.270000457763672,20.270000457763672,20.270000457763672,20.264999389648438,20.264999389648438,2832.0
2024-04-24 11:54:00,XRX,14.46500015258789,14.46500015258789,14.489999771118164,14.46500015258789,14.484999656677246,5456.0
2024-04-24 11:54:00,XXII,1.8300000429153442,1.8300000429153442,1.8309999704360962,1.8300000429153442,1.8309999704360962,1557.0
2024-04-24 11:54:00,YMAB,15.140000343322754,15.140000343322754,15.140000343322754,15.140000343322754,15.140000343322754,586.0
2024-04-24 11:54:00,YTRA,1.2997000217437744,1.2997000217437744,1.2998000383377075,1.2997000217437744,1.2998000383377075,2100.0
2024-04-24 11:54:00,Z,43.61000061035156,43.61000061035156,43.619998931884766,43.599998474121094,43.619998931884766,1676.0
2024-04-24 11:54:00,ZD,51.08000183105469,51.08000183105469,51.08000183105469,51.08000183105469,51.08000183105469,510.0
2024-04-24 11:54:00,ZG,43.060001373291016,43.060001373291016,43.060001373291016,43.060001373291016,43.060001373291016,202.0
2024-04-24 11:54:00,ZION,41.88999938964844,41.88999938964844,41.89500045776367,41.869998931884766,41.869998931884766,2804.0
2024-04-24 11:54:00,ZM,61.15999984741211,61.15999984741211,61.16999816894531,61.130001068115234,61.16999816894531,7996.0
2024-04-24 11:54:00,ZS,177.1199951171875,177.1199951171875,177.1199951171875,176.97000122070312,176.97000122070312,2544.0
2024-04-24 11:54:00,ZVSA,0.5999000072479248,0.5999000072479248,0.5999000072479248,0.5979999899864197,0.5979999899864197,574.0
2024-04-24 11:55:00,AIXI,1.2599999904632568,1.2599999904632568,1.279099941253662,1.2599999904632568,1.279099941253662,1437.0
2024-04-24 11:55:00,COCO,23.889999389648438,23.889999389648438,23.889999389648438,23.889999389648438,23.889999389648438,1504.0
2024-04-24 11:55:00,DIBS,5.380000114440918,5.380000114440918,5.380000114440918,5.380000114440918,5.380000114440918,141.0
2024-04-24 11:55:00,ETNB,8.694999694824219,8.694999694824219,8.699999809265137,8.694999694824219,8.694999694824219,800.0
2024-04-24 11:55:00,FLWS,9.119999885559082,9.119999885559082,9.119999885559082,9.119999885559082,9.119999885559082,942.0
2024-04-24 11:55:00,HOWL,6.300000190734863,6.300000190734863,6.300000190734863,6.300000190734863,6.300000190734863,1344.0
2024-04-24 11:55:00,MAPS,1.090000033378601,1.090000033378601,1.090000033378601,1.090000033378601,1.090000033378601,1.0
2024-04-24 11:55:00,ME,0.4779999852180481,0.4779999852180481,0.4779999852180481,0.4779999852180481,0.4779999852180481,128.0
2024-04-24 11:55:00,TKLF,0.23100000619888306,0.23100000619888306,0.23100000619888306,0.23100000619888306,0.23100000619888306,213.0
2024-04-24 11:55:00,TSVT,4.308700084686279,4.308700084686279,4.308700084686279,4.308700084686279,4.308700084686279,1604.0
2024-04-24 11:55:00,TWOU,0.23109999299049377,0.23109999299049377,0.23109999299049377,0.23109999299049377,0.23109999299049377,1803.0
2024-04-24 11:55:00,TXG,26.989999771118164,26.989999771118164,26.989999771118164,26.989999771118164,26.989999771118164,1577.0
2024-04-24 11:55:00,VCTR,49.47999954223633,49.47999954223633,49.52000045776367,49.47999954223633,49.47999954223633,1455.0
2024-04-24 11:55:00,VERU,1.309999942779541,1.309999942779541,1.3174999952316284,1.309999942779541,1.3174999952316284,1500.0
2024-04-24 11:55:00,VERV,6.659999847412109,6.659999847412109,6.659999847412109,6.659999847412109,6.659999847412109,185.0
2024-04-24 11:55:00,VERX,28.549999237060547,28.549999237060547,28.65999984741211,28.549999237060547,28.6299991607666,7931.0
2024-04-24 11:55:00,VFS,2.4549999237060547,2.4549999237060547,2.4600000381469727,2.4549999237060547,2.4600000381469727,9849.0
2024-04-24 11:55:00,VIAV,7.864999771118164,7.864999771118164,7.869999885559082,7.864999771118164,7.869999885559082,239.0
2024-04-24 11:55:00,VICR,32.65999984741211,32.65999984741211,32.7599983215332,32.619998931884766,32.75,1663.0
2024-04-24 11:55:00,VIR,8.194999694824219,8.194999694824219,8.194999694824219,8.194999694824219,8.194999694824219,565.0
2024-04-24 11:55:00,VIRT,22.649999618530273,22.649999618530273,22.770000457763672,22.649999618530273,22.725000381469727,9801.0
2024-04-24 11:55:00,VIVK,1.6480000019073486,1.6480000019073486,1.6480000019073486,1.6399999856948853,1.6399999856948853,980.0
2024-04-24 11:55:00,VKTX,65.93000030517578,65.93000030517578,66.0,65.87999725341797,65.87999725341797,4928.0
2024-04-24 11:55:00,VLCN,0.24860000610351562,0.24860000610351562,0.25029999017715454,0.24799999594688416,0.24969999492168427,19239.0
2024-04-24 11:55:00,VMD,7.989999771118164,7.989999771118164,7.989999771118164,7.989999771118164,7.989999771118164,15.0
2024-04-24 11:55:00,VMEO,3.5350000858306885,3.5350000858306885,3.5350000858306885,3.5350000858306885,3.5350000858306885,1224.0
2024-04-24 11:55:00,VNET,1.5199999809265137,1.5199999809265137,1.5199999809265137,1.5199999809265137,1.5199999809265137,300.0
2024-04-24 11:55:00,VOD,8.595000267028809,8.595000267028809,8.600000381469727,8.595000267028809,8.598799705505371,13917.0
2024-04-24 11:55:00,VRCA,6.7179999351501465,6.7179999351501465,6.7179999351501465,6.7179999351501465,6.7179999351501465,178.0
2024-04-24 11:55:00,VRDN,13.520000457763672,13.520000457763672,13.550000190734863,13.520000457763672,13.550000190734863,1510.0
2024-04-24 11:55:00,VRNA,15.569999694824219,15.569999694824219,15.569999694824219,15.569999694824219,15.569999694824219,103.0
2024-04-24 11:55:00,VRRM,24.31999969482422,24.31999969482422,24.31999969482422,24.31999969482422,24.31999969482422,718.0
2024-04-24 11:55:00,VRTX,401.4949951171875,401.4949951171875,401.51251220703125,401.4150085449219,401.4700012207031,983.0
2024-04-24 11:55:00,VTNR,1.5850000381469727,1.5850000381469727,1.5850000381469727,1.5850000381469727,1.5850000381469727,3000.0
2024-04-24 11:55:00,VTRS,11.359999656677246,11.359999656677246,11.359999656677246,11.354999542236328,11.354999542236328,1351.0
2024-04-24 11:55:00,VTSI,12.029999732971191,12.029999732971191,12.039999961853027,12.029999732971191,12.039999961853027,757.0
2024-04-24 11:55:00,VVPR,3.621799945831299,3.621799945831299,3.621799945831299,3.621799945831299,3.621799945831299,1304.0
2024-04-24 11:55:00,WAFD,27.895000457763672,27.895000457763672,27.895000457763672,27.895000457763672,27.895000457763672,461.0
2024-04-24 11:55:00,WALD,5.264999866485596,5.264999866485596,5.264999866485596,5.264999866485596,5.264999866485596,112.0
2024-04-24 11:55:00,WASH,26.059999465942383,26.059999465942383,26.059999465942383,26.059999465942383,26.059999465942383,978.0
2024-04-24 11:55:00,WBA,17.649999618530273,17.649999618530273,17.65999984741211,17.645000457763672,17.65290069580078,15682.0
2024-04-24 11:55:00,WBD,8.295000076293945,8.295000076293945,8.299699783325195,8.295000076293945,8.299699783325195,10604.0
2024-04-24 11:55:00,WDC,68.62999725341797,68.62999725341797,68.6500015258789,68.61499786376953,68.6500015258789,4061.0
2024-04-24 11:55:00,WEN,19.96500015258789,19.96500015258789,19.96500015258789,19.96500015258789,19.96500015258789,1934.0
2024-04-24 11:55:00,WFRD,123.76499938964844,123.76499938964844,123.9000015258789,123.76499938964844,123.82499694824219,1875.0
2024-04-24 11:55:00,WHFCL,25.09000015258789,25.09000015258789,25.100000381469727,25.09000015258789,25.09000015258789,1300.0
2024-04-24 11:55:00,WHLM,6.659999847412109,6.659999847412109,6.659999847412109,6.659999847412109,6.659999847412109,604.0
2024-04-24 11:55:00,WIMI,1.0396000146865845,1.0396000146865845,1.0449999570846558,1.0299999713897705,1.0449999570846558,86747.0
2024-04-24 11:55:00,WISA,5.869999885559082,5.869999885559082,5.8790998458862305,5.809999942779541,5.8790998458862305,17252.0
2024-04-24 11:55:00,WIX,121.7300033569336,121.7300033569336,121.92500305175781,121.7300033569336,121.87000274658203,3423.0
2024-04-24 11:55:00,WKHS,0.1607999950647354,0.1607999950647354,0.16089999675750732,0.1607999950647354,0.1607999950647354,4178.0
2024-04-24 11:55:00,WMG,32.15999984741211,32.15999984741211,32.15999984741211,32.15999984741211,32.15999984741211,1323.0
2024-04-24 11:55:00,WNEB,6.46999979019165,6.46999979019165,6.46999979019165,6.46999979019165,6.46999979019165,111.0
2024-04-24 11:55:00,WSBC,28.030000686645508,28.030000686645508,28.059999465942383,28.030000686645508,28.049999237060547,2800.0
2024-04-24 11:55:00,WSC,37.57500076293945,37.57500076293945,37.58000183105469,37.57500076293945,37.58000183105469,481.0
2024-04-24 11:55:00,WTFC,99.56999969482422,99.56999969482422,99.62999725341797,99.56999969482422,99.58000183105469,1080.0
2024-04-24 11:55:00,WVE,5.110000133514404,5.110000133514404,5.110000133514404,5.090000152587891,5.090000152587891,509.0
2024-04-24 11:55:00,WW,1.6799999475479126,1.6799999475479126,1.684999942779541,1.6799999475479126,1.684999942779541,2791.0
2024-04-24 11:55:00,WWD,149.08999633789062,149.08999633789062,149.08999633789062,149.08999633789062,149.08999633789062,124.0
2024-04-24 11:55:00,WYNN,96.42500305175781,96.42500305175781,96.42500305175781,96.42500305175781,96.42500305175781,564.0
2024-04-24 11:55:00,XBIT,8.289999961853027,8.289999961853027,8.289999961853027,8.289999961853027,8.289999961853027,321.0
2024-04-24 11:55:00,XEL,55.560001373291016,55.560001373291016,55.57500076293945,55.560001373291016,55.560001373291016,3079.0
2024-04-24 11:55:00,XENE,40.36000061035156,40.36000061035156,40.40999984741211,40.36000061035156,40.40999984741211,1739.0
2024-04-24 11:55:00,XERS,1.7450000047683716,1.7450000047683716,1.7450000047683716,1.7400000095367432,1.7400000095367432,6232.0
2024-04-24 11:55:00,XNCR,18.479999542236328,18.479999542236328,18.479999542236328,18.459999084472656,18.459999084472656,794.0
2024-04-24 11:55:00,XP,20.264999389648438,20.264999389648438,20.280000686645508,20.264999389648438,20.264999389648438,6053.0
2024-04-24 11:55:00,XRX,14.479999542236328,14.479999542236328,14.484999656677246,14.460000038146973,14.46500015258789,11398.0
2024-04-24 11:55:00,Z,43.61000061035156,43.61000061035156,43.61000061035156,43.60499954223633,43.60499954223633,2791.0
2024-04-24 11:55:00,ZD,51.064998626708984,51.064998626708984,51.06999969482422,51.064998626708984,51.06999969482422,776.0
2024-04-24 11:55:00,ZG,43.099998474121094,43.099998474121094,43.099998474121094,43.08000183105469,43.08000183105469,1227.0
2024-04-24 11:55:00,ZI,15.71500015258789,15.71500015258789,15.725000381469727,15.71500015258789,15.725000381469727,3285.0
2024-04-24 11:55:00,ZION,41.880001068115234,41.880001068115234,41.90999984741211,41.869998931884766,41.880001068115234,8771.0
2024-04-24 11:55:00,ZLAB,15.632499694824219,15.632499694824219,15.632499694824219,15.632499694824219,15.632499694824219,200.0
2024-04-24 11:55:00,ZM,61.119998931884766,61.119998931884766,61.15999984741211,61.119998931884766,61.15999984741211,4064.0
2024-04-24 11:55:00,ZS,176.8300018310547,176.8300018310547,177.10000610351562,176.8300018310547,177.10000610351562,2152.0
2024-04-24 11:56:00,DIBS,5.380000114440918,5.380000114440918,5.380000114440918,5.380000114440918,5.380000114440918,752.0
2024-04-24 11:56:00,DSP,8.630000114440918,8.630000114440918,8.630000114440918,8.630000114440918,8.630000114440918,652.0
2024-04-24 11:56:00,EGHT,2.305000066757202,2.305000066757202,2.305000066757202,2.2950000762939453,2.2950000762939453,4497.0
2024-04-24 11:56:00,ETNB,8.699999809265137,8.699999809265137,8.699999809265137,8.694999694824219,8.694999694824219,258.0
2024-04-24 11:56:00,FREE,4.820000171661377,4.820000171661377,4.820000171661377,4.820000171661377,4.820000171661377,120.0
2024-04-24 11:56:00,TSVT,4.309999942779541,4.309999942779541,4.315000057220459,4.309999942779541,4.315000057220459,107.0
2024-04-24 11:56:00,TWOU,0.23119999468326569,0.23119999468326569,0.2313999980688095,0.23109999299049377,0.23109999299049377,7177.0
2024-04-24 11:56:00,TXG,26.989999771118164,26.989999771118164,27.0,26.989999771118164,27.0,3038.0
2024-04-24 11:56:00,VCTR,49.494998931884766,49.494998931884766,49.5099983215332,49.4900016784668,49.4900016784668,2337.0
2024-04-24 11:56:00,VERU,1.315000057220459,1.315000057220459,1.315000057220459,1.309999942779541,1.315000057220459,9701.0
2024-04-24 11:56:00,VERX,28.6299991607666,28.6299991607666,28.655000686645508,28.59000015258789,28.614999771118164,12619.0
2024-04-24 11:56:00,VIAV,7.869999885559082,7.869999885559082,7.869999885559082,7.860000133514404,7.864999771118164,581.0
2024-04-24 11:56:00,VICR,32.61000061035156,32.61000061035156,32.66999816894531,32.61000061035156,32.61000061035156,2585.0
2024-04-24 11:56:00,VIR,8.194999694824219,8.194999694824219,8.194999694824219,8.1899995803833,8.194999694824219,698.0
2024-04-24 11:56:00,VIRC,10.59000015258789,10.59000015258789,10.600000381469727,10.59000015258789,10.600000381469727,1782.0
2024-04-24 11:56:00,VIRI,0.460099995136261,0.460099995136261,0.460999995470047,0.460099995136261,0.460999995470047,1031.0
2024-04-24 11:56:00,VIRT,22.700000762939453,22.700000762939453,22.700000762939453,22.610000610351562,22.649999618530273,14037.0
2024-04-24 11:56:00,VITL,26.809999465942383,26.809999465942383,26.809999465942383,26.780000686645508,26.780000686645508,2580.0
2024-04-24 11:56:00,VIVK,1.6410000324249268,1.6410000324249268,1.6410000324249268,1.6410000324249268,1.6410000324249268,0.0
2024-04-24 11:56:00,VKTX,65.8490982055664,65.8490982055664,65.93219757080078,65.80819702148438,65.93219757080078,4970.0
2024-04-24 11:56:00,VLCN,0.25189998745918274,0.25189998745918274,0.25189998745918274,0.25189998745918274,0.25189998745918274,4607.0
2024-04-24 11:56:00,VMEO,3.5350000858306885,3.5350000858306885,3.5350000858306885,3.5350000858306885,3.5350000858306885,861.0
2024-04-24 11:56:00,VNET,1.5199999809265137,1.5199999809265137,1.5199999809265137,1.5199999809265137,1.5199999809265137,122.0
2024-04-24 11:56:00,VOD,8.595000267028809,8.595000267028809,8.598699569702148,8.595000267028809,8.598699569702148,5236.0
2024-04-24 11:56:00,VOR,1.75,1.75,1.75,1.75,1.75,300.0
2024-04-24 11:56:00,VRDN,13.520000457763672,13.520000457763672,13.539999961853027,13.520000457763672,13.53499984741211,2156.0
2024-04-24 11:56:00,VRNA,15.579999923706055,15.579999923706055,15.579999923706055,15.579999923706055,15.579999923706055,406.0
2024-04-24 11:56:00,VRTX,401.5299987792969,401.5299987792969,401.5299987792969,401.5299987792969,401.5299987792969,290.0
2024-04-24 11:56:00,VSAT,16.030000686645508,16.030000686645508,16.03019905090332,16.0,16.03019905090332,4180.0
2024-04-24 11:56:00,VTNR,1.5850000381469727,1.5850000381469727,1.5850000381469727,1.5850000381469727,1.5850000381469727,400.0
2024-04-24 11:56:00,VTRS,11.354999542236328,11.354999542236328,11.359999656677246,11.354999542236328,11.359999656677246,1025.0
2024-04-24 11:56:00,VUZI,1.2699999809265137,1.2699999809265137,1.284999966621399,1.2699999809265137,1.284999966621399,60642.0
2024-04-24 11:56:00,VWE,0.27000001072883606,0.27000001072883606,0.27000001072883606,0.2687000036239624,0.26899999380111694,9101.0
2024-04-24 11:56:00,VYNE,2.319999933242798,2.319999933242798,2.319999933242798,2.319999933242798,2.319999933242798,0.0
2024-04-24 11:56:00,WAFD,27.8700008392334,27.8700008392334,27.8799991607666,27.8700008392334,27.8799991607666,497.0
2024-04-24 11:56:00,WB,8.300000190734863,8.300000190734863,8.300000190734863,8.295000076293945,8.295000076293945,486.0
2024-04-24 11:56:00,WBA,17.655000686645508,17.655000686645508,17.655000686645508,17.641000747680664,17.645000457763672,15998.0
2024-04-24 11:56:00,WBD,8.295000076293945,8.295000076293945,8.295000076293945,8.279999732971191,8.295000076293945,36906.0
2024-04-24 11:56:00,WDAY,254.6300048828125,254.6300048828125,254.6300048828125,254.6300048828125,254.6300048828125,182.0
2024-04-24 11:56:00,WDC,68.63999938964844,68.63999938964844,68.63999938964844,68.54000091552734,68.62999725341797,8433.0
2024-04-24 11:56:00,WEN,19.96500015258789,19.96500015258789,19.96500015258789,19.954999923706055,19.959999084472656,8214.0
2024-04-24 11:56:00,WERN,35.095001220703125,35.095001220703125,35.095001220703125,35.095001220703125,35.095001220703125,435.0
2024-04-24 11:56:00,WEST,9.90999984741211,9.90999984741211,9.90999984741211,9.90999984741211,9.90999984741211,249.0
2024-04-24 11:56:00,WFRD,123.5291976928711,123.5291976928711,123.74500274658203,123.5291976928711,123.74500274658203,2848.0
2024-04-24 11:56:00,WHF,12.805000305175781,12.805000305175781,12.835000038146973,12.779999732971191,12.835000038146973,3790.0
2024-04-24 11:56:00,WHFCL,25.079999923706055,25.079999923706055,25.079999923706055,25.079999923706055,25.079999923706055,500.0
2024-04-24 11:56:00,WIMI,1.0199999809265137,1.0199999809265137,1.0399999618530273,1.0199999809265137,1.0399999618530273,138157.0
2024-04-24 11:56:00,WISA,5.84499979019165,5.84499979019165,5.869999885559082,5.822000026702881,5.853700160980225,10601.0
2024-04-24 11:56:00,WIX,121.61000061035156,121.61000061035156,121.70999908447266,121.61000061035156,121.70999908447266,1749.0
2024-04-24 11:56:00,WKHS,0.1606999933719635,0.1606999933719635,0.1607999950647354,0.1606999933719635,0.1607999950647354,5100.0
2024-04-24 11:56:00,WKSP,0.3720000088214874,0.3720000088214874,0.3720000088214874,0.3720000088214874,0.3720000088214874,291.0
2024-04-24 11:56:00,WMG,32.15999984741211,32.15999984741211,32.165000915527344,32.154998779296875,32.165000915527344,1958.0
2024-04-24 11:56:00,WSC,37.56999969482422,37.56999969482422,37.584999084472656,37.55500030517578,37.584999084472656,3578.0
2024-04-24 11:56:00,WTFC,99.51000213623047,99.51000213623047,99.51000213623047,99.51000213623047,99.51000213623047,242.0
2024-04-24 11:56:00,WTW,263.6700134277344,263.6700134277344,263.79998779296875,263.6700134277344,263.79998779296875,1234.0
2024-04-24 11:56:00,WVE,5.099999904632568,5.099999904632568,5.099999904632568,5.099999904632568,5.099999904632568,524.0
2024-04-24 11:56:00,WW,1.6799999475479126,1.6799999475479126,1.6799999475479126,1.6799999475479126,1.6799999475479126,1248.0
2024-04-24 11:56:00,WWD,149.0850067138672,149.0850067138672,149.0850067138672,149.0500030517578,149.0500030517578,1240.0
2024-04-24 11:56:00,WYNN,96.40630340576172,96.40630340576172,96.40630340576172,96.37000274658203,96.37000274658203,1375.0
2024-04-24 11:56:00,XEL,55.540000915527344,55.540000915527344,55.540000915527344,55.525001525878906,55.540000915527344,6570.0
2024-04-24 11:56:00,XENE,40.33000183105469,40.33000183105469,40.33000183105469,40.33000183105469,40.33000183105469,402.0
2024-04-24 11:56:00,XERS,1.7400000095367432,1.7400000095367432,1.7450000047683716,1.7400000095367432,1.7450000047683716,0.0
2024-04-24 11:56:00,XMTR,16.799999237060547,16.799999237060547,16.799999237060547,16.790000915527344,16.799999237060547,1197.0
2024-04-24 11:56:00,XP,20.260000228881836,20.260000228881836,20.264999389648438,20.260000228881836,20.264999389648438,3230.0
2024-04-24 11:56:00,XRX,14.475000381469727,14.475000381469727,14.475000381469727,14.454999923706055,14.475000381469727,8114.0
2024-04-24 11:56:00,XXII,1.8200000524520874,1.8200000524520874,1.8200000524520874,1.8200000524520874,1.8200000524520874,760.0
2024-04-24 11:56:00,Z,43.630001068115234,43.630001068115234,43.65999984741211,43.59000015258789,43.619998931884766,38569.0
2024-04-24 11:56:00,ZD,51.0,51.0,51.029998779296875,51.0,51.029998779296875,659.0
2024-04-24 11:56:00,ZG,43.119998931884766,43.119998931884766,43.119998931884766,43.084999084472656,43.11000061035156,3111.0
2024-04-24 11:56:00,ZI,15.71500015258789,15.71500015258789,15.71500015258789,15.71500015258789,15.71500015258789,201.0
2024-04-24 11:56:00,ZIMV,15.75,15.75,15.75,15.710000038146973,15.710000038146973,2024.0
2024-04-24 11:56:00,ZION,41.81999969482422,41.81999969482422,41.869998931884766,41.810001373291016,41.869998931884766,3413.0
2024-04-24 11:56:00,ZLAB,15.640000343322754,15.640000343322754,15.640000343322754,15.609999656677246,15.625,3027.0
2024-04-24 11:56:00,ZM,61.125,61.125,61.125,61.099998474121094,61.119998931884766,2610.0
2024-04-24 11:56:00,ZTEK,1.1198999881744385,1.1198999881744385,1.1198999881744385,1.1198999881744385,1.1198999881744385,736.0
2024-04-24 11:56:00,ZURA,3.200000047683716,3.200000047683716,3.200000047683716,3.200000047683716,3.200000047683716,309.0
2024-04-24 11:56:00,ZVRA,4.500100135803223,4.500100135803223,4.500100135803223,4.500100135803223,4.500100135803223,1351.0
2024-04-24 11:56:00,ZVSA,0.599399983882904,0.599399983882904,0.5999000072479248,0.599399983882904,0.599399983882904,635.0
2024-04-24 11:56:00,ZYME,8.595000267028809,8.595000267028809,8.595000267028809,8.595000267028809,8.595000267028809,218.0
2024-04-24 11:57:00,DSP,8.649999618530273,8.649999618530273,8.649999618530273,8.649999618530273,8.649999618530273,702.0
2024-04-24 11:57:00,ETNB,8.694999694824219,8.694999694824219,8.694999694824219,8.694999694824219,8.694999694824219,338.0
2024-04-24 11:57:00,MAPS,1.090000033378601,1.090000033378601,1.090000033378601,1.090000033378601,1.090000033378601,300.0
2024-04-24 11:57:00,ME,0.4796000123023987,0.4796000123023987,0.4814999997615814,0.47780001163482666,0.47780001163482666,2199.0
2024-04-24 11:57:00,SCWO,1.3200000524520874,1.3200000524520874,1.3300000429153442,1.3200000524520874,1.3299000263214111,3321.0
2024-04-24 11:57:00,SEAT,5.815000057220459,5.815000057220459,5.815000057220459,5.815000057220459,5.815000057220459,1195.0
2024-04-24 11:57:00,TSVT,4.319900035858154,4.319900035858154,4.319900035858154,4.304999828338623,4.304999828338623,7291.0
2024-04-24 11:57:00,TWOU,0.2312999963760376,0.2312999963760376,0.2313999980688095,0.23119999468326569,0.23119999468326569,2201.0
2024-04-24 11:57:00,TXG,27.0,27.0,27.010000228881836,27.0,27.0,657.0
2024-04-24 11:57:00,VANI,1.7735999822616577,1.7735999822616577,1.7735999822616577,1.7735999822616577,1.7735999822616577,962.0
2024-04-24 11:57:00,VCTR,49.54999923706055,49.54999923706055,49.54999923706055,49.52000045776367,49.52000045776367,2088.0
2024-04-24 11:57:00,VERU,1.309999942779541,1.309999942779541,1.3174999952316284,1.309999942779541,1.3174999952316284,2839.0
2024-04-24 11:57:00,VERV,6.675000190734863,6.675000190734863,6.675000190734863,6.650000095367432,6.650000095367432,2286.0
2024-04-24 11:57:00,VERX,28.719999313354492,28.719999313354492,28.719999313354492,28.709999084472656,28.709999084472656,3921.0
2024-04-24 11:57:00,VIR,8.1850004196167,8.1850004196167,8.1850004196167,8.180000305175781,8.1850004196167,1894.0
2024-04-24 11:57:00,VIRC,10.58329963684082,10.58329963684082,10.58329963684082,10.58329963684082,10.58329963684082,266.0
2024-04-24 11:57:00,VIRI,0.4602000117301941,0.4602000117301941,0.4602000117301941,0.4602000117301941,0.4602000117301941,5504.0
2024-04-24 11:57:00,VIRT,22.700000762939453,22.700000762939453,22.735000610351562,22.670000076293945,22.689800262451172,11142.0
2024-04-24 11:57:00,VIRX,0.8499000072479248,0.8499000072479248,0.8499000072479248,0.8499000072479248,0.8499000072479248,1010.0
2024-04-24 11:57:00,VITL,26.790000915527344,26.790000915527344,26.790000915527344,26.790000915527344,26.790000915527344,453.0
2024-04-24 11:57:00,VIVK,1.6200000047683716,1.6200000047683716,1.6399999856948853,1.6200000047683716,1.6399999856948853,2591.0
2024-04-24 11:57:00,VKTX,65.8499984741211,65.8499984741211,65.94000244140625,65.77999877929688,65.79000091552734,2848.0
2024-04-24 11:57:00,VLCN,0.25380000472068787,0.25380000472068787,0.25380000472068787,0.2531999945640564,0.2531999945640564,342.0
2024-04-24 11:57:00,VOD,8.595000267028809,8.595000267028809,8.595000267028809,8.595000267028809,8.595000267028809,420.0
2024-04-24 11:57:00,VOR,1.7598999738693237,1.7598999738693237,1.7598999738693237,1.7598999738693237,1.7598999738693237,332.0
2024-04-24 11:57:00,VRDN,13.520000457763672,13.520000457763672,13.524999618530273,13.520000457763672,13.520000457763672,2010.0
2024-04-24 11:57:00,VRTX,401.6000061035156,401.6000061035156,401.6000061035156,401.55999755859375,401.55999755859375,1180.0
2024-04-24 11:57:00,VTNR,1.5850000381469727,1.5850000381469727,1.5850000381469727,1.5850000381469727,1.5850000381469727,302.0
2024-04-24 11:57:00,VTRS,11.364999771118164,11.364999771118164,11.369999885559082,11.359999656677246,11.359999656677246,6110.0
2024-04-24 11:57:00,VUZI,1.2700999975204468,1.2700999975204468,1.2700999975204468,1.2699999809265137,1.2699999809265137,9318.0
2024-04-24 11:57:00,VYGR,7.510000228881836,7.510000228881836,7.510000228881836,7.510000228881836,7.510000228881836,2070.0
2024-04-24 11:57:00,WABC,47.27000045776367,47.27000045776367,47.27000045776367,47.27000045776367,47.27000045776367,247.0
2024-04-24 11:57:00,WAFD,27.8700008392334,27.8700008392334,27.8700008392334,27.8700008392334,27.8700008392334,323.0
2024-04-24 11:57:00,WASH,26.059999465942383,26.059999465942383,26.06999969482422,26.059999465942383,26.06999969482422,484.0
2024-04-24 11:57:00,WB,8.28499984741211,8.28499984741211,8.289999961853027,8.28499984741211,8.289999961853027,1279.0
2024-04-24 11:57:00,WBA,17.65999984741211,17.65999984741211,17.65999984741211,17.655000686645508,17.655799865722656,4608.0
2024-04-24 11:57:00,WBD,8.295000076293945,8.295000076293945,8.29990005493164,8.289999961853027,8.295000076293945,14166.0
2024-04-24 11:57:00,WDAY,254.5449981689453,254.5449981689453,254.6199951171875,254.49000549316406,254.6199951171875,2337.0
2024-04-24 11:57:00,WDC,68.625,68.625,68.65249633789062,68.61000061035156,68.62999725341797,4552.0
2024-04-24 11:57:00,WEN,19.975000381469727,19.975000381469727,19.975000381469727,19.969999313354492,19.969999313354492,3687.0
2024-04-24 11:57:00,WFRD,123.625,123.625,123.625,123.55000305175781,123.55000305175781,817.0
2024-04-24 11:57:00,WHLM,6.694200038909912,6.694200038909912,6.694200038909912,6.694200038909912,6.694200038909912,715.0
2024-04-24 11:57:00,WIMI,1.0398999452590942,1.0398999452590942,1.0398999452590942,1.0199999809265137,1.0204999446868896,109565.0
2024-04-24 11:57:00,WISA,5.880000114440918,5.880000114440918,5.949999809265137,5.860000133514404,5.860000133514404,10291.0
2024-04-24 11:57:00,WKHS,0.16060000658035278,0.16060000658035278,0.1607999950647354,0.16060000658035278,0.1606999933719635,10059.0
2024-04-24 11:57:00,WMG,32.15999984741211,32.15999984741211,32.15999984741211,32.15999984741211,32.15999984741211,564.0
2024-04-24 11:57:00,WNEB,6.46999979019165,6.46999979019165,6.46999979019165,6.46999979019165,6.46999979019165,997.0
2024-04-24 11:57:00,WSC,37.564998626708984,37.564998626708984,37.564998626708984,37.564998626708984,37.564998626708984,129.0
2024-04-24 11:57:00,WSFS,44.05500030517578,44.05500030517578,44.05500030517578,44.05500030517578,44.05500030517578,798.0
2024-04-24 11:57:00,WTFC,99.52999877929688,99.52999877929688,99.52999877929688,99.49500274658203,99.49500274658203,963.0
2024-04-24 11:57:00,WVE,5.110000133514404,5.110000133514404,5.110000133514404,5.110000133514404,5.110000133514404,202.0
2024-04-24 11:57:00,WWD,149.25999450683594,149.25999450683594,149.25999450683594,149.11000061035156,149.11000061035156,1141.0
2024-04-24 11:57:00,WYNN,96.40499877929688,96.40499877929688,96.43000030517578,96.36000061035156,96.37000274658203,2940.0
2024-04-24 11:57:00,XEL,55.560001373291016,55.560001373291016,55.564998626708984,55.53499984741211,55.53499984741211,8139.0
2024-04-24 11:57:00,XENE,40.290000915527344,40.290000915527344,40.30500030517578,40.27000045776367,40.290000915527344,1307.0
2024-04-24 11:57:00,XERS,1.7450000047683716,1.7450000047683716,1.7450000047683716,1.7450000047683716,1.7450000047683716,449.0
2024-04-24 11:57:00,XMTR,16.780000686645508,16.780000686645508,16.780000686645508,16.780000686645508,16.780000686645508,811.0
2024-04-24 11:57:00,XNCR,18.479999542236328,18.479999542236328,18.479999542236328,18.479999542236328,18.479999542236328,1328.0
2024-04-24 11:57:00,XP,20.290000915527344,20.290000915527344,20.290000915527344,20.270000457763672,20.270000457763672,6436.0
2024-04-24 11:57:00,XRX,14.460000038146973,14.460000038146973,14.484999656677246,14.460000038146973,14.475000381469727,5428.0
2024-04-24 11:57:00,XXII,1.843000054359436,1.843000054359436,1.843000054359436,1.843000054359436,1.843000054359436,150.0
2024-04-24 11:57:00,Z,43.59000015258789,43.59000015258789,43.650001525878906,43.58000183105469,43.630001068115234,9392.0
2024-04-24 11:57:00,ZAPP,4.260000228881836,4.260000228881836,4.59660005569458,4.260000228881836,4.59660005569458,2809.0
2024-04-24 11:57:00,ZBRA,274.9200134277344,274.9200134277344,274.9200134277344,274.9200134277344,274.9200134277344,186.0
2024-04-24 11:57:00,ZCMD,1.690000057220459,1.690000057220459,1.690000057220459,1.690000057220459,1.690000057220459,1920.0
2024-04-24 11:57:00,ZG,43.084999084472656,43.084999084472656,43.099998474121094,43.084999084472656,43.099998474121094,535.0
2024-04-24 11:57:00,ZI,15.720000267028809,15.720000267028809,15.720000267028809,15.71500015258789,15.71500015258789,2211.0
2024-04-24 11:57:00,ZM,61.11000061035156,61.11000061035156,61.119998931884766,61.099998474121094,61.119998931884766,3177.0
2024-04-24 11:57:00,ZNTL,12.125,12.125,12.125,12.109999656677246,12.109999656677246,1637.0
2024-04-24 11:57:00,ZS,176.56500244140625,176.56500244140625,176.5800018310547,176.52999877929688,176.5800018310547,983.0
2024-04-24 11:57:00,ZUMZ,16.885000228881836,16.885000228881836,16.885000228881836,16.885000228881836,16.885000228881836,850.0
2024-04-24 11:57:00,ZURA,3.180000066757202,3.180000066757202,3.180000066757202,3.180000066757202,3.180000066757202,2511.0
2024-04-24 11:57:00,ZVSA,0.5999000072479248,0.5999000072479248,0.5999000072479248,0.5999000072479248,0.5999000072479248,137.0
2024-04-24 11:58:00,AIXI,1.2599999904632568,1.2599999904632568,1.2599999904632568,1.25,1.25,520.0
2024-04-24 11:58:00,DIBS,5.380000114440918,5.380000114440918,5.380000114440918,5.380000114440918,5.380000114440918,0.0
2024-04-24 11:58:00,ETNB,8.704999923706055,8.704999923706055,8.704999923706055,8.699999809265137,8.699999809265137,984.0
2024-04-24 11:58:00,MAPS,1.090000033378601,1.090000033378601,1.090000033378601,1.090000033378601,1.090000033378601,100.0
2024-04-24 11:58:00,ME,0.4781999886035919,0.4781999886035919,0.4796000123023987,0.4781999886035919,0.4787999987602234,2531.0
2024-04-24 11:58:00,SCWO,1.3200000524520874,1.3200000524520874,1.3200000524520874,1.3200000524520874,1.3200000524520874,508.0
2024-04-24 11:58:00,TSVT,4.309999942779541,4.309999942779541,4.309999942779541,4.309999942779541,4.309999942779541,113.0
2024-04-24 11:58:00,TWOU,0.23149999976158142,0.23149999976158142,0.23160000145435333,0.2312999963760376,0.2312999963760376,1357.0
2024-04-24 11:58:00,TXG,26.980100631713867,26.980100631713867,27.030000686645508,26.980100631713867,27.0,5712.0
2024-04-24 11:58:00,VCTR,49.5,49.5,49.599998474121094,49.5,49.58000183105469,3286.0
2024-04-24 11:58:00,VERU,1.309999942779541,1.309999942779541,1.309999942779541,1.309999942779541,1.309999942779541,800.0
2024-04-24 11:58:00,VERV,6.690000057220459,6.690000057220459,6.690000057220459,6.679999828338623,6.679999828338623,4972.0
2024-04-24 11:58:00,VERX,28.655000686645508,28.655000686645508,28.704999923706055,28.649999618530273,28.704999923706055,3749.0
2024-04-24 11:58:00,VFF,1.3289999961853027,1.3289999961853027,1.3289999961853027,1.3276000022888184,1.3276000022888184,1200.0
2024-04-24 11:58:00,VIAV,7.869999885559082,7.869999885559082,7.869999885559082,7.869699954986572,7.869999885559082,844.0
2024-04-24 11:58:00,VICR,32.66999816894531,32.66999816894531,32.66999816894531,32.60499954223633,32.667999267578125,4024.0
2024-04-24 11:58:00,VINP,10.350000381469727,10.350000381469727,10.350000381469727,10.350000381469727,10.350000381469727,273.0
2024-04-24 11:58:00,VIRT,22.709999084472656,22.709999084472656,22.71500015258789,22.704999923706055,22.704999923706055,1717.0
2024-04-24 11:58:00,VITL,26.809600830078125,26.809600830078125,26.809600830078125,26.809600830078125,26.809600830078125,304.0
2024-04-24 11:58:00,VIVK,1.590000033378601,1.590000033378601,1.649999976158142,1.590000033378601,1.649999976158142,2299.0
2024-04-24 11:58:00,VKTX,66.12999725341797,66.12999725341797,66.23999786376953,66.0,66.0,29555.0
2024-04-24 11:58:00,VMEO,3.5390000343322754,3.5390000343322754,3.5390000343322754,3.5390000343322754,3.5390000343322754,1767.0
2024-04-24 11:58:00,VNET,1.5299999713897705,1.5299999713897705,1.5299999713897705,1.524999976158142,1.524999976158142,9003.0
2024-04-24 11:58:00,VOD,8.595000267028809,8.595000267028809,8.595000267028809,8.595000267028809,8.595000267028809,2072.0
2024-04-24 11:58:00,VOR,1.75,1.75,1.75,1.75,1.75,0.0
2024-04-24 11:58:00,VRDN,13.505000114440918,13.505000114440918,13.539999961853027,13.505000114440918,13.539999961853027,9139.0
2024-04-24 11:58:00,VRNA,15.600000381469727,15.600000381469727,15.600000381469727,15.600000381469727,15.600000381469727,301.0
2024-04-24 11:58:00,VSAT,16.059999465942383,16.059999465942383,16.059999465942383,16.049999237060547,16.059999465942383,1316.0
2024-04-24 11:58:00,VTNR,1.5850000381469727,1.5850000381469727,1.5850000381469727,1.5850000381469727,1.5850000381469727,401.0
2024-04-24 11:58:00,VTRS,11.364999771118164,11.364999771118164,11.369999885559082,11.364999771118164,11.364999771118164,3613.0
2024-04-24 11:58:00,VUZI,1.274999976158142,1.274999976158142,1.274999976158142,1.2699999809265137,1.2699999809265137,0.0
2024-04-24 11:58:00,VVOS,2.569999933242798,2.569999933242798,2.569999933242798,2.569999933242798,2.569999933242798,354.0
2024-04-24 11:58:00,VYGR,7.510000228881836,7.510000228881836,7.510000228881836,7.510000228881836,7.510000228881836,1247.0
2024-04-24 11:58:00,WB,8.289999961853027,8.289999961853027,8.289999961853027,8.289899826049805,8.289899826049805,2216.0
2024-04-24 11:58:00,WBA,17.639999389648438,17.639999389648438,17.665000915527344,17.639999389648438,17.65999984741211,19270.0
2024-04-24 11:58:00,WBD,8.295000076293945,8.295000076293945,8.300000190734863,8.29069995880127,8.300000190734863,8942.0
2024-04-24 11:58:00,WDAY,254.82479858398438,254.82479858398438,254.8699951171875,254.61000061035156,254.61000061035156,2567.0
2024-04-24 11:58:00,WDC,68.69000244140625,68.69000244140625,68.80000305175781,68.63999938964844,68.65899658203125,7695.0
2024-04-24 11:58:00,WEN,19.975000381469727,19.975000381469727,19.979999542236328,19.975000381469727,19.975000381469727,587.0
2024-04-24 11:58:00,WERN,35.09000015258789,35.09000015258789,35.09000015258789,35.09000015258789,35.09000015258789,258.0
2024-04-24 11:58:00,WFRD,123.56999969482422,123.56999969482422,123.56999969482422,123.48500061035156,123.48500061035156,591.0
2024-04-24 11:58:00,WHFCL,25.049999237060547,25.049999237060547,25.049999237060547,25.04669952392578,25.04669952392578,2808.0
2024-04-24 11:58:00,WIMI,1.034999966621399,1.034999966621399,1.0399999618530273,1.0199999809265137,1.0399999618530273,86079.0
2024-04-24 11:58:00,WISA,5.900000095367432,5.900000095367432,5.929999828338623,5.889999866485596,5.900100231170654,7527.0
2024-04-24 11:58:00,WIX,121.5199966430664,121.5199966430664,121.61499786376953,121.5199966430664,121.55000305175781,2307.0
2024-04-24 11:58:00,WKHS,0.16060000658035278,0.16060000658035278,0.1606999933719635,0.16050000488758087,0.1606999933719635,2400.0
2024-04-24 11:58:00,WMG,32.154998779296875,32.154998779296875,32.16999816894531,32.154998779296875,32.16999816894531,928.0
2024-04-24 11:58:00,WSC,37.60499954223633,37.60499954223633,37.61000061035156,37.56999969482422,37.58000183105469,12062.0
2024-04-24 11:58:00,WSFS,44.04999923706055,44.04999923706055,44.04999923706055,44.04999923706055,44.04999923706055,895.0
2024-04-24 11:58:00,WVE,5.099999904632568,5.099999904632568,5.110000133514404,5.099999904632568,5.099999904632568,722.0
2024-04-24 11:58:00,WW,1.6799999475479126,1.6799999475479126,1.6799999475479126,1.6799999475479126,1.6799999475479126,400.0
2024-04-24 11:58:00,WYNN,96.54000091552734,96.54000091552734,96.54000091552734,96.44999694824219,96.44999694824219,2821.0
2024-04-24 11:58:00,XEL,55.54999923706055,55.54999923706055,55.58000183105469,55.54999923706055,55.58000183105469,5608.0
2024-04-24 11:58:00,XFOR,1.2599999904632568,1.2599999904632568,1.2599999904632568,1.2599999904632568,1.2599999904632568,200.0
2024-04-24 11:58:00,XMTR,16.809999465942383,16.809999465942383,16.81999969482422,16.809999465942383,16.81999969482422,821.0
2024-04-24 11:58:00,XNCR,18.440000534057617,18.440000534057617,18.469999313354492,18.43000030517578,18.469999313354492,1868.0
2024-04-24 11:58:00,XP,20.280000686645508,20.280000686645508,20.290000915527344,20.280000686645508,20.290000915527344,4629.0
2024-04-24 11:58:00,XRX,14.46500015258789,14.46500015258789,14.46500015258789,14.460000038146973,14.46500015258789,3986.0
2024-04-24 11:58:00,YMAB,15.09000015258789,15.09000015258789,15.09000015258789,15.09000015258789,15.09000015258789,133.0
2024-04-24 11:58:00,Z,43.59000015258789,43.59000015258789,43.619998931884766,43.59000015258789,43.59000015258789,3785.0
2024-04-24 11:58:00,ZBRA,274.9549865722656,274.9549865722656,275.0400085449219,274.9549865722656,275.0299987792969,888.0
2024-04-24 11:58:00,ZD,51.11000061035156,51.11000061035156,51.11000061035156,51.03499984741211,51.03499984741211,1949.0
2024-04-24 11:58:00,ZG,43.09000015258789,43.09000015258789,43.09000015258789,43.09000015258789,43.09000015258789,632.0
2024-04-24 11:58:00,ZI,15.734999656677246,15.734999656677246,15.739999771118164,15.729999542236328,15.729999542236328,2502.0
2024-04-24 11:58:00,ZION,41.83000183105469,41.83000183105469,41.83000183105469,41.83000183105469,41.83000183105469,649.0
2024-04-24 11:58:00,ZLAB,15.630000114440918,15.630000114440918,15.640000343322754,15.630000114440918,15.640000343322754,939.0
2024-04-24 11:58:00,ZM,61.13999938964844,61.13999938964844,61.150001525878906,61.11000061035156,61.11000061035156,4062.0
2024-04-24 11:58:00,ZNTL,12.079999923706055,12.079999923706055,12.140000343322754,12.079999923706055,12.125,27109.0
2024-04-24 11:58:00,ZS,176.75,176.75,176.75,176.52999877929688,176.52999877929688,3496.0
2024-04-24 11:58:00,ZVRA,4.510000228881836,4.510000228881836,4.510000228881836,4.510000228881836,4.510000228881836,958.0
2024-04-24 11:58:00,ZVSA,0.5999000072479248,0.5999000072479248,0.5999000072479248,0.5999000072479248,0.5999000072479248,284.0
2024-04-24 11:58:00,ZYME,8.595000267028809,8.595000267028809,8.595000267028809,8.595000267028809,8.595000267028809,157.0
2024-04-24 11:59:00,ETNB,8.704999923706055,8.704999923706055,8.710000038146973,8.699999809265137,8.704999923706055,2347.0
2024-04-24 11:59:00,ME,0.4781000018119812,0.4781000018119812,0.4781000018119812,0.4781000018119812,0.4781000018119812,1001.0
2024-04-24 11:59:00,SEAT,5.815000057220459,5.815000057220459,5.815000057220459,5.815000057220459,5.815000057220459,741.0
2024-04-24 11:59:00,SRCE,50.5,50.5,50.5,50.5,50.5,1978.0
2024-04-24 11:59:00,TSVT,4.319900035858154,4.319900035858154,4.319900035858154,4.309999942779541,4.309999942779541,643.0
2024-04-24 11:59:00,TWOU,0.23149999976158142,0.23149999976158142,0.23149999976158142,0.23149999976158142,0.23149999976158142,540.0
2024-04-24 11:59:00,TXG,27.020000457763672,27.020000457763672,27.020000457763672,27.0,27.0049991607666,3426.0
2024-04-24 11:59:00,VCTR,49.4900016784668,49.4900016784668,49.5,49.44499969482422,49.5,1558.0
2024-04-24 11:59:00,VERU,1.309999942779541,1.309999942779541,1.3200000524520874,1.309999942779541,1.3200000524520874,900.0
2024-04-24 11:59:00,VERV,6.695000171661377,6.695000171661377,6.699999809265137,6.690000057220459,6.690000057220459,963.0
2024-04-24 11:59:00,VERX,28.670000076293945,28.670000076293945,28.709999084472656,28.639999389648438,28.649999618530273,4350.0
2024-04-24 11:59:00,VFF,1.3299000263214111,1.3299000263214111,1.3299000263214111,1.3299000263214111,1.3299000263214111,750.0
2024-04-24 11:59:00,VFS,2.4649999141693115,2.4649999141693115,2.4649999141693115,2.450900077819824,2.4539999961853027,8135.0
2024-04-24 11:59:00,VIAV,7.875,7.875,7.875,7.869999885559082,7.869999885559082,2568.0
2024-04-24 11:59:00,VICR,32.56999969482422,32.56999969482422,32.56999969482422,32.47999954223633,32.5099983215332,5399.0
2024-04-24 11:59:00,VIR,8.1850004196167,8.1850004196167,8.1850004196167,8.1850004196167,8.1850004196167,1078.0
2024-04-24 11:59:00,VIRT,22.639999389648438,22.639999389648438,22.709999084472656,22.6200008392334,22.709999084472656,9792.0
2024-04-24 11:59:00,VITL,26.809999465942383,26.809999465942383,26.809999465942383,26.809999465942383,26.809999465942383,1723.0
2024-04-24 11:59:00,VIVK,1.6150000095367432,1.6150000095367432,1.6150000095367432,1.6150000095367432,1.6150000095367432,199.0
2024-04-24 11:59:00,VKTX,65.94000244140625,65.94000244140625,66.11499786376953,65.94000244140625,66.05999755859375,2936.0
2024-04-24 11:59:00,VLCN,0.24950000643730164,0.24950000643730164,0.25130000710487366,0.24950000643730164,0.25130000710487366,18317.0
2024-04-24 11:59:00,VMD,7.989999771118164,7.989999771118164,8.0,7.989999771118164,8.0,730.0
2024-04-24 11:59:00,VMEO,3.5350000858306885,3.5350000858306885,3.5350000858306885,3.5350000858306885,3.5350000858306885,507.0
2024-04-24 11:59:00,VNET,1.534999966621399,1.534999966621399,1.534999966621399,1.534999966621399,1.534999966621399,2457.0
2024-04-24 11:59:00,VOD,8.595000267028809,8.595000267028809,8.595000267028809,8.595000267028809,8.595000267028809,1763.0
2024-04-24 11:59:00,VRDN,13.479999542236328,13.479999542236328,13.5,13.479999542236328,13.5,1741.0
2024-04-24 11:59:00,VRNA,15.609999656677246,15.609999656677246,15.609999656677246,15.609999656677246,15.609999656677246,604.0
2024-04-24 11:59:00,VRTX,401.75,401.75,401.760009765625,401.55499267578125,401.57000732421875,1512.0
2024-04-24 11:59:00,VSAT,16.059999465942383,16.059999465942383,16.059999465942383,16.059999465942383,16.059999465942383,737.0
2024-04-24 11:59:00,VTNR,1.5850000381469727,1.5850000381469727,1.5850000381469727,1.5800000429153442,1.5800000429153442,1101.0
2024-04-24 11:59:00,VTRS,11.369999885559082,11.369999885559082,11.369999885559082,11.364999771118164,11.369999885559082,1734.0
2024-04-24 11:59:00,VUZI,1.2699999809265137,1.2699999809265137,1.27839994430542,1.2699999809265137,1.27839994430542,3548.0
2024-04-24 11:59:00,WAFD,27.899999618530273,27.899999618530273,27.899999618530273,27.899999618530273,27.899999618530273,981.0
2024-04-24 11:59:00,WASH,26.1299991607666,26.1299991607666,26.1299991607666,26.1299991607666,26.1299991607666,189.0
2024-04-24 11:59:00,WB,8.324999809265137,8.324999809265137,8.324999809265137,8.300000190734863,8.300000190734863,6976.0
2024-04-24 11:59:00,WBA,17.655000686645508,17.655000686645508,17.655000686645508,17.639999389648438,17.645000457763672,9869.0
2024-04-24 11:59:00,WBD,8.300000190734863,8.300000190734863,8.300000190734863,8.289999961853027,8.29319953918457,13477.0
2024-04-24 11:59:00,WDAY,254.74000549316406,254.74000549316406,254.8249969482422,254.74000549316406,254.8249969482422,2741.0
2024-04-24 11:59:00,WDC,68.64289855957031,68.64289855957031,68.67500305175781,68.63999938964844,68.67500305175781,2001.0
2024-04-24 11:59:00,WEN,19.969999313354492,19.969999313354492,19.979999542236328,19.969999313354492,19.975000381469727,2078.0
2024-04-24 11:59:00,WERN,35.09000015258789,35.09000015258789,35.11000061035156,35.09000015258789,35.11000061035156,2048.0
2024-04-24 11:59:00,WEYS,28.148000717163086,28.148000717163086,28.148000717163086,28.148000717163086,28.148000717163086,1427.0
2024-04-24 11:59:00,WFRD,123.44999694824219,123.44999694824219,123.44999694824219,123.44999694824219,123.44999694824219,445.0
2024-04-24 11:59:00,WHLM,6.571599960327148,6.571599960327148,6.571599960327148,6.571599960327148,6.571599960327148,332.0
2024-04-24 11:59:00,WIMI,1.0325000286102295,1.0325000286102295,1.0392999649047852,1.0199999809265137,1.034999966621399,101570.0
2024-04-24 11:59:00,WISA,5.829999923706055,5.829999923706055,5.900100231170654,5.800000190734863,5.900000095367432,14453.0
2024-04-24 11:59:00,WIX,121.55999755859375,121.55999755859375,121.57499694824219,121.55999755859375,121.57499694824219,1113.0
2024-04-24 11:59:00,WKHS,0.16060000658035278,0.16060000658035278,0.16060000658035278,0.16060000658035278,0.16060000658035278,13473.0
2024-04-24 11:59:00,WMG,32.154998779296875,32.154998779296875,32.165000915527344,32.154998779296875,32.165000915527344,772.0
2024-04-24 11:59:00,WSC,37.630001068115234,37.630001068115234,37.630001068115234,37.60499954223633,37.60499954223633,2430.0
2024-04-24 11:59:00,WSFS,44.099998474121094,44.099998474121094,44.099998474121094,44.099998474121094,44.099998474121094,1140.0
2024-04-24 11:59:00,WTW,263.7900085449219,263.7900085449219,263.8800048828125,263.7900085449219,263.8800048828125,1448.0
2024-04-24 11:59:00,WW,1.6799999475479126,1.6799999475479126,1.6799999475479126,1.6799999475479126,1.6799999475479126,301.0
2024-04-24 11:59:00,WYNN,96.58000183105469,96.58000183105469,96.58000183105469,96.52999877929688,96.54000091552734,1196.0
2024-04-24 11:59:00,XEL,55.529998779296875,55.529998779296875,55.540000915527344,55.525001525878906,55.540000915527344,4727.0
2024-04-24 11:59:00,XENE,40.2599983215332,40.2599983215332,40.2599983215332,40.25,40.25,1068.0
2024-04-24 11:59:00,XERS,1.7400000095367432,1.7400000095367432,1.7450000047683716,1.7400000095367432,1.7450000047683716,1933.0
2024-04-24 11:59:00,XFOR,1.2599999904632568,1.2599999904632568,1.2599999904632568,1.2549999952316284,1.2549999952316284,2988.0
2024-04-24 11:59:00,XNCR,18.424999237060547,18.424999237060547,18.424999237060547,18.424999237060547,18.424999237060547,201.0
2024-04-24 11:59:00,XP,20.260000228881836,20.260000228881836,20.28499984741211,20.260000228881836,20.28499984741211,6603.0
2024-04-24 11:59:00,XRX,14.454999923706055,14.454999923706055,14.470000267028809,14.454999923706055,14.46500015258789,4256.0
2024-04-24 11:59:00,YMAB,15.114999771118164,15.114999771118164,15.114999771118164,15.114999771118164,15.114999771118164,638.0
2024-04-24 11:59:00,YS,0.8198999762535095,0.8198999762535095,0.8198999762535095,0.8198999762535095,0.8198999762535095,349.0
2024-04-24 11:59:00,YTRA,1.2999999523162842,1.2999999523162842,1.2999999523162842,1.2999999523162842,1.2999999523162842,600.0
2024-04-24 11:59:00,Z,43.61000061035156,43.61000061035156,43.61000061035156,43.56999969482422,43.56999969482422,1237.0
2024-04-24 11:59:00,ZCMD,1.7000000476837158,1.7000000476837158,1.7000000476837158,1.7000000476837158,1.7000000476837158,200.0
2024-04-24 11:59:00,ZG,43.099998474121094,43.099998474121094,43.099998474121094,43.08000183105469,43.08000183105469,405.0
2024-04-24 11:59:00,ZI,15.739999771118164,15.739999771118164,15.739999771118164,15.734999656677246,15.739999771118164,4392.0
2024-04-24 11:59:00,ZION,41.875,41.875,41.880001068115234,41.84000015258789,41.84000015258789,4128.0
2024-04-24 11:59:00,ZLAB,15.619999885559082,15.619999885559082,15.619999885559082,15.619999885559082,15.619999885559082,752.0
2024-04-24 11:59:00,ZM,61.099998474121094,61.099998474121094,61.099998474121094,61.099998474121094,61.099998474121094,660.0
2024-04-24 11:59:00,ZNTL,12.029999732971191,12.029999732971191,12.055000305175781,12.029999732971191,12.055000305175781,926.0
2024-04-24 11:59:00,ZS,176.64999389648438,176.64999389648438,176.75,176.64999389648438,176.75,1308.0
2024-04-24 11:59:00,ZURA,3.174999952316284,3.174999952316284,3.200000047683716,3.174999952316284,3.200000047683716,733.0
2024-04-24 11:59:00,ZVRA,4.510000228881836,4.510000228881836,4.510000228881836,4.505000114440918,4.505000114440918,352.0
2024-04-24 11:59:00,ZYME,8.59000015258789,8.59000015258789,8.59000015258789,8.59000015258789,8.59000015258789,1224.0
2024-04-24 12:00:00,AIXI,1.2329000234603882,1.2329000234603882,1.2329000234603882,1.2329000234603882,1.2329000234603882,125.0
2024-04-24 12:00:00,DSP,8.679300308227539,8.679300308227539,8.679499626159668,8.635000228881836,8.635000228881836,885.0
2024-04-24 12:00:00,EGHT,2.319999933242798,2.319999933242798,2.319999933242798,2.305000066757202,2.305000066757202,8313.0
2024-04-24 12:00:00,ETNB,8.694999694824219,8.694999694824219,8.699999809265137,8.694999694824219,8.699999809265137,456.0
2024-04-24 12:00:00,FDMT,24.719999313354492,24.719999313354492,24.719999313354492,24.719999313354492,24.719999313354492,139.0
2024-04-24 12:00:00,FREE,4.820000171661377,4.820000171661377,4.820000171661377,4.820000171661377,4.820000171661377,571.0
2024-04-24 12:00:00,JFU,3.3499999046325684,3.3499999046325684,3.3499999046325684,3.3499999046325684,3.3499999046325684,241.0
2024-04-24 12:00:00,MAPS,1.090000033378601,1.090000033378601,1.090000033378601,1.090000033378601,1.090000033378601,200.0
2024-04-24 12:00:00,ME,0.4771000146865845,0.4771000146865845,0.477400004863739,0.4771000146865845,0.477400004863739,5150.0
2024-04-24 12:00:00,TSVT,4.309999942779541,4.309999942779541,4.309999942779541,4.309999942779541,4.309999942779541,100.0
2024-04-24 12:00:00,TWOU,0.2312999963760376,0.2312999963760376,0.2312999963760376,0.2312999963760376,0.2312999963760376,765.0
2024-04-24 12:00:00,TXG,27.020000457763672,27.020000457763672,27.020000457763672,27.010000228881836,27.010000228881836,1433.0
2024-04-24 12:00:00,VCTR,49.52000045776367,49.52000045776367,49.52000045776367,49.5099983215332,49.5099983215332,1229.0
2024-04-24 12:00:00,VERU,1.3200000524520874,1.3200000524520874,1.3200000524520874,1.315000057220459,1.3200000524520874,2316.0
2024-04-24 12:00:00,VERV,6.679999828338623,6.679999828338623,6.695000171661377,6.679999828338623,6.695000171661377,1670.0
2024-04-24 12:00:00,VERX,28.700000762939453,28.700000762939453,28.700000762939453,28.655000686645508,28.65999984741211,2263.0
2024-04-24 12:00:00,VFF,1.3289999961853027,1.3289999961853027,1.3289999961853027,1.3250000476837158,1.3250000476837158,2425.0
2024-04-24 12:00:00,VFS,2.4614999294281006,2.4614999294281006,2.467400074005127,2.4614999294281006,2.467400074005127,830.0
2024-04-24 12:00:00,VICR,32.45000076293945,32.45000076293945,32.459999084472656,32.45000076293945,32.459999084472656,1141.0
2024-04-24 12:00:00,VIR,8.194999694824219,8.194999694824219,8.194999694824219,8.1850004196167,8.1850004196167,1006.0
2024-04-24 12:00:00,VIRI,0.474700003862381,0.474700003862381,0.474700003862381,0.460099995136261,0.460099995136261,348.0
2024-04-24 12:00:00,VIRT,22.665000915527344,22.665000915527344,22.67329978942871,22.6200008392334,22.6200008392334,5668.0
2024-04-24 12:00:00,VIVK,1.6094000339508057,1.6094000339508057,1.6399999856948853,1.6094000339508057,1.6399999856948853,2502.0
2024-04-24 12:00:00,VKTX,65.91999816894531,65.91999816894531,65.91999816894531,65.9000015258789,65.9000015258789,1157.0
2024-04-24 12:00:00,VLCN,0.24809999763965607,0.24809999763965607,0.24889999628067017,0.24809999763965607,0.24889999628067017,20697.0
2024-04-24 12:00:00,VMD,7.989999771118164,7.989999771118164,7.989999771118164,7.989999771118164,7.989999771118164,340.0
2024-04-24 12:00:00,VMEO,3.5350000858306885,3.5350000858306885,3.5350000858306885,3.5350000858306885,3.5350000858306885,1196.0
2024-04-24 12:00:00,VNET,1.534999966621399,1.534999966621399,1.534999966621399,1.534999966621399,1.534999966621399,1540.0
2024-04-24 12:00:00,VOD,8.595000267028809,8.595000267028809,8.600000381469727,8.595000267028809,8.600000381469727,1907.0
2024-04-24 12:00:00,VOR,1.75,1.75,1.75,1.75,1.75,100.0
2024-04-24 12:00:00,VOXR,2.0399999618530273,2.0399999618530273,2.0399999618530273,2.0399999618530273,2.0399999618530273,2200.0
2024-04-24 12:00:00,VRDN,13.475000381469727,13.475000381469727,13.475000381469727,13.434499740600586,13.460000038146973,2790.0
2024-04-24 12:00:00,VRNA,15.550000190734863,15.550000190734863,15.569999694824219,15.550000190734863,15.5600004196167,1339.0
2024-04-24 12:00:00,VRRM,24.31999969482422,24.31999969482422,24.31999969482422,24.31999969482422,24.31999969482422,209.0
2024-04-24 12:00:00,VRTX,401.56500244140625,401.56500244140625,401.70001220703125,401.5199890136719,401.5199890136719,3064.0
2024-04-24 12:00:00,VSAT,16.049999237060547,16.049999237060547,16.058000564575195,16.049999237060547,16.058000564575195,678.0
2024-04-24 12:00:00,VTGN,4.679999828338623,4.679999828338623,4.679999828338623,4.679999828338623,4.679999828338623,200.0
2024-04-24 12:00:00,VTNR,1.5800000429153442,1.5800000429153442,1.5850000381469727,1.5800000429153442,1.5850000381469727,404.0
2024-04-24 12:00:00,VTRS,11.364999771118164,11.364999771118164,11.367500305175781,11.359999656677246,11.364999771118164,3493.0
2024-04-24 12:00:00,VYGR,7.505000114440918,7.505000114440918,7.505000114440918,7.505000114440918,7.505000114440918,516.0
2024-04-24 12:00:00,WABC,47.31999969482422,47.31999969482422,47.31999969482422,47.31999969482422,47.31999969482422,393.0
2024-04-24 12:00:00,WAFD,27.940000534057617,27.940000534057617,27.940000534057617,27.940000534057617,27.940000534057617,735.0
2024-04-24 12:00:00,WASH,26.11319923400879,26.11319923400879,26.11319923400879,26.113100051879883,26.113100051879883,1640.0
2024-04-24 12:00:00,WB,8.335000038146973,8.335000038146973,8.335000038146973,8.324999809265137,8.324999809265137,3365.0
2024-04-24 12:00:00,WBA,17.65999984741211,17.65999984741211,17.65999984741211,17.640100479125977,17.655000686645508,35023.0
2024-04-24 12:00:00,WBD,8.291299819946289,8.291299819946289,8.300000190734863,8.289999961853027,8.300000190734863,3654.0
2024-04-24 12:00:00,WBUY,0.3264999985694885,0.3264999985694885,0.3264999985694885,0.3264999985694885,0.3264999985694885,2607.0
2024-04-24 12:00:00,WDAY,254.69500732421875,254.69500732421875,254.7100067138672,254.69500732421875,254.7100067138672,381.0
2024-04-24 12:00:00,WDC,68.66000366210938,68.66000366210938,68.66000366210938,68.58000183105469,68.62999725341797,4236.0
2024-04-24 12:00:00,WEN,19.975000381469727,19.975000381469727,19.975000381469727,19.975000381469727,19.975000381469727,322.0
2024-04-24 12:00:00,WERN,35.099998474121094,35.099998474121094,35.099998474121094,35.099998474121094,35.099998474121094,103.0
2024-04-24 12:00:00,WFRD,123.58000183105469,123.58000183105469,123.58000183105469,123.55000305175781,123.55000305175781,2352.0
2024-04-24 12:00:00,WIMI,1.0382000207901,1.0382000207901,1.0399999618530273,1.0199999809265137,1.0299999713897705,78456.0
2024-04-24 12:00:00,WISA,5.825399875640869,5.825399875640869,5.888800144195557,5.800000190734863,5.84499979019165,9720.0
2024-04-24 12:00:00,WIX,121.68499755859375,121.68499755859375,121.68499755859375,121.62000274658203,121.62000274658203,879.0
2024-04-24 12:00:00,WKHS,0.16060000658035278,0.16060000658035278,0.16060000658035278,0.16060000658035278,0.16060000658035278,0.0
2024-04-24 12:00:00,WLDS,0.4855000078678131,0.4855000078678131,0.4855000078678131,0.4855000078678131,0.4855000078678131,203.0
2024-04-24 12:00:00,WMG,32.15999984741211,32.15999984741211,32.15999984741211,32.15999984741211,32.15999984741211,931.0
2024-04-24 12:00:00,WRAP,1.9921000003814697,1.9921000003814697,1.9921000003814697,1.9921000003814697,1.9921000003814697,5787.0
2024-04-24 12:00:00,WSC,37.599998474121094,37.599998474121094,37.638999938964844,37.58000183105469,37.638999938964844,3349.0
2024-04-24 12:00:00,WVE,5.099999904632568,5.099999904632568,5.099999904632568,5.090000152587891,5.099999904632568,2305.0
2024-04-24 12:00:00,WW,1.684999942779541,1.684999942779541,1.684999942779541,1.6799999475479126,1.6799999475479126,2813.0
2024-04-24 12:00:00,WYNN,96.61000061035156,96.61000061035156,96.61000061035156,96.55999755859375,96.55999755859375,1037.0
2024-04-24 12:00:00,XEL,55.54499816894531,55.54499816894531,55.54499816894531,55.52000045776367,55.52000045776367,3000.0
2024-04-24 12:00:00,XFOR,1.2599999904632568,1.2599999904632568,1.2599999904632568,1.2599999904632568,1.2599999904632568,310.0
2024-04-24 12:00:00,XNCR,18.440000534057617,18.440000534057617,18.440000534057617,18.440000534057617,18.440000534057617,619.0
2024-04-24 12:00:00,XP,20.260000228881836,20.260000228881836,20.260000228881836,20.2549991607666,20.2549991607666,6052.0
2024-04-24 12:00:00,XRX,14.475000381469727,14.475000381469727,14.479999542236328,14.454999923706055,14.454999923706055,17014.0
2024-04-24 12:00:00,XXII,1.8350000381469727,1.8350000381469727,1.850000023841858,1.8200000524520874,1.850000023841858,2575.0
2024-04-24 12:00:00,Z,43.61000061035156,43.61000061035156,43.6150016784668,43.599998474121094,43.599998474121094,2148.0
2024-04-24 12:00:00,ZAPP,4.0370001792907715,4.0370001792907715,4.0370001792907715,4.0370001792907715,4.0370001792907715,1115.0
2024-04-24 12:00:00,ZD,51.25,51.25,51.25,51.25,51.25,748.0
2024-04-24 12:00:00,ZG,43.09000015258789,43.09000015258789,43.09000015258789,43.09000015258789,43.09000015258789,637.0
2024-04-24 12:00:00,ZI,15.760000228881836,15.760000228881836,15.760000228881836,15.739999771118164,15.739999771118164,2561.0
2024-04-24 12:00:00,ZION,41.880001068115234,41.880001068115234,41.880001068115234,41.86000061035156,41.869998931884766,2247.0
2024-04-24 12:00:00,ZLAB,15.609999656677246,15.609999656677246,15.619999885559082,15.609999656677246,15.609999656677246,467.0
2024-04-24 12:00:00,ZM,61.150001525878906,61.150001525878906,61.15999984741211,61.11000061035156,61.11000061035156,5463.0
2024-04-24 12:00:00,ZNTL,12.045000076293945,12.045000076293945,12.045000076293945,12.029999732971191,12.029999732971191,1490.0
2024-04-24 12:00:00,ZS,176.6999969482422,176.6999969482422,176.6999969482422,176.69000244140625,176.6999969482422,961.0
2024-04-24 12:00:00,ZTEK,1.100000023841858,1.100000023841858,1.100000023841858,1.100000023841858,1.100000023841858,166.0
2024-04-24 12:00:00,ZVRA,4.505000114440918,4.505000114440918,4.505000114440918,4.505000114440918,4.505000114440918,600.0
2024-04-24 12:00:00,ZVSA,0.5999000072479248,0.5999000072479248,0.5999000072479248,0.5999000072479248,0.5999000072479248,150.0
2024-04-24 12:00:00,ZYME,8.59000015258789,8.59000015258789,8.59000015258789,8.59000015258789,8.59000015258789,254.0
2024-04-24 12:01:00,DIBS,5.380000114440918,5.380000114440918,5.380000114440918,5.380000114440918,5.380000114440918,178.0
2024-04-24 12:01:00,EGHT,2.3125,2.3125,2.319999933242798,2.3125,2.319999933242798,200.0
2024-04-24 12:01:00,ETNB,8.694999694824219,8.694999694824219,8.694999694824219,8.694999694824219,8.694999694824219,268.0
2024-04-24 12:01:00,FDMT,24.7450008392334,24.7450008392334,24.7450008392334,24.7450008392334,24.7450008392334,250.0
2024-04-24 12:01:00,FLWS,9.109999656677246,9.109999656677246,9.109999656677246,9.109999656677246,9.109999656677246,342.0
2024-04-24 12:01:00,ME,0.4779999852180481,0.4779999852180481,0.4779999852180481,0.4779999852180481,0.4779999852180481,822.0
2024-04-24 12:01:00,TSVT,4.309999942779541,4.309999942779541,4.309999942779541,4.309999942779541,4.309999942779541,682.0
2024-04-24 12:01:00,TWOU,0.23170000314712524,0.23170000314712524,0.23180000483989716,0.2313999980688095,0.23149999976158142,6678.0
2024-04-24 12:01:00,TXG,27.030000686645508,27.030000686645508,27.040000915527344,27.030000686645508,27.030000686645508,3708.0
2024-04-24 12:01:00,VERU,1.3250000476837158,1.3250000476837158,1.3300000429153442,1.3200000524520874,1.3200000524520874,11024.0
2024-04-24 12:01:00,VERV,6.682499885559082,6.682499885559082,6.684999942779541,6.682499885559082,6.684999942779541,348.0
2024-04-24 12:01:00,VERX,28.746999740600586,28.746999740600586,28.774999618530273,28.70400047302246,28.719999313354492,5445.0
2024-04-24 12:01:00,VFS,2.4626998901367188,2.4626998901367188,2.4626998901367188,2.4626998901367188,2.4626998901367188,2182.0
2024-04-24 12:01:00,VIR,8.194999694824219,8.194999694824219,8.194999694824219,8.1899995803833,8.194999694824219,2526.0
2024-04-24 12:01:00,VIRT,22.639999389648438,22.639999389648438,22.674999237060547,22.639999389648438,22.670000076293945,2506.0
2024-04-24 12:01:00,VIVK,1.6095000505447388,1.6095000505447388,1.6095000505447388,1.6095000505447388,1.6095000505447388,1129.0
2024-04-24 12:01:00,VKTX,65.70010375976562,65.70010375976562,66.05000305175781,65.70010375976562,65.875,16084.0
2024-04-24 12:01:00,VLCN,0.25,0.25,0.25,0.25,0.25,1400.0
2024-04-24 12:01:00,VMEO,3.5350000858306885,3.5350000858306885,3.5399999618530273,3.5350000858306885,3.5399999618530273,22057.0
2024-04-24 12:01:00,VNET,1.534999966621399,1.534999966621399,1.534999966621399,1.5299999713897705,1.5299999713897705,300.0
2024-04-24 12:01:00,VOD,8.600000381469727,8.600000381469727,8.600000381469727,8.595000267028809,8.600000381469727,4018.0
2024-04-24 12:01:00,VOR,1.7539000511169434,1.7539000511169434,1.7539000511169434,1.7539000511169434,1.7539000511169434,76.0
2024-04-24 12:01:00,VOXR,2.049999952316284,2.049999952316284,2.049999952316284,2.049999952316284,2.049999952316284,1.0
2024-04-24 12:01:00,VRDN,13.5,13.5,13.5,13.489999771118164,13.489999771118164,1006.0
2024-04-24 12:01:00,VRRM,24.360000610351562,24.360000610351562,24.360000610351562,24.329999923706055,24.329999923706055,4170.0
2024-04-24 12:01:00,VRTX,401.635009765625,401.635009765625,401.7049865722656,401.635009765625,401.7049865722656,1611.0
2024-04-24 12:01:00,VSAT,16.059999465942383,16.059999465942383,16.059999465942383,16.058700561523438,16.058700561523438,701.0
2024-04-24 12:01:00,VTNR,1.5850000381469727,1.5850000381469727,1.5850000381469727,1.5850000381469727,1.5850000381469727,2100.0
2024-04-24 12:01:00,VTRS,11.369999885559082,11.369999885559082,11.369999885559082,11.361000061035156,11.369999885559082,1353.0
2024-04-24 12:01:00,VUZI,1.2699999809265137,1.2699999809265137,1.2699999809265137,1.2699999809265137,1.2699999809265137,120.0
2024-04-24 12:01:00,VYGR,7.5,7.5,7.5,7.5,7.5,200.0
2024-04-24 12:01:00,WB,8.319999694824219,8.319999694824219,8.329999923706055,8.319999694824219,8.329999923706055,1637.0
2024-04-24 12:01:00,WBA,17.665000915527344,17.665000915527344,17.670000076293945,17.65999984741211,17.66349983215332,8208.0
2024-04-24 12:01:00,WBD,8.295000076293945,8.295000076293945,8.296600341796875,8.291099548339844,8.295000076293945,2581.0
2024-04-24 12:01:00,WDAY,254.66000366210938,254.66000366210938,254.7899932861328,254.66000366210938,254.7899932861328,2549.0
2024-04-24 12:01:00,WDC,68.70999908447266,68.70999908447266,68.87999725341797,68.69000244140625,68.69000244140625,9022.0
2024-04-24 12:01:00,WDFC,226.4149932861328,226.4149932861328,226.4149932861328,226.4149932861328,226.4149932861328,388.0
2024-04-24 12:01:00,WEN,19.97249984741211,19.97249984741211,19.97249984741211,19.97249984741211,19.97249984741211,571.0
2024-04-24 12:01:00,WEST,9.930000305175781,9.930000305175781,9.930000305175781,9.930000305175781,9.930000305175781,781.0
2024-04-24 12:01:00,WHFCL,25.049999237060547,25.049999237060547,25.049999237060547,25.049999237060547,25.049999237060547,1200.0
2024-04-24 12:01:00,WHLR,0.1429000049829483,0.1429000049829483,0.1429000049829483,0.1429000049829483,0.1429000049829483,15018.0
2024-04-24 12:01:00,WHLRP,1.5432000160217285,1.5432000160217285,1.5432000160217285,1.5432000160217285,1.5432000160217285,148.0
2024-04-24 12:01:00,WIMI,1.034999966621399,1.034999966621399,1.0399999618530273,1.0299999713897705,1.034999966621399,59294.0
2024-04-24 12:01:00,WISA,5.889999866485596,5.889999866485596,5.889999866485596,5.829999923706055,5.840000152587891,5577.0
2024-04-24 12:01:00,WIX,121.94429779052734,121.94429779052734,121.94429779052734,121.83999633789062,121.86000061035156,1912.0
2024-04-24 12:01:00,WKHS,0.1606999933719635,0.1606999933719635,0.1606999933719635,0.16060000658035278,0.16060000658035278,5375.0
2024-04-24 12:01:00,WMG,32.209999084472656,32.209999084472656,32.209999084472656,32.15999984741211,32.15999984741211,2915.0
2024-04-24 12:01:00,WSC,37.6150016784668,37.6150016784668,37.63999938964844,37.599998474121094,37.599998474121094,4747.0
2024-04-24 12:01:00,WW,1.6799999475479126,1.6799999475479126,1.684999942779541,1.6799999475479126,1.6799999475479126,650.0
2024-04-24 12:01:00,WYNN,96.5199966430664,96.5199966430664,96.63999938964844,96.5199966430664,96.63999938964844,2215.0
2024-04-24 12:01:00,XEL,55.59000015258789,55.59000015258789,55.59000015258789,55.54499816894531,55.54499816894531,4921.0
2024-04-24 12:01:00,XFOR,1.2599999904632568,1.2599999904632568,1.2599999904632568,1.2599999904632568,1.2599999904632568,200.0
2024-04-24 12:01:00,XMTR,16.790000915527344,16.790000915527344,16.790000915527344,16.790000915527344,16.790000915527344,116.0
2024-04-24 12:01:00,XNCR,18.40999984741211,18.40999984741211,18.40999984741211,18.40999984741211,18.40999984741211,130.0
2024-04-24 12:01:00,XP,20.2549991607666,20.2549991607666,20.264999389648438,20.2549991607666,20.264999389648438,1312.0
2024-04-24 12:01:00,XRX,14.489999771118164,14.489999771118164,14.489999771118164,14.479999542236328,14.479999542236328,10840.0
2024-04-24 12:01:00,XXII,1.8205000162124634,1.8205000162124634,1.8300000429153442,1.8205000162124634,1.8300000429153442,1014.0
2024-04-24 12:01:00,YMAB,15.095000267028809,15.095000267028809,15.095000267028809,15.095000267028809,15.095000267028809,526.0
2024-04-24 12:01:00,YTRA,1.2999999523162842,1.2999999523162842,1.2999999523162842,1.2999999523162842,1.2999999523162842,300.0
2024-04-24 12:01:00,Z,43.61000061035156,43.61000061035156,43.630001068115234,43.61000061035156,43.630001068115234,1891.0
2024-04-24 12:01:00,ZAPP,3.930000066757202,3.930000066757202,3.930000066757202,3.930000066757202,3.930000066757202,823.0
2024-04-24 12:01:00,ZBRA,274.9949951171875,274.9949951171875,275.239990234375,274.989990234375,275.239990234375,1695.0
2024-04-24 12:01:00,ZD,51.2400016784668,51.2400016784668,51.2400016784668,51.2400016784668,51.2400016784668,1305.0
2024-04-24 12:01:00,ZI,15.75,15.75,15.765000343322754,15.75,15.765000343322754,3717.0
2024-04-24 12:01:00,ZION,41.880001068115234,41.880001068115234,41.900001525878906,41.880001068115234,41.88999938964844,1964.0
2024-04-24 12:01:00,ZLAB,15.630000114440918,15.630000114440918,15.630000114440918,15.609999656677246,15.609999656677246,300.0
2024-04-24 12:01:00,ZM,61.16999816894531,61.16999816894531,61.17499923706055,61.154998779296875,61.154998779296875,2016.0
2024-04-24 12:01:00,ZS,176.8000030517578,176.8000030517578,176.8000030517578,176.7050018310547,176.7050018310547,1326.0
2024-04-24 12:01:00,ZURA,3.200000047683716,3.200000047683716,3.200000047683716,3.190000057220459,3.190000057220459,883.0
2024-04-24 12:01:00,ZVRA,4.505000114440918,4.505000114440918,4.510000228881836,4.5,4.500999927520752,5792.0
2024-04-24 12:01:00,ZVSA,0.5925999879837036,0.5925999879837036,0.5925999879837036,0.5925999879837036,0.5925999879837036,198.0
2024-04-24 12:02:00,EGHT,2.3299999237060547,2.3299999237060547,2.3299999237060547,2.315000057220459,2.3199000358581543,14136.0
2024-04-24 12:02:00,ETNB,8.675000190734863,8.675000190734863,8.694999694824219,8.675000190734863,8.694999694824219,5852.0
2024-04-24 12:02:00,FDMT,24.65999984741211,24.65999984741211,24.709999084472656,24.6200008392334,24.709999084472656,2495.0
2024-04-24 12:02:00,MAPS,1.090000033378601,1.090000033378601,1.090000033378601,1.090000033378601,1.090000033378601,200.0
2024-04-24 12:02:00,ME,0.47760000824928284,0.47760000824928284,0.47760000824928284,0.4772999882698059,0.4772999882698059,1492.0
2024-04-24 12:02:00,SEAT,5.815000057220459,5.815000057220459,5.815000057220459,5.815000057220459,5.815000057220459,150.0
2024-04-24 12:02:00,TSVT,4.315000057220459,4.315000057220459,4.315000057220459,4.315000057220459,4.315000057220459,0.0
2024-04-24 12:02:00,TWOU,0.23170000314712524,0.23170000314712524,0.23170000314712524,0.23160000145435333,0.23170000314712524,2984.0
2024-04-24 12:02:00,TXG,27.030000686645508,27.030000686645508,27.030000686645508,27.030000686645508,27.030000686645508,2390.0
2024-04-24 12:02:00,VERV,6.695000171661377,6.695000171661377,6.695000171661377,6.684999942779541,6.684999942779541,3951.0
2024-04-24 12:02:00,VERX,28.69499969482422,28.69499969482422,28.764999389648438,28.69499969482422,28.764999389648438,3612.0
2024-04-24 12:02:00,VIAV,7.877500057220459,7.877500057220459,7.877500057220459,7.87060022354126,7.87060022354126,634.0
2024-04-24 12:02:00,VICR,32.380001068115234,32.380001068115234,32.380001068115234,32.380001068115234,32.380001068115234,213.0
2024-04-24 12:02:00,VINC,0.9211999773979187,0.9211999773979187,0.9211999773979187,0.9211999773979187,0.9211999773979187,5104.0
2024-04-24 12:02:00,VIR,8.1850004196167,8.1850004196167,8.1850004196167,8.1850004196167,8.1850004196167,267.0
2024-04-24 12:02:00,VIRI,0.4602000117301941,0.4602000117301941,0.4602000117301941,0.4602000117301941,0.4602000117301941,876.0
2024-04-24 12:02:00,VIRT,22.65999984741211,22.65999984741211,22.709999084472656,22.6200008392334,22.6200008392334,16244.0
2024-04-24 12:02:00,VITL,26.799999237060547,26.799999237060547,26.799999237060547,26.799999237060547,26.799999237060547,1259.0
2024-04-24 12:02:00,VIVK,1.600000023841858,1.600000023841858,1.600000023841858,1.5800000429153442,1.5800000429153442,2238.0
2024-04-24 12:02:00,VKTX,65.5199966430664,65.5199966430664,65.68000030517578,65.5199966430664,65.68000030517578,1768.0
2024-04-24 12:02:00,VLCN,0.2460000067949295,0.2460000067949295,0.25,0.2460000067949295,0.25,13725.0
2024-04-24 12:02:00,VMEO,3.5397000312805176,3.5397000312805176,3.5397000312805176,3.5397000312805176,3.5397000312805176,1721.0
2024-04-24 12:02:00,VNOM,39.71500015258789,39.71500015258789,39.75,39.71500015258789,39.75,1256.0
2024-04-24 12:02:00,VOD,8.595000267028809,8.595000267028809,8.595000267028809,8.590100288391113,8.590100288391113,2933.0
2024-04-24 12:02:00,VRCA,6.710000038146973,6.710000038146973,6.710000038146973,6.710000038146973,6.710000038146973,174.0
2024-04-24 12:02:00,VRDN,13.479999542236328,13.479999542236328,13.479999542236328,13.479999542236328,13.479999542236328,752.0
2024-04-24 12:02:00,VRNA,15.529999732971191,15.529999732971191,15.539999961853027,15.529999732971191,15.539999961853027,368.0
2024-04-24 12:02:00,VRRM,24.350000381469727,24.350000381469727,24.354999542236328,24.350000381469727,24.354999542236328,2854.0
2024-04-24 12:02:00,VRTX,401.1377868652344,401.1377868652344,401.3900146484375,401.1377868652344,401.3299865722656,2045.0
2024-04-24 12:02:00,VSAT,16.049999237060547,16.049999237060547,16.052600860595703,16.049999237060547,16.049999237060547,2955.0
2024-04-24 12:02:00,VTNR,1.5806000232696533,1.5806000232696533,1.5850000381469727,1.5806000232696533,1.5850000381469727,853.0
2024-04-24 12:02:00,VTRS,11.364999771118164,11.364999771118164,11.36989974975586,11.364999771118164,11.36989974975586,2316.0
2024-04-24 12:02:00,VTSI,12.045000076293945,12.045000076293945,12.045000076293945,12.045000076293945,12.045000076293945,132.0
2024-04-24 12:02:00,VYNE,2.3399999141693115,2.3399999141693115,2.3399999141693115,2.3399999141693115,2.3399999141693115,13510.0
2024-04-24 12:02:00,WB,8.319999694824219,8.319999694824219,8.319999694824219,8.319999694824219,8.319999694824219,1160.0
2024-04-24 12:02:00,WBA,17.65999984741211,17.65999984741211,17.665000915527344,17.655000686645508,17.66010093688965,11414.0
2024-04-24 12:02:00,WBD,8.297499656677246,8.297499656677246,8.297499656677246,8.289999961853027,8.295000076293945,1976.0
2024-04-24 12:02:00,WDC,68.58000183105469,68.58000183105469,68.69000244140625,68.58000183105469,68.69000244140625,2305.0
2024-04-24 12:02:00,WEN,19.975000381469727,19.975000381469727,19.979999542236328,19.975000381469727,19.979999542236328,2026.0
2024-04-24 12:02:00,WERN,35.08000183105469,35.08000183105469,35.08000183105469,35.08000183105469,35.08000183105469,187.0
2024-04-24 12:02:00,WIMI,1.034999966621399,1.034999966621399,1.0399999618530273,1.0299999713897705,1.0398999452590942,39984.0
2024-04-24 12:02:00,WING,361.3699951171875,361.3699951171875,361.6549987792969,361.3699951171875,361.6549987792969,2164.0
2024-04-24 12:02:00,WISA,5.899700164794922,5.899700164794922,5.908999919891357,5.829999923706055,5.860000133514404,11968.0
2024-04-24 12:02:00,WKHS,0.16060000658035278,0.16060000658035278,0.16060000658035278,0.16050000488758087,0.16060000658035278,10236.0
2024-04-24 12:02:00,WMG,32.130001068115234,32.130001068115234,32.20000076293945,32.125,32.20000076293945,6465.0
2024-04-24 12:02:00,WTFC,99.51000213623047,99.51000213623047,99.51000213623047,99.51000213623047,99.51000213623047,236.0
2024-04-24 12:02:00,WTFCM,23.909900665283203,23.909900665283203,23.90999984741211,23.909900665283203,23.909900665283203,1084.0
2024-04-24 12:02:00,WVE,5.090000152587891,5.090000152587891,5.099999904632568,5.090000152587891,5.09499979019165,1377.0
2024-04-24 12:02:00,WW,1.6799999475479126,1.6799999475479126,1.684999942779541,1.6799999475479126,1.6799999475479126,3488.0
2024-04-24 12:02:00,WWD,149.10000610351562,149.10000610351562,149.1199951171875,149.10000610351562,149.1199951171875,538.0
2024-04-24 12:02:00,WYNN,96.44999694824219,96.44999694824219,96.45999908447266,96.44999694824219,96.45999908447266,484.0
2024-04-24 12:02:00,XEL,55.6150016784668,55.6150016784668,55.6150016784668,55.58700180053711,55.59000015258789,9020.0
2024-04-24 12:02:00,XENE,40.10499954223633,40.10499954223633,40.220001220703125,40.10499954223633,40.220001220703125,6021.0
2024-04-24 12:02:00,XERS,1.7462999820709229,1.7462999820709229,1.7462999820709229,1.7462999820709229,1.7462999820709229,813.0
2024-04-24 12:02:00,XFOR,1.2549999952316284,1.2549999952316284,1.2549999952316284,1.2549999952316284,1.2549999952316284,556.0
2024-04-24 12:02:00,XMTR,16.790000915527344,16.790000915527344,16.790000915527344,16.790000915527344,16.790000915527344,186.0
2024-04-24 12:02:00,XNCR,18.395000457763672,18.395000457763672,18.420000076293945,18.395000457763672,18.40999984741211,1264.0
2024-04-24 12:02:00,XP,20.2450008392334,20.2450008392334,20.2549991607666,20.2450008392334,20.2549991607666,4420.0
2024-04-24 12:02:00,XRX,14.460000038146973,14.460000038146973,14.489999771118164,14.460000038146973,14.484999656677246,5705.0
2024-04-24 12:02:00,XXII,1.8300000429153442,1.8300000429153442,1.8300000429153442,1.8300000429153442,1.8300000429153442,822.0
2024-04-24 12:02:00,YMAB,15.0600004196167,15.0600004196167,15.095000267028809,15.0600004196167,15.095000267028809,302.0
2024-04-24 12:02:00,YTRA,1.2999999523162842,1.2999999523162842,1.2999999523162842,1.2999999523162842,1.2999999523162842,400.0
2024-04-24 12:02:00,Z,43.63999938964844,43.63999938964844,43.650001525878906,43.599998474121094,43.60499954223633,2258.0
2024-04-24 12:02:00,ZAPP,3.880000114440918,3.880000114440918,3.880000114440918,3.880000114440918,3.880000114440918,718.0
2024-04-24 12:02:00,ZBRA,274.6499938964844,274.6499938964844,274.67999267578125,274.6499938964844,274.67999267578125,853.0
2024-04-24 12:02:00,ZCMD,1.684999942779541,1.684999942779541,1.684999942779541,1.684999942779541,1.684999942779541,460.0
2024-04-24 12:02:00,ZG,43.11000061035156,43.11000061035156,43.11000061035156,43.09000015258789,43.099998474121094,302.0
2024-04-24 12:02:00,ZI,15.734999656677246,15.734999656677246,15.739999771118164,15.734999656677246,15.739999771118164,2272.0
2024-04-24 12:02:00,ZION,41.86000061035156,41.86000061035156,41.869998931884766,41.849998474121094,41.869998931884766,1762.0
2024-04-24 12:02:00,ZLAB,15.609999656677246,15.609999656677246,15.609999656677246,15.609999656677246,15.609999656677246,264.0
2024-04-24 12:02:00,ZM,61.18000030517578,61.18000030517578,61.18000030517578,61.15999984741211,61.16999816894531,4744.0
2024-04-24 12:02:00,ZNTL,11.954999923706055,11.954999923706055,12.020000457763672,11.930000305175781,12.020000457763672,20529.0
2024-04-24 12:02:00,ZS,176.6999969482422,176.6999969482422,176.7100067138672,176.5,176.5,5241.0
2024-04-24 12:02:00,ZURA,3.240000009536743,3.240000009536743,3.240000009536743,3.2200000286102295,3.2200000286102295,4205.0
2024-04-24 12:02:00,ZVRA,4.510000228881836,4.510000228881836,4.510000228881836,4.510000228881836,4.510000228881836,975.0
2024-04-24 12:02:00,ZYME,8.585000038146973,8.585000038146973,8.585000038146973,8.585000038146973,8.585000038146973,61.0
2024-04-24 12:03:00,AIXI,1.2301000356674194,1.2301000356674194,1.2301000356674194,1.2301000356674194,1.2301000356674194,1264.0
2024-04-24 12:03:00,DIBS,5.380000114440918,5.380000114440918,5.380000114440918,5.380000114440918,5.380000114440918,497.0
2024-04-24 12:03:00,EGHT,2.3399999141693115,2.3399999141693115,2.3499999046325684,2.3350000381469727,2.3350000381469727,17345.0
2024-04-24 12:03:00,ETNB,8.680000305175781,8.680000305175781,8.680000305175781,8.680000305175781,8.680000305175781,1235.0
2024-04-24 12:03:00,MAPS,1.0800000429153442,1.0800000429153442,1.0800000429153442,1.0800000429153442,1.0800000429153442,592.0
2024-04-24 12:03:00,SEAT,5.809999942779541,5.809999942779541,5.809999942779541,5.809999942779541,5.809999942779541,326.0
2024-04-24 12:03:00,TSVT,4.320000171661377,4.320000171661377,4.320000171661377,4.318699836730957,4.318699836730957,1373.0
2024-04-24 12:03:00,TWOU,0.23170000314712524,0.23170000314712524,0.23170000314712524,0.23170000314712524,0.23170000314712524,200.0
2024-04-24 12:03:00,TXG,26.969999313354492,26.969999313354492,27.030000686645508,26.969999313354492,27.030000686645508,4520.0
2024-04-24 12:03:00,VERU,1.3243000507354736,1.3243000507354736,1.3243000507354736,1.3243000507354736,1.3243000507354736,1952.0
2024-04-24 12:03:00,VERV,6.684999942779541,6.684999942779541,6.684999942779541,6.684999942779541,6.684999942779541,219.0
2024-04-24 12:03:00,VERX,28.68000030517578,28.68000030517578,28.71500015258789,28.68000030517578,28.69700050354004,21672.0
2024-04-24 12:03:00,VFF,1.3300000429153442,1.3300000429153442,1.3300000429153442,1.3200000524520874,1.3250000476837158,3220.0
2024-04-24 12:03:00,VICR,32.5099983215332,32.5099983215332,32.5099983215332,32.45000076293945,32.45000076293945,3010.0
2024-04-24 12:03:00,VINC,0.9251000285148621,0.9251000285148621,0.9251000285148621,0.9176999926567078,0.9176999926567078,16324.0
2024-04-24 12:03:00,VIRT,22.635000228881836,22.635000228881836,22.645000457763672,22.635000228881836,22.645000457763672,612.0
2024-04-24 12:03:00,VIVK,1.559999942779541,1.559999942779541,1.559999942779541,1.559999942779541,1.559999942779541,4193.0
2024-04-24 12:03:00,VKTX,65.38999938964844,65.38999938964844,65.49600219726562,65.31999969482422,65.49600219726562,4931.0
2024-04-24 12:03:00,VLCN,0.24580000340938568,0.24580000340938568,0.2460000067949295,0.24570000171661377,0.2459000051021576,41004.0
2024-04-24 12:03:00,VNOM,39.689998626708984,39.689998626708984,39.70500183105469,39.68000030517578,39.70500183105469,1356.0
2024-04-24 12:03:00,VOD,8.600000381469727,8.600000381469727,8.600000381469727,8.600000381469727,8.600000381469727,316.0
2024-04-24 12:03:00,VOR,1.75,1.75,1.75,1.75,1.75,300.0
2024-04-24 12:03:00,VRCA,6.75,6.75,6.75,6.75,6.75,160.0
2024-04-24 12:03:00,VRDN,13.489999771118164,13.489999771118164,13.489999771118164,13.489999771118164,13.489999771118164,359.0
2024-04-24 12:03:00,VRTX,400.9200134277344,400.9200134277344,400.9200134277344,400.9200134277344,400.9200134277344,1198.0
2024-04-24 12:03:00,VSAT,16.09000015258789,16.09000015258789,16.09000015258789,16.06999969482422,16.06999969482422,1995.0
2024-04-24 12:03:00,VTNR,1.5850000381469727,1.5850000381469727,1.589900016784668,1.5823999643325806,1.5850000381469727,1546.0
2024-04-24 12:03:00,VTRS,11.364999771118164,11.364999771118164,11.369999885559082,11.364999771118164,11.364999771118164,1711.0
2024-04-24 12:03:00,VVOS,2.5731000900268555,2.5731000900268555,2.5731000900268555,2.5731000900268555,2.5731000900268555,160.0
2024-04-24 12:03:00,VYGR,7.510000228881836,7.510000228881836,7.510000228881836,7.510000228881836,7.510000228881836,57.0
2024-04-24 12:03:00,WAFD,27.920000076293945,27.920000076293945,27.920000076293945,27.920000076293945,27.920000076293945,317.0
2024-04-24 12:03:00,WB,8.320099830627441,8.320099830627441,8.321499824523926,8.320099830627441,8.321499824523926,2154.0
2024-04-24 12:03:00,WBA,17.670000076293945,17.670000076293945,17.674999237060547,17.65999984741211,17.65999984741211,8958.0
2024-04-24 12:03:00,WBD,8.295000076293945,8.295000076293945,8.300000190734863,8.289999961853027,8.289999961853027,2863.0
2024-04-24 12:03:00,WDAY,254.7100067138672,254.7100067138672,254.7100067138672,254.7100067138672,254.7100067138672,369.0
2024-04-24 12:03:00,WDC,68.62999725341797,68.62999725341797,68.62999725341797,68.5199966430664,68.55000305175781,5490.0
2024-04-24 12:03:00,WEN,19.975000381469727,19.975000381469727,19.975000381469727,19.969999313354492,19.969999313354492,379.0
2024-04-24 12:03:00,WERN,35.099998474121094,35.099998474121094,35.099998474121094,35.099998474121094,35.099998474121094,102.0
2024-04-24 12:03:00,WHLM,6.573999881744385,6.573999881744385,6.573999881744385,6.573999881744385,6.573999881744385,828.0
2024-04-24 12:03:00,WHLRP,1.559999942779541,1.559999942779541,1.559999942779541,1.559999942779541,1.559999942779541,0.0
2024-04-24 12:03:00,WIMI,1.034999966621399,1.034999966621399,1.0399999618530273,1.0299999713897705,1.0317000150680542,20233.0
2024-04-24 12:03:00,WISA,5.900000095367432,5.900000095367432,5.913300037384033,5.899899959564209,5.899899959564209,4888.0
2024-04-24 12:03:00,WKHS,0.1606999933719635,0.1606999933719635,0.1606999933719635,0.1606999933719635,0.1606999933719635,1000.0
2024-04-24 12:03:00,WMG,32.119998931884766,32.119998931884766,32.130001068115234,32.119998931884766,32.130001068115234,1015.0
2024-04-24 12:03:00,WSC,37.630001068115234,37.630001068115234,37.630001068115234,37.59000015258789,37.595001220703125,3445.0
2024-04-24 12:03:00,WSFS,44.119998931884766,44.119998931884766,44.119998931884766,44.119998931884766,44.119998931884766,337.0
2024-04-24 12:03:00,WTFC,99.58999633789062,99.58999633789062,99.58999633789062,99.58999633789062,99.58999633789062,278.0
2024-04-24 12:03:00,WVE,5.090000152587891,5.090000152587891,5.09499979019165,5.090000152587891,5.09499979019165,1337.0
2024-04-24 12:03:00,WW,1.6799999475479126,1.6799999475479126,1.684999942779541,1.6799999475479126,1.6799999475479126,1551.0
2024-04-24 12:03:00,WYNN,96.44499969482422,96.44499969482422,96.44499969482422,96.44499969482422,96.44499969482422,331.0
2024-04-24 12:03:00,XEL,55.625,55.625,55.630001068115234,55.619998931884766,55.619998931884766,2150.0
2024-04-24 12:03:00,XENE,40.04999923706055,40.04999923706055,40.08000183105469,40.04999923706055,40.08000183105469,1571.0
2024-04-24 12:03:00,XFOR,1.2549999952316284,1.2549999952316284,1.2549999952316284,1.2549999952316284,1.2549999952316284,172.0
2024-04-24 12:03:00,XMTR,16.81999969482422,16.81999969482422,16.829999923706055,16.799999237060547,16.799999237060547,2550.0
2024-04-24 12:03:00,XNCR,18.420000076293945,18.420000076293945,18.420000076293945,18.420000076293945,18.420000076293945,1149.0
2024-04-24 12:03:00,XP,20.25,20.25,20.25,20.2450008392334,20.2450008392334,2769.0
2024-04-24 12:03:00,XPEL,54.400001525878906,54.400001525878906,54.400001525878906,54.400001525878906,54.400001525878906,289.0
2024-04-24 12:03:00,XRX,14.46500015258789,14.46500015258789,14.46500015258789,14.460000038146973,14.46500015258789,2223.0
2024-04-24 12:03:00,XXII,1.8300000429153442,1.8300000429153442,1.8300000429153442,1.8300000429153442,1.8300000429153442,1795.0
2024-04-24 12:03:00,YMAB,15.095000267028809,15.095000267028809,15.095000267028809,15.095000267028809,15.095000267028809,1869.0
2024-04-24 12:03:00,YTRA,1.2999999523162842,1.2999999523162842,1.2999999523162842,1.2999999523162842,1.2999999523162842,400.0
2024-04-24 12:03:00,Z,43.65999984741211,43.65999984741211,43.65999984741211,43.630001068115234,43.650001525878906,3234.0
2024-04-24 12:03:00,ZAPP,4.0,4.0,4.0,4.0,4.0,256.0
2024-04-24 12:03:00,ZG,43.13999938964844,43.13999938964844,43.13999938964844,43.13999938964844,43.13999938964844,1418.0
2024-04-24 12:03:00,ZI,15.729999542236328,15.729999542236328,15.729999542236328,15.729999542236328,15.729999542236328,344.0
2024-04-24 12:03:00,ZIMV,15.760000228881836,15.760000228881836,15.760000228881836,15.760000228881836,15.760000228881836,1682.0
2024-04-24 12:03:00,ZION,41.88999938964844,41.88999938964844,41.88999938964844,41.880001068115234,41.880001068115234,734.0
2024-04-24 12:03:00,ZM,61.16999816894531,61.16999816894531,61.185001373291016,61.16999816894531,61.185001373291016,1685.0
2024-04-24 12:03:00,ZNTL,11.960000038146973,11.960000038146973,11.960000038146973,11.960000038146973,11.960000038146973,558.0
2024-04-24 12:03:00,ZS,176.6199951171875,176.6199951171875,176.6199951171875,176.6199951171875,176.6199951171875,1123.0
2024-04-24 12:03:00,ZTEK,1.1200000047683716,1.1200000047683716,1.1200000047683716,1.1200000047683716,1.1200000047683716,400.0
2024-04-24 12:03:00,ZVRA,4.510000228881836,4.510000228881836,4.510000228881836,4.505000114440918,4.505000114440918,1200.0
2024-04-24 12:03:00,ZYME,8.59000015258789,8.59000015258789,8.59000015258789,8.579999923706055,8.579999923706055,2429.0
2024-04-24 12:04:00,COCO,23.959999084472656,23.959999084472656,23.959999084472656,23.95050048828125,23.95050048828125,885.0
2024-04-24 12:04:00,DIBS,5.380000114440918,5.380000114440918,5.380000114440918,5.380000114440918,5.380000114440918,552.0
2024-04-24 12:04:00,DSP,8.654999732971191,8.654999732971191,8.654999732971191,8.654999732971191,8.654999732971191,102.0
2024-04-24 12:04:00,EGHT,2.3450000286102295,2.3450000286102295,2.3499999046325684,2.3350000381469727,2.3399999141693115,14800.0
2024-04-24 12:04:00,ETNB,8.6850004196167,8.6850004196167,8.6850004196167,8.6850004196167,8.6850004196167,501.0
2024-04-24 12:04:00,FDMT,24.656200408935547,24.656200408935547,24.656200408935547,24.656200408935547,24.656200408935547,341.0
2024-04-24 12:04:00,MAPS,1.0800000429153442,1.0800000429153442,1.0800000429153442,1.0800000429153442,1.0800000429153442,1341.0
2024-04-24 12:04:00,ME,0.47760000824928284,0.47760000824928284,0.47760000824928284,0.4772999882698059,0.47760000824928284,1403.0
2024-04-24 12:04:00,SEAT,5.815000057220459,5.815000057220459,5.815000057220459,5.809999942779541,5.815000057220459,4230.0
2024-04-24 12:04:00,TSVT,4.320000171661377,4.320000171661377,4.328700065612793,4.320000171661377,4.324999809265137,2170.0
2024-04-24 12:04:00,TWOU,0.23180000483989716,0.23180000483989716,0.23180000483989716,0.23160000145435333,0.23170000314712524,2800.0
2024-04-24 12:04:00,TXG,27.010000228881836,27.010000228881836,27.010000228881836,26.979999542236328,26.979999542236328,2521.0
2024-04-24 12:04:00,VC,110.12999725341797,110.12999725341797,110.12999725341797,110.12999725341797,110.12999725341797,286.0
2024-04-24 12:04:00,VERV,6.684999942779541,6.684999942779541,6.690000057220459,6.684999942779541,6.690000057220459,2356.0
2024-04-24 12:04:00,VERX,28.709999084472656,28.709999084472656,28.729999542236328,28.65999984741211,28.674999237060547,11053.0
2024-04-24 12:04:00,VFF,1.3200000524520874,1.3200000524520874,1.3300000429153442,1.3200000524520874,1.3200000524520874,700.0
2024-04-24 12:04:00,VIAV,7.875,7.875,7.880000114440918,7.875,7.875,7994.0
2024-04-24 12:04:00,VICR,32.505001068115234,32.505001068115234,32.595001220703125,32.4900016784668,32.53499984741211,2689.0
2024-04-24 12:04:00,VINC,0.928600013256073,0.928600013256073,0.928600013256073,0.9175999760627747,0.9175999760627747,902.0
2024-04-24 12:04:00,VIR,8.1850004196167,8.1850004196167,8.1850004196167,8.1850004196167,8.1850004196167,384.0
2024-04-24 12:04:00,VIRC,10.602499961853027,10.602499961853027,10.602499961853027,10.602499961853027,10.602499961853027,241.0
2024-04-24 12:04:00,VIRT,22.655000686645508,22.655000686645508,22.674999237060547,22.6200008392334,22.635000228881836,5318.0
2024-04-24 12:04:00,VITL,26.780000686645508,26.780000686645508,26.790000915527344,26.780000686645508,26.790000915527344,454.0
2024-04-24 12:04:00,VKTX,65.3478012084961,65.3478012084961,65.3550033569336,65.285400390625,65.3550033569336,4242.0
2024-04-24 12:04:00,VLCN,0.24570000171661377,0.24570000171661377,0.24570000171661377,0.24570000171661377,0.24570000171661377,2726.0
2024-04-24 12:04:00,VNET,1.534999966621399,1.534999966621399,1.534999966621399,1.534999966621399,1.534999966621399,920.0
2024-04-24 12:04:00,VNOM,39.72999954223633,39.72999954223633,39.7400016784668,39.70500183105469,39.70500183105469,2375.0
2024-04-24 12:04:00,VOD,8.604999542236328,8.604999542236328,8.604999542236328,8.600000381469727,8.600000381469727,3815.0
2024-04-24 12:04:00,VRCA,6.75,6.75,6.75,6.75,6.75,318.0
2024-04-24 12:04:00,VRDN,13.494999885559082,13.494999885559082,13.494999885559082,13.494999885559082,13.494999885559082,619.0
2024-04-24 12:04:00,VRNA,15.53499984741211,15.53499984741211,15.53499984741211,15.53499984741211,15.53499984741211,134.0
2024-04-24 12:04:00,VSAT,16.100000381469727,16.100000381469727,16.110000610351562,16.100000381469727,16.100000381469727,893.0
2024-04-24 12:04:00,VTGN,4.69980001449585,4.69980001449585,4.69980001449585,4.69980001449585,4.69980001449585,4962.0
2024-04-24 12:04:00,VTNR,1.5850000381469727,1.5850000381469727,1.590000033378601,1.5850000381469727,1.5850000381469727,1412.0
2024-04-24 12:04:00,VTRS,11.369999885559082,11.369999885559082,11.369999885559082,11.364999771118164,11.369999885559082,3778.0
2024-04-24 12:04:00,VUZI,1.277899980545044,1.277899980545044,1.277899980545044,1.277899980545044,1.277899980545044,720.0
2024-04-24 12:04:00,VVOS,2.5843000411987305,2.5843000411987305,2.5843000411987305,2.5843000411987305,2.5843000411987305,1020.0
2024-04-24 12:04:00,WAFD,27.920000076293945,27.920000076293945,27.93000030517578,27.889999389648438,27.93000030517578,1007.0
2024-04-24 12:04:00,WB,8.324999809265137,8.324999809265137,8.324999809265137,8.3149995803833,8.319999694824219,2613.0
2024-04-24 12:04:00,WBA,17.65999984741211,17.65999984741211,17.672199249267578,17.65999984741211,17.672199249267578,7508.0
2024-04-24 12:04:00,WBD,8.295000076293945,8.295000076293945,8.300000190734863,8.289999961853027,8.291999816894531,41160.0
2024-04-24 12:04:00,WDAY,254.9600067138672,254.9600067138672,254.9600067138672,254.7100067138672,254.7100067138672,3793.0
2024-04-24 12:04:00,WDC,68.75,68.75,68.7699966430664,68.6500015258789,68.6500015258789,5825.0
2024-04-24 12:04:00,WEN,19.975000381469727,19.975000381469727,19.975000381469727,19.969999313354492,19.975000381469727,844.0
2024-04-24 12:04:00,WERN,35.08000183105469,35.08000183105469,35.08000183105469,35.08000183105469,35.08000183105469,135.0
2024-04-24 12:04:00,WEST,9.930000305175781,9.930000305175781,9.930000305175781,9.930000305175781,9.930000305175781,358.0
2024-04-24 12:04:00,WFRD,123.34500122070312,123.34500122070312,123.47000122070312,123.34500122070312,123.4000015258789,936.0
2024-04-24 12:04:00,WIMI,1.034999966621399,1.034999966621399,1.0399999618530273,1.0299999713897705,1.0360000133514404,27154.0
2024-04-24 12:04:00,WISA,5.920000076293945,5.920000076293945,5.920000076293945,5.909999847412109,5.909999847412109,0.0
2024-04-24 12:04:00,WIX,121.91500091552734,121.91500091552734,121.91500091552734,121.91500091552734,121.91500091552734,790.0
2024-04-24 12:04:00,WKHS,0.1606999933719635,0.1606999933719635,0.1606999933719635,0.16060000658035278,0.16060000658035278,8410.0
2024-04-24 12:04:00,WMG,32.130001068115234,32.130001068115234,32.13999938964844,32.130001068115234,32.13999938964844,889.0
2024-04-24 12:04:00,WSC,37.650001525878906,37.650001525878906,37.65999984741211,37.64500045776367,37.650001525878906,2900.0
2024-04-24 12:04:00,WVE,5.119999885559082,5.119999885559082,5.119999885559082,5.090000152587891,5.090000152587891,3905.0
2024-04-24 12:04:00,WW,1.6799999475479126,1.6799999475479126,1.6799999475479126,1.6799999475479126,1.6799999475479126,300.0
2024-04-24 12:04:00,WWD,149.22999572753906,149.22999572753906,149.22999572753906,149.22999572753906,149.22999572753906,368.0
2024-04-24 12:04:00,WYNN,96.4800033569336,96.4800033569336,96.5,96.45999908447266,96.45999908447266,1843.0
2024-04-24 12:04:00,XEL,55.61000061035156,55.61000061035156,55.6349983215332,55.61000061035156,55.630001068115234,6614.0
2024-04-24 12:04:00,XFOR,1.2549999952316284,1.2549999952316284,1.2599999904632568,1.2549999952316284,1.2599999904632568,500.0
2024-04-24 12:04:00,XLO,1.0499999523162842,1.0499999523162842,1.0499999523162842,1.0499999523162842,1.0499999523162842,200.0
2024-04-24 12:04:00,XNCR,18.440000534057617,18.440000534057617,18.440000534057617,18.440000534057617,18.440000534057617,653.0
2024-04-24 12:04:00,XP,20.2450008392334,20.2450008392334,20.260000228881836,20.239999771118164,20.2549991607666,11373.0
2024-04-24 12:04:00,XRX,14.470000267028809,14.470000267028809,14.479999542236328,14.46500015258789,14.46500015258789,6938.0
2024-04-24 12:04:00,XXII,1.8350000381469727,1.8350000381469727,1.8350000381469727,1.8350000381469727,1.8350000381469727,108.0
2024-04-24 12:04:00,YTRA,1.2999999523162842,1.2999999523162842,1.2999999523162842,1.2999999523162842,1.2999999523162842,2800.0
2024-04-24 12:04:00,Z,43.650001525878906,43.650001525878906,43.66999816894531,43.63999938964844,43.65999984741211,3778.0
2024-04-24 12:04:00,ZI,15.739999771118164,15.739999771118164,15.739999771118164,15.729999542236328,15.729999542236328,2430.0
2024-04-24 12:04:00,ZION,41.90999984741211,41.90999984741211,41.90999984741211,41.900001525878906,41.900001525878906,2325.0
2024-04-24 12:04:00,ZLAB,15.609999656677246,15.609999656677246,15.609999656677246,15.600000381469727,15.600000381469727,700.0
2024-04-24 12:04:00,ZM,61.20000076293945,61.20000076293945,61.20500183105469,61.15340042114258,61.15340042114258,5962.0
2024-04-24 12:04:00,ZNTL,11.960000038146973,11.960000038146973,11.960000038146973,11.960000038146973,11.960000038146973,142.0
2024-04-24 12:04:00,ZS,176.75999450683594,176.75999450683594,176.75999450683594,176.75999450683594,176.75999450683594,1388.0
2024-04-24 12:04:00,ZVSA,0.5999000072479248,0.5999000072479248,0.5999000072479248,0.5999000072479248,0.5999000072479248,261.0
2024-04-24 12:05:00,COCO,23.959999084472656,23.959999084472656,23.959999084472656,23.959999084472656,23.959999084472656,466.0
2024-04-24 12:05:00,EGHT,2.3399999141693115,2.3399999141693115,2.3450000286102295,2.3399999141693115,2.3450000286102295,11025.0
2024-04-24 12:05:00,ETNB,8.6899995803833,8.6899995803833,8.6899995803833,8.680000305175781,8.680000305175781,3865.0
2024-04-24 12:05:00,FEAM,1.1699999570846558,1.1699999570846558,1.1699999570846558,1.1699999570846558,1.1699999570846558,289.0
2024-04-24 12:05:00,MAPS,1.0800000429153442,1.0800000429153442,1.0800000429153442,1.0800000429153442,1.0800000429153442,400.0
2024-04-24 12:05:00,MASS,5.590000152587891,5.590000152587891,5.590000152587891,5.590000152587891,5.590000152587891,150.0
2024-04-24 12:05:00,ME,0.48249998688697815,0.48249998688697815,0.484499990940094,0.4781000018119812,0.4781000018119812,36117.0
2024-04-24 12:05:00,SEAT,5.809999942779541,5.809999942779541,5.820000171661377,5.809999942779541,5.815000057220459,4833.0
2024-04-24 12:05:00,SXTP,0.2460000067949295,0.2460000067949295,0.2460000067949295,0.2460000067949295,0.2460000067949295,301.0
2024-04-24 12:05:00,TWOU,0.23180000483989716,0.23180000483989716,0.23180000483989716,0.23180000483989716,0.23180000483989716,610.0
2024-04-24 12:05:00,TXG,27.020000457763672,27.020000457763672,27.020000457763672,27.0,27.0,3194.0
2024-04-24 12:05:00,VERU,1.340000033378601,1.340000033378601,1.340000033378601,1.3300000429153442,1.3300000429153442,24335.0
2024-04-24 12:05:00,VERV,6.679999828338623,6.679999828338623,6.684999942779541,6.670000076293945,6.679999828338623,2569.0
2024-04-24 12:05:00,VERX,28.525999069213867,28.525999069213867,28.56999969482422,28.525999069213867,28.540000915527344,8235.0
2024-04-24 12:05:00,VFF,1.3295999765396118,1.3295999765396118,1.3300000429153442,1.3295999765396118,1.3300000429153442,1835.0
2024-04-24 12:05:00,VFS,2.4700000286102295,2.4700000286102295,2.4700000286102295,2.4656999111175537,2.4656999111175537,10562.0
2024-04-24 12:05:00,VIAV,7.875,7.875,7.875,7.875,7.875,0.0
2024-04-24 12:05:00,VINC,0.9297000169754028,0.9297000169754028,0.9297000169754028,0.9297000169754028,0.9297000169754028,1071.0
2024-04-24 12:05:00,VIR,8.180000305175781,8.180000305175781,8.1850004196167,8.180000305175781,8.1850004196167,1619.0
2024-04-24 12:05:00,VIRI,0.4745999872684479,0.4745999872684479,0.4745999872684479,0.4745999872684479,0.4745999872684479,0.0
2024-04-24 12:05:00,VIRT,22.709999084472656,22.709999084472656,22.725000381469727,22.649999618530273,22.649999618530273,8272.0
2024-04-24 12:05:00,VITL,26.780000686645508,26.780000686645508,26.780000686645508,26.780000686645508,26.780000686645508,673.0
2024-04-24 12:05:00,VKTX,65.41000366210938,65.41000366210938,65.41000366210938,65.27010345458984,65.27130126953125,5077.0
2024-04-24 12:05:00,VMD,7.989999771118164,7.989999771118164,7.989999771118164,7.989999771118164,7.989999771118164,525.0
2024-04-24 12:05:00,VNET,1.534999966621399,1.534999966621399,1.534999966621399,1.534999966621399,1.534999966621399,100.0
2024-04-24 12:05:00,VNOM,39.720001220703125,39.720001220703125,39.720001220703125,39.720001220703125,39.720001220703125,1357.0
2024-04-24 12:05:00,VOD,8.604999542236328,8.604999542236328,8.605999946594238,8.600000381469727,8.600000381469727,4191.0
2024-04-24 12:05:00,VRM,11.600000381469727,11.600000381469727,11.600000381469727,11.600000381469727,11.600000381469727,3954.0
2024-04-24 12:05:00,VRTS,231.83999633789062,231.83999633789062,231.83999633789062,231.83999633789062,231.83999633789062,126.0
2024-04-24 12:05:00,VRTX,400.8500061035156,400.8500061035156,401.135009765625,400.8500061035156,400.8999938964844,2338.0
2024-04-24 12:05:00,VSAT,16.104999542236328,16.104999542236328,16.104999542236328,16.104999542236328,16.104999542236328,102.0
2024-04-24 12:05:00,VTNR,1.5850000381469727,1.5850000381469727,1.5850000381469727,1.5850000381469727,1.5850000381469727,800.0
2024-04-24 12:05:00,VTRS,11.362299919128418,11.362299919128418,11.369999885559082,11.362299919128418,11.369999885559082,1312.0
2024-04-24 12:05:00,VUZI,1.2699999809265137,1.2699999809265137,1.2699999809265137,1.2699999809265137,1.2699999809265137,0.0
2024-04-24 12:05:00,VWE,0.2800000011920929,0.2800000011920929,0.2800000011920929,0.26899999380111694,0.26899999380111694,16300.0
2024-04-24 12:05:00,WAFD,27.8700008392334,27.8700008392334,27.8700008392334,27.8700008392334,27.8700008392334,577.0
2024-04-24 12:05:00,WB,8.319999694824219,8.319999694824219,8.324999809265137,8.319999694824219,8.324999809265137,996.0
2024-04-24 12:05:00,WBA,17.659900665283203,17.659900665283203,17.65999984741211,17.649999618530273,17.65999984741211,6186.0
2024-04-24 12:05:00,WBD,8.291299819946289,8.291299819946289,8.295000076293945,8.289999961853027,8.295000076293945,4343.0
2024-04-24 12:05:00,WDAY,254.75,254.75,254.85000610351562,254.75,254.8000030517578,2624.0
2024-04-24 12:05:00,WDC,68.70500183105469,68.70500183105469,68.7699966430664,68.70500183105469,68.75,6960.0
2024-04-24 12:05:00,WEN,19.969999313354492,19.969999313354492,19.969999313354492,19.969999313354492,19.969999313354492,508.0
2024-04-24 12:05:00,WERN,35.08000183105469,35.08000183105469,35.08000183105469,35.06999969482422,35.06999969482422,769.0
2024-04-24 12:05:00,WFRD,123.3499984741211,123.3499984741211,123.36000061035156,123.30000305175781,123.3499984741211,1226.0
2024-04-24 12:05:00,WHLM,6.570000171661377,6.570000171661377,6.5914998054504395,6.570000171661377,6.5914998054504395,1213.0
2024-04-24 12:05:00,WHLR,0.14300000667572021,0.14300000667572021,0.14300000667572021,0.14300000667572021,0.14300000667572021,200.0
2024-04-24 12:05:00,WIMI,1.0299999713897705,1.0299999713897705,1.0399999618530273,1.0299999713897705,1.034999966621399,14996.0
2024-04-24 12:05:00,WISA,5.940000057220459,5.940000057220459,5.949999809265137,5.9120001792907715,5.9120001792907715,14369.0
2024-04-24 12:05:00,WIX,121.80000305175781,121.80000305175781,121.80000305175781,121.80000305175781,121.80000305175781,1126.0
2024-04-24 12:05:00,WKHS,0.16060000658035278,0.16060000658035278,0.16060000658035278,0.16060000658035278,0.16060000658035278,3173.0
2024-04-24 12:05:00,WMG,32.09000015258789,32.09000015258789,32.13999938964844,32.09000015258789,32.130001068115234,4620.0
2024-04-24 12:05:00,WSC,37.65999984741211,37.65999984741211,37.65999984741211,37.650001525878906,37.650001525878906,2373.0
2024-04-24 12:05:00,WTW,263.67999267578125,263.67999267578125,263.82000732421875,263.67999267578125,263.82000732421875,1704.0
2024-04-24 12:05:00,WW,1.6799999475479126,1.6799999475479126,1.6799999475479126,1.6799999475479126,1.6799999475479126,126.0
2024-04-24 12:05:00,WYNN,96.37000274658203,96.37000274658203,96.41000366210938,96.37000274658203,96.41000366210938,1054.0
2024-04-24 12:05:00,XEL,55.60499954223633,55.60499954223633,55.61000061035156,55.59000015258789,55.61000061035156,7274.0
2024-04-24 12:05:00,XFOR,1.2549999952316284,1.2549999952316284,1.2549999952316284,1.2549999952316284,1.2549999952316284,800.0
2024-04-24 12:05:00,XLO,1.059999942779541,1.059999942779541,1.059999942779541,1.0499999523162842,1.0499999523162842,500.0
2024-04-24 12:05:00,XNCR,18.440000534057617,18.440000534057617,18.440000534057617,18.440000534057617,18.440000534057617,302.0
2024-04-24 12:05:00,XP,20.25,20.25,20.25,20.2450008392334,20.25,4483.0
2024-04-24 12:05:00,XRX,14.475000381469727,14.475000381469727,14.479999542236328,14.46500015258789,14.475000381469727,7404.0
2024-04-24 12:05:00,XTLB,2.569999933242798,2.569999933242798,2.569999933242798,2.569999933242798,2.569999933242798,757.0
2024-04-24 12:05:00,XXII,1.8300000429153442,1.8300000429153442,1.8301000595092773,1.8300000429153442,1.8301000595092773,846.0
2024-04-24 12:05:00,YTRA,1.2999999523162842,1.2999999523162842,1.2999999523162842,1.2999999523162842,1.2999999523162842,500.0
2024-04-24 12:05:00,Z,43.650001525878906,43.650001525878906,43.65999984741211,43.63999938964844,43.650001525878906,3761.0
2024-04-24 12:05:00,ZBRA,275.0299987792969,275.0299987792969,275.0299987792969,275.0299987792969,275.0299987792969,257.0
2024-04-24 12:05:00,ZCMD,1.6799999475479126,1.6799999475479126,1.6799999475479126,1.6799999475479126,1.6799999475479126,246.0
2024-04-24 12:05:00,ZG,43.18000030517578,43.18000030517578,43.18000030517578,43.18000030517578,43.18000030517578,1472.0
2024-04-24 12:05:00,ZI,15.744999885559082,15.744999885559082,15.744999885559082,15.744999885559082,15.744999885559082,222.0
2024-04-24 12:05:00,ZION,41.88999938964844,41.88999938964844,41.90999984741211,41.88999938964844,41.90999984741211,1057.0
2024-04-24 12:05:00,ZLAB,15.604999542236328,15.604999542236328,15.604999542236328,15.600000381469727,15.600000381469727,360.0
2024-04-24 12:05:00,ZM,61.11000061035156,61.11000061035156,61.20000076293945,61.11000061035156,61.20000076293945,4441.0
2024-04-24 12:05:00,ZNTL,11.960000038146973,11.960000038146973,11.960000038146973,11.960000038146973,11.960000038146973,849.0
2024-04-24 12:05:00,ZS,176.7899932861328,176.7899932861328,176.7899932861328,176.69000244140625,176.69000244140625,882.0
2024-04-24 12:05:00,ZURA,3.2300000190734863,3.2300000190734863,3.2300000190734863,3.2300000190734863,3.2300000190734863,0.0
2024-04-24 12:05:00,ZVRA,4.5,4.5,4.510000228881836,4.5,4.510000228881836,1436.0
2024-04-24 12:05:00,ZVSA,0.5972999930381775,0.5972999930381775,0.5972999930381775,0.5972999930381775,0.5972999930381775,4544.0
2024-04-24 12:06:00,AIXI,1.2338000535964966,1.2338000535964966,1.2338000535964966,1.2338000535964966,1.2338000535964966,1623.0
2024-04-24 12:06:00,COCO,23.955799102783203,23.955799102783203,23.955799102783203,23.955799102783203,23.955799102783203,329.0
2024-04-24 12:06:00,DIBS,5.380000114440918,5.380000114440918,5.380000114440918,5.380000114440918,5.380000114440918,252.0
2024-04-24 12:06:00,DSP,8.664999961853027,8.664999961853027,8.664999961853027,8.664999961853027,8.664999961853027,200.0
2024-04-24 12:06:00,EGHT,2.3399999141693115,2.3399999141693115,2.3450000286102295,2.3399999141693115,2.3399999141693115,7038.0
2024-04-24 12:06:00,ETNB,8.694999694824219,8.694999694824219,8.694999694824219,8.6899995803833,8.6899995803833,2073.0
2024-04-24 12:06:00,ME,0.4844000041484833,0.4844000041484833,0.4844000041484833,0.48249998688697815,0.48249998688697815,1068.0
2024-04-24 12:06:00,SEAT,5.815000057220459,5.815000057220459,5.815000057220459,5.815000057220459,5.815000057220459,247.0
2024-04-24 12:06:00,TSVT,4.320000171661377,4.320000171661377,4.320000171661377,4.320000171661377,4.320000171661377,761.0
2024-04-24 12:06:00,TWOU,0.23180000483989716,0.23180000483989716,0.23180000483989716,0.23180000483989716,0.23180000483989716,8067.0
2024-04-24 12:06:00,VCTR,49.5,49.5,49.5099983215332,49.5,49.5,2184.0
2024-04-24 12:06:00,VERU,1.340000033378601,1.340000033378601,1.340000033378601,1.340000033378601,1.340000033378601,10286.0
2024-04-24 12:06:00,VERV,6.679999828338623,6.679999828338623,6.679999828338623,6.670000076293945,6.675000190734863,3148.0
2024-04-24 12:06:00,VERX,28.530000686645508,28.530000686645508,28.579999923706055,28.525999069213867,28.525999069213867,4074.0
2024-04-24 12:06:00,VFF,1.3300000429153442,1.3300000429153442,1.3300000429153442,1.3300000429153442,1.3300000429153442,600.0
2024-04-24 12:06:00,VFS,2.4700000286102295,2.4700000286102295,2.4700000286102295,2.4700000286102295,2.4700000286102295,1481.0
2024-04-24 12:06:00,VIAV,7.869999885559082,7.869999885559082,7.869999885559082,7.869999885559082,7.869999885559082,4441.0
2024-04-24 12:06:00,VICR,32.41999816894531,32.41999816894531,32.41999816894531,32.37950134277344,32.37950134277344,1979.0
2024-04-24 12:06:00,VIR,8.172499656677246,8.172499656677246,8.172499656677246,8.172499656677246,8.172499656677246,200.0
2024-04-24 12:06:00,VIRI,0.4745999872684479,0.4745999872684479,0.4745999872684479,0.4674000144004822,0.4674000144004822,296.0
2024-04-24 12:06:00,VIRT,22.700000762939453,22.700000762939453,22.700000762939453,22.700000762939453,22.700000762939453,125.0
2024-04-24 12:06:00,VKTX,65.31700134277344,65.31700134277344,65.3550033569336,65.31700134277344,65.3550033569336,1175.0
2024-04-24 12:06:00,VMEO,3.5350000858306885,3.5350000858306885,3.5350000858306885,3.5350000858306885,3.5350000858306885,666.0
2024-04-24 12:06:00,VNET,1.534999966621399,1.534999966621399,1.534999966621399,1.534999966621399,1.534999966621399,520.0
2024-04-24 12:06:00,VNOM,39.7400016784668,39.7400016784668,39.75,39.71500015258789,39.71500015258789,1858.0
2024-04-24 12:06:00,VOD,8.609999656677246,8.609999656677246,8.609999656677246,8.600000381469727,8.604999542236328,1469.0
2024-04-24 12:06:00,VRCA,6.739999771118164,6.739999771118164,6.739999771118164,6.730000019073486,6.730000019073486,400.0
2024-04-24 12:06:00,VRDN,13.479999542236328,13.479999542236328,13.499899864196777,13.479999542236328,13.489999771118164,1808.0
2024-04-24 12:06:00,VRRM,24.30500030517578,24.30500030517578,24.30500030517578,24.30500030517578,24.30500030517578,200.0
2024-04-24 12:06:00,VSAT,16.059999465942383,16.059999465942383,16.100000381469727,16.059999465942383,16.100000381469727,1923.0
2024-04-24 12:06:00,VTGN,4.675000190734863,4.675000190734863,4.675000190734863,4.675000190734863,4.675000190734863,626.0
2024-04-24 12:06:00,VTNR,1.5850000381469727,1.5850000381469727,1.5850000381469727,1.5823999643325806,1.5850000381469727,6904.0
2024-04-24 12:06:00,VTRS,11.369999885559082,11.369999885559082,11.369999885559082,11.369999885559082,11.369999885559082,1616.0
2024-04-24 12:06:00,VVOS,2.569999933242798,2.569999933242798,2.569999933242798,2.569999933242798,2.569999933242798,1020.0
2024-04-24 12:06:00,VWE,0.2619999945163727,0.2619999945163727,0.26600000262260437,0.2619999945163727,0.26600000262260437,2519.0
2024-04-24 12:06:00,WAFD,27.854999542236328,27.854999542236328,27.854999542236328,27.854999542236328,27.854999542236328,484.0
2024-04-24 12:06:00,WBA,17.656200408935547,17.656200408935547,17.65999984741211,17.649999618530273,17.653200149536133,4163.0
2024-04-24 12:06:00,WBD,8.302000045776367,8.302000045776367,8.305000305175781,8.289999961853027,8.295000076293945,146759.0
2024-04-24 12:06:00,WDAY,254.6699981689453,254.6699981689453,254.6699981689453,254.58999633789062,254.6699981689453,2290.0
2024-04-24 12:06:00,WDC,68.68000030517578,68.68000030517578,68.70999908447266,68.66999816894531,68.68000030517578,7102.0
2024-04-24 12:06:00,WEN,19.969999313354492,19.969999313354492,19.979999542236328,19.96500015258789,19.975000381469727,8017.0
2024-04-24 12:06:00,WERN,35.04999923706055,35.04999923706055,35.064998626708984,35.04999923706055,35.060001373291016,1101.0
2024-04-24 12:06:00,WFRD,123.34500122070312,123.34500122070312,123.34500122070312,123.34500122070312,123.34500122070312,770.0
2024-04-24 12:06:00,WIMI,1.0298999547958374,1.0298999547958374,1.0399999618530273,1.0200999975204468,1.0384000539779663,70108.0
2024-04-24 12:06:00,WING,361.92999267578125,361.92999267578125,361.92999267578125,361.92999267578125,361.92999267578125,311.0
2024-04-24 12:06:00,WISA,5.8821001052856445,5.8821001052856445,5.984000205993652,5.8821001052856445,5.984000205993652,11502.0
2024-04-24 12:06:00,WIX,121.58999633789062,121.58999633789062,121.76000213623047,121.58999633789062,121.76000213623047,3041.0
2024-04-24 12:06:00,WKHS,0.16060000658035278,0.16060000658035278,0.16060000658035278,0.16060000658035278,0.16060000658035278,555.0
2024-04-24 12:06:00,WKSP,0.3702000081539154,0.3702000081539154,0.3702000081539154,0.3700999915599823,0.3700999915599823,2901.0
2024-04-24 12:06:00,WLDS,0.4754999876022339,0.4754999876022339,0.4754999876022339,0.4754999876022339,0.4754999876022339,400.0
2024-04-24 12:06:00,WMG,32.08000183105469,32.08000183105469,32.099998474121094,32.08000183105469,32.099998474121094,1489.0
2024-04-24 12:06:00,WSBF,11.930000305175781,11.930000305175781,11.930000305175781,11.930000305175781,11.930000305175781,993.0
2024-04-24 12:06:00,WSC,37.654998779296875,37.654998779296875,37.689998626708984,37.63999938964844,37.67499923706055,4834.0
2024-04-24 12:06:00,WTFC,99.44999694824219,99.44999694824219,99.4800033569336,99.44999694824219,99.4800033569336,613.0
2024-04-24 12:06:00,WVE,5.090000152587891,5.090000152587891,5.099999904632568,5.090000152587891,5.099999904632568,1457.0
2024-04-24 12:06:00,WW,1.6799999475479126,1.6799999475479126,1.680299997329712,1.6799999475479126,1.680299997329712,3412.0
2024-04-24 12:06:00,WWD,149.15750122070312,149.15750122070312,149.1999969482422,149.10000610351562,149.14999389648438,2188.0
2024-04-24 12:06:00,WYNN,96.3499984741211,96.3499984741211,96.43000030517578,96.3499984741211,96.3499984741211,1777.0
2024-04-24 12:06:00,XEL,55.63750076293945,55.63750076293945,55.63750076293945,55.61000061035156,55.61000061035156,2561.0
2024-04-24 12:06:00,XERS,1.7450000047683716,1.7450000047683716,1.7450000047683716,1.7450000047683716,1.7450000047683716,431.0
2024-04-24 12:06:00,XFOR,1.2549999952316284,1.2549999952316284,1.2549999952316284,1.2524000406265259,1.2524000406265259,1400.0
2024-04-24 12:06:00,XNCR,18.420000076293945,18.420000076293945,18.420000076293945,18.420000076293945,18.420000076293945,245.0
2024-04-24 12:06:00,XP,20.2450008392334,20.2450008392334,20.25,20.2450008392334,20.25,1514.0
2024-04-24 12:06:00,XRX,14.470000267028809,14.470000267028809,14.470000267028809,14.470000267028809,14.470000267028809,1091.0
2024-04-24 12:06:00,YORW,35.459999084472656,35.459999084472656,35.459999084472656,35.459999084472656,35.459999084472656,1481.0
2024-04-24 12:06:00,Z,43.65999984741211,43.65999984741211,43.65999984741211,43.650001525878906,43.65999984741211,2778.0
2024-04-24 12:06:00,ZCMD,1.690000057220459,1.690000057220459,1.690000057220459,1.690000057220459,1.690000057220459,394.0
2024-04-24 12:06:00,ZI,15.744999885559082,15.744999885559082,15.744999885559082,15.739999771118164,15.739999771118164,981.0
2024-04-24 12:06:00,ZION,41.845001220703125,41.845001220703125,41.869998931884766,41.845001220703125,41.869998931884766,433.0
2024-04-24 12:06:00,ZLAB,15.604999542236328,15.604999542236328,15.604999542236328,15.604999542236328,15.604999542236328,910.0
2024-04-24 12:06:00,ZM,61.11000061035156,61.11000061035156,61.130001068115234,61.099998474121094,61.1150016784668,6685.0
2024-04-24 12:06:00,ZS,176.4199981689453,176.4199981689453,176.69000244140625,176.30999755859375,176.69000244140625,4739.0
2024-04-24 12:06:00,ZYME,8.600000381469727,8.600000381469727,8.600000381469727,8.59000015258789,8.59000015258789,2473.0
2024-04-24 12:07:00,DSP,8.670000076293945,8.670000076293945,8.670000076293945,8.670000076293945,8.670000076293945,1.0
2024-04-24 12:07:00,EGHT,2.3399999141693115,2.3399999141693115,2.3399999141693115,2.3399999141693115,2.3399999141693115,2555.0
2024-04-24 12:07:00,ETNB,8.694999694824219,8.694999694824219,8.694999694824219,8.694999694824219,8.694999694824219,453.0
2024-04-24 12:07:00,FDMT,24.610000610351562,24.610000610351562,24.610000610351562,24.610000610351562,24.610000610351562,481.0
2024-04-24 12:07:00,MASS,5.590000152587891,5.590000152587891,5.590000152587891,5.590000152587891,5.590000152587891,200.0
2024-04-24 12:07:00,ME,0.483599990606308,0.483599990606308,0.483599990606308,0.483599990606308,0.483599990606308,265.0
2024-04-24 12:07:00,SEAT,5.809999942779541,5.809999942779541,5.809999942779541,5.809999942779541,5.809999942779541,886.0
2024-04-24 12:07:00,TSVT,4.309999942779541,4.309999942779541,4.309999942779541,4.309999942779541,4.309999942779541,637.0
2024-04-24 12:07:00,TWOU,0.23559999465942383,0.23559999465942383,0.23559999465942383,0.23180000483989716,0.23180000483989716,101935.0
2024-04-24 12:07:00,TXG,27.079999923706055,27.079999923706055,27.079999923706055,27.01099967956543,27.030000686645508,9604.0
2024-04-24 12:07:00,VCTR,49.5,49.5,49.5,49.5,49.5,1408.0
2024-04-24 12:07:00,VERU,1.340000033378601,1.340000033378601,1.340000033378601,1.3350000381469727,1.340000033378601,2168.0
2024-04-24 12:07:00,VERV,6.675000190734863,6.675000190734863,6.675000190734863,6.664999961853027,6.664999961853027,3085.0
2024-04-24 12:07:00,VERX,28.469999313354492,28.469999313354492,28.565000534057617,28.40999984741211,28.565000534057617,6052.0
2024-04-24 12:07:00,VFF,1.315000057220459,1.315000057220459,1.3200000524520874,1.3049999475479126,1.3200000524520874,5321.0
2024-04-24 12:07:00,VICR,32.290000915527344,32.290000915527344,32.36000061035156,32.290000915527344,32.36000061035156,1230.0
2024-04-24 12:07:00,VIR,8.175000190734863,8.175000190734863,8.175000190734863,8.175000190734863,8.175000190734863,527.0
2024-04-24 12:07:00,VIRC,10.579999923706055,10.579999923706055,10.630000114440918,10.579999923706055,10.630000114440918,1350.0
2024-04-24 12:07:00,VIRT,22.729999542236328,22.729999542236328,22.729999542236328,22.690000534057617,22.690000534057617,2037.0
2024-04-24 12:07:00,VIRX,0.8454999923706055,0.8454999923706055,0.8454999923706055,0.8454999923706055,0.8454999923706055,0.0
2024-04-24 12:07:00,VITL,26.719999313354492,26.719999313354492,26.755599975585938,26.719999313354492,26.755599975585938,1029.0
2024-04-24 12:07:00,VKTX,65.27999877929688,65.27999877929688,65.41500091552734,65.2699966430664,65.41500091552734,3935.0
2024-04-24 12:07:00,VLCN,0.23199999332427979,0.23199999332427979,0.24719999730587006,0.2304999977350235,0.2460000067949295,244219.0
2024-04-24 12:07:00,VMEO,3.5350000858306885,3.5350000858306885,3.5350000858306885,3.5299999713897705,3.5299999713897705,1669.0
2024-04-24 12:07:00,VOD,8.605999946594238,8.605999946594238,8.608499526977539,8.605999946594238,8.608499526977539,448.0
2024-04-24 12:07:00,VOR,1.75,1.75,1.75,1.75,1.75,1590.0
2024-04-24 12:07:00,VRCA,6.739999771118164,6.739999771118164,6.739999771118164,6.739999771118164,6.739999771118164,240.0
2024-04-24 12:07:00,VRDN,13.4399995803833,13.4399995803833,13.470000267028809,13.434000015258789,13.470000267028809,2998.0
2024-04-24 12:07:00,VRNA,15.54990005493164,15.54990005493164,15.54990005493164,15.54990005493164,15.54990005493164,303.0
2024-04-24 12:07:00,VRRM,24.31999969482422,24.31999969482422,24.31999969482422,24.299999237060547,24.30500030517578,1744.0
2024-04-24 12:07:00,VRTS,231.35000610351562,231.35000610351562,231.35000610351562,231.35000610351562,231.35000610351562,343.0
2024-04-24 12:07:00,VRTX,400.6499938964844,400.6499938964844,400.6499938964844,400.6499938964844,400.6499938964844,228.0
2024-04-24 12:07:00,VSAT,16.125,16.125,16.125,16.100000381469727,16.100000381469727,1286.0
2024-04-24 12:07:00,VTGN,4.689899921417236,4.689899921417236,4.689899921417236,4.689899921417236,4.689899921417236,0.0
2024-04-24 12:07:00,VTNR,1.5724999904632568,1.5724999904632568,1.5850000381469727,1.5700000524520874,1.5850000381469727,36974.0
2024-04-24 12:07:00,VTRS,11.364999771118164,11.364999771118164,11.369999885559082,11.364999771118164,11.364999771118164,3626.0
2024-04-24 12:07:00,VTSI,12.029999732971191,12.029999732971191,12.029999732971191,12.029999732971191,12.029999732971191,166.0
2024-04-24 12:07:00,VUZI,1.277500033378601,1.277500033378601,1.2899999618530273,1.2699999809265137,1.2699999809265137,21687.0
2024-04-24 12:07:00,VYGR,7.46999979019165,7.46999979019165,7.506499767303467,7.46999979019165,7.505799770355225,9799.0
2024-04-24 12:07:00,WBA,17.659900665283203,17.659900665283203,17.65999984741211,17.649999618530273,17.649999618530273,9487.0
2024-04-24 12:07:00,WBD,8.3149995803833,8.3149995803833,8.319899559020996,8.305000305175781,8.3100004196167,89162.0
2024-04-24 12:07:00,WDAY,254.56500244140625,254.56500244140625,254.56500244140625,254.56500244140625,254.56500244140625,554.0
2024-04-24 12:07:00,WDC,68.68000030517578,68.68000030517578,68.70999908447266,68.6624984741211,68.6624984741211,6498.0
2024-04-24 12:07:00,WEN,19.969999313354492,19.969999313354492,19.969999313354492,19.96500015258789,19.96500015258789,793.0
2024-04-24 12:07:00,WERN,35.029998779296875,35.029998779296875,35.029998779296875,35.02000045776367,35.02000045776367,1218.0
2024-04-24 12:07:00,WFRD,123.25,123.25,123.36000061035156,123.23999786376953,123.29000091552734,3733.0
2024-04-24 12:07:00,WHLM,6.680099964141846,6.680099964141846,6.680099964141846,6.5,6.570199966430664,3426.0
2024-04-24 12:07:00,WHLR,0.14079999923706055,0.14079999923706055,0.14079999923706055,0.14079999923706055,0.14079999923706055,609.0
2024-04-24 12:07:00,WIMI,1.0299999713897705,1.0299999713897705,1.0299999713897705,1.0199999809265137,1.027899980545044,21806.0
2024-04-24 12:07:00,WISA,5.880000114440918,5.880000114440918,5.899899959564209,5.869999885559082,5.880099773406982,10550.0
2024-04-24 12:07:00,WIX,121.38999938964844,121.38999938964844,121.54000091552734,121.38999938964844,121.54000091552734,1298.0
2024-04-24 12:07:00,WKHS,0.16060000658035278,0.16060000658035278,0.16060000658035278,0.16060000658035278,0.16060000658035278,1464.0
2024-04-24 12:07:00,WLDS,0.4754999876022339,0.4754999876022339,0.48539999127388,0.4754999876022339,0.48539999127388,612.0
2024-04-24 12:07:00,WMG,32.08000183105469,32.08000183105469,32.08000183105469,32.08000183105469,32.08000183105469,3110.0
2024-04-24 12:07:00,WSBC,28.09000015258789,28.09000015258789,28.09000015258789,28.06999969482422,28.06999969482422,817.0
2024-04-24 12:07:00,WSC,37.654998779296875,37.654998779296875,37.654998779296875,37.650001525878906,37.654998779296875,1816.0
2024-04-24 12:07:00,WTW,263.4700012207031,263.4700012207031,263.4700012207031,263.4700012207031,263.4700012207031,325.0
2024-04-24 12:07:00,WW,1.6799999475479126,1.6799999475479126,1.6799999475479126,1.6799999475479126,1.6799999475479126,1566.0
2024-04-24 12:07:00,WWD,149.13999938964844,149.13999938964844,149.13999938964844,149.10000610351562,149.11000061035156,910.0
2024-04-24 12:07:00,WYNN,96.33999633789062,96.33999633789062,96.33999633789062,96.33999633789062,96.33999633789062,758.0
2024-04-24 12:07:00,XEL,55.57500076293945,55.57500076293945,55.6349983215332,55.564998626708984,55.6349983215332,12386.0
2024-04-24 12:07:00,XFOR,1.2549999952316284,1.2549999952316284,1.2599999904632568,1.2549999952316284,1.2549999952316284,400.0
2024-04-24 12:07:00,XMTR,16.809999465942383,16.809999465942383,16.809999465942383,16.809999465942383,16.809999465942383,737.0
2024-04-24 12:07:00,XNCR,18.420000076293945,18.420000076293945,18.440000534057617,18.40999984741211,18.440000534057617,2027.0
2024-04-24 12:07:00,XP,20.190000534057617,20.190000534057617,20.239999771118164,20.190000534057617,20.239999771118164,11127.0
2024-04-24 12:07:00,XPEL,54.27000045776367,54.27000045776367,54.27000045776367,54.27000045776367,54.27000045776367,1211.0
2024-04-24 12:07:00,XRX,14.479999542236328,14.479999542236328,14.479999542236328,14.475000381469727,14.475000381469727,2159.0
2024-04-24 12:07:00,YTEN,0.24860000610351562,0.24860000610351562,0.24860000610351562,0.24860000610351562,0.24860000610351562,2000.0
2024-04-24 12:07:00,YTRA,1.2999999523162842,1.2999999523162842,1.2999999523162842,1.2999999523162842,1.2999999523162842,300.0
2024-04-24 12:07:00,Z,43.599998474121094,43.599998474121094,43.650001525878906,43.59000015258789,43.63750076293945,5715.0
2024-04-24 12:07:00,ZBRA,274.7850036621094,274.7850036621094,274.7850036621094,274.7850036621094,274.7850036621094,656.0
2024-04-24 12:07:00,ZI,15.725000381469727,15.725000381469727,15.739999771118164,15.725000381469727,15.739999771118164,6597.0
2024-04-24 12:07:00,ZION,41.84000015258789,41.84000015258789,41.849998474121094,41.84000015258789,41.845001220703125,1152.0
2024-04-24 12:07:00,ZLAB,15.619999885559082,15.619999885559082,15.619999885559082,15.604999542236328,15.604999542236328,289.0
2024-04-24 12:07:00,ZM,61.06999969482422,61.06999969482422,61.11000061035156,61.029998779296875,61.11000061035156,14823.0
2024-04-24 12:07:00,ZNTL,11.960000038146973,11.960000038146973,11.960000038146973,11.952500343322754,11.952500343322754,2674.0
2024-04-24 12:07:00,ZS,176.23500061035156,176.23500061035156,176.4149932861328,176.22999572753906,176.32000732421875,2696.0
2024-04-24 12:07:00,ZVSA,0.5999000072479248,0.5999000072479248,0.5999000072479248,0.5999000072479248,0.5999000072479248,3336.0
2024-04-24 12:07:00,ZYME,8.590999603271484,8.590999603271484,8.590999603271484,8.590999603271484,8.590999603271484,841.0
2024-04-24 12:08:00,COCO,23.94499969482422,23.94499969482422,23.950000762939453,23.93000030517578,23.93000030517578,670.0
2024-04-24 12:08:00,ETNB,8.694999694824219,8.694999694824219,8.694999694824219,8.694999694824219,8.694999694824219,310.0
2024-04-24 12:08:00,FLWS,9.119999885559082,9.119999885559082,9.119999885559082,9.119999885559082,9.119999885559082,264.0
2024-04-24 12:08:00,MAPS,1.0800000429153442,1.0800000429153442,1.0800000429153442,1.0800000429153442,1.0800000429153442,300.0
2024-04-24 12:08:00,MASS,5.590000152587891,5.590000152587891,5.590000152587891,5.590000152587891,5.590000152587891,170.0
2024-04-24 12:08:00,ME,0.4828000068664551,0.4828000068664551,0.4828000068664551,0.4828000068664551,0.4828000068664551,2541.0
2024-04-24 12:08:00,TWOU,0.23589999973773956,0.23589999973773956,0.23589999973773956,0.23589999973773956,0.23589999973773956,514.0
2024-04-24 12:08:00,TXG,27.110000610351562,27.110000610351562,27.110000610351562,27.059999465942383,27.059999465942383,3403.0
2024-04-24 12:08:00,VC,109.98500061035156,109.98500061035156,109.98500061035156,109.98500061035156,109.98500061035156,195.0
2024-04-24 12:08:00,VERV,6.670000076293945,6.670000076293945,6.670000076293945,6.669000148773193,6.669000148773193,2346.0
2024-04-24 12:08:00,VERX,28.354999542236328,28.354999542236328,28.40999984741211,28.31999969482422,28.398000717163086,5970.0
2024-04-24 12:08:00,VFF,1.3144999742507935,1.3144999742507935,1.3144999742507935,1.3144999742507935,1.3144999742507935,7400.0
2024-04-24 12:08:00,VFS,2.4798998832702637,2.4798998832702637,2.4798998832702637,2.4798998832702637,2.4798998832702637,1808.0
2024-04-24 12:08:00,VINC,0.9111999869346619,0.9111999869346619,0.9111999869346619,0.9111999869346619,0.9111999869346619,1993.0
2024-04-24 12:08:00,VIR,8.175000190734863,8.175000190734863,8.175000190734863,8.175000190734863,8.175000190734863,680.0
2024-04-24 12:08:00,VIRT,22.71500015258789,22.71500015258789,22.735000610351562,22.71500015258789,22.735000610351562,1557.0
2024-04-24 12:08:00,VITL,26.709999084472656,26.709999084472656,26.729900360107422,26.68000030517578,26.709999084472656,2526.0
2024-04-24 12:08:00,VKTX,65.1050033569336,65.1050033569336,65.33000183105469,65.1050033569336,65.27999877929688,5891.0
2024-04-24 12:08:00,VLCN,0.23880000412464142,0.23880000412464142,0.23999999463558197,0.23199999332427979,0.2320999950170517,20257.0
2024-04-24 12:08:00,VMEO,3.5350000858306885,3.5350000858306885,3.5350000858306885,3.5350000858306885,3.5350000858306885,539.0
2024-04-24 12:08:00,VNOM,39.77000045776367,39.77000045776367,39.77000045776367,39.75,39.75,1188.0
2024-04-24 12:08:00,VOD,8.604999542236328,8.604999542236328,8.60990047454834,8.604999542236328,8.60990047454834,1154.0
2024-04-24 12:08:00,VOR,1.7400000095367432,1.7400000095367432,1.7400000095367432,1.7400000095367432,1.7400000095367432,349.0
2024-04-24 12:08:00,VRAX,0.6636000275611877,0.6636000275611877,0.6636000275611877,0.6636000275611877,0.6636000275611877,678.0
2024-04-24 12:08:00,VRNA,15.529999732971191,15.529999732971191,15.550000190734863,15.529999732971191,15.547499656677246,1338.0
2024-04-24 12:08:00,VRRM,24.329999923706055,24.329999923706055,24.329999923706055,24.309999465942383,24.309999465942383,1565.0
2024-04-24 12:08:00,VRTX,400.32000732421875,400.32000732421875,400.510009765625,400.32000732421875,400.510009765625,2224.0
2024-04-24 12:08:00,VS,1.4257999658584595,1.4257999658584595,1.4257999658584595,1.4257999658584595,1.4257999658584595,135.0
2024-04-24 12:08:00,VSAT,16.1299991607666,16.1299991607666,16.1299991607666,16.1299991607666,16.1299991607666,107.0
2024-04-24 12:08:00,VTNR,1.5750000476837158,1.5750000476837158,1.5750000476837158,1.5750000476837158,1.5750000476837158,140.0
2024-04-24 12:08:00,VTRS,11.369999885559082,11.369999885559082,11.369999885559082,11.364999771118164,11.369999885559082,3343.0
2024-04-24 12:08:00,VUZI,1.274999976158142,1.274999976158142,1.274999976158142,1.274999976158142,1.274999976158142,135.0
2024-04-24 12:08:00,WAFD,27.854999542236328,27.854999542236328,27.854999542236328,27.854999542236328,27.854999542236328,273.0
2024-04-24 12:08:00,WALD,5.429599761962891,5.429599761962891,5.429599761962891,5.34499979019165,5.34499979019165,3875.0
2024-04-24 12:08:00,WB,8.3149995803833,8.3149995803833,8.3149995803833,8.3149995803833,8.3149995803833,205.0
2024-04-24 12:08:00,WBA,17.66010093688965,17.66010093688965,17.670000076293945,17.655000686645508,17.655000686645508,12185.0
2024-04-24 12:08:00,WBD,8.31149959564209,8.31149959564209,8.319999694824219,8.3100004196167,8.312700271606445,66707.0
2024-04-24 12:08:00,WDAY,254.56500244140625,254.56500244140625,254.56500244140625,254.56500244140625,254.56500244140625,777.0
2024-04-24 12:08:00,WDC,68.70999908447266,68.70999908447266,68.70999908447266,68.68000030517578,68.69000244140625,6757.0
2024-04-24 12:08:00,WEN,19.959999084472656,19.959999084472656,19.969999313354492,19.959999084472656,19.969999313354492,2352.0
2024-04-24 12:08:00,WERN,35.025001525878906,35.025001525878906,35.040000915527344,35.025001525878906,35.040000915527344,264.0
2024-04-24 12:08:00,WEST,9.930000305175781,9.930000305175781,9.930000305175781,9.930000305175781,9.930000305175781,556.0
2024-04-24 12:08:00,WFRD,123.29000091552734,123.29000091552734,123.3499984741211,123.29000091552734,123.33000183105469,2207.0
2024-04-24 12:08:00,WHLM,6.565299987792969,6.565299987792969,6.565299987792969,6.565299987792969,6.565299987792969,117.0
2024-04-24 12:08:00,WIMI,1.024999976158142,1.024999976158142,1.0299999713897705,1.0199999809265137,1.0298999547958374,16050.0
2024-04-24 12:08:00,WISA,5.929999828338623,5.929999828338623,5.929999828338623,5.8821001052856445,5.8821001052856445,23350.0
2024-04-24 12:08:00,WIX,121.44999694824219,121.44999694824219,121.44999694824219,121.44999694824219,121.44999694824219,433.0
2024-04-24 12:08:00,WKHS,0.1599999964237213,0.1599999964237213,0.16060000658035278,0.15950000286102295,0.16060000658035278,88836.0
2024-04-24 12:08:00,WSBC,28.110000610351562,28.110000610351562,28.110000610351562,28.110000610351562,28.110000610351562,678.0
2024-04-24 12:08:00,WSBCP,24.094999313354492,24.094999313354492,24.18000030517578,24.094999313354492,24.110000610351562,971.0
2024-04-24 12:08:00,WSC,37.63999938964844,37.63999938964844,37.650001525878906,37.63999938964844,37.650001525878906,3422.0
2024-04-24 12:08:00,WSFS,44.189998626708984,44.189998626708984,44.189998626708984,44.189998626708984,44.189998626708984,426.0
2024-04-24 12:08:00,WTW,263.4599914550781,263.4599914550781,263.4599914550781,263.4599914550781,263.4599914550781,143.0
2024-04-24 12:08:00,WW,1.6799999475479126,1.6799999475479126,1.684999942779541,1.6799999475479126,1.6799999475479126,5841.0
2024-04-24 12:08:00,WWD,149.05999755859375,149.05999755859375,149.10000610351562,149.05999755859375,149.08999633789062,2657.0
2024-04-24 12:08:00,WYNN,96.31999969482422,96.31999969482422,96.31999969482422,96.31999969482422,96.31999969482422,819.0
2024-04-24 12:08:00,XEL,55.53499984741211,55.53499984741211,55.58000183105469,55.5099983215332,55.58000183105469,10936.0
2024-04-24 12:08:00,XENE,39.959999084472656,39.959999084472656,39.959999084472656,39.959999084472656,39.959999084472656,519.0
2024-04-24 12:08:00,XERS,1.7450000047683716,1.7450000047683716,1.7450000047683716,1.7450000047683716,1.7450000047683716,20973.0
2024-04-24 12:08:00,XFOR,1.2549999952316284,1.2549999952316284,1.2549999952316284,1.2549999952316284,1.2549999952316284,447.0
2024-04-24 12:08:00,XMTR,16.799999237060547,16.799999237060547,16.799999237060547,16.799999237060547,16.799999237060547,1261.0
2024-04-24 12:08:00,XNCR,18.3700008392334,18.3700008392334,18.389999389648438,18.3700008392334,18.389999389648438,643.0
2024-04-24 12:08:00,XP,20.209999084472656,20.209999084472656,20.209999084472656,20.19499969482422,20.199899673461914,2850.0
2024-04-24 12:08:00,XRX,14.475000381469727,14.475000381469727,14.479999542236328,14.470000267028809,14.479999542236328,2429.0
2024-04-24 12:08:00,XXII,1.8301000595092773,1.8301000595092773,1.8301000595092773,1.8301000595092773,1.8301000595092773,159.0
2024-04-24 12:08:00,YTRA,1.2999999523162842,1.2999999523162842,1.2999999523162842,1.2999999523162842,1.2999999523162842,300.0
2024-04-24 12:08:00,Z,43.61000061035156,43.61000061035156,43.61000061035156,43.599998474121094,43.599998474121094,3731.0
2024-04-24 12:08:00,ZAPP,4.300000190734863,4.300000190734863,4.300000190734863,4.300000190734863,4.300000190734863,341.0
2024-04-24 12:08:00,ZCMD,1.7100000381469727,1.7100000381469727,1.7100000381469727,1.7100000381469727,1.7100000381469727,1299.0
2024-04-24 12:08:00,ZG,43.099998474121094,43.099998474121094,43.099998474121094,43.099998474121094,43.099998474121094,456.0
2024-04-24 12:08:00,ZI,15.725000381469727,15.725000381469727,15.725000381469727,15.725000381469727,15.725000381469727,564.0
2024-04-24 12:08:00,ZION,41.86000061035156,41.86000061035156,41.86000061035156,41.83000183105469,41.83000183105469,18149.0
2024-04-24 12:08:00,ZLAB,15.604999542236328,15.604999542236328,15.604999542236328,15.604999542236328,15.604999542236328,371.0
2024-04-24 12:08:00,ZM,61.0099983215332,61.0099983215332,61.04999923706055,60.98979949951172,61.04999923706055,16045.0
2024-04-24 12:08:00,ZS,176.3249969482422,176.3249969482422,176.3249969482422,176.27999877929688,176.2899932861328,1699.0
2024-04-24 12:08:00,ZYME,8.600000381469727,8.600000381469727,8.600000381469727,8.600000381469727,8.600000381469727,112.0
2024-04-24 12:09:00,DSP,8.672200202941895,8.672200202941895,8.675000190734863,8.672200202941895,8.675000190734863,1343.0
2024-04-24 12:09:00,EGHT,2.3299999237060547,2.3299999237060547,2.3299999237060547,2.3299999237060547,2.3299999237060547,700.0
2024-04-24 12:09:00,ETNB,8.6899995803833,8.6899995803833,8.694999694824219,8.6899995803833,8.6899995803833,1778.0
2024-04-24 12:09:00,FDMT,24.559999465942383,24.559999465942383,24.559999465942383,24.559999465942383,24.559999465942383,200.0
2024-04-24 12:09:00,TXG,27.09000015258789,27.09000015258789,27.09000015258789,27.079999923706055,27.09000015258789,2206.0
2024-04-24 12:09:00,VC,109.94999694824219,109.94999694824219,109.94999694824219,109.87000274658203,109.87000274658203,303.0
2024-04-24 12:09:00,VCTR,49.5,49.5,49.52000045776367,49.5,49.52000045776367,478.0
2024-04-24 12:09:00,VERU,1.3300000429153442,1.3300000429153442,1.340000033378601,1.3300000429153442,1.3300000429153442,2027.0
2024-04-24 12:09:00,VERV,6.659999847412109,6.659999847412109,6.675000190734863,6.659999847412109,6.675000190734863,3147.0
2024-04-24 12:09:00,VERX,28.290000915527344,28.290000915527344,28.399999618530273,28.280000686645508,28.3799991607666,4043.0
2024-04-24 12:09:00,VFF,1.3200000524520874,1.3200000524520874,1.3200000524520874,1.315000057220459,1.3174999952316284,0.0
2024-04-24 12:09:00,VIAV,7.880000114440918,7.880000114440918,7.880000114440918,7.869999885559082,7.869999885559082,16388.0
2024-04-24 12:09:00,VIR,8.154999732971191,8.154999732971191,8.175000190734863,8.154999732971191,8.175000190734863,4832.0
2024-04-24 12:09:00,VIRT,22.729999542236328,22.729999542236328,22.729999542236328,22.719999313354492,22.719999313354492,1943.0
2024-04-24 12:09:00,VKTX,65.02989959716797,65.02989959716797,65.1969985961914,65.0,65.15499877929688,6675.0
2024-04-24 12:09:00,VLCN,0.24009999632835388,0.24009999632835388,0.2467000037431717,0.23839999735355377,0.23849999904632568,17189.0
2024-04-24 12:09:00,VMAR,0.5461000204086304,0.5461000204086304,0.5461000204086304,0.5461000204086304,0.5461000204086304,0.0
2024-04-24 12:09:00,VMEO,3.5350000858306885,3.5350000858306885,3.5350000858306885,3.5350000858306885,3.5350000858306885,1502.0
2024-04-24 12:09:00,VNET,1.5299999713897705,1.5299999713897705,1.5299999713897705,1.5299999713897705,1.5299999713897705,200.0
2024-04-24 12:09:00,VNOM,39.75,39.75,39.75,39.72999954223633,39.75,820.0
2024-04-24 12:09:00,VOD,8.604999542236328,8.604999542236328,8.609999656677246,8.600000381469727,8.609999656677246,1628.0
2024-04-24 12:09:00,VOR,1.7400000095367432,1.7400000095367432,1.7400000095367432,1.7400000095367432,1.7400000095367432,2519.0
2024-04-24 12:09:00,VRNA,15.510000228881836,15.510000228881836,15.510000228881836,15.510000228881836,15.510000228881836,375.0
2024-04-24 12:09:00,VSAT,16.110000610351562,16.110000610351562,16.1200008392334,16.110000610351562,16.1200008392334,1728.0
2024-04-24 12:09:00,VTGN,4.659999847412109,4.659999847412109,4.663000106811523,4.659999847412109,4.659999847412109,1010.0
2024-04-24 12:09:00,VTNR,1.5750000476837158,1.5750000476837158,1.5751999616622925,1.5700000524520874,1.5750000476837158,2248.0
2024-04-24 12:09:00,VTRS,11.364999771118164,11.364999771118164,11.369999885559082,11.364999771118164,11.369999885559082,3550.0
2024-04-24 12:09:00,VUZI,1.274999976158142,1.274999976158142,1.274999976158142,1.274999976158142,1.274999976158142,200.0
2024-04-24 12:09:00,VYGR,7.480000019073486,7.480000019073486,7.480000019073486,7.480000019073486,7.480000019073486,541.0
2024-04-24 12:09:00,WABC,47.29999923706055,47.29999923706055,47.29999923706055,47.29999923706055,47.29999923706055,374.0
2024-04-24 12:09:00,WAFD,27.829999923706055,27.829999923706055,27.829999923706055,27.829999923706055,27.829999923706055,444.0
2024-04-24 12:09:00,WB,8.3149995803833,8.3149995803833,8.3149995803833,8.3149995803833,8.3149995803833,413.0
2024-04-24 12:09:00,WBA,17.665000915527344,17.665000915527344,17.665000915527344,17.65999984741211,17.665000915527344,25674.0
2024-04-24 12:09:00,WBD,8.305000305175781,8.305000305175781,8.316300392150879,8.300000190734863,8.316300392150879,77312.0
2024-04-24 12:09:00,WDAY,254.72000122070312,254.72000122070312,254.72000122070312,254.72000122070312,254.72000122070312,829.0
2024-04-24 12:09:00,WDC,68.58499908447266,68.58499908447266,68.70500183105469,68.54000091552734,68.70500183105469,8931.0
2024-04-24 12:09:00,WEN,19.959999084472656,19.959999084472656,19.96500015258789,19.959999084472656,19.96500015258789,925.0
2024-04-24 12:09:00,WFRD,123.33000183105469,123.33000183105469,123.33000183105469,123.12999725341797,123.17500305175781,6954.0
2024-04-24 12:09:00,WHLM,6.593500137329102,6.593500137329102,6.593500137329102,6.593500137329102,6.593500137329102,995.0
2024-04-24 12:09:00,WIMI,1.0298999547958374,1.0298999547958374,1.0299999713897705,1.0199999809265137,1.0199999809265137,44928.0
2024-04-24 12:09:00,WING,361.1199951171875,361.1199951171875,361.1199951171875,361.1199951171875,361.1199951171875,579.0
2024-04-24 12:09:00,WISA,5.949999809265137,5.949999809265137,5.9847002029418945,5.909999847412109,5.96999979019165,7678.0
2024-04-24 12:09:00,WIX,121.45500183105469,121.45500183105469,121.45500183105469,121.45500183105469,121.45500183105469,319.0
2024-04-24 12:09:00,WKHS,0.1599999964237213,0.1599999964237213,0.1599999964237213,0.1599999964237213,0.1599999964237213,1320.0
2024-04-24 12:09:00,WSBC,28.09000015258789,28.09000015258789,28.09000015258789,28.09000015258789,28.09000015258789,764.0
2024-04-24 12:09:00,WSC,37.619998931884766,37.619998931884766,37.63999938964844,37.619998931884766,37.63999938964844,2562.0
2024-04-24 12:09:00,WW,1.6799999475479126,1.6799999475479126,1.684999942779541,1.6799999475479126,1.684999942779541,2234.0
2024-04-24 12:09:00,WWD,148.97999572753906,148.97999572753906,148.97999572753906,148.97000122070312,148.97999572753906,828.0
2024-04-24 12:09:00,XEL,55.560001373291016,55.560001373291016,55.564998626708984,55.540000915527344,55.540000915527344,2504.0
2024-04-24 12:09:00,XFOR,1.2549999952316284,1.2549999952316284,1.2549999952316284,1.2549999952316284,1.2549999952316284,2124.0
2024-04-24 12:09:00,XMTR,16.809999465942383,16.809999465942383,16.81999969482422,16.780000686645508,16.780000686645508,1535.0
2024-04-24 12:09:00,XNCR,18.40999984741211,18.40999984741211,18.40999984741211,18.399999618530273,18.399999618530273,3051.0
2024-04-24 12:09:00,XP,20.204999923706055,20.204999923706055,20.204999923706055,20.204999923706055,20.204999923706055,1339.0
2024-04-24 12:09:00,XRX,14.475000381469727,14.475000381469727,14.475000381469727,14.470000267028809,14.475000381469727,8035.0
2024-04-24 12:09:00,XWEL,1.6399999856948853,1.6399999856948853,1.6399999856948853,1.6399999856948853,1.6399999856948853,603.0
2024-04-24 12:09:00,XXII,1.8300000429153442,1.8300000429153442,1.8300000429153442,1.8300000429153442,1.8300000429153442,487.0
2024-04-24 12:09:00,Z,43.56999969482422,43.56999969482422,43.599998474121094,43.56999969482422,43.599998474121094,1399.0
2024-04-24 12:09:00,ZD,51.26499938964844,51.26499938964844,51.26499938964844,51.26499938964844,51.26499938964844,580.0
2024-04-24 12:09:00,ZG,43.09000015258789,43.09000015258789,43.09000015258789,43.09000015258789,43.09000015258789,420.0
2024-04-24 12:09:00,ZION,41.880001068115234,41.880001068115234,41.88249969482422,41.880001068115234,41.880001068115234,951.0
2024-04-24 12:09:00,ZM,60.994998931884766,60.994998931884766,60.994998931884766,60.98500061035156,60.98500061035156,1472.0
2024-04-24 12:09:00,ZNTL,11.9399995803833,11.9399995803833,11.9399995803833,11.9399995803833,11.9399995803833,1083.0
2024-04-24 12:09:00,ZS,176.27000427246094,176.27000427246094,176.27999877929688,176.27000427246094,176.27999877929688,481.0
2024-04-24 12:09:00,ZYME,8.604999542236328,8.604999542236328,8.604999542236328,8.604999542236328,8.604999542236328,752.0
2024-04-24 12:10:00,DIBS,5.380000114440918,5.380000114440918,5.380000114440918,5.380000114440918,5.380000114440918,727.0
2024-04-24 12:10:00,EGHT,2.3299999237060547,2.3299999237060547,2.3299999237060547,2.3299999237060547,2.3299999237060547,312.0
2024-04-24 12:10:00,ETNB,8.6850004196167,8.6850004196167,8.6850004196167,8.6850004196167,8.6850004196167,694.0
2024-04-24 12:10:00,FEAM,1.1699999570846558,1.1699999570846558,1.1699999570846558,1.1699999570846558,1.1699999570846558,3787.0
2024-04-24 12:10:00,FREE,4.820000171661377,4.820000171661377,4.820000171661377,4.820000171661377,4.820000171661377,110.0
2024-04-24 12:10:00,MAPS,1.090000033378601,1.090000033378601,1.090000033378601,1.090000033378601,1.090000033378601,500.0
2024-04-24 12:10:00,ME,0.48489999771118164,0.48489999771118164,0.48489999771118164,0.48489999771118164,0.48489999771118164,871.0
2024-04-24 12:10:00,SEAT,5.815000057220459,5.815000057220459,5.815000057220459,5.815000057220459,5.815000057220459,200.0
2024-04-24 12:10:00,TSVT,4.309999942779541,4.309999942779541,4.309999942779541,4.309999942779541,4.309999942779541,1210.0
2024-04-24 12:10:00,TWOU,0.23479999601840973,0.23479999601840973,0.23479999601840973,0.23479999601840973,0.23479999601840973,200.0
2024-04-24 12:10:00,TXG,27.100000381469727,27.100000381469727,27.100000381469727,27.100000381469727,27.100000381469727,1844.0
2024-04-24 12:10:00,VC,110.01000213623047,110.01000213623047,110.01000213623047,110.01000213623047,110.01000213623047,1958.0
2024-04-24 12:10:00,VCTR,49.5099983215332,49.5099983215332,49.514801025390625,49.5099983215332,49.514801025390625,1660.0
2024-04-24 12:10:00,VERU,1.340000033378601,1.340000033378601,1.340000033378601,1.3300000429153442,1.3300000429153442,3791.0
2024-04-24 12:10:00,VERV,6.659999847412109,6.659999847412109,6.659999847412109,6.659999847412109,6.659999847412109,1163.0
2024-04-24 12:10:00,VERX,28.280000686645508,28.280000686645508,28.31999969482422,28.280000686645508,28.280000686645508,4878.0
2024-04-24 12:10:00,VFF,1.315000057220459,1.315000057220459,1.315000057220459,1.315000057220459,1.315000057220459,0.0
2024-04-24 12:10:00,VIAV,7.889999866485596,7.889999866485596,7.889999866485596,7.885000228881836,7.885000228881836,303.0
2024-04-24 12:10:00,VIGL,2.700000047683716,2.700000047683716,2.7100000381469727,2.700000047683716,2.7100000381469727,2212.0
2024-04-24 12:10:00,VIR,8.164999961853027,8.164999961853027,8.164999961853027,8.154999732971191,8.154999732971191,2062.0
2024-04-24 12:10:00,VIRC,10.579999923706055,10.579999923706055,10.579999923706055,10.579999923706055,10.579999923706055,782.0
2024-04-24 12:10:00,VIRT,22.649499893188477,22.649499893188477,22.739999771118164,22.640100479125977,22.739999771118164,8838.0
2024-04-24 12:10:00,VITL,26.75,26.75,26.75,26.728099822998047,26.728099822998047,2757.0
2024-04-24 12:10:00,VKTX,64.86309814453125,64.86309814453125,65.01000213623047,64.86309814453125,65.01000213623047,9124.0
2024-04-24 12:10:00,VLCN,0.23999999463558197,0.23999999463558197,0.2467000037431717,0.23839999735355377,0.2467000037431717,5069.0
2024-04-24 12:10:00,VMEO,3.5350000858306885,3.5350000858306885,3.5350000858306885,3.5350000858306885,3.5350000858306885,6629.0
2024-04-24 12:10:00,VNET,1.5299999713897705,1.5299999713897705,1.5299999713897705,1.5299999713897705,1.5299999713897705,7.0
2024-04-24 12:10:00,VNOM,39.7400016784668,39.7400016784668,39.75,39.72999954223633,39.75,799.0
2024-04-24 12:10:00,VOD,8.609999656677246,8.609999656677246,8.609999656677246,8.609999656677246,8.609999656677246,120.0
2024-04-24 12:10:00,VOR,1.7350000143051147,1.7350000143051147,1.7350000143051147,1.7300000190734863,1.7300000190734863,2648.0
2024-04-24 12:10:00,VOXR,2.048799991607666,2.048799991607666,2.0490000247955322,2.048799991607666,2.0490000247955322,4421.0
2024-04-24 12:10:00,VRDN,13.399999618530273,13.399999618530273,13.399999618530273,13.399999618530273,13.399999618530273,363.0
2024-04-24 12:10:00,VRRM,24.329999923706055,24.329999923706055,24.329999923706055,24.325000762939453,24.325000762939453,342.0
2024-04-24 12:10:00,VSAT,16.110000610351562,16.110000610351562,16.110000610351562,16.110000610351562,16.110000610351562,816.0
2024-04-24 12:10:00,VTGN,4.650000095367432,4.650000095367432,4.656400203704834,4.650000095367432,4.656400203704834,3061.0
2024-04-24 12:10:00,VTNR,1.5750000476837158,1.5750000476837158,1.5750000476837158,1.5750000476837158,1.5750000476837158,585.0
2024-04-24 12:10:00,VTRS,11.369999885559082,11.369999885559082,11.369999885559082,11.369999885559082,11.369999885559082,2484.0
2024-04-24 12:10:00,VUZI,1.274999976158142,1.274999976158142,1.274999976158142,1.274999976158142,1.274999976158142,83.0
2024-04-24 12:10:00,VYGR,7.474999904632568,7.474999904632568,7.474999904632568,7.474999904632568,7.474999904632568,352.0
2024-04-24 12:10:00,WAFD,27.850000381469727,27.850000381469727,27.850000381469727,27.829999923706055,27.829999923706055,2615.0
2024-04-24 12:10:00,WB,8.319999694824219,8.319999694824219,8.319999694824219,8.3149995803833,8.3149995803833,528.0
2024-04-24 12:10:00,WBA,17.665000915527344,17.665000915527344,17.670000076293945,17.663299560546875,17.665000915527344,6408.0
2024-04-24 12:10:00,WBD,8.309900283813477,8.309900283813477,8.309900283813477,8.300000190734863,8.304800033569336,82129.0
2024-04-24 12:10:00,WDAY,254.72000122070312,254.72000122070312,254.77000427246094,254.6699981689453,254.7100067138672,2734.0
2024-04-24 12:10:00,WDC,68.55999755859375,68.55999755859375,68.6500015258789,68.51000213623047,68.58999633789062,14471.0
2024-04-24 12:10:00,WEN,19.96500015258789,19.96500015258789,19.969999313354492,19.959999084472656,19.959999084472656,11774.0
2024-04-24 12:10:00,WERN,35.0099983215332,35.0099983215332,35.018001556396484,35.0099983215332,35.018001556396484,1804.0
2024-04-24 12:10:00,WFRD,123.06999969482422,123.06999969482422,123.36000061035156,123.06999969482422,123.36000061035156,4234.0
2024-04-24 12:10:00,WIMI,1.0299999713897705,1.0299999713897705,1.0299999713897705,1.0199999809265137,1.0298999547958374,53704.0
2024-04-24 12:10:00,WING,360.7200012207031,360.7200012207031,360.7200012207031,360.7200012207031,360.7200012207031,619.0
2024-04-24 12:10:00,WISA,5.949999809265137,5.949999809265137,5.989999771118164,5.909999847412109,5.910999774932861,12725.0
2024-04-24 12:10:00,WKHS,0.15950000286102295,0.15950000286102295,0.1597999930381775,0.15950000286102295,0.1597999930381775,4546.0
2024-04-24 12:10:00,WMG,32.04999923706055,32.04999923706055,32.11000061035156,32.04999923706055,32.11000061035156,5713.0
2024-04-24 12:10:00,WRAP,1.9700000286102295,1.9700000286102295,1.9700000286102295,1.9700000286102295,1.9700000286102295,652.0
2024-04-24 12:10:00,WSBC,28.059999465942383,28.059999465942383,28.06999969482422,28.059999465942383,28.06999969482422,846.0
2024-04-24 12:10:00,WSC,37.61000061035156,37.61000061035156,37.630001068115234,37.61000061035156,37.630001068115234,1573.0
2024-04-24 12:10:00,WSFS,44.23500061035156,44.23500061035156,44.23500061035156,44.23500061035156,44.23500061035156,417.0
2024-04-24 12:10:00,WTFC,99.49500274658203,99.49500274658203,99.49500274658203,99.49500274658203,99.49500274658203,1504.0
2024-04-24 12:10:00,WTW,263.3399963378906,263.3399963378906,263.3399963378906,263.3399963378906,263.3399963378906,378.0
2024-04-24 12:10:00,WW,1.6799999475479126,1.6799999475479126,1.690000057220459,1.6799999475479126,1.6799999475479126,2918.0
2024-04-24 12:10:00,WWD,148.94000244140625,148.94000244140625,148.97000122070312,148.94000244140625,148.97000122070312,903.0
2024-04-24 12:10:00,WYNN,96.3499984741211,96.3499984741211,96.38999938964844,96.3499984741211,96.38999938964844,885.0
2024-04-24 12:10:00,XEL,55.564998626708984,55.564998626708984,55.57500076293945,55.560001373291016,55.560001373291016,2183.0
2024-04-24 12:10:00,XENE,39.974998474121094,39.974998474121094,40.0099983215332,39.95500183105469,39.95500183105469,3551.0
2024-04-24 12:10:00,XERS,1.7400000095367432,1.7400000095367432,1.7450000047683716,1.7400000095367432,1.7400000095367432,2253.0
2024-04-24 12:10:00,XFOR,1.2549999952316284,1.2549999952316284,1.2549999952316284,1.2549999952316284,1.2549999952316284,200.0
2024-04-24 12:10:00,XMTR,16.815000534057617,16.815000534057617,16.83989906311035,16.815000534057617,16.83989906311035,495.0
2024-04-24 12:10:00,XNCR,18.40999984741211,18.40999984741211,18.440000534057617,18.40999984741211,18.40999984741211,3333.0
2024-04-24 12:10:00,XP,20.190000534057617,20.190000534057617,20.204999923706055,20.184999465942383,20.204999923706055,4021.0
2024-04-24 12:10:00,XRX,14.475000381469727,14.475000381469727,14.479999542236328,14.470000267028809,14.475000381469727,3430.0
2024-04-24 12:10:00,XXII,1.8300000429153442,1.8300000429153442,1.8301000595092773,1.8300000429153442,1.8301000595092773,2321.0
2024-04-24 12:10:00,YTRA,1.2999999523162842,1.2999999523162842,1.2999999523162842,1.2999999523162842,1.2999999523162842,302.0
2024-04-24 12:10:00,Z,43.560001373291016,43.560001373291016,43.599998474121094,43.560001373291016,43.56999969482422,2186.0
2024-04-24 12:10:00,ZD,51.279998779296875,51.279998779296875,51.279998779296875,51.279998779296875,51.279998779296875,286.0
2024-04-24 12:10:00,ZENV,2.109999895095825,2.109999895095825,2.140000104904175,2.109999895095825,2.140000104904175,15553.0
2024-04-24 12:10:00,ZG,43.064998626708984,43.064998626708984,43.064998626708984,43.064998626708984,43.064998626708984,717.0
2024-04-24 12:10:00,ZI,15.725000381469727,15.725000381469727,15.725000381469727,15.725000381469727,15.725000381469727,149.0
2024-04-24 12:10:00,ZION,41.88999938964844,41.88999938964844,41.90999984741211,41.88999938964844,41.88999938964844,4697.0
2024-04-24 12:10:00,ZM,60.9900016784668,60.9900016784668,61.0099983215332,60.97999954223633,60.98500061035156,5817.0
2024-04-24 12:11:00,COCO,23.934999465942383,23.934999465942383,23.934999465942383,23.934999465942383,23.934999465942383,412.0
2024-04-24 12:11:00,DSP,8.675000190734863,8.675000190734863,8.675000190734863,8.675000190734863,8.675000190734863,200.0
2024-04-24 12:11:00,EGHT,2.3299999237060547,2.3299999237060547,2.3299999237060547,2.3299999237060547,2.3299999237060547,590.0
2024-04-24 12:11:00,ETNB,8.6899995803833,8.6899995803833,8.6899995803833,8.675000190734863,8.680000305175781,4741.0
2024-04-24 12:11:00,FDMT,24.600000381469727,24.600000381469727,24.600000381469727,24.59000015258789,24.59000015258789,1284.0
2024-04-24 12:11:00,FEAM,1.1699999570846558,1.1699999570846558,1.1720000505447388,1.1699999570846558,1.1720000505447388,586.0
2024-04-24 12:11:00,FLWS,9.119999885559082,9.119999885559082,9.119999885559082,9.119999885559082,9.119999885559082,405.0
2024-04-24 12:11:00,FREE,4.820000171661377,4.820000171661377,4.820000171661377,4.820000171661377,4.820000171661377,200.0
2024-04-24 12:11:00,MAPS,1.0800000429153442,1.0800000429153442,1.0800000429153442,1.0800000429153442,1.0800000429153442,100.0
2024-04-24 12:11:00,SEAT,5.809999942779541,5.809999942779541,5.815000057220459,5.795000076293945,5.815000057220459,23529.0
2024-04-24 12:11:00,TWOU,0.23389999568462372,0.23389999568462372,0.23389999568462372,0.23389999568462372,0.23389999568462372,3957.0
2024-04-24 12:11:00,TXG,27.239999771118164,27.239999771118164,27.239999771118164,27.1299991607666,27.15999984741211,4849.0
2024-04-24 12:11:00,VCTR,49.474998474121094,49.474998474121094,49.5,49.474998474121094,49.5,840.0
2024-04-24 12:11:00,VERU,1.3305000066757202,1.3305000066757202,1.340000033378601,1.3300000429153442,1.3300000429153442,1948.0
2024-04-24 12:11:00,VERV,6.664999961853027,6.664999961853027,6.670000076293945,6.659999847412109,6.659999847412109,2725.0
2024-04-24 12:11:00,VERX,28.270000457763672,28.270000457763672,28.270000457763672,28.270000457763672,28.270000457763672,219.0
2024-04-24 12:11:00,VFF,1.315000057220459,1.315000057220459,1.315000057220459,1.315000057220459,1.315000057220459,210.0
2024-04-24 12:11:00,VFS,2.4749999046325684,2.4749999046325684,2.4762001037597656,2.4749999046325684,2.4762001037597656,303.0
2024-04-24 12:11:00,VIAV,7.885000228881836,7.885000228881836,7.885000228881836,7.885000228881836,7.885000228881836,503.0
2024-04-24 12:11:00,VICR,32.27000045776367,32.27000045776367,32.27000045776367,32.27000045776367,32.27000045776367,714.0
2024-04-24 12:11:00,VIR,8.164999961853027,8.164999961853027,8.164999961853027,8.15999984741211,8.164999961853027,717.0
2024-04-24 12:11:00,VIRT,22.649999618530273,22.649999618530273,22.65999984741211,22.639999389648438,22.639999389648438,2281.0
2024-04-24 12:11:00,VKTX,65.16500091552734,65.16500091552734,65.16500091552734,64.90080261230469,64.91999816894531,4909.0
2024-04-24 12:11:00,VLCN,0.23899999260902405,0.23899999260902405,0.24400000274181366,0.23899999260902405,0.24400000274181366,975.0
2024-04-24 12:11:00,VMD,7.992499828338623,7.992499828338623,7.992499828338623,7.992499828338623,7.992499828338623,109.0
2024-04-24 12:11:00,VMEO,3.5350000858306885,3.5350000858306885,3.5350000858306885,3.5350000858306885,3.5350000858306885,2998.0
2024-04-24 12:11:00,VNOM,39.73500061035156,39.73500061035156,39.73500061035156,39.73500061035156,39.73500061035156,330.0
2024-04-24 12:11:00,VOD,8.600299835205078,8.600299835205078,8.605999946594238,8.600099563598633,8.604999542236328,3151.0
2024-04-24 12:11:00,VOXR,2.049999952316284,2.049999952316284,2.049999952316284,2.049999952316284,2.049999952316284,3487.0
2024-04-24 12:11:00,VRNA,15.489999771118164,15.489999771118164,15.489999771118164,15.479999542236328,15.479999542236328,725.0
2024-04-24 12:11:00,VRTX,400.3349914550781,400.3349914550781,400.3349914550781,400.3349914550781,400.3349914550781,1377.0
2024-04-24 12:11:00,VSAT,16.1299991607666,16.1299991607666,16.1299991607666,16.1299991607666,16.1299991607666,1148.0
2024-04-24 12:11:00,VTGN,4.651000022888184,4.651000022888184,4.651000022888184,4.650000095367432,4.650000095367432,7017.0
2024-04-24 12:11:00,VTNR,1.5750000476837158,1.5750000476837158,1.5750000476837158,1.5750000476837158,1.5750000476837158,4600.0
2024-04-24 12:11:00,VTRS,11.369999885559082,11.369999885559082,11.369999885559082,11.365300178527832,11.365300178527832,1100.0
2024-04-24 12:11:00,VYGR,7.480000019073486,7.480000019073486,7.480000019073486,7.480000019073486,7.480000019073486,2171.0
2024-04-24 12:11:00,WB,8.3149995803833,8.3149995803833,8.3149995803833,8.3149995803833,8.3149995803833,801.0
2024-04-24 12:11:00,WBA,17.655000686645508,17.655000686645508,17.670000076293945,17.655000686645508,17.665000915527344,7259.0
2024-04-24 12:11:00,WBD,8.295000076293945,8.295000076293945,8.305000305175781,8.289999961853027,8.303299903869629,23334.0
2024-04-24 12:11:00,WDAY,254.72000122070312,254.72000122070312,254.76499938964844,254.6300048828125,254.66000366210938,1798.0
2024-04-24 12:11:00,WDC,68.58999633789062,68.58999633789062,68.58999633789062,68.45010375976562,68.56999969482422,9524.0
2024-04-24 12:11:00,WEN,19.959999084472656,19.959999084472656,19.962499618530273,19.959999084472656,19.962499618530273,347.0
2024-04-24 12:11:00,WFRD,123.31999969482422,123.31999969482422,123.31999969482422,123.03500366210938,123.03500366210938,3953.0
2024-04-24 12:11:00,WIMI,1.0199999809265137,1.0199999809265137,1.0299999713897705,1.0199999809265137,1.029099941253662,27041.0
2024-04-24 12:11:00,WING,361.0,361.0,361.0,361.0,361.0,873.0
2024-04-24 12:11:00,WISA,5.949999809265137,5.949999809265137,5.949999809265137,5.949999809265137,5.949999809265137,955.0
2024-04-24 12:11:00,WKHS,0.1597999930381775,0.1597999930381775,0.1599999964237213,0.1597999930381775,0.1599999964237213,2236.0
2024-04-24 12:11:00,WKSP,0.3700999915599823,0.3700999915599823,0.3700999915599823,0.3700999915599823,0.3700999915599823,1001.0
2024-04-24 12:11:00,WMG,32.04999923706055,32.04999923706055,32.060001373291016,32.04999923706055,32.060001373291016,1362.0
2024-04-24 12:11:00,WNEB,6.46999979019165,6.46999979019165,6.46999979019165,6.46999979019165,6.46999979019165,913.0
2024-04-24 12:11:00,WSC,37.65999984741211,37.65999984741211,37.65999984741211,37.630001068115234,37.63999938964844,5167.0
2024-04-24 12:11:00,WVE,5.090000152587891,5.090000152587891,5.090000152587891,5.079999923706055,5.079999923706055,642.0
2024-04-24 12:11:00,WW,1.6799999475479126,1.6799999475479126,1.684999942779541,1.6799999475479126,1.6799999475479126,1304.0
2024-04-24 12:11:00,WYNN,96.42500305175781,96.42500305175781,96.42500305175781,96.4000015258789,96.41000366210938,1656.0
2024-04-24 12:11:00,XEL,55.5099983215332,55.5099983215332,55.560001373291016,55.5099983215332,55.560001373291016,3595.0
2024-04-24 12:11:00,XERS,1.7400000095367432,1.7400000095367432,1.7400000095367432,1.7400000095367432,1.7400000095367432,509.0
2024-04-24 12:11:00,XMTR,16.81999969482422,16.81999969482422,16.81999969482422,16.81999969482422,16.81999969482422,353.0
2024-04-24 12:11:00,XNCR,18.399999618530273,18.399999618530273,18.40999984741211,18.360000610351562,18.40999984741211,9872.0
2024-04-24 12:11:00,XP,20.18000030517578,20.18000030517578,20.190000534057617,20.170000076293945,20.190000534057617,8303.0
2024-04-24 12:11:00,XRX,14.479999542236328,14.479999542236328,14.484999656677246,14.470499992370605,14.475000381469727,22146.0
2024-04-24 12:11:00,YTRA,1.2999999523162842,1.2999999523162842,1.2999999523162842,1.2999999523162842,1.2999999523162842,6736.0
2024-04-24 12:11:00,Z,43.51499938964844,43.51499938964844,43.540000915527344,43.51499938964844,43.540000915527344,3366.0
2024-04-24 12:11:00,ZI,15.729999542236328,15.729999542236328,15.729999542236328,15.729999542236328,15.729999542236328,1517.0
2024-04-24 12:11:00,ZION,41.880001068115234,41.880001068115234,41.895999908447266,41.880001068115234,41.895999908447266,2540.0
2024-04-24 12:11:00,ZLAB,15.619999885559082,15.619999885559082,15.619999885559082,15.600000381469727,15.600000381469727,1596.0
2024-04-24 12:11:00,ZM,61.02000045776367,61.02000045776367,61.02000045776367,60.98500061035156,60.9900016784668,6383.0
2024-04-24 12:11:00,ZNTL,11.9399995803833,11.9399995803833,11.9399995803833,11.9399995803833,11.9399995803833,365.0
2024-04-24 12:11:00,ZS,176.11000061035156,176.11000061035156,176.3798065185547,176.11000061035156,176.2050018310547,4730.0
2024-04-24 12:11:00,ZURA,3.2300000190734863,3.2300000190734863,3.2300000190734863,3.2300000190734863,3.2300000190734863,309.0
2024-04-24 12:11:00,ZVSA,0.6100000143051147,0.6100000143051147,0.6100000143051147,0.6100000143051147,0.6100000143051147,456.0
2024-04-24 12:12:00,AIXI,1.2599999904632568,1.2599999904632568,1.2599999904632568,1.2599999904632568,1.2599999904632568,400.0
2024-04-24 12:12:00,DIBS,5.380000114440918,5.380000114440918,5.385000228881836,5.380000114440918,5.380000114440918,1786.0
2024-04-24 12:12:00,EGHT,2.3299999237060547,2.3299999237060547,2.3350000381469727,2.3299999237060547,2.3299999237060547,3355.0
2024-04-24 12:12:00,ETNB,8.694999694824219,8.694999694824219,8.694999694824219,8.694999694824219,8.694999694824219,506.0
2024-04-24 12:12:00,FEAM,1.159999966621399,1.159999966621399,1.1699999570846558,1.159999966621399,1.1699999570846558,5636.0
2024-04-24 12:12:00,FREE,4.820000171661377,4.820000171661377,4.820000171661377,4.820000171661377,4.820000171661377,10.0
2024-04-24 12:12:00,MAPS,1.090000033378601,1.090000033378601,1.090000033378601,1.090000033378601,1.090000033378601,100.0
2024-04-24 12:12:00,ME,0.4837999939918518,0.4837999939918518,0.4837999939918518,0.4837999939918518,0.4837999939918518,484.0
2024-04-24 12:12:00,SEAT,5.804999828338623,5.804999828338623,5.804999828338623,5.800000190734863,5.800000190734863,7438.0
2024-04-24 12:12:00,TWOU,0.23280000686645508,0.23280000686645508,0.23280000686645508,0.23180000483989716,0.23180000483989716,1914.0
2024-04-24 12:12:00,TXG,27.225000381469727,27.225000381469727,27.229999542236328,27.219999313354492,27.219999313354492,1263.0
2024-04-24 12:12:00,VCTR,49.48500061035156,49.48500061035156,49.48500061035156,49.48500061035156,49.48500061035156,154.0
2024-04-24 12:12:00,VERU,1.3300000429153442,1.3300000429153442,1.3300000429153442,1.3300000429153442,1.3300000429153442,700.0
2024-04-24 12:12:00,VERV,6.670000076293945,6.670000076293945,6.670000076293945,6.670000076293945,6.670000076293945,1535.0
2024-04-24 12:12:00,VERX,28.520000457763672,28.520000457763672,28.520000457763672,28.295000076293945,28.295000076293945,3438.0
2024-04-24 12:12:00,VFF,1.3200000524520874,1.3200000524520874,1.3200000524520874,1.319000005722046,1.319000005722046,3173.0
2024-04-24 12:12:00,VFS,2.4749999046325684,2.4749999046325684,2.4800000190734863,2.4749999046325684,2.4800000190734863,5599.0
2024-04-24 12:12:00,VIAV,7.889999866485596,7.889999866485596,7.889999866485596,7.889999866485596,7.889999866485596,300.0
2024-04-24 12:12:00,VIGL,2.6600000858306885,2.6600000858306885,2.6600000858306885,2.6600000858306885,2.6600000858306885,927.0
2024-04-24 12:12:00,VIRC,10.5649995803833,10.5649995803833,10.569999694824219,10.5649995803833,10.569999694824219,331.0
2024-04-24 12:12:00,VIRT,22.649999618530273,22.649999618530273,22.65999984741211,22.645000457763672,22.645000457763672,2231.0
2024-04-24 12:12:00,VKTX,65.16000366210938,65.16000366210938,65.16000366210938,65.04000091552734,65.04000091552734,5325.0
2024-04-24 12:12:00,VLCN,0.23899999260902405,0.23899999260902405,0.2467000037431717,0.23899999260902405,0.23999999463558197,14453.0
2024-04-24 12:12:00,VMD,7.994999885559082,7.994999885559082,7.994999885559082,7.994999885559082,7.994999885559082,1351.0
2024-04-24 12:12:00,VMEO,3.5350000858306885,3.5350000858306885,3.5350000858306885,3.5350000858306885,3.5350000858306885,910.0
2024-04-24 12:12:00,VOD,8.600700378417969,8.600700378417969,8.609999656677246,8.600700378417969,8.609999656677246,7035.0
2024-04-24 12:12:00,VRCA,6.735000133514404,6.735000133514404,6.75,6.735000133514404,6.75,604.0
2024-04-24 12:12:00,VRDN,13.399999618530273,13.399999618530273,13.399999618530273,13.399999618530273,13.399999618530273,595.0
2024-04-24 12:12:00,VSAT,16.1299991607666,16.1299991607666,16.1299991607666,16.1299991607666,16.1299991607666,125.0
2024-04-24 12:12:00,VTNR,1.5750000476837158,1.5750000476837158,1.5750000476837158,1.5750000476837158,1.5750000476837158,300.0
2024-04-24 12:12:00,VTRS,11.369999885559082,11.369999885559082,11.369999885559082,11.369999885559082,11.369999885559082,1708.0
2024-04-24 12:12:00,VVOS,2.575000047683716,2.575000047683716,2.6059999465942383,2.575000047683716,2.575000047683716,1005.0
2024-04-24 12:12:00,VVPR,3.630000114440918,3.630000114440918,3.630000114440918,3.630000114440918,3.630000114440918,237.0
2024-04-24 12:12:00,WB,8.319999694824219,8.319999694824219,8.319999694824219,8.3149995803833,8.3149995803833,2853.0
2024-04-24 12:12:00,WBA,17.65999984741211,17.65999984741211,17.65999984741211,17.654699325561523,17.655000686645508,4569.0
2024-04-24 12:12:00,WBD,8.295000076293945,8.295000076293945,8.29990005493164,8.289999961853027,8.295000076293945,12232.0
2024-04-24 12:12:00,WDAY,254.78500366210938,254.78500366210938,254.78500366210938,254.78500366210938,254.78500366210938,455.0
2024-04-24 12:12:00,WDC,68.5199966430664,68.5199966430664,68.58000183105469,68.5199966430664,68.55999755859375,4239.0
2024-04-24 12:12:00,WEN,19.959999084472656,19.959999084472656,19.96500015258789,19.954999923706055,19.96500015258789,9698.0
2024-04-24 12:12:00,WERN,35.0099983215332,35.0099983215332,35.0099983215332,35.0099983215332,35.0099983215332,633.0
2024-04-24 12:12:00,WIMI,1.0199999809265137,1.0199999809265137,1.0299999713897705,1.0199999809265137,1.0199999809265137,99607.0
2024-04-24 12:12:00,WISA,5.929999828338623,5.929999828338623,5.929999828338623,5.929999828338623,5.929999828338623,541.0
2024-04-24 12:12:00,WIX,121.62999725341797,121.62999725341797,121.62999725341797,121.45999908447266,121.45999908447266,1056.0
2024-04-24 12:12:00,WKHS,0.1599999964237213,0.1599999964237213,0.16009999811649323,0.1599999964237213,0.1599999964237213,5891.0
2024-04-24 12:12:00,WKME,7.809999942779541,7.809999942779541,7.809999942779541,7.809999942779541,7.809999942779541,200.0
2024-04-24 12:12:00,WKSP,0.3700000047683716,0.3700000047683716,0.3700000047683716,0.3700000047683716,0.3700000047683716,2181.0
2024-04-24 12:12:00,WMG,32.040000915527344,32.040000915527344,32.04999923706055,32.040000915527344,32.04999923706055,1876.0
2024-04-24 12:12:00,WPRT,5.650000095367432,5.650000095367432,5.670000076293945,5.650000095367432,5.670000076293945,2610.0
2024-04-24 12:12:00,WSC,37.64500045776367,37.64500045776367,37.65999984741211,37.64500045776367,37.650001525878906,3933.0
2024-04-24 12:12:00,WSFS,44.20000076293945,44.20000076293945,44.20000076293945,44.20000076293945,44.20000076293945,1453.0
2024-04-24 12:12:00,WTW,263.3299865722656,263.3299865722656,263.3299865722656,263.3299865722656,263.3299865722656,608.0
2024-04-24 12:12:00,WW,1.684999942779541,1.684999942779541,1.684999942779541,1.684999942779541,1.684999942779541,126.0
2024-04-24 12:12:00,WYNN,96.41999816894531,96.41999816894531,96.43000030517578,96.41999816894531,96.43000030517578,1070.0
2024-04-24 12:12:00,XEL,55.45000076293945,55.45000076293945,55.505001068115234,55.45000076293945,55.505001068115234,10527.0
2024-04-24 12:12:00,XERS,1.7450000047683716,1.7450000047683716,1.7450000047683716,1.7450000047683716,1.7450000047683716,702.0
2024-04-24 12:12:00,XFOR,1.2599999904632568,1.2599999904632568,1.2599999904632568,1.2599999904632568,1.2599999904632568,640.0
2024-04-24 12:12:00,XNCR,18.420000076293945,18.420000076293945,18.420000076293945,18.389999389648438,18.40999984741211,18435.0
2024-04-24 12:12:00,XP,20.200000762939453,20.200000762939453,20.200000762939453,20.190000534057617,20.190000534057617,2257.0
2024-04-24 12:12:00,XRTX,2.924999952316284,2.924999952316284,2.924999952316284,2.924999952316284,2.924999952316284,587.0
2024-04-24 12:12:00,XRX,14.479999542236328,14.479999542236328,14.479999542236328,14.475000381469727,14.479999542236328,4371.0
2024-04-24 12:12:00,YTRA,1.2899999618530273,1.2899999618530273,1.2949999570846558,1.2899999618530273,1.2949999570846558,1002.0
2024-04-24 12:12:00,Z,43.5099983215332,43.5099983215332,43.52000045776367,43.5,43.52000045776367,1548.0
2024-04-24 12:12:00,ZBRA,274.6099853515625,274.6099853515625,274.8599853515625,274.6099853515625,274.8599853515625,1391.0
2024-04-24 12:12:00,ZG,43.0,43.0,43.0,43.0,43.0,1609.0
2024-04-24 12:12:00,ZI,15.71500015258789,15.71500015258789,15.729999542236328,15.71500015258789,15.729999542236328,4589.0
2024-04-24 12:12:00,ZION,41.8650016784668,41.8650016784668,41.869998931884766,41.8650016784668,41.869998931884766,657.0
2024-04-24 12:12:00,ZLAB,15.600000381469727,15.600000381469727,15.600000381469727,15.59000015258789,15.59000015258789,1129.0
2024-04-24 12:12:00,ZM,61.05500030517578,61.05500030517578,61.05500030517578,61.029998779296875,61.040000915527344,2275.0
2024-04-24 12:12:00,ZS,176.08999633789062,176.08999633789062,176.14999389648438,176.0399932861328,176.14999389648438,1281.0
2024-04-24 12:12:00,ZTEK,1.1399999856948853,1.1399999856948853,1.1399999856948853,1.1399999856948853,1.1399999856948853,100.0
2024-04-24 12:12:00,ZVSA,0.5899999737739563,0.5899999737739563,0.5899999737739563,0.5899999737739563,0.5899999737739563,302.0
2024-04-24 12:12:00,ZYME,8.600000381469727,8.600000381469727,8.600000381469727,8.600000381469727,8.600000381469727,207.0
2024-04-24 12:13:00,COCO,23.93000030517578,23.93000030517578,23.93000030517578,23.889999389648438,23.889999389648438,647.0
2024-04-24 12:13:00,DSP,8.65999984741211,8.65999984741211,8.65999984741211,8.65999984741211,8.65999984741211,11.0
2024-04-24 12:13:00,EGHT,2.325000047683716,2.325000047683716,2.3299999237060547,2.325000047683716,2.3299999237060547,3933.0
2024-04-24 12:13:00,ETNB,8.699999809265137,8.699999809265137,8.699999809265137,8.699999809265137,8.699999809265137,1069.0
2024-04-24 12:13:00,FDMT,24.645000457763672,24.645000457763672,24.649999618530273,24.645000457763672,24.649999618530273,346.0
2024-04-24 12:13:00,FEAM,1.1604000329971313,1.1604000329971313,1.1604000329971313,1.1604000329971313,1.1604000329971313,237.0
2024-04-24 12:13:00,MAPS,1.0800000429153442,1.0800000429153442,1.0850000381469727,1.0800000429153442,1.0850000381469727,300.0
2024-04-24 12:13:00,SEAT,5.800000190734863,5.800000190734863,5.800000190734863,5.800000190734863,5.800000190734863,4660.0
2024-04-24 12:13:00,TSVT,4.320000171661377,4.320000171661377,4.320000171661377,4.308800220489502,4.308800220489502,1372.0
2024-04-24 12:13:00,TWOU,0.23280000686645508,0.23280000686645508,0.23280000686645508,0.23280000686645508,0.23280000686645508,411.0
2024-04-24 12:13:00,TXG,27.25,27.25,27.25,27.200000762939453,27.239999771118164,1813.0
2024-04-24 12:13:00,VCTR,49.46500015258789,49.46500015258789,49.46500015258789,49.439998626708984,49.46500015258789,3032.0
2024-04-24 12:13:00,VERU,1.3300000429153442,1.3300000429153442,1.340000033378601,1.315000057220459,1.340000033378601,36726.0
2024-04-24 12:13:00,VERV,6.670000076293945,6.670000076293945,6.684999942779541,6.670000076293945,6.670000076293945,12643.0
2024-04-24 12:13:00,VERX,28.559999465942383,28.559999465942383,28.559999465942383,28.514999389648438,28.545000076293945,1123.0
2024-04-24 12:13:00,VFS,2.4749999046325684,2.4749999046325684,2.4800000190734863,2.4749999046325684,2.4800000190734863,5345.0
2024-04-24 12:13:00,VIAV,7.889999866485596,7.889999866485596,7.889999866485596,7.889999866485596,7.889999866485596,14.0
2024-04-24 12:13:00,VIR,8.175000190734863,8.175000190734863,8.175000190734863,8.164999961853027,8.164999961853027,1744.0
2024-04-24 12:13:00,VIRT,22.59000015258789,22.59000015258789,22.65999984741211,22.59000015258789,22.639999389648438,5655.0
2024-04-24 12:13:00,VITL,26.74090003967285,26.74090003967285,26.75,26.729999542236328,26.729999542236328,1569.0
2024-04-24 12:13:00,VKTX,65.08999633789062,65.08999633789062,65.08999633789062,64.95010375976562,65.05999755859375,6943.0
2024-04-24 12:13:00,VNOM,39.72999954223633,39.72999954223633,39.72999954223633,39.72999954223633,39.72999954223633,917.0
2024-04-24 12:13:00,VRDN,13.380000114440918,13.380000114440918,13.380000114440918,13.359999656677246,13.369999885559082,1549.0
2024-04-24 12:13:00,VRRM,24.34000015258789,24.34000015258789,24.34000015258789,24.329999923706055,24.329999923706055,2072.0
2024-04-24 12:13:00,VRTX,399.989990234375,399.989990234375,399.989990234375,399.8450012207031,399.8450012207031,1978.0
2024-04-24 12:13:00,VSAT,16.170000076293945,16.170000076293945,16.170000076293945,16.1299991607666,16.1299991607666,2181.0
2024-04-24 12:13:00,VTNR,1.565000057220459,1.565000057220459,1.5750000476837158,1.565000057220459,1.5700000524520874,11483.0
2024-04-24 12:13:00,VTRS,11.364999771118164,11.364999771118164,11.369999885559082,11.364999771118164,11.369999885559082,3918.0
2024-04-24 12:13:00,VUZI,1.277999997138977,1.277999997138977,1.277999997138977,1.274999976158142,1.274999976158142,1298.0
2024-04-24 12:13:00,VVPR,3.619999885559082,3.619999885559082,3.619999885559082,3.619999885559082,3.619999885559082,344.0
2024-04-24 12:13:00,VYGR,7.480000019073486,7.480000019073486,7.480000019073486,7.480000019073486,7.480000019073486,420.0
2024-04-24 12:13:00,WAFD,27.84000015258789,27.84000015258789,27.84000015258789,27.84000015258789,27.84000015258789,339.0
2024-04-24 12:13:00,WB,8.329999923706055,8.329999923706055,8.329999923706055,8.324999809265137,8.324999809265137,1283.0
2024-04-24 12:13:00,WBA,17.655000686645508,17.655000686645508,17.65999984741211,17.645000457763672,17.65999984741211,25481.0
2024-04-24 12:13:00,WBD,8.28499984741211,8.28499984741211,8.295000076293945,8.28380012512207,8.295000076293945,17356.0
2024-04-24 12:13:00,WDAY,254.64999389648438,254.64999389648438,254.69000244140625,254.64999389648438,254.69000244140625,1173.0
2024-04-24 12:13:00,WDC,68.5199966430664,68.5199966430664,68.55000305175781,68.5,68.52400207519531,6811.0
2024-04-24 12:13:00,WEN,19.954999923706055,19.954999923706055,19.959999084472656,19.954999923706055,19.959999084472656,2042.0
2024-04-24 12:13:00,WERN,35.0099983215332,35.0099983215332,35.0099983215332,35.0099983215332,35.0099983215332,349.0
2024-04-24 12:13:00,WFRD,123.31909942626953,123.31909942626953,123.31909942626953,123.26000213623047,123.26000213623047,1264.0
2024-04-24 12:13:00,WIMI,1.024999976158142,1.024999976158142,1.0299999713897705,1.0199999809265137,1.0199999809265137,47867.0
2024-04-24 12:13:00,WISA,5.880000114440918,5.880000114440918,5.94379997253418,5.880000114440918,5.929999828338623,3839.0
2024-04-24 12:13:00,WIX,121.63249969482422,121.63249969482422,121.63249969482422,121.63249969482422,121.63249969482422,377.0
2024-04-24 12:13:00,WKHS,0.1597999930381775,0.1597999930381775,0.1599999964237213,0.1597999930381775,0.1599999964237213,7175.0
2024-04-24 12:13:00,WMG,32.040000915527344,32.040000915527344,32.060001373291016,32.040000915527344,32.060001373291016,1279.0
2024-04-24 12:13:00,WSBF,11.954999923706055,11.954999923706055,11.954999923706055,11.954999923706055,11.954999923706055,206.0
2024-04-24 12:13:00,WSC,37.64500045776367,37.64500045776367,37.650001525878906,37.635398864746094,37.63999938964844,6992.0
2024-04-24 12:13:00,WTBA,16.520000457763672,16.520000457763672,16.520000457763672,16.520000457763672,16.520000457763672,117.0
2024-04-24 12:13:00,WW,1.684999942779541,1.684999942779541,1.684999942779541,1.6799999475479126,1.684999942779541,4110.0
2024-04-24 12:13:00,WWD,149.10000610351562,149.10000610351562,149.10000610351562,149.10000610351562,149.10000610351562,460.0
2024-04-24 12:13:00,WYNN,96.44999694824219,96.44999694824219,96.44999694824219,96.40499877929688,96.40499877929688,2378.0
2024-04-24 12:13:00,XEL,55.470001220703125,55.470001220703125,55.474998474121094,55.43000030517578,55.439998626708984,10635.0
2024-04-24 12:13:00,XENE,40.02000045776367,40.02000045776367,40.02000045776367,40.0,40.0,928.0
2024-04-24 12:13:00,XFOR,1.2599999904632568,1.2599999904632568,1.2599999904632568,1.2595000267028809,1.2595000267028809,12822.0
2024-04-24 12:13:00,XLO,1.0499999523162842,1.0499999523162842,1.0499999523162842,1.0499999523162842,1.0499999523162842,3791.0
2024-04-24 12:13:00,XNCR,18.43000030517578,18.43000030517578,18.43000030517578,18.43000030517578,18.43000030517578,1349.0
2024-04-24 12:13:00,XP,20.204999923706055,20.204999923706055,20.204999923706055,20.19499969482422,20.19499969482422,1974.0
2024-04-24 12:13:00,XRX,14.460000038146973,14.460000038146973,14.479999542236328,14.460000038146973,14.475000381469727,6931.0
2024-04-24 12:13:00,YTEN,0.24860000610351562,0.24860000610351562,0.24860000610351562,0.2393999993801117,0.2393999993801117,19646.0
2024-04-24 12:13:00,Z,43.529998779296875,43.529998779296875,43.540000915527344,43.4900016784668,43.4900016784668,7133.0
2024-04-24 12:13:00,ZBRA,274.739990234375,274.739990234375,274.739990234375,274.739990234375,274.739990234375,297.0
2024-04-24 12:13:00,ZD,51.334999084472656,51.334999084472656,51.334999084472656,51.27000045776367,51.27000045776367,1915.0
2024-04-24 12:13:00,ZI,15.710000038146973,15.710000038146973,15.720000267028809,15.710000038146973,15.720000267028809,1654.0
2024-04-24 12:13:00,ZION,41.86000061035156,41.86000061035156,41.868900299072266,41.81999969482422,41.8650016784668,5165.0
2024-04-24 12:13:00,ZIONO,25.420000076293945,25.420000076293945,25.420000076293945,25.420000076293945,25.420000076293945,637.0
2024-04-24 12:13:00,ZM,61.040000915527344,61.040000915527344,61.040000915527344,61.03499984741211,61.03499984741211,991.0
2024-04-24 12:13:00,ZNTL,11.970000267028809,11.970000267028809,11.970000267028809,11.970000267028809,11.970000267028809,145.0
2024-04-24 12:13:00,ZS,176.3000030517578,176.3000030517578,176.36000061035156,176.08999633789062,176.08999633789062,5058.0
2024-04-24 12:13:00,ZUMZ,16.8799991607666,16.8799991607666,16.8799991607666,16.8799991607666,16.8799991607666,162.0
2024-04-24 12:13:00,ZVSA,0.6082000136375427,0.6082000136375427,0.6082000136375427,0.6082000136375427,0.6082000136375427,205.0
2024-04-24 12:13:00,ZYME,8.600000381469727,8.600000381469727,8.600000381469727,8.600000381469727,8.600000381469727,139.0
2024-04-24 12:13:00,ZYXI,11.350000381469727,11.350000381469727,11.350000381469727,11.350000381469727,11.350000381469727,755.0
2024-04-24 12:14:00,COCO,23.916000366210938,23.916000366210938,23.924999237060547,23.916000366210938,23.924999237060547,584.0
2024-04-24 12:14:00,DIBS,5.380000114440918,5.380000114440918,5.380000114440918,5.380000114440918,5.380000114440918,221.0
2024-04-24 12:14:00,ETNB,8.699999809265137,8.699999809265137,8.699999809265137,8.699999809265137,8.699999809265137,0.0
2024-04-24 12:14:00,MAPS,1.070099949836731,1.070099949836731,1.0800000429153442,1.070099949836731,1.0800000429153442,1079.0
2024-04-24 12:14:00,SEAT,5.804999828338623,5.804999828338623,5.804999828338623,5.804999828338623,5.804999828338623,401.0
2024-04-24 12:14:00,TWOU,0.23270000517368317,0.23270000517368317,0.23280000686645508,0.23260000348091125,0.23280000686645508,4567.0
2024-04-24 12:14:00,TXG,27.270000457763672,27.270000457763672,27.270000457763672,27.235000610351562,27.235000610351562,1565.0
2024-04-24 12:14:00,VC,110.0999984741211,110.0999984741211,110.0999984741211,110.0999984741211,110.0999984741211,245.0
2024-04-24 12:14:00,VCTR,49.5,49.5,49.5099983215332,49.5,49.5099983215332,737.0
2024-04-24 12:14:00,VERU,1.3250000476837158,1.3250000476837158,1.3300000429153442,1.3250000476837158,1.3300000429153442,1800.0
2024-04-24 12:14:00,VERV,6.675000190734863,6.675000190734863,6.675000190734863,6.670100212097168,6.670100212097168,603.0
2024-04-24 12:14:00,VERX,28.514999389648438,28.514999389648438,28.559999465942383,28.514999389648438,28.559999465942383,1028.0
2024-04-24 12:14:00,VFF,1.3235000371932983,1.3235000371932983,1.3235000371932983,1.3235000371932983,1.3235000371932983,1205.0
2024-04-24 12:14:00,VFS,2.4737000465393066,2.4737000465393066,2.4737000465393066,2.4737000465393066,2.4737000465393066,359.0
2024-04-24 12:14:00,VIAV,7.889999866485596,7.889999866485596,7.889999866485596,7.881199836730957,7.885000228881836,601.0
2024-04-24 12:14:00,VICR,32.16999816894531,32.16999816894531,32.22999954223633,32.11000061035156,32.22999954223633,3176.0
2024-04-24 12:14:00,VIRC,10.579999923706055,10.579999923706055,10.579999923706055,10.579999923706055,10.579999923706055,180.0
2024-04-24 12:14:00,VIRT,22.594999313354492,22.594999313354492,22.594999313354492,22.58060073852539,22.58060073852539,2856.0
2024-04-24 12:14:00,VKTX,65.14990234375,65.14990234375,65.14990234375,65.08470153808594,65.08470153808594,2130.0
2024-04-24 12:14:00,VLCN,0.24300000071525574,0.24300000071525574,0.2467000037431717,0.23999999463558197,0.2460000067949295,4220.0
2024-04-24 12:14:00,VMD,7.989999771118164,7.989999771118164,7.994999885559082,7.989999771118164,7.989999771118164,1540.0
2024-04-24 12:14:00,VMEO,3.5350000858306885,3.5350000858306885,3.5350000858306885,3.5350000858306885,3.5350000858306885,1371.0
2024-04-24 12:14:00,VNET,1.5299999713897705,1.5299999713897705,1.5299999713897705,1.5299999713897705,1.5299999713897705,224.0
2024-04-24 12:14:00,VNOM,39.63999938964844,39.63999938964844,39.70000076293945,39.63999938964844,39.70000076293945,1623.0
2024-04-24 12:14:00,VOD,8.600099563598633,8.600099563598633,8.604999542236328,8.600099563598633,8.604999542236328,2701.0
2024-04-24 12:14:00,VRDN,13.390000343322754,13.390000343322754,13.390000343322754,13.390000343322754,13.390000343322754,426.0
2024-04-24 12:14:00,VSAT,16.139999389648438,16.139999389648438,16.15999984741211,16.139999389648438,16.155000686645508,1971.0
2024-04-24 12:14:00,VTNR,1.565000057220459,1.565000057220459,1.565000057220459,1.565000057220459,1.565000057220459,5643.0
2024-04-24 12:14:00,VTRS,11.369999885559082,11.369999885559082,11.369999885559082,11.364999771118164,11.364999771118164,802.0
2024-04-24 12:14:00,VYGR,7.480000019073486,7.480000019073486,7.480000019073486,7.480000019073486,7.480000019073486,623.0
2024-04-24 12:14:00,WAFD,27.889999389648438,27.889999389648438,27.889999389648438,27.8799991607666,27.8799991607666,806.0
2024-04-24 12:14:00,WALD,5.369999885559082,5.369999885559082,5.369999885559082,5.324999809265137,5.324999809265137,290.0
2024-04-24 12:14:00,WASH,26.219999313354492,26.219999313354492,26.219999313354492,26.219999313354492,26.219999313354492,256.0
2024-04-24 12:14:00,WB,8.324999809265137,8.324999809265137,8.324999809265137,8.324999809265137,8.324999809265137,505.0
2024-04-24 12:14:00,WBA,17.657400131225586,17.657400131225586,17.65999984741211,17.652000427246094,17.652000427246094,4995.0
2024-04-24 12:14:00,WBD,8.295000076293945,8.295000076293945,8.29520034790039,8.28499984741211,8.285900115966797,38692.0
2024-04-24 12:14:00,WDAY,254.60499572753906,254.60499572753906,254.7050018310547,254.60499572753906,254.7050018310547,1703.0
2024-04-24 12:14:00,WDC,68.56999969482422,68.56999969482422,68.58000183105469,68.5,68.5,4595.0
2024-04-24 12:14:00,WEN,19.950000762939453,19.950000762939453,19.954999923706055,19.950000762939453,19.950000762939453,679.0
2024-04-24 12:14:00,WERN,34.9900016784668,34.9900016784668,35.0,34.97999954223633,35.0,1229.0
2024-04-24 12:14:00,WFRD,123.19499969482422,123.19499969482422,123.25,123.19499969482422,123.25,1674.0
2024-04-24 12:14:00,WHLM,6.688700199127197,6.688700199127197,6.688700199127197,6.688700199127197,6.688700199127197,1472.0
2024-04-24 12:14:00,WIMI,1.024999976158142,1.024999976158142,1.0299999713897705,1.0199999809265137,1.024999976158142,19514.0
2024-04-24 12:14:00,WING,360.5400085449219,360.5400085449219,360.9649963378906,360.5400085449219,360.9649963378906,1256.0
2024-04-24 12:14:00,WKHS,0.15960000455379486,0.15960000455379486,0.1598999947309494,0.15960000455379486,0.1598999947309494,8608.0
2024-04-24 12:14:00,WMG,32.02000045776367,32.02000045776367,32.03499984741211,32.02000045776367,32.03499984741211,2377.0
2024-04-24 12:14:00,WSBC,28.100000381469727,28.100000381469727,28.100000381469727,28.100000381469727,28.100000381469727,1091.0
2024-04-24 12:14:00,WSC,37.63999938964844,37.63999938964844,37.650001525878906,37.6349983215332,37.650001525878906,2019.0
2024-04-24 12:14:00,WTFC,99.48999786376953,99.48999786376953,99.48999786376953,99.48999786376953,99.48999786376953,568.0
2024-04-24 12:14:00,WTW,263.2799987792969,263.2799987792969,263.29998779296875,263.2799987792969,263.29998779296875,454.0
2024-04-24 12:14:00,WW,1.684999942779541,1.684999942779541,1.684999942779541,1.6799999475479126,1.684999942779541,947.0
2024-04-24 12:14:00,XEL,55.44499969482422,55.44499969482422,55.474998474121094,55.44499969482422,55.46500015258789,4954.0
2024-04-24 12:14:00,XENE,40.04999923706055,40.04999923706055,40.04999923706055,40.04999923706055,40.04999923706055,408.0
2024-04-24 12:14:00,XERS,1.7450000047683716,1.7450000047683716,1.75,1.7401000261306763,1.7450000047683716,921.0
2024-04-24 12:14:00,XP,20.19499969482422,20.19499969482422,20.200000762939453,20.184999465942383,20.200000762939453,8002.0
2024-04-24 12:14:00,XPEL,54.130001068115234,54.130001068115234,54.130001068115234,54.099998474121094,54.099998474121094,848.0
2024-04-24 12:14:00,XRX,14.484999656677246,14.484999656677246,14.5,14.460000038146973,14.46500015258789,18775.0
2024-04-24 12:14:00,XXII,1.8206000328063965,1.8206000328063965,1.8206000328063965,1.8206000328063965,1.8206000328063965,601.0
2024-04-24 12:14:00,YTRA,1.2999999523162842,1.2999999523162842,1.2999999523162842,1.2999999523162842,1.2999999523162842,701.0
2024-04-24 12:14:00,Z,43.54999923706055,43.54999923706055,43.54999923706055,43.5,43.5,4531.0
2024-04-24 12:14:00,ZG,43.04999923706055,43.04999923706055,43.04999923706055,42.97999954223633,43.0,2425.0
2024-04-24 12:14:00,ZI,15.734999656677246,15.734999656677246,15.739999771118164,15.71500015258789,15.71500015258789,4378.0
2024-04-24 12:14:00,ZION,41.880001068115234,41.880001068115234,41.880001068115234,41.849998474121094,41.849998474121094,2572.0
2024-04-24 12:14:00,ZM,61.060001373291016,61.060001373291016,61.060001373291016,61.060001373291016,61.060001373291016,1550.0
2024-04-24 12:14:00,ZNTL,11.930000305175781,11.930000305175781,11.978699684143066,11.930000305175781,11.978699684143066,1081.0
2024-04-24 12:14:00,ZS,176.22000122070312,176.22000122070312,176.3000030517578,176.22000122070312,176.3000030517578,597.0
2024-04-24 12:14:00,ZURA,3.2100000381469727,3.2100000381469727,3.2100000381469727,3.2100000381469727,3.2100000381469727,324.0
2024-04-24 12:14:00,ZVSA,0.6080999970436096,0.6080999970436096,0.6100000143051147,0.6080999970436096,0.609499990940094,814.0
2024-04-24 12:14:00,ZYME,8.600000381469727,8.600000381469727,8.600000381469727,8.600000381469727,8.600000381469727,416.0
2024-04-24 12:14:00,ZYXI,11.369999885559082,11.369999885559082,11.369999885559082,11.359999656677246,11.359999656677246,1668.0
2024-04-24 12:15:00,COCO,23.940000534057617,23.940000534057617,23.940000534057617,23.940000534057617,23.940000534057617,248.0
2024-04-24 12:15:00,DSP,8.680000305175781,8.680000305175781,8.680000305175781,8.680000305175781,8.680000305175781,264.0
2024-04-24 12:15:00,ETNB,8.694999694824219,8.694999694824219,8.694999694824219,8.694999694824219,8.694999694824219,556.0
2024-04-24 12:15:00,MAPS,1.0800000429153442,1.0800000429153442,1.0800000429153442,1.0800000429153442,1.0800000429153442,211.0
2024-04-24 12:15:00,MASS,5.599999904632568,5.599999904632568,5.599999904632568,5.599999904632568,5.599999904632568,1822.0
2024-04-24 12:15:00,SEAT,5.804999828338623,5.804999828338623,5.804999828338623,5.804999828338623,5.804999828338623,358.0
2024-04-24 12:15:00,TSVT,4.31879997253418,4.31879997253418,4.320000171661377,4.31879997253418,4.320000171661377,357.0
2024-04-24 12:15:00,TWOU,0.23280000686645508,0.23280000686645508,0.23280000686645508,0.23280000686645508,0.23280000686645508,4167.0
2024-04-24 12:15:00,TXG,27.290000915527344,27.290000915527344,27.290000915527344,27.270000457763672,27.28499984741211,2645.0
2024-04-24 12:15:00,VC,110.05500030517578,110.05500030517578,110.05500030517578,110.05500030517578,110.05500030517578,828.0
2024-04-24 12:15:00,VERU,1.3200000524520874,1.3200000524520874,1.3200000524520874,1.3200000524520874,1.3200000524520874,301.0
2024-04-24 12:15:00,VERV,6.679999828338623,6.679999828338623,6.679999828338623,6.675000190734863,6.675000190734863,1520.0
2024-04-24 12:15:00,VERX,28.610000610351562,28.610000610351562,28.610000610351562,28.56999969482422,28.56999969482422,1071.0
2024-04-24 12:15:00,VIAV,7.889999866485596,7.889999866485596,7.889999866485596,7.889999866485596,7.889999866485596,100.0
2024-04-24 12:15:00,VICR,32.2599983215332,32.2599983215332,32.29999923706055,32.23500061035156,32.290000915527344,1156.0
2024-04-24 12:15:00,VIR,8.175000190734863,8.175000190734863,8.175000190734863,8.175000190734863,8.175000190734863,517.0
2024-04-24 12:15:00,VIRT,22.59000015258789,22.59000015258789,22.594999313354492,22.584999084472656,22.59000015258789,1373.0
2024-04-24 12:15:00,VITL,26.780000686645508,26.780000686645508,26.780000686645508,26.75,26.75,1464.0
2024-04-24 12:15:00,VKTX,65.13400268554688,65.13400268554688,65.16000366210938,65.08999633789062,65.08999633789062,3701.0
2024-04-24 12:15:00,VLCN,0.23999999463558197,0.23999999463558197,0.23999999463558197,0.23999999463558197,0.23999999463558197,15986.0
2024-04-24 12:15:00,VMEO,3.5399999618530273,3.5399999618530273,3.5399999618530273,3.5399999618530273,3.5399999618530273,1427.0
2024-04-24 12:15:00,VOD,8.604999542236328,8.604999542236328,8.609999656677246,8.604999542236328,8.604999542236328,6852.0
2024-04-24 12:15:00,VOR,1.7350000143051147,1.7350000143051147,1.7350000143051147,1.7350000143051147,1.7350000143051147,351.0
2024-04-24 12:15:00,VRCA,6.75,6.75,6.75,6.75,6.75,445.0
2024-04-24 12:15:00,VRDN,13.390000343322754,13.390000343322754,13.390000343322754,13.390000343322754,13.390000343322754,943.0
2024-04-24 12:15:00,VRNA,15.470000267028809,15.470000267028809,15.470000267028809,15.470000267028809,15.470000267028809,837.0
2024-04-24 12:15:00,VRRM,24.325000762939453,24.325000762939453,24.325000762939453,24.325000762939453,24.325000762939453,200.0
2024-04-24 12:15:00,VRTX,400.1499938964844,400.1499938964844,400.1499938964844,400.1300048828125,400.1300048828125,1293.0
2024-04-24 12:15:00,VSAT,16.15999984741211,16.15999984741211,16.15999984741211,16.15999984741211,16.15999984741211,454.0
2024-04-24 12:15:00,VSEC,78.45999908447266,78.45999908447266,78.45999908447266,78.45999908447266,78.45999908447266,343.0
2024-04-24 12:15:00,VTNR,1.565000057220459,1.565000057220459,1.565000057220459,1.565000057220459,1.565000057220459,151.0
2024-04-24 12:15:00,VTRS,11.369999885559082,11.369999885559082,11.369999885559082,11.364999771118164,11.369999885559082,2701.0
2024-04-24 12:15:00,WALD,5.375,5.375,5.375,5.375,5.375,116.0
2024-04-24 12:15:00,WB,8.335000038146973,8.335000038146973,8.335000038146973,8.335000038146973,8.335000038146973,454.0
2024-04-24 12:15:00,WBA,17.650100708007812,17.650100708007812,17.665000915527344,17.650100708007812,17.65999984741211,10220.0
2024-04-24 12:15:00,WBD,8.295000076293945,8.295000076293945,8.300000190734863,8.295000076293945,8.295000076293945,5881.0
2024-04-24 12:15:00,WDAY,254.77999877929688,254.77999877929688,254.83999633789062,254.77999877929688,254.80999755859375,2775.0
2024-04-24 12:15:00,WDC,68.55999755859375,68.55999755859375,68.62999725341797,68.55999755859375,68.58000183105469,6093.0
2024-04-24 12:15:00,WEN,19.96500015258789,19.96500015258789,19.96500015258789,19.950000762939453,19.950000762939453,5308.0
2024-04-24 12:15:00,WERN,34.959999084472656,34.959999084472656,34.994998931884766,34.959999084472656,34.994998931884766,714.0
2024-04-24 12:15:00,WFRD,123.20500183105469,123.20500183105469,123.37000274658203,123.20500183105469,123.29000091552734,4885.0
2024-04-24 12:15:00,WHF,12.818900108337402,12.818900108337402,12.818900108337402,12.818900108337402,12.818900108337402,378.0
2024-04-24 12:15:00,WHLM,6.566699981689453,6.566699981689453,6.570000171661377,6.566699981689453,6.570000171661377,700.0
2024-04-24 12:15:00,WIMI,1.0199999809265137,1.0199999809265137,1.0299999713897705,1.0199999809265137,1.020900011062622,35076.0
2024-04-24 12:15:00,WISA,5.89739990234375,5.89739990234375,5.919899940490723,5.880099773406982,5.919899940490723,2611.0
2024-04-24 12:15:00,WIX,121.65499877929688,121.65499877929688,121.65499877929688,121.5999984741211,121.5999984741211,2446.0
2024-04-24 12:15:00,WKHS,0.1597999930381775,0.1597999930381775,0.1597999930381775,0.1597999930381775,0.1597999930381775,12705.0
2024-04-24 12:15:00,WMG,32.029998779296875,32.029998779296875,32.029998779296875,32.02000045776367,32.02000045776367,1846.0
2024-04-24 12:15:00,WSBF,11.954999923706055,11.954999923706055,11.954999923706055,11.954999923706055,11.954999923706055,403.0
2024-04-24 12:15:00,WSC,37.650001525878906,37.650001525878906,37.70000076293945,37.630001068115234,37.650001525878906,12881.0
2024-04-24 12:15:00,WTFC,99.47250366210938,99.47250366210938,99.47250366210938,99.47250366210938,99.47250366210938,1410.0
2024-04-24 12:15:00,WTW,263.489990234375,263.489990234375,263.5,263.30999755859375,263.30999755859375,1693.0
2024-04-24 12:15:00,WVE,5.079999923706055,5.079999923706055,5.079999923706055,5.079999923706055,5.079999923706055,329.0
2024-04-24 12:15:00,WW,1.684999942779541,1.684999942779541,1.6858999729156494,1.6799999475479126,1.684999942779541,4556.0
2024-04-24 12:15:00,WYNN,96.44000244140625,96.44000244140625,96.47000122070312,96.44000244140625,96.45999908447266,998.0
2024-04-24 12:15:00,XEL,55.45500183105469,55.45500183105469,55.470001220703125,55.44499969482422,55.44499969482422,4105.0
2024-04-24 12:15:00,XELB,0.7099999785423279,0.7099999785423279,0.7099999785423279,0.7099999785423279,0.7099999785423279,1053.0
2024-04-24 12:15:00,XMTR,16.809999465942383,16.809999465942383,16.829999923706055,16.809999465942383,16.829999923706055,753.0
2024-04-24 12:15:00,XNCR,18.44499969482422,18.44499969482422,18.450000762939453,18.43000030517578,18.450000762939453,2524.0
2024-04-24 12:15:00,XP,20.204999923706055,20.204999923706055,20.21500015258789,20.200000762939453,20.200000762939453,9525.0
2024-04-24 12:15:00,XRX,14.470000267028809,14.470000267028809,14.489999771118164,14.470000267028809,14.484999656677246,3730.0
2024-04-24 12:15:00,Z,43.525001525878906,43.525001525878906,43.54999923706055,43.525001525878906,43.540000915527344,3405.0
2024-04-24 12:15:00,ZBRA,274.7200012207031,274.7200012207031,274.7200012207031,274.7200012207031,274.7200012207031,1129.0
2024-04-24 12:15:00,ZG,43.040000915527344,43.040000915527344,43.04999923706055,43.040000915527344,43.04999923706055,1204.0
2024-04-24 12:15:00,ZI,15.739999771118164,15.739999771118164,15.739999771118164,15.734999656677246,15.734999656677246,5069.0
2024-04-24 12:15:00,ZION,41.88999938964844,41.88999938964844,41.90999984741211,41.88999938964844,41.88999938964844,2781.0
2024-04-24 12:15:00,ZLAB,15.619999885559082,15.619999885559082,15.619999885559082,15.619999885559082,15.619999885559082,467.0
2024-04-24 12:15:00,ZM,61.060001373291016,61.060001373291016,61.08000183105469,61.060001373291016,61.07500076293945,3239.0
2024-04-24 12:15:00,ZNTL,11.920000076293945,11.920000076293945,11.920000076293945,11.920000076293945,11.920000076293945,640.0
2024-04-24 12:15:00,ZS,176.22999572753906,176.22999572753906,176.5,176.22999572753906,176.38499450683594,7911.0
2024-04-24 12:15:00,ZYME,8.600000381469727,8.600000381469727,8.600000381469727,8.600000381469727,8.600000381469727,218.0
2024-04-24 12:16:00,COCO,23.959999084472656,23.959999084472656,23.969999313354492,23.959999084472656,23.959999084472656,501.0
2024-04-24 12:16:00,DIBS,5.380000114440918,5.380000114440918,5.380000114440918,5.380000114440918,5.380000114440918,410.0
2024-04-24 12:16:00,EGHT,2.325000047683716,2.325000047683716,2.325000047683716,2.325000047683716,2.325000047683716,245.0
2024-04-24 12:16:00,ETNB,8.699999809265137,8.699999809265137,8.699999809265137,8.699999809265137,8.699999809265137,644.0
2024-04-24 12:16:00,FDMT,24.700000762939453,24.700000762939453,24.700000762939453,24.700000762939453,24.700000762939453,171.0
2024-04-24 12:16:00,FLWS,9.125,9.125,9.130000114440918,9.125,9.130000114440918,1138.0
2024-04-24 12:16:00,ME,0.4828000068664551,0.4828000068664551,0.4828000068664551,0.4828000068664551,0.4828000068664551,457.0
2024-04-24 12:16:00,TSVT,4.315000057220459,4.315000057220459,4.324999809265137,4.315000057220459,4.320000171661377,2320.0
2024-04-24 12:16:00,TWOU,0.23270000517368317,0.23270000517368317,0.23270000517368317,0.23270000517368317,0.23270000517368317,402.0
2024-04-24 12:16:00,TXG,27.350000381469727,27.350000381469727,27.350000381469727,27.299999237060547,27.309999465942383,1151.0
2024-04-24 12:16:00,VERU,1.3200000524520874,1.3200000524520874,1.320099949836731,1.3200000524520874,1.3200000524520874,16231.0
2024-04-24 12:16:00,VERV,6.679999828338623,6.679999828338623,6.690000057220459,6.679999828338623,6.679999828338623,3119.0
2024-04-24 12:16:00,VERX,28.565000534057617,28.565000534057617,28.609899520874023,28.565000534057617,28.609899520874023,1925.0
2024-04-24 12:16:00,VFF,1.3250000476837158,1.3250000476837158,1.3250000476837158,1.3250000476837158,1.3250000476837158,250.0
2024-04-24 12:16:00,VIAV,7.885000228881836,7.885000228881836,7.889999866485596,7.885000228881836,7.889999866485596,7747.0
2024-04-24 12:16:00,VICR,32.275001525878906,32.275001525878906,32.275001525878906,32.275001525878906,32.275001525878906,918.0
2024-04-24 12:16:00,VIR,8.1850004196167,8.1850004196167,8.1850004196167,8.180000305175781,8.180000305175781,1282.0
2024-04-24 12:16:00,VIRC,10.59850025177002,10.59850025177002,10.59850025177002,10.59850025177002,10.59850025177002,397.0
2024-04-24 12:16:00,VIRT,22.565000534057617,22.565000534057617,22.614999771118164,22.565000534057617,22.600000381469727,5011.0
2024-04-24 12:16:00,VITL,26.799999237060547,26.799999237060547,26.799999237060547,26.799999237060547,26.799999237060547,207.0
2024-04-24 12:16:00,VKTX,65.08000183105469,65.08000183105469,65.2699966430664,65.08000183105469,65.19999694824219,12951.0
2024-04-24 12:16:00,VLCN,0.23919999599456787,0.23919999599456787,0.2401999980211258,0.23839999735355377,0.24009999632835388,34791.0
2024-04-24 12:16:00,VNOM,39.630001068115234,39.630001068115234,39.650001525878906,39.630001068115234,39.650001525878906,1176.0
2024-04-24 12:16:00,VOD,8.604999542236328,8.604999542236328,8.604999542236328,8.600000381469727,8.604999542236328,10834.0
2024-04-24 12:16:00,VOR,1.7350000143051147,1.7350000143051147,1.7350000143051147,1.7350000143051147,1.7350000143051147,200.0
2024-04-24 12:16:00,VRDN,13.404999732971191,13.404999732971191,13.404999732971191,13.390000343322754,13.390000343322754,1192.0
2024-04-24 12:16:00,VRRM,24.315000534057617,24.315000534057617,24.34000015258789,24.315000534057617,24.31999969482422,3777.0
2024-04-24 12:16:00,VRTX,400.1499938964844,400.1499938964844,400.1499938964844,400.125,400.125,612.0
2024-04-24 12:16:00,VSAT,16.18000030517578,16.18000030517578,16.18000030517578,16.16309928894043,16.16309928894043,1034.0
2024-04-24 12:16:00,VTNR,1.565000057220459,1.565000057220459,1.565000057220459,1.565000057220459,1.565000057220459,4151.0
2024-04-24 12:16:00,VTRS,11.369999885559082,11.369999885559082,11.369999885559082,11.369999885559082,11.369999885559082,2768.0
2024-04-24 12:16:00,VTSI,12.0649995803833,12.0649995803833,12.0649995803833,12.0649995803833,12.0649995803833,212.0
2024-04-24 12:16:00,WASH,26.264999389648438,26.264999389648438,26.264999389648438,26.264999389648438,26.264999389648438,519.0
2024-04-24 12:16:00,WB,8.339900016784668,8.339900016784668,8.34000015258789,8.339900016784668,8.34000015258789,2743.0
2024-04-24 12:16:00,WBA,17.649999618530273,17.649999618530273,17.655000686645508,17.645000457763672,17.649999618530273,11324.0
2024-04-24 12:16:00,WBD,8.295000076293945,8.295000076293945,8.298500061035156,8.289999961853027,8.295000076293945,5893.0
2024-04-24 12:16:00,WDC,68.58000183105469,68.58000183105469,68.58999633789062,68.54000091552734,68.58910369873047,5768.0
2024-04-24 12:16:00,WDFC,226.3249969482422,226.3249969482422,226.3249969482422,226.3249969482422,226.3249969482422,215.0
2024-04-24 12:16:00,WEN,19.969999313354492,19.969999313354492,19.969999313354492,19.969999313354492,19.969999313354492,1081.0
2024-04-24 12:16:00,WERN,34.970001220703125,34.970001220703125,34.970001220703125,34.970001220703125,34.970001220703125,442.0
2024-04-24 12:16:00,WEST,9.9399995803833,9.9399995803833,9.9399995803833,9.9399995803833,9.9399995803833,162.0
2024-04-24 12:16:00,WFRD,123.21499633789062,123.21499633789062,123.23500061035156,123.12999725341797,123.23500061035156,888.0
2024-04-24 12:16:00,WHLM,6.617400169372559,6.617400169372559,6.6975998878479,6.617400169372559,6.6975998878479,1856.0
2024-04-24 12:16:00,WIMI,1.0199999809265137,1.0199999809265137,1.0269999504089355,1.0199999809265137,1.0199999809265137,41181.0
2024-04-24 12:16:00,WISA,5.840099811553955,5.840099811553955,5.91379976272583,5.840000152587891,5.91379976272583,8078.0
2024-04-24 12:16:00,WMG,32.02000045776367,32.02000045776367,32.02000045776367,32.02000045776367,32.02000045776367,1328.0
2024-04-24 12:16:00,WSC,37.650001525878906,37.650001525878906,37.65999984741211,37.63999938964844,37.650001525878906,2957.0
2024-04-24 12:16:00,WTW,263.5350036621094,263.5350036621094,263.5350036621094,263.5350036621094,263.5350036621094,520.0
2024-04-24 12:16:00,WVE,5.090000152587891,5.090000152587891,5.090000152587891,5.090000152587891,5.090000152587891,639.0
2024-04-24 12:16:00,WWD,149.11500549316406,149.11500549316406,149.11500549316406,149.11500549316406,149.11500549316406,1480.0
2024-04-24 12:16:00,WYNN,96.41999816894531,96.41999816894531,96.41999816894531,96.41999816894531,96.41999816894531,187.0
2024-04-24 12:16:00,XEL,55.494998931884766,55.494998931884766,55.494998931884766,55.45500183105469,55.459999084472656,3885.0
2024-04-24 12:16:00,XENE,40.130001068115234,40.130001068115234,40.130001068115234,40.119998931884766,40.119998931884766,473.0
2024-04-24 12:16:00,XERS,1.75,1.75,1.75,1.75,1.75,413.0
2024-04-24 12:16:00,XP,20.229999542236328,20.229999542236328,20.229999542236328,20.200000762939453,20.200000762939453,24332.0
2024-04-24 12:16:00,XRX,14.46500015258789,14.46500015258789,14.475000381469727,14.46500015258789,14.470000267028809,4703.0
2024-04-24 12:16:00,XXII,1.8200000524520874,1.8200000524520874,1.8200000524520874,1.8200000524520874,1.8200000524520874,12011.0
2024-04-24 12:16:00,YTRA,1.2999999523162842,1.2999999523162842,1.2999999523162842,1.2999999523162842,1.2999999523162842,300.0
2024-04-24 12:16:00,Z,43.52000045776367,43.52000045776367,43.560001373291016,43.45000076293945,43.540000915527344,15295.0
2024-04-24 12:16:00,ZG,43.029998779296875,43.029998779296875,43.060001373291016,42.9900016784668,43.060001373291016,2442.0
2024-04-24 12:16:00,ZION,41.90999984741211,41.90999984741211,41.90999984741211,41.900001525878906,41.900001525878906,912.0
2024-04-24 12:16:00,ZLAB,15.614999771118164,15.614999771118164,15.614999771118164,15.614999771118164,15.614999771118164,27.0
2024-04-24 12:16:00,ZM,61.06999969482422,61.06999969482422,61.06999969482422,61.060001373291016,61.060001373291016,2834.0
2024-04-24 12:16:00,ZNTL,11.930000305175781,11.930000305175781,11.930000305175781,11.914999961853027,11.914999961853027,1353.0
2024-04-24 12:16:00,ZS,176.3350067138672,176.3350067138672,176.3350067138672,176.19000244140625,176.19000244140625,1252.0
2024-04-24 12:16:00,ZUMZ,16.8799991607666,16.8799991607666,16.889999389648438,16.860000610351562,16.8799991607666,1899.0
2024-04-24 12:16:00,ZYME,8.609999656677246,8.609999656677246,8.609999656677246,8.600000381469727,8.600000381469727,589.0
2024-04-24 12:16:00,ZYXI,11.359999656677246,11.359999656677246,11.369999885559082,11.359999656677246,11.369999885559082,1273.0
2024-04-24 12:17:00,EGHT,2.3299999237060547,2.3299999237060547,2.3299999237060547,2.3299999237060547,2.3299999237060547,200.0
2024-04-24 12:17:00,ETNB,8.710000038146973,8.710000038146973,8.710000038146973,8.710000038146973,8.710000038146973,571.0
2024-04-24 12:17:00,ME,0.48339998722076416,0.48339998722076416,0.48339998722076416,0.48339998722076416,0.48339998722076416,786.0
2024-04-24 12:17:00,SEAT,5.804999828338623,5.804999828338623,5.809700012207031,5.804999828338623,5.809700012207031,3863.0
2024-04-24 12:17:00,TXG,27.350000381469727,27.350000381469727,27.350000381469727,27.350000381469727,27.350000381469727,633.0
2024-04-24 12:17:00,VC,110.13999938964844,110.13999938964844,110.13999938964844,110.13999938964844,110.13999938964844,586.0
2024-04-24 12:17:00,VCTR,49.4900016784668,49.4900016784668,49.4900016784668,49.4900016784668,49.4900016784668,302.0
2024-04-24 12:17:00,VERU,1.3200000524520874,1.3200000524520874,1.3221999406814575,1.3200000524520874,1.3200000524520874,1365.0
2024-04-24 12:17:00,VERV,6.695000171661377,6.695000171661377,6.695000171661377,6.686600208282471,6.690000057220459,4137.0
2024-04-24 12:17:00,VERX,28.415000915527344,28.415000915527344,28.532499313354492,28.3700008392334,28.520000457763672,3820.0
2024-04-24 12:17:00,VFS,2.4700000286102295,2.4700000286102295,2.4800000190734863,2.4700000286102295,2.4800000190734863,496.0
2024-04-24 12:17:00,VIAV,7.885000228881836,7.885000228881836,7.885000228881836,7.885000228881836,7.885000228881836,820.0
2024-04-24 12:17:00,VICR,32.40999984741211,32.40999984741211,32.54999923706055,32.33000183105469,32.349998474121094,7979.0
2024-04-24 12:17:00,VIRT,22.59000015258789,22.59000015258789,22.600000381469727,22.56999969482422,22.56999969482422,2151.0
2024-04-24 12:17:00,VITL,26.844999313354492,26.844999313354492,26.844999313354492,26.809999465942383,26.809999465942383,664.0
2024-04-24 12:17:00,VKTX,65.21499633789062,65.21499633789062,65.2300033569336,65.02999877929688,65.02999877929688,3253.0
2024-04-24 12:17:00,VLCN,0.23499999940395355,0.23499999940395355,0.23919999599456787,0.23360000550746918,0.23919999599456787,7505.0
2024-04-24 12:17:00,VMD,7.989999771118164,7.989999771118164,7.989999771118164,7.989999771118164,7.989999771118164,218.0
2024-04-24 12:17:00,VMEO,3.5399999618530273,3.5399999618530273,3.5399999618530273,3.5399999618530273,3.5399999618530273,841.0
2024-04-24 12:17:00,VNOM,39.654998779296875,39.654998779296875,39.654998779296875,39.654998779296875,39.654998779296875,359.0
2024-04-24 12:17:00,VOD,8.607500076293945,8.607500076293945,8.607500076293945,8.604999542236328,8.604999542236328,1068.0
2024-04-24 12:17:00,VRNA,15.5,15.5,15.5,15.475000381469727,15.475000381469727,640.0
2024-04-24 12:17:00,VRTX,400.3799133300781,400.3799133300781,400.3799133300781,400.3799133300781,400.3799133300781,653.0
2024-04-24 12:17:00,VSAT,16.204999923706055,16.204999923706055,16.204999923706055,16.200000762939453,16.200000762939453,1420.0
2024-04-24 12:17:00,VTNR,1.565000057220459,1.565000057220459,1.5693999528884888,1.565000057220459,1.5693999528884888,1515.0
2024-04-24 12:17:00,VTRS,11.375,11.375,11.380000114440918,11.375,11.380000114440918,2311.0
2024-04-24 12:17:00,VTRU,13.100000381469727,13.100000381469727,13.100000381469727,13.100000381469727,13.100000381469727,905.0
2024-04-24 12:17:00,VYGR,7.505000114440918,7.505000114440918,7.505000114440918,7.489999771118164,7.489999771118164,1507.0
2024-04-24 12:17:00,WABC,47.400001525878906,47.400001525878906,47.400001525878906,47.400001525878906,47.400001525878906,235.0
2024-04-24 12:17:00,WAFD,27.940000534057617,27.940000534057617,27.940000534057617,27.93000030517578,27.93000030517578,1971.0
2024-04-24 12:17:00,WB,8.335000038146973,8.335000038146973,8.335000038146973,8.335000038146973,8.335000038146973,133.0
2024-04-24 12:17:00,WBA,17.639999389648438,17.639999389648438,17.649999618530273,17.639999389648438,17.639999389648438,7079.0
2024-04-24 12:17:00,WBD,8.297499656677246,8.297499656677246,8.297499656677246,8.290599822998047,8.295000076293945,6314.0
2024-04-24 12:17:00,WDAY,254.91000366210938,254.91000366210938,254.96499633789062,254.88999938964844,254.96499633789062,1685.0
2024-04-24 12:17:00,WDC,68.58000183105469,68.58000183105469,68.5999984741211,68.56999969482422,68.58000183105469,8209.0
2024-04-24 12:17:00,WDFC,226.61500549316406,226.61500549316406,226.9199981689453,226.4199981689453,226.4199981689453,998.0
2024-04-24 12:17:00,WEN,19.96500015258789,19.96500015258789,19.969999313354492,19.96500015258789,19.969999313354492,766.0
2024-04-24 12:17:00,WFRD,123.37000274658203,123.37000274658203,123.37000274658203,123.29000091552734,123.29000091552734,2145.0
2024-04-24 12:17:00,WIMI,1.0298999547958374,1.0298999547958374,1.0298999547958374,1.0199999809265137,1.0202000141143799,5086.0
2024-04-24 12:17:00,WING,361.2699890136719,361.2699890136719,361.2699890136719,360.5400085449219,360.5400085449219,966.0
2024-04-24 12:17:00,WISA,5.849999904632568,5.849999904632568,5.874800205230713,5.840000152587891,5.840000152587891,12378.0
2024-04-24 12:17:00,WKHS,0.15970000624656677,0.15970000624656677,0.15970000624656677,0.15970000624656677,0.15970000624656677,436.0
2024-04-24 12:17:00,WKME,7.800000190734863,7.800000190734863,7.800000190734863,7.800000190734863,7.800000190734863,506.0
2024-04-24 12:17:00,WKSP,0.3709999918937683,0.3709999918937683,0.3709999918937683,0.3709999918937683,0.3709999918937683,0.0
2024-04-24 12:17:00,WMG,32.02000045776367,32.02000045776367,32.02000045776367,32.005001068115234,32.01250076293945,3053.0
2024-04-24 12:17:00,WNEB,6.480000019073486,6.480000019073486,6.480000019073486,6.480000019073486,6.480000019073486,1098.0
2024-04-24 12:17:00,WSC,37.625,37.625,37.63999938964844,37.619998931884766,37.63999938964844,3990.0
2024-04-24 12:17:00,WTBA,16.819900512695312,16.819900512695312,16.819900512695312,16.819900512695312,16.819900512695312,229.0
2024-04-24 12:17:00,WW,1.6799999475479126,1.6799999475479126,1.684999942779541,1.6799999475479126,1.6799999475479126,987.0
2024-04-24 12:17:00,WYNN,96.44999694824219,96.44999694824219,96.47000122070312,96.44000244140625,96.44000244140625,589.0
2024-04-24 12:17:00,XEL,55.494998931884766,55.494998931884766,55.494998931884766,55.47999954223633,55.47999954223633,6608.0
2024-04-24 12:17:00,XMTR,16.809999465942383,16.809999465942383,16.809999465942383,16.809999465942383,16.809999465942383,737.0
2024-04-24 12:17:00,XNCR,18.459999084472656,18.459999084472656,18.459999084472656,18.459999084472656,18.459999084472656,678.0
2024-04-24 12:17:00,XP,20.2549991607666,20.2549991607666,20.260000228881836,20.229999542236328,20.229999542236328,3463.0
2024-04-24 12:17:00,XRX,14.46500015258789,14.46500015258789,14.46500015258789,14.460000038146973,14.460000038146973,2082.0
2024-04-24 12:17:00,XXII,1.8102999925613403,1.8102999925613403,1.8102999925613403,1.8102999925613403,1.8102999925613403,1763.0
2024-04-24 12:17:00,YMAB,15.149999618530273,15.149999618530273,15.149999618530273,15.140000343322754,15.140000343322754,337.0
2024-04-24 12:17:00,Z,43.529998779296875,43.529998779296875,43.529998779296875,43.5099983215332,43.52000045776367,6716.0
2024-04-24 12:17:00,ZCMD,1.682800054550171,1.682800054550171,1.682800054550171,1.682800054550171,1.682800054550171,400.0
2024-04-24 12:17:00,ZG,43.040000915527344,43.040000915527344,43.040000915527344,43.040000915527344,43.040000915527344,756.0
2024-04-24 12:17:00,ZI,15.739999771118164,15.739999771118164,15.739999771118164,15.739999771118164,15.739999771118164,394.0
2024-04-24 12:17:00,ZION,41.91999816894531,41.91999816894531,41.93000030517578,41.91999816894531,41.91999816894531,2547.0
2024-04-24 12:17:00,ZLAB,15.614999771118164,15.614999771118164,15.614999771118164,15.614999771118164,15.614999771118164,502.0
2024-04-24 12:17:00,ZM,61.08000183105469,61.08000183105469,61.0807991027832,61.07500076293945,61.08000183105469,1924.0
2024-04-24 12:17:00,ZNTL,11.9399995803833,11.9399995803833,11.9399995803833,11.9399995803833,11.9399995803833,1015.0
2024-04-24 12:17:00,ZS,176.24000549316406,176.24000549316406,176.27000427246094,176.24000549316406,176.27000427246094,863.0
2024-04-24 12:17:00,ZURA,3.2100000381469727,3.2100000381469727,3.2100000381469727,3.2100000381469727,3.2100000381469727,224.0
2024-04-24 12:17:00,ZVRA,4.510000228881836,4.510000228881836,4.510000228881836,4.510000228881836,4.510000228881836,608.0
2024-04-24 12:17:00,ZYME,8.630000114440918,8.630000114440918,8.630000114440918,8.630000114440918,8.630000114440918,213.0
2024-04-24 12:18:00,COCO,23.959999084472656,23.959999084472656,23.959999084472656,23.959999084472656,23.959999084472656,200.0
2024-04-24 12:18:00,DIBS,5.380000114440918,5.380000114440918,5.385000228881836,5.380000114440918,5.380000114440918,2693.0
2024-04-24 12:18:00,EGHT,2.3350000381469727,2.3350000381469727,2.3350000381469727,2.3350000381469727,2.3350000381469727,1248.0
2024-04-24 12:18:00,FDMT,24.770000457763672,24.770000457763672,24.770000457763672,24.719999313354492,24.719999313354492,447.0
2024-04-24 12:18:00,FLWS,9.135000228881836,9.135000228881836,9.135000228881836,9.135000228881836,9.135000228881836,366.0
2024-04-24 12:18:00,MAPS,1.0785000324249268,1.0785000324249268,1.0785000324249268,1.0785000324249268,1.0785000324249268,317.0
2024-04-24 12:18:00,TSVT,4.320000171661377,4.320000171661377,4.320000171661377,4.289999961853027,4.315000057220459,15081.0
2024-04-24 12:18:00,TWOU,0.23280000686645508,0.23280000686645508,0.23280000686645508,0.23270000517368317,0.23280000686645508,5053.0
2024-04-24 12:18:00,TXG,27.309999465942383,27.309999465942383,27.309999465942383,27.299999237060547,27.309999465942383,3764.0
2024-04-24 12:18:00,VCTR,49.5,49.5,49.5,49.5,49.5,229.0
2024-04-24 12:18:00,VERU,1.3200000524520874,1.3200000524520874,1.3200000524520874,1.3200000524520874,1.3200000524520874,566.0
2024-04-24 12:18:00,VERV,6.695000171661377,6.695000171661377,6.699999809265137,6.684999942779541,6.699999809265137,3599.0
2024-04-24 12:18:00,VERX,28.40999984741211,28.40999984741211,28.40999984741211,28.3799991607666,28.3799991607666,879.0
2024-04-24 12:18:00,VFF,1.2999999523162842,1.2999999523162842,1.320199966430664,1.2899999618530273,1.320099949836731,34039.0
2024-04-24 12:18:00,VFS,2.4798998832702637,2.4798998832702637,2.4798998832702637,2.4749999046325684,2.4749999046325684,2098.0
2024-04-24 12:18:00,VIAV,7.889999866485596,7.889999866485596,7.889999866485596,7.889999866485596,7.889999866485596,579.0
2024-04-24 12:18:00,VICR,32.400001525878906,32.400001525878906,32.400001525878906,32.400001525878906,32.400001525878906,1867.0
2024-04-24 12:18:00,VINC,0.9290000200271606,0.9290000200271606,0.9290000200271606,0.9290000200271606,0.9290000200271606,769.0
2024-04-24 12:18:00,VIR,8.1850004196167,8.1850004196167,8.1850004196167,8.1850004196167,8.1850004196167,583.0
2024-04-24 12:18:00,VIRT,22.639999389648438,22.639999389648438,22.639999389648438,22.59000015258789,22.59000015258789,4386.0
2024-04-24 12:18:00,VITL,26.85569953918457,26.85569953918457,26.85569953918457,26.85569953918457,26.85569953918457,626.0
2024-04-24 12:18:00,VKTX,65.04000091552734,65.04000091552734,65.16000366210938,64.9800033569336,65.16000366210938,5587.0
2024-04-24 12:18:00,VLCN,0.23639999330043793,0.23639999330043793,0.2451999932527542,0.23639999330043793,0.2425999939441681,2210.0
2024-04-24 12:18:00,VMD,7.989999771118164,7.989999771118164,7.989999771118164,7.989999771118164,7.989999771118164,659.0
2024-04-24 12:18:00,VMEO,3.5350000858306885,3.5350000858306885,3.5350000858306885,3.5350000858306885,3.5350000858306885,812.0
2024-04-24 12:18:00,VNOM,39.68000030517578,39.68000030517578,39.68000030517578,39.654998779296875,39.654998779296875,2901.0
2024-04-24 12:18:00,VOD,8.604999542236328,8.604999542236328,8.609999656677246,8.604999542236328,8.609999656677246,790.0
2024-04-24 12:18:00,VRDN,13.40999984741211,13.40999984741211,13.40999984741211,13.40999984741211,13.40999984741211,394.0
2024-04-24 12:18:00,VRRM,24.299999237060547,24.299999237060547,24.299999237060547,24.28499984741211,24.28499984741211,1035.0
2024-04-24 12:18:00,VRTX,400.0400085449219,400.0400085449219,400.0400085449219,399.9800109863281,399.9800109863281,982.0
2024-04-24 12:18:00,VSAT,16.200000762939453,16.200000762939453,16.200000762939453,16.200000762939453,16.200000762939453,288.0
2024-04-24 12:18:00,VTNR,1.565000057220459,1.565000057220459,1.5700000524520874,1.565000057220459,1.565000057220459,6200.0
2024-04-24 12:18:00,VTRS,11.380000114440918,11.380000114440918,11.380000114440918,11.375,11.380000114440918,4667.0
2024-04-24 12:18:00,VUZI,1.274999976158142,1.274999976158142,1.274999976158142,1.274999976158142,1.274999976158142,892.0
2024-04-24 12:18:00,WB,8.34000015258789,8.34000015258789,8.34000015258789,8.34000015258789,8.34000015258789,291.0
2024-04-24 12:18:00,WBA,17.639999389648438,17.639999389648438,17.648300170898438,17.6299991607666,17.648300170898438,31605.0
2024-04-24 12:18:00,WBD,8.289999961853027,8.289999961853027,8.295000076293945,8.289999961853027,8.295000076293945,1651.0
2024-04-24 12:18:00,WDAY,254.91000366210938,254.91000366210938,254.99000549316406,254.91000366210938,254.99000549316406,553.0
2024-04-24 12:18:00,WDC,68.41999816894531,68.41999816894531,68.56999969482422,68.41999816894531,68.56999969482422,5198.0
2024-04-24 12:18:00,WEN,19.979999542236328,19.979999542236328,19.979999542236328,19.96500015258789,19.96500015258789,4955.0
2024-04-24 12:18:00,WERN,34.959999084472656,34.959999084472656,34.959999084472656,34.939998626708984,34.939998626708984,1979.0
2024-04-24 12:18:00,WFRD,123.40499877929688,123.40499877929688,123.40499877929688,123.40499877929688,123.40499877929688,934.0
2024-04-24 12:18:00,WHLR,0.14090000092983246,0.14090000092983246,0.14090000092983246,0.14090000092983246,0.14090000092983246,193.0
2024-04-24 12:18:00,WIMI,1.0283000469207764,1.0283000469207764,1.0299999713897705,1.0199999809265137,1.024999976158142,4919.0
2024-04-24 12:18:00,WISA,5.840000152587891,5.840000152587891,5.869999885559082,5.829999923706055,5.860000133514404,3390.0
2024-04-24 12:18:00,WKHS,0.15970000624656677,0.15970000624656677,0.1597999930381775,0.15970000624656677,0.15970000624656677,3290.0
2024-04-24 12:18:00,WKME,7.800000190734863,7.800000190734863,7.800000190734863,7.800000190734863,7.800000190734863,227.0
2024-04-24 12:18:00,WMG,32.029998779296875,32.029998779296875,32.029998779296875,32.0099983215332,32.0099983215332,1939.0
2024-04-24 12:18:00,WSBF,11.949999809265137,11.949999809265137,11.949999809265137,11.949999809265137,11.949999809265137,337.0
2024-04-24 12:18:00,WSC,37.619998931884766,37.619998931884766,37.630001068115234,37.6150016784668,37.630001068115234,5935.0
2024-04-24 12:18:00,WSFS,44.400001525878906,44.400001525878906,44.400001525878906,44.400001525878906,44.400001525878906,1879.0
2024-04-24 12:18:00,WVE,5.090000152587891,5.090000152587891,5.099999904632568,5.090000152587891,5.090000152587891,2910.0
2024-04-24 12:18:00,WW,1.6799999475479126,1.6799999475479126,1.684999942779541,1.6799999475479126,1.6799999475479126,1098.0
2024-04-24 12:18:00,WYNN,96.46289825439453,96.46289825439453,96.46289825439453,96.44999694824219,96.44999694824219,1324.0
2024-04-24 12:18:00,XEL,55.48500061035156,55.48500061035156,55.52000045776367,55.48500061035156,55.494998931884766,5744.0
2024-04-24 12:18:00,XERS,1.75,1.75,1.75,1.749899983406067,1.749899983406067,400.0
2024-04-24 12:18:00,XFOR,1.2549999952316284,1.2549999952316284,1.2549999952316284,1.2549999952316284,1.2549999952316284,950.0
2024-04-24 12:18:00,XP,20.297500610351562,20.297500610351562,20.297500610351562,20.2549991607666,20.2549991607666,6555.0
2024-04-24 12:18:00,XRX,14.454999923706055,14.454999923706055,14.470000267028809,14.449999809265137,14.46500015258789,5389.0
2024-04-24 12:18:00,XWEL,1.649999976158142,1.649999976158142,1.649999976158142,1.649999976158142,1.649999976158142,1512.0
2024-04-24 12:18:00,YTRA,1.2999999523162842,1.2999999523162842,1.2999999523162842,1.2999999523162842,1.2999999523162842,400.0
2024-04-24 12:18:00,Z,43.47999954223633,43.47999954223633,43.4900016784668,43.47999954223633,43.4900016784668,3557.0
2024-04-24 12:18:00,ZBRA,274.6156921386719,274.6156921386719,274.6156921386719,274.2900085449219,274.6156921386719,2445.0
2024-04-24 12:18:00,ZCMD,1.690000057220459,1.690000057220459,1.690000057220459,1.6799999475479126,1.6799999475479126,2380.0
2024-04-24 12:18:00,ZG,43.0,43.0,43.0099983215332,43.0,43.0099983215332,683.0
2024-04-24 12:18:00,ZI,15.734999656677246,15.734999656677246,15.739999771118164,15.734999656677246,15.739999771118164,2896.0
2024-04-24 12:18:00,ZION,41.91999816894531,41.91999816894531,41.91999816894531,41.91999816894531,41.91999816894531,974.0
2024-04-24 12:18:00,ZM,61.060001373291016,61.060001373291016,61.06999969482422,61.060001373291016,61.060001373291016,3210.0
2024-04-24 12:18:00,ZNTL,11.954999923706055,11.954999923706055,11.954999923706055,11.954999923706055,11.954999923706055,541.0
2024-04-24 12:18:00,ZS,176.27000427246094,176.27000427246094,176.32249450683594,176.2100067138672,176.2100067138672,820.0
2024-04-24 12:18:00,ZUMZ,16.8700008392334,16.8700008392334,16.8799991607666,16.8700008392334,16.8799991607666,1609.0
2024-04-24 12:18:00,ZURA,3.2100000381469727,3.2100000381469727,3.2100000381469727,3.2100000381469727,3.2100000381469727,400.0
2024-04-24 12:18:00,ZYME,8.600000381469727,8.600000381469727,8.600000381469727,8.600000381469727,8.600000381469727,308.0
2024-04-24 12:19:00,COCO,23.93000030517578,23.93000030517578,23.959999084472656,23.93000030517578,23.959999084472656,1139.0
2024-04-24 12:19:00,EGHT,2.3350000381469727,2.3350000381469727,2.3350000381469727,2.3350000381469727,2.3350000381469727,224.0
2024-04-24 12:19:00,FDMT,24.7549991607666,24.7549991607666,24.7549991607666,24.7549991607666,24.7549991607666,182.0
2024-04-24 12:19:00,FLWS,9.140000343322754,9.140000343322754,9.140000343322754,9.140000343322754,9.140000343322754,244.0
2024-04-24 12:19:00,ME,0.482699990272522,0.482699990272522,0.482699990272522,0.482699990272522,0.482699990272522,266.0
2024-04-24 12:19:00,SEAT,5.804999828338623,5.804999828338623,5.804999828338623,5.804999828338623,5.804999828338623,131.0
2024-04-24 12:19:00,TSVT,4.309999942779541,4.309999942779541,4.309999942779541,4.309999942779541,4.309999942779541,0.0
2024-04-24 12:19:00,TWOU,0.23280000686645508,0.23280000686645508,0.23280000686645508,0.23280000686645508,0.23280000686645508,115.0
2024-04-24 12:19:00,TXG,27.299999237060547,27.299999237060547,27.309999465942383,27.299999237060547,27.309999465942383,3307.0
2024-04-24 12:19:00,VCTR,49.47999954223633,49.47999954223633,49.47999954223633,49.47999954223633,49.47999954223633,430.0
2024-04-24 12:19:00,VERU,1.3200000524520874,1.3200000524520874,1.3200000524520874,1.3200000524520874,1.3200000524520874,734.0
2024-04-24 12:19:00,VERV,6.690000057220459,6.690000057220459,6.695000171661377,6.690000057220459,6.690000057220459,1964.0
2024-04-24 12:19:00,VERX,28.395000457763672,28.395000457763672,28.44499969482422,28.395000457763672,28.40999984741211,668.0
2024-04-24 12:19:00,VFF,1.2999999523162842,1.2999999523162842,1.2999999523162842,1.2999999523162842,1.2999999523162842,1337.0
2024-04-24 12:19:00,VIAV,7.889999866485596,7.889999866485596,7.889999866485596,7.889999866485596,7.889999866485596,200.0
2024-04-24 12:19:00,VICR,32.3650016784668,32.3650016784668,32.38999938964844,32.3650016784668,32.38999938964844,1844.0
2024-04-24 12:19:00,VIR,8.180000305175781,8.180000305175781,8.180000305175781,8.180000305175781,8.180000305175781,2156.0
2024-04-24 12:19:00,VIRT,22.649999618530273,22.649999618530273,22.670000076293945,22.6200008392334,22.635000228881836,6024.0
2024-04-24 12:19:00,VLCN,0.23770000040531158,0.23770000040531158,0.23999999463558197,0.23649999499320984,0.23819999396800995,11511.0
2024-04-24 12:19:00,VNET,1.5299999713897705,1.5299999713897705,1.5299999713897705,1.5299999713897705,1.5299999713897705,100.0
2024-04-24 12:19:00,VNOM,39.720001220703125,39.720001220703125,39.720001220703125,39.720001220703125,39.720001220703125,905.0
2024-04-24 12:19:00,VOD,8.604999542236328,8.604999542236328,8.604999542236328,8.604999542236328,8.604999542236328,1945.0
2024-04-24 12:19:00,VOR,1.7350000143051147,1.7350000143051147,1.7350000143051147,1.7350000143051147,1.7350000143051147,443.0
2024-04-24 12:19:00,VRDN,13.399999618530273,13.399999618530273,13.404999732971191,13.380000114440918,13.404999732971191,4681.0
2024-04-24 12:19:00,VRRM,24.299999237060547,24.299999237060547,24.299999237060547,24.299999237060547,24.299999237060547,180.0
2024-04-24 12:19:00,VRTX,399.8949890136719,399.8949890136719,399.8949890136719,399.6050109863281,399.67999267578125,1274.0
2024-04-24 12:19:00,VSAT,16.219999313354492,16.219999313354492,16.229999542236328,16.200000762939453,16.200000762939453,3621.0
2024-04-24 12:19:00,VTNR,1.565000057220459,1.565000057220459,1.565000057220459,1.565000057220459,1.565000057220459,594.0
2024-04-24 12:19:00,VTRS,11.390000343322754,11.390000343322754,11.390000343322754,11.385000228881836,11.385000228881836,899.0
2024-04-24 12:19:00,WBA,17.645000457763672,17.645000457763672,17.64620018005371,17.635000228881836,17.639999389648438,9347.0
2024-04-24 12:19:00,WBD,8.295000076293945,8.295000076293945,8.295000076293945,8.289999961853027,8.295000076293945,3384.0
2024-04-24 12:19:00,WDAY,254.9199981689453,254.9199981689453,254.9250030517578,254.9199981689453,254.9199981689453,747.0
2024-04-24 12:19:00,WDC,68.37000274658203,68.37000274658203,68.41999816894531,68.32499694824219,68.41999816894531,20793.0
2024-04-24 12:19:00,WERN,34.95000076293945,34.95000076293945,34.95000076293945,34.95000076293945,34.95000076293945,366.0
2024-04-24 12:19:00,WHLM,6.5756001472473145,6.5756001472473145,6.650000095367432,6.5756001472473145,6.650000095367432,1753.0
2024-04-24 12:19:00,WIMI,1.0199999809265137,1.0199999809265137,1.0290000438690186,1.0199999809265137,1.024999976158142,7171.0
2024-04-24 12:19:00,WINA,375.7149963378906,375.7149963378906,375.7149963378906,375.7149963378906,375.7149963378906,427.0
2024-04-24 12:19:00,WING,361.739990234375,361.739990234375,361.739990234375,361.739990234375,361.739990234375,329.0
2024-04-24 12:19:00,WISA,5.855000019073486,5.855000019073486,5.860000133514404,5.855000019073486,5.860000133514404,795.0
2024-04-24 12:19:00,WIX,121.86000061035156,121.86000061035156,121.88999938964844,121.7699966430664,121.79000091552734,2192.0
2024-04-24 12:19:00,WKHS,0.15970000624656677,0.15970000624656677,0.1597999930381775,0.15970000624656677,0.1597999930381775,1417.0
2024-04-24 12:19:00,WSBC,28.165000915527344,28.165000915527344,28.165000915527344,28.165000915527344,28.165000915527344,112.0
2024-04-24 12:19:00,WSC,37.61000061035156,37.61000061035156,37.61000061035156,37.599998474121094,37.599998474121094,603.0
2024-04-24 12:19:00,WW,1.6799999475479126,1.6799999475479126,1.6872999668121338,1.6799999475479126,1.6872999668121338,1527.0
2024-04-24 12:19:00,WYNN,96.5199966430664,96.5199966430664,96.5199966430664,96.4749984741211,96.4749984741211,1851.0
2024-04-24 12:19:00,XEL,55.48500061035156,55.48500061035156,55.494998931884766,55.47999954223633,55.48500061035156,8294.0
2024-04-24 12:19:00,XENE,40.13999938964844,40.13999938964844,40.13999938964844,40.13999938964844,40.13999938964844,520.0
2024-04-24 12:19:00,XERS,1.7450000047683716,1.7450000047683716,1.75,1.7450000047683716,1.75,3632.0
2024-04-24 12:19:00,XP,20.28499984741211,20.28499984741211,20.295000076293945,20.28499984741211,20.295000076293945,4863.0
2024-04-24 12:19:00,XRX,14.46500015258789,14.46500015258789,14.46500015258789,14.444999694824219,14.454999923706055,30849.0
2024-04-24 12:19:00,XWEL,1.649999976158142,1.649999976158142,1.649999976158142,1.649999976158142,1.649999976158142,407.0
2024-04-24 12:19:00,XXII,1.8118000030517578,1.8118000030517578,1.8118000030517578,1.809999942779541,1.809999942779541,2309.0
2024-04-24 12:19:00,YTRA,1.2999999523162842,1.2999999523162842,1.2999999523162842,1.2999999523162842,1.2999999523162842,400.0
2024-04-24 12:19:00,Z,43.4900016784668,43.4900016784668,43.5,43.4900016784668,43.4900016784668,1870.0
2024-04-24 12:19:00,ZI,15.734999656677246,15.734999656677246,15.739999771118164,15.734999656677246,15.739999771118164,878.0
2024-04-24 12:19:00,ZION,41.95000076293945,41.95000076293945,41.95000076293945,41.939998626708984,41.939998626708984,2059.0
2024-04-24 12:19:00,ZLAB,15.614999771118164,15.614999771118164,15.614999771118164,15.614999771118164,15.614999771118164,693.0
2024-04-24 12:19:00,ZM,61.04999923706055,61.04999923706055,61.06999969482422,61.04999923706055,61.064998626708984,2141.0
2024-04-24 12:19:00,ZNTL,11.920000076293945,11.920000076293945,11.930000305175781,11.920000076293945,11.930000305175781,764.0
2024-04-24 12:19:00,ZS,176.2050018310547,176.2050018310547,176.25999450683594,176.13999938964844,176.25999450683594,1937.0
2024-04-24 12:19:00,ZTEK,1.149999976158142,1.149999976158142,1.149999976158142,1.149999976158142,1.149999976158142,417.0
2024-04-24 12:19:00,ZUMZ,16.8799991607666,16.8799991607666,16.8799991607666,16.8799991607666,16.8799991607666,124.0
2024-04-24 12:19:00,ZURA,3.2119998931884766,3.2119998931884766,3.2119998931884766,3.2119998931884766,3.2119998931884766,2788.0
2024-04-24 12:19:00,ZVSA,0.6000000238418579,0.6000000238418579,0.6029999852180481,0.6000000238418579,0.6029999852180481,4074.0
2024-04-24 12:20:00,EGHT,2.3350000381469727,2.3350000381469727,2.3350000381469727,2.3350000381469727,2.3350000381469727,377.0
2024-04-24 12:20:00,ETNB,8.710000038146973,8.710000038146973,8.710000038146973,8.710000038146973,8.710000038146973,2347.0
2024-04-24 12:20:00,FEAM,1.1549999713897705,1.1549999713897705,1.1549999713897705,1.1549999713897705,1.1549999713897705,202.0
2024-04-24 12:20:00,SEAT,5.806600093841553,5.806600093841553,5.806600093841553,5.806600093841553,5.806600093841553,190.0
2024-04-24 12:20:00,TWOU,0.23270000517368317,0.23270000517368317,0.23280000686645508,0.23270000517368317,0.23280000686645508,1671.0
2024-04-24 12:20:00,TXG,27.31999969482422,27.31999969482422,27.34000015258789,27.299999237060547,27.299999237060547,2105.0
2024-04-24 12:20:00,VERU,1.3250000476837158,1.3250000476837158,1.3250000476837158,1.3200000524520874,1.3200000524520874,1200.0
2024-04-24 12:20:00,VERX,28.40999984741211,28.40999984741211,28.40999984741211,28.389999389648438,28.389999389648438,447.0
2024-04-24 12:20:00,VFS,2.470099925994873,2.470099925994873,2.4797000885009766,2.470099925994873,2.4797000885009766,1465.0
2024-04-24 12:20:00,VIAV,7.889999866485596,7.889999866485596,7.894999980926514,7.889999866485596,7.889999866485596,5239.0
2024-04-24 12:20:00,VICR,32.31999969482422,32.31999969482422,32.35499954223633,32.31999969482422,32.35499954223633,413.0
2024-04-24 12:20:00,VIGL,2.6700000762939453,2.6700000762939453,2.6700000762939453,2.6700000762939453,2.6700000762939453,376.0
2024-04-24 12:20:00,VINC,0.9290000200271606,0.9290000200271606,0.9290000200271606,0.9290000200271606,0.9290000200271606,3837.0
2024-04-24 12:20:00,VIRI,0.4745999872684479,0.4745999872684479,0.4745999872684479,0.4745999872684479,0.4745999872684479,260.0
2024-04-24 12:20:00,VIRT,22.68000030517578,22.68000030517578,22.684999465942383,22.65999984741211,22.65999984741211,1635.0
2024-04-24 12:20:00,VIVK,1.6100000143051147,1.6100000143051147,1.6100000143051147,1.6015000343322754,1.6015000343322754,2101.0
2024-04-24 12:20:00,VKTX,65.04000091552734,65.04000091552734,65.04000091552734,65.04000091552734,65.04000091552734,224.0
2024-04-24 12:20:00,VLCN,0.23999999463558197,0.23999999463558197,0.24240000545978546,0.2370000034570694,0.23890000581741333,14907.0
2024-04-24 12:20:00,VMEO,3.5350000858306885,3.5350000858306885,3.5350000858306885,3.5350000858306885,3.5350000858306885,141.0
2024-04-24 12:20:00,VNET,1.5299999713897705,1.5299999713897705,1.5299999713897705,1.5299999713897705,1.5299999713897705,100.0
2024-04-24 12:20:00,VNOM,39.70500183105469,39.70500183105469,39.709999084472656,39.70000076293945,39.709999084472656,714.0
2024-04-24 12:20:00,VOD,8.604999542236328,8.604999542236328,8.604999542236328,8.604999542236328,8.604999542236328,52502.0
2024-04-24 12:20:00,VOR,1.7300000190734863,1.7300000190734863,1.7300000190734863,1.7300000190734863,1.7300000190734863,110.0
2024-04-24 12:20:00,VRDN,13.399999618530273,13.399999618530273,13.399999618530273,13.399999618530273,13.399999618530273,128.0
2024-04-24 12:20:00,VRRM,24.299999237060547,24.299999237060547,24.299999237060547,24.299999237060547,24.299999237060547,629.0
2024-04-24 12:20:00,VRTX,399.7632141113281,399.7632141113281,399.7632141113281,399.6499938964844,399.6499938964844,864.0
2024-04-24 12:20:00,VSAT,16.21500015258789,16.21500015258789,16.21500015258789,16.21500015258789,16.21500015258789,603.0
2024-04-24 12:20:00,VTNR,1.565000057220459,1.565000057220459,1.565000057220459,1.559999942779541,1.5600999593734741,7338.0
2024-04-24 12:20:00,VTRS,11.375,11.375,11.390000343322754,11.375,11.390000343322754,10423.0
2024-04-24 12:20:00,VUZI,1.2700999975204468,1.2700999975204468,1.2700999975204468,1.2700999975204468,1.2700999975204468,2150.0
2024-04-24 12:20:00,VVPR,3.549999952316284,3.549999952316284,3.619800090789795,3.549999952316284,3.609999895095825,10403.0
2024-04-24 12:20:00,VYGR,7.505000114440918,7.505000114440918,7.505000114440918,7.505000114440918,7.505000114440918,299.0
2024-04-24 12:20:00,WAFD,27.969999313354492,27.969999313354492,27.969999313354492,27.969999313354492,27.969999313354492,389.0
2024-04-24 12:20:00,WB,8.335000038146973,8.335000038146973,8.335000038146973,8.335000038146973,8.335000038146973,174.0
2024-04-24 12:20:00,WBA,17.639999389648438,17.639999389648438,17.649999618530273,17.639999389648438,17.645000457763672,15220.0
2024-04-24 12:20:00,WBD,8.289999961853027,8.289999961853027,8.295000076293945,8.289999961853027,8.295000076293945,16645.0
2024-04-24 12:20:00,WDAY,255.1199951171875,255.1199951171875,255.1199951171875,254.9949951171875,255.02499389648438,1290.0
2024-04-24 12:20:00,WDC,68.38999938964844,68.38999938964844,68.41999816894531,68.3499984741211,68.36499786376953,9943.0
2024-04-24 12:20:00,WEN,19.989999771118164,19.989999771118164,19.989999771118164,19.979999542236328,19.979999542236328,4458.0
2024-04-24 12:20:00,WFRD,123.44999694824219,123.44999694824219,123.44999694824219,123.44999694824219,123.44999694824219,813.0
2024-04-24 12:20:00,WHLM,6.628699779510498,6.628699779510498,6.639999866485596,6.579400062561035,6.628399848937988,1325.0
2024-04-24 12:20:00,WIMI,1.024999976158142,1.024999976158142,1.024999976158142,1.0199999809265137,1.0219999551773071,34538.0
2024-04-24 12:20:00,WISA,5.830100059509277,5.830100059509277,5.859899997711182,5.820000171661377,5.859899997711182,5536.0
2024-04-24 12:20:00,WIX,121.83999633789062,121.83999633789062,121.83999633789062,121.83999633789062,121.83999633789062,381.0
2024-04-24 12:20:00,WKHS,0.15970000624656677,0.15970000624656677,0.15970000624656677,0.15950000286102295,0.15950000286102295,1592.0
2024-04-24 12:20:00,WMG,32.03499984741211,32.03499984741211,32.03499984741211,32.03499984741211,32.03499984741211,318.0
2024-04-24 12:20:00,WPRT,5.650000095367432,5.650000095367432,5.650000095367432,5.635000228881836,5.635000228881836,989.0
2024-04-24 12:20:00,WSC,37.61000061035156,37.61000061035156,37.61000061035156,37.61000061035156,37.61000061035156,1490.0
2024-04-24 12:20:00,WTW,263.7200012207031,263.7200012207031,263.7200012207031,263.7200012207031,263.7200012207031,1515.0
2024-04-24 12:20:00,WVE,5.079999923706055,5.079999923706055,5.079999923706055,5.079999923706055,5.079999923706055,1344.0
2024-04-24 12:20:00,WW,1.684999942779541,1.684999942779541,1.684999942779541,1.684999942779541,1.684999942779541,724.0
2024-04-24 12:20:00,WWD,148.94000244140625,148.94000244140625,148.94000244140625,148.94000244140625,148.94000244140625,1274.0
2024-04-24 12:20:00,WYNN,96.48999786376953,96.48999786376953,96.48999786376953,96.48999786376953,96.48999786376953,715.0
2024-04-24 12:20:00,XEL,55.45500183105469,55.45500183105469,55.470001220703125,55.45000076293945,55.470001220703125,2619.0
2024-04-24 12:20:00,XERS,1.75,1.75,1.75,1.75,1.75,56.0
2024-04-24 12:20:00,XFOR,1.2549999952316284,1.2549999952316284,1.2549999952316284,1.2549999952316284,1.2549999952316284,1476.0
2024-04-24 12:20:00,XP,20.30500030517578,20.30500030517578,20.30500030517578,20.28499984741211,20.290000915527344,2940.0
2024-04-24 12:20:00,XRX,14.454999923706055,14.454999923706055,14.484999656677246,14.454999923706055,14.470000267028809,20157.0
2024-04-24 12:20:00,YMAB,15.154999732971191,15.154999732971191,15.154999732971191,15.154999732971191,15.154999732971191,761.0
2024-04-24 12:20:00,YTRA,1.2999999523162842,1.2999999523162842,1.2999999523162842,1.2999999523162842,1.2999999523162842,400.0
2024-04-24 12:20:00,Z,43.5099983215332,43.5099983215332,43.52000045776367,43.4900016784668,43.4900016784668,3397.0
2024-04-24 12:20:00,ZBRA,274.6499938964844,274.6499938964844,274.6499938964844,274.29998779296875,274.29998779296875,2391.0
2024-04-24 12:20:00,ZD,51.380001068115234,51.380001068115234,51.380001068115234,51.369998931884766,51.369998931884766,1002.0
2024-04-24 12:20:00,ZG,43.02000045776367,43.02000045776367,43.02000045776367,43.0,43.0,1087.0
2024-04-24 12:20:00,ZI,15.739999771118164,15.739999771118164,15.739999771118164,15.734999656677246,15.734999656677246,1342.0
2024-04-24 12:20:00,ZION,41.959999084472656,41.959999084472656,41.959999084472656,41.959999084472656,41.959999084472656,1473.0
2024-04-24 12:20:00,ZLAB,15.625,15.625,15.630000114440918,15.600000381469727,15.600000381469727,1880.0
2024-04-24 12:20:00,ZM,61.099998474121094,61.099998474121094,61.099998474121094,61.060001373291016,61.06999969482422,3378.0
2024-04-24 12:20:00,ZNTL,11.920000076293945,11.920000076293945,11.920000076293945,11.920000076293945,11.920000076293945,1305.0
2024-04-24 12:20:00,ZS,176.4550018310547,176.4550018310547,176.4550018310547,176.22000122070312,176.22000122070312,4180.0
2024-04-24 12:20:00,ZUMZ,16.878999710083008,16.878999710083008,16.8799991607666,16.878999710083008,16.8799991607666,557.0
2024-04-24 12:20:00,ZURA,3.240000009536743,3.240000009536743,3.240000009536743,3.240000009536743,3.240000009536743,110.0
2024-04-24 12:20:00,ZVRA,4.514999866485596,4.514999866485596,4.514999866485596,4.514999866485596,4.514999866485596,371.0
2024-04-24 12:20:00,ZYME,8.619999885559082,8.619999885559082,8.619999885559082,8.619999885559082,8.619999885559082,228.0
2024-04-24 12:21:00,AIXI,1.2599999904632568,1.2599999904632568,1.2599999904632568,1.2549999952316284,1.2549999952316284,1364.0
2024-04-24 12:21:00,COCO,23.9375,23.9375,23.940000534057617,23.9375,23.940000534057617,891.0
2024-04-24 12:21:00,DSP,8.680000305175781,8.680000305175781,8.680000305175781,8.680000305175781,8.680000305175781,101.0
2024-04-24 12:21:00,ETNB,8.71500015258789,8.71500015258789,8.71500015258789,8.704999923706055,8.710000038146973,2620.0
2024-04-24 12:21:00,FDMT,24.799999237060547,24.799999237060547,24.799999237060547,24.799999237060547,24.799999237060547,202.0
2024-04-24 12:21:00,FREE,4.815000057220459,4.815000057220459,4.815000057220459,4.815000057220459,4.815000057220459,220.0
2024-04-24 12:21:00,MAPS,1.0800000429153442,1.0800000429153442,1.0800000429153442,1.059999942779541,1.070199966430664,17423.0
2024-04-24 12:21:00,ME,0.482699990272522,0.482699990272522,0.4828000068664551,0.482699990272522,0.4828000068664551,1131.0
2024-04-24 12:21:00,TSVT,4.309999942779541,4.309999942779541,4.329999923706055,4.309999942779541,4.320000171661377,22720.0
2024-04-24 12:21:00,TWOU,0.23280000686645508,0.23280000686645508,0.23280000686645508,0.23280000686645508,0.23280000686645508,800.0
2024-04-24 12:21:00,TXG,27.290000915527344,27.290000915527344,27.309999465942383,27.260000228881836,27.309999465942383,4228.0
2024-04-24 12:21:00,VC,110.1500015258789,110.1500015258789,110.1500015258789,110.1500015258789,110.1500015258789,123.0
2024-04-24 12:21:00,VCTR,49.66999816894531,49.66999816894531,49.70000076293945,49.529998779296875,49.529998779296875,5019.0
2024-04-24 12:21:00,VERU,1.3300000429153442,1.3300000429153442,1.3300000429153442,1.3200000524520874,1.3200000524520874,1101.0
2024-04-24 12:21:00,VERV,6.679999828338623,6.679999828338623,6.684999942779541,6.679999828338623,6.684999942779541,2466.0
2024-04-24 12:21:00,VERX,28.40999984741211,28.40999984741211,28.40999984741211,28.3700008392334,28.40999984741211,1225.0
2024-04-24 12:21:00,VFS,2.4749999046325684,2.4749999046325684,2.4749999046325684,2.4749999046325684,2.4749999046325684,1425.0
2024-04-24 12:21:00,VIAV,7.889999866485596,7.889999866485596,7.889999866485596,7.889999866485596,7.889999866485596,1109.0
2024-04-24 12:21:00,VICR,32.220001220703125,32.220001220703125,32.290000915527344,32.220001220703125,32.290000915527344,2221.0
2024-04-24 12:21:00,VIGL,2.6600000858306885,2.6600000858306885,2.6600000858306885,2.6600000858306885,2.6600000858306885,890.0
2024-04-24 12:21:00,VIRI,0.4745999872684479,0.4745999872684479,0.4745999872684479,0.4745999872684479,0.4745999872684479,296.0
2024-04-24 12:21:00,VIRT,22.674999237060547,22.674999237060547,22.68000030517578,22.674999237060547,22.68000030517578,1487.0
2024-04-24 12:21:00,VITL,26.8700008392334,26.8700008392334,26.8799991607666,26.8700008392334,26.8799991607666,588.0
2024-04-24 12:21:00,VKTX,64.91999816894531,64.91999816894531,65.04000091552734,64.91999816894531,65.04000091552734,3416.0
2024-04-24 12:21:00,VLCN,0.24150000512599945,0.24150000512599945,0.24150000512599945,0.24150000512599945,0.24150000512599945,626.0
2024-04-24 12:21:00,VMD,7.994999885559082,7.994999885559082,7.994999885559082,7.994999885559082,7.994999885559082,240.0
2024-04-24 12:21:00,VMEO,3.5350000858306885,3.5350000858306885,3.5350000858306885,3.5350000858306885,3.5350000858306885,772.0
2024-04-24 12:21:00,VOD,8.609999656677246,8.609999656677246,8.609999656677246,8.609999656677246,8.609999656677246,641.0
2024-04-24 12:21:00,VRDN,13.380000114440918,13.380000114440918,13.399999618530273,13.380000114440918,13.390000343322754,4221.0
2024-04-24 12:21:00,VRNA,15.520000457763672,15.520000457763672,15.520000457763672,15.494999885559082,15.5,1800.0
2024-04-24 12:21:00,VRRM,24.30500030517578,24.30500030517578,24.30500030517578,24.30500030517578,24.30500030517578,168.0
2024-04-24 12:21:00,VSAT,16.2450008392334,16.2450008392334,16.25,16.21769905090332,16.219999313354492,3105.0
2024-04-24 12:21:00,VTNR,1.565000057220459,1.565000057220459,1.5700000524520874,1.5606000423431396,1.565000057220459,3258.0
2024-04-24 12:21:00,VTRS,11.375,11.375,11.375,11.375,11.375,1548.0
2024-04-24 12:21:00,VTSI,12.045000076293945,12.045000076293945,12.045000076293945,12.045000076293945,12.045000076293945,911.0
2024-04-24 12:21:00,VUZI,1.2699999809265137,1.2699999809265137,1.2700999975204468,1.2699999809265137,1.2700999975204468,6543.0
2024-04-24 12:21:00,VVPR,3.569999933242798,3.569999933242798,3.569999933242798,3.569999933242798,3.569999933242798,400.0
2024-04-24 12:21:00,VYGR,7.505000114440918,7.505000114440918,7.505000114440918,7.505000114440918,7.505000114440918,200.0
2024-04-24 12:21:00,WAFD,27.950000762939453,27.950000762939453,27.950000762939453,27.950000762939453,27.950000762939453,148.0
2024-04-24 12:21:00,WB,8.34000015258789,8.34000015258789,8.34000015258789,8.335000038146973,8.34000015258789,556.0
2024-04-24 12:21:00,WBA,17.6299991607666,17.6299991607666,17.639999389648438,17.6299991607666,17.639999389648438,3805.0
2024-04-24 12:21:00,WBD,8.295000076293945,8.295000076293945,8.295000076293945,8.289999961853027,8.29010009765625,9489.0
2024-04-24 12:21:00,WDAY,255.125,255.125,255.1300048828125,255.125,255.1300048828125,1309.0
2024-04-24 12:21:00,WDC,68.37000274658203,68.37000274658203,68.38999938964844,68.34500122070312,68.38999938964844,2056.0
2024-04-24 12:21:00,WEN,19.985000610351562,19.985000610351562,19.989999771118164,19.985000610351562,19.985000610351562,1214.0
2024-04-24 12:21:00,WERN,34.959999084472656,34.959999084472656,34.959999084472656,34.959999084472656,34.959999084472656,801.0
2024-04-24 12:21:00,WIMI,1.0199999809265137,1.0199999809265137,1.0199999809265137,1.0199999809265137,1.0199999809265137,31103.0
2024-04-24 12:21:00,WING,362.1199951171875,362.1199951171875,362.1199951171875,362.1199951171875,362.1199951171875,467.0
2024-04-24 12:21:00,WISA,5.710000038146973,5.710000038146973,5.819799900054932,5.699999809265137,5.819799900054932,23374.0
2024-04-24 12:21:00,WKHS,0.15970000624656677,0.15970000624656677,0.15970000624656677,0.15970000624656677,0.15970000624656677,1715.0
2024-04-24 12:21:00,WMG,32.029998779296875,32.029998779296875,32.029998779296875,32.02000045776367,32.02000045776367,2024.0
2024-04-24 12:21:00,WSBC,28.1299991607666,28.1299991607666,28.1299991607666,28.1299991607666,28.1299991607666,703.0
2024-04-24 12:21:00,WSC,37.63999938964844,37.63999938964844,37.64500045776367,37.60499954223633,37.60499954223633,3295.0
2024-04-24 12:21:00,WVE,5.079999923706055,5.079999923706055,5.079999923706055,5.079999923706055,5.079999923706055,224.0
2024-04-24 12:21:00,WW,1.684999942779541,1.684999942779541,1.684999942779541,1.6799999475479126,1.6799999475479126,1866.0
2024-04-24 12:21:00,XEL,55.48500061035156,55.48500061035156,55.48500061035156,55.459999084472656,55.459999084472656,1916.0
2024-04-24 12:21:00,XERS,1.75,1.75,1.75,1.7400000095367432,1.7400000095367432,1507.0
2024-04-24 12:21:00,XFOR,1.2549999952316284,1.2549999952316284,1.2549999952316284,1.2549999952316284,1.2549999952316284,200.0
2024-04-24 12:21:00,XNCR,18.5,18.5,18.5,18.469999313354492,18.469999313354492,912.0
2024-04-24 12:21:00,XP,20.309999465942383,20.309999465942383,20.309999465942383,20.30500030517578,20.309999465942383,2576.0
2024-04-24 12:21:00,XRX,14.449999809265137,14.449999809265137,14.454999923706055,14.444999694824219,14.454999923706055,4748.0
2024-04-24 12:21:00,XXII,1.809999942779541,1.809999942779541,1.8200000524520874,1.809999942779541,1.8200000524520874,661.0
2024-04-24 12:21:00,YMAB,15.180000305175781,15.180000305175781,15.180000305175781,15.180000305175781,15.180000305175781,416.0
2024-04-24 12:21:00,YTRA,1.2999999523162842,1.2999999523162842,1.2999999523162842,1.2998000383377075,1.2998000383377075,675.0
2024-04-24 12:21:00,Z,43.529998779296875,43.529998779296875,43.56999969482422,43.47999954223633,43.5,9068.0
2024-04-24 12:21:00,ZBRA,274.7900085449219,274.7900085449219,274.7900085449219,274.7900085449219,274.7900085449219,467.0
2024-04-24 12:21:00,ZCMD,1.690000057220459,1.690000057220459,1.690000057220459,1.690000057220459,1.690000057220459,761.0
2024-04-24 12:21:00,ZD,51.41999816894531,51.41999816894531,51.41999816894531,51.380001068115234,51.380001068115234,663.0
2024-04-24 12:21:00,ZG,43.09000015258789,43.09000015258789,43.09000015258789,43.02000045776367,43.02000045776367,3870.0
2024-04-24 12:21:00,ZI,15.75,15.75,15.75,15.744999885559082,15.744999885559082,12682.0
2024-04-24 12:21:00,ZION,41.939998626708984,41.939998626708984,41.939998626708984,41.93000030517578,41.939998626708984,1513.0
2024-04-24 12:21:00,ZLAB,15.630000114440918,15.630000114440918,15.630000114440918,15.630000114440918,15.630000114440918,153.0
2024-04-24 12:21:00,ZM,61.099998474121094,61.099998474121094,61.099998474121094,61.08000183105469,61.08000183105469,2306.0
2024-04-24 12:21:00,ZNTL,11.930000305175781,11.930000305175781,11.930000305175781,11.920000076293945,11.920000076293945,1788.0
2024-04-24 12:21:00,ZS,176.36630249023438,176.36630249023438,176.3800048828125,176.36630249023438,176.3800048828125,1045.0
2024-04-24 12:21:00,ZUMZ,16.8799991607666,16.8799991607666,16.8799991607666,16.8799991607666,16.8799991607666,581.0
2024-04-24 12:21:00,ZVSA,0.6100000143051147,0.6100000143051147,0.6100000143051147,0.6100000143051147,0.6100000143051147,1212.0
2024-04-24 12:22:00,FDMT,24.75,24.75,24.760000228881836,24.75,24.760000228881836,772.0
2024-04-24 12:22:00,MAPS,1.0700000524520874,1.0700000524520874,1.0700000524520874,1.0700000524520874,1.0700000524520874,736.0
2024-04-24 12:22:00,ME,0.48330000042915344,0.48330000042915344,0.48330000042915344,0.48330000042915344,0.48330000042915344,675.0
2024-04-24 12:22:00,SEAT,5.804999828338623,5.804999828338623,5.804999828338623,5.804999828338623,5.804999828338623,164.0
2024-04-24 12:22:00,TSVT,4.315000057220459,4.315000057220459,4.329999923706055,4.309999942779541,4.309999942779541,7970.0
2024-04-24 12:22:00,TWOU,0.23280000686645508,0.23280000686645508,0.23280000686645508,0.23280000686645508,0.23280000686645508,1508.0
2024-04-24 12:22:00,TXG,27.280000686645508,27.280000686645508,27.280000686645508,27.270000457763672,27.280000686645508,2908.0
2024-04-24 12:22:00,VC,109.94499969482422,109.94499969482422,110.05000305175781,109.94499969482422,110.05000305175781,1320.0
2024-04-24 12:22:00,VCTR,49.66999816894531,49.66999816894531,49.66999816894531,49.66999816894531,49.66999816894531,491.0
2024-04-24 12:22:00,VERU,1.3300000429153442,1.3300000429153442,1.3300000429153442,1.3200000524520874,1.3200000524520874,600.0
2024-04-24 12:22:00,VERV,6.659999847412109,6.659999847412109,6.675000190734863,6.65500020980835,6.675000190734863,2193.0
2024-04-24 12:22:00,VERX,28.3700008392334,28.3700008392334,28.440900802612305,28.3700008392334,28.40999984741211,1411.0
2024-04-24 12:22:00,VIAV,7.909999847412109,7.909999847412109,7.909999847412109,7.891300201416016,7.894999980926514,8710.0
2024-04-24 12:22:00,VIRI,0.4745999872684479,0.4745999872684479,0.4745999872684479,0.4745999872684479,0.4745999872684479,142.0
2024-04-24 12:22:00,VIRT,22.709999084472656,22.709999084472656,22.729999542236328,22.670000076293945,22.674999237060547,19309.0
2024-04-24 12:22:00,VITL,26.875,26.875,26.889999389648438,26.857200622558594,26.860000610351562,2643.0
2024-04-24 12:22:00,VKTX,64.91000366210938,64.91000366210938,64.91999816894531,64.85330200195312,64.85330200195312,2224.0
2024-04-24 12:22:00,VLCN,0.2410999983549118,0.2410999983549118,0.24169999361038208,0.2410999983549118,0.24169999361038208,579.0
2024-04-24 12:22:00,VOD,8.604999542236328,8.604999542236328,8.604999542236328,8.601200103759766,8.601200103759766,1166.0
2024-04-24 12:22:00,VOR,1.7350000143051147,1.7350000143051147,1.7350000143051147,1.7350000143051147,1.7350000143051147,1018.0
2024-04-24 12:22:00,VRDN,13.380000114440918,13.380000114440918,13.380000114440918,13.380000114440918,13.380000114440918,693.0
2024-04-24 12:22:00,VRTX,399.885009765625,399.885009765625,399.885009765625,399.885009765625,399.885009765625,455.0
2024-04-24 12:22:00,VTNR,1.565000057220459,1.565000057220459,1.565000057220459,1.565000057220459,1.565000057220459,250.0
2024-04-24 12:22:00,VTRS,11.375,11.375,11.380000114440918,11.375,11.380000114440918,1544.0
2024-04-24 12:22:00,VTSI,12.069999694824219,12.069999694824219,12.069999694824219,12.069999694824219,12.069999694824219,0.0
2024-04-24 12:22:00,VUZI,1.274999976158142,1.274999976158142,1.274999976158142,1.274999976158142,1.274999976158142,0.0
2024-04-24 12:22:00,VVPR,3.549999952316284,3.549999952316284,3.549999952316284,3.549999952316284,3.549999952316284,131.0
2024-04-24 12:22:00,VYGR,7.505000114440918,7.505000114440918,7.505000114440918,7.505000114440918,7.505000114440918,468.0
2024-04-24 12:22:00,WAFD,27.959999084472656,27.959999084472656,27.959999084472656,27.959999084472656,27.959999084472656,511.0
2024-04-24 12:22:00,WB,8.345000267028809,8.345000267028809,8.345000267028809,8.345000267028809,8.345000267028809,216.0
2024-04-24 12:22:00,WBA,17.6299991607666,17.6299991607666,17.63990020751953,17.6299991607666,17.635000228881836,5137.0
2024-04-24 12:22:00,WBD,8.295000076293945,8.295000076293945,8.295000076293945,8.29010009765625,8.29010009765625,3580.0
2024-04-24 12:22:00,WDAY,255.2100067138672,255.2100067138672,255.22999572753906,255.1750030517578,255.22999572753906,1277.0
2024-04-24 12:22:00,WDC,68.33000183105469,68.33000183105469,68.38999938964844,68.33000183105469,68.36000061035156,6267.0
2024-04-24 12:22:00,WEN,19.989999771118164,19.989999771118164,19.989999771118164,19.985000610351562,19.985000610351562,1065.0
2024-04-24 12:22:00,WERN,34.9900016784668,34.9900016784668,34.9900016784668,34.9900016784668,34.9900016784668,989.0
2024-04-24 12:22:00,WEST,9.9399995803833,9.9399995803833,9.9399995803833,9.9399995803833,9.9399995803833,1210.0
2024-04-24 12:22:00,WFRD,122.99500274658203,122.99500274658203,123.27999877929688,122.98500061035156,123.27999877929688,3719.0
2024-04-24 12:22:00,WHLM,6.639999866485596,6.639999866485596,6.639999866485596,6.639999866485596,6.639999866485596,200.0
2024-04-24 12:22:00,WIMI,1.024999976158142,1.024999976158142,1.0299999713897705,1.024999976158142,1.0299999713897705,23749.0
2024-04-24 12:22:00,WING,362.4115905761719,362.4115905761719,362.4115905761719,362.4115905761719,362.4115905761719,559.0
2024-04-24 12:22:00,WISA,5.754199981689453,5.754199981689453,5.760000228881836,5.707099914550781,5.710000038146973,6421.0
2024-04-24 12:22:00,WIX,121.9000015258789,121.9000015258789,121.9000015258789,121.9000015258789,121.9000015258789,760.0
2024-04-24 12:22:00,WKHS,0.15960000455379486,0.15960000455379486,0.15960000455379486,0.15960000455379486,0.15960000455379486,3177.0
2024-04-24 12:22:00,WMG,32.029998779296875,32.029998779296875,32.029998779296875,32.029998779296875,32.029998779296875,488.0
2024-04-24 12:22:00,WSBC,28.149999618530273,28.149999618530273,28.149999618530273,28.149999618530273,28.149999618530273,206.0
2024-04-24 12:22:00,WSC,37.630001068115234,37.630001068115234,37.6349983215332,37.630001068115234,37.6349983215332,1378.0
2024-04-24 12:22:00,WVE,5.090000152587891,5.090000152587891,5.090000152587891,5.090000152587891,5.090000152587891,100.0
2024-04-24 12:22:00,WW,1.6799999475479126,1.6799999475479126,1.684999942779541,1.6799999475479126,1.6799999475479126,840.0
2024-04-24 12:22:00,WYNN,96.47000122070312,96.47000122070312,96.48500061035156,96.47000122070312,96.48500061035156,1288.0
2024-04-24 12:22:00,XEL,55.4900016784668,55.4900016784668,55.494998931884766,55.48500061035156,55.48500061035156,3514.0
2024-04-24 12:22:00,XENE,40.09000015258789,40.09000015258789,40.09000015258789,40.09000015258789,40.09000015258789,442.0
2024-04-24 12:22:00,XERS,1.75,1.75,1.75,1.75,1.75,101.0
2024-04-24 12:22:00,XFOR,1.2549999952316284,1.2549999952316284,1.2549999952316284,1.2549999952316284,1.2549999952316284,500.0
2024-04-24 12:22:00,XP,20.31999969482422,20.31999969482422,20.31999969482422,20.30500030517578,20.3075008392334,4014.0
2024-04-24 12:22:00,XPEL,54.290000915527344,54.290000915527344,54.290000915527344,54.290000915527344,54.290000915527344,132.0
2024-04-24 12:22:00,XRX,14.414999961853027,14.414999961853027,14.460000038146973,14.414999961853027,14.449999809265137,12729.0
2024-04-24 12:22:00,XWEL,1.6399999856948853,1.6399999856948853,1.6399999856948853,1.6399999856948853,1.6399999856948853,416.0
2024-04-24 12:22:00,YTRA,1.2999999523162842,1.2999999523162842,1.2999999523162842,1.2949999570846558,1.2999999523162842,702.0
2024-04-24 12:22:00,Z,43.53499984741211,43.53499984741211,43.540000915527344,43.529998779296875,43.53499984741211,1036.0
2024-04-24 12:22:00,ZI,15.760000228881836,15.760000228881836,15.760000228881836,15.760000228881836,15.760000228881836,1116.0
2024-04-24 12:22:00,ZION,42.0099983215332,42.0099983215332,42.0099983215332,41.959999084472656,41.959999084472656,4995.0
2024-04-24 12:22:00,ZLAB,15.625,15.625,15.625,15.625,15.625,808.0
2024-04-24 12:22:00,ZM,61.13999938964844,61.13999938964844,61.13999938964844,61.130001068115234,61.130001068115234,2592.0
2024-04-24 12:22:00,ZS,176.53500366210938,176.53500366210938,176.5500030517578,176.35000610351562,176.44619750976562,5970.0
2024-04-24 12:22:00,ZURA,3.2100000381469727,3.2100000381469727,3.2100000381469727,3.2100000381469727,3.2100000381469727,395.0
2024-04-24 12:22:00,ZYXI,11.350000381469727,11.350000381469727,11.350000381469727,11.350000381469727,11.350000381469727,268.0
2024-04-24 12:23:00,COCO,23.989999771118164,23.989999771118164,23.989999771118164,23.940000534057617,23.940000534057617,1615.0
2024-04-24 12:23:00,DIBS,5.380000114440918,5.380000114440918,5.380000114440918,5.380000114440918,5.380000114440918,245.0
2024-04-24 12:23:00,EGHT,2.3375000953674316,2.3375000953674316,2.3375000953674316,2.3350000381469727,2.3350000381469727,706.0
2024-04-24 12:23:00,ETNB,8.6850004196167,8.6850004196167,8.6899995803833,8.6850004196167,8.6899995803833,617.0
2024-04-24 12:23:00,FDMT,24.690000534057617,24.690000534057617,24.690000534057617,24.690000534057617,24.690000534057617,200.0
2024-04-24 12:23:00,FREE,4.820000171661377,4.820000171661377,4.820000171661377,4.815000057220459,4.815000057220459,1010.0
2024-04-24 12:23:00,MASS,5.625,5.625,5.625,5.625,5.625,441.0
2024-04-24 12:23:00,ME,0.4828000068664551,0.4828000068664551,0.4828000068664551,0.48249998688697815,0.4828000068664551,1665.0
2024-04-24 12:23:00,SEAT,5.800000190734863,5.800000190734863,5.800000190734863,5.800000190734863,5.800000190734863,1957.0
2024-04-24 12:23:00,TSVT,4.308800220489502,4.308800220489502,4.308800220489502,4.308800220489502,4.308800220489502,217.0
2024-04-24 12:23:00,TWOU,0.23280000686645508,0.23280000686645508,0.23280000686645508,0.23280000686645508,0.23280000686645508,201.0
2024-04-24 12:23:00,TXG,27.25149917602539,27.25149917602539,27.25149917602539,27.25149917602539,27.25149917602539,979.0
2024-04-24 12:23:00,VERU,1.3274999856948853,1.3274999856948853,1.3274999856948853,1.3200000524520874,1.3200000524520874,982.0
2024-04-24 12:23:00,VERV,6.659999847412109,6.659999847412109,6.659999847412109,6.659999847412109,6.659999847412109,1495.0
2024-04-24 12:23:00,VERX,28.364999771118164,28.364999771118164,28.3799991607666,28.329999923706055,28.3799991607666,2566.0
2024-04-24 12:23:00,VFF,1.3049999475479126,1.3049999475479126,1.3049999475479126,1.3049999475479126,1.3049999475479126,746.0
2024-04-24 12:23:00,VFS,2.4800000190734863,2.4800000190734863,2.4800000190734863,2.4800000190734863,2.4800000190734863,7911.0
2024-04-24 12:23:00,VIAV,7.912199974060059,7.912199974060059,7.914999961853027,7.912199974060059,7.914999961853027,1082.0
2024-04-24 12:23:00,VICR,32.220001220703125,32.220001220703125,32.279998779296875,32.220001220703125,32.220001220703125,5136.0
2024-04-24 12:23:00,VIGL,2.6500000953674316,2.6500000953674316,2.6500000953674316,2.6500000953674316,2.6500000953674316,101.0
2024-04-24 12:23:00,VIRT,22.68000030517578,22.68000030517578,22.709999084472656,22.65999984741211,22.709999084472656,7095.0
2024-04-24 12:23:00,VKTX,64.72000122070312,64.72000122070312,64.93000030517578,64.69999694824219,64.91400146484375,11933.0
2024-04-24 12:23:00,VLCN,0.241799995303154,0.241799995303154,0.241799995303154,0.24079999327659607,0.24079999327659607,1136.0
2024-04-24 12:23:00,VMD,7.989999771118164,7.989999771118164,7.989999771118164,7.989999771118164,7.989999771118164,580.0
2024-04-24 12:23:00,VMEO,3.5350000858306885,3.5350000858306885,3.5350000858306885,3.5350000858306885,3.5350000858306885,619.0
2024-04-24 12:23:00,VNOM,39.70500183105469,39.70500183105469,39.72999954223633,39.70500183105469,39.72999954223633,203.0
2024-04-24 12:23:00,VOD,8.604999542236328,8.604999542236328,8.60830020904541,8.604999542236328,8.60830020904541,3647.0
2024-04-24 12:23:00,VOR,1.7300000190734863,1.7300000190734863,1.7300000190734863,1.7300000190734863,1.7300000190734863,228.0
2024-04-24 12:23:00,VRDN,13.345000267028809,13.345000267028809,13.369999885559082,13.345000267028809,13.369999885559082,2324.0
2024-04-24 12:23:00,VRRM,24.290000915527344,24.290000915527344,24.299999237060547,24.290000915527344,24.299999237060547,957.0
2024-04-24 12:23:00,VRTX,399.7799987792969,399.7799987792969,399.9800109863281,399.70001220703125,399.9800109863281,3319.0
2024-04-24 12:23:00,VSAT,16.239999771118164,16.239999771118164,16.239999771118164,16.219999313354492,16.229999542236328,10343.0
2024-04-24 12:23:00,VSEC,78.5,78.5,78.62000274658203,78.5,78.52999877929688,821.0
2024-04-24 12:23:00,VTGN,4.674799919128418,4.674799919128418,4.674799919128418,4.674799919128418,4.674799919128418,254.0
2024-04-24 12:23:00,VTNR,1.5700000524520874,1.5700000524520874,1.5700000524520874,1.565000057220459,1.565000057220459,1334.0
2024-04-24 12:23:00,VTRS,11.369999885559082,11.369999885559082,11.380000114440918,11.364999771118164,11.375,19833.0
2024-04-24 12:23:00,VUZI,1.2699999809265137,1.2699999809265137,1.2699999809265137,1.2699999809265137,1.2699999809265137,34.0
2024-04-24 12:23:00,VYGR,7.5,7.5,7.505000114440918,7.5,7.505000114440918,648.0
2024-04-24 12:23:00,WAFDP,15.81029987335205,15.81029987335205,15.81029987335205,15.81029987335205,15.81029987335205,243.0
2024-04-24 12:23:00,WB,8.350000381469727,8.350000381469727,8.350000381469727,8.345000267028809,8.345000267028809,1286.0
2024-04-24 12:23:00,WBA,17.637100219726562,17.637100219726562,17.645000457763672,17.6299991607666,17.639999389648438,15470.0
2024-04-24 12:23:00,WBD,8.289999961853027,8.289999961853027,8.300000190734863,8.28499984741211,8.297499656677246,17599.0
2024-04-24 12:23:00,WDAY,255.1199951171875,255.1199951171875,255.1999969482422,255.1199951171875,255.1999969482422,3800.0
2024-04-24 12:23:00,WDC,68.33000183105469,68.33000183105469,68.37000274658203,68.29000091552734,68.3550033569336,7694.0
2024-04-24 12:23:00,WEN,19.969999313354492,19.969999313354492,19.989999771118164,19.969999313354492,19.979999542236328,5638.0
2024-04-24 12:23:00,WERN,35.01919937133789,35.01919937133789,35.01919937133789,35.01919937133789,35.01919937133789,813.0
2024-04-24 12:23:00,WFRD,122.55000305175781,122.55000305175781,122.92500305175781,122.51000213623047,122.92500305175781,4318.0
2024-04-24 12:23:00,WHF,12.833900451660156,12.833900451660156,12.833900451660156,12.833900451660156,12.833900451660156,1164.0
2024-04-24 12:23:00,WIMI,1.02839994430542,1.02839994430542,1.0298000574111938,1.0199999809265137,1.0199999809265137,8798.0
2024-04-24 12:23:00,WISA,5.731200218200684,5.731200218200684,5.75,5.728700160980225,5.7322998046875,3413.0
2024-04-24 12:23:00,WIX,121.81549835205078,121.81549835205078,121.81549835205078,121.81549835205078,121.81549835205078,1878.0
2024-04-24 12:23:00,WKHS,0.15960000455379486,0.15960000455379486,0.15960000455379486,0.15960000455379486,0.15960000455379486,1200.0
2024-04-24 12:23:00,WMG,32.040000915527344,32.040000915527344,32.040000915527344,32.02000045776367,32.02090072631836,1381.0
2024-04-24 12:23:00,WSBC,28.136600494384766,28.136600494384766,28.136600494384766,28.136600494384766,28.136600494384766,735.0
2024-04-24 12:23:00,WSC,37.64500045776367,37.64500045776367,37.65999984741211,37.63999938964844,37.63999938964844,4357.0
2024-04-24 12:23:00,WTFC,99.55290222167969,99.55290222167969,99.68000030517578,99.55290222167969,99.68000030517578,947.0
2024-04-24 12:23:00,WVE,5.079999923706055,5.079999923706055,5.079999923706055,5.079999923706055,5.079999923706055,812.0
2024-04-24 12:23:00,WW,1.6799999475479126,1.6799999475479126,1.6799999475479126,1.6799999475479126,1.6799999475479126,410.0
2024-04-24 12:23:00,WWD,148.9178924560547,148.9178924560547,148.9178924560547,148.9178924560547,148.9178924560547,902.0
2024-04-24 12:23:00,WYNN,96.46499633789062,96.46499633789062,96.46499633789062,96.46499633789062,96.46499633789062,1258.0
2024-04-24 12:23:00,XEL,55.45000076293945,55.45000076293945,55.48500061035156,55.45000076293945,55.48500061035156,10722.0
2024-04-24 12:23:00,XERS,1.75,1.75,1.75,1.75,1.75,200.0
2024-04-24 12:23:00,XFOR,1.250100016593933,1.250100016593933,1.2549999952316284,1.25,1.2549999952316284,3169.0
2024-04-24 12:23:00,XMTR,16.825000762939453,16.825000762939453,16.825000762939453,16.825000762939453,16.825000762939453,764.0
2024-04-24 12:23:00,XNCR,18.469999313354492,18.469999313354492,18.469999313354492,18.469999313354492,18.469999313354492,1074.0
2024-04-24 12:23:00,XP,20.291000366210938,20.291000366210938,20.329999923706055,20.290000915527344,20.31999969482422,18610.0
2024-04-24 12:23:00,XRX,14.399999618530273,14.399999618530273,14.420000076293945,14.399999618530273,14.40999984741211,4442.0
2024-04-24 12:23:00,XXII,1.815000057220459,1.815000057220459,1.8169000148773193,1.815000057220459,1.8169000148773193,1326.0
2024-04-24 12:23:00,YTRA,1.2999999523162842,1.2999999523162842,1.2999999523162842,1.2949999570846558,1.2949999570846558,300.0
2024-04-24 12:23:00,Z,43.5099983215332,43.5099983215332,43.540000915527344,43.5099983215332,43.540000915527344,3824.0
2024-04-24 12:23:00,ZCMD,1.7100000381469727,1.7100000381469727,1.7100000381469727,1.690000057220459,1.690000057220459,400.0
2024-04-24 12:23:00,ZG,43.029998779296875,43.029998779296875,43.029998779296875,43.029998779296875,43.029998779296875,657.0
2024-04-24 12:23:00,ZI,15.75,15.75,15.755000114440918,15.744999885559082,15.755000114440918,4206.0
2024-04-24 12:23:00,ZION,41.970001220703125,41.970001220703125,42.0099983215332,41.959999084472656,42.0099983215332,3257.0
2024-04-24 12:23:00,ZLAB,15.604999542236328,15.604999542236328,15.609999656677246,15.59000015258789,15.600000381469727,1617.0
2024-04-24 12:23:00,ZM,61.130001068115234,61.130001068115234,61.130001068115234,61.130001068115234,61.130001068115234,534.0
2024-04-24 12:23:00,ZS,176.5,176.5,176.5,176.38999938964844,176.5,3257.0
2024-04-24 12:23:00,ZVRA,4.505000114440918,4.505000114440918,4.505000114440918,4.505000114440918,4.505000114440918,917.0
2024-04-24 12:23:00,ZYME,8.600000381469727,8.600000381469727,8.609999656677246,8.600000381469727,8.609999656677246,2208.0
2024-04-24 12:24:00,COCO,23.969999313354492,23.969999313354492,23.969999313354492,23.969999313354492,23.969999313354492,103.0
2024-04-24 12:24:00,DSP,8.680000305175781,8.680000305175781,8.680000305175781,8.680000305175781,8.680000305175781,112.0
2024-04-24 12:24:00,EGHT,2.3350000381469727,2.3350000381469727,2.3350000381469727,2.3350000381469727,2.3350000381469727,660.0
2024-04-24 12:24:00,ETNB,8.6899995803833,8.6899995803833,8.6899995803833,8.6899995803833,8.6899995803833,117.0
2024-04-24 12:24:00,FDMT,24.709999084472656,24.709999084472656,24.709999084472656,24.709999084472656,24.709999084472656,895.0
2024-04-24 12:24:00,FEAM,1.1549999713897705,1.1549999713897705,1.1549999713897705,1.1549999713897705,1.1549999713897705,444.0
2024-04-24 12:24:00,FLWS,9.149999618530273,9.149999618530273,9.149999618530273,9.140000343322754,9.140000343322754,209.0
2024-04-24 12:24:00,MAPSW,0.06440000236034393,0.06440000236034393,0.06440000236034393,0.06440000236034393,0.06440000236034393,0.0
2024-04-24 12:24:00,ME,0.4832000136375427,0.4832000136375427,0.4832000136375427,0.4832000136375427,0.4832000136375427,1955.0
2024-04-24 12:24:00,TSVT,4.300000190734863,4.300000190734863,4.300000190734863,4.300000190734863,4.300000190734863,354.0
2024-04-24 12:24:00,TWOU,0.23280000686645508,0.23280000686645508,0.23280000686645508,0.23270000517368317,0.23280000686645508,1634.0
2024-04-24 12:24:00,TXG,27.25,27.25,27.25,27.25,27.25,1231.0
2024-04-24 12:24:00,VANI,1.764799952507019,1.764799952507019,1.767799973487854,1.764799952507019,1.767799973487854,1588.0
2024-04-24 12:24:00,VCTR,49.63999938964844,49.63999938964844,49.63999938964844,49.63999938964844,49.63999938964844,473.0
2024-04-24 12:24:00,VERU,1.3200000524520874,1.3200000524520874,1.3300000429153442,1.3200000524520874,1.3200000524520874,1110.0
2024-04-24 12:24:00,VERV,6.659999847412109,6.659999847412109,6.659999847412109,6.659999847412109,6.659999847412109,1146.0
2024-04-24 12:24:00,VERX,28.375,28.375,28.399999618530273,28.375,28.399999618530273,2303.0
2024-04-24 12:24:00,VFS,2.494999885559082,2.494999885559082,2.5,2.484999895095825,2.484999895095825,28520.0
2024-04-24 12:24:00,VICR,32.150001525878906,32.150001525878906,32.16999816894531,32.13999938964844,32.16999816894531,638.0
2024-04-24 12:24:00,VIR,8.1850004196167,8.1850004196167,8.1850004196167,8.1850004196167,8.1850004196167,246.0
2024-04-24 12:24:00,VIRT,22.684999465942383,22.684999465942383,22.684999465942383,22.670000076293945,22.674999237060547,1507.0
2024-04-24 12:24:00,VKTX,64.91000366210938,64.91000366210938,64.91000366210938,64.69999694824219,64.70999908447266,12653.0
2024-04-24 12:24:00,VLCN,0.24009999632835388,0.24009999632835388,0.24130000174045563,0.23999999463558197,0.24130000174045563,21316.0
2024-04-24 12:24:00,VMD,7.989999771118164,7.989999771118164,7.989999771118164,7.989999771118164,7.989999771118164,206.0
2024-04-24 12:24:00,VNOM,39.70500183105469,39.70500183105469,39.70500183105469,39.70500183105469,39.70500183105469,744.0
2024-04-24 12:24:00,VOD,8.604999542236328,8.604999542236328,8.604999542236328,8.600000381469727,8.600000381469727,2074.0
2024-04-24 12:24:00,VRDN,13.34000015258789,13.34000015258789,13.34000015258789,13.34000015258789,13.34000015258789,173.0
2024-04-24 12:24:00,VRNA,15.510000228881836,15.510000228881836,15.510000228881836,15.510000228881836,15.510000228881836,261.0
2024-04-24 12:24:00,VRRM,24.290000915527344,24.290000915527344,24.290000915527344,24.290000915527344,24.290000915527344,201.0
2024-04-24 12:24:00,VSAT,16.28499984741211,16.28499984741211,16.30500030517578,16.240100860595703,16.240100860595703,4411.0
2024-04-24 12:24:00,VTNR,1.565000057220459,1.565000057220459,1.565000057220459,1.565000057220459,1.565000057220459,2100.0
2024-04-24 12:24:00,VTRS,11.364999771118164,11.364999771118164,11.369999885559082,11.364999771118164,11.369999885559082,3107.0
2024-04-24 12:24:00,VTSI,12.07960033416748,12.07960033416748,12.07960033416748,12.07960033416748,12.07960033416748,451.0
2024-04-24 12:24:00,VWE,0.26089999079704285,0.26089999079704285,0.26089999079704285,0.26089999079704285,0.26089999079704285,1043.0
2024-04-24 12:24:00,VYNE,2.349600076675415,2.349600076675415,2.349600076675415,2.349600076675415,2.349600076675415,3800.0
2024-04-24 12:24:00,WBA,17.635000228881836,17.635000228881836,17.635000228881836,17.6200008392334,17.635000228881836,25575.0
2024-04-24 12:24:00,WBD,8.28499984741211,8.28499984741211,8.289999961853027,8.279999732971191,8.279999732971191,4248.0
2024-04-24 12:24:00,WDAY,254.87249755859375,254.87249755859375,255.1199951171875,254.87249755859375,255.1199951171875,6564.0
2024-04-24 12:24:00,WDC,68.33999633789062,68.33999633789062,68.3499984741211,68.33000183105469,68.33989715576172,4566.0
2024-04-24 12:24:00,WDFC,226.66000366210938,226.66000366210938,226.66000366210938,226.66000366210938,226.66000366210938,303.0
2024-04-24 12:24:00,WEN,19.950000762939453,19.950000762939453,19.96500015258789,19.950000762939453,19.959999084472656,3304.0
2024-04-24 12:24:00,WERN,34.97999954223633,34.97999954223633,35.0099983215332,34.97999954223633,35.0099983215332,1910.0
2024-04-24 12:24:00,WFRD,122.22000122070312,122.22000122070312,122.22000122070312,122.22000122070312,122.22000122070312,611.0
2024-04-24 12:24:00,WHLM,6.559199810028076,6.559199810028076,6.559199810028076,6.559199810028076,6.559199810028076,1686.0
2024-04-24 12:24:00,WIMI,1.0399999618530273,1.0399999618530273,1.0399999618530273,1.020900011062622,1.020900011062622,201018.0
2024-04-24 12:24:00,WISA,5.710000038146973,5.710000038146973,5.760000228881836,5.710000038146973,5.760000228881836,13317.0
2024-04-24 12:24:00,WKHS,0.15950000286102295,0.15950000286102295,0.15960000455379486,0.15950000286102295,0.15960000455379486,891.0
2024-04-24 12:24:00,WMG,32.025001525878906,32.025001525878906,32.025001525878906,32.025001525878906,32.025001525878906,512.0
2024-04-24 12:24:00,WSC,37.64500045776367,37.64500045776367,37.64500045776367,37.64500045776367,37.64500045776367,531.0
2024-04-24 12:24:00,WTW,263.7200012207031,263.7200012207031,263.7200012207031,263.6600036621094,263.6600036621094,494.0
2024-04-24 12:24:00,WW,1.6799999475479126,1.6799999475479126,1.6799999475479126,1.6799999475479126,1.6799999475479126,409.0
2024-04-24 12:24:00,WYNN,96.41500091552734,96.41500091552734,96.42500305175781,96.3499984741211,96.36000061035156,1934.0
2024-04-24 12:24:00,XEL,55.45500183105469,55.45500183105469,55.45500183105469,55.44499969482422,55.45000076293945,2601.0
2024-04-24 12:24:00,XENE,40.029998779296875,40.029998779296875,40.04999923706055,40.029998779296875,40.04999923706055,1144.0
2024-04-24 12:24:00,XERS,1.75,1.75,1.75,1.75,1.75,511.0
2024-04-24 12:24:00,XFOR,1.2549999952316284,1.2549999952316284,1.2549999952316284,1.2549999952316284,1.2549999952316284,0.0
2024-04-24 12:24:00,XMTR,16.850000381469727,16.850000381469727,16.850000381469727,16.809999465942383,16.809999465942383,2140.0
2024-04-24 12:24:00,XP,20.270000457763672,20.270000457763672,20.290000915527344,20.264999389648438,20.290000915527344,12410.0
2024-04-24 12:24:00,XPEL,54.31999969482422,54.31999969482422,54.31999969482422,54.31999969482422,54.31999969482422,477.0
2024-04-24 12:24:00,XRX,14.404999732971191,14.404999732971191,14.40999984741211,14.395000457763672,14.399999618530273,10376.0
2024-04-24 12:24:00,XXII,1.809999942779541,1.809999942779541,1.809999942779541,1.809999942779541,1.809999942779541,5165.0
2024-04-24 12:24:00,YTRA,1.2999999523162842,1.2999999523162842,1.2999999523162842,1.2999999523162842,1.2999999523162842,200.0
2024-04-24 12:24:00,Z,43.53499984741211,43.53499984741211,43.53499984741211,43.51499938964844,43.51499938964844,3859.0
2024-04-24 12:24:00,ZBRA,274.8695068359375,274.8695068359375,274.8695068359375,274.760009765625,274.760009765625,984.0
2024-04-24 12:24:00,ZCMD,1.7089999914169312,1.7089999914169312,1.7089999914169312,1.7089999914169312,1.7089999914169312,136.0
2024-04-24 12:24:00,ZD,51.5,51.5,51.5,51.400001525878906,51.40999984741211,2644.0
2024-04-24 12:24:00,ZG,43.040000915527344,43.040000915527344,43.040000915527344,43.040000915527344,43.040000915527344,418.0
2024-04-24 12:24:00,ZI,15.757499694824219,15.757499694824219,15.757499694824219,15.750100135803223,15.753999710083008,590.0
2024-04-24 12:24:00,ZIMV,15.729999542236328,15.729999542236328,15.743300437927246,15.729999542236328,15.743300437927246,2455.0
2024-04-24 12:24:00,ZION,41.970001220703125,41.970001220703125,41.988800048828125,41.959999084472656,41.988800048828125,3772.0
2024-04-24 12:24:00,ZLAB,15.604999542236328,15.604999542236328,15.604999542236328,15.604999542236328,15.604999542236328,347.0
2024-04-24 12:24:00,ZM,61.11000061035156,61.11000061035156,61.130001068115234,61.11000061035156,61.130001068115234,2021.0
2024-04-24 12:24:00,ZNTL,11.920000076293945,11.920000076293945,11.920000076293945,11.920000076293945,11.920000076293945,207.0
2024-04-24 12:24:00,ZS,176.72999572753906,176.72999572753906,176.72999572753906,176.5,176.5,2210.0
2024-04-24 12:24:00,ZUMZ,16.79400062561035,16.79400062561035,16.8799991607666,16.790000915527344,16.860000610351562,4296.0
2024-04-24 12:24:00,ZYME,8.595000267028809,8.595000267028809,8.595000267028809,8.595000267028809,8.595000267028809,326.0
2024-04-24 12:24:00,ZYXI,11.369999885559082,11.369999885559082,11.369999885559082,11.350000381469727,11.350000381469727,2367.0
2024-04-24 12:25:00,ETNB,8.695500373840332,8.695500373840332,8.699999809265137,8.695500373840332,8.699999809265137,300.0
2024-04-24 12:25:00,FLWS,9.15999984741211,9.15999984741211,9.15999984741211,9.149999618530273,9.149999618530273,488.0
2024-04-24 12:25:00,FREE,4.820000171661377,4.820000171661377,4.820000171661377,4.820000171661377,4.820000171661377,300.0
2024-04-24 12:25:00,MAPSW,0.06430000066757202,0.06430000066757202,0.06440000236034393,0.06430000066757202,0.06440000236034393,11548.0
2024-04-24 12:25:00,MASS,5.625,5.625,5.625,5.625,5.625,272.0
2024-04-24 12:25:00,SEAT,5.804999828338623,5.804999828338623,5.809999942779541,5.804999828338623,5.809999942779541,382.0
2024-04-24 12:25:00,TWOU,0.23280000686645508,0.23280000686645508,0.23280000686645508,0.23280000686645508,0.23280000686645508,1802.0
2024-04-24 12:25:00,TXG,27.270000457763672,27.270000457763672,27.270000457763672,27.25,27.270000457763672,2692.0
2024-04-24 12:25:00,VANI,1.76010000705719,1.76010000705719,1.76010000705719,1.7599999904632568,1.7599999904632568,1809.0
2024-04-24 12:25:00,VERU,1.3300000429153442,1.3300000429153442,1.3300000429153442,1.3200000524520874,1.3200000524520874,4250.0
2024-04-24 12:25:00,VERX,28.3700008392334,28.3700008392334,28.3700008392334,28.3700008392334,28.3700008392334,138.0
2024-04-24 12:25:00,VIAV,7.914999961853027,7.914999961853027,7.920000076293945,7.910900115966797,7.914999961853027,1373.0
2024-04-24 12:25:00,VICR,32.139198303222656,32.139198303222656,32.139198303222656,32.139198303222656,32.139198303222656,657.0
2024-04-24 12:25:00,VIR,8.194999694824219,8.194999694824219,8.194999694824219,8.1899995803833,8.1899995803833,2522.0
2024-04-24 12:25:00,VIRT,22.6299991607666,22.6299991607666,22.690000534057617,22.6299991607666,22.690000534057617,6002.0
2024-04-24 12:25:00,VITL,26.815000534057617,26.815000534057617,26.84000015258789,26.815000534057617,26.84000015258789,859.0
2024-04-24 12:25:00,VKTX,64.8740005493164,64.8740005493164,65.0198974609375,64.8740005493164,64.9000015258789,2629.0
2024-04-24 12:25:00,VLCN,0.23999999463558197,0.23999999463558197,0.24009999632835388,0.23999999463558197,0.24009999632835388,1203.0
2024-04-24 12:25:00,VNET,1.5299999713897705,1.5299999713897705,1.5299999713897705,1.5299999713897705,1.5299999713897705,110.0
2024-04-24 12:25:00,VNOM,39.72999954223633,39.72999954223633,39.7400016784668,39.72999954223633,39.72999954223633,1615.0
2024-04-24 12:25:00,VOD,8.604999542236328,8.604999542236328,8.607500076293945,8.604999542236328,8.604999542236328,6989.0
2024-04-24 12:25:00,VRCA,6.75,6.75,6.75,6.75,6.75,538.0
2024-04-24 12:25:00,VRDN,13.345000267028809,13.345000267028809,13.345000267028809,13.345000267028809,13.345000267028809,135.0
2024-04-24 12:25:00,VRRM,24.290000915527344,24.290000915527344,24.290000915527344,24.290000915527344,24.290000915527344,281.0
2024-04-24 12:25:00,VRTX,399.8299865722656,399.8299865722656,399.8500061035156,399.8299865722656,399.8500061035156,565.0
2024-04-24 12:25:00,VSAT,16.297199249267578,16.297199249267578,16.297199249267578,16.297199249267578,16.297199249267578,565.0
2024-04-24 12:25:00,VTNR,1.565000057220459,1.565000057220459,1.565000057220459,1.565000057220459,1.565000057220459,132.0
2024-04-24 12:25:00,VYGR,7.5,7.5,7.5,7.5,7.5,200.0
2024-04-24 12:25:00,VYNE,2.3299999237060547,2.3299999237060547,2.349400043487549,2.3299999237060547,2.349400043487549,4054.0
2024-04-24 12:25:00,WAFD,27.93000030517578,27.93000030517578,27.969999313354492,27.93000030517578,27.954999923706055,477.0
2024-04-24 12:25:00,WB,8.34000015258789,8.34000015258789,8.34000015258789,8.34000015258789,8.34000015258789,2828.0
2024-04-24 12:25:00,WBA,17.635000228881836,17.635000228881836,17.639999389648438,17.635000228881836,17.635000228881836,7399.0
2024-04-24 12:25:00,WBD,8.280099868774414,8.280099868774414,8.28499984741211,8.279999732971191,8.28499984741211,3510.0
2024-04-24 12:25:00,WDAY,255.05999755859375,255.05999755859375,255.05999755859375,255.05999755859375,255.05999755859375,724.0
2024-04-24 12:25:00,WDC,68.26000213623047,68.26000213623047,68.3499984741211,68.26000213623047,68.33499908447266,6916.0
2024-04-24 12:25:00,WEN,19.959999084472656,19.959999084472656,19.959999084472656,19.952499389648438,19.952499389648438,3359.0
2024-04-24 12:25:00,WFRD,122.22000122070312,122.22000122070312,122.25,122.16000366210938,122.25,1822.0
2024-04-24 12:25:00,WIMI,1.0442999601364136,1.0442999601364136,1.0499999523162842,1.034999966621399,1.0399999618530273,84857.0
2024-04-24 12:25:00,WING,361.6099853515625,361.6099853515625,361.6099853515625,361.6099853515625,361.6099853515625,352.0
2024-04-24 12:25:00,WISA,5.610000133514404,5.610000133514404,5.730000019073486,5.610000133514404,5.711999893188477,13030.0
2024-04-24 12:25:00,WIX,121.80000305175781,121.80000305175781,121.87000274658203,121.80000305175781,121.87000274658203,1382.0
2024-04-24 12:25:00,WKHS,0.15960000455379486,0.15960000455379486,0.15960000455379486,0.15960000455379486,0.15960000455379486,11853.0
2024-04-24 12:25:00,WSC,37.64500045776367,37.64500045776367,37.64500045776367,37.64500045776367,37.64500045776367,1308.0
2024-04-24 12:25:00,WTW,263.7799987792969,263.7799987792969,263.7799987792969,263.760009765625,263.760009765625,1222.0
2024-04-24 12:25:00,WVE,5.110000133514404,5.110000133514404,5.119999885559082,5.079999923706055,5.079999923706055,5699.0
2024-04-24 12:25:00,WW,1.6799999475479126,1.6799999475479126,1.6799999475479126,1.6799999475479126,1.6799999475479126,338.0
2024-04-24 12:25:00,WYNN,96.5199966430664,96.5199966430664,96.5199966430664,96.41000366210938,96.43000030517578,15039.0
2024-04-24 12:25:00,XEL,55.48500061035156,55.48500061035156,55.48500061035156,55.45500183105469,55.45500183105469,4555.0
2024-04-24 12:25:00,XERS,1.7450000047683716,1.7450000047683716,1.7450000047683716,1.7450000047683716,1.7450000047683716,200.0
2024-04-24 12:25:00,XFOR,1.2549999952316284,1.2549999952316284,1.2599999904632568,1.25,1.2599999904632568,1708.0
2024-04-24 12:25:00,XMTR,16.8700008392334,16.8700008392334,16.8700008392334,16.8700008392334,16.8700008392334,308.0
2024-04-24 12:25:00,XNCR,18.479999542236328,18.479999542236328,18.479999542236328,18.479999542236328,18.479999542236328,989.0
2024-04-24 12:25:00,XOS,7.5,7.5,7.5,7.5,7.5,1293.0
2024-04-24 12:25:00,XP,20.31999969482422,20.31999969482422,20.31999969482422,20.280000686645508,20.280000686645508,6153.0
2024-04-24 12:25:00,XRX,14.404999732971191,14.404999732971191,14.40999984741211,14.399999618530273,14.404999732971191,6739.0
2024-04-24 12:25:00,Z,43.529998779296875,43.529998779296875,43.54999923706055,43.529998779296875,43.540000915527344,4246.0
2024-04-24 12:25:00,ZAPP,4.000100135803223,4.000100135803223,4.000100135803223,4.000100135803223,4.000100135803223,636.0
2024-04-24 12:25:00,ZAPPW,0.00989999994635582,0.00989999994635582,0.00989999994635582,0.00989999994635582,0.00989999994635582,0.0
2024-04-24 12:25:00,ZG,43.040000915527344,43.040000915527344,43.040000915527344,43.040000915527344,43.040000915527344,228.0
2024-04-24 12:25:00,ZI,15.755000114440918,15.755000114440918,15.755000114440918,15.755000114440918,15.755000114440918,2050.0
2024-04-24 12:25:00,ZION,41.97999954223633,41.97999954223633,41.97999954223633,41.970001220703125,41.970001220703125,3388.0
2024-04-24 12:25:00,ZLAB,15.604999542236328,15.604999542236328,15.604999542236328,15.604999542236328,15.604999542236328,590.0
2024-04-24 12:25:00,ZM,61.11000061035156,61.11000061035156,61.11000061035156,61.099998474121094,61.11000061035156,3719.0
2024-04-24 12:25:00,ZNTL,11.90999984741211,11.90999984741211,11.90999984741211,11.90999984741211,11.90999984741211,241.0
2024-04-24 12:25:00,ZS,176.6199951171875,176.6199951171875,176.77499389648438,176.6199951171875,176.77499389648438,969.0
2024-04-24 12:25:00,ZUMZ,16.795000076293945,16.795000076293945,16.795000076293945,16.770000457763672,16.770000457763672,538.0
2024-04-24 12:26:00,COCO,23.985000610351562,23.985000610351562,23.985000610351562,23.985000610351562,23.985000610351562,1334.0
2024-04-24 12:26:00,DSP,8.65999984741211,8.65999984741211,8.65999984741211,8.65999984741211,8.65999984741211,212.0
2024-04-24 12:26:00,ETNB,8.6899995803833,8.6899995803833,8.6899995803833,8.6899995803833,8.6899995803833,64.0
2024-04-24 12:26:00,MASS,5.619999885559082,5.619999885559082,5.619999885559082,5.619999885559082,5.619999885559082,702.0
2024-04-24 12:26:00,SXTP,0.2401999980211258,0.2401999980211258,0.2460000067949295,0.2401999980211258,0.2460000067949295,53405.0
2024-04-24 12:26:00,TWOU,0.23280000686645508,0.23280000686645508,0.23280000686645508,0.23280000686645508,0.23280000686645508,600.0
2024-04-24 12:26:00,VCTR,49.689998626708984,49.689998626708984,49.689998626708984,49.68000030517578,49.68000030517578,1014.0
2024-04-24 12:26:00,VERU,1.3200000524520874,1.3200000524520874,1.3300000429153442,1.3200000524520874,1.3300000429153442,901.0
2024-04-24 12:26:00,VERV,6.650000095367432,6.650000095367432,6.659999847412109,6.650000095367432,6.659999847412109,780.0
2024-04-24 12:26:00,VERX,28.3700008392334,28.3700008392334,28.3700008392334,28.3700008392334,28.3700008392334,660.0
2024-04-24 12:26:00,VFS,2.494999885559082,2.494999885559082,2.497999906539917,2.494999885559082,2.497999906539917,618.0
2024-04-24 12:26:00,VIAV,7.920000076293945,7.920000076293945,7.920000076293945,7.920000076293945,7.920000076293945,200.0
2024-04-24 12:26:00,VIRT,22.649999618530273,22.649999618530273,22.649999618530273,22.645000457763672,22.645000457763672,2333.0
2024-04-24 12:26:00,VITL,26.819700241088867,26.819700241088867,26.819700241088867,26.819700241088867,26.819700241088867,277.0
2024-04-24 12:26:00,VKTX,64.98999786376953,64.98999786376953,64.99500274658203,64.91000366210938,64.91000366210938,783.0
2024-04-24 12:26:00,VLCN,0.23999999463558197,0.23999999463558197,0.24480000138282776,0.23999999463558197,0.24089999496936798,10722.0
2024-04-24 12:26:00,VMEO,3.5350000858306885,3.5350000858306885,3.5350000858306885,3.5350000858306885,3.5350000858306885,202.0
2024-04-24 12:26:00,VNOM,39.72999954223633,39.72999954223633,39.7400016784668,39.72999954223633,39.7400016784668,605.0
2024-04-24 12:26:00,VOD,8.604999542236328,8.604999542236328,8.607500076293945,8.604999542236328,8.604999542236328,3035.0
2024-04-24 12:26:00,VOR,1.7300000190734863,1.7300000190734863,1.7300000190734863,1.7300000190734863,1.7300000190734863,200.0
2024-04-24 12:26:00,VRDN,13.345000267028809,13.345000267028809,13.345000267028809,13.345000267028809,13.345000267028809,406.0
2024-04-24 12:26:00,VRTS,231.52000427246094,231.52000427246094,231.52000427246094,231.52000427246094,231.52000427246094,1036.0
2024-04-24 12:26:00,VRTX,399.739990234375,399.739990234375,399.9800109863281,399.739990234375,399.739990234375,878.0
2024-04-24 12:26:00,VTNR,1.5693999528884888,1.5693999528884888,1.5693999528884888,1.5693999528884888,1.5693999528884888,300.0
2024-04-24 12:26:00,VTRS,11.369999885559082,11.369999885559082,11.369999885559082,11.369999885559082,11.369999885559082,1517.0
2024-04-24 12:26:00,VUZI,1.2699999809265137,1.2699999809265137,1.2699999809265137,1.2699999809265137,1.2699999809265137,200.0
2024-04-24 12:26:00,VWE,0.26089999079704285,0.26089999079704285,0.26089999079704285,0.26089999079704285,0.26089999079704285,0.0
2024-04-24 12:26:00,VYGR,7.5,7.5,7.5,7.5,7.5,104.0
2024-04-24 12:26:00,WAFDP,15.819999694824219,15.819999694824219,15.819999694824219,15.8100004196167,15.8100004196167,798.0
2024-04-24 12:26:00,WB,8.335000038146973,8.335000038146973,8.335000038146973,8.335000038146973,8.335000038146973,185.0
2024-04-24 12:26:00,WBA,17.635000228881836,17.635000228881836,17.635000228881836,17.6299991607666,17.635000228881836,3897.0
2024-04-24 12:26:00,WBD,8.280099868774414,8.280099868774414,8.287199974060059,8.274999618530273,8.279999732971191,54956.0
2024-04-24 12:26:00,WDAY,255.1300048828125,255.1300048828125,255.1790008544922,255.1199951171875,255.1790008544922,1723.0
2024-04-24 12:26:00,WDC,68.36000061035156,68.36000061035156,68.36000061035156,68.23999786376953,68.2698974609375,7123.0
2024-04-24 12:26:00,WEN,19.96500015258789,19.96500015258789,19.96500015258789,19.96500015258789,19.96500015258789,924.0
2024-04-24 12:26:00,WFRD,122.13500213623047,122.13500213623047,122.13500213623047,122.13500213623047,122.13500213623047,738.0
2024-04-24 12:26:00,WIMI,1.0499000549316406,1.0499000549316406,1.0583000183105469,1.0399999618530273,1.0499999523162842,98568.0
2024-04-24 12:26:00,WING,361.2049865722656,361.2049865722656,361.614990234375,361.2049865722656,361.614990234375,1486.0
2024-04-24 12:26:00,WISA,5.650000095367432,5.650000095367432,5.695899963378906,5.605000019073486,5.610000133514404,9878.0
2024-04-24 12:26:00,WKHS,0.15950000286102295,0.15950000286102295,0.15960000455379486,0.15950000286102295,0.15960000455379486,0.0
2024-04-24 12:26:00,WMG,32.029998779296875,32.029998779296875,32.029998779296875,32.02000045776367,32.02000045776367,2070.0
2024-04-24 12:26:00,WSC,37.650001525878906,37.650001525878906,37.650001525878906,37.650001525878906,37.650001525878906,428.0
2024-04-24 12:26:00,WTW,263.7449951171875,263.7449951171875,263.8599853515625,263.7449951171875,263.8599853515625,906.0
2024-04-24 12:26:00,WVE,5.110000133514404,5.110000133514404,5.110000133514404,5.105000019073486,5.105000019073486,371.0
2024-04-24 12:26:00,WW,1.6799999475479126,1.6799999475479126,1.680999994277954,1.6799999475479126,1.6799999475479126,4378.0
2024-04-24 12:26:00,WYNN,96.47010040283203,96.47010040283203,96.55999755859375,96.47010040283203,96.48999786376953,17373.0
2024-04-24 12:26:00,XEL,55.459999084472656,55.459999084472656,55.470001220703125,55.45000076293945,55.470001220703125,7669.0
2024-04-24 12:26:00,XERS,1.7400000095367432,1.7400000095367432,1.75,1.7400000095367432,1.75,222.0
2024-04-24 12:26:00,XFOR,1.2549999952316284,1.2549999952316284,1.2549999952316284,1.2549999952316284,1.2549999952316284,1200.0
2024-04-24 12:26:00,XMTR,16.8799991607666,16.8799991607666,16.8799991607666,16.875,16.875,1081.0
2024-04-24 12:26:00,XP,20.334999084472656,20.334999084472656,20.34000015258789,20.329999923706055,20.329999923706055,3995.0
2024-04-24 12:26:00,XRX,14.404999732971191,14.404999732971191,14.404999732971191,14.395000457763672,14.399999618530273,13285.0
2024-04-24 12:26:00,YMAB,15.069999694824219,15.069999694824219,15.069999694824219,15.069999694824219,15.069999694824219,488.0
2024-04-24 12:26:00,YTRA,1.2999999523162842,1.2999999523162842,1.2999999523162842,1.2999999523162842,1.2999999523162842,478.0
2024-04-24 12:26:00,Z,43.5099983215332,43.5099983215332,43.54999923706055,43.5,43.529998779296875,34542.0
2024-04-24 12:26:00,ZAPP,4.144999980926514,4.144999980926514,4.144999980926514,4.144999980926514,4.144999980926514,1109.0
2024-04-24 12:26:00,ZBRA,275.0400085449219,275.0400085449219,275.0400085449219,275.0400085449219,275.0400085449219,1088.0
2024-04-24 12:26:00,ZCMD,1.7000000476837158,1.7000000476837158,1.7000000476837158,1.7000000476837158,1.7000000476837158,570.0
2024-04-24 12:26:00,ZD,51.52000045776367,51.52000045776367,51.52000045776367,51.52000045776367,51.52000045776367,1264.0
2024-04-24 12:26:00,ZG,43.04999923706055,43.04999923706055,43.04999923706055,43.04999923706055,43.04999923706055,1689.0
2024-04-24 12:26:00,ZION,41.962501525878906,41.962501525878906,41.97999954223633,41.959999084472656,41.959999084472656,2458.0
2024-04-24 12:26:00,ZM,61.119998931884766,61.119998931884766,61.119998931884766,61.119998931884766,61.119998931884766,758.0
2024-04-24 12:26:00,ZNTL,11.96500015258789,11.96500015258789,11.96500015258789,11.9399995803833,11.9399995803833,5059.0
2024-04-24 12:26:00,ZS,176.5500030517578,176.5500030517578,176.5500030517578,176.5500030517578,176.5500030517578,357.0
2024-04-24 12:26:00,ZUMZ,16.795000076293945,16.795000076293945,16.795000076293945,16.795000076293945,16.795000076293945,212.0
2024-04-24 12:26:00,ZURA,3.2100000381469727,3.2100000381469727,3.2100000381469727,3.2100000381469727,3.2100000381469727,599.0
2024-04-24 12:26:00,ZYXI,11.378999710083008,11.378999710083008,11.378999710083008,11.359999656677246,11.359999656677246,1174.0
2024-04-24 12:27:00,ETNB,8.6899995803833,8.6899995803833,8.6899995803833,8.6899995803833,8.6899995803833,317.0
2024-04-24 12:27:00,MAPS,1.0700000524520874,1.0700000524520874,1.0700000524520874,1.0700000524520874,1.0700000524520874,469.0
2024-04-24 12:27:00,ME,0.4787999987602234,0.4787999987602234,0.4821000099182129,0.4787999987602234,0.4803999960422516,366596.0
2024-04-24 12:27:00,SEAT,5.820000171661377,5.820000171661377,5.820000171661377,5.804999828338623,5.804999828338623,7881.0
2024-04-24 12:27:00,TWOU,0.23280000686645508,0.23280000686645508,0.23280000686645508,0.23280000686645508,0.23280000686645508,1343.0
2024-04-24 12:27:00,TXG,27.200000762939453,27.200000762939453,27.260000228881836,27.200000762939453,27.260000228881836,4027.0
2024-04-24 12:27:00,VCTR,49.689998626708984,49.689998626708984,49.689998626708984,49.689998626708984,49.689998626708984,467.0
2024-04-24 12:27:00,VERU,1.3200000524520874,1.3200000524520874,1.3200000524520874,1.3200000524520874,1.3200000524520874,1100.0
2024-04-24 12:27:00,VERV,6.65500020980835,6.65500020980835,6.657400131225586,6.650000095367432,6.650000095367432,564.0
2024-04-24 12:27:00,VERX,28.360000610351562,28.360000610351562,28.389999389648438,28.360000610351562,28.389999389648438,998.0
2024-04-24 12:27:00,VFF,1.309999942779541,1.309999942779541,1.309999942779541,1.309999942779541,1.309999942779541,652.0
2024-04-24 12:27:00,VFS,2.494999885559082,2.494999885559082,2.494999885559082,2.494999885559082,2.494999885559082,234.0
2024-04-24 12:27:00,VIAV,7.920000076293945,7.920000076293945,7.920000076293945,7.914999961853027,7.914999961853027,678.0
2024-04-24 12:27:00,VIR,8.194999694824219,8.194999694824219,8.194999694824219,8.194999694824219,8.194999694824219,626.0
2024-04-24 12:27:00,VIRT,22.639999389648438,22.639999389648438,22.659000396728516,22.639999389648438,22.655000686645508,2403.0
2024-04-24 12:27:00,VITL,26.799999237060547,26.799999237060547,26.799999237060547,26.799999237060547,26.799999237060547,606.0
2024-04-24 12:27:00,VKTX,65.0199966430664,65.0199966430664,65.0199966430664,65.0199966430664,65.0199966430664,780.0
2024-04-24 12:27:00,VLCN,0.24240000545978546,0.24240000545978546,0.24240000545978546,0.24230000376701355,0.24230000376701355,8003.0
2024-04-24 12:27:00,VMEO,3.5399999618530273,3.5399999618530273,3.5399999618530273,3.5350000858306885,3.5350000858306885,1359.0
2024-04-24 12:27:00,VNOM,39.73500061035156,39.73500061035156,39.73500061035156,39.73500061035156,39.73500061035156,161.0
2024-04-24 12:27:00,VOD,8.604999542236328,8.604999542236328,8.609999656677246,8.604999542236328,8.604999542236328,29455.0
2024-04-24 12:27:00,VRDN,13.34000015258789,13.34000015258789,13.34000015258789,13.34000015258789,13.34000015258789,117.0
2024-04-24 12:27:00,VRNA,15.529999732971191,15.529999732971191,15.529999732971191,15.529999732971191,15.529999732971191,126.0
2024-04-24 12:27:00,VRTS,232.97999572753906,232.97999572753906,232.97999572753906,232.97999572753906,232.97999572753906,1027.0
2024-04-24 12:27:00,VRTX,399.739990234375,399.739990234375,399.864990234375,399.739990234375,399.864990234375,1698.0
2024-04-24 12:27:00,VSAT,16.290000915527344,16.290000915527344,16.290000915527344,16.280000686645508,16.280000686645508,1999.0
2024-04-24 12:27:00,VTGN,4.689799785614014,4.689799785614014,4.689899921417236,4.675000190734863,4.675000190734863,1343.0
2024-04-24 12:27:00,VTNR,1.565000057220459,1.565000057220459,1.565000057220459,1.565000057220459,1.565000057220459,150.0
2024-04-24 12:27:00,VTRS,11.385000228881836,11.385000228881836,11.390000343322754,11.380000114440918,11.380000114440918,10190.0
2024-04-24 12:27:00,VTSI,12.135000228881836,12.135000228881836,12.135000228881836,12.135000228881836,12.135000228881836,203.0
2024-04-24 12:27:00,VUZI,1.274999976158142,1.274999976158142,1.274999976158142,1.274999976158142,1.274999976158142,100.0
2024-04-24 12:27:00,VWE,0.2800000011920929,0.2800000011920929,0.2800000011920929,0.2680000066757202,0.2680000066757202,20087.0
2024-04-24 12:27:00,VYNE,2.3350000381469727,2.3350000381469727,2.3399999141693115,2.325000047683716,2.325000047683716,7952.0
2024-04-24 12:27:00,WABC,47.439998626708984,47.439998626708984,47.439998626708984,47.439998626708984,47.439998626708984,252.0
2024-04-24 12:27:00,WB,8.335000038146973,8.335000038146973,8.335000038146973,8.333000183105469,8.335000038146973,2332.0
2024-04-24 12:27:00,WBA,17.645000457763672,17.645000457763672,17.645000457763672,17.6299991607666,17.635000228881836,22344.0
2024-04-24 12:27:00,WBD,8.280099868774414,8.280099868774414,8.285499572753906,8.280099868774414,8.284299850463867,12322.0
2024-04-24 12:27:00,WDAY,255.05999755859375,255.05999755859375,255.14500427246094,255.05999755859375,255.14500427246094,1689.0
2024-04-24 12:27:00,WDC,68.36499786376953,68.36499786376953,68.41000366210938,68.36000061035156,68.36000061035156,6089.0
2024-04-24 12:27:00,WEN,19.96500015258789,19.96500015258789,19.96500015258789,19.96500015258789,19.96500015258789,1424.0
2024-04-24 12:27:00,WERN,35.060001373291016,35.060001373291016,35.060001373291016,35.04999923706055,35.04999923706055,1059.0
2024-04-24 12:27:00,WFRD,122.0199966430664,122.0199966430664,122.11499786376953,122.0199966430664,122.05000305175781,1033.0
2024-04-24 12:27:00,WIMI,1.04830002784729,1.04830002784729,1.0499999523162842,1.0399999618530273,1.0499000549316406,44278.0
2024-04-24 12:27:00,WING,361.6000061035156,361.6000061035156,361.6000061035156,361.25,361.25,808.0
2024-04-24 12:27:00,WISA,5.669600009918213,5.669600009918213,5.683000087738037,5.599999904632568,5.683000087738037,10208.0
2024-04-24 12:27:00,WKHS,0.15970000624656677,0.15970000624656677,0.15970000624656677,0.15960000455379486,0.15970000624656677,23026.0
2024-04-24 12:27:00,WMG,32.025001525878906,32.025001525878906,32.029998779296875,32.02000045776367,32.029998779296875,1093.0
2024-04-24 12:27:00,WSC,37.650001525878906,37.650001525878906,37.650001525878906,37.63999938964844,37.63999938964844,1427.0
2024-04-24 12:27:00,WTFC,99.68000030517578,99.68000030517578,99.68000030517578,99.58000183105469,99.58000183105469,819.0
2024-04-24 12:27:00,WVE,5.099999904632568,5.099999904632568,5.110000133514404,5.099999904632568,5.099999904632568,678.0
2024-04-24 12:27:00,WW,1.6799999475479126,1.6799999475479126,1.6799999475479126,1.6799999475479126,1.6799999475479126,1941.0
2024-04-24 12:27:00,WYNN,96.45050048828125,96.45050048828125,96.47000122070312,96.45050048828125,96.47000122070312,1108.0
2024-04-24 12:27:00,XEL,55.45500183105469,55.45500183105469,55.474998474121094,55.43009948730469,55.46500015258789,91165.0
2024-04-24 12:27:00,XFOR,1.2549999952316284,1.2549999952316284,1.2549999952316284,1.2549999952316284,1.2549999952316284,375.0
2024-04-24 12:27:00,XLO,1.0700000524520874,1.0700000524520874,1.0700000524520874,1.0700000524520874,1.0700000524520874,525.0
2024-04-24 12:27:00,XMTR,16.875,16.875,16.875,16.875,16.875,422.0
2024-04-24 12:27:00,XNCR,18.49880027770996,18.49880027770996,18.49880027770996,18.49880027770996,18.49880027770996,664.0
2024-04-24 12:27:00,XP,20.315000534057617,20.315000534057617,20.329999923706055,20.30500030517578,20.329999923706055,6109.0
2024-04-24 12:27:00,XRX,14.403300285339355,14.403300285339355,14.40999984741211,14.399999618530273,14.40999984741211,6667.0
2024-04-24 12:27:00,XXII,1.8300000429153442,1.8300000429153442,1.8300000429153442,1.8300000429153442,1.8300000429153442,1000.0
2024-04-24 12:27:00,YTRA,1.2999999523162842,1.2999999523162842,1.2999999523162842,1.2999999523162842,1.2999999523162842,300.0
2024-04-24 12:27:00,Z,43.52000045776367,43.52000045776367,43.52000045776367,43.52000045776367,43.52000045776367,1349.0
2024-04-24 12:27:00,ZD,51.50809860229492,51.50809860229492,51.50809860229492,51.50809860229492,51.50809860229492,291.0
2024-04-24 12:27:00,ZI,15.759900093078613,15.759900093078613,15.759900093078613,15.759900093078613,15.759900093078613,1203.0
2024-04-24 12:27:00,ZION,41.95000076293945,41.95000076293945,41.95000076293945,41.940101623535156,41.940101623535156,1296.0
2024-04-24 12:27:00,ZIONP,20.079999923706055,20.079999923706055,20.079999923706055,20.079999923706055,20.079999923706055,800.0
2024-04-24 12:27:00,ZLAB,15.616999626159668,15.616999626159668,15.616999626159668,15.616999626159668,15.616999626159668,1574.0
2024-04-24 12:27:00,ZM,61.130001068115234,61.130001068115234,61.130001068115234,61.119998931884766,61.119998931884766,2292.0
2024-04-24 12:27:00,ZNTL,12.029999732971191,12.029999732971191,12.029999732971191,12.029999732971191,12.029999732971191,532.0
2024-04-24 12:27:00,ZS,176.63499450683594,176.63499450683594,176.63499450683594,176.63499450683594,176.63499450683594,1083.0
2024-04-24 12:27:00,ZUMZ,16.790000915527344,16.790000915527344,16.790000915527344,16.780000686645508,16.780000686645508,806.0
2024-04-24 12:28:00,DIBS,5.380000114440918,5.380000114440918,5.400000095367432,5.380000114440918,5.380000114440918,2843.0
2024-04-24 12:28:00,EGHT,2.3399999141693115,2.3399999141693115,2.3399999141693115,2.3350000381469727,2.3350000381469727,468.0
2024-04-24 12:28:00,ETNB,8.6899995803833,8.6899995803833,8.6899995803833,8.6899995803833,8.6899995803833,207.0
2024-04-24 12:28:00,FLWS,9.15999984741211,9.15999984741211,9.15999984741211,9.15999984741211,9.15999984741211,270.0
2024-04-24 12:28:00,MAPSW,0.06430000066757202,0.06430000066757202,0.06430000066757202,0.06430000066757202,0.06430000066757202,0.0
2024-04-24 12:28:00,ME,0.48010000586509705,0.48010000586509705,0.48010000586509705,0.48010000586509705,0.48010000586509705,1223.0
2024-04-24 12:28:00,SEAT,5.820000171661377,5.820000171661377,5.820000171661377,5.820000171661377,5.820000171661377,3388.0
2024-04-24 12:28:00,SXTP,0.23499999940395355,0.23499999940395355,0.23999999463558197,0.23499999940395355,0.23999999463558197,11300.0
2024-04-24 12:28:00,TWOU,0.23270000517368317,0.23270000517368317,0.23280000686645508,0.23270000517368317,0.23280000686645508,2011.0
2024-04-24 12:28:00,TXG,27.229999542236328,27.229999542236328,27.229999542236328,27.209999084472656,27.209999084472656,1998.0
2024-04-24 12:28:00,VC,110.09980010986328,110.09980010986328,110.09980010986328,110.09980010986328,110.09980010986328,227.0
2024-04-24 12:28:00,VCTR,49.720001220703125,49.720001220703125,49.720001220703125,49.709999084472656,49.709999084472656,685.0
2024-04-24 12:28:00,VERU,1.3300000429153442,1.3300000429153442,1.3300000429153442,1.3300000429153442,1.3300000429153442,200.0
2024-04-24 12:28:00,VERV,6.65500020980835,6.65500020980835,6.664999961853027,6.65500020980835,6.65500020980835,4278.0
2024-04-24 12:28:00,VERX,28.420000076293945,28.420000076293945,28.450000762939453,28.3799991607666,28.3799991607666,4148.0
2024-04-24 12:28:00,VFS,2.498500108718872,2.498500108718872,2.498500108718872,2.498500108718872,2.498500108718872,1000.0
2024-04-24 12:28:00,VIAV,7.920000076293945,7.920000076293945,7.920000076293945,7.9197001457214355,7.9197001457214355,674.0
2024-04-24 12:28:00,VICR,32.20000076293945,32.20000076293945,32.20000076293945,32.14500045776367,32.14500045776367,3287.0
2024-04-24 12:28:00,VIGL,2.6600000858306885,2.6600000858306885,2.6600000858306885,2.6600000858306885,2.6600000858306885,840.0
2024-04-24 12:28:00,VIRC,10.625,10.625,10.625,10.625,10.625,139.0
2024-04-24 12:28:00,VIRT,22.639999389648438,22.639999389648438,22.649999618530273,22.625,22.639299392700195,3110.0
2024-04-24 12:28:00,VIVK,1.600000023841858,1.600000023841858,1.6200000047683716,1.600000023841858,1.6200000047683716,2678.0
2024-04-24 12:28:00,VKTX,65.02999877929688,65.02999877929688,65.08999633789062,65.0,65.0,4474.0
2024-04-24 12:28:00,VLCN,0.24070000648498535,0.24070000648498535,0.2418999969959259,0.24070000648498535,0.2418999969959259,992.0
2024-04-24 12:28:00,VMD,7.983500003814697,7.983500003814697,8.0,7.983500003814697,7.989999771118164,1338.0
2024-04-24 12:28:00,VNOM,39.73500061035156,39.73500061035156,39.75,39.73500061035156,39.75,385.0
2024-04-24 12:28:00,VOD,8.609999656677246,8.609999656677246,8.609999656677246,8.604999542236328,8.604999542236328,520.0
2024-04-24 12:28:00,VRCA,6.730000019073486,6.730000019073486,6.730000019073486,6.730000019073486,6.730000019073486,0.0
2024-04-24 12:28:00,VRDN,13.369999885559082,13.369999885559082,13.369999885559082,13.350000381469727,13.350000381469727,935.0
2024-04-24 12:28:00,VRNA,15.52869987487793,15.52869987487793,15.52869987487793,15.52869987487793,15.52869987487793,682.0
2024-04-24 12:28:00,VRRM,24.295000076293945,24.295000076293945,24.295000076293945,24.290000915527344,24.290000915527344,546.0
2024-04-24 12:28:00,VRTS,233.0500030517578,233.0500030517578,233.0500030517578,233.0500030517578,233.0500030517578,1102.0
2024-04-24 12:28:00,VRTX,399.9800109863281,399.9800109863281,399.9800109863281,399.9100036621094,399.9100036621094,555.0
2024-04-24 12:28:00,VSAT,16.315000534057617,16.315000534057617,16.315000534057617,16.290000915527344,16.290000915527344,2580.0
2024-04-24 12:28:00,VTNR,1.5693999528884888,1.5693999528884888,1.5693999528884888,1.565000057220459,1.5693999528884888,560.0
2024-04-24 12:28:00,VTRS,11.390000343322754,11.390000343322754,11.390000343322754,11.380000114440918,11.380000114440918,14886.0
2024-04-24 12:28:00,VTSI,12.149999618530273,12.149999618530273,12.149999618530273,12.140000343322754,12.140000343322754,377.0
2024-04-24 12:28:00,VUZI,1.2699999809265137,1.2699999809265137,1.2719999551773071,1.2699999809265137,1.2719999551773071,1301.0
2024-04-24 12:28:00,VVPR,3.5762999057769775,3.5762999057769775,3.5762999057769775,3.5762999057769775,3.5762999057769775,414.0
2024-04-24 12:28:00,VYGR,7.509900093078613,7.509900093078613,7.509900093078613,7.509900093078613,7.509900093078613,820.0
2024-04-24 12:28:00,VYNE,2.3499999046325684,2.3499999046325684,2.3499999046325684,2.3450000286102295,2.3499999046325684,3117.0
2024-04-24 12:28:00,WAFD,27.94499969482422,27.94499969482422,27.94499969482422,27.94499969482422,27.94499969482422,1052.0
2024-04-24 12:28:00,WASH,26.31999969482422,26.31999969482422,26.31999969482422,26.31999969482422,26.31999969482422,463.0
2024-04-24 12:28:00,WB,8.324999809265137,8.324999809265137,8.329999923706055,8.319999694824219,8.329999923706055,1993.0
2024-04-24 12:28:00,WBA,17.6299991607666,17.6299991607666,17.645000457763672,17.6299991607666,17.645000457763672,10250.0
2024-04-24 12:28:00,WBD,8.279999732971191,8.279999732971191,8.280099868774414,8.279999732971191,8.280099868774414,3357.0
2024-04-24 12:28:00,WDC,68.38999938964844,68.38999938964844,68.41000366210938,68.33000183105469,68.33000183105469,2759.0
2024-04-24 12:28:00,WEN,19.96500015258789,19.96500015258789,19.96500015258789,19.96500015258789,19.96500015258789,906.0
2024-04-24 12:28:00,WERN,35.04999923706055,35.04999923706055,35.04999923706055,35.04999923706055,35.04999923706055,270.0
2024-04-24 12:28:00,WFRD,122.22000122070312,122.22000122070312,122.22000122070312,122.0,122.0,3550.0
2024-04-24 12:28:00,WIMI,1.0494999885559082,1.0494999885559082,1.0499999523162842,1.0399999618530273,1.0499999523162842,13275.0
2024-04-24 12:28:00,WING,361.0799865722656,361.0799865722656,361.2950134277344,361.0799865722656,361.2950134277344,1037.0
2024-04-24 12:28:00,WISA,5.599999904632568,5.599999904632568,5.659999847412109,5.599999904632568,5.610000133514404,4886.0
2024-04-24 12:28:00,WKHS,0.15960000455379486,0.15960000455379486,0.15960000455379486,0.15960000455379486,0.15960000455379486,200.0
2024-04-24 12:28:00,WLDN,27.594999313354492,27.594999313354492,27.600000381469727,27.594999313354492,27.600000381469727,504.0
2024-04-24 12:28:00,WMG,32.029998779296875,32.029998779296875,32.029998779296875,32.029998779296875,32.029998779296875,440.0
2024-04-24 12:28:00,WSBF,11.970000267028809,11.970000267028809,11.970000267028809,11.960000038146973,11.970000267028809,1424.0
2024-04-24 12:28:00,WSC,37.65999984741211,37.65999984741211,37.665000915527344,37.650001525878906,37.650001525878906,4383.0
2024-04-24 12:28:00,WTW,263.8500061035156,263.8500061035156,263.8500061035156,263.7550048828125,263.7550048828125,1521.0
2024-04-24 12:28:00,WW,1.6799999475479126,1.6799999475479126,1.6799999475479126,1.6799999475479126,1.6799999475479126,543.0
2024-04-24 12:28:00,WWD,148.9600067138672,148.9600067138672,148.9600067138672,148.9600067138672,148.9600067138672,537.0
2024-04-24 12:28:00,WYNN,96.4800033569336,96.4800033569336,96.4800033569336,96.4800033569336,96.4800033569336,200.0
2024-04-24 12:28:00,XEL,55.470001220703125,55.470001220703125,55.470001220703125,55.439998626708984,55.44499969482422,13582.0
2024-04-24 12:28:00,XERS,1.75,1.75,1.75,1.75,1.75,58.0
2024-04-24 12:28:00,XP,20.315000534057617,20.315000534057617,20.31999969482422,20.309999465942383,20.31999969482422,4607.0
2024-04-24 12:28:00,XRX,14.369999885559082,14.369999885559082,14.40999984741211,14.369999885559082,14.399999618530273,16446.0
2024-04-24 12:28:00,XXII,1.8200000524520874,1.8200000524520874,1.8200000524520874,1.8200000524520874,1.8200000524520874,0.0
2024-04-24 12:28:00,YTRA,1.2949999570846558,1.2949999570846558,1.2949999570846558,1.2949999570846558,1.2949999570846558,300.0
2024-04-24 12:28:00,Z,43.5,43.5,43.5099983215332,43.4900016784668,43.5099983215332,2479.0
2024-04-24 12:28:00,ZD,51.505001068115234,51.505001068115234,51.505001068115234,51.505001068115234,51.505001068115234,200.0
2024-04-24 12:28:00,ZI,15.765000343322754,15.765000343322754,15.770000457763672,15.75,15.75,5418.0
2024-04-24 12:28:00,ZION,41.970001220703125,41.970001220703125,41.97999954223633,41.970001220703125,41.97999954223633,1635.0
2024-04-24 12:28:00,ZM,61.150001525878906,61.150001525878906,61.154998779296875,61.13999938964844,61.13999938964844,2722.0
2024-04-24 12:28:00,ZNTL,12.0649995803833,12.0649995803833,12.0649995803833,12.0649995803833,12.0649995803833,573.0
2024-04-24 12:28:00,ZS,176.5500030517578,176.5500030517578,176.625,176.52000427246094,176.52000427246094,1023.0
2024-04-24 12:28:00,ZUMZ,16.799999237060547,16.799999237060547,16.809999465942383,16.770000457763672,16.770000457763672,2442.0
2024-04-24 12:28:00,ZVRA,4.510000228881836,4.510000228881836,4.510000228881836,4.510000228881836,4.510000228881836,200.0
2024-04-24 12:28:00,ZVSA,0.6098999977111816,0.6098999977111816,0.6098999977111816,0.6036999821662903,0.6098999977111816,415.0
2024-04-24 12:29:00,AIXI,1.2663999795913696,1.2663999795913696,1.2663999795913696,1.2663999795913696,1.2663999795913696,477.0
2024-04-24 12:29:00,DIBS,5.380000114440918,5.380000114440918,5.409999847412109,5.380000114440918,5.380000114440918,1882.0
2024-04-24 12:29:00,DSP,8.680000305175781,8.680000305175781,8.680000305175781,8.680000305175781,8.680000305175781,200.0
2024-04-24 12:29:00,MAPS,1.0800000429153442,1.0800000429153442,1.0800000429153442,1.0800000429153442,1.0800000429153442,45.0
2024-04-24 12:29:00,ME,0.47999998927116394,0.47999998927116394,0.48019999265670776,0.47999998927116394,0.48019999265670776,705.0
2024-04-24 12:29:00,SEAT,5.824999809265137,5.824999809265137,5.824999809265137,5.824999809265137,5.824999809265137,1670.0
2024-04-24 12:29:00,TSVT,4.300000190734863,4.300000190734863,4.300000190734863,4.2982001304626465,4.2982001304626465,359.0
2024-04-24 12:29:00,TWOU,0.23280000686645508,0.23280000686645508,0.23280000686645508,0.23270000517368317,0.23280000686645508,5488.0
2024-04-24 12:29:00,TXG,27.239999771118164,27.239999771118164,27.260000228881836,27.239999771118164,27.25,3606.0
2024-04-24 12:29:00,VCTR,49.66999816894531,49.66999816894531,49.72999954223633,49.650001525878906,49.72999954223633,3250.0
2024-04-24 12:29:00,VERU,1.3200000524520874,1.3200000524520874,1.3300000429153442,1.3200000524520874,1.3200000524520874,1106.0
2024-04-24 12:29:00,VERV,6.635000228881836,6.635000228881836,6.65500020980835,6.630000114440918,6.65500020980835,7313.0
2024-04-24 12:29:00,VERX,28.397499084472656,28.397499084472656,28.397499084472656,28.397499084472656,28.397499084472656,630.0
2024-04-24 12:29:00,VFF,1.2899999618530273,1.2899999618530273,1.3009999990463257,1.2899999618530273,1.3009999990463257,18147.0
2024-04-24 12:29:00,VFS,2.498500108718872,2.498500108718872,2.498500108718872,2.4951999187469482,2.4951999187469482,1701.0
2024-04-24 12:29:00,VIAV,7.920000076293945,7.920000076293945,7.920000076293945,7.920000076293945,7.920000076293945,228.0
2024-04-24 12:29:00,VIOT,0.5565000176429749,0.5565000176429749,0.5565999746322632,0.5565000176429749,0.5565000176429749,9598.0
2024-04-24 12:29:00,VIRT,22.65999984741211,22.65999984741211,22.690000534057617,22.649999618530273,22.649999618530273,12180.0
2024-04-24 12:29:00,VIVK,1.6699999570846558,1.6699999570846558,1.6699999570846558,1.6699999570846558,1.6699999570846558,200.0
2024-04-24 12:29:00,VKTX,65.13999938964844,65.13999938964844,65.13999938964844,65.06999969482422,65.13999938964844,824.0
2024-04-24 12:29:00,VLCN,0.2401999980211258,0.2401999980211258,0.24199999868869781,0.24009999632835388,0.2418999969959259,35495.0
2024-04-24 12:29:00,VMEO,3.5350000858306885,3.5350000858306885,3.5350000858306885,3.5350000858306885,3.5350000858306885,527.0
2024-04-24 12:29:00,VNOM,39.744998931884766,39.744998931884766,39.744998931884766,39.73500061035156,39.73500061035156,436.0
2024-04-24 12:29:00,VOD,8.604999542236328,8.604999542236328,8.604999542236328,8.604399681091309,8.604999542236328,3368.0
2024-04-24 12:29:00,VRDN,13.375,13.375,13.375,13.375,13.375,1021.0
2024-04-24 12:29:00,VRRM,24.299999237060547,24.299999237060547,24.299999237060547,24.299999237060547,24.299999237060547,1095.0
2024-04-24 12:29:00,VRTX,399.92999267578125,399.92999267578125,399.92999267578125,399.6499938964844,399.6700134277344,3203.0
2024-04-24 12:29:00,VSAT,16.30500030517578,16.30500030517578,16.329999923706055,16.30500030517578,16.315000534057617,3614.0
2024-04-24 12:29:00,VTNR,1.565000057220459,1.565000057220459,1.565000057220459,1.565000057220459,1.565000057220459,300.0
2024-04-24 12:29:00,VTRS,11.385000228881836,11.385000228881836,11.385000228881836,11.385000228881836,11.385000228881836,1095.0
2024-04-24 12:29:00,VTSI,12.194999694824219,12.194999694824219,12.194999694824219,12.194999694824219,12.194999694824219,611.0
2024-04-24 12:29:00,VUZI,1.274999976158142,1.274999976158142,1.274999976158142,1.274999976158142,1.274999976158142,700.0
2024-04-24 12:29:00,VYGR,7.5,7.5,7.5,7.5,7.5,1045.0
2024-04-24 12:29:00,VYNE,2.299999952316284,2.299999952316284,2.3399999141693115,2.299999952316284,2.3399999141693115,3504.0
2024-04-24 12:29:00,WB,8.324999809265137,8.324999809265137,8.326600074768066,8.324999809265137,8.324999809265137,1408.0
2024-04-24 12:29:00,WBA,17.645000457763672,17.645000457763672,17.649999618530273,17.635000228881836,17.639999389648438,11241.0
2024-04-24 12:29:00,WBD,8.28499984741211,8.28499984741211,8.28499984741211,8.279999732971191,8.28499984741211,4231.0
2024-04-24 12:29:00,WDAY,255.21499633789062,255.21499633789062,255.21499633789062,255.19000244140625,255.19000244140625,576.0
2024-04-24 12:29:00,WDC,68.36720275878906,68.36720275878906,68.38500213623047,68.33499908447266,68.33999633789062,4618.0
2024-04-24 12:29:00,WDFC,226.67999267578125,226.67999267578125,226.67999267578125,226.67999267578125,226.67999267578125,246.0
2024-04-24 12:29:00,WEN,19.96500015258789,19.96500015258789,19.975000381469727,19.96500015258789,19.969999313354492,3465.0
2024-04-24 12:29:00,WERN,35.02000045776367,35.02000045776367,35.04999923706055,35.02000045776367,35.04999923706055,2241.0
2024-04-24 12:29:00,WFRD,122.2300033569336,122.2300033569336,122.2300033569336,122.22000122070312,122.22000122070312,1580.0
2024-04-24 12:29:00,WHFCL,25.049999237060547,25.049999237060547,25.049999237060547,25.049999237060547,25.049999237060547,800.0
2024-04-24 12:29:00,WIMI,1.0449999570846558,1.0449999570846558,1.0499999523162842,1.0399999618530273,1.0449999570846558,11278.0
2024-04-24 12:29:00,WINA,376.6700134277344,376.6700134277344,376.6700134277344,376.6700134277344,376.6700134277344,374.0
2024-04-24 12:29:00,WING,361.625,361.625,361.625,361.4599914550781,361.4599914550781,1338.0
2024-04-24 12:29:00,WISA,5.599999904632568,5.599999904632568,5.659999847412109,5.599999904632568,5.610000133514404,20065.0
2024-04-24 12:29:00,WKHS,0.15970000624656677,0.15970000624656677,0.15970000624656677,0.15960000455379486,0.15970000624656677,5669.0
2024-04-24 12:29:00,WMG,32.02000045776367,32.02000045776367,32.029998779296875,32.02000045776367,32.029998779296875,429.0
2024-04-24 12:29:00,WRLD,138.15499877929688,138.15499877929688,138.15499877929688,138.15499877929688,138.15499877929688,905.0
2024-04-24 12:29:00,WSC,37.65999984741211,37.65999984741211,37.689998626708984,37.65999984741211,37.66999816894531,4562.0
2024-04-24 12:29:00,WTFC,99.69000244140625,99.69000244140625,99.69000244140625,99.66000366210938,99.66000366210938,786.0
2024-04-24 12:29:00,WVE,5.119999885559082,5.119999885559082,5.119999885559082,5.099999904632568,5.110000133514404,1097.0
2024-04-24 12:29:00,WW,1.6799999475479126,1.6799999475479126,1.684999942779541,1.6799999475479126,1.684999942779541,2122.0
2024-04-24 12:29:00,WWD,149.0399932861328,149.0399932861328,149.07000732421875,149.0399932861328,149.0500030517578,1092.0
2024-04-24 12:29:00,WYNN,96.51000213623047,96.51000213623047,96.51000213623047,96.4135971069336,96.4800033569336,3624.0
2024-04-24 12:29:00,XEL,55.53499984741211,55.53499984741211,55.564998626708984,55.48500061035156,55.48500061035156,17125.0
2024-04-24 12:29:00,XFOR,1.2549999952316284,1.2549999952316284,1.2549999952316284,1.2549999952316284,1.2549999952316284,117.0
2024-04-24 12:29:00,XP,20.299999237060547,20.299999237060547,20.31999969482422,20.295000076293945,20.315000534057617,14056.0
2024-04-24 12:29:00,XRX,14.350000381469727,14.350000381469727,14.369999885559082,14.350000381469727,14.364999771118164,3079.0
2024-04-24 12:29:00,YTEN,0.23999999463558197,0.23999999463558197,0.23999999463558197,0.23999999463558197,0.23999999463558197,200.0
2024-04-24 12:29:00,YTRA,1.2949999570846558,1.2949999570846558,1.2999999523162842,1.2949999570846558,1.2999999523162842,400.0
2024-04-24 12:29:00,Z,43.47999954223633,43.47999954223633,43.5099983215332,43.477500915527344,43.5099983215332,2233.0
2024-04-24 12:29:00,ZD,51.505001068115234,51.505001068115234,51.505001068115234,51.505001068115234,51.505001068115234,784.0
2024-04-24 12:29:00,ZENV,2.090100049972534,2.090100049972534,2.0999999046325684,2.090100049972534,2.0999999046325684,9200.0
2024-04-24 12:29:00,ZI,15.770000457763672,15.770000457763672,15.770000457763672,15.765000343322754,15.765000343322754,1060.0
2024-04-24 12:29:00,ZM,61.16999816894531,61.16999816894531,61.16999816894531,61.13999938964844,61.13999938964844,3437.0
2024-04-24 12:29:00,ZNTL,12.079999923706055,12.079999923706055,12.079999923706055,12.079999923706055,12.079999923706055,381.0
2024-04-24 12:29:00,ZS,176.75,176.75,176.75,176.6199951171875,176.6199951171875,1121.0
2024-04-24 12:29:00,ZUMZ,16.799999237060547,16.799999237060547,16.799999237060547,16.790000915527344,16.790000915527344,332.0
2024-04-24 12:29:00,ZVSA,0.5993000268936157,0.5993000268936157,0.5993000268936157,0.5993000268936157,0.5993000268936157,483.0
2024-04-24 12:30:00,DSP,8.65999984741211,8.65999984741211,8.65999984741211,8.65999984741211,8.65999984741211,278.0
2024-04-24 12:30:00,EGHT,2.339900016784668,2.339900016784668,2.339900016784668,2.3350000381469727,2.3350000381469727,3746.0
2024-04-24 12:30:00,ETNB,8.609999656677246,8.609999656677246,8.694999694824219,8.609999656677246,8.694999694824219,28321.0
2024-04-24 12:30:00,FLWS,9.149999618530273,9.149999618530273,9.149999618530273,9.140000343322754,9.149999618530273,1373.0
2024-04-24 12:30:00,FREE,4.820000171661377,4.820000171661377,4.820000171661377,4.820000171661377,4.820000171661377,201.0
2024-04-24 12:30:00,MAPS,1.0800000429153442,1.0800000429153442,1.0800000429153442,1.0800000429153442,1.0800000429153442,210.0
2024-04-24 12:30:00,MASS,5.610000133514404,5.610000133514404,5.610000133514404,5.610000133514404,5.610000133514404,494.0
2024-04-24 12:30:00,ME,0.47699999809265137,0.47699999809265137,0.47699999809265137,0.47699999809265137,0.47699999809265137,200.0
2024-04-24 12:30:00,SEAT,5.829999923706055,5.829999923706055,5.829999923706055,5.829999923706055,5.829999923706055,304.0
2024-04-24 12:30:00,SXTP,0.23250000178813934,0.23250000178813934,0.23250000178813934,0.23250000178813934,0.23250000178813934,2701.0
2024-04-24 12:30:00,TSVT,4.304999828338623,4.304999828338623,4.304999828338623,4.289999961853027,4.295000076293945,1660.0
2024-04-24 12:30:00,TWOU,0.23280000686645508,0.23280000686645508,0.23280000686645508,0.23280000686645508,0.23280000686645508,9760.0
2024-04-24 12:30:00,TXG,27.200000762939453,27.200000762939453,27.209999084472656,27.200000762939453,27.209999084472656,1211.0
2024-04-24 12:30:00,VC,110.01000213623047,110.01000213623047,110.05999755859375,110.01000213623047,110.05999755859375,1122.0
2024-04-24 12:30:00,VCTR,49.66999816894531,49.66999816894531,49.66999816894531,49.630001068115234,49.630001068115234,789.0
2024-04-24 12:30:00,VERU,1.3300000429153442,1.3300000429153442,1.3300000429153442,1.3300000429153442,1.3300000429153442,200.0
2024-04-24 12:30:00,VERV,6.625,6.625,6.630000114440918,6.619999885559082,6.630000114440918,4066.0
2024-04-24 12:30:00,VERX,28.510000228881836,28.510000228881836,28.510000228881836,28.3799991607666,28.399999618530273,8526.0
2024-04-24 12:30:00,VFS,2.494999885559082,2.494999885559082,2.494999885559082,2.494999885559082,2.494999885559082,1107.0
2024-04-24 12:30:00,VIAV,7.914999961853027,7.914999961853027,7.914999961853027,7.914999961853027,7.914999961853027,383.0
2024-04-24 12:30:00,VIR,8.194999694824219,8.194999694824219,8.194999694824219,8.194999694824219,8.194999694824219,443.0
2024-04-24 12:30:00,VIRT,22.610000610351562,22.610000610351562,22.649999618530273,22.610000610351562,22.649999618530273,2782.0
2024-04-24 12:30:00,VITL,26.75,26.75,26.799999237060547,26.75,26.799999237060547,890.0
2024-04-24 12:30:00,VIVK,1.590000033378601,1.590000033378601,1.621000051498413,1.590000033378601,1.621000051498413,4121.0
2024-04-24 12:30:00,VKTX,64.80999755859375,64.80999755859375,65.06999969482422,64.80999755859375,65.06999969482422,4203.0
2024-04-24 12:30:00,VLCN,0.24050000309944153,0.24050000309944153,0.24199999868869781,0.23999999463558197,0.24009999632835388,103950.0
2024-04-24 12:30:00,VMD,7.994999885559082,7.994999885559082,7.994999885559082,7.994999885559082,7.994999885559082,202.0
2024-04-24 12:30:00,VMEO,3.5350000858306885,3.5350000858306885,3.5350000858306885,3.5350000858306885,3.5350000858306885,1304.0
2024-04-24 12:30:00,VNET,1.5299999713897705,1.5299999713897705,1.5299999713897705,1.5299999713897705,1.5299999713897705,363.0
2024-04-24 12:30:00,VNOM,39.73500061035156,39.73500061035156,39.73500061035156,39.73500061035156,39.73500061035156,514.0
2024-04-24 12:30:00,VOD,8.604999542236328,8.604999542236328,8.609999656677246,8.604999542236328,8.604999542236328,4033.0
2024-04-24 12:30:00,VOR,1.7400000095367432,1.7400000095367432,1.7400000095367432,1.7300000190734863,1.7300000190734863,3661.0
2024-04-24 12:30:00,VRNA,15.5,15.5,15.520000457763672,15.5,15.520000457763672,683.0
2024-04-24 12:30:00,VRRM,24.25,24.25,24.299999237060547,24.25,24.299999237060547,2658.0
2024-04-24 12:30:00,VRTS,231.9499969482422,231.9499969482422,231.9499969482422,231.9499969482422,231.9499969482422,1226.0
2024-04-24 12:30:00,VRTX,399.67999267578125,399.67999267578125,399.9849853515625,399.67999267578125,399.9849853515625,911.0
2024-04-24 12:30:00,VSAT,16.290000915527344,16.290000915527344,16.31999969482422,16.290000915527344,16.31999969482422,1519.0
2024-04-24 12:30:00,VTNR,1.565000057220459,1.565000057220459,1.565000057220459,1.565000057220459,1.565000057220459,1700.0
2024-04-24 12:30:00,VTRS,11.375,11.375,11.385000228881836,11.375,11.385000228881836,20563.0
2024-04-24 12:30:00,VTSI,12.1899995803833,12.1899995803833,12.1899995803833,12.15999984741211,12.15999984741211,3473.0
2024-04-24 12:30:00,VUZI,1.2699999809265137,1.2699999809265137,1.2699999809265137,1.2699999809265137,1.2699999809265137,608.0
2024-04-24 12:30:00,VVPR,3.5899999141693115,3.5899999141693115,3.5999999046325684,3.575000047683716,3.575000047683716,2674.0
2024-04-24 12:30:00,VYGR,7.525000095367432,7.525000095367432,7.525000095367432,7.5,7.5,2319.0
2024-04-24 12:30:00,VYNE,2.2950000762939453,2.2950000762939453,2.2950000762939453,2.2950000762939453,2.2950000762939453,1485.0
2024-04-24 12:30:00,WAFD,27.889999389648438,27.889999389648438,27.93000030517578,27.889999389648438,27.93000030517578,1218.0
2024-04-24 12:30:00,WB,8.324999809265137,8.324999809265137,8.329999923706055,8.324999809265137,8.324999809265137,1107.0
2024-04-24 12:30:00,WBA,17.645000457763672,17.645000457763672,17.649999618530273,17.645000457763672,17.645000457763672,4020.0
2024-04-24 12:30:00,WBD,8.279999732971191,8.279999732971191,8.289999961853027,8.279999732971191,8.28499984741211,4024.0
2024-04-24 12:30:00,WDAY,255.08999633789062,255.08999633789062,255.23500061035156,255.08999633789062,255.22500610351562,2369.0
2024-04-24 12:30:00,WDC,68.27999877929688,68.27999877929688,68.36000061035156,68.26499938964844,68.36000061035156,3926.0
2024-04-24 12:30:00,WEN,19.959999084472656,19.959999084472656,19.96500015258789,19.959999084472656,19.959999084472656,4723.0
2024-04-24 12:30:00,WERN,35.040000915527344,35.040000915527344,35.04999923706055,35.0099983215332,35.0099983215332,1249.0
2024-04-24 12:30:00,WFRD,122.12999725341797,122.12999725341797,122.13999938964844,122.08999633789062,122.13999938964844,1061.0
2024-04-24 12:30:00,WHLM,6.619999885559082,6.619999885559082,6.619999885559082,6.619999885559082,6.619999885559082,1076.0
2024-04-24 12:30:00,WIMI,1.0499999523162842,1.0499999523162842,1.0499999523162842,1.0399999618530273,1.0449999570846558,14128.0
2024-04-24 12:30:00,WING,361.2900085449219,361.2900085449219,361.2900085449219,361.2799987792969,361.2799987792969,879.0
2024-04-24 12:30:00,WISA,5.631100177764893,5.631100177764893,5.649899959564209,5.599999904632568,5.610000133514404,16334.0
2024-04-24 12:30:00,WKHS,0.15970000624656677,0.15970000624656677,0.15970000624656677,0.15960000455379486,0.15970000624656677,15512.0
2024-04-24 12:30:00,WMG,31.982500076293945,31.982500076293945,32.02000045776367,31.982500076293945,32.02000045776367,4373.0
2024-04-24 12:30:00,WNEB,6.489999771118164,6.489999771118164,6.489999771118164,6.489999771118164,6.489999771118164,389.0
2024-04-24 12:30:00,WSBC,28.139999389648438,28.139999389648438,28.139999389648438,28.139999389648438,28.139999389648438,527.0
2024-04-24 12:30:00,WSC,37.61000061035156,37.61000061035156,37.650001525878906,37.61000061035156,37.650001525878906,6868.0
2024-04-24 12:30:00,WTW,263.8450012207031,263.8450012207031,263.9049987792969,263.8450012207031,263.9049987792969,407.0
2024-04-24 12:30:00,WVE,5.119999885559082,5.119999885559082,5.119999885559082,5.110000133514404,5.114999771118164,4853.0
2024-04-24 12:30:00,WW,1.6799999475479126,1.6799999475479126,1.6799999475479126,1.6799999475479126,1.6799999475479126,633.0
2024-04-24 12:30:00,WWD,148.77000427246094,148.77000427246094,148.8699951171875,148.77000427246094,148.8699951171875,1607.0
2024-04-24 12:30:00,WYNN,96.37529754638672,96.37529754638672,96.45999908447266,96.37529754638672,96.45999908447266,2345.0
2024-04-24 12:30:00,XBIT,8.279999732971191,8.279999732971191,8.289999961853027,8.279999732971191,8.289999961853027,1368.0
2024-04-24 12:30:00,XEL,55.54990005493164,55.54990005493164,55.54999923706055,55.529998779296875,55.529998779296875,3827.0
2024-04-24 12:30:00,XENE,39.9900016784668,39.9900016784668,39.9900016784668,39.9900016784668,39.9900016784668,1513.0
2024-04-24 12:30:00,XMTR,16.860000610351562,16.860000610351562,16.8700008392334,16.860000610351562,16.8700008392334,3197.0
2024-04-24 12:30:00,XP,20.299999237060547,20.299999237060547,20.30500030517578,20.290000915527344,20.299999237060547,11359.0
2024-04-24 12:30:00,XRX,14.305000305175781,14.305000305175781,14.350000381469727,14.305000305175781,14.350000381469727,34219.0
2024-04-24 12:30:00,XXII,1.8200000524520874,1.8200000524520874,1.8200000524520874,1.8200000524520874,1.8200000524520874,2401.0
2024-04-24 12:30:00,YMAB,15.069999694824219,15.069999694824219,15.069999694824219,15.0600004196167,15.069999694824219,2150.0
2024-04-24 12:30:00,YTEN,0.24300000071525574,0.24300000071525574,0.24300000071525574,0.24300000071525574,0.24300000071525574,1906.0
2024-04-24 12:30:00,YTRA,1.2949999570846558,1.2949999570846558,1.2949999570846558,1.2949999570846558,1.2949999570846558,200.0
2024-04-24 12:30:00,Z,43.44499969482422,43.44499969482422,43.470001220703125,43.43000030517578,43.470001220703125,4363.0
2024-04-24 12:30:00,ZBRA,275.2200012207031,275.2200012207031,275.2200012207031,275.2200012207031,275.2200012207031,721.0
2024-04-24 12:30:00,ZCMD,1.7100000381469727,1.7100000381469727,1.7100000381469727,1.7100000381469727,1.7100000381469727,993.0
2024-04-24 12:30:00,ZFOX,1.1399999856948853,1.1399999856948853,1.1399999856948853,1.1399999856948853,1.1399999856948853,0.0
2024-04-24 12:30:00,ZG,42.93000030517578,42.93000030517578,42.93000030517578,42.93000030517578,42.93000030517578,1313.0
2024-04-24 12:30:00,ZI,15.744999885559082,15.744999885559082,15.770000457763672,15.744999885559082,15.770000457763672,9770.0
2024-04-24 12:30:00,ZIMV,15.734999656677246,15.734999656677246,15.739999771118164,15.734999656677246,15.739999771118164,1695.0
2024-04-24 12:30:00,ZION,41.96500015258789,41.96500015258789,41.9900016784668,41.96500015258789,41.9900016784668,1442.0
2024-04-24 12:30:00,ZLAB,15.5649995803833,15.5649995803833,15.604999542236328,15.5649995803833,15.604999542236328,1498.0
2024-04-24 12:30:00,ZM,61.099998474121094,61.099998474121094,61.16999816894531,61.099998474121094,61.16999816894531,3670.0
2024-04-24 12:30:00,ZNTL,12.029999732971191,12.029999732971191,12.029999732971191,12.029999732971191,12.029999732971191,595.0
2024-04-24 12:30:00,ZS,176.32000732421875,176.32000732421875,176.60499572753906,176.30999755859375,176.5800018310547,4167.0
2024-04-24 12:30:00,ZUMZ,16.799999237060547,16.799999237060547,16.799999237060547,16.780000686645508,16.799999237060547,3349.0
2024-04-24 12:30:00,ZVRA,4.510000228881836,4.510000228881836,4.510000228881836,4.510000228881836,4.510000228881836,1627.0
2024-04-24 12:30:00,ZYME,8.59000015258789,8.59000015258789,8.59000015258789,8.59000015258789,8.59000015258789,318.0
2024-04-24 12:31:00,EGHT,2.3375000953674316,2.3375000953674316,2.3375000953674316,2.3375000953674316,2.3375000953674316,548.0
2024-04-24 12:31:00,ETNB,8.630000114440918,8.630000114440918,8.630000114440918,8.619999885559082,8.619999885559082,1770.0
2024-04-24 12:31:00,FDMT,24.739999771118164,24.739999771118164,24.75,24.739999771118164,24.75,409.0
2024-04-24 12:31:00,MAPS,1.0800000429153442,1.0800000429153442,1.0800000429153442,1.0800000429153442,1.0800000429153442,205.0
2024-04-24 12:31:00,MASS,5.599999904632568,5.599999904632568,5.599999904632568,5.599999904632568,5.599999904632568,371.0
2024-04-24 12:31:00,ME,0.48100000619888306,0.48100000619888306,0.48100000619888306,0.47749999165534973,0.47749999165534973,5583.0
2024-04-24 12:31:00,TSVT,4.304999828338623,4.304999828338623,4.304999828338623,4.304999828338623,4.304999828338623,392.0
2024-04-24 12:31:00,TWOU,0.23280000686645508,0.23280000686645508,0.23280000686645508,0.23270000517368317,0.23270000517368317,17497.0
2024-04-24 12:31:00,TXG,27.19499969482422,27.19499969482422,27.209999084472656,27.190000534057617,27.190000534057617,2395.0
2024-04-24 12:31:00,VC,110.05000305175781,110.05000305175781,110.05000305175781,110.05000305175781,110.05000305175781,377.0
2024-04-24 12:31:00,VERU,1.322700023651123,1.322700023651123,1.3300000429153442,1.3200000524520874,1.3300000429153442,2401.0
2024-04-24 12:31:00,VERV,6.610000133514404,6.610000133514404,6.619999885559082,6.610000133514404,6.619999885559082,1828.0
2024-04-24 12:31:00,VERX,28.469999313354492,28.469999313354492,28.489999771118164,28.469999313354492,28.489999771118164,5135.0
2024-04-24 12:31:00,VFF,1.2949999570846558,1.2949999570846558,1.2949999570846558,1.2949999570846558,1.2949999570846558,320.0
2024-04-24 12:31:00,VFS,2.490000009536743,2.490000009536743,2.494999885559082,2.490000009536743,2.494999885559082,2636.0
2024-04-24 12:31:00,VIAV,7.914999961853027,7.914999961853027,7.914999961853027,7.914999961853027,7.914999961853027,477.0
2024-04-24 12:31:00,VIR,8.194999694824219,8.194999694824219,8.194999694824219,8.194999694824219,8.194999694824219,630.0
2024-04-24 12:31:00,VIRT,22.6200008392334,22.6200008392334,22.625,22.6200008392334,22.625,915.0
2024-04-24 12:31:00,VKTX,64.73269653320312,64.73269653320312,64.80000305175781,64.73269653320312,64.80000305175781,1746.0
2024-04-24 12:31:00,VLCN,0.24480000138282776,0.24480000138282776,0.24480000138282776,0.24480000138282776,0.24480000138282776,3017.0
2024-04-24 12:31:00,VMD,7.989999771118164,7.989999771118164,8.0,7.989999771118164,8.0,306.0
2024-04-24 12:31:00,VMEO,3.5350000858306885,3.5350000858306885,3.5350000858306885,3.5350000858306885,3.5350000858306885,501.0
2024-04-24 12:31:00,VNET,1.5299999713897705,1.5299999713897705,1.5299999713897705,1.5299999713897705,1.5299999713897705,604.0
2024-04-24 12:31:00,VNOM,39.7400016784668,39.7400016784668,39.75,39.72999954223633,39.72999954223633,631.0
2024-04-24 12:31:00,VOD,8.604999542236328,8.604999542236328,8.60990047454834,8.604999542236328,8.60990047454834,6233.0
2024-04-24 12:31:00,VRNA,15.53499984741211,15.53499984741211,15.53499984741211,15.5,15.5,2931.0
2024-04-24 12:31:00,VRRM,24.229999542236328,24.229999542236328,24.229999542236328,24.229999542236328,24.229999542236328,1148.0
2024-04-24 12:31:00,VRTS,231.92999267578125,231.92999267578125,231.92999267578125,231.92999267578125,231.92999267578125,221.0
2024-04-24 12:31:00,VRTX,399.57000732421875,399.57000732421875,399.57000732421875,399.57000732421875,399.57000732421875,365.0
2024-04-24 12:31:00,VSAT,16.274999618530273,16.274999618530273,16.274999618530273,16.274999618530273,16.274999618530273,236.0
2024-04-24 12:31:00,VTNR,1.565000057220459,1.565000057220459,1.565000057220459,1.565000057220459,1.565000057220459,100.0
2024-04-24 12:31:00,VTRS,11.385000228881836,11.385000228881836,11.385000228881836,11.375,11.380000114440918,11870.0
2024-04-24 12:31:00,VVPR,3.559999942779541,3.559999942779541,3.559999942779541,3.559999942779541,3.559999942779541,234.0
2024-04-24 12:31:00,WBA,17.649999618530273,17.649999618530273,17.649999618530273,17.645000457763672,17.649999618530273,3110.0
2024-04-24 12:31:00,WBD,8.28499984741211,8.28499984741211,8.28499984741211,8.279999732971191,8.28499984741211,5455.0
2024-04-24 12:31:00,WBUY,0.3199999928474426,0.3199999928474426,0.3199999928474426,0.3199999928474426,0.3199999928474426,3112.0
2024-04-24 12:31:00,WDAY,255.1739959716797,255.1739959716797,255.1739959716797,255.00999450683594,255.00999450683594,1123.0
2024-04-24 12:31:00,WDC,68.18499755859375,68.18499755859375,68.27999877929688,68.18000030517578,68.27999877929688,17881.0
2024-04-24 12:31:00,WDFC,226.4600067138672,226.4600067138672,226.97000122070312,226.4600067138672,226.97000122070312,1594.0
2024-04-24 12:31:00,WEN,19.96500015258789,19.96500015258789,19.96500015258789,19.96500015258789,19.96500015258789,426.0
2024-04-24 12:31:00,WFRD,122.12999725341797,122.12999725341797,122.12999725341797,122.12999725341797,122.12999725341797,190.0
2024-04-24 12:31:00,WIMI,1.034999966621399,1.034999966621399,1.0499999523162842,1.0299999713897705,1.048200011253357,68642.0
2024-04-24 12:31:00,WING,361.25,361.25,361.25,361.25,361.25,297.0
2024-04-24 12:31:00,WINT,5.150000095367432,5.150000095367432,5.170000076293945,5.150000095367432,5.170000076293945,1111.0
2024-04-24 12:31:00,WISA,5.607999801635742,5.607999801635742,5.650000095367432,5.605000019073486,5.619999885559082,17679.0
2024-04-24 12:31:00,WKHS,0.1607999950647354,0.1607999950647354,0.16099999845027924,0.15970000624656677,0.15970000624656677,76535.0
2024-04-24 12:31:00,WMG,31.979999542236328,31.979999542236328,31.985000610351562,31.979999542236328,31.979999542236328,1344.0
2024-04-24 12:31:00,WSC,37.61000061035156,37.61000061035156,37.61000061035156,37.61000061035156,37.61000061035156,1727.0
2024-04-24 12:31:00,WW,1.6799999475479126,1.6799999475479126,1.6799999475479126,1.6799999475479126,1.6799999475479126,220.0
2024-04-24 12:31:00,XEL,55.55500030517578,55.55500030517578,55.56999969482422,55.540000915527344,55.54499816894531,9765.0
2024-04-24 12:31:00,XFOR,1.2549999952316284,1.2549999952316284,1.2699999809265137,1.2549999952316284,1.2549999952316284,23261.0
2024-04-24 12:31:00,XNCR,18.510000228881836,18.510000228881836,18.510000228881836,18.459999084472656,18.469999313354492,4119.0
2024-04-24 12:31:00,XP,20.28499984741211,20.28499984741211,20.295000076293945,20.28499984741211,20.295000076293945,2034.0
2024-04-24 12:31:00,XRX,14.319999694824219,14.319999694824219,14.319999694824219,14.3100004196167,14.319999694824219,5546.0
2024-04-24 12:31:00,XXII,1.8299000263214111,1.8299000263214111,1.8299000263214111,1.8299000263214111,1.8299000263214111,1746.0
2024-04-24 12:31:00,YTRA,1.2999999523162842,1.2999999523162842,1.2999999523162842,1.2949999570846558,1.2999999523162842,500.0
2024-04-24 12:31:00,Z,43.439998626708984,43.439998626708984,43.45500183105469,43.439998626708984,43.439998626708984,5124.0
2024-04-24 12:31:00,ZLAB,15.5600004196167,15.5600004196167,15.5600004196167,15.5600004196167,15.5600004196167,550.0
2024-04-24 12:31:00,ZM,61.109901428222656,61.109901428222656,61.11000061035156,61.095001220703125,61.095001220703125,2445.0
2024-04-24 12:31:00,ZS,176.22500610351562,176.22500610351562,176.22500610351562,176.22500610351562,176.22500610351562,464.0
2024-04-24 12:31:00,ZUMZ,16.770000457763672,16.770000457763672,16.809999465942383,16.770000457763672,16.809999465942383,2591.0
2024-04-24 12:31:00,ZVSA,0.6025000214576721,0.6025000214576721,0.6029999852180481,0.6025000214576721,0.6029999852180481,5044.0
2024-04-24 12:31:00,ZYME,8.579999923706055,8.579999923706055,8.585000038146973,8.579999923706055,8.585000038146973,3053.0
2024-04-24 12:32:00,AIXI,1.2699999809265137,1.2699999809265137,1.2699999809265137,1.2699999809265137,1.2699999809265137,3219.0
2024-04-24 12:32:00,COCO,23.940000534057617,23.940000534057617,23.940000534057617,23.940000534057617,23.940000534057617,366.0
2024-04-24 12:32:00,DSP,8.619999885559082,8.619999885559082,8.619999885559082,8.619999885559082,8.619999885559082,588.0
2024-04-24 12:32:00,FLWS,9.140000343322754,9.140000343322754,9.140000343322754,9.140000343322754,9.140000343322754,274.0
2024-04-24 12:32:00,MAPS,1.0800000429153442,1.0800000429153442,1.0800000429153442,1.0800000429153442,1.0800000429153442,100.0
2024-04-24 12:32:00,ME,0.47929999232292175,0.47929999232292175,0.47929999232292175,0.47929999232292175,0.47929999232292175,458.0
2024-04-24 12:32:00,SEAT,5.829999923706055,5.829999923706055,5.829999923706055,5.829999923706055,5.829999923706055,336.0
2024-04-24 12:32:00,TWOU,0.23340000212192535,0.23340000212192535,0.23350000381469727,0.23280000686645508,0.23280000686645508,11027.0
2024-04-24 12:32:00,VC,110.08000183105469,110.08000183105469,110.08000183105469,109.91000366210938,109.91000366210938,528.0
2024-04-24 12:32:00,VERU,1.3300000429153442,1.3300000429153442,1.3300000429153442,1.3200000524520874,1.3300000429153442,908.0
2024-04-24 12:32:00,VERX,28.469999313354492,28.469999313354492,28.469999313354492,28.44499969482422,28.450700759887695,4133.0
2024-04-24 12:32:00,VFS,2.4941999912261963,2.4941999912261963,2.4999001026153564,2.4941999912261963,2.494999885559082,1518.0
2024-04-24 12:32:00,VIAV,7.914999961853027,7.914999961853027,7.914999961853027,7.914999961853027,7.914999961853027,387.0
2024-04-24 12:32:00,VICR,32.22999954223633,32.22999954223633,32.22999954223633,32.22999954223633,32.22999954223633,307.0
2024-04-24 12:32:00,VIR,8.194999694824219,8.194999694824219,8.194999694824219,8.194999694824219,8.194999694824219,141.0
2024-04-24 12:32:00,VIRC,10.619999885559082,10.619999885559082,10.619999885559082,10.619999885559082,10.619999885559082,200.0
2024-04-24 12:32:00,VIRT,22.639999389648438,22.639999389648438,22.649999618530273,22.625,22.625,2459.0
2024-04-24 12:32:00,VITL,26.739999771118164,26.739999771118164,26.739999771118164,26.739999771118164,26.739999771118164,615.0
2024-04-24 12:32:00,VKTX,64.77989959716797,64.77989959716797,64.77989959716797,64.6500015258789,64.68499755859375,1545.0
2024-04-24 12:32:00,VLCN,0.24480000138282776,0.24480000138282776,0.24770000576972961,0.24480000138282776,0.24770000576972961,3236.0
2024-04-24 12:32:00,VMEO,3.5350000858306885,3.5350000858306885,3.5374999046325684,3.5350000858306885,3.5374999046325684,503.0
2024-04-24 12:32:00,VOD,8.604999542236328,8.604999542236328,8.609999656677246,8.604999542236328,8.604999542236328,1644.0
2024-04-24 12:32:00,VRDN,13.34000015258789,13.34000015258789,13.350000381469727,13.324999809265137,13.329999923706055,2131.0
2024-04-24 12:32:00,VRNA,15.569999694824219,15.569999694824219,15.569999694824219,15.5600004196167,15.5600004196167,1422.0
2024-04-24 12:32:00,VRTX,399.5799865722656,399.5799865722656,399.5799865722656,399.5799865722656,399.5799865722656,1075.0
2024-04-24 12:32:00,VSAT,16.2549991607666,16.2549991607666,16.260000228881836,16.2549991607666,16.260000228881836,2234.0
2024-04-24 12:32:00,VSEC,78.62000274658203,78.62000274658203,78.62000274658203,78.62000274658203,78.62000274658203,181.0
2024-04-24 12:32:00,VTNR,1.565000057220459,1.565000057220459,1.565000057220459,1.559999942779541,1.565000057220459,13123.0
2024-04-24 12:32:00,VTRS,11.399999618530273,11.399999618530273,11.399999618530273,11.390000343322754,11.390000343322754,7306.0
2024-04-24 12:32:00,VYGR,7.525000095367432,7.525000095367432,7.525000095367432,7.525000095367432,7.525000095367432,318.0
2024-04-24 12:32:00,WB,8.324999809265137,8.324999809265137,8.324999809265137,8.324999809265137,8.324999809265137,275.0
2024-04-24 12:32:00,WBA,17.640100479125977,17.640100479125977,17.655000686645508,17.640100479125977,17.645000457763672,11285.0
2024-04-24 12:32:00,WBD,8.28499984741211,8.28499984741211,8.28499984741211,8.279999732971191,8.281200408935547,10620.0
2024-04-24 12:32:00,WBUY,0.31290000677108765,0.31290000677108765,0.31290000677108765,0.3109999895095825,0.31130000948905945,73493.0
2024-04-24 12:32:00,WDAY,255.22000122070312,255.22000122070312,255.22000122070312,255.09500122070312,255.14999389648438,2460.0
2024-04-24 12:32:00,WDC,68.19000244140625,68.19000244140625,68.23999786376953,68.16000366210938,68.19000244140625,5590.0
2024-04-24 12:32:00,WEN,19.959999084472656,19.959999084472656,19.959999084472656,19.959999084472656,19.959999084472656,728.0
2024-04-24 12:32:00,WFRD,122.0999984741211,122.0999984741211,122.12999725341797,122.0,122.12999725341797,6265.0
2024-04-24 12:32:00,WHFCL,25.049999237060547,25.049999237060547,25.049999237060547,25.049999237060547,25.049999237060547,700.0
2024-04-24 12:32:00,WHLM,6.59499979019165,6.59499979019165,6.59499979019165,6.59499979019165,6.59499979019165,991.0
2024-04-24 12:32:00,WIMI,1.0318000316619873,1.0318000316619873,1.0399999618530273,1.0299999713897705,1.0379999876022339,56231.0
2024-04-24 12:32:00,WINA,375.69000244140625,375.69000244140625,375.69000244140625,375.69000244140625,375.69000244140625,217.0
2024-04-24 12:32:00,WING,361.2099914550781,361.2099914550781,361.2099914550781,361.2099914550781,361.2099914550781,308.0
2024-04-24 12:32:00,WISA,5.699999809265137,5.699999809265137,5.699999809265137,5.574999809265137,5.610000133514404,35020.0
2024-04-24 12:32:00,WKHS,0.16050000488758087,0.16050000488758087,0.1607999950647354,0.15950000286102295,0.1607999950647354,104646.0
2024-04-24 12:32:00,WKSP,0.36800000071525574,0.36800000071525574,0.36800000071525574,0.36800000071525574,0.36800000071525574,1304.0
2024-04-24 12:32:00,WLDN,27.59000015258789,27.59000015258789,27.59000015258789,27.59000015258789,27.59000015258789,512.0
2024-04-24 12:32:00,WMG,31.979999542236328,31.979999542236328,31.979999542236328,31.969999313354492,31.979999542236328,530.0
2024-04-24 12:32:00,WSC,37.58000183105469,37.58000183105469,37.61000061035156,37.56999969482422,37.61000061035156,3198.0
2024-04-24 12:32:00,WTW,263.7900085449219,263.7900085449219,263.7900085449219,263.739990234375,263.760009765625,1078.0
2024-04-24 12:32:00,WVE,5.110000133514404,5.110000133514404,5.119999885559082,5.099999904632568,5.119999885559082,1238.0
2024-04-24 12:32:00,WW,1.6799999475479126,1.6799999475479126,1.6799999475479126,1.6799999475479126,1.6799999475479126,1822.0
2024-04-24 12:32:00,WYNN,96.23999786376953,96.23999786376953,96.30000305175781,96.23999786376953,96.30000305175781,2662.0
2024-04-24 12:32:00,XEL,55.53499984741211,55.53499984741211,55.560001373291016,55.532501220703125,55.54999923706055,6169.0
2024-04-24 12:32:00,XERS,1.7450000047683716,1.7450000047683716,1.7450000047683716,1.7400000095367432,1.7400000095367432,1232.0
2024-04-24 12:32:00,XFOR,1.2549999952316284,1.2549999952316284,1.2599999904632568,1.250100016593933,1.2549999952316284,13443.0
2024-04-24 12:32:00,XP,20.280000686645508,20.280000686645508,20.299999237060547,20.280000686645508,20.28499984741211,3750.0
2024-04-24 12:32:00,XRX,14.305000305175781,14.305000305175781,14.305000305175781,14.300000190734863,14.305000305175781,3248.0
2024-04-24 12:32:00,YMAB,15.069999694824219,15.069999694824219,15.069999694824219,15.069999694824219,15.069999694824219,391.0
2024-04-24 12:32:00,YTRA,1.2899999618530273,1.2899999618530273,1.2949999570846558,1.2899999618530273,1.2949999570846558,200.0
2024-04-24 12:32:00,Z,43.380001068115234,43.380001068115234,43.400001525878906,43.380001068115234,43.400001525878906,7639.0
2024-04-24 12:32:00,ZG,42.88999938964844,42.88999938964844,42.900001525878906,42.88999938964844,42.900001525878906,441.0
2024-04-24 12:32:00,ZI,15.75,15.75,15.760000228881836,15.75,15.75,4674.0
2024-04-24 12:32:00,ZION,41.939998626708984,41.939998626708984,41.959999084472656,41.939998626708984,41.959999084472656,1181.0
2024-04-24 12:32:00,ZLAB,15.585000038146973,15.585000038146973,15.585000038146973,15.579999923706055,15.579999923706055,508.0
2024-04-24 12:32:00,ZM,61.125,61.125,61.125,61.125,61.125,749.0
2024-04-24 12:32:00,ZS,176.25999450683594,176.25999450683594,176.25999450683594,176.1699981689453,176.1699981689453,415.0
2024-04-24 12:32:00,ZUMZ,16.850000381469727,16.850000381469727,16.850000381469727,16.790000915527344,16.790000915527344,3343.0
2024-04-24 12:32:00,ZURA,3.2100000381469727,3.2100000381469727,3.2100000381469727,3.2100000381469727,3.2100000381469727,449.0
2024-04-24 12:32:00,ZVSA,0.6022999882698059,0.6022999882698059,0.6022999882698059,0.5989999771118164,0.5989999771118164,1634.0
2024-04-24 12:32:00,ZYME,8.59000015258789,8.59000015258789,8.59000015258789,8.59000015258789,8.59000015258789,210.0
2024-04-24 12:33:00,DSP,8.569999694824219,8.569999694824219,8.619999885559082,8.569999694824219,8.619999885559082,628.0
2024-04-24 12:33:00,EGHT,2.3350000381469727,2.3350000381469727,2.3399999141693115,2.3350000381469727,2.3399999141693115,439.0
2024-04-24 12:33:00,ME,0.47749999165534973,0.47749999165534973,0.47749999165534973,0.47749999165534973,0.47749999165534973,740.0
2024-04-24 12:33:00,SEAT,5.824999809265137,5.824999809265137,5.824999809265137,5.824999809265137,5.824999809265137,640.0
2024-04-24 12:33:00,TWOU,0.23350000381469727,0.23350000381469727,0.23350000381469727,0.23340000212192535,0.23350000381469727,15763.0
2024-04-24 12:33:00,TXG,27.18199920654297,27.18199920654297,27.190000534057617,27.174999237060547,27.18320083618164,3870.0
2024-04-24 12:33:00,VC,110.05999755859375,110.05999755859375,110.2490005493164,110.05999755859375,110.11000061035156,1997.0
2024-04-24 12:33:00,VERU,1.3200000524520874,1.3200000524520874,1.3250000476837158,1.3200000524520874,1.3200000524520874,2100.0
2024-04-24 12:33:00,VERV,6.610000133514404,6.610000133514404,6.619999885559082,6.610000133514404,6.619999885559082,203.0
2024-04-24 12:33:00,VERX,28.459999084472656,28.459999084472656,28.479999542236328,28.459999084472656,28.479999542236328,422.0
2024-04-24 12:33:00,VFF,1.2999999523162842,1.2999999523162842,1.2999999523162842,1.2999999523162842,1.2999999523162842,582.0
2024-04-24 12:33:00,VFS,2.493499994277954,2.493499994277954,2.493499994277954,2.493499994277954,2.493499994277954,508.0
2024-04-24 12:33:00,VIAV,7.925000190734863,7.925000190734863,7.925000190734863,7.914400100708008,7.914400100708008,3672.0
2024-04-24 12:33:00,VICR,32.22999954223633,32.22999954223633,32.22999954223633,32.22999954223633,32.22999954223633,676.0
2024-04-24 12:33:00,VIR,8.194199562072754,8.194199562072754,8.194199562072754,8.194199562072754,8.194199562072754,837.0
2024-04-24 12:33:00,VIRT,22.610000610351562,22.610000610351562,22.639999389648438,22.610000610351562,22.6299991607666,6851.0
2024-04-24 12:33:00,VITL,26.719999313354492,26.719999313354492,26.739999771118164,26.719999313354492,26.739999771118164,755.0
2024-04-24 12:33:00,VKTX,64.65499877929688,64.65499877929688,64.72000122070312,64.65499877929688,64.72000122070312,2570.0
2024-04-24 12:33:00,VMD,8.0,8.0,8.0,8.0,8.0,233.0
2024-04-24 12:33:00,VMEO,3.5350000858306885,3.5350000858306885,3.5350000858306885,3.5350000858306885,3.5350000858306885,4353.0
2024-04-24 12:33:00,VNET,1.5299999713897705,1.5299999713897705,1.5364999771118164,1.5299999713897705,1.5364999771118164,284.0
2024-04-24 12:33:00,VNOM,39.72700119018555,39.72700119018555,39.7599983215332,39.72700119018555,39.7599983215332,242.0
2024-04-24 12:33:00,VOD,8.604999542236328,8.604999542236328,8.609999656677246,8.604999542236328,8.60669994354248,5392.0
2024-04-24 12:33:00,VOR,1.7300000190734863,1.7300000190734863,1.7300000190734863,1.7300000190734863,1.7300000190734863,139.0
2024-04-24 12:33:00,VRDN,13.350000381469727,13.350000381469727,13.359999656677246,13.350000381469727,13.359999656677246,625.0
2024-04-24 12:33:00,VRNA,15.5600004196167,15.5600004196167,15.5600004196167,15.555000305175781,15.555000305175781,292.0
2024-04-24 12:33:00,VRRM,24.209999084472656,24.209999084472656,24.21500015258789,24.209999084472656,24.21500015258789,1128.0
2024-04-24 12:33:00,VRTX,399.614990234375,399.614990234375,399.614990234375,399.5199890136719,399.5199890136719,449.0
2024-04-24 12:33:00,VSAT,16.260000228881836,16.260000228881836,16.264999389648438,16.229999542236328,16.260000228881836,8703.0
2024-04-24 12:33:00,VTNR,1.565000057220459,1.565000057220459,1.569700002670288,1.559999942779541,1.565000057220459,6555.0
2024-04-24 12:33:00,VTRS,11.385000228881836,11.385000228881836,11.395000457763672,11.385000228881836,11.395000457763672,13444.0
2024-04-24 12:33:00,VYNE,2.309999942779541,2.309999942779541,2.309999942779541,2.309999942779541,2.309999942779541,1136.0
2024-04-24 12:33:00,WAFD,27.913999557495117,27.913999557495117,27.93000030517578,27.899999618530273,27.899999618530273,3087.0
2024-04-24 12:33:00,WB,8.329999923706055,8.329999923706055,8.329999923706055,8.329999923706055,8.329999923706055,1378.0
2024-04-24 12:33:00,WBA,17.645000457763672,17.645000457763672,17.65999984741211,17.641000747680664,17.645000457763672,21778.0
2024-04-24 12:33:00,WBD,8.28499984741211,8.28499984741211,8.28499984741211,8.279999732971191,8.280099868774414,44820.0
2024-04-24 12:33:00,WBUY,0.3215000033378601,0.3215000033378601,0.3215000033378601,0.3125,0.3125,6000.0
2024-04-24 12:33:00,WDAY,255.3134002685547,255.3134002685547,255.3134002685547,255.25,255.25999450683594,2181.0
2024-04-24 12:33:00,WDC,68.2582015991211,68.2582015991211,68.26000213623047,68.20999908447266,68.20999908447266,7991.0
2024-04-24 12:33:00,WEN,19.950000762939453,19.950000762939453,19.96579933166504,19.950000762939453,19.959999084472656,6049.0
2024-04-24 12:33:00,WERN,35.02000045776367,35.02000045776367,35.059898376464844,35.02000045776367,35.059898376464844,1948.0
2024-04-24 12:33:00,WFRD,122.22000122070312,122.22000122070312,122.2300033569336,122.20999908447266,122.20999908447266,939.0
2024-04-24 12:33:00,WIMI,1.0399999618530273,1.0399999618530273,1.0399999618530273,1.0300999879837036,1.0300999879837036,27204.0
2024-04-24 12:33:00,WING,361.6098937988281,361.6098937988281,361.6098937988281,360.94000244140625,360.94000244140625,980.0
2024-04-24 12:33:00,WISA,5.690000057220459,5.690000057220459,5.73799991607666,5.690000057220459,5.69320011138916,26878.0
2024-04-24 12:33:00,WKHS,0.1607999950647354,0.1607999950647354,0.1607999950647354,0.16050000488758087,0.16050000488758087,13165.0
2024-04-24 12:33:00,WKSP,0.36800000071525574,0.36800000071525574,0.36800000071525574,0.36800000071525574,0.36800000071525574,500.0
2024-04-24 12:33:00,WSC,37.58000183105469,37.58000183105469,37.59000015258789,37.58000183105469,37.58000183105469,3677.0
2024-04-24 12:33:00,WSFS,44.380001068115234,44.380001068115234,44.38999938964844,44.380001068115234,44.38999938964844,1096.0
2024-04-24 12:33:00,WTFC,99.5,99.5,99.58000183105469,99.5,99.58000183105469,2093.0
2024-04-24 12:33:00,WTW,263.8550109863281,263.8550109863281,263.8800048828125,263.8550109863281,263.8800048828125,869.0
2024-04-24 12:33:00,WVE,5.110000133514404,5.110000133514404,5.110000133514404,5.110000133514404,5.110000133514404,200.0
2024-04-24 12:33:00,WW,1.6799999475479126,1.6799999475479126,1.684999942779541,1.6799999475479126,1.6799999475479126,1719.0
2024-04-24 12:33:00,WWD,148.7617950439453,148.7617950439453,148.7617950439453,148.7617950439453,148.7617950439453,767.0
2024-04-24 12:33:00,WYNN,96.29000091552734,96.29000091552734,96.29000091552734,96.27999877929688,96.27999877929688,2863.0
2024-04-24 12:33:00,XEL,55.56269836425781,55.56269836425781,55.56999969482422,55.529998779296875,55.529998779296875,10182.0
2024-04-24 12:33:00,XNCR,18.5,18.5,18.5,18.485000610351562,18.485000610351562,475.0
2024-04-24 12:33:00,XNET,1.565000057220459,1.565000057220459,1.565000057220459,1.565000057220459,1.565000057220459,1084.0
2024-04-24 12:33:00,XP,20.280000686645508,20.280000686645508,20.290000915527344,20.280000686645508,20.290000915527344,1047.0
2024-04-24 12:33:00,XRX,14.300000190734863,14.300000190734863,14.305000305175781,14.300000190734863,14.305000305175781,2020.0
2024-04-24 12:33:00,YQ,2.7112998962402344,2.7112998962402344,2.7112998962402344,2.7112998962402344,2.7112998962402344,251.0
2024-04-24 12:33:00,YTRA,1.2949999570846558,1.2949999570846558,1.2949999570846558,1.2949999570846558,1.2949999570846558,300.0
2024-04-24 12:33:00,Z,43.369998931884766,43.369998931884766,43.385501861572266,43.3400993347168,43.385501861572266,3593.0
2024-04-24 12:33:00,ZBRA,274.7666015625,274.7666015625,274.7666015625,274.7666015625,274.7666015625,624.0
2024-04-24 12:33:00,ZD,51.51499938964844,51.51499938964844,51.51499938964844,51.51499938964844,51.51499938964844,1111.0
2024-04-24 12:33:00,ZG,42.820098876953125,42.820098876953125,42.886600494384766,42.820098876953125,42.886600494384766,832.0
2024-04-24 12:33:00,ZI,15.75,15.75,15.755000114440918,15.75,15.755000114440918,1413.0
2024-04-24 12:33:00,ZION,41.94620132446289,41.94620132446289,41.95000076293945,41.942501068115234,41.95000076293945,4777.0
2024-04-24 12:33:00,ZM,61.150001525878906,61.150001525878906,61.150001525878906,61.119998931884766,61.130001068115234,6172.0
2024-04-24 12:33:00,ZNTL,12.0733003616333,12.0733003616333,12.0733003616333,12.0733003616333,12.0733003616333,234.0
2024-04-24 12:33:00,ZS,176.33999633789062,176.33999633789062,176.33999633789062,176.24000549316406,176.24000549316406,654.0
2024-04-24 12:33:00,ZYME,8.600000381469727,8.600000381469727,8.600000381469727,8.579999923706055,8.579999923706055,1347.0
2024-04-24 12:34:00,COCO,23.940000534057617,23.940000534057617,23.940000534057617,23.940000534057617,23.940000534057617,990.0
2024-04-24 12:34:00,DIBS,5.380000114440918,5.380000114440918,5.380000114440918,5.380000114440918,5.380000114440918,636.0
2024-04-24 12:34:00,DSP,8.600000381469727,8.600000381469727,8.600000381469727,8.600000381469727,8.600000381469727,210.0
2024-04-24 12:34:00,EGHT,2.3350000381469727,2.3350000381469727,2.3350000381469727,2.3350000381469727,2.3350000381469727,316.0
2024-04-24 12:34:00,ETNB,8.630000114440918,8.630000114440918,8.630000114440918,8.630000114440918,8.630000114440918,215.0
2024-04-24 12:34:00,HOWL,6.289999961853027,6.289999961853027,6.289999961853027,6.28000020980835,6.28000020980835,729.0
2024-04-24 12:34:00,MAPS,1.0800000429153442,1.0800000429153442,1.0800000429153442,1.0800000429153442,1.0800000429153442,190.0
2024-04-24 12:34:00,ME,0.47749999165534973,0.47749999165534973,0.47749999165534973,0.47749999165534973,0.47749999165534973,800.0
2024-04-24 12:34:00,PET,2.2300000190734863,2.2300000190734863,2.2300000190734863,2.2219998836517334,2.2239999771118164,1009.0
2024-04-24 12:34:00,TSVT,4.301199913024902,4.301199913024902,4.301199913024902,4.301199913024902,4.301199913024902,379.0
2024-04-24 12:34:00,TWOU,0.23399999737739563,0.23399999737739563,0.23399999737739563,0.23350000381469727,0.23350000381469727,15928.0
2024-04-24 12:34:00,TXG,27.142000198364258,27.142000198364258,27.200000762939453,27.142000198364258,27.190000534057617,4250.0
2024-04-24 12:34:00,VC,110.00499725341797,110.00499725341797,110.00499725341797,110.00499725341797,110.00499725341797,197.0
2024-04-24 12:34:00,VCTR,49.58000183105469,49.58000183105469,49.59000015258789,49.58000183105469,49.59000015258789,888.0
2024-04-24 12:34:00,VERU,1.3300000429153442,1.3300000429153442,1.3300000429153442,1.3200000524520874,1.3200000524520874,1110.0
2024-04-24 12:34:00,VERV,6.619999885559082,6.619999885559082,6.619999885559082,6.610000133514404,6.610000133514404,2296.0
2024-04-24 12:34:00,VERX,28.454999923706055,28.454999923706055,28.469999313354492,28.440000534057617,28.459999084472656,30882.0
2024-04-24 12:34:00,VFS,2.494999885559082,2.494999885559082,2.494999885559082,2.490799903869629,2.490799903869629,6320.0
2024-04-24 12:34:00,VIAV,7.925000190734863,7.925000190734863,7.925000190734863,7.925000190734863,7.925000190734863,118.0
2024-04-24 12:34:00,VICR,32.150001525878906,32.150001525878906,32.150001525878906,32.150001525878906,32.150001525878906,452.0
2024-04-24 12:34:00,VINP,10.350000381469727,10.350000381469727,10.350000381469727,10.350000381469727,10.350000381469727,269.0
2024-04-24 12:34:00,VIR,8.194999694824219,8.194999694824219,8.194999694824219,8.194999694824219,8.194999694824219,214.0
2024-04-24 12:34:00,VIRI,0.460099995136261,0.460099995136261,0.460999995470047,0.460099995136261,0.460999995470047,9256.0
2024-04-24 12:34:00,VIRT,22.6200008392334,22.6200008392334,22.6299991607666,22.604999542236328,22.604999542236328,2244.0
2024-04-24 12:34:00,VITL,26.709999084472656,26.709999084472656,26.709999084472656,26.709999084472656,26.709999084472656,593.0
2024-04-24 12:34:00,VKTX,64.72260284423828,64.72260284423828,64.72260284423828,64.5999984741211,64.68000030517578,2837.0
2024-04-24 12:34:00,VLCN,0.24459999799728394,0.24459999799728394,0.24459999799728394,0.24459999799728394,0.24459999799728394,23265.0
2024-04-24 12:34:00,VMD,7.980000019073486,7.980000019073486,7.980000019073486,7.980000019073486,7.980000019073486,1321.0
2024-04-24 12:34:00,VMEO,3.5350000858306885,3.5350000858306885,3.5350000858306885,3.5350000858306885,3.5350000858306885,406.0
2024-04-24 12:34:00,VNET,1.5299999713897705,1.5299999713897705,1.5299999713897705,1.5299999713897705,1.5299999713897705,179.0
2024-04-24 12:34:00,VNOM,39.7400016784668,39.7400016784668,39.7400016784668,39.7400016784668,39.7400016784668,302.0
2024-04-24 12:34:00,VOD,8.604999542236328,8.604999542236328,8.604999542236328,8.604999542236328,8.604999542236328,1995.0
2024-04-24 12:34:00,VOR,1.7300000190734863,1.7300000190734863,1.7300000190734863,1.7300000190734863,1.7300000190734863,100.0
2024-04-24 12:34:00,VRDN,13.34000015258789,13.34000015258789,13.364999771118164,13.34000015258789,13.364999771118164,1395.0
2024-04-24 12:34:00,VRRM,24.184999465942383,24.184999465942383,24.184999465942383,24.184999465942383,24.184999465942383,511.0
2024-04-24 12:34:00,VRTX,399.8800048828125,399.8800048828125,399.8800048828125,399.4700012207031,399.614990234375,3961.0
2024-04-24 12:34:00,VSAT,16.260000228881836,16.260000228881836,16.260000228881836,16.260000228881836,16.260000228881836,183.0
2024-04-24 12:34:00,VTNR,1.565000057220459,1.565000057220459,1.565000057220459,1.5618000030517578,1.565000057220459,1294.0
2024-04-24 12:34:00,VTRS,11.385000228881836,11.385000228881836,11.390000343322754,11.385000228881836,11.385000228881836,2114.0
2024-04-24 12:34:00,VUZI,1.2699999809265137,1.2699999809265137,1.2699999809265137,1.2699999809265137,1.2699999809265137,200.0
2024-04-24 12:34:00,WABC,47.38999938964844,47.38999938964844,47.38999938964844,47.38999938964844,47.38999938964844,167.0
2024-04-24 12:34:00,WALD,5.320000171661377,5.320000171661377,5.320000171661377,5.320000171661377,5.320000171661377,116.0
2024-04-24 12:34:00,WBA,17.655000686645508,17.655000686645508,17.65999984741211,17.645000457763672,17.649999618530273,54567.0
2024-04-24 12:34:00,WBD,8.28499984741211,8.28499984741211,8.28499984741211,8.283699989318848,8.28499984741211,6091.0
2024-04-24 12:34:00,WDAY,255.13999938964844,255.13999938964844,255.22999572753906,255.13999938964844,255.22999572753906,2923.0
2024-04-24 12:34:00,WDC,68.26000213623047,68.26000213623047,68.29000091552734,68.23999786376953,68.26000213623047,4353.0
2024-04-24 12:34:00,WEN,19.94499969482422,19.94499969482422,19.950000762939453,19.94499969482422,19.950000762939453,4027.0
2024-04-24 12:34:00,WERN,35.02000045776367,35.02000045776367,35.02000045776367,35.02000045776367,35.02000045776367,1052.0
2024-04-24 12:34:00,WFRD,122.22000122070312,122.22000122070312,122.22000122070312,122.22000122070312,122.22000122070312,995.0
2024-04-24 12:34:00,WIMI,1.0303000211715698,1.0303000211715698,1.0399999618530273,1.0299999713897705,1.0399999618530273,11013.0
2024-04-24 12:34:00,WISA,5.784999847412109,5.784999847412109,5.787700176239014,5.691400051116943,5.691400051116943,23952.0
2024-04-24 12:34:00,WIX,121.48999786376953,121.48999786376953,121.51000213623047,121.48999786376953,121.51000213623047,464.0
2024-04-24 12:34:00,WKHS,0.1607999950647354,0.1607999950647354,0.16099999845027924,0.1607999950647354,0.16099999845027924,27800.0
2024-04-24 12:34:00,WKSP,0.36719998717308044,0.36719998717308044,0.36719998717308044,0.36719998717308044,0.36719998717308044,564.0
2024-04-24 12:34:00,WMG,31.979999542236328,31.979999542236328,31.979999542236328,31.979999542236328,31.979999542236328,394.0
2024-04-24 12:34:00,WSC,37.6150016784668,37.6150016784668,37.6150016784668,37.58000183105469,37.58000183105469,3162.0
2024-04-24 12:34:00,WVE,5.099999904632568,5.099999904632568,5.099999904632568,5.099999904632568,5.099999904632568,400.0
2024-04-24 12:34:00,WW,1.6799999475479126,1.6799999475479126,1.6799999475479126,1.6799999475479126,1.6799999475479126,1555.0
2024-04-24 12:34:00,WYNN,96.26000213623047,96.26000213623047,96.30000305175781,96.26000213623047,96.30000305175781,2342.0
2024-04-24 12:34:00,XEL,55.52000045776367,55.52000045776367,55.56999969482422,55.51250076293945,55.56999969482422,6489.0
2024-04-24 12:34:00,XFOR,1.2549999952316284,1.2549999952316284,1.2599999904632568,1.2549999952316284,1.2599999904632568,236.0
2024-04-24 12:34:00,XMTR,16.799999237060547,16.799999237060547,16.81999969482422,16.799999237060547,16.809999465942383,1393.0
2024-04-24 12:34:00,XNCR,18.485000610351562,18.485000610351562,18.485000610351562,18.485000610351562,18.485000610351562,617.0
2024-04-24 12:34:00,XP,20.280000686645508,20.280000686645508,20.290000915527344,20.264999389648438,20.290000915527344,13108.0
2024-04-24 12:34:00,XRX,14.302900314331055,14.302900314331055,14.3100004196167,14.300000190734863,14.305000305175781,10664.0
2024-04-24 12:34:00,XWEL,1.6549999713897705,1.6549999713897705,1.6549999713897705,1.649999976158142,1.649999976158142,1000.0
2024-04-24 12:34:00,XXII,1.8250000476837158,1.8250000476837158,1.8250000476837158,1.8250000476837158,1.8250000476837158,364.0
2024-04-24 12:34:00,YTRA,1.2949999570846558,1.2949999570846558,1.2949999570846558,1.2949999570846558,1.2949999570846558,300.0
2024-04-24 12:34:00,Z,43.349998474121094,43.349998474121094,43.36000061035156,43.33000183105469,43.34000015258789,5897.0
2024-04-24 12:34:00,ZG,42.86000061035156,42.86000061035156,42.86000061035156,42.86000061035156,42.86000061035156,933.0
2024-04-24 12:34:00,ZI,15.75,15.75,15.755000114440918,15.75,15.755000114440918,2264.0
2024-04-24 12:34:00,ZION,41.95000076293945,41.95000076293945,41.95000076293945,41.91999816894531,41.91999816894531,337.0
2024-04-24 12:34:00,ZIONP,20.079999923706055,20.079999923706055,20.079999923706055,20.079999923706055,20.079999923706055,366.0
2024-04-24 12:34:00,ZM,61.099998474121094,61.099998474121094,61.13999938964844,61.099998474121094,61.13999938964844,2822.0
2024-04-24 12:34:00,ZNTL,12.0649995803833,12.0649995803833,12.0649995803833,12.0649995803833,12.0649995803833,108.0
2024-04-24 12:34:00,ZS,176.05999755859375,176.05999755859375,176.26499938964844,176.05999755859375,176.26499938964844,1234.0
2024-04-24 12:34:00,ZUMZ,16.850000381469727,16.850000381469727,16.850000381469727,16.850000381469727,16.850000381469727,346.0
2024-04-24 12:34:00,ZURA,3.208699941635132,3.208699941635132,3.208699941635132,3.208699941635132,3.208699941635132,1476.0
2024-04-24 12:35:00,COCO,23.90999984741211,23.90999984741211,23.93000030517578,23.90999984741211,23.93000030517578,808.0
2024-04-24 12:35:00,ETNB,8.619999885559082,8.619999885559082,8.619999885559082,8.619999885559082,8.619999885559082,549.0
2024-04-24 12:35:00,MAPS,1.0800000429153442,1.0800000429153442,1.0800000429153442,1.0800000429153442,1.0800000429153442,200.0
2024-04-24 12:35:00,SEAT,5.829999923706055,5.829999923706055,5.829999923706055,5.829999923706055,5.829999923706055,307.0
2024-04-24 12:35:00,TKLF,0.2214999943971634,0.2214999943971634,0.2214999943971634,0.2214999943971634,0.2214999943971634,2631.0
2024-04-24 12:35:00,TSVT,4.309999942779541,4.309999942779541,4.309999942779541,4.304999828338623,4.304999828338623,56.0
2024-04-24 12:35:00,TWOU,0.2337999939918518,0.2337999939918518,0.23389999568462372,0.2337999939918518,0.23389999568462372,16057.0
2024-04-24 12:35:00,TXG,27.139999389648438,27.139999389648438,27.139999389648438,27.139999389648438,27.139999389648438,1315.0
2024-04-24 12:35:00,VERU,1.3200000524520874,1.3200000524520874,1.329800009727478,1.3200000524520874,1.3200000524520874,1600.0
2024-04-24 12:35:00,VERV,6.599999904632568,6.599999904632568,6.619999885559082,6.599999904632568,6.619999885559082,6575.0
2024-04-24 12:35:00,VERX,28.440000534057617,28.440000534057617,28.469999313354492,28.43000030517578,28.454999923706055,10187.0
2024-04-24 12:35:00,VFS,2.490000009536743,2.490000009536743,2.494999885559082,2.490000009536743,2.494999885559082,7157.0
2024-04-24 12:35:00,VIAV,7.929999828338623,7.929999828338623,7.929999828338623,7.925000190734863,7.925000190734863,701.0
2024-04-24 12:35:00,VIR,8.194999694824219,8.194999694824219,8.194999694824219,8.194999694824219,8.194999694824219,374.0
2024-04-24 12:35:00,VIRT,22.6200008392334,22.6200008392334,22.635000228881836,22.614999771118164,22.6200008392334,6941.0
2024-04-24 12:35:00,VITL,26.684999465942383,26.684999465942383,26.709999084472656,26.684999465942383,26.709999084472656,1496.0
2024-04-24 12:35:00,VIVK,1.659999966621399,1.659999966621399,1.659999966621399,1.659999966621399,1.659999966621399,7962.0
2024-04-24 12:35:00,VKTX,64.63999938964844,64.63999938964844,64.75,64.63999938964844,64.75,575.0
2024-04-24 12:35:00,VLCN,0.2451000064611435,0.2451000064611435,0.2451000064611435,0.2409999966621399,0.24369999766349792,19273.0
2024-04-24 12:35:00,VMD,7.989999771118164,7.989999771118164,8.010000228881836,7.980000019073486,7.989999771118164,10321.0
2024-04-24 12:35:00,VMEO,3.5350000858306885,3.5350000858306885,3.5350000858306885,3.5350000858306885,3.5350000858306885,501.0
2024-04-24 12:35:00,VNET,1.5299999713897705,1.5299999713897705,1.534999966621399,1.5299999713897705,1.534999966621399,300.0
2024-04-24 12:35:00,VNOM,39.7400016784668,39.7400016784668,39.7400016784668,39.7400016784668,39.7400016784668,137.0
2024-04-24 12:35:00,VRDN,13.334500312805176,13.334500312805176,13.334500312805176,13.334500312805176,13.334500312805176,1545.0
2024-04-24 12:35:00,VRRM,24.190000534057617,24.190000534057617,24.190000534057617,24.190000534057617,24.190000534057617,344.0
2024-04-24 12:35:00,VRTX,399.7149963378906,399.7149963378906,399.80999755859375,399.6499938964844,399.80999755859375,533.0
2024-04-24 12:35:00,VSAT,16.260000228881836,16.260000228881836,16.260000228881836,16.260000228881836,16.260000228881836,145.0
2024-04-24 12:35:00,VSEC,78.3499984741211,78.3499984741211,78.3499984741211,78.3499984741211,78.3499984741211,426.0
2024-04-24 12:35:00,VTNR,1.565000057220459,1.565000057220459,1.5699000358581543,1.565000057220459,1.5699000358581543,720.0
2024-04-24 12:35:00,VTRS,11.385000228881836,11.385000228881836,11.385000228881836,11.385000228881836,11.385000228881836,1375.0
2024-04-24 12:35:00,VTSI,12.170000076293945,12.170000076293945,12.199999809265137,12.170000076293945,12.199999809265137,960.0
2024-04-24 12:35:00,VWE,0.2402999997138977,0.2402999997138977,0.2402999997138977,0.2402999997138977,0.2402999997138977,555.0
2024-04-24 12:35:00,VYGR,7.510300159454346,7.510300159454346,7.525000095367432,7.510300159454346,7.525000095367432,2688.0
2024-04-24 12:35:00,WBA,17.695499420166016,17.695499420166016,17.695499420166016,17.655000686645508,17.655000686645508,21446.0
2024-04-24 12:35:00,WBD,8.28499984741211,8.28499984741211,8.28499984741211,8.279999732971191,8.28499984741211,4879.0
2024-04-24 12:35:00,WDC,68.30999755859375,68.30999755859375,68.30999755859375,68.25,68.25,3313.0
2024-04-24 12:35:00,WEN,19.934999465942383,19.934999465942383,19.94499969482422,19.93000030517578,19.94499969482422,3750.0
2024-04-24 12:35:00,WERN,35.029998779296875,35.029998779296875,35.029998779296875,35.0,35.0,1152.0
2024-04-24 12:35:00,WEST,9.904999732971191,9.904999732971191,9.904999732971191,9.904999732971191,9.904999732971191,450.0
2024-04-24 12:35:00,WFRD,122.2699966430664,122.2699966430664,122.29000091552734,122.22000122070312,122.22000122070312,1547.0
2024-04-24 12:35:00,WIMI,1.0299999713897705,1.0299999713897705,1.0399999618530273,1.0299999713897705,1.0303000211715698,19389.0
2024-04-24 12:35:00,WING,360.8399963378906,360.8399963378906,360.8399963378906,360.75,360.75,376.0
2024-04-24 12:35:00,WISA,5.75,5.75,5.847899913787842,5.75,5.847899913787842,8126.0
2024-04-24 12:35:00,WIX,121.41000366210938,121.41000366210938,121.44999694824219,121.36000061035156,121.44999694824219,2813.0
2024-04-24 12:35:00,WKHS,0.16089999675750732,0.16089999675750732,0.16089999675750732,0.1607999950647354,0.1607999950647354,2904.0
2024-04-24 12:35:00,WMG,31.934999465942383,31.934999465942383,31.975000381469727,31.93000030517578,31.969999313354492,3275.0
2024-04-24 12:35:00,WSC,37.619998931884766,37.619998931884766,37.619998931884766,37.61000061035156,37.619998931884766,4297.0
2024-04-24 12:35:00,WTFC,99.4800033569336,99.4800033569336,99.4800033569336,99.4800033569336,99.4800033569336,104.0
2024-04-24 12:35:00,WTW,263.8550109863281,263.8550109863281,263.8550109863281,263.8550109863281,263.8550109863281,1201.0
2024-04-24 12:35:00,WVE,5.085000038146973,5.085000038146973,5.090000152587891,5.085000038146973,5.090000152587891,497.0
2024-04-24 12:35:00,WW,1.6749999523162842,1.6749999523162842,1.6799999475479126,1.6699999570846558,1.6799999475479126,30653.0
2024-04-24 12:35:00,WYNN,96.38500213623047,96.38500213623047,96.38500213623047,96.31999969482422,96.31999969482422,1947.0
2024-04-24 12:35:00,XEL,55.53499984741211,55.53499984741211,55.540000915527344,55.5099983215332,55.525001525878906,6011.0
2024-04-24 12:35:00,XERS,1.75,1.75,1.75,1.75,1.75,200.0
2024-04-24 12:35:00,XMTR,16.799999237060547,16.799999237060547,16.799999237060547,16.799999237060547,16.799999237060547,518.0
2024-04-24 12:35:00,XP,20.30500030517578,20.30500030517578,20.30500030517578,20.290000915527344,20.290000915527344,1080.0
2024-04-24 12:35:00,XRX,14.270000457763672,14.270000457763672,14.300000190734863,14.270000457763672,14.300000190734863,8777.0
2024-04-24 12:35:00,XXII,1.8300000429153442,1.8300000429153442,1.8300000429153442,1.8300000429153442,1.8300000429153442,555.0
2024-04-24 12:35:00,YTEN,0.23199999332427979,0.23199999332427979,0.23199999332427979,0.23199999332427979,0.23199999332427979,103.0
2024-04-24 12:35:00,YTRA,1.2999999523162842,1.2999999523162842,1.2999999523162842,1.2999999523162842,1.2999999523162842,200.0
2024-04-24 12:35:00,Z,43.380001068115234,43.380001068115234,43.380001068115234,43.34000015258789,43.349998474121094,2998.0
2024-04-24 12:35:00,ZBRA,274.6499938964844,274.6499938964844,274.6700134277344,274.6499938964844,274.6700134277344,716.0
2024-04-24 12:35:00,ZI,15.744999885559082,15.744999885559082,15.755000114440918,15.744999885559082,15.755000114440918,3588.0
2024-04-24 12:35:00,ZION,41.93000030517578,41.93000030517578,41.93000030517578,41.93000030517578,41.93000030517578,492.0
2024-04-24 12:35:00,ZIONP,20.079999923706055,20.079999923706055,20.079999923706055,20.079999923706055,20.079999923706055,534.0
2024-04-24 12:35:00,ZLAB,15.574999809265137,15.574999809265137,15.574999809265137,15.574999809265137,15.574999809265137,2138.0
2024-04-24 12:35:00,ZM,61.119998931884766,61.119998931884766,61.119998931884766,61.099998474121094,61.10499954223633,2754.0
2024-04-24 12:35:00,ZNTL,12.050000190734863,12.050000190734863,12.050000190734863,12.050000190734863,12.050000190734863,640.0
2024-04-24 12:35:00,ZS,176.2899932861328,176.2899932861328,176.2899932861328,176.22500610351562,176.22500610351562,302.0
2024-04-24 12:35:00,ZUMZ,16.864999771118164,16.864999771118164,16.864999771118164,16.860000610351562,16.860000610351562,1468.0
2024-04-24 12:35:00,ZVSA,0.6000999808311462,0.6000999808311462,0.6000999808311462,0.6000000238418579,0.6000000238418579,360.0
2024-04-24 12:36:00,DIBS,5.380000114440918,5.380000114440918,5.380000114440918,5.380000114440918,5.380000114440918,448.0
2024-04-24 12:36:00,EGHT,2.3399999141693115,2.3399999141693115,2.3399999141693115,2.3399999141693115,2.3399999141693115,405.0
2024-04-24 12:36:00,ETNB,8.609999656677246,8.609999656677246,8.609999656677246,8.609999656677246,8.609999656677246,425.0
2024-04-24 12:36:00,FDMT,24.790000915527344,24.790000915527344,24.790000915527344,24.790000915527344,24.790000915527344,163.0
2024-04-24 12:36:00,FEAM,1.1549999713897705,1.1549999713897705,1.1549999713897705,1.1549999713897705,1.1549999713897705,290.0
2024-04-24 12:36:00,FLWS,9.140000343322754,9.140000343322754,9.140000343322754,9.140000343322754,9.140000343322754,275.0
2024-04-24 12:36:00,FREE,4.820000171661377,4.820000171661377,4.820000171661377,4.820000171661377,4.820000171661377,10.0
2024-04-24 12:36:00,MAPS,1.0800000429153442,1.0800000429153442,1.0800000429153442,1.0750000476837158,1.0750000476837158,400.0
2024-04-24 12:36:00,ME,0.47749999165534973,0.47749999165534973,0.47929999232292175,0.47749999165534973,0.47929999232292175,412.0
2024-04-24 12:36:00,TSVT,4.309999942779541,4.309999942779541,4.309999942779541,4.309999942779541,4.309999942779541,204.0
2024-04-24 12:36:00,TWOU,0.23389999568462372,0.23389999568462372,0.23389999568462372,0.2337999939918518,0.2337999939918518,14443.0
2024-04-24 12:36:00,TXG,27.170000076293945,27.170000076293945,27.170000076293945,27.15999984741211,27.15999984741211,1933.0
2024-04-24 12:36:00,VC,109.97000122070312,109.97000122070312,109.97000122070312,109.97000122070312,109.97000122070312,237.0
2024-04-24 12:36:00,VCTR,49.630001068115234,49.630001068115234,49.630001068115234,49.61000061035156,49.61000061035156,1288.0
2024-04-24 12:36:00,VERU,1.3300000429153442,1.3300000429153442,1.3300000429153442,1.3200000524520874,1.3300000429153442,1316.0
2024-04-24 12:36:00,VERX,28.469999313354492,28.469999313354492,28.469999313354492,28.469999313354492,28.469999313354492,726.0
2024-04-24 12:36:00,VFS,2.486799955368042,2.486799955368042,2.4892001152038574,2.484999895095825,2.484999895095825,6617.0
2024-04-24 12:36:00,VIAV,7.929999828338623,7.929999828338623,7.929999828338623,7.929999828338623,7.929999828338623,200.0
2024-04-24 12:36:00,VICR,32.17499923706055,32.17499923706055,32.17499923706055,32.100101470947266,32.100101470947266,486.0
2024-04-24 12:36:00,VIOT,0.5702000260353088,0.5702000260353088,0.5702000260353088,0.5669000148773193,0.5669000148773193,0.0
2024-04-24 12:36:00,VIR,8.194999694824219,8.194999694824219,8.194999694824219,8.194999694824219,8.194999694824219,256.0
2024-04-24 12:36:00,VIRC,10.619999885559082,10.619999885559082,10.649999618530273,10.619999885559082,10.640000343322754,679.0
2024-04-24 12:36:00,VIRT,22.645000457763672,22.645000457763672,22.645000457763672,22.614999771118164,22.614999771118164,3285.0
2024-04-24 12:36:00,VKTX,64.74500274658203,64.74500274658203,64.77999877929688,64.63009643554688,64.63009643554688,2922.0
2024-04-24 12:36:00,VLCN,0.24130000174045563,0.24130000174045563,0.2451000064611435,0.24130000174045563,0.2451000064611435,3485.0
2024-04-24 12:36:00,VMD,8.0,8.0,8.0,8.0,8.0,394.0
2024-04-24 12:36:00,VMEO,3.5350000858306885,3.5350000858306885,3.5399999618530273,3.5350000858306885,3.5399999618530273,643.0
2024-04-24 12:36:00,VNOM,39.7400016784668,39.7400016784668,39.7400016784668,39.7400016784668,39.7400016784668,447.0
2024-04-24 12:36:00,VOD,8.609999656677246,8.609999656677246,8.609999656677246,8.609999656677246,8.609999656677246,1547.0
2024-04-24 12:36:00,VRCA,6.730000019073486,6.730000019073486,6.730000019073486,6.730000019073486,6.730000019073486,377.0
2024-04-24 12:36:00,VRDN,13.345000267028809,13.345000267028809,13.345000267028809,13.345000267028809,13.345000267028809,619.0
2024-04-24 12:36:00,VRM,11.489999771118164,11.489999771118164,11.489999771118164,11.489999771118164,11.489999771118164,1181.0
2024-04-24 12:36:00,VRNA,15.570300102233887,15.570300102233887,15.570300102233887,15.570300102233887,15.570300102233887,717.0
2024-04-24 12:36:00,VRRM,24.219999313354492,24.219999313354492,24.219999313354492,24.200000762939453,24.200000762939453,1642.0
2024-04-24 12:36:00,VRTX,399.7200012207031,399.7200012207031,399.7200012207031,399.7200012207031,399.7200012207031,489.0
2024-04-24 12:36:00,VSAT,16.260000228881836,16.260000228881836,16.260000228881836,16.260000228881836,16.260000228881836,1051.0
2024-04-24 12:36:00,VTNR,1.5700000524520874,1.5700000524520874,1.5750000476837158,1.565000057220459,1.565000057220459,10981.0
2024-04-24 12:36:00,VTRS,11.396400451660156,11.396400451660156,11.396400451660156,11.385600090026855,11.390000343322754,4236.0
2024-04-24 12:36:00,VTSI,12.180000305175781,12.180000305175781,12.1899995803833,12.170000076293945,12.180000305175781,4650.0
2024-04-24 12:36:00,VUZI,1.2710000276565552,1.2710000276565552,1.274999976158142,1.2710000276565552,1.274999976158142,761.0
2024-04-24 12:36:00,VYGR,7.525000095367432,7.525000095367432,7.525000095367432,7.519999980926514,7.519999980926514,718.0
2024-04-24 12:36:00,WB,8.34000015258789,8.34000015258789,8.34000015258789,8.34000015258789,8.34000015258789,707.0
2024-04-24 12:36:00,WBA,17.704999923706055,17.704999923706055,17.709999084472656,17.690000534057617,17.69499969482422,38717.0
2024-04-24 12:36:00,WBD,8.298600196838379,8.298600196838379,8.298600196838379,8.28499984741211,8.289999961853027,42005.0
2024-04-24 12:36:00,WDAY,255.1999969482422,255.1999969482422,255.1999969482422,255.1999969482422,255.1999969482422,864.0
2024-04-24 12:36:00,WDC,68.33999633789062,68.33999633789062,68.36000061035156,68.30000305175781,68.30999755859375,5046.0
2024-04-24 12:36:00,WEN,19.934999465942383,19.934999465942383,19.934999465942383,19.934999465942383,19.934999465942383,2117.0
2024-04-24 12:36:00,WERN,35.02000045776367,35.02000045776367,35.02000045776367,35.02000045776367,35.02000045776367,992.0
2024-04-24 12:36:00,WFRD,122.08999633789062,122.08999633789062,122.31999969482422,122.08999633789062,122.19499969482422,1165.0
2024-04-24 12:36:00,WHLR,0.13840000331401825,0.13840000331401825,0.1387999951839447,0.13840000331401825,0.1387999951839447,14758.0
2024-04-24 12:36:00,WIMI,1.0299999713897705,1.0299999713897705,1.0399999618530273,1.0299999713897705,1.0399999618530273,17483.0
2024-04-24 12:36:00,WING,360.94500732421875,360.94500732421875,360.94500732421875,360.94500732421875,360.94500732421875,127.0
2024-04-24 12:36:00,WISA,5.739999771118164,5.739999771118164,5.840000152587891,5.739999771118164,5.769999980926514,10105.0
2024-04-24 12:36:00,WKHS,0.16089999675750732,0.16089999675750732,0.16089999675750732,0.1607999950647354,0.1607999950647354,5442.0
2024-04-24 12:36:00,WMG,31.969999313354492,31.969999313354492,31.969999313354492,31.93000030517578,31.93000030517578,3865.0
2024-04-24 12:36:00,WSC,37.619998931884766,37.619998931884766,37.625,37.619998931884766,37.625,1203.0
2024-04-24 12:36:00,WTFC,99.48999786376953,99.48999786376953,99.48999786376953,99.48999786376953,99.48999786376953,345.0
2024-04-24 12:36:00,WVE,5.099999904632568,5.099999904632568,5.099999904632568,5.099999904632568,5.099999904632568,110.0
2024-04-24 12:36:00,WW,1.6749999523162842,1.6749999523162842,1.6749999523162842,1.6749999523162842,1.6749999523162842,2027.0
2024-04-24 12:36:00,WYNN,96.38500213623047,96.38500213623047,96.41000366210938,96.38500213623047,96.41000366210938,2049.0
2024-04-24 12:36:00,XEL,55.505001068115234,55.505001068115234,55.540000915527344,55.505001068115234,55.540000915527344,3052.0
2024-04-24 12:36:00,XENE,39.915000915527344,39.915000915527344,39.915000915527344,39.915000915527344,39.915000915527344,547.0
2024-04-24 12:36:00,XERS,1.7400000095367432,1.7400000095367432,1.7400000095367432,1.7400000095367432,1.7400000095367432,148.0
2024-04-24 12:36:00,XP,20.295000076293945,20.295000076293945,20.299999237060547,20.28499984741211,20.299999237060547,3147.0
2024-04-24 12:36:00,XRX,14.272500038146973,14.272500038146973,14.272500038146973,14.270000457763672,14.270000457763672,9156.0
2024-04-24 12:36:00,XWEL,1.659999966621399,1.659999966621399,1.659999966621399,1.659999966621399,1.659999966621399,207.0
2024-04-24 12:36:00,YTEN,0.23280000686645508,0.23280000686645508,0.23280000686645508,0.23280000686645508,0.23280000686645508,400.0
2024-04-24 12:36:00,YTRA,1.2949999570846558,1.2949999570846558,1.2949999570846558,1.2949999570846558,1.2949999570846558,200.0
2024-04-24 12:36:00,Z,43.380001068115234,43.380001068115234,43.380001068115234,43.369998931884766,43.375,3173.0
2024-04-24 12:36:00,ZCMD,1.649999976158142,1.649999976158142,1.649999976158142,1.649999976158142,1.649999976158142,854.0
2024-04-24 12:36:00,ZD,51.5099983215332,51.5099983215332,51.5099983215332,51.5099983215332,51.5099983215332,202.0
2024-04-24 12:36:00,ZENV,2.1398000717163086,2.1398000717163086,2.1398000717163086,2.1398000717163086,2.1398000717163086,2336.0
2024-04-24 12:36:00,ZI,15.75,15.75,15.75,15.75,15.75,672.0
2024-04-24 12:36:00,ZION,41.970001220703125,41.970001220703125,41.970001220703125,41.959999084472656,41.959999084472656,6000.0
2024-04-24 12:36:00,ZM,61.171199798583984,61.171199798583984,61.171199798583984,61.119998931884766,61.119998931884766,2172.0
2024-04-24 12:36:00,ZS,176.22000122070312,176.22000122070312,176.23500061035156,176.2100067138672,176.23500061035156,1425.0
2024-04-24 12:36:00,ZUMZ,16.93000030517578,16.93000030517578,16.93000030517578,16.899999618530273,16.899999618530273,1171.0
2024-04-24 12:36:00,ZVSA,0.6004999876022339,0.6004999876022339,0.6004999876022339,0.6004999876022339,0.6004999876022339,742.0
2024-04-24 12:37:00,DIBS,5.400000095367432,5.400000095367432,5.400000095367432,5.380000114440918,5.380000114440918,1298.0
2024-04-24 12:37:00,DSP,8.609999656677246,8.609999656677246,8.609999656677246,8.609999656677246,8.609999656677246,95.0
2024-04-24 12:37:00,ETNB,8.600000381469727,8.600000381469727,8.600000381469727,8.600000381469727,8.600000381469727,861.0
2024-04-24 12:37:00,FLWS,9.130000114440918,9.130000114440918,9.130000114440918,9.130000114440918,9.130000114440918,116.0
2024-04-24 12:37:00,HOWL,6.315999984741211,6.315999984741211,6.315999984741211,6.315999984741211,6.315999984741211,1544.0
2024-04-24 12:37:00,MAPS,1.0800000429153442,1.0800000429153442,1.0800000429153442,1.0800000429153442,1.0800000429153442,100.0
2024-04-24 12:37:00,MAPSW,0.06440000236034393,0.06440000236034393,0.06440000236034393,0.06440000236034393,0.06440000236034393,7325.0
2024-04-24 12:37:00,ME,0.47929999232292175,0.47929999232292175,0.47929999232292175,0.47929999232292175,0.47929999232292175,230.0
2024-04-24 12:37:00,SEAT,5.824999809265137,5.824999809265137,5.824999809265137,5.824999809265137,5.824999809265137,637.0
2024-04-24 12:37:00,TSVT,4.309999942779541,4.309999942779541,4.309999942779541,4.309999942779541,4.309999942779541,684.0
2024-04-24 12:37:00,TWOU,0.23389999568462372,0.23389999568462372,0.23389999568462372,0.23389999568462372,0.23389999568462372,10029.0
2024-04-24 12:37:00,TXG,27.190000534057617,27.190000534057617,27.190000534057617,27.190000534057617,27.190000534057617,2723.0
2024-04-24 12:37:00,VERV,6.614999771118164,6.614999771118164,6.614999771118164,6.599999904632568,6.599999904632568,2990.0
2024-04-24 12:37:00,VERX,28.479999542236328,28.479999542236328,28.479999542236328,28.479999542236328,28.479999542236328,108.0
2024-04-24 12:37:00,VFS,2.484999895095825,2.484999895095825,2.484999895095825,2.484999895095825,2.484999895095825,194.0
2024-04-24 12:37:00,VIAV,7.929999828338623,7.929999828338623,7.929999828338623,7.929999828338623,7.929999828338623,806.0
2024-04-24 12:37:00,VIR,8.194999694824219,8.194999694824219,8.194999694824219,8.194999694824219,8.194999694824219,273.0
2024-04-24 12:37:00,VIRT,22.639999389648438,22.639999389648438,22.645000457763672,22.635000228881836,22.645000457763672,1067.0
2024-04-24 12:37:00,VITL,26.690000534057617,26.690000534057617,26.690000534057617,26.690000534057617,26.690000534057617,101.0
2024-04-24 12:37:00,VKTX,64.74410247802734,64.74410247802734,64.74410247802734,64.69000244140625,64.70999908447266,2517.0
2024-04-24 12:37:00,VLCN,0.2451000064611435,0.2451000064611435,0.2451000064611435,0.2451000064611435,0.2451000064611435,2222.0
2024-04-24 12:37:00,VMD,7.989999771118164,7.989999771118164,7.989999771118164,7.989999771118164,7.989999771118164,422.0
2024-04-24 12:37:00,VMEO,3.5399999618530273,3.5399999618530273,3.5399999618530273,3.5399999618530273,3.5399999618530273,147.0
2024-04-24 12:37:00,VNOM,39.7400016784668,39.7400016784668,39.7400016784668,39.720001220703125,39.720001220703125,301.0
2024-04-24 12:37:00,VOD,8.601499557495117,8.601499557495117,8.609999656677246,8.601499557495117,8.609999656677246,3359.0
2024-04-24 12:37:00,VOR,1.7300000190734863,1.7300000190734863,1.7300000190734863,1.7300000190734863,1.7300000190734863,1121.0
2024-04-24 12:37:00,VRRM,24.229999542236328,24.229999542236328,24.229999542236328,24.219999313354492,24.219999313354492,1914.0
2024-04-24 12:37:00,VRTX,399.57000732421875,399.57000732421875,399.57000732421875,399.57000732421875,399.57000732421875,827.0
2024-04-24 12:37:00,VTNR,1.5750000476837158,1.5750000476837158,1.5800000429153442,1.5750000476837158,1.5800000429153442,1587.0
2024-04-24 12:37:00,VTRS,11.395000457763672,11.395000457763672,11.395000457763672,11.390000343322754,11.395000457763672,4170.0
2024-04-24 12:37:00,VTSI,12.140000343322754,12.140000343322754,12.149999618530273,12.130000114440918,12.149999618530273,339.0
2024-04-24 12:37:00,VUZI,1.274999976158142,1.274999976158142,1.274999976158142,1.2699999809265137,1.274999976158142,809.0
2024-04-24 12:37:00,VYGR,7.519999980926514,7.519999980926514,7.519999980926514,7.519999980926514,7.519999980926514,207.0
2024-04-24 12:37:00,WABC,47.380001068115234,47.380001068115234,47.380001068115234,47.380001068115234,47.380001068115234,636.0
2024-04-24 12:37:00,WAFD,27.979999542236328,27.979999542236328,27.979999542236328,27.950000762939453,27.950000762939453,1827.0
2024-04-24 12:37:00,WBA,17.719999313354492,17.719999313354492,17.719999313354492,17.702899932861328,17.703100204467773,36988.0
2024-04-24 12:37:00,WBD,8.295000076293945,8.295000076293945,8.295000076293945,8.29010009765625,8.295000076293945,7812.0
2024-04-24 12:37:00,WBUY,0.3199999928474426,0.3199999928474426,0.3199999928474426,0.3199999928474426,0.3199999928474426,0.0
2024-04-24 12:37:00,WDAY,255.10000610351562,255.10000610351562,255.10000610351562,255.0500030517578,255.0500030517578,1460.0
2024-04-24 12:37:00,WDC,68.33000183105469,68.33000183105469,68.34500122070312,68.31999969482422,68.31999969482422,10211.0
2024-04-24 12:37:00,WEN,19.930099487304688,19.930099487304688,19.934999465942383,19.93000030517578,19.93000030517578,579.0
2024-04-24 12:37:00,WIMI,1.0299999713897705,1.0299999713897705,1.0399999618530273,1.0299999713897705,1.0311000347137451,7363.0
2024-04-24 12:37:00,WING,361.3399963378906,361.3399963378906,361.3399963378906,361.3399963378906,361.3399963378906,321.0
2024-04-24 12:37:00,WISA,5.699999809265137,5.699999809265137,5.776899814605713,5.699999809265137,5.776899814605713,19689.0
2024-04-24 12:37:00,WIX,121.4000015258789,121.4000015258789,121.53500366210938,121.4000015258789,121.53500366210938,2051.0
2024-04-24 12:37:00,WMG,32.0099983215332,32.0099983215332,32.0099983215332,32.005001068115234,32.005001068115234,221.0
2024-04-24 12:37:00,WSBC,28.079999923706055,28.079999923706055,28.079999923706055,28.079999923706055,28.079999923706055,433.0
2024-04-24 12:37:00,WSC,37.630001068115234,37.630001068115234,37.630001068115234,37.630001068115234,37.630001068115234,886.0
2024-04-24 12:37:00,WTFC,99.48999786376953,99.48999786376953,99.48999786376953,99.48999786376953,99.48999786376953,253.0
2024-04-24 12:37:00,WTW,263.5799865722656,263.5799865722656,263.6700134277344,263.5400085449219,263.6700134277344,2229.0
2024-04-24 12:37:00,WVE,5.099999904632568,5.099999904632568,5.099999904632568,5.090000152587891,5.090000152587891,313.0
2024-04-24 12:37:00,WW,1.6749999523162842,1.6749999523162842,1.6749999523162842,1.6699999570846558,1.6749999523162842,335.0
2024-04-24 12:37:00,WYNN,96.44000244140625,96.44000244140625,96.45999908447266,96.38999938964844,96.38999938964844,3017.0
2024-04-24 12:37:00,XEL,55.47999954223633,55.47999954223633,55.505001068115234,55.47999954223633,55.505001068115234,5250.0
2024-04-24 12:37:00,XMTR,16.834999084472656,16.834999084472656,16.834999084472656,16.809999465942383,16.809999465942383,931.0
2024-04-24 12:37:00,XOMAP,24.959999084472656,24.959999084472656,24.959999084472656,24.959999084472656,24.959999084472656,0.0
2024-04-24 12:37:00,XP,20.299999237060547,20.299999237060547,20.299999237060547,20.290000915527344,20.295000076293945,1717.0
2024-04-24 12:37:00,XRX,14.265000343322754,14.265000343322754,14.279999732971191,14.260000228881836,14.270000457763672,11278.0
2024-04-24 12:37:00,XWEL,1.6837999820709229,1.6837999820709229,1.7300000190734863,1.6837999820709229,1.7300000190734863,1250.0
2024-04-24 12:37:00,XXII,1.8300000429153442,1.8300000429153442,1.8300000429153442,1.8300000429153442,1.8300000429153442,6392.0
2024-04-24 12:37:00,YMAB,15.0600004196167,15.0600004196167,15.0600004196167,15.0600004196167,15.0600004196167,200.0
2024-04-24 12:37:00,YTEN,0.2328999936580658,0.2328999936580658,0.2328999936580658,0.2328999936580658,0.2328999936580658,1811.0
2024-04-24 12:37:00,YTRA,1.2949999570846558,1.2949999570846558,1.2999999523162842,1.2949999570846558,1.2999999523162842,839.0
2024-04-24 12:37:00,Z,43.369998931884766,43.369998931884766,43.369998931884766,43.36309814453125,43.369998931884766,2639.0
2024-04-24 12:37:00,ZD,51.529998779296875,51.529998779296875,51.56999969482422,51.529998779296875,51.54999923706055,1058.0
2024-04-24 12:37:00,ZG,42.869998931884766,42.869998931884766,42.869998931884766,42.869998931884766,42.869998931884766,1002.0
2024-04-24 12:37:00,ZI,15.755000114440918,15.755000114440918,15.755000114440918,15.75,15.755000114440918,2576.0
2024-04-24 12:37:00,ZION,41.959999084472656,41.959999084472656,41.97999954223633,41.940101623535156,41.94499969482422,9209.0
2024-04-24 12:37:00,ZM,61.186500549316406,61.186500549316406,61.186500549316406,61.15999984741211,61.16999816894531,2966.0
2024-04-24 12:37:00,ZS,176.27999877929688,176.27999877929688,176.27999877929688,176.27999877929688,176.27999877929688,308.0
2024-04-24 12:37:00,ZVSA,0.6003000140190125,0.6003000140190125,0.6003000140190125,0.5989999771118164,0.5989999771118164,7080.0
2024-04-24 12:38:00,DIBS,5.380000114440918,5.380000114440918,5.380000114440918,5.380000114440918,5.380000114440918,178.0
2024-04-24 12:38:00,FDMT,24.764999389648438,24.764999389648438,24.764999389648438,24.764999389648438,24.764999389648438,226.0
2024-04-24 12:38:00,ME,0.48100000619888306,0.48100000619888306,0.48100000619888306,0.48100000619888306,0.48100000619888306,1327.0
2024-04-24 12:38:00,TSVT,4.320000171661377,4.320000171661377,4.320000171661377,4.320000171661377,4.320000171661377,107.0
2024-04-24 12:38:00,TWOU,0.23469999432563782,0.23469999432563782,0.23469999432563782,0.23389999568462372,0.23389999568462372,27679.0
2024-04-24 12:38:00,TXG,27.229999542236328,27.229999542236328,27.229999542236328,27.190000534057617,27.190000534057617,1752.0
2024-04-24 12:38:00,VANI,1.7599999904632568,1.7599999904632568,1.7599999904632568,1.75,1.75,1418.0
2024-04-24 12:38:00,VC,110.04000091552734,110.04000091552734,110.04000091552734,110.04000091552734,110.04000091552734,103.0
2024-04-24 12:38:00,VCTR,49.61370086669922,49.61370086669922,49.61370086669922,49.599998474121094,49.599998474121094,360.0
2024-04-24 12:38:00,VERU,1.3200000524520874,1.3200000524520874,1.3224999904632568,1.3200000524520874,1.3224999904632568,1213.0
2024-04-24 12:38:00,VERV,6.625,6.625,6.625,6.617499828338623,6.618000030517578,3091.0
2024-04-24 12:38:00,VERX,28.476699829101562,28.476699829101562,28.476699829101562,28.457500457763672,28.457500457763672,913.0
2024-04-24 12:38:00,VFF,1.2999999523162842,1.2999999523162842,1.2999999523162842,1.2999999523162842,1.2999999523162842,879.0
2024-04-24 12:38:00,VFS,2.484999895095825,2.484999895095825,2.484999895095825,2.484999895095825,2.484999895095825,1001.0
2024-04-24 12:38:00,VIAV,7.929999828338623,7.929999828338623,7.929999828338623,7.929999828338623,7.929999828338623,237.0
2024-04-24 12:38:00,VICR,32.17499923706055,32.17499923706055,32.185001373291016,32.17499923706055,32.185001373291016,575.0
2024-04-24 12:38:00,VIOT,0.5726000070571899,0.5726000070571899,0.5726000070571899,0.5726000070571899,0.5726000070571899,376.0
2024-04-24 12:38:00,VIR,8.194999694824219,8.194999694824219,8.194999694824219,8.194999694824219,8.194999694824219,883.0
2024-04-24 12:38:00,VIRC,10.640000343322754,10.640000343322754,10.640000343322754,10.640000343322754,10.640000343322754,279.0
2024-04-24 12:38:00,VIRT,22.645000457763672,22.645000457763672,22.645000457763672,22.645000457763672,22.645000457763672,203.0
2024-04-24 12:38:00,VITL,26.700000762939453,26.700000762939453,26.719999313354492,26.700000762939453,26.709999084472656,4017.0
2024-04-24 12:38:00,VIVK,1.669100046157837,1.669100046157837,1.669100046157837,1.659999966621399,1.659999966621399,237.0
2024-04-24 12:38:00,VKTX,64.73049926757812,64.73049926757812,64.73049926757812,64.73049926757812,64.73049926757812,693.0
2024-04-24 12:38:00,VMD,7.980000019073486,7.980000019073486,7.989999771118164,7.980000019073486,7.980000019073486,1656.0
2024-04-24 12:38:00,VMEO,3.5350000858306885,3.5350000858306885,3.5350000858306885,3.5350000858306885,3.5350000858306885,761.0
2024-04-24 12:38:00,VNOM,39.77000045776367,39.77000045776367,39.779998779296875,39.720001220703125,39.7400016784668,5648.0
2024-04-24 12:38:00,VOD,8.609999656677246,8.609999656677246,8.609999656677246,8.604999542236328,8.609999656677246,3001.0
2024-04-24 12:38:00,VRDN,13.289999961853027,13.289999961853027,13.34000015258789,13.289999961853027,13.329999923706055,5165.0
2024-04-24 12:38:00,VRRM,24.235000610351562,24.235000610351562,24.235000610351562,24.235000610351562,24.235000610351562,192.0
2024-04-24 12:38:00,VRTX,399.67999267578125,399.67999267578125,399.67999267578125,399.5299987792969,399.5299987792969,1792.0
2024-04-24 12:38:00,VSEC,78.38999938964844,78.38999938964844,78.38999938964844,78.22000122070312,78.22000122070312,1219.0
2024-04-24 12:38:00,VTNR,1.5750000476837158,1.5750000476837158,1.5750000476837158,1.5750000476837158,1.5750000476837158,323.0
2024-04-24 12:38:00,VTRS,11.395000457763672,11.395000457763672,11.399999618530273,11.385000228881836,11.390000343322754,15644.0
2024-04-24 12:38:00,VTSI,12.142999649047852,12.142999649047852,12.149999618530273,12.142999649047852,12.149999618530273,496.0
2024-04-24 12:38:00,VUZI,1.2699999809265137,1.2699999809265137,1.2699999809265137,1.2699999809265137,1.2699999809265137,186.0
2024-04-24 12:38:00,VYGR,7.519999980926514,7.519999980926514,7.519999980926514,7.519999980926514,7.519999980926514,123.0
2024-04-24 12:38:00,WB,8.34000015258789,8.34000015258789,8.34000015258789,8.34000015258789,8.34000015258789,139.0
2024-04-24 12:38:00,WBA,17.719999313354492,17.719999313354492,17.719999313354492,17.710100173950195,17.719999313354492,19466.0
2024-04-24 12:38:00,WBD,8.295000076293945,8.295000076293945,8.295000076293945,8.2947998046875,8.295000076293945,2535.0
2024-04-24 12:38:00,WDAY,255.19000244140625,255.19000244140625,255.19000244140625,255.19000244140625,255.19000244140625,836.0
2024-04-24 12:38:00,WDC,68.37999725341797,68.37999725341797,68.37999725341797,68.30999755859375,68.30999755859375,6203.0
2024-04-24 12:38:00,WEN,19.934999465942383,19.934999465942383,19.934999465942383,19.934999465942383,19.934999465942383,528.0
2024-04-24 12:38:00,WHLM,6.709499835968018,6.709499835968018,6.7210001945495605,6.709499835968018,6.7210001945495605,1788.0
2024-04-24 12:38:00,WHLR,0.14090000092983246,0.14090000092983246,0.14090000092983246,0.14090000092983246,0.14090000092983246,0.0
2024-04-24 12:38:00,WIMI,1.034999966621399,1.034999966621399,1.0393999814987183,1.0299999713897705,1.034999966621399,4372.0
2024-04-24 12:38:00,WINT,5.159999847412109,5.159999847412109,5.159999847412109,5.070000171661377,5.070000171661377,643.0
2024-04-24 12:38:00,WISA,5.764999866485596,5.764999866485596,5.8078999519348145,5.75,5.779900074005127,4020.0
2024-04-24 12:38:00,WIX,121.41999816894531,121.41999816894531,121.41999816894531,121.41999816894531,121.41999816894531,240.0
2024-04-24 12:38:00,WKHS,0.1607999950647354,0.1607999950647354,0.1607999950647354,0.1607999950647354,0.1607999950647354,300.0
2024-04-24 12:38:00,WLDN,27.789899826049805,27.789899826049805,27.789899826049805,27.579999923706055,27.579999923706055,550.0
2024-04-24 12:38:00,WMG,32.02000045776367,32.02000045776367,32.02000045776367,32.0099983215332,32.0099983215332,1103.0
2024-04-24 12:38:00,WNEB,6.5,6.5,6.5,6.5,6.5,137.0
2024-04-24 12:38:00,WSC,37.6349983215332,37.6349983215332,37.6349983215332,37.630001068115234,37.630001068115234,4157.0
2024-04-24 12:38:00,WSFS,44.38999938964844,44.38999938964844,44.400001525878906,44.38999938964844,44.400001525878906,1599.0
2024-04-24 12:38:00,WTW,263.6400146484375,263.6400146484375,263.70001220703125,263.6099853515625,263.6199951171875,1925.0
2024-04-24 12:38:00,WVE,5.099999904632568,5.099999904632568,5.099999904632568,5.099999904632568,5.099999904632568,110.0
2024-04-24 12:38:00,WW,1.6749999523162842,1.6749999523162842,1.6749999523162842,1.6699999570846558,1.6749999523162842,1311.0
2024-04-24 12:38:00,WYNN,96.41500091552734,96.41500091552734,96.41999816894531,96.38999938964844,96.4000015258789,1286.0
2024-04-24 12:38:00,XEL,55.45500183105469,55.45500183105469,55.470001220703125,55.45500183105469,55.470001220703125,1224.0
2024-04-24 12:38:00,XFOR,1.2599999904632568,1.2599999904632568,1.2599999904632568,1.25,1.25,1200.0
2024-04-24 12:38:00,XMTR,16.854999542236328,16.854999542236328,16.854999542236328,16.850000381469727,16.850000381469727,985.0
2024-04-24 12:38:00,XNCR,18.520000457763672,18.520000457763672,18.520000457763672,18.520000457763672,18.520000457763672,146.0
2024-04-24 12:38:00,XP,20.299999237060547,20.299999237060547,20.299999237060547,20.295000076293945,20.299999237060547,7982.0
2024-04-24 12:38:00,XRX,14.3100004196167,14.3100004196167,14.3100004196167,14.265000343322754,14.265000343322754,18319.0
2024-04-24 12:38:00,XTLB,2.569999933242798,2.569999933242798,2.569999933242798,2.569999933242798,2.569999933242798,200.0
2024-04-24 12:38:00,XXII,1.8479000329971313,1.8479000329971313,1.850000023841858,1.840000033378601,1.8459999561309814,2555.0
2024-04-24 12:38:00,YTRA,1.2999999523162842,1.2999999523162842,1.2999999523162842,1.2999999523162842,1.2999999523162842,610.0
2024-04-24 12:38:00,Z,43.380001068115234,43.380001068115234,43.380001068115234,43.380001068115234,43.380001068115234,415.0
2024-04-24 12:38:00,ZBRA,274.6600036621094,274.6600036621094,274.6600036621094,274.6549987792969,274.6549987792969,260.0
2024-04-24 12:38:00,ZD,51.54999923706055,51.54999923706055,51.54999923706055,51.54999923706055,51.54999923706055,1328.0
2024-04-24 12:38:00,ZENV,2.0899999141693115,2.0899999141693115,2.1396000385284424,2.0899999141693115,2.1396000385284424,680.0
2024-04-24 12:38:00,ZI,15.755000114440918,15.755000114440918,15.760000228881836,15.755000114440918,15.760000228881836,918.0
2024-04-24 12:38:00,ZION,41.970001220703125,41.970001220703125,41.970001220703125,41.95500183105469,41.95500183105469,4076.0
2024-04-24 12:38:00,ZM,61.18000030517578,61.18000030517578,61.18000030517578,61.18000030517578,61.18000030517578,2746.0
2024-04-24 12:38:00,ZNTL,12.064000129699707,12.064000129699707,12.064000129699707,12.064000129699707,12.064000129699707,284.0
2024-04-24 12:38:00,ZURA,3.2100000381469727,3.2100000381469727,3.2100000381469727,3.2100000381469727,3.2100000381469727,848.0
2024-04-24 12:38:00,ZVSA,0.6093999743461609,0.6093999743461609,0.6093999743461609,0.6000999808311462,0.6000999808311462,3712.0
2024-04-24 12:39:00,COCO,23.93000030517578,23.93000030517578,23.93000030517578,23.93000030517578,23.93000030517578,112.0
2024-04-24 12:39:00,DIBS,5.380000114440918,5.380000114440918,5.380000114440918,5.380000114440918,5.380000114440918,232.0
2024-04-24 12:39:00,EGHT,2.3399999141693115,2.3399999141693115,2.3399999141693115,2.3399999141693115,2.3399999141693115,171.0
2024-04-24 12:39:00,ETNB,8.579999923706055,8.579999923706055,8.59000015258789,8.569999694824219,8.59000015258789,3234.0
2024-04-24 12:39:00,FEAM,1.159999966621399,1.159999966621399,1.159999966621399,1.159999966621399,1.159999966621399,344.0
2024-04-24 12:39:00,FLWS,9.15999984741211,9.15999984741211,9.15999984741211,9.15999984741211,9.15999984741211,1049.0
2024-04-24 12:39:00,MASS,5.59499979019165,5.59499979019165,5.59499979019165,5.59499979019165,5.59499979019165,217.0
2024-04-24 12:39:00,ME,0.47859999537467957,0.47859999537467957,0.47859999537467957,0.47749999165534973,0.47749999165534973,6467.0
2024-04-24 12:39:00,SEAT,5.824999809265137,5.824999809265137,5.824999809265137,5.824999809265137,5.824999809265137,921.0
2024-04-24 12:39:00,TSVT,4.320000171661377,4.320000171661377,4.320000171661377,4.320000171661377,4.320000171661377,128.0
2024-04-24 12:39:00,TWOU,0.23469999432563782,0.23469999432563782,0.23469999432563782,0.23469999432563782,0.23469999432563782,16245.0
2024-04-24 12:39:00,TXG,27.25,27.25,27.25,27.25,27.25,582.0
2024-04-24 12:39:00,VCTR,49.599998474121094,49.599998474121094,49.599998474121094,49.599998474121094,49.599998474121094,327.0
2024-04-24 12:39:00,VERU,1.3200000524520874,1.3200000524520874,1.3300000429153442,1.3200000524520874,1.3274999856948853,1201.0
2024-04-24 12:39:00,VERV,6.625,6.625,6.625,6.625,6.625,576.0
2024-04-24 12:39:00,VERX,28.5,28.5,28.5,28.475000381469727,28.475000381469727,2904.0
2024-04-24 12:39:00,VFS,2.4899001121520996,2.4899001121520996,2.4899001121520996,2.4800000190734863,2.4800000190734863,2402.0
2024-04-24 12:39:00,VIAV,7.940000057220459,7.940000057220459,7.940000057220459,7.929999828338623,7.929999828338623,1464.0
2024-04-24 12:39:00,VIRC,10.640000343322754,10.640000343322754,10.649999618530273,10.630000114440918,10.640000343322754,952.0
2024-04-24 12:39:00,VIRT,22.68000030517578,22.68000030517578,22.690000534057617,22.645000457763672,22.645000457763672,6430.0
2024-04-24 12:39:00,VKTX,64.73500061035156,64.73500061035156,64.73500061035156,64.6500015258789,64.73500061035156,4626.0
2024-04-24 12:39:00,VMEO,3.5350000858306885,3.5350000858306885,3.5350000858306885,3.5350000858306885,3.5350000858306885,993.0
2024-04-24 12:39:00,VNOM,39.744998931884766,39.744998931884766,39.7599983215332,39.73500061035156,39.7599983215332,3624.0
2024-04-24 12:39:00,VOD,8.609999656677246,8.609999656677246,8.609999656677246,8.609999656677246,8.609999656677246,244.0
2024-04-24 12:39:00,VRDN,13.3100004196167,13.3100004196167,13.329999923706055,13.3100004196167,13.319999694824219,2771.0
2024-04-24 12:39:00,VRRM,24.239999771118164,24.239999771118164,24.239999771118164,24.239999771118164,24.239999771118164,1110.0
2024-04-24 12:39:00,VSAT,16.280000686645508,16.280000686645508,16.280000686645508,16.260000228881836,16.260000228881836,2613.0
2024-04-24 12:39:00,VTNR,1.5800000429153442,1.5800000429153442,1.5800000429153442,1.5750000476837158,1.5750000476837158,2410.0
2024-04-24 12:39:00,VTRS,11.399999618530273,11.399999618530273,11.399999618530273,11.390000343322754,11.390000343322754,2787.0
2024-04-24 12:39:00,VYGR,7.510000228881836,7.510000228881836,7.510000228881836,7.510000228881836,7.510000228881836,338.0
2024-04-24 12:39:00,WAFD,27.9950008392334,27.9950008392334,27.9950008392334,27.9950008392334,27.9950008392334,539.0
2024-04-24 12:39:00,WB,8.34000015258789,8.34000015258789,8.34000015258789,8.34000015258789,8.34000015258789,106.0
2024-04-24 12:39:00,WBA,17.725000381469727,17.725000381469727,17.729999542236328,17.709999084472656,17.71500015258789,16860.0
2024-04-24 12:39:00,WBD,8.295000076293945,8.295000076293945,8.295000076293945,8.291299819946289,8.295000076293945,3161.0
2024-04-24 12:39:00,WBUY,0.3199999928474426,0.3199999928474426,0.3199999928474426,0.3199999928474426,0.3199999928474426,4895.0
2024-04-24 12:39:00,WDAY,255.35899353027344,255.35899353027344,255.35899353027344,255.35899353027344,255.35899353027344,530.0
2024-04-24 12:39:00,WDC,68.4000015258789,68.4000015258789,68.41999816894531,68.38999938964844,68.38999938964844,2673.0
2024-04-24 12:39:00,WEN,19.94499969482422,19.94499969482422,19.94499969482422,19.934999465942383,19.940000534057617,7799.0
2024-04-24 12:39:00,WERN,35.01499938964844,35.01499938964844,35.01499938964844,35.01499938964844,35.01499938964844,194.0
2024-04-24 12:39:00,WFRD,122.29000091552734,122.29000091552734,122.33000183105469,122.29000091552734,122.31999969482422,1519.0
2024-04-24 12:39:00,WIMI,1.034999966621399,1.034999966621399,1.0399999618530273,1.0299999713897705,1.0299999713897705,2147.0
2024-04-24 12:39:00,WING,361.9200134277344,361.9200134277344,361.9200134277344,361.6199951171875,361.6199951171875,699.0
2024-04-24 12:39:00,WISA,5.739999771118164,5.739999771118164,5.770699977874756,5.739999771118164,5.770699977874756,10484.0
2024-04-24 12:39:00,WKHS,0.1607999950647354,0.1607999950647354,0.16089999675750732,0.1607999950647354,0.1607999950647354,9530.0
2024-04-24 12:39:00,WLDS,0.4754999876022339,0.4754999876022339,0.4754999876022339,0.4754999876022339,0.4754999876022339,2353.0
2024-04-24 12:39:00,WLGS,0.5501000285148621,0.5501000285148621,0.5964999794960022,0.5501000285148621,0.5964999794960022,23051.0
2024-04-24 12:39:00,WMG,32.02000045776367,32.02000045776367,32.03499984741211,32.02000045776367,32.029998779296875,1483.0
2024-04-24 12:39:00,WSBF,11.989999771118164,11.989999771118164,12.010000228881836,11.960000038146973,11.960000038146973,1513.0
2024-04-24 12:39:00,WSC,37.63999938964844,37.63999938964844,37.63999938964844,37.630001068115234,37.63999938964844,3676.0
2024-04-24 12:39:00,WTFC,99.58999633789062,99.58999633789062,99.58999633789062,99.58499908447266,99.58499908447266,298.0
2024-04-24 12:39:00,WW,1.6749999523162842,1.6749999523162842,1.6749999523162842,1.6699999570846558,1.6714999675750732,1089.0
2024-04-24 12:39:00,WYNN,96.41500091552734,96.41500091552734,96.41500091552734,96.41500091552734,96.41500091552734,1233.0
2024-04-24 12:39:00,XEL,55.45000076293945,55.45000076293945,55.46500015258789,55.45000076293945,55.45500183105469,3115.0
2024-04-24 12:39:00,XFOR,1.2599999904632568,1.2599999904632568,1.2599999904632568,1.2520999908447266,1.2520999908447266,4223.0
2024-04-24 12:39:00,XNCR,18.55500030517578,18.55500030517578,18.55500030517578,18.55500030517578,18.55500030517578,694.0
2024-04-24 12:39:00,XP,20.295000076293945,20.295000076293945,20.3075008392334,20.295000076293945,20.299999237060547,7685.0
2024-04-24 12:39:00,XRX,14.274999618530273,14.274999618530273,14.319999694824219,14.274999618530273,14.319999694824219,7541.0
2024-04-24 12:39:00,XXII,1.8366999626159668,1.8366999626159668,1.8366999626159668,1.8366999626159668,1.8366999626159668,102.0
2024-04-24 12:39:00,Z,43.380001068115234,43.380001068115234,43.380001068115234,43.380001068115234,43.380001068115234,546.0
2024-04-24 12:39:00,ZCMD,1.690000057220459,1.690000057220459,1.690000057220459,1.690000057220459,1.690000057220459,303.0
2024-04-24 12:39:00,ZENV,2.115000009536743,2.115000009536743,2.115000009536743,2.115000009536743,2.115000009536743,8401.0
2024-04-24 12:39:00,ZI,15.770000457763672,15.770000457763672,15.770000457763672,15.760000228881836,15.760000228881836,2783.0
2024-04-24 12:39:00,ZION,41.97999954223633,41.97999954223633,41.97999954223633,41.97999954223633,41.97999954223633,1641.0
2024-04-24 12:39:00,ZLAB,15.595000267028809,15.595000267028809,15.595000267028809,15.579999923706055,15.579999923706055,1381.0
2024-04-24 12:39:00,ZM,61.22999954223633,61.22999954223633,61.22999954223633,61.209999084472656,61.220001220703125,3619.0
2024-04-24 12:39:00,ZNTL,12.039999961853027,12.039999961853027,12.039999961853027,12.039999961853027,12.039999961853027,243.0
2024-04-24 12:39:00,ZS,176.39999389648438,176.39999389648438,176.41000366210938,176.3300018310547,176.3300018310547,1541.0
2024-04-24 12:40:00,COCO,23.93000030517578,23.93000030517578,23.93000030517578,23.93000030517578,23.93000030517578,399.0
2024-04-24 12:40:00,DIBS,5.380000114440918,5.380000114440918,5.400000095367432,5.380000114440918,5.380000114440918,9705.0
2024-04-24 12:40:00,DSP,8.59000015258789,8.59000015258789,8.59000015258789,8.59000015258789,8.59000015258789,31.0
2024-04-24 12:40:00,ETNB,8.609999656677246,8.609999656677246,8.609999656677246,8.59000015258789,8.600000381469727,1203.0
2024-04-24 12:40:00,FDMT,24.799999237060547,24.799999237060547,24.799999237060547,24.799999237060547,24.799999237060547,179.0
2024-04-24 12:40:00,FREE,4.815000057220459,4.815000057220459,4.815000057220459,4.815000057220459,4.815000057220459,310.0
2024-04-24 12:40:00,MAPS,1.0800000429153442,1.0800000429153442,1.0800000429153442,1.0800000429153442,1.0800000429153442,175.0
2024-04-24 12:40:00,ME,0.47859999537467957,0.47859999537467957,0.47859999537467957,0.47859999537467957,0.47859999537467957,200.0
2024-04-24 12:40:00,TSVT,4.315000057220459,4.315000057220459,4.315000057220459,4.315000057220459,4.315000057220459,201.0
2024-04-24 12:40:00,TWOU,0.23469999432563782,0.23469999432563782,0.23469999432563782,0.23469999432563782,0.23469999432563782,0.0
2024-04-24 12:40:00,TXG,27.239999771118164,27.239999771118164,27.260000228881836,27.239999771118164,27.260000228881836,2112.0
2024-04-24 12:40:00,VC,110.02999877929688,110.02999877929688,110.02999877929688,110.02999877929688,110.02999877929688,321.0
2024-04-24 12:40:00,VCTR,49.63010025024414,49.63010025024414,49.650001525878906,49.63010025024414,49.63999938964844,1323.0
2024-04-24 12:40:00,VERU,1.3300000429153442,1.3300000429153442,1.3300000429153442,1.3200000524520874,1.3200000524520874,225.0
2024-04-24 12:40:00,VERV,6.625,6.625,6.625,6.625,6.625,290.0
2024-04-24 12:40:00,VERX,28.489999771118164,28.489999771118164,28.5,28.469999313354492,28.5,7860.0
2024-04-24 12:40:00,VFS,2.490000009536743,2.490000009536743,2.490000009536743,2.484999895095825,2.484999895095825,800.0
2024-04-24 12:40:00,VICR,32.2400016784668,32.2400016784668,32.2400016784668,32.16999816894531,32.22999954223633,2746.0
2024-04-24 12:40:00,VIR,8.194999694824219,8.194999694824219,8.194999694824219,8.194999694824219,8.194999694824219,239.0
2024-04-24 12:40:00,VIRT,22.662500381469727,22.662500381469727,22.678300857543945,22.65999984741211,22.674999237060547,2821.0
2024-04-24 12:40:00,VITL,26.68000030517578,26.68000030517578,26.700000762939453,26.68000030517578,26.68400001525879,3168.0
2024-04-24 12:40:00,VKTX,64.71499633789062,64.71499633789062,64.768798828125,64.67330169677734,64.69999694824219,999.0
2024-04-24 12:40:00,VLCN,0.24950000643730164,0.24950000643730164,0.25519999861717224,0.24729999899864197,0.24940000474452972,35070.0
2024-04-24 12:40:00,VLGEA,27.299999237060547,27.299999237060547,27.34000015258789,27.25,27.34000015258789,2252.0
2024-04-24 12:40:00,VMD,7.989999771118164,7.989999771118164,7.989999771118164,7.980000019073486,7.980000019073486,356.0
2024-04-24 12:40:00,VNOM,39.744998931884766,39.744998931884766,39.75,39.744998931884766,39.744998931884766,1016.0
2024-04-24 12:40:00,VOD,8.609999656677246,8.609999656677246,8.609999656677246,8.609999656677246,8.609999656677246,417.0
2024-04-24 12:40:00,VOR,1.7300000190734863,1.7300000190734863,1.7300000190734863,1.7300000190734863,1.7300000190734863,200.0
2024-04-24 12:40:00,VRDN,13.300000190734863,13.300000190734863,13.319999694824219,13.300000190734863,13.319999694824219,748.0
2024-04-24 12:40:00,VRRM,24.229999542236328,24.229999542236328,24.229999542236328,24.229999542236328,24.229999542236328,294.0
2024-04-24 12:40:00,VRTX,399.6400146484375,399.6400146484375,399.67999267578125,399.5899963378906,399.67999267578125,1865.0
2024-04-24 12:40:00,VSAT,16.260000228881836,16.260000228881836,16.280000686645508,16.260000228881836,16.280000686645508,1587.0
2024-04-24 12:40:00,VTRS,11.395000457763672,11.395000457763672,11.395000457763672,11.395000457763672,11.395000457763672,1311.0
2024-04-24 12:40:00,VYGR,7.519999980926514,7.519999980926514,7.519999980926514,7.519999980926514,7.519999980926514,666.0
2024-04-24 12:40:00,WB,8.335000038146973,8.335000038146973,8.34000015258789,8.335000038146973,8.34000015258789,344.0
2024-04-24 12:40:00,WBA,17.729999542236328,17.729999542236328,17.729999542236328,17.720199584960938,17.725000381469727,24612.0
2024-04-24 12:40:00,WBD,8.291199684143066,8.291199684143066,8.300000190734863,8.289999961853027,8.295000076293945,6512.0
2024-04-24 12:40:00,WDAY,255.30999755859375,255.30999755859375,255.30999755859375,255.30999755859375,255.30999755859375,319.0
2024-04-24 12:40:00,WDC,68.41999816894531,68.41999816894531,68.44000244140625,68.4000015258789,68.4000015258789,4512.0
2024-04-24 12:40:00,WEN,19.93000030517578,19.93000030517578,19.94499969482422,19.93000030517578,19.94499969482422,5243.0
2024-04-24 12:40:00,WHLM,6.688000202178955,6.688000202178955,6.688000202178955,6.688000202178955,6.688000202178955,218.0
2024-04-24 12:40:00,WIMI,1.034999966621399,1.034999966621399,1.0398999452590942,1.0199999809265137,1.0299999713897705,99294.0
2024-04-24 12:40:00,WING,362.04998779296875,362.04998779296875,362.0899963378906,362.04998779296875,362.0899963378906,925.0
2024-04-24 12:40:00,WINT,5.110000133514404,5.110000133514404,5.110000133514404,5.099999904632568,5.099999904632568,1179.0
2024-04-24 12:40:00,WISA,5.732100009918213,5.732100009918213,5.739999771118164,5.732100009918213,5.739999771118164,1421.0
2024-04-24 12:40:00,WIX,121.62000274658203,121.62000274658203,121.62000274658203,121.55000305175781,121.55000305175781,1904.0
2024-04-24 12:40:00,WKHS,0.1607999950647354,0.1607999950647354,0.16089999675750732,0.1607999950647354,0.16089999675750732,6089.0
2024-04-24 12:40:00,WLGS,0.550000011920929,0.550000011920929,0.550000011920929,0.550000011920929,0.550000011920929,42496.0
2024-04-24 12:40:00,WMG,32.04999923706055,32.04999923706055,32.04999923706055,32.02000045776367,32.02000045776367,2090.0
2024-04-24 12:40:00,WSBF,12.005000114440918,12.005000114440918,12.005000114440918,12.005000114440918,12.005000114440918,607.0
2024-04-24 12:40:00,WSC,37.650001525878906,37.650001525878906,37.650001525878906,37.650001525878906,37.650001525878906,1097.0
2024-04-24 12:40:00,WTFC,99.58999633789062,99.58999633789062,99.58999633789062,99.58999633789062,99.58999633789062,508.0
2024-04-24 12:40:00,WTW,263.6449890136719,263.6449890136719,263.70001220703125,263.6449890136719,263.6700134277344,927.0
2024-04-24 12:40:00,WVE,5.099999904632568,5.099999904632568,5.099999904632568,5.099999904632568,5.099999904632568,125.0
2024-04-24 12:40:00,WW,1.6749999523162842,1.6749999523162842,1.6749999523162842,1.6749999523162842,1.6749999523162842,520.0
2024-04-24 12:40:00,WYNN,96.41000366210938,96.41000366210938,96.41000366210938,96.37000274658203,96.393798828125,4558.0
2024-04-24 12:40:00,XEL,55.494998931884766,55.494998931884766,55.5,55.459999084472656,55.459999084472656,7401.0
2024-04-24 12:40:00,XP,20.30500030517578,20.30500030517578,20.30500030517578,20.299999237060547,20.299999237060547,1888.0
2024-04-24 12:40:00,XRX,14.260000228881836,14.260000228881836,14.270000457763672,14.255000114440918,14.270000457763672,5748.0
2024-04-24 12:40:00,XXII,1.842900037765503,1.842900037765503,1.842900037765503,1.842900037765503,1.842900037765503,2047.0
2024-04-24 12:40:00,YMAB,15.0600004196167,15.0600004196167,15.0600004196167,15.0600004196167,15.0600004196167,795.0
2024-04-24 12:40:00,YS,0.8100000023841858,0.8100000023841858,0.8109999895095825,0.8100000023841858,0.8109999895095825,2664.0
2024-04-24 12:40:00,Z,43.400001525878906,43.400001525878906,43.40999984741211,43.369998931884766,43.369998931884766,8966.0
2024-04-24 12:40:00,ZBRA,274.5400085449219,274.5400085449219,274.5400085449219,274.5400085449219,274.5400085449219,444.0
2024-04-24 12:40:00,ZG,42.90999984741211,42.90999984741211,42.90999984741211,42.90999984741211,42.90999984741211,520.0
2024-04-24 12:40:00,ZI,15.779999732971191,15.779999732971191,15.779999732971191,15.779999732971191,15.779999732971191,709.0
2024-04-24 12:40:00,ZION,41.96989822387695,41.96989822387695,41.96989822387695,41.96989822387695,41.96989822387695,610.0
2024-04-24 12:40:00,ZM,61.220001220703125,61.220001220703125,61.220001220703125,61.220001220703125,61.220001220703125,1230.0
2024-04-24 12:40:00,ZNTL,12.039999961853027,12.039999961853027,12.055000305175781,11.989999771118164,12.055000305175781,74518.0
2024-04-24 12:40:00,ZURAW,0.39309999346733093,0.39309999346733093,0.39309999346733093,0.39309999346733093,0.39309999346733093,10000.0
2024-04-24 12:40:00,ZVSA,0.6100000143051147,0.6100000143051147,0.6100000143051147,0.6100000143051147,0.6100000143051147,324.0
2024-04-24 12:40:00,ZYME,8.59000015258789,8.59000015258789,8.59000015258789,8.59000015258789,8.59000015258789,238.0
2024-04-24 12:41:00,COCO,23.940000534057617,23.940000534057617,23.940000534057617,23.920000076293945,23.920000076293945,2072.0
2024-04-24 12:41:00,DIBS,5.380000114440918,5.380000114440918,5.380000114440918,5.380000114440918,5.380000114440918,143.0
2024-04-24 12:41:00,HOWL,6.340000152587891,6.340000152587891,6.340000152587891,6.340000152587891,6.340000152587891,0.0
2024-04-24 12:41:00,ME,0.47859999537467957,0.47859999537467957,0.47859999537467957,0.47859999537467957,0.47859999537467957,100.0
2024-04-24 12:41:00,SXTP,0.23999999463558197,0.23999999463558197,0.23999999463558197,0.23899999260902405,0.23899999260902405,500.0
2024-04-24 12:41:00,TSVT,4.315000057220459,4.315000057220459,4.315000057220459,4.315000057220459,4.315000057220459,124.0
2024-04-24 12:41:00,TXG,27.270000457763672,27.270000457763672,27.270000457763672,27.239999771118164,27.239999771118164,3217.0
2024-04-24 12:41:00,VERU,1.3300000429153442,1.3300000429153442,1.3300000429153442,1.3200000524520874,1.3200000524520874,2024.0
2024-04-24 12:41:00,VERV,6.630000114440918,6.630000114440918,6.630000114440918,6.627500057220459,6.627500057220459,2097.0
2024-04-24 12:41:00,VERX,28.4950008392334,28.4950008392334,28.510000228881836,28.4950008392334,28.510000228881836,1710.0
2024-04-24 12:41:00,VFS,2.484999895095825,2.484999895095825,2.484999895095825,2.484999895095825,2.484999895095825,2409.0
2024-04-24 12:41:00,VIAV,7.945000171661377,7.945000171661377,7.945000171661377,7.940000057220459,7.940000057220459,1796.0
2024-04-24 12:41:00,VICR,32.18000030517578,32.18000030517578,32.18000030517578,32.18000030517578,32.18000030517578,401.0
2024-04-24 12:41:00,VINC,0.9200000166893005,0.9200000166893005,0.9200000166893005,0.9200000166893005,0.9200000166893005,5052.0
2024-04-24 12:41:00,VIOT,0.5770000219345093,0.5770000219345093,0.5770000219345093,0.5770000219345093,0.5770000219345093,1508.0
2024-04-24 12:41:00,VIR,8.194999694824219,8.194999694824219,8.194999694824219,8.194999694824219,8.194999694824219,409.0
2024-04-24 12:41:00,VIRT,22.645000457763672,22.645000457763672,22.649999618530273,22.639999389648438,22.649999618530273,2040.0
2024-04-24 12:41:00,VKTX,64.71499633789062,64.71499633789062,64.71499633789062,64.66000366210938,64.66000366210938,1376.0
2024-04-24 12:41:00,VLGEA,27.25,27.25,27.260000228881836,27.25,27.260000228881836,620.0
2024-04-24 12:41:00,VMD,7.980000019073486,7.980000019073486,7.980000019073486,7.980000019073486,7.980000019073486,200.0
2024-04-24 12:41:00,VMEO,3.5350000858306885,3.5350000858306885,3.5350000858306885,3.5350000858306885,3.5350000858306885,750.0
2024-04-24 12:41:00,VNET,1.5299999713897705,1.5299999713897705,1.5299999713897705,1.5299999713897705,1.5299999713897705,652.0
2024-04-24 12:41:00,VNOM,39.744998931884766,39.744998931884766,39.744998931884766,39.744998931884766,39.744998931884766,416.0
2024-04-24 12:41:00,VOD,8.604999542236328,8.604999542236328,8.609999656677246,8.604999542236328,8.609999656677246,5765.0
2024-04-24 12:41:00,VOR,1.7400000095367432,1.7400000095367432,1.7400000095367432,1.7350000143051147,1.7350000143051147,3205.0
2024-04-24 12:41:00,VRDN,13.329999923706055,13.329999923706055,13.329999923706055,13.3149995803833,13.329999923706055,688.0
2024-04-24 12:41:00,VRNA,15.579999923706055,15.579999923706055,15.600000381469727,15.579999923706055,15.59000015258789,821.0
2024-04-24 12:41:00,VRTS,232.94000244140625,232.94000244140625,232.94000244140625,232.94000244140625,232.94000244140625,137.0
2024-04-24 12:41:00,VRTX,399.489990234375,399.489990234375,399.489990234375,399.489990234375,399.489990234375,1099.0
2024-04-24 12:41:00,VTRS,11.395000457763672,11.395000457763672,11.399999618530273,11.395000457763672,11.399999618530273,1442.0
2024-04-24 12:41:00,VTSI,12.100000381469727,12.100000381469727,12.114999771118164,12.100000381469727,12.114999771118164,1130.0
2024-04-24 12:41:00,WASH,26.31999969482422,26.31999969482422,26.31999969482422,26.31999969482422,26.31999969482422,423.0
2024-04-24 12:41:00,WB,8.335000038146973,8.335000038146973,8.335000038146973,8.335000038146973,8.335000038146973,1280.0
2024-04-24 12:41:00,WBA,17.719999313354492,17.719999313354492,17.729999542236328,17.719999313354492,17.725000381469727,28231.0
2024-04-24 12:41:00,WBD,8.291299819946289,8.291299819946289,8.297499656677246,8.291299819946289,8.297499656677246,15144.0
2024-04-24 12:41:00,WDAY,255.2899932861328,255.2899932861328,255.3300018310547,255.25,255.30999755859375,2346.0
2024-04-24 12:41:00,WDC,68.38999938964844,68.38999938964844,68.42500305175781,68.38999938964844,68.42500305175781,5015.0
2024-04-24 12:41:00,WEN,19.934999465942383,19.934999465942383,19.934999465942383,19.934999465942383,19.934999465942383,908.0
2024-04-24 12:41:00,WERN,35.040000915527344,35.040000915527344,35.040000915527344,35.040000915527344,35.040000915527344,1027.0
2024-04-24 12:41:00,WFRD,122.27999877929688,122.27999877929688,122.27999877929688,122.27999877929688,122.27999877929688,842.0
2024-04-24 12:41:00,WIMI,1.0398999452590942,1.0398999452590942,1.0399999618530273,1.0300999879837036,1.0300999879837036,3828.0
2024-04-24 12:41:00,WISA,5.769999980926514,5.769999980926514,5.769999980926514,5.769999980926514,5.769999980926514,1059.0
2024-04-24 12:41:00,WKHS,0.1607999950647354,0.1607999950647354,0.16089999675750732,0.1607999950647354,0.1607999950647354,9167.0
2024-04-24 12:41:00,WKME,7.78000020980835,7.78000020980835,7.809999942779541,7.78000020980835,7.809999942779541,320.0
2024-04-24 12:41:00,WMG,32.04999923706055,32.04999923706055,32.04999923706055,32.04499816894531,32.04499816894531,631.0
2024-04-24 12:41:00,WNEB,6.5,6.5,6.5,6.489999771118164,6.489999771118164,584.0
2024-04-24 12:41:00,WSBC,28.170000076293945,28.170000076293945,28.170000076293945,28.15999984741211,28.15999984741211,537.0
2024-04-24 12:41:00,WSC,37.630001068115234,37.630001068115234,37.650001525878906,37.619998931884766,37.650001525878906,2518.0
2024-04-24 12:41:00,WSFS,44.42499923706055,44.42499923706055,44.42499923706055,44.42499923706055,44.42499923706055,571.0
2024-04-24 12:41:00,WVE,5.110000133514404,5.110000133514404,5.110000133514404,5.099999904632568,5.099999904632568,1781.0
2024-04-24 12:41:00,WW,1.6749999523162842,1.6749999523162842,1.6749999523162842,1.6749999523162842,1.6749999523162842,3176.0
2024-04-24 12:41:00,WWD,148.75,148.75,148.75,148.7050018310547,148.7050018310547,714.0
2024-04-24 12:41:00,WYNN,96.4800033569336,96.4800033569336,96.48999786376953,96.44499969482422,96.44499969482422,1737.0
2024-04-24 12:41:00,XBIT,8.319999694824219,8.319999694824219,8.319999694824219,8.319999694824219,8.319999694824219,602.0
2024-04-24 12:41:00,XEL,55.5099983215332,55.5099983215332,55.5099983215332,55.4900016784668,55.494998931884766,4323.0
2024-04-24 12:41:00,XENE,39.900001525878906,39.900001525878906,39.900001525878906,39.900001525878906,39.900001525878906,908.0
2024-04-24 12:41:00,XFOR,1.2599999904632568,1.2599999904632568,1.2599999904632568,1.2512999773025513,1.2512999773025513,7707.0
2024-04-24 12:41:00,XMTR,16.860000610351562,16.860000610351562,16.860000610351562,16.850000381469727,16.860000610351562,1405.0
2024-04-24 12:41:00,XP,20.295000076293945,20.295000076293945,20.299999237060547,20.295000076293945,20.299999237060547,2566.0
2024-04-24 12:41:00,XRX,14.255000114440918,14.255000114440918,14.270000457763672,14.249899864196777,14.270000457763672,9015.0
2024-04-24 12:41:00,XXII,1.840000033378601,1.840000033378601,1.840000033378601,1.840000033378601,1.840000033378601,478.0
2024-04-24 12:41:00,YMAB,15.069999694824219,15.069999694824219,15.078700065612793,15.069999694824219,15.07859992980957,706.0
2024-04-24 12:41:00,Z,43.41999816894531,43.41999816894531,43.41999816894531,43.400001525878906,43.400001525878906,1916.0
2024-04-24 12:41:00,ZCMD,1.690000057220459,1.690000057220459,1.690000057220459,1.6749999523162842,1.6749999523162842,964.0
2024-04-24 12:41:00,ZD,51.54999923706055,51.54999923706055,51.54999923706055,51.54999923706055,51.54999923706055,605.0
2024-04-24 12:41:00,ZI,15.774999618530273,15.774999618530273,15.774999618530273,15.774999618530273,15.774999618530273,1735.0
2024-04-24 12:41:00,ZION,42.0,42.0,42.0,41.9900016784668,41.9900016784668,2672.0
2024-04-24 12:41:00,ZM,61.209999084472656,61.209999084472656,61.224998474121094,61.209999084472656,61.220001220703125,2043.0
2024-04-24 12:41:00,ZNTL,12.0600004196167,12.0600004196167,12.0600004196167,12.0600004196167,12.0600004196167,667.0
2024-04-24 12:41:00,ZUMZ,16.934999465942383,16.934999465942383,16.934999465942383,16.934999465942383,16.934999465942383,477.0
2024-04-24 12:41:00,ZURA,3.2100000381469727,3.2100000381469727,3.2100000381469727,3.2100000381469727,3.2100000381469727,124.0
2024-04-24 12:41:00,ZURAW,0.39309999346733093,0.39309999346733093,0.39309999346733093,0.39309999346733093,0.39309999346733093,0.0
2024-04-24 12:41:00,ZVSA,0.6100000143051147,0.6100000143051147,0.6100000143051147,0.6100000143051147,0.6100000143051147,907.0
2024-04-24 12:41:00,ZYME,8.579999923706055,8.579999923706055,8.579999923706055,8.579999923706055,8.579999923706055,254.0
2024-04-24 12:42:00,DIBS,5.400000095367432,5.400000095367432,5.400000095367432,5.400000095367432,5.400000095367432,253.0
2024-04-24 12:42:00,EGHT,2.3350000381469727,2.3350000381469727,2.3397998809814453,2.3350000381469727,2.3397998809814453,745.0
2024-04-24 12:42:00,MAPS,1.0800000429153442,1.0800000429153442,1.0800000429153442,1.0800000429153442,1.0800000429153442,400.0
2024-04-24 12:42:00,ME,0.4790000021457672,0.4790000021457672,0.4790000021457672,0.47859999537467957,0.47859999537467957,573.0
2024-04-24 12:42:00,SEAT,5.824999809265137,5.824999809265137,5.824999809265137,5.824999809265137,5.824999809265137,409.0
2024-04-24 12:42:00,TSVT,4.315000057220459,4.315000057220459,4.315000057220459,4.315000057220459,4.315000057220459,516.0
2024-04-24 12:42:00,TWOU,0.2345999926328659,0.2345999926328659,0.23469999432563782,0.2345999926328659,0.23469999432563782,1296.0
2024-04-24 12:42:00,TXG,27.239999771118164,27.239999771118164,27.239999771118164,27.239999771118164,27.239999771118164,1479.0
2024-04-24 12:42:00,VCTR,49.630001068115234,49.630001068115234,49.630001068115234,49.630001068115234,49.630001068115234,507.0
2024-04-24 12:42:00,VERU,1.3200000524520874,1.3200000524520874,1.3224999904632568,1.3200000524520874,1.3200000524520874,1511.0
2024-04-24 12:42:00,VERV,6.630000114440918,6.630000114440918,6.630000114440918,6.625,6.625,1372.0
2024-04-24 12:42:00,VERX,28.489999771118164,28.489999771118164,28.489999771118164,28.489999771118164,28.489999771118164,336.0
2024-04-24 12:42:00,VFS,2.490000009536743,2.490000009536743,2.490000009536743,2.484999895095825,2.484999895095825,1581.0
2024-04-24 12:42:00,VIAV,7.945000171661377,7.945000171661377,7.954999923706055,7.945000171661377,7.949999809265137,4665.0
2024-04-24 12:42:00,VIGL,2.6500000953674316,2.6500000953674316,2.6500000953674316,2.6500000953674316,2.6500000953674316,712.0
2024-04-24 12:42:00,VINC,0.9100000262260437,0.9100000262260437,0.9100000262260437,0.9100000262260437,0.9100000262260437,306.0
2024-04-24 12:42:00,VIR,8.194999694824219,8.194999694824219,8.194999694824219,8.194999694824219,8.194999694824219,144.0
2024-04-24 12:42:00,VIRT,22.635000228881836,22.635000228881836,22.639999389648438,22.635000228881836,22.639999389648438,428.0
2024-04-24 12:42:00,VKTX,64.64209747314453,64.64209747314453,64.64209747314453,64.60150146484375,64.60150146484375,3964.0
2024-04-24 12:42:00,VLGEA,27.25,27.25,27.25,27.25,27.25,668.0
2024-04-24 12:42:00,VMD,7.980000019073486,7.980000019073486,7.980000019073486,7.980000019073486,7.980000019073486,100.0
2024-04-24 12:42:00,VNOM,39.720001220703125,39.720001220703125,39.744998931884766,39.720001220703125,39.72999954223633,2389.0
2024-04-24 12:42:00,VOD,8.604999542236328,8.604999542236328,8.609999656677246,8.604999542236328,8.609999656677246,1792.0
2024-04-24 12:42:00,VRCA,6.739999771118164,6.739999771118164,6.739999771118164,6.739999771118164,6.739999771118164,881.0
2024-04-24 12:42:00,VRDN,13.289999961853027,13.289999961853027,13.300000190734863,13.289999961853027,13.300000190734863,1465.0
2024-04-24 12:42:00,VRNA,15.579999923706055,15.579999923706055,15.579999923706055,15.579999923706055,15.579999923706055,316.0
2024-04-24 12:42:00,VRRM,24.219999313354492,24.219999313354492,24.219999313354492,24.219999313354492,24.219999313354492,338.0
2024-04-24 12:42:00,VSAT,16.25,16.25,16.25,16.25,16.25,723.0
2024-04-24 12:42:00,VTGN,4.679999828338623,4.679999828338623,4.679999828338623,4.679999828338623,4.679999828338623,250.0
2024-04-24 12:42:00,VTNR,1.5750000476837158,1.5750000476837158,1.5750000476837158,1.5750000476837158,1.5750000476837158,925.0
2024-04-24 12:42:00,VTRS,11.399999618530273,11.399999618530273,11.399999618530273,11.390000343322754,11.390000343322754,1078.0
2024-04-24 12:42:00,VTSI,12.0600004196167,12.0600004196167,12.0600004196167,12.041999816894531,12.041999816894531,824.0
2024-04-24 12:42:00,VUZI,1.2699999809265137,1.2699999809265137,1.2799999713897705,1.2699999809265137,1.274999976158142,796.0
2024-04-24 12:42:00,WB,8.329999923706055,8.329999923706055,8.335000038146973,8.329999923706055,8.335000038146973,1207.0
2024-04-24 12:42:00,WBA,17.704999923706055,17.704999923706055,17.725000381469727,17.704999923706055,17.725000381469727,9009.0
2024-04-24 12:42:00,WBD,8.295000076293945,8.295000076293945,8.295000076293945,8.289999961853027,8.295000076293945,5382.0
2024-04-24 12:42:00,WDAY,255.22999572753906,255.22999572753906,255.2899932861328,255.22999572753906,255.2899932861328,1287.0
2024-04-24 12:42:00,WDC,68.37999725341797,68.37999725341797,68.4208984375,68.37999725341797,68.40499877929688,3520.0
2024-04-24 12:42:00,WEN,19.934999465942383,19.934999465942383,19.940000534057617,19.934999465942383,19.940000534057617,289.0
2024-04-24 12:42:00,WERN,35.03499984741211,35.03499984741211,35.03499984741211,35.01900100708008,35.02000045776367,1315.0
2024-04-24 12:42:00,WFRD,122.20999908447266,122.20999908447266,122.29000091552734,122.0,122.29000091552734,7211.0
2024-04-24 12:42:00,WHLM,6.670000076293945,6.670000076293945,6.670000076293945,6.670000076293945,6.670000076293945,513.0
2024-04-24 12:42:00,WIMI,1.0303000211715698,1.0303000211715698,1.0399999618530273,1.0299999713897705,1.0299999713897705,12776.0
2024-04-24 12:42:00,WINA,373.70001220703125,373.70001220703125,373.70001220703125,373.70001220703125,373.70001220703125,685.0
2024-04-24 12:42:00,WISA,5.74399995803833,5.74399995803833,5.800000190734863,5.74399995803833,5.7743000984191895,1924.0
2024-04-24 12:42:00,WIX,121.55999755859375,121.55999755859375,121.55999755859375,121.55999755859375,121.55999755859375,307.0
2024-04-24 12:42:00,WKHS,0.16089999675750732,0.16089999675750732,0.16089999675750732,0.1599999964237213,0.1599999964237213,27449.0
2024-04-24 12:42:00,WMG,32.060001373291016,32.060001373291016,32.060001373291016,32.04999923706055,32.04999923706055,430.0
2024-04-24 12:42:00,WSC,37.630001068115234,37.630001068115234,37.630001068115234,37.630001068115234,37.630001068115234,2227.0
2024-04-24 12:42:00,WTFC,99.48999786376953,99.48999786376953,99.48999786376953,99.48999786376953,99.48999786376953,209.0
2024-04-24 12:42:00,WW,1.6749999523162842,1.6749999523162842,1.6749999523162842,1.6699999570846558,1.6749999523162842,1608.0
2024-04-24 12:42:00,WWD,148.73500061035156,148.73500061035156,148.73500061035156,148.73500061035156,148.73500061035156,415.0
2024-04-24 12:42:00,WYNN,96.4000015258789,96.4000015258789,96.45999908447266,96.4000015258789,96.45999908447266,1492.0
2024-04-24 12:42:00,XEL,55.5099983215332,55.5099983215332,55.51499938964844,55.5099983215332,55.5099983215332,1821.0
2024-04-24 12:42:00,XFOR,1.2599999904632568,1.2599999904632568,1.2599999904632568,1.2599999904632568,1.2599999904632568,100.0
2024-04-24 12:42:00,XP,20.295000076293945,20.295000076293945,20.30500030517578,20.295000076293945,20.299999237060547,3451.0
2024-04-24 12:42:00,XRX,14.2475004196167,14.2475004196167,14.260000228881836,14.244999885559082,14.25,3175.0
2024-04-24 12:42:00,XXII,1.8493000268936157,1.8493000268936157,1.8493000268936157,1.8493000268936157,1.8493000268936157,2000.0
2024-04-24 12:42:00,YMAB,15.0600004196167,15.0600004196167,15.069999694824219,15.0600004196167,15.0600004196167,4766.0
2024-04-24 12:42:00,YTRA,1.2999999523162842,1.2999999523162842,1.2999999523162842,1.2999999523162842,1.2999999523162842,500.0
2024-04-24 12:42:00,Z,43.40999984741211,43.40999984741211,43.41999816894531,43.40999984741211,43.41999816894531,1639.0
2024-04-24 12:42:00,ZCMD,1.6749999523162842,1.6749999523162842,1.6749999523162842,1.6749999523162842,1.6749999523162842,242.0
2024-04-24 12:42:00,ZD,51.560001373291016,51.560001373291016,51.58000183105469,51.52000045776367,51.58000183105469,657.0
2024-04-24 12:42:00,ZG,42.91999816894531,42.91999816894531,42.91999816894531,42.91999816894531,42.91999816894531,390.0
2024-04-24 12:42:00,ZI,15.765000343322754,15.765000343322754,15.770000457763672,15.765000343322754,15.770000457763672,3102.0
2024-04-24 12:42:00,ZION,41.9900016784668,41.9900016784668,42.0,41.9900016784668,41.9900016784668,1342.0
2024-04-24 12:42:00,ZM,61.189998626708984,61.189998626708984,61.20000076293945,61.189998626708984,61.20000076293945,4872.0
2024-04-24 12:42:00,ZNTL,12.069999694824219,12.069999694824219,12.079999923706055,12.069999694824219,12.079999923706055,953.0
2024-04-24 12:42:00,ZS,176.3350067138672,176.3350067138672,176.39999389648438,176.32000732421875,176.39999389648438,700.0
2024-04-24 12:43:00,EGHT,2.3399999141693115,2.3399999141693115,2.3399999141693115,2.3399999141693115,2.3399999141693115,212.0
2024-04-24 12:43:00,ETNB,8.591099739074707,8.591099739074707,8.591099739074707,8.591099739074707,8.591099739074707,546.0
2024-04-24 12:43:00,FDMT,24.799999237060547,24.799999237060547,24.799999237060547,24.790000915527344,24.790000915527344,1067.0
2024-04-24 12:43:00,MAPS,1.0800000429153442,1.0800000429153442,1.0800000429153442,1.0800000429153442,1.0800000429153442,510.0
2024-04-24 12:43:00,ME,0.47859999537467957,0.47859999537467957,0.47859999537467957,0.47859999537467957,0.47859999537467957,1385.0
2024-04-24 12:43:00,SEAT,5.835000038146973,5.835000038146973,5.835000038146973,5.824999809265137,5.824999809265137,4464.0
2024-04-24 12:43:00,TWOU,0.23479999601840973,0.23479999601840973,0.23479999601840973,0.23469999432563782,0.23469999432563782,5812.0
2024-04-24 12:43:00,TXG,27.219999313354492,27.219999313354492,27.219999313354492,27.219999313354492,27.219999313354492,454.0
2024-04-24 12:43:00,VCTR,49.65999984741211,49.65999984741211,49.65999984741211,49.599998474121094,49.599998474121094,1766.0
2024-04-24 12:43:00,VERU,1.3300000429153442,1.3300000429153442,1.3300000429153442,1.3250000476837158,1.3250000476837158,1741.0
2024-04-24 12:43:00,VERV,6.635000228881836,6.635000228881836,6.635000228881836,6.630000114440918,6.630000114440918,1760.0
2024-04-24 12:43:00,VERX,28.530000686645508,28.530000686645508,28.530000686645508,28.510000228881836,28.520000457763672,1704.0
2024-04-24 12:43:00,VFS,2.484999895095825,2.484999895095825,2.484999895095825,2.484999895095825,2.484999895095825,500.0
2024-04-24 12:43:00,VIAV,7.940000057220459,7.940000057220459,7.945000171661377,7.940000057220459,7.945000171661377,12050.0
2024-04-24 12:43:00,VICR,32.27000045776367,32.27000045776367,32.27000045776367,32.27000045776367,32.27000045776367,548.0
2024-04-24 12:43:00,VIR,8.1899995803833,8.1899995803833,8.190899848937988,8.1899995803833,8.1899995803833,712.0
2024-04-24 12:43:00,VIRT,22.670000076293945,22.670000076293945,22.670000076293945,22.635000228881836,22.635000228881836,3749.0
2024-04-24 12:43:00,VITL,26.670000076293945,26.670000076293945,26.670000076293945,26.670000076293945,26.670000076293945,998.0
2024-04-24 12:43:00,VKTX,64.5999984741211,64.5999984741211,64.66999816894531,64.5999984741211,64.66999816894531,2344.0
2024-04-24 12:43:00,VLCN,0.25940001010894775,0.25940001010894775,0.25940001010894775,0.25940001010894775,0.25940001010894775,2611.0
2024-04-24 12:43:00,VMD,7.980000019073486,7.980000019073486,7.980000019073486,7.980000019073486,7.980000019073486,256.0
2024-04-24 12:43:00,VMEO,3.5350000858306885,3.5350000858306885,3.5350000858306885,3.5350000858306885,3.5350000858306885,479.0
2024-04-24 12:43:00,VNOM,39.68000030517578,39.68000030517578,39.744998931884766,39.65999984741211,39.744998931884766,2864.0
2024-04-24 12:43:00,VOD,8.609999656677246,8.609999656677246,8.609999656677246,8.604999542236328,8.60990047454834,2891.0
2024-04-24 12:43:00,VOXR,2.079900026321411,2.079900026321411,2.079900026321411,2.079900026321411,2.079900026321411,10000.0
2024-04-24 12:43:00,VRRM,24.219999313354492,24.219999313354492,24.219999313354492,24.219999313354492,24.219999313354492,728.0
2024-04-24 12:43:00,VS,1.440000057220459,1.440000057220459,1.4479999542236328,1.440000057220459,1.4420000314712524,1183.0
2024-04-24 12:43:00,VSAT,16.2450008392334,16.2450008392334,16.2450008392334,16.229999542236328,16.229999542236328,1530.0
2024-04-24 12:43:00,VTNR,1.5750000476837158,1.5750000476837158,1.5750000476837158,1.5750000476837158,1.5750000476837158,4115.0
2024-04-24 12:43:00,VTRS,11.390000343322754,11.390000343322754,11.399999618530273,11.390000343322754,11.395000457763672,1602.0
2024-04-24 12:43:00,VTSI,12.045999526977539,12.045999526977539,12.045999526977539,12.045999526977539,12.045999526977539,50.0
2024-04-24 12:43:00,VVOS,2.5850000381469727,2.5850000381469727,2.5850000381469727,2.5606000423431396,2.5799999237060547,1187.0
2024-04-24 12:43:00,VWE,0.27000001072883606,0.27000001072883606,0.27000001072883606,0.27000001072883606,0.27000001072883606,40000.0
2024-04-24 12:43:00,WAFD,28.0,28.0,28.0,27.989999771118164,27.989999771118164,1909.0
2024-04-24 12:43:00,WB,8.34000015258789,8.34000015258789,8.34000015258789,8.34000015258789,8.34000015258789,143.0
2024-04-24 12:43:00,WBA,17.735000610351562,17.735000610351562,17.735000610351562,17.709999084472656,17.709999084472656,35824.0
2024-04-24 12:43:00,WBD,8.289999961853027,8.289999961853027,8.295000076293945,8.289999961853027,8.295000076293945,5281.0
2024-04-24 12:43:00,WDAY,255.3000030517578,255.3000030517578,255.3000030517578,255.3000030517578,255.3000030517578,763.0
2024-04-24 12:43:00,WDC,68.36000061035156,68.36000061035156,68.41000366210938,68.36000061035156,68.37000274658203,4658.0
2024-04-24 12:43:00,WEN,19.934999465942383,19.934999465942383,19.940000534057617,19.934999465942383,19.940000534057617,367.0
2024-04-24 12:43:00,WERN,35.08000183105469,35.08000183105469,35.08000183105469,35.08000183105469,35.08000183105469,647.0
2024-04-24 12:43:00,WHLR,0.14079999923706055,0.14079999923706055,0.14079999923706055,0.14079999923706055,0.14079999923706055,1488.0
2024-04-24 12:43:00,WIMI,1.0300999879837036,1.0300999879837036,1.0399999618530273,1.0300999879837036,1.0396000146865845,5246.0
2024-04-24 12:43:00,WISA,5.71999979019165,5.71999979019165,5.71999979019165,5.71999979019165,5.71999979019165,435.0
2024-04-24 12:43:00,WKHS,0.1607999950647354,0.1607999950647354,0.1607999950647354,0.1607999950647354,0.1607999950647354,2100.0
2024-04-24 12:43:00,WMG,32.04999923706055,32.04999923706055,32.04999923706055,32.04499816894531,32.04999923706055,696.0
2024-04-24 12:43:00,WSC,37.630001068115234,37.630001068115234,37.63999938964844,37.630001068115234,37.63999938964844,4398.0
2024-04-24 12:43:00,WTFC,99.58000183105469,99.58000183105469,99.58000183105469,99.58000183105469,99.58000183105469,227.0
2024-04-24 12:43:00,WW,1.6749999523162842,1.6749999523162842,1.6749999523162842,1.6725000143051147,1.6749999523162842,416.0
2024-04-24 12:43:00,WYNN,96.41999816894531,96.41999816894531,96.41999816894531,96.4000015258789,96.4000015258789,882.0
2024-04-24 12:43:00,XEL,55.505001068115234,55.505001068115234,55.52000045776367,55.5,55.5099983215332,5021.0
2024-04-24 12:43:00,XERS,1.7400000095367432,1.7400000095367432,1.7400000095367432,1.7400000095367432,1.7400000095367432,102.0
2024-04-24 12:43:00,XFOR,1.2599999904632568,1.2599999904632568,1.2599999904632568,1.2599999904632568,1.2599999904632568,200.0
2024-04-24 12:43:00,XMTR,16.8700008392334,16.8700008392334,16.8700008392334,16.850000381469727,16.850000381469727,631.0
2024-04-24 12:43:00,XP,20.295000076293945,20.295000076293945,20.299999237060547,20.295000076293945,20.295000076293945,1637.0
2024-04-24 12:43:00,XPEL,54.2599983215332,54.2599983215332,54.2599983215332,54.2599983215332,54.2599983215332,158.0
2024-04-24 12:43:00,XRTX,2.9000000953674316,2.9000000953674316,2.9100000858306885,2.9000000953674316,2.9100000858306885,300.0
2024-04-24 12:43:00,XRX,14.274999618530273,14.274999618530273,14.274999618530273,14.25,14.25,12401.0
2024-04-24 12:43:00,YMAB,15.069999694824219,15.069999694824219,15.069999694824219,15.069999694824219,15.069999694824219,1289.0
2024-04-24 12:43:00,YORW,35.529998779296875,35.529998779296875,35.6349983215332,35.529998779296875,35.599998474121094,2066.0
2024-04-24 12:43:00,Z,43.40999984741211,43.40999984741211,43.40999984741211,43.40999984741211,43.40999984741211,183.0
2024-04-24 12:43:00,ZBRA,275.1300048828125,275.1300048828125,275.1300048828125,275.1300048828125,275.1300048828125,676.0
2024-04-24 12:43:00,ZCMD,1.690000057220459,1.690000057220459,1.690000057220459,1.690000057220459,1.690000057220459,100.0
2024-04-24 12:43:00,ZD,51.529998779296875,51.529998779296875,51.529998779296875,51.529998779296875,51.529998779296875,635.0
2024-04-24 12:43:00,ZI,15.774999618530273,15.774999618530273,15.774999618530273,15.770000457763672,15.770000457763672,1872.0
2024-04-24 12:43:00,ZION,42.0,42.0,42.0099983215332,41.9900016784668,41.9900016784668,1450.0
2024-04-24 12:43:00,ZLAB,15.579999923706055,15.579999923706055,15.579999923706055,15.579999923706055,15.579999923706055,1369.0
2024-04-24 12:43:00,ZM,61.244998931884766,61.244998931884766,61.244998931884766,61.20000076293945,61.20000076293945,5779.0
2024-04-24 12:43:00,ZS,176.41000366210938,176.41000366210938,176.41000366210938,176.35000610351562,176.35000610351562,13467.0
2024-04-24 12:43:00,ZUMZ,16.954999923706055,16.954999923706055,16.985000610351562,16.899999618530273,16.93000030517578,56210.0
2024-04-24 12:43:00,ZVSA,0.6071000099182129,0.6071000099182129,0.6071000099182129,0.6071000099182129,0.6071000099182129,305.0
2024-04-24 12:43:00,ZYXI,11.359999656677246,11.359999656677246,11.359999656677246,11.359999656677246,11.359999656677246,974.0
2024-04-24 12:44:00,ETNB,8.579999923706055,8.579999923706055,8.579999923706055,8.579999923706055,8.579999923706055,957.0
2024-04-24 12:44:00,MASS,5.610000133514404,5.610000133514404,5.610000133514404,5.599999904632568,5.599999904632568,1295.0
2024-04-24 12:44:00,ME,0.4805000126361847,0.4805000126361847,0.4805000126361847,0.47760000824928284,0.47760000824928284,20647.0
2024-04-24 12:44:00,SEAT,5.840000152587891,5.840000152587891,5.840000152587891,5.840000152587891,5.840000152587891,270.0
2024-04-24 12:44:00,TSVT,4.315000057220459,4.315000057220459,4.315000057220459,4.315000057220459,4.315000057220459,223.0
2024-04-24 12:44:00,TXG,27.219999313354492,27.219999313354492,27.219999313354492,27.209999084472656,27.209999084472656,1221.0
2024-04-24 12:44:00,VC,109.99500274658203,109.99500274658203,109.99500274658203,109.99500274658203,109.99500274658203,303.0
2024-04-24 12:44:00,VERU,1.332900047302246,1.332900047302246,1.340000033378601,1.3300000429153442,1.3300000429153442,2921.0
2024-04-24 12:44:00,VERV,6.625,6.625,6.625,6.625,6.625,336.0
2024-04-24 12:44:00,VERX,28.479999542236328,28.479999542236328,28.520000457763672,28.469999313354492,28.520000457763672,5767.0
2024-04-24 12:44:00,VFF,1.2899999618530273,1.2899999618530273,1.2899999618530273,1.2899999618530273,1.2899999618530273,1567.0
2024-04-24 12:44:00,VIAV,7.934999942779541,7.934999942779541,7.934999942779541,7.934999942779541,7.934999942779541,517.0
2024-04-24 12:44:00,VINC,0.910099983215332,0.910099983215332,0.910099983215332,0.910099983215332,0.910099983215332,1042.0
2024-04-24 12:44:00,VIR,8.197999954223633,8.197999954223633,8.197999954223633,8.197999954223633,8.197999954223633,629.0
2024-04-24 12:44:00,VIRT,22.639999389648438,22.639999389648438,22.65999984741211,22.639999389648438,22.65999984741211,1821.0
2024-04-24 12:44:00,VKTX,64.54000091552734,64.54000091552734,64.55159759521484,64.54000091552734,64.55159759521484,2882.0
2024-04-24 12:44:00,VLCN,0.25949999690055847,0.25949999690055847,0.25949999690055847,0.25949999690055847,0.25949999690055847,1787.0
2024-04-24 12:44:00,VMD,7.980000019073486,7.980000019073486,7.980000019073486,7.980000019073486,7.980000019073486,200.0
2024-04-24 12:44:00,VMEO,3.5339999198913574,3.5339999198913574,3.5399999618530273,3.5339999198913574,3.5399999618530273,1714.0
2024-04-24 12:44:00,VNOM,39.68000030517578,39.68000030517578,39.68000030517578,39.68000030517578,39.68000030517578,125.0
2024-04-24 12:44:00,VOD,8.609999656677246,8.609999656677246,8.609999656677246,8.604999542236328,8.609999656677246,1588.0
2024-04-24 12:44:00,VOR,1.75,1.75,1.75,1.7450000047683716,1.7450000047683716,2846.0
2024-04-24 12:44:00,VRRM,24.204999923706055,24.204999923706055,24.204999923706055,24.204999923706055,24.204999923706055,1318.0
2024-04-24 12:44:00,VRTX,399.2900085449219,399.2900085449219,399.5199890136719,399.2900085449219,399.5199890136719,2252.0
2024-04-24 12:44:00,VSAT,16.209999084472656,16.209999084472656,16.239999771118164,16.209999084472656,16.239999771118164,1423.0
2024-04-24 12:44:00,VTNR,1.5750000476837158,1.5750000476837158,1.5750000476837158,1.5750000476837158,1.5750000476837158,0.0
2024-04-24 12:44:00,VTRS,11.395000457763672,11.395000457763672,11.399999618530273,11.390999794006348,11.395000457763672,2684.0
2024-04-24 12:44:00,VUZI,1.2719999551773071,1.2719999551773071,1.2719999551773071,1.2719999551773071,1.2719999551773071,413.0
2024-04-24 12:44:00,VVPR,3.589900016784668,3.589900016784668,3.589900016784668,3.589900016784668,3.589900016784668,3192.0
2024-04-24 12:44:00,WAFDP,15.930000305175781,15.930000305175781,15.930000305175781,15.930000305175781,15.930000305175781,291.0
2024-04-24 12:44:00,WASH,26.280000686645508,26.280000686645508,26.290000915527344,26.280000686645508,26.290000915527344,1333.0
2024-04-24 12:44:00,WB,8.335000038146973,8.335000038146973,8.34000015258789,8.335000038146973,8.34000015258789,775.0
2024-04-24 12:44:00,WBA,17.730100631713867,17.730100631713867,17.735000610351562,17.729999542236328,17.729999542236328,7117.0
2024-04-24 12:44:00,WBD,8.295000076293945,8.295000076293945,8.295000076293945,8.289999961853027,8.289999961853027,2653.0
2024-04-24 12:44:00,WDAY,255.3699951171875,255.3699951171875,255.3699951171875,255.3699951171875,255.3699951171875,265.0
2024-04-24 12:44:00,WDC,68.3949966430664,68.3949966430664,68.4000015258789,68.37000274658203,68.375,2447.0
2024-04-24 12:44:00,WEN,19.939300537109375,19.939300537109375,19.94499969482422,19.934999465942383,19.940000534057617,2943.0
2024-04-24 12:44:00,WEST,9.925000190734863,9.925000190734863,9.925000190734863,9.925000190734863,9.925000190734863,730.0
2024-04-24 12:44:00,WFRD,122.27999877929688,122.27999877929688,122.27999877929688,122.27999877929688,122.27999877929688,140.0
2024-04-24 12:44:00,WHFCL,25.04050064086914,25.04050064086914,25.049999237060547,25.04050064086914,25.049999237060547,1300.0
2024-04-24 12:44:00,WIMI,1.0399999618530273,1.0399999618530273,1.0399999618530273,1.0299999713897705,1.0299999713897705,16184.0
2024-04-24 12:44:00,WKHS,0.1606999933719635,0.1606999933719635,0.1607999950647354,0.1599999964237213,0.1607999950647354,11820.0
2024-04-24 12:44:00,WKME,7.809999942779541,7.809999942779541,7.820000171661377,7.809999942779541,7.820000171661377,344.0
2024-04-24 12:44:00,WMG,32.04499816894531,32.04499816894531,32.04999923706055,32.04499816894531,32.04499816894531,634.0
2024-04-24 12:44:00,WRLD,138.18499755859375,138.18499755859375,138.18499755859375,138.18499755859375,138.18499755859375,1620.0
2024-04-24 12:44:00,WSC,37.6349983215332,37.6349983215332,37.6349983215332,37.61000061035156,37.619998931884766,2709.0
2024-04-24 12:44:00,WSFS,44.43000030517578,44.43000030517578,44.43000030517578,44.43000030517578,44.43000030517578,473.0
2024-04-24 12:44:00,WTW,263.7900085449219,263.7900085449219,263.7900085449219,263.6650085449219,263.7300109863281,1456.0
2024-04-24 12:44:00,WVE,5.099999904632568,5.099999904632568,5.099999904632568,5.099999904632568,5.099999904632568,150.0
2024-04-24 12:44:00,WW,1.6749999523162842,1.6749999523162842,1.6749999523162842,1.6749999523162842,1.6749999523162842,115.0
2024-04-24 12:44:00,WWD,148.9600067138672,148.9600067138672,148.9600067138672,148.9600067138672,148.9600067138672,200.0
2024-04-24 12:44:00,WYNN,96.38500213623047,96.38500213623047,96.38500213623047,96.3499984741211,96.37000274658203,1944.0
2024-04-24 12:44:00,XEL,55.529998779296875,55.529998779296875,55.540000915527344,55.5099983215332,55.5099983215332,3667.0
2024-04-24 12:44:00,XERS,1.7400000095367432,1.7400000095367432,1.7400000095367432,1.7400000095367432,1.7400000095367432,271.0
2024-04-24 12:44:00,XFOR,1.2599999904632568,1.2599999904632568,1.2599999904632568,1.2599999904632568,1.2599999904632568,300.0
2024-04-24 12:44:00,XMTR,16.875,16.875,16.875,16.875,16.875,148.0
2024-04-24 12:44:00,XNCR,18.530000686645508,18.530000686645508,18.530000686645508,18.530000686645508,18.530000686645508,380.0
2024-04-24 12:44:00,XP,20.264999389648438,20.264999389648438,20.290000915527344,20.264999389648438,20.290000915527344,4262.0
2024-04-24 12:44:00,XRX,14.265000343322754,14.265000343322754,14.279999732971191,14.265000343322754,14.274999618530273,4972.0
2024-04-24 12:44:00,XXII,1.8499000072479248,1.8499000072479248,1.8499000072479248,1.8499000072479248,1.8499000072479248,340.0
2024-04-24 12:44:00,YTRA,1.2999999523162842,1.2999999523162842,1.2999999523162842,1.2999999523162842,1.2999999523162842,0.0
2024-04-24 12:44:00,Z,43.380001068115234,43.380001068115234,43.400001525878906,43.369998931884766,43.400001525878906,4173.0
2024-04-24 12:44:00,ZD,51.54999923706055,51.54999923706055,51.54999923706055,51.54999923706055,51.54999923706055,561.0
2024-04-24 12:44:00,ZG,42.88999938964844,42.88999938964844,42.88999938964844,42.88999938964844,42.88999938964844,406.0
2024-04-24 12:44:00,ZI,15.774999618530273,15.774999618530273,15.774999618530273,15.774999618530273,15.774999618530273,6788.0
2024-04-24 12:44:00,ZION,41.980098724365234,41.980098724365234,41.9900016784668,41.97999954223633,41.9900016784668,1527.0
2024-04-24 12:44:00,ZLAB,15.579999923706055,15.579999923706055,15.579999923706055,15.579999923706055,15.579999923706055,249.0
2024-04-24 12:44:00,ZM,61.25,61.25,61.25,61.22999954223633,61.2400016784668,4815.0
2024-04-24 12:44:00,ZNTL,12.055000305175781,12.055000305175781,12.0600004196167,12.050000190734863,12.050000190734863,542.0
2024-04-24 12:44:00,ZS,176.55999755859375,176.55999755859375,176.55999755859375,176.41000366210938,176.41000366210938,2851.0
2024-04-24 12:44:00,ZURA,3.2100000381469727,3.2100000381469727,3.2100000381469727,3.2100000381469727,3.2100000381469727,224.0
2024-04-24 12:45:00,COCO,23.940000534057617,23.940000534057617,23.940000534057617,23.940000534057617,23.940000534057617,569.0
2024-04-24 12:45:00,DSP,8.59000015258789,8.59000015258789,8.59000015258789,8.59000015258789,8.59000015258789,400.0
2024-04-24 12:45:00,EGHT,2.3399999141693115,2.3399999141693115,2.3399999141693115,2.3399999141693115,2.3399999141693115,102.0
2024-04-24 12:45:00,ETNB,8.569999694824219,8.569999694824219,8.569999694824219,8.569999694824219,8.569999694824219,249.0
2024-04-24 12:45:00,FDMT,24.719999313354492,24.719999313354492,24.770000457763672,24.709999084472656,24.770000457763672,1893.0
2024-04-24 12:45:00,ME,0.47749999165534973,0.47749999165534973,0.4805000126361847,0.47749999165534973,0.4805000126361847,1613.0
2024-04-24 12:45:00,SEAT,5.835000038146973,5.835000038146973,5.835000038146973,5.835000038146973,5.835000038146973,200.0
2024-04-24 12:45:00,SXTP,0.23999999463558197,0.23999999463558197,0.23999999463558197,0.23999999463558197,0.23999999463558197,19900.0
2024-04-24 12:45:00,TWOU,0.23479999601840973,0.23479999601840973,0.23479999601840973,0.23479999601840973,0.23479999601840973,2048.0
2024-04-24 12:45:00,TXG,27.21500015258789,27.21500015258789,27.239999771118164,27.21500015258789,27.239999771118164,1953.0
2024-04-24 12:45:00,VANI,1.749400019645691,1.749400019645691,1.749400019645691,1.749400019645691,1.749400019645691,135.0
2024-04-24 12:45:00,VC,110.01000213623047,110.01000213623047,110.01000213623047,110.01000213623047,110.01000213623047,961.0
2024-04-24 12:45:00,VCTR,49.63999938964844,49.63999938964844,49.63999938964844,49.63999938964844,49.63999938964844,724.0
2024-04-24 12:45:00,VERU,1.3300000429153442,1.3300000429153442,1.340000033378601,1.3300000429153442,1.340000033378601,1070.0
2024-04-24 12:45:00,VERV,6.625,6.625,6.625,6.619999885559082,6.619999885559082,897.0
2024-04-24 12:45:00,VERX,28.479999542236328,28.479999542236328,28.479999542236328,28.479999542236328,28.479999542236328,163.0
2024-04-24 12:45:00,VFF,1.2799999713897705,1.2799999713897705,1.2899999618530273,1.2799999713897705,1.2899999618530273,6172.0
2024-04-24 12:45:00,VFS,2.4800000190734863,2.4800000190734863,2.490000009536743,2.4800000190734863,2.4800000190734863,1406.0
2024-04-24 12:45:00,VIAV,7.945000171661377,7.945000171661377,7.945000171661377,7.929999828338623,7.929999828338623,11934.0
2024-04-24 12:45:00,VIR,8.194999694824219,8.194999694824219,8.194999694824219,8.194999694824219,8.194999694824219,206.0
2024-04-24 12:45:00,VIRT,22.639999389648438,22.639999389648438,22.646299362182617,22.639999389648438,22.645000457763672,2161.0
2024-04-24 12:45:00,VITL,26.65999984741211,26.65999984741211,26.65999984741211,26.65999984741211,26.65999984741211,590.0
2024-04-24 12:45:00,VKTX,64.54000091552734,64.54000091552734,64.62999725341797,64.54000091552734,64.62999725341797,4309.0
2024-04-24 12:45:00,VLCN,0.24740000069141388,0.24740000069141388,0.25940001010894775,0.24740000069141388,0.25940001010894775,2400.0
2024-04-24 12:45:00,VMD,7.980000019073486,7.980000019073486,7.980000019073486,7.980000019073486,7.980000019073486,263.0
2024-04-24 12:45:00,VMEO,3.5350000858306885,3.5350000858306885,3.5350000858306885,3.5350000858306885,3.5350000858306885,1387.0
2024-04-24 12:45:00,VNOM,39.67499923706055,39.67499923706055,39.67499923706055,39.67499923706055,39.67499923706055,1882.0
2024-04-24 12:45:00,VOD,8.609999656677246,8.609999656677246,8.609999656677246,8.604999542236328,8.609999656677246,1973.0
2024-04-24 12:45:00,VRDN,13.279999732971191,13.279999732971191,13.279999732971191,13.279999732971191,13.279999732971191,923.0
2024-04-24 12:45:00,VRNA,15.5600004196167,15.5600004196167,15.579999923706055,15.5600004196167,15.579999923706055,1993.0
2024-04-24 12:45:00,VRRM,24.200000762939453,24.200000762939453,24.209999084472656,24.200000762939453,24.200000762939453,1200.0
2024-04-24 12:45:00,VRTS,231.19000244140625,231.19000244140625,231.19000244140625,231.19000244140625,231.19000244140625,455.0
2024-04-24 12:45:00,VRTX,399.31500244140625,399.31500244140625,399.4100036621094,399.31500244140625,399.3999938964844,1007.0
2024-04-24 12:45:00,VSAT,16.208799362182617,16.208799362182617,16.209999084472656,16.204999923706055,16.204999923706055,1188.0
2024-04-24 12:45:00,VSEC,78.55999755859375,78.55999755859375,78.55999755859375,78.55999755859375,78.55999755859375,600.0
2024-04-24 12:45:00,VTNR,1.5750000476837158,1.5750000476837158,1.5750000476837158,1.5750000476837158,1.5750000476837158,1350.0
2024-04-24 12:45:00,VTRS,11.385000228881836,11.385000228881836,11.399999618530273,11.385000228881836,11.395000457763672,9479.0
2024-04-24 12:45:00,VUZI,1.274999976158142,1.274999976158142,1.274999976158142,1.274999976158142,1.274999976158142,0.0
2024-04-24 12:45:00,VVOS,2.569999933242798,2.569999933242798,2.569999933242798,2.569999933242798,2.569999933242798,556.0
2024-04-24 12:45:00,WAFD,27.969999313354492,27.969999313354492,27.979999542236328,27.969999313354492,27.979999542236328,1638.0
2024-04-24 12:45:00,WB,8.331600189208984,8.331600189208984,8.335000038146973,8.331600189208984,8.335000038146973,819.0
2024-04-24 12:45:00,WBA,17.719900131225586,17.719900131225586,17.739900588989258,17.71500015258789,17.735000610351562,6515.0
2024-04-24 12:45:00,WBD,8.295000076293945,8.295000076293945,8.295000076293945,8.289999961853027,8.295000076293945,2813.0
2024-04-24 12:45:00,WDAY,255.4199981689453,255.4199981689453,255.4199981689453,255.39999389648438,255.39999389648438,723.0
2024-04-24 12:45:00,WDC,68.4000015258789,68.4000015258789,68.43000030517578,68.38999938964844,68.41000366210938,3802.0
2024-04-24 12:45:00,WEN,19.934999465942383,19.934999465942383,19.934999465942383,19.934999465942383,19.934999465942383,504.0
2024-04-24 12:45:00,WERN,35.040000915527344,35.040000915527344,35.040000915527344,35.040000915527344,35.040000915527344,810.0
2024-04-24 12:45:00,WFRD,122.20850372314453,122.20850372314453,122.28500366210938,122.20850372314453,122.28500366210938,1174.0
2024-04-24 12:45:00,WIMI,1.0449999570846558,1.0449999570846558,1.0499000549316406,1.0299999713897705,1.0399999618530273,32374.0
2024-04-24 12:45:00,WINT,5.179999828338623,5.179999828338623,5.179999828338623,5.150000095367432,5.150000095367432,1165.0
2024-04-24 12:45:00,WISA,5.639999866485596,5.639999866485596,5.729899883270264,5.639999866485596,5.729899883270264,10562.0
2024-04-24 12:45:00,WIX,121.55999755859375,121.55999755859375,121.58999633789062,121.55999755859375,121.58999633789062,448.0
2024-04-24 12:45:00,WMG,32.07500076293945,32.07500076293945,32.07500076293945,32.04499816894531,32.04499816894531,1718.0
2024-04-24 12:45:00,WSBC,28.139999389648438,28.139999389648438,28.149999618530273,28.139999389648438,28.149999618530273,1776.0
2024-04-24 12:45:00,WSBF,12.010000228881836,12.010000228881836,12.015000343322754,12.010000228881836,12.015000343322754,979.0
2024-04-24 12:45:00,WSC,37.6349983215332,37.6349983215332,37.63999938964844,37.630001068115234,37.63999938964844,1953.0
2024-04-24 12:45:00,WTFC,99.56999969482422,99.56999969482422,99.56999969482422,99.5,99.5,626.0
2024-04-24 12:45:00,WTW,263.7900085449219,263.7900085449219,263.7900085449219,263.7900085449219,263.7900085449219,708.0
2024-04-24 12:45:00,WVE,5.099999904632568,5.099999904632568,5.099999904632568,5.099999904632568,5.099999904632568,299.0
2024-04-24 12:45:00,WW,1.6749999523162842,1.6749999523162842,1.6749999523162842,1.6749999523162842,1.6749999523162842,580.0
2024-04-24 12:45:00,WWD,148.81500244140625,148.81500244140625,148.81500244140625,148.81500244140625,148.81500244140625,48.0
2024-04-24 12:45:00,WYNN,96.33000183105469,96.33000183105469,96.33999633789062,96.33000183105469,96.33999633789062,658.0
2024-04-24 12:45:00,XEL,55.525001525878906,55.525001525878906,55.529998779296875,55.51499938964844,55.52000045776367,2077.0
2024-04-24 12:45:00,XFOR,1.2599999904632568,1.2599999904632568,1.2599999904632568,1.2599999904632568,1.2599999904632568,200.0
2024-04-24 12:45:00,XLO,1.0800000429153442,1.0800000429153442,1.0800000429153442,1.0800000429153442,1.0800000429153442,2000.0
2024-04-24 12:45:00,XMTR,16.860000610351562,16.860000610351562,16.860000610351562,16.860000610351562,16.860000610351562,1734.0
2024-04-24 12:45:00,XNCR,18.520000457763672,18.520000457763672,18.520000457763672,18.520000457763672,18.520000457763672,904.0
2024-04-24 12:45:00,XP,20.280000686645508,20.280000686645508,20.280000686645508,20.264999389648438,20.270000457763672,5927.0
2024-04-24 12:45:00,XRX,14.25,14.25,14.274999618530273,14.25,14.265000343322754,13790.0
2024-04-24 12:45:00,Z,43.400001525878906,43.400001525878906,43.40999984741211,43.380001068115234,43.400001525878906,3039.0
2024-04-24 12:45:00,ZCMD,1.682800054550171,1.682800054550171,1.690000057220459,1.682800054550171,1.684000015258789,2060.0
2024-04-24 12:45:00,ZD,51.4900016784668,51.4900016784668,51.5099983215332,51.4900016784668,51.5099983215332,837.0
2024-04-24 12:45:00,ZG,42.900001525878906,42.900001525878906,42.900001525878906,42.900001525878906,42.900001525878906,936.0
2024-04-24 12:45:00,ZI,15.779999732971191,15.779999732971191,15.795000076293945,15.774999618530273,15.774999618530273,5063.0
2024-04-24 12:45:00,ZIMV,15.6899995803833,15.6899995803833,15.6899995803833,15.6899995803833,15.6899995803833,803.0
2024-04-24 12:45:00,ZION,41.97999954223633,41.97999954223633,41.97999954223633,41.97999954223633,41.97999954223633,364.0
2024-04-24 12:45:00,ZLAB,15.579999923706055,15.579999923706055,15.59000015258789,15.579999923706055,15.59000015258789,801.0
2024-04-24 12:45:00,ZM,61.22999954223633,61.22999954223633,61.25,61.22999954223633,61.25,2596.0
2024-04-24 12:45:00,ZVSA,0.6100000143051147,0.6100000143051147,0.6100000143051147,0.6100000143051147,0.6100000143051147,225.0
2024-04-24 12:46:00,EGHT,2.3399999141693115,2.3399999141693115,2.3399999141693115,2.3399999141693115,2.3399999141693115,330.0
2024-04-24 12:46:00,ETNB,8.569999694824219,8.569999694824219,8.579999923706055,8.569999694824219,8.579999923706055,1151.0
2024-04-24 12:46:00,MASS,5.599999904632568,5.599999904632568,5.599999904632568,5.599999904632568,5.599999904632568,766.0
2024-04-24 12:46:00,ME,0.4717999994754791,0.4717999994754791,0.47749999165534973,0.4717999994754791,0.47749999165534973,29163.0
2024-04-24 12:46:00,SEAT,5.837500095367432,5.837500095367432,5.837500095367432,5.835000038146973,5.835000038146973,1329.0
2024-04-24 12:46:00,TXG,27.235000610351562,27.235000610351562,27.235000610351562,27.209999084472656,27.209999084472656,1179.0
2024-04-24 12:46:00,VERU,1.350000023841858,1.350000023841858,1.350000023841858,1.3389999866485596,1.340000033378601,31882.0
2024-04-24 12:46:00,VERV,6.630000114440918,6.630000114440918,6.630000114440918,6.625,6.625,1558.0
2024-04-24 12:46:00,VERX,28.459999084472656,28.459999084472656,28.479999542236328,28.459999084472656,28.479999542236328,934.0
2024-04-24 12:46:00,VINC,0.9200000166893005,0.9200000166893005,0.9200000166893005,0.9150999784469604,0.9150999784469604,11213.0
2024-04-24 12:46:00,VIR,8.180000305175781,8.180000305175781,8.194999694824219,8.180000305175781,8.194999694824219,4834.0
2024-04-24 12:46:00,VIRT,22.65999984741211,22.65999984741211,22.665000915527344,22.6299991607666,22.635000228881836,13312.0
2024-04-24 12:46:00,VKTX,64.51280212402344,64.51280212402344,64.58080291748047,64.5,64.58080291748047,1669.0
2024-04-24 12:46:00,VLCN,0.24740000069141388,0.24740000069141388,0.25929999351501465,0.24740000069141388,0.2533999979496002,33576.0
2024-04-24 12:46:00,VMD,7.980000019073486,7.980000019073486,7.980000019073486,7.980000019073486,7.980000019073486,200.0
2024-04-24 12:46:00,VMEO,3.5350000858306885,3.5350000858306885,3.5350000858306885,3.5350000858306885,3.5350000858306885,732.0
2024-04-24 12:46:00,VNET,1.5399999618530273,1.5399999618530273,1.5399999618530273,1.5299999713897705,1.5299999713897705,132.0
2024-04-24 12:46:00,VOD,8.609999656677246,8.609999656677246,8.609999656677246,8.604999542236328,8.609000205993652,1620.0
2024-04-24 12:46:00,VRDN,13.300000190734863,13.300000190734863,13.300000190734863,13.289999961853027,13.289999961853027,973.0
2024-04-24 12:46:00,VRNA,15.545000076293945,15.545000076293945,15.545000076293945,15.545000076293945,15.545000076293945,103.0
2024-04-24 12:46:00,VRPX,3.180000066757202,3.180000066757202,3.180000066757202,3.180000066757202,3.180000066757202,462.0
2024-04-24 12:46:00,VRRM,24.19499969482422,24.19499969482422,24.19499969482422,24.19499969482422,24.19499969482422,312.0
2024-04-24 12:46:00,VRTX,399.3699951171875,399.3699951171875,399.6099853515625,399.3699951171875,399.489990234375,1447.0
2024-04-24 12:46:00,VSAT,16.219999313354492,16.219999313354492,16.219999313354492,16.204999923706055,16.204999923706055,1944.0
2024-04-24 12:46:00,VTRS,11.390000343322754,11.390000343322754,11.390000343322754,11.385000228881836,11.385000228881836,1275.0
2024-04-24 12:46:00,VUZI,1.2699999809265137,1.2699999809265137,1.2699999809265137,1.2699999809265137,1.2699999809265137,356.0
2024-04-24 12:46:00,VVOS,2.5840001106262207,2.5840001106262207,2.5840001106262207,2.5840001106262207,2.5840001106262207,354.0
2024-04-24 12:46:00,WAFD,27.954999923706055,27.954999923706055,27.954999923706055,27.954999923706055,27.954999923706055,369.0
2024-04-24 12:46:00,WB,8.335000038146973,8.335000038146973,8.335000038146973,8.335000038146973,8.335000038146973,1162.0
2024-04-24 12:46:00,WBA,17.71500015258789,17.71500015258789,17.719999313354492,17.702499389648438,17.719999313354492,14743.0
2024-04-24 12:46:00,WBD,8.295000076293945,8.295000076293945,8.295000076293945,8.289999961853027,8.289999961853027,4988.0
2024-04-24 12:46:00,WDAY,255.25999450683594,255.25999450683594,255.25999450683594,255.25999450683594,255.25999450683594,587.0
2024-04-24 12:46:00,WDC,68.37000274658203,68.37000274658203,68.37999725341797,68.3499984741211,68.36000061035156,4969.0
2024-04-24 12:46:00,WEN,19.930099487304688,19.930099487304688,19.930099487304688,19.930099487304688,19.930099487304688,1250.0
2024-04-24 12:46:00,WERN,35.029998779296875,35.029998779296875,35.029998779296875,35.029998779296875,35.029998779296875,579.0
2024-04-24 12:46:00,WHLM,6.608099937438965,6.608099937438965,6.608099937438965,6.607999801635742,6.607999801635742,2184.0
2024-04-24 12:46:00,WIMI,1.0399999618530273,1.0399999618530273,1.0449999570846558,1.0399999618530273,1.0449999570846558,1072.0
2024-04-24 12:46:00,WISA,5.666999816894531,5.666999816894531,5.70989990234375,5.630000114440918,5.669899940490723,10740.0
2024-04-24 12:46:00,WKHS,0.1607999950647354,0.1607999950647354,0.16089999675750732,0.1599999964237213,0.1599999964237213,7551.0
2024-04-24 12:46:00,WKSP,0.3675000071525574,0.3675000071525574,0.3675000071525574,0.3675000071525574,0.3675000071525574,3500.0
2024-04-24 12:46:00,WMG,32.09000015258789,32.09000015258789,32.11000061035156,32.09000015258789,32.09000015258789,4006.0
2024-04-24 12:46:00,WSBC,28.184999465942383,28.184999465942383,28.190000534057617,28.184999465942383,28.190000534057617,690.0
2024-04-24 12:46:00,WSC,37.60499954223633,37.60499954223633,37.64500045776367,37.599998474121094,37.64500045776367,2686.0
2024-04-24 12:46:00,WW,1.6749999523162842,1.6749999523162842,1.6749999523162842,1.6749999523162842,1.6749999523162842,632.0
2024-04-24 12:46:00,WWD,148.60000610351562,148.60000610351562,148.67999267578125,148.60000610351562,148.67999267578125,905.0
2024-04-24 12:46:00,WYNN,96.31999969482422,96.31999969482422,96.3499984741211,96.31999969482422,96.3499984741211,343.0
2024-04-24 12:46:00,XEL,55.529998779296875,55.529998779296875,55.53499984741211,55.52000045776367,55.529998779296875,4349.0
2024-04-24 12:46:00,XENE,39.95000076293945,39.95000076293945,39.95000076293945,39.880001068115234,39.900001525878906,2822.0
2024-04-24 12:46:00,XFOR,1.2599999904632568,1.2599999904632568,1.2599999904632568,1.2599999904632568,1.2599999904632568,616.0
2024-04-24 12:46:00,XP,20.28499984741211,20.28499984741211,20.28499984741211,20.280000686645508,20.280000686645508,2607.0
2024-04-24 12:46:00,XRX,14.24470043182373,14.24470043182373,14.244999885559082,14.239999771118164,14.244999885559082,1213.0
2024-04-24 12:46:00,XXII,1.840000033378601,1.840000033378601,1.8499000072479248,1.840000033378601,1.8499000072479248,9200.0
2024-04-24 12:46:00,YTRA,1.2999999523162842,1.2999999523162842,1.2999999523162842,1.2999999523162842,1.2999999523162842,500.0
2024-04-24 12:46:00,Z,43.369998931884766,43.369998931884766,43.400001525878906,43.369998931884766,43.400001525878906,885.0
2024-04-24 12:46:00,ZBRA,275.2550048828125,275.2550048828125,275.2550048828125,275.2550048828125,275.2550048828125,421.0
2024-04-24 12:46:00,ZD,51.45000076293945,51.45000076293945,51.470001220703125,51.45000076293945,51.470001220703125,858.0
2024-04-24 12:46:00,ZG,42.91999816894531,42.91999816894531,42.91999816894531,42.91999816894531,42.91999816894531,231.0
2024-04-24 12:46:00,ZI,15.770000457763672,15.770000457763672,15.774999618530273,15.770000457763672,15.774999618530273,2055.0
2024-04-24 12:46:00,ZION,41.93000030517578,41.93000030517578,41.959999084472656,41.91999816894531,41.959999084472656,3865.0
2024-04-24 12:46:00,ZM,61.2400016784668,61.2400016784668,61.25,61.22999954223633,61.22999954223633,2007.0
2024-04-24 12:46:00,ZS,176.44590759277344,176.44590759277344,176.44590759277344,176.44590759277344,176.44590759277344,547.0
2024-04-24 12:46:00,ZVSA,0.6100000143051147,0.6100000143051147,0.6100000143051147,0.6100000143051147,0.6100000143051147,378.0
2024-04-24 12:46:00,ZYME,8.585000038146973,8.585000038146973,8.585000038146973,8.585000038146973,8.585000038146973,409.0
2024-04-24 12:47:00,EGHT,2.3324999809265137,2.3324999809265137,2.3350000381469727,2.3324999809265137,2.3350000381469727,554.0
2024-04-24 12:47:00,FEAM,1.159999966621399,1.159999966621399,1.159999966621399,1.159999966621399,1.159999966621399,1536.0
2024-04-24 12:47:00,MAPS,1.0800000429153442,1.0800000429153442,1.0800000429153442,1.0800000429153442,1.0800000429153442,328.0
2024-04-24 12:47:00,MASS,5.599999904632568,5.599999904632568,5.599999904632568,5.599999904632568,5.599999904632568,203.0
2024-04-24 12:47:00,ME,0.47530001401901245,0.47530001401901245,0.47530001401901245,0.47360000014305115,0.47360000014305115,0.0
2024-04-24 12:47:00,SEAT,5.840000152587891,5.840000152587891,5.840000152587891,5.840000152587891,5.840000152587891,230.0
2024-04-24 12:47:00,TSVT,4.315000057220459,4.315000057220459,4.315000057220459,4.315000057220459,4.315000057220459,435.0
2024-04-24 12:47:00,TWOU,0.23469999432563782,0.23469999432563782,0.23479999601840973,0.23469999432563782,0.23479999601840973,763.0
2024-04-24 12:47:00,TXG,27.260000228881836,27.260000228881836,27.260000228881836,27.260000228881836,27.260000228881836,980.0
2024-04-24 12:47:00,VERU,1.350000023841858,1.350000023841858,1.350000023841858,1.3480000495910645,1.350000023841858,1627.0
2024-04-24 12:47:00,VERV,6.635000228881836,6.635000228881836,6.635000228881836,6.630000114440918,6.630000114440918,1367.0
2024-04-24 12:47:00,VERX,28.510000228881836,28.510000228881836,28.549999237060547,28.479999542236328,28.479999542236328,3604.0
2024-04-24 12:47:00,VIAV,7.945000171661377,7.945000171661377,7.945000171661377,7.945000171661377,7.945000171661377,209.0
2024-04-24 12:47:00,VICR,31.989999771118164,31.989999771118164,32.119998931884766,31.969999313354492,32.119998931884766,2377.0
2024-04-24 12:47:00,VINC,0.9297000169754028,0.9297000169754028,0.9297000169754028,0.9297000169754028,0.9297000169754028,112.0
2024-04-24 12:47:00,VIR,8.154999732971191,8.154999732971191,8.180000305175781,8.149999618530273,8.180000305175781,4241.0
2024-04-24 12:47:00,VIRT,22.65999984741211,22.65999984741211,22.66010093688965,22.655000686645508,22.66010093688965,4048.0
2024-04-24 12:47:00,VIRX,0.8499000072479248,0.8499000072479248,0.8499000072479248,0.8499000072479248,0.8499000072479248,582.0
2024-04-24 12:47:00,VITL,26.670000076293945,26.670000076293945,26.670000076293945,26.670000076293945,26.670000076293945,887.0
2024-04-24 12:47:00,VMEO,3.5350000858306885,3.5350000858306885,3.5350000858306885,3.5350000858306885,3.5350000858306885,105.0
2024-04-24 12:47:00,VOD,8.609999656677246,8.609999656677246,8.609999656677246,8.604999542236328,8.609999656677246,2921.0
2024-04-24 12:47:00,VOR,1.7549999952316284,1.7549999952316284,1.7549999952316284,1.7513999938964844,1.7519999742507935,600.0
2024-04-24 12:47:00,VOXR,2.0799999237060547,2.0799999237060547,2.0799999237060547,2.0799999237060547,2.0799999237060547,0.0
2024-04-24 12:47:00,VRDN,13.3100004196167,13.3100004196167,13.3100004196167,13.300000190734863,13.300000190734863,532.0
2024-04-24 12:47:00,VRNA,15.545000076293945,15.545000076293945,15.545000076293945,15.545000076293945,15.545000076293945,159.0
2024-04-24 12:47:00,VRRM,24.195100784301758,24.195100784301758,24.195100784301758,24.195100784301758,24.195100784301758,951.0
2024-04-24 12:47:00,VRTX,399.35009765625,399.35009765625,399.6000061035156,399.35009765625,399.3900146484375,1829.0
2024-04-24 12:47:00,VTNR,1.5750000476837158,1.5750000476837158,1.5799000263214111,1.5750000476837158,1.5750000476837158,16500.0
2024-04-24 12:47:00,VTRS,11.385000228881836,11.385000228881836,11.390000343322754,11.385000228881836,11.385000228881836,1478.0
2024-04-24 12:47:00,VVOS,2.5899999141693115,2.5899999141693115,2.5899999141693115,2.5899999141693115,2.5899999141693115,6891.0
2024-04-24 12:47:00,WABC,47.459999084472656,47.459999084472656,47.459999084472656,47.459999084472656,47.459999084472656,433.0
2024-04-24 12:47:00,WAFD,27.969999313354492,27.969999313354492,27.969999313354492,27.969999313354492,27.969999313354492,1532.0
2024-04-24 12:47:00,WB,8.335000038146973,8.335000038146973,8.335000038146973,8.335000038146973,8.335000038146973,551.0
2024-04-24 12:47:00,WBA,17.709999084472656,17.709999084472656,17.709999084472656,17.700000762939453,17.709999084472656,6897.0
2024-04-24 12:47:00,WBD,8.295000076293945,8.295000076293945,8.297499656677246,8.289999961853027,8.295000076293945,2049.0
2024-04-24 12:47:00,WDC,68.41000366210938,68.41000366210938,68.43499755859375,68.36000061035156,68.37000274658203,6327.0
2024-04-24 12:47:00,WEN,19.934999465942383,19.934999465942383,19.934999465942383,19.934999465942383,19.934999465942383,343.0
2024-04-24 12:47:00,WERN,35.029998779296875,35.029998779296875,35.029998779296875,35.02000045776367,35.02000045776367,1258.0
2024-04-24 12:47:00,WFRD,122.43990325927734,122.43990325927734,122.43990325927734,122.22350311279297,122.33000183105469,1962.0
2024-04-24 12:47:00,WHLM,6.600900173187256,6.600900173187256,6.600900173187256,6.600900173187256,6.600900173187256,962.0
2024-04-24 12:47:00,WIMI,1.0449999570846558,1.0449999570846558,1.0499999523162842,1.0399999618530273,1.0499999523162842,16407.0
2024-04-24 12:47:00,WING,361.9700012207031,361.9700012207031,361.9700012207031,361.9700012207031,361.9700012207031,388.0
2024-04-24 12:47:00,WISA,5.634799957275391,5.634799957275391,5.679999828338623,5.619999885559082,5.639999866485596,14263.0
2024-04-24 12:47:00,WIX,121.41999816894531,121.41999816894531,121.41999816894531,121.41999816894531,121.41999816894531,1289.0
2024-04-24 12:47:00,WKHS,0.16089999675750732,0.16089999675750732,0.16089999675750732,0.1599999964237213,0.1599999964237213,21719.0
2024-04-24 12:47:00,WLGS,0.6098999977111816,0.6098999977111816,0.6098999977111816,0.6098999977111816,0.6098999977111816,0.0
2024-04-24 12:47:00,WMG,32.11000061035156,32.11000061035156,32.11000061035156,32.09000015258789,32.09000015258789,2317.0
2024-04-24 12:47:00,WSC,37.59000015258789,37.59000015258789,37.630001068115234,37.58000183105469,37.599998474121094,4240.0
2024-04-24 12:47:00,WSFS,44.41999816894531,44.41999816894531,44.41999816894531,44.41999816894531,44.41999816894531,161.0
2024-04-24 12:47:00,WTFC,99.66000366210938,99.66000366210938,99.66000366210938,99.54499816894531,99.54499816894531,1064.0
2024-04-24 12:47:00,WTW,263.6199951171875,263.6199951171875,263.6199951171875,263.6000061035156,263.6000061035156,1349.0
2024-04-24 12:47:00,WVE,5.099999904632568,5.099999904632568,5.099999904632568,5.099999904632568,5.099999904632568,232.0
2024-04-24 12:47:00,WW,1.6749999523162842,1.6749999523162842,1.6749999523162842,1.6749999523162842,1.6749999523162842,511.0
2024-04-24 12:47:00,WYNN,96.34500122070312,96.34500122070312,96.34500122070312,96.33000183105469,96.33000183105469,2340.0
2024-04-24 12:47:00,XEL,55.525001525878906,55.525001525878906,55.529998779296875,55.52000045776367,55.52000045776367,3807.0
2024-04-24 12:47:00,XFOR,1.2599999904632568,1.2599999904632568,1.2599999904632568,1.2549999952316284,1.2549999952316284,1100.0
2024-04-24 12:47:00,XMTR,16.850000381469727,16.850000381469727,16.850000381469727,16.850000381469727,16.850000381469727,1299.0
2024-04-24 12:47:00,XP,20.280000686645508,20.280000686645508,20.280000686645508,20.274999618530273,20.280000686645508,4397.0
2024-04-24 12:47:00,XRX,14.234999656677246,14.234999656677246,14.25,14.229999542236328,14.244999885559082,12760.0
2024-04-24 12:47:00,XXII,1.840999960899353,1.840999960899353,1.840999960899353,1.840999960899353,1.840999960899353,100.0
2024-04-24 12:47:00,Z,43.369998931884766,43.369998931884766,43.369998931884766,43.369998931884766,43.369998931884766,875.0
2024-04-24 12:47:00,ZG,42.900001525878906,42.900001525878906,42.900001525878906,42.880001068115234,42.880001068115234,704.0
2024-04-24 12:47:00,ZI,15.760000228881836,15.760000228881836,15.765000343322754,15.760000228881836,15.765000343322754,1495.0
2024-04-24 12:47:00,ZION,41.95000076293945,41.95000076293945,41.959999084472656,41.91999816894531,41.93000030517578,6978.0
2024-04-24 12:47:00,ZM,61.2400016784668,61.2400016784668,61.2400016784668,61.220001220703125,61.22999954223633,2861.0
2024-04-24 12:47:00,ZS,176.54600524902344,176.54600524902344,176.57000732421875,176.47000122070312,176.47000122070312,1581.0
2024-04-24 12:47:00,ZURA,3.2100000381469727,3.2100000381469727,3.2100000381469727,3.2100000381469727,3.2100000381469727,224.0
2024-04-24 12:48:00,ETNB,8.579999923706055,8.579999923706055,8.579999923706055,8.579999923706055,8.579999923706055,273.0
2024-04-24 12:48:00,HOWL,6.340000152587891,6.340000152587891,6.340000152587891,6.340000152587891,6.340000152587891,188.0
2024-04-24 12:48:00,MAPS,1.0800000429153442,1.0800000429153442,1.0800000429153442,1.0800000429153442,1.0800000429153442,294.0
2024-04-24 12:48:00,TXG,27.270000457763672,27.270000457763672,27.280000686645508,27.270000457763672,27.280000686645508,2864.0
2024-04-24 12:48:00,VERU,1.350000023841858,1.350000023841858,1.350000023841858,1.350000023841858,1.350000023841858,1319.0
2024-04-24 12:48:00,VERX,28.56999969482422,28.56999969482422,28.56999969482422,28.549999237060547,28.549999237060547,2128.0
2024-04-24 12:48:00,VIAV,7.945000171661377,7.945000171661377,7.945000171661377,7.945000171661377,7.945000171661377,780.0
2024-04-24 12:48:00,VICR,32.0,32.0,32.0,32.0,32.0,210.0
2024-04-24 12:48:00,VIR,8.154999732971191,8.154999732971191,8.154999732971191,8.154999732971191,8.154999732971191,268.0
2024-04-24 12:48:00,VIRT,22.690000534057617,22.690000534057617,22.69499969482422,22.665000915527344,22.665000915527344,3143.0
2024-04-24 12:48:00,VKTX,64.71499633789062,64.71499633789062,64.7300033569336,64.5,64.58159637451172,6937.0
2024-04-24 12:48:00,VMD,7.980000019073486,7.980000019073486,7.980000019073486,7.980000019073486,7.980000019073486,200.0
2024-04-24 12:48:00,VMEO,3.5350000858306885,3.5350000858306885,3.5350000858306885,3.5350000858306885,3.5350000858306885,1059.0
2024-04-24 12:48:00,VOD,8.609999656677246,8.609999656677246,8.609999656677246,8.604999542236328,8.609999656677246,3035.0
2024-04-24 12:48:00,VRDN,13.3100004196167,13.3100004196167,13.3100004196167,13.3100004196167,13.3100004196167,166.0
2024-04-24 12:48:00,VRTX,399.4800109863281,399.4800109863281,399.4800109863281,399.4800109863281,399.4800109863281,1240.0
2024-04-24 12:48:00,VSAT,16.229999542236328,16.229999542236328,16.229999542236328,16.219999313354492,16.219999313354492,1077.0
2024-04-24 12:48:00,VTGN,4.699999809265137,4.699999809265137,4.699999809265137,4.695000171661377,4.695000171661377,332.0
2024-04-24 12:48:00,VTNR,1.579300045967102,1.579300045967102,1.579300045967102,1.5750000476837158,1.5750000476837158,10000.0
2024-04-24 12:48:00,VTRS,11.380000114440918,11.380000114440918,11.390000343322754,11.380000114440918,11.390000343322754,2473.0
2024-04-24 12:48:00,VUZI,1.2799999713897705,1.2799999713897705,1.2799999713897705,1.2799999713897705,1.2799999713897705,208.0
2024-04-24 12:48:00,WBA,17.699899673461914,17.699899673461914,17.704999923706055,17.69499969482422,17.704999923706055,15047.0
2024-04-24 12:48:00,WBD,8.295000076293945,8.295000076293945,8.299500465393066,8.289999961853027,8.295000076293945,4246.0
2024-04-24 12:48:00,WDAY,255.26499938964844,255.26499938964844,255.3300018310547,255.26499938964844,255.3300018310547,1415.0
2024-04-24 12:48:00,WDC,68.43499755859375,68.43499755859375,68.43499755859375,68.3949966430664,68.4000015258789,2235.0
2024-04-24 12:48:00,WEN,19.934999465942383,19.934999465942383,19.934999465942383,19.934999465942383,19.934999465942383,959.0
2024-04-24 12:48:00,WERN,35.029998779296875,35.029998779296875,35.029998779296875,35.02000045776367,35.02000045776367,346.0
2024-04-24 12:48:00,WHLM,6.600100040435791,6.600100040435791,6.600100040435791,6.599999904632568,6.599999904632568,3800.0
2024-04-24 12:48:00,WIMI,1.0407999753952026,1.0407999753952026,1.0498000383377075,1.0299999713897705,1.0498000383377075,33850.0
2024-04-24 12:48:00,WING,361.95001220703125,361.95001220703125,361.95001220703125,361.95001220703125,361.95001220703125,717.0
2024-04-24 12:48:00,WINT,5.199999809265137,5.199999809265137,5.210000038146973,5.199999809265137,5.204999923706055,640.0
2024-04-24 12:48:00,WISA,5.610000133514404,5.610000133514404,5.630000114440918,5.590000152587891,5.630000114440918,13261.0
2024-04-24 12:48:00,WKHS,0.1607999950647354,0.1607999950647354,0.16089999675750732,0.1607999950647354,0.1607999950647354,66441.0
2024-04-24 12:48:00,WKSP,0.3718999922275543,0.3718999922275543,0.3718999922275543,0.3718999922275543,0.3718999922275543,75.0
2024-04-24 12:48:00,WMG,32.06999969482422,32.06999969482422,32.099998474121094,32.060001373291016,32.099998474121094,4604.0
2024-04-24 12:48:00,WSC,37.58000183105469,37.58000183105469,37.584999084472656,37.56999969482422,37.584999084472656,4807.0
2024-04-24 12:48:00,WSFS,44.47999954223633,44.47999954223633,44.47999954223633,44.47999954223633,44.47999954223633,2298.0
2024-04-24 12:48:00,WVE,5.099999904632568,5.099999904632568,5.099999904632568,5.099999904632568,5.099999904632568,280.0
2024-04-24 12:48:00,WW,1.6749999523162842,1.6749999523162842,1.6749999523162842,1.6699999570846558,1.6699999570846558,516.0
2024-04-24 12:48:00,WYNN,96.27999877929688,96.27999877929688,96.27999877929688,96.23999786376953,96.26000213623047,917.0
2024-04-24 12:48:00,XEL,55.56999969482422,55.56999969482422,55.56999969482422,55.540000915527344,55.540000915527344,4051.0
2024-04-24 12:48:00,XERS,1.7450000047683716,1.7450000047683716,1.7450000047683716,1.7400000095367432,1.7450000047683716,5883.0
2024-04-24 12:48:00,XFOR,1.2599999904632568,1.2599999904632568,1.2599999904632568,1.2599999904632568,1.2599999904632568,100.0
2024-04-24 12:48:00,XOMAP,24.850099563598633,24.850099563598633,24.850099563598633,24.850099563598633,24.850099563598633,0.0
2024-04-24 12:48:00,XP,20.274999618530273,20.274999618530273,20.274999618530273,20.274999618530273,20.274999618530273,733.0
2024-04-24 12:48:00,XRX,14.244999885559082,14.244999885559082,14.249799728393555,14.229999542236328,14.229999542236328,6931.0
2024-04-24 12:48:00,XXII,1.840999960899353,1.840999960899353,1.8410999774932861,1.840999960899353,1.8410999774932861,1228.0
2024-04-24 12:48:00,Z,43.369998931884766,43.369998931884766,43.380001068115234,43.369998931884766,43.369998931884766,1615.0
2024-04-24 12:48:00,ZI,15.765000343322754,15.765000343322754,15.765000343322754,15.765000343322754,15.765000343322754,251.0
2024-04-24 12:48:00,ZION,41.959999084472656,41.959999084472656,41.97999954223633,41.91999816894531,41.939998626708984,15998.0
2024-04-24 12:48:00,ZM,61.2400016784668,61.2400016784668,61.2400016784668,61.22999954223633,61.22999954223633,1250.0
2024-04-24 12:48:00,ZNTL,12.039999961853027,12.039999961853027,12.039999961853027,12.039999961853027,12.039999961853027,339.0
2024-04-24 12:49:00,COCO,23.93000030517578,23.93000030517578,23.93000030517578,23.924999237060547,23.924999237060547,1081.0
2024-04-24 12:49:00,DIBS,5.400000095367432,5.400000095367432,5.400000095367432,5.400000095367432,5.400000095367432,515.0
2024-04-24 12:49:00,DSP,8.579999923706055,8.579999923706055,8.59000015258789,8.579999923706055,8.59000015258789,1225.0
2024-04-24 12:49:00,EGHT,2.3399999141693115,2.3399999141693115,2.3399999141693115,2.3399999141693115,2.3399999141693115,289.0
2024-04-24 12:49:00,ETNB,8.579999923706055,8.579999923706055,8.579999923706055,8.579999923706055,8.579999923706055,439.0
2024-04-24 12:49:00,FDMT,24.760000228881836,24.760000228881836,24.760000228881836,24.760000228881836,24.760000228881836,226.0
2024-04-24 12:49:00,ME,0.47360000014305115,0.47360000014305115,0.47530001401901245,0.47360000014305115,0.47530001401901245,2230.0
2024-04-24 12:49:00,SEAT,5.840000152587891,5.840000152587891,5.840000152587891,5.840000152587891,5.840000152587891,316.0
2024-04-24 12:49:00,TWOU,0.23479999601840973,0.23479999601840973,0.23479999601840973,0.23479999601840973,0.23479999601840973,1720.0
2024-04-24 12:49:00,TXG,27.299999237060547,27.299999237060547,27.299999237060547,27.299999237060547,27.299999237060547,751.0
2024-04-24 12:49:00,VCTR,49.63999938964844,49.63999938964844,49.63999938964844,49.63999938964844,49.63999938964844,784.0
2024-04-24 12:49:00,VERU,1.350000023841858,1.350000023841858,1.350000023841858,1.3456000089645386,1.3456000089645386,1705.0
2024-04-24 12:49:00,VERV,6.644999980926514,6.644999980926514,6.644999980926514,6.639999866485596,6.639999866485596,1098.0
2024-04-24 12:49:00,VERX,28.575000762939453,28.575000762939453,28.579999923706055,28.565000534057617,28.565000534057617,2417.0
2024-04-24 12:49:00,VFF,1.2858999967575073,1.2858999967575073,1.2858999967575073,1.2858999967575073,1.2858999967575073,654.0
2024-04-24 12:49:00,VFS,2.494999885559082,2.494999885559082,2.494999885559082,2.490000009536743,2.490000009536743,4107.0
2024-04-24 12:49:00,VIR,8.15999984741211,8.15999984741211,8.164999961853027,8.15999984741211,8.15999984741211,4055.0
2024-04-24 12:49:00,VIRC,10.6899995803833,10.6899995803833,10.6899995803833,10.680000305175781,10.680000305175781,513.0
2024-04-24 12:49:00,VIRT,22.674999237060547,22.674999237060547,22.678499221801758,22.674999237060547,22.674999237060547,1640.0
2024-04-24 12:49:00,VIRX,0.8499000072479248,0.8499000072479248,0.8499000072479248,0.8499000072479248,0.8499000072479248,0.0
2024-04-24 12:49:00,VKTX,64.76000213623047,64.76000213623047,64.80999755859375,64.70999908447266,64.80999755859375,1670.0
2024-04-24 12:49:00,VMD,7.980000019073486,7.980000019073486,7.980000019073486,7.980000019073486,7.980000019073486,100.0
2024-04-24 12:49:00,VNET,1.5299999713897705,1.5299999713897705,1.5299999713897705,1.5299999713897705,1.5299999713897705,313.0
2024-04-24 12:49:00,VOD,8.609999656677246,8.609999656677246,8.609999656677246,8.604999542236328,8.604999542236328,1725.0
2024-04-24 12:49:00,VOXR,2.069999933242798,2.069999933242798,2.069999933242798,2.069999933242798,2.069999933242798,1220.0
2024-04-24 12:49:00,VRDN,13.319999694824219,13.319999694824219,13.329999923706055,13.3100004196167,13.3149995803833,1848.0
2024-04-24 12:49:00,VRRM,24.190000534057617,24.190000534057617,24.204999923706055,24.190000534057617,24.200000762939453,2011.0
2024-04-24 12:49:00,VSAT,16.264999389648438,16.264999389648438,16.264999389648438,16.229999542236328,16.229999542236328,3142.0
2024-04-24 12:49:00,VTNR,1.5800000429153442,1.5800000429153442,1.5800000429153442,1.5750000476837158,1.5750000476837158,0.0
2024-04-24 12:49:00,VTRS,11.380000114440918,11.380000114440918,11.390000343322754,11.380000114440918,11.390000343322754,2266.0
2024-04-24 12:49:00,VUZI,1.2699999809265137,1.2699999809265137,1.2699999809265137,1.2699999809265137,1.2699999809265137,288.0
2024-04-24 12:49:00,VVOS,2.5899999141693115,2.5899999141693115,2.5899999141693115,2.5899999141693115,2.5899999141693115,5974.0
2024-04-24 12:49:00,WAFD,27.989999771118164,27.989999771118164,27.989999771118164,27.989999771118164,27.989999771118164,386.0
2024-04-24 12:49:00,WBA,17.704999923706055,17.704999923706055,17.704999923706055,17.690000534057617,17.700000762939453,14057.0
2024-04-24 12:49:00,WBD,8.295000076293945,8.295000076293945,8.295000076293945,8.289999961853027,8.295000076293945,5216.0
2024-04-24 12:49:00,WDAY,255.47500610351562,255.47500610351562,255.52999877929688,255.47500610351562,255.52999877929688,695.0
2024-04-24 12:49:00,WDC,68.55999755859375,68.55999755859375,68.56500244140625,68.44000244140625,68.44000244140625,8455.0
2024-04-24 12:49:00,WEN,19.934999465942383,19.934999465942383,19.934999465942383,19.934999465942383,19.934999465942383,272.0
2024-04-24 12:49:00,WERN,35.040000915527344,35.040000915527344,35.040000915527344,35.040000915527344,35.040000915527344,586.0
2024-04-24 12:49:00,WFRD,122.37000274658203,122.37000274658203,122.37000274658203,122.31999969482422,122.31999969482422,1466.0
2024-04-24 12:49:00,WHLM,6.600100040435791,6.600100040435791,6.600100040435791,6.586999893188477,6.599999904632568,2037.0
2024-04-24 12:49:00,WIMI,1.0449999570846558,1.0449999570846558,1.04830002784729,1.0399999618530273,1.0449999570846558,17538.0
2024-04-24 12:49:00,WING,362.3699951171875,362.3699951171875,362.3699951171875,362.2349853515625,362.2349853515625,704.0
2024-04-24 12:49:00,WINT,5.110000133514404,5.110000133514404,5.110000133514404,5.110000133514404,5.110000133514404,694.0
2024-04-24 12:49:00,WISA,5.610000133514404,5.610000133514404,5.610000133514404,5.603000164031982,5.603000164031982,5820.0
2024-04-24 12:49:00,WIX,121.69999694824219,121.69999694824219,121.69999694824219,121.69999694824219,121.69999694824219,1375.0
2024-04-24 12:49:00,WKHS,0.1607999950647354,0.1607999950647354,0.1607999950647354,0.1607999950647354,0.1607999950647354,52457.0
2024-04-24 12:49:00,WMG,32.08000183105469,32.08000183105469,32.08000183105469,32.08000183105469,32.08000183105469,673.0
2024-04-24 12:49:00,WRAP,1.9500000476837158,1.9500000476837158,1.9500000476837158,1.9500000476837158,1.9500000476837158,825.0
2024-04-24 12:49:00,WSBC,28.239999771118164,28.239999771118164,28.239999771118164,28.219999313354492,28.219999313354492,866.0
2024-04-24 12:49:00,WSBF,12.029999732971191,12.029999732971191,12.029999732971191,12.020000457763672,12.020000457763672,1574.0
2024-04-24 12:49:00,WSC,37.58000183105469,37.58000183105469,37.59000015258789,37.56999969482422,37.56999969482422,1217.0
2024-04-24 12:49:00,WW,1.6699999570846558,1.6699999570846558,1.6749999523162842,1.6699999570846558,1.6749999523162842,365.0
2024-04-24 12:49:00,WYNN,96.23999786376953,96.23999786376953,96.23999786376953,96.23999786376953,96.23999786376953,502.0
2024-04-24 12:49:00,XEL,55.560001373291016,55.560001373291016,55.57500076293945,55.54999923706055,55.57500076293945,3958.0
2024-04-24 12:49:00,XFOR,1.2599999904632568,1.2599999904632568,1.2599999904632568,1.2598999738693237,1.2598999738693237,325.0
2024-04-24 12:49:00,XMTR,16.864999771118164,16.864999771118164,16.8700008392334,16.857500076293945,16.860000610351562,1473.0
2024-04-24 12:49:00,XNCR,18.549999237060547,18.549999237060547,18.549999237060547,18.549999237060547,18.549999237060547,568.0
2024-04-24 12:49:00,XP,20.280000686645508,20.280000686645508,20.30500030517578,20.274999618530273,20.274999618530273,13685.0
2024-04-24 12:49:00,XRX,14.2475004196167,14.2475004196167,14.2475004196167,14.239999771118164,14.244999885559082,1339.0
2024-04-24 12:49:00,XXII,1.840000033378601,1.840000033378601,1.840000033378601,1.840000033378601,1.840000033378601,2061.0
2024-04-24 12:49:00,YTRA,1.2999999523162842,1.2999999523162842,1.2999999523162842,1.2949999570846558,1.2949999570846558,400.0
2024-04-24 12:49:00,Z,43.39099884033203,43.39099884033203,43.39099884033203,43.3650016784668,43.3849983215332,1822.0
2024-04-24 12:49:00,ZBRA,275.4100036621094,275.4100036621094,275.4100036621094,275.4100036621094,275.4100036621094,784.0
2024-04-24 12:49:00,ZD,51.5,51.5,51.5,51.47999954223633,51.47999954223633,1411.0
2024-04-24 12:49:00,ZG,42.900001525878906,42.900001525878906,42.900001525878906,42.900001525878906,42.900001525878906,590.0
2024-04-24 12:49:00,ZI,15.770000457763672,15.770000457763672,15.770000457763672,15.770000457763672,15.770000457763672,3391.0
2024-04-24 12:49:00,ZIMV,15.71500015258789,15.71500015258789,15.71500015258789,15.71500015258789,15.71500015258789,695.0
2024-04-24 12:49:00,ZION,42.0,42.0,42.0,41.95500183105469,41.95500183105469,1472.0
2024-04-24 12:49:00,ZLAB,15.579999923706055,15.579999923706055,15.579999923706055,15.579999923706055,15.579999923706055,110.0
2024-04-24 12:49:00,ZM,61.28499984741211,61.28499984741211,61.28499984741211,61.25,61.25,2988.0
2024-04-24 12:49:00,ZS,176.80499267578125,176.80499267578125,176.80499267578125,176.72999572753906,176.72999572753906,1738.0
2024-04-24 12:49:00,ZYME,8.579999923706055,8.579999923706055,8.579999923706055,8.579999923706055,8.579999923706055,773.0
2024-04-24 12:50:00,DIBS,5.400000095367432,5.400000095367432,5.409999847412109,5.400000095367432,5.409999847412109,4503.0
2024-04-24 12:50:00,EGHT,2.3399999141693115,2.3399999141693115,2.3399999141693115,2.3399999141693115,2.3399999141693115,110.0
2024-04-24 12:50:00,ETNB,8.569999694824219,8.569999694824219,8.569999694824219,8.569999694824219,8.569999694824219,431.0
2024-04-24 12:50:00,FREE,4.820000171661377,4.820000171661377,4.820000171661377,4.820000171661377,4.820000171661377,212.0
2024-04-24 12:50:00,MAPS,1.0800000429153442,1.0800000429153442,1.0800000429153442,1.0800000429153442,1.0800000429153442,200.0
2024-04-24 12:50:00,MASS,5.599999904632568,5.599999904632568,5.599999904632568,5.599999904632568,5.599999904632568,446.0
2024-04-24 12:50:00,ME,0.47189998626708984,0.47189998626708984,0.47189998626708984,0.47189998626708984,0.47189998626708984,7211.0
2024-04-24 12:50:00,TSVT,4.335000038146973,4.335000038146973,4.335000038146973,4.324999809265137,4.329999923706055,2287.0
2024-04-24 12:50:00,TWOU,0.23479999601840973,0.23479999601840973,0.23479999601840973,0.23479999601840973,0.23479999601840973,1564.0
2024-04-24 12:50:00,TXG,27.309999465942383,27.309999465942383,27.309999465942383,27.290000915527344,27.290000915527344,1700.0
2024-04-24 12:50:00,VERU,1.350000023841858,1.350000023841858,1.350000023841858,1.350000023841858,1.350000023841858,1872.0
2024-04-24 12:50:00,VERV,6.644999980926514,6.644999980926514,6.650000095367432,6.644999980926514,6.644999980926514,1048.0
2024-04-24 12:50:00,VERX,28.639999389648438,28.639999389648438,28.649999618530273,28.559999465942383,28.56999969482422,5869.0
2024-04-24 12:50:00,VFS,2.494999885559082,2.494999885559082,2.494999885559082,2.494999885559082,2.494999885559082,1813.0
2024-04-24 12:50:00,VIAV,7.949999809265137,7.949999809265137,7.949999809265137,7.949999809265137,7.949999809265137,1375.0
2024-04-24 12:50:00,VICR,31.969999313354492,31.969999313354492,31.989999771118164,31.940000534057617,31.989999771118164,2417.0
2024-04-24 12:50:00,VIR,8.164999961853027,8.164999961853027,8.164999961853027,8.164999961853027,8.164999961853027,1049.0
2024-04-24 12:50:00,VIRC,10.699999809265137,10.699999809265137,10.699999809265137,10.699999809265137,10.699999809265137,443.0
2024-04-24 12:50:00,VIRT,22.665000915527344,22.665000915527344,22.690000534057617,22.655000686645508,22.674999237060547,15086.0
2024-04-24 12:50:00,VKTX,65.02999877929688,65.02999877929688,65.06990051269531,64.7699966430664,64.7699966430664,2430.0
2024-04-24 12:50:00,VMD,7.980000019073486,7.980000019073486,7.980000019073486,7.980000019073486,7.980000019073486,157.0
2024-04-24 12:50:00,VMEO,3.5350000858306885,3.5350000858306885,3.5399999618530273,3.5350000858306885,3.5350000858306885,740.0
2024-04-24 12:50:00,VNET,1.5299999713897705,1.5299999713897705,1.5299999713897705,1.5299999713897705,1.5299999713897705,241.0
2024-04-24 12:50:00,VRDN,13.34000015258789,13.34000015258789,13.34000015258789,13.34000015258789,13.34000015258789,2074.0
2024-04-24 12:50:00,VRRM,24.170000076293945,24.170000076293945,24.170000076293945,24.155000686645508,24.170000076293945,1297.0
2024-04-24 12:50:00,VRTX,399.7799987792969,399.7799987792969,399.7799987792969,399.68499755859375,399.68499755859375,747.0
2024-04-24 12:50:00,VS,1.4199999570846558,1.4199999570846558,1.4199999570846558,1.4199999570846558,1.4199999570846558,192.0
2024-04-24 12:50:00,VSAT,16.290000915527344,16.290000915527344,16.290000915527344,16.270000457763672,16.270000457763672,1399.0
2024-04-24 12:50:00,VTNR,1.5750000476837158,1.5750000476837158,1.5750000476837158,1.5750000476837158,1.5750000476837158,700.0
2024-04-24 12:50:00,VTRS,11.390000343322754,11.390000343322754,11.390000343322754,11.385000228881836,11.385000228881836,702.0
2024-04-24 12:50:00,VUZI,1.274999976158142,1.274999976158142,1.274999976158142,1.274999976158142,1.274999976158142,851.0
2024-04-24 12:50:00,VVOS,2.609999895095825,2.609999895095825,2.609999895095825,2.609999895095825,2.609999895095825,5715.0
2024-04-24 12:50:00,WB,8.331999778747559,8.331999778747559,8.335000038146973,8.331999778747559,8.335000038146973,1562.0
2024-04-24 12:50:00,WBA,17.690000534057617,17.690000534057617,17.69499969482422,17.690000534057617,17.69499969482422,3019.0
2024-04-24 12:50:00,WBD,8.295000076293945,8.295000076293945,8.300000190734863,8.29069995880127,8.295000076293945,35173.0
2024-04-24 12:50:00,WDAY,255.5,255.5,255.5,255.4499969482422,255.4499969482422,691.0
2024-04-24 12:50:00,WDC,68.61000061035156,68.61000061035156,68.62000274658203,68.55999755859375,68.55999755859375,10168.0
2024-04-24 12:50:00,WEN,19.934999465942383,19.934999465942383,19.934999465942383,19.934999465942383,19.934999465942383,944.0
2024-04-24 12:50:00,WERN,35.04999923706055,35.04999923706055,35.04999923706055,35.03499984741211,35.03499984741211,800.0
2024-04-24 12:50:00,WFRD,122.2699966430664,122.2699966430664,122.2699966430664,122.2699966430664,122.2699966430664,2006.0
2024-04-24 12:50:00,WIMI,1.0499000549316406,1.0499000549316406,1.0499999523162842,1.0449999570846558,1.0449999570846558,3164.0
2024-04-24 12:50:00,WISA,5.510000228881836,5.510000228881836,5.6020002365112305,5.510000228881836,5.6020002365112305,25517.0
2024-04-24 12:50:00,WKHS,0.1607999950647354,0.1607999950647354,0.16089999675750732,0.1607999950647354,0.1607999950647354,11899.0
2024-04-24 12:50:00,WMG,32.064998626708984,32.064998626708984,32.08000183105469,32.064998626708984,32.08000183105469,1139.0
2024-04-24 12:50:00,WSBC,28.229999542236328,28.229999542236328,28.229999542236328,28.229999542236328,28.229999542236328,456.0
2024-04-24 12:50:00,WSBF,12.010000228881836,12.010000228881836,12.010000228881836,12.010000228881836,12.010000228881836,200.0
2024-04-24 12:50:00,WSC,37.54999923706055,37.54999923706055,37.57749938964844,37.54999923706055,37.57749938964844,1470.0
2024-04-24 12:50:00,WTFC,99.68000030517578,99.68000030517578,99.68000030517578,99.68000030517578,99.68000030517578,256.0
2024-04-24 12:50:00,WTW,263.5849914550781,263.5849914550781,263.5849914550781,263.5849914550781,263.5849914550781,474.0
2024-04-24 12:50:00,WW,1.6749999523162842,1.6749999523162842,1.6749999523162842,1.6699999570846558,1.6749999523162842,3352.0
2024-04-24 12:50:00,WYNN,96.29000091552734,96.29000091552734,96.29000091552734,96.23999786376953,96.23999786376953,2165.0
2024-04-24 12:50:00,XEL,55.54999923706055,55.54999923706055,55.56999969482422,55.54999923706055,55.560001373291016,6524.0
2024-04-24 12:50:00,XFOR,1.2599999904632568,1.2599999904632568,1.2599999904632568,1.2599999904632568,1.2599999904632568,325.0
2024-04-24 12:50:00,XLO,1.090000033378601,1.090000033378601,1.090000033378601,1.090000033378601,1.090000033378601,305.0
2024-04-24 12:50:00,XMTR,16.850000381469727,16.850000381469727,16.850000381469727,16.850000381469727,16.850000381469727,283.0
2024-04-24 12:50:00,XP,20.299999237060547,20.299999237060547,20.299999237060547,20.280000686645508,20.28499984741211,6265.0
2024-04-24 12:50:00,XRX,14.255000114440918,14.255000114440918,14.255000114440918,14.234999656677246,14.244999885559082,11500.0
2024-04-24 12:50:00,Z,43.40999984741211,43.40999984741211,43.43000030517578,43.38750076293945,43.400001525878906,5804.0
2024-04-24 12:50:00,ZD,51.525001525878906,51.525001525878906,51.525001525878906,51.525001525878906,51.525001525878906,462.0
2024-04-24 12:50:00,ZG,42.900001525878906,42.900001525878906,42.90999984741211,42.900001525878906,42.90999984741211,943.0
2024-04-24 12:50:00,ZI,15.774999618530273,15.774999618530273,15.774999618530273,15.774999618530273,15.774999618530273,1864.0
2024-04-24 12:50:00,ZION,42.02000045776367,42.02000045776367,42.029998779296875,42.0099983215332,42.029998779296875,1544.0
2024-04-24 12:50:00,ZLAB,15.619999885559082,15.619999885559082,15.619999885559082,15.59000015258789,15.59000015258789,1181.0
2024-04-24 12:50:00,ZNTL,12.039999961853027,12.039999961853027,12.039999961853027,12.039999961853027,12.039999961853027,142.0
2024-04-24 12:50:00,ZS,176.9600067138672,176.9600067138672,176.9600067138672,176.9199981689453,176.9199981689453,8890.0
2024-04-24 12:50:00,ZURA,3.200000047683716,3.200000047683716,3.200000047683716,3.200000047683716,3.200000047683716,274.0
2024-04-24 12:50:00,ZVSA,0.6050999760627747,0.6050999760627747,0.6098999977111816,0.6050999760627747,0.6098999977111816,6519.0
2024-04-24 12:51:00,CNET,0.9259999990463257,0.9259999990463257,0.9259999990463257,0.9259999990463257,0.9259999990463257,218.0
2024-04-24 12:51:00,DIBS,5.400000095367432,5.400000095367432,5.400000095367432,5.400000095367432,5.400000095367432,201.0
2024-04-24 12:51:00,ETNB,8.5600004196167,8.5600004196167,8.569999694824219,8.5600004196167,8.569999694824219,616.0
2024-04-24 12:51:00,MAPS,1.0800000429153442,1.0800000429153442,1.0800000429153442,1.0750000476837158,1.0750000476837158,200.0
2024-04-24 12:51:00,ME,0.47029998898506165,0.47029998898506165,0.4717999994754791,0.47029998898506165,0.4717999994754791,1479.0
2024-04-24 12:51:00,SEAT,5.840000152587891,5.840000152587891,5.840000152587891,5.835000038146973,5.835000038146973,4484.0
2024-04-24 12:51:00,SXTP,0.24009999632835388,0.24009999632835388,0.24009999632835388,0.23999999463558197,0.24009999632835388,2174.0
2024-04-24 12:51:00,TWOU,0.23479999601840973,0.23479999601840973,0.23479999601840973,0.23479999601840973,0.23479999601840973,3000.0
2024-04-24 12:51:00,TXG,27.34000015258789,27.34000015258789,27.34000015258789,27.31999969482422,27.31999969482422,3027.0
2024-04-24 12:51:00,VANI,1.7401000261306763,1.7401000261306763,1.7401000261306763,1.7401000261306763,1.7401000261306763,3141.0
2024-04-24 12:51:00,VCTR,49.65999984741211,49.65999984741211,49.65999984741211,49.650001525878906,49.650001525878906,590.0
2024-04-24 12:51:00,VERU,1.3600000143051147,1.3600000143051147,1.3600000143051147,1.3499000072479248,1.350000023841858,21359.0
2024-04-24 12:51:00,VERX,28.6299991607666,28.6299991607666,28.670000076293945,28.600000381469727,28.639999389648438,22255.0
2024-04-24 12:51:00,VIAV,7.954999923706055,7.954999923706055,7.954999923706055,7.954999923706055,7.954999923706055,1764.0
2024-04-24 12:51:00,VIR,8.194999694824219,8.194999694824219,8.194999694824219,8.170000076293945,8.170000076293945,3333.0
2024-04-24 12:51:00,VIRT,22.53499984741211,22.53499984741211,22.665000915527344,22.53499984741211,22.665000915527344,22469.0
2024-04-24 12:51:00,VITL,26.709999084472656,26.709999084472656,26.709999084472656,26.65999984741211,26.65999984741211,2163.0
2024-04-24 12:51:00,VKTX,65.0250015258789,65.0250015258789,65.06999969482422,64.93499755859375,65.06289672851562,12850.0
2024-04-24 12:51:00,VMD,7.980000019073486,7.980000019073486,7.980000019073486,7.980000019073486,7.980000019073486,200.0
2024-04-24 12:51:00,VMEO,3.5350000858306885,3.5350000858306885,3.5350000858306885,3.5350000858306885,3.5350000858306885,383.0
2024-04-24 12:51:00,VNOM,39.650001525878906,39.650001525878906,39.650001525878906,39.619998931884766,39.619998931884766,1403.0
2024-04-24 12:51:00,VOD,8.604999542236328,8.604999542236328,8.609999656677246,8.601200103759766,8.609800338745117,3811.0
2024-04-24 12:51:00,VOR,1.7549999952316284,1.7549999952316284,1.7549999952316284,1.7549999952316284,1.7549999952316284,467.0
2024-04-24 12:51:00,VRDN,13.34000015258789,13.34000015258789,13.34000015258789,13.34000015258789,13.34000015258789,244.0
2024-04-24 12:51:00,VRRM,24.16629981994629,24.16629981994629,24.16629981994629,24.16629981994629,24.16629981994629,219.0
2024-04-24 12:51:00,VRTX,399.55499267578125,399.55499267578125,399.6700134277344,399.55499267578125,399.6700134277344,508.0
2024-04-24 12:51:00,VTNR,1.5750000476837158,1.5750000476837158,1.5750000476837158,1.5750000476837158,1.5750000476837158,600.0
2024-04-24 12:51:00,VTRS,11.380000114440918,11.380000114440918,11.390000343322754,11.380000114440918,11.390000343322754,1908.0
2024-04-24 12:51:00,VVOS,2.609999895095825,2.609999895095825,2.609999895095825,2.609999895095825,2.609999895095825,1302.0
2024-04-24 12:51:00,WB,8.335000038146973,8.335000038146973,8.339400291442871,8.335000038146973,8.335000038146973,1402.0
2024-04-24 12:51:00,WBA,17.68000030517578,17.68000030517578,17.69499969482422,17.68000030517578,17.69499969482422,7670.0
2024-04-24 12:51:00,WBD,8.305000305175781,8.305000305175781,8.30620002746582,8.295000076293945,8.295000076293945,63486.0
2024-04-24 12:51:00,WDAY,255.4499969482422,255.4499969482422,255.6649932861328,255.4499969482422,255.6649932861328,3412.0
2024-04-24 12:51:00,WDC,68.5999984741211,68.5999984741211,68.63500213623047,68.56999969482422,68.62000274658203,6904.0
2024-04-24 12:51:00,WEN,19.924999237060547,19.924999237060547,19.93000030517578,19.915000915527344,19.93000030517578,8471.0
2024-04-24 12:51:00,WERN,35.0099983215332,35.0099983215332,35.029998779296875,35.0,35.029998779296875,2363.0
2024-04-24 12:51:00,WHLM,6.230000019073486,6.230000019073486,6.239999771118164,6.230000019073486,6.230000019073486,1742.0
2024-04-24 12:51:00,WIMI,1.0499999523162842,1.0499999523162842,1.0499999523162842,1.0399999618530273,1.0449999570846558,4190.0
2024-04-24 12:51:00,WINT,5.099999904632568,5.099999904632568,5.099999904632568,5.099999904632568,5.099999904632568,2305.0
2024-04-24 12:51:00,WISA,5.590000152587891,5.590000152587891,5.590000152587891,5.590000152587891,5.590000152587891,2811.0
2024-04-24 12:51:00,WKHS,0.1607999950647354,0.1607999950647354,0.1607999950647354,0.1607999950647354,0.1607999950647354,40957.0
2024-04-24 12:51:00,WLDS,0.47049999237060547,0.47049999237060547,0.47049999237060547,0.47049999237060547,0.47049999237060547,642.0
2024-04-24 12:51:00,WMG,32.095001220703125,32.095001220703125,32.095001220703125,32.095001220703125,32.095001220703125,505.0
2024-04-24 12:51:00,WRAP,1.9600000381469727,1.9600000381469727,1.9600000381469727,1.9600000381469727,1.9600000381469727,0.0
2024-04-24 12:51:00,WSBF,12.020000457763672,12.020000457763672,12.020000457763672,12.020000457763672,12.020000457763672,299.0
2024-04-24 12:51:00,WSC,37.54999923706055,37.54999923706055,37.56999969482422,37.54999923706055,37.56999969482422,1238.0
2024-04-24 12:51:00,WTW,263.5450134277344,263.5450134277344,263.5450134277344,263.5450134277344,263.5450134277344,551.0
2024-04-24 12:51:00,WVE,5.125,5.125,5.125,5.110000133514404,5.110000133514404,1615.0
2024-04-24 12:51:00,WW,1.6749999523162842,1.6749999523162842,1.6749999523162842,1.6699999570846558,1.6749999523162842,316.0
2024-04-24 12:51:00,WYNN,96.22000122070312,96.22000122070312,96.26000213623047,96.22000122070312,96.26000213623047,1334.0
2024-04-24 12:51:00,XEL,55.560001373291016,55.560001373291016,55.56999969482422,55.54999923706055,55.55500030517578,6349.0
2024-04-24 12:51:00,XERS,1.7400000095367432,1.7400000095367432,1.7400000095367432,1.7400000095367432,1.7400000095367432,219.0
2024-04-24 12:51:00,XFOR,1.2599999904632568,1.2599999904632568,1.2599999904632568,1.2549999952316284,1.2599999904632568,10219.0
2024-04-24 12:51:00,XMTR,16.84000015258789,16.84000015258789,16.850000381469727,16.84000015258789,16.850000381469727,1765.0
2024-04-24 12:51:00,XNCR,18.549999237060547,18.549999237060547,18.549999237060547,18.549999237060547,18.549999237060547,866.0
2024-04-24 12:51:00,XP,20.295000076293945,20.295000076293945,20.295000076293945,20.295000076293945,20.295000076293945,865.0
2024-04-24 12:51:00,XRX,14.244999885559082,14.244999885559082,14.260000228881836,14.239999771118164,14.25,5857.0
2024-04-24 12:51:00,XXII,1.8301000595092773,1.8301000595092773,1.8301000595092773,1.8301000595092773,1.8301000595092773,285.0
2024-04-24 12:51:00,YMAB,15.104999542236328,15.104999542236328,15.109999656677246,15.100000381469727,15.109999656677246,769.0
2024-04-24 12:51:00,YTRA,1.2949999570846558,1.2949999570846558,1.2999999523162842,1.2949999570846558,1.2999999523162842,600.0
2024-04-24 12:51:00,Z,43.369998931884766,43.369998931884766,43.38999938964844,43.369998931884766,43.38999938964844,966.0
2024-04-24 12:51:00,ZAPP,4.1269001960754395,4.1269001960754395,4.1269001960754395,4.1269001960754395,4.1269001960754395,2317.0
2024-04-24 12:51:00,ZG,42.88999938964844,42.88999938964844,42.88999938964844,42.880001068115234,42.88999938964844,1225.0
2024-04-24 12:51:00,ZI,15.774999618530273,15.774999618530273,15.779999732971191,15.774999618530273,15.779999732971191,3089.0
2024-04-24 12:51:00,ZION,42.0,42.0,42.029998779296875,42.0,42.029998779296875,1072.0
2024-04-24 12:51:00,ZLAB,15.612500190734863,15.612500190734863,15.614999771118164,15.612500190734863,15.614999771118164,911.0
2024-04-24 12:51:00,ZM,61.33000183105469,61.33000183105469,61.33000183105469,61.33000183105469,61.33000183105469,2175.0
2024-04-24 12:51:00,ZS,177.0399932861328,177.0399932861328,177.0399932861328,176.9199981689453,176.94000244140625,1875.0
2024-04-24 12:51:00,ZVSA,0.6060000061988831,0.6060000061988831,0.6097999811172485,0.6050999760627747,0.6097999811172485,1744.0
2024-04-24 12:52:00,DIBS,5.400000095367432,5.400000095367432,5.400000095367432,5.400000095367432,5.400000095367432,2257.0
2024-04-24 12:52:00,DSP,8.579999923706055,8.579999923706055,8.579999923706055,8.579999923706055,8.579999923706055,142.0
2024-04-24 12:52:00,EGHT,2.3450000286102295,2.3450000286102295,2.3450000286102295,2.3399999141693115,2.3399999141693115,4897.0
2024-04-24 12:52:00,FLWS,9.15999984741211,9.15999984741211,9.15999984741211,9.15999984741211,9.15999984741211,489.0
2024-04-24 12:52:00,MASS,5.639999866485596,5.639999866485596,5.639999866485596,5.619999885559082,5.619999885559082,806.0
2024-04-24 12:52:00,ME,0.4724999964237213,0.4724999964237213,0.4724999964237213,0.4724999964237213,0.4724999964237213,220.0
2024-04-24 12:52:00,SEAT,5.84499979019165,5.84499979019165,5.84499979019165,5.84499979019165,5.84499979019165,481.0
2024-04-24 12:52:00,TSVT,4.335000038146973,4.335000038146973,4.335000038146973,4.335000038146973,4.335000038146973,603.0
2024-04-24 12:52:00,TWOU,0.23479999601840973,0.23479999601840973,0.23479999601840973,0.23479999601840973,0.23479999601840973,1046.0
2024-04-24 12:52:00,TXG,27.395000457763672,27.395000457763672,27.395000457763672,27.360000610351562,27.360000610351562,1894.0
2024-04-24 12:52:00,VBNK,9.895000457763672,9.895000457763672,9.895000457763672,9.895000457763672,9.895000457763672,245.0
2024-04-24 12:52:00,VCTR,49.689998626708984,49.689998626708984,49.689998626708984,49.65999984741211,49.65999984741211,1194.0
2024-04-24 12:52:00,VERU,1.3600000143051147,1.3600000143051147,1.3600000143051147,1.350000023841858,1.3550000190734863,4521.0
2024-04-24 12:52:00,VERV,6.650000095367432,6.650000095367432,6.650000095367432,6.650000095367432,6.650000095367432,1629.0
2024-04-24 12:52:00,VFS,2.4999001026153564,2.4999001026153564,2.4999001026153564,2.4999001026153564,2.4999001026153564,283.0
2024-04-24 12:52:00,VIAV,7.960000038146973,7.960000038146973,7.960000038146973,7.954999923706055,7.954999923706055,2321.0
2024-04-24 12:52:00,VICR,31.979999542236328,31.979999542236328,31.979999542236328,31.959999084472656,31.959999084472656,526.0
2024-04-24 12:52:00,VIRT,22.520000457763672,22.520000457763672,22.549699783325195,22.520000457763672,22.545000076293945,5308.0
2024-04-24 12:52:00,VITL,26.700000762939453,26.700000762939453,26.700000762939453,26.700000762939453,26.700000762939453,633.0
2024-04-24 12:52:00,VKTX,64.93000030517578,64.93000030517578,65.03500366210938,64.93000030517578,65.03500366210938,1485.0
2024-04-24 12:52:00,VLCN,0.2517000138759613,0.2517000138759613,0.2517000138759613,0.2517000138759613,0.2517000138759613,3751.0
2024-04-24 12:52:00,VMD,7.980000019073486,7.980000019073486,7.980000019073486,7.980000019073486,7.980000019073486,1.0
2024-04-24 12:52:00,VMEO,3.5350000858306885,3.5350000858306885,3.5399999618530273,3.5350000858306885,3.5350000858306885,483.0
2024-04-24 12:52:00,VNOM,39.63999938964844,39.63999938964844,39.63999938964844,39.63999938964844,39.63999938964844,633.0
2024-04-24 12:52:00,VOD,8.614999771118164,8.614999771118164,8.617500305175781,8.604999542236328,8.604999542236328,15195.0
2024-04-24 12:52:00,VRDN,13.319999694824219,13.319999694824219,13.34000015258789,13.319999694824219,13.34000015258789,3732.0
2024-04-24 12:52:00,VRRM,24.190000534057617,24.190000534057617,24.190000534057617,24.18000030517578,24.18000030517578,1106.0
2024-04-24 12:52:00,VRTX,399.70001220703125,399.70001220703125,399.70001220703125,399.70001220703125,399.70001220703125,1099.0
2024-04-24 12:52:00,VTNR,1.5750000476837158,1.5750000476837158,1.5750000476837158,1.5750000476837158,1.5750000476837158,210.0
2024-04-24 12:52:00,VTRS,11.385000228881836,11.385000228881836,11.390000343322754,11.38010025024414,11.38010025024414,623.0
2024-04-24 12:52:00,VTSI,12.140000343322754,12.140000343322754,12.140000343322754,12.109999656677246,12.109999656677246,5508.0
2024-04-24 12:52:00,VUZI,1.274999976158142,1.274999976158142,1.274999976158142,1.2699999809265137,1.2699999809265137,0.0
2024-04-24 12:52:00,VYGR,7.518099784851074,7.518099784851074,7.518099784851074,7.518099784851074,7.518099784851074,409.0
2024-04-24 12:52:00,WAFD,28.0,28.0,28.0,28.0,28.0,1316.0
2024-04-24 12:52:00,WB,8.348799705505371,8.348799705505371,8.348799705505371,8.34000015258789,8.34000015258789,1435.0
2024-04-24 12:52:00,WBA,17.665000915527344,17.665000915527344,17.68000030517578,17.649999618530273,17.68000030517578,26849.0
2024-04-24 12:52:00,WBD,8.3100004196167,8.3100004196167,8.3100004196167,8.300999641418457,8.305000305175781,50399.0
2024-04-24 12:52:00,WDAY,255.7899932861328,255.7899932861328,255.7899932861328,255.58999633789062,255.59890747070312,1406.0
2024-04-24 12:52:00,WDC,68.625,68.625,68.6500015258789,68.625,68.62999725341797,2485.0
2024-04-24 12:52:00,WDFC,226.6649932861328,226.6649932861328,226.6649932861328,226.6649932861328,226.6649932861328,475.0
2024-04-24 12:52:00,WEN,19.924999237060547,19.924999237060547,19.93000030517578,19.920000076293945,19.920000076293945,4570.0
2024-04-24 12:52:00,WERN,35.02000045776367,35.02000045776367,35.02000045776367,35.02000045776367,35.02000045776367,500.0
2024-04-24 12:52:00,WFRD,122.48999786376953,122.48999786376953,122.48999786376953,122.36000061035156,122.36000061035156,2598.0
2024-04-24 12:52:00,WHLM,6.251999855041504,6.251999855041504,6.670599937438965,6.251999855041504,6.670599937438965,841.0
2024-04-24 12:52:00,WIMI,1.0499999523162842,1.0499999523162842,1.0499999523162842,1.0403000116348267,1.0499999523162842,6349.0
2024-04-24 12:52:00,WISA,5.53000020980835,5.53000020980835,5.590000152587891,5.53000020980835,5.5625,10938.0
2024-04-24 12:52:00,WKHS,0.16089999675750732,0.16089999675750732,0.16089999675750732,0.1607999950647354,0.16089999675750732,3186.0
2024-04-24 12:52:00,WKME,7.820000171661377,7.820000171661377,7.829999923706055,7.820000171661377,7.829999923706055,638.0
2024-04-24 12:52:00,WKSPW,0.018799999728798866,0.018799999728798866,0.01889999955892563,0.018799999728798866,0.01889999955892563,3200.0
2024-04-24 12:52:00,WMG,32.11000061035156,32.11000061035156,32.11000061035156,32.099998474121094,32.11000061035156,959.0
2024-04-24 12:52:00,WSBF,12.0600004196167,12.0600004196167,12.0600004196167,12.0600004196167,12.0600004196167,205.0
2024-04-24 12:52:00,WSC,37.59000015258789,37.59000015258789,37.59000015258789,37.55500030517578,37.55500030517578,2903.0
2024-04-24 12:52:00,WTW,263.7850036621094,263.7850036621094,263.7850036621094,263.6700134277344,263.6700134277344,1952.0
2024-04-24 12:52:00,WVE,5.119999885559082,5.119999885559082,5.130000114440918,5.114999771118164,5.130000114440918,2014.0
2024-04-24 12:52:00,WW,1.6749999523162842,1.6749999523162842,1.6749999523162842,1.6749999523162842,1.6749999523162842,628.0
2024-04-24 12:52:00,WWD,148.6999969482422,148.6999969482422,148.77000427246094,148.65499877929688,148.65499877929688,832.0
2024-04-24 12:52:00,WYNN,96.2249984741211,96.2249984741211,96.2249984741211,96.20999908447266,96.20999908447266,690.0
2024-04-24 12:52:00,XEL,55.54499816894531,55.54499816894531,55.560001373291016,55.54499816894531,55.55500030517578,2800.0
2024-04-24 12:52:00,XENE,39.880001068115234,39.880001068115234,39.880001068115234,39.880001068115234,39.880001068115234,321.0
2024-04-24 12:52:00,XERS,1.75,1.75,1.75,1.75,1.75,227.0
2024-04-24 12:52:00,XFOR,1.2599999904632568,1.2599999904632568,1.2599999904632568,1.2599999904632568,1.2599999904632568,360.0
2024-04-24 12:52:00,XMTR,16.860000610351562,16.860000610351562,16.8700008392334,16.84000015258789,16.84000015258789,2011.0
2024-04-24 12:52:00,XP,20.30500030517578,20.30500030517578,20.30500030517578,20.299999237060547,20.299999237060547,3810.0
2024-04-24 12:52:00,XRX,14.255000114440918,14.255000114440918,14.259400367736816,14.239999771118164,14.239999771118164,4613.0
2024-04-24 12:52:00,YTRA,1.2949999570846558,1.2949999570846558,1.2949999570846558,1.2949999570846558,1.2949999570846558,300.0
2024-04-24 12:52:00,Z,43.38999938964844,43.38999938964844,43.400001525878906,43.375,43.375,3725.0
2024-04-24 12:52:00,ZION,42.04999923706055,42.04999923706055,42.04999923706055,42.040000915527344,42.040000915527344,1284.0
2024-04-24 12:52:00,ZLAB,15.619999885559082,15.619999885559082,15.619999885559082,15.619999885559082,15.619999885559082,247.0
2024-04-24 12:52:00,ZM,61.33000183105469,61.33000183105469,61.34000015258789,61.33000183105469,61.34000015258789,2348.0
2024-04-24 12:52:00,ZNTL,12.029999732971191,12.029999732971191,12.029999732971191,12.029999732971191,12.029999732971191,669.0
2024-04-24 12:52:00,ZS,177.24000549316406,177.24000549316406,177.24000549316406,177.08999633789062,177.1199951171875,1621.0
2024-04-24 12:52:00,ZYME,8.585000038146973,8.585000038146973,8.585000038146973,8.579999923706055,8.579999923706055,765.0
2024-04-24 12:53:00,DIBS,5.400000095367432,5.400000095367432,5.400000095367432,5.400000095367432,5.400000095367432,461.0
2024-04-24 12:53:00,DSP,8.569999694824219,8.569999694824219,8.579999923706055,8.569999694824219,8.571000099182129,2387.0
2024-04-24 12:53:00,ETNB,8.5649995803833,8.5649995803833,8.569999694824219,8.5649995803833,8.5649995803833,2418.0
2024-04-24 12:53:00,FDMT,24.752700805664062,24.752700805664062,24.752700805664062,24.752700805664062,24.752700805664062,236.0
2024-04-24 12:53:00,HOWL,6.340000152587891,6.340000152587891,6.340000152587891,6.340000152587891,6.340000152587891,634.0
2024-04-24 12:53:00,MAPS,1.0800000429153442,1.0800000429153442,1.0800000429153442,1.0800000429153442,1.0800000429153442,248.0
2024-04-24 12:53:00,ME,0.47029998898506165,0.47029998898506165,0.474700003862381,0.47029998898506165,0.47029998898506165,6383.0
2024-04-24 12:53:00,TWOU,0.23479999601840973,0.23479999601840973,0.23479999601840973,0.23479999601840973,0.23479999601840973,548.0
2024-04-24 12:53:00,TXG,27.450000762939453,27.450000762939453,27.450000762939453,27.40999984741211,27.40999984741211,1111.0
2024-04-24 12:53:00,VANI,1.749899983406067,1.749899983406067,1.749899983406067,1.749899983406067,1.749899983406067,132.0
2024-04-24 12:53:00,VC,110.0,110.0,110.0,110.0,110.0,161.0
2024-04-24 12:53:00,VERU,1.3600000143051147,1.3600000143051147,1.3600000143051147,1.3600000143051147,1.3600000143051147,5502.0
2024-04-24 12:53:00,VERV,6.650000095367432,6.650000095367432,6.650000095367432,6.650000095367432,6.650000095367432,1094.0
2024-04-24 12:53:00,VERX,28.665000915527344,28.665000915527344,28.670000076293945,28.645000457763672,28.645000457763672,1329.0
2024-04-24 12:53:00,VFF,1.2899999618530273,1.2899999618530273,1.2899999618530273,1.284999966621399,1.284999966621399,380.0
2024-04-24 12:53:00,VFS,2.499799966812134,2.499799966812134,2.499799966812134,2.499799966812134,2.499799966812134,3453.0
2024-04-24 12:53:00,VIAV,7.96999979019165,7.96999979019165,7.96999979019165,7.969900131225586,7.969900131225586,980.0
2024-04-24 12:53:00,VICR,32.0099983215332,32.0099983215332,32.0099983215332,31.959999084472656,31.959999084472656,1804.0
2024-04-24 12:53:00,VINP,10.471199989318848,10.471199989318848,10.471199989318848,10.471199989318848,10.471199989318848,276.0
2024-04-24 12:53:00,VIR,8.204999923706055,8.204999923706055,8.204999923706055,8.199999809265137,8.199999809265137,1295.0
2024-04-24 12:53:00,VIRT,22.510000228881836,22.510000228881836,22.510000228881836,22.44499969482422,22.4950008392334,4397.0
2024-04-24 12:53:00,VITL,26.719999313354492,26.719999313354492,26.719999313354492,26.690000534057617,26.690000534057617,1453.0
2024-04-24 12:53:00,VKTX,64.91510009765625,64.91510009765625,64.91510009765625,64.91510009765625,64.91510009765625,225.0
2024-04-24 12:53:00,VMD,7.980000019073486,7.980000019073486,8.029999732971191,7.980000019073486,7.980000019073486,1226.0
2024-04-24 12:53:00,VMEO,3.5399999618530273,3.5399999618530273,3.5399999618530273,3.530900001525879,3.530900001525879,9134.0
2024-04-24 12:53:00,VOD,8.614999771118164,8.614999771118164,8.614999771118164,8.614999771118164,8.614999771118164,1018.0
2024-04-24 12:53:00,VOXX,7.0,7.0,7.0,7.0,7.0,186.0
2024-04-24 12:53:00,VRDN,13.319999694824219,13.319999694824219,13.319999694824219,13.319999694824219,13.319999694824219,2279.0
2024-04-24 12:53:00,VRRM,24.190000534057617,24.190000534057617,24.190000534057617,24.190000534057617,24.190000534057617,367.0
2024-04-24 12:53:00,VSAT,16.299999237060547,16.299999237060547,16.299999237060547,16.295000076293945,16.295000076293945,956.0
2024-04-24 12:53:00,VTNR,1.5750000476837158,1.5750000476837158,1.5750000476837158,1.5750000476837158,1.5750000476837158,200.0
2024-04-24 12:53:00,VTRS,11.399999618530273,11.399999618530273,11.399999618530273,11.390000343322754,11.390000343322754,4600.0
2024-04-24 12:53:00,VUZI,1.2699999809265137,1.2699999809265137,1.2798000574111938,1.2699999809265137,1.2719999551773071,1993.0
2024-04-24 12:53:00,VYGR,7.519999980926514,7.519999980926514,7.519999980926514,7.519999980926514,7.519999980926514,104.0
2024-04-24 12:53:00,WB,8.350000381469727,8.350000381469727,8.350000381469727,8.345000267028809,8.345000267028809,232.0
2024-04-24 12:53:00,WBA,17.665000915527344,17.665000915527344,17.670000076293945,17.665000915527344,17.665000915527344,10588.0
2024-04-24 12:53:00,WBD,8.305000305175781,8.305000305175781,8.3100004196167,8.300000190734863,8.304200172424316,15366.0
2024-04-24 12:53:00,WDC,68.69000244140625,68.69000244140625,68.69000244140625,68.62000274658203,68.62999725341797,4393.0
2024-04-24 12:53:00,WEN,19.924999237060547,19.924999237060547,19.924999237060547,19.924999237060547,19.924999237060547,792.0
2024-04-24 12:53:00,WIMI,1.0499999523162842,1.0499999523162842,1.0499999523162842,1.0399999618530273,1.0499000549316406,4015.0
2024-04-24 12:53:00,WISA,5.539999961853027,5.539999961853027,5.5605998039245605,5.480000019073486,5.5320000648498535,25820.0
2024-04-24 12:53:00,WIX,121.70999908447266,121.70999908447266,121.73999786376953,121.58999633789062,121.73999786376953,2082.0
2024-04-24 12:53:00,WKHS,0.16089999675750732,0.16089999675750732,0.16089999675750732,0.1607999950647354,0.1607999950647354,4678.0
2024-04-24 12:53:00,WMG,32.11000061035156,32.11000061035156,32.11000061035156,32.11000061035156,32.11000061035156,345.0
2024-04-24 12:53:00,WNEB,6.485000133514404,6.485000133514404,6.5,6.485000133514404,6.5,463.0
2024-04-24 12:53:00,WRAP,1.9500000476837158,1.9500000476837158,1.9500000476837158,1.9500000476837158,1.9500000476837158,9456.0
2024-04-24 12:53:00,WSC,37.595001220703125,37.595001220703125,37.599998474121094,37.584999084472656,37.59000015258789,4525.0
2024-04-24 12:53:00,WTFC,99.72000122070312,99.72000122070312,99.72000122070312,99.61000061035156,99.61000061035156,673.0
2024-04-24 12:53:00,WVE,5.125,5.125,5.125,5.125,5.125,591.0
2024-04-24 12:53:00,WW,1.6699999570846558,1.6699999570846558,1.6699999570846558,1.6699999570846558,1.6699999570846558,2497.0
2024-04-24 12:53:00,WYNN,96.20999908447266,96.20999908447266,96.25,96.20999908447266,96.23999786376953,1778.0
2024-04-24 12:53:00,XEL,55.529998779296875,55.529998779296875,55.55500030517578,55.529998779296875,55.54499816894531,4646.0
2024-04-24 12:53:00,XENE,39.869998931884766,39.869998931884766,39.869998931884766,39.869998931884766,39.869998931884766,619.0
2024-04-24 12:53:00,XFOR,1.2599999904632568,1.2599999904632568,1.2599999904632568,1.2599999904632568,1.2599999904632568,260.0
2024-04-24 12:53:00,XP,20.30500030517578,20.30500030517578,20.334999084472656,20.30500030517578,20.30500030517578,17170.0
2024-04-24 12:53:00,XRX,14.297499656677246,14.297499656677246,14.297499656677246,14.25,14.25,12403.0
2024-04-24 12:53:00,YTRA,1.2999000549316406,1.2999000549316406,1.2999999523162842,1.2999000549316406,1.2999999523162842,4205.0
2024-04-24 12:53:00,Z,43.41999816894531,43.41999816894531,43.41999816894531,43.38999938964844,43.38999938964844,761.0
2024-04-24 12:53:00,ZBRA,275.3266906738281,275.3266906738281,275.6441955566406,275.3266906738281,275.5534973144531,4134.0
2024-04-24 12:53:00,ZD,51.58000183105469,51.58000183105469,51.58000183105469,51.58000183105469,51.58000183105469,200.0
2024-04-24 12:53:00,ZI,15.779999732971191,15.779999732971191,15.779999732971191,15.774999618530273,15.779999732971191,14845.0
2024-04-24 12:53:00,ZIMV,15.720000267028809,15.720000267028809,15.720000267028809,15.720000267028809,15.720000267028809,243.0
2024-04-24 12:53:00,ZION,42.029998779296875,42.029998779296875,42.029998779296875,42.029998779296875,42.029998779296875,742.0
2024-04-24 12:53:00,ZLAB,15.609999656677246,15.609999656677246,15.609999656677246,15.609999656677246,15.609999656677246,330.0
2024-04-24 12:53:00,ZM,61.36000061035156,61.36000061035156,61.36000061035156,61.349998474121094,61.349998474121094,1475.0
2024-04-24 12:53:00,ZS,177.38999938964844,177.38999938964844,177.38999938964844,177.1999969482422,177.1999969482422,1989.0
2024-04-24 12:53:00,ZUMZ,16.969999313354492,16.969999313354492,16.969999313354492,16.969999313354492,16.969999313354492,124.0
2024-04-24 12:53:00,ZURA,3.2100000381469727,3.2100000381469727,3.2100000381469727,3.2100000381469727,3.2100000381469727,200.0
2024-04-24 12:54:00,EGHT,2.3475000858306885,2.3475000858306885,2.3475000858306885,2.3475000858306885,2.3475000858306885,578.0
2024-04-24 12:54:00,ETNB,8.5600004196167,8.5600004196167,8.5600004196167,8.559700012207031,8.559900283813477,1504.0
2024-04-24 12:54:00,FREE,4.820000171661377,4.820000171661377,4.820000171661377,4.820000171661377,4.820000171661377,305.0
2024-04-24 12:54:00,MAPS,1.0800000429153442,1.0800000429153442,1.0800000429153442,1.0800000429153442,1.0800000429153442,250.0
2024-04-24 12:54:00,ME,0.4745999872684479,0.4745999872684479,0.4745999872684479,0.47029998898506165,0.47029998898506165,22242.0
2024-04-24 12:54:00,SEAT,5.849999904632568,5.849999904632568,5.849999904632568,5.849999904632568,5.849999904632568,330.0
2024-04-24 12:54:00,TWOU,0.23479999601840973,0.23479999601840973,0.23479999601840973,0.23479999601840973,0.23479999601840973,1423.0
2024-04-24 12:54:00,TXG,27.43000030517578,27.43000030517578,27.43000030517578,27.40999984741211,27.40999984741211,2308.0
2024-04-24 12:54:00,VC,110.08999633789062,110.08999633789062,110.08999633789062,109.96499633789062,109.96499633789062,1222.0
2024-04-24 12:54:00,VERU,1.3504999876022339,1.3504999876022339,1.3600000143051147,1.3504999876022339,1.3600000143051147,1393.0
2024-04-24 12:54:00,VERV,6.650000095367432,6.650000095367432,6.650000095367432,6.650000095367432,6.650000095367432,106.0
2024-04-24 12:54:00,VERX,28.6299991607666,28.6299991607666,28.704999923706055,28.6299991607666,28.699899673461914,4153.0
2024-04-24 12:54:00,VFF,1.2994999885559082,1.2994999885559082,1.2999999523162842,1.2994999885559082,1.2998000383377075,14420.0
2024-04-24 12:54:00,VICR,31.979999542236328,31.979999542236328,31.979999542236328,31.969999313354492,31.969999313354492,1788.0
2024-04-24 12:54:00,VIGL,2.6600000858306885,2.6600000858306885,2.6600000858306885,2.6449999809265137,2.6600000858306885,1208.0
2024-04-24 12:54:00,VIRT,22.540000915527344,22.540000915527344,22.549999237060547,22.5,22.5049991607666,7414.0
2024-04-24 12:54:00,VIRX,0.8497999906539917,0.8497999906539917,0.8499000072479248,0.8497999906539917,0.8499000072479248,1500.0
2024-04-24 12:54:00,VITL,26.756000518798828,26.756000518798828,26.756000518798828,26.756000518798828,26.756000518798828,246.0
2024-04-24 12:54:00,VIVK,1.6201000213623047,1.6201000213623047,1.6399999856948853,1.6201000213623047,1.6399999856948853,8357.0
2024-04-24 12:54:00,VKTX,64.93009948730469,64.93009948730469,65.0199966430664,64.93009948730469,64.96499633789062,1659.0
2024-04-24 12:54:00,VMD,7.980000019073486,7.980000019073486,7.980000019073486,7.980000019073486,7.980000019073486,200.0
2024-04-24 12:54:00,VMEO,3.5350000858306885,3.5350000858306885,3.5399999618530273,3.5350000858306885,3.5399999618530273,891.0
2024-04-24 12:54:00,VNET,1.5299999713897705,1.5299999713897705,1.5299999713897705,1.5299999713897705,1.5299999713897705,162.0
2024-04-24 12:54:00,VNOM,39.665000915527344,39.665000915527344,39.66999816894531,39.665000915527344,39.66999816894531,712.0
2024-04-24 12:54:00,VOD,8.609999656677246,8.609999656677246,8.619999885559082,8.609999656677246,8.614999771118164,40113.0
2024-04-24 12:54:00,VOR,1.7549999952316284,1.7549999952316284,1.7549999952316284,1.7549999952316284,1.7549999952316284,200.0
2024-04-24 12:54:00,VRDN,13.239999771118164,13.239999771118164,13.3100004196167,13.220000267028809,13.3100004196167,27296.0
2024-04-24 12:54:00,VSAT,16.295000076293945,16.295000076293945,16.295000076293945,16.295000076293945,16.295000076293945,288.0
2024-04-24 12:54:00,VSEC,78.58999633789062,78.58999633789062,78.58999633789062,78.5250015258789,78.5250015258789,616.0
2024-04-24 12:54:00,VTNR,1.5750000476837158,1.5750000476837158,1.5800000429153442,1.5750000476837158,1.5750000476837158,500.0
2024-04-24 12:54:00,VTRS,11.399999618530273,11.399999618530273,11.399999618530273,11.395000457763672,11.395000457763672,4110.0
2024-04-24 12:54:00,VTSI,12.1899995803833,12.1899995803833,12.1899995803833,12.154999732971191,12.154999732971191,485.0
2024-04-24 12:54:00,VUZI,1.274999976158142,1.274999976158142,1.2799999713897705,1.274999976158142,1.2798999547958374,5472.0
2024-04-24 12:54:00,VVOS,2.5799999237060547,2.5799999237060547,2.630000114440918,2.5799999237060547,2.609999895095825,3078.0
2024-04-24 12:54:00,VYGR,7.510000228881836,7.510000228881836,7.510000228881836,7.510000228881836,7.510000228881836,137.0
2024-04-24 12:54:00,WB,8.345000267028809,8.345000267028809,8.350000381469727,8.345000267028809,8.350000381469727,2435.0
2024-04-24 12:54:00,WBA,17.655000686645508,17.655000686645508,17.665000915527344,17.649999618530273,17.665000915527344,15871.0
2024-04-24 12:54:00,WBD,8.307000160217285,8.307000160217285,8.3100004196167,8.304100036621094,8.305000305175781,8365.0
2024-04-24 12:54:00,WDC,68.66999816894531,68.66999816894531,68.68000030517578,68.66000366210938,68.66999816894531,3526.0
2024-04-24 12:54:00,WERN,35.02000045776367,35.02000045776367,35.02000045776367,35.02000045776367,35.02000045776367,278.0
2024-04-24 12:54:00,WFRD,122.54000091552734,122.54000091552734,122.54000091552734,122.44000244140625,122.44000244140625,1665.0
2024-04-24 12:54:00,WHLM,6.270100116729736,6.270100116729736,6.463099956512451,6.269999980926514,6.463099956512451,1394.0
2024-04-24 12:54:00,WIMI,1.0499999523162842,1.0499999523162842,1.0499999523162842,1.0399999618530273,1.0499999523162842,22094.0
2024-04-24 12:54:00,WING,362.7099914550781,362.7099914550781,362.7099914550781,362.7099914550781,362.7099914550781,983.0
2024-04-24 12:54:00,WISA,5.480199813842773,5.480199813842773,5.519999980926514,5.480000019073486,5.489999771118164,10626.0
2024-04-24 12:54:00,WIX,121.94999694824219,121.94999694824219,121.94999694824219,121.84500122070312,121.84500122070312,1102.0
2024-04-24 12:54:00,WMG,32.119998931884766,32.119998931884766,32.119998931884766,32.099998474121094,32.099998474121094,2541.0
2024-04-24 12:54:00,WSC,37.61000061035156,37.61000061035156,37.6150016784668,37.584999084472656,37.59000015258789,20383.0
2024-04-24 12:54:00,WW,1.6699999570846558,1.6699999570846558,1.6799999475479126,1.6699999570846558,1.6749999523162842,14052.0
2024-04-24 12:54:00,WYNN,96.20999908447266,96.20999908447266,96.20999908447266,96.19000244140625,96.19999694824219,1785.0
2024-04-24 12:54:00,XEL,55.5525016784668,55.5525016784668,55.55500030517578,55.53499984741211,55.53499984741211,3673.0
2024-04-24 12:54:00,XENE,39.84000015258789,39.84000015258789,39.84000015258789,39.84000015258789,39.84000015258789,988.0
2024-04-24 12:54:00,XFOR,1.2599999904632568,1.2599999904632568,1.2599999904632568,1.2549999952316284,1.2549999952316284,525.0
2024-04-24 12:54:00,XMTR,16.854999542236328,16.854999542236328,16.854999542236328,16.854999542236328,16.854999542236328,1665.0
2024-04-24 12:54:00,XP,20.3799991607666,20.3799991607666,20.3799991607666,20.350000381469727,20.350000381469727,5262.0
2024-04-24 12:54:00,XRX,14.289999961853027,14.289999961853027,14.300000190734863,14.28499984741211,14.289999961853027,4744.0
2024-04-24 12:54:00,XXII,1.839900016784668,1.839900016784668,1.839900016784668,1.830199956893921,1.830199956893921,681.0
2024-04-24 12:54:00,YTRA,1.2949999570846558,1.2949999570846558,1.2949999570846558,1.2949999570846558,1.2949999570846558,0.0
2024-04-24 12:54:00,Z,43.39500045776367,43.39500045776367,43.4375,43.39500045776367,43.41999816894531,4899.0
2024-04-24 12:54:00,ZD,51.540000915527344,51.540000915527344,51.540000915527344,51.529998779296875,51.540000915527344,790.0
2024-04-24 12:54:00,ZG,42.91999816894531,42.91999816894531,42.95000076293945,42.91999816894531,42.939998626708984,1292.0
2024-04-24 12:54:00,ZI,15.78499984741211,15.78499984741211,15.78499984741211,15.78499984741211,15.78499984741211,748.0
2024-04-24 12:54:00,ZION,42.040000915527344,42.040000915527344,42.04999923706055,42.040000915527344,42.04999923706055,486.0
2024-04-24 12:54:00,ZM,61.34000015258789,61.34000015258789,61.349998474121094,61.34000015258789,61.349998474121094,2537.0
2024-04-24 12:54:00,ZS,177.30499267578125,177.30499267578125,177.30499267578125,177.30499267578125,177.30499267578125,1279.0
2024-04-24 12:54:00,ZUMZ,16.969999313354492,16.969999313354492,16.969999313354492,16.969999313354492,16.969999313354492,234.0
2024-04-24 12:55:00,DSP,8.529999732971191,8.529999732971191,8.5600004196167,8.529999732971191,8.5600004196167,693.0
2024-04-24 12:55:00,ETNB,8.569999694824219,8.569999694824219,8.569999694824219,8.569999694824219,8.569999694824219,205.0
2024-04-24 12:55:00,FLWS,9.180000305175781,9.180000305175781,9.180000305175781,9.180000305175781,9.180000305175781,348.0
2024-04-24 12:55:00,HOWL,6.360000133514404,6.360000133514404,6.360000133514404,6.360000133514404,6.360000133514404,808.0
2024-04-24 12:55:00,MAPS,1.0800000429153442,1.0800000429153442,1.0800000429153442,1.0800000429153442,1.0800000429153442,300.0
2024-04-24 12:55:00,ME,0.47029998898506165,0.47029998898506165,0.47029998898506165,0.47029998898506165,0.47029998898506165,0.0
2024-04-24 12:55:00,SEAT,5.840000152587891,5.840000152587891,5.84499979019165,5.840000152587891,5.84499979019165,1904.0
2024-04-24 12:55:00,TSVT,4.328800201416016,4.328800201416016,4.328800201416016,4.328800201416016,4.328800201416016,495.0
2024-04-24 12:55:00,TWOU,0.23489999771118164,0.23489999771118164,0.23489999771118164,0.23479999601840973,0.23479999601840973,7246.0
2024-04-24 12:55:00,TXG,27.440000534057617,27.440000534057617,27.450000762939453,27.43000030517578,27.43000030517578,2697.0
2024-04-24 12:55:00,VCTR,49.689998626708984,49.689998626708984,49.689998626708984,49.689998626708984,49.689998626708984,506.0
2024-04-24 12:55:00,VERU,1.3595000505447388,1.3595000505447388,1.3600000143051147,1.3595000505447388,1.3600000143051147,1296.0
2024-04-24 12:55:00,VERV,6.644999980926514,6.644999980926514,6.644999980926514,6.639999866485596,6.639999866485596,1052.0
2024-04-24 12:55:00,VERX,28.610000610351562,28.610000610351562,28.6200008392334,28.600000381469727,28.6200008392334,494.0
2024-04-24 12:55:00,VFF,1.2906999588012695,1.2906999588012695,1.2906999588012695,1.2906999588012695,1.2906999588012695,1490.0
2024-04-24 12:55:00,VIAV,7.96999979019165,7.96999979019165,7.96999979019165,7.96999979019165,7.96999979019165,441.0
2024-04-24 12:55:00,VIRT,22.549999237060547,22.549999237060547,22.559999465942383,22.540000915527344,22.559999465942383,1751.0
2024-04-24 12:55:00,VKTX,64.80000305175781,64.80000305175781,64.94000244140625,64.80000305175781,64.93000030517578,6643.0
2024-04-24 12:55:00,VLCN,0.25,0.25,0.25,0.2485000044107437,0.2485000044107437,11425.0
2024-04-24 12:55:00,VMD,7.980000019073486,7.980000019073486,7.980000019073486,7.980000019073486,7.980000019073486,106.0
2024-04-24 12:55:00,VMEO,3.5350000858306885,3.5350000858306885,3.5350000858306885,3.5350000858306885,3.5350000858306885,488.0
2024-04-24 12:55:00,VOD,8.605999946594238,8.605999946594238,8.605999946594238,8.605999946594238,8.605999946594238,261.0
2024-04-24 12:55:00,VRDN,13.260000228881836,13.260000228881836,13.260000228881836,13.239999771118164,13.239999771118164,1690.0
2024-04-24 12:55:00,VRNA,15.5600004196167,15.5600004196167,15.5600004196167,15.5600004196167,15.5600004196167,185.0
2024-04-24 12:55:00,VRRM,24.19499969482422,24.19499969482422,24.19499969482422,24.19499969482422,24.19499969482422,925.0
2024-04-24 12:55:00,VRTX,399.6400146484375,399.6400146484375,399.6400146484375,399.4599914550781,399.4599914550781,3167.0
2024-04-24 12:55:00,VSAT,16.280000686645508,16.280000686645508,16.290000915527344,16.274999618530273,16.290000915527344,3418.0
2024-04-24 12:55:00,VSEC,78.58499908447266,78.58499908447266,78.58499908447266,78.58499908447266,78.58499908447266,200.0
2024-04-24 12:55:00,VTNR,1.5750000476837158,1.5750000476837158,1.5750000476837158,1.5750000476837158,1.5750000476837158,100.0
2024-04-24 12:55:00,VTRS,11.399999618530273,11.399999618530273,11.399999618530273,11.399999618530273,11.399999618530273,314.0
2024-04-24 12:55:00,VTSI,12.229999542236328,12.229999542236328,12.229999542236328,12.220000267028809,12.220000267028809,437.0
2024-04-24 12:55:00,VUZI,1.2899999618530273,1.2899999618530273,1.2899999618530273,1.2899999618530273,1.2899999618530273,2057.0
2024-04-24 12:55:00,WALD,5.309999942779541,5.309999942779541,5.309999942779541,5.309999942779541,5.309999942779541,125.0
2024-04-24 12:55:00,WB,8.345000267028809,8.345000267028809,8.345000267028809,8.345000267028809,8.345000267028809,260.0
2024-04-24 12:55:00,WBA,17.674999237060547,17.674999237060547,17.67620086669922,17.65999984741211,17.65999984741211,15130.0
2024-04-24 12:55:00,WBD,8.3100004196167,8.3100004196167,8.3100004196167,8.309900283813477,8.309900283813477,6766.0
2024-04-24 12:55:00,WDC,68.58499908447266,68.58499908447266,68.68000030517578,68.58000183105469,68.66999816894531,6897.0
2024-04-24 12:55:00,WDFC,226.69000244140625,226.69000244140625,226.69000244140625,226.69000244140625,226.69000244140625,860.0
2024-04-24 12:55:00,WEN,19.924999237060547,19.924999237060547,19.93000030517578,19.924999237060547,19.93000030517578,5318.0
2024-04-24 12:55:00,WERN,35.029998779296875,35.029998779296875,35.029998779296875,35.029998779296875,35.029998779296875,1084.0
2024-04-24 12:55:00,WIMI,1.059999942779541,1.059999942779541,1.059999942779541,1.0399999618530273,1.0399999618530273,64598.0
2024-04-24 12:55:00,WING,362.4750061035156,362.4750061035156,362.4750061035156,362.4750061035156,362.4750061035156,127.0
2024-04-24 12:55:00,WISA,5.474999904632568,5.474999904632568,5.510000228881836,5.449999809265137,5.510000228881836,18775.0
2024-04-24 12:55:00,WKHS,0.16169999539852142,0.16169999539852142,0.16290000081062317,0.16089999675750732,0.16089999675750732,256906.0
2024-04-24 12:55:00,WMG,32.150001525878906,32.150001525878906,32.150001525878906,32.130001068115234,32.130001068115234,569.0
2024-04-24 12:55:00,WSBC,28.257999420166016,28.257999420166016,28.257999420166016,28.257999420166016,28.257999420166016,886.0
2024-04-24 12:55:00,WSBF,12.039999961853027,12.039999961853027,12.039999961853027,12.039999961853027,12.039999961853027,1000.0
2024-04-24 12:55:00,WSC,37.650001525878906,37.650001525878906,37.650001525878906,37.61000061035156,37.61000061035156,5241.0
2024-04-24 12:55:00,WVE,5.119999885559082,5.119999885559082,5.119999885559082,5.114999771118164,5.114999771118164,808.0
2024-04-24 12:55:00,WW,1.6699999570846558,1.6699999570846558,1.6714999675750732,1.6699999570846558,1.6714999675750732,1470.0
2024-04-24 12:55:00,WWD,148.75999450683594,148.75999450683594,148.75999450683594,148.7550048828125,148.7550048828125,391.0
2024-04-24 12:55:00,WYNN,96.3499984741211,96.3499984741211,96.37000274658203,96.20999908447266,96.20999908447266,6943.0
2024-04-24 12:55:00,XEL,55.54499816894531,55.54499816894531,55.56999969482422,55.54499816894531,55.560001373291016,8112.0
2024-04-24 12:55:00,XERS,1.7450000047683716,1.7450000047683716,1.7450000047683716,1.7450000047683716,1.7450000047683716,310.0
2024-04-24 12:55:00,XFOR,1.2599999904632568,1.2599999904632568,1.2599999904632568,1.2599999904632568,1.2599999904632568,635.0
2024-04-24 12:55:00,XP,20.3799991607666,20.3799991607666,20.3799991607666,20.375,20.375,1329.0
2024-04-24 12:55:00,XRX,14.265000343322754,14.265000343322754,14.289999961853027,14.260600090026855,14.289999961853027,7982.0
2024-04-24 12:55:00,YQ,2.7112998962402344,2.7112998962402344,2.7112998962402344,2.7112998962402344,2.7112998962402344,516.0
2024-04-24 12:55:00,YTRA,1.2999999523162842,1.2999999523162842,1.2999999523162842,1.2999999523162842,1.2999999523162842,200.0
2024-04-24 12:55:00,Z,43.40999984741211,43.40999984741211,43.40999984741211,43.400001525878906,43.400001525878906,999.0
2024-04-24 12:55:00,ZBRA,275.43011474609375,275.43011474609375,275.43011474609375,275.43011474609375,275.43011474609375,489.0
2024-04-24 12:55:00,ZI,15.78499984741211,15.78499984741211,15.78499984741211,15.78499984741211,15.78499984741211,1495.0
2024-04-24 12:55:00,ZION,42.060001373291016,42.060001373291016,42.060001373291016,42.040000915527344,42.040000915527344,1736.0
2024-04-24 12:55:00,ZM,61.279998779296875,61.279998779296875,61.310001373291016,61.279998779296875,61.290000915527344,4101.0
2024-04-24 12:55:00,ZNTL,12.010000228881836,12.010000228881836,12.020000457763672,12.010000228881836,12.020000457763672,563.0
2024-04-24 12:55:00,ZS,177.2550048828125,177.2550048828125,177.27749633789062,177.2550048828125,177.27749633789062,2226.0
2024-04-24 12:56:00,DSP,8.529999732971191,8.529999732971191,8.529999732971191,8.529999732971191,8.529999732971191,332.0
2024-04-24 12:56:00,ETNB,8.567000389099121,8.567000389099121,8.567000389099121,8.5600004196167,8.5600004196167,678.0
2024-04-24 12:56:00,MAPS,1.0800000429153442,1.0800000429153442,1.0800000429153442,1.0800000429153442,1.0800000429153442,200.0
2024-04-24 12:56:00,ME,0.4702000021934509,0.4702000021934509,0.47429999709129333,0.4702000021934509,0.47029998898506165,5566.0
2024-04-24 12:56:00,SCWO,1.3200000524520874,1.3200000524520874,1.3300000429153442,1.3200000524520874,1.3300000429153442,7758.0
2024-04-24 12:56:00,SEAT,5.849999904632568,5.849999904632568,5.849999904632568,5.84499979019165,5.84499979019165,338.0
2024-04-24 12:56:00,TSVT,4.324999809265137,4.324999809265137,4.324999809265137,4.324999809265137,4.324999809265137,217.0
2024-04-24 12:56:00,TWOU,0.23499999940395355,0.23499999940395355,0.23499999940395355,0.23499999940395355,0.23499999940395355,864.0
2024-04-24 12:56:00,TXG,27.440000534057617,27.440000534057617,27.440000534057617,27.43000030517578,27.43000030517578,4020.0
2024-04-24 12:56:00,VCTR,49.66999816894531,49.66999816894531,49.689998626708984,49.66999816894531,49.689998626708984,1998.0
2024-04-24 12:56:00,VERU,1.3600000143051147,1.3600000143051147,1.3600000143051147,1.3600000143051147,1.3600000143051147,3294.0
2024-04-24 12:56:00,VERV,6.650000095367432,6.650000095367432,6.650000095367432,6.650000095367432,6.650000095367432,132.0
2024-04-24 12:56:00,VERX,28.639999389648438,28.639999389648438,28.639999389648438,28.639999389648438,28.639999389648438,1375.0
2024-04-24 12:56:00,VFF,1.3200000524520874,1.3200000524520874,1.3200000524520874,1.2999999523162842,1.2999999523162842,13717.0
2024-04-24 12:56:00,VFS,2.4976000785827637,2.4976000785827637,2.4976000785827637,2.4976000785827637,2.4976000785827637,1617.0
2024-04-24 12:56:00,VIAV,7.965000152587891,7.965000152587891,7.96999979019165,7.965000152587891,7.965000152587891,2725.0
2024-04-24 12:56:00,VIRT,22.520000457763672,22.520000457763672,22.540000915527344,22.520000457763672,22.540000915527344,2401.0
2024-04-24 12:56:00,VIRX,0.8499000072479248,0.8499000072479248,0.8499000072479248,0.8499000072479248,0.8499000072479248,0.0
2024-04-24 12:56:00,VITL,26.764999389648438,26.764999389648438,26.764999389648438,26.764999389648438,26.764999389648438,759.0
2024-04-24 12:56:00,VKTX,64.81580352783203,64.81580352783203,64.81580352783203,64.81580352783203,64.81580352783203,563.0
2024-04-24 12:56:00,VLCN,0.2476000040769577,0.2476000040769577,0.2476000040769577,0.2476000040769577,0.2476000040769577,955.0
2024-04-24 12:56:00,VLGEA,27.299999237060547,27.299999237060547,27.299999237060547,27.299999237060547,27.299999237060547,315.0
2024-04-24 12:56:00,VMD,7.980000019073486,7.980000019073486,7.980000019073486,7.980000019073486,7.980000019073486,253.0
2024-04-24 12:56:00,VMEO,3.5399999618530273,3.5399999618530273,3.5399999618530273,3.5399999618530273,3.5399999618530273,661.0
2024-04-24 12:56:00,VNET,1.5299999713897705,1.5299999713897705,1.5299999713897705,1.5299999713897705,1.5299999713897705,310.0
2024-04-24 12:56:00,VNOM,39.630001068115234,39.630001068115234,39.650001525878906,39.630001068115234,39.650001525878906,695.0
2024-04-24 12:56:00,VOD,8.604999542236328,8.604999542236328,8.604999542236328,8.600000381469727,8.600000381469727,3335.0
2024-04-24 12:56:00,VRDN,13.210000038146973,13.210000038146973,13.25,13.180000305175781,13.239999771118164,5433.0
2024-04-24 12:56:00,VSEC,78.4800033569336,78.4800033569336,78.5,78.4800033569336,78.5,137.0
2024-04-24 12:56:00,VTNR,1.5799000263214111,1.5799000263214111,1.5799000263214111,1.5750000476837158,1.5750000476837158,2500.0
2024-04-24 12:56:00,VTRS,11.395000457763672,11.395000457763672,11.399999618530273,11.395000457763672,11.399999618530273,2179.0
2024-04-24 12:56:00,VTSI,12.255000114440918,12.255000114440918,12.255000114440918,12.255000114440918,12.255000114440918,302.0
2024-04-24 12:56:00,WAFD,27.940000534057617,27.940000534057617,28.0,27.940000534057617,28.0,2145.0
2024-04-24 12:56:00,WB,8.345000267028809,8.345000267028809,8.345000267028809,8.345000267028809,8.345000267028809,347.0
2024-04-24 12:56:00,WBA,17.684999465942383,17.684999465942383,17.690000534057617,17.67009925842285,17.674999237060547,10733.0
2024-04-24 12:56:00,WBD,8.319999694824219,8.319999694824219,8.319999694824219,8.305000305175781,8.3100004196167,18132.0
2024-04-24 12:56:00,WDAY,255.80499267578125,255.80499267578125,255.8699951171875,255.80499267578125,255.8699951171875,458.0
2024-04-24 12:56:00,WDC,68.67980194091797,68.67980194091797,68.67980194091797,68.5999984741211,68.5999984741211,8276.0
2024-04-24 12:56:00,WFRD,122.43000030517578,122.43000030517578,122.51499938964844,122.43000030517578,122.4800033569336,2466.0
2024-04-24 12:56:00,WIMI,1.058500051498413,1.058500051498413,1.059999942779541,1.0484000444412231,1.0549999475479126,46972.0
2024-04-24 12:56:00,WING,362.510009765625,362.510009765625,362.510009765625,362.510009765625,362.510009765625,1111.0
2024-04-24 12:56:00,WISA,5.470600128173828,5.470600128173828,5.519999980926514,5.451300144195557,5.480000019073486,15357.0
2024-04-24 12:56:00,WIX,122.0,122.0,122.0,122.0,122.0,449.0
2024-04-24 12:56:00,WKHS,0.16279999911785126,0.16279999911785126,0.16369999945163727,0.16200000047683716,0.16200000047683716,38760.0
2024-04-24 12:56:00,WKME,7.831900119781494,7.831900119781494,7.831900119781494,7.831900119781494,7.831900119781494,1794.0
2024-04-24 12:56:00,WKSP,0.367000013589859,0.367000013589859,0.36739999055862427,0.367000013589859,0.36739999055862427,7928.0
2024-04-24 12:56:00,WLGS,0.5799999833106995,0.5799999833106995,0.5799999833106995,0.5799999833106995,0.5799999833106995,440.0
2024-04-24 12:56:00,WSBC,28.309999465942383,28.309999465942383,28.309999465942383,28.309999465942383,28.309999465942383,788.0
2024-04-24 12:56:00,WSC,37.66999816894531,37.66999816894531,37.66999816894531,37.650001525878906,37.650001525878906,1620.0
2024-04-24 12:56:00,WTW,263.8699951171875,263.8699951171875,263.8699951171875,263.8699951171875,263.8699951171875,438.0
2024-04-24 12:56:00,WWD,148.97000122070312,148.97000122070312,148.97000122070312,148.97000122070312,148.97000122070312,119.0
2024-04-24 12:56:00,WYNN,96.30500030517578,96.30500030517578,96.3499984741211,96.30000305175781,96.3499984741211,1651.0
2024-04-24 12:56:00,XEL,55.5099983215332,55.5099983215332,55.54499816894531,55.5099983215332,55.540000915527344,6004.0
2024-04-24 12:56:00,XFOR,1.2599999904632568,1.2599999904632568,1.2599999904632568,1.2599999904632568,1.2599999904632568,1708.0
2024-04-24 12:56:00,XP,20.405000686645508,20.405000686645508,20.405000686645508,20.3799991607666,20.3799991607666,3003.0
2024-04-24 12:56:00,XPEL,54.31999969482422,54.31999969482422,54.31999969482422,54.31999969482422,54.31999969482422,291.0
2024-04-24 12:56:00,XRX,14.265000343322754,14.265000343322754,14.270000457763672,14.260000228881836,14.270000457763672,2471.0
2024-04-24 12:56:00,XTLB,2.569999933242798,2.569999933242798,2.569999933242798,2.569999933242798,2.569999933242798,400.0
2024-04-24 12:56:00,YJ,0.8166000247001648,0.8166000247001648,0.8429999947547913,0.8100000023841858,0.8429999947547913,1307.0
2024-04-24 12:56:00,YTRA,1.2999999523162842,1.2999999523162842,1.2999999523162842,1.2949999570846558,1.2999999523162842,3528.0
2024-04-24 12:56:00,Z,43.39500045776367,43.39500045776367,43.39500045776367,43.39500045776367,43.39500045776367,532.0
2024-04-24 12:56:00,ZD,51.58000183105469,51.58000183105469,51.58000183105469,51.540000915527344,51.540000915527344,1670.0
2024-04-24 12:56:00,ZI,15.78499984741211,15.78499984741211,15.78499984741211,15.78499984741211,15.78499984741211,1008.0
2024-04-24 12:56:00,ZION,42.04499816894531,42.04499816894531,42.079898834228516,42.040000915527344,42.06800079345703,5290.0
2024-04-24 12:56:00,ZLAB,15.619999885559082,15.619999885559082,15.619999885559082,15.600000381469727,15.614999771118164,2222.0
2024-04-24 12:56:00,ZM,61.28499984741211,61.28499984741211,61.28499984741211,61.279998779296875,61.279998779296875,399.0
2024-04-24 12:56:00,ZNTL,11.96500015258789,11.96500015258789,12.010000228881836,11.96500015258789,12.010000228881836,9358.0
2024-04-24 12:56:00,ZS,177.3000030517578,177.3000030517578,177.3300018310547,177.3000030517578,177.32000732421875,7553.0
2024-04-24 12:56:00,ZUMZ,17.0,17.0,17.0,16.979999542236328,16.979999542236328,1873.0
2024-04-24 12:56:00,ZURA,3.259999990463257,3.259999990463257,3.259999990463257,3.2300000190734863,3.2300000190734863,798.0
2024-04-24 12:57:00,COCO,23.979999542236328,23.979999542236328,23.979999542236328,23.979999542236328,23.979999542236328,286.0
2024-04-24 12:57:00,EGHT,2.3450000286102295,2.3450000286102295,2.3450000286102295,2.3399999141693115,2.3399999141693115,1595.0
2024-04-24 12:57:00,ETNB,8.600000381469727,8.600000381469727,8.600000381469727,8.569999694824219,8.569999694824219,3511.0
2024-04-24 12:57:00,FEAM,1.159999966621399,1.159999966621399,1.159999966621399,1.159999966621399,1.159999966621399,1346.0
2024-04-24 12:57:00,ME,0.4722000062465668,0.4722000062465668,0.4722000062465668,0.4722000062465668,0.4722000062465668,210.0
2024-04-24 12:57:00,SCWO,1.3200000524520874,1.3200000524520874,1.3200000524520874,1.3200000524520874,1.3200000524520874,4860.0
2024-04-24 12:57:00,SEAT,5.84499979019165,5.84499979019165,5.847499847412109,5.84499979019165,5.84499979019165,500.0
2024-04-24 12:57:00,SRCE,50.63990020751953,50.63990020751953,50.63990020751953,50.63990020751953,50.63990020751953,303.0
2024-04-24 12:57:00,TWOU,0.23499999940395355,0.23499999940395355,0.23499999940395355,0.23499999940395355,0.23499999940395355,318.0
2024-04-24 12:57:00,TXG,27.44499969482422,27.44499969482422,27.44499969482422,27.44499969482422,27.44499969482422,347.0
2024-04-24 12:57:00,VC,110.29000091552734,110.29000091552734,110.29000091552734,110.12000274658203,110.12000274658203,2874.0
2024-04-24 12:57:00,VCTR,49.709999084472656,49.709999084472656,49.724998474121094,49.69499969482422,49.69499969482422,3171.0
2024-04-24 12:57:00,VERU,1.3600000143051147,1.3600000143051147,1.3600000143051147,1.350000023841858,1.3600000143051147,1707.0
2024-04-24 12:57:00,VERV,6.644999980926514,6.644999980926514,6.644999980926514,6.644999980926514,6.644999980926514,722.0
2024-04-24 12:57:00,VERX,28.700000762939453,28.700000762939453,28.709999084472656,28.68000030517578,28.709999084472656,2744.0
2024-04-24 12:57:00,VFS,2.5,2.5,2.5,2.5,2.5,255.0
2024-04-24 12:57:00,VIAV,7.965000152587891,7.965000152587891,7.965000152587891,7.965000152587891,7.965000152587891,346.0
2024-04-24 12:57:00,VIR,8.204999923706055,8.204999923706055,8.204999923706055,8.204999923706055,8.204999923706055,283.0
2024-04-24 12:57:00,VIRT,22.450000762939453,22.450000762939453,22.520000457763672,22.450000762939453,22.520000457763672,4861.0
2024-04-24 12:57:00,VIRX,0.8499000072479248,0.8499000072479248,0.8499000072479248,0.8499000072479248,0.8499000072479248,100.0
2024-04-24 12:57:00,VITL,26.770000457763672,26.770000457763672,26.770000457763672,26.770000457763672,26.770000457763672,872.0
2024-04-24 12:57:00,VIVK,1.6399999856948853,1.6399999856948853,1.6399999856948853,1.6399999856948853,1.6399999856948853,8642.0
2024-04-24 12:57:00,VKTX,64.83999633789062,64.83999633789062,64.83999633789062,64.73500061035156,64.77999877929688,5307.0
2024-04-24 12:57:00,VLCN,0.2524999976158142,0.2524999976158142,0.2524999976158142,0.2524999976158142,0.2524999976158142,18080.0
2024-04-24 12:57:00,VOD,8.605999946594238,8.605999946594238,8.608699798583984,8.604999542236328,8.604999542236328,864.0
2024-04-24 12:57:00,VRDN,13.225000381469727,13.225000381469727,13.234999656677246,13.199999809265137,13.234999656677246,2176.0
2024-04-24 12:57:00,VRM,11.529999732971191,11.529999732971191,11.529999732971191,11.529999732971191,11.529999732971191,825.0
2024-04-24 12:57:00,VRRM,24.190000534057617,24.190000534057617,24.190000534057617,24.184999465942383,24.184999465942383,753.0
2024-04-24 12:57:00,VRTX,399.6000061035156,399.6000061035156,399.6000061035156,399.5199890136719,399.55999755859375,1104.0
2024-04-24 12:57:00,VSAT,16.299999237060547,16.299999237060547,16.299999237060547,16.280000686645508,16.280000686645508,1990.0
2024-04-24 12:57:00,VSEC,78.55999755859375,78.55999755859375,78.55999755859375,78.55999755859375,78.55999755859375,321.0
2024-04-24 12:57:00,VTGN,4.70359992980957,4.70359992980957,4.70359992980957,4.70359992980957,4.70359992980957,284.0
2024-04-24 12:57:00,VTNR,1.5750000476837158,1.5750000476837158,1.5750000476837158,1.5750000476837158,1.5750000476837158,800.0
2024-04-24 12:57:00,VTRS,11.395000457763672,11.395000457763672,11.399999618530273,11.395000457763672,11.399999618530273,1854.0
2024-04-24 12:57:00,VTSI,12.220000267028809,12.220000267028809,12.220000267028809,12.220000267028809,12.220000267028809,900.0
2024-04-24 12:57:00,VVOS,2.5899999141693115,2.5899999141693115,2.5899999141693115,2.5899999141693115,2.5899999141693115,1964.0
2024-04-24 12:57:00,VWE,0.2800000011920929,0.2800000011920929,0.2800000011920929,0.27000001072883606,0.27000001072883606,5898.0
2024-04-24 12:57:00,VYGR,7.519999980926514,7.519999980926514,7.519999980926514,7.519999980926514,7.519999980926514,124.0
2024-04-24 12:57:00,WAFD,27.959999084472656,27.959999084472656,27.959999084472656,27.94499969482422,27.94499969482422,969.0
2024-04-24 12:57:00,WB,8.345000267028809,8.345000267028809,8.350000381469727,8.345000267028809,8.350000381469727,1588.0
2024-04-24 12:57:00,WBA,17.700000762939453,17.700000762939453,17.704999923706055,17.684999465942383,17.684999465942383,24680.0
2024-04-24 12:57:00,WBD,8.324999809265137,8.324999809265137,8.324999809265137,8.3149995803833,8.319999694824219,25775.0
2024-04-24 12:57:00,WDAY,256.0400085449219,256.0400085449219,256.0400085449219,255.82000732421875,255.82000732421875,1549.0
2024-04-24 12:57:00,WDC,68.7490005493164,68.7490005493164,68.7490005493164,68.68000030517578,68.68000030517578,5503.0
2024-04-24 12:57:00,WEN,19.924999237060547,19.924999237060547,19.924999237060547,19.924999237060547,19.924999237060547,225.0
2024-04-24 12:57:00,WFRD,122.5999984741211,122.5999984741211,122.5999984741211,122.30999755859375,122.31999969482422,2291.0
2024-04-24 12:57:00,WHLR,0.13979999721050262,0.13979999721050262,0.13979999721050262,0.13979999721050262,0.13979999721050262,496.0
2024-04-24 12:57:00,WIMI,1.0499999523162842,1.0499999523162842,1.0499999523162842,1.0399999618530273,1.0496000051498413,29944.0
2024-04-24 12:57:00,WISA,5.480000019073486,5.480000019073486,5.5,5.46999979019165,5.5,10847.0
2024-04-24 12:57:00,WIX,122.0250015258789,122.0250015258789,122.0250015258789,122.0250015258789,122.0250015258789,252.0
2024-04-24 12:57:00,WKHS,0.16290000081062317,0.16290000081062317,0.16290000081062317,0.16279999911785126,0.16290000081062317,98421.0
2024-04-24 12:57:00,WLGS,0.5501000285148621,0.5501000285148621,0.5501000285148621,0.5501000285148621,0.5501000285148621,300.0
2024-04-24 12:57:00,WMG,32.119998931884766,32.119998931884766,32.1349983215332,32.119998931884766,32.1349983215332,908.0
2024-04-24 12:57:00,WNEB,6.510000228881836,6.510000228881836,6.510000228881836,6.489999771118164,6.489999771118164,786.0
2024-04-24 12:57:00,WRAP,1.9550000429153442,1.9550000429153442,1.9550000429153442,1.9550000429153442,1.9550000429153442,200.0
2024-04-24 12:57:00,WSC,37.65999984741211,37.65999984741211,37.65999984741211,37.654998779296875,37.654998779296875,1730.0
2024-04-24 12:57:00,WTFC,99.83000183105469,99.83000183105469,99.83000183105469,99.83000183105469,99.83000183105469,408.0
2024-04-24 12:57:00,WVE,5.130000114440918,5.130000114440918,5.130000114440918,5.119999885559082,5.119999885559082,326.0
2024-04-24 12:57:00,WW,1.6749999523162842,1.6749999523162842,1.6749999523162842,1.6699999570846558,1.6699999570846558,2255.0
2024-04-24 12:57:00,WWD,148.94500732421875,148.94500732421875,148.94500732421875,148.94500732421875,148.94500732421875,378.0
2024-04-24 12:57:00,WYNN,96.44000244140625,96.44000244140625,96.44000244140625,96.37000274658203,96.37000274658203,1163.0
2024-04-24 12:57:00,XEL,55.51499938964844,55.51499938964844,55.516300201416016,55.5,55.5099983215332,7639.0
2024-04-24 12:57:00,XENE,39.869998931884766,39.869998931884766,39.869998931884766,39.869998931884766,39.869998931884766,380.0
2024-04-24 12:57:00,XFOR,1.259600043296814,1.259600043296814,1.259600043296814,1.259600043296814,1.259600043296814,2974.0
2024-04-24 12:57:00,XMTR,16.8799991607666,16.8799991607666,16.8799991607666,16.8799991607666,16.8799991607666,172.0
2024-04-24 12:57:00,XP,20.440000534057617,20.440000534057617,20.440000534057617,20.399999618530273,20.40999984741211,8650.0
2024-04-24 12:57:00,XPEL,54.310001373291016,54.310001373291016,54.310001373291016,54.310001373291016,54.310001373291016,480.0
2024-04-24 12:57:00,XRX,14.260000228881836,14.260000228881836,14.260000228881836,14.260000228881836,14.260000228881836,533.0
2024-04-24 12:57:00,YTEN,0.23280000686645508,0.23280000686645508,0.2328999936580658,0.23010000586509705,0.23280000686645508,12272.0
2024-04-24 12:57:00,YTRA,1.2999999523162842,1.2999999523162842,1.2999999523162842,1.2999999523162842,1.2999999523162842,105.0
2024-04-24 12:57:00,Z,43.400001525878906,43.400001525878906,43.40999984741211,43.39500045776367,43.39500045776367,2165.0
2024-04-24 12:57:00,ZBRA,276.0,276.0,276.0,276.0,276.0,104.0
2024-04-24 12:57:00,ZI,15.795000076293945,15.795000076293945,15.795000076293945,15.78499984741211,15.78499984741211,4351.0
2024-04-24 12:57:00,ZIMV,15.739999771118164,15.739999771118164,15.739999771118164,15.739999771118164,15.739999771118164,377.0
2024-04-24 12:57:00,ZION,42.09000015258789,42.09000015258789,42.09000015258789,42.04999923706055,42.04999923706055,6093.0
2024-04-24 12:57:00,ZM,61.29999923706055,61.29999923706055,61.29999923706055,61.279998779296875,61.28499984741211,3726.0
2024-04-24 12:57:00,ZNTL,11.989999771118164,11.989999771118164,11.989999771118164,11.979999542236328,11.979999542236328,1059.0
2024-04-24 12:57:00,ZS,177.4149932861328,177.4149932861328,177.4149932861328,177.3000030517578,177.3000030517578,1913.0
2024-04-24 12:57:00,ZVSA,0.6197999715805054,0.6197999715805054,0.6197999715805054,0.6197999715805054,0.6197999715805054,324.0
2024-04-24 12:58:00,DIBS,5.400000095367432,5.400000095367432,5.400000095367432,5.400000095367432,5.400000095367432,713.0
2024-04-24 12:58:00,ETNB,8.59000015258789,8.59000015258789,8.600000381469727,8.59000015258789,8.600000381469727,911.0
2024-04-24 12:58:00,FDMT,24.735000610351562,24.735000610351562,24.735000610351562,24.735000610351562,24.735000610351562,136.0
2024-04-24 12:58:00,ME,0.47209998965263367,0.47209998965263367,0.4722000062465668,0.4699999988079071,0.4722000062465668,2998.0
2024-04-24 12:58:00,SEAT,5.84499979019165,5.84499979019165,5.84499979019165,5.84499979019165,5.84499979019165,501.0
2024-04-24 12:58:00,SXTP,0.23340000212192535,0.23340000212192535,0.23340000212192535,0.23340000212192535,0.23340000212192535,1759.0
2024-04-24 12:58:00,TWOU,0.23499999940395355,0.23499999940395355,0.23499999940395355,0.23499999940395355,0.23499999940395355,11141.0
2024-04-24 12:58:00,TXG,27.450000762939453,27.450000762939453,27.450000762939453,27.440000534057617,27.440000534057617,671.0
2024-04-24 12:58:00,VERU,1.350000023841858,1.350000023841858,1.3600000143051147,1.350000023841858,1.3600000143051147,2657.0
2024-04-24 12:58:00,VERV,6.650000095367432,6.650000095367432,6.659999847412109,6.650000095367432,6.650000095367432,2768.0
2024-04-24 12:58:00,VERX,28.65999984741211,28.65999984741211,28.704999923706055,28.65999984741211,28.700000762939453,4219.0
2024-04-24 12:58:00,VFF,1.309999942779541,1.309999942779541,1.309999942779541,1.309999942779541,1.309999942779541,1100.0
2024-04-24 12:58:00,VFS,2.5,2.5,2.5,2.498800039291382,2.498800039291382,822.0
2024-04-24 12:58:00,VIAV,7.965000152587891,7.965000152587891,7.965000152587891,7.965000152587891,7.965000152587891,611.0
2024-04-24 12:58:00,VIGL,2.6977999210357666,2.6977999210357666,2.6977999210357666,2.6977999210357666,2.6977999210357666,1058.0
2024-04-24 12:58:00,VIR,8.199999809265137,8.199999809265137,8.204999923706055,8.199999809265137,8.204999923706055,12817.0
2024-04-24 12:58:00,VIRT,22.433700561523438,22.433700561523438,22.433700561523438,22.43000030517578,22.43000030517578,387.0
2024-04-24 12:58:00,VIVK,1.6232000589370728,1.6232000589370728,1.649999976158142,1.6232000589370728,1.649999976158142,2667.0
2024-04-24 12:58:00,VLGEA,27.299999237060547,27.299999237060547,27.299999237060547,27.25,27.25,406.0
2024-04-24 12:58:00,VMD,7.989999771118164,7.989999771118164,7.989999771118164,7.980000019073486,7.980000019073486,1413.0
2024-04-24 12:58:00,VMEO,3.5399999618530273,3.5399999618530273,3.5399999618530273,3.5350000858306885,3.5350000858306885,1327.0
2024-04-24 12:58:00,VNET,1.5299999713897705,1.5299999713897705,1.5299999713897705,1.5299999713897705,1.5299999713897705,120.0
2024-04-24 12:58:00,VNOM,39.64500045776367,39.64500045776367,39.64500045776367,39.64500045776367,39.64500045776367,342.0
2024-04-24 12:58:00,VOD,8.604999542236328,8.604999542236328,8.60789966583252,8.601400375366211,8.604999542236328,9392.0
2024-04-24 12:58:00,VRNA,15.5600004196167,15.5600004196167,15.5600004196167,15.5600004196167,15.5600004196167,646.0
2024-04-24 12:58:00,VRRM,24.190000534057617,24.190000534057617,24.190000534057617,24.190000534057617,24.190000534057617,578.0
2024-04-24 12:58:00,VRTX,400.0400085449219,400.0400085449219,400.0400085449219,399.8399963378906,399.8399963378906,1106.0
2024-04-24 12:58:00,VSAT,16.299999237060547,16.299999237060547,16.299999237060547,16.299999237060547,16.299999237060547,367.0
2024-04-24 12:58:00,VTNR,1.5750000476837158,1.5750000476837158,1.5750000476837158,1.5750000476837158,1.5750000476837158,600.0
2024-04-24 12:58:00,VTRS,11.395000457763672,11.395000457763672,11.404999732971191,11.394800186157227,11.394800186157227,22727.0
2024-04-24 12:58:00,VVOS,2.609999895095825,2.609999895095825,2.609999895095825,2.609999895095825,2.609999895095825,3391.0
2024-04-24 12:58:00,VYGR,7.53000020980835,7.53000020980835,7.53000020980835,7.53000020980835,7.53000020980835,258.0
2024-04-24 12:58:00,WAFD,27.950000762939453,27.950000762939453,27.958999633789062,27.950000762939453,27.958999633789062,1224.0
2024-04-24 12:58:00,WB,8.345000267028809,8.345000267028809,8.345000267028809,8.345000267028809,8.345000267028809,170.0
2024-04-24 12:58:00,WBA,17.704999923706055,17.704999923706055,17.709999084472656,17.700000762939453,17.709999084472656,16547.0
2024-04-24 12:58:00,WBD,8.319999694824219,8.319999694824219,8.324999809265137,8.319999694824219,8.324999809265137,24201.0
2024-04-24 12:58:00,WDAY,255.9824981689453,255.9824981689453,256.010009765625,255.96499633789062,255.96499633789062,579.0
2024-04-24 12:58:00,WDC,68.76000213623047,68.76000213623047,68.7699966430664,68.73999786376953,68.73999786376953,3321.0
2024-04-24 12:58:00,WEN,19.924999237060547,19.924999237060547,19.93000030517578,19.920000076293945,19.93000030517578,1060.0
2024-04-24 12:58:00,WERN,35.099998474121094,35.099998474121094,35.099998474121094,35.099998474121094,35.099998474121094,224.0
2024-04-24 12:58:00,WFRD,122.69000244140625,122.69000244140625,122.69000244140625,122.5999984741211,122.5999984741211,714.0
2024-04-24 12:58:00,WIMI,1.0549999475479126,1.0549999475479126,1.059999942779541,1.0499999523162842,1.0500999689102173,71366.0
2024-04-24 12:58:00,WING,362.8900146484375,362.8900146484375,362.94000244140625,362.8900146484375,362.94000244140625,581.0
2024-04-24 12:58:00,WISA,5.46999979019165,5.46999979019165,5.519599914550781,5.46999979019165,5.519599914550781,7567.0
2024-04-24 12:58:00,WIX,122.09500122070312,122.09500122070312,122.09500122070312,122.09500122070312,122.09500122070312,377.0
2024-04-24 12:58:00,WKHS,0.16439999639987946,0.16439999639987946,0.16449999809265137,0.16290000081062317,0.16290000081062317,106536.0
2024-04-24 12:58:00,WLGS,0.5501000285148621,0.5501000285148621,0.5501000285148621,0.5501000285148621,0.5501000285148621,1757.0
2024-04-24 12:58:00,WMG,32.130001068115234,32.130001068115234,32.130001068115234,32.119998931884766,32.130001068115234,2593.0
2024-04-24 12:58:00,WRAP,1.9598000049591064,1.9598000049591064,1.9598000049591064,1.9598000049591064,1.9598000049591064,5.0
2024-04-24 12:58:00,WSC,37.68000030517578,37.68000030517578,37.68000030517578,37.68000030517578,37.68000030517578,921.0
2024-04-24 12:58:00,WYNN,96.43000030517578,96.43000030517578,96.43000030517578,96.41999816894531,96.41999816894531,2017.0
2024-04-24 12:58:00,XEL,55.54499816894531,55.54499816894531,55.54999923706055,55.513999938964844,55.513999938964844,4936.0
2024-04-24 12:58:00,XERS,1.7488000392913818,1.7488000392913818,1.7488000392913818,1.7488000392913818,1.7488000392913818,602.0
2024-04-24 12:58:00,XP,20.424999237060547,20.424999237060547,20.44499969482422,20.424999237060547,20.434999465942383,4448.0
2024-04-24 12:58:00,XRX,14.265000343322754,14.265000343322754,14.26990032196045,14.260000228881836,14.265000343322754,4193.0
2024-04-24 12:58:00,XXII,1.8300000429153442,1.8300000429153442,1.8300000429153442,1.8300000429153442,1.8300000429153442,875.0
2024-04-24 12:58:00,YTRA,1.2999999523162842,1.2999999523162842,1.2999999523162842,1.2999999523162842,1.2999999523162842,22704.0
2024-04-24 12:58:00,Z,43.38999938964844,43.38999938964844,43.397499084472656,43.38999938964844,43.38999938964844,2187.0
2024-04-24 12:58:00,ZBRA,276.072509765625,276.072509765625,276.072509765625,275.94500732421875,275.94500732421875,1509.0
2024-04-24 12:58:00,ZCMD,1.659999966621399,1.659999966621399,1.659999966621399,1.659999966621399,1.659999966621399,1226.0
2024-04-24 12:58:00,ZG,42.900001525878906,42.900001525878906,42.900001525878906,42.900001525878906,42.900001525878906,203.0
2024-04-24 12:58:00,ZI,15.8100004196167,15.8100004196167,15.8100004196167,15.800000190734863,15.800000190734863,1389.0
2024-04-24 12:58:00,ZION,42.08000183105469,42.08000183105469,42.09600067138672,42.060001373291016,42.09000015258789,6592.0
2024-04-24 12:58:00,ZM,61.31999969482422,61.31999969482422,61.31999969482422,61.314998626708984,61.31999969482422,2248.0
2024-04-24 12:58:00,ZS,177.3300018310547,177.3300018310547,177.42689514160156,177.3300018310547,177.3699951171875,8255.0
2024-04-24 12:58:00,ZUMZ,17.040000915527344,17.040000915527344,17.040000915527344,17.040000915527344,17.040000915527344,1892.0
2024-04-24 12:58:00,ZVSA,0.6141999959945679,0.6141999959945679,0.6141999959945679,0.6141999959945679,0.6141999959945679,148.0
2024-04-24 12:58:00,ZYME,8.585000038146973,8.585000038146973,8.585000038146973,8.574999809265137,8.574999809265137,523.0
2024-04-24 12:58:00,ZYXI,11.350000381469727,11.350000381469727,11.350000381469727,11.350000381469727,11.350000381469727,130.0
2024-04-24 12:59:00,COCO,23.969999313354492,23.969999313354492,23.969999313354492,23.969999313354492,23.969999313354492,215.0
2024-04-24 12:59:00,FDMT,24.71500015258789,24.71500015258789,24.735000610351562,24.71500015258789,24.735000610351562,412.0
2024-04-24 12:59:00,MAPS,1.0700000524520874,1.0700000524520874,1.0700000524520874,1.0700000524520874,1.0700000524520874,10.0
2024-04-24 12:59:00,ME,0.47209998965263367,0.47209998965263367,0.47209998965263367,0.47209998965263367,0.47209998965263367,1699.0
2024-04-24 12:59:00,SEAT,5.84499979019165,5.84499979019165,5.849999904632568,5.84499979019165,5.849999904632568,552.0
2024-04-24 12:59:00,TSVT,4.329999923706055,4.329999923706055,4.329999923706055,4.329999923706055,4.329999923706055,1031.0
2024-04-24 12:59:00,TWOU,0.23499999940395355,0.23499999940395355,0.23499999940395355,0.23499999940395355,0.23499999940395355,13912.0
2024-04-24 12:59:00,TXG,27.449899673461914,27.449899673461914,27.454999923706055,27.449899673461914,27.450000762939453,2465.0
2024-04-24 12:59:00,VCTR,49.66999816894531,49.66999816894531,49.66999816894531,49.66999816894531,49.66999816894531,602.0
2024-04-24 12:59:00,VERU,1.3600000143051147,1.3600000143051147,1.3600000143051147,1.350000023841858,1.3600000143051147,1414.0
2024-04-24 12:59:00,VERV,6.65500020980835,6.65500020980835,6.65500020980835,6.644999980926514,6.644999980926514,1266.0
2024-04-24 12:59:00,VERX,28.684999465942383,28.684999465942383,28.700000762939453,28.65999984741211,28.65999984741211,5533.0
2024-04-24 12:59:00,VFS,2.5,2.5,2.505000114440918,2.4921000003814697,2.5,25357.0
2024-04-24 12:59:00,VIAV,7.96999979019165,7.96999979019165,7.96999979019165,7.96999979019165,7.96999979019165,680.0
2024-04-24 12:59:00,VIR,8.204999923706055,8.204999923706055,8.210000038146973,8.199999809265137,8.199999809265137,1215.0
2024-04-24 12:59:00,VIRI,0.4699999988079071,0.4699999988079071,0.4699999988079071,0.4699999988079071,0.4699999988079071,424.0
2024-04-24 12:59:00,VIRT,22.424999237060547,22.424999237060547,22.424999237060547,22.395000457763672,22.420000076293945,3874.0
2024-04-24 12:59:00,VITL,26.75,26.75,26.760000228881836,26.75,26.760000228881836,596.0
2024-04-24 12:59:00,VKTX,64.87010192871094,64.87010192871094,64.91500091552734,64.76499938964844,64.7699966430664,4781.0
2024-04-24 12:59:00,VMD,7.980000019073486,7.980000019073486,7.985000133514404,7.980000019073486,7.985000133514404,798.0
2024-04-24 12:59:00,VNET,1.5299999713897705,1.5299999713897705,1.5299999713897705,1.5299999713897705,1.5299999713897705,200.0
2024-04-24 12:59:00,VOD,8.609999656677246,8.609999656677246,8.609999656677246,8.604999542236328,8.60990047454834,2930.0
2024-04-24 12:59:00,VRDN,13.220000267028809,13.220000267028809,13.220000267028809,13.220000267028809,13.220000267028809,335.0
2024-04-24 12:59:00,VRNA,15.550000190734863,15.550000190734863,15.550000190734863,15.550000190734863,15.550000190734863,386.0
2024-04-24 12:59:00,VRRM,24.184999465942383,24.184999465942383,24.184999465942383,24.184999465942383,24.184999465942383,300.0
2024-04-24 12:59:00,VRTX,399.6700134277344,399.6700134277344,399.9599914550781,399.6700134277344,399.9599914550781,1397.0
2024-04-24 12:59:00,VSAT,16.299999237060547,16.299999237060547,16.30820083618164,16.299999237060547,16.30820083618164,2724.0
2024-04-24 12:59:00,VSEC,78.57499694824219,78.57499694824219,78.57499694824219,78.57499694824219,78.57499694824219,235.0
2024-04-24 12:59:00,VSME,0.42309999465942383,0.42309999465942383,0.42309999465942383,0.42309999465942383,0.42309999465942383,305.0
2024-04-24 12:59:00,VTNR,1.5750000476837158,1.5750000476837158,1.5750000476837158,1.5750000476837158,1.5750000476837158,1616.0
2024-04-24 12:59:00,VTRS,11.399999618530273,11.399999618530273,11.399999618530273,11.396699905395508,11.399999618530273,6932.0
2024-04-24 12:59:00,VUZI,1.2899999618530273,1.2899999618530273,1.2899999618530273,1.284999966621399,1.284999966621399,714.0
2024-04-24 12:59:00,WB,8.335000038146973,8.335000038146973,8.345000267028809,8.335000038146973,8.345000267028809,4398.0
2024-04-24 12:59:00,WBA,17.690000534057617,17.690000534057617,17.709999084472656,17.690000534057617,17.704999923706055,10097.0
2024-04-24 12:59:00,WBD,8.319999694824219,8.319999694824219,8.329999923706055,8.319999694824219,8.324999809265137,7201.0
2024-04-24 12:59:00,WDAY,256.0150146484375,256.0150146484375,256.0249938964844,255.97500610351562,255.98500061035156,976.0
2024-04-24 12:59:00,WDC,68.8550033569336,68.8550033569336,68.86000061035156,68.76499938964844,68.76499938964844,8979.0
2024-04-24 12:59:00,WERN,35.11000061035156,35.11000061035156,35.11000061035156,35.099998474121094,35.11000061035156,2061.0
2024-04-24 12:59:00,WFRD,122.625,122.625,122.625,122.625,122.625,992.0
2024-04-24 12:59:00,WIMI,1.0499999523162842,1.0499999523162842,1.059999942779541,1.0449999570846558,1.0449999570846558,45020.0
2024-04-24 12:59:00,WING,362.956298828125,362.956298828125,362.956298828125,362.956298828125,362.956298828125,955.0
2024-04-24 12:59:00,WISA,5.461100101470947,5.461100101470947,5.489999771118164,5.460000038146973,5.460000038146973,7025.0
2024-04-24 12:59:00,WIX,122.13999938964844,122.13999938964844,122.16000366210938,122.13999938964844,122.16000366210938,965.0
2024-04-24 12:59:00,WKHS,0.16439999639987946,0.16439999639987946,0.16449999809265137,0.16300000250339508,0.16429999470710754,186199.0
2024-04-24 12:59:00,WLDN,27.889999389648438,27.889999389648438,27.889999389648438,27.78499984741211,27.790000915527344,827.0
2024-04-24 12:59:00,WMG,32.13999938964844,32.13999938964844,32.13999938964844,32.13999938964844,32.13999938964844,888.0
2024-04-24 12:59:00,WSC,37.65999984741211,37.65999984741211,37.66999816894531,37.65999984741211,37.66999816894531,2110.0
2024-04-24 12:59:00,WTW,263.9100036621094,263.9100036621094,263.9100036621094,263.9100036621094,263.9100036621094,524.0
2024-04-24 12:59:00,WVE,5.119999885559082,5.119999885559082,5.119999885559082,5.119999885559082,5.119999885559082,110.0
2024-04-24 12:59:00,WWD,148.96499633789062,148.96499633789062,148.96499633789062,148.96499633789062,148.96499633789062,159.0
2024-04-24 12:59:00,WYNN,96.55999755859375,96.55999755859375,96.58000183105469,96.5199966430664,96.5199966430664,4889.0
2024-04-24 12:59:00,XEL,55.5,55.5,55.54999923706055,55.5,55.540000915527344,17871.0
2024-04-24 12:59:00,XENE,39.95000076293945,39.95000076293945,39.95000076293945,39.90999984741211,39.90999984741211,2229.0
2024-04-24 12:59:00,XERS,1.7450000047683716,1.7450000047683716,1.7450000047683716,1.7450000047683716,1.7450000047683716,315.0
2024-04-24 12:59:00,XFOR,1.2599999904632568,1.2599999904632568,1.2599999904632568,1.2599999904632568,1.2599999904632568,0.0
2024-04-24 12:59:00,XLO,1.0750000476837158,1.0750000476837158,1.0750000476837158,1.0750000476837158,1.0750000476837158,1001.0
2024-04-24 12:59:00,XMTR,16.899999618530273,16.899999618530273,16.899999618530273,16.889999389648438,16.889999389648438,1328.0
2024-04-24 12:59:00,XNCR,18.59000015258789,18.59000015258789,18.59000015258789,18.59000015258789,18.59000015258789,678.0
2024-04-24 12:59:00,XP,20.434999465942383,20.434999465942383,20.440000534057617,20.420000076293945,20.420000076293945,4248.0
2024-04-24 12:59:00,XRX,14.267499923706055,14.267499923706055,14.270000457763672,14.260000228881836,14.265000343322754,3320.0
2024-04-24 12:59:00,XWEL,1.6829999685287476,1.6829999685287476,1.6829999685287476,1.6829999685287476,1.6829999685287476,400.0
2024-04-24 12:59:00,XXII,1.8385000228881836,1.8385000228881836,1.8385000228881836,1.8380000591278076,1.8380000591278076,5900.0
2024-04-24 12:59:00,YTRA,1.2949999570846558,1.2949999570846558,1.2999999523162842,1.2899999618530273,1.2999999523162842,8200.0
2024-04-24 12:59:00,ZBRA,276.0299987792969,276.0299987792969,276.0299987792969,276.0299987792969,276.0299987792969,324.0
2024-04-24 12:59:00,ZG,42.93000030517578,42.93000030517578,42.93000030517578,42.91999816894531,42.91999816894531,1392.0
2024-04-24 12:59:00,ZI,15.8100004196167,15.8100004196167,15.8149995803833,15.8100004196167,15.8100004196167,2609.0
2024-04-24 12:59:00,ZION,42.099998474121094,42.099998474121094,42.099998474121094,42.09000015258789,42.09000015258789,1891.0
2024-04-24 12:59:00,ZM,61.37070083618164,61.37070083618164,61.37070083618164,61.34000015258789,61.34000015258789,3108.0
2024-04-24 12:59:00,ZS,177.36500549316406,177.36500549316406,177.4600067138672,177.3262939453125,177.3262939453125,2492.0
2024-04-24 12:59:00,ZURA,3.259999990463257,3.259999990463257,3.259999990463257,3.259999990463257,3.259999990463257,125.0
2024-04-24 12:59:00,ZVSA,0.5989999771118164,0.5989999771118164,0.6100000143051147,0.5989999771118164,0.6100000143051147,1349.0
2024-04-24 12:59:00,ZYME,8.585000038146973,8.585000038146973,8.585000038146973,8.585000038146973,8.585000038146973,201.0
2024-04-24 13:00:00,COCO,23.985000610351562,23.985000610351562,23.989999771118164,23.969999313354492,23.969999313354492,1020.0
2024-04-24 13:00:00,DIBS,5.400000095367432,5.400000095367432,5.40500020980835,5.400000095367432,5.400000095367432,2676.0
2024-04-24 13:00:00,DSP,8.5600004196167,8.5600004196167,8.5600004196167,8.5600004196167,8.5600004196167,670.0
2024-04-24 13:00:00,EGHT,2.3450000286102295,2.3450000286102295,2.3450000286102295,2.3450000286102295,2.3450000286102295,1987.0
2024-04-24 13:00:00,ETNB,8.579999923706055,8.579999923706055,8.58080005645752,8.579999923706055,8.58080005645752,1269.0
2024-04-24 13:00:00,FDMT,24.71150016784668,24.71150016784668,24.71150016784668,24.71150016784668,24.71150016784668,543.0
2024-04-24 13:00:00,MAPS,1.0800000429153442,1.0800000429153442,1.0800000429153442,1.0800000429153442,1.0800000429153442,681.0
2024-04-24 13:00:00,ME,0.4700999855995178,0.4700999855995178,0.4700999855995178,0.4700999855995178,0.4700999855995178,826.0
2024-04-24 13:00:00,SEAT,5.84499979019165,5.84499979019165,5.84499979019165,5.84499979019165,5.84499979019165,242.0
2024-04-24 13:00:00,TKLF,0.2214999943971634,0.2214999943971634,0.2214999943971634,0.2214999943971634,0.2214999943971634,1615.0
2024-04-24 13:00:00,TWOU,0.23739999532699585,0.23739999532699585,0.23810000717639923,0.23499999940395355,0.23499999940395355,12621.0
2024-04-24 13:00:00,TXG,27.43000030517578,27.43000030517578,27.440000534057617,27.42259979248047,27.440000534057617,2997.0
2024-04-24 13:00:00,VANI,1.7450000047683716,1.7450000047683716,1.7450000047683716,1.7300000190734863,1.7400000095367432,1447.0
2024-04-24 13:00:00,VERU,1.350000023841858,1.350000023841858,1.3568999767303467,1.350000023841858,1.3568999767303467,1600.0
2024-04-24 13:00:00,VERV,6.659999847412109,6.659999847412109,6.659999847412109,6.659999847412109,6.659999847412109,418.0
2024-04-24 13:00:00,VERX,28.790000915527344,28.790000915527344,28.790000915527344,28.764999389648438,28.768999099731445,641.0
2024-04-24 13:00:00,VFS,2.494999885559082,2.494999885559082,2.494999885559082,2.494999885559082,2.494999885559082,543.0
2024-04-24 13:00:00,VIAV,7.96999979019165,7.96999979019165,7.96999979019165,7.960000038146973,7.960000038146973,452.0
2024-04-24 13:00:00,VIR,8.21500015258789,8.21500015258789,8.21500015258789,8.21500015258789,8.21500015258789,1617.0
2024-04-24 13:00:00,VIRC,10.704999923706055,10.704999923706055,10.704999923706055,10.680100440979004,10.680100440979004,1735.0
2024-04-24 13:00:00,VIRT,22.434999465942383,22.434999465942383,22.469999313354492,22.424999237060547,22.424999237060547,5571.0
2024-04-24 13:00:00,VITL,26.764999389648438,26.764999389648438,26.764999389648438,26.764999389648438,26.764999389648438,239.0
2024-04-24 13:00:00,VKTX,65.05999755859375,65.05999755859375,65.06999969482422,64.98999786376953,64.98999786376953,1905.0
2024-04-24 13:00:00,VLCN,0.25119999051094055,0.25119999051094055,0.25279998779296875,0.25,0.25279998779296875,25731.0
2024-04-24 13:00:00,VMD,7.980000019073486,7.980000019073486,7.985000133514404,7.980000019073486,7.985000133514404,2155.0
2024-04-24 13:00:00,VMEO,3.5350000858306885,3.5350000858306885,3.5450000762939453,3.5350000858306885,3.5399999618530273,26129.0
2024-04-24 13:00:00,VNET,1.5299999713897705,1.5299999713897705,1.5299999713897705,1.5299999713897705,1.5299999713897705,277.0
2024-04-24 13:00:00,VNOM,39.654998779296875,39.654998779296875,39.66999816894531,39.654998779296875,39.66999816894531,567.0
2024-04-24 13:00:00,VOR,1.75,1.75,1.75,1.75,1.75,436.0
2024-04-24 13:00:00,VRDN,13.199999809265137,13.199999809265137,13.21500015258789,13.199999809265137,13.21500015258789,2405.0
2024-04-24 13:00:00,VRRM,24.174999237060547,24.174999237060547,24.18000030517578,24.170000076293945,24.18000030517578,1327.0
2024-04-24 13:00:00,VSAT,16.299999237060547,16.299999237060547,16.299999237060547,16.290000915527344,16.290000915527344,1149.0
2024-04-24 13:00:00,VTNR,1.5750000476837158,1.5750000476837158,1.5799000263214111,1.573799967765808,1.5750000476837158,1900.0
2024-04-24 13:00:00,VTRS,11.399999618530273,11.399999618530273,11.399999618530273,11.399999618530273,11.399999618530273,1073.0
2024-04-24 13:00:00,VTSI,12.210000038146973,12.210000038146973,12.210000038146973,12.210000038146973,12.210000038146973,944.0
2024-04-24 13:00:00,VYGR,7.519999980926514,7.519999980926514,7.519999980926514,7.519999980926514,7.519999980926514,210.0
2024-04-24 13:00:00,WABC,47.56999969482422,47.56999969482422,47.56999969482422,47.56999969482422,47.56999969482422,197.0
2024-04-24 13:00:00,WAFD,27.920000076293945,27.920000076293945,27.93000030517578,27.920000076293945,27.93000030517578,790.0
2024-04-24 13:00:00,WB,8.329999923706055,8.329999923706055,8.335000038146973,8.329999923706055,8.335000038146973,1401.0
2024-04-24 13:00:00,WBA,17.68000030517578,17.68000030517578,17.69499969482422,17.68000030517578,17.693300247192383,9582.0
2024-04-24 13:00:00,WBD,8.324999809265137,8.324999809265137,8.327500343322754,8.320199966430664,8.324999809265137,9198.0
2024-04-24 13:00:00,WDAY,255.88999938964844,255.88999938964844,255.98500061035156,255.88999938964844,255.98500061035156,1122.0
2024-04-24 13:00:00,WDC,68.9000015258789,68.9000015258789,68.9000015258789,68.83999633789062,68.83999633789062,10417.0
2024-04-24 13:00:00,WEN,19.915000915527344,19.915000915527344,19.929899215698242,19.90999984741211,19.929899215698242,5928.0
2024-04-24 13:00:00,WFRD,122.55000305175781,122.55000305175781,122.79000091552734,122.55000305175781,122.70999908447266,1199.0
2024-04-24 13:00:00,WHLM,6.34499979019165,6.34499979019165,6.34499979019165,6.34499979019165,6.34499979019165,1360.0
2024-04-24 13:00:00,WIMI,1.0490000247955322,1.0490000247955322,1.059999942779541,1.0399999618530273,1.0499999523162842,24458.0
2024-04-24 13:00:00,WISA,5.479899883270264,5.479899883270264,5.519899845123291,5.4618000984191895,5.4618000984191895,11202.0
2024-04-24 13:00:00,WKHS,0.16429999470710754,0.16429999470710754,0.16429999470710754,0.16300000250339508,0.16300000250339508,24681.0
2024-04-24 13:00:00,WMG,32.16999816894531,32.16999816894531,32.16999816894531,32.13999938964844,32.13999938964844,1843.0
2024-04-24 13:00:00,WSBF,12.029999732971191,12.029999732971191,12.029999732971191,12.029999732971191,12.029999732971191,0.0
2024-04-24 13:00:00,WSC,37.66999816894531,37.66999816894531,37.68000030517578,37.65999984741211,37.67499923706055,1579.0
2024-04-24 13:00:00,WTFC,99.77189636230469,99.77189636230469,99.77189636230469,99.77189636230469,99.77189636230469,335.0
2024-04-24 13:00:00,WTW,264.07000732421875,264.07000732421875,264.07000732421875,264.07000732421875,264.07000732421875,701.0
2024-04-24 13:00:00,WVE,5.11899995803833,5.11899995803833,5.11899995803833,5.11899995803833,5.11899995803833,840.0
2024-04-24 13:00:00,WW,1.6740000247955322,1.6740000247955322,1.6749999523162842,1.6740000247955322,1.6749999523162842,1713.0
2024-04-24 13:00:00,WWD,149.0050048828125,149.0050048828125,149.0050048828125,149.0050048828125,149.0050048828125,205.0
2024-04-24 13:00:00,WYNN,96.55870056152344,96.55870056152344,96.55870056152344,96.54000091552734,96.54000091552734,1209.0
2024-04-24 13:00:00,XEL,55.4900016784668,55.4900016784668,55.5,55.48500061035156,55.48500061035156,7074.0
2024-04-24 13:00:00,XENE,39.95000076293945,39.95000076293945,39.95000076293945,39.93000030517578,39.93000030517578,2507.0
2024-04-24 13:00:00,XERS,1.7599999904632568,1.7599999904632568,1.7599999904632568,1.7450000047683716,1.7450000047683716,12344.0
2024-04-24 13:00:00,XMTR,16.889999389648438,16.889999389648438,16.889999389648438,16.889999389648438,16.889999389648438,235.0
2024-04-24 13:00:00,XP,20.459999084472656,20.459999084472656,20.459999084472656,20.440000534057617,20.440000534057617,2003.0
2024-04-24 13:00:00,XPEL,54.345001220703125,54.345001220703125,54.345001220703125,54.345001220703125,54.345001220703125,156.0
2024-04-24 13:00:00,XRX,14.265000343322754,14.265000343322754,14.267499923706055,14.260000228881836,14.265000343322754,5842.0
2024-04-24 13:00:00,YTRA,1.2899999618530273,1.2899999618530273,1.2999999523162842,1.2899999618530273,1.2999999523162842,21787.0
2024-04-24 13:00:00,Z,43.43000030517578,43.43000030517578,43.45000076293945,43.41999816894531,43.439998626708984,6632.0
2024-04-24 13:00:00,ZBRA,275.9200134277344,275.9200134277344,275.9200134277344,275.9200134277344,275.9200134277344,356.0
2024-04-24 13:00:00,ZI,15.805000305175781,15.805000305175781,15.805000305175781,15.805000305175781,15.805000305175781,1203.0
2024-04-24 13:00:00,ZION,42.099998474121094,42.099998474121094,42.11000061035156,42.09000015258789,42.109901428222656,2008.0
2024-04-24 13:00:00,ZM,61.404998779296875,61.404998779296875,61.40999984741211,61.38999938964844,61.38999938964844,3202.0
2024-04-24 13:00:00,ZNTL,11.989999771118164,11.989999771118164,11.989999771118164,11.989999771118164,11.989999771118164,1144.0
2024-04-24 13:00:00,ZS,177.38999938964844,177.38999938964844,177.38999938964844,177.3699951171875,177.3699951171875,1482.0
2024-04-24 13:00:00,ZYME,8.599900245666504,8.599900245666504,8.599900245666504,8.57040023803711,8.585000038146973,2175.0
2024-04-24 13:01:00,DSP,8.5649995803833,8.5649995803833,8.5649995803833,8.5649995803833,8.5649995803833,200.0
2024-04-24 13:01:00,EGHT,2.3450000286102295,2.3450000286102295,2.3450000286102295,2.3399999141693115,2.3450000286102295,411.0
2024-04-24 13:01:00,ME,0.47350001335144043,0.47350001335144043,0.47369998693466187,0.47350001335144043,0.47369998693466187,4202.0
2024-04-24 13:01:00,SEAT,5.849999904632568,5.849999904632568,5.849999904632568,5.84499979019165,5.84499979019165,536.0
2024-04-24 13:01:00,TSVT,4.326300144195557,4.326300144195557,4.329999923706055,4.323500156402588,4.323500156402588,921.0
2024-04-24 13:01:00,TWOU,0.23749999701976776,0.23749999701976776,0.23749999701976776,0.23749999701976776,0.23749999701976776,379.0
2024-04-24 13:01:00,TXG,27.43000030517578,27.43000030517578,27.459999084472656,27.43000030517578,27.459999084472656,2217.0
2024-04-24 13:01:00,VCTR,49.63999938964844,49.63999938964844,49.63999938964844,49.63999938964844,49.63999938964844,736.0
2024-04-24 13:01:00,VERU,1.3600000143051147,1.3600000143051147,1.3600000143051147,1.350000023841858,1.350000023841858,900.0
2024-04-24 13:01:00,VERV,6.664999961853027,6.664999961853027,6.670000076293945,6.659999847412109,6.659999847412109,2819.0
2024-04-24 13:01:00,VERX,28.764999389648438,28.764999389648438,28.764999389648438,28.764999389648438,28.764999389648438,518.0
2024-04-24 13:01:00,VFF,1.3035000562667847,1.3035000562667847,1.3035000562667847,1.3035000562667847,1.3035000562667847,1612.0
2024-04-24 13:01:00,VFS,2.5,2.5,2.5,2.4990999698638916,2.4990999698638916,1335.0
2024-04-24 13:01:00,VIAV,7.974999904632568,7.974999904632568,7.974999904632568,7.96999979019165,7.96999979019165,2039.0
2024-04-24 13:01:00,VICR,31.979999542236328,31.979999542236328,31.979999542236328,31.979999542236328,31.979999542236328,790.0
2024-04-24 13:01:00,VIRT,22.434999465942383,22.434999465942383,22.450000762939453,22.434999465942383,22.450000762939453,979.0
2024-04-24 13:01:00,VITL,26.759199142456055,26.759199142456055,26.759199142456055,26.759199142456055,26.759199142456055,571.0
2024-04-24 13:01:00,VKTX,65.11000061035156,65.11000061035156,65.11000061035156,65.11000061035156,65.11000061035156,193.0
2024-04-24 13:01:00,VLCN,0.2524999976158142,0.2524999976158142,0.2524999976158142,0.25,0.25,39652.0
2024-04-24 13:01:00,VMD,7.96999979019165,7.96999979019165,7.96999979019165,7.965000152587891,7.965000152587891,770.0
2024-04-24 13:01:00,VMEO,3.5350000858306885,3.5350000858306885,3.536900043487549,3.5350000858306885,3.5350000858306885,1942.0
2024-04-24 13:01:00,VNOM,39.70000076293945,39.70000076293945,39.70000076293945,39.68000030517578,39.68000030517578,907.0
2024-04-24 13:01:00,VOD,8.604999542236328,8.604999542236328,8.608699798583984,8.604999542236328,8.604999542236328,713.0
2024-04-24 13:01:00,VRDN,13.239999771118164,13.239999771118164,13.260000228881836,13.1899995803833,13.210000038146973,4335.0
2024-04-24 13:01:00,VRRM,24.165000915527344,24.165000915527344,24.184999465942383,24.15999984741211,24.18000030517578,6942.0
2024-04-24 13:01:00,VRTX,399.67498779296875,399.67498779296875,399.67498779296875,399.67498779296875,399.67498779296875,299.0
2024-04-24 13:01:00,VSAT,16.299999237060547,16.299999237060547,16.299999237060547,16.299999237060547,16.299999237060547,177.0
2024-04-24 13:01:00,VSEC,78.38999938964844,78.38999938964844,78.44000244140625,78.38999938964844,78.44000244140625,713.0
2024-04-24 13:01:00,VTNR,1.5750000476837158,1.5750000476837158,1.5750000476837158,1.5750000476837158,1.5750000476837158,700.0
2024-04-24 13:01:00,VTRS,11.399999618530273,11.399999618530273,11.399999618530273,11.395000457763672,11.399999618530273,2121.0
2024-04-24 13:01:00,VYGR,7.539999961853027,7.539999961853027,7.539999961853027,7.53000020980835,7.53000020980835,2328.0
2024-04-24 13:01:00,WABC,47.529998779296875,47.529998779296875,47.529998779296875,47.529998779296875,47.529998779296875,206.0
2024-04-24 13:01:00,WAVD,1.7610000371932983,1.7610000371932983,1.9010000228881836,1.7610000371932983,1.9010000228881836,2828.0
2024-04-24 13:01:00,WB,8.329999923706055,8.329999923706055,8.335000038146973,8.329999923706055,8.335000038146973,612.0
2024-04-24 13:01:00,WBA,17.690000534057617,17.690000534057617,17.690000534057617,17.684999465942383,17.684999465942383,7701.0
2024-04-24 13:01:00,WBD,8.320199966430664,8.320199966430664,8.324999809265137,8.319999694824219,8.324999809265137,19868.0
2024-04-24 13:01:00,WDAY,255.75,255.75,255.9499969482422,255.75,255.9499969482422,2739.0
2024-04-24 13:01:00,WDC,68.83999633789062,68.83999633789062,68.9000015258789,68.83999633789062,68.9000015258789,15410.0
2024-04-24 13:01:00,WEN,19.90999984741211,19.90999984741211,19.90999984741211,19.90999984741211,19.90999984741211,2619.0
2024-04-24 13:01:00,WERN,35.119998931884766,35.119998931884766,35.119998931884766,35.119998931884766,35.119998931884766,845.0
2024-04-24 13:01:00,WFRD,122.59500122070312,122.59500122070312,122.59500122070312,122.59500122070312,122.59500122070312,238.0
2024-04-24 13:01:00,WIMI,1.0499999523162842,1.0499999523162842,1.059999942779541,1.0399999618530273,1.0499999523162842,32011.0
2024-04-24 13:01:00,WING,363.29998779296875,363.29998779296875,363.29998779296875,363.29998779296875,363.29998779296875,1038.0
2024-04-24 13:01:00,WISA,5.5,5.5,5.5,5.461999893188477,5.479000091552734,8564.0
2024-04-24 13:01:00,WKHS,0.163100004196167,0.163100004196167,0.16439999639987946,0.163100004196167,0.16439999639987946,41462.0
2024-04-24 13:01:00,WLDN,27.799999237060547,27.799999237060547,27.809999465942383,27.799999237060547,27.809999465942383,1030.0
2024-04-24 13:01:00,WMG,32.20500183105469,32.20500183105469,32.20500183105469,32.189998626708984,32.189998626708984,1180.0
2024-04-24 13:01:00,WSC,37.709999084472656,37.709999084472656,37.709999084472656,37.709999084472656,37.709999084472656,335.0
2024-04-24 13:01:00,WW,1.6749999523162842,1.6749999523162842,1.6749999523162842,1.6749999523162842,1.6749999523162842,1125.0
2024-04-24 13:01:00,WYNN,96.58999633789062,96.58999633789062,96.58999633789062,96.52999877929688,96.52999877929688,2255.0
2024-04-24 13:01:00,XEL,55.5099983215332,55.5099983215332,55.525001525878906,55.5,55.5,2777.0
2024-04-24 13:01:00,XFOR,1.2599999904632568,1.2599999904632568,1.2599999904632568,1.250599980354309,1.250599980354309,9904.0
2024-04-24 13:01:00,XP,20.43000030517578,20.43000030517578,20.475000381469727,20.43000030517578,20.459999084472656,15904.0
2024-04-24 13:01:00,XRX,14.274999618530273,14.274999618530273,14.300000190734863,14.260000228881836,14.265000343322754,22056.0
2024-04-24 13:01:00,XXII,1.850000023841858,1.850000023841858,1.850000023841858,1.8306000232696533,1.8306000232696533,5560.0
2024-04-24 13:01:00,YTRA,1.2999999523162842,1.2999999523162842,1.2999999523162842,1.2990000247955322,1.2999999523162842,3203.0
2024-04-24 13:01:00,Z,43.407501220703125,43.407501220703125,43.43000030517578,43.407501220703125,43.43000030517578,1861.0
2024-04-24 13:01:00,ZBRA,276.1700134277344,276.1700134277344,276.1700134277344,276.1300048828125,276.1300048828125,1518.0
2024-04-24 13:01:00,ZD,51.66999816894531,51.66999816894531,51.66999816894531,51.66999816894531,51.66999816894531,417.0
2024-04-24 13:01:00,ZI,15.795000076293945,15.795000076293945,15.805000305175781,15.795000076293945,15.805000305175781,4595.0
2024-04-24 13:01:00,ZION,42.06999969482422,42.06999969482422,42.099998474121094,42.06999969482422,42.099998474121094,2153.0
2024-04-24 13:01:00,ZLAB,15.625,15.625,15.630000114440918,15.619999885559082,15.630000114440918,1451.0
2024-04-24 13:01:00,ZM,61.36000061035156,61.36000061035156,61.41999816894531,61.36000061035156,61.40999984741211,5539.0
2024-04-24 13:01:00,ZNTL,12.005000114440918,12.005000114440918,12.005000114440918,11.979999542236328,12.0,2838.0
2024-04-24 13:01:00,ZS,177.33999633789062,177.33999633789062,177.57000732421875,177.33999633789062,177.52999877929688,2815.0
2024-04-24 13:01:00,ZUMZ,17.06999969482422,17.06999969482422,17.06999969482422,17.06999969482422,17.06999969482422,1020.0
2024-04-24 13:01:00,ZYXI,11.358699798583984,11.358699798583984,11.358699798583984,11.358699798583984,11.358699798583984,810.0
2024-04-24 13:02:00,COCO,23.989999771118164,23.989999771118164,23.989999771118164,23.989999771118164,23.989999771118164,1203.0
2024-04-24 13:02:00,DSP,8.550100326538086,8.550100326538086,8.550100326538086,8.550000190734863,8.550000190734863,373.0
2024-04-24 13:02:00,EGHT,2.3450000286102295,2.3450000286102295,2.3450000286102295,2.3399999141693115,2.3399999141693115,625.0
2024-04-24 13:02:00,ETNB,8.579999923706055,8.579999923706055,8.579999923706055,8.579999923706055,8.579999923706055,136.0
2024-04-24 13:02:00,FEAM,1.159999966621399,1.159999966621399,1.1699999570846558,1.159999966621399,1.1699999570846558,267.0
2024-04-24 13:02:00,FREE,4.820000171661377,4.820000171661377,4.820000171661377,4.820000171661377,4.820000171661377,106.0
2024-04-24 13:02:00,MAPS,1.0800000429153442,1.0800000429153442,1.0800000429153442,1.0800000429153442,1.0800000429153442,219.0
2024-04-24 13:02:00,MASS,5.639999866485596,5.639999866485596,5.639999866485596,5.639999866485596,5.639999866485596,499.0
2024-04-24 13:02:00,ME,0.4700999855995178,0.4700999855995178,0.47360000014305115,0.4700999855995178,0.47360000014305115,0.0
2024-04-24 13:02:00,SRCE,50.619998931884766,50.619998931884766,50.619998931884766,50.619998931884766,50.619998931884766,743.0
2024-04-24 13:02:00,TSVT,4.324999809265137,4.324999809265137,4.324999809265137,4.324999809265137,4.324999809265137,277.0
2024-04-24 13:02:00,TWOU,0.23759999871253967,0.23759999871253967,0.23759999871253967,0.23739999532699585,0.23739999532699585,9877.0
2024-04-24 13:02:00,TXG,27.420000076293945,27.420000076293945,27.420000076293945,27.420000076293945,27.420000076293945,1313.0
2024-04-24 13:02:00,VERU,1.350000023841858,1.350000023841858,1.350000023841858,1.350000023841858,1.350000023841858,1200.0
2024-04-24 13:02:00,VERV,6.65500020980835,6.65500020980835,6.659999847412109,6.65500020980835,6.659999847412109,2139.0
2024-04-24 13:02:00,VERX,28.764999389648438,28.764999389648438,28.770000457763672,28.760000228881836,28.767499923706055,1826.0
2024-04-24 13:02:00,VFF,1.3200000524520874,1.3200000524520874,1.3200000524520874,1.3049999475479126,1.3049999475479126,1040.0
2024-04-24 13:02:00,VFS,2.4999001026153564,2.4999001026153564,2.4999001026153564,2.4999001026153564,2.4999001026153564,2529.0
2024-04-24 13:02:00,VIAV,7.96999979019165,7.96999979019165,7.96999979019165,7.96999979019165,7.96999979019165,3113.0
2024-04-24 13:02:00,VICR,31.850000381469727,31.850000381469727,31.954999923706055,31.850000381469727,31.920000076293945,4266.0
2024-04-24 13:02:00,VIR,8.220000267028809,8.220000267028809,8.220000267028809,8.220000267028809,8.220000267028809,465.0
2024-04-24 13:02:00,VIRC,10.699999809265137,10.699999809265137,10.699999809265137,10.699999809265137,10.699999809265137,100.0
2024-04-24 13:02:00,VIRT,22.434999465942383,22.434999465942383,22.440000534057617,22.415000915527344,22.415000915527344,1296.0
2024-04-24 13:02:00,VITL,26.780000686645508,26.780000686645508,26.780000686645508,26.780000686645508,26.780000686645508,409.0
2024-04-24 13:02:00,VIVK,1.6200000047683716,1.6200000047683716,1.6399999856948853,1.6200000047683716,1.6399999856948853,4187.0
2024-04-24 13:02:00,VKTX,64.8499984741211,64.8499984741211,64.97000122070312,64.8499984741211,64.97000122070312,2130.0
2024-04-24 13:02:00,VLCN,0.25380000472068787,0.25380000472068787,0.25380000472068787,0.25220000743865967,0.2524999976158142,54709.0
2024-04-24 13:02:00,VMD,7.980000019073486,7.980000019073486,7.980000019073486,7.980000019073486,7.980000019073486,260.0
2024-04-24 13:02:00,VMEO,3.5350000858306885,3.5350000858306885,3.5399999618530273,3.5350000858306885,3.5399999618530273,1855.0
2024-04-24 13:02:00,VNOM,39.709999084472656,39.709999084472656,39.709999084472656,39.709999084472656,39.709999084472656,759.0
2024-04-24 13:02:00,VOD,8.607500076293945,8.607500076293945,8.607500076293945,8.607500076293945,8.607500076293945,660.0
2024-04-24 13:02:00,VRDN,13.25,13.25,13.270000457763672,13.25,13.260000228881836,524.0
2024-04-24 13:02:00,VRRM,24.165000915527344,24.165000915527344,24.165000915527344,24.135000228881836,24.155000686645508,3017.0
2024-04-24 13:02:00,VRTX,399.4700012207031,399.4700012207031,399.6199951171875,399.4700012207031,399.6199951171875,426.0
2024-04-24 13:02:00,VSAT,16.290000915527344,16.290000915527344,16.290000915527344,16.290000915527344,16.290000915527344,1551.0
2024-04-24 13:02:00,VTNR,1.5750000476837158,1.5750000476837158,1.5799000263214111,1.5750000476837158,1.5750000476837158,8600.0
2024-04-24 13:02:00,VTRS,11.395000457763672,11.395000457763672,11.399999618530273,11.395000457763672,11.399999618530273,1742.0
2024-04-24 13:02:00,VTSI,12.21500015258789,12.21500015258789,12.21500015258789,12.21500015258789,12.21500015258789,0.0
2024-04-24 13:02:00,VYGR,7.539999961853027,7.539999961853027,7.539999961853027,7.539999961853027,7.539999961853027,303.0
2024-04-24 13:02:00,WABC,47.529998779296875,47.529998779296875,47.529998779296875,47.52000045776367,47.52000045776367,974.0
2024-04-24 13:02:00,WAFD,27.899999618530273,27.899999618530273,27.899999618530273,27.899999618530273,27.899999618530273,103.0
2024-04-24 13:02:00,WALDW,0.49000000953674316,0.49000000953674316,0.49000000953674316,0.49000000953674316,0.49000000953674316,0.0
2024-04-24 13:02:00,WB,8.329999923706055,8.329999923706055,8.335000038146973,8.329999923706055,8.335000038146973,340.0
2024-04-24 13:02:00,WBA,17.698200225830078,17.698200225830078,17.700000762939453,17.684999465942383,17.684999465942383,5449.0
2024-04-24 13:02:00,WBD,8.319999694824219,8.319999694824219,8.324700355529785,8.319999694824219,8.324700355529785,2122.0
2024-04-24 13:02:00,WDAY,255.80999755859375,255.80999755859375,255.82000732421875,255.74000549316406,255.74000549316406,2082.0
2024-04-24 13:02:00,WDC,68.88999938964844,68.88999938964844,68.88999938964844,68.83000183105469,68.83999633789062,14584.0
2024-04-24 13:02:00,WFRD,122.40499877929688,122.40499877929688,122.54989624023438,122.27999877929688,122.48999786376953,2767.0
2024-04-24 13:02:00,WHF,12.854599952697754,12.854599952697754,12.854599952697754,12.854599952697754,12.854599952697754,255.0
2024-04-24 13:02:00,WHFCL,25.049999237060547,25.049999237060547,25.049999237060547,25.049999237060547,25.049999237060547,1400.0
2024-04-24 13:02:00,WIMI,1.034999966621399,1.034999966621399,1.0499999523162842,1.0299999713897705,1.0499999523162842,52704.0
2024-04-24 13:02:00,WISA,5.5,5.5,5.513800144195557,5.480000019073486,5.480000019073486,10720.0
2024-04-24 13:02:00,WIX,122.05000305175781,122.05000305175781,122.05000305175781,122.05000305175781,122.05000305175781,1440.0
2024-04-24 13:02:00,WKHS,0.1624000072479248,0.1624000072479248,0.16349999606609344,0.16089999675750732,0.16300000250339508,178147.0
2024-04-24 13:02:00,WMG,32.189998626708984,32.189998626708984,32.20500183105469,32.189998626708984,32.20500183105469,1691.0
2024-04-24 13:02:00,WNEB,6.510000228881836,6.510000228881836,6.510000228881836,6.510000228881836,6.510000228881836,253.0
2024-04-24 13:02:00,WRAP,1.9599000215530396,1.9599000215530396,1.9599000215530396,1.9599000215530396,1.9599000215530396,151.0
2024-04-24 13:02:00,WSBC,28.239999771118164,28.239999771118164,28.239999771118164,28.239999771118164,28.239999771118164,282.0
2024-04-24 13:02:00,WSC,37.71500015258789,37.71500015258789,37.720001220703125,37.70000076293945,37.709999084472656,1026.0
2024-04-24 13:02:00,WTFC,99.7699966430664,99.7699966430664,99.77999877929688,99.7699966430664,99.77999877929688,1309.0
2024-04-24 13:02:00,WW,1.6699999570846558,1.6699999570846558,1.6699999570846558,1.6699999570846558,1.6699999570846558,5046.0
2024-04-24 13:02:00,WWD,149.02999877929688,149.02999877929688,149.02999877929688,149.02999877929688,149.02999877929688,280.0
2024-04-24 13:02:00,WYNN,96.61000061035156,96.61000061035156,96.61000061035156,96.58999633789062,96.5999984741211,2226.0
2024-04-24 13:02:00,XEL,55.505001068115234,55.505001068115234,55.51499938964844,55.494998931884766,55.505001068115234,2758.0
2024-04-24 13:02:00,XERS,1.7546000480651855,1.7546000480651855,1.7549999952316284,1.7546000480651855,1.7549999952316284,583.0
2024-04-24 13:02:00,XFOR,1.2599999904632568,1.2599999904632568,1.2599999904632568,1.2599999904632568,1.2599999904632568,392.0
2024-04-24 13:02:00,XMTR,16.899999618530273,16.899999618530273,16.899999618530273,16.899999618530273,16.899999618530273,242.0
2024-04-24 13:02:00,XNCR,18.56999969482422,18.56999969482422,18.579999923706055,18.559999465942383,18.56999969482422,2548.0
2024-04-24 13:02:00,XP,20.399999618530273,20.399999618530273,20.450000762939453,20.395000457763672,20.420000076293945,46994.0
2024-04-24 13:02:00,XPEL,54.345001220703125,54.345001220703125,54.345001220703125,54.345001220703125,54.345001220703125,213.0
2024-04-24 13:02:00,XRX,14.289999961853027,14.289999961853027,14.289999961853027,14.279999732971191,14.279999732971191,4064.0
2024-04-24 13:02:00,XXII,1.8598999977111816,1.8598999977111816,1.8600000143051147,1.850000023841858,1.850000023841858,6292.0
2024-04-24 13:02:00,YORW,35.59000015258789,35.59000015258789,35.59000015258789,35.59000015258789,35.59000015258789,1055.0
2024-04-24 13:02:00,YTRA,1.2999999523162842,1.2999999523162842,1.2999999523162842,1.2999999523162842,1.2999999523162842,1262.0
2024-04-24 13:02:00,Z,43.380001068115234,43.380001068115234,43.39849853515625,43.375,43.39849853515625,1702.0
2024-04-24 13:02:00,ZD,51.61000061035156,51.61000061035156,51.63999938964844,51.61000061035156,51.63999938964844,460.0
2024-04-24 13:02:00,ZG,42.880001068115234,42.880001068115234,42.880001068115234,42.880001068115234,42.880001068115234,1211.0
2024-04-24 13:02:00,ZI,15.795000076293945,15.795000076293945,15.795000076293945,15.795000076293945,15.795000076293945,886.0
2024-04-24 13:02:00,ZIMV,15.720000267028809,15.720000267028809,15.720000267028809,15.720000267028809,15.720000267028809,997.0
2024-04-24 13:02:00,ZION,42.09000015258789,42.09000015258789,42.09000015258789,42.08000183105469,42.08000183105469,1374.0
2024-04-24 13:02:00,ZIONP,20.039899826049805,20.039899826049805,20.039899826049805,20.039899826049805,20.039899826049805,151.0
2024-04-24 13:02:00,ZLAB,15.625,15.625,15.625,15.625,15.625,720.0
2024-04-24 13:02:00,ZM,61.33000183105469,61.33000183105469,61.349998474121094,61.33000183105469,61.349998474121094,4239.0
2024-04-24 13:02:00,ZNTL,12.010000228881836,12.010000228881836,12.010000228881836,12.0,12.0,62732.0
2024-04-24 13:02:00,ZS,177.07000732421875,177.07000732421875,177.1699981689453,177.05999755859375,177.1699981689453,1153.0
2024-04-24 13:02:00,ZUMZ,17.040000915527344,17.040000915527344,17.040000915527344,17.040000915527344,17.040000915527344,274.0
2024-04-24 13:02:00,ZURA,3.259999990463257,3.259999990463257,3.259999990463257,3.259999990463257,3.259999990463257,407.0
2024-04-24 13:03:00,DSP,8.539999961853027,8.539999961853027,8.539999961853027,8.539999961853027,8.539999961853027,335.0
2024-04-24 13:03:00,ETNB,8.569999694824219,8.569999694824219,8.579999923706055,8.569999694824219,8.574999809265137,2266.0
2024-04-24 13:03:00,SEAT,5.860000133514404,5.860000133514404,5.864999771118164,5.84499979019165,5.84499979019165,23786.0
2024-04-24 13:03:00,TSVT,4.329999923706055,4.329999923706055,4.329999923706055,4.329999923706055,4.329999923706055,493.0
2024-04-24 13:03:00,TWOU,0.23690000176429749,0.23690000176429749,0.23759999871253967,0.23499999940395355,0.23749999701976776,9301.0
2024-04-24 13:03:00,TXG,27.420000076293945,27.420000076293945,27.420000076293945,27.420000076293945,27.420000076293945,748.0
2024-04-24 13:03:00,VERU,1.350000023841858,1.350000023841858,1.3600000143051147,1.350000023841858,1.3550000190734863,2712.0
2024-04-24 13:03:00,VERV,6.650000095367432,6.650000095367432,6.664999961853027,6.650000095367432,6.65500020980835,2327.0
2024-04-24 13:03:00,VERX,28.790000915527344,28.790000915527344,28.790000915527344,28.75,28.75,3555.0
2024-04-24 13:03:00,VFS,2.5,2.5,2.5,2.5,2.5,1140.0
2024-04-24 13:03:00,VIAV,7.980000019073486,7.980000019073486,7.980000019073486,7.96999979019165,7.96999979019165,3960.0
2024-04-24 13:03:00,VICR,31.889999389648438,31.889999389648438,31.889999389648438,31.854999542236328,31.854999542236328,3199.0
2024-04-24 13:03:00,VINC,0.9175000190734863,0.9175000190734863,0.9175000190734863,0.9175000190734863,0.9175000190734863,4000.0
2024-04-24 13:03:00,VIRC,10.680000305175781,10.680000305175781,10.6899995803833,10.670000076293945,10.6899995803833,2119.0
2024-04-24 13:03:00,VIRT,22.46500015258789,22.46500015258789,22.469999313354492,22.459999084472656,22.469999313354492,633.0
2024-04-24 13:03:00,VKTX,64.91999816894531,64.91999816894531,64.93000030517578,64.91999816894531,64.92579650878906,1510.0
2024-04-24 13:03:00,VNOM,39.685001373291016,39.685001373291016,39.685001373291016,39.65999984741211,39.65999984741211,1236.0
2024-04-24 13:03:00,VOD,8.600000381469727,8.600000381469727,8.604999542236328,8.600000381469727,8.604999542236328,2396.0
2024-04-24 13:03:00,VRCA,6.769999980926514,6.769999980926514,6.769999980926514,6.769999980926514,6.769999980926514,937.0
2024-04-24 13:03:00,VRDN,13.369999885559082,13.369999885559082,13.399999618530273,13.265000343322754,13.265000343322754,10078.0
2024-04-24 13:03:00,VRNA,15.569999694824219,15.569999694824219,15.569999694824219,15.569999694824219,15.569999694824219,272.0
2024-04-24 13:03:00,VRRM,24.165000915527344,24.165000915527344,24.170000076293945,24.16360092163086,24.165000915527344,2580.0
2024-04-24 13:03:00,VRTX,399.42999267578125,399.42999267578125,399.42999267578125,399.42999267578125,399.42999267578125,251.0
2024-04-24 13:03:00,VTNR,1.5750000476837158,1.5750000476837158,1.5750000476837158,1.5750000476837158,1.5750000476837158,1100.0
2024-04-24 13:03:00,VTRS,11.396400451660156,11.396400451660156,11.399999618530273,11.396400451660156,11.399999618530273,2569.0
2024-04-24 13:03:00,VUZI,1.284999966621399,1.284999966621399,1.284999966621399,1.281999945640564,1.281999945640564,4292.0
2024-04-24 13:03:00,VYGR,7.53000020980835,7.53000020980835,7.53000020980835,7.53000020980835,7.53000020980835,305.0
2024-04-24 13:03:00,WAFD,27.959999084472656,27.959999084472656,27.959999084472656,27.915000915527344,27.93000030517578,1927.0
2024-04-24 13:03:00,WB,8.335000038146973,8.335000038146973,8.335000038146973,8.335000038146973,8.335000038146973,109.0
2024-04-24 13:03:00,WBA,17.69499969482422,17.69499969482422,17.700000762939453,17.69499969482422,17.700000762939453,4012.0
2024-04-24 13:03:00,WBD,8.324999809265137,8.324999809265137,8.324999809265137,8.319999694824219,8.320799827575684,3146.0
2024-04-24 13:03:00,WDAY,255.85000610351562,255.85000610351562,255.85000610351562,255.85000610351562,255.85000610351562,818.0
2024-04-24 13:03:00,WDC,68.94999694824219,68.94999694824219,68.9800033569336,68.9000015258789,68.9000015258789,6892.0
2024-04-24 13:03:00,WEN,19.915000915527344,19.915000915527344,19.915000915527344,19.915000915527344,19.915000915527344,293.0
2024-04-24 13:03:00,WIMI,1.0399999618530273,1.0399999618530273,1.0399999618530273,1.0300999879837036,1.034999966621399,19883.0
2024-04-24 13:03:00,WISA,5.53000020980835,5.53000020980835,5.549900054931641,5.491300106048584,5.519899845123291,5385.0
2024-04-24 13:03:00,WIX,122.07499694824219,122.07499694824219,122.07499694824219,122.07499694824219,122.07499694824219,449.0
2024-04-24 13:03:00,WKHS,0.16279999911785126,0.16279999911785126,0.16339999437332153,0.16210000216960907,0.16269999742507935,13355.0
2024-04-24 13:03:00,WMG,32.20000076293945,32.20000076293945,32.20000076293945,32.20000076293945,32.20000076293945,696.0
2024-04-24 13:03:00,WSBF,12.045000076293945,12.045000076293945,12.045000076293945,12.045000076293945,12.045000076293945,479.0
2024-04-24 13:03:00,WSC,37.70000076293945,37.70000076293945,37.709999084472656,37.689998626708984,37.709999084472656,2187.0
2024-04-24 13:03:00,WTFC,99.79000091552734,99.79000091552734,99.79000091552734,99.79000091552734,99.79000091552734,465.0
2024-04-24 13:03:00,WW,1.6699999570846558,1.6699999570846558,1.6749999523162842,1.6699999570846558,1.6699999570846558,2721.0
2024-04-24 13:03:00,WWD,149.0500030517578,149.0500030517578,149.0500030517578,149.0500030517578,149.0500030517578,1397.0
2024-04-24 13:03:00,WYNN,96.63990020751953,96.63990020751953,96.63990020751953,96.58999633789062,96.61499786376953,2663.0
2024-04-24 13:03:00,XEL,55.494998931884766,55.494998931884766,55.499900817871094,55.4900016784668,55.494998931884766,2145.0
2024-04-24 13:03:00,XMTR,16.950000762939453,16.950000762939453,16.950000762939453,16.90999984741211,16.90999984741211,2360.0
2024-04-24 13:03:00,XP,20.399999618530273,20.399999618530273,20.40999984741211,20.395000457763672,20.395000457763672,3506.0
2024-04-24 13:03:00,XRX,14.295000076293945,14.295000076293945,14.300000190734863,14.28499984741211,14.295000076293945,4048.0
2024-04-24 13:03:00,XXII,1.8700000047683716,1.8700000047683716,1.8700000047683716,1.8700000047683716,1.8700000047683716,1167.0
2024-04-24 13:03:00,Z,43.3849983215332,43.3849983215332,43.3849983215332,43.3849983215332,43.3849983215332,1479.0
2024-04-24 13:03:00,ZD,51.630001068115234,51.630001068115234,51.630001068115234,51.630001068115234,51.630001068115234,200.0
2024-04-24 13:03:00,ZI,15.79539966583252,15.79539966583252,15.79539966583252,15.79539966583252,15.79539966583252,423.0
2024-04-24 13:03:00,ZION,42.099998474121094,42.099998474121094,42.099998474121094,42.099998474121094,42.099998474121094,19029.0
2024-04-24 13:03:00,ZM,61.3650016784668,61.3650016784668,61.3650016784668,61.349998474121094,61.349998474121094,1648.0
2024-04-24 13:03:00,ZNTL,12.0,12.0,12.005000114440918,12.0,12.005000114440918,6693.0
2024-04-24 13:03:00,ZS,177.16000366210938,177.16000366210938,177.16000366210938,177.16000366210938,177.16000366210938,478.0
2024-04-24 13:03:00,ZVSA,0.6100000143051147,0.6100000143051147,0.6100000143051147,0.6100000143051147,0.6100000143051147,215.0
2024-04-24 13:03:00,ZYME,8.585000038146973,8.585000038146973,8.585000038146973,8.585000038146973,8.585000038146973,202.0
2024-04-24 13:04:00,ETNB,8.550000190734863,8.550000190734863,8.5600004196167,8.550000190734863,8.5600004196167,2726.0
2024-04-24 13:04:00,MASS,5.614999771118164,5.614999771118164,5.619999885559082,5.610000133514404,5.619999885559082,587.0
2024-04-24 13:04:00,SEAT,5.894999980926514,5.894999980926514,5.894999980926514,5.864999771118164,5.869999885559082,11464.0
2024-04-24 13:04:00,TWOU,0.23999999463558197,0.23999999463558197,0.23999999463558197,0.23690000176429749,0.23690000176429749,16902.0
2024-04-24 13:04:00,TXG,27.420000076293945,27.420000076293945,27.420000076293945,27.420000076293945,27.420000076293945,1136.0
2024-04-24 13:04:00,VERU,1.350000023841858,1.350000023841858,1.3598999977111816,1.350000023841858,1.3550000190734863,5129.0
2024-04-24 13:04:00,VERV,6.644999980926514,6.644999980926514,6.644999980926514,6.644999980926514,6.644999980926514,217.0
2024-04-24 13:04:00,VERX,28.729999542236328,28.729999542236328,28.80500030517578,28.729999542236328,28.80500030517578,3676.0
2024-04-24 13:04:00,VFS,2.4988999366760254,2.4988999366760254,2.4988999366760254,2.4988999366760254,2.4988999366760254,219.0
2024-04-24 13:04:00,VIAV,7.980000019073486,7.980000019073486,7.980000019073486,7.980000019073486,7.980000019073486,974.0
2024-04-24 13:04:00,VINC,0.9101999998092651,0.9101999998092651,0.9101999998092651,0.9101999998092651,0.9101999998092651,4000.0
2024-04-24 13:04:00,VIR,8.210000038146973,8.210000038146973,8.210000038146973,8.210000038146973,8.210000038146973,387.0
2024-04-24 13:04:00,VIRT,22.399999618530273,22.399999618530273,22.46500015258789,22.399999618530273,22.463600158691406,3959.0
2024-04-24 13:04:00,VITL,26.81999969482422,26.81999969482422,26.81999969482422,26.81999969482422,26.81999969482422,389.0
2024-04-24 13:04:00,VKTX,65.00499725341797,65.00499725341797,65.00499725341797,64.95999908447266,64.95999908447266,2789.0
2024-04-24 13:04:00,VLCN,0.2549999952316284,0.2549999952316284,0.2549999952316284,0.2549999952316284,0.2549999952316284,400.0
2024-04-24 13:04:00,VMEO,3.5350000858306885,3.5350000858306885,3.5350000858306885,3.5350000858306885,3.5350000858306885,1843.0
2024-04-24 13:04:00,VNOM,39.71500015258789,39.71500015258789,39.71500015258789,39.709999084472656,39.709999084472656,934.0
2024-04-24 13:04:00,VRDN,13.350000381469727,13.350000381469727,13.364999771118164,13.350000381469727,13.364999771118164,1482.0
2024-04-24 13:04:00,VRRM,24.155000686645508,24.155000686645508,24.155000686645508,24.155000686645508,24.155000686645508,484.0
2024-04-24 13:04:00,VRTX,399.5950012207031,399.5950012207031,399.5950012207031,399.5950012207031,399.5950012207031,778.0
2024-04-24 13:04:00,VSAT,16.290000915527344,16.290000915527344,16.290000915527344,16.290000915527344,16.290000915527344,531.0
2024-04-24 13:04:00,VTNR,1.5800000429153442,1.5800000429153442,1.5800000429153442,1.5750000476837158,1.5750000476837158,6300.0
2024-04-24 13:04:00,VTRS,11.399999618530273,11.399999618530273,11.399999618530273,11.399999618530273,11.399999618530273,818.0
2024-04-24 13:04:00,VTSI,12.213800430297852,12.213800430297852,12.213800430297852,12.213800430297852,12.213800430297852,746.0
2024-04-24 13:04:00,VUZI,1.284999966621399,1.284999966621399,1.2890000343322754,1.284999966621399,1.284999966621399,4673.0
2024-04-24 13:04:00,WAFD,28.0,28.0,28.0,27.989999771118164,27.989999771118164,915.0
2024-04-24 13:04:00,WASH,26.280000686645508,26.280000686645508,26.280000686645508,26.280000686645508,26.280000686645508,275.0
2024-04-24 13:04:00,WB,8.335000038146973,8.335000038146973,8.335000038146973,8.335000038146973,8.335000038146973,1063.0
2024-04-24 13:04:00,WBA,17.704999923706055,17.704999923706055,17.704999923706055,17.690000534057617,17.69499969482422,11804.0
2024-04-24 13:04:00,WBD,8.324999809265137,8.324999809265137,8.324999809265137,8.319999694824219,8.319999694824219,2477.0
2024-04-24 13:04:00,WDAY,255.67999267578125,255.67999267578125,255.72000122070312,255.67999267578125,255.72000122070312,1422.0
2024-04-24 13:04:00,WDC,68.94000244140625,68.94000244140625,68.94000244140625,68.9000015258789,68.94000244140625,6024.0
2024-04-24 13:04:00,WEN,19.924999237060547,19.924999237060547,19.924999237060547,19.915000915527344,19.915000915527344,5760.0
2024-04-24 13:04:00,WFRD,122.4000015258789,122.4000015258789,122.4000015258789,122.4000015258789,122.4000015258789,2002.0
2024-04-24 13:04:00,WIMI,1.0299999713897705,1.0299999713897705,1.0399999618530273,1.0299999713897705,1.0399999618530273,1607.0
2024-04-24 13:04:00,WISA,5.629799842834473,5.629799842834473,5.629799842834473,5.53000020980835,5.53000020980835,15245.0
2024-04-24 13:04:00,WKHS,0.16200000047683716,0.16200000047683716,0.16200000047683716,0.16200000047683716,0.16200000047683716,6601.0
2024-04-24 13:04:00,WMG,32.19499969482422,32.19499969482422,32.19499969482422,32.19499969482422,32.19499969482422,871.0
2024-04-24 13:04:00,WSBF,12.0600004196167,12.0600004196167,12.0600004196167,12.0600004196167,12.0600004196167,244.0
2024-04-24 13:04:00,WSC,37.709999084472656,37.709999084472656,37.709999084472656,37.665000915527344,37.68000030517578,5537.0
2024-04-24 13:04:00,WTW,264.1000061035156,264.1000061035156,264.1400146484375,264.1000061035156,264.1400146484375,747.0
2024-04-24 13:04:00,WVE,5.130000114440918,5.130000114440918,5.130000114440918,5.119999885559082,5.119999885559082,1730.0
2024-04-24 13:04:00,WW,1.659999966621399,1.659999966621399,1.6699999570846558,1.659999966621399,1.6699999570846558,5420.0
2024-04-24 13:04:00,WYNN,96.6050033569336,96.6050033569336,96.63999938964844,96.6050033569336,96.63999938964844,920.0
2024-04-24 13:04:00,XEL,55.51499938964844,55.51499938964844,55.51499938964844,55.4900016784668,55.5,3529.0
2024-04-24 13:04:00,XERS,1.7555999755859375,1.7555999755859375,1.7555999755859375,1.7549999952316284,1.7549999952316284,714.0
2024-04-24 13:04:00,XP,20.389999389648438,20.389999389648438,20.405000686645508,20.389999389648438,20.405000686645508,1493.0
2024-04-24 13:04:00,XRX,14.28499984741211,14.28499984741211,14.300000190734863,14.28499984741211,14.289999961853027,3010.0
2024-04-24 13:04:00,XWEL,1.649999976158142,1.649999976158142,1.649999976158142,1.649999976158142,1.649999976158142,77.0
2024-04-24 13:04:00,YMAB,15.149999618530273,15.149999618530273,15.149999618530273,15.149999618530273,15.149999618530273,291.0
2024-04-24 13:04:00,YTEN,0.2328999936580658,0.2328999936580658,0.2328999936580658,0.2328999936580658,0.2328999936580658,7865.0
2024-04-24 13:04:00,ZCMD,1.660099983215332,1.660099983215332,1.660099983215332,1.660099983215332,1.660099983215332,697.0
2024-04-24 13:04:00,ZENV,2.115000009536743,2.115000009536743,2.115000009536743,2.115000009536743,2.115000009536743,0.0
2024-04-24 13:04:00,ZI,15.805000305175781,15.805000305175781,15.809900283813477,15.792499542236328,15.795000076293945,2662.0
2024-04-24 13:04:00,ZION,42.130001068115234,42.130001068115234,42.130001068115234,42.11000061035156,42.11000061035156,1382.0
2024-04-24 13:04:00,ZM,61.349998474121094,61.349998474121094,61.36000061035156,61.349998474121094,61.36000061035156,1589.0
2024-04-24 13:04:00,ZNTL,12.010000228881836,12.010000228881836,12.010000228881836,11.989999771118164,12.0,2052.0
2024-04-24 13:04:00,ZS,177.2100067138672,177.2100067138672,177.25999450683594,177.1649932861328,177.1649932861328,426.0
2024-04-24 13:04:00,ZUMZ,17.030000686645508,17.030000686645508,17.030000686645508,17.030000686645508,17.030000686645508,108.0
2024-04-24 13:04:00,ZURA,3.240000009536743,3.240000009536743,3.240000009536743,3.240000009536743,3.240000009536743,324.0
2024-04-24 13:04:00,ZVSA,0.6100000143051147,0.6100000143051147,0.6100000143051147,0.6100000143051147,0.6100000143051147,436.0
2024-04-24 13:04:00,ZYME,8.609999656677246,8.609999656677246,8.609999656677246,8.59000015258789,8.598999977111816,2171.0
2024-04-24 13:04:00,ZYXI,11.359999656677246,11.359999656677246,11.359999656677246,11.359999656677246,11.359999656677246,239.0
2024-04-24 13:05:00,COCO,23.9950008392334,23.9950008392334,23.9950008392334,23.9950008392334,23.9950008392334,739.0
2024-04-24 13:05:00,DIBS,5.400000095367432,5.400000095367432,5.400000095367432,5.394999980926514,5.400000095367432,702.0
2024-04-24 13:05:00,DSP,8.555000305175781,8.555000305175781,8.555000305175781,8.555000305175781,8.555000305175781,382.0
2024-04-24 13:05:00,EGHT,2.3450000286102295,2.3450000286102295,2.3450000286102295,2.3450000286102295,2.3450000286102295,4818.0
2024-04-24 13:05:00,ETNB,8.5600004196167,8.5600004196167,8.5600004196167,8.5600004196167,8.5600004196167,405.0
2024-04-24 13:05:00,FDMT,24.709999084472656,24.709999084472656,24.760000228881836,24.709999084472656,24.760000228881836,238.0
2024-04-24 13:05:00,FLWS,9.164999961853027,9.164999961853027,9.180000305175781,9.164999961853027,9.180000305175781,531.0
2024-04-24 13:05:00,MAPS,1.090000033378601,1.090000033378601,1.090000033378601,1.090000033378601,1.090000033378601,100.0
2024-04-24 13:05:00,MASS,5.619999885559082,5.619999885559082,5.619999885559082,5.619999885559082,5.619999885559082,876.0
2024-04-24 13:05:00,SEAT,5.885000228881836,5.885000228881836,5.900000095367432,5.885000228881836,5.900000095367432,11074.0
2024-04-24 13:05:00,TSVT,4.335000038146973,4.335000038146973,4.335000038146973,4.335000038146973,4.335000038146973,493.0
2024-04-24 13:05:00,TWOU,0.23960000276565552,0.23960000276565552,0.23999999463558197,0.2393999993801117,0.23970000445842743,12004.0
2024-04-24 13:05:00,TXG,27.44499969482422,27.44499969482422,27.450000762939453,27.44499969482422,27.450000762939453,747.0
2024-04-24 13:05:00,VABK,24.520000457763672,24.520000457763672,24.520000457763672,24.520000457763672,24.520000457763672,106.0
2024-04-24 13:05:00,VCTR,49.619998931884766,49.619998931884766,49.619998931884766,49.619998931884766,49.619998931884766,1068.0
2024-04-24 13:05:00,VERU,1.340000033378601,1.340000033378601,1.340000033378601,1.340000033378601,1.340000033378601,804.0
2024-04-24 13:05:00,VERV,6.650000095367432,6.650000095367432,6.65500020980835,6.644999980926514,6.644999980926514,2829.0
2024-04-24 13:05:00,VERX,28.7549991607666,28.7549991607666,28.7549991607666,28.729999542236328,28.739999771118164,1648.0
2024-04-24 13:05:00,VFS,2.494999885559082,2.494999885559082,2.494999885559082,2.494999885559082,2.494999885559082,1959.0
2024-04-24 13:05:00,VIAV,7.989999771118164,7.989999771118164,7.989999771118164,7.980000019073486,7.980000019073486,1634.0
2024-04-24 13:05:00,VICR,32.0,32.0,32.0,31.94499969482422,31.950000762939453,1442.0
2024-04-24 13:05:00,VIRT,22.434999465942383,22.434999465942383,22.459999084472656,22.385000228881836,22.389999389648438,17862.0
2024-04-24 13:05:00,VITL,26.834999084472656,26.834999084472656,26.834999084472656,26.834999084472656,26.834999084472656,378.0
2024-04-24 13:05:00,VIVK,1.6030000448226929,1.6030000448226929,1.6030000448226929,1.600000023841858,1.600000023841858,2931.0
2024-04-24 13:05:00,VLCN,0.2549999952316284,0.2549999952316284,0.2551000118255615,0.2549999952316284,0.2549999952316284,7135.0
2024-04-24 13:05:00,VMEO,3.5350000858306885,3.5350000858306885,3.5350000858306885,3.5350000858306885,3.5350000858306885,814.0
2024-04-24 13:05:00,VNOM,39.73500061035156,39.73500061035156,39.7400016784668,39.689998626708984,39.720001220703125,543.0
2024-04-24 13:05:00,VOD,8.605999946594238,8.605999946594238,8.605999946594238,8.605999946594238,8.605999946594238,463.0
2024-04-24 13:05:00,VRDN,13.350000381469727,13.350000381469727,13.350000381469727,13.350000381469727,13.350000381469727,511.0
2024-04-24 13:05:00,VSAT,16.299999237060547,16.299999237060547,16.299999237060547,16.28499984741211,16.28499984741211,1927.0
2024-04-24 13:05:00,VTNR,1.5750000476837158,1.5750000476837158,1.5799000263214111,1.5750000476837158,1.5799000263214111,11237.0
2024-04-24 13:05:00,VTRS,11.399999618530273,11.399999618530273,11.399999618530273,11.39009952545166,11.39009952545166,1104.0
2024-04-24 13:05:00,VTSI,12.1899995803833,12.1899995803833,12.1899995803833,12.1899995803833,12.1899995803833,0.0
2024-04-24 13:05:00,VUZI,1.284999966621399,1.284999966621399,1.284999966621399,1.284999966621399,1.284999966621399,0.0
2024-04-24 13:05:00,VYGR,7.539999961853027,7.539999961853027,7.539999961853027,7.539999961853027,7.539999961853027,327.0
2024-04-24 13:05:00,WBA,17.729999542236328,17.729999542236328,17.729999542236328,17.70009994506836,17.704999923706055,12488.0
2024-04-24 13:05:00,WBD,8.320899963378906,8.320899963378906,8.328499794006348,8.319999694824219,8.328499794006348,1955.0
2024-04-24 13:05:00,WDC,68.94000244140625,68.94000244140625,68.94000244140625,68.9000015258789,68.91999816894531,6219.0
2024-04-24 13:05:00,WEN,19.934999465942383,19.934999465942383,19.940000534057617,19.924999237060547,19.93000030517578,9511.0
2024-04-24 13:05:00,WERN,35.11650085449219,35.11650085449219,35.11650085449219,35.11650085449219,35.11650085449219,773.0
2024-04-24 13:05:00,WEST,9.935999870300293,9.935999870300293,9.935999870300293,9.935999870300293,9.935999870300293,1254.0
2024-04-24 13:05:00,WIMI,1.0399999618530273,1.0399999618530273,1.0399999618530273,1.0299999713897705,1.0305999517440796,6828.0
2024-04-24 13:05:00,WISA,5.664000034332275,5.664000034332275,5.78000020980835,5.599999904632568,5.599999904632568,36491.0
2024-04-24 13:05:00,WKHS,0.16189999878406525,0.16189999878406525,0.16269999742507935,0.16089999675750732,0.16210000216960907,6732.0
2024-04-24 13:05:00,WKME,7.840000152587891,7.840000152587891,7.840000152587891,7.840000152587891,7.840000152587891,0.0
2024-04-24 13:05:00,WSC,37.709999084472656,37.709999084472656,37.709999084472656,37.68000030517578,37.69499969482422,1210.0
2024-04-24 13:05:00,WVE,5.119999885559082,5.119999885559082,5.119999885559082,5.119999885559082,5.119999885559082,115.0
2024-04-24 13:05:00,WW,1.659999966621399,1.659999966621399,1.659999966621399,1.659999966621399,1.659999966621399,1418.0
2024-04-24 13:05:00,WYNN,96.62999725341797,96.62999725341797,96.62999725341797,96.62999725341797,96.62999725341797,1085.0
2024-04-24 13:05:00,XEL,55.45500183105469,55.45500183105469,55.525001525878906,55.45500183105469,55.51499938964844,11281.0
2024-04-24 13:05:00,XFOR,1.2599999904632568,1.2599999904632568,1.2599999904632568,1.2599999904632568,1.2599999904632568,415.0
2024-04-24 13:05:00,XP,20.450000762939453,20.450000762939453,20.450000762939453,20.399999618530273,20.399999618530273,4243.0
2024-04-24 13:05:00,XRX,14.28499984741211,14.28499984741211,14.286499977111816,14.279999732971191,14.279999732971191,995.0
2024-04-24 13:05:00,XTLB,2.569999933242798,2.569999933242798,2.569999933242798,2.569999933242798,2.569999933242798,100.0
2024-04-24 13:05:00,YTRA,1.309000015258789,1.309000015258789,1.309000015258789,1.309000015258789,1.309000015258789,5800.0
2024-04-24 13:05:00,ZD,51.709999084472656,51.709999084472656,51.709999084472656,51.66999816894531,51.66999816894531,1537.0
2024-04-24 13:05:00,ZI,15.805000305175781,15.805000305175781,15.805000305175781,15.805000305175781,15.805000305175781,119.0
2024-04-24 13:05:00,ZION,42.13999938964844,42.13999938964844,42.13999938964844,42.13999938964844,42.13999938964844,796.0
2024-04-24 13:05:00,ZM,61.38999938964844,61.38999938964844,61.38999938964844,61.349998474121094,61.349998474121094,3114.0
2024-04-24 13:05:00,ZNTL,12.010000228881836,12.010000228881836,12.020000457763672,12.0,12.020000457763672,8826.0
2024-04-24 13:05:00,ZS,177.22000122070312,177.22000122070312,177.25999450683594,177.1699981689453,177.1699981689453,1510.0
2024-04-24 13:05:00,ZUMZ,17.030000686645508,17.030000686645508,17.030000686645508,17.030000686645508,17.030000686645508,289.0
2024-04-24 13:05:00,ZURA,3.259999990463257,3.259999990463257,3.259999990463257,3.259999990463257,3.259999990463257,300.0
2024-04-24 13:05:00,ZVSA,0.6100000143051147,0.6100000143051147,0.6100000143051147,0.6100000143051147,0.6100000143051147,811.0
2024-04-24 13:06:00,ATNF,1.7999999523162842,1.7999999523162842,1.809999942779541,1.7999999523162842,1.809999942779541,1224.0
2024-04-24 13:06:00,MAPS,1.0800000429153442,1.0800000429153442,1.090000033378601,1.0800000429153442,1.090000033378601,490.0
2024-04-24 13:06:00,ME,0.47290000319480896,0.47290000319480896,0.47290000319480896,0.47290000319480896,0.47290000319480896,2789.0
2024-04-24 13:06:00,SEAT,5.880000114440918,5.880000114440918,5.880000114440918,5.880000114440918,5.880000114440918,225.0
2024-04-24 13:06:00,TWOU,0.23989999294281006,0.23989999294281006,0.23999999463558197,0.23970000445842743,0.23970000445842743,31718.0
2024-04-24 13:06:00,TXG,27.469999313354492,27.469999313354492,27.469999313354492,27.454999923706055,27.454999923706055,1112.0
2024-04-24 13:06:00,VERU,1.3350000381469727,1.3350000381469727,1.340000033378601,1.3350000381469727,1.340000033378601,4195.0
2024-04-24 13:06:00,VERV,6.644999980926514,6.644999980926514,6.644999980926514,6.644999980926514,6.644999980926514,116.0
2024-04-24 13:06:00,VERX,28.75,28.75,28.760000228881836,28.709999084472656,28.760000228881836,3219.0
2024-04-24 13:06:00,VFS,2.490999937057495,2.490999937057495,2.490999937057495,2.490999937057495,2.490999937057495,11118.0
2024-04-24 13:06:00,VIAV,7.989999771118164,7.989999771118164,7.989999771118164,7.989999771118164,7.989999771118164,122.0
2024-04-24 13:06:00,VINC,0.910099983215332,0.910099983215332,0.910099983215332,0.910099983215332,0.910099983215332,0.0
2024-04-24 13:06:00,VIR,8.21500015258789,8.21500015258789,8.21500015258789,8.21500015258789,8.21500015258789,221.0
2024-04-24 13:06:00,VIRC,10.65999984741211,10.65999984741211,10.65999984741211,10.65999984741211,10.65999984741211,270.0
2024-04-24 13:06:00,VIRT,22.3700008392334,22.3700008392334,22.440000534057617,22.3700008392334,22.420000076293945,6006.0
2024-04-24 13:06:00,VITL,26.8700008392334,26.8700008392334,26.8700008392334,26.834999084472656,26.834999084472656,1044.0
2024-04-24 13:06:00,VKTX,64.98860168457031,64.98860168457031,64.98860168457031,64.98860168457031,64.98860168457031,586.0
2024-04-24 13:06:00,VMEO,3.5350000858306885,3.5350000858306885,3.5350000858306885,3.5350000858306885,3.5350000858306885,694.0
2024-04-24 13:06:00,VNOM,39.724998474121094,39.724998474121094,39.724998474121094,39.724998474121094,39.724998474121094,227.0
2024-04-24 13:06:00,VOD,8.604999542236328,8.604999542236328,8.604999542236328,8.604999542236328,8.604999542236328,2646.0
2024-04-24 13:06:00,VRCA,6.760000228881836,6.760000228881836,6.760000228881836,6.760000228881836,6.760000228881836,821.0
2024-04-24 13:06:00,VRDN,13.329999923706055,13.329999923706055,13.34000015258789,13.329999923706055,13.34000015258789,1240.0
2024-04-24 13:06:00,VRRM,24.155000686645508,24.155000686645508,24.155000686645508,24.155000686645508,24.155000686645508,930.0
2024-04-24 13:06:00,VRTX,399.42999267578125,399.42999267578125,399.54998779296875,399.42999267578125,399.54998779296875,1700.0
2024-04-24 13:06:00,VSAT,16.299999237060547,16.299999237060547,16.299999237060547,16.299999237060547,16.299999237060547,989.0
2024-04-24 13:06:00,VTNR,1.5750000476837158,1.5750000476837158,1.5799000263214111,1.5750000476837158,1.5799000263214111,9914.0
2024-04-24 13:06:00,VTRS,11.420000076293945,11.420000076293945,11.420000076293945,11.399999618530273,11.399999618530273,15512.0
2024-04-24 13:06:00,VUZI,1.2899999618530273,1.2899999618530273,1.2899999618530273,1.2899999618530273,1.2899999618530273,1300.0
2024-04-24 13:06:00,WB,8.34000015258789,8.34000015258789,8.349499702453613,8.34000015258789,8.34000015258789,2521.0
2024-04-24 13:06:00,WBA,17.729999542236328,17.729999542236328,17.729999542236328,17.719999313354492,17.729999542236328,4153.0
2024-04-24 13:06:00,WBD,8.335000038146973,8.335000038146973,8.335000038146973,8.324999809265137,8.324999809265137,26956.0
2024-04-24 13:06:00,WDAY,255.60000610351562,255.60000610351562,255.60000610351562,255.60000610351562,255.60000610351562,545.0
2024-04-24 13:06:00,WDC,68.9000015258789,68.9000015258789,68.94999694824219,68.9000015258789,68.93000030517578,4140.0
2024-04-24 13:06:00,WEN,19.934999465942383,19.934999465942383,19.934999465942383,19.93000030517578,19.934999465942383,1275.0
2024-04-24 13:06:00,WERN,35.13999938964844,35.13999938964844,35.13999938964844,35.13999938964844,35.13999938964844,160.0
2024-04-24 13:06:00,WHLR,0.13920000195503235,0.13920000195503235,0.13920000195503235,0.13920000195503235,0.13920000195503235,176.0
2024-04-24 13:06:00,WIMI,1.0383000373840332,1.0383000373840332,1.0399999618530273,1.0300999879837036,1.0300999879837036,14120.0
2024-04-24 13:06:00,WISA,5.670000076293945,5.670000076293945,5.699999809265137,5.623000144958496,5.699999809265137,13930.0
2024-04-24 13:06:00,WIX,121.94999694824219,121.94999694824219,121.94999694824219,121.94999694824219,121.94999694824219,2191.0
2024-04-24 13:06:00,WKHS,0.16089999675750732,0.16089999675750732,0.16189999878406525,0.16089999675750732,0.16089999675750732,52021.0
2024-04-24 13:06:00,WMG,32.15999984741211,32.15999984741211,32.20000076293945,32.15999984741211,32.20000076293945,6987.0
2024-04-24 13:06:00,WSC,37.709999084472656,37.709999084472656,37.71500015258789,37.709999084472656,37.709999084472656,2401.0
2024-04-24 13:06:00,WTFC,99.7699966430664,99.7699966430664,99.7699966430664,99.7699966430664,99.7699966430664,504.0
2024-04-24 13:06:00,WVE,5.119999885559082,5.119999885559082,5.119999885559082,5.119999885559082,5.119999885559082,400.0
2024-04-24 13:06:00,WW,1.659999966621399,1.659999966621399,1.659999966621399,1.659999966621399,1.659999966621399,606.0
2024-04-24 13:06:00,WYNN,96.5707015991211,96.5707015991211,96.5999984741211,96.54000091552734,96.5999984741211,3409.0
2024-04-24 13:06:00,XEL,55.474998474121094,55.474998474121094,55.474998474121094,55.45000076293945,55.459999084472656,5482.0
2024-04-24 13:06:00,XFOR,1.2599999904632568,1.2599999904632568,1.2599999904632568,1.2599999904632568,1.2599999904632568,506.0
2024-04-24 13:06:00,XP,20.44499969482422,20.44499969482422,20.450000762939453,20.44499969482422,20.450000762939453,2865.0
2024-04-24 13:06:00,XRX,14.28499984741211,14.28499984741211,14.287500381469727,14.28499984741211,14.28499984741211,446.0
2024-04-24 13:06:00,XWEL,1.649999976158142,1.649999976158142,1.649999976158142,1.649999976158142,1.649999976158142,167.0
2024-04-24 13:06:00,XXII,1.8680000305175781,1.8680000305175781,1.8680000305175781,1.8680000305175781,1.8680000305175781,2070.0
2024-04-24 13:06:00,Z,43.38999938964844,43.38999938964844,43.38999938964844,43.380001068115234,43.380001068115234,1305.0
2024-04-24 13:06:00,ZBRA,276.1400146484375,276.1400146484375,276.1400146484375,276.1400146484375,276.1400146484375,112.0
2024-04-24 13:06:00,ZG,42.900001525878906,42.900001525878906,42.900001525878906,42.900001525878906,42.900001525878906,464.0
2024-04-24 13:06:00,ZI,15.805000305175781,15.805000305175781,15.805000305175781,15.805000305175781,15.805000305175781,626.0
2024-04-24 13:06:00,ZION,42.150001525878906,42.150001525878906,42.150001525878906,42.150001525878906,42.150001525878906,1015.0
2024-04-24 13:06:00,ZM,61.40999984741211,61.40999984741211,61.40999984741211,61.400001525878906,61.400001525878906,2702.0
2024-04-24 13:06:00,ZS,177.1999969482422,177.1999969482422,177.22500610351562,177.19369506835938,177.22500610351562,907.0
2024-04-24 13:06:00,ZYME,8.585000038146973,8.585000038146973,8.600000381469727,8.585000038146973,8.600000381469727,2156.0
2024-04-24 13:07:00,DIBS,5.400000095367432,5.400000095367432,5.400000095367432,5.400000095367432,5.400000095367432,730.0
2024-04-24 13:07:00,ETNB,8.59000015258789,8.59000015258789,8.59000015258789,8.569999694824219,8.569999694824219,1754.0
2024-04-24 13:07:00,MAPS,1.090000033378601,1.090000033378601,1.090000033378601,1.090000033378601,1.090000033378601,0.0
2024-04-24 13:07:00,MASS,5.630000114440918,5.630000114440918,5.630000114440918,5.630000114440918,5.630000114440918,623.0
2024-04-24 13:07:00,TSVT,4.34499979019165,4.34499979019165,4.34499979019165,4.340000152587891,4.340000152587891,605.0
2024-04-24 13:07:00,TWOU,0.23989999294281006,0.23989999294281006,0.23999999463558197,0.23989999294281006,0.23999999463558197,3911.0
2024-04-24 13:07:00,TXG,27.479999542236328,27.479999542236328,27.479999542236328,27.479999542236328,27.479999542236328,874.0
2024-04-24 13:07:00,VABK,24.559999465942383,24.559999465942383,24.559999465942383,24.559999465942383,24.559999465942383,1947.0
2024-04-24 13:07:00,VCTR,49.625,49.625,49.630001068115234,49.625,49.630001068115234,587.0
2024-04-24 13:07:00,VERU,1.3300000429153442,1.3300000429153442,1.3300000429153442,1.3300000429153442,1.3300000429153442,875.0
2024-04-24 13:07:00,VERV,6.644999980926514,6.644999980926514,6.650000095367432,6.644999980926514,6.650000095367432,973.0
2024-04-24 13:07:00,VERX,28.737499237060547,28.737499237060547,28.75,28.737499237060547,28.7450008392334,640.0
2024-04-24 13:07:00,VFF,1.3049999475479126,1.3049999475479126,1.3049999475479126,1.3049999475479126,1.3049999475479126,150.0
2024-04-24 13:07:00,VFS,2.494999885559082,2.494999885559082,2.494999885559082,2.494999885559082,2.494999885559082,479.0
2024-04-24 13:07:00,VIAV,7.994999885559082,7.994999885559082,7.994999885559082,7.989999771118164,7.989999771118164,1546.0
2024-04-24 13:07:00,VICR,32.119998931884766,32.119998931884766,32.119998931884766,32.0099983215332,32.0099983215332,1639.0
2024-04-24 13:07:00,VIRT,22.3700008392334,22.3700008392334,22.375,22.360000610351562,22.360000610351562,3013.0
2024-04-24 13:07:00,VITL,26.89459991455078,26.89459991455078,26.89459991455078,26.89459991455078,26.89459991455078,340.0
2024-04-24 13:07:00,VKTX,65.08499908447266,65.08499908447266,65.11000061035156,65.08000183105469,65.08000183105469,2890.0
2024-04-24 13:07:00,VLCN,0.25529998540878296,0.25529998540878296,0.25529998540878296,0.25529998540878296,0.25529998540878296,725.0
2024-04-24 13:07:00,VMD,7.980000019073486,7.980000019073486,7.980000019073486,7.980000019073486,7.980000019073486,110.0
2024-04-24 13:07:00,VNOM,39.76499938964844,39.76499938964844,39.77000045776367,39.7599983215332,39.7599983215332,1464.0
2024-04-24 13:07:00,VOD,8.600000381469727,8.600000381469727,8.600000381469727,8.600000381469727,8.600000381469727,213.0
2024-04-24 13:07:00,VRCA,6.739999771118164,6.739999771118164,6.760000228881836,6.739999771118164,6.760000228881836,2541.0
2024-04-24 13:07:00,VRDN,13.34000015258789,13.34000015258789,13.34000015258789,13.34000015258789,13.34000015258789,1319.0
2024-04-24 13:07:00,VRRM,24.165000915527344,24.165000915527344,24.170000076293945,24.155000686645508,24.15999984741211,5260.0
2024-04-24 13:07:00,VRTX,399.3999938964844,399.3999938964844,399.3999938964844,399.3999938964844,399.3999938964844,1154.0
2024-04-24 13:07:00,VSAT,16.34000015258789,16.34000015258789,16.34000015258789,16.309999465942383,16.309999465942383,2916.0
2024-04-24 13:07:00,VTNR,1.5850000381469727,1.5850000381469727,1.590000033378601,1.5800000429153442,1.5800000429153442,14990.0
2024-04-24 13:07:00,VTRS,11.425000190734863,11.425000190734863,11.425000190734863,11.414999961853027,11.420000076293945,6801.0
2024-04-24 13:07:00,VUZI,1.284999966621399,1.284999966621399,1.284999966621399,1.284999966621399,1.284999966621399,0.0
2024-04-24 13:07:00,VYGR,7.550000190734863,7.550000190734863,7.550000190734863,7.550000190734863,7.550000190734863,118.0
2024-04-24 13:07:00,WAFD,28.065000534057617,28.065000534057617,28.06999969482422,28.040000915527344,28.049999237060547,2124.0
2024-04-24 13:07:00,WB,8.345000267028809,8.345000267028809,8.345000267028809,8.345000267028809,8.345000267028809,362.0
2024-04-24 13:07:00,WBA,17.735000610351562,17.735000610351562,17.735000610351562,17.725000381469727,17.729900360107422,11854.0
2024-04-24 13:07:00,WBD,8.335000038146973,8.335000038146973,8.339900016784668,8.330100059509277,8.339900016784668,45871.0
2024-04-24 13:07:00,WDAY,255.82000732421875,255.82000732421875,255.82000732421875,255.6649932861328,255.6649932861328,989.0
2024-04-24 13:07:00,WDC,68.94999694824219,68.94999694824219,68.98999786376953,68.91000366210938,68.91000366210938,5731.0
2024-04-24 13:07:00,WDFC,226.8249969482422,226.8249969482422,226.8249969482422,226.8249969482422,226.8249969482422,366.0
2024-04-24 13:07:00,WEN,19.940000534057617,19.940000534057617,19.940000534057617,19.934999465942383,19.934999465942383,3917.0
2024-04-24 13:07:00,WERN,35.13999938964844,35.13999938964844,35.13999938964844,35.13999938964844,35.13999938964844,383.0
2024-04-24 13:07:00,WEST,9.9399995803833,9.9399995803833,9.9399995803833,9.9399995803833,9.9399995803833,607.0
2024-04-24 13:07:00,WIMI,1.0399999618530273,1.0399999618530273,1.0399999618530273,1.0383000373840332,1.0399999618530273,6834.0
2024-04-24 13:07:00,WING,362.6014099121094,362.6014099121094,362.6014099121094,362.6014099121094,362.6014099121094,460.0
2024-04-24 13:07:00,WISA,5.680200099945068,5.680200099945068,5.699900150299072,5.614099979400635,5.639999866485596,16409.0
2024-04-24 13:07:00,WIX,122.01000213623047,122.01000213623047,122.1050033569336,121.94999694824219,121.94999694824219,2338.0
2024-04-24 13:07:00,WKHS,0.16130000352859497,0.16130000352859497,0.16130000352859497,0.16130000352859497,0.16130000352859497,412.0
2024-04-24 13:07:00,WKME,7.840000152587891,7.840000152587891,7.840000152587891,7.840000152587891,7.840000152587891,723.0
2024-04-24 13:07:00,WLDS,0.46639999747276306,0.46639999747276306,0.46639999747276306,0.46619999408721924,0.46619999408721924,1163.0
2024-04-24 13:07:00,WMG,32.15999984741211,32.15999984741211,32.15999984741211,32.15999984741211,32.15999984741211,2226.0
2024-04-24 13:07:00,WSBC,28.299999237060547,28.299999237060547,28.299999237060547,28.299999237060547,28.299999237060547,321.0
2024-04-24 13:07:00,WSC,37.709999084472656,37.709999084472656,37.720001220703125,37.70500183105469,37.70500183105469,753.0
2024-04-24 13:07:00,WSFS,44.51499938964844,44.51499938964844,44.51499938964844,44.51499938964844,44.51499938964844,200.0
2024-04-24 13:07:00,WTFC,99.87999725341797,99.87999725341797,99.87999725341797,99.87999725341797,99.87999725341797,603.0
2024-04-24 13:07:00,WTW,264.30999755859375,264.30999755859375,264.30999755859375,264.30999755859375,264.30999755859375,380.0
2024-04-24 13:07:00,WW,1.659999966621399,1.659999966621399,1.6649999618530273,1.659999966621399,1.6649999618530273,823.0
2024-04-24 13:07:00,WWD,149.0850067138672,149.0850067138672,149.0850067138672,149.0850067138672,149.0850067138672,348.0
2024-04-24 13:07:00,WYNN,96.63999938964844,96.63999938964844,96.63999938964844,96.61000061035156,96.61000061035156,2427.0
2024-04-24 13:07:00,XEL,55.4900016784668,55.4900016784668,55.494998931884766,55.474998474121094,55.474998474121094,3239.0
2024-04-24 13:07:00,XERS,1.750100016593933,1.750100016593933,1.750100016593933,1.750100016593933,1.750100016593933,426.0
2024-04-24 13:07:00,XFOR,1.254699945449829,1.254699945449829,1.2599999904632568,1.254699945449829,1.2599999904632568,8200.0
2024-04-24 13:07:00,XMTR,16.969900131225586,16.969900131225586,16.969900131225586,16.969900131225586,16.969900131225586,115.0
2024-04-24 13:07:00,XP,20.479999542236328,20.479999542236328,20.479999542236328,20.434999465942383,20.440000534057617,5994.0
2024-04-24 13:07:00,XRX,14.279999732971191,14.279999732971191,14.28499984741211,14.279999732971191,14.279999732971191,3769.0
2024-04-24 13:07:00,Z,43.415000915527344,43.415000915527344,43.415000915527344,43.415000915527344,43.415000915527344,1236.0
2024-04-24 13:07:00,ZBRA,276.1449890136719,276.1449890136719,276.2099914550781,276.0199890136719,276.2099914550781,847.0
2024-04-24 13:07:00,ZI,15.819999694824219,15.819999694824219,15.819999694824219,15.8100004196167,15.8100004196167,2515.0
2024-04-24 13:07:00,ZION,42.165000915527344,42.165000915527344,42.16999816894531,42.154998779296875,42.154998779296875,13675.0
2024-04-24 13:07:00,ZIONP,20.09000015258789,20.09000015258789,20.09000015258789,20.09000015258789,20.09000015258789,700.0
2024-04-24 13:07:00,ZLAB,15.625,15.625,15.625,15.609999656677246,15.609999656677246,326.0
2024-04-24 13:07:00,ZM,61.41999816894531,61.41999816894531,61.435001373291016,61.41999816894531,61.433998107910156,2502.0
2024-04-24 13:07:00,ZNTL,12.0,12.0,12.010000228881836,11.979999542236328,12.010000228881836,4095.0
2024-04-24 13:07:00,ZS,177.3249969482422,177.3249969482422,177.33999633789062,177.3249969482422,177.33999633789062,472.0
2024-04-24 13:08:00,COCO,23.975000381469727,23.975000381469727,23.979999542236328,23.975000381469727,23.979999542236328,647.0
2024-04-24 13:08:00,FLWS,9.149999618530273,9.149999618530273,9.149999618530273,9.149999618530273,9.149999618530273,224.0
2024-04-24 13:08:00,GV,0.15800000727176666,0.15800000727176666,0.15800000727176666,0.15800000727176666,0.15800000727176666,196.0
2024-04-24 13:08:00,MAPS,1.090000033378601,1.090000033378601,1.090000033378601,1.090000033378601,1.090000033378601,200.0
2024-04-24 13:08:00,TSVT,4.34499979019165,4.34499979019165,4.34499979019165,4.34499979019165,4.34499979019165,590.0
2024-04-24 13:08:00,TWOU,0.24449999630451202,0.24449999630451202,0.24449999630451202,0.23999999463558197,0.23999999463558197,16510.0
2024-04-24 13:08:00,TXG,27.479999542236328,27.479999542236328,27.489999771118164,27.479999542236328,27.489999771118164,4058.0
2024-04-24 13:08:00,VC,110.19000244140625,110.19000244140625,110.19000244140625,110.19000244140625,110.19000244140625,284.0
2024-04-24 13:08:00,VCTR,49.59000015258789,49.59000015258789,49.61000061035156,49.59000015258789,49.61000061035156,1480.0
2024-04-24 13:08:00,VERU,1.3300000429153442,1.3300000429153442,1.3300000429153442,1.3300000429153442,1.3300000429153442,415.0
2024-04-24 13:08:00,VERV,6.644999980926514,6.644999980926514,6.644999980926514,6.644999980926514,6.644999980926514,425.0
2024-04-24 13:08:00,VERX,28.7549991607666,28.7549991607666,28.7549991607666,28.7450008392334,28.7549991607666,1316.0
2024-04-24 13:08:00,VFS,2.490000009536743,2.490000009536743,2.494999885559082,2.490000009536743,2.494999885559082,3100.0
2024-04-24 13:08:00,VIAV,7.994999885559082,7.994999885559082,7.994999885559082,7.994999885559082,7.994999885559082,436.0
2024-04-24 13:08:00,VICR,32.040000915527344,32.040000915527344,32.040000915527344,32.040000915527344,32.040000915527344,183.0
2024-04-24 13:08:00,VIR,8.21500015258789,8.21500015258789,8.220000267028809,8.21500015258789,8.220000267028809,617.0
2024-04-24 13:08:00,VIRC,10.649999618530273,10.649999618530273,10.710000038146973,10.649999618530273,10.710000038146973,402.0
2024-04-24 13:08:00,VIRT,22.389999389648438,22.389999389648438,22.40999984741211,22.354999542236328,22.359699249267578,6870.0
2024-04-24 13:08:00,VITL,26.885000228881836,26.885000228881836,26.885000228881836,26.885000228881836,26.885000228881836,248.0
2024-04-24 13:08:00,VLCN,0.25600001215934753,0.25600001215934753,0.25600001215934753,0.25600001215934753,0.25600001215934753,1505.0
2024-04-24 13:08:00,VMD,7.980000019073486,7.980000019073486,7.980000019073486,7.980000019073486,7.980000019073486,615.0
2024-04-24 13:08:00,VNOM,39.720001220703125,39.720001220703125,39.72999954223633,39.720001220703125,39.72999954223633,221.0
2024-04-24 13:08:00,VOD,8.60990047454834,8.60990047454834,8.60990047454834,8.600299835205078,8.604999542236328,917.0
2024-04-24 13:08:00,VRRM,24.200000762939453,24.200000762939453,24.200000762939453,24.15999984741211,24.15999984741211,2816.0
2024-04-24 13:08:00,VRTX,399.69000244140625,399.69000244140625,399.69000244140625,399.3500061035156,399.3500061035156,2360.0
2024-04-24 13:08:00,VTNR,1.5839999914169312,1.5839999914169312,1.589400053024292,1.5839999914169312,1.589400053024292,3496.0
2024-04-24 13:08:00,VTRS,11.420000076293945,11.420000076293945,11.425000190734863,11.414999961853027,11.425000190734863,13960.0
2024-04-24 13:08:00,WASH,26.290000915527344,26.290000915527344,26.290000915527344,26.290000915527344,26.290000915527344,252.0
2024-04-24 13:08:00,WBA,17.725000381469727,17.725000381469727,17.739999771118164,17.722000122070312,17.735000610351562,16857.0
2024-04-24 13:08:00,WBD,8.331199645996094,8.331199645996094,8.335000038146973,8.331199645996094,8.331399917602539,11243.0
2024-04-24 13:08:00,WDAY,255.88999938964844,255.88999938964844,255.89999389648438,255.875,255.88999938964844,1825.0
2024-04-24 13:08:00,WDC,68.93000030517578,68.93000030517578,68.97000122070312,68.91500091552734,68.94999694824219,8095.0
2024-04-24 13:08:00,WERN,35.119998931884766,35.119998931884766,35.13999938964844,35.11000061035156,35.13999938964844,2665.0
2024-04-24 13:08:00,WFRD,121.87999725341797,121.87999725341797,122.20500183105469,121.80000305175781,122.20500183105469,7125.0
2024-04-24 13:08:00,WHLM,6.404399871826172,6.404399871826172,6.404399871826172,6.404399871826172,6.404399871826172,729.0
2024-04-24 13:08:00,WIMI,1.034999966621399,1.034999966621399,1.0399999618530273,1.0299999713897705,1.0299999713897705,3890.0
2024-04-24 13:08:00,WISA,5.719900131225586,5.719900131225586,5.719900131225586,5.679999828338623,5.690000057220459,17973.0
2024-04-24 13:08:00,WKHS,0.16200000047683716,0.16200000047683716,0.16200000047683716,0.16120000183582306,0.16120000183582306,5321.0
2024-04-24 13:08:00,WMG,32.15999984741211,32.15999984741211,32.16999816894531,32.15999984741211,32.15999984741211,2460.0
2024-04-24 13:08:00,WRAP,1.9550000429153442,1.9550000429153442,1.9550000429153442,1.9550000429153442,1.9550000429153442,5173.0
2024-04-24 13:08:00,WSC,37.689998626708984,37.689998626708984,37.720001220703125,37.689998626708984,37.709999084472656,2256.0
2024-04-24 13:08:00,WVE,5.125,5.125,5.125,5.125,5.125,275.0
2024-04-24 13:08:00,WW,1.659999966621399,1.659999966621399,1.6649999618530273,1.659999966621399,1.6649999618530273,235.0
2024-04-24 13:08:00,WYNN,96.62000274658203,96.62000274658203,96.6500015258789,96.62000274658203,96.64189910888672,2729.0
2024-04-24 13:08:00,XEL,55.48500061035156,55.48500061035156,55.494998931884766,55.474998474121094,55.494998931884766,5197.0
2024-04-24 13:08:00,XMTR,16.950000762939453,16.950000762939453,16.950000762939453,16.950000762939453,16.950000762939453,873.0
2024-04-24 13:08:00,XP,20.46500015258789,20.46500015258789,20.485000610351562,20.46500015258789,20.479999542236328,5428.0
2024-04-24 13:08:00,XRX,14.3149995803833,14.3149995803833,14.3149995803833,14.274999618530273,14.28499984741211,18637.0
2024-04-24 13:08:00,Z,43.349998474121094,43.349998474121094,43.400001525878906,43.349998474121094,43.400001525878906,4813.0
2024-04-24 13:08:00,ZBRA,276.17999267578125,276.17999267578125,276.2900085449219,276.05499267578125,276.05499267578125,518.0
2024-04-24 13:08:00,ZD,51.709999084472656,51.709999084472656,51.709999084472656,51.709999084472656,51.709999084472656,302.0
2024-04-24 13:08:00,ZG,42.869998931884766,42.869998931884766,42.869998931884766,42.869998931884766,42.869998931884766,1939.0
2024-04-24 13:08:00,ZI,15.8149995803833,15.8149995803833,15.8149995803833,15.8149995803833,15.8149995803833,3873.0
2024-04-24 13:08:00,ZION,42.18000030517578,42.18000030517578,42.18000030517578,42.165000915527344,42.165000915527344,2054.0
2024-04-24 13:08:00,ZLAB,15.625,15.625,15.625,15.625,15.625,135.0
2024-04-24 13:08:00,ZM,61.41999816894531,61.41999816894531,61.43000030517578,61.41999816894531,61.43000030517578,609.0
2024-04-24 13:08:00,ZS,177.35499572753906,177.35499572753906,177.38999938964844,177.35000610351562,177.38999938964844,14165.0
2024-04-24 13:08:00,ZURA,3.259999990463257,3.259999990463257,3.259999990463257,3.259999990463257,3.259999990463257,928.0
2024-04-24 13:09:00,EGHT,2.3499999046325684,2.3499999046325684,2.3499999046325684,2.3450000286102295,2.3450000286102295,2317.0
2024-04-24 13:09:00,ETNB,8.574999809265137,8.574999809265137,8.59000015258789,8.574999809265137,8.59000015258789,1354.0
2024-04-24 13:09:00,FDMT,24.739999771118164,24.739999771118164,24.739999771118164,24.739999771118164,24.739999771118164,203.0
2024-04-24 13:09:00,FREE,4.820000171661377,4.820000171661377,4.820000171661377,4.820000171661377,4.820000171661377,102.0
2024-04-24 13:09:00,ME,0.47110000252723694,0.47110000252723694,0.47110000252723694,0.47110000252723694,0.47110000252723694,1111.0
2024-04-24 13:09:00,SEAT,5.875,5.875,5.880000114440918,5.875,5.880000114440918,12170.0
2024-04-24 13:09:00,TWOU,0.2433999925851822,0.2433999925851822,0.24449999630451202,0.24050000309944153,0.24449999630451202,14203.0
2024-04-24 13:09:00,TXG,27.420000076293945,27.420000076293945,27.420000076293945,27.420000076293945,27.420000076293945,2422.0
2024-04-24 13:09:00,VC,110.18499755859375,110.18499755859375,110.18499755859375,110.18499755859375,110.18499755859375,1645.0
2024-04-24 13:09:00,VERU,1.3300000429153442,1.3300000429153442,1.3300000429153442,1.3300000429153442,1.3300000429153442,2011.0
2024-04-24 13:09:00,VERV,6.644999980926514,6.644999980926514,6.644999980926514,6.644999980926514,6.644999980926514,826.0
2024-04-24 13:09:00,VERX,28.75,28.75,28.760000228881836,28.739999771118164,28.760000228881836,4924.0
2024-04-24 13:09:00,VIAV,7.989999771118164,7.989999771118164,7.989999771118164,7.989999771118164,7.989999771118164,1899.0
2024-04-24 13:09:00,VICR,32.029998779296875,32.029998779296875,32.029998779296875,32.029998779296875,32.029998779296875,351.0
2024-04-24 13:09:00,VINC,0.910099983215332,0.910099983215332,0.910099983215332,0.910099983215332,0.910099983215332,340.0
2024-04-24 13:09:00,VIR,8.21500015258789,8.21500015258789,8.21500015258789,8.21500015258789,8.21500015258789,394.0
2024-04-24 13:09:00,VIRT,22.350000381469727,22.350000381469727,22.3799991607666,22.325000762939453,22.364999771118164,5118.0
2024-04-24 13:09:00,VITL,26.899999618530273,26.899999618530273,26.899999618530273,26.899999618530273,26.899999618530273,1094.0
2024-04-24 13:09:00,VKTX,65.08499908447266,65.08499908447266,65.1500015258789,65.08499908447266,65.14820098876953,1621.0
2024-04-24 13:09:00,VLCN,0.2558000087738037,0.2558000087738037,0.2558000087738037,0.2558000087738037,0.2558000087738037,2091.0
2024-04-24 13:09:00,VLGEA,27.329999923706055,27.329999923706055,27.329999923706055,27.329999923706055,27.329999923706055,152.0
2024-04-24 13:09:00,VMD,7.980000019073486,7.980000019073486,7.980000019073486,7.980000019073486,7.980000019073486,416.0
2024-04-24 13:09:00,VMEO,3.5350000858306885,3.5350000858306885,3.5350000858306885,3.5350000858306885,3.5350000858306885,543.0
2024-04-24 13:09:00,VNOM,39.720001220703125,39.720001220703125,39.720001220703125,39.720001220703125,39.720001220703125,310.0
2024-04-24 13:09:00,VOD,8.609999656677246,8.609999656677246,8.609999656677246,8.604999542236328,8.604999542236328,931.0
2024-04-24 13:09:00,VOR,1.7549999952316284,1.7549999952316284,1.7549999952316284,1.7549999952316284,1.7549999952316284,530.0
2024-04-24 13:09:00,VRRM,24.200000762939453,24.200000762939453,24.200000762939453,24.18000030517578,24.18000030517578,2063.0
2024-04-24 13:09:00,VRTX,399.4700012207031,399.4700012207031,399.6099853515625,399.4700012207031,399.6099853515625,3005.0
2024-04-24 13:09:00,VSAT,16.34000015258789,16.34000015258789,16.34000015258789,16.34000015258789,16.34000015258789,667.0
2024-04-24 13:09:00,VSEC,78.3499984741211,78.3499984741211,78.38999938964844,78.3499984741211,78.38999938964844,1683.0
2024-04-24 13:09:00,VTNR,1.5850000381469727,1.5850000381469727,1.590000033378601,1.5800000429153442,1.590000033378601,2195.0
2024-04-24 13:09:00,VTRS,11.420000076293945,11.420000076293945,11.420000076293945,11.414999961853027,11.414999961853027,6455.0
2024-04-24 13:09:00,WAFD,28.059999465942383,28.059999465942383,28.079999923706055,28.059999465942383,28.079999923706055,598.0
2024-04-24 13:09:00,WB,8.345000267028809,8.345000267028809,8.345000267028809,8.345000267028809,8.345000267028809,236.0
2024-04-24 13:09:00,WBA,17.735000610351562,17.735000610351562,17.735000610351562,17.729999542236328,17.729999542236328,4606.0
2024-04-24 13:09:00,WBD,8.324999809265137,8.324999809265137,8.335000038146973,8.321999549865723,8.335000038146973,33485.0
2024-04-24 13:09:00,WDAY,255.8300018310547,255.8300018310547,255.92999267578125,255.82000732421875,255.8300018310547,2573.0
2024-04-24 13:09:00,WDC,68.87000274658203,68.87000274658203,68.93000030517578,68.83999633789062,68.93000030517578,23419.0
2024-04-24 13:09:00,WFRD,121.79940032958984,121.79940032958984,121.83999633789062,121.75,121.75,628.0
2024-04-24 13:09:00,WIMI,1.0399999618530273,1.0399999618530273,1.0399999618530273,1.0328999757766724,1.034999966621399,7901.0
2024-04-24 13:09:00,WING,362.45001220703125,362.45001220703125,362.45001220703125,362.45001220703125,362.45001220703125,834.0
2024-04-24 13:09:00,WISA,5.684999942779541,5.684999942779541,5.718999862670898,5.675000190734863,5.711599826812744,7273.0
2024-04-24 13:09:00,WKHS,0.16140000522136688,0.16140000522136688,0.16200000047683716,0.16099999845027924,0.16099999845027924,30733.0
2024-04-24 13:09:00,WMG,32.18000030517578,32.18000030517578,32.18000030517578,32.15999984741211,32.15999984741211,2572.0
2024-04-24 13:09:00,WRNT,0.2669999897480011,0.2669999897480011,0.2669999897480011,0.2669999897480011,0.2669999897480011,368.0
2024-04-24 13:09:00,WSC,37.65999984741211,37.65999984741211,37.685001373291016,37.650001525878906,37.68000030517578,2581.0
2024-04-24 13:09:00,WW,1.6649999618530273,1.6649999618530273,1.6649999618530273,1.6649999618530273,1.6649999618530273,339.0
2024-04-24 13:09:00,WWD,149.0500030517578,149.0500030517578,149.0500030517578,149.0500030517578,149.0500030517578,698.0
2024-04-24 13:09:00,WYNN,96.61000061035156,96.61000061035156,96.61000061035156,96.56999969482422,96.58999633789062,1816.0
2024-04-24 13:09:00,XEL,55.47999954223633,55.47999954223633,55.48500061035156,55.47999954223633,55.48500061035156,1411.0
2024-04-24 13:09:00,XENE,40.099998474121094,40.099998474121094,40.099998474121094,40.099998474121094,40.099998474121094,465.0
2024-04-24 13:09:00,XFOR,1.25,1.25,1.2549999952316284,1.25,1.2549999952316284,0.0
2024-04-24 13:09:00,XMTR,16.920000076293945,16.920000076293945,16.920000076293945,16.920000076293945,16.920000076293945,510.0
2024-04-24 13:09:00,XP,20.459999084472656,20.459999084472656,20.459999084472656,20.454999923706055,20.459999084472656,3967.0
2024-04-24 13:09:00,XPEL,54.279998779296875,54.279998779296875,54.33000183105469,54.25,54.33000183105469,4935.0
2024-04-24 13:09:00,XRTX,2.950000047683716,2.950000047683716,2.950000047683716,2.950000047683716,2.950000047683716,21.0
2024-04-24 13:09:00,XRX,14.3149995803833,14.3149995803833,14.31980037689209,14.3149995803833,14.31980037689209,2374.0
2024-04-24 13:09:00,YTEN,0.23890000581741333,0.23890000581741333,0.23890000581741333,0.23890000581741333,0.23890000581741333,1007.0
2024-04-24 13:09:00,Z,43.31999969482422,43.31999969482422,43.349998474121094,43.310001373291016,43.349998474121094,1942.0
2024-04-24 13:09:00,ZBRA,276.07501220703125,276.07501220703125,276.1549987792969,276.07501220703125,276.1549987792969,654.0
2024-04-24 13:09:00,ZD,51.689998626708984,51.689998626708984,51.689998626708984,51.689998626708984,51.689998626708984,1080.0
2024-04-24 13:09:00,ZENV,2.140000104904175,2.140000104904175,2.140000104904175,2.140000104904175,2.140000104904175,0.0
2024-04-24 13:09:00,ZI,15.819999694824219,15.819999694824219,15.819999694824219,15.8149995803833,15.8149995803833,805.0
2024-04-24 13:09:00,ZION,42.189998626708984,42.189998626708984,42.19200134277344,42.15999984741211,42.16999816894531,7817.0
2024-04-24 13:09:00,ZLAB,15.625,15.625,15.625,15.625,15.625,408.0
2024-04-24 13:09:00,ZM,61.42499923706055,61.42499923706055,61.42499923706055,61.40999984741211,61.41999816894531,2647.0
2024-04-24 13:09:00,ZS,177.28500366210938,177.28500366210938,177.28500366210938,177.17999267578125,177.27999877929688,2291.0
2024-04-24 13:09:00,ZUMZ,17.03499984741211,17.03499984741211,17.03499984741211,17.03499984741211,17.03499984741211,469.0
2024-04-24 13:10:00,DSP,8.545000076293945,8.545000076293945,8.545000076293945,8.545000076293945,8.545000076293945,383.0
2024-04-24 13:10:00,ETNB,8.579999923706055,8.579999923706055,8.579999923706055,8.579999923706055,8.579999923706055,1769.0
2024-04-24 13:10:00,MAPS,1.090000033378601,1.090000033378601,1.090000033378601,1.0700000524520874,1.0700000524520874,408.0
2024-04-24 13:10:00,ME,0.47130000591278076,0.47130000591278076,0.4722000062465668,0.47130000591278076,0.4722000062465668,3801.0
2024-04-24 13:10:00,PET,2.2244999408721924,2.2244999408721924,2.2244999408721924,2.2200000286102295,2.2200000286102295,2325.0
2024-04-24 13:10:00,SEAT,5.875,5.875,5.875,5.875,5.875,851.0
2024-04-24 13:10:00,TWOU,0.24289999902248383,0.24289999902248383,0.2434999942779541,0.23890000581741333,0.24050000309944153,8900.0
2024-04-24 13:10:00,VERU,1.3300000429153442,1.3300000429153442,1.3300000429153442,1.3300000429153442,1.3300000429153442,1600.0
2024-04-24 13:10:00,VERV,6.644999980926514,6.644999980926514,6.659999847412109,6.644999980926514,6.650000095367432,2626.0
2024-04-24 13:10:00,VERX,28.709999084472656,28.709999084472656,28.770000457763672,28.709999084472656,28.75,18566.0
2024-04-24 13:10:00,VFF,1.316100001335144,1.316100001335144,1.316100001335144,1.316100001335144,1.316100001335144,1241.0
2024-04-24 13:10:00,VINC,0.9101999998092651,0.9101999998092651,0.9101999998092651,0.9101999998092651,0.9101999998092651,4210.0
2024-04-24 13:10:00,VIRT,22.3700008392334,22.3700008392334,22.3799991607666,22.3700008392334,22.3799991607666,1084.0
2024-04-24 13:10:00,VKTX,65.1500015258789,65.1500015258789,65.21379852294922,65.1500015258789,65.1500015258789,2018.0
2024-04-24 13:10:00,VLCN,0.2549999952316284,0.2549999952316284,0.2549999952316284,0.2549999952316284,0.2549999952316284,5492.0
2024-04-24 13:10:00,VMEO,3.5350000858306885,3.5350000858306885,3.5350000858306885,3.5350000858306885,3.5350000858306885,764.0
2024-04-24 13:10:00,VNOM,39.685001373291016,39.685001373291016,39.685001373291016,39.685001373291016,39.685001373291016,1088.0
2024-04-24 13:10:00,VOD,8.609999656677246,8.609999656677246,8.609999656677246,8.609999656677246,8.609999656677246,1037.0
2024-04-24 13:10:00,VRRM,24.204999923706055,24.204999923706055,24.204999923706055,24.204999923706055,24.204999923706055,891.0
2024-04-24 13:10:00,VTNR,1.5850000381469727,1.5850000381469727,1.5850000381469727,1.5850000381469727,1.5850000381469727,432.0
2024-04-24 13:10:00,VTRS,11.414999961853027,11.414999961853027,11.420000076293945,11.414999961853027,11.420000076293945,2327.0
2024-04-24 13:10:00,VTSI,12.270000457763672,12.270000457763672,12.300000190734863,12.239999771118164,12.239999771118164,939.0
2024-04-24 13:10:00,VUZI,1.284999966621399,1.284999966621399,1.2899999618530273,1.284999966621399,1.2899999618530273,6462.0
2024-04-24 13:10:00,WB,8.345000267028809,8.345000267028809,8.345000267028809,8.345000267028809,8.345000267028809,245.0
2024-04-24 13:10:00,WBA,17.735000610351562,17.735000610351562,17.735000610351562,17.735000610351562,17.735000610351562,2221.0
2024-04-24 13:10:00,WBD,8.329999923706055,8.329999923706055,8.329999923706055,8.324999809265137,8.324999809265137,16414.0
2024-04-24 13:10:00,WDC,68.9000015258789,68.9000015258789,68.9000015258789,68.83999633789062,68.86000061035156,17460.0
2024-04-24 13:10:00,WEN,19.934999465942383,19.934999465942383,19.940000534057617,19.934999465942383,19.940000534057617,1555.0
2024-04-24 13:10:00,WFRD,121.71980285644531,121.71980285644531,121.71980285644531,121.69000244140625,121.69000244140625,1648.0
2024-04-24 13:10:00,WIMI,1.0399999618530273,1.0399999618530273,1.0399999618530273,1.034999966621399,1.0393999814987183,3535.0
2024-04-24 13:10:00,WISA,5.63129997253418,5.63129997253418,5.699999809265137,5.599999904632568,5.659999847412109,48472.0
2024-04-24 13:10:00,WIX,122.0,122.0,122.0,122.0,122.0,157.0
2024-04-24 13:10:00,WKHS,0.16200000047683716,0.16200000047683716,0.16200000047683716,0.1615000069141388,0.16200000047683716,18914.0
2024-04-24 13:10:00,WLDS,0.4740000069141388,0.4740000069141388,0.4740000069141388,0.4740000069141388,0.4740000069141388,100.0
2024-04-24 13:10:00,WMG,32.185001373291016,32.185001373291016,32.192501068115234,32.185001373291016,32.192501068115234,641.0
2024-04-24 13:10:00,WNEB,6.53000020980835,6.53000020980835,6.53000020980835,6.53000020980835,6.53000020980835,411.0
2024-04-24 13:10:00,WRAP,1.9550000429153442,1.9550000429153442,1.9596999883651733,1.9550000429153442,1.958799958229065,1140.0
2024-04-24 13:10:00,WSC,37.65999984741211,37.65999984741211,37.65999984741211,37.650001525878906,37.65420150756836,3893.0
2024-04-24 13:10:00,WSFS,44.54999923706055,44.54999923706055,44.54999923706055,44.54999923706055,44.54999923706055,814.0
2024-04-24 13:10:00,WTW,264.2049865722656,264.2049865722656,264.2049865722656,264.2049865722656,264.2049865722656,851.0
2024-04-24 13:10:00,WW,1.659999966621399,1.659999966621399,1.669800043106079,1.659999966621399,1.659999966621399,6768.0
2024-04-24 13:10:00,WYNN,96.62999725341797,96.62999725341797,96.63999938964844,96.60359954833984,96.61000061035156,4628.0
2024-04-24 13:10:00,XEL,55.48500061035156,55.48500061035156,55.48500061035156,55.474998474121094,55.474998474121094,1747.0
2024-04-24 13:10:00,XLO,1.0700000524520874,1.0700000524520874,1.0700000524520874,1.065000057220459,1.065000057220459,956.0
2024-04-24 13:10:00,XP,20.479999542236328,20.479999542236328,20.479999542236328,20.459999084472656,20.459999084472656,6025.0
2024-04-24 13:10:00,XPEL,54.224998474121094,54.224998474121094,54.224998474121094,54.224998474121094,54.224998474121094,277.0
2024-04-24 13:10:00,XRX,14.335000038146973,14.335000038146973,14.335000038146973,14.31879997253418,14.31879997253418,4484.0
2024-04-24 13:10:00,YHGJ,1.350000023841858,1.350000023841858,1.350000023841858,1.350000023841858,1.350000023841858,510.0
2024-04-24 13:10:00,Z,43.34000015258789,43.34000015258789,43.34000015258789,43.32500076293945,43.32500076293945,4136.0
2024-04-24 13:10:00,ZI,15.819999694824219,15.819999694824219,15.819999694824219,15.819999694824219,15.819999694824219,625.0
2024-04-24 13:10:00,ZION,42.189998626708984,42.189998626708984,42.220001220703125,42.189998626708984,42.20000076293945,4241.0
2024-04-24 13:10:00,ZM,61.45500183105469,61.45500183105469,61.474998474121094,61.42499923706055,61.42499923706055,5096.0
2024-04-24 13:10:00,ZS,177.4199981689453,177.4199981689453,177.4199981689453,177.4199981689453,177.4199981689453,575.0
2024-04-24 13:10:00,ZVSA,0.6098999977111816,0.6098999977111816,0.6098999977111816,0.6098999977111816,0.6098999977111816,161.0
2024-04-24 13:11:00,COCO,24.0,24.0,24.0,23.9950008392334,23.9950008392334,411.0
2024-04-24 13:11:00,DIBS,5.400000095367432,5.400000095367432,5.400000095367432,5.400000095367432,5.400000095367432,465.0
2024-04-24 13:11:00,ETNB,8.579999923706055,8.579999923706055,8.579999923706055,8.579999923706055,8.579999923706055,607.0
2024-04-24 13:11:00,FREE,4.820000171661377,4.820000171661377,4.820000171661377,4.820000171661377,4.820000171661377,2105.0
2024-04-24 13:11:00,MAPS,1.079800009727478,1.079800009727478,1.079800009727478,1.079800009727478,1.079800009727478,3308.0
2024-04-24 13:11:00,SCWO,1.315000057220459,1.315000057220459,1.315000057220459,1.315000057220459,1.315000057220459,176.0
2024-04-24 13:11:00,SEAT,5.875,5.875,5.875699996948242,5.875,5.875699996948242,1243.0
2024-04-24 13:11:00,TWOU,0.23759999871253967,0.23759999871253967,0.24199999868869781,0.23759999871253967,0.23759999871253967,6292.0
2024-04-24 13:11:00,TXG,27.420000076293945,27.420000076293945,27.420000076293945,27.414600372314453,27.414600372314453,350.0
2024-04-24 13:11:00,VERU,1.3300000429153442,1.3300000429153442,1.3350000381469727,1.3300000429153442,1.3350000381469727,1916.0
2024-04-24 13:11:00,VERV,6.65500020980835,6.65500020980835,6.65500020980835,6.650000095367432,6.650000095367432,2124.0
2024-04-24 13:11:00,VERX,28.690000534057617,28.690000534057617,28.735000610351562,28.690000534057617,28.729999542236328,50186.0
2024-04-24 13:11:00,VEV,0.6800000071525574,0.6800000071525574,0.6800000071525574,0.6800000071525574,0.6800000071525574,4702.0
2024-04-24 13:11:00,VFS,2.5,2.5,2.5,2.494999885559082,2.494999885559082,1191.0
2024-04-24 13:11:00,VIAV,7.989999771118164,7.989999771118164,7.989999771118164,7.989999771118164,7.989999771118164,3752.0
2024-04-24 13:11:00,VINC,0.910099983215332,0.910099983215332,0.9150999784469604,0.910099983215332,0.9150999784469604,0.0
2024-04-24 13:11:00,VIR,8.220000267028809,8.220000267028809,8.220000267028809,8.220000267028809,8.220000267028809,1192.0
2024-04-24 13:11:00,VIRT,22.354999542236328,22.354999542236328,22.3700008392334,22.354999542236328,22.364999771118164,2290.0
2024-04-24 13:11:00,VITL,26.90999984741211,26.90999984741211,26.90999984741211,26.90999984741211,26.90999984741211,364.0
2024-04-24 13:11:00,VKTX,65.193603515625,65.193603515625,65.22000122070312,65.16020202636719,65.19000244140625,4704.0
2024-04-24 13:11:00,VLCN,0.2558000087738037,0.2558000087738037,0.2558000087738037,0.2549999952316284,0.2551000118255615,11980.0
2024-04-24 13:11:00,VOD,8.604999542236328,8.604999542236328,8.609999656677246,8.604999542236328,8.604999542236328,5020.0
2024-04-24 13:11:00,VRNA,15.579999923706055,15.579999923706055,15.579999923706055,15.579999923706055,15.579999923706055,1049.0
2024-04-24 13:11:00,VRRM,24.20870018005371,24.20870018005371,24.20870018005371,24.20870018005371,24.20870018005371,507.0
2024-04-24 13:11:00,VSAT,16.34000015258789,16.34000015258789,16.34000015258789,16.34000015258789,16.34000015258789,175.0
2024-04-24 13:11:00,VTGN,4.695000171661377,4.695000171661377,4.695000171661377,4.695000171661377,4.695000171661377,599.0
2024-04-24 13:11:00,VTNR,1.5850000381469727,1.5850000381469727,1.5850000381469727,1.5850000381469727,1.5850000381469727,1900.0
2024-04-24 13:11:00,VTRS,11.414999961853027,11.414999961853027,11.420000076293945,11.414999961853027,11.420000076293945,767.0
2024-04-24 13:11:00,VUZI,1.284999966621399,1.284999966621399,1.284999966621399,1.284999966621399,1.284999966621399,200.0
2024-04-24 13:11:00,WAFD,28.100000381469727,28.100000381469727,28.100000381469727,28.100000381469727,28.100000381469727,714.0
2024-04-24 13:11:00,WB,8.345000267028809,8.345000267028809,8.345000267028809,8.345000267028809,8.345000267028809,224.0
2024-04-24 13:11:00,WBA,17.725000381469727,17.725000381469727,17.737499237060547,17.719999313354492,17.737499237060547,27016.0
2024-04-24 13:11:00,WBD,8.335000038146973,8.335000038146973,8.335000038146973,8.329999923706055,8.329999923706055,42007.0
2024-04-24 13:11:00,WDAY,256.0199890136719,256.0199890136719,256.0199890136719,256.0199890136719,256.0199890136719,545.0
2024-04-24 13:11:00,WDC,68.8949966430664,68.8949966430664,68.91999816894531,68.88500213623047,68.88500213623047,1844.0
2024-04-24 13:11:00,WEN,19.940000534057617,19.940000534057617,19.940000534057617,19.93000030517578,19.93000030517578,3250.0
2024-04-24 13:11:00,WFRD,121.73999786376953,121.73999786376953,121.73999786376953,121.62999725341797,121.62999725341797,1520.0
2024-04-24 13:11:00,WIMI,1.0318000316619873,1.0318000316619873,1.0318000316619873,1.0299999713897705,1.0299999713897705,3205.0
2024-04-24 13:11:00,WISA,5.675000190734863,5.675000190734863,5.690000057220459,5.631700038909912,5.631700038909912,4955.0
2024-04-24 13:11:00,WIX,121.8499984741211,121.8499984741211,121.94999694824219,121.8499984741211,121.94999694824219,2802.0
2024-04-24 13:11:00,WKHS,0.16099999845027924,0.16099999845027924,0.1615000069141388,0.16089999675750732,0.16099999845027924,45364.0
2024-04-24 13:11:00,WLDS,0.474700003862381,0.474700003862381,0.474700003862381,0.474700003862381,0.474700003862381,110.0
2024-04-24 13:11:00,WMG,32.182498931884766,32.182498931884766,32.189998626708984,32.182498931884766,32.189998626708984,1947.0
2024-04-24 13:11:00,WNEB,6.53000020980835,6.53000020980835,6.53000020980835,6.53000020980835,6.53000020980835,1385.0
2024-04-24 13:11:00,WSBF,12.055000305175781,12.055000305175781,12.055000305175781,12.055000305175781,12.055000305175781,300.0
2024-04-24 13:11:00,WSC,37.67210006713867,37.67210006713867,37.68000030517578,37.65999984741211,37.65999984741211,2486.0
2024-04-24 13:11:00,WTFC,99.91000366210938,99.91000366210938,99.91000366210938,99.91000366210938,99.91000366210938,188.0
2024-04-24 13:11:00,WTW,264.1600036621094,264.1600036621094,264.17999267578125,264.1600036621094,264.17999267578125,1410.0
2024-04-24 13:11:00,WVE,5.15500020980835,5.15500020980835,5.159999847412109,5.125,5.125,5920.0
2024-04-24 13:11:00,WVVI,4.659900188446045,4.659900188446045,4.659900188446045,4.659900188446045,4.659900188446045,2000.0
2024-04-24 13:11:00,WW,1.659999966621399,1.659999966621399,1.669800043106079,1.659999966621399,1.659999966621399,5457.0
2024-04-24 13:11:00,WYNN,96.69000244140625,96.69000244140625,96.69000244140625,96.68000030517578,96.68000030517578,1139.0
2024-04-24 13:11:00,XEL,55.51499938964844,55.51499938964844,55.51499938964844,55.47999954223633,55.48500061035156,6031.0
2024-04-24 13:11:00,XERS,1.7549999952316284,1.7549999952316284,1.7549999952316284,1.7549999952316284,1.7549999952316284,364.0
2024-04-24 13:11:00,XMTR,16.920000076293945,16.920000076293945,16.920000076293945,16.920000076293945,16.920000076293945,819.0
2024-04-24 13:11:00,XP,20.485000610351562,20.485000610351562,20.485000610351562,20.479999542236328,20.479999542236328,3702.0
2024-04-24 13:11:00,XRX,14.335000038146973,14.335000038146973,14.335000038146973,14.335000038146973,14.335000038146973,4034.0
2024-04-24 13:11:00,Z,43.33000183105469,43.33000183105469,43.334999084472656,43.310001373291016,43.33000183105469,2975.0
2024-04-24 13:11:00,ZBRA,276.2149963378906,276.2149963378906,276.2149963378906,276.2149963378906,276.2149963378906,466.0
2024-04-24 13:11:00,ZCMD,1.690000057220459,1.690000057220459,1.690000057220459,1.690000057220459,1.690000057220459,662.0
2024-04-24 13:11:00,ZI,15.829999923706055,15.829999923706055,15.829999923706055,15.819999694824219,15.819999694824219,2035.0
2024-04-24 13:11:00,ZION,42.220001220703125,42.220001220703125,42.220001220703125,42.220001220703125,42.220001220703125,536.0
2024-04-24 13:11:00,ZM,61.459999084472656,61.459999084472656,61.474998474121094,61.459999084472656,61.474998474121094,3899.0
2024-04-24 13:11:00,ZNTL,12.0,12.0,12.0,11.989999771118164,11.989999771118164,405.0
2024-04-24 13:11:00,ZS,177.4199981689453,177.4199981689453,177.4199981689453,177.4199981689453,177.4199981689453,318.0
2024-04-24 13:11:00,ZUMZ,17.040000915527344,17.040000915527344,17.040000915527344,17.020000457763672,17.030000686645508,1928.0
2024-04-24 13:11:00,ZVSA,0.6100000143051147,0.6100000143051147,0.6100000143051147,0.6100000143051147,0.6100000143051147,249.0
2024-04-24 13:12:00,DIBS,5.400000095367432,5.400000095367432,5.400000095367432,5.400000095367432,5.400000095367432,920.0
2024-04-24 13:12:00,DSP,8.545000076293945,8.545000076293945,8.545000076293945,8.529999732971191,8.529999732971191,300.0
2024-04-24 13:12:00,EGHT,2.3450000286102295,2.3450000286102295,2.3450000286102295,2.3450000286102295,2.3450000286102295,231.0
2024-04-24 13:12:00,ETNB,8.600000381469727,8.600000381469727,8.600000381469727,8.59000015258789,8.59000015258789,773.0
2024-04-24 13:12:00,FLWS,9.15999984741211,9.15999984741211,9.15999984741211,9.15999984741211,9.15999984741211,213.0
2024-04-24 13:12:00,HOWL,6.414999961853027,6.414999961853027,6.414999961853027,6.380000114440918,6.380000114440918,815.0
2024-04-24 13:12:00,SEAT,5.875,5.875,5.880000114440918,5.875,5.880000114440918,372.0
2024-04-24 13:12:00,TSVT,4.329999923706055,4.329999923706055,4.331299781799316,4.320000171661377,4.330100059509277,3330.0
2024-04-24 13:12:00,TWOU,0.23800000548362732,0.23800000548362732,0.23999999463558197,0.23770000040531158,0.23770000040531158,45618.0
2024-04-24 13:12:00,TXG,27.43000030517578,27.43000030517578,27.43000030517578,27.408599853515625,27.40999984741211,3007.0
2024-04-24 13:12:00,VC,110.33499908447266,110.33499908447266,110.41000366210938,110.33499908447266,110.41000366210938,555.0
2024-04-24 13:12:00,VERU,1.3300000429153442,1.3300000429153442,1.3300000429153442,1.3300000429153442,1.3300000429153442,515.0
2024-04-24 13:12:00,VERV,6.65500020980835,6.65500020980835,6.659999847412109,6.65500020980835,6.65500020980835,765.0
2024-04-24 13:12:00,VERX,28.709999084472656,28.709999084472656,28.719999313354492,28.690000534057617,28.690000534057617,3247.0
2024-04-24 13:12:00,VIAV,7.994999885559082,7.994999885559082,7.994999885559082,7.994999885559082,7.994999885559082,355.0
2024-04-24 13:12:00,VICR,32.099998474121094,32.099998474121094,32.099998474121094,32.099998474121094,32.099998474121094,430.0
2024-04-24 13:12:00,VIRC,10.649999618530273,10.649999618530273,10.649999618530273,10.649999618530273,10.649999618530273,220.0
2024-04-24 13:12:00,VIRT,22.329999923706055,22.329999923706055,22.360000610351562,22.329999923706055,22.360000610351562,2708.0
2024-04-24 13:12:00,VITL,26.90999984741211,26.90999984741211,26.920000076293945,26.90999984741211,26.920000076293945,478.0
2024-04-24 13:12:00,VKTX,65.21099853515625,65.21099853515625,65.30000305175781,65.19999694824219,65.19999694824219,3144.0
2024-04-24 13:12:00,VLCN,0.2524999976158142,0.2524999976158142,0.2524999976158142,0.2524999976158142,0.2524999976158142,9311.0
2024-04-24 13:12:00,VMEO,3.5350000858306885,3.5350000858306885,3.5350000858306885,3.5350000858306885,3.5350000858306885,172.0
2024-04-24 13:12:00,VNET,1.5499999523162842,1.5499999523162842,1.5499999523162842,1.5399999618530273,1.5399999618530273,20699.0
2024-04-24 13:12:00,VOD,8.609999656677246,8.609999656677246,8.609999656677246,8.609999656677246,8.609999656677246,275.0
2024-04-24 13:12:00,VRCA,6.730000019073486,6.730000019073486,6.730000019073486,6.730000019073486,6.730000019073486,190.0
2024-04-24 13:12:00,VRDN,13.350000381469727,13.350000381469727,13.359999656677246,13.350000381469727,13.359999656677246,1498.0
2024-04-24 13:12:00,VTNR,1.5850000381469727,1.5850000381469727,1.5850000381469727,1.5850000381469727,1.5850000381469727,400.0
2024-04-24 13:12:00,VTRS,11.420000076293945,11.420000076293945,11.420000076293945,11.414999961853027,11.420000076293945,2284.0
2024-04-24 13:12:00,VTSI,12.300000190734863,12.300000190734863,12.300000190734863,12.300000190734863,12.300000190734863,310.0
2024-04-24 13:12:00,VWE,0.2856999933719635,0.2856999933719635,0.2856999933719635,0.2800000011920929,0.2800000011920929,16712.0
2024-04-24 13:12:00,WB,8.345000267028809,8.345000267028809,8.345000267028809,8.34000015258789,8.34000015258789,1979.0
2024-04-24 13:12:00,WBA,17.719999313354492,17.719999313354492,17.725000381469727,17.719999313354492,17.719999313354492,14179.0
2024-04-24 13:12:00,WBD,8.335000038146973,8.335000038146973,8.335000038146973,8.330100059509277,8.331100463867188,2120.0
2024-04-24 13:12:00,WDAY,255.97999572753906,255.97999572753906,255.97999572753906,255.97999572753906,255.97999572753906,690.0
2024-04-24 13:12:00,WDC,68.87000274658203,68.87000274658203,68.91999816894531,68.87000274658203,68.8949966430664,11031.0
2024-04-24 13:12:00,WEN,19.94499969482422,19.94499969482422,19.94499969482422,19.934999465942383,19.934999465942383,2589.0
2024-04-24 13:12:00,WERN,35.16999816894531,35.16999816894531,35.20000076293945,35.15999984741211,35.189998626708984,2664.0
2024-04-24 13:12:00,WFRD,121.74500274658203,121.74500274658203,121.74500274658203,121.74500274658203,121.74500274658203,190.0
2024-04-24 13:12:00,WIMI,1.0300999879837036,1.0300999879837036,1.0396000146865845,1.0299999713897705,1.0396000146865845,4485.0
2024-04-24 13:12:00,WING,362.9200134277344,362.9200134277344,363.0299987792969,362.9200134277344,363.0299987792969,876.0
2024-04-24 13:12:00,WISA,5.674699783325195,5.674699783325195,5.674699783325195,5.674699783325195,5.674699783325195,517.0
2024-04-24 13:12:00,WKHS,0.16290000081062317,0.16290000081062317,0.16300000250339508,0.16189999878406525,0.16189999878406525,269440.0
2024-04-24 13:12:00,WMG,32.189998626708984,32.189998626708984,32.189998626708984,32.18000030517578,32.189998626708984,1142.0
2024-04-24 13:12:00,WRAP,1.9600000381469727,1.9600000381469727,1.9600000381469727,1.9600000381469727,1.9600000381469727,1061.0
2024-04-24 13:12:00,WSBC,28.290000915527344,28.290000915527344,28.290000915527344,28.290000915527344,28.290000915527344,340.0
2024-04-24 13:12:00,WSC,37.685001373291016,37.685001373291016,37.689998626708984,37.68000030517578,37.685001373291016,1908.0
2024-04-24 13:12:00,WVE,5.159999847412109,5.159999847412109,5.159999847412109,5.15500020980835,5.15500020980835,218.0
2024-04-24 13:12:00,WW,1.6649999618530273,1.6649999618530273,1.6649999618530273,1.659999966621399,1.659999966621399,961.0
2024-04-24 13:12:00,WWD,149.05999755859375,149.05999755859375,149.05999755859375,149.05999755859375,149.05999755859375,812.0
2024-04-24 13:12:00,WYNN,96.78500366210938,96.78500366210938,96.79000091552734,96.70999908447266,96.70999908447266,5254.0
2024-04-24 13:12:00,XBIT,8.24209976196289,8.24209976196289,8.24209976196289,8.24209976196289,8.24209976196289,4546.0
2024-04-24 13:12:00,XEL,55.51499938964844,55.51499938964844,55.519901275634766,55.5099983215332,55.519901275634766,2938.0
2024-04-24 13:12:00,XMTR,16.94499969482422,16.94499969482422,16.94499969482422,16.93000030517578,16.93000030517578,1626.0
2024-04-24 13:12:00,XP,20.5,20.5,20.5049991607666,20.485000610351562,20.485000610351562,10610.0
2024-04-24 13:12:00,XPEL,54.34000015258789,54.34000015258789,54.34000015258789,54.34000015258789,54.34000015258789,156.0
2024-04-24 13:12:00,XRX,14.335000038146973,14.335000038146973,14.34000015258789,14.335000038146973,14.34000015258789,2050.0
2024-04-24 13:12:00,XXII,1.8602999448776245,1.8602999448776245,1.8798999786376953,1.8601000308990479,1.8798999786376953,6735.0
2024-04-24 13:12:00,YTEN,0.23000000417232513,0.23000000417232513,0.23000000417232513,0.23000000417232513,0.23000000417232513,7559.0
2024-04-24 13:12:00,Z,43.33000183105469,43.33000183105469,43.33000183105469,43.31999969482422,43.31999969482422,429.0
2024-04-24 13:12:00,ZBRA,276.2799987792969,276.2799987792969,276.2799987792969,276.2799987792969,276.2799987792969,560.0
2024-04-24 13:12:00,ZG,42.82500076293945,42.82500076293945,42.82500076293945,42.82500076293945,42.82500076293945,1805.0
2024-04-24 13:12:00,ZI,15.829999923706055,15.829999923706055,15.829999923706055,15.829999923706055,15.829999923706055,771.0
2024-04-24 13:12:00,ZION,42.209999084472656,42.209999084472656,42.21500015258789,42.209999084472656,42.21500015258789,1239.0
2024-04-24 13:12:00,ZM,61.47999954223633,61.47999954223633,61.47999954223633,61.470001220703125,61.470001220703125,2357.0
2024-04-24 13:12:00,ZNTL,11.984999656677246,11.984999656677246,12.010000228881836,11.984999656677246,12.010000228881836,2692.0
2024-04-24 13:12:00,ZS,177.57989501953125,177.57989501953125,177.58999633789062,177.3970947265625,177.39999389648438,15402.0
2024-04-24 13:12:00,ZUMZ,17.010000228881836,17.010000228881836,17.010000228881836,17.010000228881836,17.010000228881836,571.0
2024-04-24 13:13:00,COCO,23.989999771118164,23.989999771118164,23.989999771118164,23.989999771118164,23.989999771118164,206.0
2024-04-24 13:13:00,DIBS,5.400000095367432,5.400000095367432,5.400000095367432,5.400000095367432,5.400000095367432,515.0
2024-04-24 13:13:00,EGHT,2.3550000190734863,2.3550000190734863,2.3550000190734863,2.3499999046325684,2.3499999046325684,496.0
2024-04-24 13:13:00,ETNB,8.600000381469727,8.600000381469727,8.600000381469727,8.600000381469727,8.600000381469727,496.0
2024-04-24 13:13:00,FDMT,24.760000228881836,24.760000228881836,24.760000228881836,24.760000228881836,24.760000228881836,265.0
2024-04-24 13:13:00,MAPS,1.090000033378601,1.090000033378601,1.090000033378601,1.090000033378601,1.090000033378601,0.0
2024-04-24 13:13:00,MASS,5.659999847412109,5.659999847412109,5.659999847412109,5.639999866485596,5.639999866485596,1211.0
2024-04-24 13:13:00,ME,0.47200000286102295,0.47200000286102295,0.47200000286102295,0.47110000252723694,0.47119998931884766,109417.0
2024-04-24 13:13:00,SEAT,5.875,5.875,5.875,5.875,5.875,2987.0
2024-04-24 13:13:00,TSVT,4.324999809265137,4.324999809265137,4.324999809265137,4.324999809265137,4.324999809265137,1005.0
2024-04-24 13:13:00,TWOU,0.2418999969959259,0.2418999969959259,0.2418999969959259,0.2418999969959259,0.2418999969959259,1201.0
2024-04-24 13:13:00,TXG,27.422000885009766,27.422000885009766,27.422000885009766,27.420000076293945,27.420000076293945,1610.0
2024-04-24 13:13:00,VC,110.47000122070312,110.47000122070312,110.47000122070312,110.47000122070312,110.47000122070312,515.0
2024-04-24 13:13:00,VERU,1.3300000429153442,1.3300000429153442,1.3300000429153442,1.3300000429153442,1.3300000429153442,911.0
2024-04-24 13:13:00,VERV,6.65500020980835,6.65500020980835,6.65500020980835,6.65500020980835,6.65500020980835,277.0
2024-04-24 13:13:00,VERX,28.709999084472656,28.709999084472656,28.719999313354492,28.704999923706055,28.719999313354492,2377.0
2024-04-24 13:13:00,VFF,1.3049999475479126,1.3049999475479126,1.3049999475479126,1.3049999475479126,1.3049999475479126,4939.0
2024-04-24 13:13:00,VFS,2.492300033569336,2.492300033569336,2.5,2.492300033569336,2.4999001026153564,2850.0
2024-04-24 13:13:00,VIAV,8.0,8.0,8.0,7.994999885559082,7.994999885559082,1018.0
2024-04-24 13:13:00,VINC,0.9172999858856201,0.9172999858856201,0.9172999858856201,0.9150999784469604,0.9150999784469604,973.0
2024-04-24 13:13:00,VIR,8.225000381469727,8.225000381469727,8.232500076293945,8.225000381469727,8.232500076293945,1605.0
2024-04-24 13:13:00,VIRI,0.4311999976634979,0.4311999976634979,0.4311999976634979,0.4311999976634979,0.4311999976634979,9485.0
2024-04-24 13:13:00,VIRT,22.295000076293945,22.295000076293945,22.309999465942383,22.295000076293945,22.309999465942383,2432.0
2024-04-24 13:13:00,VIRX,0.8497999906539917,0.8497999906539917,0.8497999906539917,0.8497999906539917,0.8497999906539917,211.0
2024-04-24 13:13:00,VKTX,65.19000244140625,65.19000244140625,65.30999755859375,65.19000244140625,65.30000305175781,2084.0
2024-04-24 13:13:00,VMEO,3.5350000858306885,3.5350000858306885,3.5350000858306885,3.5350000858306885,3.5350000858306885,756.0
2024-04-24 13:13:00,VOD,8.607000350952148,8.607000350952148,8.607000350952148,8.604999542236328,8.604999542236328,5968.0
2024-04-24 13:13:00,VOR,1.75,1.75,1.7549999952316284,1.75,1.7549999952316284,819.0
2024-04-24 13:13:00,VOXX,6.960000038146973,6.960000038146973,6.960000038146973,6.960000038146973,6.960000038146973,130.0
2024-04-24 13:13:00,VRDN,13.350000381469727,13.350000381469727,13.350000381469727,13.350000381469727,13.350000381469727,152.0
2024-04-24 13:13:00,VRNA,15.59000015258789,15.59000015258789,15.600000381469727,15.59000015258789,15.600000381469727,3995.0
2024-04-24 13:13:00,VRRM,24.200000762939453,24.200000762939453,24.200000762939453,24.200000762939453,24.200000762939453,863.0
2024-04-24 13:13:00,VSAT,16.329999923706055,16.329999923706055,16.329999923706055,16.31999969482422,16.329999923706055,2827.0
2024-04-24 13:13:00,VTNR,1.590000033378601,1.590000033378601,1.590000033378601,1.5812000036239624,1.5872999429702759,3115.0
2024-04-24 13:13:00,VTRS,11.420000076293945,11.420000076293945,11.420000076293945,11.414999961853027,11.420000076293945,2502.0
2024-04-24 13:13:00,VUZI,1.284999966621399,1.284999966621399,1.284999966621399,1.284999966621399,1.284999966621399,2541.0
2024-04-24 13:13:00,VYGR,7.550000190734863,7.550000190734863,7.550000190734863,7.550000190734863,7.550000190734863,1279.0
2024-04-24 13:13:00,WASH,26.287700653076172,26.287700653076172,26.287700653076172,26.287700653076172,26.287700653076172,934.0
2024-04-24 13:13:00,WB,8.333000183105469,8.333000183105469,8.34749984741211,8.333000183105469,8.34749984741211,3569.0
2024-04-24 13:13:00,WBA,17.735000610351562,17.735000610351562,17.735000610351562,17.719999313354492,17.719999313354492,11408.0
2024-04-24 13:13:00,WBD,8.34000015258789,8.34000015258789,8.345000267028809,8.329999923706055,8.335000038146973,87928.0
2024-04-24 13:13:00,WDAY,256.0,256.0,256.05999755859375,256.0,256.05999755859375,378.0
2024-04-24 13:13:00,WDC,68.94000244140625,68.94000244140625,68.94999694824219,68.875,68.875,7026.0
2024-04-24 13:13:00,WEN,19.940000534057617,19.940000534057617,19.940000534057617,19.940000534057617,19.940000534057617,703.0
2024-04-24 13:13:00,WERN,35.16999816894531,35.16999816894531,35.16999816894531,35.169498443603516,35.169498443603516,894.0
2024-04-24 13:13:00,WFRD,121.7300033569336,121.7300033569336,121.7300033569336,121.7300033569336,121.7300033569336,318.0
2024-04-24 13:13:00,WIMI,1.0399999618530273,1.0399999618530273,1.0399999618530273,1.0299999713897705,1.0299999713897705,13918.0
2024-04-24 13:13:00,WING,363.0205078125,363.0205078125,363.0205078125,363.0205078125,363.0205078125,1522.0
2024-04-24 13:13:00,WISA,5.675000190734863,5.675000190734863,5.675000190734863,5.675000190734863,5.675000190734863,585.0
2024-04-24 13:13:00,WKEY,2.130000114440918,2.130000114440918,2.130000114440918,2.130000114440918,2.130000114440918,1011.0
2024-04-24 13:13:00,WKHS,0.16429999470710754,0.16429999470710754,0.16429999470710754,0.16290000081062317,0.16300000250339508,104748.0
2024-04-24 13:13:00,WMG,32.189998626708984,32.189998626708984,32.189998626708984,32.189998626708984,32.189998626708984,1310.0
2024-04-24 13:13:00,WRNT,0.2721000015735626,0.2721000015735626,0.2721000015735626,0.27129998803138733,0.27129998803138733,277.0
2024-04-24 13:13:00,WSC,37.70000076293945,37.70000076293945,37.70000076293945,37.70000076293945,37.70000076293945,611.0
2024-04-24 13:13:00,WVE,5.15500020980835,5.15500020980835,5.159999847412109,5.15500020980835,5.159999847412109,840.0
2024-04-24 13:13:00,WW,1.659999966621399,1.659999966621399,1.659999966621399,1.659999966621399,1.659999966621399,248.0
2024-04-24 13:13:00,XEL,55.54499816894531,55.54499816894531,55.54499816894531,55.52000045776367,55.525001525878906,7453.0
2024-04-24 13:13:00,XFOR,1.2599999904632568,1.2599999904632568,1.2599999904632568,1.2599999904632568,1.2599999904632568,589.0
2024-04-24 13:13:00,XMTR,16.979999542236328,16.979999542236328,16.979999542236328,16.940000534057617,16.940000534057617,1331.0
2024-04-24 13:13:00,XP,20.5,20.5,20.5049991607666,20.4950008392334,20.5049991607666,6805.0
2024-04-24 13:13:00,XRTX,2.9453999996185303,2.9453999996185303,2.9453999996185303,2.9453999996185303,2.9453999996185303,184.0
2024-04-24 13:13:00,XRX,14.335000038146973,14.335000038146973,14.34000015258789,14.329999923706055,14.335000038146973,11930.0
2024-04-24 13:13:00,XWEL,1.6799999475479126,1.6799999475479126,1.6799999475479126,1.6799999475479126,1.6799999475479126,354.0
2024-04-24 13:13:00,Z,43.31999969482422,43.31999969482422,43.349998474121094,43.31999969482422,43.33000183105469,3497.0
2024-04-24 13:13:00,ZBRA,276.1600036621094,276.1600036621094,276.1600036621094,276.1600036621094,276.1600036621094,630.0
2024-04-24 13:13:00,ZD,51.65999984741211,51.65999984741211,51.65999984741211,51.65999984741211,51.65999984741211,484.0
2024-04-24 13:13:00,ZI,15.829999923706055,15.829999923706055,15.829999923706055,15.829999923706055,15.829999923706055,1067.0
2024-04-24 13:13:00,ZIMV,15.774999618530273,15.774999618530273,15.774999618530273,15.774999618530273,15.774999618530273,135.0
2024-04-24 13:13:00,ZION,42.220001220703125,42.220001220703125,42.22999954223633,42.220001220703125,42.220001220703125,2435.0
2024-04-24 13:13:00,ZLAB,15.625,15.625,15.625,15.625,15.625,103.0
2024-04-24 13:13:00,ZM,61.474998474121094,61.474998474121094,61.494998931884766,61.470001220703125,61.4900016784668,5365.0
2024-04-24 13:13:00,ZS,177.6300048828125,177.6300048828125,177.6300048828125,177.625,177.625,633.0
2024-04-24 13:13:00,ZUMZ,17.079999923706055,17.079999923706055,17.079999923706055,17.010000228881836,17.010000228881836,4386.0
2024-04-24 13:13:00,ZVSA,0.6100000143051147,0.6100000143051147,0.6100000143051147,0.6100000143051147,0.6100000143051147,476.0
2024-04-24 13:14:00,COCO,23.989999771118164,23.989999771118164,23.989999771118164,23.989999771118164,23.989999771118164,173.0
2024-04-24 13:14:00,EGHT,2.3550000190734863,2.3550000190734863,2.359999895095825,2.3550000190734863,2.359999895095825,1589.0
2024-04-24 13:14:00,FDMT,24.700000762939453,24.700000762939453,24.700000762939453,24.700000762939453,24.700000762939453,579.0
2024-04-24 13:14:00,ME,0.47200000286102295,0.47200000286102295,0.47209998965263367,0.4706000089645386,0.47209998965263367,2143.0
2024-04-24 13:14:00,SEAT,5.869999885559082,5.869999885559082,5.875,5.869999885559082,5.875,905.0
2024-04-24 13:14:00,TSVT,4.324999809265137,4.324999809265137,4.324999809265137,4.324999809265137,4.324999809265137,107.0
2024-04-24 13:14:00,TWOU,0.24169999361038208,0.24169999361038208,0.2418999969959259,0.24169999361038208,0.2418999969959259,18200.0
2024-04-24 13:14:00,TXG,27.41200065612793,27.41200065612793,27.41200065612793,27.41200065612793,27.41200065612793,925.0
2024-04-24 13:14:00,VC,110.69999694824219,110.69999694824219,110.70999908447266,110.62999725341797,110.70999908447266,2016.0
2024-04-24 13:14:00,VERU,1.3200000524520874,1.3200000524520874,1.3300000429153442,1.3200000524520874,1.3300000429153442,4444.0
2024-04-24 13:14:00,VERV,6.644999980926514,6.644999980926514,6.650000095367432,6.644999980926514,6.650000095367432,1741.0
2024-04-24 13:14:00,VERX,28.71500015258789,28.71500015258789,28.71500015258789,28.71500015258789,28.71500015258789,846.0
2024-04-24 13:14:00,VFS,2.4999001026153564,2.4999001026153564,2.4999001026153564,2.494999885559082,2.494999885559082,9000.0
2024-04-24 13:14:00,VIAV,7.994999885559082,7.994999885559082,7.994999885559082,7.994999885559082,7.994999885559082,402.0
2024-04-24 13:14:00,VIOT,0.5618000030517578,0.5618000030517578,0.5618000030517578,0.5618000030517578,0.5618000030517578,0.0
2024-04-24 13:14:00,VIRT,22.280000686645508,22.280000686645508,22.295000076293945,22.280000686645508,22.295000076293945,601.0
2024-04-24 13:14:00,VIRX,0.8299999833106995,0.8299999833106995,0.8309999704360962,0.8299999833106995,0.8300999999046326,2276.0
2024-04-24 13:14:00,VITL,26.905000686645508,26.905000686645508,26.905000686645508,26.905000686645508,26.905000686645508,234.0
2024-04-24 13:14:00,VKTX,65.20939636230469,65.20939636230469,65.20939636230469,65.13500213623047,65.18000030517578,2613.0
2024-04-24 13:14:00,VMD,7.989999771118164,7.989999771118164,7.989999771118164,7.989999771118164,7.989999771118164,524.0
2024-04-24 13:14:00,VMEO,3.5350000858306885,3.5350000858306885,3.5350000858306885,3.530600070953369,3.5350000858306885,4920.0
2024-04-24 13:14:00,VNET,1.5449999570846558,1.5449999570846558,1.5449999570846558,1.5449999570846558,1.5449999570846558,718.0
2024-04-24 13:14:00,VOD,8.604999542236328,8.604999542236328,8.608499526977539,8.604999542236328,8.604999542236328,1045.0
2024-04-24 13:14:00,VOR,1.7526999711990356,1.7526999711990356,1.7526999711990356,1.7526999711990356,1.7526999711990356,216.0
2024-04-24 13:14:00,VRDN,13.305000305175781,13.305000305175781,13.350000381469727,13.305000305175781,13.350000381469727,2198.0
2024-04-24 13:14:00,VRRM,24.200000762939453,24.200000762939453,24.200000762939453,24.200000762939453,24.200000762939453,1035.0
2024-04-24 13:14:00,VRTX,399.5,399.5,399.5,399.5,399.5,387.0
2024-04-24 13:14:00,VTNR,1.5850000381469727,1.5850000381469727,1.5850000381469727,1.5850000381469727,1.5850000381469727,4.0
2024-04-24 13:14:00,VTRS,11.420000076293945,11.420000076293945,11.420000076293945,11.414999961853027,11.414999961853027,6961.0
2024-04-24 13:14:00,VUZI,1.284999966621399,1.284999966621399,1.284999966621399,1.2799999713897705,1.284999966621399,505.0
2024-04-24 13:14:00,VYGR,7.550000190734863,7.550000190734863,7.554999828338623,7.550000190734863,7.554999828338623,510.0
2024-04-24 13:14:00,WAFD,28.200000762939453,28.200000762939453,28.200000762939453,28.110000610351562,28.110000610351562,7306.0
2024-04-24 13:14:00,WB,8.34000015258789,8.34000015258789,8.34000015258789,8.34000015258789,8.34000015258789,1608.0
2024-04-24 13:14:00,WBA,17.735000610351562,17.735000610351562,17.735000610351562,17.730100631713867,17.734899520874023,3209.0
2024-04-24 13:14:00,WBD,8.345000267028809,8.345000267028809,8.349900245666504,8.34000015258789,8.340100288391113,60657.0
2024-04-24 13:14:00,WDAY,256.0899963378906,256.0899963378906,256.0899963378906,255.99000549316406,256.010009765625,1177.0
2024-04-24 13:14:00,WDC,68.91000366210938,68.91000366210938,68.94000244140625,68.91000366210938,68.94000244140625,4383.0
2024-04-24 13:14:00,WEN,19.940000534057617,19.940000534057617,19.94499969482422,19.940000534057617,19.94499969482422,813.0
2024-04-24 13:14:00,WFRD,122.05000305175781,122.05000305175781,122.05000305175781,121.81199645996094,121.81199645996094,3002.0
2024-04-24 13:14:00,WIMI,1.0300999879837036,1.0300999879837036,1.0399999618530273,1.0300999879837036,1.0307999849319458,7693.0
2024-04-24 13:14:00,WISA,5.699999809265137,5.699999809265137,5.739999771118164,5.659999847412109,5.660099983215332,17411.0
2024-04-24 13:14:00,WKHS,0.164900004863739,0.164900004863739,0.16500000655651093,0.16439999639987946,0.16449999809265137,90033.0
2024-04-24 13:14:00,WMG,32.20000076293945,32.20000076293945,32.20000076293945,32.185001373291016,32.20000076293945,2103.0
2024-04-24 13:14:00,WSC,37.6974983215332,37.6974983215332,37.70000076293945,37.69499969482422,37.70000076293945,657.0
2024-04-24 13:14:00,WVE,5.159999847412109,5.159999847412109,5.159999847412109,5.15500020980835,5.15500020980835,287.0
2024-04-24 13:14:00,WW,1.659999966621399,1.659999966621399,1.6649999618530273,1.659999966621399,1.6649999618530273,1225.0
2024-04-24 13:14:00,WYNN,96.79000091552734,96.79000091552734,96.81999969482422,96.79000091552734,96.81999969482422,886.0
2024-04-24 13:14:00,XEL,55.55500030517578,55.55500030517578,55.55500030517578,55.53499984741211,55.540000915527344,4836.0
2024-04-24 13:14:00,XENE,40.060001373291016,40.060001373291016,40.099998474121094,40.060001373291016,40.099998474121094,1667.0
2024-04-24 13:14:00,XFOR,1.250100016593933,1.250100016593933,1.2599999904632568,1.250100016593933,1.2599999904632568,13883.0
2024-04-24 13:14:00,XMTR,16.950000762939453,16.950000762939453,16.959999084472656,16.950000762939453,16.959999084472656,1141.0
2024-04-24 13:14:00,XNCR,18.520000457763672,18.520000457763672,18.530000686645508,18.520000457763672,18.530000686645508,904.0
2024-04-24 13:14:00,XP,20.5049991607666,20.5049991607666,20.5049991607666,20.502500534057617,20.502500534057617,1559.0
2024-04-24 13:14:00,XRX,14.369999885559082,14.369999885559082,14.369999885559082,14.335000038146973,14.337499618530273,16229.0
2024-04-24 13:14:00,YTRA,1.3047000169754028,1.3047000169754028,1.3047000169754028,1.3047000169754028,1.3047000169754028,6047.0
2024-04-24 13:14:00,Z,43.31999969482422,43.31999969482422,43.33000183105469,43.31999969482422,43.33000183105469,1078.0
2024-04-24 13:14:00,ZI,15.84000015258789,15.84000015258789,15.84000015258789,15.84000015258789,15.84000015258789,1128.0
2024-04-24 13:14:00,ZION,42.220001220703125,42.220001220703125,42.22999954223633,42.220001220703125,42.22999954223633,852.0
2024-04-24 13:14:00,ZM,61.48360061645508,61.48360061645508,61.4900016784668,61.47919845581055,61.4900016784668,3731.0
2024-04-24 13:14:00,ZNTL,11.96500015258789,11.96500015258789,11.979999542236328,11.96500015258789,11.979999542236328,774.0
2024-04-24 13:14:00,ZS,177.61000061035156,177.61000061035156,177.69000244140625,177.61000061035156,177.69000244140625,923.0
2024-04-24 13:14:00,ZUMZ,17.049999237060547,17.049999237060547,17.06999969482422,17.049999237060547,17.06999969482422,2372.0
2024-04-24 13:15:00,DIBS,5.400000095367432,5.400000095367432,5.400000095367432,5.400000095367432,5.400000095367432,0.0
2024-04-24 13:15:00,EGHT,2.359999895095825,2.359999895095825,2.359999895095825,2.359999895095825,2.359999895095825,990.0
2024-04-24 13:15:00,FEAM,1.159999966621399,1.159999966621399,1.159999966621399,1.159999966621399,1.159999966621399,362.0
2024-04-24 13:15:00,FREE,4.820000171661377,4.820000171661377,4.820000171661377,4.820000171661377,4.820000171661377,210.0
2024-04-24 13:15:00,MAPS,1.0800000429153442,1.0800000429153442,1.090000033378601,1.0800000429153442,1.090000033378601,300.0
2024-04-24 13:15:00,SEAT,5.875,5.875,5.875,5.875,5.875,234.0
2024-04-24 13:15:00,TSVT,4.324999809265137,4.324999809265137,4.324999809265137,4.324999809265137,4.324999809265137,300.0
2024-04-24 13:15:00,TWOU,0.24140000343322754,0.24140000343322754,0.2418999969959259,0.24140000343322754,0.2418999969959259,0.0
2024-04-24 13:15:00,TXG,27.40999984741211,27.40999984741211,27.40999984741211,27.40999984741211,27.40999984741211,686.0
2024-04-24 13:15:00,VERU,1.3200000524520874,1.3200000524520874,1.3200000524520874,1.3200000524520874,1.3200000524520874,500.0
2024-04-24 13:15:00,VERV,6.65500020980835,6.65500020980835,6.65500020980835,6.644999980926514,6.644999980926514,1583.0
2024-04-24 13:15:00,VERX,28.719999313354492,28.719999313354492,28.729900360107422,28.719999313354492,28.729900360107422,1141.0
2024-04-24 13:15:00,VFS,2.494999885559082,2.494999885559082,2.4986000061035156,2.494999885559082,2.498500108718872,0.0
2024-04-24 13:15:00,VIAV,8.0,8.0,8.0,8.0,8.0,501.0
2024-04-24 13:15:00,VICR,32.099998474121094,32.099998474121094,32.099998474121094,32.099998474121094,32.099998474121094,342.0
2024-04-24 13:15:00,VINC,0.9150000214576721,0.9150000214576721,0.9150000214576721,0.9150000214576721,0.9150000214576721,600.0
2024-04-24 13:15:00,VIR,8.220000267028809,8.220000267028809,8.220000267028809,8.220000267028809,8.220000267028809,533.0
2024-04-24 13:15:00,VIRI,0.4706999957561493,0.4706999957561493,0.4706999957561493,0.4706999957561493,0.4706999957561493,0.0
2024-04-24 13:15:00,VIRT,22.239999771118164,22.239999771118164,22.280000686645508,22.239999771118164,22.280000686645508,6518.0
2024-04-24 13:15:00,VITL,26.90999984741211,26.90999984741211,26.90999984741211,26.90999984741211,26.90999984741211,164.0
2024-04-24 13:15:00,VKTX,65.16000366210938,65.16000366210938,65.16000366210938,65.12999725341797,65.1500015258789,1393.0
2024-04-24 13:15:00,VLCN,0.24779999256134033,0.24779999256134033,0.25,0.24779999256134033,0.25,5147.0
2024-04-24 13:15:00,VMEO,3.5350000858306885,3.5350000858306885,3.5350000858306885,3.5306999683380127,3.5306999683380127,9175.0
2024-04-24 13:15:00,VOD,8.609999656677246,8.609999656677246,8.609999656677246,8.600000381469727,8.600000381469727,1052.0
2024-04-24 13:15:00,VRDN,13.300000190734863,13.300000190734863,13.300000190734863,13.300000190734863,13.300000190734863,504.0
2024-04-24 13:15:00,VRRM,24.219999313354492,24.219999313354492,24.219999313354492,24.200000762939453,24.204999923706055,2625.0
2024-04-24 13:15:00,VRTX,399.4150085449219,399.4150085449219,399.4200134277344,399.3800048828125,399.3800048828125,721.0
2024-04-24 13:15:00,VSAT,16.329999923706055,16.329999923706055,16.350000381469727,16.31999969482422,16.329999923706055,2640.0
2024-04-24 13:15:00,VTRS,11.420000076293945,11.420000076293945,11.430000305175781,11.414999961853027,11.420000076293945,29621.0
2024-04-24 13:15:00,VVPR,3.599900007247925,3.599900007247925,3.599900007247925,3.599900007247925,3.599900007247925,2971.0
2024-04-24 13:15:00,WAFD,28.110000610351562,28.110000610351562,28.139999389648438,28.110000610351562,28.139999389648438,1807.0
2024-04-24 13:15:00,WALD,5.28000020980835,5.28000020980835,5.28000020980835,5.28000020980835,5.28000020980835,115.0
2024-04-24 13:15:00,WBA,17.729999542236328,17.729999542236328,17.739999771118164,17.729999542236328,17.739900588989258,5237.0
2024-04-24 13:15:00,WBD,8.345000267028809,8.345000267028809,8.349900245666504,8.34000015258789,8.349900245666504,8747.0
2024-04-24 13:15:00,WDAY,256.1400146484375,256.1400146484375,256.1400146484375,256.0299987792969,256.0299987792969,668.0
2024-04-24 13:15:00,WDC,68.91000366210938,68.91000366210938,68.93000030517578,68.87000274658203,68.9000015258789,11576.0
2024-04-24 13:15:00,WDFC,226.97000122070312,226.97000122070312,226.97000122070312,226.97000122070312,226.97000122070312,530.0
2024-04-24 13:15:00,WEN,19.94499969482422,19.94499969482422,19.950000762939453,19.940000534057617,19.94700050354004,2258.0
2024-04-24 13:15:00,WERN,35.20000076293945,35.20000076293945,35.20500183105469,35.20000076293945,35.20000076293945,3768.0
2024-04-24 13:15:00,WIMI,1.0312999486923218,1.0312999486923218,1.0312999486923218,1.0300999879837036,1.0300999879837036,2792.0
2024-04-24 13:15:00,WISA,5.71999979019165,5.71999979019165,5.71999979019165,5.675000190734863,5.679999828338623,5309.0
2024-04-24 13:15:00,WIX,122.0,122.0,122.04000091552734,122.0,122.02999877929688,3141.0
2024-04-24 13:15:00,WKHS,0.16359999775886536,0.16359999775886536,0.16500000655651093,0.16359999775886536,0.16500000655651093,211472.0
2024-04-24 13:15:00,WMG,32.182498931884766,32.182498931884766,32.189998626708984,32.182498931884766,32.189998626708984,1648.0
2024-04-24 13:15:00,WSBC,28.260000228881836,28.260000228881836,28.260000228881836,28.260000228881836,28.260000228881836,316.0
2024-04-24 13:15:00,WSC,37.70000076293945,37.70000076293945,37.70000076293945,37.685001373291016,37.689998626708984,4034.0
2024-04-24 13:15:00,WSFS,44.529998779296875,44.529998779296875,44.56999969482422,44.529998779296875,44.56999969482422,1848.0
2024-04-24 13:15:00,WTFC,99.80999755859375,99.80999755859375,99.80999755859375,99.80999755859375,99.80999755859375,266.0
2024-04-24 13:15:00,WVE,5.159999847412109,5.159999847412109,5.159999847412109,5.150000095367432,5.1579999923706055,1825.0
2024-04-24 13:15:00,WW,1.659999966621399,1.659999966621399,1.6687999963760376,1.659999966621399,1.659999966621399,3234.0
2024-04-24 13:15:00,WYNN,96.80000305175781,96.80000305175781,96.80000305175781,96.80000305175781,96.80000305175781,867.0
2024-04-24 13:15:00,XEL,55.540000915527344,55.540000915527344,55.55500030517578,55.540000915527344,55.54999923706055,3611.0
2024-04-24 13:15:00,XERS,1.7649999856948853,1.7649999856948853,1.7649999856948853,1.7549999952316284,1.7599999904632568,8560.0
2024-04-24 13:15:00,XOMA,25.979999542236328,25.979999542236328,25.979999542236328,25.979999542236328,25.979999542236328,225.0
2024-04-24 13:15:00,XP,20.53499984741211,20.53499984741211,20.540000915527344,20.5049991607666,20.5049991607666,5112.0
2024-04-24 13:15:00,XPEL,54.31999969482422,54.31999969482422,54.31999969482422,54.31999969482422,54.31999969482422,1403.0
2024-04-24 13:15:00,XRX,14.380000114440918,14.380000114440918,14.380000114440918,14.369999885559082,14.369999885559082,2465.0
2024-04-24 13:15:00,Z,43.31999969482422,43.31999969482422,43.334999084472656,43.310001373291016,43.31999969482422,1950.0
2024-04-24 13:15:00,ZI,15.829999923706055,15.829999923706055,15.84000015258789,15.829999923706055,15.84000015258789,896.0
2024-04-24 13:15:00,ZION,42.20000076293945,42.20000076293945,42.220001220703125,42.20000076293945,42.220001220703125,1521.0
2024-04-24 13:15:00,ZLAB,15.625,15.625,15.625,15.625,15.625,292.0
2024-04-24 13:15:00,ZM,61.415000915527344,61.415000915527344,61.47999954223633,61.400001525878906,61.47999954223633,8231.0
2024-04-24 13:15:00,ZNTL,11.949999809265137,11.949999809265137,11.960000038146973,11.949999809265137,11.960000038146973,995.0
2024-04-24 13:15:00,ZS,177.70860290527344,177.70860290527344,177.70860290527344,177.61000061035156,177.61000061035156,1455.0
2024-04-24 13:15:00,ZVSA,0.6100000143051147,0.6100000143051147,0.6100000143051147,0.6100000143051147,0.6100000143051147,613.0
2024-04-24 13:15:00,ZYME,8.600000381469727,8.600000381469727,8.600000381469727,8.600000381469727,8.600000381469727,201.0
2024-04-24 13:15:00,ZYXI,11.359999656677246,11.359999656677246,11.359999656677246,11.359999656677246,11.359999656677246,200.0
2024-04-24 13:16:00,COCO,23.989999771118164,23.989999771118164,23.989999771118164,23.989999771118164,23.989999771118164,513.0
2024-04-24 13:16:00,ETNB,8.579999923706055,8.579999923706055,8.59000015258789,8.579999923706055,8.59000015258789,707.0
2024-04-24 13:16:00,FEAM,1.1799999475479126,1.1799999475479126,1.1799999475479126,1.1790000200271606,1.1790000200271606,934.0
2024-04-24 13:16:00,FLWS,9.164999961853027,9.164999961853027,9.164999961853027,9.164999961853027,9.164999961853027,287.0
2024-04-24 13:16:00,MAPS,1.090000033378601,1.090000033378601,1.090000033378601,1.090000033378601,1.090000033378601,200.0
2024-04-24 13:16:00,MASS,5.650000095367432,5.650000095367432,5.664999961853027,5.650000095367432,5.664999961853027,1493.0
2024-04-24 13:16:00,ME,0.47110000252723694,0.47110000252723694,0.47110000252723694,0.47110000252723694,0.47110000252723694,913.0
2024-04-24 13:16:00,SEAT,5.889999866485596,5.889999866485596,5.889999866485596,5.880000114440918,5.880000114440918,4212.0
2024-04-24 13:16:00,TSVT,4.324999809265137,4.324999809265137,4.324999809265137,4.324999809265137,4.324999809265137,354.0
2024-04-24 13:16:00,TURN,3.9200000762939453,3.9200000762939453,3.930999994277954,3.9200000762939453,3.9200000762939453,9022.0
2024-04-24 13:16:00,TWOU,0.241799995303154,0.241799995303154,0.2418999969959259,0.241799995303154,0.2418999969959259,10068.0
2024-04-24 13:16:00,TXG,27.399999618530273,27.399999618530273,27.40999984741211,27.389999389648438,27.40999984741211,3774.0
2024-04-24 13:16:00,VCTR,49.595001220703125,49.595001220703125,49.595001220703125,49.595001220703125,49.595001220703125,479.0
2024-04-24 13:16:00,VERU,1.3200000524520874,1.3200000524520874,1.3200000524520874,1.3200000524520874,1.3200000524520874,1501.0
2024-04-24 13:16:00,VERV,6.635000228881836,6.635000228881836,6.650000095367432,6.635000228881836,6.650000095367432,2150.0
2024-04-24 13:16:00,VERX,28.739999771118164,28.739999771118164,28.739999771118164,28.719999313354492,28.729999542236328,285192.0
2024-04-24 13:16:00,VFS,2.494999885559082,2.494999885559082,2.5,2.494999885559082,2.498300075531006,2205.0
2024-04-24 13:16:00,VIAV,8.0,8.0,8.0,8.0,8.0,1030.0
2024-04-24 13:16:00,VIR,8.225000381469727,8.225000381469727,8.225000381469727,8.220000267028809,8.220000267028809,2666.0
2024-04-24 13:16:00,VIRT,22.25,22.25,22.25,22.219999313354492,22.219999313354492,4271.0
2024-04-24 13:16:00,VKTX,65.08999633789062,65.08999633789062,65.09190368652344,65.08999633789062,65.09190368652344,2296.0
2024-04-24 13:16:00,VMEO,3.5350000858306885,3.5350000858306885,3.5350000858306885,3.5350000858306885,3.5350000858306885,579.0
2024-04-24 13:16:00,VNOM,39.689998626708984,39.689998626708984,39.70500183105469,39.689998626708984,39.70500183105469,1035.0
2024-04-24 13:16:00,VOD,8.604999542236328,8.604999542236328,8.604999542236328,8.604999542236328,8.604999542236328,546.0
2024-04-24 13:16:00,VOR,1.75,1.75,1.75,1.75,1.75,200.0
2024-04-24 13:16:00,VRDN,13.300000190734863,13.300000190734863,13.300000190734863,13.300000190734863,13.300000190734863,1310.0
2024-04-24 13:16:00,VRRM,24.21500015258789,24.21500015258789,24.21500015258789,24.21500015258789,24.21500015258789,105.0
2024-04-24 13:16:00,VRTX,399.5,399.5,399.5,399.5,399.5,1066.0
2024-04-24 13:16:00,VSAT,16.334999084472656,16.334999084472656,16.350000381469727,16.334999084472656,16.350000381469727,1304.0
2024-04-24 13:16:00,VTGN,4.700500011444092,4.700500011444092,4.710000038146973,4.700500011444092,4.710000038146973,1236.0
2024-04-24 13:16:00,VTNR,1.5850000381469727,1.5850000381469727,1.5850000381469727,1.5850000381469727,1.5850000381469727,835.0
2024-04-24 13:16:00,VTRS,11.425000190734863,11.425000190734863,11.430000305175781,11.414999961853027,11.414999961853027,14474.0
2024-04-24 13:16:00,VUZI,1.284999966621399,1.284999966621399,1.284999966621399,1.284999966621399,1.284999966621399,265.0
2024-04-24 13:16:00,WABC,47.56999969482422,47.56999969482422,47.56999969482422,47.56999969482422,47.56999969482422,1496.0
2024-04-24 13:16:00,WB,8.349300384521484,8.349300384521484,8.349300384521484,8.349300384521484,8.349300384521484,142.0
2024-04-24 13:16:00,WBA,17.729999542236328,17.729999542236328,17.739999771118164,17.719999313354492,17.729999542236328,26414.0
2024-04-24 13:16:00,WBD,8.329999923706055,8.329999923706055,8.350000381469727,8.329999923706055,8.345000267028809,94012.0
2024-04-24 13:16:00,WDAY,256.1600036621094,256.1600036621094,256.19000244140625,256.1600036621094,256.19000244140625,946.0
2024-04-24 13:16:00,WDC,68.91000366210938,68.91000366210938,68.93000030517578,68.87809753417969,68.91000366210938,5818.0
2024-04-24 13:16:00,WDFC,227.6199951171875,227.6199951171875,227.6199951171875,226.82000732421875,226.82000732421875,2358.0
2024-04-24 13:16:00,WEN,19.94499969482422,19.94499969482422,19.94499969482422,19.94499969482422,19.94499969482422,390.0
2024-04-24 13:16:00,WERN,35.18000030517578,35.18000030517578,35.189998626708984,35.18000030517578,35.189998626708984,844.0
2024-04-24 13:16:00,WFRD,121.90499877929688,121.90499877929688,121.90499877929688,121.90499877929688,121.90499877929688,930.0
2024-04-24 13:16:00,WHLM,6.400000095367432,6.400000095367432,6.400000095367432,6.400000095367432,6.400000095367432,1157.0
2024-04-24 13:16:00,WIMI,1.034999966621399,1.034999966621399,1.0391000509262085,1.0299999713897705,1.0299999713897705,4548.0
2024-04-24 13:16:00,WING,363.7749938964844,363.7749938964844,363.7749938964844,363.3999938964844,363.3999938964844,723.0
2024-04-24 13:16:00,WISA,5.699999809265137,5.699999809265137,5.699999809265137,5.639999866485596,5.670100212097168,15913.0
2024-04-24 13:16:00,WIX,121.94999694824219,121.94999694824219,121.98999786376953,121.94999694824219,121.98999786376953,1873.0
2024-04-24 13:16:00,WKHS,0.16369999945163727,0.16369999945163727,0.16419999301433563,0.16200000047683716,0.16200000047683716,196559.0
2024-04-24 13:16:00,WMG,32.16999816894531,32.16999816894531,32.182498931884766,32.14500045776367,32.182498931884766,3658.0
2024-04-24 13:16:00,WRAP,1.9900000095367432,1.9900000095367432,1.9900000095367432,1.9900000095367432,1.9900000095367432,4746.0
2024-04-24 13:16:00,WSBF,12.055000305175781,12.055000305175781,12.055000305175781,12.055000305175781,12.055000305175781,200.0
2024-04-24 13:16:00,WVE,5.1539998054504395,5.1539998054504395,5.15500020980835,5.1539998054504395,5.15500020980835,1429.0
2024-04-24 13:16:00,WW,1.6649999618530273,1.6649999618530273,1.6649999618530273,1.6649999618530273,1.6649999618530273,1120.0
2024-04-24 13:16:00,WYNN,96.84500122070312,96.84500122070312,96.84500122070312,96.83000183105469,96.83000183105469,1313.0
2024-04-24 13:16:00,XEL,55.54499816894531,55.54499816894531,55.54499816894531,55.54499816894531,55.54499816894531,4127.0
2024-04-24 13:16:00,XERS,1.7685999870300293,1.7685999870300293,1.769700050354004,1.7685999870300293,1.769700050354004,4315.0
2024-04-24 13:16:00,XLO,1.059999942779541,1.059999942779541,1.059999942779541,1.059999942779541,1.059999942779541,308.0
2024-04-24 13:16:00,XNCR,18.510000228881836,18.510000228881836,18.510000228881836,18.510000228881836,18.510000228881836,501.0
2024-04-24 13:16:00,XP,20.559999465942383,20.559999465942383,20.559999465942383,20.530000686645508,20.530000686645508,4788.0
2024-04-24 13:16:00,XRX,14.369999885559082,14.369999885559082,14.380000114440918,14.354999542236328,14.375,16604.0
2024-04-24 13:16:00,XXII,1.8402999639511108,1.8402999639511108,1.8408000469207764,1.840000033378601,1.8408000469207764,1660.0
2024-04-24 13:16:00,YMAB,15.104999542236328,15.104999542236328,15.104999542236328,15.104999542236328,15.104999542236328,261.0
2024-04-24 13:16:00,Z,43.35300064086914,43.35300064086914,43.36000061035156,43.310001373291016,43.33000183105469,4158.0
2024-04-24 13:16:00,ZBRA,276.2699890136719,276.2699890136719,276.2699890136719,276.1499938964844,276.2099914550781,890.0
2024-04-24 13:16:00,ZD,51.61000061035156,51.61000061035156,51.61000061035156,51.61000061035156,51.61000061035156,946.0
2024-04-24 13:16:00,ZG,42.86000061035156,42.86000061035156,42.86000061035156,42.849998474121094,42.849998474121094,802.0
2024-04-24 13:16:00,ZI,15.845000267028809,15.845000267028809,15.845000267028809,15.829999923706055,15.84000015258789,3002.0
2024-04-24 13:16:00,ZION,42.200199127197266,42.200199127197266,42.209999084472656,42.200199127197266,42.209999084472656,2144.0
2024-04-24 13:16:00,ZLAB,15.609999656677246,15.609999656677246,15.625,15.609999656677246,15.625,1395.0
2024-04-24 13:16:00,ZM,61.41999816894531,61.41999816894531,61.41999816894531,61.40999984741211,61.415000915527344,3963.0
2024-04-24 13:16:00,ZNTL,11.914999961853027,11.914999961853027,11.914999961853027,11.914999961853027,11.914999961853027,1291.0
2024-04-24 13:16:00,ZS,177.82000732421875,177.82000732421875,177.82000732421875,177.67550659179688,177.67550659179688,686.0
2024-04-24 13:16:00,ZUMZ,17.049999237060547,17.049999237060547,17.049999237060547,17.049999237060547,17.049999237060547,914.0
2024-04-24 13:16:00,ZVSA,0.6093999743461609,0.6093999743461609,0.6093999743461609,0.6093999743461609,0.6093999743461609,551.0
2024-04-24 13:16:00,ZYME,8.600000381469727,8.600000381469727,8.600000381469727,8.600000381469727,8.600000381469727,401.0
2024-04-24 13:16:00,ZYXI,11.350000381469727,11.350000381469727,11.354999542236328,11.350000381469727,11.350000381469727,3080.0
2024-04-24 13:17:00,COCO,24.0,24.0,24.0,24.0,24.0,1024.0
2024-04-24 13:17:00,DIBS,5.400000095367432,5.400000095367432,5.409999847412109,5.400000095367432,5.400000095367432,2150.0
2024-04-24 13:17:00,TWOU,0.241799995303154,0.241799995303154,0.241799995303154,0.241799995303154,0.241799995303154,1102.0
2024-04-24 13:17:00,TXG,27.420000076293945,27.420000076293945,27.420000076293945,27.420000076293945,27.420000076293945,503.0
2024-04-24 13:17:00,VERU,1.3200000524520874,1.3200000524520874,1.3200000524520874,1.3200000524520874,1.3200000524520874,216.0
2024-04-24 13:17:00,VERV,6.644999980926514,6.644999980926514,6.644999980926514,6.635000228881836,6.635000228881836,1370.0
2024-04-24 13:17:00,VERX,28.764999389648438,28.764999389648438,28.770000457763672,28.739999771118164,28.739999771118164,4161.0
2024-04-24 13:17:00,VFS,2.4909000396728516,2.4909000396728516,2.4969000816345215,2.4909000396728516,2.4969000816345215,815.0
2024-04-24 13:17:00,VIR,8.229999542236328,8.229999542236328,8.229999542236328,8.229999542236328,8.229999542236328,1717.0
2024-04-24 13:17:00,VIRT,22.2549991607666,22.2549991607666,22.2549991607666,22.2549991607666,22.2549991607666,1506.0
2024-04-24 13:17:00,VITL,26.90999984741211,26.90999984741211,26.90999984741211,26.90999984741211,26.90999984741211,328.0
2024-04-24 13:17:00,VKTX,65.125,65.125,65.125,65.125,65.125,364.0
2024-04-24 13:17:00,VOD,8.604999542236328,8.604999542236328,8.604999542236328,8.604999542236328,8.604999542236328,192.0
2024-04-24 13:17:00,VRCA,6.75,6.75,6.75,6.739999771118164,6.739999771118164,500.0
2024-04-24 13:17:00,VRNA,15.550000190734863,15.550000190734863,15.5600004196167,15.550000190734863,15.5600004196167,843.0
2024-04-24 13:17:00,VRRM,24.225000381469727,24.225000381469727,24.225000381469727,24.225000381469727,24.225000381469727,306.0
2024-04-24 13:17:00,VSAT,16.34000015258789,16.34000015258789,16.350000381469727,16.34000015258789,16.350000381469727,941.0
2024-04-24 13:17:00,VTNR,1.5850000381469727,1.5850000381469727,1.5850000381469727,1.5850000381469727,1.5850000381469727,101.0
2024-04-24 13:17:00,VTRS,11.420000076293945,11.420000076293945,11.430000305175781,11.420000076293945,11.430000305175781,26553.0
2024-04-24 13:17:00,VUZI,1.2899999618530273,1.2899999618530273,1.2899999618530273,1.284999966621399,1.2899999618530273,2278.0
2024-04-24 13:17:00,WB,8.354999542236328,8.354999542236328,8.354999542236328,8.350000381469727,8.350000381469727,2061.0
2024-04-24 13:17:00,WBA,17.735000610351562,17.735000610351562,17.735000610351562,17.729999542236328,17.735000610351562,6739.0
2024-04-24 13:17:00,WBD,8.34000015258789,8.34000015258789,8.350000381469727,8.335000038146973,8.335000038146973,61495.0
2024-04-24 13:17:00,WDAY,256.1416931152344,256.1416931152344,256.1416931152344,256.1416931152344,256.1416931152344,639.0
2024-04-24 13:17:00,WDC,68.91000366210938,68.91000366210938,68.91000366210938,68.91000366210938,68.91000366210938,1826.0
2024-04-24 13:17:00,WEN,19.94499969482422,19.94499969482422,19.950000762939453,19.94499969482422,19.94499969482422,3949.0
2024-04-24 13:17:00,WIMI,1.0398999452590942,1.0398999452590942,1.0398999452590942,1.0299999713897705,1.0392999649047852,1790.0
2024-04-24 13:17:00,WISA,5.650000095367432,5.650000095367432,5.704999923706055,5.650000095367432,5.704999923706055,18327.0
2024-04-24 13:17:00,WKHS,0.16279999911785126,0.16279999911785126,0.16279999911785126,0.16200000047683716,0.16200000047683716,14026.0
2024-04-24 13:17:00,WMG,32.209999084472656,32.209999084472656,32.209999084472656,32.16999816894531,32.16999816894531,3046.0
2024-04-24 13:17:00,WSBF,12.09000015258789,12.09000015258789,12.09000015258789,12.09000015258789,12.09000015258789,838.0
2024-04-24 13:17:00,WSC,37.72999954223633,37.72999954223633,37.72999954223633,37.72999954223633,37.72999954223633,204.0
2024-04-24 13:17:00,WSFS,44.529998779296875,44.529998779296875,44.529998779296875,44.529998779296875,44.529998779296875,860.0
2024-04-24 13:17:00,WTFC,99.9000015258789,99.9000015258789,99.94999694824219,99.9000015258789,99.94999694824219,754.0
2024-04-24 13:17:00,WW,1.6649999618530273,1.6649999618530273,1.6649999618530273,1.659999966621399,1.659999966621399,7399.0
2024-04-24 13:17:00,WYNN,96.8550033569336,96.8550033569336,96.86000061035156,96.8550033569336,96.86000061035156,561.0
2024-04-24 13:17:00,XEL,55.55500030517578,55.55500030517578,55.55500030517578,55.540000915527344,55.54999923706055,6671.0
2024-04-24 13:17:00,XFOR,1.2591999769210815,1.2591999769210815,1.2599999904632568,1.2515000104904175,1.2599999904632568,9250.0
2024-04-24 13:17:00,XMTR,16.950000762939453,16.950000762939453,16.950000762939453,16.93000030517578,16.93000030517578,2415.0
2024-04-24 13:17:00,XP,20.56999969482422,20.56999969482422,20.56999969482422,20.559999465942383,20.559999465942383,2580.0
2024-04-24 13:17:00,XRTX,2.9286999702453613,2.9286999702453613,2.950000047683716,2.9286999702453613,2.950000047683716,884.0
2024-04-24 13:17:00,XRX,14.364999771118164,14.364999771118164,14.364999771118164,14.364999771118164,14.364999771118164,173.0
2024-04-24 13:17:00,YS,0.8180000185966492,0.8180000185966492,0.8180000185966492,0.8180000185966492,0.8180000185966492,328.0
2024-04-24 13:17:00,Z,43.41999816894531,43.41999816894531,43.41999816894531,43.38999938964844,43.38999938964844,1356.0
2024-04-24 13:17:00,ZBRA,276.260009765625,276.260009765625,276.260009765625,276.260009765625,276.260009765625,425.0
2024-04-24 13:17:00,ZG,42.900001525878906,42.900001525878906,42.900001525878906,42.88999938964844,42.88999938964844,493.0
2024-04-24 13:17:00,ZI,15.845000267028809,15.845000267028809,15.845000267028809,15.835000038146973,15.84000015258789,13921.0
2024-04-24 13:17:00,ZION,42.255001068115234,42.255001068115234,42.255001068115234,42.209999084472656,42.209999084472656,20019.0
2024-04-24 13:17:00,ZS,177.8300018310547,177.8300018310547,177.8300018310547,177.8000030517578,177.8249969482422,1342.0
2024-04-24 13:17:00,ZUMZ,17.079999923706055,17.079999923706055,17.079999923706055,17.05500030517578,17.05500030517578,2202.0
2024-04-24 13:17:00,ZYXI,11.359999656677246,11.359999656677246,11.359999656677246,11.359999656677246,11.359999656677246,1376.0
2024-04-24 13:18:00,DIBS,5.400000095367432,5.400000095367432,5.400000095367432,5.400000095367432,5.400000095367432,545.0
2024-04-24 13:18:00,DSP,8.550000190734863,8.550000190734863,8.550000190734863,8.550000190734863,8.550000190734863,315.0
2024-04-24 13:18:00,ETNB,8.579999923706055,8.579999923706055,8.579999923706055,8.579999923706055,8.579999923706055,200.0
2024-04-24 13:18:00,MAPS,1.090000033378601,1.090000033378601,1.090000033378601,1.090000033378601,1.090000033378601,194.0
2024-04-24 13:18:00,MASS,5.670000076293945,5.670000076293945,5.670000076293945,5.659999847412109,5.659999847412109,1283.0
2024-04-24 13:18:00,ME,0.47110000252723694,0.47110000252723694,0.47110000252723694,0.47110000252723694,0.47110000252723694,5219.0
2024-04-24 13:18:00,SEAT,5.894999980926514,5.894999980926514,5.90500020980835,5.894999980926514,5.894999980926514,19240.0
2024-04-24 13:18:00,TWOU,0.24400000274181366,0.24400000274181366,0.24400000274181366,0.2418999969959259,0.2418999969959259,30218.0
2024-04-24 13:18:00,TXG,27.459999084472656,27.459999084472656,27.459999084472656,27.440000534057617,27.440000534057617,2425.0
2024-04-24 13:18:00,VC,110.68000030517578,110.68000030517578,110.68000030517578,110.68000030517578,110.68000030517578,719.0
2024-04-24 13:18:00,VERU,1.3200000524520874,1.3200000524520874,1.3250000476837158,1.3200000524520874,1.3200000524520874,1700.0
2024-04-24 13:18:00,VERV,6.639999866485596,6.639999866485596,6.644999980926514,6.639999866485596,6.644999980926514,420.0
2024-04-24 13:18:00,VERX,28.795000076293945,28.795000076293945,28.809999465942383,28.764999389648438,28.764999389648438,2866.0
2024-04-24 13:18:00,VICR,32.09000015258789,32.09000015258789,32.09000015258789,32.09000015258789,32.09000015258789,218.0
2024-04-24 13:18:00,VINC,0.9199000000953674,0.9199000000953674,0.9199000000953674,0.910099983215332,0.910099983215332,2854.0
2024-04-24 13:18:00,VINP,10.350000381469727,10.350000381469727,10.350000381469727,10.350000381469727,10.350000381469727,544.0
2024-04-24 13:18:00,VIRT,22.21419906616211,22.21419906616211,22.260000228881836,22.21419906616211,22.260000228881836,4669.0
2024-04-24 13:18:00,VKTX,65.14769744873047,65.14769744873047,65.14769744873047,65.12000274658203,65.12000274658203,402.0
2024-04-24 13:18:00,VMEO,3.5350000858306885,3.5350000858306885,3.5399999618530273,3.5350000858306885,3.5399999618530273,2863.0
2024-04-24 13:18:00,VNOM,39.689998626708984,39.689998626708984,39.69309997558594,39.689998626708984,39.689998626708984,1500.0
2024-04-24 13:18:00,VOD,8.604999542236328,8.604999542236328,8.609999656677246,8.60200023651123,8.604999542236328,2931.0
2024-04-24 13:18:00,VRCA,6.739999771118164,6.739999771118164,6.739999771118164,6.739999771118164,6.739999771118164,352.0
2024-04-24 13:18:00,VRRM,24.219999313354492,24.219999313354492,24.225000381469727,24.219999313354492,24.225000381469727,2321.0
2024-04-24 13:18:00,VRTX,399.7300109863281,399.7300109863281,399.7300109863281,399.6400146484375,399.6400146484375,2928.0
2024-04-24 13:18:00,VSAT,16.350000381469727,16.350000381469727,16.350000381469727,16.350000381469727,16.350000381469727,620.0
2024-04-24 13:18:00,VTNR,1.5850000381469727,1.5850000381469727,1.5850000381469727,1.5850000381469727,1.5850000381469727,2000.0
2024-04-24 13:18:00,VTRS,11.420000076293945,11.420000076293945,11.420000076293945,11.420000076293945,11.420000076293945,17827.0
2024-04-24 13:18:00,VTSI,12.300000190734863,12.300000190734863,12.300000190734863,12.300000190734863,12.300000190734863,212.0
2024-04-24 13:18:00,VUZI,1.2990000247955322,1.2990000247955322,1.2990000247955322,1.2990000247955322,1.2990000247955322,400.0
2024-04-24 13:18:00,WAFD,28.139999389648438,28.139999389648438,28.139999389648438,28.139999389648438,28.139999389648438,938.0
2024-04-24 13:18:00,WB,8.364999771118164,8.364999771118164,8.375,8.350000381469727,8.350000381469727,10076.0
2024-04-24 13:18:00,WBA,17.739999771118164,17.739999771118164,17.739999771118164,17.729999542236328,17.735000610351562,6988.0
2024-04-24 13:18:00,WBD,8.345000267028809,8.345000267028809,8.350000381469727,8.343099594116211,8.343099594116211,1861.0
2024-04-24 13:18:00,WDAY,256.2449951171875,256.2449951171875,256.2449951171875,256.2449951171875,256.2449951171875,826.0
2024-04-24 13:18:00,WDC,68.95999908447266,68.95999908447266,68.95999908447266,68.91000366210938,68.91000366210938,4912.0
2024-04-24 13:18:00,WEN,19.94499969482422,19.94499969482422,19.950000762939453,19.94499969482422,19.94499969482422,6146.0
2024-04-24 13:18:00,WERN,35.21500015258789,35.21500015258789,35.220001220703125,35.20000076293945,35.20000076293945,3299.0
2024-04-24 13:18:00,WFRD,121.91000366210938,121.91000366210938,122.06999969482422,121.91000366210938,122.01000213623047,2428.0
2024-04-24 13:18:00,WHF,12.880000114440918,12.880000114440918,12.880000114440918,12.880000114440918,12.880000114440918,3513.0
2024-04-24 13:18:00,WIMI,1.034999966621399,1.034999966621399,1.034999966621399,1.0299999713897705,1.031499981880188,3527.0
2024-04-24 13:18:00,WING,363.92999267578125,363.92999267578125,363.92999267578125,363.7300109863281,363.7300109863281,704.0
2024-04-24 13:18:00,WISA,5.653299808502197,5.653299808502197,5.658199787139893,5.653299808502197,5.658199787139893,1232.0
2024-04-24 13:18:00,WIX,122.13999938964844,122.13999938964844,122.13999938964844,122.01499938964844,122.01499938964844,806.0
2024-04-24 13:18:00,WKHS,0.16359999775886536,0.16359999775886536,0.16359999775886536,0.16359999775886536,0.16359999775886536,2201.0
2024-04-24 13:18:00,WMG,32.189998626708984,32.189998626708984,32.220001220703125,32.189998626708984,32.220001220703125,3223.0
2024-04-24 13:18:00,WSC,37.72999954223633,37.72999954223633,37.72999954223633,37.720001220703125,37.720001220703125,2839.0
2024-04-24 13:18:00,WTW,264.18499755859375,264.18499755859375,264.18499755859375,264.0899963378906,264.0899963378906,1560.0
2024-04-24 13:18:00,WW,1.659999966621399,1.659999966621399,1.659999966621399,1.659999966621399,1.659999966621399,1654.0
2024-04-24 13:18:00,WYNN,96.86000061035156,96.86000061035156,96.87999725341797,96.85749816894531,96.85749816894531,1406.0
2024-04-24 13:18:00,XEL,55.55500030517578,55.55500030517578,55.55500030517578,55.54999923706055,55.54999923706055,1835.0
2024-04-24 13:18:00,XERS,1.7649999856948853,1.7649999856948853,1.7699999809265137,1.76010000705719,1.7699999809265137,76.0
2024-04-24 13:18:00,XNCR,18.489999771118164,18.489999771118164,18.489999771118164,18.489999771118164,18.489999771118164,151.0
2024-04-24 13:18:00,XP,20.59000015258789,20.59000015258789,20.592500686645508,20.56999969482422,20.56999969482422,17652.0
2024-04-24 13:18:00,XRX,14.364999771118164,14.364999771118164,14.365699768066406,14.364999771118164,14.365699768066406,1756.0
2024-04-24 13:18:00,XXII,1.8600000143051147,1.8600000143051147,1.8672000169754028,1.8600000143051147,1.8660000562667847,1016.0
2024-04-24 13:18:00,YMAB,15.100000381469727,15.100000381469727,15.100000381469727,15.100000381469727,15.100000381469727,1688.0
2024-04-24 13:18:00,YTRA,1.309999942779541,1.309999942779541,1.309999942779541,1.309999942779541,1.309999942779541,0.0
2024-04-24 13:18:00,Z,43.435001373291016,43.435001373291016,43.45000076293945,43.41999816894531,43.42499923706055,6896.0
2024-04-24 13:18:00,ZBRA,276.739990234375,276.739990234375,276.739990234375,276.2799987792969,276.2799987792969,2536.0
2024-04-24 13:18:00,ZD,51.63999938964844,51.63999938964844,51.63999938964844,51.63999938964844,51.63999938964844,565.0
2024-04-24 13:18:00,ZG,42.93000030517578,42.93000030517578,42.959999084472656,42.93000030517578,42.93000030517578,1781.0
2024-04-24 13:18:00,ZI,15.824999809265137,15.824999809265137,15.850000381469727,15.824999809265137,15.845000267028809,13563.0
2024-04-24 13:18:00,ZIMV,15.782500267028809,15.782500267028809,15.782500267028809,15.782500267028809,15.782500267028809,561.0
2024-04-24 13:18:00,ZION,42.2599983215332,42.2599983215332,42.2599983215332,42.25,42.25,1493.0
2024-04-24 13:18:00,ZM,61.5,61.5,61.5,61.439998626708984,61.439998626708984,2606.0
2024-04-24 13:18:00,ZS,178.0800018310547,178.0800018310547,178.0800018310547,177.8350067138672,177.8350067138672,2608.0
2024-04-24 13:18:00,ZUMZ,17.09000015258789,17.09000015258789,17.09000015258789,17.09000015258789,17.09000015258789,205.0
2024-04-24 13:18:00,ZVSA,0.6000000238418579,0.6000000238418579,0.6000000238418579,0.6000000238418579,0.6000000238418579,2058.0
2024-04-24 13:19:00,COCO,24.0,24.0,24.0,24.0,24.0,639.0
2024-04-24 13:19:00,EGHT,2.359999895095825,2.359999895095825,2.359999895095825,2.359999895095825,2.359999895095825,926.0
2024-04-24 13:19:00,FREE,4.820000171661377,4.820000171661377,4.820000171661377,4.820000171661377,4.820000171661377,351.0
2024-04-24 13:19:00,MASS,5.684999942779541,5.684999942779541,5.684999942779541,5.684999942779541,5.684999942779541,101.0
2024-04-24 13:19:00,ME,0.4706999957561493,0.4706999957561493,0.4706999957561493,0.4706999957561493,0.4706999957561493,200.0
2024-04-24 13:19:00,SEAT,5.900000095367432,5.900000095367432,5.900000095367432,5.894999980926514,5.894999980926514,1081.0
2024-04-24 13:19:00,TSVT,4.324999809265137,4.324999809265137,4.324999809265137,4.324999809265137,4.324999809265137,152.0
2024-04-24 13:19:00,TWOU,0.2451999932527542,0.2451999932527542,0.24639999866485596,0.2451999932527542,0.24639999866485596,5722.0
2024-04-24 13:19:00,TXG,27.469999313354492,27.469999313354492,27.469999313354492,27.459999084472656,27.459999084472656,1437.0
2024-04-24 13:19:00,VERU,1.3200000524520874,1.3200000524520874,1.3299000263214111,1.3200000524520874,1.3299000263214111,705.0
2024-04-24 13:19:00,VERV,6.635000228881836,6.635000228881836,6.639999866485596,6.635000228881836,6.639999866485596,1363.0
2024-04-24 13:19:00,VERX,28.959999084472656,28.959999084472656,28.959999084472656,28.809999465942383,28.809999465942383,5959.0
2024-04-24 13:19:00,VIAV,7.994999885559082,7.994999885559082,7.994999885559082,7.994999885559082,7.994999885559082,356.0
2024-04-24 13:19:00,VICR,32.11000061035156,32.11000061035156,32.11000061035156,32.11000061035156,32.11000061035156,193.0
2024-04-24 13:19:00,VIRC,10.6899995803833,10.6899995803833,10.6899995803833,10.670000076293945,10.6899995803833,1187.0
2024-04-24 13:19:00,VIRT,22.219999313354492,22.219999313354492,22.219999313354492,22.219999313354492,22.219999313354492,946.0
2024-04-24 13:19:00,VITL,27.0049991607666,27.0049991607666,27.0049991607666,26.899999618530273,26.915000915527344,7293.0
2024-04-24 13:19:00,VKTX,65.06999969482422,65.06999969482422,65.11499786376953,65.06999969482422,65.08000183105469,1343.0
2024-04-24 13:19:00,VMEO,3.5350000858306885,3.5350000858306885,3.5350000858306885,3.5350000858306885,3.5350000858306885,291.0
2024-04-24 13:19:00,VNOM,39.685001373291016,39.685001373291016,39.70000076293945,39.68000030517578,39.68000030517578,3015.0
2024-04-24 13:19:00,VOD,8.608200073242188,8.608200073242188,8.609999656677246,8.608200073242188,8.609999656677246,2185.0
2024-04-24 13:19:00,VOR,1.7510000467300415,1.7510000467300415,1.7549999952316284,1.7510000467300415,1.7549999952316284,1523.0
2024-04-24 13:19:00,VRCA,6.75,6.75,6.75,6.75,6.75,369.0
2024-04-24 13:19:00,VRDN,13.270000457763672,13.270000457763672,13.270000457763672,13.270000457763672,13.270000457763672,422.0
2024-04-24 13:19:00,VRNA,15.550000190734863,15.550000190734863,15.569999694824219,15.53499984741211,15.53499984741211,1588.0
2024-04-24 13:19:00,VRRM,24.209999084472656,24.209999084472656,24.209999084472656,24.209999084472656,24.209999084472656,820.0
2024-04-24 13:19:00,VRTS,233.09500122070312,233.09500122070312,233.09500122070312,233.09500122070312,233.09500122070312,648.0
2024-04-24 13:19:00,VTNR,1.5850000381469727,1.5850000381469727,1.5850000381469727,1.5800000429153442,1.5800000429153442,3914.0
2024-04-24 13:19:00,VTRS,11.414999961853027,11.414999961853027,11.414999961853027,11.40999984741211,11.410099983215332,13855.0
2024-04-24 13:19:00,VUZI,1.2999999523162842,1.2999999523162842,1.2999999523162842,1.2899999618530273,1.2899999618530273,493.0
2024-04-24 13:19:00,VYGR,7.550000190734863,7.550000190734863,7.554999828338623,7.550000190734863,7.554999828338623,289.0
2024-04-24 13:19:00,WASH,26.200000762939453,26.200000762939453,26.200000762939453,26.200000762939453,26.200000762939453,104.0
2024-04-24 13:19:00,WB,8.359999656677246,8.359999656677246,8.364999771118164,8.359999656677246,8.364999771118164,1791.0
2024-04-24 13:19:00,WBA,17.729999542236328,17.729999542236328,17.739999771118164,17.729999542236328,17.735000610351562,11309.0
2024-04-24 13:19:00,WBD,8.34000015258789,8.34000015258789,8.350000381469727,8.34000015258789,8.34119987487793,38319.0
2024-04-24 13:19:00,WDAY,256.364990234375,256.364990234375,256.364990234375,256.364990234375,256.364990234375,304.0
2024-04-24 13:19:00,WDC,69.0199966430664,69.0199966430664,69.0199966430664,68.91999816894531,68.94000244140625,13202.0
2024-04-24 13:19:00,WEN,19.94499969482422,19.94499969482422,19.950000762939453,19.94499969482422,19.94499969482422,2046.0
2024-04-24 13:19:00,WEST,9.952199935913086,9.952199935913086,9.952199935913086,9.952199935913086,9.952199935913086,1674.0
2024-04-24 13:19:00,WIMI,1.034999966621399,1.034999966621399,1.0399999618530273,1.0300999879837036,1.0397000312805176,9814.0
2024-04-24 13:19:00,WING,363.8399963378906,363.8399963378906,363.8399963378906,363.8399963378906,363.8399963378906,330.0
2024-04-24 13:19:00,WISA,5.699999809265137,5.699999809265137,5.749199867248535,5.699999809265137,5.699999809265137,10209.0
2024-04-24 13:19:00,WIX,122.25,122.25,122.25,122.25,122.25,107.0
2024-04-24 13:19:00,WKHS,0.16329999268054962,0.16329999268054962,0.16359999775886536,0.1624000072479248,0.16290000081062317,24222.0
2024-04-24 13:19:00,WMG,32.18000030517578,32.18000030517578,32.189998626708984,32.18000030517578,32.185001373291016,1462.0
2024-04-24 13:19:00,WSBC,28.290000915527344,28.290000915527344,28.290000915527344,28.290000915527344,28.290000915527344,241.0
2024-04-24 13:19:00,WSC,37.72999954223633,37.72999954223633,37.72999954223633,37.709999084472656,37.72999954223633,3368.0
2024-04-24 13:19:00,WTBA,16.625,16.625,16.625,16.625,16.625,243.0
2024-04-24 13:19:00,WTW,264.18499755859375,264.18499755859375,264.18499755859375,264.18499755859375,264.18499755859375,438.0
2024-04-24 13:19:00,WW,1.6699999570846558,1.6699999570846558,1.6699999570846558,1.6649999618530273,1.6649999618530273,1322.0
2024-04-24 13:19:00,WYNN,96.83989715576172,96.83989715576172,96.86499786376953,96.80000305175781,96.86499786376953,3754.0
2024-04-24 13:19:00,XEL,55.52009963989258,55.52009963989258,55.54999923706055,55.52009963989258,55.54999923706055,6770.0
2024-04-24 13:19:00,XFOR,1.2599999904632568,1.2599999904632568,1.2599999904632568,1.2599999904632568,1.2599999904632568,426.0
2024-04-24 13:19:00,XNCR,18.5,18.5,18.5,18.5,18.5,1329.0
2024-04-24 13:19:00,XP,20.575000762939453,20.575000762939453,20.604999542236328,20.575000762939453,20.59000015258789,13741.0
2024-04-24 13:19:00,XPEL,54.53499984741211,54.53499984741211,54.61000061035156,54.45000076293945,54.45000076293945,2473.0
2024-04-24 13:19:00,XRX,14.388999938964844,14.388999938964844,14.388999938964844,14.354999542236328,14.359999656677246,23756.0
2024-04-24 13:19:00,XXII,1.875100016593933,1.875100016593933,1.878999948501587,1.8700000047683716,1.8700000047683716,1403.0
2024-04-24 13:19:00,Z,43.439998626708984,43.439998626708984,43.45000076293945,43.439998626708984,43.45000076293945,965.0
2024-04-24 13:19:00,ZG,42.939998626708984,42.939998626708984,42.939998626708984,42.939998626708984,42.939998626708984,2394.0
2024-04-24 13:19:00,ZI,15.835000038146973,15.835000038146973,15.835000038146973,15.824999809265137,15.824999809265137,1359.0
2024-04-24 13:19:00,ZION,42.26499938964844,42.26499938964844,42.26499938964844,42.2599983215332,42.2599983215332,563.0
2024-04-24 13:19:00,ZM,61.47140121459961,61.47140121459961,61.4900016784668,61.47140121459961,61.4900016784668,3207.0
2024-04-24 13:19:00,ZNTL,11.885000228881836,11.885000228881836,11.920000076293945,11.885000228881836,11.920000076293945,905.0
2024-04-24 13:19:00,ZS,178.02999877929688,178.02999877929688,178.13999938964844,177.9600067138672,178.13999938964844,3725.0
2024-04-24 13:19:00,ZUMZ,17.1200008392334,17.1200008392334,17.1200008392334,17.09000015258789,17.09000015258789,1080.0
2024-04-24 13:19:00,ZYME,8.595000267028809,8.595000267028809,8.595000267028809,8.595000267028809,8.595000267028809,458.0
2024-04-24 13:20:00,ETNB,8.5600004196167,8.5600004196167,8.569999694824219,8.5600004196167,8.569999694824219,1146.0
2024-04-24 13:20:00,FLWS,9.15999984741211,9.15999984741211,9.15999984741211,9.15999984741211,9.15999984741211,991.0
2024-04-24 13:20:00,FREE,4.820000171661377,4.820000171661377,4.820000171661377,4.820000171661377,4.820000171661377,346.0
2024-04-24 13:20:00,MAPS,1.0800000429153442,1.0800000429153442,1.0800000429153442,1.0700000524520874,1.0700000524520874,300.0
2024-04-24 13:20:00,ME,0.47110000252723694,0.47110000252723694,0.47110000252723694,0.47110000252723694,0.47110000252723694,3705.0
2024-04-24 13:20:00,SEAT,5.894999980926514,5.894999980926514,5.900000095367432,5.894999980926514,5.900000095367432,5539.0
2024-04-24 13:20:00,TWOU,0.24310000240802765,0.24310000240802765,0.24310000240802765,0.24310000240802765,0.24310000240802765,680.0
2024-04-24 13:20:00,TXG,27.44499969482422,27.44499969482422,27.469999313354492,27.440000534057617,27.469999313354492,3783.0
2024-04-24 13:20:00,VANI,1.7300000190734863,1.7300000190734863,1.7300000190734863,1.7300000190734863,1.7300000190734863,4973.0
2024-04-24 13:20:00,VCTR,49.560001373291016,49.560001373291016,49.560001373291016,49.560001373291016,49.560001373291016,844.0
2024-04-24 13:20:00,VERU,1.3200000524520874,1.3200000524520874,1.3250000476837158,1.3200000524520874,1.3200000524520874,2931.0
2024-04-24 13:20:00,VERX,28.799999237060547,28.799999237060547,28.969999313354492,28.799999237060547,28.969999313354492,13511.0
2024-04-24 13:20:00,VFS,2.490000009536743,2.490000009536743,2.490000009536743,2.490000009536743,2.490000009536743,670.0
2024-04-24 13:20:00,VIAV,7.994999885559082,7.994999885559082,7.994999885559082,7.994999885559082,7.994999885559082,162.0
2024-04-24 13:20:00,VIR,8.220000267028809,8.220000267028809,8.220000267028809,8.220000267028809,8.220000267028809,494.0
2024-04-24 13:20:00,VIRC,10.663299560546875,10.663299560546875,10.663299560546875,10.663299560546875,10.663299560546875,120.0
2024-04-24 13:20:00,VIRT,22.209999084472656,22.209999084472656,22.209999084472656,22.209999084472656,22.209999084472656,356.0
2024-04-24 13:20:00,VITL,26.920000076293945,26.920000076293945,26.950000762939453,26.920000076293945,26.950000762939453,1244.0
2024-04-24 13:20:00,VKTX,65.16000366210938,65.16000366210938,65.16000366210938,65.11000061035156,65.11000061035156,3732.0
2024-04-24 13:20:00,VMEO,3.5350000858306885,3.5350000858306885,3.5350000858306885,3.5350000858306885,3.5350000858306885,464.0
2024-04-24 13:20:00,VNOM,39.685001373291016,39.685001373291016,39.685001373291016,39.685001373291016,39.685001373291016,526.0
2024-04-24 13:20:00,VOD,8.604999542236328,8.604999542236328,8.604999542236328,8.604999542236328,8.604999542236328,142.0
2024-04-24 13:20:00,VRCA,6.75,6.75,6.75,6.75,6.75,41.0
2024-04-24 13:20:00,VRNA,15.574999809265137,15.574999809265137,15.574999809265137,15.574999809265137,15.574999809265137,300.0
2024-04-24 13:20:00,VRRM,24.209999084472656,24.209999084472656,24.209999084472656,24.204999923706055,24.209999084472656,561.0
2024-04-24 13:20:00,VRTX,399.7799987792969,399.7799987792969,399.7799987792969,399.7799987792969,399.7799987792969,272.0
2024-04-24 13:20:00,VSAT,16.350000381469727,16.350000381469727,16.350000381469727,16.350000381469727,16.350000381469727,510.0
2024-04-24 13:20:00,VTNR,1.5850000381469727,1.5850000381469727,1.5850000381469727,1.5850000381469727,1.5850000381469727,910.0
2024-04-24 13:20:00,VTRS,11.395000457763672,11.395000457763672,11.414999961853027,11.395000457763672,11.414999961853027,41002.0
2024-04-24 13:20:00,VUZI,1.2949999570846558,1.2949999570846558,1.2949999570846558,1.2949999570846558,1.2949999570846558,901.0
2024-04-24 13:20:00,WB,8.369999885559082,8.369999885559082,8.369999885559082,8.354999542236328,8.354999542236328,7382.0
2024-04-24 13:20:00,WBA,17.719999313354492,17.719999313354492,17.735000610351562,17.709999084472656,17.735000610351562,14000.0
2024-04-24 13:20:00,WBD,8.331199645996094,8.331199645996094,8.346799850463867,8.331199645996094,8.340200424194336,45408.0
2024-04-24 13:20:00,WDAY,256.2799987792969,256.2799987792969,256.3349914550781,256.2799987792969,256.2900085449219,2103.0
2024-04-24 13:20:00,WDC,68.94000244140625,68.94000244140625,69.01499938964844,68.94000244140625,69.01499938964844,16312.0
2024-04-24 13:20:00,WEN,19.94499969482422,19.94499969482422,19.94499969482422,19.940000534057617,19.94499969482422,1256.0
2024-04-24 13:20:00,WERN,35.22019958496094,35.22019958496094,35.239601135253906,35.22019958496094,35.239601135253906,694.0
2024-04-24 13:20:00,WFRD,121.94499969482422,121.94499969482422,121.94499969482422,121.94499969482422,121.94499969482422,145.0
2024-04-24 13:20:00,WIMI,1.0300999879837036,1.0300999879837036,1.0399999618530273,1.0299999713897705,1.0305999517440796,3982.0
2024-04-24 13:20:00,WING,363.04010009765625,363.04010009765625,363.04010009765625,363.04010009765625,363.04010009765625,579.0
2024-04-24 13:20:00,WISA,5.705399990081787,5.705399990081787,5.730000019073486,5.704999923706055,5.730000019073486,3135.0
2024-04-24 13:20:00,WIX,122.08999633789062,122.08999633789062,122.08999633789062,122.08999633789062,122.08999633789062,906.0
2024-04-24 13:20:00,WKHS,0.16339999437332153,0.16339999437332153,0.16339999437332153,0.16300000250339508,0.16300000250339508,51330.0
2024-04-24 13:20:00,WMG,32.18000030517578,32.18000030517578,32.189998626708984,32.18000030517578,32.189998626708984,917.0
2024-04-24 13:20:00,WRAP,1.9800000190734863,1.9800000190734863,1.9900000095367432,1.9800000190734863,1.9900000095367432,2733.0
2024-04-24 13:20:00,WSBC,28.25,28.25,28.260000228881836,28.25,28.25,658.0
2024-04-24 13:20:00,WSC,37.709999084472656,37.709999084472656,37.72999954223633,37.70500183105469,37.72999954223633,8090.0
2024-04-24 13:20:00,WSFS,44.52000045776367,44.52000045776367,44.52000045776367,44.52000045776367,44.52000045776367,442.0
2024-04-24 13:20:00,WTFC,99.80999755859375,99.80999755859375,99.80999755859375,99.80999755859375,99.80999755859375,635.0
2024-04-24 13:20:00,WTW,263.8800048828125,263.8800048828125,264.05999755859375,263.8800048828125,264.05999755859375,2828.0
2024-04-24 13:20:00,WVE,5.15500020980835,5.15500020980835,5.15500020980835,5.15500020980835,5.15500020980835,1205.0
2024-04-24 13:20:00,WW,1.659999966621399,1.659999966621399,1.6649999618530273,1.659999966621399,1.6649999618530273,724.0
2024-04-24 13:20:00,XEL,55.51499938964844,55.51499938964844,55.525001525878906,55.51499938964844,55.52000045776367,6071.0
2024-04-24 13:20:00,XERS,1.7649999856948853,1.7649999856948853,1.7699999809265137,1.7649999856948853,1.7699999809265137,500.0
2024-04-24 13:20:00,XFOR,1.2599999904632568,1.2599999904632568,1.2599999904632568,1.2599999904632568,1.2599999904632568,1736.0
2024-04-24 13:20:00,XLO,1.059999942779541,1.059999942779541,1.059999942779541,1.059999942779541,1.059999942779541,200.0
2024-04-24 13:20:00,XNCR,18.520000457763672,18.520000457763672,18.520000457763672,18.520000457763672,18.520000457763672,422.0
2024-04-24 13:20:00,XP,20.56999969482422,20.56999969482422,20.575000762939453,20.565000534057617,20.575000762939453,5203.0
2024-04-24 13:20:00,XPEL,54.474998474121094,54.474998474121094,54.474998474121094,54.474998474121094,54.474998474121094,200.0
2024-04-24 13:20:00,XRTX,2.9017999172210693,2.9017999172210693,2.9017999172210693,2.9017999172210693,2.9017999172210693,0.0
2024-04-24 13:20:00,XRX,14.395000457763672,14.395000457763672,14.395000457763672,14.385000228881836,14.385000228881836,1976.0
2024-04-24 13:20:00,XXII,1.8700000047683716,1.8700000047683716,1.8799999952316284,1.8650000095367432,1.8798999786376953,16947.0
2024-04-24 13:20:00,Z,43.43000030517578,43.43000030517578,43.43000030517578,43.43000030517578,43.43000030517578,762.0
2024-04-24 13:20:00,ZD,51.619998931884766,51.619998931884766,51.630001068115234,51.619998931884766,51.630001068115234,638.0
2024-04-24 13:20:00,ZI,15.829999923706055,15.829999923706055,15.835000038146973,15.829999923706055,15.831199645996094,2396.0
2024-04-24 13:20:00,ZION,42.20000076293945,42.20000076293945,42.25,42.20000076293945,42.25,12395.0
2024-04-24 13:20:00,ZM,61.470001220703125,61.470001220703125,61.4900016784668,61.459999084472656,61.474998474121094,4209.0
2024-04-24 13:20:00,ZS,178.10989379882812,178.10989379882812,178.10989379882812,178.10989379882812,178.10989379882812,471.0
2024-04-24 13:20:00,ZUMZ,17.1299991607666,17.1299991607666,17.1299991607666,17.1299991607666,17.1299991607666,334.0
2024-04-24 13:20:00,ZURA,3.2799999713897705,3.2799999713897705,3.2799999713897705,3.2799999713897705,3.2799999713897705,514.0
2024-04-24 13:20:00,ZVSA,0.6093000173568726,0.6093000173568726,0.6093000173568726,0.6093000173568726,0.6093000173568726,342.0
2024-04-24 13:20:00,ZYME,8.595000267028809,8.595000267028809,8.595000267028809,8.595000267028809,8.595000267028809,91.0
2024-04-24 13:21:00,DIBS,5.397299766540527,5.397299766540527,5.397299766540527,5.397299766540527,5.397299766540527,200.0
2024-04-24 13:21:00,DSP,8.529999732971191,8.529999732971191,8.529999732971191,8.529999732971191,8.529999732971191,103.0
2024-04-24 13:21:00,ETNB,8.5600004196167,8.5600004196167,8.5600004196167,8.5600004196167,8.5600004196167,695.0
2024-04-24 13:21:00,FDMT,24.68000030517578,24.68000030517578,24.700000762939453,24.68000030517578,24.700000762939453,1947.0
2024-04-24 13:21:00,HOWL,6.429999828338623,6.429999828338623,6.465000152587891,6.429999828338623,6.429999828338623,2687.0
2024-04-24 13:21:00,MAPS,1.090000033378601,1.090000033378601,1.090000033378601,1.090000033378601,1.090000033378601,300.0
2024-04-24 13:21:00,MASS,5.699999809265137,5.699999809265137,5.699999809265137,5.699999809265137,5.699999809265137,153.0
2024-04-24 13:21:00,ME,0.47189998626708984,0.47189998626708984,0.47189998626708984,0.4706999957561493,0.47110000252723694,780.0
2024-04-24 13:21:00,SEAT,5.900000095367432,5.900000095367432,5.900000095367432,5.900000095367432,5.900000095367432,415.0
2024-04-24 13:21:00,TWOU,0.24289999902248383,0.24289999902248383,0.24369999766349792,0.24230000376701355,0.24230000376701355,2993.0
2024-04-24 13:21:00,TXG,27.440000534057617,27.440000534057617,27.440000534057617,27.440000534057617,27.440000534057617,3505.0
2024-04-24 13:21:00,VERU,1.3200000524520874,1.3200000524520874,1.3200000524520874,1.3200000524520874,1.3200000524520874,478.0
2024-04-24 13:21:00,VERV,6.635000228881836,6.635000228881836,6.635000228881836,6.635000228881836,6.635000228881836,203.0
2024-04-24 13:21:00,VERX,28.79599952697754,28.79599952697754,28.81999969482422,28.790000915527344,28.790000915527344,1877.0
2024-04-24 13:21:00,VIAV,7.994999885559082,7.994999885559082,7.994999885559082,7.994999885559082,7.994999885559082,880.0
2024-04-24 13:21:00,VICR,32.08000183105469,32.08000183105469,32.08000183105469,32.08000183105469,32.08000183105469,487.0
2024-04-24 13:21:00,VIR,8.225000381469727,8.225000381469727,8.225000381469727,8.225000381469727,8.225000381469727,120.0
2024-04-24 13:21:00,VIRT,22.200000762939453,22.200000762939453,22.200000762939453,22.200000762939453,22.200000762939453,1401.0
2024-04-24 13:21:00,VKTX,65.20149993896484,65.20149993896484,65.20149993896484,65.19499969482422,65.19499969482422,689.0
2024-04-24 13:21:00,VMEO,3.5350000858306885,3.5350000858306885,3.5350000858306885,3.5350000858306885,3.5350000858306885,855.0
2024-04-24 13:21:00,VNOM,39.709999084472656,39.709999084472656,39.720001220703125,39.69499969482422,39.70000076293945,2005.0
2024-04-24 13:21:00,VOD,8.604999542236328,8.604999542236328,8.607999801635742,8.604999542236328,8.604999542236328,1208.0
2024-04-24 13:21:00,VRDN,13.279199600219727,13.279199600219727,13.279199600219727,13.270000457763672,13.270000457763672,1889.0
2024-04-24 13:21:00,VRNA,15.579999923706055,15.579999923706055,15.579999923706055,15.579999923706055,15.579999923706055,106.0
2024-04-24 13:21:00,VRRM,24.204999923706055,24.204999923706055,24.204999923706055,24.204999923706055,24.204999923706055,589.0
2024-04-24 13:21:00,VRTX,399.8399963378906,399.8399963378906,399.8399963378906,399.7200012207031,399.7200012207031,1439.0
2024-04-24 13:21:00,VSAT,16.350000381469727,16.350000381469727,16.350000381469727,16.350000381469727,16.350000381469727,280.0
2024-04-24 13:21:00,VTNR,1.5850000381469727,1.5850000381469727,1.5850000381469727,1.5850000381469727,1.5850000381469727,301.0
2024-04-24 13:21:00,VTRS,11.404999732971191,11.404999732971191,11.404999732971191,11.399999618530273,11.399999618530273,9268.0
2024-04-24 13:21:00,VUZI,1.2999999523162842,1.2999999523162842,1.2999999523162842,1.2999999523162842,1.2999999523162842,746.0
2024-04-24 13:21:00,WAFD,28.09000015258789,28.09000015258789,28.09000015258789,28.09000015258789,28.09000015258789,1410.0
2024-04-24 13:21:00,WBA,17.725000381469727,17.725000381469727,17.7268009185791,17.71500015258789,17.71500015258789,25443.0
2024-04-24 13:21:00,WBD,8.335000038146973,8.335000038146973,8.34000015258789,8.334799766540527,8.335000038146973,9088.0
2024-04-24 13:21:00,WDC,68.91000366210938,68.91000366210938,68.94999694824219,68.91000366210938,68.94000244140625,8403.0
2024-04-24 13:21:00,WEN,19.950000762939453,19.950000762939453,19.950000762939453,19.940200805664062,19.940200805664062,2327.0
2024-04-24 13:21:00,WERN,35.23500061035156,35.23500061035156,35.23500061035156,35.23500061035156,35.23500061035156,436.0
2024-04-24 13:21:00,WFRD,122.0199966430664,122.0199966430664,122.0199966430664,121.87000274658203,121.94000244140625,1731.0
2024-04-24 13:21:00,WIMI,1.0299999713897705,1.0299999713897705,1.0357999801635742,1.0299999713897705,1.030500054359436,7195.0
2024-04-24 13:21:00,WISA,5.739999771118164,5.739999771118164,5.779900074005127,5.730000019073486,5.736299991607666,6141.0
2024-04-24 13:21:00,WKHS,0.16339999437332153,0.16339999437332153,0.16339999437332153,0.16339999437332153,0.16339999437332153,881.0
2024-04-24 13:21:00,WMG,32.185001373291016,32.185001373291016,32.185001373291016,32.185001373291016,32.185001373291016,480.0
2024-04-24 13:21:00,WSBC,28.2549991607666,28.2549991607666,28.2549991607666,28.2549991607666,28.2549991607666,216.0
2024-04-24 13:21:00,WSC,37.72999954223633,37.72999954223633,37.72999954223633,37.709999084472656,37.709999084472656,3787.0
2024-04-24 13:21:00,WTW,264.0199890136719,264.0199890136719,264.0199890136719,263.94000244140625,263.94000244140625,2378.0
2024-04-24 13:21:00,WVE,5.159999847412109,5.159999847412109,5.159999847412109,5.144999980926514,5.144999980926514,4523.0
2024-04-24 13:21:00,WW,1.6649999618530273,1.6649999618530273,1.6649999618530273,1.6649999618530273,1.6649999618530273,2059.0
2024-04-24 13:21:00,WWD,149.09500122070312,149.09500122070312,149.09500122070312,149.09500122070312,149.09500122070312,116.0
2024-04-24 13:21:00,WYNN,96.80999755859375,96.80999755859375,96.80999755859375,96.80999755859375,96.80999755859375,1109.0
2024-04-24 13:21:00,XEL,55.525001525878906,55.525001525878906,55.525001525878906,55.5,55.52000045776367,6372.0
2024-04-24 13:21:00,XERS,1.7649999856948853,1.7649999856948853,1.7649999856948853,1.7649999856948853,1.7649999856948853,100.0
2024-04-24 13:21:00,XLO,1.059999942779541,1.059999942779541,1.059999942779541,1.059999942779541,1.059999942779541,544.0
2024-04-24 13:21:00,XNCR,18.5049991607666,18.5049991607666,18.520000457763672,18.5,18.520000457763672,817.0
2024-04-24 13:21:00,XP,20.594999313354492,20.594999313354492,20.600000381469727,20.575000762939453,20.579999923706055,7453.0
2024-04-24 13:21:00,XPEL,54.47999954223633,54.47999954223633,54.47999954223633,54.47999954223633,54.47999954223633,574.0
2024-04-24 13:21:00,XRX,14.395000457763672,14.395000457763672,14.395000457763672,14.395000457763672,14.395000457763672,515.0
2024-04-24 13:21:00,XXII,1.8789000511169434,1.8789000511169434,1.8789000511169434,1.8717000484466553,1.8717000484466553,1016.0
2024-04-24 13:21:00,YTRA,1.309000015258789,1.309000015258789,1.309000015258789,1.309000015258789,1.309000015258789,1100.0
2024-04-24 13:21:00,Z,43.439998626708984,43.439998626708984,43.439998626708984,43.41999816894531,43.41999816894531,786.0
2024-04-24 13:21:00,ZI,15.824999809265137,15.824999809265137,15.824999809265137,15.824999809265137,15.824999809265137,461.0
2024-04-24 13:21:00,ZION,42.20000076293945,42.20000076293945,42.20000076293945,42.189998626708984,42.189998626708984,530.0
2024-04-24 13:21:00,ZLAB,15.640000343322754,15.640000343322754,15.640000343322754,15.625,15.625,3592.0
2024-04-24 13:21:00,ZM,61.494998931884766,61.494998931884766,61.494998931884766,61.474998474121094,61.474998474121094,2918.0
2024-04-24 13:21:00,ZS,178.0800018310547,178.0800018310547,178.10000610351562,178.0579071044922,178.10000610351562,1676.0
2024-04-24 13:21:00,ZVSA,0.609000027179718,0.609000027179718,0.609000027179718,0.609000027179718,0.609000027179718,247.0
2024-04-24 13:22:00,DIBS,5.400000095367432,5.400000095367432,5.400000095367432,5.400000095367432,5.400000095367432,700.0
2024-04-24 13:22:00,DSP,8.550000190734863,8.550000190734863,8.550000190734863,8.550000190734863,8.550000190734863,232.0
2024-04-24 13:22:00,ETNB,8.5600004196167,8.5600004196167,8.5600004196167,8.555000305175781,8.5600004196167,2111.0
2024-04-24 13:22:00,ME,0.47110000252723694,0.47110000252723694,0.47110000252723694,0.47110000252723694,0.47110000252723694,2260.0
2024-04-24 13:22:00,PET,2.240000009536743,2.240000009536743,2.240000009536743,2.240000009536743,2.240000009536743,3385.0
2024-04-24 13:22:00,SEAT,5.900000095367432,5.900000095367432,5.900000095367432,5.900000095367432,5.900000095367432,14735.0
2024-04-24 13:22:00,TSVT,4.349999904632568,4.349999904632568,4.349999904632568,4.329999923706055,4.329999923706055,2300.0
2024-04-24 13:22:00,TWOU,0.24310000240802765,0.24310000240802765,0.24310000240802765,0.24269999563694,0.24289999902248383,5106.0
2024-04-24 13:22:00,TXG,27.459999084472656,27.459999084472656,27.469999313354492,27.450000762939453,27.450000762939453,2592.0
2024-04-24 13:22:00,VC,110.73999786376953,110.73999786376953,110.73999786376953,110.69999694824219,110.69999694824219,934.0
2024-04-24 13:22:00,VCTR,49.60499954223633,49.60499954223633,49.61000061035156,49.599998474121094,49.599998474121094,2111.0
2024-04-24 13:22:00,VERU,1.3200000524520874,1.3200000524520874,1.3250000476837158,1.3200000524520874,1.3250000476837158,6889.0
2024-04-24 13:22:00,VERV,6.639999866485596,6.639999866485596,6.644999980926514,6.635000228881836,6.635000228881836,1325.0
2024-04-24 13:22:00,VERX,28.969999313354492,28.969999313354492,28.969999313354492,28.899999618530273,28.899999618530273,3309.0
2024-04-24 13:22:00,VFS,2.494999885559082,2.494999885559082,2.494999885559082,2.494999885559082,2.494999885559082,138.0
2024-04-24 13:22:00,VIAV,8.0,8.0,8.0,8.0,8.0,180.0
2024-04-24 13:22:00,VICR,31.90999984741211,31.90999984741211,32.04999923706055,31.860000610351562,32.029998779296875,3890.0
2024-04-24 13:22:00,VIR,8.225000381469727,8.225000381469727,8.225000381469727,8.225000381469727,8.225000381469727,212.0
2024-04-24 13:22:00,VIRC,10.710000038146973,10.710000038146973,10.710000038146973,10.710000038146973,10.710000038146973,209.0
2024-04-24 13:22:00,VIRT,22.200000762939453,22.200000762939453,22.200000762939453,22.200000762939453,22.200000762939453,2329.0
2024-04-24 13:22:00,VITL,26.920000076293945,26.920000076293945,26.93000030517578,26.920000076293945,26.93000030517578,740.0
2024-04-24 13:22:00,VKTX,65.23999786376953,65.23999786376953,65.23999786376953,65.23999786376953,65.23999786376953,455.0
2024-04-24 13:22:00,VLCN,0.2538999915122986,0.2538999915122986,0.2538999915122986,0.2538999915122986,0.2538999915122986,4100.0
2024-04-24 13:22:00,VMEO,3.5350000858306885,3.5350000858306885,3.5399999618530273,3.5350000858306885,3.5399999618530273,1894.0
2024-04-24 13:22:00,VNOM,39.790000915527344,39.790000915527344,39.790000915527344,39.720001220703125,39.720001220703125,2351.0
2024-04-24 13:22:00,VOD,8.609999656677246,8.609999656677246,8.609999656677246,8.604999542236328,8.609999656677246,3598.0
2024-04-24 13:22:00,VRRM,24.229999542236328,24.229999542236328,24.229999542236328,24.209999084472656,24.209999084472656,1740.0
2024-04-24 13:22:00,VRTX,399.9750061035156,399.9750061035156,399.9750061035156,399.9750061035156,399.9750061035156,516.0
2024-04-24 13:22:00,VSAT,16.344999313354492,16.344999313354492,16.344999313354492,16.344999313354492,16.344999313354492,278.0
2024-04-24 13:22:00,VSEC,78.40499877929688,78.40499877929688,78.40499877929688,78.40499877929688,78.40499877929688,804.0
2024-04-24 13:22:00,VTNR,1.5850000381469727,1.5850000381469727,1.5850000381469727,1.5850000381469727,1.5850000381469727,200.0
2024-04-24 13:22:00,VTRS,11.414999961853027,11.414999961853027,11.414999961853027,11.40999984741211,11.40999984741211,6542.0
2024-04-24 13:22:00,WBA,17.71500015258789,17.71500015258789,17.729900360107422,17.71500015258789,17.729900360107422,15050.0
2024-04-24 13:22:00,WBD,8.335000038146973,8.335000038146973,8.335000038146973,8.335000038146973,8.335000038146973,4797.0
2024-04-24 13:22:00,WDAY,256.3800048828125,256.3800048828125,256.4200134277344,256.32000732421875,256.3800048828125,1264.0
2024-04-24 13:22:00,WDC,69.04000091552734,69.04000091552734,69.04000091552734,68.94000244140625,68.94000244140625,11611.0
2024-04-24 13:22:00,WEN,19.940000534057617,19.940000534057617,19.940000534057617,19.940000534057617,19.940000534057617,849.0
2024-04-24 13:22:00,WERN,35.150001525878906,35.150001525878906,35.20000076293945,35.150001525878906,35.20000076293945,2985.0
2024-04-24 13:22:00,WFRD,122.06999969482422,122.06999969482422,122.06999969482422,122.06999969482422,122.06999969482422,487.0
2024-04-24 13:22:00,WIMI,1.0372999906539917,1.0372999906539917,1.0372999906539917,1.0299999713897705,1.0299999713897705,699.0
2024-04-24 13:22:00,WING,364.1199951171875,364.1199951171875,364.1199951171875,364.07000732421875,364.07000732421875,727.0
2024-04-24 13:22:00,WISA,5.755000114440918,5.755000114440918,5.78000020980835,5.710000038146973,5.739999771118164,7927.0
2024-04-24 13:22:00,WKHS,0.16300000250339508,0.16300000250339508,0.16349999606609344,0.16210000216960907,0.16349999606609344,28805.0
2024-04-24 13:22:00,WSBC,28.290000915527344,28.290000915527344,28.290000915527344,28.290000915527344,28.290000915527344,507.0
2024-04-24 13:22:00,WSC,37.709999084472656,37.709999084472656,37.720001220703125,37.70500183105469,37.709999084472656,1537.0
2024-04-24 13:22:00,WSFS,44.5099983215332,44.5099983215332,44.5099983215332,44.5099983215332,44.5099983215332,1039.0
2024-04-24 13:22:00,WTFC,99.9000015258789,99.9000015258789,99.9000015258789,99.9000015258789,99.9000015258789,367.0
2024-04-24 13:22:00,WVE,5.164999961853027,5.164999961853027,5.164999961853027,5.164999961853027,5.164999961853027,126.0
2024-04-24 13:22:00,WWD,149.11000061035156,149.11000061035156,149.11000061035156,149.11000061035156,149.11000061035156,357.0
2024-04-24 13:22:00,WYNN,96.86499786376953,96.86499786376953,96.86499786376953,96.83999633789062,96.83999633789062,1156.0
2024-04-24 13:22:00,XEL,55.494998931884766,55.494998931884766,55.51499938964844,55.494998931884766,55.51499938964844,2682.0
2024-04-24 13:22:00,XFOR,1.2596999406814575,1.2596999406814575,1.2596999406814575,1.2596999406814575,1.2596999406814575,2000.0
2024-04-24 13:22:00,XMTR,16.959999084472656,16.959999084472656,16.959999084472656,16.959999084472656,16.959999084472656,950.0
2024-04-24 13:22:00,XNCR,18.530000686645508,18.530000686645508,18.530000686645508,18.530000686645508,18.530000686645508,358.0
2024-04-24 13:22:00,XP,20.59000015258789,20.59000015258789,20.600000381469727,20.59000015258789,20.600000381469727,17720.0
2024-04-24 13:22:00,XRX,14.395000457763672,14.395000457763672,14.395000457763672,14.395000457763672,14.395000457763672,1053.0
2024-04-24 13:22:00,XXII,1.8799999952316284,1.8799999952316284,1.8799999952316284,1.8799999952316284,1.8799999952316284,1201.0
2024-04-24 13:22:00,YMAB,15.130000114440918,15.130000114440918,15.130000114440918,15.109999656677246,15.109999656677246,770.0
2024-04-24 13:22:00,YTRA,1.3047000169754028,1.3047000169754028,1.309999942779541,1.3039000034332275,1.3049999475479126,31500.0
2024-04-24 13:22:00,Z,43.43000030517578,43.43000030517578,43.45000076293945,43.43000030517578,43.439998626708984,4614.0
2024-04-24 13:22:00,ZI,15.829999923706055,15.829999923706055,15.835000038146973,15.829999923706055,15.829999923706055,2728.0
2024-04-24 13:22:00,ZION,42.22999954223633,42.22999954223633,42.2400016784668,42.209999084472656,42.209999084472656,3799.0
2024-04-24 13:22:00,ZNTL,11.850000381469727,11.850000381469727,11.869999885559082,11.850000381469727,11.869999885559082,934.0
2024-04-24 13:22:00,ZS,178.2050018310547,178.2050018310547,178.2050018310547,178.16990661621094,178.16990661621094,7928.0
2024-04-24 13:22:00,ZUMZ,17.200000762939453,17.200000762939453,17.200000762939453,17.139999389648438,17.139999389648438,6471.0
2024-04-24 13:22:00,ZYME,8.600000381469727,8.600000381469727,8.600000381469727,8.595000267028809,8.595000267028809,1114.0
2024-04-24 13:23:00,COCO,24.010000228881836,24.010000228881836,24.010000228881836,24.010000228881836,24.010000228881836,496.0
2024-04-24 13:23:00,MAPS,1.090000033378601,1.090000033378601,1.090000033378601,1.090000033378601,1.090000033378601,900.0
2024-04-24 13:23:00,MAPSW,0.06109999865293503,0.06109999865293503,0.06109999865293503,0.06109999865293503,0.06109999865293503,200.0
2024-04-24 13:23:00,MASS,5.699999809265137,5.699999809265137,5.699999809265137,5.690000057220459,5.690000057220459,671.0
2024-04-24 13:23:00,ME,0.4706999957561493,0.4706999957561493,0.47110000252723694,0.4706999957561493,0.47110000252723694,703.0
2024-04-24 13:23:00,SEAT,5.909999847412109,5.909999847412109,5.909999847412109,5.909999847412109,5.909999847412109,0.0
2024-04-24 13:23:00,TSVT,4.355000019073486,4.355000019073486,4.355000019073486,4.355000019073486,4.355000019073486,4.0
2024-04-24 13:23:00,TWOU,0.24210000038146973,0.24210000038146973,0.24330000579357147,0.24210000038146973,0.24310000240802765,2292.0
2024-04-24 13:23:00,TXG,27.440000534057617,27.440000534057617,27.469999313354492,27.440000534057617,27.469999313354492,4098.0
2024-04-24 13:23:00,VCTR,49.599998474121094,49.599998474121094,49.630001068115234,49.599998474121094,49.60499954223633,2952.0
2024-04-24 13:23:00,VERU,1.309999942779541,1.309999942779541,1.3200000524520874,1.309999942779541,1.309999942779541,6039.0
2024-04-24 13:23:00,VERV,6.644999980926514,6.644999980926514,6.644999980926514,6.644999980926514,6.644999980926514,354.0
2024-04-24 13:23:00,VERX,29.049999237060547,29.049999237060547,29.049999237060547,29.014999389648438,29.014999389648438,1686.0
2024-04-24 13:23:00,VFS,2.4999001026153564,2.4999001026153564,2.4999001026153564,2.4990999698638916,2.4990999698638916,1734.0
2024-04-24 13:23:00,VIAV,8.0,8.0,8.0,8.0,8.0,1408.0
2024-04-24 13:23:00,VINC,0.9200000166893005,0.9200000166893005,0.9200000166893005,0.9200000166893005,0.9200000166893005,670.0
2024-04-24 13:23:00,VIR,8.225000381469727,8.225000381469727,8.225000381469727,8.220000267028809,8.220000267028809,1140.0
2024-04-24 13:23:00,VIRT,22.200000762939453,22.200000762939453,22.204999923706055,22.200000762939453,22.204999923706055,758.0
2024-04-24 13:23:00,VIRX,0.8396999835968018,0.8396999835968018,0.8396999835968018,0.8396999835968018,0.8396999835968018,1178.0
2024-04-24 13:23:00,VKTX,65.29740142822266,65.29740142822266,65.30999755859375,65.29740142822266,65.30500030517578,1229.0
2024-04-24 13:23:00,VLCN,0.2540000081062317,0.2540000081062317,0.2540000081062317,0.2540000081062317,0.2540000081062317,11500.0
2024-04-24 13:23:00,VMEO,3.5350000858306885,3.5350000858306885,3.5350000858306885,3.5350000858306885,3.5350000858306885,424.0
2024-04-24 13:23:00,VNOM,39.78499984741211,39.78499984741211,39.78499984741211,39.78499984741211,39.78499984741211,207.0
2024-04-24 13:23:00,VOD,8.609999656677246,8.609999656677246,8.609999656677246,8.609999656677246,8.609999656677246,352.0
2024-04-24 13:23:00,VRNA,15.589900016784668,15.589900016784668,15.589900016784668,15.589900016784668,15.589900016784668,1281.0
2024-04-24 13:23:00,VRTX,399.79998779296875,399.79998779296875,399.82000732421875,399.79998779296875,399.82000732421875,1285.0
2024-04-24 13:23:00,VTNR,1.5850000381469727,1.5850000381469727,1.5850000381469727,1.5850000381469727,1.5850000381469727,2321.0
2024-04-24 13:23:00,VTRS,11.415900230407715,11.415900230407715,11.420000076293945,11.415900230407715,11.420000076293945,884.0
2024-04-24 13:23:00,VTSI,12.300000190734863,12.300000190734863,12.300000190734863,12.300000190734863,12.300000190734863,200.0
2024-04-24 13:23:00,VYGR,7.550000190734863,7.550000190734863,7.550000190734863,7.550000190734863,7.550000190734863,152.0
2024-04-24 13:23:00,WBA,17.704999923706055,17.704999923706055,17.71500015258789,17.704999923706055,17.71500015258789,4512.0
2024-04-24 13:23:00,WBD,8.324999809265137,8.324999809265137,8.34000015258789,8.324999809265137,8.338399887084961,28048.0
2024-04-24 13:23:00,WDAY,256.2900085449219,256.2900085449219,256.3299865722656,256.2900085449219,256.3299865722656,1347.0
2024-04-24 13:23:00,WDC,69.0199966430664,69.0199966430664,69.0199966430664,69.0,69.01249694824219,3128.0
2024-04-24 13:23:00,WEN,19.950000762939453,19.950000762939453,19.950000762939453,19.950000762939453,19.950000762939453,1211.0
2024-04-24 13:23:00,WERN,35.150001525878906,35.150001525878906,35.150001525878906,35.150001525878906,35.150001525878906,432.0
2024-04-24 13:23:00,WIMI,1.0299999713897705,1.0299999713897705,1.031000018119812,1.0299999713897705,1.031000018119812,2008.0
2024-04-24 13:23:00,WISA,5.760000228881836,5.760000228881836,5.760000228881836,5.755000114440918,5.755000114440918,7384.0
2024-04-24 13:23:00,WKHS,0.16130000352859497,0.16130000352859497,0.1615999937057495,0.16130000352859497,0.1615999937057495,29927.0
2024-04-24 13:23:00,WMG,32.14500045776367,32.14500045776367,32.185001373291016,32.14500045776367,32.185001373291016,5134.0
2024-04-24 13:23:00,WSC,37.720001220703125,37.720001220703125,37.720001220703125,37.707698822021484,37.709999084472656,2325.0
2024-04-24 13:23:00,WVE,5.164999961853027,5.164999961853027,5.170000076293945,5.164999961853027,5.170000076293945,301.0
2024-04-24 13:23:00,WW,1.6649999618530273,1.6649999618530273,1.6649999618530273,1.6649999618530273,1.6649999618530273,820.0
2024-04-24 13:23:00,WYNN,96.86000061035156,96.86000061035156,96.86000061035156,96.86000061035156,96.86000061035156,1906.0
2024-04-24 13:23:00,XEL,55.48500061035156,55.48500061035156,55.4900016784668,55.470001220703125,55.4900016784668,8080.0
2024-04-24 13:23:00,XERS,1.7699999809265137,1.7699999809265137,1.7699999809265137,1.7699999809265137,1.7699999809265137,200.0
2024-04-24 13:23:00,XFOR,1.2598999738693237,1.2598999738693237,1.2598999738693237,1.2598999738693237,1.2598999738693237,0.0
2024-04-24 13:23:00,XNCR,18.520000457763672,18.520000457763672,18.520000457763672,18.520000457763672,18.520000457763672,176.0
2024-04-24 13:23:00,XP,20.584999084472656,20.584999084472656,20.584999084472656,20.584999084472656,20.584999084472656,1409.0
2024-04-24 13:23:00,XRX,14.385000228881836,14.385000228881836,14.399999618530273,14.385000228881836,14.395000457763672,9543.0
2024-04-24 13:23:00,XXII,1.8799999952316284,1.8799999952316284,1.8799999952316284,1.8799999952316284,1.8799999952316284,1922.0
2024-04-24 13:23:00,YSBPW,0.07490000128746033,0.07490000128746033,0.07490000128746033,0.07490000128746033,0.07490000128746033,0.0
2024-04-24 13:23:00,Z,43.40999984741211,43.40999984741211,43.40999984741211,43.40999984741211,43.40999984741211,408.0
2024-04-24 13:23:00,ZCMD,1.660599946975708,1.660599946975708,1.660599946975708,1.660599946975708,1.660599946975708,804.0
2024-04-24 13:23:00,ZD,51.625,51.625,51.625,51.61000061035156,51.61000061035156,616.0
2024-04-24 13:23:00,ZI,15.835000038146973,15.835000038146973,15.835000038146973,15.835000038146973,15.835000038146973,637.0
2024-04-24 13:23:00,ZION,42.18000030517578,42.18000030517578,42.18000030517578,42.16999816894531,42.17499923706055,1676.0
2024-04-24 13:23:00,ZLAB,15.699999809265137,15.699999809265137,15.699999809265137,15.64900016784668,15.64900016784668,8131.0
2024-04-24 13:23:00,ZM,61.5099983215332,61.5099983215332,61.5099983215332,61.5,61.5,2076.0
2024-04-24 13:23:00,ZNTL,11.850000381469727,11.850000381469727,11.850000381469727,11.850000381469727,11.850000381469727,877.0
2024-04-24 13:23:00,ZUMZ,17.200000762939453,17.200000762939453,17.209999084472656,17.200000762939453,17.200000762939453,6704.0
2024-04-24 13:23:00,ZURA,3.2799999713897705,3.2799999713897705,3.2799999713897705,3.2799999713897705,3.2799999713897705,228.0
2024-04-24 13:23:00,ZVRA,4.5,4.5,4.5,4.5,4.5,949.0
2024-04-24 13:23:00,ZYME,8.600000381469727,8.600000381469727,8.600000381469727,8.600000381469727,8.600000381469727,200.0
2024-04-24 13:24:00,DIBS,5.400000095367432,5.400000095367432,5.400000095367432,5.400000095367432,5.400000095367432,624.0
2024-04-24 13:24:00,EGHT,2.359999895095825,2.359999895095825,2.359999895095825,2.359999895095825,2.359999895095825,375.0
2024-04-24 13:24:00,FEAM,1.159999966621399,1.159999966621399,1.159999966621399,1.159999966621399,1.159999966621399,6450.0
2024-04-24 13:24:00,MASS,5.704999923706055,5.704999923706055,5.704999923706055,5.704999923706055,5.704999923706055,199.0
2024-04-24 13:24:00,ME,0.47110000252723694,0.47110000252723694,0.47189998626708984,0.47110000252723694,0.47110000252723694,3892.0
2024-04-24 13:24:00,SEAT,5.885000228881836,5.885000228881836,5.914999961853027,5.885000228881836,5.909999847412109,24167.0
2024-04-24 13:24:00,TSVT,4.355000019073486,4.355000019073486,4.355000019073486,4.355000019073486,4.355000019073486,169.0
2024-04-24 13:24:00,TWOU,0.24210000038146973,0.24210000038146973,0.24210000038146973,0.24210000038146973,0.24210000038146973,900.0
2024-04-24 13:24:00,VC,110.76000213623047,110.76000213623047,110.76000213623047,110.76000213623047,110.76000213623047,126.0
2024-04-24 13:24:00,VCTR,49.619998931884766,49.619998931884766,49.63290023803711,49.619998931884766,49.63290023803711,291.0
2024-04-24 13:24:00,VERU,1.309999942779541,1.309999942779541,1.309999942779541,1.309999942779541,1.309999942779541,906.0
2024-04-24 13:24:00,VERV,6.644999980926514,6.644999980926514,6.644999980926514,6.644999980926514,6.644999980926514,505.0
2024-04-24 13:24:00,VERX,29.110000610351562,29.110000610351562,29.110000610351562,29.0,29.049999237060547,10783.0
2024-04-24 13:24:00,VFF,1.309000015258789,1.309000015258789,1.309000015258789,1.3049999475479126,1.3049999475479126,312.0
2024-04-24 13:24:00,VIAV,8.0,8.0,8.0,8.0,8.0,218.0
2024-04-24 13:24:00,VICR,31.84000015258789,31.84000015258789,31.8799991607666,31.829999923706055,31.8799991607666,1480.0
2024-04-24 13:24:00,VIRI,0.4706000089645386,0.4706000089645386,0.4706000089645386,0.4706000089645386,0.4706000089645386,94.0
2024-04-24 13:24:00,VIRT,22.209999084472656,22.209999084472656,22.2450008392334,22.204999923706055,22.219999313354492,3794.0
2024-04-24 13:24:00,VITL,26.920000076293945,26.920000076293945,26.920000076293945,26.920000076293945,26.920000076293945,806.0
2024-04-24 13:24:00,VKTX,65.33000183105469,65.33000183105469,65.33000183105469,65.20999908447266,65.23999786376953,4789.0
2024-04-24 13:24:00,VLCN,0.2493000030517578,0.2493000030517578,0.2540000081062317,0.2493000030517578,0.2540000081062317,37017.0
2024-04-24 13:24:00,VMEO,3.5350000858306885,3.5350000858306885,3.5399999618530273,3.5350000858306885,3.5399999618530273,1246.0
2024-04-24 13:24:00,VNOM,39.78499984741211,39.78499984741211,39.78499984741211,39.76499938964844,39.76499938964844,550.0
2024-04-24 13:24:00,VOD,8.609999656677246,8.609999656677246,8.609999656677246,8.604999542236328,8.609999656677246,1032.0
2024-04-24 13:24:00,VOR,1.7549999952316284,1.7549999952316284,1.7549999952316284,1.7549999952316284,1.7549999952316284,606.0
2024-04-24 13:24:00,VRNA,15.600000381469727,15.600000381469727,15.600000381469727,15.59000015258789,15.59000015258789,944.0
2024-04-24 13:24:00,VRRM,24.25,24.25,24.25,24.239999771118164,24.239999771118164,815.0
2024-04-24 13:24:00,VSAT,16.3700008392334,16.3700008392334,16.3700008392334,16.350000381469727,16.350000381469727,2960.0
2024-04-24 13:24:00,VTNR,1.5850000381469727,1.5850000381469727,1.5850000381469727,1.5850000381469727,1.5850000381469727,1.0
2024-04-24 13:24:00,VTRS,11.414999961853027,11.414999961853027,11.420000076293945,11.410099983215332,11.420000076293945,3851.0
2024-04-24 13:24:00,VTSI,12.300000190734863,12.300000190734863,12.300000190734863,12.300000190734863,12.300000190734863,259.0
2024-04-24 13:24:00,VUZI,1.2899999618530273,1.2899999618530273,1.2949999570846558,1.2899999618530273,1.2949999570846558,11044.0
2024-04-24 13:24:00,WB,8.369999885559082,8.369999885559082,8.369999885559082,8.369999885559082,8.369999885559082,432.0
2024-04-24 13:24:00,WBA,17.704999923706055,17.704999923706055,17.709999084472656,17.704999923706055,17.704999923706055,6569.0
2024-04-24 13:24:00,WBD,8.322699546813965,8.322699546813965,8.329999923706055,8.320099830627441,8.320099830627441,8330.0
2024-04-24 13:24:00,WDAY,256.29998779296875,256.29998779296875,256.29998779296875,256.29998779296875,256.29998779296875,388.0
2024-04-24 13:24:00,WDC,69.05000305175781,69.05000305175781,69.05999755859375,69.0250015258789,69.04000091552734,2054.0
2024-04-24 13:24:00,WEN,19.94499969482422,19.94499969482422,19.94499969482422,19.940000534057617,19.94499969482422,1217.0
2024-04-24 13:24:00,WFRD,122.05999755859375,122.05999755859375,122.05999755859375,122.05999755859375,122.05999755859375,140.0
2024-04-24 13:24:00,WIMI,1.0396000146865845,1.0396000146865845,1.0396000146865845,1.0318000316619873,1.034999966621399,1426.0
2024-04-24 13:24:00,WING,364.6099853515625,364.6099853515625,364.6099853515625,364.6099853515625,364.6099853515625,690.0
2024-04-24 13:24:00,WISA,5.78000020980835,5.78000020980835,5.829999923706055,5.769999980926514,5.78000020980835,14378.0
2024-04-24 13:24:00,WKHS,0.16140000522136688,0.16140000522136688,0.16140000522136688,0.16130000352859497,0.16130000352859497,73052.0
2024-04-24 13:24:00,WKME,7.849999904632568,7.849999904632568,7.860000133514404,7.849999904632568,7.860000133514404,695.0
2024-04-24 13:24:00,WMG,32.154998779296875,32.154998779296875,32.154998779296875,32.154998779296875,32.154998779296875,458.0
2024-04-24 13:24:00,WNEB,6.550000190734863,6.550000190734863,6.550000190734863,6.539999961853027,6.539999961853027,719.0
2024-04-24 13:24:00,WSBC,28.30500030517578,28.30500030517578,28.30500030517578,28.30500030517578,28.30500030517578,542.0
2024-04-24 13:24:00,WSC,37.724998474121094,37.724998474121094,37.72999954223633,37.724998474121094,37.72999954223633,1588.0
2024-04-24 13:24:00,WW,1.659999966621399,1.659999966621399,1.659999966621399,1.659999966621399,1.659999966621399,243.0
2024-04-24 13:24:00,WWD,149.23330688476562,149.23330688476562,149.23330688476562,149.23330688476562,149.23330688476562,252.0
2024-04-24 13:24:00,XBIT,8.289999961853027,8.289999961853027,8.289999961853027,8.289999961853027,8.289999961853027,1112.0
2024-04-24 13:24:00,XEL,55.47999954223633,55.47999954223633,55.48500061035156,55.474998474121094,55.47999954223633,4261.0
2024-04-24 13:24:00,XERS,1.7699999809265137,1.7699999809265137,1.7699999809265137,1.7699999809265137,1.7699999809265137,15.0
2024-04-24 13:24:00,XFOR,1.2597999572753906,1.2597999572753906,1.2597999572753906,1.2597999572753906,1.2597999572753906,35.0
2024-04-24 13:24:00,XLO,1.0700000524520874,1.0700000524520874,1.0700000524520874,1.0700000524520874,1.0700000524520874,246.0
2024-04-24 13:24:00,XMTR,16.979999542236328,16.979999542236328,16.979999542236328,16.969999313354492,16.969999313354492,782.0
2024-04-24 13:24:00,XP,20.584999084472656,20.584999084472656,20.584999084472656,20.584999084472656,20.584999084472656,662.0
2024-04-24 13:24:00,XRX,14.375,14.375,14.380000114440918,14.370100021362305,14.380000114440918,8228.0
2024-04-24 13:24:00,XXII,1.8799999952316284,1.8799999952316284,1.8898999691009521,1.8799999952316284,1.8898999691009521,9816.0
2024-04-24 13:24:00,YTRA,1.2999999523162842,1.2999999523162842,1.3042000532150269,1.2899999618530273,1.3001999855041504,15028.0
2024-04-24 13:24:00,Z,43.43000030517578,43.43000030517578,43.43000030517578,43.40999984741211,43.42499923706055,1255.0
2024-04-24 13:24:00,ZBRA,277.07501220703125,277.07501220703125,277.07501220703125,277.07501220703125,277.07501220703125,264.0
2024-04-24 13:24:00,ZION,42.20000076293945,42.20000076293945,42.20000076293945,42.189998626708984,42.189998626708984,467.0
2024-04-24 13:24:00,ZLAB,15.65999984741211,15.65999984741211,15.710000038146973,15.65999984741211,15.699999809265137,10826.0
2024-04-24 13:24:00,ZM,61.5099983215332,61.5099983215332,61.52000045776367,61.5099983215332,61.52000045776367,1387.0
2024-04-24 13:24:00,ZNTL,11.864999771118164,11.864999771118164,11.869999885559082,11.850000381469727,11.850000381469727,1996.0
2024-04-24 13:24:00,ZS,178.40370178222656,178.40370178222656,178.40370178222656,178.31500244140625,178.31500244140625,1005.0
2024-04-24 13:24:00,ZUMZ,17.209999084472656,17.209999084472656,17.209999084472656,17.200000762939453,17.200000762939453,2657.0
2024-04-24 13:24:00,ZYME,8.600000381469727,8.600000381469727,8.600000381469727,8.600000381469727,8.600000381469727,217.0
2024-04-24 13:24:00,ZYXI,11.350000381469727,11.350000381469727,11.350000381469727,11.350000381469727,11.350000381469727,147.0
2024-04-24 13:25:00,COCO,24.049999237060547,24.049999237060547,24.049999237060547,24.033300399780273,24.040000915527344,1244.0
2024-04-24 13:25:00,DIBS,5.400000095367432,5.400000095367432,5.409999847412109,5.400000095367432,5.400000095367432,3066.0
2024-04-24 13:25:00,EGHT,2.359999895095825,2.359999895095825,2.359999895095825,2.3550000190734863,2.3550000190734863,1225.0
2024-04-24 13:25:00,ETNB,8.555000305175781,8.555000305175781,8.555000305175781,8.555000305175781,8.555000305175781,428.0
2024-04-24 13:25:00,FLWS,9.149999618530273,9.149999618530273,9.149999618530273,9.149999618530273,9.149999618530273,1919.0
2024-04-24 13:25:00,FREE,4.820000171661377,4.820000171661377,4.820000171661377,4.820000171661377,4.820000171661377,160.0
2024-04-24 13:25:00,MAPS,1.0800000429153442,1.0800000429153442,1.0800000429153442,1.0800000429153442,1.0800000429153442,200.0
2024-04-24 13:25:00,ME,0.4706999957561493,0.4706999957561493,0.47200000286102295,0.4706999957561493,0.47200000286102295,1839.0
2024-04-24 13:25:00,TWOU,0.24279999732971191,0.24279999732971191,0.24300000071525574,0.24120000004768372,0.24120000004768372,1340.0
2024-04-24 13:25:00,TXG,27.469999313354492,27.469999313354492,27.469999313354492,27.469999313354492,27.469999313354492,158.0
2024-04-24 13:25:00,VC,111.04499816894531,111.04499816894531,111.04499816894531,110.97000122070312,110.97000122070312,895.0
2024-04-24 13:25:00,VCTR,49.625,49.625,49.625,49.619998931884766,49.619998931884766,1103.0
2024-04-24 13:25:00,VERU,1.3276000022888184,1.3276000022888184,1.3276000022888184,1.3200000524520874,1.3200000524520874,980.0
2024-04-24 13:25:00,VERV,6.649899959564209,6.649899959564209,6.649899959564209,6.639999866485596,6.644999980926514,355.0
2024-04-24 13:25:00,VERX,29.079999923706055,29.079999923706055,29.114999771118164,29.079999923706055,29.114999771118164,2292.0
2024-04-24 13:25:00,VFS,2.490000009536743,2.490000009536743,2.5,2.490000009536743,2.490000009536743,2172.0
2024-04-24 13:25:00,VIAV,8.0,8.0,8.0,8.0,8.0,3169.0
2024-04-24 13:25:00,VICR,31.829999923706055,31.829999923706055,31.829999923706055,31.799999237060547,31.829999923706055,1575.0
2024-04-24 13:25:00,VIR,8.220000267028809,8.220000267028809,8.220000267028809,8.220000267028809,8.220000267028809,1068.0
2024-04-24 13:25:00,VIRT,22.209999084472656,22.209999084472656,22.209999084472656,22.209999084472656,22.209999084472656,1190.0
2024-04-24 13:25:00,VITL,26.902700424194336,26.902700424194336,26.902700424194336,26.902700424194336,26.902700424194336,836.0
2024-04-24 13:25:00,VLCN,0.25,0.25,0.25380000472068787,0.25,0.25380000472068787,3150.0
2024-04-24 13:25:00,VMEO,3.5399999618530273,3.5399999618530273,3.5399999618530273,3.5399999618530273,3.5399999618530273,136.0
2024-04-24 13:25:00,VNOM,39.779998779296875,39.779998779296875,39.79999923706055,39.779998779296875,39.78499984741211,5368.0
2024-04-24 13:25:00,VOD,8.604999542236328,8.604999542236328,8.604999542236328,8.604999542236328,8.604999542236328,231.0
2024-04-24 13:25:00,VRCA,6.75,6.75,6.75,6.75,6.75,266.0
2024-04-24 13:25:00,VRDN,13.300000190734863,13.300000190734863,13.300000190734863,13.289999961853027,13.289999961853027,719.0
2024-04-24 13:25:00,VRRM,24.260000228881836,24.260000228881836,24.260000228881836,24.258899688720703,24.258899688720703,1543.0
2024-04-24 13:25:00,VRTX,399.9800109863281,399.9800109863281,399.9800109863281,399.9800109863281,399.9800109863281,364.0
2024-04-24 13:25:00,VSAT,16.3799991607666,16.3799991607666,16.3799991607666,16.3799991607666,16.3799991607666,209.0
2024-04-24 13:25:00,VTNR,1.565000057220459,1.565000057220459,1.5850000381469727,1.565000057220459,1.5850000381469727,38273.0
2024-04-24 13:25:00,VTRS,11.414999961853027,11.414999961853027,11.414999961853027,11.40999984741211,11.414999961853027,10076.0
2024-04-24 13:25:00,VTSI,12.270000457763672,12.270000457763672,12.270000457763672,12.270000457763672,12.270000457763672,1862.0
2024-04-24 13:25:00,VUZI,1.2899999618530273,1.2899999618530273,1.2899999618530273,1.2899999618530273,1.2899999618530273,291.0
2024-04-24 13:25:00,VWE,0.29679998755455017,0.29679998755455017,0.29679998755455017,0.29679998755455017,0.29679998755455017,39800.0
2024-04-24 13:25:00,VYGR,7.579999923706055,7.579999923706055,7.579999923706055,7.539999961853027,7.550000190734863,6089.0
2024-04-24 13:25:00,WBA,17.704999923706055,17.704999923706055,17.709999084472656,17.700000762939453,17.704999923706055,14157.0
2024-04-24 13:25:00,WBD,8.335000038146973,8.335000038146973,8.335000038146973,8.324999809265137,8.329899787902832,23106.0
2024-04-24 13:25:00,WDAY,256.45001220703125,256.45001220703125,256.45001220703125,256.45001220703125,256.45001220703125,716.0
2024-04-24 13:25:00,WDC,69.11000061035156,69.11000061035156,69.12000274658203,69.05000305175781,69.05000305175781,4818.0
2024-04-24 13:25:00,WEN,19.94499969482422,19.94499969482422,19.94499969482422,19.94499969482422,19.94499969482422,729.0
2024-04-24 13:25:00,WERN,35.13999938964844,35.13999938964844,35.13999938964844,35.130001068115234,35.13999938964844,1005.0
2024-04-24 13:25:00,WFRD,122.0250015258789,122.0250015258789,122.0250015258789,122.0250015258789,122.0250015258789,1848.0
2024-04-24 13:25:00,WIMI,1.0299999713897705,1.0299999713897705,1.034999966621399,1.0299999713897705,1.034999966621399,3153.0
2024-04-24 13:25:00,WING,364.05999755859375,364.05999755859375,364.05999755859375,364.05999755859375,364.05999755859375,1386.0
2024-04-24 13:25:00,WISA,5.810100078582764,5.810100078582764,5.820000171661377,5.789999961853027,5.789999961853027,22913.0
2024-04-24 13:25:00,WKHS,0.16099999845027924,0.16099999845027924,0.16140000522136688,0.16099999845027924,0.16140000522136688,2311.0
2024-04-24 13:25:00,WNEB,6.599999904632568,6.599999904632568,6.599999904632568,6.599999904632568,6.599999904632568,1802.0
2024-04-24 13:25:00,WSC,37.75,37.75,37.75,37.72999954223633,37.7400016784668,1408.0
2024-04-24 13:25:00,WVE,5.175000190734863,5.175000190734863,5.179999828338623,5.170000076293945,5.170000076293945,3152.0
2024-04-24 13:25:00,WW,1.6649999618530273,1.6649999618530273,1.6649999618530273,1.659999966621399,1.6649999618530273,1980.0
2024-04-24 13:25:00,WYNN,96.96499633789062,96.96499633789062,96.97000122070312,96.92990112304688,96.93000030517578,1708.0
2024-04-24 13:25:00,XEL,55.5099983215332,55.5099983215332,55.5099983215332,55.48500061035156,55.4900016784668,2939.0
2024-04-24 13:25:00,XENE,40.13999938964844,40.13999938964844,40.13999938964844,40.130001068115234,40.130001068115234,904.0
2024-04-24 13:25:00,XERS,1.7699999809265137,1.7699999809265137,1.7699999809265137,1.7699999809265137,1.7699999809265137,418.0
2024-04-24 13:25:00,XLO,1.0499999523162842,1.0499999523162842,1.0499999523162842,1.0499999523162842,1.0499999523162842,777.0
2024-04-24 13:25:00,XMTR,16.989999771118164,16.989999771118164,16.989999771118164,16.989999771118164,16.989999771118164,527.0
2024-04-24 13:25:00,XP,20.594999313354492,20.594999313354492,20.600000381469727,20.584999084472656,20.584999084472656,5506.0
2024-04-24 13:25:00,XRX,14.369999885559082,14.369999885559082,14.375,14.369999885559082,14.369999885559082,1944.0
2024-04-24 13:25:00,XXII,1.8849999904632568,1.8849999904632568,1.8898999691009521,1.8849999904632568,1.8898999691009521,2475.0
2024-04-24 13:25:00,YMAB,15.170000076293945,15.170000076293945,15.170000076293945,15.170000076293945,15.170000076293945,106.0
2024-04-24 13:25:00,Z,43.45000076293945,43.45000076293945,43.45000076293945,43.439998626708984,43.439998626708984,2078.0
2024-04-24 13:25:00,ZCMD,1.690000057220459,1.690000057220459,1.690000057220459,1.690000057220459,1.690000057220459,0.0
2024-04-24 13:25:00,ZD,51.650001525878906,51.650001525878906,51.650001525878906,51.650001525878906,51.650001525878906,336.0
2024-04-24 13:25:00,ZENV,2.180000066757202,2.180000066757202,2.180000066757202,2.180000066757202,2.180000066757202,200.0
2024-04-24 13:25:00,ZI,15.850000381469727,15.850000381469727,15.850000381469727,15.835000038146973,15.835000038146973,1767.0
2024-04-24 13:25:00,ZION,42.189998626708984,42.189998626708984,42.20000076293945,42.189998626708984,42.20000076293945,1142.0
2024-04-24 13:25:00,ZM,61.525001525878906,61.525001525878906,61.529998779296875,61.5099983215332,61.5099983215332,2880.0
2024-04-24 13:25:00,ZUMZ,17.209999084472656,17.209999084472656,17.209999084472656,17.209999084472656,17.209999084472656,160.0
2024-04-24 13:25:00,ZYXI,11.369999885559082,11.369999885559082,11.369999885559082,11.359999656677246,11.359999656677246,838.0
2024-04-24 13:26:00,COCO,24.059999465942383,24.059999465942383,24.059999465942383,24.037500381469727,24.040000915527344,1859.0
2024-04-24 13:26:00,DIBS,5.400000095367432,5.400000095367432,5.409999847412109,5.400000095367432,5.40500020980835,1875.0
2024-04-24 13:26:00,EGHT,2.3524999618530273,2.3524999618530273,2.3524999618530273,2.3524999618530273,2.3524999618530273,141.0
2024-04-24 13:26:00,ETNB,8.550000190734863,8.550000190734863,8.550000190734863,8.550000190734863,8.550000190734863,1876.0
2024-04-24 13:26:00,FLWS,9.130000114440918,9.130000114440918,9.140000343322754,9.130000114440918,9.140000343322754,1284.0
2024-04-24 13:26:00,MAPS,1.0800000429153442,1.0800000429153442,1.090000033378601,1.0800000429153442,1.090000033378601,355.0
2024-04-24 13:26:00,MASS,5.690000057220459,5.690000057220459,5.690000057220459,5.690000057220459,5.690000057220459,335.0
2024-04-24 13:26:00,ME,0.4726000130176544,0.4726000130176544,0.4726000130176544,0.47130000591278076,0.4715000092983246,11110.0
2024-04-24 13:26:00,SEAT,5.880000114440918,5.880000114440918,5.880000114440918,5.880000114440918,5.880000114440918,4596.0
2024-04-24 13:26:00,TSVT,4.349999904632568,4.349999904632568,4.349999904632568,4.349999904632568,4.349999904632568,200.0
2024-04-24 13:26:00,TWOU,0.24289999902248383,0.24289999902248383,0.24289999902248383,0.24210000038146973,0.2425999939441681,2077.0
2024-04-24 13:26:00,TXG,27.45009994506836,27.45009994506836,27.459999084472656,27.45009994506836,27.459999084472656,1862.0
2024-04-24 13:26:00,VC,111.00499725341797,111.00499725341797,111.00499725341797,110.94999694824219,110.94999694824219,1339.0
2024-04-24 13:26:00,VCTR,49.65999984741211,49.65999984741211,49.665000915527344,49.625,49.63999938964844,4111.0
2024-04-24 13:26:00,VERU,1.309999942779541,1.309999942779541,1.3200000524520874,1.309999942779541,1.3200000524520874,2615.0
2024-04-24 13:26:00,VERV,6.635000228881836,6.635000228881836,6.639999866485596,6.630000114440918,6.639999866485596,3901.0
2024-04-24 13:26:00,VERX,29.059999465942383,29.059999465942383,29.110000610351562,29.049999237060547,29.110000610351562,7961.0
2024-04-24 13:26:00,VIASP,19.559999465942383,19.559999465942383,19.559999465942383,19.559999465942383,19.559999465942383,505.0
2024-04-24 13:26:00,VIAV,8.0,8.0,8.0,8.0,8.0,106.0
2024-04-24 13:26:00,VINC,0.9182000160217285,0.9182000160217285,0.9182000160217285,0.9182000160217285,0.9182000160217285,738.0
2024-04-24 13:26:00,VIR,8.225000381469727,8.225000381469727,8.225000381469727,8.225000381469727,8.225000381469727,1011.0
2024-04-24 13:26:00,VIRT,22.209999084472656,22.209999084472656,22.209999084472656,22.209999084472656,22.209999084472656,209.0
2024-04-24 13:26:00,VITL,26.90999984741211,26.90999984741211,26.90999984741211,26.899999618530273,26.899999618530273,2332.0
2024-04-24 13:26:00,VKTX,65.30000305175781,65.30000305175781,65.30000305175781,65.30000305175781,65.30000305175781,282.0
2024-04-24 13:26:00,VLCN,0.25,0.25,0.2540000081062317,0.25,0.2540000081062317,11500.0
2024-04-24 13:26:00,VLGEA,27.34600067138672,27.34600067138672,27.34600067138672,27.34600067138672,27.34600067138672,282.0
2024-04-24 13:26:00,VMEO,3.5350000858306885,3.5350000858306885,3.5350000858306885,3.5350000858306885,3.5350000858306885,505.0
2024-04-24 13:26:00,VNOM,39.779998779296875,39.779998779296875,39.779998779296875,39.779998779296875,39.779998779296875,454.0
2024-04-24 13:26:00,VOD,8.604999542236328,8.604999542236328,8.609999656677246,8.604999542236328,8.609999656677246,796.0
2024-04-24 13:26:00,VRRM,24.25,24.25,24.25,24.25,24.25,1076.0
2024-04-24 13:26:00,VSAT,16.34000015258789,16.34000015258789,16.3700008392334,16.34000015258789,16.3700008392334,4486.0
2024-04-24 13:26:00,VTNR,1.565000057220459,1.565000057220459,1.565000057220459,1.565000057220459,1.565000057220459,1452.0
2024-04-24 13:26:00,VTRS,11.420000076293945,11.420000076293945,11.420000076293945,11.420000076293945,11.420000076293945,727.0
2024-04-24 13:26:00,VWE,0.2818000018596649,0.2818000018596649,0.2818000018596649,0.2818000018596649,0.2818000018596649,0.0
2024-04-24 13:26:00,VYNE,2.3299999237060547,2.3299999237060547,2.3350000381469727,2.3299999237060547,2.3350000381469727,1103.0
2024-04-24 13:26:00,WBA,17.704999923706055,17.704999923706055,17.709999084472656,17.70009994506836,17.704999923706055,3201.0
2024-04-24 13:26:00,WBD,8.335000038146973,8.335000038146973,8.34000015258789,8.330699920654297,8.330699920654297,28013.0
2024-04-24 13:26:00,WDAY,256.6499938964844,256.6499938964844,256.6499938964844,256.4649963378906,256.4649963378906,1039.0
2024-04-24 13:26:00,WDC,69.13999938964844,69.13999938964844,69.13999938964844,69.08999633789062,69.13999938964844,10820.0
2024-04-24 13:26:00,WEN,19.940000534057617,19.940000534057617,19.950000762939453,19.940000534057617,19.950000762939453,2987.0
2024-04-24 13:26:00,WERN,35.130001068115234,35.130001068115234,35.130001068115234,35.119998931884766,35.119998931884766,1000.0
2024-04-24 13:26:00,WFRD,122.27999877929688,122.27999877929688,122.27999877929688,122.06999969482422,122.06999969482422,1445.0
2024-04-24 13:26:00,WIMI,1.0307999849319458,1.0307999849319458,1.0388000011444092,1.0307999849319458,1.034999966621399,1624.0
2024-04-24 13:26:00,WISA,5.900000095367432,5.900000095367432,5.9197001457214355,5.810200214385986,5.810200214385986,25008.0
2024-04-24 13:26:00,WIX,122.30000305175781,122.30000305175781,122.30000305175781,122.30000305175781,122.30000305175781,365.0
2024-04-24 13:26:00,WKHS,0.16140000522136688,0.16140000522136688,0.1615000069141388,0.16130000352859497,0.16130000352859497,134816.0
2024-04-24 13:26:00,WMG,32.154998779296875,32.154998779296875,32.154998779296875,32.13750076293945,32.150001525878906,3475.0
2024-04-24 13:26:00,WNEB,6.574999809265137,6.574999809265137,6.574999809265137,6.574999809265137,6.574999809265137,331.0
2024-04-24 13:26:00,WSBC,28.260000228881836,28.260000228881836,28.260000228881836,28.260000228881836,28.260000228881836,136.0
2024-04-24 13:26:00,WSC,37.779998779296875,37.779998779296875,37.779998779296875,37.76499938964844,37.76499938964844,637.0
2024-04-24 13:26:00,WSFS,44.53499984741211,44.53499984741211,44.53499984741211,44.53499984741211,44.53499984741211,732.0
2024-04-24 13:26:00,WVE,5.175000190734863,5.175000190734863,5.175000190734863,5.175000190734863,5.175000190734863,158.0
2024-04-24 13:26:00,WW,1.6649999618530273,1.6649999618530273,1.6649999618530273,1.6649999618530273,1.6649999618530273,2439.0
2024-04-24 13:26:00,WWD,149.18499755859375,149.18499755859375,149.18499755859375,149.18499755859375,149.18499755859375,596.0
2024-04-24 13:26:00,WYNN,96.95999908447266,96.95999908447266,96.95999908447266,96.95500183105469,96.95500183105469,233.0
2024-04-24 13:26:00,XEL,55.52000045776367,55.52000045776367,55.52000045776367,55.5099983215332,55.51499938964844,2480.0
2024-04-24 13:26:00,XP,20.600000381469727,20.600000381469727,20.604999542236328,20.594999313354492,20.600000381469727,5280.0
2024-04-24 13:26:00,XRX,14.364999771118164,14.364999771118164,14.380000114440918,14.364999771118164,14.375,5958.0
2024-04-24 13:26:00,XXII,1.8997999429702759,1.8997999429702759,1.8997999429702759,1.8849999904632568,1.8849999904632568,10999.0
2024-04-24 13:26:00,YQ,2.75,2.75,2.75,2.75,2.75,415.0
2024-04-24 13:26:00,Z,43.43000030517578,43.43000030517578,43.45000076293945,43.43000030517578,43.45000076293945,1508.0
2024-04-24 13:26:00,ZBRA,276.92999267578125,276.92999267578125,277.17999267578125,276.92999267578125,277.17999267578125,1700.0
2024-04-24 13:26:00,ZCMD,1.690000057220459,1.690000057220459,1.690000057220459,1.6749999523162842,1.6749999523162842,1610.0
2024-04-24 13:26:00,ZI,15.845000267028809,15.845000267028809,15.845000267028809,15.845000267028809,15.845000267028809,590.0
2024-04-24 13:26:00,ZION,42.16999816894531,42.16999816894531,42.16999816894531,42.165000915527344,42.16999816894531,793.0
2024-04-24 13:26:00,ZLAB,15.649999618530273,15.649999618530273,15.649999618530273,15.649999618530273,15.649999618530273,266.0
2024-04-24 13:26:00,ZM,61.5099983215332,61.5099983215332,61.5099983215332,61.5099983215332,61.5099983215332,412.0
2024-04-24 13:26:00,ZNTL,11.859999656677246,11.859999656677246,11.859999656677246,11.84000015258789,11.859999656677246,1626.0
2024-04-24 13:26:00,ZS,178.38499450683594,178.38499450683594,178.38499450683594,178.36000061035156,178.36000061035156,815.0
2024-04-24 13:26:00,ZUMZ,17.209999084472656,17.209999084472656,17.209999084472656,17.209999084472656,17.209999084472656,107.0
2024-04-24 13:26:00,ZURA,3.2799999713897705,3.2799999713897705,3.2799999713897705,3.2799999713897705,3.2799999713897705,214.0
2024-04-24 13:26:00,ZVSA,0.6086999773979187,0.6086999773979187,0.6086999773979187,0.6086999773979187,0.6086999773979187,555.0
2024-04-24 13:26:00,ZYXI,11.359999656677246,11.359999656677246,11.359999656677246,11.359999656677246,11.359999656677246,272.0
2024-04-24 13:27:00,COCO,24.059999465942383,24.059999465942383,24.059999465942383,24.059999465942383,24.059999465942383,271.0
2024-04-24 13:27:00,DSP,8.550000190734863,8.550000190734863,8.550000190734863,8.550000190734863,8.550000190734863,347.0
2024-04-24 13:27:00,ETNB,8.5600004196167,8.5600004196167,8.5600004196167,8.550000190734863,8.550000190734863,1039.0
2024-04-24 13:27:00,ME,0.4722999930381775,0.4722999930381775,0.4726000130176544,0.4715000092983246,0.4722000062465668,1765.0
2024-04-24 13:27:00,SEAT,5.875,5.875,5.875,5.875,5.875,326.0
2024-04-24 13:27:00,TSVT,4.34499979019165,4.34499979019165,4.34499979019165,4.34499979019165,4.34499979019165,311.0
2024-04-24 13:27:00,TWOU,0.24269999563694,0.24269999563694,0.24269999563694,0.24120000004768372,0.24269999563694,14203.0
2024-04-24 13:27:00,TXG,27.459999084472656,27.459999084472656,27.469999313354492,27.459999084472656,27.459999084472656,2493.0
2024-04-24 13:27:00,VCTR,49.65999984741211,49.65999984741211,49.65999984741211,49.65999984741211,49.65999984741211,621.0
2024-04-24 13:27:00,VERU,1.3300000429153442,1.3300000429153442,1.3300000429153442,1.3200000524520874,1.3250000476837158,3402.0
2024-04-24 13:27:00,VERV,6.635000228881836,6.635000228881836,6.635000228881836,6.635000228881836,6.635000228881836,104.0
2024-04-24 13:27:00,VERX,29.03499984741211,29.03499984741211,29.03499984741211,28.969999313354492,29.0,1710.0
2024-04-24 13:27:00,VFS,2.494999885559082,2.494999885559082,2.505000114440918,2.494999885559082,2.5,18978.0
2024-04-24 13:27:00,VIAV,7.999899864196777,7.999899864196777,8.0,7.998899936676025,8.0,2407.0
2024-04-24 13:27:00,VICR,31.7549991607666,31.7549991607666,31.760000228881836,31.7549991607666,31.760000228881836,947.0
2024-04-24 13:27:00,VIR,8.225000381469727,8.225000381469727,8.225000381469727,8.225000381469727,8.225000381469727,230.0
2024-04-24 13:27:00,VIRT,22.34000015258789,22.34000015258789,22.350000381469727,22.21500015258789,22.21500015258789,36596.0
2024-04-24 13:27:00,VKTX,65.36000061035156,65.36000061035156,65.36000061035156,65.30500030517578,65.30500030517578,3599.0
2024-04-24 13:27:00,VLCN,0.2549999952316284,0.2549999952316284,0.2549999952316284,0.2549999952316284,0.2549999952316284,12119.0
2024-04-24 13:27:00,VMEO,3.5350000858306885,3.5350000858306885,3.5350000858306885,3.5350000858306885,3.5350000858306885,625.0
2024-04-24 13:27:00,VNET,1.5449999570846558,1.5449999570846558,1.5499999523162842,1.5449999570846558,1.5449999570846558,3430.0
2024-04-24 13:27:00,VOD,8.604999542236328,8.604999542236328,8.607500076293945,8.604999542236328,8.604999542236328,837.0
2024-04-24 13:27:00,VRDN,13.282999992370605,13.282999992370605,13.282999992370605,13.279999732971191,13.279999732971191,1697.0
2024-04-24 13:27:00,VRTX,400.05999755859375,400.05999755859375,400.30999755859375,400.04998779296875,400.04998779296875,2720.0
2024-04-24 13:27:00,VSAT,16.350000381469727,16.350000381469727,16.350000381469727,16.34000015258789,16.34000015258789,1322.0
2024-04-24 13:27:00,VTNR,1.565000057220459,1.565000057220459,1.565000057220459,1.565000057220459,1.565000057220459,1200.0
2024-04-24 13:27:00,VTRS,11.420000076293945,11.420000076293945,11.420000076293945,11.420000076293945,11.420000076293945,1636.0
2024-04-24 13:27:00,VUZI,1.2949999570846558,1.2949999570846558,1.2949999570846558,1.2949999570846558,1.2949999570846558,400.0
2024-04-24 13:27:00,WAFD,28.06100082397461,28.06100082397461,28.06100082397461,28.059999465942383,28.059999465942383,1512.0
2024-04-24 13:27:00,WB,8.364999771118164,8.364999771118164,8.364999771118164,8.364999771118164,8.364999771118164,764.0
2024-04-24 13:27:00,WBA,17.704999923706055,17.704999923706055,17.709999084472656,17.70009994506836,17.704999923706055,8160.0
2024-04-24 13:27:00,WBD,8.335000038146973,8.335000038146973,8.335000038146973,8.329999923706055,8.334799766540527,9191.0
2024-04-24 13:27:00,WDAY,256.4800109863281,256.4800109863281,256.57000732421875,256.4800109863281,256.57000732421875,1566.0
2024-04-24 13:27:00,WDC,69.11000061035156,69.11000061035156,69.13999938964844,69.08999633789062,69.13999938964844,4629.0
2024-04-24 13:27:00,WEN,19.94499969482422,19.94499969482422,19.94499969482422,19.94499969482422,19.94499969482422,2070.0
2024-04-24 13:27:00,WFRD,122.26799774169922,122.26799774169922,122.26799774169922,122.26799774169922,122.26799774169922,1356.0
2024-04-24 13:27:00,WHFCL,25.09000015258789,25.09000015258789,25.100000381469727,25.09000015258789,25.094999313354492,4015.0
2024-04-24 13:27:00,WHLR,0.13850000500679016,0.13850000500679016,0.13850000500679016,0.13850000500679016,0.13850000500679016,2479.0
2024-04-24 13:27:00,WISA,5.940999984741211,5.940999984741211,5.989999771118164,5.880000114440918,5.885000228881836,25183.0
2024-04-24 13:27:00,WKHS,0.16140000522136688,0.16140000522136688,0.1615000069141388,0.16140000522136688,0.16140000522136688,1452.0
2024-04-24 13:27:00,WLDN,27.989999771118164,27.989999771118164,27.989999771118164,27.989999771118164,27.989999771118164,457.0
2024-04-24 13:27:00,WMG,32.154998779296875,32.154998779296875,32.154998779296875,32.154998779296875,32.154998779296875,248.0
2024-04-24 13:27:00,WSC,37.7599983215332,37.7599983215332,37.790000915527344,37.7599983215332,37.790000915527344,1383.0
2024-04-24 13:27:00,WVE,5.175000190734863,5.175000190734863,5.179999828338623,5.170000076293945,5.179999828338623,806.0
2024-04-24 13:27:00,WW,1.659999966621399,1.659999966621399,1.6698999404907227,1.659999966621399,1.659999966621399,2485.0
2024-04-24 13:27:00,WYNN,96.95999908447266,96.95999908447266,96.95999908447266,96.94000244140625,96.95999908447266,1332.0
2024-04-24 13:27:00,XBIT,8.34000015258789,8.34000015258789,8.34000015258789,8.34000015258789,8.34000015258789,155.0
2024-04-24 13:27:00,XEL,55.54499816894531,55.54499816894531,55.54499816894531,55.51499938964844,55.52000045776367,11558.0
2024-04-24 13:27:00,XENE,40.150001525878906,40.150001525878906,40.150001525878906,40.150001525878906,40.150001525878906,1334.0
2024-04-24 13:27:00,XFOR,1.2599999904632568,1.2599999904632568,1.2599999904632568,1.2599999904632568,1.2599999904632568,1545.0
2024-04-24 13:27:00,XMTR,16.989999771118164,16.989999771118164,16.989999771118164,16.989999771118164,16.989999771118164,157.0
2024-04-24 13:27:00,XNCR,18.530000686645508,18.530000686645508,18.530000686645508,18.530000686645508,18.530000686645508,1597.0
2024-04-24 13:27:00,XP,20.59000015258789,20.59000015258789,20.599899291992188,20.584999084472656,20.599899291992188,3763.0
2024-04-24 13:27:00,XRX,14.375,14.375,14.380000114440918,14.364999771118164,14.364999771118164,11821.0
2024-04-24 13:27:00,XXII,1.899899959564209,1.899899959564209,1.899899959564209,1.8901000022888184,1.8901000022888184,3458.0
2024-04-24 13:27:00,YORW,35.619998931884766,35.619998931884766,35.619998931884766,35.619998931884766,35.619998931884766,973.0
2024-04-24 13:27:00,Z,43.45000076293945,43.45000076293945,43.45000076293945,43.40999984741211,43.43000030517578,6438.0
2024-04-24 13:27:00,ZG,42.95000076293945,42.95000076293945,42.95000076293945,42.90999984741211,42.939998626708984,1735.0
2024-04-24 13:27:00,ZI,15.850000381469727,15.850000381469727,15.850000381469727,15.850000381469727,15.850000381469727,509.0
2024-04-24 13:27:00,ZION,42.18000030517578,42.18000030517578,42.185001373291016,42.16999816894531,42.16999816894531,1565.0
2024-04-24 13:27:00,ZM,61.47999954223633,61.47999954223633,61.5099983215332,61.47999954223633,61.5099983215332,2103.0
2024-04-24 13:27:00,ZNTL,11.8100004196167,11.8100004196167,11.819999694824219,11.800000190734863,11.819999694824219,1404.0
2024-04-24 13:27:00,ZS,178.22999572753906,178.22999572753906,178.32000732421875,178.22999572753906,178.32000732421875,1673.0
2024-04-24 13:27:00,ZUMZ,17.20400047302246,17.20400047302246,17.20400047302246,17.20400047302246,17.20400047302246,176.0
2024-04-24 13:27:00,ZURA,3.359999895095825,3.359999895095825,3.359999895095825,3.2799999713897705,3.2799999713897705,7655.0
2024-04-24 13:28:00,DIBS,5.400000095367432,5.400000095367432,5.400000095367432,5.400000095367432,5.400000095367432,924.0
2024-04-24 13:28:00,EGHT,2.359999895095825,2.359999895095825,2.359999895095825,2.3550000190734863,2.3550000190734863,1912.0
2024-04-24 13:28:00,FLWS,9.135000228881836,9.135000228881836,9.135000228881836,9.130000114440918,9.130000114440918,1019.0
2024-04-24 13:28:00,FREE,4.820000171661377,4.820000171661377,4.820000171661377,4.815000057220459,4.815000057220459,332.0
2024-04-24 13:28:00,MAPS,1.0800000429153442,1.0800000429153442,1.0800000429153442,1.0700000524520874,1.0800000429153442,1688.0
2024-04-24 13:28:00,ME,0.4717000126838684,0.4717000126838684,0.4722000062465668,0.4715000092983246,0.4715000092983246,2302.0
2024-04-24 13:28:00,SCWO,1.3200000524520874,1.3200000524520874,1.3200000524520874,1.3200000524520874,1.3200000524520874,1148.0
2024-04-24 13:28:00,SEAT,5.875,5.875,5.880000114440918,5.875,5.875,5696.0
2024-04-24 13:28:00,TXG,27.479999542236328,27.479999542236328,27.479999542236328,27.479999542236328,27.479999542236328,221.0
2024-04-24 13:28:00,VANI,1.7400000095367432,1.7400000095367432,1.7400000095367432,1.7400000095367432,1.7400000095367432,164.0
2024-04-24 13:28:00,VCTR,49.650001525878906,49.650001525878906,49.650001525878906,49.650001525878906,49.650001525878906,910.0
2024-04-24 13:28:00,VERU,1.3200000524520874,1.3200000524520874,1.3250000476837158,1.3200000524520874,1.3209999799728394,2100.0
2024-04-24 13:28:00,VERV,6.635000228881836,6.635000228881836,6.635000228881836,6.635000228881836,6.635000228881836,520.0
2024-04-24 13:28:00,VERX,29.010000228881836,29.010000228881836,29.049999237060547,29.010000228881836,29.030000686645508,3427.0
2024-04-24 13:28:00,VFS,2.494999885559082,2.494999885559082,2.494999885559082,2.494999885559082,2.494999885559082,392.0
2024-04-24 13:28:00,VIAV,7.994999885559082,7.994999885559082,7.994999885559082,7.992499828338623,7.992499828338623,332.0
2024-04-24 13:28:00,VICR,31.81999969482422,31.81999969482422,31.81999969482422,31.790000915527344,31.790000915527344,1699.0
2024-04-24 13:28:00,VIR,8.225000381469727,8.225000381469727,8.225000381469727,8.225000381469727,8.225000381469727,837.0
2024-04-24 13:28:00,VIRT,22.40999984741211,22.40999984741211,22.420000076293945,22.34000015258789,22.34000015258789,6884.0
2024-04-24 13:28:00,VITL,26.8799991607666,26.8799991607666,26.889999389648438,26.875,26.889999389648438,915.0
2024-04-24 13:28:00,VKTX,65.37999725341797,65.37999725341797,65.37999725341797,65.33000183105469,65.36000061035156,3384.0
2024-04-24 13:28:00,VMEO,3.5350000858306885,3.5350000858306885,3.5350000858306885,3.5350000858306885,3.5350000858306885,686.0
2024-04-24 13:28:00,VNET,1.5403000116348267,1.5403000116348267,1.5403000116348267,1.5403000116348267,1.5403000116348267,570.0
2024-04-24 13:28:00,VNOM,39.7599983215332,39.7599983215332,39.7599983215332,39.7599983215332,39.7599983215332,356.0
2024-04-24 13:28:00,VOD,8.604999542236328,8.604999542236328,8.604999542236328,8.604999542236328,8.604999542236328,354.0
2024-04-24 13:28:00,VRRM,24.25,24.25,24.25,24.235000610351562,24.236299514770508,1612.0
2024-04-24 13:28:00,VRTX,400.05999755859375,400.05999755859375,400.05999755859375,400.05999755859375,400.05999755859375,1405.0
2024-04-24 13:28:00,VSAT,16.3799991607666,16.3799991607666,16.3799991607666,16.350000381469727,16.350000381469727,3940.0
2024-04-24 13:28:00,VTGN,4.730000019073486,4.730000019073486,4.730000019073486,4.729800224304199,4.729800224304199,1011.0
2024-04-24 13:28:00,VTNR,1.5449999570846558,1.5449999570846558,1.565000057220459,1.5449999570846558,1.559999942779541,68495.0
2024-04-24 13:28:00,VTRS,11.420000076293945,11.420000076293945,11.420000076293945,11.40999984741211,11.420000076293945,5255.0
2024-04-24 13:28:00,VWE,0.2939999997615814,0.2939999997615814,0.2939999997615814,0.2939999997615814,0.2939999997615814,0.0
2024-04-24 13:28:00,VYGR,7.579999923706055,7.579999923706055,7.579999923706055,7.579999923706055,7.579999923706055,229.0
2024-04-24 13:28:00,WBA,17.697900772094727,17.697900772094727,17.704999923706055,17.690000534057617,17.704999923706055,22865.0
2024-04-24 13:28:00,WBD,8.34000015258789,8.34000015258789,8.34000015258789,8.335000038146973,8.335000038146973,1652.0
2024-04-24 13:28:00,WDAY,256.6199951171875,256.6199951171875,256.6199951171875,256.6199951171875,256.6199951171875,848.0
2024-04-24 13:28:00,WDC,69.16999816894531,69.16999816894531,69.16999816894531,69.08999633789062,69.08999633789062,5899.0
2024-04-24 13:28:00,WEN,19.959999084472656,19.959999084472656,19.969999313354492,19.9424991607666,19.94499969482422,14720.0
2024-04-24 13:28:00,WERN,35.119998931884766,35.119998931884766,35.127498626708984,35.119998931884766,35.127498626708984,677.0
2024-04-24 13:28:00,WHLR,0.1396999955177307,0.1396999955177307,0.1396999955177307,0.1396999955177307,0.1396999955177307,3610.0
2024-04-24 13:28:00,WIMI,1.038699984550476,1.038699984550476,1.038699984550476,1.0299999713897705,1.0299999713897705,24905.0
2024-04-24 13:28:00,WINA,373.1724853515625,373.1724853515625,373.1724853515625,373.1724853515625,373.1724853515625,956.0
2024-04-24 13:28:00,WISA,6.110099792480469,6.110099792480469,6.150000095367432,5.980000019073486,5.9807000160217285,66308.0
2024-04-24 13:28:00,WKHS,0.1615000069141388,0.1615000069141388,0.1615999937057495,0.16140000522136688,0.16140000522136688,53598.0
2024-04-24 13:28:00,WMG,32.150001525878906,32.150001525878906,32.154998779296875,32.150001525878906,32.154998779296875,573.0
2024-04-24 13:28:00,WSC,37.7400016784668,37.7400016784668,37.77000045776367,37.7400016784668,37.77000045776367,1048.0
2024-04-24 13:28:00,WTW,264.2300109863281,264.2300109863281,264.2300109863281,264.19000244140625,264.19000244140625,723.0
2024-04-24 13:28:00,WW,1.6649999618530273,1.6649999618530273,1.6799999475479126,1.6649999618530273,1.6649999618530273,54312.0
2024-04-24 13:28:00,WYNN,96.9800033569336,96.9800033569336,96.9800033569336,96.97000122070312,96.97000122070312,509.0
2024-04-24 13:28:00,XEL,55.48500061035156,55.48500061035156,55.52000045776367,55.46500015258789,55.52000045776367,9713.0
2024-04-24 13:28:00,XMTR,16.989999771118164,16.989999771118164,16.989999771118164,16.989999771118164,16.989999771118164,187.0
2024-04-24 13:28:00,XNET,1.565000057220459,1.565000057220459,1.565000057220459,1.559999942779541,1.5609999895095825,5851.0
2024-04-24 13:28:00,XP,20.594999313354492,20.594999313354492,20.594999313354492,20.584999084472656,20.59000015258789,5319.0
2024-04-24 13:28:00,XRX,14.369999885559082,14.369999885559082,14.375,14.369999885559082,14.375,738.0
2024-04-24 13:28:00,XXII,1.8949999809265137,1.8949999809265137,1.899899959564209,1.8949999809265137,1.899899959564209,3643.0
2024-04-24 13:28:00,YTEN,0.23000000417232513,0.23000000417232513,0.23000000417232513,0.23000000417232513,0.23000000417232513,273.0
2024-04-24 13:28:00,Z,43.435001373291016,43.435001373291016,43.45000076293945,43.435001373291016,43.45000076293945,780.0
2024-04-24 13:28:00,ZBRA,276.8399963378906,276.8399963378906,276.8399963378906,276.760009765625,276.760009765625,478.0
2024-04-24 13:28:00,ZG,42.91999816894531,42.91999816894531,42.91999816894531,42.91999816894531,42.91999816894531,265.0
2024-04-24 13:28:00,ZI,15.845000267028809,15.845000267028809,15.845000267028809,15.845000267028809,15.845000267028809,893.0
2024-04-24 13:28:00,ZION,42.18000030517578,42.18000030517578,42.18000030517578,42.18000030517578,42.18000030517578,1121.0
2024-04-24 13:28:00,ZM,61.47999954223633,61.47999954223633,61.47999954223633,61.45199966430664,61.46500015258789,5789.0
2024-04-24 13:28:00,ZS,178.27999877929688,178.27999877929688,178.27999877929688,178.2550048828125,178.2550048828125,497.0
2024-04-24 13:29:00,COCO,24.06999969482422,24.06999969482422,24.06999969482422,24.06999969482422,24.06999969482422,435.0
2024-04-24 13:29:00,DIBS,5.400000095367432,5.400000095367432,5.420000076293945,5.400000095367432,5.400000095367432,4666.0
2024-04-24 13:29:00,FDMT,24.68000030517578,24.68000030517578,24.68000030517578,24.6200008392334,24.6200008392334,1771.0
2024-04-24 13:29:00,FLWS,9.130000114440918,9.130000114440918,9.130000114440918,9.130000114440918,9.130000114440918,337.0
2024-04-24 13:29:00,MAPS,1.0800000429153442,1.0800000429153442,1.0800000429153442,1.0750000476837158,1.0750000476837158,200.0
2024-04-24 13:29:00,ME,0.4722999930381775,0.4722999930381775,0.4722999930381775,0.4717999994754791,0.4717999994754791,2700.0
2024-04-24 13:29:00,TWOU,0.24279999732971191,0.24279999732971191,0.24289999902248383,0.24279999732971191,0.24279999732971191,2722.0
2024-04-24 13:29:00,TXG,27.479999542236328,27.479999542236328,27.510000228881836,27.479999542236328,27.489999771118164,2325.0
2024-04-24 13:29:00,VCTR,49.6077995300293,49.6077995300293,49.630001068115234,49.6077995300293,49.630001068115234,389.0
2024-04-24 13:29:00,VERU,1.3200000524520874,1.3200000524520874,1.3200000524520874,1.3200000524520874,1.3200000524520874,811.0
2024-04-24 13:29:00,VERX,29.020000457763672,29.020000457763672,29.040000915527344,28.989999771118164,28.9950008392334,3321.0
2024-04-24 13:29:00,VIAV,8.0,8.0,8.0,8.0,8.0,377.0
2024-04-24 13:29:00,VICR,31.950000762939453,31.950000762939453,31.950000762939453,31.889999389648438,31.889999389648438,1491.0
2024-04-24 13:29:00,VIRT,22.389999389648438,22.389999389648438,22.420000076293945,22.389999389648438,22.40999984741211,6179.0
2024-04-24 13:29:00,VITL,26.88990020751953,26.88990020751953,26.88990020751953,26.88319969177246,26.88319969177246,952.0
2024-04-24 13:29:00,VKTX,65.37999725341797,65.37999725341797,65.37999725341797,65.37999725341797,65.37999725341797,861.0
2024-04-24 13:29:00,VLCN,0.2524999976158142,0.2524999976158142,0.2565000057220459,0.2524999976158142,0.2565000057220459,56487.0
2024-04-24 13:29:00,VMEO,3.5350000858306885,3.5350000858306885,3.5350000858306885,3.5350000858306885,3.5350000858306885,698.0
2024-04-24 13:29:00,VNET,1.5449999570846558,1.5449999570846558,1.5449999570846558,1.5449999570846558,1.5449999570846558,1328.0
2024-04-24 13:29:00,VNOM,39.779998779296875,39.779998779296875,39.779998779296875,39.779998779296875,39.779998779296875,920.0
2024-04-24 13:29:00,VOD,8.609999656677246,8.609999656677246,8.609999656677246,8.604999542236328,8.604999542236328,766.0
2024-04-24 13:29:00,VOXX,7.038700103759766,7.038700103759766,7.038700103759766,7.038700103759766,7.038700103759766,107.0
2024-04-24 13:29:00,VRCA,6.71999979019165,6.71999979019165,6.71999979019165,6.71999979019165,6.71999979019165,257.0
2024-04-24 13:29:00,VRNA,15.595000267028809,15.595000267028809,15.595000267028809,15.59000015258789,15.59000015258789,217.0
2024-04-24 13:29:00,VRRM,24.264999389648438,24.264999389648438,24.2677001953125,24.260000228881836,24.260000228881836,478.0
2024-04-24 13:29:00,VSAT,16.3799991607666,16.3799991607666,16.3799991607666,16.3799991607666,16.3799991607666,436.0
2024-04-24 13:29:00,VTGN,4.739999771118164,4.739999771118164,4.739999771118164,4.730000019073486,4.730000019073486,417.0
2024-04-24 13:29:00,VTNR,1.5449999570846558,1.5449999570846558,1.5449999570846558,1.5449999570846558,1.5449999570846558,751.0
2024-04-24 13:29:00,VTRS,11.425000190734863,11.425000190734863,11.425000190734863,11.420000076293945,11.420000076293945,4612.0
2024-04-24 13:29:00,VUZI,1.2999999523162842,1.2999999523162842,1.2999999523162842,1.2999999523162842,1.2999999523162842,550.0
2024-04-24 13:29:00,VYGR,7.570099830627441,7.570099830627441,7.590000152587891,7.570099830627441,7.590000152587891,661.0
2024-04-24 13:29:00,WB,8.364999771118164,8.364999771118164,8.364999771118164,8.364999771118164,8.364999771118164,478.0
2024-04-24 13:29:00,WBA,17.700000762939453,17.700000762939453,17.704999923706055,17.690000534057617,17.69499969482422,13494.0
2024-04-24 13:29:00,WBD,8.335000038146973,8.335000038146973,8.34000015258789,8.334699630737305,8.334699630737305,5989.0
2024-04-24 13:29:00,WDC,69.20590209960938,69.20590209960938,69.22000122070312,69.16999816894531,69.16999816894531,6412.0
2024-04-24 13:29:00,WDFC,228.5800018310547,228.5800018310547,228.5800018310547,228.5800018310547,228.5800018310547,780.0
2024-04-24 13:29:00,WEN,19.96500015258789,19.96500015258789,19.96500015258789,19.96500015258789,19.96500015258789,205.0
2024-04-24 13:29:00,WERN,35.099998474121094,35.099998474121094,35.11000061035156,35.099998474121094,35.11000061035156,1422.0
2024-04-24 13:29:00,WFRD,122.37000274658203,122.37000274658203,122.37000274658203,122.19999694824219,122.19999694824219,439.0
2024-04-24 13:29:00,WIMI,1.031000018119812,1.031000018119812,1.034999966621399,1.031000018119812,1.0318000316619873,4724.0
2024-04-24 13:29:00,WINT,5.150000095367432,5.150000095367432,5.150000095367432,5.150000095367432,5.150000095367432,1559.0
2024-04-24 13:29:00,WISA,6.130000114440918,6.130000114440918,6.239999771118164,6.039999961853027,6.139999866485596,46140.0
2024-04-24 13:29:00,WKHS,0.1615000069141388,0.1615000069141388,0.1615999937057495,0.1615000069141388,0.1615000069141388,45342.0
2024-04-24 13:29:00,WMG,32.150001525878906,32.150001525878906,32.15999984741211,32.14500045776367,32.150001525878906,3141.0
2024-04-24 13:29:00,WSC,37.75,37.75,37.75,37.7400016784668,37.744998931884766,2062.0
2024-04-24 13:29:00,WTFC,99.93000030517578,99.93000030517578,99.93000030517578,99.88999938964844,99.88999938964844,1186.0
2024-04-24 13:29:00,WTW,264.2099914550781,264.2099914550781,264.2099914550781,264.2099914550781,264.2099914550781,524.0
2024-04-24 13:29:00,WVE,5.179999828338623,5.179999828338623,5.179999828338623,5.179999828338623,5.179999828338623,454.0
2024-04-24 13:29:00,WW,1.6749999523162842,1.6749999523162842,1.6799999475479126,1.6749999523162842,1.6749999523162842,2613.0
2024-04-24 13:29:00,WWD,149.3260955810547,149.3260955810547,149.3260955810547,149.3260955810547,149.3260955810547,309.0
2024-04-24 13:29:00,WYNN,96.9800033569336,96.9800033569336,96.98500061035156,96.9800033569336,96.98500061035156,879.0
2024-04-24 13:29:00,XEL,55.505001068115234,55.505001068115234,55.52000045776367,55.48500061035156,55.4900016784668,13393.0
2024-04-24 13:29:00,XERS,1.7649999856948853,1.7649999856948853,1.7649999856948853,1.7649999856948853,1.7649999856948853,578.0
2024-04-24 13:29:00,XMTR,17.0049991607666,17.0049991607666,17.0049991607666,16.989999771118164,16.989999771118164,1018.0
2024-04-24 13:29:00,XP,20.59000015258789,20.59000015258789,20.594999313354492,20.59000015258789,20.594999313354492,3075.0
2024-04-24 13:29:00,XRX,14.375,14.375,14.380000114440918,14.369999885559082,14.369999885559082,764.0
2024-04-24 13:29:00,XXII,1.899899959564209,1.899899959564209,1.899899959564209,1.8990000486373901,1.8990000486373901,973.0
2024-04-24 13:29:00,YHGJ,1.3493000268936157,1.3493000268936157,1.3493000268936157,1.3493000268936157,1.3493000268936157,901.0
2024-04-24 13:29:00,Z,43.41999816894531,43.41999816894531,43.439998626708984,43.41999816894531,43.41999816894531,2021.0
2024-04-24 13:29:00,ZD,51.709999084472656,51.709999084472656,51.709999084472656,51.68190002441406,51.68190002441406,371.0
2024-04-24 13:29:00,ZG,42.915000915527344,42.915000915527344,42.915000915527344,42.915000915527344,42.915000915527344,135.0
2024-04-24 13:29:00,ZI,15.850000381469727,15.850000381469727,15.850000381469727,15.84000015258789,15.84749984741211,1965.0
2024-04-24 13:29:00,ZION,42.16999816894531,42.16999816894531,42.18000030517578,42.16999816894531,42.18000030517578,1274.0
2024-04-24 13:29:00,ZLAB,15.619999885559082,15.619999885559082,15.630000114440918,15.619999885559082,15.630000114440918,1410.0
2024-04-24 13:29:00,ZM,61.459999084472656,61.459999084472656,61.470001220703125,61.459999084472656,61.470001220703125,1780.0
2024-04-24 13:29:00,ZNTL,11.800000190734863,11.800000190734863,11.819999694824219,11.800000190734863,11.819999694824219,9595.0
2024-04-24 13:29:00,ZS,178.3000030517578,178.3000030517578,178.3300018310547,178.23500061035156,178.3000030517578,26702.0
2024-04-24 13:29:00,ZUMZ,17.229999542236328,17.229999542236328,17.229999542236328,17.219999313354492,17.219999313354492,1240.0
2024-04-24 13:30:00,COCO,24.079999923706055,24.079999923706055,24.079999923706055,24.06999969482422,24.06999969482422,452.0
2024-04-24 13:30:00,DIBS,5.400000095367432,5.400000095367432,5.409999847412109,5.400000095367432,5.400000095367432,3753.0
2024-04-24 13:30:00,DSP,8.529999732971191,8.529999732971191,8.529999732971191,8.529999732971191,8.529999732971191,141.0
2024-04-24 13:30:00,MAPS,1.0800000429153442,1.0800000429153442,1.0800000429153442,1.0800000429153442,1.0800000429153442,411.0
2024-04-24 13:30:00,MASS,5.710000038146973,5.710000038146973,5.710000038146973,5.710000038146973,5.710000038146973,504.0
2024-04-24 13:30:00,ME,0.47189998626708984,0.47189998626708984,0.4731999933719635,0.47189998626708984,0.4722999930381775,5666.0
2024-04-24 13:30:00,SEAT,5.880000114440918,5.880000114440918,5.880000114440918,5.880000114440918,5.880000114440918,1616.0
2024-04-24 13:30:00,TSVT,4.340000152587891,4.340000152587891,4.34499979019165,4.340000152587891,4.34499979019165,1056.0
2024-04-24 13:30:00,TWOU,0.24279999732971191,0.24279999732971191,0.24289999902248383,0.24279999732971191,0.24279999732971191,16215.0
2024-04-24 13:30:00,TXG,27.479999542236328,27.479999542236328,27.479999542236328,27.479999542236328,27.479999542236328,1386.0
2024-04-24 13:30:00,VCTR,49.6150016784668,49.6150016784668,49.630001068115234,49.60499954223633,49.60499954223633,1387.0
2024-04-24 13:30:00,VERU,1.3200000524520874,1.3200000524520874,1.3300000429153442,1.3200000524520874,1.3300000429153442,729.0
2024-04-24 13:30:00,VERV,6.639999866485596,6.639999866485596,6.644999980926514,6.634799957275391,6.635000228881836,3368.0
2024-04-24 13:30:00,VERX,29.030000686645508,29.030000686645508,29.040000915527344,29.020000457763672,29.020000457763672,2476.0
2024-04-24 13:30:00,VFF,1.3099000453948975,1.3099000453948975,1.3099000453948975,1.3099000453948975,1.3099000453948975,10200.0
2024-04-24 13:30:00,VFS,2.490000009536743,2.490000009536743,2.490000009536743,2.490000009536743,2.490000009536743,581.0
2024-04-24 13:30:00,VIAV,8.0,8.0,8.0,8.0,8.0,304.0
2024-04-24 13:30:00,VICR,31.940000534057617,31.940000534057617,31.940000534057617,31.905000686645508,31.905000686645508,487.0
2024-04-24 13:30:00,VIR,8.225000381469727,8.225000381469727,8.225000381469727,8.225000381469727,8.225000381469727,120.0
2024-04-24 13:30:00,VIRC,10.729999542236328,10.729999542236328,10.729999542236328,10.729999542236328,10.729999542236328,626.0
2024-04-24 13:30:00,VIRT,22.3799991607666,22.3799991607666,22.3799991607666,22.350000381469727,22.350000381469727,1755.0
2024-04-24 13:30:00,VIRX,0.8396999835968018,0.8396999835968018,0.8396999835968018,0.8396999835968018,0.8396999835968018,345.0
2024-04-24 13:30:00,VIVK,1.5700000524520874,1.5700000524520874,1.5700000524520874,1.5700000524520874,1.5700000524520874,852.0
2024-04-24 13:30:00,VKTX,65.45999908447266,65.45999908447266,65.4800033569336,65.40579986572266,65.40579986572266,2123.0
2024-04-24 13:30:00,VLCN,0.2529999911785126,0.2529999911785126,0.2563999891281128,0.2529999911785126,0.2563999891281128,19429.0
2024-04-24 13:30:00,VMEO,3.5399999618530273,3.5399999618530273,3.5399999618530273,3.5399999618530273,3.5399999618530273,1917.0
2024-04-24 13:30:00,VOD,8.604999542236328,8.604999542236328,8.604999542236328,8.604999542236328,8.604999542236328,404.0
2024-04-24 13:30:00,VRRM,24.264999389648438,24.264999389648438,24.267499923706055,24.264999389648438,24.267499923706055,488.0
2024-04-24 13:30:00,VSAT,16.389999389648438,16.389999389648438,16.399999618530273,16.389999389648438,16.389999389648438,1261.0
2024-04-24 13:30:00,VTGN,4.730100154876709,4.730100154876709,4.730100154876709,4.730100154876709,4.730100154876709,678.0
2024-04-24 13:30:00,VTNR,1.5449999570846558,1.5449999570846558,1.5449999570846558,1.5449999570846558,1.5449999570846558,423.0
2024-04-24 13:30:00,VTRS,11.425000190734863,11.425000190734863,11.425000190734863,11.425000190734863,11.425000190734863,2955.0
2024-04-24 13:30:00,VUZI,1.2899999618530273,1.2899999618530273,1.2899999618530273,1.2899999618530273,1.2899999618530273,101.0
2024-04-24 13:30:00,WAFD,28.110000610351562,28.110000610351562,28.110000610351562,28.110000610351562,28.110000610351562,440.0
2024-04-24 13:30:00,WB,8.364999771118164,8.364999771118164,8.364999771118164,8.364999771118164,8.364999771118164,267.0
2024-04-24 13:30:00,WBA,17.704999923706055,17.704999923706055,17.704999923706055,17.69499969482422,17.69499969482422,5528.0
2024-04-24 13:30:00,WBD,8.335000038146973,8.335000038146973,8.335000038146973,8.335000038146973,8.335000038146973,3517.0
2024-04-24 13:30:00,WDAY,256.7650146484375,256.7650146484375,256.7650146484375,256.7650146484375,256.7650146484375,298.0
2024-04-24 13:30:00,WDC,69.30000305175781,69.30000305175781,69.32990264892578,69.22000122070312,69.22000122070312,11112.0
2024-04-24 13:30:00,WEN,19.96500015258789,19.96500015258789,19.96500015258789,19.96500015258789,19.96500015258789,1083.0
2024-04-24 13:30:00,WHF,12.890000343322754,12.890000343322754,12.890000343322754,12.890000343322754,12.890000343322754,2399.0
2024-04-24 13:30:00,WHFCL,25.200000762939453,25.200000762939453,25.200000762939453,25.100000381469727,25.15999984741211,1063.0
2024-04-24 13:30:00,WIMI,1.034999966621399,1.034999966621399,1.034999966621399,1.0300999879837036,1.0300999879837036,633.0
2024-04-24 13:30:00,WISA,6.034999847412109,6.034999847412109,6.167799949645996,5.940000057220459,6.150000095367432,46752.0
2024-04-24 13:30:00,WIX,122.0,122.0,122.25,122.0,122.25,3360.0
2024-04-24 13:30:00,WKHS,0.1615999937057495,0.1615999937057495,0.1615999937057495,0.1615000069141388,0.1615999937057495,18592.0
2024-04-24 13:30:00,WLDN,28.170000076293945,28.170000076293945,28.170000076293945,28.170000076293945,28.170000076293945,313.0
2024-04-24 13:30:00,WMG,32.14500045776367,32.14500045776367,32.150001525878906,32.14500045776367,32.14500045776367,2575.0
2024-04-24 13:30:00,WRNT,0.2727000117301941,0.2727000117301941,0.2727000117301941,0.2727000117301941,0.2727000117301941,639.0
2024-04-24 13:30:00,WSC,37.7400016784668,37.7400016784668,37.75,37.7400016784668,37.75,891.0
2024-04-24 13:30:00,WTW,264.2200012207031,264.2200012207031,264.2200012207031,264.2200012207031,264.2200012207031,2135.0
2024-04-24 13:30:00,WVVI,4.5,4.5,4.5,4.5,4.5,0.0
2024-04-24 13:30:00,WW,1.684999942779541,1.684999942779541,1.690000057220459,1.6749999523162842,1.6749999523162842,27441.0
2024-04-24 13:30:00,WWD,149.38400268554688,149.38400268554688,149.39999389648438,149.3699951171875,149.3699951171875,1513.0
2024-04-24 13:30:00,WYNN,97.0,97.0,97.01000213623047,97.0,97.01000213623047,1636.0
2024-04-24 13:30:00,XBIT,8.380000114440918,8.380000114440918,8.380000114440918,8.380000114440918,8.380000114440918,1408.0
2024-04-24 13:30:00,XEL,55.52000045776367,55.52000045776367,55.525001525878906,55.5,55.505001068115234,13584.0
2024-04-24 13:30:00,XMTR,17.010000228881836,17.010000228881836,17.010000228881836,17.010000228881836,17.010000228881836,245.0
2024-04-24 13:30:00,XP,20.59000015258789,20.59000015258789,20.594999313354492,20.584999084472656,20.59000015258789,4497.0
2024-04-24 13:30:00,XRX,14.375,14.375,14.375,14.375,14.375,2285.0
2024-04-24 13:30:00,XXII,1.8949999809265137,1.8949999809265137,1.8976000547409058,1.8899999856948853,1.8976000547409058,3954.0
2024-04-24 13:30:00,YMAB,15.15999984741211,15.15999984741211,15.180000305175781,15.15999984741211,15.170000076293945,1071.0
2024-04-24 13:30:00,YTRA,1.309999942779541,1.309999942779541,1.309999942779541,1.309000015258789,1.309000015258789,507.0
2024-04-24 13:30:00,Z,43.43000030517578,43.43000030517578,43.43000030517578,43.43000030517578,43.43000030517578,823.0
2024-04-24 13:30:00,ZBRA,276.8399963378906,276.8399963378906,276.8399963378906,276.8399963378906,276.8399963378906,154.0
2024-04-24 13:30:00,ZD,51.71500015258789,51.71500015258789,51.71500015258789,51.709999084472656,51.709999084472656,1620.0
2024-04-24 13:30:00,ZG,42.91999816894531,42.91999816894531,42.91999816894531,42.91999816894531,42.91999816894531,457.0
2024-04-24 13:30:00,ZI,15.845000267028809,15.845000267028809,15.850000381469727,15.845000267028809,15.845000267028809,1839.0
2024-04-24 13:30:00,ZION,42.16999816894531,42.16999816894531,42.16999816894531,42.16999816894531,42.16999816894531,938.0
2024-04-24 13:30:00,ZM,61.5,61.5,61.5,61.47999954223633,61.47999954223633,2149.0
2024-04-24 13:30:00,ZNTL,11.800000190734863,11.800000190734863,11.800000190734863,11.800000190734863,11.800000190734863,200.0
2024-04-24 13:30:00,ZS,178.41000366210938,178.41000366210938,178.41000366210938,178.41000366210938,178.41000366210938,617.0
2024-04-24 13:30:00,ZURA,3.450000047683716,3.450000047683716,3.450000047683716,3.369999885559082,3.369999885559082,5410.0
2024-04-24 13:30:00,ZYME,8.600000381469727,8.600000381469727,8.600000381469727,8.600000381469727,8.600000381469727,183.0
2024-04-24 13:30:00,ZYXI,11.359999656677246,11.359999656677246,11.369999885559082,11.359999656677246,11.369999885559082,579.0
2024-04-24 13:31:00,COCO,24.1200008392334,24.1200008392334,24.1200008392334,24.09000015258789,24.09000015258789,916.0
2024-04-24 13:31:00,DIBS,5.400000095367432,5.400000095367432,5.409999847412109,5.400000095367432,5.400000095367432,8645.0
2024-04-24 13:31:00,DSP,8.545000076293945,8.545000076293945,8.550000190734863,8.545000076293945,8.550000190734863,1080.0
2024-04-24 13:31:00,ETNB,8.569999694824219,8.569999694824219,8.569999694824219,8.5600004196167,8.5600004196167,3240.0
2024-04-24 13:31:00,FLWS,9.130000114440918,9.130000114440918,9.130000114440918,9.119999885559082,9.119999885559082,429.0
2024-04-24 13:31:00,MASS,5.71999979019165,5.71999979019165,5.71999979019165,5.71999979019165,5.71999979019165,357.0
2024-04-24 13:31:00,ME,0.4722999930381775,0.4722999930381775,0.4745999872684479,0.4722000062465668,0.4722999930381775,6152.0
2024-04-24 13:31:00,SEAT,5.875,5.875,5.880000114440918,5.875,5.880000114440918,1198.0
2024-04-24 13:31:00,TKLF,0.2304999977350235,0.2304999977350235,0.2304999977350235,0.2295999974012375,0.2295999974012375,9659.0
2024-04-24 13:31:00,TSVT,4.349999904632568,4.349999904632568,4.349999904632568,4.349999904632568,4.349999904632568,230.0
2024-04-24 13:31:00,TWOU,0.24279999732971191,0.24279999732971191,0.24289999902248383,0.24279999732971191,0.24279999732971191,0.0
2024-04-24 13:31:00,TXG,27.489999771118164,27.489999771118164,27.5,27.489999771118164,27.5,1932.0
2024-04-24 13:31:00,VCTR,49.6349983215332,49.6349983215332,49.6349983215332,49.6349983215332,49.6349983215332,542.0
2024-04-24 13:31:00,VERU,1.3300000429153442,1.3300000429153442,1.3300000429153442,1.3200000524520874,1.3200000524520874,1002.0
2024-04-24 13:31:00,VERV,6.65500020980835,6.65500020980835,6.65500020980835,6.650000095367432,6.650000095367432,4375.0
2024-04-24 13:31:00,VERX,29.03499984741211,29.03499984741211,29.03499984741211,29.03499984741211,29.03499984741211,833.0
2024-04-24 13:31:00,VFF,1.309999942779541,1.309999942779541,1.309999942779541,1.309999942779541,1.309999942779541,0.0
2024-04-24 13:31:00,VFS,2.4997000694274902,2.4997000694274902,2.4997000694274902,2.4997000694274902,2.4997000694274902,1021.0
2024-04-24 13:31:00,VIAV,8.0,8.0,8.0,7.994999885559082,7.994999885559082,1959.0
2024-04-24 13:31:00,VIR,8.234999656677246,8.234999656677246,8.234999656677246,8.229999542236328,8.229999542236328,2015.0
2024-04-24 13:31:00,VIRC,10.720000267028809,10.720000267028809,10.720000267028809,10.699999809265137,10.720000267028809,1396.0
2024-04-24 13:31:00,VIRT,22.3799991607666,22.3799991607666,22.40999984741211,22.3799991607666,22.40999984741211,2237.0
2024-04-24 13:31:00,VISL,3.8561999797821045,3.8561999797821045,3.8561999797821045,3.8561999797821045,3.8561999797821045,200.0
2024-04-24 13:31:00,VKTX,65.54000091552734,65.54000091552734,65.55999755859375,65.48999786376953,65.48999786376953,2432.0
2024-04-24 13:31:00,VNOM,39.79999923706055,39.79999923706055,39.79999923706055,39.79999923706055,39.79999923706055,1391.0
2024-04-24 13:31:00,VOD,8.600000381469727,8.600000381469727,8.609999656677246,8.600000381469727,8.609999656677246,7558.0
2024-04-24 13:31:00,VRDN,13.300000190734863,13.300000190734863,13.300000190734863,13.300000190734863,13.300000190734863,1402.0
2024-04-24 13:31:00,VRNA,15.609999656677246,15.609999656677246,15.609999656677246,15.600000381469727,15.600000381469727,377.0
2024-04-24 13:31:00,VRRM,24.280000686645508,24.280000686645508,24.280000686645508,24.270000457763672,24.270000457763672,693.0
2024-04-24 13:31:00,VRTX,399.95001220703125,399.95001220703125,400.1700134277344,399.95001220703125,400.1700134277344,1714.0
2024-04-24 13:31:00,VS,1.4299999475479126,1.4299999475479126,1.4299999475479126,1.4299999475479126,1.4299999475479126,3192.0
2024-04-24 13:31:00,VSAT,16.400100708007812,16.400100708007812,16.405000686645508,16.400100708007812,16.405000686645508,1017.0
2024-04-24 13:31:00,VTGN,4.730000019073486,4.730000019073486,4.730000019073486,4.730000019073486,4.730000019073486,0.0
2024-04-24 13:31:00,VTNR,1.5499000549316406,1.5499000549316406,1.5499000549316406,1.5463000535964966,1.5463000535964966,450.0
2024-04-24 13:31:00,VTRS,11.430000305175781,11.430000305175781,11.430000305175781,11.425000190734863,11.430000305175781,1786.0
2024-04-24 13:31:00,VYGR,7.579999923706055,7.579999923706055,7.579999923706055,7.579999923706055,7.579999923706055,395.0
2024-04-24 13:31:00,WAFD,28.1299991607666,28.1299991607666,28.1299991607666,28.1299991607666,28.1299991607666,415.0
2024-04-24 13:31:00,WB,8.364999771118164,8.364999771118164,8.369999885559082,8.364999771118164,8.369999885559082,3473.0
2024-04-24 13:31:00,WBA,17.704999923706055,17.704999923706055,17.70989990234375,17.700199127197266,17.704999923706055,10399.0
2024-04-24 13:31:00,WBD,8.334699630737305,8.334699630737305,8.34000015258789,8.331399917602539,8.34000015258789,3786.0
2024-04-24 13:31:00,WDAY,256.739990234375,256.739990234375,256.8699951171875,256.7300109863281,256.8699951171875,1660.0
2024-04-24 13:31:00,WDC,69.36000061035156,69.36000061035156,69.37000274658203,69.30999755859375,69.30999755859375,5124.0
2024-04-24 13:31:00,WEN,19.959999084472656,19.959999084472656,19.959999084472656,19.950000762939453,19.959999084472656,6371.0
2024-04-24 13:31:00,WERN,35.099998474121094,35.099998474121094,35.119998931884766,35.099998474121094,35.119998931884766,884.0
2024-04-24 13:31:00,WFRD,122.36000061035156,122.36000061035156,122.36000061035156,122.36000061035156,122.36000061035156,651.0
2024-04-24 13:31:00,WIMI,1.0398999452590942,1.0398999452590942,1.0398999452590942,1.034999966621399,1.0354000329971313,1454.0
2024-04-24 13:31:00,WING,365.0,365.0,365.0,365.0,365.0,1437.0
2024-04-24 13:31:00,WISA,5.960999965667725,5.960999965667725,6.028600215911865,5.960999965667725,6.0015997886657715,9982.0
2024-04-24 13:31:00,WIX,122.04000091552734,122.04000091552734,122.11000061035156,121.87999725341797,122.0,8027.0
2024-04-24 13:31:00,WKHS,0.16300000250339508,0.16300000250339508,0.163100004196167,0.1615999937057495,0.1615999937057495,10710.0
2024-04-24 13:31:00,WKME,7.900000095367432,7.900000095367432,7.900000095367432,7.900000095367432,7.900000095367432,288.0
2024-04-24 13:31:00,WSBC,28.31999969482422,28.31999969482422,28.31999969482422,28.31999969482422,28.31999969482422,107.0
2024-04-24 13:31:00,WSC,37.790000915527344,37.790000915527344,37.790000915527344,37.77000045776367,37.779998779296875,1316.0
2024-04-24 13:31:00,WSFS,44.58000183105469,44.58000183105469,44.58000183105469,44.56999969482422,44.56999969482422,1032.0
2024-04-24 13:31:00,WW,1.684999942779541,1.684999942779541,1.684999942779541,1.6800999641418457,1.6800999641418457,989.0
2024-04-24 13:31:00,WYNN,97.03299713134766,97.03299713134766,97.04000091552734,97.03299713134766,97.04000091552734,731.0
2024-04-24 13:31:00,XEL,55.5099983215332,55.5099983215332,55.529998779296875,55.5099983215332,55.529998779296875,11540.0
2024-04-24 13:31:00,XENE,40.15999984741211,40.15999984741211,40.15999984741211,40.15999984741211,40.15999984741211,927.0
2024-04-24 13:31:00,XERS,1.7799999713897705,1.7799999713897705,1.7799999713897705,1.7649999856948853,1.7699999809265137,4768.0
2024-04-24 13:31:00,XMTR,17.045000076293945,17.045000076293945,17.045000076293945,17.030000686645508,17.030000686645508,1365.0
2024-04-24 13:31:00,XNCR,18.600000381469727,18.600000381469727,18.600000381469727,18.600000381469727,18.600000381469727,330.0
2024-04-24 13:31:00,XP,20.604999542236328,20.604999542236328,20.610000610351562,20.59000015258789,20.59000015258789,19567.0
2024-04-24 13:31:00,XRX,14.364999771118164,14.364999771118164,14.390000343322754,14.364999771118164,14.375,20753.0
2024-04-24 13:31:00,XXII,1.898900032043457,1.898900032043457,1.898900032043457,1.8949999809265137,1.8949999809265137,726.0
2024-04-24 13:31:00,YMAB,15.155599594116211,15.155599594116211,15.155599594116211,15.155599594116211,15.155599594116211,1035.0
2024-04-24 13:31:00,Z,43.45000076293945,43.45000076293945,43.45000076293945,43.439998626708984,43.439998626708984,2434.0
2024-04-24 13:31:00,ZBRA,276.9750061035156,276.9750061035156,277.1700134277344,276.7650146484375,276.8399963378906,2744.0
2024-04-24 13:31:00,ZG,42.96989822387695,42.96989822387695,42.96989822387695,42.95000076293945,42.95000076293945,1676.0
2024-04-24 13:31:00,ZI,15.850000381469727,15.850000381469727,15.850000381469727,15.846099853515625,15.850000381469727,1015.0
2024-04-24 13:31:00,ZION,42.18000030517578,42.18000030517578,42.189998626708984,42.18000030517578,42.18000030517578,1617.0
2024-04-24 13:31:00,ZLAB,15.630000114440918,15.630000114440918,15.630000114440918,15.630000114440918,15.630000114440918,1004.0
2024-04-24 13:31:00,ZM,61.494998931884766,61.494998931884766,61.52000045776367,61.4900016784668,61.5099983215332,4476.0
2024-04-24 13:31:00,ZNTL,11.84000015258789,11.84000015258789,11.850000381469727,11.800000190734863,11.800000190734863,6534.0
2024-04-24 13:31:00,ZS,178.61000061035156,178.61000061035156,178.61000061035156,178.5,178.58999633789062,2772.0
2024-04-24 13:31:00,ZUMZ,17.229999542236328,17.229999542236328,17.229999542236328,17.219999313354492,17.219999313354492,1035.0
2024-04-24 13:31:00,ZYME,8.600000381469727,8.600000381469727,8.600000381469727,8.600000381469727,8.600000381469727,408.0
2024-04-24 13:32:00,DIBS,5.400000095367432,5.400000095367432,5.409999847412109,5.400000095367432,5.40500020980835,14033.0
2024-04-24 13:32:00,FDMT,24.739999771118164,24.739999771118164,24.739999771118164,24.739999771118164,24.739999771118164,112.0
2024-04-24 13:32:00,MAPS,1.0800000429153442,1.0800000429153442,1.0800000429153442,1.0800000429153442,1.0800000429153442,200.0
2024-04-24 13:32:00,ME,0.4722999930381775,0.4722999930381775,0.4722999930381775,0.47209998965263367,0.4722999930381775,2355.0
2024-04-24 13:32:00,SEAT,5.880000114440918,5.880000114440918,5.880000114440918,5.880000114440918,5.880000114440918,402.0
2024-04-24 13:32:00,TWOU,0.24289999902248383,0.24289999902248383,0.24289999902248383,0.24279999732971191,0.24279999732971191,5413.0
2024-04-24 13:32:00,VCTR,49.619998931884766,49.619998931884766,49.64500045776367,49.619998931884766,49.6349983215332,1332.0
2024-04-24 13:32:00,VERU,1.3300000429153442,1.3300000429153442,1.3300000429153442,1.3200000524520874,1.3200000524520874,800.0
2024-04-24 13:32:00,VERV,6.639999866485596,6.639999866485596,6.650000095367432,6.639999866485596,6.650000095367432,2008.0
2024-04-24 13:32:00,VERX,29.049999237060547,29.049999237060547,29.049999237060547,29.049999237060547,29.049999237060547,1893.0
2024-04-24 13:32:00,VFF,1.3167999982833862,1.3167999982833862,1.3167999982833862,1.3167999982833862,1.3167999982833862,2037.0
2024-04-24 13:32:00,VFS,2.494999885559082,2.494999885559082,2.494999885559082,2.494999885559082,2.494999885559082,0.0
2024-04-24 13:32:00,VIAV,7.992499828338623,7.992499828338623,8.0,7.992499828338623,8.0,481.0
2024-04-24 13:32:00,VIR,8.229999542236328,8.229999542236328,8.234999656677246,8.229999542236328,8.234999656677246,1629.0
2024-04-24 13:32:00,VIRT,22.3799991607666,22.3799991607666,22.385000228881836,22.3799991607666,22.3799991607666,1231.0
2024-04-24 13:32:00,VIRX,0.8396999835968018,0.8396999835968018,0.8396999835968018,0.8396999835968018,0.8396999835968018,1100.0
2024-04-24 13:32:00,VITL,26.899999618530273,26.899999618530273,26.899999618530273,26.885000228881836,26.885000228881836,2663.0
2024-04-24 13:32:00,VKTX,65.55500030517578,65.55500030517578,65.55500030517578,65.4800033569336,65.48999786376953,1426.0
2024-04-24 13:32:00,VMD,7.994999885559082,7.994999885559082,7.994999885559082,7.980000019073486,7.980000019073486,4468.0
2024-04-24 13:32:00,VMEO,3.5350000858306885,3.5350000858306885,3.5399999618530273,3.5350000858306885,3.5399999618530273,850.0
2024-04-24 13:32:00,VOD,8.600000381469727,8.600000381469727,8.606900215148926,8.600000381469727,8.606900215148926,988.0
2024-04-24 13:32:00,VRRM,24.280000686645508,24.280000686645508,24.284700393676758,24.280000686645508,24.284700393676758,912.0
2024-04-24 13:32:00,VSAT,16.389999389648438,16.389999389648438,16.405000686645508,16.389999389648438,16.405000686645508,2062.0
2024-04-24 13:32:00,VTRS,11.430000305175781,11.430000305175781,11.430000305175781,11.430000305175781,11.430000305175781,837.0
2024-04-24 13:32:00,VUZI,1.2999999523162842,1.2999999523162842,1.2999999523162842,1.2999999523162842,1.2999999523162842,835.0
2024-04-24 13:32:00,VWE,0.2750000059604645,0.2750000059604645,0.28600001335144043,0.27129998803138733,0.28600001335144043,4580.0
2024-04-24 13:32:00,VYGR,7.579999923706055,7.579999923706055,7.579999923706055,7.579999923706055,7.579999923706055,200.0
2024-04-24 13:32:00,WAFD,28.149999618530273,28.149999618530273,28.149999618530273,28.149999618530273,28.149999618530273,420.0
2024-04-24 13:32:00,WB,8.364999771118164,8.364999771118164,8.369999885559082,8.364999771118164,8.364999771118164,729.0
2024-04-24 13:32:00,WBA,17.70009994506836,17.70009994506836,17.704999923706055,17.690000534057617,17.700000762939453,15923.0
2024-04-24 13:32:00,WBD,8.335000038146973,8.335000038146973,8.34000015258789,8.329999923706055,8.333000183105469,10809.0
2024-04-24 13:32:00,WBUY,0.320499986410141,0.320499986410141,0.320499986410141,0.320499986410141,0.320499986410141,550.0
2024-04-24 13:32:00,WDAY,256.79998779296875,256.79998779296875,256.79998779296875,256.7099914550781,256.7099914550781,1049.0
2024-04-24 13:32:00,WDC,69.33999633789062,69.33999633789062,69.37999725341797,69.29000091552734,69.37999725341797,20391.0
2024-04-24 13:32:00,WERN,35.11000061035156,35.11000061035156,35.11000061035156,35.099998474121094,35.099998474121094,905.0
2024-04-24 13:32:00,WFRD,122.4800033569336,122.4800033569336,122.4800033569336,122.4800033569336,122.4800033569336,679.0
2024-04-24 13:32:00,WHLR,0.13989999890327454,0.13989999890327454,0.13989999890327454,0.13989999890327454,0.13989999890327454,3523.0
2024-04-24 13:32:00,WIMI,1.034999966621399,1.034999966621399,1.034999966621399,1.034999966621399,1.034999966621399,237.0
2024-04-24 13:32:00,WISA,6.002099990844727,6.002099990844727,6.039899826049805,5.960000038146973,5.999899864196777,16117.0
2024-04-24 13:32:00,WIX,122.05500030517578,122.05500030517578,122.13999938964844,122.05500030517578,122.13999938964844,1049.0
2024-04-24 13:32:00,WKHS,0.16329999268054962,0.16329999268054962,0.16339999437332153,0.163100004196167,0.163100004196167,3916.0
2024-04-24 13:32:00,WLDS,0.46639999747276306,0.46639999747276306,0.46639999747276306,0.46639999747276306,0.46639999747276306,200.0
2024-04-24 13:32:00,WNEB,6.550000190734863,6.550000190734863,6.550000190734863,6.550000190734863,6.550000190734863,384.0
2024-04-24 13:32:00,WRAP,1.98989999294281,1.98989999294281,1.98989999294281,1.98989999294281,1.98989999294281,1403.0
2024-04-24 13:32:00,WSBC,28.280000686645508,28.280000686645508,28.30500030517578,28.280000686645508,28.30500030517578,1382.0
2024-04-24 13:32:00,WSBF,12.029999732971191,12.029999732971191,12.050000190734863,12.029999732971191,12.050000190734863,1239.0
2024-04-24 13:32:00,WSC,37.779998779296875,37.779998779296875,37.810001373291016,37.779998779296875,37.810001373291016,1236.0
2024-04-24 13:32:00,WW,1.690000057220459,1.690000057220459,1.690000057220459,1.690000057220459,1.690000057220459,427.0
2024-04-24 13:32:00,WYNN,97.0199966430664,97.0199966430664,97.04519653320312,97.0199966430664,97.02999877929688,702.0
2024-04-24 13:32:00,XEL,55.525001525878906,55.525001525878906,55.525001525878906,55.51499938964844,55.51499938964844,1968.0
2024-04-24 13:32:00,XERS,1.7799999713897705,1.7799999713897705,1.7799999713897705,1.774999976158142,1.774999976158142,1706.0
2024-04-24 13:32:00,XFOR,1.2597999572753906,1.2597999572753906,1.2597999572753906,1.2597999572753906,1.2597999572753906,410.0
2024-04-24 13:32:00,XNCR,18.610000610351562,18.610000610351562,18.610000610351562,18.610000610351562,18.610000610351562,693.0
2024-04-24 13:32:00,XP,20.600000381469727,20.600000381469727,20.604999542236328,20.59000015258789,20.600000381469727,5283.0
2024-04-24 13:32:00,XPEL,54.529998779296875,54.529998779296875,54.529998779296875,54.529998779296875,54.529998779296875,404.0
2024-04-24 13:32:00,XRX,14.360099792480469,14.360099792480469,14.369999885559082,14.360099792480469,14.364999771118164,3470.0
2024-04-24 13:32:00,XXII,1.899899959564209,1.899899959564209,1.899899959564209,1.8907999992370605,1.8997999429702759,2150.0
2024-04-24 13:32:00,YORW,35.66999816894531,35.66999816894531,35.66999816894531,35.66999816894531,35.66999816894531,699.0
2024-04-24 13:32:00,Z,43.459999084472656,43.459999084472656,43.459999084472656,43.459999084472656,43.459999084472656,1154.0
2024-04-24 13:32:00,ZD,51.779998779296875,51.779998779296875,51.779998779296875,51.779998779296875,51.779998779296875,1262.0
2024-04-24 13:32:00,ZI,15.850000381469727,15.850000381469727,15.850000381469727,15.845000267028809,15.850000381469727,2018.0
2024-04-24 13:32:00,ZION,42.150001525878906,42.150001525878906,42.150001525878906,42.150001525878906,42.150001525878906,632.0
2024-04-24 13:32:00,ZM,61.4900016784668,61.4900016784668,61.499900817871094,61.47999954223633,61.499900817871094,3513.0
2024-04-24 13:32:00,ZS,178.4149932861328,178.4149932861328,178.48500061035156,178.38999938964844,178.48500061035156,2075.0
2024-04-24 13:32:00,ZUMZ,17.229999542236328,17.229999542236328,17.229999542236328,17.229999542236328,17.229999542236328,385.0
2024-04-24 13:33:00,COCO,24.139999389648438,24.139999389648438,24.139999389648438,24.1299991607666,24.1299991607666,903.0
2024-04-24 13:33:00,DIBS,5.400000095367432,5.400000095367432,5.409999847412109,5.400000095367432,5.400000095367432,8063.0
2024-04-24 13:33:00,FDMT,24.739999771118164,24.739999771118164,24.739999771118164,24.739999771118164,24.739999771118164,116.0
2024-04-24 13:33:00,MASS,5.730000019073486,5.730000019073486,5.730000019073486,5.730000019073486,5.730000019073486,1024.0
2024-04-24 13:33:00,ME,0.4722999930381775,0.4722999930381775,0.4724000096321106,0.4717999994754791,0.4724000096321106,3259.0
2024-04-24 13:33:00,TSVT,4.355000019073486,4.355000019073486,4.355000019073486,4.355000019073486,4.355000019073486,202.0
2024-04-24 13:33:00,TWOU,0.24289999902248383,0.24289999902248383,0.24289999902248383,0.24279999732971191,0.24279999732971191,9252.0
2024-04-24 13:33:00,TXG,27.489999771118164,27.489999771118164,27.489999771118164,27.489999771118164,27.489999771118164,973.0
2024-04-24 13:33:00,VC,111.09500122070312,111.09500122070312,111.09500122070312,111.09500122070312,111.09500122070312,256.0
2024-04-24 13:33:00,VCTR,49.775001525878906,49.775001525878906,49.79999923706055,49.61000061035156,49.61000061035156,24255.0
2024-04-24 13:33:00,VERU,1.3224999904632568,1.3224999904632568,1.3224999904632568,1.3200000524520874,1.3200000524520874,807.0
2024-04-24 13:33:00,VERV,6.644999980926514,6.644999980926514,6.644999980926514,6.644999980926514,6.644999980926514,242.0
2024-04-24 13:33:00,VERX,29.040000915527344,29.040000915527344,29.059999465942383,29.020000457763672,29.059999465942383,5160.0
2024-04-24 13:33:00,VIAV,7.994999885559082,7.994999885559082,8.0,7.994999885559082,8.0,736.0
2024-04-24 13:33:00,VIR,8.225000381469727,8.225000381469727,8.225000381469727,8.225000381469727,8.225000381469727,463.0
2024-04-24 13:33:00,VIRC,10.704999923706055,10.704999923706055,10.720000267028809,10.699999809265137,10.699999809265137,1040.0
2024-04-24 13:33:00,VIRT,22.420000076293945,22.420000076293945,22.434999465942383,22.3700008392334,22.375,16604.0
2024-04-24 13:33:00,VIVK,1.590000033378601,1.590000033378601,1.590000033378601,1.5800000429153442,1.5800000429153442,1100.0
2024-04-24 13:33:00,VKTX,65.44000244140625,65.44000244140625,65.56999969482422,65.44000244140625,65.55220031738281,5296.0
2024-04-24 13:33:00,VLCN,0.2565000057220459,0.2565000057220459,0.2565000057220459,0.2565000057220459,0.2565000057220459,377.0
2024-04-24 13:33:00,VMD,7.980000019073486,7.980000019073486,7.994999885559082,7.980000019073486,7.994999885559082,1191.0
2024-04-24 13:33:00,VMEO,3.5399999618530273,3.5399999618530273,3.5399999618530273,3.5350000858306885,3.5399999618530273,3224.0
2024-04-24 13:33:00,VOD,8.600000381469727,8.600000381469727,8.600000381469727,8.600000381469727,8.600000381469727,210.0
2024-04-24 13:33:00,VOR,1.7599999904632568,1.7599999904632568,1.7599999904632568,1.7599999904632568,1.7599999904632568,227.0
2024-04-24 13:33:00,VRDN,13.270600318908691,13.270600318908691,13.289999961853027,13.270600318908691,13.289999961853027,1262.0
2024-04-24 13:33:00,VRNA,15.604999542236328,15.604999542236328,15.609999656677246,15.604999542236328,15.609999656677246,332.0
2024-04-24 13:33:00,VRRM,24.270000457763672,24.270000457763672,24.270000457763672,24.270000457763672,24.270000457763672,187.0
2024-04-24 13:33:00,VSAT,16.3700008392334,16.3700008392334,16.385000228881836,16.3700008392334,16.385000228881836,982.0
2024-04-24 13:33:00,VTNR,1.5449999570846558,1.5449999570846558,1.5449999570846558,1.5410000085830688,1.5410000085830688,10764.0
2024-04-24 13:33:00,VTRS,11.425000190734863,11.425000190734863,11.430000305175781,11.425000190734863,11.430000305175781,1700.0
2024-04-24 13:33:00,VYGR,7.570000171661377,7.570000171661377,7.585000038146973,7.570000171661377,7.585000038146973,1273.0
2024-04-24 13:33:00,WAFD,28.139999389648438,28.139999389648438,28.139999389648438,28.139999389648438,28.139999389648438,1077.0
2024-04-24 13:33:00,WASH,26.250099182128906,26.250099182128906,26.250099182128906,26.250099182128906,26.250099182128906,2749.0
2024-04-24 13:33:00,WB,8.354999542236328,8.354999542236328,8.359999656677246,8.354999542236328,8.359999656677246,2780.0
2024-04-24 13:33:00,WBA,17.700000762939453,17.700000762939453,17.709999084472656,17.700000762939453,17.704999923706055,7535.0
2024-04-24 13:33:00,WBD,8.335000038146973,8.335000038146973,8.34000015258789,8.333100318908691,8.335000038146973,7829.0
2024-04-24 13:33:00,WDAY,256.6300048828125,256.6300048828125,256.7200012207031,256.6300048828125,256.7200012207031,1192.0
2024-04-24 13:33:00,WDC,69.30999755859375,69.30999755859375,69.33999633789062,69.30000305175781,69.31999969482422,7941.0
2024-04-24 13:33:00,WEN,19.954999923706055,19.954999923706055,19.969999313354492,19.954999923706055,19.969999313354492,3022.0
2024-04-24 13:33:00,WERN,35.099998474121094,35.099998474121094,35.099998474121094,35.099998474121094,35.099998474121094,873.0
2024-04-24 13:33:00,WFRD,123.05999755859375,123.05999755859375,123.06500244140625,122.5199966430664,122.5199966430664,13022.0
2024-04-24 13:33:00,WHLR,0.13989999890327454,0.13989999890327454,0.13989999890327454,0.13989999890327454,0.13989999890327454,0.0
2024-04-24 13:33:00,WIMI,1.034999966621399,1.034999966621399,1.034999966621399,1.031499981880188,1.031499981880188,771.0
2024-04-24 13:33:00,WISA,5.860000133514404,5.860000133514404,5.999899864196777,5.855999946594238,5.978899955749512,29287.0
2024-04-24 13:33:00,WKHS,0.16329999268054962,0.16329999268054962,0.16329999268054962,0.16329999268054962,0.16329999268054962,987.0
2024-04-24 13:33:00,WMG,32.154998779296875,32.154998779296875,32.16999816894531,32.154998779296875,32.16999816894531,1513.0
2024-04-24 13:33:00,WSBF,12.005000114440918,12.005000114440918,12.010000228881836,12.0,12.010000228881836,1055.0
2024-04-24 13:33:00,WSC,37.79999923706055,37.79999923706055,37.810001373291016,37.79999923706055,37.810001373291016,517.0
2024-04-24 13:33:00,WSFS,44.599998474121094,44.599998474121094,44.599998474121094,44.599998474121094,44.599998474121094,1480.0
2024-04-24 13:33:00,WW,1.684999942779541,1.684999942779541,1.6898000240325928,1.6799999475479126,1.684999942779541,6319.0
2024-04-24 13:33:00,WYNN,96.98999786376953,96.98999786376953,97.0199966430664,96.98999786376953,97.0199966430664,2017.0
2024-04-24 13:33:00,XEL,55.472900390625,55.472900390625,55.525001525878906,55.472900390625,55.525001525878906,9788.0
2024-04-24 13:33:00,XENE,40.1349983215332,40.1349983215332,40.1349983215332,40.1349983215332,40.1349983215332,142.0
2024-04-24 13:33:00,XERS,1.774999976158142,1.774999976158142,1.774999976158142,1.774999976158142,1.774999976158142,2900.0
2024-04-24 13:33:00,XFOR,1.2598999738693237,1.2598999738693237,1.2599999904632568,1.2549999952316284,1.2599999904632568,2117.0
2024-04-24 13:33:00,XLO,1.059999942779541,1.059999942779541,1.059999942779541,1.059999942779541,1.059999942779541,277.0
2024-04-24 13:33:00,XMTR,17.03499984741211,17.03499984741211,17.049999237060547,17.024999618530273,17.049999237060547,2305.0
2024-04-24 13:33:00,XP,20.584999084472656,20.584999084472656,20.600000381469727,20.579999923706055,20.594999313354492,10935.0
2024-04-24 13:33:00,XPEL,54.52000045776367,54.52000045776367,54.52000045776367,54.52000045776367,54.52000045776367,385.0
2024-04-24 13:33:00,XRX,14.345000267028809,14.345000267028809,14.369999885559082,14.345000267028809,14.364999771118164,5031.0
2024-04-24 13:33:00,XXII,1.9198999404907227,1.9198999404907227,1.9198999404907227,1.8997000455856323,1.899999976158142,18969.0
2024-04-24 13:33:00,YMAB,15.149999618530273,15.149999618530273,15.149999618530273,15.149999618530273,15.149999618530273,199.0
2024-04-24 13:33:00,Z,43.470001220703125,43.470001220703125,43.48500061035156,43.45000076293945,43.459999084472656,2623.0
2024-04-24 13:33:00,ZG,42.95000076293945,42.95000076293945,42.959999084472656,42.95000076293945,42.959999084472656,510.0
2024-04-24 13:33:00,ZI,15.845000267028809,15.845000267028809,15.845000267028809,15.845000267028809,15.845000267028809,1373.0
2024-04-24 13:33:00,ZION,42.18000030517578,42.18000030517578,42.18000030517578,42.15999984741211,42.15999984741211,23722.0
2024-04-24 13:33:00,ZLAB,15.625,15.625,15.625,15.625,15.625,302.0
2024-04-24 13:33:00,ZM,61.4900016784668,61.4900016784668,61.494998931884766,61.48099899291992,61.48500061035156,4137.0
2024-04-24 13:33:00,ZS,178.27499389648438,178.27499389648438,178.3300018310547,178.27499389648438,178.32000732421875,1311.0
2024-04-24 13:33:00,ZUMZ,17.239999771118164,17.239999771118164,17.239999771118164,17.239999771118164,17.239999771118164,400.0
2024-04-24 13:33:00,ZVSA,0.6086999773979187,0.6086999773979187,0.6086999773979187,0.6086999773979187,0.6086999773979187,287.0
2024-04-24 13:34:00,DIBS,5.400000095367432,5.400000095367432,5.409999847412109,5.400000095367432,5.400000095367432,2517.0
2024-04-24 13:34:00,DSP,8.545000076293945,8.545000076293945,8.545000076293945,8.545000076293945,8.545000076293945,300.0
2024-04-24 13:34:00,EGHT,2.359999895095825,2.359999895095825,2.359999895095825,2.359999895095825,2.359999895095825,3952.0
2024-04-24 13:34:00,FLWS,9.109999656677246,9.109999656677246,9.109999656677246,9.109999656677246,9.109999656677246,200.0
2024-04-24 13:34:00,FREE,4.820000171661377,4.820000171661377,4.820000171661377,4.820000171661377,4.820000171661377,143.0
2024-04-24 13:34:00,MAPS,1.0749000310897827,1.0749000310897827,1.0749000310897827,1.0749000310897827,1.0749000310897827,5500.0
2024-04-24 13:34:00,ME,0.47189998626708984,0.47189998626708984,0.4722999930381775,0.47189998626708984,0.47189998626708984,2702.0
2024-04-24 13:34:00,SEAT,5.875,5.875,5.875,5.875,5.875,667.0
2024-04-24 13:34:00,TWOU,0.24279999732971191,0.24279999732971191,0.24289999902248383,0.24279999732971191,0.24289999902248383,5054.0
2024-04-24 13:34:00,TXG,27.479999542236328,27.479999542236328,27.489999771118164,27.479999542236328,27.489999771118164,1586.0
2024-04-24 13:34:00,VCTR,49.81999969482422,49.81999969482422,49.81999969482422,49.81999969482422,49.81999969482422,239.0
2024-04-24 13:34:00,VERU,1.3200000524520874,1.3200000524520874,1.3300000429153442,1.3200000524520874,1.3224999904632568,2268.0
2024-04-24 13:34:00,VERV,6.644999980926514,6.644999980926514,6.646900177001953,6.644999980926514,6.646900177001953,396.0
2024-04-24 13:34:00,VFS,2.490000009536743,2.490000009536743,2.494999885559082,2.4809000492095947,2.490000009536743,11806.0
2024-04-24 13:34:00,VIRT,22.40920066833496,22.40920066833496,22.420000076293945,22.389999389648438,22.40999984741211,3498.0
2024-04-24 13:34:00,VISL,3.949899911880493,3.949899911880493,3.949899911880493,3.949899911880493,3.949899911880493,446.0
2024-04-24 13:34:00,VLCN,0.25450000166893005,0.25450000166893005,0.2574999928474426,0.25450000166893005,0.2574999928474426,2200.0
2024-04-24 13:34:00,VMD,7.989999771118164,7.989999771118164,7.989999771118164,7.989999771118164,7.989999771118164,1015.0
2024-04-24 13:34:00,VMEO,3.5399999618530273,3.5399999618530273,3.5399999618530273,3.5399999618530273,3.5399999618530273,502.0
2024-04-24 13:34:00,VOD,8.607500076293945,8.607500076293945,8.607500076293945,8.600000381469727,8.604999542236328,1611.0
2024-04-24 13:34:00,VRNA,15.604999542236328,15.604999542236328,15.604999542236328,15.604999542236328,15.604999542236328,116.0
2024-04-24 13:34:00,VRRM,24.274999618530273,24.274999618530273,24.274999618530273,24.274999618530273,24.274999618530273,685.0
2024-04-24 13:34:00,VRTX,400.04998779296875,400.04998779296875,400.04998779296875,400.04998779296875,400.04998779296875,547.0
2024-04-24 13:34:00,VSAT,16.364999771118164,16.364999771118164,16.3700008392334,16.364999771118164,16.3700008392334,413.0
2024-04-24 13:34:00,VTNR,1.5049999952316284,1.5049999952316284,1.5449999570846558,1.5049999952316284,1.5420000553131104,124194.0
2024-04-24 13:34:00,VTRS,11.430000305175781,11.430000305175781,11.430000305175781,11.425000190734863,11.430000305175781,1656.0
2024-04-24 13:34:00,VUZI,1.2899999618530273,1.2899999618530273,1.2899999618530273,1.2899999618530273,1.2899999618530273,200.0
2024-04-24 13:34:00,VWE,0.26460000872612,0.26460000872612,0.26460000872612,0.26460000872612,0.26460000872612,3100.0
2024-04-24 13:34:00,VYGR,7.570000171661377,7.570000171661377,7.570000171661377,7.570000171661377,7.570000171661377,204.0
2024-04-24 13:34:00,WBA,17.700000762939453,17.700000762939453,17.704999923706055,17.700000762939453,17.704999923706055,6445.0
2024-04-24 13:34:00,WBD,8.335000038146973,8.335000038146973,8.34000015258789,8.329999923706055,8.335000038146973,3105.0
2024-04-24 13:34:00,WDAY,256.6700134277344,256.6700134277344,256.6700134277344,256.6549987792969,256.6549987792969,1564.0
2024-04-24 13:34:00,WDC,69.33000183105469,69.33000183105469,69.33999633789062,69.29750061035156,69.33000183105469,7345.0
2024-04-24 13:34:00,WEN,19.954999923706055,19.954999923706055,19.959999084472656,19.954999923706055,19.954999923706055,2326.0
2024-04-24 13:34:00,WERN,35.165000915527344,35.165000915527344,35.165000915527344,35.150001525878906,35.150001525878906,831.0
2024-04-24 13:34:00,WFRD,123.00499725341797,123.00499725341797,123.06999969482422,122.98999786376953,122.98999786376953,1474.0
2024-04-24 13:34:00,WIMI,1.0303000211715698,1.0303000211715698,1.0303000211715698,1.0303000211715698,1.0303000211715698,1000.0
2024-04-24 13:34:00,WING,364.95489501953125,364.95489501953125,364.95489501953125,364.95489501953125,364.95489501953125,307.0
2024-04-24 13:34:00,WISA,5.909999847412109,5.909999847412109,5.920000076293945,5.860099792480469,5.869999885559082,3114.0
2024-04-24 13:34:00,WKHS,0.16339999437332153,0.16339999437332153,0.16339999437332153,0.16339999437332153,0.16339999437332153,791.0
2024-04-24 13:34:00,WMG,32.150699615478516,32.150699615478516,32.154998779296875,32.14500045776367,32.154998779296875,2837.0
2024-04-24 13:34:00,WSBF,12.0,12.0,12.0,12.0,12.0,4846.0
2024-04-24 13:34:00,WSC,37.83000183105469,37.83000183105469,37.83000183105469,37.79999923706055,37.79999923706055,1222.0
2024-04-24 13:34:00,WVE,5.179999828338623,5.179999828338623,5.179999828338623,5.175000190734863,5.175000190734863,3955.0
2024-04-24 13:34:00,WW,1.6799999475479126,1.6799999475479126,1.6799999475479126,1.6799999475479126,1.6799999475479126,447.0
2024-04-24 13:34:00,XEL,55.48500061035156,55.48500061035156,55.48500061035156,55.470001220703125,55.470001220703125,2753.0
2024-04-24 13:34:00,XENE,40.1349983215332,40.1349983215332,40.13999938964844,40.1349983215332,40.13999938964844,921.0
2024-04-24 13:34:00,XERS,1.774999976158142,1.774999976158142,1.774999976158142,1.7700999975204468,1.7700999975204468,1805.0
2024-04-24 13:34:00,XNCR,18.614999771118164,18.614999771118164,18.614999771118164,18.614999771118164,18.614999771118164,181.0
2024-04-24 13:34:00,XP,20.579999923706055,20.579999923706055,20.584999084472656,20.579999923706055,20.584999084472656,1222.0
2024-04-24 13:34:00,XPEL,54.529998779296875,54.529998779296875,54.529998779296875,54.529998779296875,54.529998779296875,648.0
2024-04-24 13:34:00,XRX,14.345000267028809,14.345000267028809,14.349699974060059,14.345000267028809,14.345000267028809,5380.0
2024-04-24 13:34:00,XXII,1.9294999837875366,1.9294999837875366,1.9299999475479126,1.9121999740600586,1.9199999570846558,18039.0
2024-04-24 13:34:00,YMAB,15.155400276184082,15.155400276184082,15.155400276184082,15.155400276184082,15.155400276184082,4340.0
2024-04-24 13:34:00,YTEN,0.23880000412464142,0.23880000412464142,0.23880000412464142,0.23880000412464142,0.23880000412464142,1248.0
2024-04-24 13:34:00,ZBRA,276.9599914550781,276.9599914550781,276.9599914550781,276.9599914550781,276.9599914550781,329.0
2024-04-24 13:34:00,ZENV,2.180000066757202,2.180000066757202,2.180000066757202,2.180000066757202,2.180000066757202,100.0
2024-04-24 13:34:00,ZI,15.83650016784668,15.83650016784668,15.84000015258789,15.829999923706055,15.84000015258789,7097.0
2024-04-24 13:34:00,ZIMV,15.779999732971191,15.779999732971191,15.779999732971191,15.779999732971191,15.779999732971191,626.0
2024-04-24 13:34:00,ZLAB,15.604999542236328,15.604999542236328,15.609999656677246,15.600000381469727,15.600000381469727,1068.0
2024-04-24 13:34:00,ZM,61.5,61.5,61.5,61.5,61.5,896.0
2024-04-24 13:34:00,ZS,178.27000427246094,178.27000427246094,178.27000427246094,178.16160583496094,178.16160583496094,1121.0
2024-04-24 13:34:00,ZYXI,11.359999656677246,11.359999656677246,11.359999656677246,11.359999656677246,11.359999656677246,1957.0
2024-04-24 13:35:00,DSP,8.529999732971191,8.529999732971191,8.545999526977539,8.529999732971191,8.545999526977539,581.0
2024-04-24 13:35:00,ETNB,8.569999694824219,8.569999694824219,8.569999694824219,8.569999694824219,8.569999694824219,776.0
2024-04-24 13:35:00,FLWS,9.109999656677246,9.109999656677246,9.109999656677246,9.109999656677246,9.109999656677246,100.0
2024-04-24 13:35:00,MAPS,1.0800000429153442,1.0800000429153442,1.0800000429153442,1.0800000429153442,1.0800000429153442,0.0
2024-04-24 13:35:00,MASS,5.71999979019165,5.71999979019165,5.71999979019165,5.710000038146973,5.71999979019165,1597.0
2024-04-24 13:35:00,ME,0.4722999930381775,0.4722999930381775,0.4738999903202057,0.47189998626708984,0.47189998626708984,15574.0
2024-04-24 13:35:00,TWOU,0.24269999563694,0.24269999563694,0.24279999732971191,0.24269999563694,0.24269999563694,1915.0
2024-04-24 13:35:00,TXG,27.459999084472656,27.459999084472656,27.459999084472656,27.459999084472656,27.459999084472656,4190.0
2024-04-24 13:35:00,VC,110.98999786376953,110.98999786376953,111.05999755859375,110.98999786376953,111.05999755859375,2151.0
2024-04-24 13:35:00,VCTR,49.7400016784668,49.7400016784668,49.79999923706055,49.7400016784668,49.79999923706055,1048.0
2024-04-24 13:35:00,VERU,1.3224999904632568,1.3224999904632568,1.3300000429153442,1.3200000524520874,1.3200000524520874,2636.0
2024-04-24 13:35:00,VERV,6.644999980926514,6.644999980926514,6.644999980926514,6.644999980926514,6.644999980926514,147.0
2024-04-24 13:35:00,VERX,29.030000686645508,29.030000686645508,29.030000686645508,29.030000686645508,29.030000686645508,623.0
2024-04-24 13:35:00,VFF,1.3200000524520874,1.3200000524520874,1.3200000524520874,1.3200000524520874,1.3200000524520874,0.0
2024-04-24 13:35:00,VIAV,7.998899936676025,7.998899936676025,7.998899936676025,7.998899936676025,7.998899936676025,268.0
2024-04-24 13:35:00,VICR,31.8700008392334,31.8700008392334,31.8700008392334,31.8700008392334,31.8700008392334,213.0
2024-04-24 13:35:00,VINC,0.9199000000953674,0.9199000000953674,0.9199000000953674,0.9199000000953674,0.9199000000953674,3064.0
2024-04-24 13:35:00,VIR,8.225000381469727,8.225000381469727,8.225000381469727,8.225000381469727,8.225000381469727,714.0
2024-04-24 13:35:00,VIRT,22.395000457763672,22.395000457763672,22.415000915527344,22.395000457763672,22.405000686645508,2308.0
2024-04-24 13:35:00,VKTX,65.6500015258789,65.6500015258789,65.73999786376953,65.5199966430664,65.5199966430664,10282.0
2024-04-24 13:35:00,VLCN,0.2540000081062317,0.2540000081062317,0.2542000114917755,0.2540000081062317,0.2540000081062317,2750.0
2024-04-24 13:35:00,VMEO,3.5350000858306885,3.5350000858306885,3.5350000858306885,3.5350000858306885,3.5350000858306885,848.0
2024-04-24 13:35:00,VOD,8.604999542236328,8.604999542236328,8.604999542236328,8.604999542236328,8.604999542236328,854.0
2024-04-24 13:35:00,VOR,1.7549999952316284,1.7549999952316284,1.7549999952316284,1.7549999952316284,1.7549999952316284,350.0
2024-04-24 13:35:00,VOXX,6.960000038146973,6.960000038146973,6.960000038146973,6.960000038146973,6.960000038146973,1908.0
2024-04-24 13:35:00,VRDN,13.270000457763672,13.270000457763672,13.270000457763672,13.270000457763672,13.270000457763672,1056.0
2024-04-24 13:35:00,VRNA,15.619999885559082,15.619999885559082,15.619999885559082,15.604999542236328,15.604999542236328,2041.0
2024-04-24 13:35:00,VRRM,24.25,24.25,24.260000228881836,24.239999771118164,24.260000228881836,2185.0
2024-04-24 13:35:00,VRTX,400.0299987792969,400.0299987792969,400.0299987792969,400.0299987792969,400.0299987792969,273.0
2024-04-24 13:35:00,VSAT,16.364999771118164,16.364999771118164,16.364999771118164,16.364999771118164,16.364999771118164,604.0
2024-04-24 13:35:00,VSEC,78.40499877929688,78.40499877929688,78.42500305175781,78.40499877929688,78.42500305175781,876.0
2024-04-24 13:35:00,VTGN,4.739999771118164,4.739999771118164,4.739999771118164,4.739999771118164,4.739999771118164,234.0
2024-04-24 13:35:00,VTNR,1.5049999952316284,1.5049999952316284,1.5098999738693237,1.5049999952316284,1.5098999738693237,0.0
2024-04-24 13:35:00,VTRS,11.425000190734863,11.425000190734863,11.430000305175781,11.425000190734863,11.430000305175781,1670.0
2024-04-24 13:35:00,VUZI,1.2899999618530273,1.2899999618530273,1.2899999618530273,1.2899999618530273,1.2899999618530273,300.0
2024-04-24 13:35:00,VVOS,2.5971999168395996,2.5971999168395996,2.5971999168395996,2.5971999168395996,2.5971999168395996,478.0
2024-04-24 13:35:00,VWE,0.2646999955177307,0.2646999955177307,0.2646999955177307,0.2646999955177307,0.2646999955177307,3900.0
2024-04-24 13:35:00,VYGR,7.570000171661377,7.570000171661377,7.570000171661377,7.570000171661377,7.570000171661377,202.0
2024-04-24 13:35:00,WBA,17.69499969482422,17.69499969482422,17.704999923706055,17.690000534057617,17.702999114990234,17906.0
2024-04-24 13:35:00,WBD,8.335000038146973,8.335000038146973,8.335000038146973,8.329999923706055,8.335000038146973,4079.0
2024-04-24 13:35:00,WBUY,0.32499998807907104,0.32499998807907104,0.32499998807907104,0.32499998807907104,0.32499998807907104,1475.0
2024-04-24 13:35:00,WDAY,256.6050109863281,256.6050109863281,256.6050109863281,256.6050109863281,256.6050109863281,624.0
2024-04-24 13:35:00,WDC,69.30999755859375,69.30999755859375,69.33000183105469,69.30000305175781,69.31999969482422,6197.0
2024-04-24 13:35:00,WEN,19.950000762939453,19.950000762939453,19.950000762939453,19.950000762939453,19.950000762939453,956.0
2024-04-24 13:35:00,WERN,35.130001068115234,35.130001068115234,35.150001525878906,35.11000061035156,35.150001525878906,2684.0
2024-04-24 13:35:00,WFRD,122.98400115966797,122.98400115966797,122.98999786376953,122.98400115966797,122.98999786376953,918.0
2024-04-24 13:35:00,WHFCL,25.1299991607666,25.1299991607666,25.1299991607666,25.1299991607666,25.1299991607666,179.0
2024-04-24 13:35:00,WIMI,1.034999966621399,1.034999966621399,1.034999966621399,1.0299999713897705,1.030900001525879,31172.0
2024-04-24 13:35:00,WING,364.87701416015625,364.87701416015625,364.87701416015625,364.87701416015625,364.87701416015625,827.0
2024-04-24 13:35:00,WISA,5.945000171661377,5.945000171661377,5.949999809265137,5.926000118255615,5.926000118255615,9334.0
2024-04-24 13:35:00,WIX,121.93000030517578,121.93000030517578,122.03500366210938,121.93000030517578,122.03500366210938,1346.0
2024-04-24 13:35:00,WKHS,0.16329999268054962,0.16329999268054962,0.16339999437332153,0.16329999268054962,0.16339999437332153,54475.0
2024-04-24 13:35:00,WLDS,0.474700003862381,0.474700003862381,0.474700003862381,0.474700003862381,0.474700003862381,717.0
2024-04-24 13:35:00,WMG,32.14500045776367,32.14500045776367,32.14500045776367,32.14500045776367,32.14500045776367,369.0
2024-04-24 13:35:00,WSC,37.83000183105469,37.83000183105469,37.84000015258789,37.83000183105469,37.83000183105469,939.0
2024-04-24 13:35:00,WTW,264.2149963378906,264.2149963378906,264.2149963378906,264.2149963378906,264.2149963378906,1023.0
2024-04-24 13:35:00,WVE,5.175000190734863,5.175000190734863,5.175000190734863,5.170000076293945,5.170000076293945,1423.0
2024-04-24 13:35:00,WW,1.690000057220459,1.690000057220459,1.690000057220459,1.684999942779541,1.690000057220459,820.0
2024-04-24 13:35:00,WWD,149.56500244140625,149.56500244140625,149.56500244140625,149.56500244140625,149.56500244140625,347.0
2024-04-24 13:35:00,WYNN,96.95999908447266,96.95999908447266,97.01000213623047,96.95999908447266,97.01000213623047,1257.0
2024-04-24 13:35:00,XBIT,8.260000228881836,8.260000228881836,8.3149995803833,8.260000228881836,8.3149995803833,1178.0
2024-04-24 13:35:00,XEL,55.459999084472656,55.459999084472656,55.48500061035156,55.45500183105469,55.48500061035156,9469.0
2024-04-24 13:35:00,XENE,40.08000183105469,40.08000183105469,40.08000183105469,40.08000183105469,40.08000183105469,499.0
2024-04-24 13:35:00,XFOR,1.2598999738693237,1.2598999738693237,1.2598999738693237,1.2598999738693237,1.2598999738693237,802.0
2024-04-24 13:35:00,XMTR,17.030000686645508,17.030000686645508,17.030000686645508,17.030000686645508,17.030000686645508,382.0
2024-04-24 13:35:00,XNCR,18.610000610351562,18.610000610351562,18.610000610351562,18.600000381469727,18.600000381469727,2427.0
2024-04-24 13:35:00,XP,20.575000762939453,20.575000762939453,20.584999084472656,20.575000762939453,20.584999084472656,9125.0
2024-04-24 13:35:00,XPEL,54.810001373291016,54.810001373291016,54.810001373291016,54.584999084472656,54.584999084472656,917.0
2024-04-24 13:35:00,XRX,14.345000267028809,14.345000267028809,14.349800109863281,14.345000267028809,14.345000267028809,1600.0
2024-04-24 13:35:00,XXII,1.899999976158142,1.899999976158142,1.940000057220459,1.899999976158142,1.9199999570846558,43485.0
2024-04-24 13:35:00,YJ,0.8102999925613403,0.8102999925613403,0.8102999925613403,0.8100000023841858,0.8101000189781189,2411.0
2024-04-24 13:35:00,Z,43.459999084472656,43.459999084472656,43.459999084472656,43.459999084472656,43.459999084472656,539.0
2024-04-24 13:35:00,ZBRA,277.1000061035156,277.1000061035156,277.1050109863281,277.1000061035156,277.1050109863281,972.0
2024-04-24 13:35:00,ZG,42.93479919433594,42.93479919433594,42.93479919433594,42.93479919433594,42.93479919433594,529.0
2024-04-24 13:35:00,ZIMV,15.770000457763672,15.770000457763672,15.770000457763672,15.770000457763672,15.770000457763672,432.0
2024-04-24 13:35:00,ZION,42.16999816894531,42.16999816894531,42.18000030517578,42.16999816894531,42.18000030517578,4587.0
2024-04-24 13:35:00,ZLAB,15.630000114440918,15.630000114440918,15.630000114440918,15.630000114440918,15.630000114440918,461.0
2024-04-24 13:35:00,ZM,61.505001068115234,61.505001068115234,61.505001068115234,61.4900016784668,61.5,4662.0
2024-04-24 13:35:00,ZNTL,11.800000190734863,11.800000190734863,11.8100004196167,11.800000190734863,11.8100004196167,1449.0
2024-04-24 13:35:00,ZS,178.2449951171875,178.2449951171875,178.2449951171875,178.2100067138672,178.2100067138672,677.0
2024-04-24 13:35:00,ZUMZ,17.229999542236328,17.229999542236328,17.229999542236328,17.229999542236328,17.229999542236328,584.0
2024-04-24 13:35:00,ZVSA,0.6075000166893005,0.6075000166893005,0.6075000166893005,0.6075000166893005,0.6075000166893005,297.0
2024-04-24 13:36:00,COCO,24.139999389648438,24.139999389648438,24.139999389648438,24.139999389648438,24.139999389648438,191.0
2024-04-24 13:36:00,FDMT,24.780000686645508,24.780000686645508,24.780000686645508,24.780000686645508,24.780000686645508,383.0
2024-04-24 13:36:00,FEAM,1.149999976158142,1.149999976158142,1.149999976158142,1.149999976158142,1.149999976158142,370.0
2024-04-24 13:36:00,FLWS,9.109999656677246,9.109999656677246,9.109999656677246,9.109999656677246,9.109999656677246,67.0
2024-04-24 13:36:00,MAPS,1.0800000429153442,1.0800000429153442,1.0800000429153442,1.0750000476837158,1.0750000476837158,900.0
2024-04-24 13:36:00,MASS,5.690000057220459,5.690000057220459,5.704999923706055,5.690000057220459,5.704999923706055,778.0
2024-04-24 13:36:00,ME,0.4722999930381775,0.4722999930381775,0.4724000096321106,0.47209998965263367,0.4722999930381775,8945.0
2024-04-24 13:36:00,SCWO,1.340000033378601,1.340000033378601,1.340000033378601,1.340000033378601,1.340000033378601,200.0
2024-04-24 13:36:00,SEAT,5.875,5.875,5.875,5.875,5.875,1135.0
2024-04-24 13:36:00,TWOU,0.2425999939441681,0.2425999939441681,0.24279999732971191,0.2425999939441681,0.24269999563694,2036.0
2024-04-24 13:36:00,VCTR,49.77000045776367,49.77000045776367,49.77000045776367,49.77000045776367,49.77000045776367,442.0
2024-04-24 13:36:00,VERU,1.3224999904632568,1.3224999904632568,1.3300000429153442,1.3200000524520874,1.3200000524520874,2109.0
2024-04-24 13:36:00,VERV,6.644999980926514,6.644999980926514,6.644999980926514,6.644999980926514,6.644999980926514,828.0
2024-04-24 13:36:00,VERX,29.059999465942383,29.059999465942383,29.059999465942383,29.059999465942383,29.059999465942383,105.0
2024-04-24 13:36:00,VIAV,8.0,8.0,8.0,8.0,8.0,577.0
2024-04-24 13:36:00,VINC,0.9199000000953674,0.9199000000953674,0.9200000166893005,0.9199000000953674,0.9200000166893005,1710.0
2024-04-24 13:36:00,VIRT,22.43000030517578,22.43000030517578,22.43000030517578,22.389999389648438,22.389999389648438,5483.0
2024-04-24 13:36:00,VITL,26.920000076293945,26.920000076293945,26.920000076293945,26.920000076293945,26.920000076293945,1201.0
2024-04-24 13:36:00,VIVK,1.559999942779541,1.559999942779541,1.559999942779541,1.559999942779541,1.559999942779541,247.0
2024-04-24 13:36:00,VKTX,65.75,65.75,65.80000305175781,65.7300033569336,65.7300033569336,5040.0
2024-04-24 13:36:00,VLCN,0.2524999976158142,0.2524999976158142,0.2565999925136566,0.2524999976158142,0.2540999948978424,4600.0
2024-04-24 13:36:00,VMEO,3.5399999618530273,3.5399999618530273,3.5399999618530273,3.5399999618530273,3.5399999618530273,963.0
2024-04-24 13:36:00,VNOM,39.834999084472656,39.834999084472656,39.834999084472656,39.81999969482422,39.81999969482422,1559.0
2024-04-24 13:36:00,VOD,8.602700233459473,8.602700233459473,8.604999542236328,8.600000381469727,8.604999542236328,1303.0
2024-04-24 13:36:00,VRRM,24.260000228881836,24.260000228881836,24.260000228881836,24.239999771118164,24.239999771118164,3066.0
2024-04-24 13:36:00,VRTX,400.010009765625,400.010009765625,400.010009765625,399.9800109863281,399.989990234375,623.0
2024-04-24 13:36:00,VSAT,16.360000610351562,16.360000610351562,16.364999771118164,16.360000610351562,16.360000610351562,1099.0
2024-04-24 13:36:00,VTNR,1.5049999952316284,1.5049999952316284,1.5099999904632568,1.5019999742507935,1.5049999952316284,3446.0
2024-04-24 13:36:00,VTRS,11.430000305175781,11.430000305175781,11.430000305175781,11.425000190734863,11.425000190734863,4252.0
2024-04-24 13:36:00,VUZI,1.2999999523162842,1.2999999523162842,1.2999999523162842,1.2949999570846558,1.2949999570846558,1500.0
2024-04-24 13:36:00,WALD,5.284999847412109,5.284999847412109,5.284999847412109,5.284999847412109,5.284999847412109,120.0
2024-04-24 13:36:00,WBA,17.704999923706055,17.704999923706055,17.708799362182617,17.690000534057617,17.69499969482422,25961.0
2024-04-24 13:36:00,WBD,8.330699920654297,8.330699920654297,8.335000038146973,8.330699920654297,8.335000038146973,2846.0
2024-04-24 13:36:00,WDAY,256.5899963378906,256.5899963378906,256.6260070800781,256.55999755859375,256.55999755859375,1046.0
2024-04-24 13:36:00,WDC,69.24030303955078,69.24030303955078,69.31999969482422,69.20999908447266,69.31999969482422,15316.0
2024-04-24 13:36:00,WEN,19.950300216674805,19.950300216674805,19.950300216674805,19.950300216674805,19.950300216674805,650.0
2024-04-24 13:36:00,WFRD,122.91999816894531,122.91999816894531,122.91999816894531,122.91999816894531,122.91999816894531,776.0
2024-04-24 13:36:00,WHFCL,25.1299991607666,25.1299991607666,25.1299991607666,25.1299991607666,25.1299991607666,200.0
2024-04-24 13:36:00,WHLM,6.440000057220459,6.440000057220459,6.449999809265137,6.429999828338623,6.429999828338623,1123.0
2024-04-24 13:36:00,WIMI,1.0365999937057495,1.0365999937057495,1.0398999452590942,1.034999966621399,1.034999966621399,13817.0
2024-04-24 13:36:00,WING,364.80999755859375,364.80999755859375,364.80999755859375,364.80999755859375,364.80999755859375,144.0
2024-04-24 13:36:00,WISA,5.920000076293945,5.920000076293945,5.960000038146973,5.897299766540527,5.93310022354126,7708.0
2024-04-24 13:36:00,WIX,121.9800033569336,121.9800033569336,121.9800033569336,121.86499786376953,121.86499786376953,1390.0
2024-04-24 13:36:00,WKHS,0.163100004196167,0.163100004196167,0.16329999268054962,0.16269999742507935,0.16329999268054962,113450.0
2024-04-24 13:36:00,WMG,32.119998931884766,32.119998931884766,32.14500045776367,32.119998931884766,32.14500045776367,3636.0
2024-04-24 13:36:00,WSBF,12.029999732971191,12.029999732971191,12.039999961853027,12.029999732971191,12.039999961853027,1226.0
2024-04-24 13:36:00,WSC,37.86000061035156,37.86000061035156,37.86000061035156,37.83000183105469,37.86000061035156,4052.0
2024-04-24 13:36:00,WTW,264.3924865722656,264.3924865722656,264.3924865722656,264.3924865722656,264.3924865722656,1135.0
2024-04-24 13:36:00,WVE,5.179999828338623,5.179999828338623,5.179999828338623,5.175000190734863,5.175000190734863,231.0
2024-04-24 13:36:00,WW,1.690000057220459,1.690000057220459,1.690000057220459,1.690000057220459,1.690000057220459,873.0
2024-04-24 13:36:00,WYNN,97.02999877929688,97.02999877929688,97.02999877929688,96.94000244140625,96.94999694824219,3064.0
2024-04-24 13:36:00,XBIT,8.220000267028809,8.220000267028809,8.220000267028809,8.220000267028809,8.220000267028809,247.0
2024-04-24 13:36:00,XEL,55.474998474121094,55.474998474121094,55.474998474121094,55.459999084472656,55.459999084472656,6733.0
2024-04-24 13:36:00,XFOR,1.2599999904632568,1.2599999904632568,1.2599999904632568,1.2599999904632568,1.2599999904632568,65.0
2024-04-24 13:36:00,XMTR,17.030000686645508,17.030000686645508,17.030000686645508,17.030000686645508,17.030000686645508,188.0
2024-04-24 13:36:00,XNCR,18.610000610351562,18.610000610351562,18.610000610351562,18.610000610351562,18.610000610351562,954.0
2024-04-24 13:36:00,XP,20.56999969482422,20.56999969482422,20.575000762939453,20.565000534057617,20.575000762939453,11470.0
2024-04-24 13:36:00,XRX,14.399999618530273,14.399999618530273,14.399999618530273,14.345000267028809,14.345000267028809,20250.0
2024-04-24 13:36:00,XXII,1.9040000438690186,1.9040000438690186,1.9040000438690186,1.899999976158142,1.899999976158142,10423.0
2024-04-24 13:36:00,YMAB,15.1850004196167,15.1850004196167,15.1850004196167,15.1850004196167,15.1850004196167,110.0
2024-04-24 13:36:00,Z,43.459999084472656,43.459999084472656,43.459999084472656,43.459999084472656,43.459999084472656,924.0
2024-04-24 13:36:00,ZD,51.810001373291016,51.810001373291016,51.810001373291016,51.810001373291016,51.810001373291016,531.0
2024-04-24 13:36:00,ZI,15.835000038146973,15.835000038146973,15.835000038146973,15.835000038146973,15.835000038146973,358.0
2024-04-24 13:36:00,ZION,42.189998626708984,42.189998626708984,42.189998626708984,42.15999984741211,42.15999984741211,2202.0
2024-04-24 13:36:00,ZLAB,15.600000381469727,15.600000381469727,15.600000381469727,15.600000381469727,15.600000381469727,532.0
2024-04-24 13:36:00,ZM,61.4900016784668,61.4900016784668,61.5,61.4900016784668,61.5,3282.0
2024-04-24 13:36:00,ZNTL,11.760000228881836,11.760000228881836,11.789999961853027,11.760000228881836,11.789999961853027,1546.0
2024-04-24 13:36:00,ZS,178.1699981689453,178.1699981689453,178.30999755859375,178.1699981689453,178.17999267578125,4429.0
2024-04-24 13:36:00,ZUMZ,17.21500015258789,17.21500015258789,17.21500015258789,17.21500015258789,17.21500015258789,309.0
2024-04-24 13:36:00,ZURA,3.559999942779541,3.559999942779541,3.559999942779541,3.4800000190734863,3.4800000190734863,5124.0
2024-04-24 13:36:00,ZYME,8.600000381469727,8.600000381469727,8.600000381469727,8.600000381469727,8.600000381469727,488.0
2024-04-24 13:37:00,COCO,24.170000076293945,24.170000076293945,24.170000076293945,24.15999984741211,24.15999984741211,655.0
2024-04-24 13:37:00,ETNB,8.579999923706055,8.579999923706055,8.579999923706055,8.579999923706055,8.579999923706055,1313.0
2024-04-24 13:37:00,FLWS,9.130000114440918,9.130000114440918,9.130000114440918,9.130000114440918,9.130000114440918,543.0
2024-04-24 13:37:00,MAPS,1.0800000429153442,1.0800000429153442,1.0800000429153442,1.0800000429153442,1.0800000429153442,291.0
2024-04-24 13:37:00,ME,0.47360000014305115,0.47360000014305115,0.4772999882698059,0.4722000062465668,0.4722999930381775,13378.0
2024-04-24 13:37:00,SCWO,1.3300000429153442,1.3300000429153442,1.3300000429153442,1.3300000429153442,1.3300000429153442,100.0
2024-04-24 13:37:00,SEAT,5.889999866485596,5.889999866485596,5.900000095367432,5.880000114440918,5.880000114440918,54489.0
2024-04-24 13:37:00,TSVT,4.355000019073486,4.355000019073486,4.355000019073486,4.355000019073486,4.355000019073486,9.0
2024-04-24 13:37:00,TWOU,0.24120000004768372,0.24120000004768372,0.24240000545978546,0.23960000276565552,0.24240000545978546,1700.0
2024-04-24 13:37:00,TXG,27.489999771118164,27.489999771118164,27.489999771118164,27.479999542236328,27.479999542236328,876.0
2024-04-24 13:37:00,VC,111.04000091552734,111.04000091552734,111.04000091552734,111.02999877929688,111.02999877929688,963.0
2024-04-24 13:37:00,VERU,1.3200000524520874,1.3200000524520874,1.3200000524520874,1.3200000524520874,1.3200000524520874,533.0
2024-04-24 13:37:00,VERV,6.644999980926514,6.644999980926514,6.644999980926514,6.639999866485596,6.644999980926514,914.0
2024-04-24 13:37:00,VERX,28.959999084472656,28.959999084472656,29.045000076293945,28.959999084472656,29.045000076293945,4896.0
2024-04-24 13:37:00,VFF,1.309999942779541,1.309999942779541,1.309999942779541,1.309999942779541,1.309999942779541,4456.0
2024-04-24 13:37:00,VIR,8.225000381469727,8.225000381469727,8.225000381469727,8.225000381469727,8.225000381469727,186.0
2024-04-24 13:37:00,VIRC,10.720000267028809,10.720000267028809,10.720000267028809,10.720000267028809,10.720000267028809,320.0
2024-04-24 13:37:00,VIRT,22.420000076293945,22.420000076293945,22.440000534057617,22.420000076293945,22.440000534057617,3458.0
2024-04-24 13:37:00,VKTX,65.82389831542969,65.82389831542969,65.82990264892578,65.79000091552734,65.80000305175781,3970.0
2024-04-24 13:37:00,VLCN,0.2513999938964844,0.2513999938964844,0.2572999894618988,0.2513999938964844,0.2572999894618988,20309.0
2024-04-24 13:37:00,VMEO,3.5350000858306885,3.5350000858306885,3.5350000858306885,3.5350000858306885,3.5350000858306885,245.0
2024-04-24 13:37:00,VNOM,39.85499954223633,39.85499954223633,39.85499954223633,39.85499954223633,39.85499954223633,451.0
2024-04-24 13:37:00,VOD,8.604999542236328,8.604999542236328,8.609999656677246,8.604999542236328,8.609999656677246,489.0
2024-04-24 13:37:00,VOR,1.75,1.75,1.75,1.75,1.75,105.0
2024-04-24 13:37:00,VRNA,15.569999694824219,15.569999694824219,15.569999694824219,15.569999694824219,15.569999694824219,420.0
2024-04-24 13:37:00,VRRM,24.28499984741211,24.28499984741211,24.290000915527344,24.274999618530273,24.274999618530273,1526.0
2024-04-24 13:37:00,VRTX,400.19000244140625,400.19000244140625,400.2200012207031,400.14849853515625,400.14849853515625,1711.0
2024-04-24 13:37:00,VSAT,16.3700008392334,16.3700008392334,16.3700008392334,16.3700008392334,16.3700008392334,1433.0
2024-04-24 13:37:00,VSEC,78.48999786376953,78.48999786376953,78.48999786376953,78.48999786376953,78.48999786376953,709.0
2024-04-24 13:37:00,VTNR,1.50600004196167,1.50600004196167,1.50600004196167,1.500100016593933,1.5049999952316284,2563.0
2024-04-24 13:37:00,VTRS,11.430000305175781,11.430000305175781,11.430000305175781,11.425000190734863,11.430000305175781,2095.0
2024-04-24 13:37:00,VUZI,1.2899999618530273,1.2899999618530273,1.2899999618530273,1.2899999618530273,1.2899999618530273,0.0
2024-04-24 13:37:00,VYGR,7.579999923706055,7.579999923706055,7.579999923706055,7.574999809265137,7.574999809265137,732.0
2024-04-24 13:37:00,WB,8.364999771118164,8.364999771118164,8.364999771118164,8.359999656677246,8.359999656677246,4164.0
2024-04-24 13:37:00,WBA,17.700000762939453,17.700000762939453,17.709999084472656,17.700000762939453,17.704999923706055,6361.0
2024-04-24 13:37:00,WBD,8.335000038146973,8.335000038146973,8.335000038146973,8.329999923706055,8.335000038146973,2698.0
2024-04-24 13:37:00,WDAY,256.7449951171875,256.7449951171875,256.7449951171875,256.6499938964844,256.6499938964844,758.0
2024-04-24 13:37:00,WDC,69.31999969482422,69.31999969482422,69.31999969482422,69.25,69.25,5184.0
2024-04-24 13:37:00,WEN,19.954999923706055,19.954999923706055,19.959999084472656,19.94499969482422,19.959999084472656,6416.0
2024-04-24 13:37:00,WERN,35.15999984741211,35.15999984741211,35.165000915527344,35.15999984741211,35.165000915527344,627.0
2024-04-24 13:37:00,WEST,9.979999542236328,9.979999542236328,9.979999542236328,9.979999542236328,9.979999542236328,466.0
2024-04-24 13:37:00,WFRD,122.9000015258789,122.9000015258789,122.91999816894531,122.80000305175781,122.91999816894531,1838.0
2024-04-24 13:37:00,WHLR,0.14100000262260437,0.14100000262260437,0.14100000262260437,0.14100000262260437,0.14100000262260437,6197.0
2024-04-24 13:37:00,WIMI,1.0299999713897705,1.0299999713897705,1.0299999713897705,1.0299999713897705,1.0299999713897705,2705.0
2024-04-24 13:37:00,WING,364.760009765625,364.760009765625,364.760009765625,364.760009765625,364.760009765625,583.0
2024-04-24 13:37:00,WISA,5.889999866485596,5.889999866485596,5.9096999168396,5.889999866485596,5.889999866485596,14062.0
2024-04-24 13:37:00,WIX,121.97000122070312,121.97000122070312,121.97000122070312,121.97000122070312,121.97000122070312,302.0
2024-04-24 13:37:00,WKHS,0.1632000058889389,0.1632000058889389,0.16329999268054962,0.1632000058889389,0.1632000058889389,23043.0
2024-04-24 13:37:00,WMG,32.11000061035156,32.11000061035156,32.119998931884766,32.11000061035156,32.119998931884766,395.0
2024-04-24 13:37:00,WSC,37.880001068115234,37.880001068115234,37.88999938964844,37.875,37.88999938964844,1602.0
2024-04-24 13:37:00,WTW,264.4100036621094,264.4100036621094,264.4100036621094,264.3599853515625,264.3599853515625,888.0
2024-04-24 13:37:00,WVE,5.210000038146973,5.210000038146973,5.210000038146973,5.179999828338623,5.179999828338623,3690.0
2024-04-24 13:37:00,WW,1.684999942779541,1.684999942779541,1.684999942779541,1.6799999475479126,1.684999942779541,8433.0
2024-04-24 13:37:00,WYNN,97.05999755859375,97.05999755859375,97.05999755859375,97.05000305175781,97.05999755859375,1292.0
2024-04-24 13:37:00,XBIT,8.220000267028809,8.220000267028809,8.220000267028809,8.220000267028809,8.220000267028809,267.0
2024-04-24 13:37:00,XEL,55.474998474121094,55.474998474121094,55.474998474121094,55.46500015258789,55.474998474121094,4427.0
2024-04-24 13:37:00,XENE,40.08000183105469,40.08000183105469,40.08000183105469,40.08000183105469,40.08000183105469,654.0
2024-04-24 13:37:00,XMTR,17.030000686645508,17.030000686645508,17.030000686645508,17.030000686645508,17.030000686645508,413.0
2024-04-24 13:37:00,XP,20.575000762939453,20.575000762939453,20.575000762939453,20.55500030517578,20.565000534057617,9273.0
2024-04-24 13:37:00,XPEL,54.7400016784668,54.7400016784668,54.7400016784668,54.7400016784668,54.7400016784668,939.0
2024-04-24 13:37:00,XRX,14.425000190734863,14.425000190734863,14.425000190734863,14.399999618530273,14.399999618530273,4377.0
2024-04-24 13:37:00,XXII,1.9083000421524048,1.9083000421524048,1.909999966621399,1.899999976158142,1.909999966621399,1504.0
2024-04-24 13:37:00,YMAB,15.199999809265137,15.199999809265137,15.199999809265137,15.199999809265137,15.199999809265137,642.0
2024-04-24 13:37:00,Z,43.47999954223633,43.47999954223633,43.5,43.470001220703125,43.47999954223633,5100.0
2024-04-24 13:37:00,ZG,42.970001220703125,42.970001220703125,42.97999954223633,42.970001220703125,42.97999954223633,1760.0
2024-04-24 13:37:00,ZI,15.84000015258789,15.84000015258789,15.845000267028809,15.835000038146973,15.835000038146973,6250.0
2024-04-24 13:37:00,ZIMV,15.770000457763672,15.770000457763672,15.770000457763672,15.770000457763672,15.770000457763672,698.0
2024-04-24 13:37:00,ZIONP,20.09000015258789,20.09000015258789,20.09000015258789,20.09000015258789,20.09000015258789,0.0
2024-04-24 13:37:00,ZLAB,15.619999885559082,15.619999885559082,15.619999885559082,15.619999885559082,15.619999885559082,398.0
2024-04-24 13:37:00,ZM,61.540000915527344,61.540000915527344,61.540000915527344,61.494998931884766,61.5,4870.0
2024-04-24 13:37:00,ZS,178.47000122070312,178.47000122070312,178.47000122070312,178.25,178.25,2227.0
2024-04-24 13:37:00,ZURA,3.4000000953674316,3.4000000953674316,3.4000000953674316,3.4000000953674316,3.4000000953674316,1138.0
2024-04-24 13:37:00,ZYME,8.600000381469727,8.600000381469727,8.600000381469727,8.600000381469727,8.600000381469727,759.0
2024-04-24 13:38:00,DIBS,5.400000095367432,5.400000095367432,5.420000076293945,5.400000095367432,5.400000095367432,7318.0
2024-04-24 13:38:00,DSP,8.539999961853027,8.539999961853027,8.550000190734863,8.539999961853027,8.550000190734863,578.0
2024-04-24 13:38:00,ETNB,8.600000381469727,8.600000381469727,8.600000381469727,8.600000381469727,8.600000381469727,382.0
2024-04-24 13:38:00,FDMT,24.795000076293945,24.795000076293945,24.795000076293945,24.790000915527344,24.790000915527344,225.0
2024-04-24 13:38:00,ME,0.4733999967575073,0.4733999967575073,0.47360000014305115,0.4724999964237213,0.4724999964237213,9218.0
2024-04-24 13:38:00,SCWO,1.3300000429153442,1.3300000429153442,1.3300000429153442,1.3300000429153442,1.3300000429153442,200.0
2024-04-24 13:38:00,SEAT,5.900000095367432,5.900000095367432,5.90500020980835,5.900000095367432,5.900000095367432,48820.0
2024-04-24 13:38:00,SRCE,50.665000915527344,50.665000915527344,50.665000915527344,50.665000915527344,50.665000915527344,486.0
2024-04-24 13:38:00,TSVT,4.360000133514404,4.360000133514404,4.360000133514404,4.355000019073486,4.355000019073486,1229.0
2024-04-24 13:38:00,TWOU,0.2425999939441681,0.2425999939441681,0.24279999732971191,0.24240000545978546,0.24279999732971191,2102.0
2024-04-24 13:38:00,TXG,27.489999771118164,27.489999771118164,27.5,27.489999771118164,27.5,2721.0
2024-04-24 13:38:00,VERU,1.3350000381469727,1.3350000381469727,1.340000033378601,1.3300000429153442,1.3300000429153442,6625.0
2024-04-24 13:38:00,VERV,6.65500020980835,6.65500020980835,6.65500020980835,6.644999980926514,6.650000095367432,1845.0
2024-04-24 13:38:00,VERX,29.03499984741211,29.03499984741211,29.03499984741211,29.010000228881836,29.010000228881836,1167.0
2024-04-24 13:38:00,VFF,1.309999942779541,1.309999942779541,1.315000057220459,1.309999942779541,1.315000057220459,2574.0
2024-04-24 13:38:00,VIAV,8.005000114440918,8.005000114440918,8.005000114440918,8.0,8.0,1859.0
2024-04-24 13:38:00,VICR,32.099998474121094,32.099998474121094,32.11000061035156,31.95989990234375,31.95989990234375,3489.0
2024-04-24 13:38:00,VIGL,2.759999990463257,2.759999990463257,2.819999933242798,2.690000057220459,2.690000057220459,15637.0
2024-04-24 13:38:00,VIR,8.225000381469727,8.225000381469727,8.225000381469727,8.225000381469727,8.225000381469727,275.0
2024-04-24 13:38:00,VKTX,65.9000015258789,65.9000015258789,65.9000015258789,65.83000183105469,65.83000183105469,3689.0
2024-04-24 13:38:00,VMEO,3.5350000858306885,3.5350000858306885,3.5350000858306885,3.5350000858306885,3.5350000858306885,1251.0
2024-04-24 13:38:00,VNOM,39.88999938964844,39.88999938964844,39.88999938964844,39.86000061035156,39.86000061035156,1455.0
2024-04-24 13:38:00,VOD,8.604999542236328,8.604999542236328,8.609999656677246,8.600000381469727,8.604999542236328,1123.0
2024-04-24 13:38:00,VRRM,24.260000228881836,24.260000228881836,24.28499984741211,24.260000228881836,24.28499984741211,2249.0
2024-04-24 13:38:00,VSAT,16.399999618530273,16.399999618530273,16.399999618530273,16.385000228881836,16.385000228881836,1350.0
2024-04-24 13:38:00,VTNR,1.5,1.5,1.5099999904632568,1.5,1.5049999952316284,25605.0
2024-04-24 13:38:00,VTRS,11.430000305175781,11.430000305175781,11.4350004196167,11.425000190734863,11.430000305175781,14968.0
2024-04-24 13:38:00,VYGR,7.579999923706055,7.579999923706055,7.579999923706055,7.579999923706055,7.579999923706055,215.0
2024-04-24 13:38:00,WAFD,28.135000228881836,28.135000228881836,28.135000228881836,28.135000228881836,28.135000228881836,1341.0
2024-04-24 13:38:00,WB,8.364999771118164,8.364999771118164,8.375,8.364999771118164,8.369999885559082,3590.0
2024-04-24 13:38:00,WBA,17.704999923706055,17.704999923706055,17.706300735473633,17.700000762939453,17.704999923706055,7050.0
2024-04-24 13:38:00,WBD,8.335000038146973,8.335000038146973,8.34000015258789,8.329999923706055,8.329999923706055,5762.0
2024-04-24 13:38:00,WDAY,256.7200012207031,256.7200012207031,256.9100036621094,256.7200012207031,256.739990234375,3740.0
2024-04-24 13:38:00,WDC,69.34500122070312,69.34500122070312,69.37000274658203,69.32499694824219,69.32499694824219,13345.0
2024-04-24 13:38:00,WDFC,228.72000122070312,228.72000122070312,228.72000122070312,228.72000122070312,228.72000122070312,1560.0
2024-04-24 13:38:00,WEN,19.950000762939453,19.950000762939453,19.954999923706055,19.950000762939453,19.950000762939453,2017.0
2024-04-24 13:38:00,WERN,35.15999984741211,35.15999984741211,35.15999984741211,35.15999984741211,35.15999984741211,206.0
2024-04-24 13:38:00,WFRD,123.02999877929688,123.02999877929688,123.02999877929688,122.98999786376953,122.98999786376953,1275.0
2024-04-24 13:38:00,WIMI,1.0367000102996826,1.0367000102996826,1.0367000102996826,1.0305999517440796,1.0305999517440796,1127.0
2024-04-24 13:38:00,WING,364.8500061035156,364.8500061035156,364.8500061035156,364.8500061035156,364.8500061035156,778.0
2024-04-24 13:38:00,WISA,5.889999866485596,5.889999866485596,5.909200191497803,5.889999866485596,5.889999866485596,7003.0
2024-04-24 13:38:00,WIX,122.12000274658203,122.12000274658203,122.12000274658203,122.01000213623047,122.01000213623047,2649.0
2024-04-24 13:38:00,WKHS,0.16359999775886536,0.16359999775886536,0.16369999945163727,0.16329999268054962,0.16329999268054962,92301.0
2024-04-24 13:38:00,WMG,32.130001068115234,32.130001068115234,32.1349983215332,32.130001068115234,32.130001068115234,1257.0
2024-04-24 13:38:00,WSBC,28.239999771118164,28.239999771118164,28.239999771118164,28.239999771118164,28.239999771118164,342.0
2024-04-24 13:38:00,WSBF,12.079999923706055,12.079999923706055,12.079999923706055,12.059800148010254,12.0600004196167,1580.0
2024-04-24 13:38:00,WSC,37.904998779296875,37.904998779296875,37.904998779296875,37.880001068115234,37.880001068115234,3480.0
2024-04-24 13:38:00,WVE,5.210000038146973,5.210000038146973,5.210000038146973,5.200099945068359,5.200099945068359,2517.0
2024-04-24 13:38:00,WW,1.684999942779541,1.684999942779541,1.684999942779541,1.6799999475479126,1.684999942779541,751.0
2024-04-24 13:38:00,WYNN,97.09850311279297,97.09850311279297,97.12159729003906,97.08000183105469,97.08999633789062,1936.0
2024-04-24 13:38:00,XBIT,8.140000343322754,8.140000343322754,8.140000343322754,8.140000343322754,8.140000343322754,1197.0
2024-04-24 13:38:00,XEL,55.470001220703125,55.470001220703125,55.48500061035156,55.470001220703125,55.48500061035156,8363.0
2024-04-24 13:38:00,XERS,1.774999976158142,1.774999976158142,1.774999976158142,1.774999976158142,1.774999976158142,209.0
2024-04-24 13:38:00,XFOR,1.2599999904632568,1.2599999904632568,1.2599999904632568,1.2599999904632568,1.2599999904632568,504.0
2024-04-24 13:38:00,XNCR,18.6299991607666,18.6299991607666,18.6299991607666,18.610000610351562,18.610000610351562,1616.0
2024-04-24 13:38:00,XP,20.559999465942383,20.559999465942383,20.575000762939453,20.559999465942383,20.575000762939453,2859.0
2024-04-24 13:38:00,XPEL,54.845001220703125,54.845001220703125,54.845001220703125,54.83000183105469,54.83000183105469,1479.0
2024-04-24 13:38:00,XRX,14.444999694824219,14.444999694824219,14.444999694824219,14.425000190734863,14.430000305175781,4614.0
2024-04-24 13:38:00,XXII,1.9199999570846558,1.9199999570846558,1.9199999570846558,1.9089000225067139,1.9089000225067139,2130.0
2024-04-24 13:38:00,YMAB,15.233599662780762,15.233599662780762,15.233599662780762,15.233599662780762,15.233599662780762,3008.0
2024-04-24 13:38:00,Z,43.459999084472656,43.459999084472656,43.477500915527344,43.459999084472656,43.470001220703125,2781.0
2024-04-24 13:38:00,ZI,15.835000038146973,15.835000038146973,15.839900016784668,15.835000038146973,15.839900016784668,409.0
2024-04-24 13:38:00,ZIMV,15.78499984741211,15.78499984741211,15.78499984741211,15.78499984741211,15.78499984741211,468.0
2024-04-24 13:38:00,ZION,42.20000076293945,42.20000076293945,42.20000076293945,42.18000030517578,42.18000030517578,2780.0
2024-04-24 13:38:00,ZM,61.53499984741211,61.53499984741211,61.560001373291016,61.53499984741211,61.560001373291016,2507.0
2024-04-24 13:38:00,ZNTL,11.760000228881836,11.760000228881836,11.760000228881836,11.734999656677246,11.75,2438.0
2024-04-24 13:38:00,ZS,178.47999572753906,178.47999572753906,178.48500061035156,178.47999572753906,178.48500061035156,332.0
2024-04-24 13:38:00,ZURA,3.4600000381469727,3.4600000381469727,3.5,3.4000000953674316,3.4000000953674316,8468.0
2024-04-24 13:38:00,ZVSA,0.6069999933242798,0.6069999933242798,0.6072999835014343,0.6069999933242798,0.6072999835014343,422.0
2024-04-24 13:38:00,ZYME,8.619999885559082,8.619999885559082,8.619999885559082,8.614999771118164,8.614999771118164,657.0
2024-04-24 13:39:00,COCO,24.15999984741211,24.15999984741211,24.18000030517578,24.15999984741211,24.170000076293945,1248.0
2024-04-24 13:39:00,DIBS,5.400000095367432,5.400000095367432,5.409999847412109,5.400000095367432,5.400000095367432,10764.0
2024-04-24 13:39:00,DSP,8.53499984741211,8.53499984741211,8.539999961853027,8.520000457763672,8.539999961853027,2516.0
2024-04-24 13:39:00,ETNB,8.574999809265137,8.574999809265137,8.595000267028809,8.574999809265137,8.595000267028809,2106.0
2024-04-24 13:39:00,FDMT,24.760000228881836,24.760000228881836,24.760000228881836,24.760000228881836,24.760000228881836,689.0
2024-04-24 13:39:00,FREE,4.815000057220459,4.815000057220459,4.815000057220459,4.815000057220459,4.815000057220459,1113.0
2024-04-24 13:39:00,ME,0.4715000092983246,0.4715000092983246,0.4726000130176544,0.4715000092983246,0.4724999964237213,14640.0
2024-04-24 13:39:00,SCWO,1.3300000429153442,1.3300000429153442,1.3300000429153442,1.3300000429153442,1.3300000429153442,100.0
2024-04-24 13:39:00,SEAT,5.894999980926514,5.894999980926514,5.900000095367432,5.894999980926514,5.900000095367432,1327.0
2024-04-24 13:39:00,TWOU,0.24269999563694,0.24269999563694,0.24269999563694,0.24269999563694,0.24269999563694,1012.0
2024-04-24 13:39:00,TXG,27.450000762939453,27.450000762939453,27.450000762939453,27.450000762939453,27.450000762939453,1608.0
2024-04-24 13:39:00,VABK,24.489999771118164,24.489999771118164,24.549999237060547,24.489999771118164,24.549999237060547,1111.0
2024-04-24 13:39:00,VC,111.0199966430664,111.0199966430664,111.0199966430664,111.0,111.0,632.0
2024-04-24 13:39:00,VCTR,49.73500061035156,49.73500061035156,49.73500061035156,49.73500061035156,49.73500061035156,256.0
2024-04-24 13:39:00,VERU,1.340000033378601,1.340000033378601,1.340000033378601,1.340000033378601,1.340000033378601,1045.0
2024-04-24 13:39:00,VERV,6.650000095367432,6.650000095367432,6.650000095367432,6.644999980926514,6.650000095367432,2688.0
2024-04-24 13:39:00,VFS,2.490000009536743,2.490000009536743,2.490000009536743,2.484999895095825,2.484999895095825,1246.0
2024-04-24 13:39:00,VIAV,8.0,8.0,8.005000114440918,8.0,8.005000114440918,6110.0
2024-04-24 13:39:00,VICR,31.90999984741211,31.90999984741211,32.04800033569336,31.90999984741211,32.04800033569336,2801.0
2024-04-24 13:39:00,VIR,8.225000381469727,8.225000381469727,8.225000381469727,8.225000381469727,8.225000381469727,458.0
2024-04-24 13:39:00,VIRT,22.405000686645508,22.405000686645508,22.415000915527344,22.405000686645508,22.415000915527344,1582.0
2024-04-24 13:39:00,VITL,26.920000076293945,26.920000076293945,26.922000885009766,26.920000076293945,26.922000885009766,559.0
2024-04-24 13:39:00,VKTX,65.75,65.75,65.83000183105469,65.75,65.75,4171.0
2024-04-24 13:39:00,VMD,7.985000133514404,7.985000133514404,7.985000133514404,7.985000133514404,7.985000133514404,420.0
2024-04-24 13:39:00,VOD,8.604999542236328,8.604999542236328,8.604999542236328,8.603899955749512,8.603899955749512,987.0
2024-04-24 13:39:00,VRDN,13.300000190734863,13.300000190734863,13.300000190734863,13.289999961853027,13.289999961853027,1131.0
2024-04-24 13:39:00,VRNA,15.5649995803833,15.5649995803833,15.5649995803833,15.5600004196167,15.5600004196167,203.0
2024-04-24 13:39:00,VRRM,24.270000457763672,24.270000457763672,24.270000457763672,24.25,24.25,2533.0
2024-04-24 13:39:00,VRTX,400.1449890136719,400.1449890136719,400.1449890136719,400.1449890136719,400.1449890136719,584.0
2024-04-24 13:39:00,VSAT,16.399999618530273,16.399999618530273,16.399999618530273,16.399999618530273,16.399999618530273,728.0
2024-04-24 13:39:00,VTNR,1.5016000270843506,1.5016000270843506,1.5098999738693237,1.5013999938964844,1.5013999938964844,3000.0
2024-04-24 13:39:00,VTRS,11.425000190734863,11.425000190734863,11.425000190734863,11.425000190734863,11.425000190734863,1007.0
2024-04-24 13:39:00,VYGR,7.585000038146973,7.585000038146973,7.590000152587891,7.585000038146973,7.590000152587891,449.0
2024-04-24 13:39:00,WB,8.364999771118164,8.364999771118164,8.364999771118164,8.364999771118164,8.364999771118164,731.0
2024-04-24 13:39:00,WBA,17.704999923706055,17.704999923706055,17.709999084472656,17.69499969482422,17.700000762939453,21686.0
2024-04-24 13:39:00,WBD,8.331199645996094,8.331199645996094,8.34000015258789,8.329999923706055,8.335000038146973,6134.0
2024-04-24 13:39:00,WDAY,256.5799865722656,256.5799865722656,256.7174987792969,256.5799865722656,256.7174987792969,437.0
2024-04-24 13:39:00,WDC,69.37000274658203,69.37000274658203,69.37000274658203,69.30000305175781,69.33000183105469,5397.0
2024-04-24 13:39:00,WEN,19.934999465942383,19.934999465942383,19.950000762939453,19.934999465942383,19.950000762939453,2702.0
2024-04-24 13:39:00,WERN,35.150001525878906,35.150001525878906,35.15999984741211,35.150001525878906,35.15999984741211,1166.0
2024-04-24 13:39:00,WEST,9.979999542236328,9.979999542236328,9.979999542236328,9.979999542236328,9.979999542236328,728.0
2024-04-24 13:39:00,WFRD,123.37000274658203,123.37000274658203,123.37000274658203,123.11000061035156,123.11000061035156,5522.0
2024-04-24 13:39:00,WIMI,1.0449999570846558,1.0449999570846558,1.0499000549316406,1.0300999879837036,1.031499981880188,83882.0
2024-04-24 13:39:00,WISA,5.894999980926514,5.894999980926514,5.894999980926514,5.889999866485596,5.889999866485596,2184.0
2024-04-24 13:39:00,WKHS,0.164000004529953,0.164000004529953,0.164000004529953,0.16359999775886536,0.16369999945163727,44600.0
2024-04-24 13:39:00,WLDS,0.4855000078678131,0.4855000078678131,0.4855000078678131,0.4814000129699707,0.4814000129699707,264.0
2024-04-24 13:39:00,WMG,32.13999938964844,32.13999938964844,32.13999938964844,32.130001068115234,32.130001068115234,748.0
2024-04-24 13:39:00,WSBC,28.170000076293945,28.170000076293945,28.239999771118164,28.170000076293945,28.239999771118164,2005.0
2024-04-24 13:39:00,WSBF,12.079999923706055,12.079999923706055,12.079999923706055,12.079999923706055,12.079999923706055,141.0
2024-04-24 13:39:00,WTFC,100.0999984741211,100.0999984741211,100.0999984741211,100.08999633789062,100.08999633789062,391.0
2024-04-24 13:39:00,WTW,264.5799865722656,264.5799865722656,264.5799865722656,264.5249938964844,264.5249938964844,1854.0
2024-04-24 13:39:00,WVE,5.21999979019165,5.21999979019165,5.21999979019165,5.21999979019165,5.21999979019165,1160.0
2024-04-24 13:39:00,WW,1.684999942779541,1.684999942779541,1.684999942779541,1.684999942779541,1.684999942779541,902.0
2024-04-24 13:39:00,XEL,55.439998626708984,55.439998626708984,55.439998626708984,55.435001373291016,55.439998626708984,11619.0
2024-04-24 13:39:00,XENE,40.099998474121094,40.099998474121094,40.099998474121094,40.099998474121094,40.099998474121094,387.0
2024-04-24 13:39:00,XERS,1.774999976158142,1.774999976158142,1.774999976158142,1.774999976158142,1.774999976158142,3882.0
2024-04-24 13:39:00,XFOR,1.2599999904632568,1.2599999904632568,1.2599999904632568,1.2599999904632568,1.2599999904632568,171.0
2024-04-24 13:39:00,XMTR,17.030000686645508,17.030000686645508,17.030000686645508,17.020000457763672,17.030000686645508,1264.0
2024-04-24 13:39:00,XNCR,18.645000457763672,18.645000457763672,18.649999618530273,18.645000457763672,18.649999618530273,1661.0
2024-04-24 13:39:00,XP,20.545000076293945,20.545000076293945,20.565000534057617,20.545000076293945,20.559999465942383,7581.0
2024-04-24 13:39:00,XRX,14.449999809265137,14.449999809265137,14.449999809265137,14.4399995803833,14.4399995803833,7025.0
2024-04-24 13:39:00,XXII,1.9293999671936035,1.9293999671936035,1.9299999475479126,1.9293999671936035,1.9299999475479126,5227.0
2024-04-24 13:39:00,YQ,2.75,2.75,2.75,2.75,2.75,783.0
2024-04-24 13:39:00,YTEN,0.23890000581741333,0.23890000581741333,0.23890000581741333,0.23890000581741333,0.23890000581741333,1513.0
2024-04-24 13:39:00,YTRA,1.2999999523162842,1.2999999523162842,1.3049999475479126,1.2999999523162842,1.3049999475479126,2690.0
2024-04-24 13:39:00,Z,43.41999816894531,43.41999816894531,43.45000076293945,43.41999816894531,43.45000076293945,1748.0
2024-04-24 13:39:00,ZBRA,277.3800048828125,277.3800048828125,277.3800048828125,277.3800048828125,277.3800048828125,465.0
2024-04-24 13:39:00,ZCMD,1.6648000478744507,1.6648000478744507,1.6648000478744507,1.6619999408721924,1.6619999408721924,392.0
2024-04-24 13:39:00,ZD,51.790000915527344,51.790000915527344,51.79999923706055,51.790000915527344,51.79999923706055,1096.0
2024-04-24 13:39:00,ZI,15.824999809265137,15.824999809265137,15.835000038146973,15.819999694824219,15.835000038146973,14136.0
2024-04-24 13:39:00,ZION,42.189998626708984,42.189998626708984,42.209999084472656,42.189998626708984,42.209999084472656,1993.0
2024-04-24 13:39:00,ZLAB,15.609999656677246,15.609999656677246,15.609999656677246,15.609999656677246,15.609999656677246,258.0
2024-04-24 13:39:00,ZM,61.47999954223633,61.47999954223633,61.529998779296875,61.470001220703125,61.529998779296875,5564.0
2024-04-24 13:39:00,ZS,178.50999450683594,178.50999450683594,178.5399932861328,178.47000122070312,178.47500610351562,5929.0
2024-04-24 13:39:00,ZURA,3.4000000953674316,3.4000000953674316,3.4000000953674316,3.4000000953674316,3.4000000953674316,333.0
2024-04-24 13:39:00,ZVSA,0.6079999804496765,0.6079999804496765,0.6079999804496765,0.6079999804496765,0.6079999804496765,237.0
2024-04-24 13:39:00,ZYME,8.609999656677246,8.609999656677246,8.609999656677246,8.609999656677246,8.609999656677246,1021.0
2024-04-24 13:40:00,ATNFW,0.009399999864399433,0.009399999864399433,0.009399999864399433,0.009399999864399433,0.009399999864399433,0.0
2024-04-24 13:40:00,COCO,24.15999984741211,24.15999984741211,24.170000076293945,24.15999984741211,24.170000076293945,946.0
2024-04-24 13:40:00,DIBS,5.400000095367432,5.400000095367432,5.400000095367432,5.400000095367432,5.400000095367432,706.0
2024-04-24 13:40:00,DSP,8.520000457763672,8.520000457763672,8.524999618530273,8.520000457763672,8.520000457763672,1987.0
2024-04-24 13:40:00,ETNB,8.579999923706055,8.579999923706055,8.579999923706055,8.579999923706055,8.579999923706055,623.0
2024-04-24 13:40:00,FDMT,24.774999618530273,24.774999618530273,24.774999618530273,24.774999618530273,24.774999618530273,395.0
2024-04-24 13:40:00,FREE,4.820000171661377,4.820000171661377,4.820000171661377,4.820000171661377,4.820000171661377,0.0
2024-04-24 13:40:00,MAPS,1.0850000381469727,1.0850000381469727,1.0850000381469727,1.0800000429153442,1.0800000429153442,913.0
2024-04-24 13:40:00,ME,0.4715999960899353,0.4715999960899353,0.4715999960899353,0.4715999960899353,0.4715999960899353,1168.0
2024-04-24 13:40:00,SCWO,1.3300000429153442,1.3300000429153442,1.3300000429153442,1.3300000429153442,1.3300000429153442,1.0
2024-04-24 13:40:00,TSVT,4.349999904632568,4.349999904632568,4.364999771118164,4.34499979019165,4.359899997711182,5631.0
2024-04-24 13:40:00,TWOU,0.2418999969959259,0.2418999969959259,0.2425999939441681,0.2418999969959259,0.2425999939441681,2383.0
2024-04-24 13:40:00,TXG,27.440000534057617,27.440000534057617,27.440000534057617,27.440000534057617,27.440000534057617,426.0
2024-04-24 13:40:00,VC,111.1050033569336,111.1050033569336,111.1050033569336,111.1050033569336,111.1050033569336,175.0
2024-04-24 13:40:00,VCTR,49.810001373291016,49.810001373291016,49.810001373291016,49.7599983215332,49.7599983215332,1725.0
2024-04-24 13:40:00,VERU,1.3450000286102295,1.3450000286102295,1.3550000190734863,1.3450000286102295,1.3450000286102295,6321.0
2024-04-24 13:40:00,VERX,29.010000228881836,29.010000228881836,29.030000686645508,29.0,29.030000686645508,594.0
2024-04-24 13:40:00,VFS,2.4800000190734863,2.4800000190734863,2.4800000190734863,2.4800000190734863,2.4800000190734863,2850.0
2024-04-24 13:40:00,VIAV,8.0,8.0,8.0,8.0,8.0,106.0
2024-04-24 13:40:00,VIR,8.225000381469727,8.225000381469727,8.225000381469727,8.225000381469727,8.225000381469727,233.0
2024-04-24 13:40:00,VIRT,22.415000915527344,22.415000915527344,22.420000076293945,22.405000686645508,22.40999984741211,1680.0
2024-04-24 13:40:00,VITL,26.920000076293945,26.920000076293945,26.920000076293945,26.920000076293945,26.920000076293945,1304.0
2024-04-24 13:40:00,VKTX,65.83000183105469,65.83000183105469,65.83000183105469,65.79000091552734,65.79000091552734,1674.0
2024-04-24 13:40:00,VNOM,39.939998626708984,39.939998626708984,39.939998626708984,39.91999816894531,39.91999816894531,505.0
2024-04-24 13:40:00,VOD,8.604999542236328,8.604999542236328,8.609999656677246,8.604999542236328,8.609999656677246,3236.0
2024-04-24 13:40:00,VOR,1.7510000467300415,1.7510000467300415,1.7549999952316284,1.7300000190734863,1.7549999952316284,17130.0
2024-04-24 13:40:00,VRNA,15.569999694824219,15.569999694824219,15.579999923706055,15.569999694824219,15.579999923706055,857.0
2024-04-24 13:40:00,VRTX,400.3800048828125,400.3800048828125,400.3800048828125,400.3800048828125,400.3800048828125,911.0
2024-04-24 13:40:00,VSAT,16.399999618530273,16.399999618530273,16.40999984741211,16.389999389648438,16.40999984741211,5296.0
2024-04-24 13:40:00,VTNR,1.5099999904632568,1.5099999904632568,1.5099999904632568,1.5,1.5049999952316284,26331.0
2024-04-24 13:40:00,VTRS,11.430000305175781,11.430000305175781,11.430000305175781,11.425000190734863,11.425000190734863,1025.0
2024-04-24 13:40:00,VUZI,1.2999999523162842,1.2999999523162842,1.2999999523162842,1.2999999523162842,1.2999999523162842,734.0
2024-04-24 13:40:00,VYNE,2.384999990463257,2.384999990463257,2.384999990463257,2.3399999141693115,2.3399999141693115,2800.0
2024-04-24 13:40:00,WAFD,28.170000076293945,28.170000076293945,28.170000076293945,28.15999984741211,28.15999984741211,1867.0
2024-04-24 13:40:00,WB,8.364999771118164,8.364999771118164,8.364999771118164,8.364999771118164,8.364999771118164,390.0
2024-04-24 13:40:00,WBA,17.704999923706055,17.704999923706055,17.709999084472656,17.700000762939453,17.704999923706055,10935.0
2024-04-24 13:40:00,WBD,8.335000038146973,8.335000038146973,8.335000038146973,8.335000038146973,8.335000038146973,2514.0
2024-04-24 13:40:00,WDAY,256.67401123046875,256.67401123046875,256.67401123046875,256.625,256.625,578.0
2024-04-24 13:40:00,WDC,69.36289978027344,69.36289978027344,69.44000244140625,69.36000061035156,69.38999938964844,4227.0
2024-04-24 13:40:00,WEN,19.9325008392334,19.9325008392334,19.9325008392334,19.9325008392334,19.9325008392334,488.0
2024-04-24 13:40:00,WERN,35.15999984741211,35.15999984741211,35.15999984741211,35.13999938964844,35.150001525878906,3795.0
2024-04-24 13:40:00,WFRD,123.19000244140625,123.19000244140625,123.41000366210938,123.13999938964844,123.4000015258789,9897.0
2024-04-24 13:40:00,WIMI,1.0449999570846558,1.0449999570846558,1.0499999523162842,1.0399999618530273,1.0439000129699707,18056.0
2024-04-24 13:40:00,WISA,5.889999866485596,5.889999866485596,5.900000095367432,5.889999866485596,5.897500038146973,7636.0
2024-04-24 13:40:00,WIX,121.81999969482422,121.81999969482422,121.81999969482422,121.81999969482422,121.81999969482422,1186.0
2024-04-24 13:40:00,WKHS,0.16500000655651093,0.16500000655651093,0.16500000655651093,0.1639000028371811,0.164000004529953,10409.0
2024-04-24 13:40:00,WMG,32.11000061035156,32.11000061035156,32.119998931884766,32.11000061035156,32.119998931884766,1738.0
2024-04-24 13:40:00,WSBF,12.140000343322754,12.140000343322754,12.140000343322754,12.09000015258789,12.100000381469727,1545.0
2024-04-24 13:40:00,WSC,37.90999984741211,37.90999984741211,37.90999984741211,37.90999984741211,37.90999984741211,122.0
2024-04-24 13:40:00,WTW,264.6600036621094,264.6600036621094,264.6600036621094,264.54998779296875,264.54998779296875,1202.0
2024-04-24 13:40:00,WW,1.6749999523162842,1.6749999523162842,1.684999942779541,1.6749999523162842,1.6800999641418457,22194.0
2024-04-24 13:40:00,WYNN,97.05500030517578,97.05500030517578,97.08000183105469,97.05500030517578,97.05500030517578,2873.0
2024-04-24 13:40:00,XEL,55.435001373291016,55.435001373291016,55.439998626708984,55.42499923706055,55.435001373291016,16588.0
2024-04-24 13:40:00,XENE,40.11000061035156,40.11000061035156,40.11000061035156,40.11000061035156,40.11000061035156,892.0
2024-04-24 13:40:00,XERS,1.774999976158142,1.774999976158142,1.774999976158142,1.774999976158142,1.774999976158142,242.0
2024-04-24 13:40:00,XMTR,17.040000915527344,17.040000915527344,17.040000915527344,17.040000915527344,17.040000915527344,1363.0
2024-04-24 13:40:00,XP,20.55500030517578,20.55500030517578,20.55500030517578,20.549999237060547,20.549999237060547,5791.0
2024-04-24 13:40:00,XRX,14.414999961853027,14.414999961853027,14.4399995803833,14.414999961853027,14.430000305175781,7727.0
2024-04-24 13:40:00,XXII,1.9200999736785889,1.9200999736785889,1.9299999475479126,1.9199999570846558,1.9264999628067017,5759.0
2024-04-24 13:40:00,YTRA,1.2899999618530273,1.2899999618530273,1.2899999618530273,1.2899999618530273,1.2899999618530273,0.0
2024-04-24 13:40:00,Z,43.459999084472656,43.459999084472656,43.459999084472656,43.439998626708984,43.439998626708984,2348.0
2024-04-24 13:40:00,ZCMD,1.690000057220459,1.690000057220459,1.690000057220459,1.659999966621399,1.659999966621399,1631.0
2024-04-24 13:40:00,ZG,42.939998626708984,42.939998626708984,42.939998626708984,42.93000030517578,42.93000030517578,535.0
2024-04-24 13:40:00,ZI,15.835000038146973,15.835000038146973,15.835000038146973,15.824999809265137,15.824999809265137,2912.0
2024-04-24 13:40:00,ZION,42.220001220703125,42.220001220703125,42.220001220703125,42.20000076293945,42.20000076293945,1592.0
2024-04-24 13:40:00,ZLAB,15.630000114440918,15.630000114440918,15.630000114440918,15.630000114440918,15.630000114440918,580.0
2024-04-24 13:40:00,ZM,61.50189971923828,61.50189971923828,61.505001068115234,61.4900016784668,61.4900016784668,2017.0
2024-04-24 13:40:00,ZS,178.35000610351562,178.35000610351562,178.42999267578125,178.2899932861328,178.42999267578125,3976.0
2024-04-24 13:40:00,ZURA,3.3499999046325684,3.3499999046325684,3.380000114440918,3.3499999046325684,3.380000114440918,2263.0
2024-04-24 13:40:00,ZVSA,0.6075999736785889,0.6075999736785889,0.6075999736785889,0.6075999736785889,0.6075999736785889,252.0
2024-04-24 13:41:00,AIXI,1.25,1.25,1.2599999904632568,1.25,1.2599999904632568,2449.0
2024-04-24 13:41:00,COCO,24.200000762939453,24.200000762939453,24.200000762939453,24.200000762939453,24.200000762939453,1212.0
2024-04-24 13:41:00,DSP,8.520000457763672,8.520000457763672,8.524999618530273,8.520000457763672,8.520000457763672,1757.0
2024-04-24 13:41:00,ETNB,8.569999694824219,8.569999694824219,8.579999923706055,8.569999694824219,8.569999694824219,1027.0
2024-04-24 13:41:00,FDMT,24.799999237060547,24.799999237060547,24.799999237060547,24.799999237060547,24.799999237060547,248.0
2024-04-24 13:41:00,FEAM,1.149999976158142,1.149999976158142,1.149999976158142,1.149999976158142,1.149999976158142,298.0
2024-04-24 13:41:00,MAPS,1.090000033378601,1.090000033378601,1.090000033378601,1.090000033378601,1.090000033378601,320.0
2024-04-24 13:41:00,ME,0.4722999930381775,0.4722999930381775,0.4722999930381775,0.4708999991416931,0.4708999991416931,501.0
2024-04-24 13:41:00,NNAG,10.359999656677246,10.359999656677246,10.359999656677246,10.359999656677246,10.359999656677246,0.0
2024-04-24 13:41:00,SCWO,1.3300000429153442,1.3300000429153442,1.3300000429153442,1.3300000429153442,1.3300000429153442,300.0
2024-04-24 13:41:00,TSVT,4.34499979019165,4.34499979019165,4.349999904632568,4.34499979019165,4.34499979019165,1101.0
2024-04-24 13:41:00,TWOU,0.2395000010728836,0.2395000010728836,0.24169999361038208,0.2395000010728836,0.24169999361038208,3426.0
2024-04-24 13:41:00,TXG,27.459999084472656,27.459999084472656,27.459999084472656,27.459999084472656,27.459999084472656,882.0
2024-04-24 13:41:00,VANI,1.7400000095367432,1.7400000095367432,1.7400000095367432,1.7400000095367432,1.7400000095367432,508.0
2024-04-24 13:41:00,VC,111.11000061035156,111.11000061035156,111.11000061035156,111.11000061035156,111.11000061035156,399.0
2024-04-24 13:41:00,VCTR,49.77560043334961,49.77560043334961,49.77560043334961,49.77560043334961,49.77560043334961,801.0
2024-04-24 13:41:00,VERX,29.030000686645508,29.030000686645508,29.040000915527344,29.030000686645508,29.030000686645508,2855.0
2024-04-24 13:41:00,VFF,1.309999942779541,1.309999942779541,1.309999942779541,1.309999942779541,1.309999942779541,401.0
2024-04-24 13:41:00,VIAV,8.0,8.0,8.0,8.0,8.0,1132.0
2024-04-24 13:41:00,VIR,8.225000381469727,8.225000381469727,8.225000381469727,8.225000381469727,8.225000381469727,109.0
2024-04-24 13:41:00,VIRT,22.415000915527344,22.415000915527344,22.415000915527344,22.415000915527344,22.415000915527344,249.0
2024-04-24 13:41:00,VKTX,65.75499725341797,65.75499725341797,65.80390167236328,65.75499725341797,65.80390167236328,703.0
2024-04-24 13:41:00,VLCN,0.2513999938964844,0.2513999938964844,0.2549000084400177,0.2513999938964844,0.2549000084400177,8707.0
2024-04-24 13:41:00,VMEO,3.5399999618530273,3.5399999618530273,3.5399999618530273,3.5350000858306885,3.5350000858306885,2152.0
2024-04-24 13:41:00,VNOM,39.95000076293945,39.95000076293945,39.95000076293945,39.95000076293945,39.95000076293945,904.0
2024-04-24 13:41:00,VOD,8.604999542236328,8.604999542236328,8.604999542236328,8.604999542236328,8.604999542236328,703.0
2024-04-24 13:41:00,VOR,1.7300000190734863,1.7300000190734863,1.7300000190734863,1.7300000190734863,1.7300000190734863,20600.0
2024-04-24 13:41:00,VRDN,13.305000305175781,13.305000305175781,13.305000305175781,13.305000305175781,13.305000305175781,512.0
2024-04-24 13:41:00,VRNA,15.5600004196167,15.5600004196167,15.5600004196167,15.5600004196167,15.5600004196167,1344.0
2024-04-24 13:41:00,VRRM,24.290000915527344,24.290000915527344,24.290000915527344,24.280000686645508,24.280000686645508,1337.0
2024-04-24 13:41:00,VRTX,400.614990234375,400.614990234375,400.614990234375,400.55999755859375,400.55999755859375,1365.0
2024-04-24 13:41:00,VSAT,16.395000457763672,16.395000457763672,16.399999618530273,16.395000457763672,16.399999618530273,498.0
2024-04-24 13:41:00,VTNR,1.5011999607086182,1.5011999607086182,1.5058000087738037,1.5011999607086182,1.5058000087738037,7017.0
2024-04-24 13:41:00,VTRS,11.430000305175781,11.430000305175781,11.430000305175781,11.425000190734863,11.430000305175781,7379.0
2024-04-24 13:41:00,VUZI,1.2949999570846558,1.2949999570846558,1.2949999570846558,1.2949999570846558,1.2949999570846558,200.0
2024-04-24 13:41:00,VYGR,7.579999923706055,7.579999923706055,7.579999923706055,7.579999923706055,7.579999923706055,114.0
2024-04-24 13:41:00,VYNE,2.390000104904175,2.390000104904175,2.390000104904175,2.359999895095825,2.359999895095825,1392.0
2024-04-24 13:41:00,WAFD,28.139999389648438,28.139999389648438,28.149999618530273,28.139999389648438,28.149999618530273,1272.0
2024-04-24 13:41:00,WB,8.368499755859375,8.368499755859375,8.368499755859375,8.364999771118164,8.364999771118164,3089.0
2024-04-24 13:41:00,WBA,17.725000381469727,17.725000381469727,17.729999542236328,17.704999923706055,17.704999923706055,16536.0
2024-04-24 13:41:00,WBD,8.335000038146973,8.335000038146973,8.34000015258789,8.334699630737305,8.335000038146973,8978.0
2024-04-24 13:41:00,WDAY,256.70001220703125,256.70001220703125,256.7550048828125,256.6600036621094,256.6600036621094,1653.0
2024-04-24 13:41:00,WDC,69.41000366210938,69.41000366210938,69.41999816894531,69.37999725341797,69.37999725341797,2066.0
2024-04-24 13:41:00,WEN,19.934999465942383,19.934999465942383,19.940000534057617,19.934999465942383,19.934999465942383,2930.0
2024-04-24 13:41:00,WERN,35.150001525878906,35.150001525878906,35.15999984741211,35.150001525878906,35.15999984741211,1153.0
2024-04-24 13:41:00,WEST,9.970000267028809,9.970000267028809,9.970000267028809,9.970000267028809,9.970000267028809,317.0
2024-04-24 13:41:00,WFRD,123.06999969482422,123.06999969482422,123.06999969482422,123.06999969482422,123.06999969482422,359.0
2024-04-24 13:41:00,WIMI,1.0399999618530273,1.0399999618530273,1.0449999570846558,1.034999966621399,1.0449999570846558,13690.0
2024-04-24 13:41:00,WISA,5.894999980926514,5.894999980926514,5.894999980926514,5.894999980926514,5.894999980926514,363.0
2024-04-24 13:41:00,WKHS,0.16410000622272491,0.16410000622272491,0.16500000655651093,0.164000004529953,0.16500000655651093,11026.0
2024-04-24 13:41:00,WMG,32.13999938964844,32.13999938964844,32.13999938964844,32.11000061035156,32.11000061035156,2371.0
2024-04-24 13:41:00,WNEB,6.550000190734863,6.550000190734863,6.550000190734863,6.550000190734863,6.550000190734863,2233.0
2024-04-24 13:41:00,WRAP,2.0,2.0,2.0,1.9850000143051147,1.9850000143051147,2203.0
2024-04-24 13:41:00,WSBC,28.18000030517578,28.18000030517578,28.18000030517578,28.18000030517578,28.18000030517578,141.0
2024-04-24 13:41:00,WSBF,12.170000076293945,12.170000076293945,12.170000076293945,12.130000114440918,12.145000457763672,472.0
2024-04-24 13:41:00,WSC,37.91999816894531,37.91999816894531,37.939998626708984,37.90999984741211,37.90999984741211,2366.0
2024-04-24 13:41:00,WVE,5.215000152587891,5.215000152587891,5.215000152587891,5.210000038146973,5.215000152587891,1058.0
2024-04-24 13:41:00,WW,1.679900050163269,1.679900050163269,1.679900050163269,1.6699999570846558,1.6749999523162842,1031.0
2024-04-24 13:41:00,WWD,149.61500549316406,149.61500549316406,149.61500549316406,149.61500549316406,149.61500549316406,968.0
2024-04-24 13:41:00,WYNN,97.0999984741211,97.0999984741211,97.12899780273438,97.08000183105469,97.08000183105469,1643.0
2024-04-24 13:41:00,XEL,55.45500183105469,55.45500183105469,55.45500183105469,55.43000030517578,55.43009948730469,13497.0
2024-04-24 13:41:00,XFOR,1.2549999952316284,1.2549999952316284,1.2549999952316284,1.2549999952316284,1.2549999952316284,3000.0
2024-04-24 13:41:00,XP,20.584999084472656,20.584999084472656,20.584999084472656,20.559999465942383,20.559999465942383,4353.0
2024-04-24 13:41:00,XRX,14.399999618530273,14.399999618530273,14.414999961853027,14.395000457763672,14.414999961853027,7065.0
2024-04-24 13:41:00,XXII,1.9194999933242798,1.9194999933242798,1.9199999570846558,1.9189000129699707,1.9189000129699707,4300.0
2024-04-24 13:41:00,Z,43.470001220703125,43.470001220703125,43.4900016784668,43.470001220703125,43.4900016784668,1076.0
2024-04-24 13:41:00,ZG,42.95000076293945,42.95000076293945,42.95069885253906,42.95000076293945,42.95069885253906,1454.0
2024-04-24 13:41:00,ZI,15.845000267028809,15.845000267028809,15.845000267028809,15.845000267028809,15.845000267028809,1263.0
2024-04-24 13:41:00,ZION,42.209999084472656,42.209999084472656,42.220001220703125,42.209999084472656,42.220001220703125,2411.0
2024-04-24 13:41:00,ZM,61.5099983215332,61.5099983215332,61.52000045776367,61.5,61.5099983215332,3168.0
2024-04-24 13:41:00,ZNTL,11.789999961853027,11.789999961853027,11.789999961853027,11.770000457763672,11.770000457763672,1575.0
2024-04-24 13:41:00,ZS,178.52000427246094,178.52000427246094,178.61500549316406,178.52000427246094,178.5500030517578,1239.0
2024-04-24 13:41:00,ZUMZ,17.219999313354492,17.219999313354492,17.229999542236328,17.219999313354492,17.229999542236328,547.0
2024-04-24 13:41:00,ZURA,3.3499999046325684,3.3499999046325684,3.369999885559082,3.2799999713897705,3.309999942779541,11583.0
2024-04-24 13:41:00,ZVSA,0.6075999736785889,0.6075999736785889,0.6075999736785889,0.607200026512146,0.607200026512146,444.0
2024-04-24 13:41:00,ZYME,8.609999656677246,8.609999656677246,8.609999656677246,8.609999656677246,8.609999656677246,109.0
2024-04-24 13:42:00,DIBS,5.400000095367432,5.400000095367432,5.400000095367432,5.400000095367432,5.400000095367432,2590.0
2024-04-24 13:42:00,DSP,8.510000228881836,8.510000228881836,8.510000228881836,8.510000228881836,8.510000228881836,681.0
2024-04-24 13:42:00,ETNB,8.569999694824219,8.569999694824219,8.569999694824219,8.569999694824219,8.569999694824219,1035.0
2024-04-24 13:42:00,FDMT,24.799999237060547,24.799999237060547,24.799999237060547,24.799999237060547,24.799999237060547,357.0
2024-04-24 13:42:00,FREE,4.820000171661377,4.820000171661377,4.820000171661377,4.820000171661377,4.820000171661377,200.0
2024-04-24 13:42:00,MAPS,1.0823999643325806,1.0823999643325806,1.100000023841858,1.0823999643325806,1.100000023841858,1073.0
2024-04-24 13:42:00,MASS,5.710000038146973,5.710000038146973,5.710000038146973,5.710000038146973,5.710000038146973,580.0
2024-04-24 13:42:00,ME,0.4722000062465668,0.4722000062465668,0.4722999930381775,0.4715999960899353,0.4722999930381775,2395.0
2024-04-24 13:42:00,SCWO,1.3300000429153442,1.3300000429153442,1.3300000429153442,1.3300000429153442,1.3300000429153442,204.0
2024-04-24 13:42:00,TSVT,4.340000152587891,4.340000152587891,4.340000152587891,4.335000038146973,4.340000152587891,1813.0
2024-04-24 13:42:00,TWOU,0.24169999361038208,0.24169999361038208,0.24169999361038208,0.2395000010728836,0.2395000010728836,902.0
2024-04-24 13:42:00,TXG,27.469999313354492,27.469999313354492,27.469999313354492,27.469999313354492,27.469999313354492,181.0
2024-04-24 13:42:00,VABK,24.469999313354492,24.469999313354492,24.469999313354492,24.469999313354492,24.469999313354492,273.0
2024-04-24 13:42:00,VERU,1.340399980545044,1.340399980545044,1.350000023841858,1.340399980545044,1.350000023841858,1805.0
2024-04-24 13:42:00,VERV,6.65500020980835,6.65500020980835,6.65500020980835,6.65500020980835,6.65500020980835,367.0
2024-04-24 13:42:00,VERX,29.110000610351562,29.110000610351562,29.110000610351562,29.040000915527344,29.040000915527344,1464.0
2024-04-24 13:42:00,VIAV,7.994999885559082,7.994999885559082,8.0,7.989999771118164,8.0,4463.0
2024-04-24 13:42:00,VIRC,10.704999923706055,10.704999923706055,10.720000267028809,10.704999923706055,10.720000267028809,1133.0
2024-04-24 13:42:00,VIRT,22.440000534057617,22.440000534057617,22.440000534057617,22.420000076293945,22.420000076293945,1543.0
2024-04-24 13:42:00,VITL,26.86280059814453,26.86280059814453,26.86280059814453,26.86280059814453,26.86280059814453,401.0
2024-04-24 13:42:00,VKTX,65.76499938964844,65.76499938964844,65.76499938964844,65.70130157470703,65.70130157470703,5582.0
2024-04-24 13:42:00,VLCN,0.2574999928474426,0.2574999928474426,0.2574999928474426,0.2572000026702881,0.2572000026702881,49271.0
2024-04-24 13:42:00,VNOM,39.935001373291016,39.935001373291016,39.935001373291016,39.935001373291016,39.935001373291016,174.0
2024-04-24 13:42:00,VOD,8.604999542236328,8.604999542236328,8.609999656677246,8.604999542236328,8.609999656677246,632.0
2024-04-24 13:42:00,VRCA,6.75,6.75,6.75,6.75,6.75,213.0
2024-04-24 13:42:00,VRDN,13.300000190734863,13.300000190734863,13.300000190734863,13.300000190734863,13.300000190734863,230.0
2024-04-24 13:42:00,VRRM,24.290000915527344,24.290000915527344,24.290000915527344,24.290000915527344,24.290000915527344,391.0
2024-04-24 13:42:00,VTNR,1.4800000190734863,1.4800000190734863,1.501099944114685,1.4800000190734863,1.5,66981.0
2024-04-24 13:42:00,VTRS,11.4350004196167,11.4350004196167,11.4399995803833,11.430000305175781,11.4350004196167,27694.0
2024-04-24 13:42:00,VUZI,1.2899999618530273,1.2899999618530273,1.2899999618530273,1.2899999618530273,1.2899999618530273,2.0
2024-04-24 13:42:00,VYGR,7.589099884033203,7.589099884033203,7.589099884033203,7.589099884033203,7.589099884033203,370.0
2024-04-24 13:42:00,WAFD,28.139999389648438,28.139999389648438,28.139999389648438,28.1200008392334,28.1200008392334,1484.0
2024-04-24 13:42:00,WB,8.364999771118164,8.364999771118164,8.364999771118164,8.364999771118164,8.364999771118164,353.0
2024-04-24 13:42:00,WBA,17.725000381469727,17.725000381469727,17.729999542236328,17.719999313354492,17.719999313354492,3484.0
2024-04-24 13:42:00,WBD,8.335000038146973,8.335000038146973,8.335000038146973,8.329999923706055,8.335000038146973,3986.0
2024-04-24 13:42:00,WBUY,0.3199999928474426,0.3199999928474426,0.3199999928474426,0.31290000677108765,0.31529998779296875,1780.0
2024-04-24 13:42:00,WDAY,256.54998779296875,256.54998779296875,256.7200012207031,256.5400085449219,256.7200012207031,2407.0
2024-04-24 13:42:00,WDC,69.33999633789062,69.33999633789062,69.38999938964844,69.30000305175781,69.38999938964844,11188.0
2024-04-24 13:42:00,WEN,19.920000076293945,19.920000076293945,19.93000030517578,19.920000076293945,19.93000030517578,2144.0
2024-04-24 13:42:00,WERN,35.15999984741211,35.15999984741211,35.15999984741211,35.15999984741211,35.15999984741211,138.0
2024-04-24 13:42:00,WEST,9.970000267028809,9.970000267028809,9.970000267028809,9.970000267028809,9.970000267028809,340.0
2024-04-24 13:42:00,WFRD,123.00499725341797,123.00499725341797,123.00499725341797,122.98999786376953,122.99500274658203,1113.0
2024-04-24 13:42:00,WIMI,1.0499999523162842,1.0499999523162842,1.0499999523162842,1.034999966621399,1.0399999618530273,15059.0
2024-04-24 13:42:00,WISA,5.889999866485596,5.889999866485596,5.894999980926514,5.889999866485596,5.894999980926514,788.0
2024-04-24 13:42:00,WIX,121.91999816894531,121.91999816894531,121.91999816894531,121.91999816894531,121.91999816894531,359.0
2024-04-24 13:42:00,WKHS,0.16359999775886536,0.16359999775886536,0.16439999639987946,0.16359999775886536,0.164000004529953,12898.0
2024-04-24 13:42:00,WKME,7.894999980926514,7.894999980926514,7.894999980926514,7.894999980926514,7.894999980926514,284.0
2024-04-24 13:42:00,WKSP,0.3720000088214874,0.3720000088214874,0.3720000088214874,0.3700000047683716,0.3700000047683716,1482.0
2024-04-24 13:42:00,WMG,32.13999938964844,32.13999938964844,32.150001525878906,32.13999938964844,32.150001525878906,272.0
2024-04-24 13:42:00,WSBF,12.109999656677246,12.109999656677246,12.119999885559082,12.109999656677246,12.119999885559082,1748.0
2024-04-24 13:42:00,WSC,37.91999816894531,37.91999816894531,37.939998626708984,37.90999984741211,37.91999816894531,3234.0
2024-04-24 13:42:00,WTFC,100.0999984741211,100.0999984741211,100.0999984741211,100.0999984741211,100.0999984741211,790.0
2024-04-24 13:42:00,WTW,264.5849914550781,264.5849914550781,264.5849914550781,264.5299987792969,264.57000732421875,1185.0
2024-04-24 13:42:00,WVE,5.210000038146973,5.210000038146973,5.210000038146973,5.210000038146973,5.210000038146973,119.0
2024-04-24 13:42:00,WW,1.6699999570846558,1.6699999570846558,1.6749999523162842,1.6699999570846558,1.6749999523162842,938.0
2024-04-24 13:42:00,WYNN,97.0999984741211,97.0999984741211,97.11000061035156,97.0999984741211,97.11000061035156,813.0
2024-04-24 13:42:00,XEL,55.42499923706055,55.42499923706055,55.45000076293945,55.42499923706055,55.45000076293945,13544.0
2024-04-24 13:42:00,XERS,1.7799999713897705,1.7799999713897705,1.7799999713897705,1.774999976158142,1.774999976158142,500.0
2024-04-24 13:42:00,XFOR,1.2599999904632568,1.2599999904632568,1.2599999904632568,1.2599999904632568,1.2599999904632568,0.0
2024-04-24 13:42:00,XLO,1.0700000524520874,1.0700000524520874,1.0700000524520874,1.0700000524520874,1.0700000524520874,625.0
2024-04-24 13:42:00,XMTR,17.030000686645508,17.030000686645508,17.030000686645508,17.030000686645508,17.030000686645508,116.0
2024-04-24 13:42:00,XNCR,18.90999984741211,18.90999984741211,18.93000030517578,18.670000076293945,18.670000076293945,67071.0
2024-04-24 13:42:00,XP,20.58049964904785,20.58049964904785,20.600000381469727,20.58049964904785,20.584999084472656,8803.0
2024-04-24 13:42:00,XRX,14.425000190734863,14.425000190734863,14.425000190734863,14.404999732971191,14.404999732971191,12941.0
2024-04-24 13:42:00,XXII,1.9199999570846558,1.9199999570846558,1.9199999570846558,1.9189000129699707,1.9189000129699707,2893.0
2024-04-24 13:42:00,Z,43.459999084472656,43.459999084472656,43.459999084472656,43.459999084472656,43.459999084472656,673.0
2024-04-24 13:42:00,ZBRA,277.6400146484375,277.6400146484375,277.6400146484375,277.6400146484375,277.6400146484375,532.0
2024-04-24 13:42:00,ZUMZ,17.200000762939453,17.200000762939453,17.200000762939453,17.200000762939453,17.200000762939453,1067.0
2024-04-24 13:42:00,ZVSA,0.6075000166893005,0.6075000166893005,0.6075000166893005,0.6075000166893005,0.6075000166893005,454.0
2024-04-24 13:43:00,COCO,24.219999313354492,24.219999313354492,24.25,24.200000762939453,24.200000762939453,2273.0
2024-04-24 13:43:00,DSP,8.449999809265137,8.449999809265137,8.5,8.449999809265137,8.5,6140.0
2024-04-24 13:43:00,ETNB,8.579999923706055,8.579999923706055,8.579999923706055,8.579999923706055,8.579999923706055,264.0
2024-04-24 13:43:00,HOWL,6.46999979019165,6.46999979019165,6.46999979019165,6.46999979019165,6.46999979019165,758.0
2024-04-24 13:43:00,MAPS,1.100000023841858,1.100000023841858,1.100000023841858,1.100000023841858,1.100000023841858,0.0
2024-04-24 13:43:00,TSVT,4.349999904632568,4.349999904632568,4.349999904632568,4.336599826812744,4.340000152587891,2168.0
2024-04-24 13:43:00,TWOU,0.24060000479221344,0.24060000479221344,0.24169999361038208,0.24060000479221344,0.24169999361038208,1790.0
2024-04-24 13:43:00,TXG,27.469999313354492,27.469999313354492,27.469999313354492,27.469999313354492,27.469999313354492,983.0
2024-04-24 13:43:00,VERU,1.350000023841858,1.350000023841858,1.350000023841858,1.350000023841858,1.350000023841858,101.0
2024-04-24 13:43:00,VERV,6.659999847412109,6.659999847412109,6.664999961853027,6.65500020980835,6.65500020980835,2466.0
2024-04-24 13:43:00,VERX,29.190000534057617,29.190000534057617,29.190000534057617,29.112499237060547,29.112499237060547,310.0
2024-04-24 13:43:00,VIAV,7.994999885559082,7.994999885559082,7.994999885559082,7.994999885559082,7.994999885559082,629.0
2024-04-24 13:43:00,VICR,32.040000915527344,32.040000915527344,32.040000915527344,32.0099983215332,32.0099983215332,1039.0
2024-04-24 13:43:00,VIR,8.225000381469727,8.225000381469727,8.228799819946289,8.220100402832031,8.220100402832031,1405.0
2024-04-24 13:43:00,VIRC,10.704999923706055,10.704999923706055,10.704999923706055,10.704999923706055,10.704999923706055,121.0
2024-04-24 13:43:00,VITL,26.860000610351562,26.860000610351562,26.860000610351562,26.860000610351562,26.860000610351562,473.0
2024-04-24 13:43:00,VKTX,65.91300201416016,65.91300201416016,65.93000030517578,65.80989837646484,65.80999755859375,3123.0
2024-04-24 13:43:00,VMEO,3.5399999618530273,3.5399999618530273,3.5399999618530273,3.5350000858306885,3.5399999618530273,2868.0
2024-04-24 13:43:00,VNOM,39.959999084472656,39.959999084472656,39.959999084472656,39.94499969482422,39.95000076293945,5693.0
2024-04-24 13:43:00,VOD,8.609999656677246,8.609999656677246,8.609999656677246,8.609999656677246,8.609999656677246,132.0
2024-04-24 13:43:00,VRCA,6.75,6.75,6.75,6.75,6.75,272.0
2024-04-24 13:43:00,VRDN,13.319999694824219,13.319999694824219,13.319999694824219,13.3100004196167,13.319999694824219,1979.0
2024-04-24 13:43:00,VRRM,24.309999465942383,24.309999465942383,24.309999465942383,24.299999237060547,24.299999237060547,894.0
2024-04-24 13:43:00,VRTX,400.6400146484375,400.6400146484375,400.739990234375,400.6400146484375,400.68011474609375,1341.0
2024-04-24 13:43:00,VSAT,16.440000534057617,16.440000534057617,16.440000534057617,16.395000457763672,16.395000457763672,4019.0
2024-04-24 13:43:00,VTRS,11.4350004196167,11.4350004196167,11.4399995803833,11.4350004196167,11.4399995803833,972.0
2024-04-24 13:43:00,VUZI,1.2949999570846558,1.2949999570846558,1.2949999570846558,1.2899999618530273,1.2899999618530273,1099.0
2024-04-24 13:43:00,VYGR,7.590000152587891,7.590000152587891,7.590000152587891,7.590000152587891,7.590000152587891,1194.0
2024-04-24 13:43:00,VYNE,2.3399999141693115,2.3399999141693115,2.3399999141693115,2.3399999141693115,2.3399999141693115,460.0
2024-04-24 13:43:00,WB,8.364999771118164,8.364999771118164,8.364999771118164,8.364999771118164,8.364999771118164,706.0
2024-04-24 13:43:00,WBA,17.72010040283203,17.72010040283203,17.725000381469727,17.71500015258789,17.725000381469727,18701.0
2024-04-24 13:43:00,WBD,8.319999694824219,8.319999694824219,8.337499618530273,8.31149959564209,8.330100059509277,133568.0
2024-04-24 13:43:00,WDAY,256.44000244140625,256.44000244140625,256.6400146484375,256.3900146484375,256.5450134277344,8804.0
2024-04-24 13:43:00,WDC,69.41000366210938,69.41000366210938,69.41000366210938,69.36000061035156,69.36000061035156,3807.0
2024-04-24 13:43:00,WEN,19.940000534057617,19.940000534057617,19.940000534057617,19.924999237060547,19.924999237060547,6138.0
2024-04-24 13:43:00,WHFCL,25.079999923706055,25.079999923706055,25.079999923706055,25.079999923706055,25.079999923706055,226.0
2024-04-24 13:43:00,WIMI,1.0449999570846558,1.0449999570846558,1.0499999523162842,1.0400999784469604,1.0404000282287598,5020.0
2024-04-24 13:43:00,WING,365.69000244140625,365.69000244140625,365.69000244140625,364.8800048828125,365.06500244140625,5415.0
2024-04-24 13:43:00,WISA,5.890200138092041,5.890200138092041,5.891200065612793,5.889999866485596,5.891200065612793,9031.0
2024-04-24 13:43:00,WIX,122.08000183105469,122.08000183105469,122.08000183105469,122.00499725341797,122.00499725341797,778.0
2024-04-24 13:43:00,WKHS,0.16380000114440918,0.16380000114440918,0.16439999639987946,0.16349999606609344,0.164000004529953,1306.0
2024-04-24 13:43:00,WMG,32.13999938964844,32.13999938964844,32.13999938964844,32.13999938964844,32.13999938964844,858.0
2024-04-24 13:43:00,WSC,37.91999816894531,37.91999816894531,37.93000030517578,37.91999816894531,37.91999816894531,3138.0
2024-04-24 13:43:00,WSFS,44.59000015258789,44.59000015258789,44.59000015258789,44.59000015258789,44.59000015258789,1004.0
2024-04-24 13:43:00,WTW,264.5799865722656,264.5799865722656,264.5799865722656,264.5799865722656,264.5799865722656,552.0
2024-04-24 13:43:00,WVE,5.21999979019165,5.21999979019165,5.21999979019165,5.21999979019165,5.21999979019165,400.0
2024-04-24 13:43:00,WW,1.6749999523162842,1.6749999523162842,1.6749999523162842,1.6749999523162842,1.6749999523162842,1113.0
2024-04-24 13:43:00,WYNN,97.13500213623047,97.13500213623047,97.13500213623047,97.0999984741211,97.0999984741211,969.0
2024-04-24 13:43:00,XEL,55.44499969482422,55.44499969482422,55.459999084472656,55.42499923706055,55.42499923706055,9178.0
2024-04-24 13:43:00,XFOR,1.2599999904632568,1.2599999904632568,1.2599999904632568,1.2599999904632568,1.2599999904632568,500.0
2024-04-24 13:43:00,XMTR,17.059999465942383,17.059999465942383,17.059999465942383,17.030000686645508,17.030000686645508,1603.0
2024-04-24 13:43:00,XP,20.584999084472656,20.584999084472656,20.584999084472656,20.584999084472656,20.584999084472656,527.0
2024-04-24 13:43:00,XRX,14.449999809265137,14.449999809265137,14.449999809265137,14.425000190734863,14.425000190734863,9480.0
2024-04-24 13:43:00,YTEN,0.2345000058412552,0.2345000058412552,0.2345000058412552,0.2345000058412552,0.2345000058412552,16477.0
2024-04-24 13:43:00,YTRA,1.2999999523162842,1.2999999523162842,1.2999999523162842,1.2999999523162842,1.2999999523162842,200.0
2024-04-24 13:43:00,Z,43.470001220703125,43.470001220703125,43.470001220703125,43.470001220703125,43.470001220703125,1126.0
2024-04-24 13:43:00,ZBRA,277.3699951171875,277.3699951171875,277.5050048828125,277.3699951171875,277.5050048828125,11681.0
2024-04-24 13:43:00,ZENV,2.1700000762939453,2.1700000762939453,2.1700000762939453,2.1700000762939453,2.1700000762939453,100.0
2024-04-24 13:43:00,ZIMV,15.78499984741211,15.78499984741211,15.78499984741211,15.78499984741211,15.78499984741211,354.0
2024-04-24 13:43:00,ZION,42.20000076293945,42.20000076293945,42.209999084472656,42.20000076293945,42.209999084472656,1219.0
2024-04-24 13:43:00,ZIONP,20.09000015258789,20.09000015258789,20.09000015258789,20.09000015258789,20.09000015258789,500.0
2024-04-24 13:43:00,ZM,61.52000045776367,61.52000045776367,61.52000045776367,61.5099983215332,61.5099983215332,1844.0
2024-04-24 13:43:00,ZNTL,11.850000381469727,11.850000381469727,11.859999656677246,11.800000190734863,11.800000190734863,10402.0
2024-04-24 13:43:00,ZURA,3.240000009536743,3.240000009536743,3.299999952316284,3.240000009536743,3.299999952316284,592.0
2024-04-24 13:43:00,ZVSA,0.6000000238418579,0.6000000238418579,0.6000000238418579,0.6000000238418579,0.6000000238418579,932.0
2024-04-24 13:44:00,FDMT,24.829999923706055,24.829999923706055,24.829999923706055,24.829999923706055,24.829999923706055,444.0
2024-04-24 13:44:00,MAPS,1.100000023841858,1.100000023841858,1.100000023841858,1.100000023841858,1.100000023841858,300.0
2024-04-24 13:44:00,ME,0.47130000591278076,0.47130000591278076,0.4722000062465668,0.4700999855995178,0.4722000062465668,2663.0
2024-04-24 13:44:00,SEAT,5.900000095367432,5.900000095367432,5.900000095367432,5.894999980926514,5.894999980926514,2045.0
2024-04-24 13:44:00,TWOU,0.2395000010728836,0.2395000010728836,0.2395000010728836,0.2395000010728836,0.2395000010728836,0.0
2024-04-24 13:44:00,TXG,27.469999313354492,27.469999313354492,27.479999542236328,27.469999313354492,27.479999542236328,1321.0
2024-04-24 13:44:00,VCTR,49.86000061035156,49.86000061035156,49.86000061035156,49.84000015258789,49.84000015258789,1041.0
2024-04-24 13:44:00,VERU,1.3401000499725342,1.3401000499725342,1.350000023841858,1.340000033378601,1.340000033378601,1404.0
2024-04-24 13:44:00,VERV,6.664999961853027,6.664999961853027,6.664999961853027,6.664999961853027,6.664999961853027,309.0
2024-04-24 13:44:00,VERX,29.200000762939453,29.200000762939453,29.200000762939453,29.190000534057617,29.190000534057617,1216.0
2024-04-24 13:44:00,VFF,1.309999942779541,1.309999942779541,1.309999942779541,1.309999942779541,1.309999942779541,1600.0
2024-04-24 13:44:00,VFS,2.484999895095825,2.484999895095825,2.484999895095825,2.484999895095825,2.484999895095825,455.0
2024-04-24 13:44:00,VIAV,8.0,8.0,8.0,8.0,8.0,659.0
2024-04-24 13:44:00,VICR,32.099998474121094,32.099998474121094,32.130001068115234,32.04999923706055,32.04999923706055,2391.0
2024-04-24 13:44:00,VIR,8.225000381469727,8.225000381469727,8.225000381469727,8.225000381469727,8.225000381469727,2049.0
2024-04-24 13:44:00,VIRT,22.470699310302734,22.470699310302734,22.475000381469727,22.44499969482422,22.44499969482422,4238.0
2024-04-24 13:44:00,VKTX,65.93000030517578,65.93000030517578,65.93000030517578,65.875,65.92400360107422,1420.0
2024-04-24 13:44:00,VMEO,3.5399999618530273,3.5399999618530273,3.5399999618530273,3.5399999618530273,3.5399999618530273,730.0
2024-04-24 13:44:00,VNOM,39.96989822387695,39.96989822387695,39.96989822387695,39.95500183105469,39.95500183105469,512.0
2024-04-24 13:44:00,VOD,8.604999542236328,8.604999542236328,8.604999542236328,8.603099822998047,8.603099822998047,1255.0
2024-04-24 13:44:00,VOR,1.7300000190734863,1.7300000190734863,1.7300000190734863,1.7300000190734863,1.7300000190734863,200.0
2024-04-24 13:44:00,VOXR,2.0899999141693115,2.0899999141693115,2.0899999141693115,2.0899999141693115,2.0899999141693115,707.0
2024-04-24 13:44:00,VRCA,6.75,6.75,6.75,6.75,6.75,166.0
2024-04-24 13:44:00,VRNA,15.555000305175781,15.555000305175781,15.555000305175781,15.555000305175781,15.555000305175781,141.0
2024-04-24 13:44:00,VRRM,24.30500030517578,24.30500030517578,24.31999969482422,24.30500030517578,24.315000534057617,3303.0
2024-04-24 13:44:00,VRTX,400.42999267578125,400.42999267578125,400.489990234375,400.42999267578125,400.489990234375,764.0
2024-04-24 13:44:00,VTNR,1.4879000186920166,1.4879000186920166,1.4900000095367432,1.4800000190734863,1.4900000095367432,10388.0
2024-04-24 13:44:00,VTRS,11.4399995803833,11.4399995803833,11.4399995803833,11.430000305175781,11.430000305175781,2615.0
2024-04-24 13:44:00,VUZI,1.2999999523162842,1.2999999523162842,1.2999999523162842,1.2999999523162842,1.2999999523162842,870.0
2024-04-24 13:44:00,VYGR,7.590000152587891,7.590000152587891,7.590000152587891,7.590000152587891,7.590000152587891,638.0
2024-04-24 13:44:00,WBA,17.704999923706055,17.704999923706055,17.725000381469727,17.704999923706055,17.725000381469727,14081.0
2024-04-24 13:44:00,WBD,8.319999694824219,8.319999694824219,8.319999694824219,8.319999694824219,8.319999694824219,6759.0
2024-04-24 13:44:00,WDC,69.41500091552734,69.41500091552734,69.43350219726562,69.41000366210938,69.41000366210938,3455.0
2024-04-24 13:44:00,WEN,19.934999465942383,19.934999465942383,19.940000534057617,19.934999465942383,19.940000534057617,473.0
2024-04-24 13:44:00,WERN,35.20500183105469,35.20500183105469,35.20500183105469,35.165000915527344,35.165000915527344,1383.0
2024-04-24 13:44:00,WFRD,123.01000213623047,123.01000213623047,123.0999984741211,123.01000213623047,123.0999984741211,819.0
2024-04-24 13:44:00,WIMI,1.041599988937378,1.041599988937378,1.0449999570846558,1.041599988937378,1.0449999570846558,736.0
2024-04-24 13:44:00,WING,365.5,365.5,365.67999267578125,365.5,365.67498779296875,1586.0
2024-04-24 13:44:00,WISA,5.889999866485596,5.889999866485596,5.894999980926514,5.889999866485596,5.890100002288818,1140.0
2024-04-24 13:44:00,WKHS,0.16410000622272491,0.16410000622272491,0.16410000622272491,0.16300000250339508,0.16349999606609344,3429.0
2024-04-24 13:44:00,WMG,32.130001068115234,32.130001068115234,32.130001068115234,32.130001068115234,32.130001068115234,1034.0
2024-04-24 13:44:00,WPRT,5.684999942779541,5.684999942779541,5.684999942779541,5.684999942779541,5.684999942779541,302.0
2024-04-24 13:44:00,WSBC,28.15999984741211,28.15999984741211,28.15999984741211,28.15999984741211,28.15999984741211,224.0
2024-04-24 13:44:00,WSC,37.939998626708984,37.939998626708984,37.95000076293945,37.939998626708984,37.95000076293945,19017.0
2024-04-24 13:44:00,WW,1.6749999523162842,1.6749999523162842,1.6749999523162842,1.6699999570846558,1.6699999570846558,7526.0
2024-04-24 13:44:00,WYNN,97.12999725341797,97.12999725341797,97.12999725341797,97.12000274658203,97.12000274658203,895.0
2024-04-24 13:44:00,XEL,55.43000030517578,55.43000030517578,55.44499969482422,55.43000030517578,55.44499969482422,7669.0
2024-04-24 13:44:00,XERS,1.7799999713897705,1.7799999713897705,1.7799999713897705,1.7799999713897705,1.7799999713897705,127.0
2024-04-24 13:44:00,XMTR,17.06999969482422,17.06999969482422,17.06999969482422,17.06999969482422,17.06999969482422,158.0
2024-04-24 13:44:00,XNCR,18.799999237060547,18.799999237060547,18.799999237060547,18.799999237060547,18.799999237060547,225.0
2024-04-24 13:44:00,XP,20.584999084472656,20.584999084472656,20.590499877929688,20.584999084472656,20.59000015258789,3879.0
2024-04-24 13:44:00,XRX,14.46500015258789,14.46500015258789,14.46500015258789,14.449999809265137,14.449999809265137,4985.0
2024-04-24 13:44:00,XXII,1.9184999465942383,1.9184999465942383,1.9184999465942383,1.9184999465942383,1.9184999465942383,514.0
2024-04-24 13:44:00,YORW,35.619998931884766,35.619998931884766,35.619998931884766,35.619998931884766,35.619998931884766,1140.0
2024-04-24 13:44:00,Z,43.560001373291016,43.560001373291016,43.560001373291016,43.47999954223633,43.47999954223633,16372.0
2024-04-24 13:44:00,ZIONP,20.09000015258789,20.09000015258789,20.09000015258789,20.08989906311035,20.09000015258789,813.0
2024-04-24 13:44:00,ZLAB,15.625,15.625,15.625,15.625,15.625,1544.0
2024-04-24 13:44:00,ZM,61.52000045776367,61.52000045776367,61.525001525878906,61.51499938964844,61.525001525878906,3577.0
2024-04-24 13:44:00,ZNTL,11.819999694824219,11.819999694824219,11.819999694824219,11.819999694824219,11.819999694824219,782.0
2024-04-24 13:44:00,ZS,178.42010498046875,178.42010498046875,178.42010498046875,178.42010498046875,178.42010498046875,1504.0
2024-04-24 13:44:00,ZURA,3.299999952316284,3.299999952316284,3.299999952316284,3.25,3.259999990463257,10315.0
2024-04-24 13:44:00,ZVSA,0.6075999736785889,0.6075999736785889,0.6075999736785889,0.6075999736785889,0.6075999736785889,318.0
2024-04-24 13:44:00,ZYME,8.609999656677246,8.609999656677246,8.609999656677246,8.609999656677246,8.609999656677246,201.0
2024-04-24 13:45:00,COCO,24.280000686645508,24.280000686645508,24.280000686645508,24.280000686645508,24.280000686645508,351.0
2024-04-24 13:45:00,DSP,8.484999656677246,8.484999656677246,8.489999771118164,8.46500015258789,8.489999771118164,980.0
2024-04-24 13:45:00,FLWS,9.140000343322754,9.140000343322754,9.140000343322754,9.140000343322754,9.140000343322754,1279.0
2024-04-24 13:45:00,FREE,4.820000171661377,4.820000171661377,4.820000171661377,4.820000171661377,4.820000171661377,140.0
2024-04-24 13:45:00,MAPS,1.100000023841858,1.100000023841858,1.100000023841858,1.090000033378601,1.090000033378601,200.0
2024-04-24 13:45:00,ME,0.47130000591278076,0.47130000591278076,0.47130000591278076,0.47130000591278076,0.47130000591278076,1215.0
2024-04-24 13:45:00,SEAT,5.900000095367432,5.900000095367432,5.900000095367432,5.900000095367432,5.900000095367432,1051.0
2024-04-24 13:45:00,TWOU,0.24070000648498535,0.24070000648498535,0.24070000648498535,0.2395000010728836,0.2395000010728836,2400.0
2024-04-24 13:45:00,TXG,27.459999084472656,27.459999084472656,27.459999084472656,27.459999084472656,27.459999084472656,2010.0
2024-04-24 13:45:00,VERU,1.350000023841858,1.350000023841858,1.350000023841858,1.350000023841858,1.350000023841858,102.0
2024-04-24 13:45:00,VERV,6.664999961853027,6.664999961853027,6.664999961853027,6.664999961853027,6.664999961853027,302.0
2024-04-24 13:45:00,VERX,29.100000381469727,29.100000381469727,29.200000762939453,29.100000381469727,29.190000534057617,1357.0
2024-04-24 13:45:00,VFF,1.309999942779541,1.309999942779541,1.309999942779541,1.309999942779541,1.309999942779541,0.0
2024-04-24 13:45:00,VIAV,8.0,8.0,8.0,8.0,8.0,124.0
2024-04-24 13:45:00,VICR,32.16999816894531,32.16999816894531,32.16999816894531,32.150001525878906,32.150001525878906,580.0
2024-04-24 13:45:00,VIR,8.225000381469727,8.225000381469727,8.225000381469727,8.225000381469727,8.225000381469727,1449.0
2024-04-24 13:45:00,VIRC,10.710000038146973,10.710000038146973,10.710000038146973,10.710000038146973,10.710000038146973,252.0
2024-04-24 13:45:00,VIRT,22.565000534057617,22.565000534057617,22.56999969482422,22.46500015258789,22.479999542236328,37626.0
2024-04-24 13:45:00,VITL,26.889999389648438,26.889999389648438,26.889999389648438,26.860000610351562,26.860000610351562,2791.0
2024-04-24 13:45:00,VIVK,1.5499999523162842,1.5499999523162842,1.5499999523162842,1.5127999782562256,1.5499999523162842,2036.0
2024-04-24 13:45:00,VKTX,65.98300170898438,65.98300170898438,65.98300170898438,65.88999938964844,65.88999938964844,5097.0
2024-04-24 13:45:00,VOD,8.604999542236328,8.604999542236328,8.604999542236328,8.604999542236328,8.604999542236328,619.0
2024-04-24 13:45:00,VRTX,400.6300048828125,400.6300048828125,400.6300048828125,400.6300048828125,400.6300048828125,743.0
2024-04-24 13:45:00,VSAT,16.440000534057617,16.440000534057617,16.440000534057617,16.440000534057617,16.440000534057617,510.0
2024-04-24 13:45:00,VSEC,78.9000015258789,78.9000015258789,78.9000015258789,78.80000305175781,78.80000305175781,506.0
2024-04-24 13:45:00,VTNR,1.4850000143051147,1.4850000143051147,1.486799955368042,1.4850000143051147,1.486799955368042,538.0
2024-04-24 13:45:00,VTRS,11.4350004196167,11.4350004196167,11.4350004196167,11.430000305175781,11.4350004196167,6099.0
2024-04-24 13:45:00,VUZI,1.2949999570846558,1.2949999570846558,1.2949999570846558,1.2949999570846558,1.2949999570846558,1067.0
2024-04-24 13:45:00,VYNE,2.380000114440918,2.380000114440918,2.380000114440918,2.380000114440918,2.380000114440918,5882.0
2024-04-24 13:45:00,WBA,17.71500015258789,17.71500015258789,17.71500015258789,17.704999923706055,17.704999923706055,13446.0
2024-04-24 13:45:00,WBD,8.3149995803833,8.3149995803833,8.319999694824219,8.3100004196167,8.319999694824219,11743.0
2024-04-24 13:45:00,WDAY,256.4700012207031,256.4700012207031,256.4700012207031,256.4700012207031,256.4700012207031,552.0
2024-04-24 13:45:00,WDC,69.37999725341797,69.37999725341797,69.41000366210938,69.33000183105469,69.41000366210938,3461.0
2024-04-24 13:45:00,WEN,19.93000030517578,19.93000030517578,19.934999465942383,19.93000030517578,19.934999465942383,944.0
2024-04-24 13:45:00,WERN,35.20000076293945,35.20000076293945,35.21500015258789,35.20000076293945,35.209999084472656,1407.0
2024-04-24 13:45:00,WHLM,6.445000171661377,6.445000171661377,6.445000171661377,6.445000171661377,6.445000171661377,279.0
2024-04-24 13:45:00,WIMI,1.0399999618530273,1.0399999618530273,1.0399999618530273,1.0299999713897705,1.0399999618530273,16614.0
2024-04-24 13:45:00,WING,365.6099853515625,365.6099853515625,365.6099853515625,365.6099853515625,365.6099853515625,351.0
2024-04-24 13:45:00,WISA,6.0,6.0,6.079999923706055,5.894999980926514,5.894999980926514,34100.0
2024-04-24 13:45:00,WIX,122.08000183105469,122.08000183105469,122.08000183105469,122.08000183105469,122.08000183105469,117.0
2024-04-24 13:45:00,WKHS,0.16419999301433563,0.16419999301433563,0.16419999301433563,0.16369999945163727,0.16369999945163727,2852.0
2024-04-24 13:45:00,WMG,32.15999984741211,32.15999984741211,32.15999984741211,32.13999938964844,32.13999938964844,900.0
2024-04-24 13:45:00,WSC,37.9900016784668,37.9900016784668,37.9900016784668,37.94499969482422,37.94499969482422,2428.0
2024-04-24 13:45:00,WTW,264.7099914550781,264.7099914550781,264.7099914550781,264.7099914550781,264.7099914550781,472.0
2024-04-24 13:45:00,WVE,5.210000038146973,5.210000038146973,5.210000038146973,5.210000038146973,5.210000038146973,407.0
2024-04-24 13:45:00,WW,1.679900050163269,1.679900050163269,1.679900050163269,1.679900050163269,1.679900050163269,619.0
2024-04-24 13:45:00,WYNN,97.18000030517578,97.18000030517578,97.18000030517578,97.125,97.125,1993.0
2024-04-24 13:45:00,XEL,55.41999816894531,55.41999816894531,55.44499969482422,55.415000915527344,55.42499923706055,15011.0
2024-04-24 13:45:00,XERS,1.7725000381469727,1.7725000381469727,1.7725000381469727,1.7725000381469727,1.7725000381469727,305.0
2024-04-24 13:45:00,XFOR,1.2503000497817993,1.2503000497817993,1.2599999904632568,1.25,1.2598999738693237,864.0
2024-04-24 13:45:00,XMTR,17.059999465942383,17.059999465942383,17.059999465942383,17.059999465942383,17.059999465942383,1266.0
2024-04-24 13:45:00,XNCR,18.78499984741211,18.78499984741211,18.829999923706055,18.78499984741211,18.829999923706055,1567.0
2024-04-24 13:45:00,XP,20.579999923706055,20.579999923706055,20.584999084472656,20.575000762939453,20.584999084472656,6532.0
2024-04-24 13:45:00,XRX,14.46500015258789,14.46500015258789,14.470000267028809,14.46500015258789,14.470000267028809,3020.0
2024-04-24 13:45:00,XXII,1.9199999570846558,1.9199999570846558,1.9199999570846558,1.9198999404907227,1.9198999404907227,2040.0
2024-04-24 13:45:00,YTRA,1.2999999523162842,1.2999999523162842,1.2999999523162842,1.2999999523162842,1.2999999523162842,400.0
2024-04-24 13:45:00,ZAPP,4.050099849700928,4.050099849700928,4.050099849700928,4.050099849700928,4.050099849700928,1210.0
2024-04-24 13:45:00,ZG,43.029998779296875,43.029998779296875,43.029998779296875,43.029998779296875,43.029998779296875,767.0
2024-04-24 13:45:00,ZI,15.850000381469727,15.850000381469727,15.850000381469727,15.845000267028809,15.845000267028809,1017.0
2024-04-24 13:45:00,ZION,42.189998626708984,42.189998626708984,42.189998626708984,42.16999816894531,42.16999816894531,3337.0
2024-04-24 13:45:00,ZM,61.5099983215332,61.5099983215332,61.5099983215332,61.505001068115234,61.5099983215332,1795.0
2024-04-24 13:45:00,ZNTL,11.806300163269043,11.806300163269043,11.806300163269043,11.806300163269043,11.806300163269043,777.0
2024-04-24 13:45:00,ZS,178.58999633789062,178.58999633789062,178.58999633789062,178.5449981689453,178.5449981689453,799.0
2024-04-24 13:45:00,ZURA,3.200000047683716,3.200000047683716,3.2799999713897705,3.200000047683716,3.25,0.0
2024-04-24 13:45:00,ZYME,8.609999656677246,8.609999656677246,8.609999656677246,8.609999656677246,8.609999656677246,722.0
2024-04-24 13:46:00,DIBS,5.400000095367432,5.400000095367432,5.400000095367432,5.400000095367432,5.400000095367432,162.0
2024-04-24 13:46:00,DSP,8.5,8.5,8.5,8.5,8.5,226.0
2024-04-24 13:46:00,MAPS,1.100000023841858,1.100000023841858,1.100000023841858,1.100000023841858,1.100000023841858,100.0
2024-04-24 13:46:00,ME,0.47130000591278076,0.47130000591278076,0.4722999930381775,0.4702000021934509,0.47119998931884766,11088.0
2024-04-24 13:46:00,SEAT,5.894999980926514,5.894999980926514,5.900000095367432,5.894999980926514,5.900000095367432,811.0
2024-04-24 13:46:00,TWOU,0.24070000648498535,0.24070000648498535,0.24070000648498535,0.23960000276565552,0.24070000648498535,1600.0
2024-04-24 13:46:00,TXG,27.479999542236328,27.479999542236328,27.479999542236328,27.479999542236328,27.479999542236328,1445.0
2024-04-24 13:46:00,VABK,24.469999313354492,24.469999313354492,24.469999313354492,24.469999313354492,24.469999313354492,409.0
2024-04-24 13:46:00,VERU,1.340000033378601,1.340000033378601,1.350000023841858,1.340000033378601,1.340000033378601,1793.0
2024-04-24 13:46:00,VERV,6.664999961853027,6.664999961853027,6.664999961853027,6.664999961853027,6.664999961853027,878.0
2024-04-24 13:46:00,VERX,29.1200008392334,29.1200008392334,29.170000076293945,29.06999969482422,29.145000457763672,6444.0
2024-04-24 13:46:00,VFS,2.4800000190734863,2.4800000190734863,2.484999895095825,2.4800000190734863,2.484999895095825,2079.0
2024-04-24 13:46:00,VIAV,7.994999885559082,7.994999885559082,7.994999885559082,7.992499828338623,7.992499828338623,309.0
2024-04-24 13:46:00,VIRT,22.56999969482422,22.56999969482422,22.59000015258789,22.56999969482422,22.56999969482422,2949.0
2024-04-24 13:46:00,VITL,26.8700008392334,26.8700008392334,26.8700008392334,26.8700008392334,26.8700008392334,130.0
2024-04-24 13:46:00,VKTX,66.02999877929688,66.02999877929688,66.02999877929688,65.91999816894531,65.91999816894531,5405.0
2024-04-24 13:46:00,VLCN,0.26350000500679016,0.26350000500679016,0.26350000500679016,0.26350000500679016,0.26350000500679016,1800.0
2024-04-24 13:46:00,VMEO,3.5350000858306885,3.5350000858306885,3.5350000858306885,3.5350000858306885,3.5350000858306885,1073.0
2024-04-24 13:46:00,VNOM,39.970001220703125,39.970001220703125,39.970001220703125,39.970001220703125,39.970001220703125,598.0
2024-04-24 13:46:00,VOD,8.609999656677246,8.609999656677246,8.609999656677246,8.604999542236328,8.609999656677246,3015.0
2024-04-24 13:46:00,VOR,1.7400000095367432,1.7400000095367432,1.7400000095367432,1.7400000095367432,1.7400000095367432,604.0
2024-04-24 13:46:00,VRNA,15.569999694824219,15.569999694824219,15.569999694824219,15.569999694824219,15.569999694824219,128.0
2024-04-24 13:46:00,VRTX,400.6449890136719,400.6449890136719,400.6449890136719,400.6449890136719,400.6449890136719,907.0
2024-04-24 13:46:00,VSAT,16.420000076293945,16.420000076293945,16.459999084472656,16.420000076293945,16.450000762939453,6095.0
2024-04-24 13:46:00,VTNR,1.4500000476837158,1.4500000476837158,1.4900000095367432,1.4500000476837158,1.4809999465942383,125424.0
2024-04-24 13:46:00,VTRS,11.4399995803833,11.4399995803833,11.4399995803833,11.4350004196167,11.4350004196167,1629.0
2024-04-24 13:46:00,VUZI,1.2949999570846558,1.2949999570846558,1.2949999570846558,1.2899999618530273,1.2899999618530273,215.0
2024-04-24 13:46:00,WABC,47.505001068115234,47.505001068115234,47.505001068115234,47.505001068115234,47.505001068115234,130.0
2024-04-24 13:46:00,WAFD,28.1200008392334,28.1200008392334,28.1200008392334,28.110000610351562,28.110000610351562,438.0
2024-04-24 13:46:00,WBA,17.709999084472656,17.709999084472656,17.710100173950195,17.709999084472656,17.710100173950195,1048.0
2024-04-24 13:46:00,WBD,8.3149995803833,8.3149995803833,8.315500259399414,8.314800262451172,8.3149995803833,14121.0
2024-04-24 13:46:00,WDAY,256.5299987792969,256.5299987792969,256.5400085449219,256.45001220703125,256.45001220703125,2595.0
2024-04-24 13:46:00,WDC,69.4000015258789,69.4000015258789,69.4000015258789,69.37000274658203,69.37000274658203,1158.0
2024-04-24 13:46:00,WDFC,228.5850067138672,228.5850067138672,228.5850067138672,228.5850067138672,228.5850067138672,431.0
2024-04-24 13:46:00,WEN,19.93000030517578,19.93000030517578,19.93000030517578,19.920000076293945,19.93000030517578,5487.0
2024-04-24 13:46:00,WERN,35.20000076293945,35.20000076293945,35.21500015258789,35.20000076293945,35.21500015258789,1138.0
2024-04-24 13:46:00,WFRD,123.0,123.0,123.0,123.0,123.0,289.0
2024-04-24 13:46:00,WHLM,6.400100231170654,6.400100231170654,6.400100231170654,6.400000095367432,6.400000095367432,2287.0
2024-04-24 13:46:00,WIMI,1.0374000072479248,1.0374000072479248,1.0399999618530273,1.034999966621399,1.038100004196167,5258.0
2024-04-24 13:46:00,WINA,375.70001220703125,375.70001220703125,375.70001220703125,375.70001220703125,375.70001220703125,1026.0
2024-04-24 13:46:00,WING,365.98968505859375,365.98968505859375,365.98968505859375,365.98968505859375,365.98968505859375,1659.0
2024-04-24 13:46:00,WISA,6.054999828338623,6.054999828338623,6.079699993133545,6.0100998878479,6.019899845123291,12020.0
2024-04-24 13:46:00,WIX,122.41000366210938,122.41000366210938,122.41000366210938,122.2249984741211,122.2249984741211,2362.0
2024-04-24 13:46:00,WKHS,0.16429999470710754,0.16429999470710754,0.16429999470710754,0.16429999470710754,0.16429999470710754,589.0
2024-04-24 13:46:00,WKME,7.900000095367432,7.900000095367432,7.900000095367432,7.900000095367432,7.900000095367432,301.0
2024-04-24 13:46:00,WMG,32.15999984741211,32.15999984741211,32.15999984741211,32.15999984741211,32.15999984741211,867.0
2024-04-24 13:46:00,WRNT,0.26499998569488525,0.26499998569488525,0.26499998569488525,0.26499998569488525,0.26499998569488525,455.0
2024-04-24 13:46:00,WSBC,28.19499969482422,28.19499969482422,28.200000762939453,28.19499969482422,28.19499969482422,996.0
2024-04-24 13:46:00,WSC,37.98500061035156,37.98500061035156,37.9900016784668,37.98500061035156,37.98500061035156,1213.0
2024-04-24 13:46:00,WSFS,44.650001525878906,44.650001525878906,44.65999984741211,44.650001525878906,44.65999984741211,837.0
2024-04-24 13:46:00,WTFC,100.125,100.125,100.125,100.125,100.125,303.0
2024-04-24 13:46:00,WTW,264.7300109863281,264.7300109863281,264.7300109863281,264.6600036621094,264.6769104003906,692.0
2024-04-24 13:46:00,WW,1.6699999570846558,1.6699999570846558,1.6699999570846558,1.6699999570846558,1.6699999570846558,626.0
2024-04-24 13:46:00,WWD,149.85000610351562,149.85000610351562,149.85000610351562,149.82749938964844,149.82749938964844,473.0
2024-04-24 13:46:00,XEL,55.42499923706055,55.42499923706055,55.42499923706055,55.415000915527344,55.415000915527344,3477.0
2024-04-24 13:46:00,XENE,40.119998931884766,40.119998931884766,40.119998931884766,40.099998474121094,40.099998474121094,693.0
2024-04-24 13:46:00,XFOR,1.2549999952316284,1.2549999952316284,1.2549999952316284,1.2549999952316284,1.2549999952316284,369.0
2024-04-24 13:46:00,XP,20.565000534057617,20.565000534057617,20.584999084472656,20.559999465942383,20.579999923706055,8839.0
2024-04-24 13:46:00,XRX,14.460000038146973,14.460000038146973,14.470000267028809,14.444999694824219,14.470000267028809,19246.0
2024-04-24 13:46:00,XXII,1.9199999570846558,1.9199999570846558,1.920699954032898,1.9199999570846558,1.920699954032898,1175.0
2024-04-24 13:46:00,YHGJ,1.3499000072479248,1.3499000072479248,1.3499000072479248,1.3499000072479248,1.3499000072479248,124.0
2024-04-24 13:46:00,YMAB,15.270000457763672,15.270000457763672,15.270000457763672,15.270000457763672,15.270000457763672,662.0
2024-04-24 13:46:00,YTRA,1.2999999523162842,1.2999999523162842,1.2999999523162842,1.2999999523162842,1.2999999523162842,200.0
2024-04-24 13:46:00,Z,43.54999923706055,43.54999923706055,43.54999923706055,43.54999923706055,43.54999923706055,2213.0
2024-04-24 13:46:00,ZD,51.849998474121094,51.849998474121094,51.849998474121094,51.84000015258789,51.84000015258789,1302.0
2024-04-24 13:46:00,ZI,15.845000267028809,15.845000267028809,15.845000267028809,15.845000267028809,15.845000267028809,542.0
2024-04-24 13:46:00,ZION,42.220001220703125,42.220001220703125,42.220001220703125,42.189998626708984,42.189998626708984,1759.0
2024-04-24 13:46:00,ZM,61.5,61.5,61.5099983215332,61.5,61.5099983215332,1298.0
2024-04-24 13:46:00,ZS,178.5749969482422,178.5749969482422,178.64999389648438,178.5749969482422,178.6199951171875,2302.0
2024-04-24 13:46:00,ZURA,3.2200000286102295,3.2200000286102295,3.2200000286102295,3.200000047683716,3.200000047683716,2167.0
2024-04-24 13:47:00,COCO,24.280000686645508,24.280000686645508,24.280000686645508,24.280000686645508,24.280000686645508,103.0
2024-04-24 13:47:00,EGHT,2.359999895095825,2.359999895095825,2.359999895095825,2.359999895095825,2.359999895095825,514.0
2024-04-24 13:47:00,FDMT,24.860000610351562,24.860000610351562,24.860000610351562,24.860000610351562,24.860000610351562,112.0
2024-04-24 13:47:00,MAPS,1.100000023841858,1.100000023841858,1.100000023841858,1.100000023841858,1.100000023841858,101.0
2024-04-24 13:47:00,ME,0.4722999930381775,0.4722999930381775,0.4722999930381775,0.47130000591278076,0.47130000591278076,1018.0
2024-04-24 13:47:00,SEAT,5.900000095367432,5.900000095367432,5.900000095367432,5.900000095367432,5.900000095367432,1902.0
2024-04-24 13:47:00,TSVT,4.349899768829346,4.349899768829346,4.349899768829346,4.349899768829346,4.349899768829346,545.0
2024-04-24 13:47:00,TWOU,0.24060000479221344,0.24060000479221344,0.24120000004768372,0.24060000479221344,0.24089999496936798,718.0
2024-04-24 13:47:00,TXG,27.469999313354492,27.469999313354492,27.510000228881836,27.459999084472656,27.510000228881836,5693.0
2024-04-24 13:47:00,VC,111.16999816894531,111.16999816894531,111.16999816894531,111.16999816894531,111.16999816894531,459.0
2024-04-24 13:47:00,VCTR,49.86000061035156,49.86000061035156,49.880001068115234,49.86000061035156,49.869998931884766,1765.0
2024-04-24 13:47:00,VERU,1.340000033378601,1.340000033378601,1.350000023841858,1.340000033378601,1.340000033378601,1140.0
2024-04-24 13:47:00,VERV,6.664999961853027,6.664999961853027,6.664999961853027,6.664999961853027,6.664999961853027,207.0
2024-04-24 13:47:00,VERX,29.190000534057617,29.190000534057617,29.200000762939453,29.1299991607666,29.1299991607666,2497.0
2024-04-24 13:47:00,VFS,2.4820001125335693,2.4820001125335693,2.4820001125335693,2.4820001125335693,2.4820001125335693,3174.0
2024-04-24 13:47:00,VIAV,8.0,8.0,8.0,8.0,8.0,603.0
2024-04-24 13:47:00,VIR,8.274999618530273,8.274999618530273,8.279999732971191,8.229999542236328,8.229999542236328,149670.0
2024-04-24 13:47:00,VIRT,22.575000762939453,22.575000762939453,22.59000015258789,22.560800552368164,22.560800552368164,3052.0
2024-04-24 13:47:00,VITL,26.899900436401367,26.899900436401367,26.899900436401367,26.899900436401367,26.899900436401367,582.0
2024-04-24 13:47:00,VKTX,66.05000305175781,66.05000305175781,66.17990112304688,66.03500366210938,66.06999969482422,2933.0
2024-04-24 13:47:00,VLCN,0.25769999623298645,0.25769999623298645,0.26350000500679016,0.25769999623298645,0.26339998841285706,30048.0
2024-04-24 13:47:00,VMEO,3.5350000858306885,3.5350000858306885,3.5399999618530273,3.5350000858306885,3.5399999618530273,4565.0
2024-04-24 13:47:00,VNOM,39.959999084472656,39.959999084472656,39.970001220703125,39.93000030517578,39.970001220703125,2832.0
2024-04-24 13:47:00,VOD,8.604999542236328,8.604999542236328,8.609999656677246,8.604999542236328,8.609999656677246,4786.0
2024-04-24 13:47:00,VRDN,13.329999923706055,13.329999923706055,13.329999923706055,13.329999923706055,13.329999923706055,1751.0
2024-04-24 13:47:00,VRRM,24.31999969482422,24.31999969482422,24.31999969482422,24.31999969482422,24.31999969482422,800.0
2024-04-24 13:47:00,VSAT,16.40999984741211,16.40999984741211,16.420000076293945,16.40999984741211,16.420000076293945,2316.0
2024-04-24 13:47:00,VTNR,1.4450000524520874,1.4450000524520874,1.4550000429153442,1.4199999570846558,1.4500000476837158,111984.0
2024-04-24 13:47:00,VTRS,11.449999809265137,11.449999809265137,11.449999809265137,11.4399995803833,11.4399995803833,6148.0
2024-04-24 13:47:00,VVOS,2.5999999046325684,2.5999999046325684,2.5999999046325684,2.5999999046325684,2.5999999046325684,698.0
2024-04-24 13:47:00,VYNE,2.380000114440918,2.380000114440918,2.380000114440918,2.380000114440918,2.380000114440918,2443.0
2024-04-24 13:47:00,WAFD,28.1299991607666,28.1299991607666,28.1299991607666,28.1299991607666,28.1299991607666,408.0
2024-04-24 13:47:00,WAFDP,15.9399995803833,15.9399995803833,15.9399995803833,15.9399995803833,15.9399995803833,578.0
2024-04-24 13:47:00,WB,8.369999885559082,8.369999885559082,8.369999885559082,8.364999771118164,8.369999885559082,1530.0
2024-04-24 13:47:00,WBA,17.725000381469727,17.725000381469727,17.725000381469727,17.71500015258789,17.71500015258789,12448.0
2024-04-24 13:47:00,WBD,8.329999923706055,8.329999923706055,8.329999923706055,8.312100410461426,8.3149995803833,22033.0
2024-04-24 13:47:00,WDAY,256.3999938964844,256.3999938964844,256.5350036621094,256.3999938964844,256.5350036621094,3880.0
2024-04-24 13:47:00,WDC,69.45999908447266,69.45999908447266,69.47000122070312,69.41000366210938,69.41000366210938,4869.0
2024-04-24 13:47:00,WEN,19.934999465942383,19.934999465942383,19.934999465942383,19.934999465942383,19.934999465942383,656.0
2024-04-24 13:47:00,WERN,35.20000076293945,35.20000076293945,35.20000076293945,35.20000076293945,35.20000076293945,155.0
2024-04-24 13:47:00,WFRD,122.91999816894531,122.91999816894531,123.05000305175781,122.91999816894531,123.05000305175781,2203.0
2024-04-24 13:47:00,WING,366.0799865722656,366.0799865722656,366.0799865722656,366.0799865722656,366.0799865722656,320.0
2024-04-24 13:47:00,WISA,6.031300067901611,6.031300067901611,6.057799816131592,5.995100021362305,6.031799793243408,7836.0
2024-04-24 13:47:00,WKHS,0.16290000081062317,0.16290000081062317,0.16380000114440918,0.16290000081062317,0.163100004196167,192534.0
2024-04-24 13:47:00,WMG,32.189998626708984,32.189998626708984,32.189998626708984,32.16999816894531,32.16999816894531,1167.0
2024-04-24 13:47:00,WSBC,28.15999984741211,28.15999984741211,28.15999984741211,28.15999984741211,28.15999984741211,950.0
2024-04-24 13:47:00,WSC,38.0,38.0,38.02000045776367,37.9900016784668,38.02000045776367,4094.0
2024-04-24 13:47:00,WTFC,100.0999984741211,100.0999984741211,100.0999984741211,100.08999633789062,100.08999633789062,859.0
2024-04-24 13:47:00,WTW,264.92498779296875,264.92498779296875,264.92498779296875,264.75,264.75,2733.0
2024-04-24 13:47:00,WW,1.679900050163269,1.679900050163269,1.679900050163269,1.6749999523162842,1.6749999523162842,816.0
2024-04-24 13:47:00,WWD,149.8574981689453,149.8574981689453,149.8574981689453,149.8574981689453,149.8574981689453,416.0
2024-04-24 13:47:00,WYNN,97.21499633789062,97.21499633789062,97.2300033569336,97.19999694824219,97.19999694824219,3072.0
2024-04-24 13:47:00,XEL,55.44499969482422,55.44499969482422,55.474998474121094,55.43000030517578,55.43000030517578,21104.0
2024-04-24 13:47:00,XENE,40.14120101928711,40.14120101928711,40.14120101928711,40.14120101928711,40.14120101928711,537.0
2024-04-24 13:47:00,XERS,1.7700999975204468,1.7700999975204468,1.7799999713897705,1.7700999975204468,1.7799999713897705,1862.0
2024-04-24 13:47:00,XFOR,1.2599999904632568,1.2599999904632568,1.2599999904632568,1.2599999904632568,1.2599999904632568,75.0
2024-04-24 13:47:00,XMTR,17.059999465942383,17.059999465942383,17.059999465942383,17.059999465942383,17.059999465942383,417.0
2024-04-24 13:47:00,XNCR,18.850000381469727,18.850000381469727,18.850000381469727,18.829999923706055,18.829999923706055,1060.0
2024-04-24 13:47:00,XP,20.579999923706055,20.579999923706055,20.579999923706055,20.565000534057617,20.565000534057617,6252.0
2024-04-24 13:47:00,XRX,14.46500015258789,14.46500015258789,14.475000381469727,14.46500015258789,14.470000267028809,5261.0
2024-04-24 13:47:00,XXII,1.910099983215332,1.910099983215332,1.9299999475479126,1.910099983215332,1.9299999475479126,4597.0
2024-04-24 13:47:00,YTEN,0.23399999737739563,0.23399999737739563,0.23890000581741333,0.23399999737739563,0.23890000581741333,7174.0
2024-04-24 13:47:00,YTRA,1.2999999523162842,1.2999999523162842,1.2999999523162842,1.2999999523162842,1.2999999523162842,1313.0
2024-04-24 13:47:00,Z,43.52000045776367,43.52000045776367,43.560001373291016,43.52000045776367,43.54999923706055,2852.0
2024-04-24 13:47:00,ZBRA,277.6549987792969,277.6549987792969,277.6549987792969,277.57000732421875,277.57000732421875,2719.0
2024-04-24 13:47:00,ZG,43.04999923706055,43.04999923706055,43.04999923706055,43.04999923706055,43.04999923706055,1013.0
2024-04-24 13:47:00,ZI,15.84000015258789,15.84000015258789,15.850000381469727,15.84000015258789,15.850000381469727,43474.0
2024-04-24 13:47:00,ZION,42.22999954223633,42.22999954223633,42.2400016784668,42.22999954223633,42.2400016784668,847.0
2024-04-24 13:47:00,ZM,61.5,61.5,61.55500030517578,61.5,61.529998779296875,3469.0
2024-04-24 13:47:00,ZNTL,11.819999694824219,11.819999694824219,11.819999694824219,11.800000190734863,11.8100004196167,1565.0
2024-04-24 13:47:00,ZS,178.39999389648438,178.39999389648438,178.63999938964844,178.39999389648438,178.63999938964844,3081.0
2024-04-24 13:47:00,ZURA,3.2699999809265137,3.2699999809265137,3.2699999809265137,3.240000009536743,3.244999885559082,9408.0
2024-04-24 13:47:00,ZVRA,4.579999923706055,4.579999923706055,4.579999923706055,4.510000228881836,4.510000228881836,14118.0
2024-04-24 13:47:00,ZVSA,0.6075999736785889,0.6075999736785889,0.6075999736785889,0.6075999736785889,0.6075999736785889,248.0
2024-04-24 13:48:00,COCO,24.290000915527344,24.290000915527344,24.290000915527344,24.280000686645508,24.280000686645508,1427.0
2024-04-24 13:48:00,DIBS,5.400000095367432,5.400000095367432,5.400000095367432,5.400000095367432,5.400000095367432,924.0
2024-04-24 13:48:00,ETNB,8.579999923706055,8.579999923706055,8.579999923706055,8.579999923706055,8.579999923706055,1088.0
2024-04-24 13:48:00,FREE,4.820000171661377,4.820000171661377,4.820000171661377,4.820000171661377,4.820000171661377,1020.0
2024-04-24 13:48:00,MAPS,1.090000033378601,1.090000033378601,1.090000033378601,1.090000033378601,1.090000033378601,255.0
2024-04-24 13:48:00,MASS,5.735000133514404,5.735000133514404,5.735000133514404,5.730000019073486,5.730000019073486,754.0
2024-04-24 13:48:00,ME,0.47130000591278076,0.47130000591278076,0.47130000591278076,0.47130000591278076,0.47130000591278076,1449.0
2024-04-24 13:48:00,SEAT,5.894999980926514,5.894999980926514,5.894999980926514,5.894999980926514,5.894999980926514,323.0
2024-04-24 13:48:00,TWOU,0.24060000479221344,0.24060000479221344,0.24060000479221344,0.24060000479221344,0.24060000479221344,1300.0
2024-04-24 13:48:00,TXG,27.469999313354492,27.469999313354492,27.469999313354492,27.469999313354492,27.469999313354492,1750.0
2024-04-24 13:48:00,VCTR,49.88059997558594,49.88059997558594,49.88059997558594,49.88059997558594,49.88059997558594,591.0
2024-04-24 13:48:00,VERU,1.340000033378601,1.340000033378601,1.3452999591827393,1.340000033378601,1.3452999591827393,1335.0
2024-04-24 13:48:00,VERV,6.664999961853027,6.664999961853027,6.670000076293945,6.664999961853027,6.664999961853027,909.0
2024-04-24 13:48:00,VFF,1.309999942779541,1.309999942779541,1.309999942779541,1.309999942779541,1.309999942779541,350.0
2024-04-24 13:48:00,VFS,2.484999895095825,2.484999895095825,2.484999895095825,2.484999895095825,2.484999895095825,1500.0
2024-04-24 13:48:00,VIASP,19.957599639892578,19.957599639892578,19.957599639892578,19.957599639892578,19.957599639892578,153.0
2024-04-24 13:48:00,VICR,32.150001525878906,32.150001525878906,32.154998779296875,32.119998931884766,32.154998779296875,1293.0
2024-04-24 13:48:00,VIGL,2.8299999237060547,2.8299999237060547,2.8299999237060547,2.819999933242798,2.819999933242798,2091.0
2024-04-24 13:48:00,VIR,8.274999618530273,8.274999618530273,8.274999618530273,8.274999618530273,8.274999618530273,205.0
2024-04-24 13:48:00,VIRT,22.56999969482422,22.56999969482422,22.579999923706055,22.56999969482422,22.575000762939453,10472.0
2024-04-24 13:48:00,VKTX,65.99500274658203,65.99500274658203,66.05000305175781,65.9800033569336,66.0,6381.0
2024-04-24 13:48:00,VLCN,0.2574999928474426,0.2574999928474426,0.2574999928474426,0.2574999928474426,0.2574999928474426,20108.0
2024-04-24 13:48:00,VMEO,3.5399999618530273,3.5399999618530273,3.5399999618530273,3.5399999618530273,3.5399999618530273,251.0
2024-04-24 13:48:00,VOD,8.604999542236328,8.604999542236328,8.609999656677246,8.604999542236328,8.609999656677246,838.0
2024-04-24 13:48:00,VOR,1.7400000095367432,1.7400000095367432,1.7400000095367432,1.7300000190734863,1.7300000190734863,400.0
2024-04-24 13:48:00,VRDN,13.34000015258789,13.34000015258789,13.34000015258789,13.34000015258789,13.34000015258789,242.0
2024-04-24 13:48:00,VRRM,24.31999969482422,24.31999969482422,24.334999084472656,24.31999969482422,24.329999923706055,2251.0
2024-04-24 13:48:00,VRTS,235.5800018310547,235.5800018310547,235.5800018310547,235.5800018310547,235.5800018310547,644.0
2024-04-24 13:48:00,VRTX,400.885009765625,400.885009765625,400.885009765625,400.885009765625,400.885009765625,760.0
2024-04-24 13:48:00,VTGN,4.75,4.75,4.75,4.724599838256836,4.724599838256836,1554.0
2024-04-24 13:48:00,VTNR,1.4450000524520874,1.4450000524520874,1.4494999647140503,1.4433000087738037,1.4450000524520874,6921.0
2024-04-24 13:48:00,VTRS,11.449999809265137,11.449999809265137,11.449999809265137,11.444999694824219,11.449999809265137,4523.0
2024-04-24 13:48:00,VUZI,1.2900999784469604,1.2900999784469604,1.2999999523162842,1.2900999784469604,1.2999999523162842,2600.0
2024-04-24 13:48:00,VWE,0.2800000011920929,0.2800000011920929,0.2800000011920929,0.2800000011920929,0.2800000011920929,0.0
2024-04-24 13:48:00,WBA,17.725000381469727,17.725000381469727,17.729999542236328,17.719999313354492,17.727500915527344,3346.0
2024-04-24 13:48:00,WBD,8.320899963378906,8.320899963378906,8.324999809265137,8.320899963378906,8.324999809265137,10200.0
2024-04-24 13:48:00,WDAY,256.3699951171875,256.3699951171875,256.4700012207031,256.3599853515625,256.4700012207031,1440.0
2024-04-24 13:48:00,WDC,69.45999908447266,69.45999908447266,69.48999786376953,69.45999908447266,69.47000122070312,3611.0
2024-04-24 13:48:00,WEN,19.93000030517578,19.93000030517578,19.93000030517578,19.93000030517578,19.93000030517578,393.0
2024-04-24 13:48:00,WERN,35.21500015258789,35.21500015258789,35.21500015258789,35.20000076293945,35.209999084472656,1448.0
2024-04-24 13:48:00,WEST,9.979999542236328,9.979999542236328,9.979999542236328,9.979999542236328,9.979999542236328,407.0
2024-04-24 13:48:00,WFRD,123.12999725341797,123.12999725341797,123.12999725341797,123.02999877929688,123.02999877929688,1543.0
2024-04-24 13:48:00,WIMI,1.0299999713897705,1.0299999713897705,1.034999966621399,1.0299999713897705,1.034999966621399,3103.0
2024-04-24 13:48:00,WING,366.20001220703125,366.20001220703125,366.20001220703125,366.20001220703125,366.20001220703125,610.0
2024-04-24 13:48:00,WISA,6.0,6.0,6.014999866485596,6.0,6.013599872589111,945.0
2024-04-24 13:48:00,WIX,122.43000030517578,122.43000030517578,122.43499755859375,122.43000030517578,122.43499755859375,617.0
2024-04-24 13:48:00,WKHS,0.16300000250339508,0.16300000250339508,0.16339999437332153,0.16290000081062317,0.16290000081062317,39987.0
2024-04-24 13:48:00,WMG,32.18000030517578,32.18000030517578,32.20000076293945,32.17499923706055,32.18000030517578,1912.0
2024-04-24 13:48:00,WPRT,5.670000076293945,5.670000076293945,5.684999942779541,5.670000076293945,5.684999942779541,830.0
2024-04-24 13:48:00,WRAP,1.9900000095367432,1.9900000095367432,1.9900000095367432,1.9800000190734863,1.9800000190734863,1841.0
2024-04-24 13:48:00,WSC,38.01499938964844,38.01499938964844,38.01499938964844,38.0099983215332,38.0099983215332,503.0
2024-04-24 13:48:00,WW,1.6649999618530273,1.6649999618530273,1.6699999570846558,1.659999966621399,1.6699999570846558,19441.0
2024-04-24 13:48:00,WYNN,97.2300033569336,97.2300033569336,97.26000213623047,97.2300033569336,97.25,2746.0
2024-04-24 13:48:00,XEL,55.43000030517578,55.43000030517578,55.45000076293945,55.43000030517578,55.44499969482422,10738.0
2024-04-24 13:48:00,XENE,40.17499923706055,40.17499923706055,40.17499923706055,40.150001525878906,40.150001525878906,1175.0
2024-04-24 13:48:00,XFOR,1.2599999904632568,1.2599999904632568,1.2599999904632568,1.2599999904632568,1.2599999904632568,200.0
2024-04-24 13:48:00,XNCR,18.940000534057617,18.940000534057617,18.940000534057617,18.829999923706055,18.829999923706055,2835.0
2024-04-24 13:48:00,XP,20.575000762939453,20.575000762939453,20.575000762939453,20.575000762939453,20.575000762939453,476.0
2024-04-24 13:48:00,XRX,14.46500015258789,14.46500015258789,14.470000267028809,14.46500015258789,14.46500015258789,2110.0
2024-04-24 13:48:00,XXII,1.9199999570846558,1.9199999570846558,1.9199999570846558,1.899999976158142,1.909999966621399,3113.0
2024-04-24 13:48:00,Z,43.540000915527344,43.540000915527344,43.540000915527344,43.52000045776367,43.540000915527344,3179.0
2024-04-24 13:48:00,ZCMD,1.690000057220459,1.690000057220459,1.690000057220459,1.690000057220459,1.690000057220459,1030.0
2024-04-24 13:48:00,ZD,51.88999938964844,51.88999938964844,51.88999938964844,51.88999938964844,51.88999938964844,156.0
2024-04-24 13:48:00,ZG,43.040000915527344,43.040000915527344,43.040000915527344,43.040000915527344,43.040000915527344,585.0
2024-04-24 13:48:00,ZI,15.829999923706055,15.829999923706055,15.829999923706055,15.829999923706055,15.829999923706055,5949.0
2024-04-24 13:48:00,ZIMV,15.829999923706055,15.829999923706055,15.835000038146973,15.800000190734863,15.800000190734863,567.0
2024-04-24 13:48:00,ZION,42.21500015258789,42.21500015258789,42.220001220703125,42.21500015258789,42.220001220703125,1752.0
2024-04-24 13:48:00,ZM,61.51499938964844,61.51499938964844,61.51499938964844,61.47999954223633,61.4900016784668,3304.0
2024-04-24 13:48:00,ZNTL,11.829999923706055,11.829999923706055,11.850000381469727,11.829999923706055,11.850000381469727,1119.0
2024-04-24 13:48:00,ZS,178.44000244140625,178.44000244140625,178.44000244140625,178.3699951171875,178.3699951171875,859.0
2024-04-24 13:48:00,ZURA,3.2200000286102295,3.2200000286102295,3.2200000286102295,3.2200000286102295,3.2200000286102295,0.0
2024-04-24 13:48:00,ZVRA,4.570000171661377,4.570000171661377,4.570000171661377,4.570000171661377,4.570000171661377,200.0
2024-04-24 13:48:00,ZVSA,0.6068000197410583,0.6068000197410583,0.6068000197410583,0.6068000197410583,0.6068000197410583,200.0
2024-04-24 13:48:00,ZYXI,11.364999771118164,11.364999771118164,11.364999771118164,11.364999771118164,11.364999771118164,323.0
2024-04-24 13:49:00,COCO,24.290000915527344,24.290000915527344,24.290000915527344,24.290000915527344,24.290000915527344,607.0
2024-04-24 13:49:00,DIBS,5.397500038146973,5.397500038146973,5.397500038146973,5.397500038146973,5.397500038146973,0.0
2024-04-24 13:49:00,EGHT,2.365000009536743,2.365000009536743,2.369999885559082,2.359999895095825,2.359999895095825,2139.0
2024-04-24 13:49:00,FEAM,1.1699999570846558,1.1699999570846558,1.1699999570846558,1.1699999570846558,1.1699999570846558,109.0
2024-04-24 13:49:00,MAPS,1.100000023841858,1.100000023841858,1.100000023841858,1.100000023841858,1.100000023841858,101.0
2024-04-24 13:49:00,ME,0.4706999957561493,0.4706999957561493,0.4722999930381775,0.4706999957561493,0.47130000591278076,2521.0
2024-04-24 13:49:00,SEAT,5.900000095367432,5.900000095367432,5.900000095367432,5.900000095367432,5.900000095367432,677.0
2024-04-24 13:49:00,SRCE,50.7400016784668,50.7400016784668,50.7400016784668,50.7400016784668,50.7400016784668,176.0
2024-04-24 13:49:00,TWOU,0.24070000648498535,0.24070000648498535,0.24070000648498535,0.24060000479221344,0.24070000648498535,1917.0
2024-04-24 13:49:00,TXG,27.469999313354492,27.469999313354492,27.489999771118164,27.469999313354492,27.489999771118164,1985.0
2024-04-24 13:49:00,VERU,1.350000023841858,1.350000023841858,1.350000023841858,1.340000033378601,1.340000033378601,1102.0
2024-04-24 13:49:00,VERV,6.65880012512207,6.65880012512207,6.670000076293945,6.65500020980835,6.664999961853027,5442.0
2024-04-24 13:49:00,VERX,29.174999237060547,29.174999237060547,29.190000534057617,29.174999237060547,29.190000534057617,3063.0
2024-04-24 13:49:00,VFS,2.4700000286102295,2.4700000286102295,2.4899001121520996,2.4700000286102295,2.4899001121520996,17909.0
2024-04-24 13:49:00,VIAV,7.994999885559082,7.994999885559082,7.994999885559082,7.994999885559082,7.994999885559082,300.0
2024-04-24 13:49:00,VICR,32.09000015258789,32.09000015258789,32.09000015258789,32.09000015258789,32.09000015258789,535.0
2024-04-24 13:49:00,VIGL,2.7899999618530273,2.7899999618530273,2.7899999618530273,2.7899999618530273,2.7899999618530273,312.0
2024-04-24 13:49:00,VIR,8.220000267028809,8.220000267028809,8.289999961853027,8.220000267028809,8.274999618530273,7986.0
2024-04-24 13:49:00,VIRT,22.545000076293945,22.545000076293945,22.559999465942383,22.545000076293945,22.559999465942383,2106.0
2024-04-24 13:49:00,VIRX,0.8396999835968018,0.8396999835968018,0.8396999835968018,0.8396000266075134,0.8396000266075134,1901.0
2024-04-24 13:49:00,VITL,26.860000610351562,26.860000610351562,26.8700008392334,26.860000610351562,26.8700008392334,772.0
2024-04-24 13:49:00,VIVK,1.5099999904632568,1.5099999904632568,1.5110000371932983,1.5099999904632568,1.5110000371932983,654.0
2024-04-24 13:49:00,VKTX,65.9800033569336,65.9800033569336,66.05000305175781,65.94999694824219,66.01499938964844,17213.0
2024-04-24 13:49:00,VMD,7.989999771118164,7.989999771118164,7.989999771118164,7.989999771118164,7.989999771118164,491.0
2024-04-24 13:49:00,VMEO,3.5399999618530273,3.5399999618530273,3.5399999618530273,3.5399999618530273,3.5399999618530273,573.0
2024-04-24 13:49:00,VOD,8.609299659729004,8.609299659729004,8.609299659729004,8.609199523925781,8.609199523925781,695.0
2024-04-24 13:49:00,VRDN,13.350000381469727,13.350000381469727,13.350000381469727,13.34000015258789,13.34000015258789,906.0
2024-04-24 13:49:00,VRRM,24.299999237060547,24.299999237060547,24.31999969482422,24.299999237060547,24.31999969482422,1013.0
2024-04-24 13:49:00,VRTX,401.1000061035156,401.1000061035156,401.1000061035156,401.0799865722656,401.0799865722656,1355.0
2024-04-24 13:49:00,VSAT,16.40999984741211,16.40999984741211,16.420000076293945,16.40999984741211,16.420000076293945,1272.0
2024-04-24 13:49:00,VTNR,1.4600000381469727,1.4600000381469727,1.4600000381469727,1.4494999647140503,1.4500000476837158,37643.0
2024-04-24 13:49:00,VTRS,11.460000038146973,11.460000038146973,11.460000038146973,11.449899673461914,11.449899673461914,4278.0
2024-04-24 13:49:00,VUZI,1.2899999618530273,1.2899999618530273,1.2899999618530273,1.2899999618530273,1.2899999618530273,0.0
2024-04-24 13:49:00,WABC,47.52000045776367,47.52000045776367,47.529998779296875,47.52000045776367,47.529998779296875,617.0
2024-04-24 13:49:00,WAFD,28.1299991607666,28.1299991607666,28.1299991607666,28.1299991607666,28.1299991607666,609.0
2024-04-24 13:49:00,WB,8.359999656677246,8.359999656677246,8.359999656677246,8.359999656677246,8.359999656677246,137.0
2024-04-24 13:49:00,WBA,17.7450008392334,17.7450008392334,17.75,17.725000381469727,17.725000381469727,47726.0
2024-04-24 13:49:00,WBD,8.319999694824219,8.319999694824219,8.329999923706055,8.319999694824219,8.329999923706055,6553.0
2024-04-24 13:49:00,WDAY,256.4200134277344,256.4200134277344,256.5,256.4200134277344,256.5,1254.0
2024-04-24 13:49:00,WDC,69.44000244140625,69.44000244140625,69.5199966430664,69.44000244140625,69.47000122070312,11254.0
2024-04-24 13:49:00,WEN,19.93000030517578,19.93000030517578,19.93000030517578,19.93000030517578,19.93000030517578,2487.0
2024-04-24 13:49:00,WERN,35.22999954223633,35.22999954223633,35.25,35.22999954223633,35.22999954223633,1049.0
2024-04-24 13:49:00,WIMI,1.034999966621399,1.034999966621399,1.0399999618530273,1.0299999713897705,1.0299999713897705,4960.0
2024-04-24 13:49:00,WING,366.3800048828125,366.3800048828125,366.3800048828125,366.3800048828125,366.3800048828125,355.0
2024-04-24 13:49:00,WISA,5.909999847412109,5.909999847412109,5.9394001960754395,5.909999847412109,5.9394001960754395,6117.0
2024-04-24 13:49:00,WIX,122.30960083007812,122.30960083007812,122.30960083007812,122.30960083007812,122.30960083007812,532.0
2024-04-24 13:49:00,WKHS,0.163100004196167,0.163100004196167,0.163100004196167,0.163100004196167,0.163100004196167,1298.0
2024-04-24 13:49:00,WLDN,28.100000381469727,28.100000381469727,28.100000381469727,28.09000015258789,28.09000015258789,316.0
2024-04-24 13:49:00,WMG,32.15999984741211,32.15999984741211,32.16999816894531,32.15999984741211,32.16999816894531,781.0
2024-04-24 13:49:00,WSBC,28.100000381469727,28.100000381469727,28.149999618530273,28.100000381469727,28.149999618530273,1097.0
2024-04-24 13:49:00,WSC,37.994998931884766,37.994998931884766,38.0625,37.98500061035156,38.02000045776367,19532.0
2024-04-24 13:49:00,WTFC,100.05000305175781,100.05000305175781,100.08999633789062,100.04000091552734,100.04000091552734,1017.0
2024-04-24 13:49:00,WVE,5.210000038146973,5.210000038146973,5.210000038146973,5.210000038146973,5.210000038146973,400.0
2024-04-24 13:49:00,WW,1.659999966621399,1.659999966621399,1.6698999404907227,1.659999966621399,1.6698999404907227,643.0
2024-04-24 13:49:00,WWD,149.93499755859375,149.93499755859375,149.93499755859375,149.93499755859375,149.93499755859375,411.0
2024-04-24 13:49:00,WYNN,97.19000244140625,97.19000244140625,97.2300033569336,97.19000244140625,97.2300033569336,1982.0
2024-04-24 13:49:00,XEL,55.41999816894531,55.41999816894531,55.439998626708984,55.41999816894531,55.43000030517578,9689.0
2024-04-24 13:49:00,XENE,40.17499923706055,40.17499923706055,40.17499923706055,40.1510009765625,40.1510009765625,522.0
2024-04-24 13:49:00,XFOR,1.2599999904632568,1.2599999904632568,1.2599999904632568,1.25,1.25,8088.0
2024-04-24 13:49:00,XMTR,17.079999923706055,17.079999923706055,17.079999923706055,17.06999969482422,17.06999969482422,1459.0
2024-04-24 13:49:00,XNCR,18.969999313354492,18.969999313354492,18.969999313354492,18.93000030517578,18.940000534057617,9642.0
2024-04-24 13:49:00,XP,20.565000534057617,20.565000534057617,20.584999084472656,20.565000534057617,20.584999084472656,6958.0
2024-04-24 13:49:00,XPEL,54.869998931884766,54.869998931884766,54.869998931884766,54.869998931884766,54.869998931884766,455.0
2024-04-24 13:49:00,XRX,14.475000381469727,14.475000381469727,14.475000381469727,14.460000038146973,14.46500015258789,5145.0
2024-04-24 13:49:00,XXII,1.9147000312805176,1.9147000312805176,1.9199999570846558,1.9147000312805176,1.9164999723434448,6558.0
2024-04-24 13:49:00,Z,43.52000045776367,43.52000045776367,43.54999923706055,43.51499938964844,43.54999923706055,5234.0
2024-04-24 13:49:00,ZD,51.86000061035156,51.86000061035156,51.86000061035156,51.86000061035156,51.86000061035156,987.0
2024-04-24 13:49:00,ZION,42.220001220703125,42.220001220703125,42.22999954223633,42.220001220703125,42.22999954223633,392.0
2024-04-24 13:49:00,ZLAB,15.630000114440918,15.630000114440918,15.630000114440918,15.630000114440918,15.630000114440918,1012.0
2024-04-24 13:49:00,ZM,61.47999954223633,61.47999954223633,61.52000045776367,61.47999954223633,61.52000045776367,3544.0
2024-04-24 13:49:00,ZNTL,11.8100004196167,11.8100004196167,11.819999694824219,11.8100004196167,11.819999694824219,1157.0
2024-04-24 13:49:00,ZS,178.44000244140625,178.44000244140625,178.52000427246094,178.44000244140625,178.52000427246094,663.0
2024-04-24 13:49:00,ZURA,3.2799999713897705,3.2799999713897705,3.2799999713897705,3.2300000190734863,3.2300000190734863,15242.0
2024-04-24 13:49:00,ZVRA,4.560100078582764,4.560100078582764,4.570000171661377,4.560100078582764,4.570000171661377,297.0
2024-04-24 13:49:00,ZVSA,0.6000000238418579,0.6000000238418579,0.6075999736785889,0.6000000238418579,0.607200026512146,2287.0
2024-04-24 13:49:00,ZYME,8.603799819946289,8.603799819946289,8.603799819946289,8.600000381469727,8.600000381469727,7061.0
2024-04-24 13:50:00,COCO,24.299999237060547,24.299999237060547,24.299999237060547,24.299999237060547,24.299999237060547,1086.0
2024-04-24 13:50:00,FDMT,24.825000762939453,24.825000762939453,24.825000762939453,24.825000762939453,24.825000762939453,183.0
2024-04-24 13:50:00,FREE,4.820000171661377,4.820000171661377,4.820000171661377,4.815000057220459,4.815000057220459,1120.0
2024-04-24 13:50:00,HOWL,6.559999942779541,6.559999942779541,6.559999942779541,6.550000190734863,6.550000190734863,3728.0
2024-04-24 13:50:00,MASS,5.735000133514404,5.735000133514404,5.735000133514404,5.735000133514404,5.735000133514404,224.0
2024-04-24 13:50:00,ME,0.47130000591278076,0.47130000591278076,0.47130000591278076,0.47130000591278076,0.47130000591278076,404.0
2024-04-24 13:50:00,SEAT,5.900000095367432,5.900000095367432,5.900000095367432,5.894999980926514,5.894999980926514,492.0
2024-04-24 13:50:00,TWOU,0.24070000648498535,0.24070000648498535,0.24070000648498535,0.24070000648498535,0.24070000648498535,1900.0
2024-04-24 13:50:00,TXG,27.450000762939453,27.450000762939453,27.459999084472656,27.450000762939453,27.459999084472656,2614.0
2024-04-24 13:50:00,VC,111.2300033569336,111.2300033569336,111.2300033569336,111.05500030517578,111.11000061035156,1737.0
2024-04-24 13:50:00,VCTR,49.83000183105469,49.83000183105469,49.84000015258789,49.83000183105469,49.84000015258789,811.0
2024-04-24 13:50:00,VERU,1.340000033378601,1.340000033378601,1.350000023841858,1.340000033378601,1.340000033378601,1091.0
2024-04-24 13:50:00,VERV,6.65500020980835,6.65500020980835,6.65500020980835,6.65500020980835,6.65500020980835,506.0
2024-04-24 13:50:00,VERX,29.149999618530273,29.149999618530273,29.149999618530273,29.149999618530273,29.149999618530273,1284.0
2024-04-24 13:50:00,VFF,1.2999999523162842,1.2999999523162842,1.2999999523162842,1.2999999523162842,1.2999999523162842,536.0
2024-04-24 13:50:00,VFS,2.4649999141693115,2.4649999141693115,2.47160005569458,2.4600000381469727,2.47160005569458,16011.0
2024-04-24 13:50:00,VIAV,7.994999885559082,7.994999885559082,7.994999885559082,7.989999771118164,7.989999771118164,346.0
2024-04-24 13:50:00,VICR,32.040000915527344,32.040000915527344,32.040000915527344,32.029998779296875,32.029998779296875,566.0
2024-04-24 13:50:00,VIR,8.204999923706055,8.204999923706055,8.204999923706055,8.204999923706055,8.204999923706055,221.0
2024-04-24 13:50:00,VIRT,22.545000076293945,22.545000076293945,22.545000076293945,22.545000076293945,22.545000076293945,1023.0
2024-04-24 13:50:00,VITL,26.86400032043457,26.86400032043457,26.86400032043457,26.86400032043457,26.86400032043457,470.0
2024-04-24 13:50:00,VIVK,1.5,1.5,1.5180000066757202,1.5,1.5110000371932983,6853.0
2024-04-24 13:50:00,VKTX,65.75,65.75,65.95999908447266,65.6500015258789,65.8499984741211,8495.0
2024-04-24 13:50:00,VLGEA,27.299999237060547,27.299999237060547,27.299999237060547,27.299999237060547,27.299999237060547,310.0
2024-04-24 13:50:00,VMAR,0.5598000288009644,0.5598000288009644,0.5598000288009644,0.5461000204086304,0.5461000204086304,1001.0
2024-04-24 13:50:00,VMEO,3.533900022506714,3.533900022506714,3.5399999618530273,3.533900022506714,3.5399999618530273,3337.0
2024-04-24 13:50:00,VNOM,39.95000076293945,39.95000076293945,39.95000076293945,39.95000076293945,39.95000076293945,1197.0
2024-04-24 13:50:00,VOD,8.604999542236328,8.604999542236328,8.609999656677246,8.604999542236328,8.609999656677246,3413.0
2024-04-24 13:50:00,VRNA,15.539999961853027,15.539999961853027,15.539999961853027,15.539999961853027,15.539999961853027,638.0
2024-04-24 13:50:00,VRRM,24.295000076293945,24.295000076293945,24.299999237060547,24.295000076293945,24.299999237060547,241.0
2024-04-24 13:50:00,VSAT,16.399999618530273,16.399999618530273,16.405000686645508,16.389999389648438,16.405000686645508,860.0
2024-04-24 13:50:00,VTGN,4.75,4.75,4.75,4.75,4.75,378.0
2024-04-24 13:50:00,VTNR,1.465000033378601,1.465000033378601,1.4700000286102295,1.4600000381469727,1.4600000381469727,5995.0
2024-04-24 13:50:00,VTRS,11.4350004196167,11.4350004196167,11.454999923706055,11.4350004196167,11.454999923706055,21512.0
2024-04-24 13:50:00,VTSI,12.34000015258789,12.34000015258789,12.359999656677246,12.34000015258789,12.359999656677246,305.0
2024-04-24 13:50:00,VYGR,7.590000152587891,7.590000152587891,7.590000152587891,7.590000152587891,7.590000152587891,101.0
2024-04-24 13:50:00,VYNE,2.4000000953674316,2.4000000953674316,2.4000000953674316,2.369999885559082,2.369999885559082,9043.0
2024-04-24 13:50:00,WABC,47.43000030517578,47.43000030517578,47.459999084472656,47.43000030517578,47.459999084472656,705.0
2024-04-24 13:50:00,WAFD,28.100000381469727,28.100000381469727,28.100000381469727,28.100000381469727,28.100000381469727,1565.0
2024-04-24 13:50:00,WB,8.354999542236328,8.354999542236328,8.364999771118164,8.354999542236328,8.359999656677246,5936.0
2024-04-24 13:50:00,WBA,17.739999771118164,17.739999771118164,17.749900817871094,17.738500595092773,17.740100860595703,13439.0
2024-04-24 13:50:00,WBD,8.320099830627441,8.320099830627441,8.324999809265137,8.320099830627441,8.324999809265137,7101.0
2024-04-24 13:50:00,WDAY,256.4700012207031,256.4700012207031,256.4700012207031,256.45001220703125,256.45001220703125,302.0
2024-04-24 13:50:00,WDC,69.44000244140625,69.44000244140625,69.44000244140625,69.41000366210938,69.43000030517578,2945.0
2024-04-24 13:50:00,WEN,19.920000076293945,19.920000076293945,19.924999237060547,19.920000076293945,19.924999237060547,1120.0
2024-04-24 13:50:00,WERN,35.189998626708984,35.189998626708984,35.22999954223633,35.18000030517578,35.22999954223633,3051.0
2024-04-24 13:50:00,WEST,9.984999656677246,9.984999656677246,9.984999656677246,9.984999656677246,9.984999656677246,1459.0
2024-04-24 13:50:00,WFRD,123.0,123.0,123.0,123.0,123.0,2386.0
2024-04-24 13:50:00,WIMI,1.0299999713897705,1.0299999713897705,1.0384999513626099,1.0299999713897705,1.0325000286102295,370.0
2024-04-24 13:50:00,WING,365.9599914550781,365.9599914550781,366.1199951171875,365.9599914550781,366.1199951171875,335.0
2024-04-24 13:50:00,WISA,5.96999979019165,5.96999979019165,5.990200042724609,5.930099964141846,5.980000019073486,9238.0
2024-04-24 13:50:00,WKHS,0.16339999437332153,0.16339999437332153,0.16339999437332153,0.163100004196167,0.163100004196167,5215.0
2024-04-24 13:50:00,WMG,32.16999816894531,32.16999816894531,32.16999816894531,32.154998779296875,32.154998779296875,975.0
2024-04-24 13:50:00,WSBC,28.100000381469727,28.100000381469727,28.100000381469727,28.100000381469727,28.100000381469727,217.0
2024-04-24 13:50:00,WSC,37.98500061035156,37.98500061035156,37.98500061035156,37.97999954223633,37.98500061035156,2008.0
2024-04-24 13:50:00,WSFS,44.630001068115234,44.630001068115234,44.630001068115234,44.630001068115234,44.630001068115234,821.0
2024-04-24 13:50:00,WTBA,16.489999771118164,16.489999771118164,16.489999771118164,16.489999771118164,16.489999771118164,201.0
2024-04-24 13:50:00,WTFC,99.98999786376953,99.98999786376953,99.98999786376953,99.98999786376953,99.98999786376953,877.0
2024-04-24 13:50:00,WVE,5.210000038146973,5.210000038146973,5.210000038146973,5.210000038146973,5.210000038146973,170.0
2024-04-24 13:50:00,WW,1.659999966621399,1.659999966621399,1.659999966621399,1.659999966621399,1.659999966621399,1111.0
2024-04-24 13:50:00,WYNN,97.16500091552734,97.16500091552734,97.19000244140625,97.16500091552734,97.19000244140625,882.0
2024-04-24 13:50:00,XEL,55.41999816894531,55.41999816894531,55.435001373291016,55.41999816894531,55.41999816894531,4528.0
2024-04-24 13:50:00,XENE,40.15999984741211,40.15999984741211,40.15999984741211,40.15999984741211,40.15999984741211,1717.0
2024-04-24 13:50:00,XMTR,17.059999465942383,17.059999465942383,17.059999465942383,17.059999465942383,17.059999465942383,813.0
2024-04-24 13:50:00,XNCR,18.950000762939453,18.950000762939453,18.959999084472656,18.90999984741211,18.920000076293945,6196.0
2024-04-24 13:50:00,XP,20.56999969482422,20.56999969482422,20.56999969482422,20.55500030517578,20.565500259399414,4594.0
2024-04-24 13:50:00,XPEL,54.90999984741211,54.90999984741211,54.90999984741211,54.90999984741211,54.90999984741211,1051.0
2024-04-24 13:50:00,XRX,14.454999923706055,14.454999923706055,14.479999542236328,14.454999923706055,14.475000381469727,4810.0
2024-04-24 13:50:00,XXII,1.9199999570846558,1.9199999570846558,1.9199999570846558,1.9199999570846558,1.9199999570846558,0.0
2024-04-24 13:50:00,YI,1.0700000524520874,1.0700000524520874,1.0700000524520874,1.0700000524520874,1.0700000524520874,200.0
2024-04-24 13:50:00,Z,43.529998779296875,43.529998779296875,43.53499984741211,43.505001068115234,43.5099983215332,10491.0
2024-04-24 13:50:00,ZD,51.81999969482422,51.81999969482422,51.81999969482422,51.81999969482422,51.81999969482422,683.0
2024-04-24 13:50:00,ZENV,2.1700000762939453,2.1700000762939453,2.1700000762939453,2.1700000762939453,2.1700000762939453,102.0
2024-04-24 13:50:00,ZG,43.029998779296875,43.029998779296875,43.029998779296875,43.029998779296875,43.029998779296875,639.0
2024-04-24 13:50:00,ZI,15.8149995803833,15.8149995803833,15.819999694824219,15.8149995803833,15.819999694824219,3277.0
2024-04-24 13:50:00,ZION,42.18000030517578,42.18000030517578,42.21500015258789,42.15999984741211,42.21500015258789,24212.0
2024-04-24 13:50:00,ZM,61.46500015258789,61.46500015258789,61.470001220703125,61.45000076293945,61.470001220703125,2547.0
2024-04-24 13:50:00,ZS,178.2899932861328,178.2899932861328,178.41000366210938,178.2100067138672,178.41000366210938,3506.0
2024-04-24 13:50:00,ZYME,8.619999885559082,8.619999885559082,8.619999885559082,8.609999656677246,8.609999656677246,1260.0
2024-04-24 13:50:00,ZYXI,11.359999656677246,11.359999656677246,11.359999656677246,11.359999656677246,11.359999656677246,956.0
2024-04-24 13:51:00,COCO,24.290000915527344,24.290000915527344,24.290000915527344,24.290000915527344,24.290000915527344,431.0
2024-04-24 13:51:00,DIBS,5.400000095367432,5.400000095367432,5.400000095367432,5.394999980926514,5.400000095367432,1002.0
2024-04-24 13:51:00,EGHT,2.359999895095825,2.359999895095825,2.359999895095825,2.359999895095825,2.359999895095825,8362.0
2024-04-24 13:51:00,FDMT,24.829999923706055,24.829999923706055,24.829999923706055,24.829999923706055,24.829999923706055,383.0
2024-04-24 13:51:00,FREE,4.820000171661377,4.820000171661377,4.820000171661377,4.820000171661377,4.820000171661377,429.0
2024-04-24 13:51:00,MAPS,1.100000023841858,1.100000023841858,1.100000023841858,1.100000023841858,1.100000023841858,200.0
2024-04-24 13:51:00,MASS,5.704999923706055,5.704999923706055,5.71999979019165,5.704999923706055,5.71999979019165,924.0
2024-04-24 13:51:00,ME,0.4708000123500824,0.4708000123500824,0.4722000062465668,0.4708000123500824,0.4722000062465668,997.0
2024-04-24 13:51:00,SEAT,5.900000095367432,5.900000095367432,5.900000095367432,5.900000095367432,5.900000095367432,501.0
2024-04-24 13:51:00,TWOU,0.23989999294281006,0.23989999294281006,0.24070000648498535,0.23989999294281006,0.24070000648498535,1750.0
2024-04-24 13:51:00,TXG,27.454999923706055,27.454999923706055,27.454999923706055,27.450000762939453,27.450000762939453,738.0
2024-04-24 13:51:00,VERU,1.340000033378601,1.340000033378601,1.350000023841858,1.340000033378601,1.340000033378601,2313.0
2024-04-24 13:51:00,VERV,6.65500020980835,6.65500020980835,6.65500020980835,6.650000095367432,6.650000095367432,434.0
2024-04-24 13:51:00,VERX,29.170000076293945,29.170000076293945,29.170000076293945,29.1200008392334,29.1200008392334,22682.0
2024-04-24 13:51:00,VFF,1.319000005722046,1.319000005722046,1.319000005722046,1.319000005722046,1.319000005722046,433.0
2024-04-24 13:51:00,VIAV,8.0,8.0,8.0,7.994999885559082,7.994999885559082,310.0
2024-04-24 13:51:00,VIR,8.210000038146973,8.210000038146973,8.210000038146973,8.210000038146973,8.210000038146973,776.0
2024-04-24 13:51:00,VIRT,22.530000686645508,22.530000686645508,22.545000076293945,22.530000686645508,22.545000076293945,2600.0
2024-04-24 13:51:00,VITL,26.84000015258789,26.84000015258789,26.84000015258789,26.84000015258789,26.84000015258789,122.0
2024-04-24 13:51:00,VLCN,0.26179999113082886,0.26179999113082886,0.26179999113082886,0.26010000705718994,0.26010000705718994,15701.0
2024-04-24 13:51:00,VMD,7.9832000732421875,7.9832000732421875,7.9832000732421875,7.9832000732421875,7.9832000732421875,426.0
2024-04-24 13:51:00,VOD,8.604999542236328,8.604999542236328,8.609999656677246,8.604999542236328,8.609999656677246,3087.0
2024-04-24 13:51:00,VOR,1.7300000190734863,1.7300000190734863,1.7300000190734863,1.7300000190734863,1.7300000190734863,100.0
2024-04-24 13:51:00,VRRM,24.299999237060547,24.299999237060547,24.299999237060547,24.299999237060547,24.299999237060547,843.0
2024-04-24 13:51:00,VRTX,401.0162048339844,401.0162048339844,401.0162048339844,401.0162048339844,401.0162048339844,674.0
2024-04-24 13:51:00,VSAT,16.389999389648438,16.389999389648438,16.399999618530273,16.389999389648438,16.399999618530273,2668.0
2024-04-24 13:51:00,VTNR,1.4601000547409058,1.4601000547409058,1.4700000286102295,1.4600000381469727,1.4699000120162964,11338.0
2024-04-24 13:51:00,VTRS,11.431500434875488,11.431500434875488,11.4350004196167,11.431500434875488,11.4350004196167,1117.0
2024-04-24 13:51:00,VUZI,1.2899999618530273,1.2899999618530273,1.2899999618530273,1.2899999618530273,1.2899999618530273,400.0
2024-04-24 13:51:00,VWE,0.2800000011920929,0.2800000011920929,0.2800000011920929,0.2800000011920929,0.2800000011920929,105.0
2024-04-24 13:51:00,VYGR,7.599999904632568,7.599999904632568,7.599999904632568,7.599999904632568,7.599999904632568,323.0
2024-04-24 13:51:00,WAFD,28.059999465942383,28.059999465942383,28.06999969482422,28.059999465942383,28.06999969482422,441.0
2024-04-24 13:51:00,WB,8.354999542236328,8.354999542236328,8.354999542236328,8.350000381469727,8.354999542236328,4322.0
2024-04-24 13:51:00,WBA,17.740299224853516,17.740299224853516,17.7450008392334,17.739999771118164,17.7450008392334,4481.0
2024-04-24 13:51:00,WBD,8.324999809265137,8.324999809265137,8.324999809265137,8.320199966430664,8.324999809265137,7749.0
2024-04-24 13:51:00,WDAY,256.44000244140625,256.44000244140625,256.5299987792969,256.44000244140625,256.5299987792969,3192.0
2024-04-24 13:51:00,WDC,69.41999816894531,69.41999816894531,69.45999908447266,69.41999816894531,69.41999816894531,6511.0
2024-04-24 13:51:00,WEN,19.920000076293945,19.920000076293945,19.924999237060547,19.920000076293945,19.924999237060547,1121.0
2024-04-24 13:51:00,WERN,35.16999816894531,35.16999816894531,35.18000030517578,35.16999816894531,35.18000030517578,804.0
2024-04-24 13:51:00,WFRD,122.66999816894531,122.66999816894531,122.66999816894531,122.66999816894531,122.66999816894531,208.0
2024-04-24 13:51:00,WIMI,1.0303000211715698,1.0303000211715698,1.0303000211715698,1.0299999713897705,1.0299999713897705,1799.0
2024-04-24 13:51:00,WING,366.0950012207031,366.0950012207031,366.45001220703125,366.0950012207031,366.45001220703125,406.0
2024-04-24 13:51:00,WISA,5.920000076293945,5.920000076293945,5.930099964141846,5.920000076293945,5.930099964141846,11412.0
2024-04-24 13:51:00,WIX,122.43499755859375,122.43499755859375,122.43499755859375,122.43499755859375,122.43499755859375,187.0
2024-04-24 13:51:00,WKHS,0.163100004196167,0.163100004196167,0.163100004196167,0.16300000250339508,0.16300000250339508,29189.0
2024-04-24 13:51:00,WLDN,28.079999923706055,28.079999923706055,28.079999923706055,28.079999923706055,28.079999923706055,798.0
2024-04-24 13:51:00,WMG,32.185001373291016,32.185001373291016,32.20000076293945,32.185001373291016,32.20000076293945,675.0
2024-04-24 13:51:00,WSBC,28.049999237060547,28.049999237060547,28.049999237060547,28.049999237060547,28.049999237060547,123.0
2024-04-24 13:51:00,WSC,38.02000045776367,38.02000045776367,38.060001373291016,38.0099983215332,38.0099983215332,6136.0
2024-04-24 13:51:00,WW,1.659999966621399,1.659999966621399,1.6698999404907227,1.659999966621399,1.6698999404907227,878.0
2024-04-24 13:51:00,XEL,55.44499969482422,55.44499969482422,55.45009994506836,55.415000915527344,55.42499923706055,12049.0
2024-04-24 13:51:00,XFOR,1.2599999904632568,1.2599999904632568,1.2599999904632568,1.2599999904632568,1.2599999904632568,200.0
2024-04-24 13:51:00,XLO,1.0700000524520874,1.0700000524520874,1.0700000524520874,1.0700000524520874,1.0700000524520874,1000.0
2024-04-24 13:51:00,XMTR,17.045000076293945,17.045000076293945,17.045000076293945,17.045000076293945,17.045000076293945,310.0
2024-04-24 13:51:00,XNCR,18.934999465942383,18.934999465942383,18.959999084472656,18.934999465942383,18.950000762939453,5128.0
2024-04-24 13:51:00,XP,20.55500030517578,20.55500030517578,20.559999465942383,20.55500030517578,20.559999465942383,3706.0
2024-04-24 13:51:00,XPEL,55.0099983215332,55.0099983215332,55.02000045776367,54.84000015258789,54.915000915527344,13965.0
2024-04-24 13:51:00,XRX,14.46500015258789,14.46500015258789,14.46500015258789,14.454999923706055,14.454999923706055,6524.0
2024-04-24 13:51:00,XXII,1.9299999475479126,1.9299999475479126,1.9299999475479126,1.9299999475479126,1.9299999475479126,705.0
2024-04-24 13:51:00,Z,43.540000915527344,43.540000915527344,43.540000915527344,43.529998779296875,43.529998779296875,844.0
2024-04-24 13:51:00,ZENV,2.200000047683716,2.200000047683716,2.200000047683716,2.200000047683716,2.200000047683716,291.0
2024-04-24 13:51:00,ZION,42.20000076293945,42.20000076293945,42.20000076293945,42.189998626708984,42.189998626708984,1195.0
2024-04-24 13:51:00,ZM,61.46500015258789,61.46500015258789,61.48500061035156,61.46500015258789,61.47999954223633,3816.0
2024-04-24 13:51:00,ZS,178.3000030517578,178.3000030517578,178.3000030517578,178.3000030517578,178.3000030517578,557.0
2024-04-24 13:51:00,ZVRA,4.554999828338623,4.554999828338623,4.559999942779541,4.554999828338623,4.559999942779541,1417.0
2024-04-24 13:51:00,ZVSA,0.6050000190734863,0.6050000190734863,0.6050000190734863,0.6049000024795532,0.6049000024795532,530.0
2024-04-24 13:51:00,ZYME,8.640000343322754,8.640000343322754,8.640000343322754,8.62660026550293,8.62660026550293,5048.0
2024-04-24 13:52:00,AIXI,1.2400000095367432,1.2400000095367432,1.2400000095367432,1.2400000095367432,1.2400000095367432,4174.0
2024-04-24 13:52:00,FEAM,1.159999966621399,1.159999966621399,1.159999966621399,1.159999966621399,1.159999966621399,200.0
2024-04-24 13:52:00,MAPS,1.090000033378601,1.090000033378601,1.100000023841858,1.090000033378601,1.100000023841858,400.0
2024-04-24 13:52:00,ME,0.4713999927043915,0.4713999927043915,0.4713999927043915,0.4713999927043915,0.4713999927043915,583.0
2024-04-24 13:52:00,SEAT,5.900000095367432,5.900000095367432,5.900000095367432,5.894999980926514,5.900000095367432,796.0
2024-04-24 13:52:00,TWOU,0.2395000010728836,0.2395000010728836,0.2401999980211258,0.2395000010728836,0.23989999294281006,1502.0
2024-04-24 13:52:00,TXG,27.459999084472656,27.459999084472656,27.469999313354492,27.459999084472656,27.469999313354492,1674.0
2024-04-24 13:52:00,VC,111.20999908447266,111.20999908447266,111.29000091552734,111.20999908447266,111.25,2062.0
2024-04-24 13:52:00,VCTR,49.779998779296875,49.779998779296875,49.779998779296875,49.779998779296875,49.779998779296875,260.0
2024-04-24 13:52:00,VERU,1.340000033378601,1.340000033378601,1.350000023841858,1.340000033378601,1.340000033378601,765.0
2024-04-24 13:52:00,VERV,6.664999961853027,6.664999961853027,6.664999961853027,6.659999847412109,6.659999847412109,1648.0
2024-04-24 13:52:00,VERX,29.170000076293945,29.170000076293945,29.170000076293945,29.1299991607666,29.15999984741211,4332.0
2024-04-24 13:52:00,VIAV,7.994999885559082,7.994999885559082,7.994999885559082,7.994999885559082,7.994999885559082,615.0
2024-04-24 13:52:00,VICR,31.940000534057617,31.940000534057617,32.029998779296875,31.940000534057617,32.029998779296875,1752.0
2024-04-24 13:52:00,VIRT,22.485000610351562,22.485000610351562,22.510000228881836,22.485000610351562,22.510000228881836,3839.0
2024-04-24 13:52:00,VITL,26.84000015258789,26.84000015258789,26.84000015258789,26.84000015258789,26.84000015258789,200.0
2024-04-24 13:52:00,VKTX,65.73999786376953,65.73999786376953,65.86990356445312,65.72769927978516,65.76000213623047,1255.0
2024-04-24 13:52:00,VLCN,0.26100000739097595,0.26100000739097595,0.26100000739097595,0.26089999079704285,0.26089999079704285,15020.0
2024-04-24 13:52:00,VMD,7.989999771118164,7.989999771118164,7.989999771118164,7.989999771118164,7.989999771118164,382.0
2024-04-24 13:52:00,VMEO,3.5399999618530273,3.5399999618530273,3.5399999618530273,3.5399999618530273,3.5399999618530273,303.0
2024-04-24 13:52:00,VOD,8.60990047454834,8.60990047454834,8.60990047454834,8.60990047454834,8.60990047454834,420.0
2024-04-24 13:52:00,VOR,1.7400000095367432,1.7400000095367432,1.7400000095367432,1.7400000095367432,1.7400000095367432,106.0
2024-04-24 13:52:00,VOXR,2.0899999141693115,2.0899999141693115,2.0899999141693115,2.0889999866485596,2.0889999866485596,453.0
2024-04-24 13:52:00,VRDN,13.380000114440918,13.380000114440918,13.380000114440918,13.380000114440918,13.380000114440918,139.0
2024-04-24 13:52:00,VSAT,16.399999618530273,16.399999618530273,16.399999618530273,16.399999618530273,16.399999618530273,0.0
2024-04-24 13:52:00,VTNR,1.4900000095367432,1.4900000095367432,1.4900000095367432,1.4605000019073486,1.4605000019073486,37320.0
2024-04-24 13:52:00,VTRS,11.4399995803833,11.4399995803833,11.4399995803833,11.4350004196167,11.4399995803833,2509.0
2024-04-24 13:52:00,VUZI,1.2999999523162842,1.2999999523162842,1.2999999523162842,1.2999999523162842,1.2999999523162842,800.0
2024-04-24 13:52:00,WAFD,28.09000015258789,28.09000015258789,28.09000015258789,28.09000015258789,28.09000015258789,125.0
2024-04-24 13:52:00,WAFU,1.940000057220459,1.940000057220459,1.940000057220459,1.940000057220459,1.940000057220459,0.0
2024-04-24 13:52:00,WB,8.350000381469727,8.350000381469727,8.350000381469727,8.350000381469727,8.350000381469727,469.0
2024-04-24 13:52:00,WBA,17.735000610351562,17.735000610351562,17.75,17.735000610351562,17.739999771118164,14175.0
2024-04-24 13:52:00,WBD,8.324999809265137,8.324999809265137,8.327500343322754,8.319999694824219,8.327500343322754,10145.0
2024-04-24 13:52:00,WDAY,256.4200134277344,256.4200134277344,256.5299987792969,256.3800048828125,256.5299987792969,3170.0
2024-04-24 13:52:00,WDC,69.43000030517578,69.43000030517578,69.43000030517578,69.40499877929688,69.40499877929688,2042.0
2024-04-24 13:52:00,WEN,19.920000076293945,19.920000076293945,19.927499771118164,19.920000076293945,19.920000076293945,3474.0
2024-04-24 13:52:00,WERN,35.16999816894531,35.16999816894531,35.16999816894531,35.16999816894531,35.16999816894531,319.0
2024-04-24 13:52:00,WFRD,122.75,122.75,122.75,122.75,122.75,1543.0
2024-04-24 13:52:00,WHLM,6.440000057220459,6.440000057220459,6.440000057220459,6.349999904632568,6.349999904632568,3662.0
2024-04-24 13:52:00,WIMI,1.0398999452590942,1.0398999452590942,1.0398999452590942,1.0299999713897705,1.0300999879837036,7408.0
2024-04-24 13:52:00,WING,365.7101135253906,365.7101135253906,365.7101135253906,365.7101135253906,365.7101135253906,455.0
2024-04-24 13:52:00,WKHS,0.16300000250339508,0.16300000250339508,0.16300000250339508,0.16300000250339508,0.16300000250339508,39544.0
2024-04-24 13:52:00,WMG,32.18000030517578,32.18000030517578,32.185001373291016,32.18000030517578,32.185001373291016,320.0
2024-04-24 13:52:00,WSBF,12.149999618530273,12.149999618530273,12.149999618530273,12.149999618530273,12.149999618530273,312.0
2024-04-24 13:52:00,WSC,38.025001525878906,38.025001525878906,38.03499984741211,38.01499938964844,38.01499938964844,12299.0
2024-04-24 13:52:00,WSFS,44.67499923706055,44.67499923706055,44.67499923706055,44.66999816894531,44.66999816894531,710.0
2024-04-24 13:52:00,WTFC,100.08000183105469,100.08000183105469,100.08000183105469,100.08000183105469,100.08000183105469,473.0
2024-04-24 13:52:00,WTW,264.8999938964844,264.8999938964844,264.8999938964844,264.8999938964844,264.8999938964844,440.0
2024-04-24 13:52:00,WW,1.659999966621399,1.659999966621399,1.659999966621399,1.659999966621399,1.659999966621399,425.0
2024-04-24 13:52:00,WWD,149.75999450683594,149.75999450683594,149.75999450683594,149.75999450683594,149.75999450683594,217.0
2024-04-24 13:52:00,WYNN,97.16999816894531,97.16999816894531,97.16999816894531,97.16000366210938,97.16000366210938,2888.0
2024-04-24 13:52:00,XEL,55.44499969482422,55.44499969482422,55.44499969482422,55.421600341796875,55.44499969482422,14691.0
2024-04-24 13:52:00,XNCR,18.969999313354492,18.969999313354492,18.969999313354492,18.934999465942383,18.969999313354492,2267.0
2024-04-24 13:52:00,XP,20.56999969482422,20.56999969482422,20.56999969482422,20.55500030517578,20.559999465942383,4547.0
2024-04-24 13:52:00,XRX,14.454999923706055,14.454999923706055,14.470000267028809,14.454999923706055,14.460000038146973,3593.0
2024-04-24 13:52:00,XXII,1.9220000505447388,1.9220000505447388,1.9220000505447388,1.9220000505447388,1.9220000505447388,533.0
2024-04-24 13:52:00,YMAB,15.239999771118164,15.239999771118164,15.239999771118164,15.239999771118164,15.239999771118164,1721.0
2024-04-24 13:52:00,Z,43.60499954223633,43.60499954223633,43.61000061035156,43.54999923706055,43.54999923706055,1953.0
2024-04-24 13:52:00,ZG,43.06999969482422,43.06999969482422,43.06999969482422,43.040000915527344,43.040000915527344,991.0
2024-04-24 13:52:00,ZI,15.835000038146973,15.835000038146973,15.835000038146973,15.8149995803833,15.8149995803833,9380.0
2024-04-24 13:52:00,ZION,42.22999954223633,42.22999954223633,42.22999954223633,42.209999084472656,42.209999084472656,1562.0
2024-04-24 13:52:00,ZM,61.5099983215332,61.5099983215332,61.5099983215332,61.4900016784668,61.494998931884766,3893.0
2024-04-24 13:52:00,ZNTL,11.8100004196167,11.8100004196167,11.8100004196167,11.8100004196167,11.8100004196167,3126.0
2024-04-24 13:52:00,ZS,178.4499969482422,178.4499969482422,178.4499969482422,178.41000366210938,178.41000366210938,834.0
2024-04-24 13:52:00,ZUMZ,17.239999771118164,17.239999771118164,17.239999771118164,17.200000762939453,17.200000762939453,4394.0
2024-04-24 13:52:00,ZURA,3.299999952316284,3.299999952316284,3.3499999046325684,3.2100000381469727,3.2200000286102295,12187.0
2024-04-24 13:52:00,ZVSA,0.6051999926567078,0.6051999926567078,0.6051999926567078,0.6051999926567078,0.6051999926567078,814.0
2024-04-24 13:52:00,ZYME,8.640000343322754,8.640000343322754,8.640000343322754,8.640000343322754,8.640000343322754,385.0
2024-04-24 13:53:00,AIXI,1.2400000095367432,1.2400000095367432,1.2400000095367432,1.2400000095367432,1.2400000095367432,670.0
2024-04-24 13:53:00,COCO,24.299999237060547,24.299999237060547,24.299999237060547,24.299999237060547,24.299999237060547,1153.0
2024-04-24 13:53:00,EGHT,2.359999895095825,2.359999895095825,2.359999895095825,2.359999895095825,2.359999895095825,1787.0
2024-04-24 13:53:00,ETNB,8.579999923706055,8.579999923706055,8.579999923706055,8.579999923706055,8.579999923706055,1134.0
2024-04-24 13:53:00,ME,0.47099998593330383,0.47099998593330383,0.4722999930381775,0.47040000557899475,0.47040000557899475,2122.0
2024-04-24 13:53:00,SEAT,5.900000095367432,5.900000095367432,5.900000095367432,5.894999980926514,5.900000095367432,474.0
2024-04-24 13:53:00,TSVT,4.349999904632568,4.349999904632568,4.349999904632568,4.349999904632568,4.349999904632568,583.0
2024-04-24 13:53:00,TWOU,0.2395000010728836,0.2395000010728836,0.23960000276565552,0.2387000024318695,0.23960000276565552,2593.0
2024-04-24 13:53:00,TXG,27.489999771118164,27.489999771118164,27.5,27.479999542236328,27.479999542236328,2011.0
2024-04-24 13:53:00,VERU,1.350000023841858,1.350000023841858,1.350000023841858,1.340000033378601,1.340000033378601,1817.0
2024-04-24 13:53:00,VERV,6.679699897766113,6.679699897766113,6.679699897766113,6.670000076293945,6.670000076293945,1286.0
2024-04-24 13:53:00,VERX,29.184900283813477,29.184900283813477,29.184900283813477,29.184900283813477,29.184900283813477,317.0
2024-04-24 13:53:00,VIAV,7.994999885559082,7.994999885559082,7.994999885559082,7.994999885559082,7.994999885559082,210.0
2024-04-24 13:53:00,VICR,32.02000045776367,32.02000045776367,32.02000045776367,32.02000045776367,32.02000045776367,1382.0
2024-04-24 13:53:00,VIRT,22.469999313354492,22.469999313354492,22.479999542236328,22.469999313354492,22.475000381469727,1726.0
2024-04-24 13:53:00,VITL,26.860000610351562,26.860000610351562,26.860000610351562,26.84000015258789,26.84000015258789,3694.0
2024-04-24 13:53:00,VKTX,65.83519744873047,65.83519744873047,65.83519744873047,65.73999786376953,65.73999786376953,1673.0
2024-04-24 13:53:00,VLCN,0.26100000739097595,0.26100000739097595,0.26100000739097595,0.26100000739097595,0.26100000739097595,3322.0
2024-04-24 13:53:00,VMEO,3.5350000858306885,3.5350000858306885,3.5350000858306885,3.5350000858306885,3.5350000858306885,277.0
2024-04-24 13:53:00,VNOM,39.95000076293945,39.95000076293945,39.95000076293945,39.95000076293945,39.95000076293945,414.0
2024-04-24 13:53:00,VOD,8.604999542236328,8.604999542236328,8.609999656677246,8.604999542236328,8.609999656677246,1374.0
2024-04-24 13:53:00,VOR,1.749400019645691,1.749400019645691,1.749400019645691,1.749400019645691,1.749400019645691,1280.0
2024-04-24 13:53:00,VRDN,13.395000457763672,13.395000457763672,13.395000457763672,13.375,13.375,509.0
2024-04-24 13:53:00,VRRM,24.325000762939453,24.325000762939453,24.325000762939453,24.325000762939453,24.325000762939453,1029.0
2024-04-24 13:53:00,VRTX,400.8599853515625,400.8599853515625,400.8599853515625,400.8599853515625,400.8599853515625,1765.0
2024-04-24 13:53:00,VSAT,16.389999389648438,16.389999389648438,16.389999389648438,16.389999389648438,16.389999389648438,986.0
2024-04-24 13:53:00,VTGN,4.7453999519348145,4.7453999519348145,4.7453999519348145,4.7453999519348145,4.7453999519348145,1265.0
2024-04-24 13:53:00,VTNR,1.4850000143051147,1.4850000143051147,1.4900000095367432,1.4800000190734863,1.48989999294281,35050.0
2024-04-24 13:53:00,VTRS,11.4399995803833,11.4399995803833,11.4399995803833,11.4399995803833,11.4399995803833,1618.0
2024-04-24 13:53:00,VUZI,1.2899999618530273,1.2899999618530273,1.2949999570846558,1.2899999618530273,1.2949999570846558,300.0
2024-04-24 13:53:00,VWE,0.2800000011920929,0.2800000011920929,0.2800000011920929,0.2800000011920929,0.2800000011920929,100.0
2024-04-24 13:53:00,VYGR,7.590000152587891,7.590000152587891,7.590000152587891,7.590000152587891,7.590000152587891,349.0
2024-04-24 13:53:00,WAFD,28.100000381469727,28.100000381469727,28.100000381469727,28.100000381469727,28.100000381469727,811.0
2024-04-24 13:53:00,WB,8.354999542236328,8.354999542236328,8.354999542236328,8.354999542236328,8.354999542236328,559.0
2024-04-24 13:53:00,WBA,17.725000381469727,17.725000381469727,17.735000610351562,17.720199584960938,17.735000610351562,11071.0
2024-04-24 13:53:00,WBD,8.324999809265137,8.324999809265137,8.324999809265137,8.32450008392334,8.324999809265137,4763.0
2024-04-24 13:53:00,WDAY,256.5299987792969,256.5299987792969,256.5299987792969,256.4750061035156,256.4750061035156,1081.0
2024-04-24 13:53:00,WDC,69.41000366210938,69.41000366210938,69.4800033569336,69.41000366210938,69.44999694824219,3453.0
2024-04-24 13:53:00,WEN,19.915000915527344,19.915000915527344,19.93000030517578,19.915000915527344,19.920000076293945,4874.0
2024-04-24 13:53:00,WERN,35.18000030517578,35.18000030517578,35.20000076293945,35.18000030517578,35.189998626708984,4958.0
2024-04-24 13:53:00,WIMI,1.0299999713897705,1.0299999713897705,1.0302000045776367,1.0299999713897705,1.0299999713897705,6572.0
2024-04-24 13:53:00,WISA,5.946800231933594,5.946800231933594,5.946800231933594,5.900000095367432,5.909999847412109,31623.0
2024-04-24 13:53:00,WIX,122.27999877929688,122.27999877929688,122.4800033569336,122.27999877929688,122.4800033569336,4154.0
2024-04-24 13:53:00,WKHS,0.16339999437332153,0.16339999437332153,0.16339999437332153,0.16300000250339508,0.163100004196167,3289.0
2024-04-24 13:53:00,WMG,32.18000030517578,32.18000030517578,32.18000030517578,32.18000030517578,32.18000030517578,1212.0
2024-04-24 13:53:00,WSBC,28.059999465942383,28.059999465942383,28.110000610351562,28.059999465942383,28.100000381469727,1246.0
2024-04-24 13:53:00,WSC,38.02000045776367,38.02000045776367,38.04999923706055,38.02000045776367,38.04999923706055,4383.0
2024-04-24 13:53:00,WTFC,100.12000274658203,100.12000274658203,100.12000274658203,100.12000274658203,100.12000274658203,104.0
2024-04-24 13:53:00,WTW,264.989990234375,264.989990234375,264.989990234375,264.989990234375,264.989990234375,1178.0
2024-04-24 13:53:00,WVE,5.210000038146973,5.210000038146973,5.210000038146973,5.210000038146973,5.210000038146973,1131.0
2024-04-24 13:53:00,WW,1.659999966621399,1.659999966621399,1.659999966621399,1.659999966621399,1.659999966621399,535.0
2024-04-24 13:53:00,XEL,55.435001373291016,55.435001373291016,55.44499969482422,55.42499923706055,55.44499969482422,9143.0
2024-04-24 13:53:00,XFOR,1.2599999904632568,1.2599999904632568,1.2599999904632568,1.2549999952316284,1.2549999952316284,37401.0
2024-04-24 13:53:00,XMTR,17.040000915527344,17.040000915527344,17.040000915527344,17.040000915527344,17.040000915527344,175.0
2024-04-24 13:53:00,XNCR,18.940000534057617,18.940000534057617,18.985000610351562,18.940000534057617,18.969999313354492,1726.0
2024-04-24 13:53:00,XP,20.565000534057617,20.565000534057617,20.575000762939453,20.565000534057617,20.575000762939453,2352.0
2024-04-24 13:53:00,XRX,14.470000267028809,14.470000267028809,14.470000267028809,14.454999923706055,14.454999923706055,7671.0
2024-04-24 13:53:00,XXII,1.9187999963760376,1.9187999963760376,1.9187999963760376,1.9187999963760376,1.9187999963760376,1067.0
2024-04-24 13:53:00,YMAB,15.244999885559082,15.244999885559082,15.244999885559082,15.239999771118164,15.239999771118164,957.0
2024-04-24 13:53:00,Z,43.619998931884766,43.619998931884766,43.619998931884766,43.619998931884766,43.619998931884766,1271.0
2024-04-24 13:53:00,ZG,43.060001373291016,43.060001373291016,43.060001373291016,43.060001373291016,43.060001373291016,160.0
2024-04-24 13:53:00,ZIMV,15.84000015258789,15.84000015258789,15.84000015258789,15.84000015258789,15.84000015258789,199.0
2024-04-24 13:53:00,ZION,42.209999084472656,42.209999084472656,42.220001220703125,42.209999084472656,42.220001220703125,947.0
2024-04-24 13:53:00,ZM,61.5099983215332,61.5099983215332,61.51499938964844,61.5099983215332,61.51499938964844,2278.0
2024-04-24 13:53:00,ZS,178.57000732421875,178.57000732421875,178.57000732421875,178.48500061035156,178.50999450683594,800.0
2024-04-24 13:53:00,ZUMZ,17.260000228881836,17.260000228881836,17.260000228881836,17.25,17.25,906.0
2024-04-24 13:53:00,ZURA,3.299999952316284,3.299999952316284,3.299999952316284,3.299999952316284,3.299999952316284,1155.0
2024-04-24 13:53:00,ZVSA,0.6068999767303467,0.6068999767303467,0.6068999767303467,0.6068999767303467,0.6068999767303467,210.0
2024-04-24 13:54:00,AIXI,1.2450000047683716,1.2450000047683716,1.2450000047683716,1.2319999933242798,1.2319999933242798,1417.0
2024-04-24 13:54:00,COCO,24.290000915527344,24.290000915527344,24.290000915527344,24.290000915527344,24.290000915527344,521.0
2024-04-24 13:54:00,DIBS,5.400000095367432,5.400000095367432,5.400000095367432,5.400000095367432,5.400000095367432,275.0
2024-04-24 13:54:00,FEAM,1.1549999713897705,1.1549999713897705,1.1549999713897705,1.1549999713897705,1.1549999713897705,99.0
2024-04-24 13:54:00,FLWS,9.170000076293945,9.170000076293945,9.170000076293945,9.170000076293945,9.170000076293945,534.0
2024-04-24 13:54:00,MAPS,1.100000023841858,1.100000023841858,1.100000023841858,1.100000023841858,1.100000023841858,170.0
2024-04-24 13:54:00,MASS,5.699999809265137,5.699999809265137,5.699999809265137,5.699999809265137,5.699999809265137,125.0
2024-04-24 13:54:00,SCWO,1.3250000476837158,1.3250000476837158,1.3250000476837158,1.3250000476837158,1.3250000476837158,430.0
2024-04-24 13:54:00,SEAT,5.900000095367432,5.900000095367432,5.900000095367432,5.894999980926514,5.900000095367432,902.0
2024-04-24 13:54:00,SRCE,50.58000183105469,50.58000183105469,50.58000183105469,50.58000183105469,50.58000183105469,402.0
2024-04-24 13:54:00,TWOU,0.23739999532699585,0.23739999532699585,0.2387000024318695,0.23739999532699585,0.2387000024318695,8197.0
2024-04-24 13:54:00,TXG,27.489999771118164,27.489999771118164,27.489999771118164,27.489999771118164,27.489999771118164,1263.0
2024-04-24 13:54:00,VC,111.16000366210938,111.16000366210938,111.16999816894531,111.16000366210938,111.16999816894531,1515.0
2024-04-24 13:54:00,VCTR,49.83000183105469,49.83000183105469,49.83000183105469,49.810001373291016,49.810001373291016,1939.0
2024-04-24 13:54:00,VERU,1.350000023841858,1.350000023841858,1.350000023841858,1.340000033378601,1.340000033378601,1584.0
2024-04-24 13:54:00,VERX,29.25,29.25,29.25,29.200000762939453,29.200000762939453,2232.0
2024-04-24 13:54:00,VFS,2.469899892807007,2.469899892807007,2.469899892807007,2.4619998931884766,2.4619998931884766,2574.0
2024-04-24 13:54:00,VIAV,8.0,8.0,8.0,7.994999885559082,7.994999885559082,535.0
2024-04-24 13:54:00,VIR,8.210000038146973,8.210000038146973,8.210000038146973,8.210000038146973,8.210000038146973,1047.0
2024-04-24 13:54:00,VIRT,22.476200103759766,22.476200103759766,22.476200103759766,22.46500015258789,22.469999313354492,1939.0
2024-04-24 13:54:00,VKTX,65.81510162353516,65.81510162353516,65.8270034790039,65.80999755859375,65.8270034790039,1314.0
2024-04-24 13:54:00,VLCN,0.25999999046325684,0.25999999046325684,0.25999999046325684,0.25999999046325684,0.25999999046325684,3378.0
2024-04-24 13:54:00,VMEO,3.5399999618530273,3.5399999618530273,3.5399999618530273,3.5350000858306885,3.5350000858306885,1263.0
2024-04-24 13:54:00,VNET,1.5449999570846558,1.5449999570846558,1.5499999523162842,1.5449999570846558,1.5499999523162842,1469.0
2024-04-24 13:54:00,VOD,8.604999542236328,8.604999542236328,8.609999656677246,8.604999542236328,8.604999542236328,1561.0
2024-04-24 13:54:00,VOR,1.75,1.75,1.75,1.7300000190734863,1.7300000190734863,721.0
2024-04-24 13:54:00,VRDN,13.380000114440918,13.380000114440918,13.390000343322754,13.380000114440918,13.390000343322754,1322.0
2024-04-24 13:54:00,VSAT,16.3799991607666,16.3799991607666,16.3799991607666,16.3799991607666,16.3799991607666,803.0
2024-04-24 13:54:00,VTNR,1.475000023841858,1.475000023841858,1.4891999959945679,1.475000023841858,1.4891999959945679,4346.0
2024-04-24 13:54:00,VUZI,1.2899999618530273,1.2899999618530273,1.2899999618530273,1.2899999618530273,1.2899999618530273,102.0
2024-04-24 13:54:00,WAFD,28.06999969482422,28.06999969482422,28.06999969482422,28.06999969482422,28.06999969482422,590.0
2024-04-24 13:54:00,WBA,17.729999542236328,17.729999542236328,17.731700897216797,17.725000381469727,17.725000381469727,14388.0
2024-04-24 13:54:00,WBD,8.324999809265137,8.324999809265137,8.324999809265137,8.319999694824219,8.32450008392334,1065.0
2024-04-24 13:54:00,WDAY,256.44500732421875,256.44500732421875,256.489990234375,256.44000244140625,256.44000244140625,788.0
2024-04-24 13:54:00,WDC,69.37000274658203,69.37000274658203,69.38999938964844,69.37000274658203,69.38999938964844,2592.0
2024-04-24 13:54:00,WEN,19.90999984741211,19.90999984741211,19.915000915527344,19.90999984741211,19.915000915527344,952.0
2024-04-24 13:54:00,WERN,35.18000030517578,35.18000030517578,35.20000076293945,35.16999816894531,35.20000076293945,977.0
2024-04-24 13:54:00,WFRD,122.55999755859375,122.55999755859375,122.65499877929688,122.55999755859375,122.65499877929688,426.0
2024-04-24 13:54:00,WISA,5.953700065612793,5.953700065612793,6.019999980926514,5.953700065612793,5.96999979019165,3616.0
2024-04-24 13:54:00,WIX,122.0,122.0,122.15499877929688,122.0,122.12000274658203,2816.0
2024-04-24 13:54:00,WKHS,0.163100004196167,0.163100004196167,0.163100004196167,0.16300000250339508,0.163100004196167,42127.0
2024-04-24 13:54:00,WMG,32.18000030517578,32.18000030517578,32.18000030517578,32.18000030517578,32.18000030517578,714.0
2024-04-24 13:54:00,WSBF,12.140000343322754,12.140000343322754,12.140000343322754,12.130000114440918,12.130000114440918,1110.0
2024-04-24 13:54:00,WSC,38.03499984741211,38.03499984741211,38.03499984741211,38.0099983215332,38.029998779296875,2502.0
2024-04-24 13:54:00,WSFS,44.63999938964844,44.63999938964844,44.63999938964844,44.63999938964844,44.63999938964844,616.0
2024-04-24 13:54:00,WTFC,100.0,100.0,100.0,100.0,100.0,570.0
2024-04-24 13:54:00,WW,1.659999966621399,1.659999966621399,1.659999966621399,1.659999966621399,1.659999966621399,1377.0
2024-04-24 13:54:00,WWD,149.8800048828125,149.8800048828125,149.8800048828125,149.8800048828125,149.8800048828125,362.0
2024-04-24 13:54:00,WYNN,97.09500122070312,97.09500122070312,97.09500122070312,97.09500122070312,97.09500122070312,307.0
2024-04-24 13:54:00,XEL,55.459999084472656,55.459999084472656,55.47999954223633,55.435001373291016,55.439998626708984,8168.0
2024-04-24 13:54:00,XFOR,1.2699999809265137,1.2699999809265137,1.2699999809265137,1.2604999542236328,1.2604999542236328,398.0
2024-04-24 13:54:00,XLO,1.070099949836731,1.070099949836731,1.0705000162124634,1.070099949836731,1.070099949836731,3500.0
2024-04-24 13:54:00,XNCR,18.969999313354492,18.969999313354492,18.969999313354492,18.920000076293945,18.920000076293945,2309.0
2024-04-24 13:54:00,XP,20.559999465942383,20.559999465942383,20.575000762939453,20.559999465942383,20.559999465942383,6536.0
2024-04-24 13:54:00,XRX,14.470000267028809,14.470000267028809,14.479999542236328,14.46500015258789,14.475000381469727,9008.0
2024-04-24 13:54:00,Z,43.59000015258789,43.59000015258789,43.599998474121094,43.59000015258789,43.599998474121094,1562.0
2024-04-24 13:54:00,ZI,15.84000015258789,15.84000015258789,15.84000015258789,15.835000038146973,15.84000015258789,7228.0
2024-04-24 13:54:00,ZION,42.209999084472656,42.209999084472656,42.220001220703125,42.20000076293945,42.209999084472656,4365.0
2024-04-24 13:54:00,ZM,61.5,61.5,61.5,61.5,61.5,375.0
2024-04-24 13:54:00,ZS,178.6199951171875,178.6199951171875,178.6199951171875,178.5904998779297,178.5904998779297,3996.0
2024-04-24 13:54:00,ZURA,3.234999895095825,3.234999895095825,3.234999895095825,3.2300000190734863,3.2300000190734863,494.0
2024-04-24 13:54:00,ZVSA,0.6075999736785889,0.6075999736785889,0.6075999736785889,0.6068999767303467,0.6068999767303467,323.0
2024-04-24 13:54:00,ZYME,8.649999618530273,8.649999618530273,8.649999618530273,8.649999618530273,8.649999618530273,140.0
2024-04-24 13:55:00,COCO,24.290000915527344,24.290000915527344,24.290000915527344,24.290000915527344,24.290000915527344,124.0
2024-04-24 13:55:00,EGHT,2.3550000190734863,2.3550000190734863,2.3550000190734863,2.3550000190734863,2.3550000190734863,2741.0
2024-04-24 13:55:00,FDMT,24.850000381469727,24.850000381469727,24.860000610351562,24.829999923706055,24.860000610351562,2690.0
2024-04-24 13:55:00,MAPS,1.100000023841858,1.100000023841858,1.100000023841858,1.100000023841858,1.100000023841858,300.0
2024-04-24 13:55:00,MASS,5.699999809265137,5.699999809265137,5.699999809265137,5.699999809265137,5.699999809265137,200.0
2024-04-24 13:55:00,ME,0.4722999930381775,0.4722999930381775,0.4722999930381775,0.4722999930381775,0.4722999930381775,2888.0
2024-04-24 13:55:00,SEAT,5.894999980926514,5.894999980926514,5.900000095367432,5.894999980926514,5.900000095367432,1121.0
2024-04-24 13:55:00,TWOU,0.2387000024318695,0.2387000024318695,0.2387000024318695,0.23739999532699585,0.23739999532699585,23763.0
2024-04-24 13:55:00,TXG,27.479999542236328,27.479999542236328,27.500999450683594,27.479999542236328,27.5,3211.0
2024-04-24 13:55:00,VCTR,49.810001373291016,49.810001373291016,49.84000015258789,49.810001373291016,49.84000015258789,1027.0
2024-04-24 13:55:00,VERU,1.3450000286102295,1.3450000286102295,1.3450000286102295,1.340000033378601,1.340000033378601,5273.0
2024-04-24 13:55:00,VERV,6.684000015258789,6.684000015258789,6.690000057220459,6.679999828338623,6.679999828338623,2776.0
2024-04-24 13:55:00,VERX,29.18000030517578,29.18000030517578,29.219999313354492,29.18000030517578,29.219999313354492,3866.0
2024-04-24 13:55:00,VFS,2.4649999141693115,2.4649999141693115,2.469899892807007,2.4649999141693115,2.469899892807007,6874.0
2024-04-24 13:55:00,VIAV,7.994999885559082,7.994999885559082,7.994999885559082,7.994999885559082,7.994999885559082,410.0
2024-04-24 13:55:00,VINC,0.9261999726295471,0.9261999726295471,0.9261999726295471,0.9248999953269958,0.9248999953269958,578.0
2024-04-24 13:55:00,VIRC,10.720000267028809,10.720000267028809,10.720000267028809,10.699999809265137,10.710000038146973,937.0
2024-04-24 13:55:00,VIRX,0.8396000266075134,0.8396000266075134,0.8396000266075134,0.8396000266075134,0.8396000266075134,1500.0
2024-04-24 13:55:00,VITL,26.8799991607666,26.8799991607666,26.8799991607666,26.8799991607666,26.8799991607666,270.0
2024-04-24 13:55:00,VKTX,65.6874008178711,65.6874008178711,65.91000366210938,65.63999938964844,65.86000061035156,5764.0
2024-04-24 13:55:00,VLCN,0.25999999046325684,0.25999999046325684,0.25999999046325684,0.25999999046325684,0.25999999046325684,20552.0
2024-04-24 13:55:00,VMEO,3.5350000858306885,3.5350000858306885,3.5350000858306885,3.5350000858306885,3.5350000858306885,2058.0
2024-04-24 13:55:00,VNOM,39.96500015258789,39.96500015258789,39.96500015258789,39.93000030517578,39.93000030517578,2683.0
2024-04-24 13:55:00,VOD,8.604999542236328,8.604999542236328,8.609999656677246,8.600000381469727,8.604999542236328,1527.0
2024-04-24 13:55:00,VRCA,6.710000038146973,6.710000038146973,6.710000038146973,6.710000038146973,6.710000038146973,407.0
2024-04-24 13:55:00,VRDN,13.380000114440918,13.380000114440918,13.380000114440918,13.380000114440918,13.380000114440918,214.0
2024-04-24 13:55:00,VRRM,24.299999237060547,24.299999237060547,24.299999237060547,24.299999237060547,24.299999237060547,749.0
2024-04-24 13:55:00,VRTX,401.1600036621094,401.1600036621094,401.20001220703125,401.1600036621094,401.20001220703125,1167.0
2024-04-24 13:55:00,VSAT,16.3700008392334,16.3700008392334,16.3700008392334,16.3700008392334,16.3700008392334,552.0
2024-04-24 13:55:00,VTNR,1.475000023841858,1.475000023841858,1.4797999858856201,1.475000023841858,1.4797999858856201,4186.0
2024-04-24 13:55:00,VTRS,11.4350004196167,11.4350004196167,11.4399995803833,11.431099891662598,11.438799858093262,3580.0
2024-04-24 13:55:00,VUZI,1.2999999523162842,1.2999999523162842,1.2999999523162842,1.2999999523162842,1.2999999523162842,1100.0
2024-04-24 13:55:00,VYGR,7.590000152587891,7.590000152587891,7.590000152587891,7.590000152587891,7.590000152587891,1197.0
2024-04-24 13:55:00,WAFD,28.059999465942383,28.059999465942383,28.059999465942383,28.059999465942383,28.059999465942383,403.0
2024-04-24 13:55:00,WBA,17.729999542236328,17.729999542236328,17.729999542236328,17.725000381469727,17.729999542236328,9348.0
2024-04-24 13:55:00,WBD,8.324600219726562,8.324600219726562,8.324999809265137,8.32129955291748,8.324999809265137,1249.0
2024-04-24 13:55:00,WDAY,256.4700012207031,256.4700012207031,256.5350036621094,256.4700012207031,256.5050048828125,4758.0
2024-04-24 13:55:00,WDC,69.30999755859375,69.30999755859375,69.3499984741211,69.30000305175781,69.3499984741211,2621.0
2024-04-24 13:55:00,WEN,19.889999389648438,19.889999389648438,19.90999984741211,19.885000228881836,19.90999984741211,8783.0
2024-04-24 13:55:00,WERN,35.18000030517578,35.18000030517578,35.18000030517578,35.18000030517578,35.18000030517578,211.0
2024-04-24 13:55:00,WFRD,122.62000274658203,122.62000274658203,122.62999725341797,122.54499816894531,122.54499816894531,1798.0
2024-04-24 13:55:00,WIMI,1.0399999618530273,1.0399999618530273,1.0399999618530273,1.034999966621399,1.034999966621399,664.0
2024-04-24 13:55:00,WING,366.510009765625,366.510009765625,366.510009765625,366.3900146484375,366.3900146484375,966.0
2024-04-24 13:55:00,WISA,5.960000038146973,5.960000038146973,5.960000038146973,5.960000038146973,5.960000038146973,152.0
2024-04-24 13:55:00,WIX,122.05000305175781,122.05000305175781,122.05000305175781,122.05000305175781,122.05000305175781,1153.0
2024-04-24 13:55:00,WKHS,0.16300000250339508,0.16300000250339508,0.163100004196167,0.16300000250339508,0.163100004196167,40200.0
2024-04-24 13:55:00,WSC,38.04999923706055,38.04999923706055,38.04999923706055,38.040000915527344,38.040000915527344,697.0
2024-04-24 13:55:00,WVE,5.210000038146973,5.210000038146973,5.210000038146973,5.210000038146973,5.210000038146973,360.0
2024-04-24 13:55:00,WW,1.659999966621399,1.659999966621399,1.659999966621399,1.659999966621399,1.659999966621399,824.0
2024-04-24 13:55:00,WYNN,97.05500030517578,97.05500030517578,97.11000061035156,97.05500030517578,97.11000061035156,3207.0
2024-04-24 13:55:00,XEL,55.44499969482422,55.44499969482422,55.470001220703125,55.44499969482422,55.46500015258789,8118.0
2024-04-24 13:55:00,XERS,1.7799999713897705,1.7799999713897705,1.7799999713897705,1.7799999713897705,1.7799999713897705,493.0
2024-04-24 13:55:00,XFOR,1.2649999856948853,1.2649999856948853,1.2649999856948853,1.2649999856948853,1.2649999856948853,5535.0
2024-04-24 13:55:00,XMTR,17.050100326538086,17.050100326538086,17.050100326538086,17.050100326538086,17.050100326538086,602.0
2024-04-24 13:55:00,XP,20.55500030517578,20.55500030517578,20.55500030517578,20.55500030517578,20.55500030517578,1415.0
2024-04-24 13:55:00,XRX,14.475000381469727,14.475000381469727,14.475000381469727,14.475000381469727,14.475000381469727,3155.0
2024-04-24 13:55:00,XXII,1.9199999570846558,1.9199999570846558,1.9199999570846558,1.9198999404907227,1.9198999404907227,2231.0
2024-04-24 13:55:00,Z,43.619998931884766,43.619998931884766,43.619998931884766,43.61000061035156,43.61000061035156,213.0
2024-04-24 13:55:00,ZG,43.08919906616211,43.08919906616211,43.08919906616211,43.08919906616211,43.08919906616211,632.0
2024-04-24 13:55:00,ZI,15.84000015258789,15.84000015258789,15.84000015258789,15.84000015258789,15.84000015258789,7381.0
2024-04-24 13:55:00,ZIMV,15.819999694824219,15.819999694824219,15.850000381469727,15.819999694824219,15.850000381469727,1332.0
2024-04-24 13:55:00,ZION,42.19499969482422,42.19499969482422,42.20000076293945,42.19499969482422,42.20000076293945,1166.0
2024-04-24 13:55:00,ZLAB,15.65999984741211,15.65999984741211,15.65999984741211,15.640000343322754,15.640000343322754,498.0
2024-04-24 13:55:00,ZM,61.5,61.5,61.5,61.4900016784668,61.494998931884766,3528.0
2024-04-24 13:55:00,ZUMZ,17.25,17.25,17.25,17.25,17.25,101.0
2024-04-24 13:55:00,ZURA,3.3399999141693115,3.3399999141693115,3.3399999141693115,3.299999952316284,3.299999952316284,9237.0
2024-04-24 13:55:00,ZVSA,0.6060000061988831,0.6060000061988831,0.6060000061988831,0.6060000061988831,0.6060000061988831,357.0
2024-04-24 13:55:00,ZYME,8.645000457763672,8.645000457763672,8.649999618530273,8.645000457763672,8.649999618530273,763.0
2024-04-24 13:56:00,COCO,24.280000686645508,24.280000686645508,24.290000915527344,24.280000686645508,24.290000915527344,1496.0
2024-04-24 13:56:00,FREE,4.820000171661377,4.820000171661377,4.820000171661377,4.820000171661377,4.820000171661377,223.0
2024-04-24 13:56:00,MAPS,1.100000023841858,1.100000023841858,1.100000023841858,1.100000023841858,1.100000023841858,100.0
2024-04-24 13:56:00,MASS,5.690000057220459,5.690000057220459,5.690000057220459,5.690000057220459,5.690000057220459,148.0
2024-04-24 13:56:00,ME,0.4722999930381775,0.4722999930381775,0.4722999930381775,0.4715000092983246,0.4722999930381775,1547.0
2024-04-24 13:56:00,SCWO,1.3250000476837158,1.3250000476837158,1.340000033378601,1.3250000476837158,1.3250000476837158,1299.0
2024-04-24 13:56:00,SEAT,5.885000228881836,5.885000228881836,5.894999980926514,5.885000228881836,5.894999980926514,11275.0
2024-04-24 13:56:00,TWOU,0.2386000007390976,0.2386000007390976,0.2387000024318695,0.2386000007390976,0.2387000024318695,3101.0
2024-04-24 13:56:00,TXG,27.469999313354492,27.469999313354492,27.469999313354492,27.469999313354492,27.469999313354492,1135.0
2024-04-24 13:56:00,VCTR,49.83000183105469,49.83000183105469,49.83000183105469,49.83000183105469,49.83000183105469,371.0
2024-04-24 13:56:00,VERU,1.350000023841858,1.350000023841858,1.350000023841858,1.350000023841858,1.350000023841858,43.0
2024-04-24 13:56:00,VERV,6.6875,6.6875,6.6875,6.684999942779541,6.684999942779541,813.0
2024-04-24 13:56:00,VERX,29.135000228881836,29.135000228881836,29.135000228881836,29.135000228881836,29.135000228881836,995.0
2024-04-24 13:56:00,VFF,1.3003000020980835,1.3003000020980835,1.3003000020980835,1.3003000020980835,1.3003000020980835,330.0
2024-04-24 13:56:00,VFS,2.4700000286102295,2.4700000286102295,2.4700000286102295,2.4649999141693115,2.4649999141693115,3037.0
2024-04-24 13:56:00,VIAV,7.994999885559082,7.994999885559082,7.994999885559082,7.994999885559082,7.994999885559082,650.0
2024-04-24 13:56:00,VINC,0.9297000169754028,0.9297000169754028,0.9297000169754028,0.9297000169754028,0.9297000169754028,1181.0
2024-04-24 13:56:00,VIRT,22.528499603271484,22.528499603271484,22.530000686645508,22.479999542236328,22.479999542236328,3057.0
2024-04-24 13:56:00,VITL,26.889999389648438,26.889999389648438,26.899900436401367,26.889999389648438,26.899900436401367,1510.0
2024-04-24 13:56:00,VIVK,1.4500000476837158,1.4500000476837158,1.4900000095367432,1.4500000476837158,1.4900000095367432,1113.0
2024-04-24 13:56:00,VKTX,65.69879913330078,65.69879913330078,65.7042007446289,65.58000183105469,65.61000061035156,2463.0
2024-04-24 13:56:00,VLCN,0.25690001249313354,0.25690001249313354,0.2574999928474426,0.25270000100135803,0.2574999928474426,70762.0
2024-04-24 13:56:00,VNOM,39.9900016784668,39.9900016784668,39.9900016784668,39.96500015258789,39.96500015258789,906.0
2024-04-24 13:56:00,VOR,1.7599999904632568,1.7599999904632568,1.7599999904632568,1.7400000095367432,1.7450000047683716,14734.0
2024-04-24 13:56:00,VRDN,13.380000114440918,13.380000114440918,13.380000114440918,13.380000114440918,13.380000114440918,457.0
2024-04-24 13:56:00,VRRM,24.295000076293945,24.295000076293945,24.295000076293945,24.290000915527344,24.290000915527344,526.0
2024-04-24 13:56:00,VTNR,1.4771000146865845,1.4771000146865845,1.4799000024795532,1.4771000146865845,1.4799000024795532,4679.0
2024-04-24 13:56:00,VTRS,11.4350004196167,11.4350004196167,11.4399995803833,11.431699752807617,11.4399995803833,3547.0
2024-04-24 13:56:00,VUZI,1.2949999570846558,1.2949999570846558,1.2949999570846558,1.2949999570846558,1.2949999570846558,1004.0
2024-04-24 13:56:00,VVOS,2.619999885559082,2.619999885559082,2.619999885559082,2.5999999046325684,2.5999999046325684,5050.0
2024-04-24 13:56:00,VWE,0.2800000011920929,0.2800000011920929,0.2800000011920929,0.2800000011920929,0.2800000011920929,300.0
2024-04-24 13:56:00,VYGR,7.579999923706055,7.579999923706055,7.579999923706055,7.579999923706055,7.579999923706055,581.0
2024-04-24 13:56:00,WALD,5.289999961853027,5.289999961853027,5.289999961853027,5.289999961853027,5.289999961853027,170.0
2024-04-24 13:56:00,WBA,17.74329948425293,17.74329948425293,17.7450008392334,17.730100631713867,17.735000610351562,9036.0
2024-04-24 13:56:00,WBD,8.335399627685547,8.335399627685547,8.335399627685547,8.320099830627441,8.324799537658691,26486.0
2024-04-24 13:56:00,WDAY,256.4150085449219,256.4150085449219,256.4599914550781,256.3999938964844,256.4599914550781,922.0
2024-04-24 13:56:00,WDC,69.29000091552734,69.29000091552734,69.33000183105469,69.27999877929688,69.30500030517578,3742.0
2024-04-24 13:56:00,WEN,19.864999771118164,19.864999771118164,19.885000228881836,19.864999771118164,19.885000228881836,2943.0
2024-04-24 13:56:00,WFRD,122.5199966430664,122.5199966430664,122.5199966430664,122.5199966430664,122.5199966430664,1170.0
2024-04-24 13:56:00,WIMI,1.034999966621399,1.034999966621399,1.034999966621399,1.0317000150680542,1.0317000150680542,413.0
2024-04-24 13:56:00,WING,366.5299987792969,366.5299987792969,366.9898986816406,366.5299987792969,366.9898986816406,397.0
2024-04-24 13:56:00,WISA,5.985000133514404,5.985000133514404,5.985000133514404,5.985000133514404,5.985000133514404,591.0
2024-04-24 13:56:00,WKHS,0.16300000250339508,0.16300000250339508,0.16329999268054962,0.16300000250339508,0.16329999268054962,8685.0
2024-04-24 13:56:00,WMG,32.17499923706055,32.17499923706055,32.17499923706055,32.165000915527344,32.16999816894531,1220.0
2024-04-24 13:56:00,WSC,38.06999969482422,38.06999969482422,38.08000183105469,38.040000915527344,38.040000915527344,2423.0
2024-04-24 13:56:00,WTW,265.0299987792969,265.0299987792969,265.1199951171875,264.9849853515625,265.0799865722656,2455.0
2024-04-24 13:56:00,WVE,5.210000038146973,5.210000038146973,5.210000038146973,5.210000038146973,5.210000038146973,200.0
2024-04-24 13:56:00,WW,1.6682000160217285,1.6682000160217285,1.6682000160217285,1.6649999618530273,1.6649999618530273,2013.0
2024-04-24 13:56:00,WWD,149.875,149.875,149.875,149.875,149.875,270.0
2024-04-24 13:56:00,WYNN,97.07499694824219,97.07499694824219,97.07499694824219,97.05500030517578,97.05500030517578,1407.0
2024-04-24 13:56:00,XEL,55.4547004699707,55.4547004699707,55.45500183105469,55.435001373291016,55.45000076293945,16225.0
2024-04-24 13:56:00,XLO,1.0705000162124634,1.0705000162124634,1.0705000162124634,1.0705000162124634,1.0705000162124634,700.0
2024-04-24 13:56:00,XNCR,18.959999084472656,18.959999084472656,18.959999084472656,18.920000076293945,18.920000076293945,2166.0
2024-04-24 13:56:00,XP,20.56999969482422,20.56999969482422,20.56999969482422,20.55500030517578,20.559999465942383,2915.0
2024-04-24 13:56:00,XRX,14.46500015258789,14.46500015258789,14.479999542236328,14.460000038146973,14.475000381469727,4599.0
2024-04-24 13:56:00,XXII,1.9266999959945679,1.9266999959945679,1.9299999475479126,1.9266999959945679,1.9299999475479126,1310.0
2024-04-24 13:56:00,Z,43.59000015258789,43.59000015258789,43.619998931884766,43.58000183105469,43.61000061035156,7990.0
2024-04-24 13:56:00,ZBRA,277.67498779296875,277.67498779296875,277.80999755859375,277.67498779296875,277.80999755859375,1770.0
2024-04-24 13:56:00,ZG,43.08000183105469,43.08000183105469,43.08000183105469,43.08000183105469,43.08000183105469,1249.0
2024-04-24 13:56:00,ZI,15.850000381469727,15.850000381469727,15.850000381469727,15.84000015258789,15.845000267028809,3315.0
2024-04-24 13:56:00,ZION,42.21500015258789,42.21500015258789,42.21500015258789,42.209999084472656,42.209999084472656,768.0
2024-04-24 13:56:00,ZM,61.51499938964844,61.51499938964844,61.51499938964844,61.505001068115234,61.505001068115234,1837.0
2024-04-24 13:56:00,ZNTL,11.8100004196167,11.8100004196167,11.8100004196167,11.805000305175781,11.805000305175781,5504.0
2024-04-24 13:56:00,ZS,178.42999267578125,178.42999267578125,178.42999267578125,178.42999267578125,178.42999267578125,654.0
2024-04-24 13:56:00,ZUMZ,17.259000778198242,17.259000778198242,17.259000778198242,17.259000778198242,17.259000778198242,446.0
2024-04-24 13:56:00,ZURA,3.259999990463257,3.259999990463257,3.259999990463257,3.259999990463257,3.259999990463257,138.0
2024-04-24 13:56:00,ZVRA,4.559999942779541,4.559999942779541,4.559999942779541,4.550000190734863,4.550000190734863,257.0
2024-04-24 13:56:00,ZVSA,0.6069999933242798,0.6069999933242798,0.6069999933242798,0.6069999933242798,0.6069999933242798,224.0
2024-04-24 13:56:00,ZYME,8.645999908447266,8.645999908447266,8.645999908447266,8.645999908447266,8.645999908447266,659.0
2024-04-24 13:57:00,COCO,24.274999618530273,24.274999618530273,24.280000686645508,24.270000457763672,24.270000457763672,592.0
2024-04-24 13:57:00,DIBS,5.400000095367432,5.400000095367432,5.400000095367432,5.400000095367432,5.400000095367432,253.0
2024-04-24 13:57:00,ETNB,8.579999923706055,8.579999923706055,8.579999923706055,8.5649995803833,8.569999694824219,4574.0
2024-04-24 13:57:00,MAPS,1.100000023841858,1.100000023841858,1.100000023841858,1.100000023841858,1.100000023841858,100.0
2024-04-24 13:57:00,ME,0.4724000096321106,0.4724000096321106,0.4724000096321106,0.4722999930381775,0.4722999930381775,1202.0
2024-04-24 13:57:00,SEAT,5.885000228881836,5.885000228881836,5.885000228881836,5.885000228881836,5.885000228881836,807.0
2024-04-24 13:57:00,TWOU,0.24310000240802765,0.24310000240802765,0.24310000240802765,0.2387000024318695,0.2387000024318695,21757.0
2024-04-24 13:57:00,TXG,27.4822998046875,27.4822998046875,27.4822998046875,27.4822998046875,27.4822998046875,200.0
2024-04-24 13:57:00,VC,111.26000213623047,111.26000213623047,111.26000213623047,111.26000213623047,111.26000213623047,667.0
2024-04-24 13:57:00,VCTR,49.83000183105469,49.83000183105469,49.83000183105469,49.83000183105469,49.83000183105469,107.0
2024-04-24 13:57:00,VERU,1.350000023841858,1.350000023841858,1.350000023841858,1.3401000499725342,1.3450000286102295,16460.0
2024-04-24 13:57:00,VERV,6.684999942779541,6.684999942779541,6.684999942779541,6.684999942779541,6.684999942779541,137.0
2024-04-24 13:57:00,VIAV,7.994999885559082,7.994999885559082,7.994999885559082,7.994999885559082,7.994999885559082,200.0
2024-04-24 13:57:00,VICR,31.950000762939453,31.950000762939453,31.950000762939453,31.8700008392334,31.90999984741211,2169.0
2024-04-24 13:57:00,VIGL,2.759999990463257,2.759999990463257,2.759999990463257,2.759999990463257,2.759999990463257,230.0
2024-04-24 13:57:00,VIRT,22.540000915527344,22.540000915527344,22.540000915527344,22.514999389648438,22.530000686645508,4288.0
2024-04-24 13:57:00,VIRX,0.8396999835968018,0.8396999835968018,0.8396999835968018,0.8396999835968018,0.8396999835968018,0.0
2024-04-24 13:57:00,VIVK,1.4900000095367432,1.4900000095367432,1.4900000095367432,1.4900000095367432,1.4900000095367432,100.0
2024-04-24 13:57:00,VKTX,65.57170104980469,65.57170104980469,65.57170104980469,65.56999969482422,65.56999969482422,1448.0
2024-04-24 13:57:00,VLCN,0.2549999952316284,0.2549999952316284,0.2549999952316284,0.2549999952316284,0.2549999952316284,1023.0
2024-04-24 13:57:00,VOD,8.604999542236328,8.604999542236328,8.609999656677246,8.604999542236328,8.609999656677246,960.0
2024-04-24 13:57:00,VOR,1.7599999904632568,1.7599999904632568,1.7599999904632568,1.7599999904632568,1.7599999904632568,281.0
2024-04-24 13:57:00,VRCA,6.75,6.75,6.75,6.75,6.75,580.0
2024-04-24 13:57:00,VRM,11.931900024414062,11.931900024414062,11.931900024414062,11.931900024414062,11.931900024414062,193.0
2024-04-24 13:57:00,VRRM,24.31999969482422,24.31999969482422,24.31999969482422,24.299999237060547,24.299999237060547,1839.0
2024-04-24 13:57:00,VSEC,78.94000244140625,78.94000244140625,78.94000244140625,78.94000244140625,78.94000244140625,1309.0
2024-04-24 13:57:00,VTNR,1.475000023841858,1.475000023841858,1.4795000553131104,1.475000023841858,1.475000023841858,9513.0
2024-04-24 13:57:00,VTRS,11.449999809265137,11.449999809265137,11.449999809265137,11.4399995803833,11.4399995803833,3932.0
2024-04-24 13:57:00,VUZI,1.2899999618530273,1.2899999618530273,1.2899999618530273,1.2899999618530273,1.2899999618530273,0.0
2024-04-24 13:57:00,VVOS,2.609999895095825,2.609999895095825,2.609999895095825,2.609999895095825,2.609999895095825,150.0
2024-04-24 13:57:00,VYGR,7.582399845123291,7.582399845123291,7.582399845123291,7.582399845123291,7.582399845123291,1211.0
2024-04-24 13:57:00,WAFD,28.059999465942383,28.059999465942383,28.059999465942383,28.059999465942383,28.059999465942383,103.0
2024-04-24 13:57:00,WBA,17.7450008392334,17.7450008392334,17.75,17.739999771118164,17.7450008392334,7117.0
2024-04-24 13:57:00,WBD,8.335000038146973,8.335000038146973,8.34000015258789,8.33080005645752,8.33080005645752,12547.0
2024-04-24 13:57:00,WDAY,256.4150085449219,256.4150085449219,256.4750061035156,256.4150085449219,256.42498779296875,1182.0
2024-04-24 13:57:00,WDC,69.25,69.25,69.31999969482422,69.25,69.29000091552734,3117.0
2024-04-24 13:57:00,WDFC,228.6999969482422,228.6999969482422,228.6999969482422,228.6999969482422,228.6999969482422,471.0
2024-04-24 13:57:00,WEN,19.860000610351562,19.860000610351562,19.875,19.860000610351562,19.864999771118164,8001.0
2024-04-24 13:57:00,WERN,35.18000030517578,35.18000030517578,35.189998626708984,35.18000030517578,35.189998626708984,1019.0
2024-04-24 13:57:00,WFRD,122.33999633789062,122.33999633789062,122.33999633789062,122.33999633789062,122.33999633789062,290.0
2024-04-24 13:57:00,WIMI,1.034999966621399,1.034999966621399,1.034999966621399,1.0300999879837036,1.0300999879837036,2389.0
2024-04-24 13:57:00,WING,366.2528076171875,366.2528076171875,366.2528076171875,366.2528076171875,366.2528076171875,145.0
2024-04-24 13:57:00,WISA,5.994999885559082,5.994999885559082,6.000699996948242,5.980100154876709,5.991399765014648,18278.0
2024-04-24 13:57:00,WKHS,0.16300000250339508,0.16300000250339508,0.16300000250339508,0.16300000250339508,0.16300000250339508,500.0
2024-04-24 13:57:00,WMG,32.18000030517578,32.18000030517578,32.18000030517578,32.16999816894531,32.16999816894531,1863.0
2024-04-24 13:57:00,WSC,38.03499984741211,38.03499984741211,38.0724983215332,38.03499984741211,38.0724983215332,18316.0
2024-04-24 13:57:00,WSFS,44.630001068115234,44.630001068115234,44.630001068115234,44.630001068115234,44.630001068115234,1009.0
2024-04-24 13:57:00,WTW,265.1199951171875,265.1199951171875,265.1199951171875,265.1199951171875,265.1199951171875,601.0
2024-04-24 13:57:00,WVE,5.199999809265137,5.199999809265137,5.199999809265137,5.199999809265137,5.199999809265137,173.0
2024-04-24 13:57:00,WWD,149.82000732421875,149.82000732421875,149.82000732421875,149.82000732421875,149.82000732421875,101.0
2024-04-24 13:57:00,WYNN,97.09500122070312,97.09500122070312,97.0999984741211,97.07499694824219,97.07499694824219,1313.0
2024-04-24 13:57:00,XEL,55.46500015258789,55.46500015258789,55.47999954223633,55.44499969482422,55.459999084472656,17636.0
2024-04-24 13:57:00,XFOR,1.25,1.25,1.2649999856948853,1.25,1.2649999856948853,182942.0
2024-04-24 13:57:00,XMTR,17.049999237060547,17.049999237060547,17.049999237060547,17.049999237060547,17.049999237060547,447.0
2024-04-24 13:57:00,XP,20.56999969482422,20.56999969482422,20.575000762939453,20.565000534057617,20.575000762939453,2966.0
2024-04-24 13:57:00,XRX,14.46500015258789,14.46500015258789,14.46500015258789,14.46500015258789,14.46500015258789,1643.0
2024-04-24 13:57:00,XXII,1.940000057220459,1.940000057220459,1.940000057220459,1.9199999570846558,1.9199999570846558,9309.0
2024-04-24 13:57:00,YS,0.8100000023841858,0.8100000023841858,0.8100000023841858,0.8100000023841858,0.8100000023841858,4436.0
2024-04-24 13:57:00,Z,43.61000061035156,43.61000061035156,43.61000061035156,43.61000061035156,43.61000061035156,1776.0
2024-04-24 13:57:00,ZBRA,277.67498779296875,277.67498779296875,277.67498779296875,277.67498779296875,277.67498779296875,189.0
2024-04-24 13:57:00,ZD,51.849998474121094,51.849998474121094,51.849998474121094,51.84000015258789,51.84000015258789,891.0
2024-04-24 13:57:00,ZI,15.845000267028809,15.845000267028809,15.850000381469727,15.845000267028809,15.850000381469727,4176.0
2024-04-24 13:57:00,ZION,42.220001220703125,42.220001220703125,42.220001220703125,42.209999084472656,42.215999603271484,4291.0
2024-04-24 13:57:00,ZM,61.505001068115234,61.505001068115234,61.53499984741211,61.505001068115234,61.52000045776367,5576.0
2024-04-24 13:57:00,ZS,178.375,178.375,178.375,178.375,178.375,1208.0
2024-04-24 13:57:00,ZURA,3.2200000286102295,3.2200000286102295,3.25,3.2200000286102295,3.25,2036.0
2024-04-24 13:57:00,ZVSA,0.6069999933242798,0.6069999933242798,0.6069999933242798,0.6069999933242798,0.6069999933242798,218.0
2024-04-24 13:57:00,ZYME,8.65999984741211,8.65999984741211,8.65999984741211,8.645000457763672,8.65999984741211,411.0
2024-04-24 13:58:00,COCO,24.309999465942383,24.309999465942383,24.309999465942383,24.290000915527344,24.290000915527344,1415.0
2024-04-24 13:58:00,EGHT,2.3559000492095947,2.3559000492095947,2.3559000492095947,2.3559000492095947,2.3559000492095947,1970.0
2024-04-24 13:58:00,FDMT,24.809999465942383,24.809999465942383,24.81999969482422,24.809999465942383,24.81999969482422,573.0
2024-04-24 13:58:00,MAPS,1.090000033378601,1.090000033378601,1.090000033378601,1.090000033378601,1.090000033378601,100.0
2024-04-24 13:58:00,MASS,5.704999923706055,5.704999923706055,5.704999923706055,5.699999809265137,5.699999809265137,983.0
2024-04-24 13:58:00,SEAT,5.880000114440918,5.880000114440918,5.885000228881836,5.880000114440918,5.880000114440918,3069.0
2024-04-24 13:58:00,SRCE,50.61000061035156,50.61000061035156,50.61000061035156,50.61000061035156,50.61000061035156,135.0
2024-04-24 13:58:00,TSVT,4.349699974060059,4.349699974060059,4.349699974060059,4.349699974060059,4.349699974060059,1599.0
2024-04-24 13:58:00,TWOU,0.24250000715255737,0.24250000715255737,0.24310000240802765,0.24250000715255737,0.24310000240802765,2848.0
2024-04-24 13:58:00,TXG,27.5,27.5,27.5,27.491600036621094,27.491600036621094,1413.0
2024-04-24 13:58:00,VCTR,49.849998474121094,49.849998474121094,49.849998474121094,49.84000015258789,49.84000015258789,555.0
2024-04-24 13:58:00,VERU,1.340000033378601,1.340000033378601,1.3424999713897705,1.340000033378601,1.340000033378601,373.0
2024-04-24 13:58:00,VERV,6.684999942779541,6.684999942779541,6.688799858093262,6.684999942779541,6.688799858093262,354.0
2024-04-24 13:58:00,VERX,29.200000762939453,29.200000762939453,29.200000762939453,29.170000076293945,29.170000076293945,1557.0
2024-04-24 13:58:00,VFF,1.3164000511169434,1.3164000511169434,1.3164000511169434,1.309999942779541,1.309999942779541,4780.0
2024-04-24 13:58:00,VFS,2.4649999141693115,2.4649999141693115,2.4649999141693115,2.4649999141693115,2.4649999141693115,1198.0
2024-04-24 13:58:00,VIAV,7.994999885559082,7.994999885559082,7.994999885559082,7.994999885559082,7.994999885559082,385.0
2024-04-24 13:58:00,VICR,31.93000030517578,31.93000030517578,31.969999313354492,31.93000030517578,31.959999084472656,1911.0
2024-04-24 13:58:00,VIR,8.204899787902832,8.204899787902832,8.204899787902832,8.204899787902832,8.204899787902832,2172.0
2024-04-24 13:58:00,VIRT,22.56999969482422,22.56999969482422,22.56999969482422,22.540000915527344,22.540000915527344,1860.0
2024-04-24 13:58:00,VITL,26.924999237060547,26.924999237060547,26.924999237060547,26.850000381469727,26.8799991607666,3981.0
2024-04-24 13:58:00,VMEO,3.5350000858306885,3.5350000858306885,3.5350000858306885,3.5350000858306885,3.5350000858306885,354.0
2024-04-24 13:58:00,VNET,1.5499999523162842,1.5499999523162842,1.5499999523162842,1.5449999570846558,1.5449999570846558,8852.0
2024-04-24 13:58:00,VNOM,39.98500061035156,39.98500061035156,39.98500061035156,39.98500061035156,39.98500061035156,235.0
2024-04-24 13:58:00,VOD,8.614999771118164,8.614999771118164,8.614999771118164,8.609999656677246,8.609999656677246,19809.0
2024-04-24 13:58:00,VRDN,13.390000343322754,13.390000343322754,13.390000343322754,13.390000343322754,13.390000343322754,162.0
2024-04-24 13:58:00,VRNA,15.529999732971191,15.529999732971191,15.529999732971191,15.529999732971191,15.529999732971191,260.0
2024-04-24 13:58:00,VRTX,401.5,401.5,401.5,401.32501220703125,401.32501220703125,1183.0
2024-04-24 13:58:00,VSAT,16.3882999420166,16.3882999420166,16.3882999420166,16.3799991607666,16.3799991607666,1038.0
2024-04-24 13:58:00,VTNR,1.4799000024795532,1.4799000024795532,1.4799000024795532,1.475000023841858,1.475000023841858,5161.0
2024-04-24 13:58:00,VTRS,11.449999809265137,11.449999809265137,11.449999809265137,11.444999694824219,11.444999694824219,1636.0
2024-04-24 13:58:00,VUZI,1.3099000453948975,1.3099000453948975,1.3099000453948975,1.2949999570846558,1.2999000549316406,16494.0
2024-04-24 13:58:00,VVOS,2.619999885559082,2.619999885559082,2.619999885559082,2.619999885559082,2.619999885559082,11282.0
2024-04-24 13:58:00,WAFD,28.06999969482422,28.06999969482422,28.06999969482422,28.06999969482422,28.06999969482422,462.0
2024-04-24 13:58:00,WBA,17.75,17.75,17.75,17.739999771118164,17.7450008392334,6777.0
2024-04-24 13:58:00,WBD,8.340299606323242,8.340299606323242,8.34749984741211,8.329999923706055,8.34000015258789,36907.0
2024-04-24 13:58:00,WDAY,256.510009765625,256.510009765625,256.54998779296875,256.5,256.5299987792969,3428.0
2024-04-24 13:58:00,WDC,69.29000091552734,69.29000091552734,69.30999755859375,69.25499725341797,69.25499725341797,2485.0
2024-04-24 13:58:00,WEN,19.860000610351562,19.860000610351562,19.860000610351562,19.860000610351562,19.860000610351562,194.0
2024-04-24 13:58:00,WERN,35.209999084472656,35.209999084472656,35.209999084472656,35.209999084472656,35.209999084472656,547.0
2024-04-24 13:58:00,WFRD,122.30999755859375,122.30999755859375,122.30999755859375,122.12999725341797,122.19999694824219,2299.0
2024-04-24 13:58:00,WIMI,1.034999966621399,1.034999966621399,1.034999966621399,1.034999966621399,1.034999966621399,0.0
2024-04-24 13:58:00,WING,366.5,366.5,366.5849914550781,366.5,366.5799865722656,451.0
2024-04-24 13:58:00,WISA,5.984000205993652,5.984000205993652,6.039999961853027,5.960000038146973,6.029900074005127,7626.0
2024-04-24 13:58:00,WIX,122.30000305175781,122.30000305175781,122.30000305175781,122.25,122.25,676.0
2024-04-24 13:58:00,WKHS,0.16300000250339508,0.16300000250339508,0.16300000250339508,0.16300000250339508,0.16300000250339508,717.0
2024-04-24 13:58:00,WMG,32.18000030517578,32.18000030517578,32.18000030517578,32.18000030517578,32.18000030517578,1175.0
2024-04-24 13:58:00,WSBC,28.049999237060547,28.049999237060547,28.06999969482422,28.049999237060547,28.06999969482422,454.0
2024-04-24 13:58:00,WSC,38.040000915527344,38.040000915527344,38.04999923706055,38.040000915527344,38.04999923706055,1452.0
2024-04-24 13:58:00,WTFC,100.1500015258789,100.1500015258789,100.1500015258789,100.1500015258789,100.1500015258789,944.0
2024-04-24 13:58:00,WTW,265.19000244140625,265.19000244140625,265.19000244140625,265.19000244140625,265.19000244140625,541.0
2024-04-24 13:58:00,WVE,5.204999923706055,5.204999923706055,5.210000038146973,5.204999923706055,5.210000038146973,1438.0
2024-04-24 13:58:00,WW,1.659999966621399,1.659999966621399,1.659999966621399,1.659999966621399,1.659999966621399,631.0
2024-04-24 13:58:00,WWD,149.82000732421875,149.82000732421875,149.82000732421875,149.82000732421875,149.82000732421875,848.0
2024-04-24 13:58:00,XEL,55.47999954223633,55.47999954223633,55.4900016784668,55.459999084472656,55.470001220703125,11291.0
2024-04-24 13:58:00,XERS,1.7799999713897705,1.7799999713897705,1.7799999713897705,1.774999976158142,1.774999976158142,423.0
2024-04-24 13:58:00,XMTR,17.059999465942383,17.059999465942383,17.059999465942383,17.059999465942383,17.059999465942383,572.0
2024-04-24 13:58:00,XNCR,18.969999313354492,18.969999313354492,18.969999313354492,18.969999313354492,18.969999313354492,652.0
2024-04-24 13:58:00,XP,20.565000534057617,20.565000534057617,20.575000762939453,20.565000534057617,20.56999969482422,4383.0
2024-04-24 13:58:00,XRX,14.46500015258789,14.46500015258789,14.467499732971191,14.46500015258789,14.46500015258789,2550.0
2024-04-24 13:58:00,XXII,1.934999942779541,1.934999942779541,1.940000057220459,1.9299999475479126,1.9299999475479126,12292.0
2024-04-24 13:58:00,YORW,35.650001525878906,35.650001525878906,35.650001525878906,35.650001525878906,35.650001525878906,440.0
2024-04-24 13:58:00,Z,43.56999969482422,43.56999969482422,43.619998931884766,43.56999969482422,43.59000015258789,3271.0
2024-04-24 13:58:00,ZBRA,277.5,277.5,278.05999755859375,277.5,278.05999755859375,1247.0
2024-04-24 13:58:00,ZG,43.09000015258789,43.09000015258789,43.099998474121094,43.09000015258789,43.099998474121094,920.0
2024-04-24 13:58:00,ZI,15.845000267028809,15.845000267028809,15.850000381469727,15.845000267028809,15.850000381469727,18794.0
2024-04-24 13:58:00,ZION,42.2599983215332,42.2599983215332,42.2599983215332,42.22999954223633,42.22999954223633,6461.0
2024-04-24 13:58:00,ZLAB,15.645000457763672,15.645000457763672,15.645000457763672,15.645000457763672,15.645000457763672,260.0
2024-04-24 13:58:00,ZM,61.5,61.5,61.529998779296875,61.5,61.5099983215332,2950.0
2024-04-24 13:58:00,ZS,178.5,178.5,178.5,178.5,178.5,120.0
2024-04-24 13:58:00,ZUMZ,17.280000686645508,17.280000686645508,17.280000686645508,17.280000686645508,17.280000686645508,437.0
2024-04-24 13:58:00,ZURA,3.299999952316284,3.299999952316284,3.299999952316284,3.240000009536743,3.240000009536743,8224.0
2024-04-24 13:58:00,ZVSA,0.6069999933242798,0.6069999933242798,0.6069999933242798,0.6069999933242798,0.6069999933242798,526.0
2024-04-24 13:58:00,ZYME,8.675000190734863,8.675000190734863,8.6899995803833,8.664999961853027,8.6899995803833,1331.0
2024-04-24 13:59:00,AIXI,1.2450000047683716,1.2450000047683716,1.253999948501587,1.2450000047683716,1.253999948501587,600.0
2024-04-24 13:59:00,COCO,24.309999465942383,24.309999465942383,24.309999465942383,24.309999465942383,24.309999465942383,558.0
2024-04-24 13:59:00,ME,0.47209998965263367,0.47209998965263367,0.4722999930381775,0.4715999960899353,0.4717000126838684,10984.0
2024-04-24 13:59:00,SEAT,5.885000228881836,5.885000228881836,5.885000228881836,5.885000228881836,5.885000228881836,387.0
2024-04-24 13:59:00,TSVT,4.360000133514404,4.360000133514404,4.360000133514404,4.349999904632568,4.349999904632568,2800.0
2024-04-24 13:59:00,TXG,27.519899368286133,27.519899368286133,27.520000457763672,27.519899368286133,27.520000457763672,1748.0
2024-04-24 13:59:00,VC,111.19000244140625,111.19000244140625,111.19999694824219,111.16999816894531,111.19999694824219,676.0
2024-04-24 13:59:00,VERU,1.3424999713897705,1.3424999713897705,1.3424999713897705,1.340000033378601,1.340000033378601,1170.0
2024-04-24 13:59:00,VERV,6.695000171661377,6.695000171661377,6.695000171661377,6.684999942779541,6.684999942779541,2525.0
2024-04-24 13:59:00,VERX,29.21500015258789,29.21500015258789,29.21500015258789,29.209999084472656,29.209999084472656,901.0
2024-04-24 13:59:00,VFF,1.3200000524520874,1.3200000524520874,1.3200000524520874,1.3200000524520874,1.3200000524520874,201.0
2024-04-24 13:59:00,VFS,2.469899892807007,2.469899892807007,2.469899892807007,2.4649999141693115,2.4649999141693115,1633.0
2024-04-24 13:59:00,VIAV,7.994999885559082,7.994999885559082,7.994999885559082,7.994999885559082,7.994999885559082,377.0
2024-04-24 13:59:00,VIRC,10.694999694824219,10.694999694824219,10.699999809265137,10.694999694824219,10.699999809265137,354.0
2024-04-24 13:59:00,VIRT,22.56999969482422,22.56999969482422,22.56999969482422,22.559999465942383,22.565000534057617,1276.0
2024-04-24 13:59:00,VITL,26.90999984741211,26.90999984741211,26.90999984741211,26.90999984741211,26.90999984741211,303.0
2024-04-24 13:59:00,VIVK,1.4900000095367432,1.4900000095367432,1.4900000095367432,1.4900000095367432,1.4900000095367432,900.0
2024-04-24 13:59:00,VKTX,65.69999694824219,65.69999694824219,65.73600006103516,65.63500213623047,65.63500213623047,2601.0
2024-04-24 13:59:00,VLCN,0.2549999952316284,0.2549999952316284,0.2549999952316284,0.2549999952316284,0.2549999952316284,4143.0
2024-04-24 13:59:00,VMEO,3.5399999618530273,3.5399999618530273,3.5399999618530273,3.5399999618530273,3.5399999618530273,1263.0
2024-04-24 13:59:00,VNOM,40.0,40.0,40.0,40.0,40.0,253.0
2024-04-24 13:59:00,VOD,8.619999885559082,8.619999885559082,8.619999885559082,8.609999656677246,8.609999656677246,1226.0
2024-04-24 13:59:00,VRDN,13.395000457763672,13.395000457763672,13.395000457763672,13.395000457763672,13.395000457763672,438.0
2024-04-24 13:59:00,VRRM,24.31999969482422,24.31999969482422,24.31999969482422,24.31999969482422,24.31999969482422,384.0
2024-04-24 13:59:00,VRTX,401.6000061035156,401.6000061035156,401.6000061035156,401.6000061035156,401.6000061035156,563.0
2024-04-24 13:59:00,VSAT,16.40999984741211,16.40999984741211,16.40999984741211,16.3799991607666,16.3799991607666,2519.0
2024-04-24 13:59:00,VTNR,1.475000023841858,1.475000023841858,1.4800000190734863,1.4700000286102295,1.475000023841858,16255.0
2024-04-24 13:59:00,VTRS,11.444999694824219,11.444999694824219,11.449999809265137,11.444999694824219,11.449899673461914,4757.0
2024-04-24 13:59:00,VTSI,12.359999656677246,12.359999656677246,12.359999656677246,12.359999656677246,12.359999656677246,330.0
2024-04-24 13:59:00,VUZI,1.3200000524520874,1.3200000524520874,1.3200000524520874,1.2999999523162842,1.309000015258789,2866.0
2024-04-24 13:59:00,VWE,0.2800000011920929,0.2800000011920929,0.2800000011920929,0.2800000011920929,0.2800000011920929,100.0
2024-04-24 13:59:00,WAFD,28.100000381469727,28.100000381469727,28.104999542236328,28.079999923706055,28.079999923706055,1825.0
2024-04-24 13:59:00,WB,8.359999656677246,8.359999656677246,8.359999656677246,8.359999656677246,8.359999656677246,1655.0
2024-04-24 13:59:00,WBA,17.75,17.75,17.760000228881836,17.7450008392334,17.7450008392334,20445.0
2024-04-24 13:59:00,WBD,8.337800025939941,8.337800025939941,8.345000267028809,8.337800025939941,8.345000267028809,38939.0
2024-04-24 13:59:00,WDAY,256.4700012207031,256.4700012207031,256.5299987792969,256.4700012207031,256.5299987792969,777.0
2024-04-24 13:59:00,WDC,69.29000091552734,69.29000091552734,69.29000091552734,69.2699966430664,69.29000091552734,3632.0
2024-04-24 13:59:00,WEN,19.850000381469727,19.850000381469727,19.864999771118164,19.850000381469727,19.864999771118164,4210.0
2024-04-24 13:59:00,WERN,35.25,35.25,35.25,35.244998931884766,35.244998931884766,393.0
2024-04-24 13:59:00,WFRD,122.38999938964844,122.38999938964844,122.38999938964844,122.38999938964844,122.38999938964844,167.0
2024-04-24 13:59:00,WIMI,1.030400037765503,1.030400037765503,1.030400037765503,1.030400037765503,1.030400037765503,1636.0
2024-04-24 13:59:00,WING,366.239990234375,366.239990234375,366.2550048828125,366.1700134277344,366.1700134277344,2061.0
2024-04-24 13:59:00,WISA,5.96999979019165,5.96999979019165,5.980000019073486,5.96999979019165,5.980000019073486,6394.0
2024-04-24 13:59:00,WIX,122.37039947509766,122.37039947509766,122.37039947509766,122.37039947509766,122.37039947509766,221.0
2024-04-24 13:59:00,WKHS,0.16300000250339508,0.16300000250339508,0.16300000250339508,0.16300000250339508,0.16300000250339508,1125.0
2024-04-24 13:59:00,WKME,7.929999828338623,7.929999828338623,7.929999828338623,7.912799835205078,7.912799835205078,754.0
2024-04-24 13:59:00,WMG,32.209999084472656,32.209999084472656,32.209999084472656,32.18000030517578,32.18000030517578,2059.0
2024-04-24 13:59:00,WPRT,5.679999828338623,5.679999828338623,5.679999828338623,5.679999828338623,5.679999828338623,774.0
2024-04-24 13:59:00,WSBC,28.079999923706055,28.079999923706055,28.079999923706055,28.079999923706055,28.079999923706055,235.0
2024-04-24 13:59:00,WSBF,12.140000343322754,12.140000343322754,12.140000343322754,12.140000343322754,12.140000343322754,512.0
2024-04-24 13:59:00,WSC,38.03499984741211,38.03499984741211,38.040000915527344,38.03499984741211,38.040000915527344,1478.0
2024-04-24 13:59:00,WTBA,16.5,16.5,16.5,16.5,16.5,608.0
2024-04-24 13:59:00,WW,1.6699999570846558,1.6699999570846558,1.6699999570846558,1.6699999570846558,1.6699999570846558,627.0
2024-04-24 13:59:00,WYNN,97.04000091552734,97.04000091552734,97.08999633789062,97.04000091552734,97.08999633789062,1388.0
2024-04-24 13:59:00,XBP,1.2699999809265137,1.2699999809265137,1.2699999809265137,1.2599999904632568,1.2599999904632568,994.0
2024-04-24 13:59:00,XEL,55.46500015258789,55.46500015258789,55.4900016784668,55.46500015258789,55.474998474121094,7418.0
2024-04-24 13:59:00,XFOR,1.2598999738693237,1.2598999738693237,1.2598999738693237,1.2598999738693237,1.2598999738693237,0.0
2024-04-24 13:59:00,XMTR,17.06999969482422,17.06999969482422,17.06999969482422,17.06999969482422,17.06999969482422,224.0
2024-04-24 13:59:00,XNCR,18.950000762939453,18.950000762939453,18.969999313354492,18.950000762939453,18.969999313354492,992.0
2024-04-24 13:59:00,XP,20.55500030517578,20.55500030517578,20.56999969482422,20.55500030517578,20.565000534057617,5028.0
2024-04-24 13:59:00,XRX,14.454999923706055,14.454999923706055,14.470000267028809,14.454999923706055,14.460000038146973,4518.0
2024-04-24 13:59:00,XXII,1.9398000240325928,1.9398000240325928,1.9398000240325928,1.9397000074386597,1.9397000074386597,661.0
2024-04-24 13:59:00,YTEN,0.23019999265670776,0.23019999265670776,0.23019999265670776,0.23019999265670776,0.23019999265670776,4600.0
2024-04-24 13:59:00,Z,43.56999969482422,43.56999969482422,43.59000015258789,43.56999969482422,43.59000015258789,965.0
2024-04-24 13:59:00,ZBRA,277.7349853515625,277.7349853515625,277.7349853515625,277.7349853515625,277.7349853515625,224.0
2024-04-24 13:59:00,ZG,43.060001373291016,43.060001373291016,43.060001373291016,43.060001373291016,43.060001373291016,125.0
2024-04-24 13:59:00,ZI,15.845000267028809,15.845000267028809,15.850000381469727,15.845000267028809,15.850000381469727,6739.0
2024-04-24 13:59:00,ZION,42.2599983215332,42.2599983215332,42.2599983215332,42.2599983215332,42.2599983215332,437.0
2024-04-24 13:59:00,ZM,61.505001068115234,61.505001068115234,61.505001068115234,61.48500061035156,61.5,3894.0
2024-04-24 13:59:00,ZS,178.38999938964844,178.38999938964844,178.4949951171875,178.38999938964844,178.4949951171875,9637.0
2024-04-24 13:59:00,ZUMZ,17.270000457763672,17.270000457763672,17.270000457763672,17.270000457763672,17.270000457763672,625.0
2024-04-24 14:00:00,COCO,24.309999465942383,24.309999465942383,24.309999465942383,24.309999465942383,24.309999465942383,1881.0
2024-04-24 14:00:00,EGHT,2.359999895095825,2.359999895095825,2.359999895095825,2.359999895095825,2.359999895095825,900.0
2024-04-24 14:00:00,ETNB,8.569999694824219,8.569999694824219,8.569999694824219,8.569999694824219,8.569999694824219,740.0
2024-04-24 14:00:00,FDMT,24.790000915527344,24.790000915527344,24.790000915527344,24.790000915527344,24.790000915527344,537.0
2024-04-24 14:00:00,FLWS,9.170000076293945,9.170000076293945,9.170000076293945,9.170000076293945,9.170000076293945,198.0
2024-04-24 14:00:00,FREE,4.815000057220459,4.815000057220459,4.815000057220459,4.815000057220459,4.815000057220459,7.0
2024-04-24 14:00:00,MAPS,1.100000023841858,1.100000023841858,1.100000023841858,1.100000023841858,1.100000023841858,190.0
2024-04-24 14:00:00,ME,0.4722999930381775,0.4722999930381775,0.4722999930381775,0.4722999930381775,0.4722999930381775,304.0
2024-04-24 14:00:00,SEAT,5.885000228881836,5.885000228881836,5.885000228881836,5.885000228881836,5.885000228881836,201.0
2024-04-24 14:00:00,SRCE,50.66999816894531,50.66999816894531,50.66999816894531,50.66999816894531,50.66999816894531,390.0
2024-04-24 14:00:00,TSVT,4.364999771118164,4.364999771118164,4.364999771118164,4.364999771118164,4.364999771118164,1054.0
2024-04-24 14:00:00,TWOU,0.24289999902248383,0.24289999902248383,0.24300000071525574,0.24289999902248383,0.24300000071525574,5182.0
2024-04-24 14:00:00,TXG,27.5,27.5,27.510000228881836,27.5,27.510000228881836,1723.0
2024-04-24 14:00:00,VC,111.16999816894531,111.16999816894531,111.21499633789062,111.16999816894531,111.21499633789062,888.0
2024-04-24 14:00:00,VCTR,49.84000015258789,49.84000015258789,49.84000015258789,49.84000015258789,49.84000015258789,106.0
2024-04-24 14:00:00,VERV,6.684999942779541,6.684999942779541,6.690000057220459,6.684999942779541,6.690000057220459,1375.0
2024-04-24 14:00:00,VERX,29.190000534057617,29.190000534057617,29.260000228881836,29.190000534057617,29.239999771118164,5791.0
2024-04-24 14:00:00,VIAV,7.994999885559082,7.994999885559082,7.994999885559082,7.994999885559082,7.994999885559082,345.0
2024-04-24 14:00:00,VIR,8.194999694824219,8.194999694824219,8.194999694824219,8.194999694824219,8.194999694824219,1789.0
2024-04-24 14:00:00,VIRT,22.559999465942383,22.559999465942383,22.56999969482422,22.559999465942383,22.56999969482422,2989.0
2024-04-24 14:00:00,VITL,26.885000228881836,26.885000228881836,26.885000228881836,26.8799991607666,26.8799991607666,673.0
2024-04-24 14:00:00,VKTX,65.6500015258789,65.6500015258789,65.94000244140625,65.6500015258789,65.76000213623047,5787.0
2024-04-24 14:00:00,VMD,7.980000019073486,7.980000019073486,7.980000019073486,7.980000019073486,7.980000019073486,1849.0
2024-04-24 14:00:00,VNOM,40.0,40.0,40.0,39.9900016784668,39.9900016784668,303.0
2024-04-24 14:00:00,VOD,8.614999771118164,8.614999771118164,8.614999771118164,8.614999771118164,8.614999771118164,1962.0
2024-04-24 14:00:00,VOR,1.75,1.75,1.75,1.75,1.75,828.0
2024-04-24 14:00:00,VRDN,13.359999656677246,13.359999656677246,13.399999618530273,13.359999656677246,13.399999618530273,2970.0
2024-04-24 14:00:00,VRM,11.550000190734863,11.550000190734863,11.550000190734863,11.550000190734863,11.550000190734863,326.0
2024-04-24 14:00:00,VRNA,15.550000190734863,15.550000190734863,15.550000190734863,15.550000190734863,15.550000190734863,398.0
2024-04-24 14:00:00,VRRM,24.309999465942383,24.309999465942383,24.315000534057617,24.309999465942383,24.315000534057617,1338.0
2024-04-24 14:00:00,VTNR,1.4704999923706055,1.4704999923706055,1.4706000089645386,1.4704999923706055,1.4706000089645386,1512.0
2024-04-24 14:00:00,VTRS,11.449999809265137,11.449999809265137,11.449999809265137,11.449999809265137,11.449999809265137,359.0
2024-04-24 14:00:00,VTSI,12.32759952545166,12.32759952545166,12.32759952545166,12.32759952545166,12.32759952545166,1116.0
2024-04-24 14:00:00,WAFD,28.09000015258789,28.09000015258789,28.09000015258789,28.079999923706055,28.09000015258789,1709.0
2024-04-24 14:00:00,WB,8.354999542236328,8.354999542236328,8.354999542236328,8.354999542236328,8.354999542236328,492.0
2024-04-24 14:00:00,WBA,17.75200080871582,17.75200080871582,17.760000228881836,17.75,17.7549991607666,3396.0
2024-04-24 14:00:00,WBD,8.329999923706055,8.329999923706055,8.335000038146973,8.329999923706055,8.333999633789062,6002.0
2024-04-24 14:00:00,WDAY,256.4649963378906,256.4649963378906,256.55499267578125,256.45001220703125,256.5299987792969,3763.0
2024-04-24 14:00:00,WDC,69.31999969482422,69.31999969482422,69.33000183105469,69.27999877929688,69.27999877929688,3882.0
2024-04-24 14:00:00,WEN,19.860000610351562,19.860000610351562,19.860000610351562,19.854000091552734,19.854999542236328,3140.0
2024-04-24 14:00:00,WERN,35.24079895019531,35.24079895019531,35.27730178833008,35.24079895019531,35.27730178833008,1472.0
2024-04-24 14:00:00,WFRD,122.26499938964844,122.26499938964844,122.26499938964844,122.26499938964844,122.26499938964844,489.0
2024-04-24 14:00:00,WHF,12.885000228881836,12.885000228881836,12.885000228881836,12.885000228881836,12.885000228881836,2604.0
2024-04-24 14:00:00,WIMI,1.0398999452590942,1.0398999452590942,1.0398999452590942,1.0398999452590942,1.0398999452590942,0.0
2024-04-24 14:00:00,WING,366.25,366.25,366.25,366.25,366.25,382.0
2024-04-24 14:00:00,WISA,5.920000076293945,5.920000076293945,5.949999809265137,5.909999847412109,5.949999809265137,5495.0
2024-04-24 14:00:00,WIX,122.0999984741211,122.0999984741211,122.23999786376953,122.0999984741211,122.23999786376953,1842.0
2024-04-24 14:00:00,WKHS,0.1632000058889389,0.1632000058889389,0.1632000058889389,0.16300000250339508,0.16300000250339508,1024.0
2024-04-24 14:00:00,WMG,32.18000030517578,32.18000030517578,32.220001220703125,32.18000030517578,32.220001220703125,4340.0
2024-04-24 14:00:00,WSBC,28.06999969482422,28.06999969482422,28.06999969482422,28.06999969482422,28.06999969482422,140.0
2024-04-24 14:00:00,WSC,38.0099983215332,38.0099983215332,38.02000045776367,38.0099983215332,38.02000045776367,1817.0
2024-04-24 14:00:00,WTW,265.1199951171875,265.1199951171875,265.1199951171875,265.07000732421875,265.07000732421875,744.0
2024-04-24 14:00:00,WVE,5.204999923706055,5.204999923706055,5.204999923706055,5.204999923706055,5.204999923706055,113.0
2024-04-24 14:00:00,WYNN,97.00499725341797,97.00499725341797,97.05000305175781,97.00499725341797,97.0199966430664,1878.0
2024-04-24 14:00:00,XEL,55.459999084472656,55.459999084472656,55.470001220703125,55.459999084472656,55.470001220703125,1304.0
2024-04-24 14:00:00,XMTR,17.059999465942383,17.059999465942383,17.079999923706055,17.059999465942383,17.079999923706055,1611.0
2024-04-24 14:00:00,XNCR,18.969999313354492,18.969999313354492,18.969999313354492,18.90999984741211,18.93000030517578,1674.0
2024-04-24 14:00:00,XOMAO,24.99970054626465,24.99970054626465,24.99970054626465,24.99970054626465,24.99970054626465,0.0
2024-04-24 14:00:00,XP,20.565000534057617,20.565000534057617,20.565000534057617,20.559999465942383,20.559999465942383,2424.0
2024-04-24 14:00:00,XRX,14.454999923706055,14.454999923706055,14.454999923706055,14.454999923706055,14.454999923706055,481.0
2024-04-24 14:00:00,Z,43.560001373291016,43.560001373291016,43.58000183105469,43.54999923706055,43.56999969482422,1572.0
2024-04-24 14:00:00,ZBRA,277.54998779296875,277.54998779296875,277.54998779296875,277.54998779296875,277.54998779296875,1228.0
2024-04-24 14:00:00,ZD,51.880001068115234,51.880001068115234,51.880001068115234,51.880001068115234,51.880001068115234,203.0
2024-04-24 14:00:00,ZG,43.040000915527344,43.040000915527344,43.040000915527344,43.040000915527344,43.040000915527344,734.0
2024-04-24 14:00:00,ZI,15.845000267028809,15.845000267028809,15.850000381469727,15.845000267028809,15.845000267028809,3111.0
2024-04-24 14:00:00,ZION,42.21849822998047,42.21849822998047,42.25,42.21849822998047,42.25,2872.0
2024-04-24 14:00:00,ZLAB,15.630000114440918,15.630000114440918,15.630000114440918,15.630000114440918,15.630000114440918,997.0
2024-04-24 14:00:00,ZM,61.52000045776367,61.52000045776367,61.52000045776367,61.5099983215332,61.5099983215332,766.0
2024-04-24 14:00:00,ZNTL,11.789999961853027,11.789999961853027,11.800000190734863,11.789999961853027,11.800000190734863,2389.0
2024-04-24 14:00:00,ZURA,3.2200000286102295,3.2200000286102295,3.2200000286102295,3.2200000286102295,3.2200000286102295,655.0
2024-04-24 14:00:00,ZYXI,11.354999542236328,11.354999542236328,11.354999542236328,11.354999542236328,11.354999542236328,101.0
2024-04-24 14:01:00,DIBS,5.400000095367432,5.400000095367432,5.400000095367432,5.400000095367432,5.400000095367432,3609.0
2024-04-24 14:01:00,EGHT,2.3550000190734863,2.3550000190734863,2.3550000190734863,2.3550000190734863,2.3550000190734863,1287.0
2024-04-24 14:01:00,ETNB,8.585000038146973,8.585000038146973,8.585000038146973,8.585000038146973,8.585000038146973,2726.0
2024-04-24 14:01:00,MAPS,1.100000023841858,1.100000023841858,1.100000023841858,1.100000023841858,1.100000023841858,300.0
2024-04-24 14:01:00,ME,0.47209998965263367,0.47209998965263367,0.4722999930381775,0.47209998965263367,0.4722000062465668,627.0
2024-04-24 14:01:00,SEAT,5.875,5.875,5.885000228881836,5.875,5.885000228881836,8813.0
2024-04-24 14:01:00,TWOU,0.2410999983549118,0.2410999983549118,0.2410999983549118,0.2410999983549118,0.2410999983549118,1925.0
2024-04-24 14:01:00,TXG,27.469999313354492,27.469999313354492,27.469999313354492,27.469999313354492,27.469999313354492,2807.0
2024-04-24 14:01:00,VCTR,49.79999923706055,49.79999923706055,49.79999923706055,49.79999923706055,49.79999923706055,2126.0
2024-04-24 14:01:00,VERU,1.350000023841858,1.350000023841858,1.350000023841858,1.350000023841858,1.350000023841858,1239.0
2024-04-24 14:01:00,VERV,6.670000076293945,6.670000076293945,6.679999828338623,6.670000076293945,6.679999828338623,769.0
2024-04-24 14:01:00,VFF,1.3200000524520874,1.3200000524520874,1.3200000524520874,1.3200000524520874,1.3200000524520874,1148.0
2024-04-24 14:01:00,VFS,2.4600000381469727,2.4600000381469727,2.4600000381469727,2.4600000381469727,2.4600000381469727,121.0
2024-04-24 14:01:00,VIAV,7.994999885559082,7.994999885559082,7.994999885559082,7.994999885559082,7.994999885559082,308.0
2024-04-24 14:01:00,VICR,31.8799991607666,31.8799991607666,31.950000762939453,31.799999237060547,31.799999237060547,10065.0
2024-04-24 14:01:00,VINC,0.9248999953269958,0.9248999953269958,0.9248999953269958,0.9248999953269958,0.9248999953269958,404.0
2024-04-24 14:01:00,VIRT,22.579999923706055,22.579999923706055,22.579999923706055,22.559999465942383,22.559999465942383,532.0
2024-04-24 14:01:00,VITL,26.88990020751953,26.88990020751953,26.88990020751953,26.88990020751953,26.88990020751953,103.0
2024-04-24 14:01:00,VMEO,3.5350000858306885,3.5350000858306885,3.5399999618530273,3.5350000858306885,3.5399999618530273,699.0
2024-04-24 14:01:00,VNOM,39.97999954223633,39.97999954223633,39.9900016784668,39.97999954223633,39.9900016784668,1783.0
2024-04-24 14:01:00,VOD,8.619999885559082,8.619999885559082,8.619999885559082,8.619999885559082,8.619999885559082,1398.0
2024-04-24 14:01:00,VRDN,13.34000015258789,13.34000015258789,13.354999542236328,13.34000015258789,13.354999542236328,2223.0
2024-04-24 14:01:00,VSAT,16.3799991607666,16.3799991607666,16.395000457763672,16.3799991607666,16.395000457763672,3756.0
2024-04-24 14:01:00,VTNR,1.4700000286102295,1.4700000286102295,1.475000023841858,1.4700000286102295,1.475000023841858,2759.0
2024-04-24 14:01:00,VTRS,11.449999809265137,11.449999809265137,11.449999809265137,11.44789981842041,11.44789981842041,3781.0
2024-04-24 14:01:00,VWE,0.2800000011920929,0.2800000011920929,0.2800000011920929,0.2800000011920929,0.2800000011920929,100.0
2024-04-24 14:01:00,VYGR,7.574999809265137,7.574999809265137,7.574999809265137,7.574999809265137,7.574999809265137,973.0
2024-04-24 14:01:00,WAFD,28.089000701904297,28.089000701904297,28.089000701904297,28.089000701904297,28.089000701904297,1763.0
2024-04-24 14:01:00,WB,8.345000267028809,8.345000267028809,8.345000267028809,8.345000267028809,8.345000267028809,3586.0
2024-04-24 14:01:00,WBA,17.729999542236328,17.729999542236328,17.7450008392334,17.729999542236328,17.7450008392334,27211.0
2024-04-24 14:01:00,WBD,8.335000038146973,8.335000038146973,8.339900016784668,8.332200050354004,8.332200050354004,15868.0
2024-04-24 14:01:00,WDAY,256.79998779296875,256.79998779296875,256.79998779296875,256.5,256.5,12189.0
2024-04-24 14:01:00,WDC,69.3499984741211,69.3499984741211,69.3499984741211,69.27999877929688,69.27999877929688,11784.0
2024-04-24 14:01:00,WEN,19.8700008392334,19.8700008392334,19.8700008392334,19.8700008392334,19.8700008392334,8655.0
2024-04-24 14:01:00,WERN,35.2400016784668,35.2400016784668,35.275001525878906,35.2400016784668,35.275001525878906,4036.0
2024-04-24 14:01:00,WIMI,1.0299999713897705,1.0299999713897705,1.030900001525879,1.0299999713897705,1.0303000211715698,4484.0
2024-04-24 14:01:00,WING,365.67999267578125,365.67999267578125,365.9200134277344,365.67999267578125,365.9200134277344,1328.0
2024-04-24 14:01:00,WISA,5.934999942779541,5.934999942779541,5.934999942779541,5.909999847412109,5.909999847412109,1792.0
2024-04-24 14:01:00,WKHS,0.16300000250339508,0.16300000250339508,0.16300000250339508,0.16300000250339508,0.16300000250339508,315.0
2024-04-24 14:01:00,WMG,32.18899917602539,32.18899917602539,32.18899917602539,32.18000030517578,32.18000030517578,4107.0
2024-04-24 14:01:00,WSBC,28.079999923706055,28.079999923706055,28.079999923706055,28.079999923706055,28.079999923706055,474.0
2024-04-24 14:01:00,WSC,38.029998779296875,38.029998779296875,38.029998779296875,38.029998779296875,38.029998779296875,300.0
2024-04-24 14:01:00,WTW,265.1499938964844,265.1499938964844,265.1499938964844,265.1499938964844,265.1499938964844,501.0
2024-04-24 14:01:00,WVE,5.199999809265137,5.199999809265137,5.204999923706055,5.199999809265137,5.204999923706055,5265.0
2024-04-24 14:01:00,WW,1.6649999618530273,1.6649999618530273,1.6689000129699707,1.6648000478744507,1.6648000478744507,19189.0
2024-04-24 14:01:00,WYNN,97.0199966430664,97.0199966430664,97.0199966430664,97.00499725341797,97.00499725341797,626.0
2024-04-24 14:01:00,XBIT,8.164999961853027,8.164999961853027,8.164999961853027,8.164999961853027,8.164999961853027,190.0
2024-04-24 14:01:00,XBP,1.260599970817566,1.260599970817566,1.2699999809265137,1.2599999904632568,1.2699999809265137,4931.0
2024-04-24 14:01:00,XEL,55.48500061035156,55.48500061035156,55.48500061035156,55.46500015258789,55.46500015258789,16105.0
2024-04-24 14:01:00,XENE,40.209999084472656,40.209999084472656,40.220001220703125,40.209999084472656,40.220001220703125,1022.0
2024-04-24 14:01:00,XERS,1.774999976158142,1.774999976158142,1.774999976158142,1.774999976158142,1.774999976158142,1532.0
2024-04-24 14:01:00,XFOR,1.250100016593933,1.250100016593933,1.250100016593933,1.250100016593933,1.250100016593933,7404.0
2024-04-24 14:01:00,XMTR,17.020099639892578,17.020099639892578,17.020099639892578,17.020099639892578,17.020099639892578,523.0
2024-04-24 14:01:00,XNCR,18.84000015258789,18.84000015258789,18.959999084472656,18.84000015258789,18.959999084472656,13674.0
2024-04-24 14:01:00,XP,20.55500030517578,20.55500030517578,20.55500030517578,20.55500030517578,20.55500030517578,7375.0
2024-04-24 14:01:00,XRX,14.444999694824219,14.444999694824219,14.444999694824219,14.444999694824219,14.444999694824219,9897.0
2024-04-24 14:01:00,XXII,1.940000057220459,1.940000057220459,1.940000057220459,1.940000057220459,1.940000057220459,1344.0
2024-04-24 14:01:00,Z,43.58000183105469,43.58000183105469,43.58000183105469,43.56999969482422,43.56999969482422,3114.0
2024-04-24 14:01:00,ZD,51.880001068115234,51.880001068115234,51.880001068115234,51.880001068115234,51.880001068115234,311.0
2024-04-24 14:01:00,ZG,43.05500030517578,43.05500030517578,43.05500030517578,43.05500030517578,43.05500030517578,408.0
2024-04-24 14:01:00,ZI,15.850000381469727,15.850000381469727,15.850000381469727,15.840100288391113,15.840100288391113,23848.0
2024-04-24 14:01:00,ZLAB,15.625,15.625,15.625,15.609999656677246,15.619999885559082,1686.0
2024-04-24 14:01:00,ZM,61.5099983215332,61.5099983215332,61.5099983215332,61.5,61.5099983215332,6998.0
2024-04-24 14:01:00,ZNTL,11.770000457763672,11.770000457763672,11.770000457763672,11.770000457763672,11.770000457763672,435.0
2024-04-24 14:01:00,ZUMZ,17.290000915527344,17.290000915527344,17.290000915527344,17.25,17.25,3997.0
2024-04-24 14:01:00,ZURA,3.309999942779541,3.309999942779541,3.309999942779541,3.309999942779541,3.309999942779541,0.0
2024-04-24 14:01:00,ZYXI,11.350000381469727,11.350000381469727,11.350000381469727,11.350000381469727,11.350000381469727,294.0
2024-04-24 14:02:00,COCO,24.290000915527344,24.290000915527344,24.290000915527344,24.290000915527344,24.290000915527344,1553.0
2024-04-24 14:02:00,DSP,8.479999542236328,8.479999542236328,8.505000114440918,8.479999542236328,8.505000114440918,333.0
2024-04-24 14:02:00,ETNB,8.579999923706055,8.579999923706055,8.579999923706055,8.579999923706055,8.579999923706055,1472.0
2024-04-24 14:02:00,FDMT,24.729999542236328,24.729999542236328,24.780000686645508,24.729999542236328,24.780000686645508,655.0
2024-04-24 14:02:00,FEAM,1.159999966621399,1.159999966621399,1.159999966621399,1.159999966621399,1.159999966621399,544.0
2024-04-24 14:02:00,FREE,4.820000171661377,4.820000171661377,4.820000171661377,4.820000171661377,4.820000171661377,300.0
2024-04-24 14:02:00,HOWL,6.53000020980835,6.53000020980835,6.53000020980835,6.53000020980835,6.53000020980835,603.0
2024-04-24 14:02:00,MAPS,1.100000023841858,1.100000023841858,1.100000023841858,1.100000023841858,1.100000023841858,100.0
2024-04-24 14:02:00,MASS,5.695000171661377,5.695000171661377,5.695000171661377,5.695000171661377,5.695000171661377,1036.0
2024-04-24 14:02:00,ME,0.4722999930381775,0.4722999930381775,0.4722999930381775,0.4722000062465668,0.4722000062465668,1974.0
2024-04-24 14:02:00,SEAT,5.875,5.875,5.875,5.875,5.875,226.0
2024-04-24 14:02:00,TWOU,0.24089999496936798,0.24089999496936798,0.24089999496936798,0.23980000615119934,0.23980000615119934,401.0
2024-04-24 14:02:00,TXG,27.450000762939453,27.450000762939453,27.459999084472656,27.440000534057617,27.459999084472656,2913.0
2024-04-24 14:02:00,VABK,24.5,24.5,24.5,24.5,24.5,2102.0
2024-04-24 14:02:00,VERU,1.3460999727249146,1.3460999727249146,1.350000023841858,1.340000033378601,1.340000033378601,1700.0
2024-04-24 14:02:00,VERV,6.660999774932861,6.660999774932861,6.664999961853027,6.660999774932861,6.664999961853027,1009.0
2024-04-24 14:02:00,VERX,29.219999313354492,29.219999313354492,29.219999313354492,29.167499542236328,29.170000076293945,4713.0
2024-04-24 14:02:00,VFS,2.4649999141693115,2.4649999141693115,2.4649999141693115,2.4649999141693115,2.4649999141693115,245.0
2024-04-24 14:02:00,VIAV,7.989999771118164,7.989999771118164,7.989999771118164,7.989999771118164,7.989999771118164,413.0
2024-04-24 14:02:00,VICR,31.94499969482422,31.94499969482422,31.94499969482422,31.920000076293945,31.920000076293945,1498.0
2024-04-24 14:02:00,VIRT,22.565000534057617,22.565000534057617,22.584999084472656,22.55500030517578,22.584999084472656,6620.0
2024-04-24 14:02:00,VITL,26.870100021362305,26.870100021362305,26.8799991607666,26.870100021362305,26.8799991607666,1120.0
2024-04-24 14:02:00,VKTX,65.66999816894531,65.66999816894531,65.66999816894531,65.52999877929688,65.56999969482422,3152.0
2024-04-24 14:02:00,VMD,7.985000133514404,7.985000133514404,7.985000133514404,7.980000019073486,7.980000019073486,1453.0
2024-04-24 14:02:00,VMEO,3.5350000858306885,3.5350000858306885,3.5350000858306885,3.5350000858306885,3.5350000858306885,1887.0
2024-04-24 14:02:00,VNOM,39.970001220703125,39.970001220703125,39.9900016784668,39.970001220703125,39.9900016784668,1910.0
2024-04-24 14:02:00,VOD,8.61989974975586,8.61989974975586,8.61989974975586,8.609999656677246,8.609999656677246,10535.0
2024-04-24 14:02:00,VRDN,13.329999923706055,13.329999923706055,13.329999923706055,13.329999923706055,13.329999923706055,862.0
2024-04-24 14:02:00,VRTS,234.1300048828125,234.1300048828125,234.1300048828125,234.1300048828125,234.1300048828125,1110.0
2024-04-24 14:02:00,VRTX,401.3999938964844,401.3999938964844,401.59991455078125,401.3999938964844,401.59991455078125,2389.0
2024-04-24 14:02:00,VSAT,16.3799991607666,16.3799991607666,16.3799991607666,16.3799991607666,16.3799991607666,625.0
2024-04-24 14:02:00,VTNR,1.4800000190734863,1.4800000190734863,1.4800000190734863,1.4800000190734863,1.4800000190734863,7500.0
2024-04-24 14:02:00,VTRS,11.444999694824219,11.444999694824219,11.447500228881836,11.4399995803833,11.444999694824219,18275.0
2024-04-24 14:02:00,VUZI,1.3100999593734741,1.3100999593734741,1.3100999593734741,1.3100999593734741,1.3100999593734741,1953.0
2024-04-24 14:02:00,VYGR,7.570000171661377,7.570000171661377,7.570000171661377,7.570000171661377,7.570000171661377,707.0
2024-04-24 14:02:00,WABC,47.432498931884766,47.432498931884766,47.432498931884766,47.400001525878906,47.400001525878906,278.0
2024-04-24 14:02:00,WAFD,28.1200008392334,28.1200008392334,28.1200008392334,28.1200008392334,28.1200008392334,1277.0
2024-04-24 14:02:00,WB,8.34119987487793,8.34119987487793,8.34119987487793,8.34119987487793,8.34119987487793,168.0
2024-04-24 14:02:00,WBA,17.729999542236328,17.729999542236328,17.739900588989258,17.729999542236328,17.735000610351562,14278.0
2024-04-24 14:02:00,WBD,8.3302001953125,8.3302001953125,8.335000038146973,8.3302001953125,8.335000038146973,8182.0
2024-04-24 14:02:00,WDAY,256.7300109863281,256.7300109863281,256.7300109863281,256.7300109863281,256.7300109863281,184.0
2024-04-24 14:02:00,WDC,69.3499984741211,69.3499984741211,69.3499984741211,69.30999755859375,69.33999633789062,4927.0
2024-04-24 14:02:00,WDFC,228.0500030517578,228.0500030517578,228.0500030517578,228.0500030517578,228.0500030517578,483.0
2024-04-24 14:02:00,WEN,19.8700008392334,19.8700008392334,19.8700008392334,19.8700008392334,19.8700008392334,220.0
2024-04-24 14:02:00,WERN,35.209999084472656,35.209999084472656,35.22999954223633,35.20500183105469,35.22999954223633,6232.0
2024-04-24 14:02:00,WFRD,122.46499633789062,122.46499633789062,122.46499633789062,122.23999786376953,122.23999786376953,2957.0
2024-04-24 14:02:00,WHLR,0.14300000667572021,0.14300000667572021,0.14300000667572021,0.14300000667572021,0.14300000667572021,2000.0
2024-04-24 14:02:00,WIMI,1.0299999713897705,1.0299999713897705,1.0341999530792236,1.0299999713897705,1.0341999530792236,5020.0
2024-04-24 14:02:00,WINT,5.25,5.25,5.25,5.25,5.25,3037.0
2024-04-24 14:02:00,WKHS,0.16300000250339508,0.16300000250339508,0.16300000250339508,0.16300000250339508,0.16300000250339508,3220.0
2024-04-24 14:02:00,WKME,7.940000057220459,7.940000057220459,7.940000057220459,7.929999828338623,7.929999828338623,1110.0
2024-04-24 14:02:00,WMG,32.18000030517578,32.18000030517578,32.185001373291016,32.18000030517578,32.185001373291016,87.0
2024-04-24 14:02:00,WSBC,28.09000015258789,28.09000015258789,28.09000015258789,28.09000015258789,28.09000015258789,890.0
2024-04-24 14:02:00,WSC,38.0,38.0,38.040000915527344,37.97999954223633,38.029998779296875,6331.0
2024-04-24 14:02:00,WSFS,44.619998931884766,44.619998931884766,44.630001068115234,44.619998931884766,44.630001068115234,267.0
2024-04-24 14:02:00,WTW,265.0,265.0,265.0450134277344,264.94000244140625,265.0450134277344,1025.0
2024-04-24 14:02:00,WW,1.659999966621399,1.659999966621399,1.659999966621399,1.659999966621399,1.659999966621399,528.0
2024-04-24 14:02:00,WWD,149.6999969482422,149.6999969482422,149.6999969482422,149.6999969482422,149.6999969482422,772.0
2024-04-24 14:02:00,WYNN,96.9800033569336,96.9800033569336,97.01499938964844,96.9800033569336,97.01000213623047,1999.0
2024-04-24 14:02:00,XBP,1.2699999809265137,1.2699999809265137,1.2699999809265137,1.2699999809265137,1.2699999809265137,460.0
2024-04-24 14:02:00,XEL,55.4900016784668,55.4900016784668,55.4900016784668,55.48500061035156,55.48500061035156,5448.0
2024-04-24 14:02:00,XENE,40.16999816894531,40.16999816894531,40.16999816894531,40.16999816894531,40.16999816894531,3705.0
2024-04-24 14:02:00,XFOR,1.2549999952316284,1.2549999952316284,1.2549999952316284,1.2549999952316284,1.2549999952316284,558.0
2024-04-24 14:02:00,XNCR,18.850000381469727,18.850000381469727,18.899999618530273,18.850000381469727,18.899999618530273,1313.0
2024-04-24 14:02:00,XP,20.55500030517578,20.55500030517578,20.55500030517578,20.55500030517578,20.55500030517578,2068.0
2024-04-24 14:02:00,XPEL,55.029998779296875,55.029998779296875,55.029998779296875,55.029998779296875,55.029998779296875,168.0
2024-04-24 14:02:00,XRX,14.390000343322754,14.390000343322754,14.449999809265137,14.385000228881836,14.444999694824219,11193.0
2024-04-24 14:02:00,XXII,1.940000057220459,1.940000057220459,1.940000057220459,1.9399000406265259,1.940000057220459,2801.0
2024-04-24 14:02:00,Z,43.560001373291016,43.560001373291016,43.560001373291016,43.54999923706055,43.54999923706055,1457.0
2024-04-24 14:02:00,ZD,51.83000183105469,51.83000183105469,51.84000015258789,51.83000183105469,51.84000015258789,953.0
2024-04-24 14:02:00,ZG,43.03630065917969,43.03630065917969,43.040000915527344,43.03630065917969,43.040000915527344,1111.0
2024-04-24 14:02:00,ZI,15.845000267028809,15.845000267028809,15.845000267028809,15.84000015258789,15.845000267028809,3940.0
2024-04-24 14:02:00,ZIMV,15.819999694824219,15.819999694824219,15.819999694824219,15.819999694824219,15.819999694824219,682.0
2024-04-24 14:02:00,ZION,42.220001220703125,42.220001220703125,42.220001220703125,42.20000076293945,42.220001220703125,1612.0
2024-04-24 14:02:00,ZLAB,15.609999656677246,15.609999656677246,15.609999656677246,15.609999656677246,15.609999656677246,896.0
2024-04-24 14:02:00,ZM,61.52000045776367,61.52000045776367,61.52000045776367,61.5,61.5099983215332,3915.0
2024-04-24 14:02:00,ZNTL,11.694999694824219,11.694999694824219,11.739999771118164,11.6899995803833,11.739999771118164,2594.0
2024-04-24 14:02:00,ZURA,3.259999990463257,3.259999990463257,3.259999990463257,3.259999990463257,3.259999990463257,235687.0
2024-04-24 14:02:00,ZYME,8.65999984741211,8.65999984741211,8.65999984741211,8.65999984741211,8.65999984741211,4113.0
2024-04-24 14:03:00,COCO,24.290000915527344,24.290000915527344,24.295000076293945,24.290000915527344,24.295000076293945,1097.0
2024-04-24 14:03:00,EGHT,2.359999895095825,2.359999895095825,2.359999895095825,2.3550000190734863,2.3550000190734863,518.0
2024-04-24 14:03:00,FDMT,24.764999389648438,24.764999389648438,24.764999389648438,24.764999389648438,24.764999389648438,183.0
2024-04-24 14:03:00,MASS,5.699999809265137,5.699999809265137,5.699999809265137,5.699999809265137,5.699999809265137,911.0
2024-04-24 14:03:00,ME,0.4722000062465668,0.4722000062465668,0.4722999930381775,0.4722000062465668,0.4722999930381775,7502.0
2024-04-24 14:03:00,TSVT,4.355599880218506,4.355599880218506,4.355599880218506,4.355599880218506,4.355599880218506,348.0
2024-04-24 14:03:00,TWOU,0.23980000615119934,0.23980000615119934,0.23980000615119934,0.23980000615119934,0.23980000615119934,200.0
2024-04-24 14:03:00,TXG,27.459999084472656,27.459999084472656,27.459999084472656,27.459999084472656,27.459999084472656,2363.0
2024-04-24 14:03:00,VC,111.08999633789062,111.08999633789062,111.08999633789062,111.08999633789062,111.08999633789062,845.0
2024-04-24 14:03:00,VERU,1.340000033378601,1.340000033378601,1.350000023841858,1.340000033378601,1.340000033378601,1592.0
2024-04-24 14:03:00,VERV,6.664999961853027,6.664999961853027,6.664999961853027,6.664999961853027,6.664999961853027,382.0
2024-04-24 14:03:00,VERX,29.225000381469727,29.225000381469727,29.225000381469727,29.225000381469727,29.225000381469727,102.0
2024-04-24 14:03:00,VFS,2.4649999141693115,2.4649999141693115,2.4649999141693115,2.4649999141693115,2.4649999141693115,2197.0
2024-04-24 14:03:00,VIAV,7.985000133514404,7.985000133514404,7.989999771118164,7.985000133514404,7.989999771118164,4799.0
2024-04-24 14:03:00,VICR,31.860000610351562,31.860000610351562,31.940000534057617,31.860000610351562,31.90999984741211,2574.0
2024-04-24 14:03:00,VIGL,2.7899999618530273,2.7899999618530273,2.7899999618530273,2.7899999618530273,2.7899999618530273,531.0
2024-04-24 14:03:00,VINC,0.9174000024795532,0.9174000024795532,0.9174000024795532,0.9174000024795532,0.9174000024795532,1298.0
2024-04-24 14:03:00,VIR,8.170000076293945,8.170000076293945,8.170000076293945,8.170000076293945,8.170000076293945,1823.0
2024-04-24 14:03:00,VIRT,22.565000534057617,22.565000534057617,22.565000534057617,22.565000534057617,22.565000534057617,392.0
2024-04-24 14:03:00,VMEO,3.5399999618530273,3.5399999618530273,3.5399999618530273,3.5399999618530273,3.5399999618530273,427.0
2024-04-24 14:03:00,VOD,8.617899894714355,8.617899894714355,8.617899894714355,8.614999771118164,8.614999771118164,663.0
2024-04-24 14:03:00,VTGN,4.724999904632568,4.724999904632568,4.724999904632568,4.724999904632568,4.724999904632568,890.0
2024-04-24 14:03:00,VTNR,1.4499000310897827,1.4499000310897827,1.4700000286102295,1.4299999475479126,1.4700000286102295,114106.0
2024-04-24 14:03:00,VTRS,11.444999694824219,11.444999694824219,11.444999694824219,11.4399995803833,11.4399995803833,7710.0
2024-04-24 14:03:00,VTSI,12.350000381469727,12.350000381469727,12.350000381469727,12.350000381469727,12.350000381469727,0.0
2024-04-24 14:03:00,WB,8.345000267028809,8.345000267028809,8.345000267028809,8.345000267028809,8.345000267028809,1537.0
2024-04-24 14:03:00,WBA,17.739999771118164,17.739999771118164,17.745899200439453,17.729999542236328,17.735000610351562,23751.0
2024-04-24 14:03:00,WBD,8.333999633789062,8.333999633789062,8.34000015258789,8.329999923706055,8.335000038146973,39359.0
2024-04-24 14:03:00,WDAY,256.5199890136719,256.5199890136719,256.8500061035156,256.5,256.760009765625,16736.0
2024-04-24 14:03:00,WDC,69.36000061035156,69.36000061035156,69.37000274658203,69.36000061035156,69.36000061035156,3049.0
2024-04-24 14:03:00,WEN,19.875,19.875,19.875,19.8700008392334,19.8700008392334,739.0
2024-04-24 14:03:00,WERN,35.20000076293945,35.20000076293945,35.20500183105469,35.189998626708984,35.20500183105469,1356.0
2024-04-24 14:03:00,WFRD,122.32839965820312,122.32839965820312,122.32839965820312,122.32839965820312,122.32839965820312,614.0
2024-04-24 14:03:00,WHLM,6.5,6.5,6.5,6.5,6.5,412.0
2024-04-24 14:03:00,WIMI,1.0299999713897705,1.0299999713897705,1.0398999452590942,1.0299999713897705,1.034999966621399,1010.0
2024-04-24 14:03:00,WISA,5.930099964141846,5.930099964141846,5.940000057220459,5.930099964141846,5.940000057220459,11587.0
2024-04-24 14:03:00,WKHS,0.16300000250339508,0.16300000250339508,0.1632000058889389,0.16300000250339508,0.1632000058889389,4742.0
2024-04-24 14:03:00,WMG,32.18000030517578,32.18000030517578,32.20000076293945,32.18000030517578,32.189998626708984,2346.0
2024-04-24 14:03:00,WSC,38.0,38.0,38.0,38.0,38.0,181.0
2024-04-24 14:03:00,WTW,264.92999267578125,264.92999267578125,265.0350036621094,264.9100036621094,265.0115966796875,2515.0
2024-04-24 14:03:00,WW,1.6649999618530273,1.6649999618530273,1.6649999618530273,1.659999966621399,1.6649999618530273,2040.0
2024-04-24 14:03:00,WWD,149.67999267578125,149.67999267578125,149.67999267578125,149.67999267578125,149.67999267578125,677.0
2024-04-24 14:03:00,WYNN,96.9800033569336,96.9800033569336,96.9800033569336,96.9800033569336,96.9800033569336,271.0
2024-04-24 14:03:00,XEL,55.46500015258789,55.46500015258789,55.5099983215332,55.459999084472656,55.47999954223633,17363.0
2024-04-24 14:03:00,XERS,1.774999976158142,1.774999976158142,1.774999976158142,1.774999976158142,1.774999976158142,205.0
2024-04-24 14:03:00,XFOR,1.2549999952316284,1.2549999952316284,1.2549999952316284,1.2549999952316284,1.2549999952316284,1840.0
2024-04-24 14:03:00,XMTR,17.03499984741211,17.03499984741211,17.03499984741211,17.030000686645508,17.030000686645508,364.0
2024-04-24 14:03:00,XNCR,18.790000915527344,18.790000915527344,18.860000610351562,18.709999084472656,18.860000610351562,10327.0
2024-04-24 14:03:00,XP,20.545000076293945,20.545000076293945,20.559999465942383,20.545000076293945,20.55500030517578,7333.0
2024-04-24 14:03:00,XPEL,54.970001220703125,54.970001220703125,54.970001220703125,54.970001220703125,54.970001220703125,303.0
2024-04-24 14:03:00,XRX,14.385000228881836,14.385000228881836,14.40999984741211,14.385000228881836,14.399999618530273,14231.0
2024-04-24 14:03:00,YMAB,15.304200172424316,15.304200172424316,15.304200172424316,15.304200172424316,15.304200172424316,1047.0
2024-04-24 14:03:00,YTEN,0.2345000058412552,0.2345000058412552,0.2345000058412552,0.2345000058412552,0.2345000058412552,1414.0
2024-04-24 14:03:00,YTRA,1.2999999523162842,1.2999999523162842,1.2999999523162842,1.2999999523162842,1.2999999523162842,2300.0
2024-04-24 14:03:00,Z,43.567501068115234,43.567501068115234,43.56999969482422,43.560001373291016,43.560001373291016,1371.0
2024-04-24 14:03:00,ZD,51.849998474121094,51.849998474121094,51.849998474121094,51.849998474121094,51.849998474121094,269.0
2024-04-24 14:03:00,ZG,43.060001373291016,43.060001373291016,43.060001373291016,43.060001373291016,43.060001373291016,244.0
2024-04-24 14:03:00,ZI,15.845000267028809,15.845000267028809,15.845000267028809,15.845000267028809,15.845000267028809,220.0
2024-04-24 14:03:00,ZION,42.220001220703125,42.220001220703125,42.220001220703125,42.220001220703125,42.220001220703125,927.0
2024-04-24 14:03:00,ZLAB,15.574999809265137,15.574999809265137,15.59000015258789,15.574999809265137,15.59000015258789,423.0
2024-04-24 14:03:00,ZM,61.525001525878906,61.525001525878906,61.525001525878906,61.51499938964844,61.52000045776367,3818.0
2024-04-24 14:03:00,ZNTL,11.710000038146973,11.710000038146973,11.710000038146973,11.694999694824219,11.699999809265137,2484.0
2024-04-24 14:03:00,ZS,178.42999267578125,178.42999267578125,178.42999267578125,178.25,178.3000030517578,4132.0
2024-04-24 14:03:00,ZURA,3.2899999618530273,3.2899999618530273,3.2899999618530273,3.2300000190734863,3.2300000190734863,15123.0
2024-04-24 14:03:00,ZVRA,4.559999942779541,4.559999942779541,4.559999942779541,4.559999942779541,4.559999942779541,432.0
2024-04-24 14:03:00,ZYXI,11.350000381469727,11.350000381469727,11.350000381469727,11.350000381469727,11.350000381469727,195.0
2024-04-24 14:04:00,COCO,24.360000610351562,24.360000610351562,24.360000610351562,24.299999237060547,24.299999237060547,2095.0
2024-04-24 14:04:00,DIBS,5.394999980926514,5.394999980926514,5.394999980926514,5.394999980926514,5.394999980926514,181.0
2024-04-24 14:04:00,DSP,8.555000305175781,8.555000305175781,8.5600004196167,8.510000228881836,8.510000228881836,740.0
2024-04-24 14:04:00,HOWL,6.519999980926514,6.519999980926514,6.519999980926514,6.519999980926514,6.519999980926514,1496.0
2024-04-24 14:04:00,MAPS,1.100000023841858,1.100000023841858,1.100000023841858,1.100000023841858,1.100000023841858,100.0
2024-04-24 14:04:00,ME,0.4722000062465668,0.4722000062465668,0.4722000062465668,0.4722000062465668,0.4722000062465668,102.0
2024-04-24 14:04:00,SEAT,5.875,5.875,5.875,5.875,5.875,200.0
2024-04-24 14:04:00,TSVT,4.355000019073486,4.355000019073486,4.355000019073486,4.355000019073486,4.355000019073486,348.0
2024-04-24 14:04:00,TWOU,0.23980000615119934,0.23980000615119934,0.23980000615119934,0.23980000615119934,0.23980000615119934,1777.0
2024-04-24 14:04:00,VERU,1.340000033378601,1.340000033378601,1.3424999713897705,1.340000033378601,1.340000033378601,600.0
2024-04-24 14:04:00,VERV,6.664999961853027,6.664999961853027,6.664999961853027,6.664999961853027,6.664999961853027,376.0
2024-04-24 14:04:00,VERX,29.239999771118164,29.239999771118164,29.239999771118164,29.200000762939453,29.200000762939453,837.0
2024-04-24 14:04:00,VFS,2.466399908065796,2.466399908065796,2.466399908065796,2.466399908065796,2.466399908065796,734.0
2024-04-24 14:04:00,VIAV,7.985000133514404,7.985000133514404,7.985000133514404,7.985000133514404,7.985000133514404,291.0
2024-04-24 14:04:00,VICR,31.834999084472656,31.834999084472656,31.834999084472656,31.834999084472656,31.834999084472656,402.0
2024-04-24 14:04:00,VIRC,10.710000038146973,10.710000038146973,10.710000038146973,10.710000038146973,10.710000038146973,944.0
2024-04-24 14:04:00,VIRT,22.559999465942383,22.559999465942383,22.56999969482422,22.559999465942383,22.565000534057617,3473.0
2024-04-24 14:04:00,VITL,26.850000381469727,26.850000381469727,26.850000381469727,26.850000381469727,26.850000381469727,451.0
2024-04-24 14:04:00,VKTX,65.66000366210938,65.66000366210938,65.7249984741211,65.66000366210938,65.7249984741211,1518.0
2024-04-24 14:04:00,VMEO,3.5350000858306885,3.5350000858306885,3.538800001144409,3.5350000858306885,3.538800001144409,1074.0
2024-04-24 14:04:00,VNOM,40.0099983215332,40.0099983215332,40.0099983215332,39.97999954223633,39.97999954223633,2557.0
2024-04-24 14:04:00,VOD,8.614999771118164,8.614999771118164,8.619999885559082,8.610099792480469,8.610099792480469,6353.0
2024-04-24 14:04:00,VRDN,13.34000015258789,13.34000015258789,13.34000015258789,13.34000015258789,13.34000015258789,934.0
2024-04-24 14:04:00,VRRM,24.290000915527344,24.290000915527344,24.290000915527344,24.290000915527344,24.290000915527344,1039.0
2024-04-24 14:04:00,VSAT,16.329999923706055,16.329999923706055,16.3700008392334,16.329999923706055,16.3700008392334,3380.0
2024-04-24 14:04:00,VSEC,79.01000213623047,79.01000213623047,79.01000213623047,79.01000213623047,79.01000213623047,551.0
2024-04-24 14:04:00,VTNR,1.4450000524520874,1.4450000524520874,1.4499000310897827,1.440000057220459,1.445099949836731,9282.0
2024-04-24 14:04:00,VTRS,11.449999809265137,11.449999809265137,11.449999809265137,11.444999694824219,11.444999694824219,1878.0
2024-04-24 14:04:00,WB,8.340700149536133,8.340700149536133,8.340700149536133,8.340700149536133,8.340700149536133,1043.0
2024-04-24 14:04:00,WBA,17.75,17.75,17.75,17.740100860595703,17.7450008392334,17151.0
2024-04-24 14:04:00,WBD,8.335000038146973,8.335000038146973,8.33549976348877,8.33430004119873,8.335000038146973,3851.0
2024-04-24 14:04:00,WDAY,256.5,256.5,256.5325012207031,256.5,256.5,3496.0
2024-04-24 14:04:00,WDC,69.37000274658203,69.37000274658203,69.4000015258789,69.36000061035156,69.36000061035156,5571.0
2024-04-24 14:04:00,WEN,19.875,19.875,19.875,19.875,19.875,1518.0
2024-04-24 14:04:00,WFRD,122.31500244140625,122.31500244140625,122.31500244140625,122.31500244140625,122.31500244140625,1319.0
2024-04-24 14:04:00,WKHS,0.16300000250339508,0.16300000250339508,0.16300000250339508,0.16300000250339508,0.16300000250339508,1217.0
2024-04-24 14:04:00,WKSP,0.38089999556541443,0.38089999556541443,0.38100001215934753,0.3799999952316284,0.3799999952316284,8139.0
2024-04-24 14:04:00,WMG,32.16999816894531,32.16999816894531,32.18000030517578,32.16999816894531,32.18000030517578,860.0
2024-04-24 14:04:00,WSC,38.040000915527344,38.040000915527344,38.040000915527344,38.0099983215332,38.0099983215332,2426.0
2024-04-24 14:04:00,WSFS,44.70000076293945,44.70000076293945,44.70000076293945,44.70000076293945,44.70000076293945,373.0
2024-04-24 14:04:00,WW,1.6649999618530273,1.6649999618530273,1.6649999618530273,1.6649999618530273,1.6649999618530273,1888.0
2024-04-24 14:04:00,WYNN,97.01000213623047,97.01000213623047,97.01000213623047,97.0,97.0,1468.0
2024-04-24 14:04:00,XEL,55.45000076293945,55.45000076293945,55.470001220703125,55.44499969482422,55.46500015258789,12830.0
2024-04-24 14:04:00,XFOR,1.257200002670288,1.257200002670288,1.257200002670288,1.257200002670288,1.257200002670288,3185.0
2024-04-24 14:04:00,XMTR,17.020000457763672,17.020000457763672,17.020000457763672,17.020000457763672,17.020000457763672,867.0
2024-04-24 14:04:00,XNCR,18.829999923706055,18.829999923706055,18.850000381469727,18.790000915527344,18.790000915527344,11110.0
2024-04-24 14:04:00,XP,20.545000076293945,20.545000076293945,20.549999237060547,20.545000076293945,20.549999237060547,2129.0
2024-04-24 14:04:00,XRX,14.375,14.375,14.399999618530273,14.375,14.390000343322754,8049.0
2024-04-24 14:04:00,XXII,1.9299999475479126,1.9299999475479126,1.9395999908447266,1.9299999475479126,1.9395999908447266,910.0
2024-04-24 14:04:00,Z,43.57630157470703,43.57630157470703,43.58000183105469,43.560001373291016,43.58000183105469,2501.0
2024-04-24 14:04:00,ZG,43.040000915527344,43.040000915527344,43.040000915527344,43.040000915527344,43.040000915527344,885.0
2024-04-24 14:04:00,ZI,15.850000381469727,15.850000381469727,15.850000381469727,15.850000381469727,15.850000381469727,3548.0
2024-04-24 14:04:00,ZION,42.23500061035156,42.23500061035156,42.23500061035156,42.220001220703125,42.220001220703125,1334.0
2024-04-24 14:04:00,ZLAB,15.569999694824219,15.569999694824219,15.569999694824219,15.5600004196167,15.5600004196167,1670.0
2024-04-24 14:04:00,ZM,61.52000045776367,61.52000045776367,61.52000045776367,61.52000045776367,61.52000045776367,1072.0
2024-04-24 14:04:00,ZNTL,11.699999809265137,11.699999809265137,11.699999809265137,11.699999809265137,11.699999809265137,363.0
2024-04-24 14:04:00,ZS,178.3699951171875,178.3699951171875,178.50999450683594,178.3699951171875,178.50999450683594,1533.0
2024-04-24 14:05:00,COCO,24.350000381469727,24.350000381469727,24.350000381469727,24.329999923706055,24.329999923706055,933.0
2024-04-24 14:05:00,DIBS,5.389999866485596,5.389999866485596,5.394999980926514,5.389999866485596,5.394999980926514,503.0
2024-04-24 14:05:00,DSP,8.545000076293945,8.545000076293945,8.545000076293945,8.545000076293945,8.545000076293945,1048.0
2024-04-24 14:05:00,ETNB,8.5600004196167,8.5600004196167,8.569999694824219,8.555000305175781,8.569999694824219,4605.0
2024-04-24 14:05:00,FDMT,24.709999084472656,24.709999084472656,24.739999771118164,24.709999084472656,24.739999771118164,1623.0
2024-04-24 14:05:00,FLWS,9.15999984741211,9.15999984741211,9.15999984741211,9.15999984741211,9.15999984741211,511.0
2024-04-24 14:05:00,MASS,5.690000057220459,5.690000057220459,5.695000171661377,5.690000057220459,5.695000171661377,1277.0
2024-04-24 14:05:00,ME,0.4722000062465668,0.4722000062465668,0.4722999930381775,0.4722000062465668,0.4722999930381775,2096.0
2024-04-24 14:05:00,SEAT,5.880000114440918,5.880000114440918,5.880000114440918,5.875,5.875,440.0
2024-04-24 14:05:00,TSVT,4.349999904632568,4.349999904632568,4.349999904632568,4.349999904632568,4.349999904632568,1002.0
2024-04-24 14:05:00,TWOU,0.2395000010728836,0.2395000010728836,0.2395000010728836,0.2386000007390976,0.2386000007390976,1301.0
2024-04-24 14:05:00,TXG,27.399999618530273,27.399999618530273,27.440000534057617,27.399999618530273,27.440000534057617,8205.0
2024-04-24 14:05:00,VABK,24.584999084472656,24.584999084472656,24.584999084472656,24.584999084472656,24.584999084472656,235.0
2024-04-24 14:05:00,VCTR,49.790000915527344,49.790000915527344,49.790000915527344,49.790000915527344,49.790000915527344,697.0
2024-04-24 14:05:00,VERU,1.350000023841858,1.350000023841858,1.350000023841858,1.340000033378601,1.3450000286102295,1101.0
2024-04-24 14:05:00,VERV,6.650000095367432,6.650000095367432,6.659999847412109,6.639999866485596,6.659999847412109,2446.0
2024-04-24 14:05:00,VERX,29.200000762939453,29.200000762939453,29.209999084472656,29.190000534057617,29.209999084472656,2914.0
2024-04-24 14:05:00,VFS,2.4649999141693115,2.4649999141693115,2.4700000286102295,2.4649999141693115,2.4649999141693115,4754.0
2024-04-24 14:05:00,VIAV,7.985000133514404,7.985000133514404,7.985000133514404,7.985000133514404,7.985000133514404,2433.0
2024-04-24 14:05:00,VICR,31.860000610351562,31.860000610351562,31.860000610351562,31.809999465942383,31.809999465942383,1743.0
2024-04-24 14:05:00,VIR,8.15999984741211,8.15999984741211,8.15999984741211,8.15999984741211,8.15999984741211,202.0
2024-04-24 14:05:00,VIRC,10.675000190734863,10.675000190734863,10.680000305175781,10.675000190734863,10.680000305175781,734.0
2024-04-24 14:05:00,VIRT,22.545000076293945,22.545000076293945,22.549999237060547,22.545000076293945,22.549999237060547,1150.0
2024-04-24 14:05:00,VITL,26.850000381469727,26.850000381469727,26.850000381469727,26.84000015258789,26.84000015258789,1340.0
2024-04-24 14:05:00,VKTX,65.4800033569336,65.4800033569336,65.58999633789062,65.4800033569336,65.58999633789062,1456.0
2024-04-24 14:05:00,VLCN,0.25999999046325684,0.25999999046325684,0.25999999046325684,0.25999999046325684,0.25999999046325684,211.0
2024-04-24 14:05:00,VNOM,40.02000045776367,40.02000045776367,40.02000045776367,40.0,40.0,678.0
2024-04-24 14:05:00,VOD,8.614999771118164,8.614999771118164,8.617899894714355,8.614999771118164,8.617500305175781,647.0
2024-04-24 14:05:00,VOR,1.7549999952316284,1.7549999952316284,1.7549999952316284,1.7549999952316284,1.7549999952316284,300.0
2024-04-24 14:05:00,VRDN,13.3100004196167,13.3100004196167,13.319999694824219,13.3100004196167,13.319999694824219,564.0
2024-04-24 14:05:00,VRNA,15.520000457763672,15.520000457763672,15.529999732971191,15.515000343322754,15.529999732971191,2352.0
2024-04-24 14:05:00,VRRM,24.28499984741211,24.28499984741211,24.290000915527344,24.28499984741211,24.290000915527344,697.0
2024-04-24 14:05:00,VRTX,401.2200012207031,401.2200012207031,401.3599853515625,401.2200012207031,401.3599853515625,916.0
2024-04-24 14:05:00,VSAT,16.30500030517578,16.30500030517578,16.320100784301758,16.30500030517578,16.31999969482422,1698.0
2024-04-24 14:05:00,VTNR,1.4450000524520874,1.4450000524520874,1.4600000381469727,1.4450000524520874,1.4500000476837158,35807.0
2024-04-24 14:05:00,VTRS,11.449999809265137,11.449999809265137,11.449999809265137,11.441499710083008,11.449999809265137,2891.0
2024-04-24 14:05:00,VTSI,12.3100004196167,12.3100004196167,12.319999694824219,12.289999961853027,12.319999694824219,1338.0
2024-04-24 14:05:00,VWE,0.26010000705718994,0.26010000705718994,0.26010000705718994,0.26010000705718994,0.26010000705718994,1525.0
2024-04-24 14:05:00,VYGR,7.539999961853027,7.539999961853027,7.559999942779541,7.539999961853027,7.559999942779541,6836.0
2024-04-24 14:05:00,WABC,47.459999084472656,47.459999084472656,47.47999954223633,47.369998931884766,47.369998931884766,766.0
2024-04-24 14:05:00,WAFD,28.09000015258789,28.09000015258789,28.09000015258789,28.09000015258789,28.09000015258789,638.0
2024-04-24 14:05:00,WB,8.34000015258789,8.34000015258789,8.345000267028809,8.335000038146973,8.34000015258789,4087.0
2024-04-24 14:05:00,WBA,17.72920036315918,17.72920036315918,17.749900817871094,17.719999313354492,17.7450008392334,16900.0
2024-04-24 14:05:00,WBD,8.324999809265137,8.324999809265137,8.34000015258789,8.324899673461914,8.329999923706055,15832.0
2024-04-24 14:05:00,WDAY,256.4549865722656,256.4549865722656,256.489990234375,256.45001220703125,256.489990234375,2364.0
2024-04-24 14:05:00,WDC,69.25,69.25,69.3499984741211,69.25,69.3499984741211,6071.0
2024-04-24 14:05:00,WDFC,227.8800048828125,227.8800048828125,227.8800048828125,227.8800048828125,227.8800048828125,770.0
2024-04-24 14:05:00,WEN,19.8700008392334,19.8700008392334,19.870500564575195,19.8700008392334,19.8700008392334,17002.0
2024-04-24 14:05:00,WERN,35.16999816894531,35.16999816894531,35.189998626708984,35.16999816894531,35.189998626708984,1549.0
2024-04-24 14:05:00,WFRD,122.79000091552734,122.79000091552734,122.79000091552734,122.33999633789062,122.38999938964844,3926.0
2024-04-24 14:05:00,WIMI,1.0299999713897705,1.0299999713897705,1.0299999713897705,1.0299999713897705,1.0299999713897705,2507.0
2024-04-24 14:05:00,WING,365.5400085449219,365.5400085449219,365.739990234375,365.5400085449219,365.739990234375,1759.0
2024-04-24 14:05:00,WISA,5.940000057220459,5.940000057220459,5.940000057220459,5.940000057220459,5.940000057220459,1678.0
2024-04-24 14:05:00,WIX,122.0,122.0,122.0,121.97000122070312,121.9800033569336,1065.0
2024-04-24 14:05:00,WKHS,0.16300000250339508,0.16300000250339508,0.16300000250339508,0.16300000250339508,0.16300000250339508,840.0
2024-04-24 14:05:00,WMG,32.165000915527344,32.165000915527344,32.16559982299805,32.165000915527344,32.16559982299805,658.0
2024-04-24 14:05:00,WSBC,28.06999969482422,28.06999969482422,28.06999969482422,28.06999969482422,28.06999969482422,598.0
2024-04-24 14:05:00,WSBF,12.140000343322754,12.140000343322754,12.140000343322754,12.140000343322754,12.140000343322754,595.0
2024-04-24 14:05:00,WSC,38.01499938964844,38.01499938964844,38.029998779296875,37.970001220703125,38.02000045776367,8264.0
2024-04-24 14:05:00,WTW,264.8599853515625,264.8599853515625,264.9800109863281,264.8599853515625,264.9800109863281,1759.0
2024-04-24 14:05:00,WVE,5.190000057220459,5.190000057220459,5.199999809265137,5.190000057220459,5.190000057220459,2547.0
2024-04-24 14:05:00,WWD,149.6999969482422,149.6999969482422,149.7050018310547,149.6999969482422,149.6999969482422,474.0
2024-04-24 14:05:00,WYNN,96.94000244140625,96.94000244140625,97.01000213623047,96.94000244140625,97.01000213623047,3003.0
2024-04-24 14:05:00,XEL,55.46500015258789,55.46500015258789,55.48500061035156,55.45000076293945,55.45000076293945,8672.0
2024-04-24 14:05:00,XERS,1.767699956893921,1.767699956893921,1.774999976158142,1.7649999856948853,1.774999976158142,13220.0
2024-04-24 14:05:00,XFOR,1.2549999952316284,1.2549999952316284,1.2549999952316284,1.2549999952316284,1.2549999952316284,560.0
2024-04-24 14:05:00,XNCR,18.84000015258789,18.84000015258789,18.850000381469727,18.815000534057617,18.815000534057617,20690.0
2024-04-24 14:05:00,XP,20.520000457763672,20.520000457763672,20.545000076293945,20.520000457763672,20.545000076293945,6566.0
2024-04-24 14:05:00,XPEL,54.97999954223633,54.97999954223633,54.97999954223633,54.97999954223633,54.97999954223633,195.0
2024-04-24 14:05:00,XRX,14.369999885559082,14.369999885559082,14.375,14.369999885559082,14.375,3085.0
2024-04-24 14:05:00,XXII,1.934999942779541,1.934999942779541,1.9399000406265259,1.930299997329712,1.9397000074386597,2863.0
2024-04-24 14:05:00,YMAB,15.239999771118164,15.239999771118164,15.239999771118164,15.239999771118164,15.239999771118164,170.0
2024-04-24 14:05:00,Z,43.56999969482422,43.56999969482422,43.58000183105469,43.54999923706055,43.58000183105469,7402.0
2024-04-24 14:05:00,ZBRA,277.0400085449219,277.0400085449219,277.4849853515625,277.0400085449219,277.4849853515625,1798.0
2024-04-24 14:05:00,ZD,51.81999969482422,51.81999969482422,51.83000183105469,51.81999969482422,51.83000183105469,911.0
2024-04-24 14:05:00,ZG,43.040000915527344,43.040000915527344,43.040000915527344,43.040000915527344,43.040000915527344,303.0
2024-04-24 14:05:00,ZI,15.824999809265137,15.824999809265137,15.84000015258789,15.824999809265137,15.84000015258789,7468.0
2024-04-24 14:05:00,ZION,42.18000030517578,42.18000030517578,42.21500015258789,42.17499923706055,42.21500015258789,3317.0
2024-04-24 14:05:00,ZLAB,15.529999732971191,15.529999732971191,15.552499771118164,15.529999732971191,15.550000190734863,695.0
2024-04-24 14:05:00,ZM,61.470001220703125,61.470001220703125,61.51150131225586,61.470001220703125,61.51150131225586,4758.0
2024-04-24 14:05:00,ZNTL,11.680000305175781,11.680000305175781,11.699999809265137,11.680000305175781,11.699999809265137,1642.0
2024-04-24 14:05:00,ZS,178.2725067138672,178.2725067138672,178.3800048828125,178.24000549316406,178.3800048828125,2456.0
2024-04-24 14:05:00,ZURA,3.1700000762939453,3.1700000762939453,3.1700000762939453,3.1700000762939453,3.1700000762939453,410.0
2024-04-24 14:05:00,ZVRA,4.559999942779541,4.559999942779541,4.559999942779541,4.559999942779541,4.559999942779541,448.0
2024-04-24 14:05:00,ZYME,8.600000381469727,8.600000381469727,8.640000343322754,8.600000381469727,8.640000343322754,1010.0
2024-04-24 14:05:00,ZYXI,11.350000381469727,11.350000381469727,11.350000381469727,11.350000381469727,11.350000381469727,602.0
2024-04-24 14:06:00,DSP,8.529999732971191,8.529999732971191,8.545000076293945,8.529999732971191,8.545000076293945,940.0
2024-04-24 14:06:00,EGHT,2.359999895095825,2.359999895095825,2.359999895095825,2.3550000190734863,2.3550000190734863,1008.0
2024-04-24 14:06:00,ETNB,8.59000015258789,8.59000015258789,8.59000015258789,8.579999923706055,8.579999923706055,2389.0
2024-04-24 14:06:00,MAPS,1.100000023841858,1.100000023841858,1.100000023841858,1.100000023841858,1.100000023841858,100.0
2024-04-24 14:06:00,SEAT,5.880000114440918,5.880000114440918,5.880000114440918,5.880000114440918,5.880000114440918,421.0
2024-04-24 14:06:00,TSVT,4.34499979019165,4.34499979019165,4.34499979019165,4.34499979019165,4.34499979019165,120.0
2024-04-24 14:06:00,TWOU,0.2395000010728836,0.2395000010728836,0.2395000010728836,0.2395000010728836,0.2395000010728836,1413.0
2024-04-24 14:06:00,TXG,27.3700008392334,27.3700008392334,27.3799991607666,27.3700008392334,27.3799991607666,2669.0
2024-04-24 14:06:00,VCTR,49.7599983215332,49.7599983215332,49.7599983215332,49.7599983215332,49.7599983215332,735.0
2024-04-24 14:06:00,VERU,1.350000023841858,1.350000023841858,1.350000023841858,1.340000033378601,1.350000023841858,1451.0
2024-04-24 14:06:00,VERV,6.635000228881836,6.635000228881836,6.644999980926514,6.635000228881836,6.644999980926514,1385.0
2024-04-24 14:06:00,VERX,29.149999618530273,29.149999618530273,29.190000534057617,29.149999618530273,29.190000534057617,3946.0
2024-04-24 14:06:00,VFS,2.4649999141693115,2.4649999141693115,2.4649999141693115,2.4649999141693115,2.4649999141693115,649.0
2024-04-24 14:06:00,VIR,8.140000343322754,8.140000343322754,8.149999618530273,8.140000343322754,8.149999618530273,488.0
2024-04-24 14:06:00,VIRT,22.56999969482422,22.56999969482422,22.56999969482422,22.549999237060547,22.549999237060547,2418.0
2024-04-24 14:06:00,VKTX,65.48999786376953,65.48999786376953,65.48999786376953,65.48999786376953,65.48999786376953,920.0
2024-04-24 14:06:00,VLCN,0.2574999928474426,0.2574999928474426,0.2574999928474426,0.2574999928474426,0.2574999928474426,207.0
2024-04-24 14:06:00,VMEO,3.5350000858306885,3.5350000858306885,3.5350000858306885,3.5350000858306885,3.5350000858306885,2431.0
2024-04-24 14:06:00,VNOM,39.98500061035156,39.98500061035156,40.005001068115234,39.98500061035156,40.0,2552.0
2024-04-24 14:06:00,VOD,8.614999771118164,8.614999771118164,8.614999771118164,8.614999771118164,8.614999771118164,928.0
2024-04-24 14:06:00,VRDN,13.300000190734863,13.300000190734863,13.305000305175781,13.300000190734863,13.305000305175781,383.0
2024-04-24 14:06:00,VRRM,24.28499984741211,24.28499984741211,24.28499984741211,24.28499984741211,24.28499984741211,791.0
2024-04-24 14:06:00,VSAT,16.299999237060547,16.299999237060547,16.299999237060547,16.270000457763672,16.270000457763672,1444.0
2024-04-24 14:06:00,VTNR,1.440000057220459,1.440000057220459,1.4450000524520874,1.440000057220459,1.4450000524520874,1339.0
2024-04-24 14:06:00,VTRS,11.444999694824219,11.444999694824219,11.444999694824219,11.444999694824219,11.444999694824219,1620.0
2024-04-24 14:06:00,VTSI,12.329999923706055,12.329999923706055,12.329999923706055,12.329999923706055,12.329999923706055,64.0
2024-04-24 14:06:00,VYGR,7.53000020980835,7.53000020980835,7.53000020980835,7.53000020980835,7.53000020980835,140.0
2024-04-24 14:06:00,WABC,47.41999816894531,47.41999816894531,47.41999816894531,47.41999816894531,47.41999816894531,243.0
2024-04-24 14:06:00,WAFD,28.094999313354492,28.094999313354492,28.094999313354492,28.094999313354492,28.094999313354492,764.0
2024-04-24 14:06:00,WBA,17.729900360107422,17.729900360107422,17.729999542236328,17.719999313354492,17.729999542236328,7063.0
2024-04-24 14:06:00,WBD,8.324999809265137,8.324999809265137,8.324999809265137,8.324999809265137,8.324999809265137,963.0
2024-04-24 14:06:00,WDAY,256.3100891113281,256.3100891113281,256.3100891113281,256.3100891113281,256.3100891113281,321.0
2024-04-24 14:06:00,WDC,69.25,69.25,69.27999877929688,69.25,69.26000213623047,4535.0
2024-04-24 14:06:00,WEN,19.8700008392334,19.8700008392334,19.8700008392334,19.864999771118164,19.8700008392334,7705.0
2024-04-24 14:06:00,WERN,35.20000076293945,35.20000076293945,35.20000076293945,35.20000076293945,35.20000076293945,461.0
2024-04-24 14:06:00,WFRD,122.65499877929688,122.65499877929688,122.66500091552734,122.65499877929688,122.66500091552734,925.0
2024-04-24 14:06:00,WHLR,0.14300000667572021,0.14300000667572021,0.14300000667572021,0.14300000667572021,0.14300000667572021,0.0
2024-04-24 14:06:00,WIMI,1.0398999452590942,1.0398999452590942,1.0398999452590942,1.0299999713897705,1.0299999713897705,2215.0
2024-04-24 14:06:00,WISA,5.940000057220459,5.940000057220459,5.940000057220459,5.940000057220459,5.940000057220459,208.0
2024-04-24 14:06:00,WIX,122.02999877929688,122.02999877929688,122.02999877929688,122.02999877929688,122.02999877929688,1253.0
2024-04-24 14:06:00,WKHS,0.16300000250339508,0.16300000250339508,0.163100004196167,0.16300000250339508,0.16300000250339508,8600.0
2024-04-24 14:06:00,WKSP,0.38989999890327454,0.38989999890327454,0.38989999890327454,0.38989999890327454,0.38989999890327454,1703.0
2024-04-24 14:06:00,WLGS,0.5730000138282776,0.5730000138282776,0.5730000138282776,0.5730000138282776,0.5730000138282776,212.0
2024-04-24 14:06:00,WMG,32.150001525878906,32.150001525878906,32.162498474121094,32.13999938964844,32.162498474121094,3413.0
2024-04-24 14:06:00,WRNT,0.27230000495910645,0.27230000495910645,0.27230000495910645,0.27230000495910645,0.27230000495910645,671.0
2024-04-24 14:06:00,WSBC,28.059999465942383,28.059999465942383,28.059999465942383,28.059999465942383,28.059999465942383,199.0
2024-04-24 14:06:00,WSC,38.02000045776367,38.02000045776367,38.029998779296875,38.02000045776367,38.029998779296875,2363.0
2024-04-24 14:06:00,WTFC,99.9800033569336,99.9800033569336,99.9800033569336,99.9800033569336,99.9800033569336,457.0
2024-04-24 14:06:00,WTW,264.70001220703125,264.70001220703125,264.70001220703125,264.70001220703125,264.70001220703125,1427.0
2024-04-24 14:06:00,WW,1.6649999618530273,1.6649999618530273,1.6649999618530273,1.659999966621399,1.6649999618530273,5609.0
2024-04-24 14:06:00,XEL,55.470001220703125,55.470001220703125,55.47999954223633,55.459999084472656,55.46500015258789,12178.0
2024-04-24 14:06:00,XENE,40.0,40.0,40.05500030517578,40.0,40.0099983215332,3212.0
2024-04-24 14:06:00,XERS,1.7649999856948853,1.7649999856948853,1.7649999856948853,1.7649999856948853,1.7649999856948853,96.0
2024-04-24 14:06:00,XFOR,1.2549999952316284,1.2549999952316284,1.2549999952316284,1.2549999952316284,1.2549999952316284,4560.0
2024-04-24 14:06:00,XMTR,17.010000228881836,17.010000228881836,17.010000228881836,17.010000228881836,17.010000228881836,271.0
2024-04-24 14:06:00,XNCR,18.8799991607666,18.8799991607666,18.8799991607666,18.84000015258789,18.84000015258789,9931.0
2024-04-24 14:06:00,XP,20.520000457763672,20.520000457763672,20.520000457763672,20.514999389648438,20.514999389648438,2610.0
2024-04-24 14:06:00,XPEL,55.04499816894531,55.04499816894531,55.04499816894531,55.04499816894531,55.04499816894531,150.0
2024-04-24 14:06:00,XRX,14.375,14.375,14.375,14.375,14.375,1931.0
2024-04-24 14:06:00,YMAB,15.25,15.25,15.25,15.25,15.25,290.0
2024-04-24 14:06:00,YTRA,1.2999999523162842,1.2999999523162842,1.2999999523162842,1.2999999523162842,1.2999999523162842,1300.0
2024-04-24 14:06:00,Z,43.560001373291016,43.560001373291016,43.56999969482422,43.560001373291016,43.56999969482422,1072.0
2024-04-24 14:06:00,ZI,15.824999809265137,15.824999809265137,15.824999809265137,15.824999809265137,15.824999809265137,1741.0
2024-04-24 14:06:00,ZION,42.17499923706055,42.17499923706055,42.185001373291016,42.16999816894531,42.17499923706055,7181.0
2024-04-24 14:06:00,ZM,61.439998626708984,61.439998626708984,61.459999084472656,61.439998626708984,61.45009994506836,3746.0
2024-04-24 14:06:00,ZNTL,11.694999694824219,11.694999694824219,11.694999694824219,11.694999694824219,11.694999694824219,850.0
2024-04-24 14:06:00,ZURA,3.190000057220459,3.190000057220459,3.2100000381469727,3.150599956512451,3.174999952316284,9647.0
2024-04-24 14:06:00,ZYME,8.600000381469727,8.600000381469727,8.600000381469727,8.600000381469727,8.600000381469727,615.0
2024-04-24 14:06:00,ZYXI,11.350000381469727,11.350000381469727,11.350000381469727,11.350000381469727,11.350000381469727,382.0
2024-04-24 14:07:00,COCO,24.329999923706055,24.329999923706055,24.329999923706055,24.329999923706055,24.329999923706055,590.0
2024-04-24 14:07:00,EGHT,2.359999895095825,2.359999895095825,2.359999895095825,2.3499999046325684,2.3499999046325684,5637.0
2024-04-24 14:07:00,ETNB,8.609999656677246,8.609999656677246,8.609999656677246,8.600000381469727,8.600000381469727,1164.0
2024-04-24 14:07:00,FLWS,9.140000343322754,9.140000343322754,9.149999618530273,9.130000114440918,9.149999618530273,2140.0
2024-04-24 14:07:00,MAPS,1.100000023841858,1.100000023841858,1.100000023841858,1.100000023841858,1.100000023841858,200.0
2024-04-24 14:07:00,ME,0.4722000062465668,0.4722000062465668,0.4722999930381775,0.4722000062465668,0.4722999930381775,656.0
2024-04-24 14:07:00,TSVT,4.335000038146973,4.335000038146973,4.340000152587891,4.329999923706055,4.340000152587891,3093.0
2024-04-24 14:07:00,TWOU,0.23909999430179596,0.23909999430179596,0.23909999430179596,0.2386000007390976,0.2386000007390976,1594.0
2024-04-24 14:07:00,VABK,24.489999771118164,24.489999771118164,24.600000381469727,24.489999771118164,24.600000381469727,811.0
2024-04-24 14:07:00,VC,110.76000213623047,110.76000213623047,110.76000213623047,110.76000213623047,110.76000213623047,137.0
2024-04-24 14:07:00,VCTR,49.720001220703125,49.720001220703125,49.720001220703125,49.720001220703125,49.720001220703125,487.0
2024-04-24 14:07:00,VERU,1.3464000225067139,1.3464000225067139,1.3464000225067139,1.340000033378601,1.340000033378601,1200.0
2024-04-24 14:07:00,VERX,29.149999618530273,29.149999618530273,29.149999618530273,29.1200008392334,29.1299991607666,1397.0
2024-04-24 14:07:00,VFF,1.3200000524520874,1.3200000524520874,1.3200000524520874,1.309999942779541,1.309999942779541,2835.0
2024-04-24 14:07:00,VICR,31.889999389648438,31.889999389648438,31.889999389648438,31.81999969482422,31.81999969482422,3125.0
2024-04-24 14:07:00,VIR,8.15999984741211,8.15999984741211,8.15999984741211,8.149999618530273,8.15999984741211,1179.0
2024-04-24 14:07:00,VIRC,10.699999809265137,10.699999809265137,10.699999809265137,10.699999809265137,10.699999809265137,254.0
2024-04-24 14:07:00,VIRT,22.530000686645508,22.530000686645508,22.565000534057617,22.530000686645508,22.565000534057617,2667.0
2024-04-24 14:07:00,VKTX,65.4000015258789,65.4000015258789,65.47000122070312,65.4000015258789,65.47000122070312,1733.0
2024-04-24 14:07:00,VMD,7.980000019073486,7.980000019073486,7.985000133514404,7.980000019073486,7.985000133514404,512.0
2024-04-24 14:07:00,VMEO,3.5350000858306885,3.5350000858306885,3.5350000858306885,3.5350000858306885,3.5350000858306885,1450.0
2024-04-24 14:07:00,VNET,1.5399999618530273,1.5399999618530273,1.5399999618530273,1.5399999618530273,1.5399999618530273,352.0
2024-04-24 14:07:00,VNOM,39.95000076293945,39.95000076293945,39.98500061035156,39.95000076293945,39.98500061035156,2606.0
2024-04-24 14:07:00,VOD,8.614999771118164,8.614999771118164,8.614999771118164,8.609999656677246,8.614999771118164,25587.0
2024-04-24 14:07:00,VRDN,13.28499984741211,13.28499984741211,13.290800094604492,13.28499984741211,13.290800094604492,469.0
2024-04-24 14:07:00,VRRM,24.274999618530273,24.274999618530273,24.280000686645508,24.270000457763672,24.280000686645508,1488.0
2024-04-24 14:07:00,VRTX,401.125,401.125,401.125,401.0299987792969,401.0799865722656,1876.0
2024-04-24 14:07:00,VSAT,16.280000686645508,16.280000686645508,16.290000915527344,16.280000686645508,16.290000915527344,396.0
2024-04-24 14:07:00,VTNR,1.4450000524520874,1.4450000524520874,1.4494999647140503,1.4450000524520874,1.4450000524520874,5217.0
2024-04-24 14:07:00,VTRS,11.449999809265137,11.449999809265137,11.449999809265137,11.444999694824219,11.444999694824219,1759.0
2024-04-24 14:07:00,VUZI,1.3049999475479126,1.3049999475479126,1.309999942779541,1.3049999475479126,1.309999942779541,4423.0
2024-04-24 14:07:00,VYGR,7.53000020980835,7.53000020980835,7.534999847412109,7.53000020980835,7.534999847412109,908.0
2024-04-24 14:07:00,WAFD,28.06999969482422,28.06999969482422,28.079999923706055,28.06999969482422,28.079999923706055,1389.0
2024-04-24 14:07:00,WASH,26.139999389648438,26.139999389648438,26.18000030517578,26.139999389648438,26.18000030517578,519.0
2024-04-24 14:07:00,WB,8.335000038146973,8.335000038146973,8.335000038146973,8.335000038146973,8.335000038146973,319.0
2024-04-24 14:07:00,WBA,17.719999313354492,17.719999313354492,17.725000381469727,17.719999313354492,17.725000381469727,1648.0
2024-04-24 14:07:00,WBD,8.324999809265137,8.324999809265137,8.324999809265137,8.319999694824219,8.320099830627441,8530.0
2024-04-24 14:07:00,WDAY,256.29998779296875,256.29998779296875,256.3900146484375,256.1499938964844,256.29998779296875,3150.0
2024-04-24 14:07:00,WDC,69.16500091552734,69.16500091552734,69.2300033569336,69.16000366210938,69.2300033569336,3278.0
2024-04-24 14:07:00,WEN,19.829999923706055,19.829999923706055,19.8700008392334,19.829999923706055,19.8700008392334,5776.0
2024-04-24 14:07:00,WERN,35.16999816894531,35.16999816894531,35.16999816894531,35.16999816894531,35.16999816894531,424.0
2024-04-24 14:07:00,WFRD,122.5999984741211,122.5999984741211,122.66999816894531,122.54499816894531,122.63500213623047,4719.0
2024-04-24 14:07:00,WHF,12.880000114440918,12.880000114440918,12.885000228881836,12.869999885559082,12.869999885559082,1263.0
2024-04-24 14:07:00,WHLM,6.537099838256836,6.537099838256836,6.537099838256836,6.537099838256836,6.537099838256836,3081.0
2024-04-24 14:07:00,WIMI,1.031000018119812,1.031000018119812,1.038699984550476,1.0299999713897705,1.0299999713897705,1759.0
2024-04-24 14:07:00,WISA,5.934999942779541,5.934999942779541,5.934999942779541,5.934500217437744,5.934500217437744,1425.0
2024-04-24 14:07:00,WKHS,0.16269999742507935,0.16269999742507935,0.16329999268054962,0.16269999742507935,0.16300000250339508,24148.0
2024-04-24 14:07:00,WLDN,27.979999542236328,27.979999542236328,27.979999542236328,27.979999542236328,27.979999542236328,411.0
2024-04-24 14:07:00,WMG,32.150001525878906,32.150001525878906,32.150001525878906,32.150001525878906,32.150001525878906,684.0
2024-04-24 14:07:00,WSBC,28.0,28.0,28.040000915527344,28.0,28.040000915527344,784.0
2024-04-24 14:07:00,WSC,38.0,38.0,38.02000045776367,37.959999084472656,38.02000045776367,9267.0
2024-04-24 14:07:00,WSFS,44.56999969482422,44.56999969482422,44.59000015258789,44.56999969482422,44.59000015258789,1695.0
2024-04-24 14:07:00,WTW,264.5299987792969,264.5299987792969,264.5299987792969,264.489990234375,264.489990234375,2283.0
2024-04-24 14:07:00,WVE,5.195000171661377,5.195000171661377,5.204999923706055,5.190000057220459,5.199999809265137,4774.0
2024-04-24 14:07:00,WW,1.6649999618530273,1.6649999618530273,1.6699999570846558,1.6649999618530273,1.6698999404907227,7833.0
2024-04-24 14:07:00,WWD,149.24249267578125,149.24249267578125,149.60000610351562,149.24249267578125,149.60000610351562,9817.0
2024-04-24 14:07:00,WYNN,96.83999633789062,96.83999633789062,96.93499755859375,96.83999633789062,96.93499755859375,3773.0
2024-04-24 14:07:00,XBIT,8.100000381469727,8.100000381469727,8.100000381469727,8.100000381469727,8.100000381469727,160.0
2024-04-24 14:07:00,XEL,55.44499969482422,55.44499969482422,55.46500015258789,55.44499969482422,55.46500015258789,4334.0
2024-04-24 14:07:00,XERS,1.7649999856948853,1.7649999856948853,1.7649999856948853,1.7649999856948853,1.7649999856948853,1269.0
2024-04-24 14:07:00,XNCR,18.875,18.875,18.90999984741211,18.8700008392334,18.875,13869.0
2024-04-24 14:07:00,XP,20.5049991607666,20.5049991607666,20.514999389648438,20.5,20.514999389648438,3089.0
2024-04-24 14:07:00,XRX,14.375,14.375,14.380000114440918,14.369999885559082,14.369999885559082,2962.0
2024-04-24 14:07:00,XXII,1.9200999736785889,1.9200999736785889,1.9299999475479126,1.9199999570846558,1.9199999570846558,18711.0
2024-04-24 14:07:00,Z,43.54999923706055,43.54999923706055,43.56999969482422,43.54999923706055,43.54999923706055,3685.0
2024-04-24 14:07:00,ZD,51.779998779296875,51.779998779296875,51.779998779296875,51.779998779296875,51.779998779296875,436.0
2024-04-24 14:07:00,ZG,43.02000045776367,43.02000045776367,43.02000045776367,43.02000045776367,43.02000045776367,1007.0
2024-04-24 14:07:00,ZI,15.819999694824219,15.819999694824219,15.819999694824219,15.8149995803833,15.819999694824219,4629.0
2024-04-24 14:07:00,ZIMV,15.770000457763672,15.770000457763672,15.8100004196167,15.770000457763672,15.8100004196167,2928.0
2024-04-24 14:07:00,ZION,42.119998931884766,42.119998931884766,42.154998779296875,42.119998931884766,42.154998779296875,2034.0
2024-04-24 14:07:00,ZLAB,15.545000076293945,15.545000076293945,15.545000076293945,15.539999961853027,15.539999961853027,608.0
2024-04-24 14:07:00,ZM,61.42499923706055,61.42499923706055,61.43000030517578,61.41999816894531,61.43000030517578,4089.0
2024-04-24 14:07:00,ZS,178.0500030517578,178.0500030517578,178.2449951171875,178.0500030517578,178.2449951171875,3823.0
2024-04-24 14:07:00,ZVRA,4.550000190734863,4.550000190734863,4.550000190734863,4.550000190734863,4.550000190734863,907.0
2024-04-24 14:07:00,ZYME,8.609999656677246,8.609999656677246,8.609999656677246,8.600000381469727,8.600000381469727,1140.0
2024-04-24 14:07:00,ZYXI,11.34000015258789,11.34000015258789,11.34000015258789,11.34000015258789,11.34000015258789,108.0
2024-04-24 14:08:00,COCO,24.350000381469727,24.350000381469727,24.350000381469727,24.34000015258789,24.34000015258789,1167.0
2024-04-24 14:08:00,DIBS,5.394999980926514,5.394999980926514,5.394999980926514,5.394999980926514,5.394999980926514,121.0
2024-04-24 14:08:00,DSP,8.53499984741211,8.53499984741211,8.53499984741211,8.53499984741211,8.53499984741211,265.0
2024-04-24 14:08:00,EGHT,2.3550000190734863,2.3550000190734863,2.3550000190734863,2.3550000190734863,2.3550000190734863,352.0
2024-04-24 14:08:00,FREE,4.820000171661377,4.820000171661377,4.820000171661377,4.820000171661377,4.820000171661377,222.0
2024-04-24 14:08:00,MAPS,1.090000033378601,1.090000033378601,1.090000033378601,1.090000033378601,1.090000033378601,727.0
2024-04-24 14:08:00,TSVT,4.329999923706055,4.329999923706055,4.329999923706055,4.329999923706055,4.329999923706055,334.0
2024-04-24 14:08:00,TWOU,0.23909999430179596,0.23909999430179596,0.23909999430179596,0.23899999260902405,0.23909999430179596,1847.0
2024-04-24 14:08:00,TXG,27.3799991607666,27.3799991607666,27.3799991607666,27.34000015258789,27.34000015258789,2792.0
2024-04-24 14:08:00,VC,110.79000091552734,110.79000091552734,110.79000091552734,110.69000244140625,110.69000244140625,329.0
2024-04-24 14:08:00,VCTR,49.720001220703125,49.720001220703125,49.720001220703125,49.720001220703125,49.720001220703125,610.0
2024-04-24 14:08:00,VERU,1.350000023841858,1.350000023841858,1.350000023841858,1.340000033378601,1.350000023841858,915.0
2024-04-24 14:08:00,VERV,6.635000228881836,6.635000228881836,6.650000095367432,6.635000228881836,6.635000228881836,3271.0
2024-04-24 14:08:00,VERX,29.21500015258789,29.21500015258789,29.21500015258789,29.170000076293945,29.170000076293945,2312.0
2024-04-24 14:08:00,VFS,2.469899892807007,2.469899892807007,2.469899892807007,2.469899892807007,2.469899892807007,690.0
2024-04-24 14:08:00,VIAV,7.989999771118164,7.989999771118164,7.989999771118164,7.980000019073486,7.982699871063232,852.0
2024-04-24 14:08:00,VICR,31.90999984741211,31.90999984741211,31.90999984741211,31.829999923706055,31.829999923706055,1252.0
2024-04-24 14:08:00,VIR,8.149999618530273,8.149999618530273,8.149999618530273,8.149999618530273,8.149999618530273,636.0
2024-04-24 14:08:00,VIRT,22.540000915527344,22.540000915527344,22.540000915527344,22.520000457763672,22.524999618530273,1227.0
2024-04-24 14:08:00,VIVK,1.4900000095367432,1.4900000095367432,1.4900000095367432,1.4859999418258667,1.4859999418258667,315.0
2024-04-24 14:08:00,VKTX,65.44000244140625,65.44000244140625,65.45999908447266,65.37000274658203,65.4000015258789,3992.0
2024-04-24 14:08:00,VLCN,0.25870001316070557,0.25870001316070557,0.25870001316070557,0.25870001316070557,0.25870001316070557,11316.0
2024-04-24 14:08:00,VMD,7.980000019073486,7.980000019073486,7.980000019073486,7.980000019073486,7.980000019073486,845.0
2024-04-24 14:08:00,VMEO,3.5350000858306885,3.5350000858306885,3.5350000858306885,3.5350000858306885,3.5350000858306885,797.0
2024-04-24 14:08:00,VNET,1.5449999570846558,1.5449999570846558,1.5449999570846558,1.5449999570846558,1.5449999570846558,239.0
2024-04-24 14:08:00,VNOM,39.95000076293945,39.95000076293945,39.95000076293945,39.935001373291016,39.935001373291016,1081.0
2024-04-24 14:08:00,VOD,8.614999771118164,8.614999771118164,8.617500305175781,8.609999656677246,8.609999656677246,4420.0
2024-04-24 14:08:00,VRDN,13.279999732971191,13.279999732971191,13.279999732971191,13.279999732971191,13.279999732971191,120.0
2024-04-24 14:08:00,VRRM,24.299999237060547,24.299999237060547,24.299999237060547,24.280000686645508,24.280000686645508,3336.0
2024-04-24 14:08:00,VSAT,16.270000457763672,16.270000457763672,16.280000686645508,16.270000457763672,16.280000686645508,718.0
2024-04-24 14:08:00,VTNR,1.440000057220459,1.440000057220459,1.440000057220459,1.4299999475479126,1.440000057220459,9950.0
2024-04-24 14:08:00,VTRS,11.449999809265137,11.449999809265137,11.449999809265137,11.449999809265137,11.449999809265137,976.0
2024-04-24 14:08:00,VUZI,1.3092999458312988,1.3092999458312988,1.3092999458312988,1.3092999458312988,1.3092999458312988,744.0
2024-04-24 14:08:00,WAFD,28.110000610351562,28.110000610351562,28.110000610351562,28.079999923706055,28.09000015258789,1864.0
2024-04-24 14:08:00,WASH,26.219999313354492,26.219999313354492,26.219999313354492,26.219999313354492,26.219999313354492,495.0
2024-04-24 14:08:00,WB,8.345000267028809,8.345000267028809,8.345000267028809,8.329999923706055,8.329999923706055,3609.0
2024-04-24 14:08:00,WBA,17.735000610351562,17.735000610351562,17.735000610351562,17.709999084472656,17.725000381469727,23818.0
2024-04-24 14:08:00,WBD,8.324999809265137,8.324999809265137,8.324999809265137,8.320099830627441,8.320099830627441,1563.0
2024-04-24 14:08:00,WDAY,256.510009765625,256.510009765625,256.510009765625,256.3349914550781,256.3349914550781,1105.0
2024-04-24 14:08:00,WDC,69.25,69.25,69.25,69.16999816894531,69.16999816894531,3513.0
2024-04-24 14:08:00,WEN,19.854999542236328,19.854999542236328,19.860000610351562,19.834999084472656,19.834999084472656,12956.0
2024-04-24 14:08:00,WERN,35.209999084472656,35.209999084472656,35.209999084472656,35.20500183105469,35.209999084472656,957.0
2024-04-24 14:08:00,WFRD,122.65499877929688,122.65499877929688,122.70999908447266,122.62000274658203,122.62000274658203,1802.0
2024-04-24 14:08:00,WIMI,1.034999966621399,1.034999966621399,1.0383000373840332,1.034999966621399,1.034999966621399,5962.0
2024-04-24 14:08:00,WING,365.20001220703125,365.20001220703125,365.20001220703125,365.20001220703125,365.20001220703125,1037.0
2024-04-24 14:08:00,WISA,5.930300235748291,5.930300235748291,5.93149995803833,5.930300235748291,5.93149995803833,1183.0
2024-04-24 14:08:00,WKHS,0.16300000250339508,0.16300000250339508,0.163100004196167,0.16220000386238098,0.163100004196167,2409.0
2024-04-24 14:08:00,WLGS,0.5730000138282776,0.5730000138282776,0.5730000138282776,0.5730000138282776,0.5730000138282776,94.0
2024-04-24 14:08:00,WMG,32.18000030517578,32.18000030517578,32.189998626708984,32.154998779296875,32.16999816894531,1485.0
2024-04-24 14:08:00,WSBC,28.040000915527344,28.040000915527344,28.040000915527344,28.0,28.0,1814.0
2024-04-24 14:08:00,WSC,38.0099983215332,38.0099983215332,38.0099983215332,37.9900016784668,37.9900016784668,880.0
2024-04-24 14:08:00,WTFC,99.97000122070312,99.97000122070312,99.97000122070312,99.97000122070312,99.97000122070312,130.0
2024-04-24 14:08:00,WVE,5.190000057220459,5.190000057220459,5.190000057220459,5.190000057220459,5.190000057220459,150.0
2024-04-24 14:08:00,WW,1.659999966621399,1.659999966621399,1.659999966621399,1.659999966621399,1.659999966621399,119.0
2024-04-24 14:08:00,WWD,149.27999877929688,149.27999877929688,149.33999633789062,149.2050018310547,149.23500061035156,2260.0
2024-04-24 14:08:00,WYNN,96.9000015258789,96.9000015258789,96.9000015258789,96.86000061035156,96.86000061035156,1372.0
2024-04-24 14:08:00,XBIT,8.130000114440918,8.130000114440918,8.130000114440918,8.130000114440918,8.130000114440918,1430.0
2024-04-24 14:08:00,XEL,55.46500015258789,55.46500015258789,55.470001220703125,55.44499969482422,55.44499969482422,10516.0
2024-04-24 14:08:00,XENE,39.95000076293945,39.95000076293945,39.95000076293945,39.95000076293945,39.95000076293945,581.0
2024-04-24 14:08:00,XFOR,1.2549999952316284,1.2549999952316284,1.2598999738693237,1.2549999952316284,1.2549999952316284,10510.0
2024-04-24 14:08:00,XMTR,17.010000228881836,17.010000228881836,17.010000228881836,17.010000228881836,17.010000228881836,897.0
2024-04-24 14:08:00,XNCR,18.90999984741211,18.90999984741211,18.90999984741211,18.8799991607666,18.899999618530273,9370.0
2024-04-24 14:08:00,XP,20.545000076293945,20.545000076293945,20.545000076293945,20.5049991607666,20.5049991607666,4981.0
2024-04-24 14:08:00,XPEL,55.02000045776367,55.02000045776367,55.02000045776367,55.02000045776367,55.02000045776367,1883.0
2024-04-24 14:08:00,XRX,14.364999771118164,14.364999771118164,14.380000114440918,14.364999771118164,14.375,17923.0
2024-04-24 14:08:00,XXII,1.8889000415802002,1.8889000415802002,1.8946000337600708,1.8300000429153442,1.8946000337600708,30362.0
2024-04-24 14:08:00,YMAB,15.225000381469727,15.225000381469727,15.225000381469727,15.225000381469727,15.225000381469727,289.0
2024-04-24 14:08:00,Z,43.599998474121094,43.599998474121094,43.599998474121094,43.59000015258789,43.59000015258789,413.0
2024-04-24 14:08:00,ZBRA,277.1600036621094,277.1600036621094,277.30499267578125,277.1600036621094,277.2799987792969,1166.0
2024-04-24 14:08:00,ZG,43.08000183105469,43.08000183105469,43.08000183105469,43.04999923706055,43.04999923706055,630.0
2024-04-24 14:08:00,ZI,15.829999923706055,15.829999923706055,15.829999923706055,15.824999809265137,15.824999809265137,4180.0
2024-04-24 14:08:00,ZION,42.18000030517578,42.18000030517578,42.18000030517578,42.119998931884766,42.119998931884766,2351.0
2024-04-24 14:08:00,ZLAB,15.529999732971191,15.529999732971191,15.529999732971191,15.529999732971191,15.529999732971191,268.0
2024-04-24 14:08:00,ZM,61.494998931884766,61.494998931884766,61.494998931884766,61.415000915527344,61.415000915527344,5737.0
2024-04-24 14:08:00,ZS,178.2100067138672,178.2100067138672,178.2100067138672,178.1230010986328,178.13999938964844,4269.0
2024-04-24 14:08:00,ZUMZ,17.299999237060547,17.299999237060547,17.299999237060547,17.299999237060547,17.299999237060547,480.0
2024-04-24 14:08:00,ZURA,3.1700000762939453,3.1700000762939453,3.180000066757202,3.1700000762939453,3.180000066757202,4222.0
2024-04-24 14:08:00,ZVSA,0.6069999933242798,0.6069999933242798,0.6069999933242798,0.6069999933242798,0.6069999933242798,375.0
2024-04-24 14:08:00,ZYXI,11.335000038146973,11.335000038146973,11.335000038146973,11.325400352478027,11.325400352478027,1527.0
2024-04-24 14:09:00,DIBS,5.400000095367432,5.400000095367432,5.400000095367432,5.400000095367432,5.400000095367432,1041.0
2024-04-24 14:09:00,DSP,8.609999656677246,8.609999656677246,8.609999656677246,8.569999694824219,8.569999694824219,1617.0
2024-04-24 14:09:00,FEAM,1.159999966621399,1.159999966621399,1.159999966621399,1.159999966621399,1.159999966621399,46.0
2024-04-24 14:09:00,FLWS,9.140000343322754,9.140000343322754,9.140000343322754,9.140000343322754,9.140000343322754,1123.0
2024-04-24 14:09:00,HOWL,6.46999979019165,6.46999979019165,6.46999979019165,6.46999979019165,6.46999979019165,493.0
2024-04-24 14:09:00,MAPS,1.090000033378601,1.090000033378601,1.100000023841858,1.090000033378601,1.100000023841858,400.0
2024-04-24 14:09:00,MAPSW,0.059300001710653305,0.059300001710653305,0.059300001710653305,0.059300001710653305,0.059300001710653305,200.0
2024-04-24 14:09:00,MASS,5.679999828338623,5.679999828338623,5.679999828338623,5.679999828338623,5.679999828338623,639.0
2024-04-24 14:09:00,ME,0.4722000062465668,0.4722000062465668,0.4722000062465668,0.4722000062465668,0.4722000062465668,805.0
2024-04-24 14:09:00,SEAT,5.880000114440918,5.880000114440918,5.880000114440918,5.875,5.877999782562256,4955.0
2024-04-24 14:09:00,SRCE,50.63999938964844,50.63999938964844,50.63999938964844,50.63999938964844,50.63999938964844,1719.0
2024-04-24 14:09:00,TWOU,0.23899999260902405,0.23899999260902405,0.23899999260902405,0.23899999260902405,0.23899999260902405,1800.0
2024-04-24 14:09:00,TXG,27.3799991607666,27.3799991607666,27.3799991607666,27.3799991607666,27.3799991607666,955.0
2024-04-24 14:09:00,VCTR,49.79999923706055,49.79999923706055,49.79999923706055,49.72999954223633,49.72999954223633,2214.0
2024-04-24 14:09:00,VERU,1.3424999713897705,1.3424999713897705,1.350000023841858,1.340000033378601,1.340000033378601,1450.0
2024-04-24 14:09:00,VERV,6.635000228881836,6.635000228881836,6.635000228881836,6.635000228881836,6.635000228881836,444.0
2024-04-24 14:09:00,VERX,29.190000534057617,29.190000534057617,29.25,29.190000534057617,29.25,518.0
2024-04-24 14:09:00,VFS,2.4600000381469727,2.4600000381469727,2.4600000381469727,2.4600000381469727,2.4600000381469727,7330.0
2024-04-24 14:09:00,VIAV,7.980000019073486,7.980000019073486,7.980000019073486,7.980000019073486,7.980000019073486,297.0
2024-04-24 14:09:00,VICR,31.8799991607666,31.8799991607666,31.8799991607666,31.8799991607666,31.8799991607666,200.0
2024-04-24 14:09:00,VIRT,22.569400787353516,22.569400787353516,22.569400787353516,22.549999237060547,22.549999237060547,1015.0
2024-04-24 14:09:00,VITL,26.920000076293945,26.920000076293945,26.920000076293945,26.850000381469727,26.850000381469727,3792.0
2024-04-24 14:09:00,VKTX,65.44000244140625,65.44000244140625,65.44999694824219,65.43000030517578,65.43000030517578,1356.0
2024-04-24 14:09:00,VLGEA,27.299999237060547,27.299999237060547,27.299999237060547,27.299999237060547,27.299999237060547,1961.0
2024-04-24 14:09:00,VNOM,39.85499954223633,39.85499954223633,39.95000076293945,39.84000015258789,39.95000076293945,4351.0
2024-04-24 14:09:00,VOD,8.616000175476074,8.616000175476074,8.619999885559082,8.614999771118164,8.619999885559082,6957.0
2024-04-24 14:09:00,VOXR,2.0899999141693115,2.0899999141693115,2.0899999141693115,2.0899999141693115,2.0899999141693115,200.0
2024-04-24 14:09:00,VRDN,13.279999732971191,13.279999732971191,13.279999732971191,13.279999732971191,13.279999732971191,436.0
2024-04-24 14:09:00,VRRM,24.295000076293945,24.295000076293945,24.30500030517578,24.295000076293945,24.30500030517578,2585.0
2024-04-24 14:09:00,VRTX,401.260009765625,401.260009765625,401.260009765625,401.25,401.25,1569.0
2024-04-24 14:09:00,VSAT,16.260000228881836,16.260000228881836,16.260000228881836,16.260000228881836,16.260000228881836,150.0
2024-04-24 14:09:00,VTNR,1.434999942779541,1.434999942779541,1.4450000524520874,1.4316999912261963,1.4399000406265259,20813.0
2024-04-24 14:09:00,VTRS,11.454999923706055,11.454999923706055,11.460000038146973,11.440099716186523,11.449999809265137,16694.0
2024-04-24 14:09:00,VUZI,1.3049999475479126,1.3049999475479126,1.3049999475479126,1.3049999475479126,1.3049999475479126,600.0
2024-04-24 14:09:00,VWE,0.27649998664855957,0.27649998664855957,0.2930000126361847,0.2549999952316284,0.27230000495910645,22240.0
2024-04-24 14:09:00,VYGR,7.510000228881836,7.510000228881836,7.510000228881836,7.510000228881836,7.510000228881836,462.0
2024-04-24 14:09:00,WABC,47.42499923706055,47.42499923706055,47.4900016784668,47.42499923706055,47.439998626708984,1485.0
2024-04-24 14:09:00,WAFD,28.1299991607666,28.1299991607666,28.149999618530273,28.1299991607666,28.139999389648438,1527.0
2024-04-24 14:09:00,WBA,17.729999542236328,17.729999542236328,17.739999771118164,17.729999542236328,17.735000610351562,6998.0
2024-04-24 14:09:00,WBD,8.335000038146973,8.335000038146973,8.34000015258789,8.324999809265137,8.324999809265137,46941.0
2024-04-24 14:09:00,WDAY,256.6700134277344,256.6700134277344,256.6700134277344,256.6700134277344,256.6700134277344,101.0
2024-04-24 14:09:00,WDC,69.2699966430664,69.2699966430664,69.29000091552734,69.26000213623047,69.26000213623047,3585.0
2024-04-24 14:09:00,WEN,19.854999542236328,19.854999542236328,19.860000610351562,19.854999542236328,19.854999542236328,2165.0
2024-04-24 14:09:00,WFRD,122.94999694824219,122.94999694824219,122.94999694824219,122.87000274658203,122.87999725341797,2484.0
2024-04-24 14:09:00,WIMI,1.0399999618530273,1.0399999618530273,1.0399999618530273,1.0300999879837036,1.0300999879837036,76185.0
2024-04-24 14:09:00,WING,366.32989501953125,366.32989501953125,366.32989501953125,365.6099853515625,365.6099853515625,1039.0
2024-04-24 14:09:00,WISA,5.900000095367432,5.900000095367432,5.914999961853027,5.900000095367432,5.914999961853027,4136.0
2024-04-24 14:09:00,WIX,122.06999969482422,122.06999969482422,122.11000061035156,122.06999969482422,122.06999969482422,2477.0
2024-04-24 14:09:00,WKHS,0.16300000250339508,0.16300000250339508,0.16300000250339508,0.16220000386238098,0.16220000386238098,5326.0
2024-04-24 14:09:00,WKSP,0.38999998569488525,0.38999998569488525,0.38999998569488525,0.38999998569488525,0.38999998569488525,0.0
2024-04-24 14:09:00,WMG,32.18000030517578,32.18000030517578,32.19499969482422,32.18000030517578,32.19499969482422,1674.0
2024-04-24 14:09:00,WSBC,28.06999969482422,28.06999969482422,28.06999969482422,28.06999969482422,28.06999969482422,1058.0
2024-04-24 14:09:00,WSBF,12.140000343322754,12.140000343322754,12.140000343322754,12.140000343322754,12.140000343322754,136.0
2024-04-24 14:09:00,WSC,38.04999923706055,38.04999923706055,38.060001373291016,38.02000045776367,38.02000045776367,4016.0
2024-04-24 14:09:00,WTFC,99.9800033569336,99.9800033569336,99.9800033569336,99.9800033569336,99.9800033569336,1012.0
2024-04-24 14:09:00,WVE,5.199999809265137,5.199999809265137,5.199999809265137,5.199999809265137,5.199999809265137,205.0
2024-04-24 14:09:00,WW,1.6749999523162842,1.6749999523162842,1.6799999475479126,1.6649999618530273,1.6699999570846558,12819.0
2024-04-24 14:09:00,WWD,149.44000244140625,149.44000244140625,149.44000244140625,149.25999450683594,149.25999450683594,1426.0
2024-04-24 14:09:00,WYNN,96.8949966430664,96.8949966430664,96.97000122070312,96.8949966430664,96.91999816894531,2316.0
2024-04-24 14:09:00,XBIT,8.100000381469727,8.100000381469727,8.180000305175781,8.079999923706055,8.180000305175781,12448.0
2024-04-24 14:09:00,XEL,55.44499969482422,55.44499969482422,55.470001220703125,55.44499969482422,55.46500015258789,18641.0
2024-04-24 14:09:00,XENE,40.03499984741211,40.03499984741211,40.040000915527344,40.02000045776367,40.040000915527344,971.0
2024-04-24 14:09:00,XFOR,1.2549999952316284,1.2549999952316284,1.2549999952316284,1.2549999952316284,1.2549999952316284,1051.0
2024-04-24 14:09:00,XNCR,18.950000762939453,18.950000762939453,18.950000762939453,18.899999618530273,18.899999618530273,5415.0
2024-04-24 14:09:00,XP,20.549999237060547,20.549999237060547,20.549999237060547,20.545000076293945,20.545000076293945,2694.0
2024-04-24 14:09:00,XRX,14.390000343322754,14.390000343322754,14.390000343322754,14.369999885559082,14.369999885559082,4154.0
2024-04-24 14:09:00,YORW,35.679100036621094,35.679100036621094,35.679100036621094,35.679100036621094,35.679100036621094,364.0
2024-04-24 14:09:00,YTEN,0.23000000417232513,0.23000000417232513,0.23000000417232513,0.23000000417232513,0.23000000417232513,0.0
2024-04-24 14:09:00,YTRA,1.2999999523162842,1.2999999523162842,1.2999999523162842,1.2999999523162842,1.2999999523162842,101.0
2024-04-24 14:09:00,Z,43.61000061035156,43.61000061035156,43.6349983215332,43.61000061035156,43.630001068115234,2994.0
2024-04-24 14:09:00,ZBRA,277.37249755859375,277.37249755859375,277.37249755859375,277.2449951171875,277.2449951171875,1210.0
2024-04-24 14:09:00,ZD,51.81999969482422,51.81999969482422,51.81999969482422,51.81999969482422,51.81999969482422,1146.0
2024-04-24 14:09:00,ZG,43.1349983215332,43.1349983215332,43.1349983215332,43.1349983215332,43.1349983215332,741.0
2024-04-24 14:09:00,ZION,42.209999084472656,42.209999084472656,42.220001220703125,42.189998626708984,42.189998626708984,3211.0
2024-04-24 14:09:00,ZLAB,15.529999732971191,15.529999732971191,15.529999732971191,15.524999618530273,15.524999618530273,311.0
2024-04-24 14:09:00,ZM,61.48500061035156,61.48500061035156,61.5,61.470001220703125,61.494998931884766,4428.0
2024-04-24 14:09:00,ZS,178.3101043701172,178.3101043701172,178.4199981689453,178.3101043701172,178.4199981689453,1807.0
2024-04-24 14:09:00,ZUMZ,17.31999969482422,17.31999969482422,17.31999969482422,17.309999465942383,17.309999465942383,766.0
2024-04-24 14:09:00,ZURA,3.190000057220459,3.190000057220459,3.25,3.1700000762939453,3.1700000762939453,8032.0
2024-04-24 14:09:00,ZVRA,4.539999961853027,4.539999961853027,4.539999961853027,4.539999961853027,4.539999961853027,202.0
2024-04-24 14:09:00,ZYME,8.600000381469727,8.600000381469727,8.600000381469727,8.600000381469727,8.600000381469727,253.0
2024-04-24 14:10:00,COCO,24.385000228881836,24.385000228881836,24.389999389648438,24.350000381469727,24.36009979248047,2884.0
2024-04-24 14:10:00,DIBS,5.400000095367432,5.400000095367432,5.400000095367432,5.400000095367432,5.400000095367432,765.0
2024-04-24 14:10:00,ETNB,8.609999656677246,8.609999656677246,8.619999885559082,8.600000381469727,8.600000381469727,4552.0
2024-04-24 14:10:00,ME,0.4722000062465668,0.4722000062465668,0.4722999930381775,0.4722000062465668,0.4722999930381775,1478.0
2024-04-24 14:10:00,SEAT,5.894999980926514,5.894999980926514,5.894999980926514,5.889999866485596,5.889999866485596,8718.0
2024-04-24 14:10:00,TKLF,0.22849999368190765,0.22849999368190765,0.22849999368190765,0.22849999368190765,0.22849999368190765,400.0
2024-04-24 14:10:00,TSVT,4.329999923706055,4.329999923706055,4.329999923706055,4.329999923706055,4.329999923706055,402.0
2024-04-24 14:10:00,TWOU,0.23909999430179596,0.23909999430179596,0.23909999430179596,0.23909999430179596,0.23909999430179596,1968.0
2024-04-24 14:10:00,TXG,27.309999465942383,27.309999465942383,27.350000381469727,27.309999465942383,27.350000381469727,1760.0
2024-04-24 14:10:00,VC,110.84500122070312,110.84500122070312,110.84500122070312,110.84500122070312,110.84500122070312,117.0
2024-04-24 14:10:00,VERU,1.350000023841858,1.350000023841858,1.350000023841858,1.3450000286102295,1.3450000286102295,1514.0
2024-04-24 14:10:00,VERV,6.619999885559082,6.619999885559082,6.630000114440918,6.619999885559082,6.630000114440918,5405.0
2024-04-24 14:10:00,VERX,29.21500015258789,29.21500015258789,29.21500015258789,29.21500015258789,29.21500015258789,111.0
2024-04-24 14:10:00,VFS,2.4649999141693115,2.4649999141693115,2.4649999141693115,2.4649999141693115,2.4649999141693115,844.0
2024-04-24 14:10:00,VIAV,7.985000133514404,7.985000133514404,7.985000133514404,7.985000133514404,7.985000133514404,457.0
2024-04-24 14:10:00,VICR,31.8700008392334,31.8700008392334,31.8700008392334,31.84000015258789,31.860000610351562,1376.0
2024-04-24 14:10:00,VIR,8.119999885559082,8.119999885559082,8.140000343322754,8.119999885559082,8.140000343322754,1294.0
2024-04-24 14:10:00,VIRT,22.540000915527344,22.540000915527344,22.565000534057617,22.540000915527344,22.565000534057617,1882.0
2024-04-24 14:10:00,VITL,26.8799991607666,26.8799991607666,26.90999984741211,26.8799991607666,26.90999984741211,1128.0
2024-04-24 14:10:00,VKTX,65.45999908447266,65.45999908447266,65.5,65.44999694824219,65.44999694824219,4052.0
2024-04-24 14:10:00,VMEO,3.5350000858306885,3.5350000858306885,3.5399999618530273,3.5350000858306885,3.5399999618530273,2346.0
2024-04-24 14:10:00,VNOM,39.86000061035156,39.86000061035156,39.86000061035156,39.86000061035156,39.86000061035156,1407.0
2024-04-24 14:10:00,VOD,8.614999771118164,8.614999771118164,8.614999771118164,8.614999771118164,8.614999771118164,1342.0
2024-04-24 14:10:00,VRDN,13.29990005493164,13.29990005493164,13.29990005493164,13.274999618530273,13.279999732971191,3459.0
2024-04-24 14:10:00,VRNA,15.520000457763672,15.520000457763672,15.520000457763672,15.520000457763672,15.520000457763672,197.0
2024-04-24 14:10:00,VRRM,24.280000686645508,24.280000686645508,24.280000686645508,24.280000686645508,24.280000686645508,413.0
2024-04-24 14:10:00,VRTX,401.20001220703125,401.20001220703125,401.20001220703125,401.20001220703125,401.20001220703125,138.0
2024-04-24 14:10:00,VSAT,16.25,16.25,16.25,16.25,16.25,492.0
2024-04-24 14:10:00,VTNR,1.440000057220459,1.440000057220459,1.440000057220459,1.434999942779541,1.4394999742507935,4826.0
2024-04-24 14:10:00,VTRS,11.460000038146973,11.460000038146973,11.460000038146973,11.454999923706055,11.454999923706055,2110.0
2024-04-24 14:10:00,WAFD,28.1299991607666,28.1299991607666,28.1299991607666,28.1299991607666,28.1299991607666,355.0
2024-04-24 14:10:00,WB,8.34000015258789,8.34000015258789,8.345000267028809,8.34000015258789,8.345000267028809,238.0
2024-04-24 14:10:00,WBA,17.725000381469727,17.725000381469727,17.735000610351562,17.719999313354492,17.735000610351562,6174.0
2024-04-24 14:10:00,WBD,8.329999923706055,8.329999923706055,8.33080005645752,8.329999923706055,8.329999923706055,12366.0
2024-04-24 14:10:00,WDAY,256.44000244140625,256.44000244140625,256.6676025390625,256.44000244140625,256.5249938964844,1726.0
2024-04-24 14:10:00,WDC,69.26000213623047,69.26000213623047,69.2699966430664,69.23999786376953,69.26000213623047,4434.0
2024-04-24 14:10:00,WEN,19.834999084472656,19.834999084472656,19.854999542236328,19.829999923706055,19.854999542236328,8509.0
2024-04-24 14:10:00,WERN,35.22999954223633,35.22999954223633,35.22999954223633,35.22999954223633,35.22999954223633,1837.0
2024-04-24 14:10:00,WFRD,122.93000030517578,122.93000030517578,122.93000030517578,122.93000030517578,122.93000030517578,507.0
2024-04-24 14:10:00,WHFCL,25.139999389648438,25.139999389648438,25.139999389648438,25.139999389648438,25.139999389648438,500.0
2024-04-24 14:10:00,WIMI,1.059999942779541,1.059999942779541,1.0700000524520874,1.0377000570297241,1.0399999618530273,139317.0
2024-04-24 14:10:00,WING,366.17999267578125,366.17999267578125,366.17999267578125,366.17999267578125,366.17999267578125,457.0
2024-04-24 14:10:00,WISA,5.949999809265137,5.949999809265137,6.0,5.920000076293945,5.940000057220459,10187.0
2024-04-24 14:10:00,WKHS,0.16200000047683716,0.16200000047683716,0.16300000250339508,0.16200000047683716,0.1623000055551529,10338.0
2024-04-24 14:10:00,WKSPW,0.023900000378489494,0.023900000378489494,0.023900000378489494,0.023900000378489494,0.023900000378489494,0.0
2024-04-24 14:10:00,WMG,32.18000030517578,32.18000030517578,32.18000030517578,32.18000030517578,32.18000030517578,443.0
2024-04-24 14:10:00,WSC,38.01250076293945,38.01250076293945,38.040000915527344,37.9900016784668,38.040000915527344,5881.0
2024-04-24 14:10:00,WSFS,44.779998779296875,44.779998779296875,44.779998779296875,44.779998779296875,44.779998779296875,283.0
2024-04-24 14:10:00,WTW,264.6499938964844,264.6499938964844,264.6499938964844,264.6400146484375,264.6400146484375,412.0
2024-04-24 14:10:00,WVE,5.190000057220459,5.190000057220459,5.190000057220459,5.190000057220459,5.190000057220459,159.0
2024-04-24 14:10:00,WW,1.6699999570846558,1.6699999570846558,1.6749999523162842,1.6699999570846558,1.6749999523162842,17261.0
2024-04-24 14:10:00,WYNN,96.87000274658203,96.87000274658203,96.94000244140625,96.87000274658203,96.91500091552734,1390.0
2024-04-24 14:10:00,XBIT,8.140000343322754,8.140000343322754,8.140000343322754,8.100000381469727,8.110799789428711,900.0
2024-04-24 14:10:00,XEL,55.44499969482422,55.44499969482422,55.459999084472656,55.439998626708984,55.45000076293945,7612.0
2024-04-24 14:10:00,XERS,1.7599999904632568,1.7599999904632568,1.7599999904632568,1.7599999904632568,1.7599999904632568,0.0
2024-04-24 14:10:00,XFOR,1.2549999952316284,1.2549999952316284,1.2549999952316284,1.2549999952316284,1.2549999952316284,391.0
2024-04-24 14:10:00,XNCR,18.950000762939453,18.950000762939453,18.969999313354492,18.920000076293945,18.920000076293945,13440.0
2024-04-24 14:10:00,XP,20.549999237060547,20.549999237060547,20.55500030517578,20.545000076293945,20.549999237060547,4143.0
2024-04-24 14:10:00,XRX,14.399999618530273,14.399999618530273,14.420000076293945,14.390000343322754,14.390000343322754,10273.0
2024-04-24 14:10:00,YTEN,0.23899999260902405,0.23899999260902405,0.23899999260902405,0.23849999904632568,0.23849999904632568,2200.0
2024-04-24 14:10:00,Z,43.61000061035156,43.61000061035156,43.61000061035156,43.61000061035156,43.61000061035156,1162.0
2024-04-24 14:10:00,ZG,43.095001220703125,43.095001220703125,43.095001220703125,43.095001220703125,43.095001220703125,109.0
2024-04-24 14:10:00,ZI,15.835000038146973,15.835000038146973,15.835000038146973,15.835000038146973,15.835000038146973,745.0
2024-04-24 14:10:00,ZION,42.20000076293945,42.20000076293945,42.224998474121094,42.20000076293945,42.20000076293945,8357.0
2024-04-24 14:10:00,ZLAB,15.529999732971191,15.529999732971191,15.529999732971191,15.529999732971191,15.529999732971191,257.0
2024-04-24 14:10:00,ZM,61.47999954223633,61.47999954223633,61.5,61.47999954223633,61.4900016784668,2346.0
2024-04-24 14:10:00,ZNTL,11.65999984741211,11.65999984741211,11.65999984741211,11.65999984741211,11.65999984741211,276.0
2024-04-24 14:10:00,ZS,178.30999755859375,178.30999755859375,178.36000061035156,178.30999755859375,178.36000061035156,840.0
2024-04-24 14:10:00,ZUMZ,17.354999542236328,17.354999542236328,17.3700008392334,17.34000015258789,17.34000015258789,3868.0
2024-04-24 14:10:00,ZVRA,4.548999786376953,4.548999786376953,4.548999786376953,4.548999786376953,4.548999786376953,75.0
2024-04-24 14:11:00,COCO,24.399999618530273,24.399999618530273,24.399999618530273,24.389999389648438,24.389999389648438,377.0
2024-04-24 14:11:00,DIBS,5.394999980926514,5.394999980926514,5.394999980926514,5.394999980926514,5.394999980926514,171.0
2024-04-24 14:11:00,EGHT,2.359999895095825,2.359999895095825,2.359999895095825,2.359999895095825,2.359999895095825,2345.0
2024-04-24 14:11:00,ETNB,8.619999885559082,8.619999885559082,8.619999885559082,8.619999885559082,8.619999885559082,417.0
2024-04-24 14:11:00,HOWL,6.489999771118164,6.489999771118164,6.489999771118164,6.489999771118164,6.489999771118164,1129.0
2024-04-24 14:11:00,MAPS,1.100000023841858,1.100000023841858,1.100000023841858,1.100000023841858,1.100000023841858,100.0
2024-04-24 14:11:00,MASS,5.679999828338623,5.679999828338623,5.679999828338623,5.679999828338623,5.679999828338623,253.0
2024-04-24 14:11:00,ME,0.47209998965263367,0.47209998965263367,0.47209998965263367,0.47209998965263367,0.47209998965263367,1801.0
2024-04-24 14:11:00,SEAT,5.894999980926514,5.894999980926514,5.894999980926514,5.894999980926514,5.894999980926514,655.0
2024-04-24 14:11:00,TSVT,4.324999809265137,4.324999809265137,4.324999809265137,4.324999809265137,4.324999809265137,199.0
2024-04-24 14:11:00,TWOU,0.23909999430179596,0.23909999430179596,0.23909999430179596,0.23909999430179596,0.23909999430179596,700.0
2024-04-24 14:11:00,TXG,27.334999084472656,27.334999084472656,27.334999084472656,27.309999465942383,27.309999465942383,1795.0
2024-04-24 14:11:00,VC,111.12000274658203,111.12000274658203,111.12000274658203,110.93000030517578,110.93000030517578,2822.0
2024-04-24 14:11:00,VERU,1.350000023841858,1.350000023841858,1.350000023841858,1.350000023841858,1.350000023841858,1112.0
2024-04-24 14:11:00,VERV,6.610000133514404,6.610000133514404,6.610000133514404,6.610000133514404,6.610000133514404,261.0
2024-04-24 14:11:00,VERX,29.289899826049805,29.289899826049805,29.289899826049805,29.239999771118164,29.239999771118164,4412.0
2024-04-24 14:11:00,VFS,2.4649999141693115,2.4649999141693115,2.4649999141693115,2.4649999141693115,2.4649999141693115,334.0
2024-04-24 14:11:00,VIAV,7.985000133514404,7.985000133514404,7.985000133514404,7.985000133514404,7.985000133514404,106.0
2024-04-24 14:11:00,VICR,31.799999237060547,31.799999237060547,31.809999465942383,31.799999237060547,31.799999237060547,1466.0
2024-04-24 14:11:00,VIR,8.119999885559082,8.119999885559082,8.119999885559082,8.114999771118164,8.114999771118164,890.0
2024-04-24 14:11:00,VIRC,10.699999809265137,10.699999809265137,10.699999809265137,10.699999809265137,10.699999809265137,265.0
2024-04-24 14:11:00,VIRT,22.520000457763672,22.520000457763672,22.530000686645508,22.514999389648438,22.530000686645508,902.0
2024-04-24 14:11:00,VITL,26.870100021362305,26.870100021362305,26.870100021362305,26.870100021362305,26.870100021362305,1154.0
2024-04-24 14:11:00,VKTX,65.56999969482422,65.56999969482422,65.56999969482422,65.44999694824219,65.47000122070312,5688.0
2024-04-24 14:11:00,VNET,1.5549999475479126,1.5549999475479126,1.559999942779541,1.5449999570846558,1.5449999570846558,12543.0
2024-04-24 14:11:00,VNOM,39.849998474121094,39.849998474121094,39.86000061035156,39.78020095825195,39.849998474121094,2704.0
2024-04-24 14:11:00,VOD,8.617500305175781,8.617500305175781,8.617500305175781,8.614999771118164,8.614999771118164,1087.0
2024-04-24 14:11:00,VOR,1.7549999952316284,1.7549999952316284,1.7549999952316284,1.75,1.75,300.0
2024-04-24 14:11:00,VRNA,15.520000457763672,15.520000457763672,15.520000457763672,15.520000457763672,15.520000457763672,135.0
2024-04-24 14:11:00,VRRM,24.270000457763672,24.270000457763672,24.270000457763672,24.270000457763672,24.270000457763672,743.0
2024-04-24 14:11:00,VRTX,401.04998779296875,401.04998779296875,401.0899963378906,401.04998779296875,401.0899963378906,1364.0
2024-04-24 14:11:00,VSAT,16.239999771118164,16.239999771118164,16.239999771118164,16.229999542236328,16.229999542236328,2498.0
2024-04-24 14:11:00,VTNR,1.4400999546051025,1.4400999546051025,1.4450000524520874,1.4299999475479126,1.434999942779541,21504.0
2024-04-24 14:11:00,VTRS,11.460000038146973,11.460000038146973,11.460000038146973,11.454999923706055,11.454999923706055,971.0
2024-04-24 14:11:00,VUZI,1.3049999475479126,1.3049999475479126,1.309999942779541,1.3049999475479126,1.309999942779541,883.0
2024-04-24 14:11:00,WAFD,28.1200008392334,28.1200008392334,28.1200008392334,28.1200008392334,28.1200008392334,692.0
2024-04-24 14:11:00,WB,8.345000267028809,8.345000267028809,8.345000267028809,8.34000015258789,8.34000015258789,539.0
2024-04-24 14:11:00,WBA,17.719999313354492,17.719999313354492,17.726600646972656,17.719999313354492,17.726600646972656,10491.0
2024-04-24 14:11:00,WBD,8.319999694824219,8.319999694824219,8.324999809265137,8.319999694824219,8.324999809265137,2160.0
2024-04-24 14:11:00,WDAY,256.55499267578125,256.55499267578125,256.55499267578125,256.55499267578125,256.55499267578125,445.0
2024-04-24 14:11:00,WDC,69.31999969482422,69.31999969482422,69.32499694824219,69.23999786376953,69.25,8848.0
2024-04-24 14:11:00,WEN,19.850000381469727,19.850000381469727,19.850000381469727,19.834999084472656,19.834999084472656,5985.0
2024-04-24 14:11:00,WERN,35.22999954223633,35.22999954223633,35.22999954223633,35.220001220703125,35.220001220703125,507.0
2024-04-24 14:11:00,WFRD,123.0,123.0,123.0,122.86499786376953,122.86499786376953,1626.0
2024-04-24 14:11:00,WHLM,6.570000171661377,6.570000171661377,6.570000171661377,6.570000171661377,6.570000171661377,153.0
2024-04-24 14:11:00,WIMI,1.065000057220459,1.065000057220459,1.0700000524520874,1.0499999523162842,1.0699000358581543,65227.0
2024-04-24 14:11:00,WISA,5.980500221252441,5.980500221252441,5.9893999099731445,5.960000038146973,5.9893999099731445,9758.0
2024-04-24 14:11:00,WKHS,0.16189999878406525,0.16189999878406525,0.16249999403953552,0.16189999878406525,0.16249999403953552,4352.0
2024-04-24 14:11:00,WMG,32.15999984741211,32.15999984741211,32.16999816894531,32.15999984741211,32.16999816894531,2239.0
2024-04-24 14:11:00,WSC,38.040000915527344,38.040000915527344,38.040000915527344,38.02000045776367,38.02000045776367,1411.0
2024-04-24 14:11:00,WSFS,44.709999084472656,44.709999084472656,44.709999084472656,44.68000030517578,44.70000076293945,902.0
2024-04-24 14:11:00,WTW,264.69500732421875,264.69500732421875,264.7049865722656,264.69500732421875,264.7049865722656,527.0
2024-04-24 14:11:00,WVE,5.190000057220459,5.190000057220459,5.190000057220459,5.190000057220459,5.190000057220459,445.0
2024-04-24 14:11:00,WWD,149.38999938964844,149.38999938964844,149.38999938964844,149.38999938964844,149.38999938964844,512.0
2024-04-24 14:11:00,WYNN,96.88999938964844,96.88999938964844,96.9000015258789,96.88999938964844,96.9000015258789,1838.0
2024-04-24 14:11:00,XBIT,8.130000114440918,8.130000114440918,8.130000114440918,8.130000114440918,8.130000114440918,1205.0
2024-04-24 14:11:00,XEL,55.39500045776367,55.39500045776367,55.45000076293945,55.39500045776367,55.44499969482422,10884.0
2024-04-24 14:11:00,XERS,1.7649999856948853,1.7649999856948853,1.7649999856948853,1.7649999856948853,1.7649999856948853,6000.0
2024-04-24 14:11:00,XFOR,1.2549999952316284,1.2549999952316284,1.2549999952316284,1.2549999952316284,1.2549999952316284,2400.0
2024-04-24 14:11:00,XMTR,17.018999099731445,17.018999099731445,17.018999099731445,17.018999099731445,17.018999099731445,570.0
2024-04-24 14:11:00,XNCR,18.860000610351562,18.860000610351562,18.940000534057617,18.860000610351562,18.940000534057617,1191.0
2024-04-24 14:11:00,XNET,1.565000057220459,1.565000057220459,1.565000057220459,1.559999942779541,1.5609999895095825,1962.0
2024-04-24 14:11:00,XP,20.55500030517578,20.55500030517578,20.55500030517578,20.55500030517578,20.55500030517578,1968.0
2024-04-24 14:11:00,XRX,14.404999732971191,14.404999732971191,14.40999984741211,14.399999618530273,14.399999618530273,2168.0
2024-04-24 14:11:00,XXII,1.8799999952316284,1.8799999952316284,1.8799999952316284,1.8799999952316284,1.8799999952316284,531.0
2024-04-24 14:11:00,YMAB,15.220000267028809,15.220000267028809,15.220000267028809,15.220000267028809,15.220000267028809,441.0
2024-04-24 14:11:00,YS,0.800000011920929,0.800000011920929,0.800000011920929,0.800000011920929,0.800000011920929,0.0
2024-04-24 14:11:00,YTRA,1.2999999523162842,1.2999999523162842,1.2999999523162842,1.2999999523162842,1.2999999523162842,1400.0
2024-04-24 14:11:00,Z,43.619998931884766,43.619998931884766,43.619998931884766,43.599998474121094,43.599998474121094,1288.0
2024-04-24 14:11:00,ZG,43.11000061035156,43.11000061035156,43.11000061035156,43.06999969482422,43.06999969482422,290.0
2024-04-24 14:11:00,ZI,15.84000015258789,15.84000015258789,15.84000015258789,15.84000015258789,15.84000015258789,1030.0
2024-04-24 14:11:00,ZION,42.18000030517578,42.18000030517578,42.189998626708984,42.18000030517578,42.189998626708984,1509.0
2024-04-24 14:11:00,ZM,61.5,61.5,61.5,61.48500061035156,61.4900016784668,2879.0
2024-04-24 14:11:00,ZNTL,11.6875,11.6875,11.699999809265137,11.680000305175781,11.68910026550293,2178.0
2024-04-24 14:11:00,ZS,178.5500030517578,178.5500030517578,178.5500030517578,178.41000366210938,178.41000366210938,1267.0
2024-04-24 14:11:00,ZUMZ,17.350000381469727,17.350000381469727,17.350000381469727,17.350000381469727,17.350000381469727,629.0
2024-04-24 14:11:00,ZURA,3.180000066757202,3.180000066757202,3.184999942779541,3.1600000858306885,3.1700000762939453,2044.0
2024-04-24 14:11:00,ZVSA,0.6069999933242798,0.6069999933242798,0.6069999933242798,0.6069999933242798,0.6069999933242798,180.0
2024-04-24 14:12:00,AIXI,1.2403000593185425,1.2403000593185425,1.2403000593185425,1.2403000593185425,1.2403000593185425,100.0
2024-04-24 14:12:00,COCO,24.399999618530273,24.399999618530273,24.420000076293945,24.399999618530273,24.420000076293945,428.0
2024-04-24 14:12:00,EGHT,2.3550000190734863,2.3550000190734863,2.3550000190734863,2.3550000190734863,2.3550000190734863,375.0
2024-04-24 14:12:00,ETNB,8.630000114440918,8.630000114440918,8.640000343322754,8.630000114440918,8.630000114440918,1263.0
2024-04-24 14:12:00,FEAM,1.159999966621399,1.159999966621399,1.159999966621399,1.159999966621399,1.159999966621399,290.0
2024-04-24 14:12:00,ME,0.4722000062465668,0.4722000062465668,0.4722000062465668,0.47209998965263367,0.4722000062465668,1366.0
2024-04-24 14:12:00,SEAT,5.900000095367432,5.900000095367432,5.900000095367432,5.894999980926514,5.894999980926514,1391.0
2024-04-24 14:12:00,TSVT,4.289999961853027,4.289999961853027,4.324999809265137,4.289999961853027,4.324999809265137,8320.0
2024-04-24 14:12:00,TWOU,0.23909999430179596,0.23909999430179596,0.23909999430179596,0.23909999430179596,0.23909999430179596,3939.0
2024-04-24 14:12:00,TXG,27.3174991607666,27.3174991607666,27.360000610351562,27.309999465942383,27.360000610351562,2397.0
2024-04-24 14:12:00,VC,111.0250015258789,111.0250015258789,111.0250015258789,111.0250015258789,111.0250015258789,504.0
2024-04-24 14:12:00,VCTR,49.73500061035156,49.73500061035156,49.73500061035156,49.73249816894531,49.73249816894531,693.0
2024-04-24 14:12:00,VERV,6.579999923706055,6.579999923706055,6.619900226593018,6.579999923706055,6.619900226593018,3976.0
2024-04-24 14:12:00,VERX,29.25,29.25,29.309900283813477,29.229999542236328,29.309900283813477,7496.0
2024-04-24 14:12:00,VFS,2.4619998931884766,2.4619998931884766,2.4619998931884766,2.4619998931884766,2.4619998931884766,1160.0
2024-04-24 14:12:00,VIAV,7.974999904632568,7.974999904632568,7.985000133514404,7.974999904632568,7.985000133514404,6263.0
2024-04-24 14:12:00,VICR,31.75,31.75,31.799999237060547,31.75,31.799999237060547,2406.0
2024-04-24 14:12:00,VINC,0.92330002784729,0.92330002784729,0.92330002784729,0.9101999998092651,0.9101999998092651,2600.0
2024-04-24 14:12:00,VIR,8.119999885559082,8.119999885559082,8.119999885559082,8.119999885559082,8.119999885559082,289.0
2024-04-24 14:12:00,VIRC,10.720000267028809,10.720000267028809,10.720000267028809,10.720000267028809,10.720000267028809,629.0
2024-04-24 14:12:00,VIRT,22.475000381469727,22.475000381469727,22.510000228881836,22.475000381469727,22.510000228881836,5189.0
2024-04-24 14:12:00,VITL,26.8533992767334,26.8533992767334,26.8799991607666,26.8533992767334,26.8799991607666,895.0
2024-04-24 14:12:00,VKTX,65.40380096435547,65.40380096435547,65.44499969482422,65.375,65.41000366210938,5844.0
2024-04-24 14:12:00,VMEO,3.5350000858306885,3.5350000858306885,3.5350000858306885,3.5350000858306885,3.5350000858306885,949.0
2024-04-24 14:12:00,VNET,1.559999942779541,1.559999942779541,1.559999942779541,1.5549999475479126,1.5549999475479126,2591.0
2024-04-24 14:12:00,VOD,8.614999771118164,8.614999771118164,8.614999771118164,8.614999771118164,8.614999771118164,419.0
2024-04-24 14:12:00,VOR,1.7599999904632568,1.7599999904632568,1.7599999904632568,1.7549999952316284,1.7549999952316284,1572.0
2024-04-24 14:12:00,VRCA,6.730100154876709,6.730100154876709,6.730100154876709,6.730100154876709,6.730100154876709,215.0
2024-04-24 14:12:00,VRDN,13.319999694824219,13.319999694824219,13.34000015258789,13.3149995803833,13.3149995803833,1086.0
2024-04-24 14:12:00,VRRM,24.270000457763672,24.270000457763672,24.270000457763672,24.270000457763672,24.270000457763672,1293.0
2024-04-24 14:12:00,VSAT,16.229999542236328,16.229999542236328,16.229999542236328,16.229999542236328,16.229999542236328,523.0
2024-04-24 14:12:00,VTNR,1.4364999532699585,1.4364999532699585,1.4450000524520874,1.434999942779541,1.4450000524520874,15369.0
2024-04-24 14:12:00,VTRS,11.454999923706055,11.454999923706055,11.460000038146973,11.454999923706055,11.460000038146973,2432.0
2024-04-24 14:12:00,VUZI,1.3049999475479126,1.3049999475479126,1.3049999475479126,1.3049999475479126,1.3049999475479126,400.0
2024-04-24 14:12:00,VWE,0.27790001034736633,0.27790001034736633,0.27790001034736633,0.27790001034736633,0.27790001034736633,0.0
2024-04-24 14:12:00,VYGR,7.5,7.5,7.5,7.5,7.5,351.0
2024-04-24 14:12:00,WAFD,28.100000381469727,28.100000381469727,28.100000381469727,28.100000381469727,28.100000381469727,1506.0
2024-04-24 14:12:00,WASH,26.209999084472656,26.209999084472656,26.209999084472656,26.209999084472656,26.209999084472656,428.0
2024-04-24 14:12:00,WB,8.335000038146973,8.335000038146973,8.34000015258789,8.335000038146973,8.34000015258789,2239.0
2024-04-24 14:12:00,WBA,17.725000381469727,17.725000381469727,17.739999771118164,17.725000381469727,17.729999542236328,9901.0
2024-04-24 14:12:00,WBD,8.319999694824219,8.319999694824219,8.324999809265137,8.319999694824219,8.324999809265137,6773.0
2024-04-24 14:12:00,WDAY,256.70001220703125,256.70001220703125,256.70001220703125,256.6700134277344,256.70001220703125,1330.0
2024-04-24 14:12:00,WDC,69.29000091552734,69.29000091552734,69.3499984741211,69.29000091552734,69.3499984741211,6826.0
2024-04-24 14:12:00,WEN,19.854999542236328,19.854999542236328,19.854999542236328,19.854999542236328,19.854999542236328,270.0
2024-04-24 14:12:00,WERN,35.27000045776367,35.27000045776367,35.27000045776367,35.27000045776367,35.27000045776367,342.0
2024-04-24 14:12:00,WFRD,123.0,123.0,123.0,122.98500061035156,122.99500274658203,413.0
2024-04-24 14:12:00,WIMI,1.0700000524520874,1.0700000524520874,1.0700000524520874,1.059999942779541,1.0694999694824219,19898.0
2024-04-24 14:12:00,WISA,6.0,6.0,6.0,5.930099964141846,5.930099964141846,6718.0
2024-04-24 14:12:00,WKHS,0.16300000250339508,0.16300000250339508,0.16300000250339508,0.16189999878406525,0.16249999403953552,5111.0
2024-04-24 14:12:00,WMG,32.14500045776367,32.14500045776367,32.154998779296875,32.14500045776367,32.154998779296875,1067.0
2024-04-24 14:12:00,WSC,38.040000915527344,38.040000915527344,38.04499816894531,38.02000045776367,38.04499816894531,9678.0
2024-04-24 14:12:00,WSFS,44.650001525878906,44.650001525878906,44.65999984741211,44.650001525878906,44.65999984741211,573.0
2024-04-24 14:12:00,WTFC,99.88999938964844,99.88999938964844,99.93000030517578,99.88999938964844,99.93000030517578,1129.0
2024-04-24 14:12:00,WTW,264.55999755859375,264.55999755859375,264.55999755859375,264.55999755859375,264.55999755859375,663.0
2024-04-24 14:12:00,WVE,5.184999942779541,5.184999942779541,5.190000057220459,5.182499885559082,5.190000057220459,1206.0
2024-04-24 14:12:00,WW,1.6649999618530273,1.6649999618530273,1.6649999618530273,1.6649999618530273,1.6649999618530273,649.0
2024-04-24 14:12:00,WYNN,96.88999938964844,96.88999938964844,96.9000015258789,96.87000274658203,96.9000015258789,1864.0
2024-04-24 14:12:00,XBIT,8.265000343322754,8.265000343322754,8.265000343322754,8.109999656677246,8.130000114440918,7214.0
2024-04-24 14:12:00,XEL,55.38999938964844,55.38999938964844,55.404998779296875,55.375,55.400001525878906,7693.0
2024-04-24 14:12:00,XENE,39.959999084472656,39.959999084472656,40.0099983215332,39.959999084472656,40.0099983215332,828.0
2024-04-24 14:12:00,XERS,1.764799952507019,1.764799952507019,1.764799952507019,1.7599999904632568,1.7599999904632568,0.0
2024-04-24 14:12:00,XFOR,1.250100016593933,1.250100016593933,1.2599999904632568,1.250100016593933,1.2599999904632568,0.0
2024-04-24 14:12:00,XMTR,17.010000228881836,17.010000228881836,17.010000228881836,17.010000228881836,17.010000228881836,775.0
2024-04-24 14:12:00,XNCR,18.774999618530273,18.774999618530273,18.774999618530273,18.774999618530273,18.774999618530273,730.0
2024-04-24 14:12:00,XOMA,25.610000610351562,25.610000610351562,25.78499984741211,25.610000610351562,25.78499984741211,544.0
2024-04-24 14:12:00,XP,20.540000915527344,20.540000915527344,20.549999237060547,20.53499984741211,20.549999237060547,10665.0
2024-04-24 14:12:00,XRX,14.40999984741211,14.40999984741211,14.40999984741211,14.404999732971191,14.404999732971191,2250.0
2024-04-24 14:12:00,YMAB,15.229999542236328,15.229999542236328,15.229999542236328,15.199999809265137,15.210000038146973,695.0
2024-04-24 14:12:00,YORW,35.65999984741211,35.65999984741211,35.68000030517578,35.65999984741211,35.68000030517578,266.0
2024-04-24 14:12:00,Z,43.599998474121094,43.599998474121094,43.619998931884766,43.599998474121094,43.619998931884766,5863.0
2024-04-24 14:12:00,ZCMD,1.6799999475479126,1.6799999475479126,1.6799999475479126,1.6799999475479126,1.6799999475479126,1763.0
2024-04-24 14:12:00,ZD,51.77000045776367,51.77000045776367,51.775001525878906,51.77000045776367,51.775001525878906,847.0
2024-04-24 14:12:00,ZG,43.08000183105469,43.08000183105469,43.08000183105469,43.08000183105469,43.08000183105469,296.0
2024-04-24 14:12:00,ZI,15.829999923706055,15.829999923706055,15.829999923706055,15.829999923706055,15.829999923706055,4180.0
2024-04-24 14:12:00,ZION,42.15999984741211,42.15999984741211,42.18600082397461,42.15999984741211,42.18600082397461,3829.0
2024-04-24 14:12:00,ZM,61.505001068115234,61.505001068115234,61.52000045776367,61.505001068115234,61.5099983215332,3109.0
2024-04-24 14:12:00,ZNTL,11.670000076293945,11.670000076293945,11.680000305175781,11.670000076293945,11.680000305175781,532.0
2024-04-24 14:12:00,ZUMZ,17.299999237060547,17.299999237060547,17.350000381469727,17.299999237060547,17.350000381469727,8687.0
2024-04-24 14:12:00,ZURA,3.2300000190734863,3.2300000190734863,3.2300000190734863,3.190000057220459,3.190000057220459,7978.0
2024-04-24 14:12:00,ZVRA,4.539999961853027,4.539999961853027,4.539999961853027,4.539999961853027,4.539999961853027,373.0
2024-04-24 14:12:00,ZYME,8.600000381469727,8.600000381469727,8.600000381469727,8.600000381469727,8.600000381469727,132.0
2024-04-24 14:13:00,COCO,24.389999389648438,24.389999389648438,24.389999389648438,24.389999389648438,24.389999389648438,379.0
2024-04-24 14:13:00,EGHT,2.3550000190734863,2.3550000190734863,2.3550000190734863,2.3550000190734863,2.3550000190734863,300.0
2024-04-24 14:13:00,ETNB,8.619999885559082,8.619999885559082,8.619999885559082,8.619999885559082,8.619999885559082,567.0
2024-04-24 14:13:00,FDMT,24.6299991607666,24.6299991607666,24.68000030517578,24.6299991607666,24.68000030517578,983.0
2024-04-24 14:13:00,FEAM,1.1799999475479126,1.1799999475479126,1.1799999475479126,1.1699999570846558,1.1699999570846558,1290.0
2024-04-24 14:13:00,FLWS,9.130000114440918,9.130000114440918,9.130000114440918,9.130000114440918,9.130000114440918,254.0
2024-04-24 14:13:00,MAPS,1.100000023841858,1.100000023841858,1.100000023841858,1.100000023841858,1.100000023841858,200.0
2024-04-24 14:13:00,MASS,5.670000076293945,5.670000076293945,5.670000076293945,5.670000076293945,5.670000076293945,698.0
2024-04-24 14:13:00,ME,0.4713999927043915,0.4713999927043915,0.4715999960899353,0.4713999927043915,0.4715999960899353,2751.0
2024-04-24 14:13:00,SEAT,5.894999980926514,5.894999980926514,5.900000095367432,5.894999980926514,5.900000095367432,1214.0
2024-04-24 14:13:00,TWOU,0.23849999904632568,0.23849999904632568,0.23909999430179596,0.23849999904632568,0.23909999430179596,1408.0
2024-04-24 14:13:00,TXG,27.25,27.25,27.290000915527344,27.25,27.290000915527344,1581.0
2024-04-24 14:13:00,VC,110.78500366210938,110.78500366210938,110.8499984741211,110.78500366210938,110.8499984741211,1064.0
2024-04-24 14:13:00,VERU,1.340000033378601,1.340000033378601,1.350000023841858,1.340000033378601,1.3450000286102295,2035.0
2024-04-24 14:13:00,VERV,6.585000038146973,6.585000038146973,6.585000038146973,6.579999923706055,6.579999923706055,1247.0
2024-04-24 14:13:00,VERX,29.28499984741211,29.28499984741211,29.309999465942383,29.219999313354492,29.219999313354492,6612.0
2024-04-24 14:13:00,VFS,2.4700000286102295,2.4700000286102295,2.4700000286102295,2.4649999141693115,2.4649999141693115,1241.0
2024-04-24 14:13:00,VIAV,7.974999904632568,7.974999904632568,7.974999904632568,7.974999904632568,7.974999904632568,271.0
2024-04-24 14:13:00,VICR,31.739999771118164,31.739999771118164,31.739999771118164,31.739999771118164,31.739999771118164,286.0
2024-04-24 14:13:00,VINC,0.9168000221252441,0.9168000221252441,0.9168000221252441,0.9168000221252441,0.9168000221252441,521.0
2024-04-24 14:13:00,VIR,8.109999656677246,8.109999656677246,8.109999656677246,8.109999656677246,8.109999656677246,852.0
2024-04-24 14:13:00,VIRT,22.485000610351562,22.485000610351562,22.489999771118164,22.475000381469727,22.475000381469727,2765.0
2024-04-24 14:13:00,VIRX,0.8396000266075134,0.8396000266075134,0.8396000266075134,0.8396000266075134,0.8396000266075134,625.0
2024-04-24 14:13:00,VITL,26.799999237060547,26.799999237060547,26.850000381469727,26.799999237060547,26.850000381469727,2619.0
2024-04-24 14:13:00,VKTX,65.27999877929688,65.27999877929688,65.38999938964844,65.27999877929688,65.3499984741211,6591.0
2024-04-24 14:13:00,VMEO,3.5350000858306885,3.5350000858306885,3.5350000858306885,3.5350000858306885,3.5350000858306885,3101.0
2024-04-24 14:13:00,VOD,8.614999771118164,8.614999771118164,8.61989974975586,8.614999771118164,8.614999771118164,3615.0
2024-04-24 14:13:00,VOR,1.7549999952316284,1.7549999952316284,1.7549999952316284,1.7549999952316284,1.7549999952316284,1916.0
2024-04-24 14:13:00,VRCA,6.739999771118164,6.739999771118164,6.739999771118164,6.71999979019165,6.71999979019165,548.0
2024-04-24 14:13:00,VRDN,13.289999961853027,13.289999961853027,13.300000190734863,13.289999961853027,13.300000190734863,2030.0
2024-04-24 14:13:00,VRNA,15.489999771118164,15.489999771118164,15.510000228881836,15.489999771118164,15.510000228881836,2392.0
2024-04-24 14:13:00,VRRM,24.270000457763672,24.270000457763672,24.270000457763672,24.270000457763672,24.270000457763672,494.0
2024-04-24 14:13:00,VRTX,401.05999755859375,401.05999755859375,401.05999755859375,401.05999755859375,401.05999755859375,526.0
2024-04-24 14:13:00,VSAT,16.200000762939453,16.200000762939453,16.209999084472656,16.200000762939453,16.209999084472656,767.0
2024-04-24 14:13:00,VTNR,1.4400999546051025,1.4400999546051025,1.4500000476837158,1.440000057220459,1.440000057220459,21610.0
2024-04-24 14:13:00,VTRS,11.444999694824219,11.444999694824219,11.460000038146973,11.444999694824219,11.460000038146973,15689.0
2024-04-24 14:13:00,VUZI,1.2999999523162842,1.2999999523162842,1.2999999523162842,1.2999999523162842,1.2999999523162842,33.0
2024-04-24 14:13:00,VYGR,7.5,7.5,7.5,7.5,7.5,1522.0
2024-04-24 14:13:00,WAFD,28.049999237060547,28.049999237060547,28.049999237060547,28.049999237060547,28.049999237060547,453.0
2024-04-24 14:13:00,WB,8.335000038146973,8.335000038146973,8.335000038146973,8.335000038146973,8.335000038146973,1270.0
2024-04-24 14:13:00,WBA,17.725000381469727,17.725000381469727,17.729900360107422,17.719999313354492,17.725000381469727,5049.0
2024-04-24 14:13:00,WBD,8.324999809265137,8.324999809265137,8.324999809265137,8.319999694824219,8.319999694824219,1246.0
2024-04-24 14:13:00,WDAY,256.44500732421875,256.44500732421875,256.57501220703125,256.44500732421875,256.4800109863281,2157.0
2024-04-24 14:13:00,WDC,69.27999877929688,69.27999877929688,69.30000305175781,69.2699966430664,69.30000305175781,1835.0
2024-04-24 14:13:00,WEN,19.850000381469727,19.850000381469727,19.854999542236328,19.850000381469727,19.854999542236328,2282.0
2024-04-24 14:13:00,WERN,35.275001525878906,35.275001525878906,35.275001525878906,35.275001525878906,35.275001525878906,335.0
2024-04-24 14:13:00,WFRD,122.87999725341797,122.87999725341797,122.99500274658203,122.72000122070312,122.99500274658203,6630.0
2024-04-24 14:13:00,WIMI,1.0606000423431396,1.0606000423431396,1.0699000358581543,1.059999942779541,1.0699000358581543,14878.0
2024-04-24 14:13:00,WISA,6.019999980926514,6.019999980926514,6.039899826049805,5.989999771118164,6.0,9609.0
2024-04-24 14:13:00,WKHS,0.16300000250339508,0.16300000250339508,0.16300000250339508,0.1623000055551529,0.1623000055551529,56421.0
2024-04-24 14:13:00,WLGS,0.5730000138282776,0.5730000138282776,0.5730000138282776,0.5730000138282776,0.5730000138282776,78.0
2024-04-24 14:13:00,WMG,32.15999984741211,32.15999984741211,32.15999984741211,32.150001525878906,32.150001525878906,1528.0
2024-04-24 14:13:00,WNEB,6.510000228881836,6.510000228881836,6.510000228881836,6.510000228881836,6.510000228881836,301.0
2024-04-24 14:13:00,WRAP,1.975000023841858,1.975000023841858,1.975000023841858,1.975000023841858,1.975000023841858,401.0
2024-04-24 14:13:00,WSBC,28.0,28.0,28.0,28.0,28.0,926.0
2024-04-24 14:13:00,WSBF,12.145000457763672,12.145000457763672,12.145000457763672,12.145000457763672,12.145000457763672,323.0
2024-04-24 14:13:00,WSC,38.04999923706055,38.04999923706055,38.04999923706055,38.029998779296875,38.029998779296875,1329.0
2024-04-24 14:13:00,WSFS,44.630001068115234,44.630001068115234,44.630001068115234,44.630001068115234,44.630001068115234,1822.0
2024-04-24 14:13:00,WTW,264.6099853515625,264.6099853515625,264.6099853515625,264.6099853515625,264.6099853515625,249.0
2024-04-24 14:13:00,WVE,5.184999942779541,5.184999942779541,5.190000057220459,5.184999942779541,5.190000057220459,488.0
2024-04-24 14:13:00,WYNN,96.9000015258789,96.9000015258789,96.91000366210938,96.9000015258789,96.91000366210938,833.0
2024-04-24 14:13:00,XBIT,8.114399909973145,8.114399909973145,8.170000076293945,8.114399909973145,8.170000076293945,5125.0
2024-04-24 14:13:00,XEL,55.369998931884766,55.369998931884766,55.380001068115234,55.3650016784668,55.380001068115234,7218.0
2024-04-24 14:13:00,XERS,1.7699999809265137,1.7699999809265137,1.7699999809265137,1.7699999809265137,1.7699999809265137,301.0
2024-04-24 14:13:00,XFOR,1.2450000047683716,1.2450000047683716,1.2549999952316284,1.2400000095367432,1.2529000043869019,32420.0
2024-04-24 14:13:00,XMTR,16.979999542236328,16.979999542236328,16.979999542236328,16.979999542236328,16.979999542236328,454.0
2024-04-24 14:13:00,XP,20.524999618530273,20.524999618530273,20.545000076293945,20.524999618530273,20.545000076293945,2633.0
2024-04-24 14:13:00,XPEL,55.060001373291016,55.060001373291016,55.060001373291016,55.060001373291016,55.060001373291016,191.0
2024-04-24 14:13:00,XRX,14.404999732971191,14.404999732971191,14.420000076293945,14.404999732971191,14.419899940490723,3233.0
2024-04-24 14:13:00,YHGJ,1.350000023841858,1.350000023841858,1.350000023841858,1.350000023841858,1.350000023841858,204.0
2024-04-24 14:13:00,YMAB,15.199999809265137,15.199999809265137,15.199999809265137,15.199999809265137,15.199999809265137,621.0
2024-04-24 14:13:00,Z,43.56999969482422,43.56999969482422,43.56999969482422,43.564998626708984,43.56999969482422,1302.0
2024-04-24 14:13:00,ZD,51.7400016784668,51.7400016784668,51.7400016784668,51.7400016784668,51.7400016784668,381.0
2024-04-24 14:13:00,ZG,43.04999923706055,43.04999923706055,43.060001373291016,43.04999923706055,43.060001373291016,271.0
2024-04-24 14:13:00,ZI,15.824999809265137,15.824999809265137,15.824999809265137,15.824999809265137,15.824999809265137,664.0
2024-04-24 14:13:00,ZIMV,15.765000343322754,15.765000343322754,15.765000343322754,15.765000343322754,15.765000343322754,507.0
2024-04-24 14:13:00,ZION,42.130001068115234,42.130001068115234,42.13999938964844,42.130001068115234,42.13999938964844,965.0
2024-04-24 14:13:00,ZLAB,15.529999732971191,15.529999732971191,15.529999732971191,15.529999732971191,15.529999732971191,300.0
2024-04-24 14:13:00,ZM,61.499000549316406,61.499000549316406,61.505001068115234,61.47999954223633,61.5,2827.0
2024-04-24 14:13:00,ZNTL,11.645000457763672,11.645000457763672,11.65999984741211,11.645000457763672,11.65999984741211,1625.0
2024-04-24 14:13:00,ZS,178.3699951171875,178.3699951171875,178.5050048828125,178.25999450683594,178.5050048828125,4426.0
2024-04-24 14:13:00,ZURA,3.1700000762939453,3.1700000762939453,3.180000066757202,3.1700000762939453,3.180000066757202,2764.0
2024-04-24 14:13:00,ZVRA,4.534999847412109,4.534999847412109,4.534999847412109,4.534999847412109,4.534999847412109,200.0
2024-04-24 14:13:00,ZVSA,0.6069999933242798,0.6069999933242798,0.6069999933242798,0.6069999933242798,0.6069999933242798,444.0
2024-04-24 14:13:00,ZYXI,11.279999732971191,11.279999732971191,11.279999732971191,11.279999732971191,11.279999732971191,305.0
2024-04-24 14:14:00,COCO,24.3799991607666,24.3799991607666,24.389999389648438,24.3700008392334,24.3700008392334,1523.0
2024-04-24 14:14:00,DIBS,5.394999980926514,5.394999980926514,5.394999980926514,5.394999980926514,5.394999980926514,355.0
2024-04-24 14:14:00,EGHT,2.359999895095825,2.359999895095825,2.359999895095825,2.3499999046325684,2.3499999046325684,552.0
2024-04-24 14:14:00,ETNB,8.609999656677246,8.609999656677246,8.609999656677246,8.609999656677246,8.609999656677246,1577.0
2024-04-24 14:14:00,FLWS,9.130000114440918,9.130000114440918,9.140000343322754,9.130000114440918,9.130000114440918,2033.0
2024-04-24 14:14:00,FREE,4.820000171661377,4.820000171661377,4.820000171661377,4.820000171661377,4.820000171661377,118.0
2024-04-24 14:14:00,MAPS,1.100000023841858,1.100000023841858,1.100000023841858,1.100000023841858,1.100000023841858,100.0
2024-04-24 14:14:00,MASS,5.690000057220459,5.690000057220459,5.690000057220459,5.659999847412109,5.659999847412109,2528.0
2024-04-24 14:14:00,ME,0.47119998931884766,0.47119998931884766,0.47119998931884766,0.47119998931884766,0.47119998931884766,2166.0
2024-04-24 14:14:00,SEAT,5.900000095367432,5.900000095367432,5.900000095367432,5.894999980926514,5.900000095367432,532.0
2024-04-24 14:14:00,TSVT,4.295000076293945,4.295000076293945,4.295000076293945,4.295000076293945,4.295000076293945,222.0
2024-04-24 14:14:00,TWOU,0.23849999904632568,0.23849999904632568,0.2386000007390976,0.23849999904632568,0.2386000007390976,2610.0
2024-04-24 14:14:00,TXG,27.260000228881836,27.260000228881836,27.270000457763672,27.260000228881836,27.270000457763672,2977.0
2024-04-24 14:14:00,VABK,24.46500015258789,24.46500015258789,24.46500015258789,24.46500015258789,24.46500015258789,200.0
2024-04-24 14:14:00,VC,110.86000061035156,110.86000061035156,110.86000061035156,110.86000061035156,110.86000061035156,433.0
2024-04-24 14:14:00,VCTR,49.65999984741211,49.65999984741211,49.70000076293945,49.65999984741211,49.70000076293945,1662.0
2024-04-24 14:14:00,VERU,1.340000033378601,1.340000033378601,1.350000023841858,1.340000033378601,1.3450000286102295,2051.0
2024-04-24 14:14:00,VERV,6.570000171661377,6.570000171661377,6.579999923706055,6.570000171661377,6.579999923706055,1466.0
2024-04-24 14:14:00,VFS,2.4649999141693115,2.4649999141693115,2.4649999141693115,2.4649999141693115,2.4649999141693115,122.0
2024-04-24 14:14:00,VIAV,7.974999904632568,7.974999904632568,7.974999904632568,7.974999904632568,7.974999904632568,363.0
2024-04-24 14:14:00,VICR,31.719999313354492,31.719999313354492,31.719999313354492,31.684999465942383,31.709999084472656,7546.0
2024-04-24 14:14:00,VIR,8.09000015258789,8.09000015258789,8.09000015258789,8.09000015258789,8.09000015258789,661.0
2024-04-24 14:14:00,VIRT,22.479999542236328,22.479999542236328,22.485000610351562,22.479999542236328,22.485000610351562,637.0
2024-04-24 14:14:00,VKTX,65.16999816894531,65.16999816894531,65.33999633789062,65.1500015258789,65.30000305175781,2429.0
2024-04-24 14:14:00,VMD,7.980000019073486,7.980000019073486,7.980000019073486,7.980000019073486,7.980000019073486,548.0
2024-04-24 14:14:00,VMEO,3.5350000858306885,3.5350000858306885,3.5399999618530273,3.5350000858306885,3.5399999618530273,4839.0
2024-04-24 14:14:00,VOD,8.609999656677246,8.609999656677246,8.614999771118164,8.609999656677246,8.614999771118164,1445.0
2024-04-24 14:14:00,VOXR,2.081700086593628,2.081700086593628,2.081700086593628,2.081700086593628,2.081700086593628,455.0
2024-04-24 14:14:00,VRRM,24.25,24.25,24.25,24.25,24.25,589.0
2024-04-24 14:14:00,VRTX,400.70001220703125,400.70001220703125,400.7900085449219,400.70001220703125,400.7900085449219,1642.0
2024-04-24 14:14:00,VSAT,16.190000534057617,16.190000534057617,16.190000534057617,16.190000534057617,16.190000534057617,215.0
2024-04-24 14:14:00,VSEC,78.93000030517578,78.93000030517578,78.93000030517578,78.93000030517578,78.93000030517578,608.0
2024-04-24 14:14:00,VTGN,4.699999809265137,4.699999809265137,4.699999809265137,4.699999809265137,4.699999809265137,359.0
2024-04-24 14:14:00,VTNR,1.440000057220459,1.440000057220459,1.4400999546051025,1.440000057220459,1.4400999546051025,1953.0
2024-04-24 14:14:00,VTRS,11.444999694824219,11.444999694824219,11.444999694824219,11.4399995803833,11.4399995803833,2921.0
2024-04-24 14:14:00,VUZI,1.309999942779541,1.309999942779541,1.309999942779541,1.3049999475479126,1.3049999475479126,2300.0
2024-04-24 14:14:00,VYNE,2.440000057220459,2.440000057220459,2.440000057220459,2.440000057220459,2.440000057220459,200.0
2024-04-24 14:14:00,WAFD,28.040000915527344,28.040000915527344,28.040000915527344,28.040000915527344,28.040000915527344,1070.0
2024-04-24 14:14:00,WB,8.335000038146973,8.335000038146973,8.335000038146973,8.335000038146973,8.335000038146973,995.0
2024-04-24 14:14:00,WBA,17.712499618530273,17.712499618530273,17.72559928894043,17.709999084472656,17.719999313354492,10816.0
2024-04-24 14:14:00,WBD,8.3149995803833,8.3149995803833,8.329999923706055,8.310099601745605,8.329999923706055,23870.0
2024-04-24 14:14:00,WDAY,256.260009765625,256.260009765625,256.4200134277344,256.260009765625,256.4200134277344,1875.0
2024-04-24 14:14:00,WDC,69.19999694824219,69.19999694824219,69.29000091552734,69.19999694824219,69.27999877929688,5724.0
2024-04-24 14:14:00,WEN,19.850000381469727,19.850000381469727,19.850000381469727,19.850000381469727,19.850000381469727,306.0
2024-04-24 14:14:00,WERN,35.279998779296875,35.279998779296875,35.279998779296875,35.279998779296875,35.279998779296875,258.0
2024-04-24 14:14:00,WFRD,122.77999877929688,122.77999877929688,122.77999877929688,122.77999877929688,122.77999877929688,271.0
2024-04-24 14:14:00,WHF,12.875,12.875,12.875,12.863499641418457,12.863499641418457,4406.0
2024-04-24 14:14:00,WIMI,1.0700000524520874,1.0700000524520874,1.0700000524520874,1.0636999607086182,1.065000057220459,12426.0
2024-04-24 14:14:00,WING,365.4599914550781,365.4599914550781,365.4599914550781,365.4599914550781,365.4599914550781,181.0
2024-04-24 14:14:00,WISA,6.048600196838379,6.048600196838379,6.048600196838379,6.01800012588501,6.01800012588501,3359.0
2024-04-24 14:14:00,WIX,122.06999969482422,122.06999969482422,122.16999816894531,121.8499984741211,121.8499984741211,11615.0
2024-04-24 14:14:00,WKHS,0.16179999709129333,0.16179999709129333,0.16300000250339508,0.16179999709129333,0.16300000250339508,19077.0
2024-04-24 14:14:00,WMG,32.130001068115234,32.130001068115234,32.15999984741211,32.130001068115234,32.15999984741211,1934.0
2024-04-24 14:14:00,WRLD,138.5,138.5,138.5,138.5,138.5,584.0
2024-04-24 14:14:00,WSBC,28.049999237060547,28.049999237060547,28.049999237060547,28.020000457763672,28.020000457763672,1331.0
2024-04-24 14:14:00,WSC,38.029998779296875,38.029998779296875,38.060001373291016,38.02000045776367,38.04999923706055,8063.0
2024-04-24 14:14:00,WTW,264.45001220703125,264.45001220703125,264.4700012207031,264.45001220703125,264.4700012207031,940.0
2024-04-24 14:14:00,WVE,5.184999942779541,5.184999942779541,5.190000057220459,5.182499885559082,5.182499885559082,1431.0
2024-04-24 14:14:00,WW,1.6699999570846558,1.6699999570846558,1.6699999570846558,1.659999966621399,1.659999966621399,1764.0
2024-04-24 14:14:00,WWD,149.22999572753906,149.22999572753906,149.375,149.22999572753906,149.375,1182.0
2024-04-24 14:14:00,WYNN,96.80000305175781,96.80000305175781,96.87000274658203,96.80000305175781,96.8499984741211,1435.0
2024-04-24 14:14:00,XBIT,8.119999885559082,8.119999885559082,8.119999885559082,8.100000381469727,8.119999885559082,1286.0
2024-04-24 14:14:00,XEL,55.34000015258789,55.34000015258789,55.369998931884766,55.334999084472656,55.369998931884766,6662.0
2024-04-24 14:14:00,XENE,39.880001068115234,39.880001068115234,39.880001068115234,39.880001068115234,39.880001068115234,203.0
2024-04-24 14:14:00,XERS,1.7644000053405762,1.7644000053405762,1.7649999856948853,1.76010000705719,1.76010000705719,2924.0
2024-04-24 14:14:00,XFOR,1.2450000047683716,1.2450000047683716,1.25,1.2450000047683716,1.25,1782.0
2024-04-24 14:14:00,XMTR,16.950000762939453,16.950000762939453,16.959999084472656,16.950000762939453,16.959999084472656,476.0
2024-04-24 14:14:00,XP,20.514999389648438,20.514999389648438,20.530500411987305,20.514999389648438,20.524999618530273,6357.0
2024-04-24 14:14:00,XRX,14.404999732971191,14.404999732971191,14.40999984741211,14.399999618530273,14.404999732971191,4994.0
2024-04-24 14:14:00,XWEL,1.7200000286102295,1.7200000286102295,1.7200000286102295,1.6950000524520874,1.6950000524520874,973.0
2024-04-24 14:14:00,XXII,1.8700000047683716,1.8700000047683716,1.8849999904632568,1.8700000047683716,1.8849999904632568,1624.0
2024-04-24 14:14:00,YI,1.0700000524520874,1.0700000524520874,1.0700000524520874,1.0700000524520874,1.0700000524520874,1467.0
2024-04-24 14:14:00,YTRA,1.2999999523162842,1.2999999523162842,1.2999999523162842,1.2999999523162842,1.2999999523162842,500.0
2024-04-24 14:14:00,Z,43.54999923706055,43.54999923706055,43.58000183105469,43.54999923706055,43.58000183105469,3324.0
2024-04-24 14:14:00,ZBRA,276.6499938964844,276.6499938964844,276.9200134277344,276.6400146484375,276.9200134277344,860.0
2024-04-24 14:14:00,ZD,51.70500183105469,51.70500183105469,51.70500183105469,51.70500183105469,51.70500183105469,268.0
2024-04-24 14:14:00,ZFOX,1.1349999904632568,1.1349999904632568,1.1349999904632568,1.1349999904632568,1.1349999904632568,610.0
2024-04-24 14:14:00,ZG,43.040000915527344,43.040000915527344,43.040000915527344,43.040000915527344,43.040000915527344,309.0
2024-04-24 14:14:00,ZI,15.819999694824219,15.819999694824219,15.824999809265137,15.819999694824219,15.824999809265137,2824.0
2024-04-24 14:14:00,ZION,42.11000061035156,42.11000061035156,42.11000061035156,42.11000061035156,42.11000061035156,633.0
2024-04-24 14:14:00,ZM,61.47999954223633,61.47999954223633,61.4900016784668,61.46900177001953,61.48500061035156,4593.0
2024-04-24 14:14:00,ZNTL,11.65999984741211,11.65999984741211,11.65999984741211,11.65999984741211,11.65999984741211,200.0
2024-04-24 14:14:00,ZS,178.0399932861328,178.0399932861328,178.32000732421875,178.0399932861328,178.32000732421875,3560.0
2024-04-24 14:14:00,ZUMZ,17.295000076293945,17.295000076293945,17.295000076293945,17.295000076293945,17.295000076293945,214.0
2024-04-24 14:14:00,ZURA,3.200000047683716,3.200000047683716,3.200000047683716,3.140000104904175,3.1549999713897705,7720.0
2024-04-24 14:14:00,ZVRA,4.53000020980835,4.53000020980835,4.53000020980835,4.53000020980835,4.53000020980835,462.0
2024-04-24 14:14:00,ZYXI,11.270000457763672,11.270000457763672,11.270000457763672,11.270000457763672,11.270000457763672,220.0
2024-04-24 14:15:00,COCO,24.399700164794922,24.399700164794922,24.399999618530273,24.399700164794922,24.399999618530273,744.0
2024-04-24 14:15:00,EGHT,2.359999895095825,2.359999895095825,2.359999895095825,2.3550000190734863,2.3550000190734863,1545.0
2024-04-24 14:15:00,ETNB,8.609999656677246,8.609999656677246,8.609999656677246,8.609999656677246,8.609999656677246,179.0
2024-04-24 14:15:00,ME,0.4715999960899353,0.4715999960899353,0.4715999960899353,0.47130000591278076,0.47130000591278076,70.0
2024-04-24 14:15:00,SEAT,5.900000095367432,5.900000095367432,5.900000095367432,5.894999980926514,5.894999980926514,743.0
2024-04-24 14:15:00,TSVT,4.289999961853027,4.289999961853027,4.289999961853027,4.289999961853027,4.289999961853027,509.0
2024-04-24 14:15:00,TWOU,0.2386000007390976,0.2386000007390976,0.2386000007390976,0.23849999904632568,0.23849999904632568,6210.0
2024-04-24 14:15:00,TXG,27.25,27.25,27.25,27.229999542236328,27.229999542236328,2134.0
2024-04-24 14:15:00,VABK,24.440000534057617,24.440000534057617,24.440000534057617,24.440000534057617,24.440000534057617,21.0
2024-04-24 14:15:00,VC,110.91999816894531,110.91999816894531,110.91999816894531,110.91999816894531,110.91999816894531,541.0
2024-04-24 14:15:00,VCTR,49.72999954223633,49.72999954223633,49.72999954223633,49.654998779296875,49.654998779296875,2072.0
2024-04-24 14:15:00,VERU,1.340000033378601,1.340000033378601,1.350000023841858,1.340000033378601,1.3450000286102295,2000.0
2024-04-24 14:15:00,VERV,6.579999923706055,6.579999923706055,6.579999923706055,6.570000171661377,6.570000171661377,2655.0
2024-04-24 14:15:00,VERX,29.270000457763672,29.270000457763672,29.270000457763672,29.270000457763672,29.270000457763672,637.0
2024-04-24 14:15:00,VFF,1.3200000524520874,1.3200000524520874,1.3200000524520874,1.309999942779541,1.309999942779541,2677.0
2024-04-24 14:15:00,VFS,2.4677000045776367,2.4677000045776367,2.469899892807007,2.4677000045776367,2.469899892807007,2213.0
2024-04-24 14:15:00,VIAV,7.965000152587891,7.965000152587891,7.96999979019165,7.960000038146973,7.96999979019165,2837.0
2024-04-24 14:15:00,VICR,31.75,31.75,31.75,31.729999542236328,31.729999542236328,688.0
2024-04-24 14:15:00,VIR,8.079999923706055,8.079999923706055,8.079999923706055,8.069999694824219,8.069999694824219,1065.0
2024-04-24 14:15:00,VIRT,22.489999771118164,22.489999771118164,22.5,22.475000381469727,22.475000381469727,4557.0
2024-04-24 14:15:00,VITL,26.75,26.75,26.75,26.75,26.75,519.0
2024-04-24 14:15:00,VKTX,65.19159698486328,65.19159698486328,65.22000122070312,65.05999755859375,65.1500015258789,4527.0
2024-04-24 14:15:00,VMEO,3.5350000858306885,3.5350000858306885,3.5350000858306885,3.5350000858306885,3.5350000858306885,1530.0
2024-04-24 14:15:00,VNOM,39.900001525878906,39.900001525878906,39.900001525878906,39.83000183105469,39.849998474121094,3566.0
2024-04-24 14:15:00,VOD,8.614999771118164,8.614999771118164,8.617500305175781,8.609999656677246,8.617500305175781,8113.0
2024-04-24 14:15:00,VRCA,6.75,6.75,6.75,6.75,6.75,543.0
2024-04-24 14:15:00,VRDN,13.279999732971191,13.279999732971191,13.279999732971191,13.279999732971191,13.279999732971191,1764.0
2024-04-24 14:15:00,VRRM,24.229999542236328,24.229999542236328,24.229999542236328,24.229999542236328,24.229999542236328,875.0
2024-04-24 14:15:00,VRTS,233.32000732421875,233.32000732421875,233.32000732421875,233.32000732421875,233.32000732421875,1463.0
2024-04-24 14:15:00,VRTX,400.6199951171875,400.6199951171875,400.6199951171875,400.3500061035156,400.3500061035156,1913.0
2024-04-24 14:15:00,VSAT,16.18000030517578,16.18000030517578,16.18000030517578,16.18000030517578,16.18000030517578,645.0
2024-04-24 14:15:00,VSEC,78.93000030517578,78.93000030517578,78.93000030517578,78.93000030517578,78.93000030517578,424.0
2024-04-24 14:15:00,VTGN,4.710000038146973,4.710000038146973,4.710000038146973,4.710000038146973,4.710000038146973,2150.0
2024-04-24 14:15:00,VTNR,1.429900050163269,1.429900050163269,1.434999942779541,1.4249999523162842,1.434999942779541,16363.0
2024-04-24 14:15:00,VTRS,11.449999809265137,11.449999809265137,11.449999809265137,11.4399995803833,11.444999694824219,4061.0
2024-04-24 14:15:00,VTSI,12.319999694824219,12.319999694824219,12.319999694824219,12.319999694824219,12.319999694824219,221.0
2024-04-24 14:15:00,VVPR,3.619999885559082,3.619999885559082,3.619999885559082,3.619999885559082,3.619999885559082,1466.0
2024-04-24 14:15:00,WABC,47.369998931884766,47.369998931884766,47.369998931884766,47.369998931884766,47.369998931884766,576.0
2024-04-24 14:15:00,WAFD,28.040000915527344,28.040000915527344,28.040000915527344,28.040000915527344,28.040000915527344,278.0
2024-04-24 14:15:00,WALD,5.264999866485596,5.264999866485596,5.264999866485596,5.264999866485596,5.264999866485596,265.0
2024-04-24 14:15:00,WAVD,1.8899999856948853,1.8899999856948853,1.8899999856948853,1.8899999856948853,1.8899999856948853,1000.0
2024-04-24 14:15:00,WB,8.335000038146973,8.335000038146973,8.335000038146973,8.329999923706055,8.329999923706055,375.0
2024-04-24 14:15:00,WBA,17.710100173950195,17.710100173950195,17.719900131225586,17.709999084472656,17.71500015258789,10717.0
2024-04-24 14:15:00,WBD,8.31029987335205,8.31029987335205,8.319999694824219,8.3100004196167,8.319999694824219,5558.0
2024-04-24 14:15:00,WDAY,256.2200012207031,256.2200012207031,256.2200012207031,255.99000549316406,256.19500732421875,1389.0
2024-04-24 14:15:00,WDC,69.24500274658203,69.24500274658203,69.25,69.16999816894531,69.19000244140625,8951.0
2024-04-24 14:15:00,WEN,19.844999313354492,19.844999313354492,19.850000381469727,19.844999313354492,19.850000381469727,904.0
2024-04-24 14:15:00,WFRD,122.7300033569336,122.7300033569336,122.7300033569336,122.72000122070312,122.7300033569336,877.0
2024-04-24 14:15:00,WHLM,6.46999979019165,6.46999979019165,6.534999847412109,6.46999979019165,6.534999847412109,4180.0
2024-04-24 14:15:00,WIMI,1.0750000476837158,1.0750000476837158,1.0800000429153442,1.0613000392913818,1.0700000524520874,51914.0
2024-04-24 14:15:00,WING,365.010009765625,365.010009765625,365.1099853515625,364.989990234375,365.1099853515625,1353.0
2024-04-24 14:15:00,WISA,6.150000095367432,6.150000095367432,6.150000095367432,6.050000190734863,6.050000190734863,31972.0
2024-04-24 14:15:00,WKHS,0.1615999937057495,0.1615999937057495,0.16169999539852142,0.1615999937057495,0.16169999539852142,5500.0
2024-04-24 14:15:00,WKSP,0.38989999890327454,0.38989999890327454,0.38999998569488525,0.38609999418258667,0.38609999418258667,15270.0
2024-04-24 14:15:00,WMG,32.1349983215332,32.1349983215332,32.1349983215332,32.130001068115234,32.130001068115234,399.0
2024-04-24 14:15:00,WRAP,1.975000023841858,1.975000023841858,1.975000023841858,1.975000023841858,1.975000023841858,1066.0
2024-04-24 14:15:00,WSC,38.0,38.0,38.01499938964844,37.9900016784668,38.01499938964844,2593.0
2024-04-24 14:15:00,WTFC,99.76499938964844,99.76499938964844,99.76499938964844,99.76499938964844,99.76499938964844,264.0
2024-04-24 14:15:00,WTW,264.0799865722656,264.0799865722656,264.3699951171875,264.0799865722656,264.3699951171875,1483.0
2024-04-24 14:15:00,WVE,5.199999809265137,5.199999809265137,5.199999809265137,5.184999942779541,5.184999942779541,5750.0
2024-04-24 14:15:00,WWD,149.14999389648438,149.14999389648438,149.14999389648438,149.14999389648438,149.14999389648438,233.0
2024-04-24 14:15:00,WYNN,96.77999877929688,96.77999877929688,96.77999877929688,96.75499725341797,96.77999877929688,1613.0
2024-04-24 14:15:00,XBIT,8.109999656677246,8.109999656677246,8.109999656677246,8.109999656677246,8.109999656677246,1487.0
2024-04-24 14:15:00,XEL,55.380001068115234,55.380001068115234,55.380001068115234,55.32500076293945,55.34000015258789,10159.0
2024-04-24 14:15:00,XENE,39.86000061035156,39.86000061035156,39.869998931884766,39.81999969482422,39.869998931884766,1817.0
2024-04-24 14:15:00,XERS,1.7649999856948853,1.7649999856948853,1.7649999856948853,1.7649999856948853,1.7649999856948853,354.0
2024-04-24 14:15:00,XFOR,1.2400000095367432,1.2400000095367432,1.2497999668121338,1.2400000095367432,1.2497999668121338,3250.0
2024-04-24 14:15:00,XMTR,16.950000762939453,16.950000762939453,16.950000762939453,16.950000762939453,16.950000762939453,433.0
2024-04-24 14:15:00,XNCR,18.709999084472656,18.709999084472656,18.739999771118164,18.709999084472656,18.739999771118164,1097.0
2024-04-24 14:15:00,XP,20.510000228881836,20.510000228881836,20.510000228881836,20.5049991607666,20.510000228881836,5797.0
2024-04-24 14:15:00,XPEL,55.02000045776367,55.02000045776367,55.06999969482422,55.02000045776367,55.029998779296875,2524.0
2024-04-24 14:15:00,XRX,14.404999732971191,14.404999732971191,14.404999732971191,14.399999618530273,14.399999618530273,4711.0
2024-04-24 14:15:00,XWEL,1.729699969291687,1.729699969291687,1.729699969291687,1.729699969291687,1.729699969291687,160.0
2024-04-24 14:15:00,XXII,1.8799999952316284,1.8799999952316284,1.8799999952316284,1.8799999952316284,1.8799999952316284,511.0
2024-04-24 14:15:00,YMAB,15.1766996383667,15.1766996383667,15.194999694824219,15.15999984741211,15.1850004196167,1631.0
2024-04-24 14:15:00,YORW,35.65999984741211,35.65999984741211,35.65999984741211,35.65999984741211,35.65999984741211,924.0
2024-04-24 14:15:00,Z,43.58000183105469,43.58000183105469,43.58000183105469,43.540000915527344,43.540000915527344,3223.0
2024-04-24 14:15:00,ZBRA,276.8500061035156,276.8500061035156,276.8500061035156,276.7099914550781,276.79998779296875,1251.0
2024-04-24 14:15:00,ZG,43.060001373291016,43.060001373291016,43.060001373291016,43.060001373291016,43.060001373291016,361.0
2024-04-24 14:15:00,ZI,15.8149995803833,15.8149995803833,15.8149995803833,15.8100004196167,15.8149995803833,3154.0
2024-04-24 14:15:00,ZION,42.10499954223633,42.10499954223633,42.119998931884766,42.099998474121094,42.11000061035156,3151.0
2024-04-24 14:15:00,ZLAB,15.539999961853027,15.539999961853027,15.539999961853027,15.524999618530273,15.524999618530273,749.0
2024-04-24 14:15:00,ZM,61.4900016784668,61.4900016784668,61.4900016784668,61.459999084472656,61.474998474121094,4790.0
2024-04-24 14:15:00,ZNTL,11.645000457763672,11.645000457763672,11.645000457763672,11.645000457763672,11.645000457763672,685.0
2024-04-24 14:15:00,ZS,178.17999267578125,178.17999267578125,178.19000244140625,178.02000427246094,178.13499450683594,8483.0
2024-04-24 14:15:00,ZUMZ,17.280000686645508,17.280000686645508,17.280000686645508,17.280000686645508,17.280000686645508,140.0
2024-04-24 14:15:00,ZURA,3.1600000858306885,3.1600000858306885,3.1700000762939453,3.1600000858306885,3.1700000762939453,516.0
2024-04-24 14:15:00,ZVSA,0.6093999743461609,0.6093999743461609,0.6093999743461609,0.6093999743461609,0.6093999743461609,358.0
2024-04-24 14:15:00,ZYME,8.630000114440918,8.630000114440918,8.630000114440918,8.630000114440918,8.630000114440918,187.0
2024-04-24 14:15:00,ZYXI,11.270000457763672,11.270000457763672,11.270000457763672,11.270000457763672,11.270000457763672,863.0
2024-04-24 14:16:00,ETNB,8.614999771118164,8.614999771118164,8.614999771118164,8.614999771118164,8.614999771118164,200.0
2024-04-24 14:16:00,FLWS,9.109999656677246,9.109999656677246,9.114999771118164,9.109999656677246,9.114999771118164,540.0
2024-04-24 14:16:00,MAPS,1.0800000429153442,1.0800000429153442,1.0800000429153442,1.0800000429153442,1.0800000429153442,900.0
2024-04-24 14:16:00,ME,0.4713999927043915,0.4713999927043915,0.4713999927043915,0.4713999927043915,0.4713999927043915,475.0
2024-04-24 14:16:00,SEAT,5.900000095367432,5.900000095367432,5.900000095367432,5.894999980926514,5.894999980926514,640.0
2024-04-24 14:16:00,TWOU,0.23849999904632568,0.23849999904632568,0.2386000007390976,0.23849999904632568,0.2386000007390976,1042.0
2024-04-24 14:16:00,TXG,27.260000228881836,27.260000228881836,27.260000228881836,27.260000228881836,27.260000228881836,2001.0
2024-04-24 14:16:00,VCTR,49.72999954223633,49.72999954223633,49.72999954223633,49.72999954223633,49.72999954223633,661.0
2024-04-24 14:16:00,VERU,1.350000023841858,1.350000023841858,1.350000023841858,1.350000023841858,1.350000023841858,0.0
2024-04-24 14:16:00,VERV,6.559999942779541,6.559999942779541,6.570000171661377,6.559999942779541,6.568999767303467,1013.0
2024-04-24 14:16:00,VERX,29.25,29.25,29.264999389648438,29.229999542236328,29.264999389648438,4009.0
2024-04-24 14:16:00,VIAV,7.965000152587891,7.965000152587891,7.965000152587891,7.965000152587891,7.965000152587891,314.0
2024-04-24 14:16:00,VIGL,2.7799999713897705,2.7799999713897705,2.7850000858306885,2.7799999713897705,2.7850000858306885,706.0
2024-04-24 14:16:00,VIR,8.079999923706055,8.079999923706055,8.079999923706055,8.079999923706055,8.079999923706055,667.0
2024-04-24 14:16:00,VIRT,22.479999542236328,22.479999542236328,22.485000610351562,22.469999313354492,22.485000610351562,1740.0
2024-04-24 14:16:00,VKTX,65.27999877929688,65.27999877929688,65.27999877929688,65.18009948730469,65.25,773.0
2024-04-24 14:16:00,VMEO,3.5350000858306885,3.5350000858306885,3.5350000858306885,3.5350000858306885,3.5350000858306885,1032.0
2024-04-24 14:16:00,VNET,1.559999942779541,1.559999942779541,1.559999942779541,1.559999942779541,1.559999942779541,110.0
2024-04-24 14:16:00,VNOM,39.881900787353516,39.881900787353516,39.88999938964844,39.881900787353516,39.88999938964844,310.0
2024-04-24 14:16:00,VOD,8.616000175476074,8.616000175476074,8.616000175476074,8.609999656677246,8.609999656677246,2933.0
2024-04-24 14:16:00,VRRM,24.239999771118164,24.239999771118164,24.239999771118164,24.239999771118164,24.239999771118164,133.0
2024-04-24 14:16:00,VSAT,16.18000030517578,16.18000030517578,16.18000030517578,16.18000030517578,16.18000030517578,155.0
2024-04-24 14:16:00,VTNR,1.429900050163269,1.429900050163269,1.429900050163269,1.4199999570846558,1.4199999570846558,54441.0
2024-04-24 14:16:00,VTRS,11.4399995803833,11.4399995803833,11.444999694824219,11.4399995803833,11.444999694824219,15831.0
2024-04-24 14:16:00,VUZI,1.2999999523162842,1.2999999523162842,1.2999999523162842,1.2999999523162842,1.2999999523162842,0.0
2024-04-24 14:16:00,VYGR,7.480000019073486,7.480000019073486,7.480000019073486,7.480000019073486,7.480000019073486,2872.0
2024-04-24 14:16:00,WAFD,28.040000915527344,28.040000915527344,28.040000915527344,28.040000915527344,28.040000915527344,280.0
2024-04-24 14:16:00,WB,8.329999923706055,8.329999923706055,8.335000038146973,8.329999923706055,8.335000038146973,862.0
2024-04-24 14:16:00,WBA,17.71179962158203,17.71179962158203,17.716400146484375,17.709999084472656,17.71500015258789,7059.0
2024-04-24 14:16:00,WBD,8.314800262451172,8.314800262451172,8.314800262451172,8.310999870300293,8.314000129699707,2807.0
2024-04-24 14:16:00,WDAY,256.1199951171875,256.1199951171875,256.2250061035156,256.1050109863281,256.2250061035156,666.0
2024-04-24 14:16:00,WDC,69.23500061035156,69.23500061035156,69.25,69.2300033569336,69.23999786376953,2488.0
2024-04-24 14:16:00,WDFC,227.27000427246094,227.27000427246094,227.63999938964844,227.27000427246094,227.63999938964844,638.0
2024-04-24 14:16:00,WEN,19.84760093688965,19.84760093688965,19.84760093688965,19.844999313354492,19.844999313354492,995.0
2024-04-24 14:16:00,WERN,35.29999923706055,35.29999923706055,35.29999923706055,35.250099182128906,35.250099182128906,810.0
2024-04-24 14:16:00,WFRD,122.70999908447266,122.70999908447266,122.70999908447266,122.70999908447266,122.70999908447266,587.0
2024-04-24 14:16:00,WIMI,1.0716999769210815,1.0716999769210815,1.0800000429153442,1.0700000524520874,1.0700000524520874,22500.0
2024-04-24 14:16:00,WISA,6.210000038146973,6.210000038146973,6.222700119018555,6.099999904632568,6.150000095367432,37600.0
2024-04-24 14:16:00,WKHS,0.16130000352859497,0.16130000352859497,0.1615000069141388,0.16130000352859497,0.1615000069141388,7433.0
2024-04-24 14:16:00,WMG,32.13999938964844,32.13999938964844,32.13999938964844,32.13999938964844,32.13999938964844,400.0
2024-04-24 14:16:00,WSBC,27.979999542236328,27.979999542236328,28.040000915527344,27.979999542236328,28.030000686645508,2357.0
2024-04-24 14:16:00,WSC,38.005001068115234,38.005001068115234,38.02000045776367,38.0,38.02000045776367,2549.0
2024-04-24 14:16:00,WTW,264.4599914550781,264.4599914550781,264.4599914550781,264.3599853515625,264.3599853515625,1103.0
2024-04-24 14:16:00,WVE,5.199999809265137,5.199999809265137,5.210000038146973,5.199999809265137,5.210000038146973,1133.0
2024-04-24 14:16:00,WWD,149.2550048828125,149.2550048828125,149.27499389648438,149.2550048828125,149.27499389648438,1886.0
2024-04-24 14:16:00,WYNN,96.80999755859375,96.80999755859375,96.80999755859375,96.79000091552734,96.79000091552734,955.0
2024-04-24 14:16:00,XEL,55.415000915527344,55.415000915527344,55.415000915527344,55.380001068115234,55.380001068115234,5162.0
2024-04-24 14:16:00,XENE,39.84000015258789,39.84000015258789,39.84000015258789,39.84000015258789,39.84000015258789,520.0
2024-04-24 14:16:00,XFOR,1.2450000047683716,1.2450000047683716,1.2490999698638916,1.2450000047683716,1.2490999698638916,1725.0
2024-04-24 14:16:00,XLO,1.0880000591278076,1.0880000591278076,1.090000033378601,1.0750000476837158,1.0750000476837158,7954.0
2024-04-24 14:16:00,XMTR,16.90999984741211,16.90999984741211,16.94099998474121,16.90999984741211,16.94099998474121,9349.0
2024-04-24 14:16:00,XP,20.514999389648438,20.514999389648438,20.514999389648438,20.510000228881836,20.510000228881836,5396.0
2024-04-24 14:16:00,XRX,14.437399864196777,14.437399864196777,14.437399864196777,14.395000457763672,14.399999618530273,28012.0
2024-04-24 14:16:00,XXII,1.8863999843597412,1.8863999843597412,1.8899999856948853,1.8799999952316284,1.8873000144958496,2144.0
2024-04-24 14:16:00,YHGJ,1.350000023841858,1.350000023841858,1.350000023841858,1.350000023841858,1.350000023841858,1104.0
2024-04-24 14:16:00,YTRA,1.2999999523162842,1.2999999523162842,1.2999999523162842,1.2999999523162842,1.2999999523162842,900.0
2024-04-24 14:16:00,Z,43.59000015258789,43.59000015258789,43.59000015258789,43.560001373291016,43.58000183105469,4503.0
2024-04-24 14:16:00,ZBRA,276.8699951171875,276.8699951171875,276.8699951171875,276.8699951171875,276.8699951171875,216.0
2024-04-24 14:16:00,ZD,51.68000030517578,51.68000030517578,51.68000030517578,51.68000030517578,51.68000030517578,540.0
2024-04-24 14:16:00,ZG,43.029998779296875,43.029998779296875,43.060001373291016,43.029998779296875,43.060001373291016,1930.0
2024-04-24 14:16:00,ZIMV,15.75,15.75,15.75,15.75,15.75,1041.0
2024-04-24 14:16:00,ZION,42.09000015258789,42.09000015258789,42.09000015258789,42.09000015258789,42.09000015258789,806.0
2024-04-24 14:16:00,ZM,61.4900016784668,61.4900016784668,61.494998931884766,61.47999954223633,61.494998931884766,4712.0
2024-04-24 14:16:00,ZS,178.0500030517578,178.0500030517578,178.10000610351562,178.0500030517578,178.10000610351562,601.0
2024-04-24 14:16:00,ZURA,3.1600000858306885,3.1600000858306885,3.1600000858306885,3.1600000858306885,3.1600000858306885,539.0
2024-04-24 14:16:00,ZVRA,4.51140022277832,4.51140022277832,4.53000020980835,4.510000228881836,4.519999980926514,5419.0
2024-04-24 14:16:00,ZVSA,0.6093999743461609,0.6093999743461609,0.6093999743461609,0.6093999743461609,0.6093999743461609,237.0
2024-04-24 14:16:00,ZYME,8.600000381469727,8.600000381469727,8.600000381469727,8.600000381469727,8.600000381469727,2495.0
2024-04-24 14:17:00,COCO,24.399999618530273,24.399999618530273,24.399999618530273,24.399999618530273,24.399999618530273,279.0
2024-04-24 14:17:00,DIBS,5.400000095367432,5.400000095367432,5.400000095367432,5.400000095367432,5.400000095367432,690.0
2024-04-24 14:17:00,DSP,8.645000457763672,8.645000457763672,8.645000457763672,8.645000457763672,8.645000457763672,362.0
2024-04-24 14:17:00,EGHT,2.3550000190734863,2.3550000190734863,2.3550000190734863,2.3550000190734863,2.3550000190734863,418.0
2024-04-24 14:17:00,ETNB,8.630000114440918,8.630000114440918,8.630000114440918,8.619999885559082,8.619999885559082,1690.0
2024-04-24 14:17:00,FDMT,24.635000228881836,24.635000228881836,24.637500762939453,24.635000228881836,24.637500762939453,202.0
2024-04-24 14:17:00,FREE,4.820000171661377,4.820000171661377,4.820000171661377,4.820000171661377,4.820000171661377,200.0
2024-04-24 14:17:00,MAPS,1.100000023841858,1.100000023841858,1.100000023841858,1.100000023841858,1.100000023841858,0.0
2024-04-24 14:17:00,ME,0.4713999927043915,0.4713999927043915,0.4715999960899353,0.47130000591278076,0.4715000092983246,6384.0
2024-04-24 14:17:00,SEAT,5.880000114440918,5.880000114440918,5.900000095367432,5.880000114440918,5.900000095367432,14390.0
2024-04-24 14:17:00,TSVT,4.289999961853027,4.289999961853027,4.289999961853027,4.289999961853027,4.289999961853027,1295.0
2024-04-24 14:17:00,TWOU,0.23739999532699585,0.23739999532699585,0.23849999904632568,0.23739999532699585,0.23849999904632568,1401.0
2024-04-24 14:17:00,TXG,27.225000381469727,27.225000381469727,27.25,27.225000381469727,27.25,3423.0
2024-04-24 14:17:00,VCTR,49.724998474121094,49.724998474121094,49.724998474121094,49.724998474121094,49.724998474121094,244.0
2024-04-24 14:17:00,VERU,1.350000023841858,1.350000023841858,1.350000023841858,1.340000033378601,1.340000033378601,1540.0
2024-04-24 14:17:00,VERV,6.570000171661377,6.570000171661377,6.570000171661377,6.570000171661377,6.570000171661377,1362.0
2024-04-24 14:17:00,VERX,29.280000686645508,29.280000686645508,29.290000915527344,29.260000228881836,29.260000228881836,3285.0
2024-04-24 14:17:00,VFS,2.4700000286102295,2.4700000286102295,2.4700000286102295,2.4649999141693115,2.4649999141693115,6940.0
2024-04-24 14:17:00,VIAV,7.965000152587891,7.965000152587891,7.965000152587891,7.965000152587891,7.965000152587891,368.0
2024-04-24 14:17:00,VICR,31.450000762939453,31.450000762939453,31.65999984741211,31.450000762939453,31.65999984741211,8257.0
2024-04-24 14:17:00,VIR,8.09000015258789,8.09000015258789,8.09000015258789,8.09000015258789,8.09000015258789,1618.0
2024-04-24 14:17:00,VIRC,10.670000076293945,10.670000076293945,10.680000305175781,10.670000076293945,10.680000305175781,366.0
2024-04-24 14:17:00,VIRT,22.46500015258789,22.46500015258789,22.469999313354492,22.46500015258789,22.46500015258789,2584.0
2024-04-24 14:17:00,VKTX,65.33999633789062,65.33999633789062,65.33999633789062,65.31999969482422,65.31999969482422,1585.0
2024-04-24 14:17:00,VNET,1.5549999475479126,1.5549999475479126,1.5549999475479126,1.5549999475479126,1.5549999475479126,181.0
2024-04-24 14:17:00,VNOM,39.86000061035156,39.86000061035156,39.88999938964844,39.86000061035156,39.88999938964844,1500.0
2024-04-24 14:17:00,VOD,8.609999656677246,8.609999656677246,8.614999771118164,8.609999656677246,8.609999656677246,3034.0
2024-04-24 14:17:00,VRCA,6.710000038146973,6.710000038146973,6.710000038146973,6.710000038146973,6.710000038146973,177.0
2024-04-24 14:17:00,VRDN,13.279999732971191,13.279999732971191,13.289999961853027,13.279999732971191,13.279999732971191,1617.0
2024-04-24 14:17:00,VRNA,15.460000038146973,15.460000038146973,15.470000267028809,15.460000038146973,15.470000267028809,1243.0
2024-04-24 14:17:00,VRRM,24.25,24.25,24.25,24.25,24.25,1777.0
2024-04-24 14:17:00,VSAT,16.18000030517578,16.18000030517578,16.18000030517578,16.18000030517578,16.18000030517578,664.0
2024-04-24 14:17:00,VSEC,79.0,79.0,79.06999969482422,79.0,79.0,1283.0
2024-04-24 14:17:00,VTGN,4.710000038146973,4.710000038146973,4.710000038146973,4.708600044250488,4.708600044250488,525.0
2024-04-24 14:17:00,VTNR,1.429900050163269,1.429900050163269,1.4299999475479126,1.4199999570846558,1.429800033569336,16853.0
2024-04-24 14:17:00,VTRS,11.4399995803833,11.4399995803833,11.4399995803833,11.4399995803833,11.4399995803833,2883.0
2024-04-24 14:17:00,VUZI,1.3049999475479126,1.3049999475479126,1.3049999475479126,1.3049999475479126,1.3049999475479126,758.0
2024-04-24 14:17:00,WAFD,28.040000915527344,28.040000915527344,28.040000915527344,28.040000915527344,28.040000915527344,1163.0
2024-04-24 14:17:00,WB,8.329999923706055,8.329999923706055,8.329999923706055,8.324999809265137,8.329999923706055,1304.0
2024-04-24 14:17:00,WBA,17.716699600219727,17.716699600219727,17.725000381469727,17.71500015258789,17.71500015258789,12825.0
2024-04-24 14:17:00,WBD,8.3100004196167,8.3100004196167,8.3149995803833,8.3100004196167,8.3149995803833,17059.0
2024-04-24 14:17:00,WDAY,256.19000244140625,256.19000244140625,256.3299865722656,256.1050109863281,256.25,2090.0
2024-04-24 14:17:00,WDC,69.23500061035156,69.23500061035156,69.26899719238281,69.22000122070312,69.25,7951.0
2024-04-24 14:17:00,WEN,19.844999313354492,19.844999313354492,19.850000381469727,19.844999313354492,19.844999313354492,5587.0
2024-04-24 14:17:00,WERN,35.25,35.25,35.290000915527344,35.25,35.290000915527344,555.0
2024-04-24 14:17:00,WFRD,122.63150024414062,122.63150024414062,122.63150024414062,122.58000183105469,122.58999633789062,1178.0
2024-04-24 14:17:00,WHFCL,25.100000381469727,25.100000381469727,25.100000381469727,25.100000381469727,25.100000381469727,2400.0
2024-04-24 14:17:00,WIMI,1.1100000143051147,1.1100000143051147,1.1150000095367432,1.0800000429153442,1.0800000429153442,240473.0
2024-04-24 14:17:00,WISA,6.2006001472473145,6.2006001472473145,6.21999979019165,6.1585001945495605,6.199999809265137,14067.0
2024-04-24 14:17:00,WIX,122.48500061035156,122.48500061035156,122.48500061035156,122.48500061035156,122.48500061035156,714.0
2024-04-24 14:17:00,WKHS,0.1615000069141388,0.1615000069141388,0.1615000069141388,0.16130000352859497,0.16130000352859497,21508.0
2024-04-24 14:17:00,WKSP,0.39489999413490295,0.39489999413490295,0.39489999413490295,0.39489999413490295,0.39489999413490295,0.0
2024-04-24 14:17:00,WMG,32.13999938964844,32.13999938964844,32.14500045776367,32.1349983215332,32.13999938964844,1352.0
2024-04-24 14:17:00,WSBC,28.040000915527344,28.040000915527344,28.040000915527344,28.040000915527344,28.040000915527344,743.0
2024-04-24 14:17:00,WSBF,12.140000343322754,12.140000343322754,12.140000343322754,12.140000343322754,12.140000343322754,1368.0
2024-04-24 14:17:00,WSC,38.0,38.0,38.0099983215332,37.970001220703125,37.9900016784668,8021.0
2024-04-24 14:17:00,WTW,264.2799987792969,264.2799987792969,264.2799987792969,264.2799987792969,264.2799987792969,183.0
2024-04-24 14:17:00,WVE,5.190000057220459,5.190000057220459,5.190000057220459,5.190000057220459,5.190000057220459,918.0
2024-04-24 14:17:00,WW,1.6649999618530273,1.6649999618530273,1.6649999618530273,1.6649999618530273,1.6649999618530273,507.0
2024-04-24 14:17:00,WYNN,96.80000305175781,96.80000305175781,96.83999633789062,96.79219818115234,96.79219818115234,2604.0
2024-04-24 14:17:00,XEL,55.3849983215332,55.3849983215332,55.43000030517578,55.3849983215332,55.415000915527344,7837.0
2024-04-24 14:17:00,XERS,1.763800024986267,1.763800024986267,1.763800024986267,1.763800024986267,1.763800024986267,1211.0
2024-04-24 14:17:00,XMTR,16.889999389648438,16.889999389648438,16.895999908447266,16.889999389648438,16.895999908447266,2366.0
2024-04-24 14:17:00,XNCR,18.760000228881836,18.760000228881836,18.760000228881836,18.739999771118164,18.739999771118164,1781.0
2024-04-24 14:17:00,XP,20.514999389648438,20.514999389648438,20.520000457763672,20.514999389648438,20.514999389648438,3629.0
2024-04-24 14:17:00,XRX,14.420000076293945,14.420000076293945,14.4399995803833,14.420000076293945,14.4350004196167,11805.0
2024-04-24 14:17:00,XXII,1.8788000345230103,1.8788000345230103,1.8799999952316284,1.8601000308990479,1.8799999952316284,10125.0
2024-04-24 14:17:00,YHGJ,1.3600000143051147,1.3600000143051147,1.3600000143051147,1.3600000143051147,1.3600000143051147,2756.0
2024-04-24 14:17:00,Z,43.56999969482422,43.56999969482422,43.58000183105469,43.56999969482422,43.58000183105469,839.0
2024-04-24 14:17:00,ZAPP,4.0,4.0,4.0,4.0,4.0,968.0
2024-04-24 14:17:00,ZBRA,276.989990234375,276.989990234375,276.989990234375,276.989990234375,276.989990234375,130.0
2024-04-24 14:17:00,ZG,43.029998779296875,43.029998779296875,43.029998779296875,43.02000045776367,43.02000045776367,605.0
2024-04-24 14:17:00,ZI,15.8149995803833,15.8149995803833,15.819999694824219,15.8100004196167,15.819999694824219,882.0
2024-04-24 14:17:00,ZION,42.060001373291016,42.060001373291016,42.11000061035156,42.060001373291016,42.099998474121094,3073.0
2024-04-24 14:17:00,ZLAB,15.529999732971191,15.529999732971191,15.53499984741211,15.520000457763672,15.520000457763672,1088.0
2024-04-24 14:17:00,ZM,61.474998474121094,61.474998474121094,61.4900016784668,61.46500015258789,61.4900016784668,3756.0
2024-04-24 14:17:00,ZNTL,11.645000457763672,11.645000457763672,11.649999618530273,11.645000457763672,11.649999618530273,1142.0
2024-04-24 14:17:00,ZS,178.2899932861328,178.2899932861328,178.2899932861328,178.14999389648438,178.22999572753906,7482.0
2024-04-24 14:17:00,ZUMZ,17.350000381469727,17.350000381469727,17.350000381469727,17.309999465942383,17.309999465942383,2083.0
2024-04-24 14:17:00,ZURA,3.200000047683716,3.200000047683716,3.200000047683716,3.130000114440918,3.140000104904175,8992.0
2024-04-24 14:17:00,ZVRA,4.53000020980835,4.53000020980835,4.53000020980835,4.519999980926514,4.525000095367432,1106.0
2024-04-24 14:17:00,ZVSA,0.6000000238418579,0.6000000238418579,0.6000000238418579,0.6000000238418579,0.6000000238418579,1612.0
2024-04-24 14:18:00,COCO,24.399999618530273,24.399999618530273,24.399999618530273,24.388700485229492,24.388700485229492,2052.0
2024-04-24 14:18:00,DSP,8.630000114440918,8.630000114440918,8.630000114440918,8.619999885559082,8.619999885559082,1531.0
2024-04-24 14:18:00,EGHT,2.359999895095825,2.359999895095825,2.359999895095825,2.3550000190734863,2.3550000190734863,1800.0
2024-04-24 14:18:00,FDMT,24.594999313354492,24.594999313354492,24.635000228881836,24.594999313354492,24.635000228881836,669.0
2024-04-24 14:18:00,FEAM,1.159999966621399,1.159999966621399,1.159999966621399,1.159999966621399,1.159999966621399,211.0
2024-04-24 14:18:00,MAPS,1.100000023841858,1.100000023841858,1.100000023841858,1.100000023841858,1.100000023841858,100.0
2024-04-24 14:18:00,MASS,5.690000057220459,5.690000057220459,5.699999809265137,5.679999828338623,5.679999828338623,1361.0
2024-04-24 14:18:00,ME,0.4715999960899353,0.4715999960899353,0.4715999960899353,0.4715999960899353,0.4715999960899353,600.0
2024-04-24 14:18:00,SEAT,5.875,5.875,5.875,5.875,5.875,302.0
2024-04-24 14:18:00,TSVT,4.295000076293945,4.295000076293945,4.295000076293945,4.295000076293945,4.295000076293945,172.0
2024-04-24 14:18:00,VABK,24.450000762939453,24.450000762939453,24.450000762939453,24.450000762939453,24.450000762939453,335.0
2024-04-24 14:18:00,VCTR,49.7599983215332,49.7599983215332,49.7599983215332,49.7400016784668,49.7400016784668,921.0
2024-04-24 14:18:00,VERU,1.350000023841858,1.350000023841858,1.350000023841858,1.340000033378601,1.350000023841858,1120.0
2024-04-24 14:18:00,VERV,6.570000171661377,6.570000171661377,6.579999923706055,6.570000171661377,6.570000171661377,3703.0
2024-04-24 14:18:00,VERX,29.290000915527344,29.290000915527344,29.290000915527344,29.290000915527344,29.290000915527344,104.0
2024-04-24 14:18:00,VICR,31.260000228881836,31.260000228881836,31.43000030517578,31.260000228881836,31.43000030517578,4253.0
2024-04-24 14:18:00,VIGL,2.757200002670288,2.757200002670288,2.757200002670288,2.757200002670288,2.757200002670288,292.0
2024-04-24 14:18:00,VIRC,10.680000305175781,10.680000305175781,10.680000305175781,10.680000305175781,10.680000305175781,313.0
2024-04-24 14:18:00,VIRT,22.46500015258789,22.46500015258789,22.46500015258789,22.46500015258789,22.46500015258789,813.0
2024-04-24 14:18:00,VITL,26.75,26.75,26.7549991607666,26.75,26.7549991607666,988.0
2024-04-24 14:18:00,VKTX,65.4000015258789,65.4000015258789,65.4000015258789,65.4000015258789,65.4000015258789,258.0
2024-04-24 14:18:00,VMEO,3.5350000858306885,3.5350000858306885,3.5399999618530273,3.5350000858306885,3.5399999618530273,2137.0
2024-04-24 14:18:00,VNOM,39.849998474121094,39.849998474121094,39.849998474121094,39.849998474121094,39.849998474121094,324.0
2024-04-24 14:18:00,VOD,8.604999542236328,8.604999542236328,8.614500045776367,8.604999542236328,8.614500045776367,17213.0
2024-04-24 14:18:00,VRDN,13.289999961853027,13.289999961853027,13.289999961853027,13.289999961853027,13.289999961853027,646.0
2024-04-24 14:18:00,VRNA,15.5,15.5,15.5,15.470000267028809,15.470000267028809,2694.0
2024-04-24 14:18:00,VRRM,24.2549991607666,24.2549991607666,24.2549991607666,24.25,24.25,816.0
2024-04-24 14:18:00,VTNR,1.420699954032898,1.420699954032898,1.434999942779541,1.4149999618530273,1.4299999475479126,36731.0
2024-04-24 14:18:00,VTRS,11.4399995803833,11.4399995803833,11.4399995803833,11.430000305175781,11.430000305175781,1329.0
2024-04-24 14:18:00,VUZI,1.309999942779541,1.309999942779541,1.309999942779541,1.309999942779541,1.309999942779541,466.0
2024-04-24 14:18:00,WB,8.328800201416016,8.328800201416016,8.328800201416016,8.328800201416016,8.328800201416016,1091.0
2024-04-24 14:18:00,WBA,17.71500015258789,17.71500015258789,17.719900131225586,17.709999084472656,17.71500015258789,5417.0
2024-04-24 14:18:00,WBD,8.305000305175781,8.305000305175781,8.305000305175781,8.300000190734863,8.303000450134277,5700.0
2024-04-24 14:18:00,WDAY,256.20001220703125,256.20001220703125,256.29998779296875,256.18499755859375,256.260009765625,1089.0
2024-04-24 14:18:00,WDC,69.26499938964844,69.26499938964844,69.26499938964844,69.19999694824219,69.23500061035156,3506.0
2024-04-24 14:18:00,WEN,19.844999313354492,19.844999313354492,19.844999313354492,19.844999313354492,19.844999313354492,1616.0
2024-04-24 14:18:00,WERN,35.25,35.25,35.279998779296875,35.25,35.279998779296875,1028.0
2024-04-24 14:18:00,WFRD,122.62000274658203,122.62000274658203,122.62000274658203,122.62000274658203,122.62000274658203,220.0
2024-04-24 14:18:00,WIMI,1.090000033378601,1.090000033378601,1.1100000143051147,1.0800000429153442,1.100000023841858,52871.0
2024-04-24 14:18:00,WISA,6.17080020904541,6.17080020904541,6.239999771118164,6.170100212097168,6.21999979019165,9211.0
2024-04-24 14:18:00,WIX,122.48500061035156,122.48500061035156,122.48500061035156,122.48500061035156,122.48500061035156,209.0
2024-04-24 14:18:00,WKHS,0.16110000014305115,0.16110000014305115,0.16130000352859497,0.16110000014305115,0.16130000352859497,4226.0
2024-04-24 14:18:00,WKSP,0.39500001072883606,0.39500001072883606,0.39500001072883606,0.39489999413490295,0.39489999413490295,0.0
2024-04-24 14:18:00,WMG,32.119998931884766,32.119998931884766,32.130001068115234,32.1150016784668,32.130001068115234,2422.0
2024-04-24 14:18:00,WSC,38.02000045776367,38.02000045776367,38.02000045776367,38.0,38.0,1132.0
2024-04-24 14:18:00,WTFC,99.8499984741211,99.8499984741211,99.8499984741211,99.83999633789062,99.83999633789062,292.0
2024-04-24 14:18:00,WTW,264.260009765625,264.260009765625,264.260009765625,264.260009765625,264.260009765625,570.0
2024-04-24 14:18:00,WW,1.659999966621399,1.659999966621399,1.659999966621399,1.659999966621399,1.659999966621399,1342.0
2024-04-24 14:18:00,WYNN,96.82499694824219,96.82499694824219,96.82499694824219,96.80999755859375,96.80999755859375,1064.0
2024-04-24 14:18:00,XEL,55.39500045776367,55.39500045776367,55.400001525878906,55.380001068115234,55.380001068115234,3353.0
2024-04-24 14:18:00,XERS,1.7599999904632568,1.7599999904632568,1.7599999904632568,1.7599999904632568,1.7599999904632568,400.0
2024-04-24 14:18:00,XP,20.510000228881836,20.510000228881836,20.514999389648438,20.5049991607666,20.514999389648438,6250.0
2024-04-24 14:18:00,XPEL,55.040000915527344,55.040000915527344,55.040000915527344,55.040000915527344,55.040000915527344,558.0
2024-04-24 14:18:00,XRX,14.414999961853027,14.414999961853027,14.418800354003906,14.414999961853027,14.418800354003906,1524.0
2024-04-24 14:18:00,Z,43.54999923706055,43.54999923706055,43.560001373291016,43.54999923706055,43.560001373291016,821.0
2024-04-24 14:18:00,ZBRA,276.9049987792969,276.9049987792969,276.9049987792969,276.9049987792969,276.9049987792969,119.0
2024-04-24 14:18:00,ZG,43.02000045776367,43.02000045776367,43.02000045776367,43.02000045776367,43.02000045776367,122.0
2024-04-24 14:18:00,ZI,15.819999694824219,15.819999694824219,15.819999694824219,15.819999694824219,15.819999694824219,1005.0
2024-04-24 14:18:00,ZION,42.08000183105469,42.08000183105469,42.08000183105469,42.06999969482422,42.06999969482422,1690.0
2024-04-24 14:18:00,ZLAB,15.531999588012695,15.531999588012695,15.531999588012695,15.531999588012695,15.531999588012695,741.0
2024-04-24 14:18:00,ZM,61.4900016784668,61.4900016784668,61.4900016784668,61.470001220703125,61.470001220703125,3452.0
2024-04-24 14:18:00,ZS,178.2873992919922,178.2873992919922,178.2873992919922,178.28500366210938,178.28500366210938,903.0
2024-04-24 14:18:00,ZUMZ,17.3700008392334,17.3700008392334,17.3700008392334,17.3700008392334,17.3700008392334,329.0
2024-04-24 14:18:00,ZURA,3.180000066757202,3.180000066757202,3.180000066757202,3.180000066757202,3.180000066757202,185.0
2024-04-24 14:18:00,ZVRA,4.53000020980835,4.53000020980835,4.53000020980835,4.511499881744385,4.53000020980835,1617.0
2024-04-24 14:18:00,ZVSA,0.6069999933242798,0.6069999933242798,0.6069999933242798,0.6069999933242798,0.6069999933242798,450.0
2024-04-24 14:19:00,COCO,24.389999389648438,24.389999389648438,24.399999618530273,24.389999389648438,24.399999618530273,1147.0
2024-04-24 14:19:00,DIBS,5.400000095367432,5.400000095367432,5.400000095367432,5.400000095367432,5.400000095367432,1297.0
2024-04-24 14:19:00,EGHT,2.3550000190734863,2.3550000190734863,2.3550000190734863,2.3550000190734863,2.3550000190734863,0.0
2024-04-24 14:19:00,MAPS,1.100000023841858,1.100000023841858,1.100000023841858,1.100000023841858,1.100000023841858,305.0
2024-04-24 14:19:00,MASS,5.684999942779541,5.684999942779541,5.690000057220459,5.684999942779541,5.690000057220459,97.0
2024-04-24 14:19:00,ME,0.4715999960899353,0.4715999960899353,0.4715999960899353,0.4715999960899353,0.4715999960899353,19.0
2024-04-24 14:19:00,SCWO,1.3250000476837158,1.3250000476837158,1.3250000476837158,1.3250000476837158,1.3250000476837158,1721.0
2024-04-24 14:19:00,SEAT,5.880000114440918,5.880000114440918,5.880000114440918,5.875,5.875,764.0
2024-04-24 14:19:00,TSVT,4.28000020980835,4.28000020980835,4.295000076293945,4.28000020980835,4.295000076293945,1229.0
2024-04-24 14:19:00,TWOU,0.23810000717639923,0.23810000717639923,0.23810000717639923,0.23810000717639923,0.23810000717639923,984.0
2024-04-24 14:19:00,TXG,27.239999771118164,27.239999771118164,27.239999771118164,27.239999771118164,27.239999771118164,601.0
2024-04-24 14:19:00,VCTR,49.77000045776367,49.77000045776367,49.77000045776367,49.77000045776367,49.77000045776367,841.0
2024-04-24 14:19:00,VERU,1.347499966621399,1.347499966621399,1.347499966621399,1.340000033378601,1.340000033378601,1203.0
2024-04-24 14:19:00,VERV,6.585000038146973,6.585000038146973,6.585000038146973,6.574999809265137,6.574999809265137,2309.0
2024-04-24 14:19:00,VERX,29.270000457763672,29.270000457763672,29.280000686645508,29.270000457763672,29.280000686645508,747.0
2024-04-24 14:19:00,VFS,2.4749999046325684,2.4749999046325684,2.4749999046325684,2.4649999141693115,2.4649999141693115,7549.0
2024-04-24 14:19:00,VIAV,7.960000038146973,7.960000038146973,7.960000038146973,7.960000038146973,7.960000038146973,500.0
2024-04-24 14:19:00,VIR,8.09000015258789,8.09000015258789,8.09000015258789,8.085000038146973,8.085000038146973,659.0
2024-04-24 14:19:00,VIRT,22.46500015258789,22.46500015258789,22.46500015258789,22.46500015258789,22.46500015258789,542.0
2024-04-24 14:19:00,VITL,26.7450008392334,26.7450008392334,26.760000228881836,26.7450008392334,26.75,2186.0
2024-04-24 14:19:00,VKTX,65.36000061035156,65.36000061035156,65.40499877929688,65.30999755859375,65.40499877929688,2659.0
2024-04-24 14:19:00,VMAR,0.5200999975204468,0.5200999975204468,0.5400999784469604,0.5200999975204468,0.5400999784469604,19609.0
2024-04-24 14:19:00,VMEO,3.5350000858306885,3.5350000858306885,3.5350000858306885,3.5350000858306885,3.5350000858306885,1547.0
2024-04-24 14:19:00,VOD,8.605999946594238,8.605999946594238,8.605999946594238,8.605999946594238,8.605999946594238,288.0
2024-04-24 14:19:00,VRNA,15.520000457763672,15.520000457763672,15.520000457763672,15.520000457763672,15.520000457763672,728.0
2024-04-24 14:19:00,VTNR,1.429800033569336,1.429800033569336,1.429800033569336,1.4199999570846558,1.4199999570846558,1668.0
2024-04-24 14:19:00,VTRS,11.444999694824219,11.444999694824219,11.449999809265137,11.4399995803833,11.4399995803833,15024.0
2024-04-24 14:19:00,VWE,0.27649998664855957,0.27649998664855957,0.27649998664855957,0.27649998664855957,0.27649998664855957,200.0
2024-04-24 14:19:00,VYGR,7.485000133514404,7.485000133514404,7.485000133514404,7.485000133514404,7.485000133514404,109.0
2024-04-24 14:19:00,WB,8.324999809265137,8.324999809265137,8.324999809265137,8.324999809265137,8.324999809265137,338.0
2024-04-24 14:19:00,WBA,17.709999084472656,17.709999084472656,17.717500686645508,17.709999084472656,17.71500015258789,6007.0
2024-04-24 14:19:00,WBD,8.305000305175781,8.305000305175781,8.305000305175781,8.301400184631348,8.304499626159668,14471.0
2024-04-24 14:19:00,WDAY,256.3299865722656,256.3299865722656,256.3299865722656,256.2650146484375,256.2650146484375,228.0
2024-04-24 14:19:00,WDC,69.27999877929688,69.27999877929688,69.29000091552734,69.27999877929688,69.27999877929688,2782.0
2024-04-24 14:19:00,WERN,35.209999084472656,35.209999084472656,35.25,35.209999084472656,35.25,2434.0
2024-04-24 14:19:00,WFRD,122.77999877929688,122.77999877929688,122.77999877929688,122.70999908447266,122.70999908447266,1716.0
2024-04-24 14:19:00,WHF,12.869999885559082,12.869999885559082,12.869999885559082,12.869999885559082,12.869999885559082,4.0
2024-04-24 14:19:00,WIMI,1.100000023841858,1.100000023841858,1.100000023841858,1.0801000595092773,1.0801000595092773,61054.0
2024-04-24 14:19:00,WING,365.2900085449219,365.2900085449219,365.760009765625,365.2799987792969,365.760009765625,4423.0
2024-04-24 14:19:00,WISA,6.1722002029418945,6.1722002029418945,6.195000171661377,6.170000076293945,6.194200038909912,4287.0
2024-04-24 14:19:00,WIX,122.49500274658203,122.49500274658203,122.63999938964844,122.48500061035156,122.48500061035156,662.0
2024-04-24 14:19:00,WKHS,0.16130000352859497,0.16130000352859497,0.16130000352859497,0.16110000014305115,0.16130000352859497,15000.0
2024-04-24 14:19:00,WKSP,0.38449999690055847,0.38449999690055847,0.38449999690055847,0.38449999690055847,0.38449999690055847,200.0
2024-04-24 14:19:00,WMG,32.119998931884766,32.119998931884766,32.119998931884766,32.119998931884766,32.119998931884766,465.0
2024-04-24 14:19:00,WSBF,12.15999984741211,12.15999984741211,12.170000076293945,12.149999618530273,12.149999618530273,1231.0
2024-04-24 14:19:00,WSC,37.994998931884766,37.994998931884766,38.040000915527344,37.9900016784668,38.040000915527344,5588.0
2024-04-24 14:19:00,WVE,5.179999828338623,5.179999828338623,5.179999828338623,5.179999828338623,5.179999828338623,400.0
2024-04-24 14:19:00,WW,1.659999966621399,1.659999966621399,1.666100025177002,1.659999966621399,1.659999966621399,1353.0
2024-04-24 14:19:00,WYNN,96.82499694824219,96.82499694824219,96.82499694824219,96.82499694824219,96.82499694824219,501.0
2024-04-24 14:19:00,XEL,55.404998779296875,55.404998779296875,55.404998779296875,55.380001068115234,55.400001525878906,6215.0
2024-04-24 14:19:00,XERS,1.7599999904632568,1.7599999904632568,1.7649999856948853,1.7599999904632568,1.7649999856948853,300.0
2024-04-24 14:19:00,XFOR,1.2450000047683716,1.2450000047683716,1.2450000047683716,1.2450000047683716,1.2450000047683716,792.0
2024-04-24 14:19:00,XNCR,18.770000457763672,18.770000457763672,18.78499984741211,18.770000457763672,18.78499984741211,692.0
2024-04-24 14:19:00,XP,20.5,20.5,20.514999389648438,20.5,20.514999389648438,2910.0
2024-04-24 14:19:00,XRX,14.395000457763672,14.395000457763672,14.420000076293945,14.395000457763672,14.40999984741211,6389.0
2024-04-24 14:19:00,YHGJ,1.3600000143051147,1.3600000143051147,1.3600000143051147,1.3600000143051147,1.3600000143051147,0.0
2024-04-24 14:19:00,YTRA,1.2899999618530273,1.2899999618530273,1.2999999523162842,1.2899999618530273,1.2999999523162842,600.0
2024-04-24 14:19:00,Z,43.54999923706055,43.54999923706055,43.56999969482422,43.54999923706055,43.54999923706055,1642.0
2024-04-24 14:19:00,ZBRA,276.9849853515625,276.9849853515625,276.9849853515625,276.9849853515625,276.9849853515625,306.0
2024-04-24 14:19:00,ZENV,2.190000057220459,2.190000057220459,2.190000057220459,2.190000057220459,2.190000057220459,210.0
2024-04-24 14:19:00,ZION,42.084999084472656,42.084999084472656,42.084999084472656,42.06999969482422,42.06999969482422,1664.0
2024-04-24 14:19:00,ZM,61.47999954223633,61.47999954223633,61.4900016784668,61.474998474121094,61.4900016784668,2566.0
2024-04-24 14:19:00,ZNTL,11.649999618530273,11.649999618530273,11.649999618530273,11.649999618530273,11.649999618530273,424.0
2024-04-24 14:19:00,ZURA,3.1600000858306885,3.1600000858306885,3.1600000858306885,3.1600000858306885,3.1600000858306885,1531.0
2024-04-24 14:19:00,ZVSA,0.6000000238418579,0.6000000238418579,0.6065999865531921,0.6000000238418579,0.6065999865531921,222.0
2024-04-24 14:20:00,DSP,8.59000015258789,8.59000015258789,8.604999542236328,8.59000015258789,8.59000015258789,1165.0
2024-04-24 14:20:00,EGHT,2.3550000190734863,2.3550000190734863,2.3550000190734863,2.3550000190734863,2.3550000190734863,500.0
2024-04-24 14:20:00,ETNB,8.619999885559082,8.619999885559082,8.619999885559082,8.619999885559082,8.619999885559082,643.0
2024-04-24 14:20:00,FDMT,24.540000915527344,24.540000915527344,24.59000015258789,24.540000915527344,24.59000015258789,876.0
2024-04-24 14:20:00,FLWS,9.100000381469727,9.100000381469727,9.100000381469727,9.100000381469727,9.100000381469727,352.0
2024-04-24 14:20:00,MAPS,1.100000023841858,1.100000023841858,1.100000023841858,1.100000023841858,1.100000023841858,300.0
2024-04-24 14:20:00,SEAT,5.875,5.875,5.880000114440918,5.875,5.880000114440918,295.0
2024-04-24 14:20:00,SXTP,0.23999999463558197,0.23999999463558197,0.23999999463558197,0.23999999463558197,0.23999999463558197,4198.0
2024-04-24 14:20:00,TSVT,4.284999847412109,4.284999847412109,4.284999847412109,4.284999847412109,4.284999847412109,122.0
2024-04-24 14:20:00,TWOU,0.23839999735355377,0.23839999735355377,0.23839999735355377,0.23749999701976776,0.23810000717639923,3213.0
2024-04-24 14:20:00,TXG,27.239999771118164,27.239999771118164,27.239999771118164,27.229999542236328,27.229999542236328,2174.0
2024-04-24 14:20:00,VC,111.04000091552734,111.04000091552734,111.04000091552734,111.04000091552734,111.04000091552734,137.0
2024-04-24 14:20:00,VERU,1.350000023841858,1.350000023841858,1.350000023841858,1.3450000286102295,1.3450000286102295,733.0
2024-04-24 14:20:00,VERV,6.59499979019165,6.59499979019165,6.59499979019165,6.579999923706055,6.585000038146973,3553.0
2024-04-24 14:20:00,VERX,29.229999542236328,29.229999542236328,29.280000686645508,29.229999542236328,29.280000686645508,4513.0
2024-04-24 14:20:00,VIAV,7.960000038146973,7.960000038146973,7.960000038146973,7.960000038146973,7.960000038146973,835.0
2024-04-24 14:20:00,VICR,31.34000015258789,31.34000015258789,31.3799991607666,31.2450008392334,31.25,4411.0
2024-04-24 14:20:00,VIR,8.085000038146973,8.085000038146973,8.09000015258789,8.085000038146973,8.09000015258789,2536.0
2024-04-24 14:20:00,VIRT,22.450000762939453,22.450000762939453,22.469999313354492,22.450000762939453,22.469999313354492,2659.0
2024-04-24 14:20:00,VKTX,65.29660034179688,65.29660034179688,65.29660034179688,65.29660034179688,65.29660034179688,1182.0
2024-04-24 14:20:00,VNOM,39.81999969482422,39.81999969482422,39.84000015258789,39.81999969482422,39.84000015258789,1030.0
2024-04-24 14:20:00,VOD,8.604999542236328,8.604999542236328,8.608799934387207,8.604999542236328,8.604999542236328,2829.0
2024-04-24 14:20:00,VRRM,24.239999771118164,24.239999771118164,24.25,24.239999771118164,24.25,543.0
2024-04-24 14:20:00,VRTX,400.7699890136719,400.7699890136719,400.7699890136719,400.7699890136719,400.7699890136719,874.0
2024-04-24 14:20:00,VSAT,16.18000030517578,16.18000030517578,16.18000030517578,16.18000030517578,16.18000030517578,817.0
2024-04-24 14:20:00,VSEC,78.7699966430664,78.7699966430664,78.83999633789062,78.7699966430664,78.83999633789062,1110.0
2024-04-24 14:20:00,VTNR,1.440000057220459,1.440000057220459,1.440000057220459,1.4299999475479126,1.4299999475479126,7974.0
2024-04-24 14:20:00,VTRS,11.444999694824219,11.444999694824219,11.449999809265137,11.444999694824219,11.444999694824219,1484.0
2024-04-24 14:20:00,VWE,0.27399998903274536,0.27399998903274536,0.2930000126361847,0.2549999952316284,0.27399998903274536,11896.0
2024-04-24 14:20:00,WB,8.324999809265137,8.324999809265137,8.324999809265137,8.324999809265137,8.324999809265137,438.0
2024-04-24 14:20:00,WBA,17.71500015258789,17.71500015258789,17.719900131225586,17.709999084472656,17.71500015258789,7489.0
2024-04-24 14:20:00,WBD,8.300100326538086,8.300100326538086,8.3100004196167,8.300100326538086,8.305000305175781,12842.0
2024-04-24 14:20:00,WDAY,256.25,256.25,256.3349914550781,256.2300109863281,256.3349914550781,496.0
2024-04-24 14:20:00,WDC,69.23999786376953,69.23999786376953,69.31999969482422,69.23999786376953,69.2750015258789,3369.0
2024-04-24 14:20:00,WEN,19.844999313354492,19.844999313354492,19.844999313354492,19.844999313354492,19.844999313354492,1979.0
2024-04-24 14:20:00,WERN,35.20000076293945,35.20000076293945,35.21500015258789,35.20000076293945,35.21500015258789,1284.0
2024-04-24 14:20:00,WFRD,122.95500183105469,122.95500183105469,123.05999755859375,122.77999877929688,122.77999877929688,6525.0
2024-04-24 14:20:00,WHFCL,25.049999237060547,25.049999237060547,25.049999237060547,25.049999237060547,25.049999237060547,874.0
2024-04-24 14:20:00,WIMI,1.0850000381469727,1.0850000381469727,1.100000023841858,1.0800000429153442,1.092900037765503,32934.0
2024-04-24 14:20:00,WISA,6.2179999351501465,6.2179999351501465,6.21999979019165,6.170000076293945,6.172699928283691,9487.0
2024-04-24 14:20:00,WKHS,0.16110000014305115,0.16110000014305115,0.1615000069141388,0.16110000014305115,0.1615000069141388,0.0
2024-04-24 14:20:00,WMG,32.099998474121094,32.099998474121094,32.11000061035156,32.099998474121094,32.11000061035156,1791.0
2024-04-24 14:20:00,WSC,38.02000045776367,38.02000045776367,38.02000045776367,38.02000045776367,38.02000045776367,483.0
2024-04-24 14:20:00,WTW,264.0899963378906,264.0899963378906,264.0899963378906,264.0899963378906,264.0899963378906,611.0
2024-04-24 14:20:00,WVE,5.190000057220459,5.190000057220459,5.190000057220459,5.190000057220459,5.190000057220459,25.0
2024-04-24 14:20:00,WW,1.6549999713897705,1.6549999713897705,1.6649999618530273,1.6549999713897705,1.659999966621399,22294.0
2024-04-24 14:20:00,WYNN,96.79499816894531,96.79499816894531,96.79499816894531,96.79499816894531,96.79499816894531,217.0
2024-04-24 14:20:00,XEL,55.3849983215332,55.3849983215332,55.40999984741211,55.380001068115234,55.400001525878906,5068.0
2024-04-24 14:20:00,XENE,39.88999938964844,39.88999938964844,39.900001525878906,39.8849983215332,39.88999938964844,1269.0
2024-04-24 14:20:00,XERS,1.7649999856948853,1.7649999856948853,1.7649999856948853,1.7599999904632568,1.7599999904632568,960.0
2024-04-24 14:20:00,XFOR,1.2450000047683716,1.2450000047683716,1.2450000047683716,1.2450000047683716,1.2450000047683716,214.0
2024-04-24 14:20:00,XMTR,16.899999618530273,16.899999618530273,16.90999984741211,16.899999618530273,16.90999984741211,342.0
2024-04-24 14:20:00,XP,20.489999771118164,20.489999771118164,20.5049991607666,20.485000610351562,20.5049991607666,9218.0
2024-04-24 14:20:00,XRX,14.364999771118164,14.364999771118164,14.395000457763672,14.364999771118164,14.395000457763672,3825.0
2024-04-24 14:20:00,XWEL,1.7246999740600586,1.7246999740600586,1.7246999740600586,1.7246999740600586,1.7246999740600586,236.0
2024-04-24 14:20:00,XXII,1.8700000047683716,1.8700000047683716,1.8975000381469727,1.8700000047683716,1.8899999856948853,3754.0
2024-04-24 14:20:00,YORW,35.69499969482422,35.69499969482422,35.69499969482422,35.69499969482422,35.69499969482422,647.0
2024-04-24 14:20:00,Z,43.529998779296875,43.529998779296875,43.540000915527344,43.529998779296875,43.540000915527344,1398.0
2024-04-24 14:20:00,ZG,42.9900016784668,42.9900016784668,43.02000045776367,42.9900016784668,43.02000045776367,664.0
2024-04-24 14:20:00,ZI,15.8125,15.8125,15.8125,15.8125,15.8125,165.0
2024-04-24 14:20:00,ZION,42.08000183105469,42.08000183105469,42.08000183105469,42.08000183105469,42.08000183105469,1121.0
2024-04-24 14:20:00,ZM,61.474998474121094,61.474998474121094,61.494998931884766,61.470001220703125,61.47999954223633,3853.0
2024-04-24 14:20:00,ZNTL,11.640000343322754,11.640000343322754,11.649999618530273,11.640000343322754,11.649999618530273,337.0
2024-04-24 14:20:00,ZS,178.25999450683594,178.25999450683594,178.38999938964844,178.25999450683594,178.38999938964844,810.0
2024-04-24 14:20:00,ZURA,3.180000066757202,3.180000066757202,3.200000047683716,3.180000066757202,3.180000066757202,8707.0
2024-04-24 14:20:00,ZVSA,0.6019999980926514,0.6019999980926514,0.6064000129699707,0.6019999980926514,0.6064000129699707,534.0
2024-04-24 14:20:00,ZYME,8.579999923706055,8.579999923706055,8.59000015258789,8.579999923706055,8.59000015258789,706.0
2024-04-24 14:20:00,ZYXI,11.270000457763672,11.270000457763672,11.270000457763672,11.270000457763672,11.270000457763672,287.0
2024-04-24 14:21:00,COCO,24.3799991607666,24.3799991607666,24.3799991607666,24.3700008392334,24.3700008392334,1563.0
2024-04-24 14:21:00,DIBS,5.400000095367432,5.400000095367432,5.40500020980835,5.400000095367432,5.400000095367432,795.0
2024-04-24 14:21:00,EGHT,2.3499999046325684,2.3499999046325684,2.3499999046325684,2.3499999046325684,2.3499999046325684,100.0
2024-04-24 14:21:00,FLWS,9.100000381469727,9.100000381469727,9.100000381469727,9.100000381469727,9.100000381469727,142.0
2024-04-24 14:21:00,FREE,4.820000171661377,4.820000171661377,4.820000171661377,4.820000171661377,4.820000171661377,58.0
2024-04-24 14:21:00,MASS,5.690000057220459,5.690000057220459,5.690000057220459,5.690000057220459,5.690000057220459,200.0
2024-04-24 14:21:00,ME,0.47130000591278076,0.47130000591278076,0.47130000591278076,0.47130000591278076,0.47130000591278076,123.0
2024-04-24 14:21:00,SEAT,5.880000114440918,5.880000114440918,5.880000114440918,5.880000114440918,5.880000114440918,358.0
2024-04-24 14:21:00,SXTPW,0.08990000188350677,0.08990000188350677,0.08990000188350677,0.08990000188350677,0.08990000188350677,0.0
2024-04-24 14:21:00,TSVT,4.28000020980835,4.28000020980835,4.28000020980835,4.28000020980835,4.28000020980835,140.0
2024-04-24 14:21:00,TWOU,0.23720000684261322,0.23720000684261322,0.23849999904632568,0.23600000143051147,0.23839999735355377,2547.0
2024-04-24 14:21:00,TXG,27.25,27.25,27.25,27.25,27.25,440.0
2024-04-24 14:21:00,VABK,24.55500030517578,24.55500030517578,24.55500030517578,24.55500030517578,24.55500030517578,1683.0
2024-04-24 14:21:00,VERU,1.3407000303268433,1.3407000303268433,1.3407000303268433,1.340000033378601,1.340000033378601,5948.0
2024-04-24 14:21:00,VERV,6.599999904632568,6.599999904632568,6.599999904632568,6.59499979019165,6.59499979019165,896.0
2024-04-24 14:21:00,VERX,29.190000534057617,29.190000534057617,29.225000381469727,29.190000534057617,29.225000381469727,4195.0
2024-04-24 14:21:00,VFS,2.4749999046325684,2.4749999046325684,2.4749999046325684,2.4749999046325684,2.4749999046325684,1463.0
2024-04-24 14:21:00,VICR,31.280000686645508,31.280000686645508,31.280000686645508,31.280000686645508,31.280000686645508,657.0
2024-04-24 14:21:00,VIR,8.085000038146973,8.085000038146973,8.085000038146973,8.085000038146973,8.085000038146973,562.0
2024-04-24 14:21:00,VIRT,22.44499969482422,22.44499969482422,22.44499969482422,22.424999237060547,22.440000534057617,4050.0
2024-04-24 14:21:00,VITL,26.770000457763672,26.770000457763672,26.790000915527344,26.770000457763672,26.780000686645508,2684.0
2024-04-24 14:21:00,VIVK,1.4500999450683594,1.4500999450683594,1.4500999450683594,1.4500999450683594,1.4500999450683594,3822.0
2024-04-24 14:21:00,VKTX,65.25,65.25,65.36000061035156,65.20999908447266,65.25,4721.0
2024-04-24 14:21:00,VMEO,3.5350000858306885,3.5350000858306885,3.5350000858306885,3.5350000858306885,3.5350000858306885,1124.0
2024-04-24 14:21:00,VNET,1.559999942779541,1.559999942779541,1.559999942779541,1.559999942779541,1.559999942779541,1355.0
2024-04-24 14:21:00,VNOM,39.83000183105469,39.83000183105469,39.83000183105469,39.81999969482422,39.81999969482422,673.0
2024-04-24 14:21:00,VOD,8.605999946594238,8.605999946594238,8.607500076293945,8.604999542236328,8.607500076293945,1857.0
2024-04-24 14:21:00,VRDN,13.289999961853027,13.289999961853027,13.289999961853027,13.289999961853027,13.289999961853027,738.0
2024-04-24 14:21:00,VRRM,24.2549991607666,24.2549991607666,24.2549991607666,24.25,24.25,1247.0
2024-04-24 14:21:00,VRTX,400.739990234375,400.739990234375,400.739990234375,400.739990234375,400.739990234375,1308.0
2024-04-24 14:21:00,VTNR,1.434999942779541,1.434999942779541,1.4361000061035156,1.434999942779541,1.4361000061035156,1620.0
2024-04-24 14:21:00,VTRS,11.449999809265137,11.449999809265137,11.449999809265137,11.449999809265137,11.449999809265137,4237.0
2024-04-24 14:21:00,VTSI,12.3100004196167,12.3100004196167,12.3100004196167,12.3100004196167,12.3100004196167,560.0
2024-04-24 14:21:00,VUZI,1.2999999523162842,1.2999999523162842,1.3049999475479126,1.2999999523162842,1.3049999475479126,600.0
2024-04-24 14:21:00,VYGR,7.489999771118164,7.489999771118164,7.489999771118164,7.480000019073486,7.485000133514404,2446.0
2024-04-24 14:21:00,WAFD,28.06999969482422,28.06999969482422,28.06999969482422,28.059999465942383,28.059999465942383,1007.0
2024-04-24 14:21:00,WB,8.335000038146973,8.335000038146973,8.335000038146973,8.324999809265137,8.329999923706055,4606.0
2024-04-24 14:21:00,WBA,17.704999923706055,17.704999923706055,17.709999084472656,17.700000762939453,17.709999084472656,14794.0
2024-04-24 14:21:00,WBD,8.305000305175781,8.305000305175781,8.3100004196167,8.300000190734863,8.300000190734863,6468.0
2024-04-24 14:21:00,WDAY,256.385009765625,256.385009765625,256.385009765625,256.30499267578125,256.30499267578125,1017.0
2024-04-24 14:21:00,WDC,69.26000213623047,69.26000213623047,69.2699966430664,69.23999786376953,69.23999786376953,4109.0
2024-04-24 14:21:00,WEN,19.844999313354492,19.844999313354492,19.844999313354492,19.84000015258789,19.844999313354492,1123.0
2024-04-24 14:21:00,WERN,35.22999954223633,35.22999954223633,35.22999954223633,35.22999954223633,35.22999954223633,1207.0
2024-04-24 14:21:00,WFRD,123.04000091552734,123.04000091552734,123.04000091552734,122.9000015258789,122.9000015258789,1036.0
2024-04-24 14:21:00,WHFCL,25.049999237060547,25.049999237060547,25.049999237060547,25.049999237060547,25.049999237060547,1100.0
2024-04-24 14:21:00,WHLR,0.14300000667572021,0.14300000667572021,0.14300000667572021,0.14300000667572021,0.14300000667572021,412.0
2024-04-24 14:21:00,WIMI,1.0788999795913696,1.0788999795913696,1.0881999731063843,1.059999942779541,1.0881999731063843,41903.0
2024-04-24 14:21:00,WISA,6.195000171661377,6.195000171661377,6.212299823760986,6.184000015258789,6.184000015258789,3499.0
2024-04-24 14:21:00,WIX,122.49500274658203,122.49500274658203,122.49500274658203,122.49500274658203,122.49500274658203,849.0
2024-04-24 14:21:00,WKHS,0.16140000522136688,0.16140000522136688,0.1615000069141388,0.16140000522136688,0.1615000069141388,11050.0
2024-04-24 14:21:00,WLGS,0.5730000138282776,0.5730000138282776,0.5730000138282776,0.5730000138282776,0.5730000138282776,200.0
2024-04-24 14:21:00,WMG,32.119998931884766,32.119998931884766,32.119998931884766,32.099998474121094,32.099998474121094,2148.0
2024-04-24 14:21:00,WNEB,6.494999885559082,6.494999885559082,6.494999885559082,6.494999885559082,6.494999885559082,168.0
2024-04-24 14:21:00,WSBF,12.180000305175781,12.180000305175781,12.180000305175781,12.170000076293945,12.180000305175781,1993.0
2024-04-24 14:21:00,WSC,38.029998779296875,38.029998779296875,38.040000915527344,38.0099983215332,38.0099983215332,3379.0
2024-04-24 14:21:00,WVE,5.184999942779541,5.184999942779541,5.184999942779541,5.184999942779541,5.184999942779541,242.0
2024-04-24 14:21:00,WW,1.6649999618530273,1.6649999618530273,1.6649999618530273,1.6549999713897705,1.6549999713897705,22490.0
2024-04-24 14:21:00,WYNN,96.91999816894531,96.91999816894531,96.91999816894531,96.80000305175781,96.80000305175781,13092.0
2024-04-24 14:21:00,XEL,55.40999984741211,55.40999984741211,55.41999816894531,55.38999938964844,55.38999938964844,8306.0
2024-04-24 14:21:00,XENE,39.91999816894531,39.91999816894531,39.91999816894531,39.91999816894531,39.91999816894531,1499.0
2024-04-24 14:21:00,XERS,1.7649999856948853,1.7649999856948853,1.7649999856948853,1.7649999856948853,1.7649999856948853,373.0
2024-04-24 14:21:00,XMTR,16.927499771118164,16.927499771118164,16.927499771118164,16.899999618530273,16.899999618530273,2090.0
2024-04-24 14:21:00,XP,20.4950008392334,20.4950008392334,20.4950008392334,20.485000610351562,20.485000610351562,2640.0
2024-04-24 14:21:00,XRX,14.364999771118164,14.364999771118164,14.364999771118164,14.354999542236328,14.359999656677246,5871.0
2024-04-24 14:21:00,XXII,1.8724000453948975,1.8724000453948975,1.8763999938964844,1.8600000143051147,1.8600000143051147,2652.0
2024-04-24 14:21:00,YTRA,1.2999999523162842,1.2999999523162842,1.2999999523162842,1.2999999523162842,1.2999999523162842,800.0
2024-04-24 14:21:00,Z,43.4900016784668,43.4900016784668,43.540000915527344,43.47999954223633,43.540000915527344,3361.0
2024-04-24 14:21:00,ZBRA,276.864990234375,276.864990234375,276.864990234375,276.864990234375,276.864990234375,152.0
2024-04-24 14:21:00,ZG,43.0099983215332,43.0099983215332,43.0099983215332,43.0099983215332,43.0099983215332,1273.0
2024-04-24 14:21:00,ZI,15.819999694824219,15.819999694824219,15.819999694824219,15.819999694824219,15.819999694824219,432.0
2024-04-24 14:21:00,ZION,42.08000183105469,42.08000183105469,42.09000015258789,42.08000183105469,42.09000015258789,2267.0
2024-04-24 14:21:00,ZM,61.5,61.5,61.5,61.47999954223633,61.47999954223633,2748.0
2024-04-24 14:21:00,ZNTL,11.670000076293945,11.670000076293945,11.670000076293945,11.649999618530273,11.649999618530273,1773.0
2024-04-24 14:21:00,ZS,178.4149932861328,178.4149932861328,178.4698944091797,178.35000610351562,178.4698944091797,2241.0
2024-04-24 14:21:00,ZVRA,4.539999961853027,4.539999961853027,4.539999961853027,4.539999961853027,4.539999961853027,214.0
2024-04-24 14:21:00,ZYXI,11.260000228881836,11.260000228881836,11.260000228881836,11.260000228881836,11.260000228881836,159.0
2024-04-24 14:22:00,AIXI,1.25,1.25,1.25,1.25,1.25,100.0
2024-04-24 14:22:00,COCO,24.389999389648438,24.389999389648438,24.389999389648438,24.389999389648438,24.389999389648438,343.0
2024-04-24 14:22:00,DIBS,5.409999847412109,5.409999847412109,5.409999847412109,5.400000095367432,5.400000095367432,759.0
2024-04-24 14:22:00,EGHT,2.359999895095825,2.359999895095825,2.359999895095825,2.359999895095825,2.359999895095825,1356.0
2024-04-24 14:22:00,FLWS,9.119999885559082,9.119999885559082,9.119999885559082,9.119999885559082,9.119999885559082,1300.0
2024-04-24 14:22:00,MAPS,1.100000023841858,1.100000023841858,1.100000023841858,1.100000023841858,1.100000023841858,100.0
2024-04-24 14:22:00,MASS,5.690000057220459,5.690000057220459,5.690000057220459,5.690000057220459,5.690000057220459,290.0
2024-04-24 14:22:00,ME,0.4715999960899353,0.4715999960899353,0.4715999960899353,0.4715999960899353,0.4715999960899353,1045.0
2024-04-24 14:22:00,TSVT,4.280099868774414,4.280099868774414,4.280099868774414,4.280099868774414,4.280099868774414,110.0
2024-04-24 14:22:00,TWOU,0.2379000037908554,0.2379000037908554,0.2379000037908554,0.23600000143051147,0.2370000034570694,1358.0
2024-04-24 14:22:00,TXG,27.239999771118164,27.239999771118164,27.25,27.239999771118164,27.25,954.0
2024-04-24 14:22:00,VCTR,49.779998779296875,49.779998779296875,49.790000915527344,49.779998779296875,49.790000915527344,799.0
2024-04-24 14:22:00,VERU,1.350000023841858,1.350000023841858,1.350000023841858,1.340000033378601,1.350000023841858,1529.0
2024-04-24 14:22:00,VERV,6.605000019073486,6.605000019073486,6.605000019073486,6.605000019073486,6.605000019073486,2194.0
2024-04-24 14:22:00,VFS,2.4800000190734863,2.4800000190734863,2.4800000190734863,2.4790000915527344,2.4790000915527344,1535.0
2024-04-24 14:22:00,VIAV,7.960000038146973,7.960000038146973,7.965000152587891,7.960000038146973,7.965000152587891,2390.0
2024-04-24 14:22:00,VIR,8.085000038146973,8.085000038146973,8.085000038146973,8.085000038146973,8.085000038146973,481.0
2024-04-24 14:22:00,VIRT,22.43000030517578,22.43000030517578,22.44499969482422,22.43000030517578,22.44499969482422,1886.0
2024-04-24 14:22:00,VKTX,65.2249984741211,65.2249984741211,65.23999786376953,65.19999694824219,65.23999786376953,4662.0
2024-04-24 14:22:00,VLCN,0.25,0.25,0.2526000142097473,0.25,0.2526000142097473,17749.0
2024-04-24 14:22:00,VMD,7.980000019073486,7.980000019073486,7.989999771118164,7.980000019073486,7.989999771118164,3065.0
2024-04-24 14:22:00,VMEO,3.5350000858306885,3.5350000858306885,3.5350000858306885,3.5350000858306885,3.5350000858306885,397.0
2024-04-24 14:22:00,VNOM,39.84000015258789,39.84000015258789,39.84000015258789,39.84000015258789,39.84000015258789,201.0
2024-04-24 14:22:00,VOD,8.604999542236328,8.604999542236328,8.605999946594238,8.604999542236328,8.604999542236328,12719.0
2024-04-24 14:22:00,VRRM,24.25,24.25,24.25,24.25,24.25,143.0
2024-04-24 14:22:00,VSME,0.4300000071525574,0.4300000071525574,0.4300000071525574,0.41850000619888306,0.41850000619888306,2349.0
2024-04-24 14:22:00,VTNR,1.4299999475479126,1.4299999475479126,1.4394999742507935,1.4299999475479126,1.434999942779541,6446.0
2024-04-24 14:22:00,VTRS,11.449999809265137,11.449999809265137,11.449999809265137,11.444999694824219,11.444999694824219,1080.0
2024-04-24 14:22:00,VUZI,1.3049999475479126,1.3049999475479126,1.309999942779541,1.2999999523162842,1.3049999475479126,1408.0
2024-04-24 14:22:00,WAFD,28.079999923706055,28.079999923706055,28.079999923706055,28.06999969482422,28.06999969482422,1256.0
2024-04-24 14:22:00,WB,8.329999923706055,8.329999923706055,8.339300155639648,8.329999923706055,8.335000038146973,2933.0
2024-04-24 14:22:00,WBA,17.704999923706055,17.704999923706055,17.709999084472656,17.700000762939453,17.704999923706055,10271.0
2024-04-24 14:22:00,WBD,8.305000305175781,8.305000305175781,8.3100004196167,8.300000190734863,8.300000190734863,8322.0
2024-04-24 14:22:00,WDAY,256.2900085449219,256.2900085449219,256.3949890136719,256.2900085449219,256.3949890136719,2418.0
2024-04-24 14:22:00,WDC,69.31999969482422,69.31999969482422,69.31999969482422,69.2699966430664,69.2699966430664,33871.0
2024-04-24 14:22:00,WEN,19.84749984741211,19.84749984741211,19.84749984741211,19.84000015258789,19.844999313354492,1284.0
2024-04-24 14:22:00,WERN,35.269901275634766,35.269901275634766,35.269901275634766,35.269901275634766,35.269901275634766,305.0
2024-04-24 14:22:00,WEST,10.015000343322754,10.015000343322754,10.015000343322754,10.015000343322754,10.015000343322754,994.0
2024-04-24 14:22:00,WFRD,122.99500274658203,122.99500274658203,123.05000305175781,122.9800033569336,123.05000305175781,1720.0
2024-04-24 14:22:00,WHFCL,25.049999237060547,25.049999237060547,25.049999237060547,25.049999237060547,25.049999237060547,5300.0
2024-04-24 14:22:00,WHLM,6.409999847412109,6.409999847412109,6.409999847412109,6.409999847412109,6.409999847412109,200.0
2024-04-24 14:22:00,WIMI,1.0750000476837158,1.0750000476837158,1.0750000476837158,1.0700000524520874,1.0700000524520874,6640.0
2024-04-24 14:22:00,WISA,6.21750020980835,6.21750020980835,6.21999979019165,6.190000057220459,6.190000057220459,5381.0
2024-04-24 14:22:00,WIX,122.5,122.5,122.5,122.5,122.5,1034.0
2024-04-24 14:22:00,WKHS,0.16140000522136688,0.16140000522136688,0.1615000069141388,0.16140000522136688,0.16140000522136688,5123.0
2024-04-24 14:22:00,WLGS,0.5730000138282776,0.5730000138282776,0.5730000138282776,0.5730000138282776,0.5730000138282776,23.0
2024-04-24 14:22:00,WRAP,1.9800000190734863,1.9800000190734863,1.9800000190734863,1.9700000286102295,1.9800000190734863,1359.0
2024-04-24 14:22:00,WSBC,28.06999969482422,28.06999969482422,28.100000381469727,28.06999969482422,28.100000381469727,803.0
2024-04-24 14:22:00,WSBF,12.170000076293945,12.170000076293945,12.170000076293945,12.170000076293945,12.170000076293945,404.0
2024-04-24 14:22:00,WSC,37.95000076293945,37.95000076293945,38.02000045776367,37.939998626708984,38.02000045776367,6356.0
2024-04-24 14:22:00,WSFS,44.61000061035156,44.61000061035156,44.61000061035156,44.61000061035156,44.61000061035156,621.0
2024-04-24 14:22:00,WTFC,99.78500366210938,99.78500366210938,99.78500366210938,99.78500366210938,99.78500366210938,126.0
2024-04-24 14:22:00,WVE,5.190000057220459,5.190000057220459,5.190000057220459,5.179999828338623,5.179999828338623,1026.0
2024-04-24 14:22:00,WW,1.6649999618530273,1.6649999618530273,1.6669000387191772,1.6649999618530273,1.6669000387191772,897.0
2024-04-24 14:22:00,WWD,149.24000549316406,149.24000549316406,149.24000549316406,149.24000549316406,149.24000549316406,449.0
2024-04-24 14:22:00,WYNN,96.97000122070312,96.97000122070312,96.9749984741211,96.93000030517578,96.93000030517578,1166.0
2024-04-24 14:22:00,XEL,55.40999984741211,55.40999984741211,55.43000030517578,55.397701263427734,55.40999984741211,22333.0
2024-04-24 14:22:00,XERS,1.7649999856948853,1.7649999856948853,1.7699999809265137,1.7649999856948853,1.7699999809265137,300.0
2024-04-24 14:22:00,XFOR,1.2450000047683716,1.2450000047683716,1.2450000047683716,1.2450000047683716,1.2450000047683716,435.0
2024-04-24 14:22:00,XNCR,18.7450008392334,18.7450008392334,18.7450008392334,18.7450008392334,18.7450008392334,405.0
2024-04-24 14:22:00,XP,20.4950008392334,20.4950008392334,20.5,20.489999771118164,20.4950008392334,3032.0
2024-04-24 14:22:00,XPEL,55.02000045776367,55.02000045776367,55.02000045776367,55.02000045776367,55.02000045776367,101.0
2024-04-24 14:22:00,XRX,14.354999542236328,14.354999542236328,14.364999771118164,14.345000267028809,14.364999771118164,11681.0
2024-04-24 14:22:00,XXII,1.8600000143051147,1.8600000143051147,1.8600000143051147,1.8600000143051147,1.8600000143051147,409.0
2024-04-24 14:22:00,Z,43.45500183105469,43.45500183105469,43.4900016784668,43.45000076293945,43.4900016784668,5072.0
2024-04-24 14:22:00,ZD,51.66999816894531,51.66999816894531,51.66999816894531,51.66999816894531,51.66999816894531,279.0
2024-04-24 14:22:00,ZI,15.8100004196167,15.8100004196167,15.819999694824219,15.8100004196167,15.8149995803833,2300.0
2024-04-24 14:22:00,ZION,42.06999969482422,42.06999969482422,42.06999969482422,42.06999969482422,42.06999969482422,2834.0
2024-04-24 14:22:00,ZLAB,15.541600227355957,15.541600227355957,15.550000190734863,15.541600227355957,15.550000190734863,633.0
2024-04-24 14:22:00,ZM,61.4723014831543,61.4723014831543,61.499000549316406,61.4723014831543,61.499000549316406,2981.0
2024-04-24 14:22:00,ZNTL,11.65999984741211,11.65999984741211,11.65999984741211,11.65999984741211,11.65999984741211,1035.0
2024-04-24 14:22:00,ZS,178.4199981689453,178.4199981689453,178.47000122070312,178.39999389648438,178.39999389648438,1345.0
2024-04-24 14:22:00,ZUMZ,17.34000015258789,17.34000015258789,17.34000015258789,17.34000015258789,17.34000015258789,513.0
2024-04-24 14:22:00,ZYME,8.59000015258789,8.59000015258789,8.59000015258789,8.59000015258789,8.59000015258789,400.0
2024-04-24 14:23:00,COCO,24.40999984741211,24.40999984741211,24.40999984741211,24.389999389648438,24.389999389648438,1441.0
2024-04-24 14:23:00,FLWS,9.119999885559082,9.119999885559082,9.119999885559082,9.119999885559082,9.119999885559082,537.0
2024-04-24 14:23:00,MAPS,1.0950000286102295,1.0950000286102295,1.0950000286102295,1.0950000286102295,1.0950000286102295,190.0
2024-04-24 14:23:00,MASS,5.679999828338623,5.679999828338623,5.679999828338623,5.679999828338623,5.679999828338623,101.0
2024-04-24 14:23:00,ME,0.4715999960899353,0.4715999960899353,0.4717000126838684,0.4715000092983246,0.4715999960899353,4325.0
2024-04-24 14:23:00,TSVT,4.289999961853027,4.289999961853027,4.289999961853027,4.28000020980835,4.28000020980835,1397.0
2024-04-24 14:23:00,TWOU,0.2370000034570694,0.2370000034570694,0.2370000034570694,0.23600000143051147,0.2370000034570694,2200.0
2024-04-24 14:23:00,TXG,27.260000228881836,27.260000228881836,27.260000228881836,27.209999084472656,27.235000610351562,2207.0
2024-04-24 14:23:00,VC,111.05999755859375,111.05999755859375,111.05999755859375,111.0250015258789,111.0250015258789,957.0
2024-04-24 14:23:00,VERU,1.350000023841858,1.350000023841858,1.350000023841858,1.340000033378601,1.350000023841858,3105.0
2024-04-24 14:23:00,VERV,6.619999885559082,6.619999885559082,6.619999885559082,6.605000019073486,6.610000133514404,4526.0
2024-04-24 14:23:00,VERX,29.209999084472656,29.209999084472656,29.209999084472656,29.19499969482422,29.19499969482422,2173.0
2024-04-24 14:23:00,VIRT,22.43000030517578,22.43000030517578,22.44499969482422,22.43000030517578,22.44499969482422,2152.0
2024-04-24 14:23:00,VITL,26.75,26.75,26.75,26.75,26.75,680.0
2024-04-24 14:23:00,VIVK,1.4700000286102295,1.4700000286102295,1.4700000286102295,1.4520000219345093,1.4700000286102295,1000.0
2024-04-24 14:23:00,VKTX,65.26750183105469,65.26750183105469,65.26750183105469,65.2249984741211,65.2249984741211,694.0
2024-04-24 14:23:00,VMEO,3.5399999618530273,3.5399999618530273,3.5399999618530273,3.536099910736084,3.536099910736084,1121.0
2024-04-24 14:23:00,VNOM,39.845001220703125,39.845001220703125,39.845001220703125,39.845001220703125,39.845001220703125,117.0
2024-04-24 14:23:00,VOD,8.614999771118164,8.614999771118164,8.614999771118164,8.604999542236328,8.609999656677246,38140.0
2024-04-24 14:23:00,VOR,1.757200002670288,1.757200002670288,1.757200002670288,1.757200002670288,1.757200002670288,360.0
2024-04-24 14:23:00,VRCA,6.75,6.75,6.75,6.75,6.75,160.0
2024-04-24 14:23:00,VRM,11.800000190734863,11.800000190734863,11.8100004196167,11.800000190734863,11.8100004196167,560.0
2024-04-24 14:23:00,VRRM,24.2549991607666,24.2549991607666,24.2549991607666,24.2450008392334,24.25,930.0
2024-04-24 14:23:00,VSAT,16.200000762939453,16.200000762939453,16.200000762939453,16.17690086364746,16.17690086364746,4423.0
2024-04-24 14:23:00,VTNR,1.440000057220459,1.440000057220459,1.440000057220459,1.4277000427246094,1.4294999837875366,18795.0
2024-04-24 14:23:00,VTRS,11.44260025024414,11.44260025024414,11.449999809265137,11.44260025024414,11.449999809265137,6020.0
2024-04-24 14:23:00,VVPR,3.634999990463257,3.634999990463257,3.634999990463257,3.634999990463257,3.634999990463257,164.0
2024-04-24 14:23:00,VYGR,7.4899001121521,7.4899001121521,7.4899001121521,7.4899001121521,7.4899001121521,301.0
2024-04-24 14:23:00,WAFD,28.09000015258789,28.09000015258789,28.09000015258789,28.09000015258789,28.09000015258789,1643.0
2024-04-24 14:23:00,WASH,26.209999084472656,26.209999084472656,26.209999084472656,26.209999084472656,26.209999084472656,274.0
2024-04-24 14:23:00,WB,8.335000038146973,8.335000038146973,8.335000038146973,8.329999923706055,8.329999923706055,3184.0
2024-04-24 14:23:00,WBA,17.71500015258789,17.71500015258789,17.71500015258789,17.700000762939453,17.704999923706055,11824.0
2024-04-24 14:23:00,WBD,8.305000305175781,8.305000305175781,8.305899620056152,8.300000190734863,8.305899620056152,6897.0
2024-04-24 14:23:00,WDC,69.24500274658203,69.24500274658203,69.33989715576172,69.20999908447266,69.31999969482422,7338.0
2024-04-24 14:23:00,WDFC,227.50999450683594,227.50999450683594,227.50999450683594,227.50999450683594,227.50999450683594,3009.0
2024-04-24 14:23:00,WEN,19.844999313354492,19.844999313354492,19.844999313354492,19.844999313354492,19.844999313354492,651.0
2024-04-24 14:23:00,WERN,35.25,35.25,35.25,35.25,35.25,253.0
2024-04-24 14:23:00,WFRD,122.93499755859375,122.93499755859375,122.94499969482422,122.93499755859375,122.94499969482422,2934.0
2024-04-24 14:23:00,WHF,12.875,12.875,12.875,12.869999885559082,12.869999885559082,3970.0
2024-04-24 14:23:00,WIMI,1.0800000429153442,1.0800000429153442,1.0800000429153442,1.0700000524520874,1.0700000524520874,2531.0
2024-04-24 14:23:00,WISA,6.320000171661377,6.320000171661377,6.320000171661377,6.190000057220459,6.190000057220459,31323.0
2024-04-24 14:23:00,WKHS,0.16140000522136688,0.16140000522136688,0.1615000069141388,0.16140000522136688,0.16140000522136688,125274.0
2024-04-24 14:23:00,WMG,32.119998931884766,32.119998931884766,32.119998931884766,32.119998931884766,32.119998931884766,1368.0
2024-04-24 14:23:00,WNEB,6.46999979019165,6.46999979019165,6.489999771118164,6.46999979019165,6.489999771118164,3292.0
2024-04-24 14:23:00,WSBC,28.229999542236328,28.229999542236328,28.235000610351562,28.1200008392334,28.1200008392334,3091.0
2024-04-24 14:23:00,WSC,37.939998626708984,37.939998626708984,37.939998626708984,37.93000030517578,37.939998626708984,2827.0
2024-04-24 14:23:00,WSFS,44.650001525878906,44.650001525878906,44.650001525878906,44.650001525878906,44.650001525878906,235.0
2024-04-24 14:23:00,WTW,264.17498779296875,264.17498779296875,264.17498779296875,264.17498779296875,264.17498779296875,810.0
2024-04-24 14:23:00,WWD,149.22500610351562,149.22500610351562,149.2449951171875,149.22500610351562,149.2449951171875,1775.0
2024-04-24 14:23:00,WYNN,96.98999786376953,96.98999786376953,96.98999786376953,96.91999816894531,96.91999816894531,2272.0
2024-04-24 14:23:00,XEL,55.404998779296875,55.404998779296875,55.40999984741211,55.38999938964844,55.40999984741211,18185.0
2024-04-24 14:23:00,XENE,39.88999938964844,39.88999938964844,39.88999938964844,39.880001068115234,39.88999938964844,1493.0
2024-04-24 14:23:00,XERS,1.7649999856948853,1.7649999856948853,1.7649999856948853,1.7649999856948853,1.7649999856948853,812.0
2024-04-24 14:23:00,XFOR,1.2410999536514282,1.2410999536514282,1.2450000047683716,1.2410999536514282,1.2450000047683716,700.0
2024-04-24 14:23:00,XNCR,18.729999542236328,18.729999542236328,18.729999542236328,18.729999542236328,18.729999542236328,186.0
2024-04-24 14:23:00,XP,20.489999771118164,20.489999771118164,20.489999771118164,20.485000610351562,20.489999771118164,3898.0
2024-04-24 14:23:00,XPEL,55.08000183105469,55.08000183105469,55.08000183105469,55.08000183105469,55.08000183105469,490.0
2024-04-24 14:23:00,XRX,14.375,14.375,14.380000114440918,14.354999542236328,14.354999542236328,20082.0
2024-04-24 14:23:00,Z,43.439998626708984,43.439998626708984,43.459999084472656,43.43000030517578,43.459999084472656,2510.0
2024-04-24 14:23:00,ZBRA,276.7950134277344,276.7950134277344,276.7950134277344,276.7950134277344,276.7950134277344,333.0
2024-04-24 14:23:00,ZION,42.099998474121094,42.099998474121094,42.099998474121094,42.08000183105469,42.08000183105469,2051.0
2024-04-24 14:23:00,ZM,61.47999954223633,61.47999954223633,61.47999954223633,61.470001220703125,61.47999954223633,3711.0
2024-04-24 14:23:00,ZS,178.44000244140625,178.44000244140625,178.44000244140625,178.3300018310547,178.3300018310547,1570.0
2024-04-24 14:23:00,ZURA,3.240000009536743,3.240000009536743,3.240000009536743,3.200000047683716,3.200000047683716,6588.0
2024-04-24 14:23:00,ZVRA,4.53000020980835,4.53000020980835,4.53000020980835,4.53000020980835,4.53000020980835,285.0
2024-04-24 14:23:00,ZYXI,11.265000343322754,11.265000343322754,11.265000343322754,11.265000343322754,11.265000343322754,491.0
2024-04-24 14:24:00,COCO,24.424999237060547,24.424999237060547,24.424999237060547,24.420000076293945,24.420000076293945,682.0
2024-04-24 14:24:00,DIBS,5.400000095367432,5.400000095367432,5.400000095367432,5.400000095367432,5.400000095367432,287.0
2024-04-24 14:24:00,DSP,8.604999542236328,8.604999542236328,8.604999542236328,8.604999542236328,8.604999542236328,1401.0
2024-04-24 14:24:00,EGHT,2.3550000190734863,2.3550000190734863,2.3550000190734863,2.3499999046325684,2.3499999046325684,357.0
2024-04-24 14:24:00,ETNB,8.625,8.625,8.625,8.625,8.625,1457.0
2024-04-24 14:24:00,FDMT,24.56999969482422,24.56999969482422,24.600000381469727,24.56999969482422,24.600000381469727,1158.0
2024-04-24 14:24:00,MAPS,1.100000023841858,1.100000023841858,1.100000023841858,1.100000023841858,1.100000023841858,200.0
2024-04-24 14:24:00,ME,0.4715999960899353,0.4715999960899353,0.4715999960899353,0.4715000092983246,0.4715999960899353,1005.0
2024-04-24 14:24:00,SEAT,5.889999866485596,5.889999866485596,5.889999866485596,5.875,5.875,2376.0
2024-04-24 14:24:00,TSVT,4.28000020980835,4.28000020980835,4.28000020980835,4.28000020980835,4.28000020980835,123.0
2024-04-24 14:24:00,TWOU,0.23600000143051147,0.23600000143051147,0.2370000034570694,0.23600000143051147,0.2370000034570694,2050.0
2024-04-24 14:24:00,TXG,27.2549991607666,27.2549991607666,27.2549991607666,27.2549991607666,27.2549991607666,200.0
2024-04-24 14:24:00,VANI,1.7350000143051147,1.7350000143051147,1.7350000143051147,1.7350000143051147,1.7350000143051147,335.0
2024-04-24 14:24:00,VCTR,49.779998779296875,49.779998779296875,49.779998779296875,49.76499938964844,49.76499938964844,602.0
2024-04-24 14:24:00,VERV,6.614999771118164,6.614999771118164,6.630000114440918,6.614999771118164,6.625,2105.0
2024-04-24 14:24:00,VERX,29.209999084472656,29.209999084472656,29.209999084472656,29.209999084472656,29.209999084472656,413.0
2024-04-24 14:24:00,VFS,2.4749999046325684,2.4749999046325684,2.4749999046325684,2.4749999046325684,2.4749999046325684,241.0
2024-04-24 14:24:00,VICR,31.149999618530273,31.149999618530273,31.15999984741211,31.149999618530273,31.15999984741211,248.0
2024-04-24 14:24:00,VIRT,22.40999984741211,22.40999984741211,22.43000030517578,22.40999984741211,22.424999237060547,4045.0
2024-04-24 14:24:00,VITL,26.790000915527344,26.790000915527344,26.790000915527344,26.790000915527344,26.790000915527344,1469.0
2024-04-24 14:24:00,VIVK,1.4500999450683594,1.4500999450683594,1.4700000286102295,1.4500999450683594,1.4700000286102295,56.0
2024-04-24 14:24:00,VKTX,65.30000305175781,65.30000305175781,65.30000305175781,65.2300033569336,65.2300033569336,936.0
2024-04-24 14:24:00,VMEO,3.5350000858306885,3.5350000858306885,3.5399999618530273,3.5350000858306885,3.5399999618530273,1611.0
2024-04-24 14:24:00,VNET,1.559999942779541,1.559999942779541,1.559999942779541,1.559999942779541,1.559999942779541,116.0
2024-04-24 14:24:00,VNOM,39.84000015258789,39.84000015258789,39.84000015258789,39.82500076293945,39.82500076293945,1016.0
2024-04-24 14:24:00,VOD,8.614999771118164,8.614999771118164,8.614999771118164,8.610099792480469,8.610099792480469,1040.0
2024-04-24 14:24:00,VOR,1.7549999952316284,1.7549999952316284,1.7549999952316284,1.7549999952316284,1.7549999952316284,260.0
2024-04-24 14:24:00,VRCA,6.769999980926514,6.769999980926514,6.769999980926514,6.75,6.75,1087.0
2024-04-24 14:24:00,VRDN,13.300000190734863,13.300000190734863,13.300000190734863,13.300000190734863,13.300000190734863,608.0
2024-04-24 14:24:00,VRNA,15.524999618530273,15.524999618530273,15.529999732971191,15.510000228881836,15.510000228881836,1171.0
2024-04-24 14:24:00,VRRM,24.25,24.25,24.25,24.25,24.25,356.0
2024-04-24 14:24:00,VTNR,1.4450000524520874,1.4450000524520874,1.4494999647140503,1.440000057220459,1.440000057220459,7311.0
2024-04-24 14:24:00,VTRS,11.449999809265137,11.449999809265137,11.454999923706055,11.444999694824219,11.449999809265137,32775.0
2024-04-24 14:24:00,VUZI,1.2999999523162842,1.2999999523162842,1.2999999523162842,1.2999999523162842,1.2999999523162842,0.0
2024-04-24 14:24:00,WB,8.335000038146973,8.335000038146973,8.335000038146973,8.335000038146973,8.335000038146973,496.0
2024-04-24 14:24:00,WBA,17.709999084472656,17.709999084472656,17.71500015258789,17.709999084472656,17.71500015258789,1399.0
2024-04-24 14:24:00,WBD,8.305000305175781,8.305000305175781,8.3100004196167,8.300000190734863,8.305000305175781,42693.0
2024-04-24 14:24:00,WDAY,256.4649963378906,256.4649963378906,256.4649963378906,256.364990234375,256.364990234375,1322.0
2024-04-24 14:24:00,WDC,69.25499725341797,69.25499725341797,69.27999877929688,69.25,69.2699966430664,2152.0
2024-04-24 14:24:00,WEN,19.844999313354492,19.844999313354492,19.844999313354492,19.84000015258789,19.844999313354492,1087.0
2024-04-24 14:24:00,WERN,35.279998779296875,35.279998779296875,35.290000915527344,35.27000045776367,35.27000045776367,849.0
2024-04-24 14:24:00,WHF,12.869999885559082,12.869999885559082,12.869999885559082,12.869999885559082,12.869999885559082,3328.0
2024-04-24 14:24:00,WIMI,1.059999942779541,1.059999942779541,1.0781999826431274,1.0499999523162842,1.0781999826431274,46187.0
2024-04-24 14:24:00,WISA,6.326000213623047,6.326000213623047,6.360000133514404,6.2820000648498535,6.309700012207031,41001.0
2024-04-24 14:24:00,WKHS,0.1615000069141388,0.1615000069141388,0.1615000069141388,0.16140000522136688,0.1615000069141388,18711.0
2024-04-24 14:24:00,WSC,37.92250061035156,37.92250061035156,37.959999084472656,37.88999938964844,37.959999084472656,7396.0
2024-04-24 14:24:00,WTFC,99.8499984741211,99.8499984741211,99.87999725341797,99.8499984741211,99.87999725341797,1131.0
2024-04-24 14:24:00,WTW,264.2799987792969,264.2799987792969,264.2799987792969,264.2149963378906,264.2149963378906,1701.0
2024-04-24 14:24:00,WW,1.6649999618530273,1.6649999618530273,1.6649999618530273,1.659999966621399,1.6649999618530273,2655.0
2024-04-24 14:24:00,WWD,149.35499572753906,149.35499572753906,149.35499572753906,149.35499572753906,149.35499572753906,230.0
2024-04-24 14:24:00,WYNN,96.9800033569336,96.9800033569336,97.0199966430664,96.9800033569336,97.0199966430664,3641.0
2024-04-24 14:24:00,XEL,55.40999984741211,55.40999984741211,55.43000030517578,55.40999984741211,55.40999984741211,8449.0
2024-04-24 14:24:00,XFOR,1.2450000047683716,1.2450000047683716,1.2450000047683716,1.2401000261306763,1.2401000261306763,5231.0
2024-04-24 14:24:00,XLO,1.0750000476837158,1.0750000476837158,1.0750000476837158,1.0750000476837158,1.0750000476837158,3687.0
2024-04-24 14:24:00,XMTR,16.93000030517578,16.93000030517578,16.93000030517578,16.93000030517578,16.93000030517578,1618.0
2024-04-24 14:24:00,XNCR,18.75,18.75,18.770000457763672,18.75,18.760000228881836,1394.0
2024-04-24 14:24:00,XP,20.4950008392334,20.4950008392334,20.4950008392334,20.489999771118164,20.4950008392334,2730.0
2024-04-24 14:24:00,XPEL,55.08000183105469,55.08000183105469,55.08000183105469,55.08000183105469,55.08000183105469,221.0
2024-04-24 14:24:00,XRX,14.385000228881836,14.385000228881836,14.385000228881836,14.380000114440918,14.380000114440918,1381.0
2024-04-24 14:24:00,XXII,1.875,1.875,1.875,1.875,1.875,110.0
2024-04-24 14:24:00,YORW,35.68000030517578,35.68000030517578,35.68000030517578,35.68000030517578,35.68000030517578,567.0
2024-04-24 14:24:00,YTRA,1.2999999523162842,1.2999999523162842,1.2999999523162842,1.2999999523162842,1.2999999523162842,400.0
2024-04-24 14:24:00,Z,43.43000030517578,43.43000030517578,43.439998626708984,43.43000030517578,43.439998626708984,1104.0
2024-04-24 14:24:00,ZD,51.650001525878906,51.650001525878906,51.70000076293945,51.650001525878906,51.70000076293945,1229.0
2024-04-24 14:24:00,ZG,42.939998626708984,42.939998626708984,42.939998626708984,42.939998626708984,42.939998626708984,227.0
2024-04-24 14:24:00,ZION,42.099998474121094,42.099998474121094,42.1150016784668,42.099998474121094,42.11000061035156,1297.0
2024-04-24 14:24:00,ZM,61.494998931884766,61.494998931884766,61.494998931884766,61.49129867553711,61.49129867553711,1790.0
2024-04-24 14:24:00,ZS,178.5,178.5,178.5,178.5,178.5,429.0
2024-04-24 14:24:00,ZYME,8.574999809265137,8.574999809265137,8.574999809265137,8.574999809265137,8.574999809265137,235.0
2024-04-24 14:25:00,AIXI,1.2450000047683716,1.2450000047683716,1.2450000047683716,1.2450000047683716,1.2450000047683716,1900.0
2024-04-24 14:25:00,COCO,24.420000076293945,24.420000076293945,24.42169952392578,24.40999984741211,24.42169952392578,2647.0
2024-04-24 14:25:00,EGHT,2.3550000190734863,2.3550000190734863,2.359999895095825,2.3550000190734863,2.359999895095825,1933.0
2024-04-24 14:25:00,FDMT,24.489999771118164,24.489999771118164,24.549999237060547,24.489999771118164,24.549999237060547,1583.0
2024-04-24 14:25:00,MASS,5.670000076293945,5.670000076293945,5.670000076293945,5.670000076293945,5.670000076293945,357.0
2024-04-24 14:25:00,ME,0.4715999960899353,0.4715999960899353,0.4715999960899353,0.4715000092983246,0.4715999960899353,1652.0
2024-04-24 14:25:00,TWOU,0.23600000143051147,0.23600000143051147,0.2370000034570694,0.23600000143051147,0.2370000034570694,2716.0
2024-04-24 14:25:00,TXG,27.239999771118164,27.239999771118164,27.260000228881836,27.239999771118164,27.25,3242.0
2024-04-24 14:25:00,VCTR,49.83000183105469,49.83000183105469,49.83000183105469,49.775001525878906,49.775001525878906,1618.0
2024-04-24 14:25:00,VERU,1.3450000286102295,1.3450000286102295,1.350000023841858,1.340000033378601,1.340000033378601,4660.0
2024-04-24 14:25:00,VERV,6.614999771118164,6.614999771118164,6.614999771118164,6.614999771118164,6.614999771118164,535.0
2024-04-24 14:25:00,VERX,29.260000228881836,29.260000228881836,29.260000228881836,29.219999313354492,29.219999313354492,3896.0
2024-04-24 14:25:00,VFS,2.4749999046325684,2.4749999046325684,2.4749999046325684,2.4749999046325684,2.4749999046325684,10641.0
2024-04-24 14:25:00,VIAV,7.965000152587891,7.965000152587891,7.965000152587891,7.965000152587891,7.965000152587891,745.0
2024-04-24 14:25:00,VICR,31.1200008392334,31.1200008392334,31.184999465942383,31.100000381469727,31.184999465942383,2781.0
2024-04-24 14:25:00,VIGL,2.7850000858306885,2.7850000858306885,2.7850000858306885,2.7850000858306885,2.7850000858306885,661.0
2024-04-24 14:25:00,VIOT,0.5618000030517578,0.5618000030517578,0.5618000030517578,0.5616999864578247,0.5618000030517578,3400.0
2024-04-24 14:25:00,VIR,8.079999923706055,8.079999923706055,8.086999893188477,8.079999923706055,8.086999893188477,1954.0
2024-04-24 14:25:00,VIRC,10.670000076293945,10.670000076293945,10.6899995803833,10.670000076293945,10.6899995803833,839.0
2024-04-24 14:25:00,VIRT,22.3799991607666,22.3799991607666,22.415000915527344,22.3799991607666,22.40999984741211,4283.0
2024-04-24 14:25:00,VITL,26.790000915527344,26.790000915527344,26.790000915527344,26.770000457763672,26.780000686645508,724.0
2024-04-24 14:25:00,VKTX,65.23500061035156,65.23500061035156,65.30999755859375,65.22000122070312,65.30999755859375,3482.0
2024-04-24 14:25:00,VNOM,39.81999969482422,39.81999969482422,39.81999969482422,39.81999969482422,39.81999969482422,373.0
2024-04-24 14:25:00,VOD,8.614999771118164,8.614999771118164,8.618599891662598,8.611800193786621,8.618599891662598,5687.0
2024-04-24 14:25:00,VRNA,15.510000228881836,15.510000228881836,15.515000343322754,15.489999771118164,15.515000343322754,4014.0
2024-04-24 14:25:00,VRRM,24.248600006103516,24.248600006103516,24.25,24.248600006103516,24.25,989.0
2024-04-24 14:25:00,VRTX,400.760009765625,400.760009765625,400.82501220703125,400.760009765625,400.82501220703125,464.0
2024-04-24 14:25:00,VSEC,78.83999633789062,78.83999633789062,78.83999633789062,78.83999633789062,78.83999633789062,377.0
2024-04-24 14:25:00,VTNR,1.4450000524520874,1.4450000524520874,1.4500000476837158,1.4450000524520874,1.4450000524520874,1958.0
2024-04-24 14:25:00,VTRS,11.449999809265137,11.449999809265137,11.449999809265137,11.444999694824219,11.444999694824219,2005.0
2024-04-24 14:25:00,VWE,0.2720000147819519,0.2720000147819519,0.2930000126361847,0.25099998712539673,0.26499998569488525,6045.0
2024-04-24 14:25:00,VYGR,7.480000019073486,7.480000019073486,7.480000019073486,7.480000019073486,7.480000019073486,647.0
2024-04-24 14:25:00,WABC,47.4364013671875,47.4364013671875,47.4364013671875,47.4364013671875,47.4364013671875,501.0
2024-04-24 14:25:00,WAFD,28.079999923706055,28.079999923706055,28.079999923706055,28.06999969482422,28.06999969482422,361.0
2024-04-24 14:25:00,WB,8.335000038146973,8.335000038146973,8.335000038146973,8.335000038146973,8.335000038146973,330.0
2024-04-24 14:25:00,WBA,17.700000762939453,17.700000762939453,17.71500015258789,17.700000762939453,17.71500015258789,20321.0
2024-04-24 14:25:00,WBD,8.30679988861084,8.30679988861084,8.3100004196167,8.300000190734863,8.3100004196167,17136.0
2024-04-24 14:25:00,WDAY,256.29998779296875,256.29998779296875,256.3900146484375,256.29998779296875,256.3900146484375,782.0
2024-04-24 14:25:00,WDC,69.25,69.25,69.2750015258789,69.23500061035156,69.23999786376953,6976.0
2024-04-24 14:25:00,WEN,19.829999923706055,19.829999923706055,19.844999313354492,19.829999923706055,19.844999313354492,5279.0
2024-04-24 14:25:00,WERN,35.279998779296875,35.279998779296875,35.2864990234375,35.27000045776367,35.27000045776367,1725.0
2024-04-24 14:25:00,WFRD,122.83000183105469,122.83000183105469,122.93000030517578,122.83000183105469,122.93000030517578,1651.0
2024-04-24 14:25:00,WHF,12.890000343322754,12.890000343322754,12.890000343322754,12.890000343322754,12.890000343322754,342.0
2024-04-24 14:25:00,WIMI,1.0499999523162842,1.0499999523162842,1.0700000524520874,1.0499999523162842,1.054800033569336,37681.0
2024-04-24 14:25:00,WISA,6.2322998046875,6.2322998046875,6.329999923706055,6.230000019073486,6.320000171661377,18520.0
2024-04-24 14:25:00,WIX,122.62000274658203,122.62000274658203,122.62000274658203,122.62000274658203,122.62000274658203,328.0
2024-04-24 14:25:00,WKHS,0.1615999937057495,0.1615999937057495,0.16210000216960907,0.16140000522136688,0.16140000522136688,101663.0
2024-04-24 14:25:00,WMG,32.10499954223633,32.10499954223633,32.1150016784668,32.102500915527344,32.1150016784668,2217.0
2024-04-24 14:25:00,WSC,37.92499923706055,37.92499923706055,37.939998626708984,37.91999816894531,37.93000030517578,2189.0
2024-04-24 14:25:00,WSFS,44.599998474121094,44.599998474121094,44.619998931884766,44.599998474121094,44.619998931884766,733.0
2024-04-24 14:25:00,WTFC,99.87999725341797,99.87999725341797,99.87999725341797,99.87000274658203,99.87000274658203,615.0
2024-04-24 14:25:00,WVE,5.179999828338623,5.179999828338623,5.184999942779541,5.179999828338623,5.184999942779541,1388.0
2024-04-24 14:25:00,WW,1.6698999404907227,1.6698999404907227,1.6698999404907227,1.6698999404907227,1.6698999404907227,105.0
2024-04-24 14:25:00,WWD,149.41000366210938,149.41000366210938,149.41000366210938,149.41000366210938,149.41000366210938,431.0
2024-04-24 14:25:00,WYNN,96.95999908447266,96.95999908447266,97.0,96.95999908447266,96.9800033569336,2344.0
2024-04-24 14:25:00,XEL,55.41999816894531,55.41999816894531,55.43000030517578,55.404998779296875,55.41780090332031,13094.0
2024-04-24 14:25:00,XNCR,18.670000076293945,18.670000076293945,18.729999542236328,18.670000076293945,18.729999542236328,1731.0
2024-04-24 14:25:00,XP,20.510000228881836,20.510000228881836,20.510000228881836,20.4950008392334,20.4950008392334,8606.0
2024-04-24 14:25:00,XRX,14.375,14.375,14.390000343322754,14.375,14.385000228881836,9996.0
2024-04-24 14:25:00,XXII,1.875,1.875,1.875,1.875,1.875,319.0
2024-04-24 14:25:00,Z,43.435001373291016,43.435001373291016,43.459999084472656,43.41999816894531,43.43000030517578,5358.0
2024-04-24 14:25:00,ZD,51.64500045776367,51.64500045776367,51.68000030517578,51.64500045776367,51.68000030517578,901.0
2024-04-24 14:25:00,ZG,42.935001373291016,42.935001373291016,42.95000076293945,42.90999984741211,42.90999984741211,1973.0
2024-04-24 14:25:00,ZI,15.805000305175781,15.805000305175781,15.8149995803833,15.805000305175781,15.8149995803833,14511.0
2024-04-24 14:25:00,ZIMV,15.75,15.75,15.75,15.75,15.75,1376.0
2024-04-24 14:25:00,ZION,42.099998474121094,42.099998474121094,42.099998474121094,42.09000015258789,42.099998474121094,2242.0
2024-04-24 14:25:00,ZLAB,15.550000190734863,15.550000190734863,15.550000190734863,15.550000190734863,15.550000190734863,345.0
2024-04-24 14:25:00,ZM,61.47999954223633,61.47999954223633,61.494998931884766,61.47999954223633,61.494998931884766,4226.0
2024-04-24 14:25:00,ZNTL,11.638999938964844,11.638999938964844,11.638999938964844,11.630000114440918,11.630000114440918,627.0
2024-04-24 14:25:00,ZS,178.47000122070312,178.47000122070312,178.6300048828125,178.4600067138672,178.6300048828125,1756.0
2024-04-24 14:25:00,ZUMZ,17.329999923706055,17.329999923706055,17.329999923706055,17.299999237060547,17.329999923706055,1759.0
2024-04-24 14:25:00,ZURA,3.2799999713897705,3.2799999713897705,3.2799999713897705,3.2100000381469727,3.2100000381469727,20069.0
2024-04-24 14:25:00,ZVRA,4.53000020980835,4.53000020980835,4.53000020980835,4.53000020980835,4.53000020980835,372.0
2024-04-24 14:25:00,ZYXI,11.289999961853027,11.289999961853027,11.289999961853027,11.25,11.265000343322754,5159.0
2024-04-24 14:26:00,COCO,24.40999984741211,24.40999984741211,24.40999984741211,24.40999984741211,24.40999984741211,112.0
2024-04-24 14:26:00,DSP,8.600000381469727,8.600000381469727,8.600000381469727,8.600000381469727,8.600000381469727,252.0
2024-04-24 14:26:00,FDMT,24.549999237060547,24.549999237060547,24.549999237060547,24.549999237060547,24.549999237060547,863.0
2024-04-24 14:26:00,FEAM,1.159999966621399,1.159999966621399,1.159999966621399,1.159999966621399,1.159999966621399,316.0
2024-04-24 14:26:00,FREE,4.820000171661377,4.820000171661377,4.820000171661377,4.809999942779541,4.820000171661377,589.0
2024-04-24 14:26:00,MAPS,1.100000023841858,1.100000023841858,1.100000023841858,1.100000023841858,1.100000023841858,100.0
2024-04-24 14:26:00,MASS,5.670000076293945,5.670000076293945,5.670000076293945,5.670000076293945,5.670000076293945,545.0
2024-04-24 14:26:00,ME,0.4715000092983246,0.4715000092983246,0.4715000092983246,0.4715000092983246,0.4715000092983246,255.0
2024-04-24 14:26:00,SEAT,5.889999866485596,5.889999866485596,5.889999866485596,5.889999866485596,5.889999866485596,521.0
2024-04-24 14:26:00,TSVT,4.28000020980835,4.28000020980835,4.289899826049805,4.28000020980835,4.289899826049805,218.0
2024-04-24 14:26:00,TWOU,0.2361000031232834,0.2361000031232834,0.2370000034570694,0.23600000143051147,0.2370000034570694,1100.0
2024-04-24 14:26:00,TXG,27.270000457763672,27.270000457763672,27.270000457763672,27.270000457763672,27.270000457763672,520.0
2024-04-24 14:26:00,VCTR,49.86000061035156,49.86000061035156,49.86000061035156,49.84000015258789,49.84000015258789,749.0
2024-04-24 14:26:00,VERU,1.340000033378601,1.340000033378601,1.350000023841858,1.340000033378601,1.350000023841858,0.0
2024-04-24 14:26:00,VERV,6.614999771118164,6.614999771118164,6.614999771118164,6.614999771118164,6.614999771118164,233.0
2024-04-24 14:26:00,VERX,29.239999771118164,29.239999771118164,29.270000457763672,29.229999542236328,29.270000457763672,2542.0
2024-04-24 14:26:00,VFF,1.3200000524520874,1.3200000524520874,1.3200000524520874,1.3200000524520874,1.3200000524520874,5500.0
2024-04-24 14:26:00,VFS,2.4749999046325684,2.4749999046325684,2.4800000190734863,2.4749999046325684,2.4790000915527344,4035.0
2024-04-24 14:26:00,VIAV,7.96999979019165,7.96999979019165,7.96999979019165,7.96999979019165,7.96999979019165,314.0
2024-04-24 14:26:00,VICR,31.1200008392334,31.1200008392334,31.149999618530273,31.110000610351562,31.110000610351562,2914.0
2024-04-24 14:26:00,VIR,8.069999694824219,8.069999694824219,8.074999809265137,8.069999694824219,8.074999809265137,300.0
2024-04-24 14:26:00,VIRT,22.31999969482422,22.31999969482422,22.364999771118164,22.31999969482422,22.364999771118164,6095.0
2024-04-24 14:26:00,VKTX,65.11000061035156,65.11000061035156,65.11039733886719,65.11000061035156,65.11039733886719,1099.0
2024-04-24 14:26:00,VMEO,3.5350000858306885,3.5350000858306885,3.5350000858306885,3.5350000858306885,3.5350000858306885,497.0
2024-04-24 14:26:00,VNET,1.559999942779541,1.559999942779541,1.559999942779541,1.559999942779541,1.559999942779541,181.0
2024-04-24 14:26:00,VNOM,39.849998474121094,39.849998474121094,39.849998474121094,39.810001373291016,39.810001373291016,254.0
2024-04-24 14:26:00,VOD,8.614999771118164,8.614999771118164,8.616000175476074,8.609999656677246,8.616000175476074,3195.0
2024-04-24 14:26:00,VOR,1.7549999952316284,1.7549999952316284,1.7549999952316284,1.7549999952316284,1.7549999952316284,400.0
2024-04-24 14:26:00,VRDN,13.300000190734863,13.300000190734863,13.300000190734863,13.300000190734863,13.300000190734863,215.0
2024-04-24 14:26:00,VRNA,15.489999771118164,15.489999771118164,15.489999771118164,15.489999771118164,15.489999771118164,345.0
2024-04-24 14:26:00,VRTX,401.0199890136719,401.0199890136719,401.0199890136719,400.75,400.75,2021.0
2024-04-24 14:26:00,VSAT,16.200000762939453,16.200000762939453,16.200000762939453,16.200000762939453,16.200000762939453,651.0
2024-04-24 14:26:00,VTNR,1.4494999647140503,1.4494999647140503,1.4494999647140503,1.4450000524520874,1.4450000524520874,475.0
2024-04-24 14:26:00,VTRS,11.449999809265137,11.449999809265137,11.449999809265137,11.444999694824219,11.444999694824219,1519.0
2024-04-24 14:26:00,VUZI,1.3049999475479126,1.3049999475479126,1.309999942779541,1.3049999475479126,1.3049999475479126,4876.0
2024-04-24 14:26:00,VYGR,7.474999904632568,7.474999904632568,7.474999904632568,7.474999904632568,7.474999904632568,1416.0
2024-04-24 14:26:00,WAFD,28.1200008392334,28.1200008392334,28.1200008392334,28.09000015258789,28.09000015258789,1897.0
2024-04-24 14:26:00,WB,8.335000038146973,8.335000038146973,8.335000038146973,8.335000038146973,8.335000038146973,494.0
2024-04-24 14:26:00,WBA,17.704999923706055,17.704999923706055,17.704999923706055,17.690000534057617,17.69499969482422,33787.0
2024-04-24 14:26:00,WBD,8.3149995803833,8.3149995803833,8.319999694824219,8.305000305175781,8.305000305175781,56498.0
2024-04-24 14:26:00,WDAY,256.32000732421875,256.32000732421875,256.32000732421875,256.32000732421875,256.32000732421875,248.0
2024-04-24 14:26:00,WDC,69.29000091552734,69.29000091552734,69.29000091552734,69.23999786376953,69.26000213623047,5375.0
2024-04-24 14:26:00,WEN,19.834999084472656,19.834999084472656,19.84000015258789,19.834999084472656,19.834999084472656,9638.0
2024-04-24 14:26:00,WFRD,123.0,123.0,123.0,122.875,122.875,2662.0
2024-04-24 14:26:00,WHLM,6.467400074005127,6.467400074005127,6.550000190734863,6.467400074005127,6.550000190734863,1639.0
2024-04-24 14:26:00,WIMI,1.0509999990463257,1.0509999990463257,1.0616999864578247,1.0506999492645264,1.0535999536514282,2367.0
2024-04-24 14:26:00,WISA,6.239999771118164,6.239999771118164,6.289999961853027,6.239999771118164,6.264999866485596,3151.0
2024-04-24 14:26:00,WIX,122.62000274658203,122.62000274658203,122.62000274658203,122.62000274658203,122.62000274658203,454.0
2024-04-24 14:26:00,WKHS,0.16300000250339508,0.16300000250339508,0.16339999437332153,0.1615999937057495,0.1623000055551529,118640.0
2024-04-24 14:26:00,WMG,32.119998931884766,32.119998931884766,32.119998931884766,32.11000061035156,32.11000061035156,1548.0
2024-04-24 14:26:00,WSBF,12.1850004196167,12.1850004196167,12.1850004196167,12.15999984741211,12.170000076293945,1444.0
2024-04-24 14:26:00,WSC,37.88999938964844,37.88999938964844,37.92499923706055,37.880001068115234,37.92499923706055,6853.0
2024-04-24 14:26:00,WTW,264.4649963378906,264.4649963378906,264.4649963378906,264.3699951171875,264.3699951171875,982.0
2024-04-24 14:26:00,WW,1.659999966621399,1.659999966621399,1.659999966621399,1.659999966621399,1.659999966621399,4326.0
2024-04-24 14:26:00,WYNN,96.88999938964844,96.88999938964844,96.91999816894531,96.88999938964844,96.91999816894531,1584.0
2024-04-24 14:26:00,XEL,55.439998626708984,55.439998626708984,55.45000076293945,55.41999816894531,55.41999816894531,7505.0
2024-04-24 14:26:00,XENE,39.880001068115234,39.880001068115234,39.880001068115234,39.880001068115234,39.880001068115234,138.0
2024-04-24 14:26:00,XERS,1.7699999809265137,1.7699999809265137,1.7699999809265137,1.7699999809265137,1.7699999809265137,300.0
2024-04-24 14:26:00,XFOR,1.2450000047683716,1.2450000047683716,1.2450000047683716,1.2450000047683716,1.2450000047683716,217.0
2024-04-24 14:26:00,XMTR,16.959999084472656,16.959999084472656,16.959999084472656,16.959999084472656,16.959999084472656,161.0
2024-04-24 14:26:00,XP,20.524999618530273,20.524999618530273,20.524999618530273,20.510000228881836,20.510000228881836,3402.0
2024-04-24 14:26:00,XRX,14.375,14.375,14.375,14.375,14.375,1232.0
2024-04-24 14:26:00,XXII,1.8899999856948853,1.8899999856948853,1.8899999856948853,1.8899999856948853,1.8899999856948853,1012.0
2024-04-24 14:26:00,YTRA,1.2999999523162842,1.2999999523162842,1.2999999523162842,1.2999999523162842,1.2999999523162842,256.0
2024-04-24 14:26:00,Z,43.470001220703125,43.470001220703125,43.470001220703125,43.43000030517578,43.45000076293945,1813.0
2024-04-24 14:26:00,ZBRA,277.125,277.125,277.125,277.0950012207031,277.0950012207031,316.0
2024-04-24 14:26:00,ZD,51.630001068115234,51.630001068115234,51.630001068115234,51.630001068115234,51.630001068115234,117.0
2024-04-24 14:26:00,ZG,42.970001220703125,42.970001220703125,42.970001220703125,42.970001220703125,42.970001220703125,224.0
2024-04-24 14:26:00,ZI,15.795000076293945,15.795000076293945,15.805000305175781,15.795000076293945,15.805000305175781,4463.0
2024-04-24 14:26:00,ZION,42.150001525878906,42.150001525878906,42.150001525878906,42.11000061035156,42.11000061035156,2224.0
2024-04-24 14:26:00,ZM,61.47999954223633,61.47999954223633,61.5,61.47999954223633,61.5,5277.0
2024-04-24 14:26:00,ZNTL,11.640000343322754,11.640000343322754,11.640000343322754,11.640000343322754,11.640000343322754,567.0
2024-04-24 14:26:00,ZUMZ,17.31999969482422,17.31999969482422,17.31999969482422,17.31999969482422,17.31999969482422,381.0
2024-04-24 14:26:00,ZVSA,0.6079999804496765,0.6079999804496765,0.6079999804496765,0.6079999804496765,0.6079999804496765,186.0
2024-04-24 14:26:00,ZYME,8.579999923706055,8.579999923706055,8.579999923706055,8.574999809265137,8.574999809265137,451.0
2024-04-24 14:26:00,ZYXI,11.319999694824219,11.319999694824219,11.319999694824219,11.289999961853027,11.289999961853027,835.0
2024-04-24 14:27:00,COCO,24.420000076293945,24.420000076293945,24.420000076293945,24.40999984741211,24.40999984741211,1018.0
2024-04-24 14:27:00,DIBS,5.400000095367432,5.400000095367432,5.400000095367432,5.400000095367432,5.400000095367432,929.0
2024-04-24 14:27:00,EGHT,2.3499999046325684,2.3499999046325684,2.3499999046325684,2.3499999046325684,2.3499999046325684,354.0
2024-04-24 14:27:00,FDMT,24.530000686645508,24.530000686645508,24.530000686645508,24.530000686645508,24.530000686645508,161.0
2024-04-24 14:27:00,MAPS,1.100000023841858,1.100000023841858,1.100000023841858,1.100000023841858,1.100000023841858,210.0
2024-04-24 14:27:00,ME,0.4715000092983246,0.4715000092983246,0.4715000092983246,0.4715000092983246,0.4715000092983246,868.0
2024-04-24 14:27:00,SEAT,5.889999866485596,5.889999866485596,5.889999866485596,5.885000228881836,5.889999866485596,736.0
2024-04-24 14:27:00,TWOU,0.23600000143051147,0.23600000143051147,0.2370000034570694,0.23600000143051147,0.2361000031232834,2111.0
2024-04-24 14:27:00,TXG,27.274999618530273,27.274999618530273,27.274999618530273,27.274999618530273,27.274999618530273,853.0
2024-04-24 14:27:00,VC,110.98999786376953,110.98999786376953,110.98999786376953,110.98999786376953,110.98999786376953,3661.0
2024-04-24 14:27:00,VCTR,49.869998931884766,49.869998931884766,49.869998931884766,49.869998931884766,49.869998931884766,891.0
2024-04-24 14:27:00,VERU,1.3499000072479248,1.3499000072479248,1.350000023841858,1.3499000072479248,1.350000023841858,2200.0
2024-04-24 14:27:00,VERV,6.625,6.625,6.625,6.614999771118164,6.614999771118164,1763.0
2024-04-24 14:27:00,VERX,29.239999771118164,29.239999771118164,29.239999771118164,29.184999465942383,29.219999313354492,9361.0
2024-04-24 14:27:00,VFS,2.4798998832702637,2.4798998832702637,2.4798998832702637,2.4798998832702637,2.4798998832702637,2980.0
2024-04-24 14:27:00,VIR,8.079999923706055,8.079999923706055,8.079999923706055,8.079999923706055,8.079999923706055,756.0
2024-04-24 14:27:00,VIRT,22.309999465942383,22.309999465942383,22.329999923706055,22.309999465942383,22.31999969482422,10172.0
2024-04-24 14:27:00,VITL,26.790000915527344,26.790000915527344,26.809999465942383,26.790000915527344,26.809999465942383,991.0
2024-04-24 14:27:00,VIVK,1.4500999450683594,1.4500999450683594,1.4500999450683594,1.4500999450683594,1.4500999450683594,72.0
2024-04-24 14:27:00,VKTX,65.13999938964844,65.13999938964844,65.16500091552734,65.12000274658203,65.12000274658203,2108.0
2024-04-24 14:27:00,VLCN,0.2500999867916107,0.2500999867916107,0.25200000405311584,0.2500999867916107,0.25200000405311584,2000.0
2024-04-24 14:27:00,VMEO,3.5350000858306885,3.5350000858306885,3.5350000858306885,3.5350000858306885,3.5350000858306885,578.0
2024-04-24 14:27:00,VNET,1.559999942779541,1.559999942779541,1.559999942779541,1.559000015258789,1.559000015258789,6939.0
2024-04-24 14:27:00,VNOM,39.82500076293945,39.82500076293945,39.82500076293945,39.82500076293945,39.82500076293945,330.0
2024-04-24 14:27:00,VOD,8.614999771118164,8.614999771118164,8.614999771118164,8.609999656677246,8.611800193786621,1157.0
2024-04-24 14:27:00,VOR,1.7549999952316284,1.7549999952316284,1.7549999952316284,1.7549999952316284,1.7549999952316284,100.0
2024-04-24 14:27:00,VRRM,24.25,24.25,24.260000228881836,24.2450008392334,24.25,1989.0
2024-04-24 14:27:00,VTNR,1.4500000476837158,1.4500000476837158,1.4500000476837158,1.4500000476837158,1.4500000476837158,10552.0
2024-04-24 14:27:00,VTRS,11.449999809265137,11.449999809265137,11.449999809265137,11.449999809265137,11.449999809265137,1773.0
2024-04-24 14:27:00,WB,8.329999923706055,8.329999923706055,8.335000038146973,8.329999923706055,8.335000038146973,1024.0
2024-04-24 14:27:00,WBA,17.709999084472656,17.709999084472656,17.709999084472656,17.700000762939453,17.704999923706055,4353.0
2024-04-24 14:27:00,WBD,8.3149995803833,8.3149995803833,8.317500114440918,8.31029987335205,8.3149995803833,3949.0
2024-04-24 14:27:00,WDAY,256.44000244140625,256.44000244140625,256.44000244140625,256.30999755859375,256.30999755859375,222.0
2024-04-24 14:27:00,WDC,69.23999786376953,69.23999786376953,69.29000091552734,69.23500061035156,69.29000091552734,5682.0
2024-04-24 14:27:00,WEN,19.844999313354492,19.844999313354492,19.844999313354492,19.834999084472656,19.834999084472656,5799.0
2024-04-24 14:27:00,WERN,35.290000915527344,35.290000915527344,35.29999923706055,35.290000915527344,35.29999923706055,1463.0
2024-04-24 14:27:00,WIMI,1.0700000524520874,1.0700000524520874,1.0787999629974365,1.0599000453948975,1.059999942779541,23527.0
2024-04-24 14:27:00,WISA,6.260000228881836,6.260000228881836,6.299900054931641,6.240099906921387,6.299900054931641,9212.0
2024-04-24 14:27:00,WKHS,0.163100004196167,0.163100004196167,0.163100004196167,0.163100004196167,0.163100004196167,296.0
2024-04-24 14:27:00,WMG,32.130001068115234,32.130001068115234,32.130001068115234,32.118900299072266,32.118900299072266,1547.0
2024-04-24 14:27:00,WSC,37.91999816894531,37.91999816894531,37.91999816894531,37.900001525878906,37.900001525878906,2456.0
2024-04-24 14:27:00,WTW,264.3599853515625,264.3599853515625,264.3999938964844,264.3550109863281,264.3999938964844,1382.0
2024-04-24 14:27:00,WVE,5.175000190734863,5.175000190734863,5.175000190734863,5.175000190734863,5.175000190734863,564.0
2024-04-24 14:27:00,WW,1.6549999713897705,1.6549999713897705,1.659999966621399,1.6549999713897705,1.659999966621399,14243.0
2024-04-24 14:27:00,WYNN,96.92500305175781,96.92500305175781,96.92500305175781,96.92500305175781,96.92500305175781,618.0
2024-04-24 14:27:00,XEL,55.435001373291016,55.435001373291016,55.459999084472656,55.435001373291016,55.439998626708984,11241.0
2024-04-24 14:27:00,XENE,39.880001068115234,39.880001068115234,39.880001068115234,39.880001068115234,39.880001068115234,102.0
2024-04-24 14:27:00,XERS,1.7649999856948853,1.7649999856948853,1.7649999856948853,1.7599999904632568,1.7649999856948853,622.0
2024-04-24 14:27:00,XFOR,1.2450000047683716,1.2450000047683716,1.2450000047683716,1.2450000047683716,1.2450000047683716,622.0
2024-04-24 14:27:00,XP,20.514999389648438,20.514999389648438,20.530000686645508,20.510000228881836,20.524999618530273,8628.0
2024-04-24 14:27:00,XRX,14.364999771118164,14.364999771118164,14.380000114440918,14.364999771118164,14.375,4454.0
2024-04-24 14:27:00,XXII,1.8799999952316284,1.8799999952316284,1.8799999952316284,1.8799999952316284,1.8799999952316284,848.0
2024-04-24 14:27:00,YMAB,15.210000038146973,15.210000038146973,15.210000038146973,15.210000038146973,15.210000038146973,450.0
2024-04-24 14:27:00,Z,43.4375,43.4375,43.5099983215332,43.43000030517578,43.470001220703125,7919.0
2024-04-24 14:27:00,ZBRA,277.0350036621094,277.0350036621094,277.0350036621094,277.0350036621094,277.0350036621094,218.0
2024-04-24 14:27:00,ZD,51.619998931884766,51.619998931884766,51.619998931884766,51.619998931884766,51.619998931884766,166.0
2024-04-24 14:27:00,ZENV,2.200000047683716,2.200000047683716,2.200000047683716,2.200000047683716,2.200000047683716,100.0
2024-04-24 14:27:00,ZG,42.95500183105469,42.95500183105469,42.970001220703125,42.95500183105469,42.970001220703125,3022.0
2024-04-24 14:27:00,ZION,42.150001525878906,42.150001525878906,42.150001525878906,42.150001525878906,42.150001525878906,411.0
2024-04-24 14:27:00,ZLAB,15.550000190734863,15.550000190734863,15.550000190734863,15.550000190734863,15.550000190734863,662.0
2024-04-24 14:27:00,ZM,61.48899841308594,61.48899841308594,61.48899841308594,61.474998474121094,61.47999954223633,1509.0
2024-04-24 14:27:00,ZS,178.47999572753906,178.47999572753906,178.5399932861328,178.47250366210938,178.47250366210938,1454.0
2024-04-24 14:27:00,ZVSA,0.6079999804496765,0.6079999804496765,0.6079999804496765,0.6079999804496765,0.6079999804496765,115.0
2024-04-24 14:28:00,COCO,24.440000534057617,24.440000534057617,24.440000534057617,24.420000076293945,24.420000076293945,1912.0
2024-04-24 14:28:00,DSP,8.579999923706055,8.579999923706055,8.604999542236328,8.569999694824219,8.604999542236328,1680.0
2024-04-24 14:28:00,EGHT,2.3450000286102295,2.3450000286102295,2.359999895095825,2.3450000286102295,2.359999895095825,8096.0
2024-04-24 14:28:00,ETNB,8.609999656677246,8.609999656677246,8.619999885559082,8.609999656677246,8.619999885559082,1354.0
2024-04-24 14:28:00,FDMT,24.469999313354492,24.469999313354492,24.510000228881836,24.459999084472656,24.510000228881836,2281.0
2024-04-24 14:28:00,MASS,5.650000095367432,5.650000095367432,5.650000095367432,5.650000095367432,5.650000095367432,1073.0
2024-04-24 14:28:00,ME,0.4715000092983246,0.4715000092983246,0.4715000092983246,0.4713999927043915,0.4715000092983246,5761.0
2024-04-24 14:28:00,SEAT,5.885000228881836,5.885000228881836,5.889999866485596,5.885000228881836,5.889999866485596,999.0
2024-04-24 14:28:00,SXTP,0.23989999294281006,0.23989999294281006,0.23989999294281006,0.23989999294281006,0.23989999294281006,0.0
2024-04-24 14:28:00,TSVT,4.289999961853027,4.289999961853027,4.289999961853027,4.28000020980835,4.28000020980835,2332.0
2024-04-24 14:28:00,TWOU,0.2361000031232834,0.2361000031232834,0.2363000065088272,0.23600000143051147,0.2363000065088272,4234.0
2024-04-24 14:28:00,TXG,27.239999771118164,27.239999771118164,27.270000457763672,27.229999542236328,27.270000457763672,7735.0
2024-04-24 14:28:00,VC,110.91500091552734,110.91500091552734,110.91500091552734,110.9000015258789,110.91000366210938,945.0
2024-04-24 14:28:00,VERU,1.340999960899353,1.340999960899353,1.350000023841858,1.340000033378601,1.3450000286102295,1503.0
2024-04-24 14:28:00,VERV,6.625,6.625,6.630000114440918,6.619999885559082,6.625,2087.0
2024-04-24 14:28:00,VERX,29.219999313354492,29.219999313354492,29.219999313354492,29.219999313354492,29.219999313354492,103.0
2024-04-24 14:28:00,VFF,1.315000057220459,1.315000057220459,1.3199000358581543,1.315000057220459,1.3199000358581543,3881.0
2024-04-24 14:28:00,VIAV,7.965000152587891,7.965000152587891,7.965000152587891,7.965000152587891,7.965000152587891,1544.0
2024-04-24 14:28:00,VIR,8.0649995803833,8.0649995803833,8.0649995803833,8.0649995803833,8.0649995803833,747.0
2024-04-24 14:28:00,VIRC,10.680000305175781,10.680000305175781,10.680000305175781,10.680000305175781,10.680000305175781,451.0
2024-04-24 14:28:00,VIRT,22.30500030517578,22.30500030517578,22.30500030517578,22.299999237060547,22.30500030517578,1614.0
2024-04-24 14:28:00,VITL,26.770000457763672,26.770000457763672,26.780000686645508,26.770000457763672,26.780000686645508,2845.0
2024-04-24 14:28:00,VIVK,1.4500000476837158,1.4500000476837158,1.4500000476837158,1.4500000476837158,1.4500000476837158,300.0
2024-04-24 14:28:00,VKTX,65.06999969482422,65.06999969482422,65.125,65.06999969482422,65.11000061035156,4115.0
2024-04-24 14:28:00,VLCN,0.2574999928474426,0.2574999928474426,0.2574999928474426,0.2500999867916107,0.2500999867916107,3301.0
2024-04-24 14:28:00,VMD,8.0,8.0,8.0,7.980000019073486,7.985000133514404,1917.0
2024-04-24 14:28:00,VNOM,39.849998474121094,39.849998474121094,39.849998474121094,39.82500076293945,39.82500076293945,723.0
2024-04-24 14:28:00,VOD,8.614999771118164,8.614999771118164,8.614999771118164,8.609999656677246,8.609999656677246,808.0
2024-04-24 14:28:00,VRDN,13.270000457763672,13.270000457763672,13.300000190734863,13.270000457763672,13.300000190734863,3493.0
2024-04-24 14:28:00,VRNA,15.430000305175781,15.430000305175781,15.479999542236328,15.430000305175781,15.479999542236328,6651.0
2024-04-24 14:28:00,VRRM,24.25,24.25,24.25,24.25,24.25,890.0
2024-04-24 14:28:00,VRTX,400.7900085449219,400.7900085449219,400.8949890136719,400.7900085449219,400.80999755859375,1624.0
2024-04-24 14:28:00,VSAT,16.184999465942383,16.184999465942383,16.200000762939453,16.184999465942383,16.200000762939453,1625.0
2024-04-24 14:28:00,VTGN,4.724999904632568,4.724999904632568,4.730000019073486,4.724999904632568,4.729000091552734,2166.0
2024-04-24 14:28:00,VTNR,1.4500000476837158,1.4500000476837158,1.4500000476837158,1.4500000476837158,1.4500000476837158,1210.0
2024-04-24 14:28:00,VTRS,11.449999809265137,11.449999809265137,11.449999809265137,11.444999694824219,11.444999694824219,858.0
2024-04-24 14:28:00,WB,8.335000038146973,8.335000038146973,8.335000038146973,8.335000038146973,8.335000038146973,607.0
2024-04-24 14:28:00,WBA,17.71500015258789,17.71500015258789,17.71500015258789,17.704999923706055,17.705799102783203,11126.0
2024-04-24 14:28:00,WBD,8.3149995803833,8.3149995803833,8.3149995803833,8.313799858093262,8.3149995803833,8492.0
2024-04-24 14:28:00,WDAY,256.1400146484375,256.1400146484375,256.375,256.1400146484375,256.375,4240.0
2024-04-24 14:28:00,WDC,69.19999694824219,69.19999694824219,69.23999786376953,69.19999694824219,69.23500061035156,6058.0
2024-04-24 14:28:00,WEN,19.84000015258789,19.84000015258789,19.850000381469727,19.84000015258789,19.844999313354492,2425.0
2024-04-24 14:28:00,WERN,35.290000915527344,35.290000915527344,35.310001373291016,35.290000915527344,35.310001373291016,2182.0
2024-04-24 14:28:00,WFRD,122.9800033569336,122.9800033569336,122.9800033569336,122.9800033569336,122.9800033569336,490.0
2024-04-24 14:28:00,WIMI,1.0700000524520874,1.0700000524520874,1.0700000524520874,1.0614999532699585,1.0614999532699585,4248.0
2024-04-24 14:28:00,WISA,6.28000020980835,6.28000020980835,6.28000020980835,6.260000228881836,6.260000228881836,3520.0
2024-04-24 14:28:00,WIX,122.2300033569336,122.2300033569336,122.55500030517578,122.2300033569336,122.55500030517578,3589.0
2024-04-24 14:28:00,WKHS,0.16300000250339508,0.16300000250339508,0.1632000058889389,0.16300000250339508,0.1632000058889389,780.0
2024-04-24 14:28:00,WMG,32.130001068115234,32.130001068115234,32.130001068115234,32.130001068115234,32.130001068115234,497.0
2024-04-24 14:28:00,WSC,37.90999984741211,37.90999984741211,37.93000030517578,37.90999984741211,37.93000030517578,1913.0
2024-04-24 14:28:00,WVE,5.175000190734863,5.175000190734863,5.175000190734863,5.175000190734863,5.175000190734863,368.0
2024-04-24 14:28:00,WWD,149.40499877929688,149.40499877929688,149.40499877929688,149.40499877929688,149.40499877929688,1115.0
2024-04-24 14:28:00,WYNN,96.81999969482422,96.81999969482422,96.87999725341797,96.81999969482422,96.87999725341797,1108.0
2024-04-24 14:28:00,XEL,55.45000076293945,55.45000076293945,55.45000076293945,55.43000030517578,55.439998626708984,9661.0
2024-04-24 14:28:00,XERS,1.7699999809265137,1.7699999809265137,1.7699999809265137,1.7699999809265137,1.7699999809265137,139.0
2024-04-24 14:28:00,XFOR,1.2452000379562378,1.2452000379562378,1.2452000379562378,1.2452000379562378,1.2452000379562378,402.0
2024-04-24 14:28:00,XMTR,16.940000534057617,16.940000534057617,16.950000762939453,16.940000534057617,16.950000762939453,919.0
2024-04-24 14:28:00,XP,20.510000228881836,20.510000228881836,20.514999389648438,20.510000228881836,20.514999389648438,2529.0
2024-04-24 14:28:00,XPEL,55.1349983215332,55.1349983215332,55.1349983215332,55.1349983215332,55.1349983215332,120.0
2024-04-24 14:28:00,XRX,14.354999542236328,14.354999542236328,14.364999771118164,14.354999542236328,14.364999771118164,3570.0
2024-04-24 14:28:00,YMAB,15.194999694824219,15.194999694824219,15.194999694824219,15.194999694824219,15.194999694824219,50.0
2024-04-24 14:28:00,Z,43.404998779296875,43.404998779296875,43.439998626708984,43.404998779296875,43.439998626708984,1812.0
2024-04-24 14:28:00,ZBRA,276.864990234375,276.864990234375,276.8900146484375,276.864990234375,276.8900146484375,679.0
2024-04-24 14:28:00,ZD,51.630001068115234,51.630001068115234,51.630001068115234,51.630001068115234,51.630001068115234,549.0
2024-04-24 14:28:00,ZG,42.88999938964844,42.88999938964844,42.88999938964844,42.88999938964844,42.88999938964844,242.0
2024-04-24 14:28:00,ZI,15.789999961853027,15.789999961853027,15.789999961853027,15.789999961853027,15.789999961853027,593.0
2024-04-24 14:28:00,ZION,42.130001068115234,42.130001068115234,42.14500045776367,42.130001068115234,42.14500045776367,2215.0
2024-04-24 14:28:00,ZM,61.40999984741211,61.40999984741211,61.470001220703125,61.40999984741211,61.470001220703125,20542.0
2024-04-24 14:28:00,ZNTL,11.640000343322754,11.640000343322754,11.640000343322754,11.640000343322754,11.640000343322754,839.0
2024-04-24 14:28:00,ZS,178.3249969482422,178.3249969482422,178.5500030517578,178.3249969482422,178.4199981689453,5906.0
2024-04-24 14:28:00,ZUMZ,17.295000076293945,17.295000076293945,17.309999465942383,17.290000915527344,17.309999465942383,1425.0
2024-04-24 14:28:00,ZURA,3.2799999713897705,3.2799999713897705,3.2899999618530273,3.2200000286102295,3.2300000190734863,7600.0
2024-04-24 14:28:00,ZVRA,4.539999961853027,4.539999961853027,4.539999961853027,4.534999847412109,4.534999847412109,404.0
2024-04-24 14:28:00,ZVSA,0.6050000190734863,0.6050000190734863,0.6050000190734863,0.6050000190734863,0.6050000190734863,529.0
2024-04-24 14:28:00,ZYME,8.579999923706055,8.579999923706055,8.579999923706055,8.579999923706055,8.579999923706055,605.0
2024-04-24 14:29:00,COCO,24.43000030517578,24.43000030517578,24.43000030517578,24.43000030517578,24.43000030517578,471.0
2024-04-24 14:29:00,DSP,8.579999923706055,8.579999923706055,8.579999923706055,8.579999923706055,8.579999923706055,144.0
2024-04-24 14:29:00,EGHT,2.3399999141693115,2.3399999141693115,2.3399999141693115,2.3399999141693115,2.3399999141693115,700.0
2024-04-24 14:29:00,ETNB,8.609999656677246,8.609999656677246,8.609999656677246,8.609999656677246,8.609999656677246,120.0
2024-04-24 14:29:00,FREE,4.809999942779541,4.809999942779541,4.809999942779541,4.809999942779541,4.809999942779541,150.0
2024-04-24 14:29:00,HOWL,6.480000019073486,6.480000019073486,6.480000019073486,6.454999923706055,6.454999923706055,339.0
2024-04-24 14:29:00,MAPS,1.100000023841858,1.100000023841858,1.100000023841858,1.100000023841858,1.100000023841858,400.0
2024-04-24 14:29:00,ME,0.4715000092983246,0.4715000092983246,0.4715000092983246,0.4715000092983246,0.4715000092983246,703.0
2024-04-24 14:29:00,SEAT,5.889999866485596,5.889999866485596,5.889999866485596,5.889999866485596,5.889999866485596,729.0
2024-04-24 14:29:00,SXTP,0.23989999294281006,0.23989999294281006,0.23989999294281006,0.23989999294281006,0.23989999294281006,300.0
2024-04-24 14:29:00,TSVT,4.289999961853027,4.289999961853027,4.289999961853027,4.289999961853027,4.289999961853027,678.0
2024-04-24 14:29:00,TWOU,0.2361000031232834,0.2361000031232834,0.2361000031232834,0.2361000031232834,0.2361000031232834,1858.0
2024-04-24 14:29:00,TXG,27.225000381469727,27.225000381469727,27.25,27.225000381469727,27.239999771118164,3509.0
2024-04-24 14:29:00,VC,110.91000366210938,110.91000366210938,110.91000366210938,110.91000366210938,110.91000366210938,88.0
2024-04-24 14:29:00,VCTR,49.90999984741211,49.90999984741211,49.91999816894531,49.88999938964844,49.88999938964844,3583.0
2024-04-24 14:29:00,VERU,1.350000023841858,1.350000023841858,1.350000023841858,1.350000023841858,1.350000023841858,1969.0
2024-04-24 14:29:00,VERX,29.190000534057617,29.190000534057617,29.219999313354492,29.174999237060547,29.219999313354492,13175.0
2024-04-24 14:29:00,VICR,31.18000030517578,31.18000030517578,31.280000686645508,31.1200008392334,31.1200008392334,5549.0
2024-04-24 14:29:00,VIRT,22.334999084472656,22.334999084472656,22.3700008392334,22.295000076293945,22.299999237060547,22942.0
2024-04-24 14:29:00,VKTX,65.0,65.0,65.06999969482422,65.0,65.06999969482422,4282.0
2024-04-24 14:29:00,VMEO,3.5350000858306885,3.5350000858306885,3.5350000858306885,3.5299999713897705,3.5350000858306885,8871.0
2024-04-24 14:29:00,VNOM,39.84000015258789,39.84000015258789,39.86000061035156,39.84000015258789,39.86000061035156,2501.0
2024-04-24 14:29:00,VOD,8.614999771118164,8.614999771118164,8.614999771118164,8.614999771118164,8.614999771118164,2511.0
2024-04-24 14:29:00,VSAT,16.209999084472656,16.209999084472656,16.209999084472656,16.190000534057617,16.190000534057617,3196.0
2024-04-24 14:29:00,VTNR,1.4499000310897827,1.4499000310897827,1.4499000310897827,1.4499000310897827,1.4499000310897827,511.0
2024-04-24 14:29:00,VTRS,11.449999809265137,11.449999809265137,11.449999809265137,11.444999694824219,11.449999809265137,2092.0
2024-04-24 14:29:00,VUZI,1.3200000524520874,1.3200000524520874,1.3200000524520874,1.3200000524520874,1.3200000524520874,200.0
2024-04-24 14:29:00,WAFD,28.1299991607666,28.1299991607666,28.1299991607666,28.1299991607666,28.1299991607666,512.0
2024-04-24 14:29:00,WBA,17.725000381469727,17.725000381469727,17.725000381469727,17.710100173950195,17.719999313354492,14036.0
2024-04-24 14:29:00,WBD,8.3100004196167,8.3100004196167,8.319999694824219,8.3100004196167,8.3149995803833,8680.0
2024-04-24 14:29:00,WDAY,256.2850036621094,256.2850036621094,256.2850036621094,256.17999267578125,256.17999267578125,2315.0
2024-04-24 14:29:00,WDC,69.11000061035156,69.11000061035156,69.19000244140625,69.11000061035156,69.16999816894531,5314.0
2024-04-24 14:29:00,WEN,19.844999313354492,19.844999313354492,19.844999313354492,19.844999313354492,19.844999313354492,640.0
2024-04-24 14:29:00,WERN,35.29499816894531,35.29499816894531,35.29499816894531,35.29499816894531,35.29499816894531,1094.0
2024-04-24 14:29:00,WEST,10.0,10.0,10.010000228881836,10.0,10.010000228881836,926.0
2024-04-24 14:29:00,WFRD,123.05000305175781,123.05000305175781,123.05000305175781,123.05000305175781,123.05000305175781,719.0
2024-04-24 14:29:00,WHLR,0.14300000667572021,0.14300000667572021,0.14300000667572021,0.14300000667572021,0.14300000667572021,1037.0
2024-04-24 14:29:00,WIMI,1.0611000061035156,1.0611000061035156,1.0700000524520874,1.059999942779541,1.0700000524520874,3401.0
2024-04-24 14:29:00,WING,364.4549865722656,364.4549865722656,364.6000061035156,364.4549865722656,364.6000061035156,403.0
2024-04-24 14:29:00,WISA,6.300000190734863,6.300000190734863,6.301799774169922,6.264100074768066,6.264100074768066,6326.0
2024-04-24 14:29:00,WKHS,0.1632000058889389,0.1632000058889389,0.16329999268054962,0.163100004196167,0.16329999268054962,1243.0
2024-04-24 14:29:00,WMG,32.130001068115234,32.130001068115234,32.13999938964844,32.130001068115234,32.13999938964844,703.0
2024-04-24 14:29:00,WSBC,28.260000228881836,28.260000228881836,28.260000228881836,28.260000228881836,28.260000228881836,420.0
2024-04-24 14:29:00,WSBF,12.180000305175781,12.180000305175781,12.180000305175781,12.180000305175781,12.180000305175781,634.0
2024-04-24 14:29:00,WSC,37.91999816894531,37.91999816894531,37.91999816894531,37.869998931884766,37.900001525878906,5731.0
2024-04-24 14:29:00,WTW,264.3550109863281,264.3550109863281,264.3550109863281,264.3550109863281,264.3550109863281,1814.0
2024-04-24 14:29:00,WVE,5.175000190734863,5.175000190734863,5.175000190734863,5.175000190734863,5.175000190734863,855.0
2024-04-24 14:29:00,WW,1.6584999561309814,1.6584999561309814,1.6584999561309814,1.6584999561309814,1.6584999561309814,2039.0
2024-04-24 14:29:00,WWD,149.3300018310547,149.3300018310547,149.3300018310547,149.3300018310547,149.3300018310547,1066.0
2024-04-24 14:29:00,WYNN,96.7750015258789,96.7750015258789,96.80500030517578,96.7750015258789,96.77999877929688,1768.0
2024-04-24 14:29:00,XEL,55.46500015258789,55.46500015258789,55.470001220703125,55.45500183105469,55.45500183105469,4485.0
2024-04-24 14:29:00,XENE,39.880001068115234,39.880001068115234,39.880001068115234,39.880001068115234,39.880001068115234,200.0
2024-04-24 14:29:00,XERS,1.7649999856948853,1.7649999856948853,1.7649999856948853,1.7649999856948853,1.7649999856948853,600.0
2024-04-24 14:29:00,XFOR,1.2450000047683716,1.2450000047683716,1.2450000047683716,1.2450000047683716,1.2450000047683716,329.0
2024-04-24 14:29:00,XMTR,16.93000030517578,16.93000030517578,16.93000030517578,16.93000030517578,16.93000030517578,2059.0
2024-04-24 14:29:00,XP,20.514999389648438,20.514999389648438,20.514999389648438,20.5049991607666,20.5049991607666,2802.0
2024-04-24 14:29:00,XRX,14.359999656677246,14.359999656677246,14.359999656677246,14.34000015258789,14.350000381469727,31285.0
2024-04-24 14:29:00,YMAB,15.210000038146973,15.210000038146973,15.210000038146973,15.210000038146973,15.210000038146973,154.0
2024-04-24 14:29:00,Z,43.43000030517578,43.43000030517578,43.43000030517578,43.40999984741211,43.40999984741211,2326.0
2024-04-24 14:29:00,ZG,42.90999984741211,42.90999984741211,42.90999984741211,42.90999984741211,42.90999984741211,422.0
2024-04-24 14:29:00,ZI,15.800000190734863,15.800000190734863,15.800000190734863,15.789999961853027,15.789999961853027,881.0
2024-04-24 14:29:00,ZION,42.16999816894531,42.16999816894531,42.16999816894531,42.15999984741211,42.15999984741211,719.0
2024-04-24 14:29:00,ZLAB,15.550000190734863,15.550000190734863,15.550000190734863,15.550000190734863,15.550000190734863,395.0
2024-04-24 14:29:00,ZM,61.380001068115234,61.380001068115234,61.400001525878906,61.380001068115234,61.400001525878906,3227.0
2024-04-24 14:29:00,ZNTL,11.649999618530273,11.649999618530273,11.649999618530273,11.649999618530273,11.649999618530273,690.0
2024-04-24 14:29:00,ZVSA,0.6050000190734863,0.6050000190734863,0.6050000190734863,0.6050000190734863,0.6050000190734863,887.0
2024-04-24 14:29:00,ZYXI,11.289999961853027,11.289999961853027,11.289999961853027,11.289999961853027,11.289999961853027,722.0
2024-04-24 14:30:00,COCO,24.459999084472656,24.459999084472656,24.459999084472656,24.440000534057617,24.440000534057617,1197.0
2024-04-24 14:30:00,DIBS,5.400000095367432,5.400000095367432,5.400000095367432,5.400000095367432,5.400000095367432,287.0
2024-04-24 14:30:00,EGHT,2.3450000286102295,2.3450000286102295,2.3450000286102295,2.3450000286102295,2.3450000286102295,1000.0
2024-04-24 14:30:00,ETNB,8.609999656677246,8.609999656677246,8.609999656677246,8.600000381469727,8.609999656677246,2929.0
2024-04-24 14:30:00,FREE,4.820000171661377,4.820000171661377,4.820000171661377,4.820000171661377,4.820000171661377,229.0
2024-04-24 14:30:00,ME,0.4715000092983246,0.4715000092983246,0.4715000092983246,0.4715000092983246,0.4715000092983246,1604.0
2024-04-24 14:30:00,SEAT,5.889999866485596,5.889999866485596,5.889999866485596,5.885000228881836,5.889999866485596,2195.0
2024-04-24 14:30:00,SXTP,0.23989999294281006,0.23989999294281006,0.23989999294281006,0.23989999294281006,0.23989999294281006,200.0
2024-04-24 14:30:00,TWOU,0.23649999499320984,0.23649999499320984,0.23649999499320984,0.2361000031232834,0.2361000031232834,3100.0
2024-04-24 14:30:00,TXG,27.219999313354492,27.219999313354492,27.219999313354492,27.209999084472656,27.219999313354492,2666.0
2024-04-24 14:30:00,VC,110.87999725341797,110.87999725341797,110.87999725341797,110.87999725341797,110.87999725341797,589.0
2024-04-24 14:30:00,VERV,6.619999885559082,6.619999885559082,6.630000114440918,6.619999885559082,6.625,670.0
2024-04-24 14:30:00,VERX,29.0,29.0,29.200000762939453,28.989999771118164,29.18000030517578,30342.0
2024-04-24 14:30:00,VFS,2.4749999046325684,2.4749999046325684,2.4749999046325684,2.4749999046325684,2.4749999046325684,406.0
2024-04-24 14:30:00,VIAV,7.965000152587891,7.965000152587891,7.96999979019165,7.954999923706055,7.96999979019165,7158.0
2024-04-24 14:30:00,VICR,31.25,31.25,31.25,31.25,31.25,400.0
2024-04-24 14:30:00,VIRC,10.671699523925781,10.671699523925781,10.699999809265137,10.671699523925781,10.699999809265137,934.0
2024-04-24 14:30:00,VIRT,22.3799991607666,22.3799991607666,22.399999618530273,22.329999923706055,22.334999084472656,7879.0
2024-04-24 14:30:00,VIVK,1.4500000476837158,1.4500000476837158,1.4500000476837158,1.440000057220459,1.440000057220459,1879.0
2024-04-24 14:30:00,VKTX,65.16999816894531,65.16999816894531,65.19999694824219,65.05999755859375,65.06849670410156,8273.0
2024-04-24 14:30:00,VLCN,0.2567000091075897,0.2567000091075897,0.2567000091075897,0.2567000091075897,0.2567000091075897,886.0
2024-04-24 14:30:00,VMEO,3.5250000953674316,3.5250000953674316,3.5350000858306885,3.5250000953674316,3.5350000858306885,47414.0
2024-04-24 14:30:00,VNET,1.559999942779541,1.559999942779541,1.559999942779541,1.559999942779541,1.559999942779541,3183.0
2024-04-24 14:30:00,VOD,8.610300064086914,8.610300064086914,8.614999771118164,8.610300064086914,8.614999771118164,1131.0
2024-04-24 14:30:00,VOXR,2.083400011062622,2.083400011062622,2.083400011062622,2.083400011062622,2.083400011062622,300.0
2024-04-24 14:30:00,VRM,11.805000305175781,11.805000305175781,11.805000305175781,11.805000305175781,11.805000305175781,347.0
2024-04-24 14:30:00,VRRM,24.2549991607666,24.2549991607666,24.2549991607666,24.2450008392334,24.25,1632.0
2024-04-24 14:30:00,VRTX,400.6600036621094,400.6600036621094,400.6600036621094,400.5799865722656,400.5799865722656,1577.0
2024-04-24 14:30:00,VSAT,16.21500015258789,16.21500015258789,16.21500015258789,16.21500015258789,16.21500015258789,451.0
2024-04-24 14:30:00,VTNR,1.4450000524520874,1.4450000524520874,1.4500000476837158,1.4450000524520874,1.4500000476837158,3325.0
2024-04-24 14:30:00,VTRS,11.449999809265137,11.449999809265137,11.449999809265137,11.449999809265137,11.449999809265137,608.0
2024-04-24 14:30:00,VTSI,12.270000457763672,12.270000457763672,12.270000457763672,12.270000457763672,12.270000457763672,438.0
2024-04-24 14:30:00,VUZI,1.3200000524520874,1.3200000524520874,1.3200000524520874,1.3200000524520874,1.3200000524520874,823.0
2024-04-24 14:30:00,VYGR,7.46999979019165,7.46999979019165,7.46999979019165,7.46999979019165,7.46999979019165,1603.0
2024-04-24 14:30:00,WAFD,28.15999984741211,28.15999984741211,28.15999984741211,28.15999984741211,28.15999984741211,758.0
2024-04-24 14:30:00,WB,8.335000038146973,8.335000038146973,8.335000038146973,8.335000038146973,8.335000038146973,264.0
2024-04-24 14:30:00,WBA,17.725000381469727,17.725000381469727,17.729999542236328,17.719999313354492,17.729999542236328,8907.0
2024-04-24 14:30:00,WBD,8.319999694824219,8.319999694824219,8.319999694824219,8.3100004196167,8.3100004196167,958.0
2024-04-24 14:30:00,WDC,69.1449966430664,69.1449966430664,69.1449966430664,69.06500244140625,69.11000061035156,5551.0
2024-04-24 14:30:00,WEN,19.84000015258789,19.84000015258789,19.84000015258789,19.84000015258789,19.84000015258789,567.0
2024-04-24 14:30:00,WFRD,123.01000213623047,123.01000213623047,123.04000091552734,123.01000213623047,123.04000091552734,892.0
2024-04-24 14:30:00,WHFCL,25.049999237060547,25.049999237060547,25.049999237060547,25.049999237060547,25.049999237060547,9800.0
2024-04-24 14:30:00,WHLR,0.1429000049829483,0.1429000049829483,0.1429000049829483,0.1429000049829483,0.1429000049829483,1900.0
2024-04-24 14:30:00,WIMI,1.0700000524520874,1.0700000524520874,1.0700000524520874,1.0499999523162842,1.0613000392913818,8572.0
2024-04-24 14:30:00,WISA,6.320000171661377,6.320000171661377,6.320000171661377,6.309999942779541,6.309999942779541,2012.0
2024-04-24 14:30:00,WIX,122.11000061035156,122.11000061035156,122.11000061035156,122.11000061035156,122.11000061035156,216.0
2024-04-24 14:30:00,WKHS,0.16300000250339508,0.16300000250339508,0.163100004196167,0.16300000250339508,0.163100004196167,1003.0
2024-04-24 14:30:00,WMG,32.1150016784668,32.1150016784668,32.125,32.1150016784668,32.125,2662.0
2024-04-24 14:30:00,WSBC,28.25,28.25,28.25,28.25,28.25,709.0
2024-04-24 14:30:00,WSC,37.92499923706055,37.92499923706055,37.939998626708984,37.92250061035156,37.939998626708984,2064.0
2024-04-24 14:30:00,WVE,5.175000190734863,5.175000190734863,5.175000190734863,5.175000190734863,5.175000190734863,746.0
2024-04-24 14:30:00,WW,1.649999976158142,1.649999976158142,1.649999976158142,1.649999976158142,1.649999976158142,2785.0
2024-04-24 14:30:00,WYNN,96.7300033569336,96.7300033569336,96.7300033569336,96.7300033569336,96.7300033569336,647.0
2024-04-24 14:30:00,XEL,55.459999084472656,55.459999084472656,55.474998474121094,55.459999084472656,55.46500015258789,4717.0
2024-04-24 14:30:00,XENE,39.90999984741211,39.90999984741211,39.90999984741211,39.90999984741211,39.90999984741211,423.0
2024-04-24 14:30:00,XERS,1.7649999856948853,1.7649999856948853,1.7649999856948853,1.7649999856948853,1.7649999856948853,0.0
2024-04-24 14:30:00,XFOR,1.2450000047683716,1.2450000047683716,1.2450000047683716,1.2450000047683716,1.2450000047683716,1001.0
2024-04-24 14:30:00,XNCR,18.600000381469727,18.600000381469727,18.625,18.600000381469727,18.625,976.0
2024-04-24 14:30:00,XP,20.510000228881836,20.510000228881836,20.514999389648438,20.510000228881836,20.514999389648438,3855.0
2024-04-24 14:30:00,XRX,14.375,14.375,14.380000114440918,14.364999771118164,14.364999771118164,5172.0
2024-04-24 14:30:00,XXII,1.879699945449829,1.879699945449829,1.879699945449829,1.879699945449829,1.879699945449829,1347.0
2024-04-24 14:30:00,YTEN,0.23890000581741333,0.23890000581741333,0.23890000581741333,0.23890000581741333,0.23890000581741333,8740.0
2024-04-24 14:30:00,Z,43.400001525878906,43.400001525878906,43.41999816894531,43.38999938964844,43.41999816894531,2271.0
2024-04-24 14:30:00,ZD,51.625,51.625,51.625,51.59000015258789,51.59000015258789,344.0
2024-04-24 14:30:00,ZENV,2.10479998588562,2.10479998588562,2.10479998588562,2.10479998588562,2.10479998588562,1866.0
2024-04-24 14:30:00,ZG,42.880001068115234,42.880001068115234,42.880001068115234,42.880001068115234,42.880001068115234,452.0
2024-04-24 14:30:00,ZION,42.13999938964844,42.13999938964844,42.150001525878906,42.13999938964844,42.150001525878906,1715.0
2024-04-24 14:30:00,ZM,61.349998474121094,61.349998474121094,61.369998931884766,61.349998474121094,61.369998931884766,3178.0
2024-04-24 14:30:00,ZS,178.26600646972656,178.26600646972656,178.26600646972656,178.26600646972656,178.26600646972656,303.0
2024-04-24 14:30:00,ZVRA,4.53000020980835,4.53000020980835,4.53980016708374,4.53000020980835,4.539700031280518,674.0
2024-04-24 14:31:00,ATNF,1.8008999824523926,1.8008999824523926,1.8008999824523926,1.8008999824523926,1.8008999824523926,1617.0
2024-04-24 14:31:00,COCO,24.440000534057617,24.440000534057617,24.440000534057617,24.424999237060547,24.440000534057617,1960.0
2024-04-24 14:31:00,DSP,8.579999923706055,8.579999923706055,8.579999923706055,8.579999923706055,8.579999923706055,260.0
2024-04-24 14:31:00,ETNB,8.600000381469727,8.600000381469727,8.609999656677246,8.600000381469727,8.609999656677246,1784.0
2024-04-24 14:31:00,FREE,4.820000171661377,4.820000171661377,4.820000171661377,4.820000171661377,4.820000171661377,200.0
2024-04-24 14:31:00,ME,0.4715000092983246,0.4715000092983246,0.4715000092983246,0.4715000092983246,0.4715000092983246,1505.0
2024-04-24 14:31:00,SEAT,5.889999866485596,5.889999866485596,5.889999866485596,5.889999866485596,5.889999866485596,200.0
2024-04-24 14:31:00,SXTP,0.23989999294281006,0.23989999294281006,0.23989999294281006,0.23989999294281006,0.23989999294281006,901.0
2024-04-24 14:31:00,TSVT,4.28000020980835,4.28000020980835,4.284999847412109,4.28000020980835,4.284999847412109,1605.0
2024-04-24 14:31:00,TWOU,0.23659999668598175,0.23659999668598175,0.23659999668598175,0.23639999330043793,0.23639999330043793,4153.0
2024-04-24 14:31:00,TXG,27.225000381469727,27.225000381469727,27.239999771118164,27.21500015258789,27.239999771118164,2638.0
2024-04-24 14:31:00,VC,110.83999633789062,110.83999633789062,110.88999938964844,110.83999633789062,110.88999938964844,972.0
2024-04-24 14:31:00,VCTR,49.83000183105469,49.83000183105469,49.83000183105469,49.83000183105469,49.83000183105469,529.0
2024-04-24 14:31:00,VERU,1.3450000286102295,1.3450000286102295,1.350000023841858,1.340000033378601,1.350000023841858,1892.0
2024-04-24 14:31:00,VERV,6.630000114440918,6.630000114440918,6.630000114440918,6.625,6.625,4100.0
2024-04-24 14:31:00,VERX,29.020000457763672,29.020000457763672,29.024999618530273,28.93000030517578,28.93000030517578,2806.0
2024-04-24 14:31:00,VFF,1.309999942779541,1.309999942779541,1.3200000524520874,1.309999942779541,1.309999942779541,1561.0
2024-04-24 14:31:00,VFS,2.4749999046325684,2.4749999046325684,2.4749999046325684,2.4749999046325684,2.4749999046325684,448.0
2024-04-24 14:31:00,VIAV,7.96999979019165,7.96999979019165,7.96999979019165,7.965000152587891,7.965000152587891,2787.0
2024-04-24 14:31:00,VICR,31.209999084472656,31.209999084472656,31.209999084472656,31.170000076293945,31.200000762939453,1428.0
2024-04-24 14:31:00,VIRT,22.34000015258789,22.34000015258789,22.385000228881836,22.34000015258789,22.385000228881836,5503.0
2024-04-24 14:31:00,VKTX,65.06999969482422,65.06999969482422,65.26000213623047,65.06999969482422,65.20999908447266,9077.0
2024-04-24 14:31:00,VMEO,3.5206000804901123,3.5206000804901123,3.5250000953674316,3.5206000804901123,3.5250000953674316,1286.0
2024-04-24 14:31:00,VNET,1.559999942779541,1.559999942779541,1.559999942779541,1.5549999475479126,1.5549999475479126,316.0
2024-04-24 14:31:00,VNOM,39.8849983215332,39.8849983215332,39.900001525878906,39.849998474121094,39.849998474121094,3323.0
2024-04-24 14:31:00,VOD,8.614999771118164,8.614999771118164,8.614999771118164,8.614999771118164,8.614999771118164,257.0
2024-04-24 14:31:00,VOR,1.750100016593933,1.750100016593933,1.750100016593933,1.750100016593933,1.750100016593933,400.0
2024-04-24 14:31:00,VOXR,2.0899999141693115,2.0899999141693115,2.0899999141693115,2.0899999141693115,2.0899999141693115,1601.0
2024-04-24 14:31:00,VRDN,13.220000267028809,13.220000267028809,13.270000457763672,13.220000267028809,13.260000228881836,3055.0
2024-04-24 14:31:00,VRPX,3.0801000595092773,3.0801000595092773,3.0801000595092773,3.0801000595092773,3.0801000595092773,600.0
2024-04-24 14:31:00,VRRM,24.239999771118164,24.239999771118164,24.239999771118164,24.239999771118164,24.239999771118164,1097.0
2024-04-24 14:31:00,VSAT,16.209999084472656,16.209999084472656,16.209999084472656,16.209999084472656,16.209999084472656,767.0
2024-04-24 14:31:00,VTNR,1.4300999641418457,1.4300999641418457,1.4400999546051025,1.4300999641418457,1.4400999546051025,10993.0
2024-04-24 14:31:00,VTRS,11.444999694824219,11.444999694824219,11.449999809265137,11.444999694824219,11.449999809265137,1963.0
2024-04-24 14:31:00,VTSI,12.25,12.25,12.270000457763672,12.25,12.270000457763672,2317.0
2024-04-24 14:31:00,VUZI,1.3049999475479126,1.3049999475479126,1.309999942779541,1.3049999475479126,1.309999942779541,3747.0
2024-04-24 14:31:00,VYGR,7.460000038146973,7.460000038146973,7.460000038146973,7.460000038146973,7.460000038146973,102.0
2024-04-24 14:31:00,WAFD,28.155000686645508,28.155000686645508,28.18000030517578,28.155000686645508,28.15999984741211,3003.0
2024-04-24 14:31:00,WASH,26.260000228881836,26.260000228881836,26.260000228881836,26.260000228881836,26.260000228881836,820.0
2024-04-24 14:31:00,WB,8.335000038146973,8.335000038146973,8.34000015258789,8.335000038146973,8.34000015258789,640.0
2024-04-24 14:31:00,WBA,17.709999084472656,17.709999084472656,17.729999542236328,17.709999084472656,17.725000381469727,9522.0
2024-04-24 14:31:00,WBD,8.3100004196167,8.3100004196167,8.317500114440918,8.3100004196167,8.310199737548828,11540.0
2024-04-24 14:31:00,WDAY,256.06500244140625,256.06500244140625,256.3399963378906,256.0299987792969,256.3299865722656,3419.0
2024-04-24 14:31:00,WDC,69.08499908447266,69.08499908447266,69.1500015258789,69.05999755859375,69.12999725341797,5848.0
2024-04-24 14:31:00,WEN,19.84000015258789,19.84000015258789,19.844999313354492,19.84000015258789,19.844999313354492,395.0
2024-04-24 14:31:00,WERN,35.29999923706055,35.29999923706055,35.310001373291016,35.29999923706055,35.310001373291016,947.0
2024-04-24 14:31:00,WEST,10.0,10.0,10.0,10.0,10.0,481.0
2024-04-24 14:31:00,WFRD,122.9000015258789,122.9000015258789,123.05000305175781,122.87999725341797,122.96499633789062,5462.0
2024-04-24 14:31:00,WHFCL,25.100000381469727,25.100000381469727,25.110000610351562,25.049999237060547,25.049999237060547,4922.0
2024-04-24 14:31:00,WIMI,1.0499999523162842,1.0499999523162842,1.0700000524520874,1.0499999523162842,1.0499999523162842,12410.0
2024-04-24 14:31:00,WING,364.2799987792969,364.2799987792969,364.385009765625,364.2799987792969,364.385009765625,623.0
2024-04-24 14:31:00,WISA,6.309999942779541,6.309999942779541,6.340000152587891,6.309999942779541,6.320000171661377,26080.0
2024-04-24 14:31:00,WIX,121.9800033569336,121.9800033569336,121.9800033569336,121.9800033569336,121.9800033569336,654.0
2024-04-24 14:31:00,WKHS,0.16300000250339508,0.16300000250339508,0.163100004196167,0.16290000081062317,0.163100004196167,99474.0
2024-04-24 14:31:00,WMG,32.11000061035156,32.11000061035156,32.11000061035156,32.102500915527344,32.11000061035156,2597.0
2024-04-24 14:31:00,WSC,37.900001525878906,37.900001525878906,37.91999816894531,37.880001068115234,37.91999816894531,6300.0
2024-04-24 14:31:00,WSFS,44.72999954223633,44.72999954223633,44.72999954223633,44.720001220703125,44.720001220703125,1436.0
2024-04-24 14:31:00,WVE,5.175000190734863,5.175000190734863,5.175000190734863,5.175000190734863,5.175000190734863,344.0
2024-04-24 14:31:00,WW,1.649999976158142,1.649999976158142,1.649999976158142,1.649999976158142,1.649999976158142,216.0
2024-04-24 14:31:00,WYNN,96.72000122070312,96.72000122070312,96.80999755859375,96.69999694824219,96.77999877929688,7916.0
2024-04-24 14:31:00,XEL,55.46500015258789,55.46500015258789,55.48500061035156,55.459999084472656,55.470001220703125,21939.0
2024-04-24 14:31:00,XERS,1.7699999809265137,1.7699999809265137,1.7699999809265137,1.7649999856948853,1.7649999856948853,539.0
2024-04-24 14:31:00,XFOR,1.2450000047683716,1.2450000047683716,1.2450000047683716,1.2450000047683716,1.2450000047683716,2287.0
2024-04-24 14:31:00,XMTR,16.905000686645508,16.905000686645508,16.905000686645508,16.905000686645508,16.905000686645508,136.0
2024-04-24 14:31:00,XNCR,18.610000610351562,18.610000610351562,18.6200008392334,18.59000015258789,18.59000015258789,2026.0
2024-04-24 14:31:00,XP,20.4950008392334,20.4950008392334,20.510000228881836,20.4950008392334,20.510000228881836,7483.0
2024-04-24 14:31:00,XPEL,55.029998779296875,55.029998779296875,55.05500030517578,55.029998779296875,55.05500030517578,576.0
2024-04-24 14:31:00,XRX,14.375,14.375,14.380000114440918,14.375,14.375,1943.0
2024-04-24 14:31:00,XWEL,1.75,1.75,1.75,1.715000033378601,1.715000033378601,2354.0
2024-04-24 14:31:00,Z,43.39500045776367,43.39500045776367,43.41999816894531,43.38999938964844,43.400001525878906,4456.0
2024-04-24 14:31:00,ZAPP,3.9500999450683594,3.9500999450683594,3.9500999450683594,3.9500999450683594,3.9500999450683594,713.0
2024-04-24 14:31:00,ZBRA,276.92498779296875,276.92498779296875,276.92498779296875,276.8550109863281,276.8550109863281,621.0
2024-04-24 14:31:00,ZCMD,1.6699999570846558,1.6699999570846558,1.6699999570846558,1.6699999570846558,1.6699999570846558,401.0
2024-04-24 14:31:00,ZD,51.599998474121094,51.599998474121094,51.599998474121094,51.599998474121094,51.599998474121094,203.0
2024-04-24 14:31:00,ZG,42.86000061035156,42.86000061035156,42.91999816894531,42.86000061035156,42.90999984741211,2188.0
2024-04-24 14:31:00,ZI,15.78499984741211,15.78499984741211,15.795000076293945,15.78499984741211,15.795000076293945,5563.0
2024-04-24 14:31:00,ZIMV,15.760000228881836,15.760000228881836,15.760000228881836,15.739999771118164,15.739999771118164,2156.0
2024-04-24 14:31:00,ZION,42.150001525878906,42.150001525878906,42.17279815673828,42.130001068115234,42.15999984741211,6159.0
2024-04-24 14:31:00,ZLAB,15.550000190734863,15.550000190734863,15.550000190734863,15.541999816894531,15.541999816894531,536.0
2024-04-24 14:31:00,ZM,61.290000915527344,61.290000915527344,61.3650016784668,61.290000915527344,61.349998474121094,3927.0
2024-04-24 14:31:00,ZNTL,11.649999618530273,11.649999618530273,11.649999618530273,11.640000343322754,11.640000343322754,983.0
2024-04-24 14:31:00,ZS,178.25,178.25,178.25,178.1300048828125,178.24000549316406,2289.0
2024-04-24 14:31:00,ZURA,3.2699999809265137,3.2699999809265137,3.2699999809265137,3.25,3.259999990463257,8715.0
2024-04-24 14:32:00,COCO,24.395000457763672,24.395000457763672,24.420000076293945,24.395000457763672,24.420000076293945,1087.0
2024-04-24 14:32:00,DSP,8.5600004196167,8.5600004196167,8.569999694824219,8.5600004196167,8.569999694824219,407.0
2024-04-24 14:32:00,EGHT,2.3450000286102295,2.3450000286102295,2.3450000286102295,2.3450000286102295,2.3450000286102295,386.0
2024-04-24 14:32:00,ETNB,8.600000381469727,8.600000381469727,8.600000381469727,8.600000381469727,8.600000381469727,119.0
2024-04-24 14:32:00,FDMT,24.40999984741211,24.40999984741211,24.440000534057617,24.40999984741211,24.440000534057617,1107.0
2024-04-24 14:32:00,FLWS,9.119999885559082,9.119999885559082,9.119999885559082,9.119999885559082,9.119999885559082,237.0
2024-04-24 14:32:00,MAPS,1.100000023841858,1.100000023841858,1.100000023841858,1.100000023841858,1.100000023841858,300.0
2024-04-24 14:32:00,MASS,5.630000114440918,5.630000114440918,5.639999866485596,5.630000114440918,5.639999866485596,432.0
2024-04-24 14:32:00,ME,0.4713999927043915,0.4713999927043915,0.4715000092983246,0.4713999927043915,0.4715000092983246,1142.0
2024-04-24 14:32:00,SEAT,5.889999866485596,5.889999866485596,5.889999866485596,5.889999866485596,5.889999866485596,620.0
2024-04-24 14:32:00,SXTP,0.23579999804496765,0.23579999804496765,0.23729999363422394,0.23499999940395355,0.23729999363422394,5199.0
2024-04-24 14:32:00,TSVT,4.279900074005127,4.279900074005127,4.279900074005127,4.279900074005127,4.279900074005127,207.0
2024-04-24 14:32:00,TWOU,0.23669999837875366,0.23669999837875366,0.23669999837875366,0.23659999668598175,0.23659999668598175,1648.0
2024-04-24 14:32:00,TXG,27.219999313354492,27.219999313354492,27.229999542236328,27.219999313354492,27.229999542236328,4012.0
2024-04-24 14:32:00,VC,110.73500061035156,110.73500061035156,110.80999755859375,110.69999694824219,110.80999755859375,866.0
2024-04-24 14:32:00,VCTR,49.83000183105469,49.83000183105469,49.834999084472656,49.83000183105469,49.834999084472656,1418.0
2024-04-24 14:32:00,VERU,1.3450000286102295,1.3450000286102295,1.350000023841858,1.3450000286102295,1.350000023841858,6400.0
2024-04-24 14:32:00,VERV,6.590000152587891,6.590000152587891,6.605000019073486,6.590000152587891,6.605000019073486,1631.0
2024-04-24 14:32:00,VERX,28.989999771118164,28.989999771118164,28.989999771118164,28.989999771118164,28.989999771118164,827.0
2024-04-24 14:32:00,VFF,1.309999942779541,1.309999942779541,1.309999942779541,1.309999942779541,1.309999942779541,4059.0
2024-04-24 14:32:00,VFS,2.4749999046325684,2.4749999046325684,2.4749999046325684,2.4749999046325684,2.4749999046325684,2021.0
2024-04-24 14:32:00,VIAV,7.96999979019165,7.96999979019165,7.96999979019165,7.96999979019165,7.96999979019165,2231.0
2024-04-24 14:32:00,VICR,31.260000228881836,31.260000228881836,31.260000228881836,31.25,31.25,1311.0
2024-04-24 14:32:00,VIR,8.0600004196167,8.0600004196167,8.0600004196167,8.0600004196167,8.0600004196167,1053.0
2024-04-24 14:32:00,VIRT,22.31999969482422,22.31999969482422,22.350000381469727,22.31999969482422,22.334999084472656,4950.0
2024-04-24 14:32:00,VKTX,65.09500122070312,65.09500122070312,65.09500122070312,65.05000305175781,65.05000305175781,721.0
2024-04-24 14:32:00,VMD,7.980000019073486,7.980000019073486,7.980000019073486,7.980000019073486,7.980000019073486,421.0
2024-04-24 14:32:00,VMEO,3.5250000953674316,3.5250000953674316,3.5250000953674316,3.5250000953674316,3.5250000953674316,618.0
2024-04-24 14:32:00,VNET,1.5549999475479126,1.5549999475479126,1.5549999475479126,1.5549999475479126,1.5549999475479126,237.0
2024-04-24 14:32:00,VNOM,39.849998474121094,39.849998474121094,39.849998474121094,39.849998474121094,39.849998474121094,612.0
2024-04-24 14:32:00,VOD,8.614999771118164,8.614999771118164,8.619999885559082,8.609999656677246,8.614999771118164,6190.0
2024-04-24 14:32:00,VRCA,6.710000038146973,6.710000038146973,6.710000038146973,6.710000038146973,6.710000038146973,438.0
2024-04-24 14:32:00,VRDN,13.220000267028809,13.220000267028809,13.220000267028809,13.220000267028809,13.220000267028809,430.0
2024-04-24 14:32:00,VRRM,24.25,24.25,24.2549991607666,24.21500015258789,24.219999313354492,4875.0
2024-04-24 14:32:00,VRTX,400.3349914550781,400.3349914550781,400.42999267578125,400.3349914550781,400.42999267578125,1076.0
2024-04-24 14:32:00,VSAT,16.149999618530273,16.149999618530273,16.21500015258789,16.149999618530273,16.209999084472656,4582.0
2024-04-24 14:32:00,VTNR,1.4249999523162842,1.4249999523162842,1.434999942779541,1.4249999523162842,1.4299999475479126,12016.0
2024-04-24 14:32:00,VTRS,11.444999694824219,11.444999694824219,11.449999809265137,11.444999694824219,11.444999694824219,2013.0
2024-04-24 14:32:00,VTRU,13.510000228881836,13.510000228881836,13.510000228881836,13.510000228881836,13.510000228881836,330.0
2024-04-24 14:32:00,VUZI,1.309999942779541,1.309999942779541,1.3199000358581543,1.309999942779541,1.309999942779541,3490.0
2024-04-24 14:32:00,VYGR,7.460000038146973,7.460000038146973,7.460000038146973,7.460000038146973,7.460000038146973,205.0
2024-04-24 14:32:00,WAFD,28.1200008392334,28.1200008392334,28.139999389648438,28.1200008392334,28.139999389648438,1625.0
2024-04-24 14:32:00,WB,8.335000038146973,8.335000038146973,8.335000038146973,8.335000038146973,8.335000038146973,428.0
2024-04-24 14:32:00,WBA,17.704999923706055,17.704999923706055,17.7189998626709,17.700000762939453,17.709999084472656,8638.0
2024-04-24 14:32:00,WBD,8.3149995803833,8.3149995803833,8.319899559020996,8.3100004196167,8.3149995803833,4596.0
2024-04-24 14:32:00,WDAY,255.92999267578125,255.92999267578125,256.1499938964844,255.92999267578125,256.0799865722656,1520.0
2024-04-24 14:32:00,WDC,69.08000183105469,69.08000183105469,69.12000274658203,69.06999969482422,69.0999984741211,8920.0
2024-04-24 14:32:00,WEN,19.834999084472656,19.834999084472656,19.84749984741211,19.834999084472656,19.84000015258789,3258.0
2024-04-24 14:32:00,WERN,35.2599983215332,35.2599983215332,35.290000915527344,35.2599983215332,35.290000915527344,1933.0
2024-04-24 14:32:00,WEST,9.989999771118164,9.989999771118164,9.989999771118164,9.989999771118164,9.989999771118164,424.0
2024-04-24 14:32:00,WHLM,6.480100154876709,6.480100154876709,6.480100154876709,6.480000019073486,6.480000019073486,1882.0
2024-04-24 14:32:00,WIMI,1.0302000045776367,1.0302000045776367,1.059999942779541,1.0299999713897705,1.0549999475479126,98495.0
2024-04-24 14:32:00,WING,363.6300048828125,363.6300048828125,363.92999267578125,363.6300048828125,363.92999267578125,1285.0
2024-04-24 14:32:00,WISA,6.311500072479248,6.311500072479248,6.320000171661377,6.300000190734863,6.312300205230713,10322.0
2024-04-24 14:32:00,WKHS,0.16300000250339508,0.16300000250339508,0.163100004196167,0.16300000250339508,0.163100004196167,28637.0
2024-04-24 14:32:00,WKME,7.929999828338623,7.929999828338623,7.929999828338623,7.929999828338623,7.929999828338623,973.0
2024-04-24 14:32:00,WLDN,27.860000610351562,27.860000610351562,27.860000610351562,27.860000610351562,27.860000610351562,949.0
2024-04-24 14:32:00,WLGS,0.5709999799728394,0.5709999799728394,0.5709999799728394,0.5709999799728394,0.5709999799728394,559.0
2024-04-24 14:32:00,WMG,32.09000015258789,32.09000015258789,32.11000061035156,32.09000015258789,32.11000061035156,1379.0
2024-04-24 14:32:00,WSBC,28.219999313354492,28.219999313354492,28.219999313354492,28.219999313354492,28.219999313354492,418.0
2024-04-24 14:32:00,WSBF,12.180000305175781,12.180000305175781,12.180000305175781,12.180000305175781,12.180000305175781,270.0
2024-04-24 14:32:00,WSC,37.869998931884766,37.869998931884766,37.900001525878906,37.869998931884766,37.900001525878906,2757.0
2024-04-24 14:32:00,WTFC,99.80999755859375,99.80999755859375,99.80999755859375,99.80999755859375,99.80999755859375,502.0
2024-04-24 14:32:00,WTW,264.1300048828125,264.1300048828125,264.1300048828125,264.1300048828125,264.1300048828125,549.0
2024-04-24 14:32:00,WVE,5.179999828338623,5.179999828338623,5.190000057220459,5.175000190734863,5.175000190734863,5643.0
2024-04-24 14:32:00,WW,1.649999976158142,1.649999976158142,1.649999976158142,1.649999976158142,1.649999976158142,2109.0
2024-04-24 14:32:00,WYNN,96.6500015258789,96.6500015258789,96.73999786376953,96.6500015258789,96.73999786376953,4687.0
2024-04-24 14:32:00,XEL,55.4900016784668,55.4900016784668,55.4900016784668,55.46070098876953,55.46500015258789,11488.0
2024-04-24 14:32:00,XENE,39.90999984741211,39.90999984741211,39.90999984741211,39.90999984741211,39.90999984741211,558.0
2024-04-24 14:32:00,XFOR,1.2450000047683716,1.2450000047683716,1.2450000047683716,1.2450000047683716,1.2450000047683716,127.0
2024-04-24 14:32:00,XMTR,16.889999389648438,16.889999389648438,16.899999618530273,16.889999389648438,16.899999618530273,1573.0
2024-04-24 14:32:00,XNCR,18.604999542236328,18.604999542236328,18.610000610351562,18.59000015258789,18.594999313354492,1251.0
2024-04-24 14:32:00,XP,20.485000610351562,20.485000610351562,20.5049991607666,20.485000610351562,20.4950008392334,4519.0
2024-04-24 14:32:00,XRX,14.364999771118164,14.364999771118164,14.380000114440918,14.364999771118164,14.375,4172.0
2024-04-24 14:32:00,YORW,35.599998474121094,35.599998474121094,35.630001068115234,35.599998474121094,35.630001068115234,1218.0
2024-04-24 14:32:00,YTRA,1.2999999523162842,1.2999999523162842,1.2999999523162842,1.2999999523162842,1.2999999523162842,201.0
2024-04-24 14:32:00,Z,43.34000015258789,43.34000015258789,43.380001068115234,43.34000015258789,43.380001068115234,1818.0
2024-04-24 14:32:00,ZBRA,276.55999755859375,276.55999755859375,276.70001220703125,276.55999755859375,276.70001220703125,1628.0
2024-04-24 14:32:00,ZD,51.625,51.625,51.625,51.599998474121094,51.599998474121094,2613.0
2024-04-24 14:32:00,ZI,15.779999732971191,15.779999732971191,15.78499984741211,15.779999732971191,15.78499984741211,673.0
2024-04-24 14:32:00,ZIMV,15.739999771118164,15.739999771118164,15.770000457763672,15.739999771118164,15.770000457763672,1706.0
2024-04-24 14:32:00,ZION,42.130001068115234,42.130001068115234,42.150001525878906,42.099998474121094,42.13999938964844,16156.0
2024-04-24 14:32:00,ZLAB,15.550000190734863,15.550000190734863,15.550000190734863,15.539999961853027,15.539999961853027,2002.0
2024-04-24 14:32:00,ZM,61.2599983215332,61.2599983215332,61.27000045776367,61.2599983215332,61.27000045776367,2427.0
2024-04-24 14:32:00,ZNTL,11.649999618530273,11.649999618530273,11.649999618530273,11.640000343322754,11.640000343322754,1765.0
2024-04-24 14:32:00,ZS,178.17999267578125,178.17999267578125,178.22500610351562,178.17999267578125,178.22500610351562,2040.0
2024-04-24 14:32:00,ZUMZ,17.25,17.25,17.25,17.25,17.25,435.0
2024-04-24 14:32:00,ZVSA,0.6069999933242798,0.6069999933242798,0.6069999933242798,0.6069999933242798,0.6069999933242798,1660.0
2024-04-24 14:32:00,ZYXI,11.279999732971191,11.279999732971191,11.279999732971191,11.279999732971191,11.279999732971191,364.0
2024-04-24 14:33:00,DIBS,5.400000095367432,5.400000095367432,5.400000095367432,5.400000095367432,5.400000095367432,277.0
2024-04-24 14:33:00,DSP,8.579999923706055,8.579999923706055,8.579999923706055,8.569999694824219,8.569999694824219,1010.0
2024-04-24 14:33:00,EGHT,2.3499999046325684,2.3499999046325684,2.3499999046325684,2.3499999046325684,2.3499999046325684,3196.0
2024-04-24 14:33:00,ETNB,8.609999656677246,8.609999656677246,8.609999656677246,8.595000267028809,8.600000381469727,2774.0
2024-04-24 14:33:00,FREE,4.809999942779541,4.809999942779541,4.809999942779541,4.809999942779541,4.809999942779541,39.0
2024-04-24 14:33:00,HOWL,6.440000057220459,6.440000057220459,6.440000057220459,6.440000057220459,6.440000057220459,1245.0
2024-04-24 14:33:00,MAPS,1.100000023841858,1.100000023841858,1.100000023841858,1.0950000286102295,1.0950000286102295,300.0
2024-04-24 14:33:00,MASS,5.639999866485596,5.639999866485596,5.639999866485596,5.639999866485596,5.639999866485596,346.0
2024-04-24 14:33:00,ME,0.4722999930381775,0.4722999930381775,0.4722999930381775,0.4713999927043915,0.4715000092983246,26833.0
2024-04-24 14:33:00,SEAT,5.889999866485596,5.889999866485596,5.889999866485596,5.889999866485596,5.889999866485596,300.0
2024-04-24 14:33:00,SXTP,0.23989999294281006,0.23989999294281006,0.23989999294281006,0.2329999953508377,0.23549999296665192,16004.0
2024-04-24 14:33:00,TSVT,4.269999980926514,4.269999980926514,4.269999980926514,4.269999980926514,4.269999980926514,121.0
2024-04-24 14:33:00,TWOU,0.23669999837875366,0.23669999837875366,0.23669999837875366,0.23669999837875366,0.23669999837875366,10200.0
2024-04-24 14:33:00,TXG,27.25,27.25,27.260000228881836,27.229999542236328,27.229999542236328,4866.0
2024-04-24 14:33:00,VERU,1.350000023841858,1.350000023841858,1.350000023841858,1.340000033378601,1.340000033378601,0.0
2024-04-24 14:33:00,VERV,6.598800182342529,6.598800182342529,6.599999904632568,6.590000152587891,6.590000152587891,2043.0
2024-04-24 14:33:00,VERX,29.0049991607666,29.0049991607666,29.0049991607666,29.0,29.0,539.0
2024-04-24 14:33:00,VFF,1.309999942779541,1.309999942779541,1.309999942779541,1.3098000288009644,1.3098000288009644,631.0
2024-04-24 14:33:00,VFS,2.4749999046325684,2.4749999046325684,2.4749999046325684,2.4749999046325684,2.4749999046325684,1715.0
2024-04-24 14:33:00,VIAV,7.965000152587891,7.965000152587891,7.965000152587891,7.965000152587891,7.965000152587891,865.0
2024-04-24 14:33:00,VIR,8.050000190734863,8.050000190734863,8.050000190734863,8.050000190734863,8.050000190734863,334.0
2024-04-24 14:33:00,VIRC,10.65999984741211,10.65999984741211,10.680000305175781,10.65999984741211,10.680000305175781,1187.0
2024-04-24 14:33:00,VIRI,0.41999998688697815,0.41999998688697815,0.46000000834465027,0.41999998688697815,0.4359999895095825,26831.0
2024-04-24 14:33:00,VIRT,22.28499984741211,22.28499984741211,22.31999969482422,22.28499984741211,22.31999969482422,4722.0
2024-04-24 14:33:00,VITL,26.739999771118164,26.739999771118164,26.760000228881836,26.739999771118164,26.739999771118164,1708.0
2024-04-24 14:33:00,VKTX,65.13999938964844,65.13999938964844,65.13999938964844,65.13999938964844,65.13999938964844,596.0
2024-04-24 14:33:00,VMEO,3.5250000953674316,3.5250000953674316,3.5250000953674316,3.5250000953674316,3.5250000953674316,1024.0
2024-04-24 14:33:00,VNOM,39.88999938964844,39.88999938964844,39.88999938964844,39.880001068115234,39.880001068115234,1692.0
2024-04-24 14:33:00,VOD,8.614999771118164,8.614999771118164,8.614999771118164,8.609999656677246,8.609999656677246,2303.0
2024-04-24 14:33:00,VOR,1.7599999904632568,1.7599999904632568,1.7599999904632568,1.7599999904632568,1.7599999904632568,406.0
2024-04-24 14:33:00,VRRM,24.2450008392334,24.2450008392334,24.25,24.2450008392334,24.25,949.0
2024-04-24 14:33:00,VSAT,16.18000030517578,16.18000030517578,16.18000030517578,16.149999618530273,16.149999618530273,3216.0
2024-04-24 14:33:00,VSEC,78.73500061035156,78.73500061035156,78.73500061035156,78.73500061035156,78.73500061035156,344.0
2024-04-24 14:33:00,VTNR,1.434999942779541,1.434999942779541,1.440000057220459,1.4294999837875366,1.4294999837875366,19100.0
2024-04-24 14:33:00,VTRS,11.444999694824219,11.444999694824219,11.449999809265137,11.4399995803833,11.4399995803833,2296.0
2024-04-24 14:33:00,VTRU,13.510000228881836,13.510000228881836,13.510000228881836,13.510000228881836,13.510000228881836,97.0
2024-04-24 14:33:00,VUZI,1.315000057220459,1.315000057220459,1.315000057220459,1.309999942779541,1.309999942779541,836.0
2024-04-24 14:33:00,WB,8.335000038146973,8.335000038146973,8.34000015258789,8.335000038146973,8.34000015258789,403.0
2024-04-24 14:33:00,WBA,17.71500015258789,17.71500015258789,17.71660041809082,17.702699661254883,17.704999923706055,15893.0
2024-04-24 14:33:00,WBD,8.317899703979492,8.317899703979492,8.319999694824219,8.313699722290039,8.3149995803833,4540.0
2024-04-24 14:33:00,WDAY,256.2349853515625,256.2349853515625,256.2349853515625,256.0400085449219,256.0400085449219,753.0
2024-04-24 14:33:00,WDC,69.13500213623047,69.13500213623047,69.16999816894531,69.08000183105469,69.08000183105469,6021.0
2024-04-24 14:33:00,WEN,19.829999923706055,19.829999923706055,19.834999084472656,19.825000762939453,19.829999923706055,9249.0
2024-04-24 14:33:00,WERN,35.279998779296875,35.279998779296875,35.279998779296875,35.27000045776367,35.27000045776367,498.0
2024-04-24 14:33:00,WFRD,123.05999755859375,123.05999755859375,123.0999984741211,122.9800033569336,122.9800033569336,3755.0
2024-04-24 14:33:00,WHFCL,25.09000015258789,25.09000015258789,25.09000015258789,25.09000015258789,25.09000015258789,0.0
2024-04-24 14:33:00,WIMI,1.0322999954223633,1.0322999954223633,1.038699984550476,1.0199999809265137,1.0300999879837036,127721.0
2024-04-24 14:33:00,WING,363.5849914550781,363.5849914550781,363.5849914550781,363.5849914550781,363.5849914550781,554.0
2024-04-24 14:33:00,WISA,6.300000190734863,6.300000190734863,6.3190999031066895,6.300000190734863,6.313799858093262,12708.0
2024-04-24 14:33:00,WIX,122.1675033569336,122.1675033569336,122.1675033569336,122.0,122.0,1954.0
2024-04-24 14:33:00,WKHS,0.16300000250339508,0.16300000250339508,0.16300000250339508,0.16300000250339508,0.16300000250339508,20446.0
2024-04-24 14:33:00,WKME,7.96999979019165,7.96999979019165,7.96999979019165,7.960000038146973,7.960000038146973,684.0
2024-04-24 14:33:00,WMG,32.09000015258789,32.09000015258789,32.095001220703125,32.084999084472656,32.084999084472656,2043.0
2024-04-24 14:33:00,WSBC,28.200000762939453,28.200000762939453,28.200000762939453,28.200000762939453,28.200000762939453,427.0
2024-04-24 14:33:00,WSBF,12.210000038146973,12.210000038146973,12.210000038146973,12.210000038146973,12.210000038146973,346.0
2024-04-24 14:33:00,WSC,37.85499954223633,37.85499954223633,37.88999938964844,37.85499954223633,37.88999938964844,2248.0
2024-04-24 14:33:00,WTW,264.1600036621094,264.1600036621094,264.2699890136719,264.0299987792969,264.0299987792969,1247.0
2024-04-24 14:33:00,WW,1.6553000211715698,1.6553000211715698,1.6553000211715698,1.6549999713897705,1.6549999713897705,2300.0
2024-04-24 14:33:00,WWD,149.25999450683594,149.25999450683594,149.25999450683594,149.25999450683594,149.25999450683594,507.0
2024-04-24 14:33:00,WYNN,96.7300033569336,96.7300033569336,96.7300033569336,96.69000244140625,96.69000244140625,1251.0
2024-04-24 14:33:00,XEL,55.4900016784668,55.4900016784668,55.52000045776367,55.4900016784668,55.494998931884766,14556.0
2024-04-24 14:33:00,XERS,1.7649999856948853,1.7649999856948853,1.7649999856948853,1.7599999904632568,1.7649999856948853,1532.0
2024-04-24 14:33:00,XFOR,1.249899983406067,1.249899983406067,1.25,1.2450000047683716,1.25,5509.0
2024-04-24 14:33:00,XMTR,16.8799991607666,16.8799991607666,16.889999389648438,16.8799991607666,16.889999389648438,239.0
2024-04-24 14:33:00,XOMA,25.524999618530273,25.524999618530273,25.524999618530273,25.524999618530273,25.524999618530273,113.0
2024-04-24 14:33:00,XP,20.485000610351562,20.485000610351562,20.5,20.485000610351562,20.485000610351562,9070.0
2024-04-24 14:33:00,XPEL,54.96500015258789,54.96500015258789,54.96500015258789,54.96500015258789,54.96500015258789,123.0
2024-04-24 14:33:00,XRX,14.354999542236328,14.354999542236328,14.369999885559082,14.354999542236328,14.359999656677246,3343.0
2024-04-24 14:33:00,XTLB,2.559999942779541,2.559999942779541,2.559999942779541,2.559999942779541,2.559999942779541,1661.0
2024-04-24 14:33:00,Z,43.34000015258789,43.34000015258789,43.380001068115234,43.34000015258789,43.34000015258789,7151.0
2024-04-24 14:33:00,ZBRA,276.69500732421875,276.69500732421875,276.69500732421875,276.6000061035156,276.6000061035156,1114.0
2024-04-24 14:33:00,ZCMD,1.690000057220459,1.690000057220459,1.690000057220459,1.690000057220459,1.690000057220459,474.0
2024-04-24 14:33:00,ZG,42.83000183105469,42.83000183105469,42.83000183105469,42.83000183105469,42.83000183105469,590.0
2024-04-24 14:33:00,ZI,15.78499984741211,15.78499984741211,15.789999961853027,15.78499984741211,15.78499984741211,337.0
2024-04-24 14:33:00,ZION,42.119998931884766,42.119998931884766,42.130001068115234,42.11000061035156,42.130001068115234,2275.0
2024-04-24 14:33:00,ZLAB,15.550000190734863,15.550000190734863,15.550000190734863,15.550000190734863,15.550000190734863,999.0
2024-04-24 14:33:00,ZM,61.31999969482422,61.31999969482422,61.31999969482422,61.27000045776367,61.27000045776367,2726.0
2024-04-24 14:33:00,ZNTL,11.694999694824219,11.694999694824219,11.694999694824219,11.649999618530273,11.649999618530273,2177.0
2024-04-24 14:33:00,ZS,178.27000427246094,178.27000427246094,178.27000427246094,178.27000427246094,178.27000427246094,807.0
2024-04-24 14:33:00,ZURA,3.2249999046325684,3.2249999046325684,3.2300000190734863,3.2249999046325684,3.2300000190734863,5282.0
2024-04-24 14:33:00,ZVRA,4.539999961853027,4.539999961853027,4.539999961853027,4.539999961853027,4.539999961853027,216.0
2024-04-24 14:33:00,ZVSA,0.6093000173568726,0.6093000173568726,0.6093000173568726,0.6093000173568726,0.6093000173568726,289.0
2024-04-24 14:33:00,ZYME,8.579999923706055,8.579999923706055,8.579999923706055,8.579999923706055,8.579999923706055,351.0
2024-04-24 14:33:00,ZYXI,11.270000457763672,11.270000457763672,11.270000457763672,11.270000457763672,11.270000457763672,211.0
2024-04-24 14:34:00,COCO,24.389999389648438,24.389999389648438,24.389999389648438,24.389999389648438,24.389999389648438,1386.0
2024-04-24 14:34:00,ETNB,8.614999771118164,8.614999771118164,8.614999771118164,8.614999771118164,8.614999771118164,766.0
2024-04-24 14:34:00,MAPS,1.100000023841858,1.100000023841858,1.100000023841858,1.0950000286102295,1.0950000286102295,4600.0
2024-04-24 14:34:00,MASS,5.639999866485596,5.639999866485596,5.639999866485596,5.639999866485596,5.639999866485596,694.0
2024-04-24 14:34:00,ME,0.4722999930381775,0.4722999930381775,0.47519999742507935,0.4722999930381775,0.4722999930381775,17151.0
2024-04-24 14:34:00,SEAT,5.889999866485596,5.889999866485596,5.889999866485596,5.885000228881836,5.885000228881836,1682.0
2024-04-24 14:34:00,TSVT,4.28000020980835,4.28000020980835,4.28000020980835,4.269999980926514,4.269999980926514,1144.0
2024-04-24 14:34:00,TWOU,0.23669999837875366,0.23669999837875366,0.23669999837875366,0.23669999837875366,0.23669999837875366,321.0
2024-04-24 14:34:00,TXG,27.280000686645508,27.280000686645508,27.280000686645508,27.25,27.25,5083.0
2024-04-24 14:34:00,VC,110.65499877929688,110.65499877929688,110.69000244140625,110.65499877929688,110.69000244140625,304.0
2024-04-24 14:34:00,VERU,1.340000033378601,1.340000033378601,1.340000033378601,1.340000033378601,1.340000033378601,1402.0
2024-04-24 14:34:00,VERV,6.599999904632568,6.599999904632568,6.599999904632568,6.59499979019165,6.59499979019165,1199.0
2024-04-24 14:34:00,VERX,29.0,29.0,29.049999237060547,28.975000381469727,29.030000686645508,27009.0
2024-04-24 14:34:00,VFF,1.309999942779541,1.309999942779541,1.309999942779541,1.309999942779541,1.309999942779541,2105.0
2024-04-24 14:34:00,VFS,2.4798998832702637,2.4798998832702637,2.4798998832702637,2.4749999046325684,2.4749999046325684,2193.0
2024-04-24 14:34:00,VIAV,7.965000152587891,7.965000152587891,7.965000152587891,7.965000152587891,7.965000152587891,1412.0
2024-04-24 14:34:00,VIR,8.0600004196167,8.0600004196167,8.0600004196167,8.0600004196167,8.0600004196167,3809.0
2024-04-24 14:34:00,VIRC,10.65999984741211,10.65999984741211,10.65999984741211,10.65999984741211,10.65999984741211,415.0
2024-04-24 14:34:00,VIRT,22.239999771118164,22.239999771118164,22.280000686645508,22.239999771118164,22.280000686645508,3481.0
2024-04-24 14:34:00,VITL,26.679800033569336,26.679800033569336,26.700000762939453,26.679800033569336,26.700000762939453,2939.0
2024-04-24 14:34:00,VKTX,65.08300018310547,65.08300018310547,65.15499877929688,65.08300018310547,65.15499877929688,1528.0
2024-04-24 14:34:00,VLCN,0.25380000472068787,0.25380000472068787,0.25380000472068787,0.2500999867916107,0.2500999867916107,2455.0
2024-04-24 14:34:00,VMEO,3.5250000953674316,3.5250000953674316,3.5250000953674316,3.5250000953674316,3.5250000953674316,266.0
2024-04-24 14:34:00,VNOM,39.8849983215332,39.8849983215332,39.900001525878906,39.869998931884766,39.8849983215332,2481.0
2024-04-24 14:34:00,VOD,8.614999771118164,8.614999771118164,8.614999771118164,8.609999656677246,8.614999771118164,1861.0
2024-04-24 14:34:00,VRNA,15.420000076293945,15.420000076293945,15.420000076293945,15.399999618530273,15.399999618530273,2237.0
2024-04-24 14:34:00,VRRM,24.239999771118164,24.239999771118164,24.239999771118164,24.239999771118164,24.239999771118164,575.0
2024-04-24 14:34:00,VSAT,16.170000076293945,16.170000076293945,16.170000076293945,16.15999984741211,16.15999984741211,366.0
2024-04-24 14:34:00,VTNR,1.4394999742507935,1.4394999742507935,1.440000057220459,1.4299999475479126,1.440000057220459,2462.0
2024-04-24 14:34:00,VTRS,11.4350004196167,11.4350004196167,11.449999809265137,11.430000305175781,11.444999694824219,17568.0
2024-04-24 14:34:00,VVPR,3.6649999618530273,3.6649999618530273,3.6649999618530273,3.6649999618530273,3.6649999618530273,200.0
2024-04-24 14:34:00,VYGR,7.474999904632568,7.474999904632568,7.474999904632568,7.460000038146973,7.460000038146973,2183.0
2024-04-24 14:34:00,WABC,47.45000076293945,47.45000076293945,47.45000076293945,47.45000076293945,47.45000076293945,488.0
2024-04-24 14:34:00,WALD,5.275000095367432,5.275000095367432,5.275000095367432,5.275000095367432,5.275000095367432,855.0
2024-04-24 14:34:00,WASH,26.25,26.25,26.25,26.25,26.25,338.0
2024-04-24 14:34:00,WB,8.34000015258789,8.34000015258789,8.34000015258789,8.34000015258789,8.34000015258789,730.0
2024-04-24 14:34:00,WBA,17.71500015258789,17.71500015258789,17.71500015258789,17.709999084472656,17.71500015258789,5751.0
2024-04-24 14:34:00,WBD,8.3149995803833,8.3149995803833,8.317500114440918,8.31350040435791,8.3149995803833,5141.0
2024-04-24 14:34:00,WDAY,256.0400085449219,256.0400085449219,256.0899963378906,256.0400085449219,256.0899963378906,626.0
2024-04-24 14:34:00,WDC,69.16999816894531,69.16999816894531,69.16999816894531,69.08999633789062,69.1500015258789,6595.0
2024-04-24 14:34:00,WEN,19.834999084472656,19.834999084472656,19.834999084472656,19.834999084472656,19.834999084472656,1661.0
2024-04-24 14:34:00,WERN,35.290000915527344,35.290000915527344,35.290000915527344,35.27000045776367,35.27000045776367,937.0
2024-04-24 14:34:00,WEST,9.979999542236328,9.979999542236328,9.979999542236328,9.979999542236328,9.979999542236328,497.0
2024-04-24 14:34:00,WIMI,1.0307999849319458,1.0307999849319458,1.0307999849319458,1.0299999713897705,1.0299999713897705,4721.0
2024-04-24 14:34:00,WING,363.75,363.75,363.75,363.75,363.75,363.0
2024-04-24 14:34:00,WISA,6.300099849700928,6.300099849700928,6.302299976348877,6.300099849700928,6.302000045776367,7444.0
2024-04-24 14:34:00,WKHS,0.16300000250339508,0.16300000250339508,0.16300000250339508,0.16300000250339508,0.16300000250339508,17200.0
2024-04-24 14:34:00,WMG,32.09000015258789,32.09000015258789,32.09000015258789,32.084999084472656,32.09000015258789,2975.0
2024-04-24 14:34:00,WSC,37.86000061035156,37.86000061035156,37.86000061035156,37.83000183105469,37.849998474121094,5243.0
2024-04-24 14:34:00,WTW,264.1499938964844,264.1499938964844,264.1499938964844,264.1499938964844,264.1499938964844,1113.0
2024-04-24 14:34:00,WW,1.649999976158142,1.649999976158142,1.649999976158142,1.649999976158142,1.649999976158142,842.0
2024-04-24 14:34:00,WWD,149.17999267578125,149.17999267578125,149.17999267578125,149.17999267578125,149.17999267578125,512.0
2024-04-24 14:34:00,WYNN,96.7300033569336,96.7300033569336,96.75,96.69999694824219,96.75,819.0
2024-04-24 14:34:00,XEL,55.5099983215332,55.5099983215332,55.5099983215332,55.474998474121094,55.47999954223633,6679.0
2024-04-24 14:34:00,XENE,39.970001220703125,39.970001220703125,39.970001220703125,39.939998626708984,39.939998626708984,1909.0
2024-04-24 14:34:00,XERS,1.7649999856948853,1.7649999856948853,1.7649999856948853,1.7599999904632568,1.7599999904632568,511.0
2024-04-24 14:34:00,XFOR,1.25,1.25,1.25,1.25,1.25,1027.0
2024-04-24 14:34:00,XP,20.475000381469727,20.475000381469727,20.479999542236328,20.469999313354492,20.479999542236328,3318.0
2024-04-24 14:34:00,XPEL,55.10499954223633,55.10499954223633,55.10499954223633,55.10499954223633,55.10499954223633,404.0
2024-04-24 14:34:00,XRX,14.354999542236328,14.354999542236328,14.354999542236328,14.354999542236328,14.354999542236328,1130.0
2024-04-24 14:34:00,XWEL,1.75,1.75,1.75,1.75,1.75,817.0
2024-04-24 14:34:00,XXII,1.8700000047683716,1.8700000047683716,1.8700000047683716,1.8700000047683716,1.8700000047683716,2459.0
2024-04-24 14:34:00,YTRA,1.2999999523162842,1.2999999523162842,1.2999999523162842,1.2999999523162842,1.2999999523162842,2387.0
2024-04-24 14:34:00,Z,43.380001068115234,43.380001068115234,43.38999938964844,43.334999084472656,43.334999084472656,9394.0
2024-04-24 14:34:00,ZG,42.880001068115234,42.880001068115234,42.880001068115234,42.86000061035156,42.86000061035156,735.0
2024-04-24 14:34:00,ZI,15.779999732971191,15.779999732971191,15.784000396728516,15.779999732971191,15.779999732971191,1023.0
2024-04-24 14:34:00,ZION,42.119998931884766,42.119998931884766,42.119998931884766,42.11000061035156,42.11000061035156,1216.0
2024-04-24 14:34:00,ZLAB,15.545000076293945,15.545000076293945,15.545000076293945,15.545000076293945,15.545000076293945,391.0
2024-04-24 14:34:00,ZM,61.310001373291016,61.310001373291016,61.31999969482422,61.29999923706055,61.31999969482422,3680.0
2024-04-24 14:34:00,ZS,178.19000244140625,178.19000244140625,178.19000244140625,178.19000244140625,178.19000244140625,284.0
2024-04-24 14:34:00,ZURA,3.2300000190734863,3.2300000190734863,3.2300000190734863,3.2300000190734863,3.2300000190734863,9701.0
2024-04-24 14:34:00,ZVRA,4.53000020980835,4.53000020980835,4.53000020980835,4.53000020980835,4.53000020980835,202.0
2024-04-24 14:34:00,ZYME,8.574999809265137,8.574999809265137,8.574999809265137,8.574999809265137,8.574999809265137,200.0
2024-04-24 14:34:00,ZYXI,11.255000114440918,11.255000114440918,11.260000228881836,11.25,11.25,941.0
2024-04-24 14:35:00,COCO,24.399999618530273,24.399999618530273,24.399999618530273,24.399999618530273,24.399999618530273,1111.0
2024-04-24 14:35:00,DIBS,5.40500020980835,5.40500020980835,5.40500020980835,5.394999980926514,5.400000095367432,2780.0
2024-04-24 14:35:00,ETNB,8.619999885559082,8.619999885559082,8.619999885559082,8.619999885559082,8.619999885559082,1322.0
2024-04-24 14:35:00,FEAM,1.159999966621399,1.159999966621399,1.159999966621399,1.159999966621399,1.159999966621399,200.0
2024-04-24 14:35:00,FLWS,9.130000114440918,9.130000114440918,9.130000114440918,9.130000114440918,9.130000114440918,926.0
2024-04-24 14:35:00,MAPS,1.0950000286102295,1.0950000286102295,1.0950000286102295,1.0950000286102295,1.0950000286102295,224.0
2024-04-24 14:35:00,ME,0.4724000096321106,0.4724000096321106,0.47519999742507935,0.4722999930381775,0.4722999930381775,13195.0
2024-04-24 14:35:00,SEAT,5.885000228881836,5.885000228881836,5.889999866485596,5.885000228881836,5.889999866485596,1717.0
2024-04-24 14:35:00,TWOU,0.23669999837875366,0.23669999837875366,0.23669999837875366,0.23669999837875366,0.23669999837875366,1999.0
2024-04-24 14:35:00,TXG,27.290000915527344,27.290000915527344,27.299999237060547,27.280000686645508,27.280000686645508,4237.0
2024-04-24 14:35:00,VC,110.72000122070312,110.72000122070312,110.72000122070312,110.70999908447266,110.70999908447266,403.0
2024-04-24 14:35:00,VERU,1.350000023841858,1.350000023841858,1.350000023841858,1.3415000438690186,1.3415000438690186,4699.0
2024-04-24 14:35:00,VERV,6.599999904632568,6.599999904632568,6.610000133514404,6.599999904632568,6.610000133514404,2157.0
2024-04-24 14:35:00,VERX,28.989999771118164,28.989999771118164,29.0049991607666,28.989999771118164,29.0049991607666,98269.0
2024-04-24 14:35:00,VFF,1.309999942779541,1.309999942779541,1.315000057220459,1.309999942779541,1.315000057220459,400.0
2024-04-24 14:35:00,VFS,2.4790000915527344,2.4790000915527344,2.4800000190734863,2.4749999046325684,2.4800000190734863,2049.0
2024-04-24 14:35:00,VICR,31.18000030517578,31.18000030517578,31.309999465942383,31.18000030517578,31.299999237060547,4962.0
2024-04-24 14:35:00,VIR,8.069999694824219,8.069999694824219,8.069999694824219,8.069999694824219,8.069999694824219,1352.0
2024-04-24 14:35:00,VIRT,22.229999542236328,22.229999542236328,22.2450008392334,22.229999542236328,22.2450008392334,2355.0
2024-04-24 14:35:00,VIRX,0.8300999999046326,0.8300999999046326,0.8300999999046326,0.8300999999046326,0.8300999999046326,746.0
2024-04-24 14:35:00,VITL,26.71500015258789,26.71500015258789,26.71500015258789,26.68720054626465,26.690000534057617,4693.0
2024-04-24 14:35:00,VKTX,65.13999938964844,65.13999938964844,65.13999938964844,65.03559875488281,65.03559875488281,2748.0
2024-04-24 14:35:00,VLCN,0.25369998812675476,0.25369998812675476,0.25369998812675476,0.25369998812675476,0.25369998812675476,4002.0
2024-04-24 14:35:00,VMD,7.980000019073486,7.980000019073486,7.980000019073486,7.980000019073486,7.980000019073486,381.0
2024-04-24 14:35:00,VMEO,3.5250000953674316,3.5250000953674316,3.5250000953674316,3.5250000953674316,3.5250000953674316,1665.0
2024-04-24 14:35:00,VNET,1.559999942779541,1.559999942779541,1.559999942779541,1.559999942779541,1.559999942779541,123.0
2024-04-24 14:35:00,VNOM,39.86000061035156,39.86000061035156,39.86000061035156,39.849998474121094,39.849998474121094,1536.0
2024-04-24 14:35:00,VOD,8.617500305175781,8.617500305175781,8.619999885559082,8.614999771118164,8.614999771118164,1018.0
2024-04-24 14:35:00,VOR,1.7598999738693237,1.7598999738693237,1.7598999738693237,1.7598999738693237,1.7598999738693237,320.0
2024-04-24 14:35:00,VRRM,24.229999542236328,24.229999542236328,24.229999542236328,24.229999542236328,24.229999542236328,435.0
2024-04-24 14:35:00,VSAT,16.170000076293945,16.170000076293945,16.170000076293945,16.170000076293945,16.170000076293945,288.0
2024-04-24 14:35:00,VTGN,4.7179999351501465,4.7179999351501465,4.7179999351501465,4.7179999351501465,4.7179999351501465,439.0
2024-04-24 14:35:00,VTNR,1.4394999742507935,1.4394999742507935,1.4394999742507935,1.4299999475479126,1.4394999742507935,1078.0
2024-04-24 14:35:00,VTRS,11.449999809265137,11.449999809265137,11.449999809265137,11.437600135803223,11.4399995803833,6939.0
2024-04-24 14:35:00,VVPR,3.6798999309539795,3.6798999309539795,3.6798999309539795,3.6798999309539795,3.6798999309539795,47.0
2024-04-24 14:35:00,VYGR,7.46999979019165,7.46999979019165,7.46999979019165,7.46999979019165,7.46999979019165,209.0
2024-04-24 14:35:00,VYNE,2.450000047683716,2.450000047683716,2.450000047683716,2.450000047683716,2.450000047683716,368.0
2024-04-24 14:35:00,WAFD,28.139999389648438,28.139999389648438,28.139999389648438,28.1299991607666,28.1299991607666,1703.0
2024-04-24 14:35:00,WASH,26.270000457763672,26.270000457763672,26.270000457763672,26.270000457763672,26.270000457763672,554.0
2024-04-24 14:35:00,WB,8.345000267028809,8.345000267028809,8.345000267028809,8.34000015258789,8.34000015258789,1213.0
2024-04-24 14:35:00,WBA,17.712499618530273,17.712499618530273,17.719999313354492,17.709999084472656,17.709999084472656,4441.0
2024-04-24 14:35:00,WBD,8.3149995803833,8.3149995803833,8.319999694824219,8.310199737548828,8.3149995803833,3209.0
2024-04-24 14:35:00,WDAY,256.17498779296875,256.17498779296875,256.17498779296875,256.1449890136719,256.1499938964844,446.0
2024-04-24 14:35:00,WDC,69.16500091552734,69.16500091552734,69.20500183105469,69.16500091552734,69.17500305175781,4027.0
2024-04-24 14:35:00,WEN,19.844999313354492,19.844999313354492,19.850000381469727,19.832500457763672,19.834999084472656,7042.0
2024-04-24 14:35:00,WERN,35.29999923706055,35.29999923706055,35.29999923706055,35.29999923706055,35.29999923706055,215.0
2024-04-24 14:35:00,WFRD,122.8499984741211,122.8499984741211,122.8499984741211,122.8499984741211,122.8499984741211,959.0
2024-04-24 14:35:00,WIMI,1.0394999980926514,1.0394999980926514,1.0399999618530273,1.0394999980926514,1.0399999618530273,3204.0
2024-04-24 14:35:00,WISA,6.300099849700928,6.300099849700928,6.302299976348877,6.300099849700928,6.302299976348877,2174.0
2024-04-24 14:35:00,WKHS,0.163100004196167,0.163100004196167,0.163100004196167,0.16300000250339508,0.163100004196167,2117.0
2024-04-24 14:35:00,WKME,7.989999771118164,7.989999771118164,7.989999771118164,7.989999771118164,7.989999771118164,186.0
2024-04-24 14:35:00,WLDS,0.46639999747276306,0.46639999747276306,0.46639999747276306,0.46639999747276306,0.46639999747276306,1000.0
2024-04-24 14:35:00,WMG,32.11000061035156,32.11000061035156,32.11000061035156,32.099998474121094,32.099998474121094,1091.0
2024-04-24 14:35:00,WSBF,12.194999694824219,12.194999694824219,12.194999694824219,12.194999694824219,12.194999694824219,895.0
2024-04-24 14:35:00,WSC,37.915000915527344,37.915000915527344,37.91999816894531,37.880001068115234,37.880001068115234,5980.0
2024-04-24 14:35:00,WVE,5.199999809265137,5.199999809265137,5.199999809265137,5.190000057220459,5.190000057220459,1934.0
2024-04-24 14:35:00,WW,1.6549999713897705,1.6549999713897705,1.6579999923706055,1.649999976158142,1.6579999923706055,7546.0
2024-04-24 14:35:00,WWD,149.22000122070312,149.22000122070312,149.26499938964844,149.19000244140625,149.26499938964844,1955.0
2024-04-24 14:35:00,WYNN,96.7300033569336,96.7300033569336,96.73269653320312,96.7300033569336,96.73269653320312,600.0
2024-04-24 14:35:00,XEL,55.5,55.5,55.51499938964844,55.5,55.5,3544.0
2024-04-24 14:35:00,XERS,1.7699999809265137,1.7699999809265137,1.7699999809265137,1.7654999494552612,1.7654999494552612,781.0
2024-04-24 14:35:00,XMTR,16.889999389648438,16.889999389648438,16.889999389648438,16.889999389648438,16.889999389648438,1140.0
2024-04-24 14:35:00,XNCR,18.635000228881836,18.635000228881836,18.65999984741211,18.6299991607666,18.6299991607666,1487.0
2024-04-24 14:35:00,XP,20.479999542236328,20.479999542236328,20.485000610351562,20.469999313354492,20.469999313354492,4289.0
2024-04-24 14:35:00,XRX,14.354999542236328,14.354999542236328,14.354999542236328,14.354999542236328,14.354999542236328,945.0
2024-04-24 14:35:00,XXII,1.8799999952316284,1.8799999952316284,1.8799999952316284,1.8799999952316284,1.8799999952316284,800.0
2024-04-24 14:35:00,YMAB,15.219900131225586,15.219900131225586,15.219900131225586,15.1850004196167,15.1850004196167,1384.0
2024-04-24 14:35:00,Z,43.34000015258789,43.34000015258789,43.375,43.34000015258789,43.375,7957.0
2024-04-24 14:35:00,ZCMD,1.690000057220459,1.690000057220459,1.690000057220459,1.690000057220459,1.690000057220459,531.0
2024-04-24 14:35:00,ZD,51.65999984741211,51.65999984741211,51.65999984741211,51.65999984741211,51.65999984741211,438.0
2024-04-24 14:35:00,ZENV,2.176500082015991,2.176500082015991,2.176500082015991,2.176500082015991,2.176500082015991,877.0
2024-04-24 14:35:00,ZG,42.84000015258789,42.84000015258789,42.849998474121094,42.84000015258789,42.849998474121094,1123.0
2024-04-24 14:35:00,ZI,15.78499984741211,15.78499984741211,15.789999961853027,15.78499984741211,15.789999961853027,6333.0
2024-04-24 14:35:00,ZION,42.130001068115234,42.130001068115234,42.130001068115234,42.130001068115234,42.130001068115234,1284.0
2024-04-24 14:35:00,ZLAB,15.579999923706055,15.579999923706055,15.579999923706055,15.550000190734863,15.550000190734863,1354.0
2024-04-24 14:35:00,ZM,61.31999969482422,61.31999969482422,61.31999969482422,61.31999969482422,61.31999969482422,896.0
2024-04-24 14:35:00,ZNTL,11.699999809265137,11.699999809265137,11.699999809265137,11.699999809265137,11.699999809265137,691.0
2024-04-24 14:35:00,ZS,178.21499633789062,178.21499633789062,178.21499633789062,178.21499633789062,178.21499633789062,462.0
2024-04-24 14:35:00,ZUMZ,17.25,17.25,17.25,17.25,17.25,820.0
2024-04-24 14:35:00,ZURA,3.2200000286102295,3.2200000286102295,3.2200000286102295,3.2100000381469727,3.2100000381469727,1134.0
2024-04-24 14:35:00,ZVRA,4.525000095367432,4.525000095367432,4.525000095367432,4.525000095367432,4.525000095367432,200.0
2024-04-24 14:36:00,COCO,24.420000076293945,24.420000076293945,24.420000076293945,24.420000076293945,24.420000076293945,655.0
2024-04-24 14:36:00,ETNB,8.630000114440918,8.630000114440918,8.630000114440918,8.630000114440918,8.630000114440918,637.0
2024-04-24 14:36:00,FDMT,24.459999084472656,24.459999084472656,24.459999084472656,24.459999084472656,24.459999084472656,662.0
2024-04-24 14:36:00,FEAM,1.159999966621399,1.159999966621399,1.159999966621399,1.159999966621399,1.159999966621399,100.0
2024-04-24 14:36:00,MASS,5.650000095367432,5.650000095367432,5.650000095367432,5.650000095367432,5.650000095367432,106.0
2024-04-24 14:36:00,ME,0.4722999930381775,0.4722999930381775,0.474700003862381,0.4722999930381775,0.4724000096321106,14306.0
2024-04-24 14:36:00,SRCE,50.650001525878906,50.650001525878906,50.650001525878906,50.650001525878906,50.650001525878906,235.0
2024-04-24 14:36:00,TWOU,0.23669999837875366,0.23669999837875366,0.23669999837875366,0.23669999837875366,0.23669999837875366,1204.0
2024-04-24 14:36:00,TXG,27.299999237060547,27.299999237060547,27.299999237060547,27.299999237060547,27.299999237060547,634.0
2024-04-24 14:36:00,VERV,6.599999904632568,6.599999904632568,6.599999904632568,6.599999904632568,6.599999904632568,1158.0
2024-04-24 14:36:00,VERX,28.985000610351562,28.985000610351562,28.985000610351562,28.985000610351562,28.985000610351562,102.0
2024-04-24 14:36:00,VFF,1.309999942779541,1.309999942779541,1.309999942779541,1.309999942779541,1.309999942779541,201.0
2024-04-24 14:36:00,VFS,2.4800000190734863,2.4800000190734863,2.4800000190734863,2.4800000190734863,2.4800000190734863,10905.0
2024-04-24 14:36:00,VIRC,10.67199993133545,10.67199993133545,10.67199993133545,10.67199993133545,10.67199993133545,758.0
2024-04-24 14:36:00,VIRT,22.200000762939453,22.200000762939453,22.225000381469727,22.200000762939453,22.225000381469727,3596.0
2024-04-24 14:36:00,VITL,26.707700729370117,26.707700729370117,26.707700729370117,26.706600189208984,26.706600189208984,254.0
2024-04-24 14:36:00,VKTX,65.1500015258789,65.1500015258789,65.1500015258789,65.13999938964844,65.13999938964844,970.0
2024-04-24 14:36:00,VMEO,3.5250000953674316,3.5250000953674316,3.5250000953674316,3.5250000953674316,3.5250000953674316,1186.0
2024-04-24 14:36:00,VNOM,39.72999954223633,39.72999954223633,39.81999969482422,39.72999954223633,39.81999969482422,1533.0
2024-04-24 14:36:00,VOD,8.614999771118164,8.614999771118164,8.614999771118164,8.614999771118164,8.614999771118164,444.0
2024-04-24 14:36:00,VRCA,6.75,6.75,6.75,6.75,6.75,1597.0
2024-04-24 14:36:00,VRDN,13.239999771118164,13.239999771118164,13.239999771118164,13.239999771118164,13.239999771118164,512.0
2024-04-24 14:36:00,VRNA,15.430000305175781,15.430000305175781,15.430000305175781,15.430000305175781,15.430000305175781,113.0
2024-04-24 14:36:00,VRRM,24.21500015258789,24.21500015258789,24.21500015258789,24.21500015258789,24.21500015258789,811.0
2024-04-24 14:36:00,VRTX,400.6400146484375,400.6400146484375,400.6400146484375,400.6400146484375,400.6400146484375,493.0
2024-04-24 14:36:00,VSAT,16.200000762939453,16.200000762939453,16.200000762939453,16.170000076293945,16.170000076293945,5263.0
2024-04-24 14:36:00,VTNR,1.4299999475479126,1.4299999475479126,1.4299999475479126,1.4299999475479126,1.4299999475479126,315.0
2024-04-24 14:36:00,VTRS,11.475000381469727,11.475000381469727,11.475000381469727,11.444999694824219,11.444999694824219,64000.0
2024-04-24 14:36:00,VTRU,13.510000228881836,13.510000228881836,13.510000228881836,13.510000228881836,13.510000228881836,370.0
2024-04-24 14:36:00,VTSI,12.289999961853027,12.289999961853027,12.289999961853027,12.279999732971191,12.279999732971191,662.0
2024-04-24 14:36:00,WB,8.34000015258789,8.34000015258789,8.345000267028809,8.34000015258789,8.34000015258789,835.0
2024-04-24 14:36:00,WBA,17.729700088500977,17.729700088500977,17.729700088500977,17.709999084472656,17.71500015258789,16116.0
2024-04-24 14:36:00,WBD,8.3149995803833,8.3149995803833,8.317500114440918,8.314200401306152,8.314499855041504,11826.0
2024-04-24 14:36:00,WDAY,255.9600067138672,255.9600067138672,256.05999755859375,255.94000244140625,256.05999755859375,1708.0
2024-04-24 14:36:00,WDC,69.16999816894531,69.16999816894531,69.16999816894531,69.16000366210938,69.16500091552734,1502.0
2024-04-24 14:36:00,WEN,19.844999313354492,19.844999313354492,19.850000381469727,19.844999313354492,19.850000381469727,2447.0
2024-04-24 14:36:00,WERN,35.279998779296875,35.279998779296875,35.290000915527344,35.279998779296875,35.290000915527344,790.0
2024-04-24 14:36:00,WFRD,122.7750015258789,122.7750015258789,122.7750015258789,122.7750015258789,122.7750015258789,1090.0
2024-04-24 14:36:00,WHLR,0.1428000032901764,0.1428000032901764,0.1429000049829483,0.1428000032901764,0.1429000049829483,0.0
2024-04-24 14:36:00,WIMI,1.0299999713897705,1.0299999713897705,1.039199948310852,1.0199999809265137,1.0300999879837036,72923.0
2024-04-24 14:36:00,WINA,376.42999267578125,376.42999267578125,376.42999267578125,376.42999267578125,376.42999267578125,238.0
2024-04-24 14:36:00,WING,363.8399963378906,363.8399963378906,363.8399963378906,363.8399963378906,363.8399963378906,582.0
2024-04-24 14:36:00,WISA,6.28980016708374,6.28980016708374,6.300000190734863,6.230000019073486,6.299900054931641,15995.0
2024-04-24 14:36:00,WKHS,0.16300000250339508,0.16300000250339508,0.163100004196167,0.16300000250339508,0.163100004196167,19057.0
2024-04-24 14:36:00,WMG,32.10499954223633,32.10499954223633,32.10499954223633,32.10499954223633,32.10499954223633,369.0
2024-04-24 14:36:00,WSC,37.904998779296875,37.904998779296875,37.91999816894531,37.880001068115234,37.91999816894531,7065.0
2024-04-24 14:36:00,WSFS,44.7400016784668,44.7400016784668,44.7400016784668,44.7400016784668,44.7400016784668,426.0
2024-04-24 14:36:00,WW,1.649999976158142,1.649999976158142,1.6549999713897705,1.649999976158142,1.649999976158142,15718.0
2024-04-24 14:36:00,WYNN,96.75,96.75,96.79000091552734,96.75,96.75,2122.0
2024-04-24 14:36:00,XBIT,8.125,8.125,8.125,8.125,8.125,124.0
2024-04-24 14:36:00,XEL,55.52000045776367,55.52000045776367,55.52000045776367,55.5,55.5099983215332,6063.0
2024-04-24 14:36:00,XENE,40.0099983215332,40.0099983215332,40.0099983215332,40.0099983215332,40.0099983215332,124.0
2024-04-24 14:36:00,XERS,1.7599999904632568,1.7599999904632568,1.7599999904632568,1.7599999904632568,1.7599999904632568,400.0
2024-04-24 14:36:00,XFOR,1.2450000047683716,1.2450000047683716,1.25,1.2401000261306763,1.25,5536.0
2024-04-24 14:36:00,XP,20.475000381469727,20.475000381469727,20.485000610351562,20.469999313354492,20.485000610351562,1865.0
2024-04-24 14:36:00,XRX,14.354999542236328,14.354999542236328,14.359999656677246,14.354999542236328,14.354999542236328,3347.0
2024-04-24 14:36:00,XXII,1.8799999952316284,1.8799999952316284,1.8799999952316284,1.8799999952316284,1.8799999952316284,928.0
2024-04-24 14:36:00,Z,43.349998474121094,43.349998474121094,43.36000061035156,43.34000015258789,43.34000015258789,16829.0
2024-04-24 14:36:00,ZENV,2.190000057220459,2.190000057220459,2.190000057220459,2.190000057220459,2.190000057220459,0.0
2024-04-24 14:36:00,ZG,42.84000015258789,42.84000015258789,42.86000061035156,42.84000015258789,42.86000061035156,1259.0
2024-04-24 14:36:00,ZI,15.795000076293945,15.795000076293945,15.795000076293945,15.795000076293945,15.795000076293945,388.0
2024-04-24 14:36:00,ZION,42.130001068115234,42.130001068115234,42.13999938964844,42.130001068115234,42.13999938964844,1910.0
2024-04-24 14:36:00,ZM,61.310001373291016,61.310001373291016,61.31999969482422,61.310001373291016,61.31999969482422,1982.0
2024-04-24 14:36:00,ZURA,3.180000066757202,3.180000066757202,3.180000066757202,3.180000066757202,3.180000066757202,200.0
2024-04-24 14:36:00,ZVSA,0.6093999743461609,0.6093999743461609,0.6093999743461609,0.6093999743461609,0.6093999743461609,428.0
2024-04-24 14:36:00,ZYXI,11.239999771118164,11.239999771118164,11.239999771118164,11.239999771118164,11.239999771118164,205.0
2024-04-24 14:37:00,AIXI,1.2350000143051147,1.2350000143051147,1.2350000143051147,1.2350000143051147,1.2350000143051147,1449.0
2024-04-24 14:37:00,EGHT,2.3499999046325684,2.3499999046325684,2.3499999046325684,2.3450000286102295,2.3450000286102295,1986.0
2024-04-24 14:37:00,FDMT,24.469999313354492,24.469999313354492,24.469999313354492,24.459999084472656,24.459999084472656,1099.0
2024-04-24 14:37:00,FEAM,1.159999966621399,1.159999966621399,1.159999966621399,1.159999966621399,1.159999966621399,116.0
2024-04-24 14:37:00,MASS,5.659999847412109,5.659999847412109,5.659999847412109,5.639999866485596,5.639999866485596,553.0
2024-04-24 14:37:00,ME,0.47209998965263367,0.47209998965263367,0.4722999930381775,0.47209998965263367,0.4722999930381775,1698.0
2024-04-24 14:37:00,SCWO,1.3250000476837158,1.3250000476837158,1.3300000429153442,1.3200000524520874,1.3200000524520874,2675.0
2024-04-24 14:37:00,SEAT,5.885000228881836,5.885000228881836,5.885000228881836,5.885000228881836,5.885000228881836,1075.0
2024-04-24 14:37:00,TSVT,4.289999961853027,4.289999961853027,4.289999961853027,4.28000020980835,4.28000020980835,1086.0
2024-04-24 14:37:00,TWOU,0.23680000007152557,0.23680000007152557,0.23680000007152557,0.23669999837875366,0.23669999837875366,10337.0
2024-04-24 14:37:00,TXG,27.350000381469727,27.350000381469727,27.350000381469727,27.299999237060547,27.299999237060547,2636.0
2024-04-24 14:37:00,VC,110.73500061035156,110.73500061035156,110.73500061035156,110.73500061035156,110.73500061035156,512.0
2024-04-24 14:37:00,VCTR,49.849998474121094,49.849998474121094,49.849998474121094,49.849998474121094,49.849998474121094,807.0
2024-04-24 14:37:00,VERU,1.350000023841858,1.350000023841858,1.350000023841858,1.340000033378601,1.340000033378601,1802.0
2024-04-24 14:37:00,VERV,6.625,6.625,6.625,6.610000133514404,6.610000133514404,3328.0
2024-04-24 14:37:00,VERX,28.989999771118164,28.989999771118164,29.030000686645508,28.979999542236328,28.979999542236328,7347.0
2024-04-24 14:37:00,VFF,1.3200000524520874,1.3200000524520874,1.3200000524520874,1.3200000524520874,1.3200000524520874,101.0
2024-04-24 14:37:00,VFS,2.477099895477295,2.477099895477295,2.477099895477295,2.477099895477295,2.477099895477295,2062.0
2024-04-24 14:37:00,VIAV,7.965000152587891,7.965000152587891,7.965000152587891,7.965000152587891,7.965000152587891,492.0
2024-04-24 14:37:00,VICR,31.219999313354492,31.219999313354492,31.219999313354492,31.219999313354492,31.219999313354492,341.0
2024-04-24 14:37:00,VIRT,22.21500015258789,22.21500015258789,22.21500015258789,22.19499969482422,22.204999923706055,6578.0
2024-04-24 14:37:00,VITL,26.709999084472656,26.709999084472656,26.709999084472656,26.709999084472656,26.709999084472656,103.0
2024-04-24 14:37:00,VKTX,65.2699966430664,65.2699966430664,65.2699966430664,65.19499969482422,65.2300033569336,1611.0
2024-04-24 14:37:00,VMD,8.0,8.0,8.0,8.0,8.0,274.0
2024-04-24 14:37:00,VMEO,3.5199999809265137,3.5199999809265137,3.5250000953674316,3.5199999809265137,3.5250000953674316,601.0
2024-04-24 14:37:00,VNET,1.559999942779541,1.559999942779541,1.559999942779541,1.559999942779541,1.559999942779541,195.0
2024-04-24 14:37:00,VNOM,39.7599983215332,39.7599983215332,39.7599983215332,39.72999954223633,39.72999954223633,936.0
2024-04-24 14:37:00,VOD,8.614999771118164,8.614999771118164,8.614999771118164,8.614999771118164,8.614999771118164,1028.0
2024-04-24 14:37:00,VRRM,24.229999542236328,24.229999542236328,24.229999542236328,24.219999313354492,24.219999313354492,2710.0
2024-04-24 14:37:00,VSAT,16.219999313354492,16.219999313354492,16.219999313354492,16.219999313354492,16.219999313354492,291.0
2024-04-24 14:37:00,VTRS,11.475000381469727,11.475000381469727,11.489999771118164,11.470000267028809,11.475000381469727,68518.0
2024-04-24 14:37:00,VUZI,1.3200000524520874,1.3200000524520874,1.3200000524520874,1.3200000524520874,1.3200000524520874,1000.0
2024-04-24 14:37:00,VVPR,3.6500000953674316,3.6500000953674316,3.6500000953674316,3.6500000953674316,3.6500000953674316,906.0
2024-04-24 14:37:00,VWE,0.2720000147819519,0.2720000147819519,0.2930000126361847,0.25099998712539673,0.26600000262260437,16122.0
2024-04-24 14:37:00,VYGR,7.46999979019165,7.46999979019165,7.46999979019165,7.46999979019165,7.46999979019165,994.0
2024-04-24 14:37:00,WB,8.345000267028809,8.345000267028809,8.345000267028809,8.345000267028809,8.345000267028809,640.0
2024-04-24 14:37:00,WBA,17.7450008392334,17.7450008392334,17.7450008392334,17.725000381469727,17.725000381469727,25034.0
2024-04-24 14:37:00,WBD,8.3149995803833,8.3149995803833,8.317500114440918,8.3100004196167,8.317500114440918,2280.0
2024-04-24 14:37:00,WDAY,256.19500732421875,256.19500732421875,256.3399963378906,255.9949951171875,256.1199951171875,1221.0
2024-04-24 14:37:00,WDC,69.2300033569336,69.2300033569336,69.2300033569336,69.16000366210938,69.16999816894531,3401.0
2024-04-24 14:37:00,WEN,19.844999313354492,19.844999313354492,19.844999313354492,19.844999313354492,19.844999313354492,664.0
2024-04-24 14:37:00,WERN,35.290000915527344,35.290000915527344,35.290000915527344,35.290000915527344,35.290000915527344,302.0
2024-04-24 14:37:00,WFRD,122.89990234375,122.89990234375,122.89990234375,122.80999755859375,122.83000183105469,2533.0
2024-04-24 14:37:00,WIMI,1.031999945640564,1.031999945640564,1.0399999618530273,1.0199999809265137,1.0282000303268433,133996.0
2024-04-24 14:37:00,WINA,376.55999755859375,376.55999755859375,376.55999755859375,376.55999755859375,376.55999755859375,376.0
2024-04-24 14:37:00,WISA,6.139999866485596,6.139999866485596,6.230000019073486,6.070000171661377,6.230000019073486,37088.0
2024-04-24 14:37:00,WKHS,0.16300000250339508,0.16300000250339508,0.16300000250339508,0.16300000250339508,0.16300000250339508,8711.0
2024-04-24 14:37:00,WLDS,0.46000000834465027,0.46000000834465027,0.46639999747276306,0.46000000834465027,0.46639999747276306,25511.0
2024-04-24 14:37:00,WMG,32.11000061035156,32.11000061035156,32.11000061035156,32.095001220703125,32.099998474121094,2066.0
2024-04-24 14:37:00,WSBC,28.270000457763672,28.270000457763672,28.270000457763672,28.270000457763672,28.270000457763672,432.0
2024-04-24 14:37:00,WSBF,12.194999694824219,12.194999694824219,12.194999694824219,12.194999694824219,12.194999694824219,882.0
2024-04-24 14:37:00,WSC,37.91999816894531,37.91999816894531,37.91999816894531,37.900001525878906,37.900001525878906,1659.0
2024-04-24 14:37:00,WSFS,44.83000183105469,44.83000183105469,44.83000183105469,44.83000183105469,44.83000183105469,774.0
2024-04-24 14:37:00,WTFC,99.81500244140625,99.81500244140625,99.81500244140625,99.81500244140625,99.81500244140625,356.0
2024-04-24 14:37:00,WVE,5.210000038146973,5.210000038146973,5.210000038146973,5.210000038146973,5.210000038146973,153.0
2024-04-24 14:37:00,WW,1.649999976158142,1.649999976158142,1.649999976158142,1.649999976158142,1.649999976158142,315.0
2024-04-24 14:37:00,WYNN,96.79000091552734,96.79000091552734,96.82499694824219,96.79000091552734,96.80999755859375,1173.0
2024-04-24 14:37:00,XBIT,8.125,8.125,8.125,8.125,8.125,500.0
2024-04-24 14:37:00,XEL,55.52000045776367,55.52000045776367,55.52000045776367,55.4900016784668,55.51499938964844,9561.0
2024-04-24 14:37:00,XENE,40.0099983215332,40.0099983215332,40.0099983215332,40.0099983215332,40.0099983215332,214.0
2024-04-24 14:37:00,XERS,1.7649999856948853,1.7649999856948853,1.7649999856948853,1.7649999856948853,1.7649999856948853,30.0
2024-04-24 14:37:00,XFOR,1.25,1.25,1.25,1.25,1.25,307.0
2024-04-24 14:37:00,XP,20.486000061035156,20.486000061035156,20.486000061035156,20.469999313354492,20.469999313354492,6622.0
2024-04-24 14:37:00,XRX,14.359999656677246,14.359999656677246,14.359999656677246,14.354999542236328,14.354999542236328,4951.0
2024-04-24 14:37:00,YMAB,15.1899995803833,15.1899995803833,15.210000038146973,15.1899995803833,15.210000038146973,1961.0
2024-04-24 14:37:00,Z,43.31999969482422,43.31999969482422,43.369998931884766,43.310001373291016,43.36000061035156,15627.0
2024-04-24 14:37:00,ZBRA,276.68499755859375,276.68499755859375,276.68499755859375,276.68499755859375,276.68499755859375,218.0
2024-04-24 14:37:00,ZD,51.7400016784668,51.7400016784668,51.7400016784668,51.65999984741211,51.65999984741211,1107.0
2024-04-24 14:37:00,ZG,42.810001373291016,42.810001373291016,42.86000061035156,42.810001373291016,42.86000061035156,926.0
2024-04-24 14:37:00,ZI,15.795000076293945,15.795000076293945,15.800000190734863,15.795000076293945,15.800000190734863,1095.0
2024-04-24 14:37:00,ZION,42.16999816894531,42.16999816894531,42.16999816894531,42.150001525878906,42.150001525878906,1512.0
2024-04-24 14:37:00,ZM,61.345001220703125,61.345001220703125,61.35499954223633,61.31999969482422,61.31999969482422,4374.0
2024-04-24 14:37:00,ZS,178.32000732421875,178.32000732421875,178.32000732421875,178.30999755859375,178.30999755859375,935.0
2024-04-24 14:37:00,ZUMZ,17.260000228881836,17.260000228881836,17.260000228881836,17.260000228881836,17.260000228881836,298.0
2024-04-24 14:37:00,ZURA,3.190000057220459,3.190000057220459,3.200000047683716,3.180000066757202,3.180000066757202,13417.0
2024-04-24 14:37:00,ZVSA,0.6093999743461609,0.6093999743461609,0.6093999743461609,0.6093999743461609,0.6093999743461609,226.0
2024-04-24 14:37:00,ZYME,8.579999923706055,8.579999923706055,8.619999885559082,8.579999923706055,8.619999885559082,933.0
2024-04-24 14:38:00,COCO,24.440000534057617,24.440000534057617,24.440000534057617,24.43000030517578,24.43000030517578,1238.0
2024-04-24 14:38:00,ETNB,8.65999984741211,8.65999984741211,8.65999984741211,8.65999984741211,8.65999984741211,876.0
2024-04-24 14:38:00,FREE,4.820000171661377,4.820000171661377,4.820000171661377,4.820000171661377,4.820000171661377,200.0
2024-04-24 14:38:00,TWOU,0.23800000548362732,0.23800000548362732,0.23800000548362732,0.23800000548362732,0.23800000548362732,841.0
2024-04-24 14:38:00,TXG,27.350000381469727,27.350000381469727,27.350000381469727,27.350000381469727,27.350000381469727,1587.0
2024-04-24 14:38:00,VC,110.73999786376953,110.73999786376953,110.73999786376953,110.73999786376953,110.73999786376953,679.0
2024-04-24 14:38:00,VERU,1.340000033378601,1.340000033378601,1.3450000286102295,1.340000033378601,1.3450000286102295,1721.0
2024-04-24 14:38:00,VERV,6.625,6.625,6.625,6.625,6.625,514.0
2024-04-24 14:38:00,VFF,1.309999942779541,1.309999942779541,1.309999942779541,1.309999942779541,1.309999942779541,1517.0
2024-04-24 14:38:00,VIAV,7.965000152587891,7.965000152587891,7.965000152587891,7.965000152587891,7.965000152587891,312.0
2024-04-24 14:38:00,VIRT,22.200000762939453,22.200000762939453,22.219999313354492,22.19499969482422,22.200000762939453,6242.0
2024-04-24 14:38:00,VITL,26.734800338745117,26.734800338745117,26.739999771118164,26.700000762939453,26.709999084472656,4243.0
2024-04-24 14:38:00,VKTX,65.2300033569336,65.2300033569336,65.27999877929688,65.2300033569336,65.27999877929688,1386.0
2024-04-24 14:38:00,VLCN,0.2517000138759613,0.2517000138759613,0.25699999928474426,0.2517000138759613,0.25699999928474426,1692.0
2024-04-24 14:38:00,VMD,7.980000019073486,7.980000019073486,7.989999771118164,7.980000019073486,7.989999771118164,433.0
2024-04-24 14:38:00,VMEO,3.5250000953674316,3.5250000953674316,3.5299999713897705,3.5250000953674316,3.5250000953674316,871.0
2024-04-24 14:38:00,VNOM,39.77000045776367,39.77000045776367,39.77000045776367,39.77000045776367,39.77000045776367,1142.0
2024-04-24 14:38:00,VOD,8.614999771118164,8.614999771118164,8.614999771118164,8.614999771118164,8.614999771118164,5210.0
2024-04-24 14:38:00,VRDN,13.270000457763672,13.270000457763672,13.270000457763672,13.260000228881836,13.260000228881836,2019.0
2024-04-24 14:38:00,VRNA,15.430000305175781,15.430000305175781,15.430000305175781,15.420000076293945,15.420000076293945,741.0
2024-04-24 14:38:00,VRTX,400.8599853515625,400.8599853515625,400.8599853515625,400.6600036621094,400.6600036621094,1357.0
2024-04-24 14:38:00,VSAT,16.219999313354492,16.219999313354492,16.219999313354492,16.219999313354492,16.219999313354492,149.0
2024-04-24 14:38:00,VTNR,1.434999942779541,1.434999942779541,1.4390000104904175,1.434999942779541,1.4390000104904175,2383.0
2024-04-24 14:38:00,VTRS,11.479999542236328,11.479999542236328,11.479999542236328,11.479999542236328,11.479999542236328,2710.0
2024-04-24 14:38:00,WAFD,28.170000076293945,28.170000076293945,28.170000076293945,28.170000076293945,28.170000076293945,913.0
2024-04-24 14:38:00,WB,8.345000267028809,8.345000267028809,8.345000267028809,8.345000267028809,8.345000267028809,735.0
2024-04-24 14:38:00,WBA,17.735000610351562,17.735000610351562,17.75,17.729999542236328,17.740100860595703,53043.0
2024-04-24 14:38:00,WBD,8.317500114440918,8.317500114440918,8.319999694824219,8.3100004196167,8.319999694824219,4774.0
2024-04-24 14:38:00,WDAY,256.114990234375,256.114990234375,256.1199951171875,256.114990234375,256.1199951171875,789.0
2024-04-24 14:38:00,WDC,69.13999938964844,69.13999938964844,69.2300033569336,69.13999938964844,69.20999908447266,18588.0
2024-04-24 14:38:00,WERN,35.29999923706055,35.29999923706055,35.29999923706055,35.290000915527344,35.29999923706055,1225.0
2024-04-24 14:38:00,WFRD,122.9000015258789,122.9000015258789,122.91000366210938,122.9000015258789,122.91000366210938,1064.0
2024-04-24 14:38:00,WHLM,6.550000190734863,6.550000190734863,6.550000190734863,6.550000190734863,6.550000190734863,292.0
2024-04-24 14:38:00,WIMI,1.0307999849319458,1.0307999849319458,1.0399999618530273,1.0299999713897705,1.0299999713897705,2516.0
2024-04-24 14:38:00,WISA,6.130000114440918,6.130000114440918,6.164999961853027,6.099999904632568,6.150000095367432,18083.0
2024-04-24 14:38:00,WKHS,0.16300000250339508,0.16300000250339508,0.163100004196167,0.16300000250339508,0.163100004196167,26665.0
2024-04-24 14:38:00,WLDS,0.4553999900817871,0.4553999900817871,0.4553999900817871,0.4553999900817871,0.4553999900817871,200.0
2024-04-24 14:38:00,WMG,32.10499954223633,32.10499954223633,32.10499954223633,32.10499954223633,32.10499954223633,109.0
2024-04-24 14:38:00,WPRT,5.610000133514404,5.610000133514404,5.639999866485596,5.610000133514404,5.639999866485596,3808.0
2024-04-24 14:38:00,WSBF,12.210000038146973,12.210000038146973,12.210000038146973,12.204999923706055,12.204999923706055,316.0
2024-04-24 14:38:00,WSC,37.92250061035156,37.92250061035156,37.935001373291016,37.91999816894531,37.91999816894531,4834.0
2024-04-24 14:38:00,WTFC,99.91000366210938,99.91000366210938,99.91000366210938,99.88500213623047,99.88500213623047,511.0
2024-04-24 14:38:00,WTW,264.25,264.25,264.25,264.25,264.25,993.0
2024-04-24 14:38:00,WVE,5.199999809265137,5.199999809265137,5.204999923706055,5.199999809265137,5.204999923706055,997.0
2024-04-24 14:38:00,WW,1.6449999809265137,1.6449999809265137,1.649999976158142,1.6399999856948853,1.649999976158142,37767.0
2024-04-24 14:38:00,WYNN,96.77999877929688,96.77999877929688,96.79000091552734,96.77999877929688,96.77999877929688,647.0
2024-04-24 14:38:00,XEL,55.51499938964844,55.51499938964844,55.52000045776367,55.51499938964844,55.52000045776367,2269.0
2024-04-24 14:38:00,XENE,39.970001220703125,39.970001220703125,39.970001220703125,39.970001220703125,39.970001220703125,375.0
2024-04-24 14:38:00,XFOR,1.2467999458312988,1.2467999458312988,1.2467999458312988,1.2404999732971191,1.2404999732971191,5522.0
2024-04-24 14:38:00,XMTR,16.8799991607666,16.8799991607666,16.8799991607666,16.8799991607666,16.8799991607666,597.0
2024-04-24 14:38:00,XNCR,18.65999984741211,18.65999984741211,18.65999984741211,18.65999984741211,18.65999984741211,247.0
2024-04-24 14:38:00,XP,20.46500015258789,20.46500015258789,20.479999542236328,20.46500015258789,20.479999542236328,6308.0
2024-04-24 14:38:00,XRX,14.359999656677246,14.359999656677246,14.385000228881836,14.34060001373291,14.350000381469727,28942.0
2024-04-24 14:38:00,Z,43.31999969482422,43.31999969482422,43.33000183105469,43.29999923706055,43.310001373291016,13933.0
2024-04-24 14:38:00,ZBRA,276.6700134277344,276.6700134277344,276.6700134277344,276.6600036621094,276.6600036621094,209.0
2024-04-24 14:38:00,ZG,42.81999969482422,42.81999969482422,42.81999969482422,42.81999969482422,42.81999969482422,204.0
2024-04-24 14:38:00,ZI,15.795000076293945,15.795000076293945,15.795000076293945,15.795000076293945,15.795000076293945,303.0
2024-04-24 14:38:00,ZION,42.18000030517578,42.18000030517578,42.18000030517578,42.16999816894531,42.16999816894531,2105.0
2024-04-24 14:38:00,ZM,61.33000183105469,61.33000183105469,61.34000015258789,61.33000183105469,61.34000015258789,1504.0
2024-04-24 14:38:00,ZS,178.33999633789062,178.33999633789062,178.33999633789062,178.33999633789062,178.33999633789062,412.0
2024-04-24 14:38:00,ZVRA,4.539999961853027,4.539999961853027,4.539999961853027,4.539999961853027,4.539999961853027,1758.0
2024-04-24 14:38:00,ZVSA,0.6093999743461609,0.6093999743461609,0.6093999743461609,0.609000027179718,0.609000027179718,466.0
2024-04-24 14:39:00,COCO,24.440000534057617,24.440000534057617,24.440000534057617,24.440000534057617,24.440000534057617,455.0
2024-04-24 14:39:00,ETNB,8.670000076293945,8.670000076293945,8.670000076293945,8.65999984741211,8.65999984741211,1518.0
2024-04-24 14:39:00,FDMT,24.540000915527344,24.540000915527344,24.540000915527344,24.479999542236328,24.479999542236328,1508.0
2024-04-24 14:39:00,MAPS,1.0950000286102295,1.0950000286102295,1.100000023841858,1.0950000286102295,1.100000023841858,506.0
2024-04-24 14:39:00,MASS,5.659999847412109,5.659999847412109,5.659999847412109,5.659999847412109,5.659999847412109,294.0
2024-04-24 14:39:00,SEAT,5.885000228881836,5.885000228881836,5.889999866485596,5.885000228881836,5.889999866485596,2405.0
2024-04-24 14:39:00,TSVT,4.295000076293945,4.295000076293945,4.295000076293945,4.289999961853027,4.289999961853027,1253.0
2024-04-24 14:39:00,TWOU,0.23800000548362732,0.23800000548362732,0.23800000548362732,0.23800000548362732,0.23800000548362732,5094.0
2024-04-24 14:39:00,TXG,27.3700008392334,27.3700008392334,27.3799991607666,27.3700008392334,27.3799991607666,2325.0
2024-04-24 14:39:00,VC,110.66000366210938,110.66000366210938,110.73999786376953,110.63999938964844,110.73999786376953,2624.0
2024-04-24 14:39:00,VCTR,49.880001068115234,49.880001068115234,49.880001068115234,49.880001068115234,49.880001068115234,390.0
2024-04-24 14:39:00,VERV,6.630000114440918,6.630000114440918,6.630000114440918,6.625,6.625,2204.0
2024-04-24 14:39:00,VERX,28.962499618530273,28.962499618530273,28.979999542236328,28.962499618530273,28.979999542236328,458.0
2024-04-24 14:39:00,VFF,1.3200000524520874,1.3200000524520874,1.3200000524520874,1.309999942779541,1.309999942779541,146.0
2024-04-24 14:39:00,VFS,2.4800000190734863,2.4800000190734863,2.4800000190734863,2.4800000190734863,2.4800000190734863,2410.0
2024-04-24 14:39:00,VIAV,7.96999979019165,7.96999979019165,7.96999979019165,7.965000152587891,7.965000152587891,2912.0
2024-04-24 14:39:00,VICR,31.145000457763672,31.145000457763672,31.200000762939453,31.145000457763672,31.200000762939453,1462.0
2024-04-24 14:39:00,VIR,8.09000015258789,8.09000015258789,8.09000015258789,8.079999923706055,8.079999923706055,3115.0
2024-04-24 14:39:00,VIRT,22.219999313354492,22.219999313354492,22.239999771118164,22.200000762939453,22.209999084472656,6539.0
2024-04-24 14:39:00,VITL,26.780000686645508,26.780000686645508,26.780000686645508,26.739999771118164,26.739999771118164,3372.0
2024-04-24 14:39:00,VKTX,65.32720184326172,65.32720184326172,65.37999725341797,65.26000213623047,65.27999877929688,3758.0
2024-04-24 14:39:00,VMD,7.985000133514404,7.985000133514404,7.985000133514404,7.985000133514404,7.985000133514404,300.0
2024-04-24 14:39:00,VMEO,3.5299999713897705,3.5299999713897705,3.5299999713897705,3.5250000953674316,3.5250000953674316,985.0
2024-04-24 14:39:00,VNET,1.559999942779541,1.559999942779541,1.559999942779541,1.559999942779541,1.559999942779541,200.0
2024-04-24 14:39:00,VNOM,39.81999969482422,39.81999969482422,39.81999969482422,39.79999923706055,39.79999923706055,1062.0
2024-04-24 14:39:00,VOD,8.614999771118164,8.614999771118164,8.619999885559082,8.614999771118164,8.614999771118164,8950.0
2024-04-24 14:39:00,VOR,1.75,1.75,1.75,1.75,1.75,284.0
2024-04-24 14:39:00,VRDN,13.289999961853027,13.289999961853027,13.289999961853027,13.289999961853027,13.289999961853027,636.0
2024-04-24 14:39:00,VRNA,15.430000305175781,15.430000305175781,15.460000038146973,15.430000305175781,15.4399995803833,1797.0
2024-04-24 14:39:00,VRRM,24.209999084472656,24.209999084472656,24.219999313354492,24.209999084472656,24.219999313354492,1766.0
2024-04-24 14:39:00,VRTX,401.4200134277344,401.4200134277344,401.510009765625,400.82000732421875,400.82000732421875,5950.0
2024-04-24 14:39:00,VSAT,16.239999771118164,16.239999771118164,16.239999771118164,16.229999542236328,16.229999542236328,863.0
2024-04-24 14:39:00,VSEC,78.83999633789062,78.83999633789062,78.83999633789062,78.83999633789062,78.83999633789062,835.0
2024-04-24 14:39:00,VTNR,1.434999942779541,1.434999942779541,1.434999942779541,1.434999942779541,1.434999942779541,1350.0
2024-04-24 14:39:00,VTRS,11.479999542236328,11.479999542236328,11.479999542236328,11.475000381469727,11.475000381469727,11174.0
2024-04-24 14:39:00,VUZI,1.309999942779541,1.309999942779541,1.315000057220459,1.309999942779541,1.315000057220459,2442.0
2024-04-24 14:39:00,VVOS,2.549999952316284,2.549999952316284,2.5899999141693115,2.549999952316284,2.5899999141693115,1867.0
2024-04-24 14:39:00,VYGR,7.494999885559082,7.494999885559082,7.494999885559082,7.480000019073486,7.480000019073486,1805.0
2024-04-24 14:39:00,WAFD,28.190000534057617,28.190000534057617,28.190000534057617,28.18000030517578,28.18000030517578,949.0
2024-04-24 14:39:00,WASH,26.36989974975586,26.36989974975586,26.36989974975586,26.36989974975586,26.36989974975586,792.0
2024-04-24 14:39:00,WB,8.345000267028809,8.345000267028809,8.345000267028809,8.345000267028809,8.345000267028809,900.0
2024-04-24 14:39:00,WBA,17.760000228881836,17.760000228881836,17.760000228881836,17.73539924621582,17.739999771118164,24666.0
2024-04-24 14:39:00,WBD,8.3149995803833,8.3149995803833,8.319999694824219,8.3100004196167,8.3100004196167,12144.0
2024-04-24 14:39:00,WDAY,256.17999267578125,256.17999267578125,256.32000732421875,256.17999267578125,256.32000732421875,1160.0
2024-04-24 14:39:00,WDC,69.18499755859375,69.18499755859375,69.2300033569336,69.16000366210938,69.16000366210938,37136.0
2024-04-24 14:39:00,WEN,19.850000381469727,19.850000381469727,19.854999542236328,19.84000015258789,19.844999313354492,6551.0
2024-04-24 14:39:00,WERN,35.290000915527344,35.290000915527344,35.290000915527344,35.28030014038086,35.290000915527344,1356.0
2024-04-24 14:39:00,WEST,9.994999885559082,9.994999885559082,10.0,9.994999885559082,10.0,919.0
2024-04-24 14:39:00,WFRD,123.04000091552734,123.04000091552734,123.04000091552734,122.98999786376953,122.98999786376953,1480.0
2024-04-24 14:39:00,WHF,12.890000343322754,12.890000343322754,12.890000343322754,12.869999885559082,12.869999885559082,564.0
2024-04-24 14:39:00,WING,364.2799987792969,364.2799987792969,364.3599853515625,364.2799987792969,364.3599853515625,1188.0
2024-04-24 14:39:00,WISA,6.130000114440918,6.130000114440918,6.159999847412109,6.110000133514404,6.159999847412109,5284.0
2024-04-24 14:39:00,WKHS,0.16300000250339508,0.16300000250339508,0.16300000250339508,0.16300000250339508,0.16300000250339508,8600.0
2024-04-24 14:39:00,WLGS,0.5699999928474426,0.5699999928474426,0.5699999928474426,0.5699999928474426,0.5699999928474426,405.0
2024-04-24 14:39:00,WMG,32.11000061035156,32.11000061035156,32.11000061035156,32.10499954223633,32.10499954223633,1202.0
2024-04-24 14:39:00,WSBF,12.229999542236328,12.229999542236328,12.229999542236328,12.229999542236328,12.229999542236328,325.0
2024-04-24 14:39:00,WSC,37.98500061035156,37.98500061035156,37.98500061035156,37.91999816894531,37.93000030517578,8646.0
2024-04-24 14:39:00,WTFC,99.91130065917969,99.91130065917969,99.91130065917969,99.91130065917969,99.91130065917969,461.0
2024-04-24 14:39:00,WW,1.6399999856948853,1.6399999856948853,1.6449999809265137,1.6399999856948853,1.6399999856948853,615.0
2024-04-24 14:39:00,WWD,149.31500244140625,149.31500244140625,149.31500244140625,149.30999755859375,149.30999755859375,1628.0
2024-04-24 14:39:00,WYNN,96.81999969482422,96.81999969482422,96.81999969482422,96.81999969482422,96.81999969482422,1585.0
2024-04-24 14:39:00,XEL,55.51499938964844,55.51499938964844,55.51499938964844,55.4900016784668,55.5099983215332,6317.0
2024-04-24 14:39:00,XENE,40.0099983215332,40.0099983215332,40.0099983215332,40.0099983215332,40.0099983215332,207.0
2024-04-24 14:39:00,XERS,1.7649999856948853,1.7649999856948853,1.7699999809265137,1.7649999856948853,1.7649999856948853,985.0
2024-04-24 14:39:00,XMTR,16.889999389648438,16.889999389648438,16.889999389648438,16.889999389648438,16.889999389648438,1072.0
2024-04-24 14:39:00,XNCR,18.68000030517578,18.68000030517578,18.68000030517578,18.670000076293945,18.670000076293945,1228.0
2024-04-24 14:39:00,XNET,1.565000057220459,1.565000057220459,1.565000057220459,1.565000057220459,1.565000057220459,1077.0
2024-04-24 14:39:00,XP,20.485000610351562,20.485000610351562,20.4950008392334,20.46500015258789,20.46500015258789,8447.0
2024-04-24 14:39:00,XPEL,55.13999938964844,55.13999938964844,55.13999938964844,55.13999938964844,55.13999938964844,246.0
2024-04-24 14:39:00,XRX,14.354999542236328,14.354999542236328,14.354999542236328,14.345000267028809,14.350000381469727,4659.0
2024-04-24 14:39:00,Z,43.31999969482422,43.31999969482422,43.34000015258789,43.310001373291016,43.33000183105469,14693.0
2024-04-24 14:39:00,ZBRA,276.760009765625,276.760009765625,276.760009765625,276.67498779296875,276.67498779296875,1232.0
2024-04-24 14:39:00,ZD,51.779998779296875,51.779998779296875,51.779998779296875,51.779998779296875,51.779998779296875,526.0
2024-04-24 14:39:00,ZG,42.86000061035156,42.86000061035156,42.86000061035156,42.83000183105469,42.83000183105469,625.0
2024-04-24 14:39:00,ZI,15.800000190734863,15.800000190734863,15.800000190734863,15.789999961853027,15.789999961853027,780.0
2024-04-24 14:39:00,ZION,42.189998626708984,42.189998626708984,42.20000076293945,42.18000030517578,42.18000030517578,1207.0
2024-04-24 14:39:00,ZLAB,15.609999656677246,15.609999656677246,15.609999656677246,15.609999656677246,15.609999656677246,1006.0
2024-04-24 14:39:00,ZM,61.32310104370117,61.32310104370117,61.34000015258789,61.32310104370117,61.33000183105469,2308.0
2024-04-24 14:39:00,ZNTL,11.739999771118164,11.739999771118164,11.739999771118164,11.720000267028809,11.720000267028809,2854.0
2024-04-24 14:39:00,ZS,178.3614959716797,178.3614959716797,178.41000366210938,178.3614959716797,178.39999389648438,827.0
2024-04-24 14:39:00,ZURA,3.180000066757202,3.180000066757202,3.190000057220459,3.1700000762939453,3.1700000762939453,15646.0
2024-04-24 14:39:00,ZVSA,0.6093999743461609,0.6093999743461609,0.6093999743461609,0.6093999743461609,0.6093999743461609,250.0
2024-04-24 14:40:00,COCO,24.450000762939453,24.450000762939453,24.450000762939453,24.434999465942383,24.434999465942383,863.0
2024-04-24 14:40:00,DSP,8.600000381469727,8.600000381469727,8.600000381469727,8.600000381469727,8.600000381469727,200.0
2024-04-24 14:40:00,EGHT,2.3550000190734863,2.3550000190734863,2.3550000190734863,2.3499999046325684,2.3499999046325684,1486.0
2024-04-24 14:40:00,ETNB,8.669899940490723,8.669899940490723,8.669899940490723,8.669899940490723,8.669899940490723,1081.0
2024-04-24 14:40:00,FDMT,24.600000381469727,24.600000381469727,24.600000381469727,24.600000381469727,24.600000381469727,151.0
2024-04-24 14:40:00,FLWS,9.149999618530273,9.149999618530273,9.149999618530273,9.149999618530273,9.149999618530273,417.0
2024-04-24 14:40:00,MASS,5.650000095367432,5.650000095367432,5.652100086212158,5.650000095367432,5.652100086212158,762.0
2024-04-24 14:40:00,ME,0.47209998965263367,0.47209998965263367,0.4722999930381775,0.47209998965263367,0.4722999930381775,3000.0
2024-04-24 14:40:00,TWOU,0.23810000717639923,0.23810000717639923,0.23810000717639923,0.23810000717639923,0.23810000717639923,754.0
2024-04-24 14:40:00,TXG,27.350000381469727,27.350000381469727,27.354999542236328,27.34000015258789,27.354999542236328,2467.0
2024-04-24 14:40:00,VC,110.55000305175781,110.55000305175781,110.58000183105469,110.55000305175781,110.58000183105469,1280.0
2024-04-24 14:40:00,VCTR,49.875,49.875,49.875,49.875,49.875,163.0
2024-04-24 14:40:00,VERU,1.350000023841858,1.350000023841858,1.350000023841858,1.340000033378601,1.350000023841858,2603.0
2024-04-24 14:40:00,VERV,6.630000114440918,6.630000114440918,6.630000114440918,6.630000114440918,6.630000114440918,233.0
2024-04-24 14:40:00,VERX,28.954999923706055,28.954999923706055,28.954999923706055,28.954999923706055,28.954999923706055,437.0
2024-04-24 14:40:00,VFF,1.315000057220459,1.315000057220459,1.315000057220459,1.315000057220459,1.315000057220459,1000.0
2024-04-24 14:40:00,VIAV,7.965000152587891,7.965000152587891,7.965000152587891,7.965000152587891,7.965000152587891,0.0
2024-04-24 14:40:00,VICR,31.1919002532959,31.1919002532959,31.200000762939453,31.135000228881836,31.135000228881836,4416.0
2024-04-24 14:40:00,VIRT,22.190000534057617,22.190000534057617,22.21500015258789,22.190000534057617,22.21500015258789,1934.0
2024-04-24 14:40:00,VITL,26.770000457763672,26.770000457763672,26.7721004486084,26.770000457763672,26.7721004486084,1108.0
2024-04-24 14:40:00,VKTX,65.44000244140625,65.44000244140625,65.44000244140625,65.43000030517578,65.43990325927734,1665.0
2024-04-24 14:40:00,VMD,7.985000133514404,7.985000133514404,7.985000133514404,7.980000019073486,7.985000133514404,312.0
2024-04-24 14:40:00,VMEO,3.5299999713897705,3.5299999713897705,3.5299999713897705,3.5250000953674316,3.5250000953674316,2052.0
2024-04-24 14:40:00,VNET,1.559999942779541,1.559999942779541,1.559999942779541,1.559999942779541,1.559999942779541,30.0
2024-04-24 14:40:00,VNOM,39.849998474121094,39.849998474121094,39.849998474121094,39.849998474121094,39.849998474121094,538.0
2024-04-24 14:40:00,VOD,8.6181001663208,8.6181001663208,8.6181001663208,8.6181001663208,8.6181001663208,689.0
2024-04-24 14:40:00,VRDN,13.3100004196167,13.3100004196167,13.3100004196167,13.3100004196167,13.3100004196167,1539.0
2024-04-24 14:40:00,VRRM,24.190000534057617,24.190000534057617,24.190000534057617,24.190000534057617,24.190000534057617,108.0
2024-04-24 14:40:00,VRTX,401.4849853515625,401.4849853515625,401.4849853515625,401.4849853515625,401.4849853515625,169.0
2024-04-24 14:40:00,VSAT,16.229999542236328,16.229999542236328,16.229999542236328,16.229999542236328,16.229999542236328,746.0
2024-04-24 14:40:00,VTNR,1.440000057220459,1.440000057220459,1.440000057220459,1.4299999475479126,1.4399000406265259,6222.0
2024-04-24 14:40:00,VTRS,11.484999656677246,11.484999656677246,11.489999771118164,11.479999542236328,11.479999542236328,11685.0
2024-04-24 14:40:00,VUZI,1.309999942779541,1.309999942779541,1.309999942779541,1.309999942779541,1.309999942779541,200.0
2024-04-24 14:40:00,VVOS,2.5799999237060547,2.5799999237060547,2.5799999237060547,2.5799999237060547,2.5799999237060547,200.0
2024-04-24 14:40:00,VVPR,3.629199981689453,3.629199981689453,3.629199981689453,3.629199981689453,3.629199981689453,0.0
2024-04-24 14:40:00,WAFD,28.190000534057617,28.190000534057617,28.190000534057617,28.190000534057617,28.190000534057617,2020.0
2024-04-24 14:40:00,WB,8.345000267028809,8.345000267028809,8.345000267028809,8.345000267028809,8.345000267028809,432.0
2024-04-24 14:40:00,WBA,17.760000228881836,17.760000228881836,17.760000228881836,17.75029945373535,17.760000228881836,15365.0
2024-04-24 14:40:00,WBD,8.3149995803833,8.3149995803833,8.319999694824219,8.310199737548828,8.319999694824219,13156.0
2024-04-24 14:40:00,WDAY,256.17999267578125,256.17999267578125,256.3341979980469,256.17999267578125,256.3341979980469,1364.0
2024-04-24 14:40:00,WDC,69.19000244140625,69.19000244140625,69.19999694824219,69.16999816894531,69.18499755859375,2038.0
2024-04-24 14:40:00,WEN,19.844999313354492,19.844999313354492,19.844999313354492,19.844999313354492,19.844999313354492,1069.0
2024-04-24 14:40:00,WERN,35.27000045776367,35.27000045776367,35.279998779296875,35.27000045776367,35.279998779296875,2837.0
2024-04-24 14:40:00,WFRD,123.01000213623047,123.01000213623047,123.01000213623047,122.98999786376953,122.98999786376953,1458.0
2024-04-24 14:40:00,WHLM,6.342100143432617,6.342100143432617,6.342100143432617,6.342100143432617,6.342100143432617,1608.0
2024-04-24 14:40:00,WHLRD,15.5,15.5,15.5,15.5,15.5,0.0
2024-04-24 14:40:00,WIMI,1.0333000421524048,1.0333000421524048,1.0333000421524048,1.0299999713897705,1.0299999713897705,4422.0
2024-04-24 14:40:00,WISA,6.101099967956543,6.101099967956543,6.110099792480469,6.090000152587891,6.110000133514404,11709.0
2024-04-24 14:40:00,WKHS,0.16300000250339508,0.16300000250339508,0.163100004196167,0.16300000250339508,0.16300000250339508,76166.0
2024-04-24 14:40:00,WMG,32.11000061035156,32.11000061035156,32.11000061035156,32.10499954223633,32.10499954223633,1382.0
2024-04-24 14:40:00,WSBC,28.270000457763672,28.270000457763672,28.270000457763672,28.270000457763672,28.270000457763672,409.0
2024-04-24 14:40:00,WSC,38.0,38.0,38.0099983215332,37.97999954223633,37.97999954223633,2227.0
2024-04-24 14:40:00,WSFS,44.790000915527344,44.790000915527344,44.790000915527344,44.790000915527344,44.790000915527344,2253.0
2024-04-24 14:40:00,WTW,264.2349853515625,264.2349853515625,264.2349853515625,264.1400146484375,264.1400146484375,1000.0
2024-04-24 14:40:00,WW,1.649999976158142,1.649999976158142,1.649999976158142,1.6399999856948853,1.6399999856948853,875.0
2024-04-24 14:40:00,WWD,149.16000366210938,149.16000366210938,149.16000366210938,149.1199951171875,149.16000366210938,947.0
2024-04-24 14:40:00,WYNN,96.81999969482422,96.81999969482422,96.84500122070312,96.81999969482422,96.83000183105469,993.0
2024-04-24 14:40:00,XEL,55.494998931884766,55.494998931884766,55.51499938964844,55.4900016784668,55.5099983215332,6114.0
2024-04-24 14:40:00,XERS,1.7649999856948853,1.7649999856948853,1.7649999856948853,1.7649999856948853,1.7649999856948853,101.0
2024-04-24 14:40:00,XFOR,1.25,1.25,1.25,1.2450000047683716,1.2450000047683716,1309.0
2024-04-24 14:40:00,XMTR,16.860000610351562,16.860000610351562,16.8799991607666,16.860000610351562,16.8799991607666,2158.0
2024-04-24 14:40:00,XP,20.4950008392334,20.4950008392334,20.5,20.479999542236328,20.479999542236328,5616.0
2024-04-24 14:40:00,XRX,14.354999542236328,14.354999542236328,14.354999542236328,14.354999542236328,14.354999542236328,996.0
2024-04-24 14:40:00,XXII,1.899999976158142,1.899999976158142,1.899999976158142,1.8949999809265137,1.8949999809265137,2266.0
2024-04-24 14:40:00,YTEN,0.23899999260902405,0.23899999260902405,0.23899999260902405,0.23899999260902405,0.23899999260902405,0.0
2024-04-24 14:40:00,Z,43.279998779296875,43.279998779296875,43.310001373291016,43.27000045776367,43.29999923706055,12754.0
2024-04-24 14:40:00,ZBRA,276.67498779296875,276.67498779296875,276.67999267578125,276.67498779296875,276.67999267578125,629.0
2024-04-24 14:40:00,ZCMD,1.6100000143051147,1.6100000143051147,1.6200000047683716,1.6100000143051147,1.6200000047683716,1140.0
2024-04-24 14:40:00,ZD,51.724998474121094,51.724998474121094,51.755001068115234,51.709999084472656,51.720001220703125,1250.0
2024-04-24 14:40:00,ZG,42.81999969482422,42.81999969482422,42.81999969482422,42.81999969482422,42.81999969482422,1155.0
2024-04-24 14:40:00,ZI,15.795000076293945,15.795000076293945,15.800000190734863,15.789999961853027,15.789999961853027,1748.0
2024-04-24 14:40:00,ZIMV,15.789999961853027,15.789999961853027,15.789999961853027,15.789999961853027,15.789999961853027,1282.0
2024-04-24 14:40:00,ZION,42.190101623535156,42.190101623535156,42.20000076293945,42.190101623535156,42.20000076293945,995.0
2024-04-24 14:40:00,ZM,61.29999923706055,61.29999923706055,61.310001373291016,61.29999923706055,61.310001373291016,4251.0
2024-04-24 14:40:00,ZS,178.3800048828125,178.3800048828125,178.42999267578125,178.36000061035156,178.36000061035156,2310.0
2024-04-24 14:40:00,ZURA,3.1700000762939453,3.1700000762939453,3.1700000762939453,3.1700000762939453,3.1700000762939453,3000.0
2024-04-24 14:41:00,COCO,24.399999618530273,24.399999618530273,24.43000030517578,24.399999618530273,24.420000076293945,502.0
2024-04-24 14:41:00,DIBS,5.400000095367432,5.400000095367432,5.400000095367432,5.400000095367432,5.400000095367432,239.0
2024-04-24 14:41:00,FLWS,9.170000076293945,9.170000076293945,9.170000076293945,9.170000076293945,9.170000076293945,1299.0
2024-04-24 14:41:00,FREE,4.820000171661377,4.820000171661377,4.820000171661377,4.820000171661377,4.820000171661377,100.0
2024-04-24 14:41:00,MAPS,1.100000023841858,1.100000023841858,1.100000023841858,1.100000023841858,1.100000023841858,300.0
2024-04-24 14:41:00,ME,0.4733000099658966,0.4733000099658966,0.47429999709129333,0.4722999930381775,0.4722999930381775,11313.0
2024-04-24 14:41:00,SCWO,1.350000023841858,1.350000023841858,1.350000023841858,1.3224999904632568,1.3224999904632568,1044.0
2024-04-24 14:41:00,SEAT,5.889999866485596,5.889999866485596,5.889999866485596,5.889999866485596,5.889999866485596,602.0
2024-04-24 14:41:00,TWOU,0.24060000479221344,0.24060000479221344,0.24060000479221344,0.23999999463558197,0.23999999463558197,3702.0
2024-04-24 14:41:00,TXG,27.344999313354492,27.344999313354492,27.360000610351562,27.334999084472656,27.360000610351562,1582.0
2024-04-24 14:41:00,VANI,1.7350000143051147,1.7350000143051147,1.7350000143051147,1.7350000143051147,1.7350000143051147,942.0
2024-04-24 14:41:00,VC,110.25,110.25,110.25,110.25,110.25,273.0
2024-04-24 14:41:00,VCTR,49.849998474121094,49.849998474121094,49.86000061035156,49.849998474121094,49.86000061035156,1704.0
2024-04-24 14:41:00,VERV,6.614999771118164,6.614999771118164,6.630000114440918,6.614999771118164,6.630000114440918,2972.0
2024-04-24 14:41:00,VERX,28.950000762939453,28.950000762939453,29.014999389648438,28.950000762939453,29.0,5587.0
2024-04-24 14:41:00,VIAV,7.965000152587891,7.965000152587891,7.96999979019165,7.965000152587891,7.96999979019165,491.0
2024-04-24 14:41:00,VIRT,22.18000030517578,22.18000030517578,22.209999084472656,22.18000030517578,22.184999465942383,4914.0
2024-04-24 14:41:00,VITL,26.729999542236328,26.729999542236328,26.760000228881836,26.729999542236328,26.760000228881836,807.0
2024-04-24 14:41:00,VKTX,65.44000244140625,65.44000244140625,65.44000244140625,65.44000244140625,65.44000244140625,538.0
2024-04-24 14:41:00,VMD,7.985000133514404,7.985000133514404,7.985000133514404,7.985000133514404,7.985000133514404,300.0
2024-04-24 14:41:00,VMEO,3.5250000953674316,3.5250000953674316,3.5250000953674316,3.5250000953674316,3.5250000953674316,1090.0
2024-04-24 14:41:00,VNET,1.559999942779541,1.559999942779541,1.559999942779541,1.559999942779541,1.559999942779541,215.0
2024-04-24 14:41:00,VOD,8.614999771118164,8.614999771118164,8.618000030517578,8.614999771118164,8.614999771118164,1813.0
2024-04-24 14:41:00,VRDN,13.3149995803833,13.3149995803833,13.3149995803833,13.3149995803833,13.3149995803833,1185.0
2024-04-24 14:41:00,VRRM,24.174999237060547,24.174999237060547,24.190000534057617,24.174999237060547,24.190000534057617,1169.0
2024-04-24 14:41:00,VRTX,401.4649963378906,401.4649963378906,401.4649963378906,401.4649963378906,401.4649963378906,690.0
2024-04-24 14:41:00,VSAT,16.225000381469727,16.225000381469727,16.229999542236328,16.225000381469727,16.229999542236328,291.0
2024-04-24 14:41:00,VTGN,4.739999771118164,4.739999771118164,4.739999771118164,4.739999771118164,4.739999771118164,0.0
2024-04-24 14:41:00,VTNR,1.4306999444961548,1.4306999444961548,1.4306999444961548,1.4306999444961548,1.4306999444961548,0.0
2024-04-24 14:41:00,VTRS,11.484999656677246,11.484999656677246,11.484999656677246,11.484999656677246,11.484999656677246,7341.0
2024-04-24 14:41:00,VUZI,1.3200000524520874,1.3200000524520874,1.3200000524520874,1.3200000524520874,1.3200000524520874,1100.0
2024-04-24 14:41:00,VVOS,2.5445001125335693,2.5445001125335693,2.5445001125335693,2.5445001125335693,2.5445001125335693,516.0
2024-04-24 14:41:00,VYGR,7.494999885559082,7.494999885559082,7.494999885559082,7.494999885559082,7.494999885559082,333.0
2024-04-24 14:41:00,WASH,26.34000015258789,26.34000015258789,26.34000015258789,26.34000015258789,26.34000015258789,0.0
2024-04-24 14:41:00,WB,8.345000267028809,8.345000267028809,8.345000267028809,8.345000267028809,8.345000267028809,1157.0
2024-04-24 14:41:00,WBA,17.764299392700195,17.764299392700195,17.764999389648438,17.760000228881836,17.760000228881836,5099.0
2024-04-24 14:41:00,WBD,8.3149995803833,8.3149995803833,8.317500114440918,8.3100004196167,8.317500114440918,11685.0
2024-04-24 14:41:00,WDAY,256.05499267578125,256.05499267578125,256.0950012207031,256.05499267578125,256.0950012207031,985.0
2024-04-24 14:41:00,WDC,69.1500015258789,69.1500015258789,69.18000030517578,69.1500015258789,69.16999816894531,6024.0
2024-04-24 14:41:00,WEN,19.84000015258789,19.84000015258789,19.84000015258789,19.834999084472656,19.84000015258789,4525.0
2024-04-24 14:41:00,WERN,35.275001525878906,35.275001525878906,35.27750015258789,35.275001525878906,35.27750015258789,447.0
2024-04-24 14:41:00,WEST,10.0,10.0,10.0,10.0,10.0,1230.0
2024-04-24 14:41:00,WHLM,6.340199947357178,6.340199947357178,6.340199947357178,6.269999980926514,6.340000152587891,4720.0
2024-04-24 14:41:00,WIMI,1.0300999879837036,1.0300999879837036,1.0399999618530273,1.0199999809265137,1.0299999713897705,76488.0
2024-04-24 14:41:00,WISA,6.129899978637695,6.129899978637695,6.129899978637695,6.079999923706055,6.090000152587891,3359.0
2024-04-24 14:41:00,WIX,121.97000122070312,121.97000122070312,121.97000122070312,121.97000122070312,121.97000122070312,200.0
2024-04-24 14:41:00,WKHS,0.16300000250339508,0.16300000250339508,0.16300000250339508,0.16300000250339508,0.16300000250339508,10764.0
2024-04-24 14:41:00,WKME,7.985000133514404,7.985000133514404,7.98829984664917,7.985000133514404,7.98829984664917,1152.0
2024-04-24 14:41:00,WLDS,0.4553999900817871,0.4553999900817871,0.4553999900817871,0.4553999900817871,0.4553999900817871,100.0
2024-04-24 14:41:00,WMG,32.11000061035156,32.11000061035156,32.11000061035156,32.11000061035156,32.11000061035156,468.0
2024-04-24 14:41:00,WSBC,28.219999313354492,28.219999313354492,28.219999313354492,28.219999313354492,28.219999313354492,612.0
2024-04-24 14:41:00,WSC,38.0,38.0,38.005001068115234,37.959999084472656,37.9900016784668,9428.0
2024-04-24 14:41:00,WW,1.6449999809265137,1.6449999809265137,1.6449999809265137,1.6399999856948853,1.6399999856948853,1200.0
2024-04-24 14:41:00,WWD,149.17999267578125,149.17999267578125,149.17999267578125,149.14500427246094,149.14500427246094,1031.0
2024-04-24 14:41:00,WYNN,96.80000305175781,96.80000305175781,96.80000305175781,96.80000305175781,96.80000305175781,422.0
2024-04-24 14:41:00,XEL,55.52370071411133,55.52370071411133,55.525001525878906,55.4900016784668,55.5,5515.0
2024-04-24 14:41:00,XENE,40.0,40.0,40.0099983215332,40.0,40.0099983215332,2384.0
2024-04-24 14:41:00,XERS,1.7649999856948853,1.7649999856948853,1.7699999809265137,1.7649999856948853,1.7649999856948853,503.0
2024-04-24 14:41:00,XFOR,1.25,1.25,1.25,1.25,1.25,106.0
2024-04-24 14:41:00,XP,20.485000610351562,20.485000610351562,20.489999771118164,20.485000610351562,20.489999771118164,3554.0
2024-04-24 14:41:00,XPEL,55.09000015258789,55.09000015258789,55.13999938964844,55.09000015258789,55.13999938964844,1172.0
2024-04-24 14:41:00,XRX,14.354999542236328,14.354999542236328,14.354999542236328,14.354999542236328,14.354999542236328,526.0
2024-04-24 14:41:00,XXII,1.8898999691009521,1.8898999691009521,1.8898999691009521,1.8898999691009521,1.8898999691009521,1478.0
2024-04-24 14:41:00,Z,43.2599983215332,43.2599983215332,43.279998779296875,43.2401008605957,43.279998779296875,2884.0
2024-04-24 14:41:00,ZCMD,1.6549999713897705,1.6549999713897705,1.6549999713897705,1.6549999713897705,1.6549999713897705,550.0
2024-04-24 14:41:00,ZI,15.789999961853027,15.789999961853027,15.795000076293945,15.789999961853027,15.795000076293945,9497.0
2024-04-24 14:41:00,ZIMV,15.774999618530273,15.774999618530273,15.774999618530273,15.770000457763672,15.770000457763672,296.0
2024-04-24 14:41:00,ZION,42.18000030517578,42.18000030517578,42.189998626708984,42.18000030517578,42.189998626708984,1213.0
2024-04-24 14:41:00,ZM,61.29999923706055,61.29999923706055,61.29999923706055,61.29499816894531,61.29999923706055,2593.0
2024-04-24 14:41:00,ZNTL,11.755000114440918,11.755000114440918,11.760000228881836,11.755000114440918,11.760000228881836,472.0
2024-04-24 14:41:00,ZS,178.30999755859375,178.30999755859375,178.30999755859375,178.30999755859375,178.30999755859375,1808.0
2024-04-24 14:41:00,ZURA,3.140000104904175,3.140000104904175,3.1600000858306885,3.130000114440918,3.1600000858306885,7445.0
2024-04-24 14:41:00,ZVSA,0.6093000173568726,0.6093000173568726,0.6093000173568726,0.6093000173568726,0.6093000173568726,119.0
2024-04-24 14:41:00,ZYXI,11.239999771118164,11.239999771118164,11.239999771118164,11.239999771118164,11.239999771118164,318.0
2024-04-24 14:42:00,COCO,24.399999618530273,24.399999618530273,24.399999618530273,24.389999389648438,24.389999389648438,664.0
2024-04-24 14:42:00,DIBS,5.400000095367432,5.400000095367432,5.400000095367432,5.400000095367432,5.400000095367432,195.0
2024-04-24 14:42:00,EGHT,2.359999895095825,2.359999895095825,2.359999895095825,2.3550000190734863,2.3550000190734863,549.0
2024-04-24 14:42:00,FLWS,9.170000076293945,9.170000076293945,9.170000076293945,9.170000076293945,9.170000076293945,200.0
2024-04-24 14:42:00,FREE,4.820000171661377,4.820000171661377,4.820000171661377,4.820000171661377,4.820000171661377,100.0
2024-04-24 14:42:00,ME,0.47209998965263367,0.47209998965263367,0.4745999872684479,0.47209998965263367,0.4745999872684479,5745.0
2024-04-24 14:42:00,SEAT,5.889999866485596,5.889999866485596,5.889999866485596,5.885000228881836,5.885000228881836,874.0
2024-04-24 14:42:00,TWOU,0.24060000479221344,0.24060000479221344,0.24060000479221344,0.24060000479221344,0.24060000479221344,937.0
2024-04-24 14:42:00,TXG,27.34000015258789,27.34000015258789,27.34000015258789,27.329999923706055,27.329999923706055,1129.0
2024-04-24 14:42:00,VC,110.44999694824219,110.44999694824219,110.4749984741211,110.43000030517578,110.4749984741211,1131.0
2024-04-24 14:42:00,VERU,1.350000023841858,1.350000023841858,1.350000023841858,1.350000023841858,1.350000023841858,400.0
2024-04-24 14:42:00,VERV,6.625,6.625,6.630000114440918,6.614999771118164,6.614999771118164,3225.0
2024-04-24 14:42:00,VERX,28.989999771118164,28.989999771118164,28.989999771118164,28.950000762939453,28.969999313354492,5056.0
2024-04-24 14:42:00,VFF,1.309999942779541,1.309999942779541,1.309999942779541,1.309999942779541,1.309999942779541,38.0
2024-04-24 14:42:00,VFS,2.470099925994873,2.470099925994873,2.4749999046325684,2.470099925994873,2.4749999046325684,1475.0
2024-04-24 14:42:00,VIAV,7.96999979019165,7.96999979019165,7.96999979019165,7.965000152587891,7.965000152587891,3507.0
2024-04-24 14:42:00,VICR,31.06999969482422,31.06999969482422,31.15999984741211,31.049999237060547,31.15999984741211,1752.0
2024-04-24 14:42:00,VIR,8.09000015258789,8.09000015258789,8.09000015258789,8.09000015258789,8.09000015258789,1187.0
2024-04-24 14:42:00,VIRT,22.18000030517578,22.18000030517578,22.18000030517578,22.18000030517578,22.18000030517578,219.0
2024-04-24 14:42:00,VITL,26.719999313354492,26.719999313354492,26.735000610351562,26.719999313354492,26.735000610351562,855.0
2024-04-24 14:42:00,VKTX,65.47000122070312,65.47000122070312,65.5,65.41000366210938,65.44499969482422,3440.0
2024-04-24 14:42:00,VLCN,0.2515000104904175,0.2515000104904175,0.2574000060558319,0.2515000104904175,0.25450000166893005,4601.0
2024-04-24 14:42:00,VMD,8.0,8.0,8.0,8.0,8.0,118.0
2024-04-24 14:42:00,VMEO,3.5250000953674316,3.5250000953674316,3.5250000953674316,3.5250000953674316,3.5250000953674316,1204.0
2024-04-24 14:42:00,VNET,1.559999942779541,1.559999942779541,1.559999942779541,1.559999942779541,1.559999942779541,200.0
2024-04-24 14:42:00,VNOM,39.849998474121094,39.849998474121094,39.849998474121094,39.849998474121094,39.849998474121094,430.0
2024-04-24 14:42:00,VOD,8.614999771118164,8.614999771118164,8.619999885559082,8.614999771118164,8.614999771118164,2068.0
2024-04-24 14:42:00,VRCA,6.760000228881836,6.760000228881836,6.760000228881836,6.760000228881836,6.760000228881836,1539.0
2024-04-24 14:42:00,VRRM,24.18000030517578,24.18000030517578,24.18000030517578,24.18000030517578,24.18000030517578,1052.0
2024-04-24 14:42:00,VRTX,401.3550109863281,401.3550109863281,401.3999938964844,401.3550109863281,401.3949890136719,1641.0
2024-04-24 14:42:00,VSAT,16.209999084472656,16.209999084472656,16.209999084472656,16.209999084472656,16.209999084472656,450.0
2024-04-24 14:42:00,VSEC,78.98500061035156,78.98500061035156,78.98500061035156,78.98500061035156,78.98500061035156,261.0
2024-04-24 14:42:00,VTNR,1.440000057220459,1.440000057220459,1.440000057220459,1.440000057220459,1.440000057220459,861.0
2024-04-24 14:42:00,VTRS,11.484999656677246,11.484999656677246,11.484999656677246,11.479999542236328,11.484999656677246,11321.0
2024-04-24 14:42:00,VUZI,1.309999942779541,1.309999942779541,1.309999942779541,1.309999942779541,1.309999942779541,0.0
2024-04-24 14:42:00,WAFD,28.200000762939453,28.200000762939453,28.200000762939453,28.200000762939453,28.200000762939453,229.0
2024-04-24 14:42:00,WB,8.350000381469727,8.350000381469727,8.350000381469727,8.350000381469727,8.350000381469727,986.0
2024-04-24 14:42:00,WBA,17.764999389648438,17.764999389648438,17.770000457763672,17.760000228881836,17.770000457763672,3640.0
2024-04-24 14:42:00,WBD,8.3149995803833,8.3149995803833,8.319999694824219,8.311300277709961,8.311300277709961,3609.0
2024-04-24 14:42:00,WDAY,256.19000244140625,256.19000244140625,256.239990234375,255.98500061035156,255.98500061035156,2090.0
2024-04-24 14:42:00,WDC,69.18000030517578,69.18000030517578,69.18000030517578,69.13999938964844,69.13999938964844,5950.0
2024-04-24 14:42:00,WEN,19.84000015258789,19.84000015258789,19.844999313354492,19.834999084472656,19.834999084472656,8177.0
2024-04-24 14:42:00,WERN,35.279998779296875,35.279998779296875,35.279998779296875,35.279998779296875,35.279998779296875,1052.0
2024-04-24 14:42:00,WFRD,123.12000274658203,123.12000274658203,123.12000274658203,123.01000213623047,123.01000213623047,3261.0
2024-04-24 14:42:00,WIMI,1.0318000316619873,1.0318000316619873,1.034999966621399,1.0318000316619873,1.034999966621399,2405.0
2024-04-24 14:42:00,WING,364.3599853515625,364.3599853515625,364.3599853515625,364.3599853515625,364.3599853515625,770.0
2024-04-24 14:42:00,WISA,6.120100021362305,6.120100021362305,6.170000076293945,6.110000133514404,6.130000114440918,10169.0
2024-04-24 14:42:00,WIX,121.88999938964844,121.88999938964844,121.9000015258789,121.88999938964844,121.9000015258789,806.0
2024-04-24 14:42:00,WKHS,0.163100004196167,0.163100004196167,0.163100004196167,0.16300000250339508,0.16300000250339508,15262.0
2024-04-24 14:42:00,WMG,32.11000061035156,32.11000061035156,32.11000061035156,32.099998474121094,32.11000061035156,774.0
2024-04-24 14:42:00,WRNT,0.26499998569488525,0.26499998569488525,0.26499998569488525,0.26499998569488525,0.26499998569488525,999.0
2024-04-24 14:42:00,WSBF,12.21500015258789,12.21500015258789,12.21500015258789,12.21500015258789,12.21500015258789,338.0
2024-04-24 14:42:00,WSC,38.029998779296875,38.029998779296875,38.029998779296875,38.0099983215332,38.0099983215332,2156.0
2024-04-24 14:42:00,WTFC,100.0199966430664,100.0199966430664,100.0199966430664,99.9800033569336,99.9800033569336,706.0
2024-04-24 14:42:00,WTW,264.3399963378906,264.3399963378906,264.3399963378906,264.260009765625,264.260009765625,1455.0
2024-04-24 14:42:00,WVE,5.199999809265137,5.199999809265137,5.199999809265137,5.195000171661377,5.195000171661377,300.0
2024-04-24 14:42:00,WW,1.649899959564209,1.649899959564209,1.649899959564209,1.6399999856948853,1.6399999856948853,544.0
2024-04-24 14:42:00,WYNN,96.87999725341797,96.87999725341797,96.87999725341797,96.8499984741211,96.86000061035156,1761.0
2024-04-24 14:42:00,XEL,55.54499816894531,55.54499816894531,55.54999923706055,55.525001525878906,55.525001525878906,5098.0
2024-04-24 14:42:00,XENE,39.880001068115234,39.880001068115234,39.92499923706055,39.880001068115234,39.900001525878906,5382.0
2024-04-24 14:42:00,XERS,1.7699999809265137,1.7699999809265137,1.7699999809265137,1.7649999856948853,1.7649999856948853,125.0
2024-04-24 14:42:00,XFOR,1.25,1.25,1.25,1.2450000047683716,1.2450000047683716,3104.0
2024-04-24 14:42:00,XMTR,16.850000381469727,16.850000381469727,16.850000381469727,16.850000381469727,16.850000381469727,1027.0
2024-04-24 14:42:00,XP,20.485000610351562,20.485000610351562,20.4950008392334,20.479999542236328,20.485000610351562,7593.0
2024-04-24 14:42:00,XRX,14.354999542236328,14.354999542236328,14.359999656677246,14.354999542236328,14.354999542236328,923.0
2024-04-24 14:42:00,Z,43.25,43.25,43.27000045776367,43.2400016784668,43.27000045776367,4491.0
2024-04-24 14:42:00,ZCMD,1.6399999856948853,1.6399999856948853,1.6399999856948853,1.6399999856948853,1.6399999856948853,200.0
2024-04-24 14:42:00,ZI,15.795000076293945,15.795000076293945,15.795000076293945,15.789999961853027,15.789999961853027,4593.0
2024-04-24 14:42:00,ZIMV,15.779999732971191,15.779999732971191,15.779999732971191,15.779999732971191,15.779999732971191,205.0
2024-04-24 14:42:00,ZION,42.209999084472656,42.209999084472656,42.209999084472656,42.18000030517578,42.189998626708984,3204.0
2024-04-24 14:42:00,ZM,61.31999969482422,61.31999969482422,61.31999969482422,61.2932014465332,61.29999923706055,4390.0
2024-04-24 14:42:00,ZNTL,11.800000190734863,11.800000190734863,11.8100004196167,11.769000053405762,11.769000053405762,2056.0
2024-04-24 14:42:00,ZS,178.4600067138672,178.4600067138672,178.4600067138672,178.4600067138672,178.4600067138672,475.0
2024-04-24 14:42:00,ZUMZ,17.27899932861328,17.27899932861328,17.27899932861328,17.260000228881836,17.270000457763672,1508.0
2024-04-24 14:42:00,ZURA,3.1700000762939453,3.1700000762939453,3.1700000762939453,3.1600000858306885,3.1600000858306885,8099.0
2024-04-24 14:42:00,ZVSA,0.609000027179718,0.609000027179718,0.609000027179718,0.609000027179718,0.609000027179718,252.0
2024-04-24 14:43:00,DSP,8.65999984741211,8.65999984741211,8.65999984741211,8.609999656677246,8.609999656677246,1193.0
2024-04-24 14:43:00,EGHT,2.3550000190734863,2.3550000190734863,2.3550000190734863,2.3550000190734863,2.3550000190734863,644.0
2024-04-24 14:43:00,ETNB,8.664999961853027,8.664999961853027,8.664999961853027,8.65999984741211,8.664999961853027,1869.0
2024-04-24 14:43:00,FDMT,24.600000381469727,24.600000381469727,24.600000381469727,24.600000381469727,24.600000381469727,311.0
2024-04-24 14:43:00,FLWS,9.199999809265137,9.199999809265137,9.210000038146973,9.15999984741211,9.170000076293945,16685.0
2024-04-24 14:43:00,FREE,4.820000171661377,4.820000171661377,4.820000171661377,4.820000171661377,4.820000171661377,111.0
2024-04-24 14:43:00,MAPS,1.0950000286102295,1.0950000286102295,1.0950000286102295,1.0950000286102295,1.0950000286102295,400.0
2024-04-24 14:43:00,MASS,5.659999847412109,5.659999847412109,5.659999847412109,5.659999847412109,5.659999847412109,117.0
2024-04-24 14:43:00,ME,0.47200000286102295,0.47200000286102295,0.47200000286102295,0.47200000286102295,0.47200000286102295,638.0
2024-04-24 14:43:00,SEAT,5.889999866485596,5.889999866485596,5.889999866485596,5.885000228881836,5.885000228881836,1050.0
2024-04-24 14:43:00,TWOU,0.2395000010728836,0.2395000010728836,0.24060000479221344,0.2395000010728836,0.24060000479221344,11947.0
2024-04-24 14:43:00,TXG,27.3700008392334,27.3700008392334,27.3700008392334,27.350000381469727,27.360000610351562,2582.0
2024-04-24 14:43:00,VC,110.48999786376953,110.48999786376953,110.48999786376953,110.48999786376953,110.48999786376953,1081.0
2024-04-24 14:43:00,VERU,1.340000033378601,1.340000033378601,1.340000033378601,1.340000033378601,1.340000033378601,1402.0
2024-04-24 14:43:00,VERX,28.989999771118164,28.989999771118164,28.9950008392334,28.989999771118164,28.989999771118164,1125.0
2024-04-24 14:43:00,VIAV,7.974999904632568,7.974999904632568,7.974999904632568,7.974999904632568,7.974999904632568,707.0
2024-04-24 14:43:00,VICR,31.059999465942383,31.059999465942383,31.059999465942383,31.059999465942383,31.059999465942383,801.0
2024-04-24 14:43:00,VIOT,0.5769000053405762,0.5769000053405762,0.5769000053405762,0.5769000053405762,0.5769000053405762,4000.0
2024-04-24 14:43:00,VIRT,22.225000381469727,22.225000381469727,22.239999771118164,22.190000534057617,22.190000534057617,5913.0
2024-04-24 14:43:00,VITL,26.709999084472656,26.709999084472656,26.709999084472656,26.709999084472656,26.709999084472656,534.0
2024-04-24 14:43:00,VKTX,65.54000091552734,65.54000091552734,65.55000305175781,65.41999816894531,65.47000122070312,5023.0
2024-04-24 14:43:00,VLCN,0.2574000060558319,0.2574000060558319,0.2574000060558319,0.25699999928474426,0.25699999928474426,870.0
2024-04-24 14:43:00,VMD,7.980000019073486,7.980000019073486,7.989999771118164,7.980000019073486,7.980000019073486,1616.0
2024-04-24 14:43:00,VNOM,39.849998474121094,39.849998474121094,39.849998474121094,39.849998474121094,39.849998474121094,388.0
2024-04-24 14:43:00,VOD,8.614999771118164,8.614999771118164,8.614999771118164,8.614999771118164,8.614999771118164,2964.0
2024-04-24 14:43:00,VOXR,2.049999952316284,2.049999952316284,2.0799999237060547,2.049999952316284,2.049999952316284,7919.0
2024-04-24 14:43:00,VRDN,13.279999732971191,13.279999732971191,13.300000190734863,13.279999732971191,13.300000190734863,2425.0
2024-04-24 14:43:00,VRRM,24.18000030517578,24.18000030517578,24.184999465942383,24.18000030517578,24.184999465942383,1283.0
2024-04-24 14:43:00,VRTX,401.4549865722656,401.4549865722656,401.4549865722656,401.3399963378906,401.3399963378906,1093.0
2024-04-24 14:43:00,VSAT,16.200000762939453,16.200000762939453,16.219999313354492,16.200000762939453,16.219999313354492,1004.0
2024-04-24 14:43:00,VSEC,79.04000091552734,79.04000091552734,79.04000091552734,79.04000091552734,79.04000091552734,3936.0
2024-04-24 14:43:00,VTGN,4.738699913024902,4.738699913024902,4.738699913024902,4.738699913024902,4.738699913024902,253.0
2024-04-24 14:43:00,VTNR,1.440000057220459,1.440000057220459,1.440000057220459,1.434999942779541,1.434999942779541,1054.0
2024-04-24 14:43:00,VTRS,11.484999656677246,11.484999656677246,11.489999771118164,11.479999542236328,11.489999771118164,9244.0
2024-04-24 14:43:00,VUZI,1.315000057220459,1.315000057220459,1.315000057220459,1.309999942779541,1.309999942779541,400.0
2024-04-24 14:43:00,VYGR,7.489999771118164,7.489999771118164,7.489999771118164,7.489999771118164,7.489999771118164,301.0
2024-04-24 14:43:00,WAFD,28.190000534057617,28.190000534057617,28.200000762939453,28.190000534057617,28.200000762939453,611.0
2024-04-24 14:43:00,WASH,26.350000381469727,26.350000381469727,26.350000381469727,26.350000381469727,26.350000381469727,682.0
2024-04-24 14:43:00,WB,8.359999656677246,8.359999656677246,8.364999771118164,8.345000267028809,8.350000381469727,10817.0
2024-04-24 14:43:00,WBA,17.764999389648438,17.764999389648438,17.780000686645508,17.760000228881836,17.760000228881836,46569.0
2024-04-24 14:43:00,WBD,8.305000305175781,8.305000305175781,8.317500114440918,8.300000190734863,8.3149995803833,415598.0
2024-04-24 14:43:00,WBUY,0.3140000104904175,0.3140000104904175,0.3163999915122986,0.3140000104904175,0.3163999915122986,699.0
2024-04-24 14:43:00,WDAY,256.0799865722656,256.0799865722656,256.114990234375,256.0400085449219,256.0400085449219,823.0
2024-04-24 14:43:00,WDC,69.1500015258789,69.1500015258789,69.18000030517578,69.13999938964844,69.18000030517578,4051.0
2024-04-24 14:43:00,WEN,19.84749984741211,19.84749984741211,19.84749984741211,19.844999313354492,19.844999313354492,559.0
2024-04-24 14:43:00,WERN,35.27000045776367,35.27000045776367,35.27000045776367,35.2599983215332,35.2599983215332,1123.0
2024-04-24 14:43:00,WFRD,123.1449966430664,123.1449966430664,123.16999816894531,123.05000305175781,123.12000274658203,4277.0
2024-04-24 14:43:00,WIMI,1.037600040435791,1.037600040435791,1.0399999618530273,1.031000018119812,1.032099962234497,21940.0
2024-04-24 14:43:00,WISA,6.139999866485596,6.139999866485596,6.139999866485596,6.1234002113342285,6.1234002113342285,11908.0
2024-04-24 14:43:00,WIX,121.94000244140625,121.94000244140625,121.94000244140625,121.94000244140625,121.94000244140625,397.0
2024-04-24 14:43:00,WKHS,0.16300000250339508,0.16300000250339508,0.16300000250339508,0.16300000250339508,0.16300000250339508,13000.0
2024-04-24 14:43:00,WMG,32.095001220703125,32.095001220703125,32.11000061035156,32.095001220703125,32.11000061035156,1612.0
2024-04-24 14:43:00,WSBF,12.229999542236328,12.229999542236328,12.229999542236328,12.229999542236328,12.229999542236328,665.0
2024-04-24 14:43:00,WSC,38.0099983215332,38.0099983215332,38.029998779296875,38.0099983215332,38.02000045776367,5999.0
2024-04-24 14:43:00,WTFC,100.03500366210938,100.03500366210938,100.03500366210938,100.03500366210938,100.03500366210938,696.0
2024-04-24 14:43:00,WTW,264.2099914550781,264.2099914550781,264.2099914550781,264.2099914550781,264.2099914550781,522.0
2024-04-24 14:43:00,WVE,5.195000171661377,5.195000171661377,5.195000171661377,5.190000057220459,5.195000171661377,413.0
2024-04-24 14:43:00,WW,1.6425000429153442,1.6425000429153442,1.6425000429153442,1.6399999856948853,1.6399999856948853,3684.0
2024-04-24 14:43:00,WYNN,96.83000183105469,96.83000183105469,96.875,96.83000183105469,96.875,2121.0
2024-04-24 14:43:00,XEL,55.529998779296875,55.529998779296875,55.540000915527344,55.529998779296875,55.540000915527344,5755.0
2024-04-24 14:43:00,XENE,39.869998931884766,39.869998931884766,39.869998931884766,39.869998931884766,39.869998931884766,365.0
2024-04-24 14:43:00,XERS,1.7699999809265137,1.7699999809265137,1.7699999809265137,1.7699999809265137,1.7699999809265137,207.0
2024-04-24 14:43:00,XFOR,1.2450000047683716,1.2450000047683716,1.25,1.2450000047683716,1.25,1105.0
2024-04-24 14:43:00,XMTR,16.834999084472656,16.834999084472656,16.84000015258789,16.834999084472656,16.84000015258789,1431.0
2024-04-24 14:43:00,XNCR,18.704999923706055,18.704999923706055,18.709999084472656,18.704999923706055,18.709999084472656,284.0
2024-04-24 14:43:00,XP,20.5,20.5,20.5,20.475000381469727,20.485000610351562,28647.0
2024-04-24 14:43:00,XRX,14.345000267028809,14.345000267028809,14.359999656677246,14.345000267028809,14.359999656677246,8003.0
2024-04-24 14:43:00,Z,43.29999923706055,43.29999923706055,43.34000015258789,43.25199890136719,43.2599983215332,16303.0
2024-04-24 14:43:00,ZBRA,276.8599853515625,276.8599853515625,276.8599853515625,276.8599853515625,276.8599853515625,831.0
2024-04-24 14:43:00,ZCMD,1.6598999500274658,1.6598999500274658,1.6598999500274658,1.6598999500274658,1.6598999500274658,300.0
2024-04-24 14:43:00,ZD,51.73500061035156,51.73500061035156,51.73500061035156,51.73500061035156,51.73500061035156,605.0
2024-04-24 14:43:00,ZG,42.84000015258789,42.84000015258789,42.84000015258789,42.77000045776367,42.77000045776367,1898.0
2024-04-24 14:43:00,ZIMV,15.774999618530273,15.774999618530273,15.774999618530273,15.774999618530273,15.774999618530273,373.0
2024-04-24 14:43:00,ZION,42.18000030517578,42.18000030517578,42.20009994506836,42.18000030517578,42.20009994506836,1967.0
2024-04-24 14:43:00,ZM,61.29499816894531,61.29499816894531,61.31999969482422,61.29499816894531,61.31999969482422,3206.0
2024-04-24 14:43:00,ZNTL,11.800000190734863,11.800000190734863,11.805000305175781,11.78499984741211,11.78499984741211,2089.0
2024-04-24 14:43:00,ZS,178.42999267578125,178.42999267578125,178.42999267578125,178.42999267578125,178.42999267578125,1277.0
2024-04-24 14:43:00,ZUMZ,17.270000457763672,17.270000457763672,17.270000457763672,17.270000457763672,17.270000457763672,236.0
2024-04-24 14:43:00,ZVSA,0.607699990272522,0.607699990272522,0.6079999804496765,0.6075999736785889,0.6079999804496765,572.0
2024-04-24 14:43:00,ZYME,8.579999923706055,8.579999923706055,8.579999923706055,8.579999923706055,8.579999923706055,560.0
2024-04-24 14:44:00,COCO,24.399999618530273,24.399999618530273,24.399999618530273,24.399999618530273,24.399999618530273,449.0
2024-04-24 14:44:00,DIBS,5.400000095367432,5.400000095367432,5.409999847412109,5.400000095367432,5.400000095367432,2464.0
2024-04-24 14:44:00,ETNB,8.65999984741211,8.65999984741211,8.65999984741211,8.65999984741211,8.65999984741211,1210.0
2024-04-24 14:44:00,FEAM,1.159999966621399,1.159999966621399,1.159999966621399,1.159999966621399,1.159999966621399,1672.0
2024-04-24 14:44:00,MAPS,1.0950000286102295,1.0950000286102295,1.0950000286102295,1.0950000286102295,1.0950000286102295,200.0
2024-04-24 14:44:00,MASS,5.670000076293945,5.670000076293945,5.670000076293945,5.670000076293945,5.670000076293945,615.0
2024-04-24 14:44:00,ME,0.47209998965263367,0.47209998965263367,0.47209998965263367,0.47209998965263367,0.47209998965263367,0.0
2024-04-24 14:44:00,SEAT,5.889999866485596,5.889999866485596,5.889999866485596,5.889999866485596,5.889999866485596,1758.0
2024-04-24 14:44:00,TKLF,0.23000000417232513,0.23000000417232513,0.23000000417232513,0.23000000417232513,0.23000000417232513,200.0
2024-04-24 14:44:00,TWOU,0.23960000276565552,0.23960000276565552,0.23989999294281006,0.23960000276565552,0.23989999294281006,28229.0
2024-04-24 14:44:00,TXG,27.3700008392334,27.3700008392334,27.3700008392334,27.360000610351562,27.360000610351562,2822.0
2024-04-24 14:44:00,VC,110.54000091552734,110.54000091552734,110.54499816894531,110.54000091552734,110.54499816894531,1725.0
2024-04-24 14:44:00,VERU,1.3450000286102295,1.3450000286102295,1.350000023841858,1.3450000286102295,1.350000023841858,1122.0
2024-04-24 14:44:00,VERV,6.625,6.625,6.625,6.625,6.625,432.0
2024-04-24 14:44:00,VERX,28.989999771118164,28.989999771118164,28.989999771118164,28.989999771118164,28.989999771118164,936.0
2024-04-24 14:44:00,VFS,2.4700000286102295,2.4700000286102295,2.4749999046325684,2.4700000286102295,2.4749999046325684,545.0
2024-04-24 14:44:00,VIAV,7.980000019073486,7.980000019073486,7.980000019073486,7.974999904632568,7.980000019073486,2384.0
2024-04-24 14:44:00,VICR,31.09000015258789,31.09000015258789,31.09000015258789,30.924999237060547,31.0,7108.0
2024-04-24 14:44:00,VINC,0.9101999998092651,0.9101999998092651,0.9101999998092651,0.9101999998092651,0.9101999998092651,1019.0
2024-04-24 14:44:00,VIOT,0.5770000219345093,0.5770000219345093,0.5770000219345093,0.5680000185966492,0.5680000185966492,0.0
2024-04-24 14:44:00,VIR,8.100000381469727,8.100000381469727,8.100000381469727,8.100000381469727,8.100000381469727,417.0
2024-04-24 14:44:00,VIRT,22.229999542236328,22.229999542236328,22.239999771118164,22.225000381469727,22.225000381469727,1948.0
2024-04-24 14:44:00,VITL,26.610000610351562,26.610000610351562,26.650999069213867,26.610000610351562,26.649999618530273,1770.0
2024-04-24 14:44:00,VMD,7.980000019073486,7.980000019073486,7.980000019073486,7.980000019073486,7.980000019073486,495.0
2024-04-24 14:44:00,VMEO,3.5250000953674316,3.5250000953674316,3.5250000953674316,3.5250000953674316,3.5250000953674316,591.0
2024-04-24 14:44:00,VNET,1.5549999475479126,1.5549999475479126,1.5549999475479126,1.5549999475479126,1.5549999475479126,832.0
2024-04-24 14:44:00,VNOM,39.86000061035156,39.86000061035156,39.86000061035156,39.86000061035156,39.86000061035156,405.0
2024-04-24 14:44:00,VOD,8.625,8.625,8.630000114440918,8.614999771118164,8.614999771118164,88930.0
2024-04-24 14:44:00,VRDN,13.274999618530273,13.274999618530273,13.274999618530273,13.180000305175781,13.239999771118164,17525.0
2024-04-24 14:44:00,VRRM,24.184999465942383,24.184999465942383,24.184999465942383,24.18000030517578,24.18000030517578,313.0
2024-04-24 14:44:00,VRTX,401.7300109863281,401.7300109863281,401.7300109863281,401.489990234375,401.489990234375,1045.0
2024-04-24 14:44:00,VSAT,16.209999084472656,16.209999084472656,16.209999084472656,16.209999084472656,16.209999084472656,1497.0
2024-04-24 14:44:00,VTNR,1.440000057220459,1.440000057220459,1.440000057220459,1.4299999475479126,1.4391000270843506,1764.0
2024-04-24 14:44:00,VTRS,11.475000381469727,11.475000381469727,11.484999656677246,11.475000381469727,11.479999542236328,10558.0
2024-04-24 14:44:00,WB,8.364999771118164,8.364999771118164,8.364999771118164,8.364999771118164,8.364999771118164,518.0
2024-04-24 14:44:00,WBA,17.764999389648438,17.764999389648438,17.770000457763672,17.760000228881836,17.760000228881836,12967.0
2024-04-24 14:44:00,WBD,8.3149995803833,8.3149995803833,8.319999694824219,8.305000305175781,8.305000305175781,45133.0
2024-04-24 14:44:00,WDAY,256.0450134277344,256.0450134277344,256.1700134277344,256.0299987792969,256.0299987792969,1488.0
2024-04-24 14:44:00,WDC,69.2300033569336,69.2300033569336,69.23999786376953,69.16999816894531,69.16999816894531,3170.0
2024-04-24 14:44:00,WEN,19.850000381469727,19.850000381469727,19.850000381469727,19.844999313354492,19.844999313354492,4903.0
2024-04-24 14:44:00,WEST,9.979999542236328,9.979999542236328,9.979999542236328,9.979999542236328,9.979999542236328,844.0
2024-04-24 14:44:00,WFRD,123.20500183105469,123.20500183105469,123.20500183105469,123.16000366210938,123.16000366210938,810.0
2024-04-24 14:44:00,WIMI,1.034999966621399,1.034999966621399,1.034999966621399,1.034999966621399,1.034999966621399,6421.0
2024-04-24 14:44:00,WISA,6.175000190734863,6.175000190734863,6.210000038146973,6.131999969482422,6.131999969482422,11009.0
2024-04-24 14:44:00,WIX,122.0,122.0,122.0,122.0,122.0,444.0
2024-04-24 14:44:00,WKHS,0.16220000386238098,0.16220000386238098,0.16300000250339508,0.16220000386238098,0.16300000250339508,83111.0
2024-04-24 14:44:00,WLDS,0.4553999900817871,0.4553999900817871,0.4553999900817871,0.4553999900817871,0.4553999900817871,380.0
2024-04-24 14:44:00,WLGS,0.5562999844551086,0.5562999844551086,0.5691999793052673,0.5562999844551086,0.5691999793052673,1493.0
2024-04-24 14:44:00,WMG,32.09000015258789,32.09000015258789,32.099998474121094,32.084999084472656,32.09000015258789,5379.0
2024-04-24 14:44:00,WSBC,28.209999084472656,28.209999084472656,28.209999084472656,28.209999084472656,28.209999084472656,969.0
2024-04-24 14:44:00,WSBF,12.229999542236328,12.229999542236328,12.229999542236328,12.229999542236328,12.229999542236328,301.0
2024-04-24 14:44:00,WSC,38.0099983215332,38.0099983215332,38.02000045776367,38.005001068115234,38.02000045776367,1291.0
2024-04-24 14:44:00,WTBA,16.5,16.5,16.5,16.459999084472656,16.469999313354492,546.0
2024-04-24 14:44:00,WTFC,99.9749984741211,99.9749984741211,100.06999969482422,99.9749984741211,100.06999969482422,643.0
2024-04-24 14:44:00,WW,1.6449999809265137,1.6449999809265137,1.6549999713897705,1.6399999856948853,1.6399999856948853,37489.0
2024-04-24 14:44:00,WYNN,96.9000015258789,96.9000015258789,96.91999816894531,96.87000274658203,96.87000274658203,1085.0
2024-04-24 14:44:00,XEL,55.52000045776367,55.52000045776367,55.525001525878906,55.51499938964844,55.52000045776367,7479.0
2024-04-24 14:44:00,XENE,39.790000915527344,39.790000915527344,39.84000015258789,39.790000915527344,39.810001373291016,4139.0
2024-04-24 14:44:00,XERS,1.7699999809265137,1.7699999809265137,1.7699999809265137,1.7699999809265137,1.7699999809265137,400.0
2024-04-24 14:44:00,XFOR,1.2450000047683716,1.2450000047683716,1.2450000047683716,1.2450000047683716,1.2450000047683716,1101.0
2024-04-24 14:44:00,XMTR,16.850000381469727,16.850000381469727,16.860000610351562,16.84000015258789,16.84000015258789,3219.0
2024-04-24 14:44:00,XP,20.520000457763672,20.520000457763672,20.524999618530273,20.5,20.5,7420.0
2024-04-24 14:44:00,XRX,14.345000267028809,14.345000267028809,14.345000267028809,14.345000267028809,14.345000267028809,4120.0
2024-04-24 14:44:00,Z,43.375,43.375,43.40999984741211,43.34000015258789,43.34000015258789,84301.0
2024-04-24 14:44:00,ZBRA,276.8550109863281,276.8550109863281,276.8550109863281,276.8500061035156,276.8500061035156,1421.0
2024-04-24 14:44:00,ZCMD,1.6583000421524048,1.6583000421524048,1.6584999561309814,1.649999976158142,1.649999976158142,400.0
2024-04-24 14:44:00,ZENV,2.190000057220459,2.190000057220459,2.190000057220459,2.190000057220459,2.190000057220459,100.0
2024-04-24 14:44:00,ZG,42.880001068115234,42.880001068115234,42.880001068115234,42.81999969482422,42.81999969482422,1439.0
2024-04-24 14:44:00,ZI,15.802499771118164,15.802499771118164,15.802499771118164,15.800000190734863,15.800000190734863,2859.0
2024-04-24 14:44:00,ZION,42.20000076293945,42.20000076293945,42.20000076293945,42.18000030517578,42.18000030517578,888.0
2024-04-24 14:44:00,ZIONL,25.54010009765625,25.54010009765625,25.54010009765625,25.540000915527344,25.540000915527344,1026.0
2024-04-24 14:44:00,ZM,61.314998626708984,61.314998626708984,61.31999969482422,61.29999923706055,61.29999923706055,2262.0
2024-04-24 14:44:00,ZNTL,11.800000190734863,11.800000190734863,11.800000190734863,11.78499984741211,11.78499984741211,800.0
2024-04-24 14:44:00,ZS,178.42999267578125,178.42999267578125,178.42999267578125,178.42999267578125,178.42999267578125,1190.0
2024-04-24 14:44:00,ZURA,3.1600000858306885,3.1600000858306885,3.1600000858306885,3.1600000858306885,3.1600000858306885,527.0
2024-04-24 14:45:00,EGHT,2.359999895095825,2.359999895095825,2.359999895095825,2.359999895095825,2.359999895095825,600.0
2024-04-24 14:45:00,ETNB,8.635000228881836,8.635000228881836,8.649999618530273,8.635000228881836,8.649999618530273,1288.0
2024-04-24 14:45:00,MAPS,1.100000023841858,1.100000023841858,1.100000023841858,1.100000023841858,1.100000023841858,210.0
2024-04-24 14:45:00,SEAT,5.885000228881836,5.885000228881836,5.885000228881836,5.885000228881836,5.885000228881836,533.0
2024-04-24 14:45:00,TKLF,0.2298000007867813,0.2298000007867813,0.23000000417232513,0.2298000007867813,0.23000000417232513,101.0
2024-04-24 14:45:00,TWOU,0.23970000445842743,0.23970000445842743,0.23970000445842743,0.23970000445842743,0.23970000445842743,674.0
2024-04-24 14:45:00,TXG,27.360000610351562,27.360000610351562,27.3700008392334,27.360000610351562,27.3700008392334,615.0
2024-04-24 14:45:00,VERU,1.347499966621399,1.347499966621399,1.350000023841858,1.340000033378601,1.340000033378601,2061.0
2024-04-24 14:45:00,VERV,6.625,6.625,6.630000114440918,6.625,6.625,640.0
2024-04-24 14:45:00,VERX,28.979999542236328,28.979999542236328,29.010000228881836,28.979999542236328,29.0,4907.0
2024-04-24 14:45:00,VFS,2.4749999046325684,2.4749999046325684,2.4767000675201416,2.4749999046325684,2.4767000675201416,80.0
2024-04-24 14:45:00,VIOT,0.5799999833106995,0.5799999833106995,0.5849999785423279,0.5773000121116638,0.5773000121116638,11150.0
2024-04-24 14:45:00,VIR,8.09000015258789,8.09000015258789,8.100000381469727,8.09000015258789,8.100000381469727,2838.0
2024-04-24 14:45:00,VIRT,22.229999542236328,22.229999542236328,22.239999771118164,22.219999313354492,22.239999771118164,2690.0
2024-04-24 14:45:00,VITL,26.614999771118164,26.614999771118164,26.6299991607666,26.600000381469727,26.600000381469727,5268.0
2024-04-24 14:45:00,VKTX,65.25,65.25,65.54000091552734,65.22000122070312,65.52999877929688,5405.0
2024-04-24 14:45:00,VLCN,0.25450000166893005,0.25450000166893005,0.25450000166893005,0.25450000166893005,0.25450000166893005,2000.0
2024-04-24 14:45:00,VMD,7.980000019073486,7.980000019073486,7.992499828338623,7.980000019073486,7.992499828338623,322.0
2024-04-24 14:45:00,VMEO,3.5250000953674316,3.5250000953674316,3.5250000953674316,3.5250000953674316,3.5250000953674316,1274.0
2024-04-24 14:45:00,VNET,1.5549999475479126,1.5549999475479126,1.5549999475479126,1.5549999475479126,1.5549999475479126,126.0
2024-04-24 14:45:00,VNOM,39.86000061035156,39.86000061035156,39.86000061035156,39.86000061035156,39.86000061035156,813.0
2024-04-24 14:45:00,VOD,8.625,8.625,8.630000114440918,8.625,8.625,8046.0
2024-04-24 14:45:00,VOR,1.75,1.75,1.75,1.75,1.75,587.0
2024-04-24 14:45:00,VRDN,13.270000457763672,13.270000457763672,13.270000457763672,13.270000457763672,13.270000457763672,795.0
2024-04-24 14:45:00,VRNA,15.40999984741211,15.40999984741211,15.40999984741211,15.40999984741211,15.40999984741211,481.0
2024-04-24 14:45:00,VRRM,24.18000030517578,24.18000030517578,24.18000030517578,24.18000030517578,24.18000030517578,379.0
2024-04-24 14:45:00,VRTX,401.5299987792969,401.5299987792969,401.6499938964844,401.5249938964844,401.5249938964844,2075.0
2024-04-24 14:45:00,VTNR,1.434999942779541,1.434999942779541,1.440000057220459,1.4299999475479126,1.434999942779541,6950.0
2024-04-24 14:45:00,VTRS,11.479999542236328,11.479999542236328,11.479999542236328,11.479999542236328,11.479999542236328,2061.0
2024-04-24 14:45:00,VUZI,1.315000057220459,1.315000057220459,1.315000057220459,1.315000057220459,1.315000057220459,1674.0
2024-04-24 14:45:00,WAFD,28.200000762939453,28.200000762939453,28.200000762939453,28.200000762939453,28.200000762939453,965.0
2024-04-24 14:45:00,WBA,17.7549991607666,17.7549991607666,17.760000228881836,17.750099182128906,17.760000228881836,3142.0
2024-04-24 14:45:00,WBD,8.319999694824219,8.319999694824219,8.329999923706055,8.3149995803833,8.3149995803833,74276.0
2024-04-24 14:45:00,WDAY,256.1449890136719,256.1449890136719,256.260009765625,256.06500244140625,256.1499938964844,1380.0
2024-04-24 14:45:00,WDC,69.19499969482422,69.19499969482422,69.22000122070312,69.19000244140625,69.22000122070312,3441.0
2024-04-24 14:45:00,WEN,19.84000015258789,19.84000015258789,19.859899520874023,19.84000015258789,19.859899520874023,1766.0
2024-04-24 14:45:00,WERN,35.26499938964844,35.26499938964844,35.26499938964844,35.26499938964844,35.26499938964844,113.0
2024-04-24 14:45:00,WFRD,123.08999633789062,123.08999633789062,123.16999816894531,123.08999633789062,123.16999816894531,1687.0
2024-04-24 14:45:00,WHLR,0.1420000046491623,0.1420000046491623,0.1420000046491623,0.1420000046491623,0.1420000046491623,407.0
2024-04-24 14:45:00,WIMI,1.0399999618530273,1.0399999618530273,1.0399999618530273,1.0299999713897705,1.0299999713897705,5796.0
2024-04-24 14:45:00,WISA,6.199999809265137,6.199999809265137,6.2505998611450195,6.190000057220459,6.190000057220459,5691.0
2024-04-24 14:45:00,WKHS,0.16189999878406525,0.16189999878406525,0.16220000386238098,0.16179999709129333,0.16179999709129333,39255.0
2024-04-24 14:45:00,WMG,32.08000183105469,32.08000183105469,32.08000183105469,32.08000183105469,32.08000183105469,296.0
2024-04-24 14:45:00,WNEB,6.480000019073486,6.480000019073486,6.480000019073486,6.480000019073486,6.480000019073486,864.0
2024-04-24 14:45:00,WSC,38.02000045776367,38.02000045776367,38.02000045776367,38.0,38.0099983215332,2288.0
2024-04-24 14:45:00,WTW,264.2349853515625,264.2349853515625,264.3160095214844,264.2349853515625,264.3160095214844,1140.0
2024-04-24 14:45:00,WVE,5.199999809265137,5.199999809265137,5.199999809265137,5.190000057220459,5.190000057220459,2795.0
2024-04-24 14:45:00,WW,1.649999976158142,1.649999976158142,1.6549999713897705,1.649999976158142,1.6549999713897705,2339.0
2024-04-24 14:45:00,WWD,149.1999969482422,149.1999969482422,149.22999572753906,149.16000366210938,149.16000366210938,3834.0
2024-04-24 14:45:00,WYNN,96.87999725341797,96.87999725341797,96.93250274658203,96.87999725341797,96.93000030517578,1891.0
2024-04-24 14:45:00,XEL,55.5099983215332,55.5099983215332,55.51499938964844,55.505001068115234,55.51499938964844,5099.0
2024-04-24 14:45:00,XENE,39.77000045776367,39.77000045776367,39.77000045776367,39.77000045776367,39.77000045776367,629.0
2024-04-24 14:45:00,XERS,1.7699999809265137,1.7699999809265137,1.7699999809265137,1.7599999904632568,1.7599999904632568,896.0
2024-04-24 14:45:00,XFOR,1.25,1.25,1.25,1.2404999732971191,1.25,5439.0
2024-04-24 14:45:00,XNCR,18.68000030517578,18.68000030517578,18.704999923706055,18.68000030517578,18.704999923706055,883.0
2024-04-24 14:45:00,XP,20.514999389648438,20.514999389648438,20.514999389648438,20.510000228881836,20.514999389648438,5889.0
2024-04-24 14:45:00,XRX,14.345000267028809,14.345000267028809,14.345000267028809,14.345000267028809,14.345000267028809,1959.0
2024-04-24 14:45:00,YORW,35.54999923706055,35.54999923706055,35.54999923706055,35.54999923706055,35.54999923706055,593.0
2024-04-24 14:45:00,Z,43.369998931884766,43.369998931884766,43.38999938964844,43.369998931884766,43.380001068115234,1807.0
2024-04-24 14:45:00,ZCMD,1.649999976158142,1.649999976158142,1.649999976158142,1.649999976158142,1.649999976158142,200.0
2024-04-24 14:45:00,ZD,51.744998931884766,51.744998931884766,51.744998931884766,51.744998931884766,51.744998931884766,599.0
2024-04-24 14:45:00,ZG,42.89500045776367,42.89500045776367,42.89500045776367,42.89500045776367,42.89500045776367,233.0
2024-04-24 14:45:00,ZI,15.805000305175781,15.805000305175781,15.805000305175781,15.805000305175781,15.805000305175781,189.0
2024-04-24 14:45:00,ZIMV,15.789999961853027,15.789999961853027,15.789999961853027,15.789999961853027,15.789999961853027,783.0
2024-04-24 14:45:00,ZION,42.18009948730469,42.18009948730469,42.18009948730469,42.18009948730469,42.18009948730469,138.0
2024-04-24 14:45:00,ZIONP,20.110000610351562,20.110000610351562,20.170000076293945,20.110000610351562,20.170000076293945,914.0
2024-04-24 14:45:00,ZM,61.310001373291016,61.310001373291016,61.310001373291016,61.310001373291016,61.310001373291016,1936.0
2024-04-24 14:45:00,ZNTL,11.78499984741211,11.78499984741211,11.78499984741211,11.78499984741211,11.78499984741211,446.0
2024-04-24 14:45:00,ZURA,3.1600000858306885,3.1600000858306885,3.1600000858306885,3.1600000858306885,3.1600000858306885,7743.0
2024-04-24 14:45:00,ZVSA,0.6087999939918518,0.6087999939918518,0.6087999939918518,0.6043999791145325,0.6043999791145325,7031.0
2024-04-24 14:46:00,COCO,24.40999984741211,24.40999984741211,24.40999984741211,24.399999618530273,24.399999618530273,1662.0
2024-04-24 14:46:00,DSP,8.619999885559082,8.619999885559082,8.630000114440918,8.619999885559082,8.630000114440918,342.0
2024-04-24 14:46:00,EGHT,2.3499999046325684,2.3499999046325684,2.3499999046325684,2.3499999046325684,2.3499999046325684,0.0
2024-04-24 14:46:00,FDMT,24.489999771118164,24.489999771118164,24.530000686645508,24.489999771118164,24.530000686645508,1093.0
2024-04-24 14:46:00,MAPS,1.100000023841858,1.100000023841858,1.100000023841858,1.100000023841858,1.100000023841858,255.0
2024-04-24 14:46:00,ME,0.47209998965263367,0.47209998965263367,0.47209998965263367,0.47209998965263367,0.47209998965263367,1232.0
2024-04-24 14:46:00,SEAT,5.885000228881836,5.885000228881836,5.885000228881836,5.885000228881836,5.885000228881836,444.0
2024-04-24 14:46:00,TSVT,4.320000171661377,4.320000171661377,4.320000171661377,4.289999961853027,4.289999961853027,3745.0
2024-04-24 14:46:00,TWOU,0.23970000445842743,0.23970000445842743,0.23970000445842743,0.23970000445842743,0.23970000445842743,61805.0
2024-04-24 14:46:00,TXG,27.364999771118164,27.364999771118164,27.364999771118164,27.364999771118164,27.364999771118164,543.0
2024-04-24 14:46:00,VERU,1.3450000286102295,1.3450000286102295,1.350000023841858,1.3450000286102295,1.350000023841858,1033.0
2024-04-24 14:46:00,VERV,6.625,6.625,6.625,6.625,6.625,102.0
2024-04-24 14:46:00,VERX,28.985000610351562,28.985000610351562,28.985000610351562,28.977500915527344,28.985000610351562,846.0
2024-04-24 14:46:00,VFS,2.4779999256134033,2.4779999256134033,2.4779999256134033,2.4749999046325684,2.4749999046325684,315.0
2024-04-24 14:46:00,VICR,31.100000381469727,31.100000381469727,31.100000381469727,31.100000381469727,31.100000381469727,747.0
2024-04-24 14:46:00,VIRT,22.219999313354492,22.219999313354492,22.270000457763672,22.219999313354492,22.239999771118164,7681.0
2024-04-24 14:46:00,VITL,26.639999389648438,26.639999389648438,26.639999389648438,26.639999389648438,26.639999389648438,1661.0
2024-04-24 14:46:00,VKTX,65.28359985351562,65.28359985351562,65.29000091552734,65.19999694824219,65.29000091552734,1078.0
2024-04-24 14:46:00,VNET,1.5549999475479126,1.5549999475479126,1.559999942779541,1.5549999475479126,1.559999942779541,7504.0
2024-04-24 14:46:00,VNOM,39.84000015258789,39.84000015258789,39.84000015258789,39.84000015258789,39.84000015258789,109.0
2024-04-24 14:46:00,VOD,8.625,8.625,8.630000114440918,8.622200012207031,8.630000114440918,1077.0
2024-04-24 14:46:00,VRCA,6.760000228881836,6.760000228881836,6.760000228881836,6.760000228881836,6.760000228881836,248.0
2024-04-24 14:46:00,VRNA,15.399999618530273,15.399999618530273,15.399999618530273,15.399999618530273,15.399999618530273,511.0
2024-04-24 14:46:00,VRRM,24.184999465942383,24.184999465942383,24.184999465942383,24.184999465942383,24.184999465942383,159.0
2024-04-24 14:46:00,VRTX,401.4200134277344,401.4200134277344,401.42498779296875,401.4150085449219,401.4150085449219,1274.0
2024-04-24 14:46:00,VSAT,16.209999084472656,16.209999084472656,16.209999084472656,16.209999084472656,16.209999084472656,278.0
2024-04-24 14:46:00,VTNR,1.4550000429153442,1.4550000429153442,1.4682999849319458,1.440000057220459,1.440000057220459,50598.0
2024-04-24 14:46:00,VTRS,11.479999542236328,11.479999542236328,11.479999542236328,11.475000381469727,11.475000381469727,2356.0
2024-04-24 14:46:00,VUZI,1.309999942779541,1.309999942779541,1.309999942779541,1.309999942779541,1.309999942779541,360.0
2024-04-24 14:46:00,VVOS,2.5850000381469727,2.5850000381469727,2.5850000381469727,2.5850000381469727,2.5850000381469727,245.0
2024-04-24 14:46:00,VYGR,7.489999771118164,7.489999771118164,7.489999771118164,7.489999771118164,7.489999771118164,600.0
2024-04-24 14:46:00,WB,8.364999771118164,8.364999771118164,8.364999771118164,8.364999771118164,8.364999771118164,864.0
2024-04-24 14:46:00,WBA,17.76020050048828,17.76020050048828,17.764999389648438,17.7549991607666,17.7549991607666,9459.0
2024-04-24 14:46:00,WBD,8.324999809265137,8.324999809265137,8.329999923706055,8.319999694824219,8.320099830627441,17078.0
2024-04-24 14:46:00,WDAY,256.04998779296875,256.04998779296875,256.0849914550781,256.04998779296875,256.0849914550781,1162.0
2024-04-24 14:46:00,WDC,69.18000030517578,69.18000030517578,69.21499633789062,69.18000030517578,69.1895980834961,5052.0
2024-04-24 14:46:00,WEN,19.844999313354492,19.844999313354492,19.844999313354492,19.844999313354492,19.844999313354492,524.0
2024-04-24 14:46:00,WERN,35.26499938964844,35.26499938964844,35.26499938964844,35.26499938964844,35.26499938964844,596.0
2024-04-24 14:46:00,WFRD,123.08999633789062,123.08999633789062,123.09500122070312,123.08999633789062,123.09500122070312,717.0
2024-04-24 14:46:00,WIMI,1.0299999713897705,1.0299999713897705,1.0299999713897705,1.0299999713897705,1.0299999713897705,0.0
2024-04-24 14:46:00,WISA,6.260000228881836,6.260000228881836,6.289999961853027,6.21999979019165,6.21999979019165,26845.0
2024-04-24 14:46:00,WIX,121.95999908447266,121.95999908447266,121.95999908447266,121.91999816894531,121.91999816894531,621.0
2024-04-24 14:46:00,WKHS,0.16210000216960907,0.16210000216960907,0.16210000216960907,0.16210000216960907,0.16210000216960907,7300.0
2024-04-24 14:46:00,WMG,32.04999923706055,32.04999923706055,32.09000015258789,32.04999923706055,32.09000015258789,4045.0
2024-04-24 14:46:00,WRLD,138.40499877929688,138.40499877929688,138.40499877929688,138.40499877929688,138.40499877929688,154.0
2024-04-24 14:46:00,WSBF,12.220000267028809,12.220000267028809,12.220000267028809,12.220000267028809,12.220000267028809,532.0
2024-04-24 14:46:00,WSC,38.029998779296875,38.029998779296875,38.029998779296875,38.0,38.0,7902.0
2024-04-24 14:46:00,WTBA,16.59000015258789,16.59000015258789,16.59000015258789,16.59000015258789,16.59000015258789,711.0
2024-04-24 14:46:00,WTW,264.2799987792969,264.2799987792969,264.2799987792969,264.2799987792969,264.2799987792969,1019.0
2024-04-24 14:46:00,WVE,5.199999809265137,5.199999809265137,5.210000038146973,5.199999809265137,5.199999809265137,1065.0
2024-04-24 14:46:00,WW,1.649999976158142,1.649999976158142,1.6549999713897705,1.649999976158142,1.6549999713897705,4667.0
2024-04-24 14:46:00,WYNN,96.8949966430664,96.8949966430664,96.8949966430664,96.88500213623047,96.88500213623047,770.0
2024-04-24 14:46:00,XEL,55.525001525878906,55.525001525878906,55.525001525878906,55.5,55.5,5706.0
2024-04-24 14:46:00,XERS,1.7649999856948853,1.7649999856948853,1.7649999856948853,1.7649999856948853,1.7649999856948853,300.0
2024-04-24 14:46:00,XFOR,1.25,1.25,1.25,1.2490999698638916,1.25,1560.0
2024-04-24 14:46:00,XNCR,18.670000076293945,18.670000076293945,18.670000076293945,18.670000076293945,18.670000076293945,795.0
2024-04-24 14:46:00,XP,20.514999389648438,20.514999389648438,20.520000457763672,20.510000228881836,20.514999389648438,2268.0
2024-04-24 14:46:00,XRX,14.354999542236328,14.354999542236328,14.369999885559082,14.345000267028809,14.345000267028809,17704.0
2024-04-24 14:46:00,XXII,1.88100004196167,1.88100004196167,1.88100004196167,1.88100004196167,1.88100004196167,200.0
2024-04-24 14:46:00,YTRA,1.284999966621399,1.284999966621399,1.2899999618530273,1.284999966621399,1.2899999618530273,10545.0
2024-04-24 14:46:00,Z,43.369998931884766,43.369998931884766,43.380001068115234,43.349998474121094,43.361000061035156,6791.0
2024-04-24 14:46:00,ZD,51.7400016784668,51.7400016784668,51.744998931884766,51.7400016784668,51.744998931884766,1088.0
2024-04-24 14:46:00,ZG,42.880001068115234,42.880001068115234,42.880001068115234,42.849998474121094,42.849998474121094,1164.0
2024-04-24 14:46:00,ZI,15.805000305175781,15.805000305175781,15.805000305175781,15.805000305175781,15.805000305175781,163.0
2024-04-24 14:46:00,ZION,42.18000030517578,42.18000030517578,42.18000030517578,42.16999816894531,42.18000030517578,3272.0
2024-04-24 14:46:00,ZM,61.31999969482422,61.31999969482422,61.31999969482422,61.29999923706055,61.31489944458008,4258.0
2024-04-24 14:46:00,ZS,178.4199981689453,178.4199981689453,178.4199981689453,178.3249969482422,178.3350067138672,2148.0
2024-04-24 14:46:00,ZUMZ,17.43000030517578,17.43000030517578,17.489999771118164,17.28499984741211,17.28499984741211,15736.0
2024-04-24 14:46:00,ZURA,3.140000104904175,3.140000104904175,3.140000104904175,3.140000104904175,3.140000104904175,2254.0
2024-04-24 14:46:00,ZVSA,0.6093999743461609,0.6093999743461609,0.6093999743461609,0.6080999970436096,0.6080999970436096,845.0
2024-04-24 14:46:00,ZYME,8.619999885559082,8.619999885559082,8.619999885559082,8.579999923706055,8.579999923706055,347.0
2024-04-24 14:47:00,COCO,24.40999984741211,24.40999984741211,24.40999984741211,24.40999984741211,24.40999984741211,291.0
2024-04-24 14:47:00,DSP,8.604999542236328,8.604999542236328,8.604999542236328,8.604999542236328,8.604999542236328,102.0
2024-04-24 14:47:00,EGHT,2.3575000762939453,2.3575000762939453,2.3575000762939453,2.3550000190734863,2.3550000190734863,398.0
2024-04-24 14:47:00,MAPS,1.100000023841858,1.100000023841858,1.100000023841858,1.100000023841858,1.100000023841858,100.0
2024-04-24 14:47:00,MASS,5.679999828338623,5.679999828338623,5.679999828338623,5.670000076293945,5.670000076293945,1739.0
2024-04-24 14:47:00,ME,0.4722000062465668,0.4722000062465668,0.4722000062465668,0.47209998965263367,0.47209998965263367,576.0
2024-04-24 14:47:00,SEAT,5.885000228881836,5.885000228881836,5.889999866485596,5.885000228881836,5.889999866485596,728.0
2024-04-24 14:47:00,TSVT,4.315000057220459,4.315000057220459,4.315000057220459,4.315000057220459,4.315000057220459,306.0
2024-04-24 14:47:00,TWOU,0.23999999463558197,0.23999999463558197,0.23999999463558197,0.23960000276565552,0.23960000276565552,16187.0
2024-04-24 14:47:00,TXG,27.350000381469727,27.350000381469727,27.350000381469727,27.350000381469727,27.350000381469727,2640.0
2024-04-24 14:47:00,VCTR,49.84000015258789,49.84000015258789,49.84000015258789,49.84000015258789,49.84000015258789,1854.0
2024-04-24 14:47:00,VERU,1.350000023841858,1.350000023841858,1.350000023841858,1.340000033378601,1.350000023841858,1715.0
2024-04-24 14:47:00,VERV,6.625,6.625,6.625,6.619999885559082,6.619999885559082,1875.0
2024-04-24 14:47:00,VERX,29.0,29.0,29.0,28.985000610351562,28.985000610351562,2241.0
2024-04-24 14:47:00,VFS,2.472899913787842,2.472899913787842,2.472899913787842,2.472899913787842,2.472899913787842,647.0
2024-04-24 14:47:00,VIAV,7.974999904632568,7.974999904632568,7.974999904632568,7.974999904632568,7.974999904632568,851.0
2024-04-24 14:47:00,VICR,31.075000762939453,31.075000762939453,31.075000762939453,31.059999465942383,31.06999969482422,1088.0
2024-04-24 14:47:00,VIGL,2.819999933242798,2.819999933242798,2.819999933242798,2.819999933242798,2.819999933242798,235.0
2024-04-24 14:47:00,VIOT,0.5770999789237976,0.5770999789237976,0.5770999789237976,0.5770999789237976,0.5770999789237976,369.0
2024-04-24 14:47:00,VIR,8.09000015258789,8.09000015258789,8.09000015258789,8.09000015258789,8.09000015258789,938.0
2024-04-24 14:47:00,VIRT,22.229999542236328,22.229999542236328,22.229999542236328,22.21470069885254,22.219999313354492,2786.0
2024-04-24 14:47:00,VKTX,65.25,65.25,65.25,65.19000244140625,65.19999694824219,3076.0
2024-04-24 14:47:00,VLCN,0.2574999928474426,0.2574999928474426,0.2574999928474426,0.2574000060558319,0.2574000060558319,0.0
2024-04-24 14:47:00,VMD,7.982500076293945,7.982500076293945,7.992499828338623,7.980000019073486,7.992499828338623,870.0
2024-04-24 14:47:00,VMEO,3.5250000953674316,3.5250000953674316,3.5250000953674316,3.5250000953674316,3.5250000953674316,1714.0
2024-04-24 14:47:00,VNET,1.5700000524520874,1.5700000524520874,1.5700000524520874,1.5549999475479126,1.559999942779541,23983.0
2024-04-24 14:47:00,VNOM,39.81999969482422,39.81999969482422,39.81999969482422,39.81999969482422,39.81999969482422,240.0
2024-04-24 14:47:00,VOD,8.625,8.625,8.625,8.621399879455566,8.621399879455566,1227.0
2024-04-24 14:47:00,VRDN,13.319999694824219,13.319999694824219,13.319999694824219,13.289999961853027,13.289999961853027,1286.0
2024-04-24 14:47:00,VRNA,15.399999618530273,15.399999618530273,15.399999618530273,15.399999618530273,15.399999618530273,492.0
2024-04-24 14:47:00,VRPX,3.365000009536743,3.365000009536743,3.365000009536743,3.365000009536743,3.365000009536743,0.0
2024-04-24 14:47:00,VRRM,24.200000762939453,24.200000762939453,24.200000762939453,24.184999465942383,24.184999465942383,3100.0
2024-04-24 14:47:00,VRTX,401.3450012207031,401.3450012207031,401.385009765625,401.20001220703125,401.385009765625,1537.0
2024-04-24 14:47:00,VSAT,16.21500015258789,16.21500015258789,16.21500015258789,16.21500015258789,16.21500015258789,379.0
2024-04-24 14:47:00,VTNR,1.4550000429153442,1.4550000429153442,1.4550000429153442,1.4550000429153442,1.4550000429153442,200.0
2024-04-24 14:47:00,VTRS,11.479999542236328,11.479999542236328,11.479999542236328,11.475000381469727,11.479999542236328,1706.0
2024-04-24 14:47:00,VYGR,7.494999885559082,7.494999885559082,7.5,7.494999885559082,7.5,1873.0
2024-04-24 14:47:00,WAFD,28.209999084472656,28.209999084472656,28.209999084472656,28.18000030517578,28.18000030517578,1684.0
2024-04-24 14:47:00,WASH,26.309999465942383,26.309999465942383,26.309999465942383,26.309999465942383,26.309999465942383,246.0
2024-04-24 14:47:00,WBA,17.764999389648438,17.764999389648438,17.769699096679688,17.760000228881836,17.760000228881836,4699.0
2024-04-24 14:47:00,WBD,8.324999809265137,8.324999809265137,8.324999809265137,8.319999694824219,8.319999694824219,1774.0
2024-04-24 14:47:00,WDAY,255.89999389648438,255.89999389648438,256.0400085449219,255.89999389648438,256.0400085449219,2871.0
2024-04-24 14:47:00,WDC,69.21499633789062,69.21499633789062,69.2699966430664,69.13999938964844,69.13999938964844,5207.0
2024-04-24 14:47:00,WEN,19.844999313354492,19.844999313354492,19.844999313354492,19.844999313354492,19.844999313354492,1037.0
2024-04-24 14:47:00,WERN,35.310001373291016,35.310001373291016,35.310001373291016,35.275001525878906,35.275001525878906,1571.0
2024-04-24 14:47:00,WFRD,123.3499984741211,123.3499984741211,123.3499984741211,123.16000366210938,123.16000366210938,3216.0
2024-04-24 14:47:00,WIMI,1.0399999618530273,1.0399999618530273,1.0399999618530273,1.034999966621399,1.034999966621399,4489.0
2024-04-24 14:47:00,WING,364.8699951171875,364.8699951171875,364.8999938964844,364.8699951171875,364.8999938964844,2509.0
2024-04-24 14:47:00,WISA,6.300000190734863,6.300000190734863,6.300000190734863,6.2600998878479,6.299900054931641,7448.0
2024-04-24 14:47:00,WIX,121.8499984741211,121.8499984741211,121.8499984741211,121.8499984741211,121.8499984741211,1409.0
2024-04-24 14:47:00,WKHS,0.16189999878406525,0.16189999878406525,0.16189999878406525,0.16189999878406525,0.16189999878406525,12886.0
2024-04-24 14:47:00,WMG,32.02750015258789,32.02750015258789,32.02750015258789,32.02750015258789,32.02750015258789,466.0
2024-04-24 14:47:00,WPRT,5.610000133514404,5.610000133514404,5.610000133514404,5.610000133514404,5.610000133514404,300.0
2024-04-24 14:47:00,WSC,38.040000915527344,38.040000915527344,38.040000915527344,38.005001068115234,38.02000045776367,3019.0
2024-04-24 14:47:00,WTW,264.19500732421875,264.19500732421875,264.19500732421875,264.1499938964844,264.1499938964844,1176.0
2024-04-24 14:47:00,WVE,5.190000057220459,5.190000057220459,5.199999809265137,5.190000057220459,5.199999809265137,517.0
2024-04-24 14:47:00,WW,1.649999976158142,1.649999976158142,1.649999976158142,1.649999976158142,1.649999976158142,3667.0
2024-04-24 14:47:00,WYNN,96.91999816894531,96.91999816894531,96.94000244140625,96.87000274658203,96.87000274658203,1537.0
2024-04-24 14:47:00,XEL,55.5099983215332,55.5099983215332,55.52000045776367,55.5,55.52000045776367,7095.0
2024-04-24 14:47:00,XENE,39.77000045776367,39.77000045776367,39.79999923706055,39.77000045776367,39.790000915527344,1910.0
2024-04-24 14:47:00,XERS,1.7649999856948853,1.7649999856948853,1.7649999856948853,1.7649999856948853,1.7649999856948853,715.0
2024-04-24 14:47:00,XFOR,1.25,1.25,1.25,1.2404999732971191,1.2409000396728516,5500.0
2024-04-24 14:47:00,XNCR,18.670000076293945,18.670000076293945,18.670000076293945,18.655000686645508,18.65999984741211,1313.0
2024-04-24 14:47:00,XP,20.5,20.5,20.510000228881836,20.5,20.510000228881836,9816.0
2024-04-24 14:47:00,XRX,14.359999656677246,14.359999656677246,14.359999656677246,14.345000267028809,14.350000381469727,6355.0
2024-04-24 14:47:00,XXII,1.8799999952316284,1.8799999952316284,1.8819999694824219,1.8799999952316284,1.8819999694824219,2232.0
2024-04-24 14:47:00,YMAB,15.170000076293945,15.170000076293945,15.170000076293945,15.149999618530273,15.149999618530273,806.0
2024-04-24 14:47:00,Z,43.35499954223633,43.35499954223633,43.380001068115234,43.349998474121094,43.349998474121094,5856.0
2024-04-24 14:47:00,ZBRA,276.7699890136719,276.7699890136719,276.8252868652344,276.7699890136719,276.8252868652344,400.0
2024-04-24 14:47:00,ZCMD,1.659999966621399,1.659999966621399,1.659999966621399,1.659999966621399,1.659999966621399,610.0
2024-04-24 14:47:00,ZD,51.779998779296875,51.779998779296875,51.779998779296875,51.744998931884766,51.744998931884766,1235.0
2024-04-24 14:47:00,ZG,42.880001068115234,42.880001068115234,42.880001068115234,42.86000061035156,42.86000061035156,822.0
2024-04-24 14:47:00,ZI,15.805000305175781,15.805000305175781,15.8100004196167,15.805000305175781,15.805000305175781,3615.0
2024-04-24 14:47:00,ZION,42.18000030517578,42.18000030517578,42.18000030517578,42.16999816894531,42.16999816894531,2092.0
2024-04-24 14:47:00,ZLAB,15.604999542236328,15.604999542236328,15.604999542236328,15.604999542236328,15.604999542236328,585.0
2024-04-24 14:47:00,ZM,61.29999923706055,61.29999923706055,61.310001373291016,61.290000915527344,61.29999923706055,2918.0
2024-04-24 14:47:00,ZNTL,11.789999961853027,11.789999961853027,11.789999961853027,11.788999557495117,11.789999961853027,1038.0
2024-04-24 14:47:00,ZS,178.49000549316406,178.49000549316406,178.49000549316406,178.32000732421875,178.35000610351562,3642.0
2024-04-24 14:47:00,ZUMZ,17.34000015258789,17.34000015258789,17.479999542236328,17.334999084472656,17.479999542236328,3830.0
2024-04-24 14:47:00,ZURA,3.130000114440918,3.130000114440918,3.130000114440918,3.130000114440918,3.130000114440918,139.0
2024-04-24 14:47:00,ZYXI,11.244999885559082,11.244999885559082,11.244999885559082,11.239999771118164,11.239999771118164,398.0
2024-04-24 14:48:00,COCO,24.420000076293945,24.420000076293945,24.420000076293945,24.420000076293945,24.420000076293945,416.0
2024-04-24 14:48:00,ETNB,8.630000114440918,8.630000114440918,8.630000114440918,8.630000114440918,8.630000114440918,370.0
2024-04-24 14:48:00,FREE,4.820000171661377,4.820000171661377,4.820000171661377,4.820000171661377,4.820000171661377,110.0
2024-04-24 14:48:00,HOWL,6.474999904632568,6.474999904632568,6.474999904632568,6.46999979019165,6.46999979019165,1480.0
2024-04-24 14:48:00,MAPS,1.0950000286102295,1.0950000286102295,1.100000023841858,1.0950000286102295,1.100000023841858,300.0
2024-04-24 14:48:00,MASS,5.675000190734863,5.675000190734863,5.675000190734863,5.675000190734863,5.675000190734863,199.0
2024-04-24 14:48:00,ME,0.4722000062465668,0.4722000062465668,0.4722000062465668,0.47209998965263367,0.47209998965263367,596.0
2024-04-24 14:48:00,SEAT,5.885000228881836,5.885000228881836,5.885000228881836,5.885000228881836,5.885000228881836,1203.0
2024-04-24 14:48:00,TWOU,0.23999999463558197,0.23999999463558197,0.23999999463558197,0.23999999463558197,0.23999999463558197,208.0
2024-04-24 14:48:00,TXG,27.329999923706055,27.329999923706055,27.340999603271484,27.329999923706055,27.340999603271484,2617.0
2024-04-24 14:48:00,VERU,1.3450000286102295,1.3450000286102295,1.350000023841858,1.343999981880188,1.350000023841858,3928.0
2024-04-24 14:48:00,VERV,6.625,6.625,6.625,6.619999885559082,6.625,2316.0
2024-04-24 14:48:00,VERX,28.979999542236328,28.979999542236328,28.979999542236328,28.924999237060547,28.979999542236328,7438.0
2024-04-24 14:48:00,VFS,2.4749999046325684,2.4749999046325684,2.4795000553131104,2.4749999046325684,2.4749999046325684,1932.0
2024-04-24 14:48:00,VIAV,7.974100112915039,7.974100112915039,7.974100112915039,7.974100112915039,7.974100112915039,191.0
2024-04-24 14:48:00,VICR,31.219999313354492,31.219999313354492,31.260000228881836,31.1299991607666,31.1299991607666,5152.0
2024-04-24 14:48:00,VIRT,22.235000610351562,22.235000610351562,22.239999771118164,22.229999542236328,22.229999542236328,1227.0
2024-04-24 14:48:00,VITL,26.690000534057617,26.690000534057617,26.709999084472656,26.690000534057617,26.709999084472656,890.0
2024-04-24 14:48:00,VLCN,0.250900000333786,0.250900000333786,0.25450000166893005,0.250900000333786,0.25450000166893005,14300.0
2024-04-24 14:48:00,VMAR,0.5461999773979187,0.5461999773979187,0.5461999773979187,0.5461999773979187,0.5461999773979187,200.0
2024-04-24 14:48:00,VMD,8.0,8.0,8.0,7.985000133514404,7.985000133514404,161.0
2024-04-24 14:48:00,VMEO,3.5250000953674316,3.5250000953674316,3.5250000953674316,3.5250000953674316,3.5250000953674316,739.0
2024-04-24 14:48:00,VNET,1.5700000524520874,1.5700000524520874,1.5700000524520874,1.5700000524520874,1.5700000524520874,964.0
2024-04-24 14:48:00,VNOM,39.84000015258789,39.84000015258789,39.84000015258789,39.84000015258789,39.84000015258789,197.0
2024-04-24 14:48:00,VOD,8.625,8.625,8.625,8.625,8.625,1656.0
2024-04-24 14:48:00,VRDN,13.319999694824219,13.319999694824219,13.319999694824219,13.300000190734863,13.319999694824219,743.0
2024-04-24 14:48:00,VRRM,24.18000030517578,24.18000030517578,24.190000534057617,24.18000030517578,24.190000534057617,1406.0
2024-04-24 14:48:00,VRTX,401.3299865722656,401.3299865722656,401.3299865722656,401.3299865722656,401.3299865722656,292.0
2024-04-24 14:48:00,VSAT,16.219999313354492,16.219999313354492,16.219999313354492,16.219999313354492,16.219999313354492,171.0
2024-04-24 14:48:00,VTNR,1.4550000429153442,1.4550000429153442,1.4599000215530396,1.4550000429153442,1.4599000215530396,3205.0
2024-04-24 14:48:00,VTRS,11.464599609375,11.464599609375,11.479999542236328,11.460000038146973,11.479999542236328,43712.0
2024-04-24 14:48:00,VYGR,7.489999771118164,7.489999771118164,7.489999771118164,7.489999771118164,7.489999771118164,698.0
2024-04-24 14:48:00,WABC,47.54750061035156,47.54750061035156,47.54750061035156,47.54750061035156,47.54750061035156,502.0
2024-04-24 14:48:00,WB,8.364999771118164,8.364999771118164,8.364999771118164,8.364999771118164,8.364999771118164,1185.0
2024-04-24 14:48:00,WBA,17.764999389648438,17.764999389648438,17.770000457763672,17.760000228881836,17.770000457763672,3121.0
2024-04-24 14:48:00,WBD,8.319999694824219,8.319999694824219,8.324999809265137,8.319999694824219,8.324999809265137,6618.0
2024-04-24 14:48:00,WBUY,0.30219998955726624,0.30219998955726624,0.31200000643730164,0.30219998955726624,0.3109999895095825,65340.0
2024-04-24 14:48:00,WDAY,255.91000366210938,255.91000366210938,255.91000366210938,255.91000366210938,255.91000366210938,205.0
2024-04-24 14:48:00,WDC,69.16999816894531,69.16999816894531,69.22000122070312,69.16999816894531,69.22000122070312,2148.0
2024-04-24 14:48:00,WEN,19.844999313354492,19.844999313354492,19.844999313354492,19.840099334716797,19.840099334716797,1312.0
2024-04-24 14:48:00,WFRD,123.30000305175781,123.30000305175781,123.37999725341797,123.29000091552734,123.36000061035156,2651.0
2024-04-24 14:48:00,WIMI,1.0299999713897705,1.0299999713897705,1.0399999618530273,1.0299999713897705,1.0300999879837036,3150.0
2024-04-24 14:48:00,WISA,6.21999979019165,6.21999979019165,6.293900012969971,6.199999809265137,6.281799793243408,14334.0
2024-04-24 14:48:00,WIX,121.70500183105469,121.70500183105469,121.87000274658203,121.62000274658203,121.86000061035156,5490.0
2024-04-24 14:48:00,WKHS,0.16189999878406525,0.16189999878406525,0.16189999878406525,0.16189999878406525,0.16189999878406525,7430.0
2024-04-24 14:48:00,WMG,32.04999923706055,32.04999923706055,32.04999923706055,32.02000045776367,32.02299880981445,6330.0
2024-04-24 14:48:00,WRAP,1.9800000190734863,1.9800000190734863,1.9800000190734863,1.9600000381469727,1.9600000381469727,13964.0
2024-04-24 14:48:00,WSC,37.97999954223633,37.97999954223633,38.03499984741211,37.96500015258789,38.03499984741211,8784.0
2024-04-24 14:48:00,WTW,264.3900146484375,264.3900146484375,264.3900146484375,264.3500061035156,264.3500061035156,1185.0
2024-04-24 14:48:00,WWD,149.20249938964844,149.20249938964844,149.2100067138672,149.1750030517578,149.2100067138672,1092.0
2024-04-24 14:48:00,WYNN,96.92500305175781,96.92500305175781,96.96900177001953,96.92500305175781,96.95999908447266,1465.0
2024-04-24 14:48:00,XEL,55.51499938964844,55.51499938964844,55.52000045776367,55.5,55.5099983215332,7236.0
2024-04-24 14:48:00,XENE,39.79999923706055,39.79999923706055,39.79999923706055,39.79999923706055,39.79999923706055,543.0
2024-04-24 14:48:00,XFOR,1.25,1.25,1.25,1.2450000047683716,1.2450000047683716,1131.0
2024-04-24 14:48:00,XMTR,16.860000610351562,16.860000610351562,16.860000610351562,16.860000610351562,16.860000610351562,181.0
2024-04-24 14:48:00,XP,20.5,20.5,20.5049991607666,20.5,20.5049991607666,1780.0
2024-04-24 14:48:00,XRX,14.354999542236328,14.354999542236328,14.354999542236328,14.354999542236328,14.354999542236328,1000.0
2024-04-24 14:48:00,YTRA,1.2879999876022339,1.2879999876022339,1.2879999876022339,1.2879999876022339,1.2879999876022339,510.0
2024-04-24 14:48:00,Z,43.369998931884766,43.369998931884766,43.369998931884766,43.349998474121094,43.36000061035156,2572.0
2024-04-24 14:48:00,ZI,15.805000305175781,15.805000305175781,15.8100004196167,15.805000305175781,15.805000305175781,610.0
2024-04-24 14:48:00,ZION,42.18000030517578,42.18000030517578,42.18000030517578,42.18000030517578,42.18000030517578,1231.0
2024-04-24 14:48:00,ZLAB,15.604999542236328,15.604999542236328,15.604999542236328,15.604999542236328,15.604999542236328,197.0
2024-04-24 14:48:00,ZM,61.29499816894531,61.29499816894531,61.30440139770508,61.29499816894531,61.29999923706055,2068.0
2024-04-24 14:48:00,ZNTL,11.800000190734863,11.800000190734863,11.800000190734863,11.779999732971191,11.800000190734863,2483.0
2024-04-24 14:48:00,ZUMZ,17.350000381469727,17.350000381469727,17.350000381469727,17.350000381469727,17.350000381469727,420.0
2024-04-24 14:48:00,ZURA,3.25,3.25,3.25,3.1500000953674316,3.1500000953674316,22892.0
2024-04-24 14:48:00,ZYME,8.619999885559082,8.619999885559082,8.619999885559082,8.579999923706055,8.579999923706055,319.0
2024-04-24 14:49:00,COCO,24.3700008392334,24.3700008392334,24.415000915527344,24.3700008392334,24.40999984741211,2085.0
2024-04-24 14:49:00,EGHT,2.3550000190734863,2.3550000190734863,2.3550000190734863,2.3550000190734863,2.3550000190734863,1668.0
2024-04-24 14:49:00,ETNB,8.619999885559082,8.619999885559082,8.639900207519531,8.619999885559082,8.639900207519531,1526.0
2024-04-24 14:49:00,HOWL,6.489999771118164,6.489999771118164,6.507500171661377,6.489999771118164,6.507500171661377,2071.0
2024-04-24 14:49:00,MAPS,1.100000023841858,1.100000023841858,1.100000023841858,1.100000023841858,1.100000023841858,434.0
2024-04-24 14:49:00,MASS,5.659999847412109,5.659999847412109,5.670000076293945,5.659999847412109,5.670000076293945,442.0
2024-04-24 14:49:00,ME,0.4722999930381775,0.4722999930381775,0.4722999930381775,0.4722999930381775,0.4722999930381775,900.0
2024-04-24 14:49:00,SEAT,5.889999866485596,5.889999866485596,5.889999866485596,5.885000228881836,5.889999866485596,712.0
2024-04-24 14:49:00,SRCE,50.619998931884766,50.619998931884766,50.619998931884766,50.619998931884766,50.619998931884766,198.0
2024-04-24 14:49:00,TSVT,4.289999961853027,4.289999961853027,4.309999942779541,4.289999961853027,4.309999942779541,849.0
2024-04-24 14:49:00,TWOU,0.23999999463558197,0.23999999463558197,0.23999999463558197,0.23999999463558197,0.23999999463558197,3453.0
2024-04-24 14:49:00,TXG,27.3572998046875,27.3572998046875,27.3572998046875,27.3572998046875,27.3572998046875,975.0
2024-04-24 14:49:00,VC,110.47000122070312,110.47000122070312,110.47000122070312,110.47000122070312,110.47000122070312,1389.0
2024-04-24 14:49:00,VERU,1.340000033378601,1.340000033378601,1.350000023841858,1.340000033378601,1.350000023841858,2906.0
2024-04-24 14:49:00,VERV,6.605000019073486,6.605000019073486,6.625,6.599999904632568,6.625,4431.0
2024-04-24 14:49:00,VFF,1.311900019645691,1.311900019645691,1.311900019645691,1.309999942779541,1.309999942779541,646.0
2024-04-24 14:49:00,VFS,2.484999895095825,2.484999895095825,2.484999895095825,2.4749999046325684,2.4749999046325684,6913.0
2024-04-24 14:49:00,VIAV,7.974999904632568,7.974999904632568,7.974999904632568,7.974999904632568,7.974999904632568,641.0
2024-04-24 14:49:00,VICR,31.269899368286133,31.269899368286133,31.269899368286133,31.269899368286133,31.269899368286133,499.0
2024-04-24 14:49:00,VIR,8.079999923706055,8.079999923706055,8.079999923706055,8.079999923706055,8.079999923706055,262.0
2024-04-24 14:49:00,VIRT,22.200000762939453,22.200000762939453,22.229999542236328,22.200000762939453,22.229999542236328,3398.0
2024-04-24 14:49:00,VITL,26.68000030517578,26.68000030517578,26.68000030517578,26.68000030517578,26.68000030517578,909.0
2024-04-24 14:49:00,VKTX,65.19499969482422,65.19499969482422,65.2499008178711,65.19499969482422,65.2249984741211,1326.0
2024-04-24 14:49:00,VMD,7.980000019073486,7.980000019073486,7.980000019073486,7.980000019073486,7.980000019073486,400.0
2024-04-24 14:49:00,VMEO,3.5250000953674316,3.5250000953674316,3.5250000953674316,3.5250000953674316,3.5250000953674316,2449.0
2024-04-24 14:49:00,VNET,1.5693999528884888,1.5693999528884888,1.5700000524520874,1.5693999528884888,1.5700000524520874,403.0
2024-04-24 14:49:00,VNOM,39.84000015258789,39.84000015258789,39.84000015258789,39.8302001953125,39.8302001953125,599.0
2024-04-24 14:49:00,VOD,8.625,8.625,8.630000114440918,8.625,8.630000114440918,2938.0
2024-04-24 14:49:00,VOR,1.7400000095367432,1.7400000095367432,1.7400000095367432,1.7400000095367432,1.7400000095367432,488.0
2024-04-24 14:49:00,VRDN,13.289999961853027,13.289999961853027,13.289999961853027,13.289999961853027,13.289999961853027,738.0
2024-04-24 14:49:00,VRNA,15.369999885559082,15.369999885559082,15.390000343322754,15.369999885559082,15.390000343322754,449.0
2024-04-24 14:49:00,VRRM,24.18000030517578,24.18000030517578,24.18000030517578,24.18000030517578,24.18000030517578,595.0
2024-04-24 14:49:00,VRTX,401.32501220703125,401.32501220703125,401.32501220703125,401.32501220703125,401.32501220703125,118.0
2024-04-24 14:49:00,VSAT,16.209999084472656,16.209999084472656,16.209999084472656,16.209999084472656,16.209999084472656,2198.0
2024-04-24 14:49:00,VTNR,1.4550000429153442,1.4550000429153442,1.4600000381469727,1.4550000429153442,1.4550000429153442,3066.0
2024-04-24 14:49:00,VTRS,11.475000381469727,11.475000381469727,11.479999542236328,11.470000267028809,11.470000267028809,13043.0
2024-04-24 14:49:00,VUZI,1.3200000524520874,1.3200000524520874,1.3200000524520874,1.3200000524520874,1.3200000524520874,550.0
2024-04-24 14:49:00,VYGR,7.480000019073486,7.480000019073486,7.485000133514404,7.480000019073486,7.485000133514404,782.0
2024-04-24 14:49:00,WAFD,28.209999084472656,28.209999084472656,28.219999313354492,28.209999084472656,28.219999313354492,883.0
2024-04-24 14:49:00,WAVD,1.9399000406265259,1.9399000406265259,1.9399000406265259,1.9299999475479126,1.9299999475479126,806.0
2024-04-24 14:49:00,WBA,17.7549991607666,17.7549991607666,17.770000457763672,17.7549991607666,17.764999389648438,11372.0
2024-04-24 14:49:00,WBD,8.324999809265137,8.324999809265137,8.324999809265137,8.319999694824219,8.324999809265137,4913.0
2024-04-24 14:49:00,WDAY,255.9199981689453,255.9199981689453,255.9199981689453,255.89999389648438,255.89999389648438,1542.0
2024-04-24 14:49:00,WDC,69.19000244140625,69.19000244140625,69.22000122070312,69.19000244140625,69.19000244140625,5768.0
2024-04-24 14:49:00,WEN,19.834999084472656,19.834999084472656,19.844999313354492,19.834999084472656,19.844999313354492,7904.0
2024-04-24 14:49:00,WERN,35.290000915527344,35.290000915527344,35.314998626708984,35.290000915527344,35.314998626708984,2432.0
2024-04-24 14:49:00,WFRD,123.46499633789062,123.46499633789062,123.4800033569336,123.36000061035156,123.36000061035156,2259.0
2024-04-24 14:49:00,WHLM,6.369999885559082,6.369999885559082,6.369999885559082,6.369999885559082,6.369999885559082,2214.0
2024-04-24 14:49:00,WIMI,1.0399999618530273,1.0399999618530273,1.0399999618530273,1.0399999618530273,1.0399999618530273,6891.0
2024-04-24 14:49:00,WING,364.9200134277344,364.9200134277344,364.9200134277344,364.9200134277344,364.9200134277344,506.0
2024-04-24 14:49:00,WISA,6.180799961090088,6.180799961090088,6.222700119018555,6.159999847412109,6.21999979019165,14646.0
2024-04-24 14:49:00,WIX,121.70500183105469,121.70500183105469,121.70500183105469,121.70500183105469,121.70500183105469,497.0
2024-04-24 14:49:00,WKHS,0.16179999709129333,0.16179999709129333,0.16189999878406525,0.16179999709129333,0.16189999878406525,12709.0
2024-04-24 14:49:00,WKME,7.980000019073486,7.980000019073486,7.980000019073486,7.980000019073486,7.980000019073486,200.0
2024-04-24 14:49:00,WMG,32.040000915527344,32.040000915527344,32.040000915527344,32.040000915527344,32.040000915527344,777.0
2024-04-24 14:49:00,WPRT,5.610000133514404,5.610000133514404,5.610000133514404,5.610000133514404,5.610000133514404,6.0
2024-04-24 14:49:00,WSBC,28.18000030517578,28.18000030517578,28.219999313354492,28.18000030517578,28.219999313354492,1485.0
2024-04-24 14:49:00,WSC,37.98500061035156,37.98500061035156,37.9900016784668,37.98500061035156,37.9900016784668,370.0
2024-04-24 14:49:00,WTW,264.3699951171875,264.3699951171875,264.3699951171875,264.3699951171875,264.3699951171875,653.0
2024-04-24 14:49:00,WVE,5.199999809265137,5.199999809265137,5.199999809265137,5.199999809265137,5.199999809265137,300.0
2024-04-24 14:49:00,WW,1.649999976158142,1.649999976158142,1.6549999713897705,1.649999976158142,1.649999976158142,2511.0
2024-04-24 14:49:00,WWD,149.31500244140625,149.31500244140625,149.31500244140625,149.2899932861328,149.31500244140625,1542.0
2024-04-24 14:49:00,WYNN,96.9000015258789,96.9000015258789,96.94999694824219,96.9000015258789,96.94999694824219,1176.0
2024-04-24 14:49:00,XEL,55.494998931884766,55.494998931884766,55.52000045776367,55.494998931884766,55.52000045776367,5175.0
2024-04-24 14:49:00,XFOR,1.2400000095367432,1.2400000095367432,1.25,1.2400000095367432,1.25,10304.0
2024-04-24 14:49:00,XNCR,18.655000686645508,18.655000686645508,18.655000686645508,18.655000686645508,18.655000686645508,118.0
2024-04-24 14:49:00,XP,20.5049991607666,20.5049991607666,20.5049991607666,20.4950008392334,20.5,10112.0
2024-04-24 14:49:00,XRX,14.354999542236328,14.354999542236328,14.359999656677246,14.345000267028809,14.354999542236328,11183.0
2024-04-24 14:49:00,XXII,1.899999976158142,1.899999976158142,1.899999976158142,1.899999976158142,1.899999976158142,2000.0
2024-04-24 14:49:00,Z,43.36000061035156,43.36000061035156,43.36000061035156,43.36000061035156,43.36000061035156,995.0
2024-04-24 14:49:00,ZBRA,276.875,276.875,276.875,276.7200012207031,276.7300109863281,1181.0
2024-04-24 14:49:00,ZG,42.880001068115234,42.880001068115234,42.880001068115234,42.880001068115234,42.880001068115234,175.0
2024-04-24 14:49:00,ZI,15.800000190734863,15.800000190734863,15.8100004196167,15.800000190734863,15.805000305175781,1157.0
2024-04-24 14:49:00,ZION,42.150001525878906,42.150001525878906,42.15999984741211,42.150001525878906,42.15999984741211,1315.0
2024-04-24 14:49:00,ZM,61.279998779296875,61.279998779296875,61.29999923706055,61.279998779296875,61.29999923706055,5053.0
2024-04-24 14:49:00,ZNTL,11.800000190734863,11.800000190734863,11.800000190734863,11.800000190734863,11.800000190734863,445.0
2024-04-24 14:49:00,ZS,178.4199981689453,178.4199981689453,178.5,178.4199981689453,178.5,1270.0
2024-04-24 14:49:00,ZUMZ,17.329999923706055,17.329999923706055,17.360000610351562,17.329999923706055,17.360000610351562,2814.0
2024-04-24 14:49:00,ZURA,3.25,3.25,3.259999990463257,3.25,3.255000114440918,4872.0
2024-04-24 14:49:00,ZYME,8.619999885559082,8.619999885559082,8.619999885559082,8.619999885559082,8.619999885559082,351.0
2024-04-24 14:50:00,COCO,24.329999923706055,24.329999923706055,24.34000015258789,24.329999923706055,24.34000015258789,1294.0
2024-04-24 14:50:00,ETNB,8.609999656677246,8.609999656677246,8.609999656677246,8.609999656677246,8.609999656677246,3211.0
2024-04-24 14:50:00,FDMT,24.479999542236328,24.479999542236328,24.510000228881836,24.479999542236328,24.510000228881836,841.0
2024-04-24 14:50:00,FEAM,1.159999966621399,1.159999966621399,1.159999966621399,1.159999966621399,1.159999966621399,1034.0
2024-04-24 14:50:00,FLWS,9.149999618530273,9.149999618530273,9.149999618530273,9.149999618530273,9.149999618530273,2295.0
2024-04-24 14:50:00,ME,0.4722999930381775,0.4722999930381775,0.4722999930381775,0.47209998965263367,0.47209998965263367,0.0
2024-04-24 14:50:00,SEAT,5.889999866485596,5.889999866485596,5.889999866485596,5.885000228881836,5.889999866485596,2841.0
2024-04-24 14:50:00,TKLF,0.23000000417232513,0.23000000417232513,0.23000000417232513,0.23000000417232513,0.23000000417232513,160.0
2024-04-24 14:50:00,TSVT,4.289999961853027,4.289999961853027,4.289999961853027,4.289999961853027,4.289999961853027,523.0
2024-04-24 14:50:00,TWOU,0.23999999463558197,0.23999999463558197,0.23999999463558197,0.23999999463558197,0.23999999463558197,0.0
2024-04-24 14:50:00,TXG,27.329999923706055,27.329999923706055,27.34000015258789,27.329999923706055,27.34000015258789,2510.0
2024-04-24 14:50:00,VERU,1.3450000286102295,1.3450000286102295,1.3450000286102295,1.3450000286102295,1.3450000286102295,699.0
2024-04-24 14:50:00,VERV,6.605000019073486,6.605000019073486,6.608799934387207,6.605000019073486,6.605000019073486,1956.0
2024-04-24 14:50:00,VERX,28.979999542236328,28.979999542236328,29.010000228881836,28.979999542236328,28.989999771118164,5296.0
2024-04-24 14:50:00,VFF,1.309999942779541,1.309999942779541,1.309999942779541,1.309999942779541,1.309999942779541,300.0
2024-04-24 14:50:00,VFS,2.4800000190734863,2.4800000190734863,2.4800000190734863,2.4800000190734863,2.4800000190734863,14378.0
2024-04-24 14:50:00,VIAV,7.974999904632568,7.974999904632568,7.974999904632568,7.974999904632568,7.974999904632568,1133.0
2024-04-24 14:50:00,VICR,31.225000381469727,31.225000381469727,31.2549991607666,31.209999084472656,31.2549991607666,1449.0
2024-04-24 14:50:00,VIR,8.069999694824219,8.069999694824219,8.069999694824219,8.069999694824219,8.069999694824219,600.0
2024-04-24 14:50:00,VIRT,22.18000030517578,22.18000030517578,22.190000534057617,22.18000030517578,22.190000534057617,1981.0
2024-04-24 14:50:00,VITL,26.649999618530273,26.649999618530273,26.649999618530273,26.649999618530273,26.649999618530273,1115.0
2024-04-24 14:50:00,VKTX,64.94000244140625,64.94000244140625,65.13999938964844,64.91999816894531,65.13999938964844,7525.0
2024-04-24 14:50:00,VLCN,0.2574999928474426,0.2574999928474426,0.2574999928474426,0.2574999928474426,0.2574999928474426,2606.0
2024-04-24 14:50:00,VMAR,0.5,0.5,0.5461000204086304,0.5,0.5461000204086304,27330.0
2024-04-24 14:50:00,VMD,7.96999979019165,7.96999979019165,7.980000019073486,7.96999979019165,7.980000019073486,338.0
2024-04-24 14:50:00,VMEO,3.5250000953674316,3.5250000953674316,3.5250000953674316,3.5250000953674316,3.5250000953674316,3089.0
2024-04-24 14:50:00,VNET,1.565000057220459,1.565000057220459,1.565000057220459,1.565000057220459,1.565000057220459,625.0
2024-04-24 14:50:00,VNOM,39.849998474121094,39.849998474121094,39.869998931884766,39.845001220703125,39.849998474121094,3052.0
2024-04-24 14:50:00,VOD,8.619999885559082,8.619999885559082,8.625,8.619999885559082,8.625,1258.0
2024-04-24 14:50:00,VOR,1.7450000047683716,1.7450000047683716,1.75,1.7450000047683716,1.7450000047683716,1628.0
2024-04-24 14:50:00,VRCA,6.75,6.75,6.75,6.75,6.75,1457.0
2024-04-24 14:50:00,VRDN,13.260000228881836,13.260000228881836,13.270000457763672,13.260000228881836,13.270000457763672,1473.0
2024-04-24 14:50:00,VRRM,24.18000030517578,24.18000030517578,24.18000030517578,24.18000030517578,24.18000030517578,1623.0
2024-04-24 14:50:00,VRTX,401.135009765625,401.135009765625,401.2449951171875,400.9599914550781,401.2449951171875,2544.0
2024-04-24 14:50:00,VSAT,16.200000762939453,16.200000762939453,16.204999923706055,16.200000762939453,16.200000762939453,2268.0
2024-04-24 14:50:00,VTNR,1.4550000429153442,1.4550000429153442,1.4600000381469727,1.4500000476837158,1.4550000429153442,3692.0
2024-04-24 14:50:00,VTRS,11.479999542236328,11.479999542236328,11.479999542236328,11.475000381469727,11.479999542236328,7455.0
2024-04-24 14:50:00,VTSI,12.34000015258789,12.34000015258789,12.34000015258789,12.319999694824219,12.319999694824219,401.0
2024-04-24 14:50:00,VUZI,1.309999942779541,1.309999942779541,1.315000057220459,1.309999942779541,1.309999942779541,991.0
2024-04-24 14:50:00,VYGR,7.46999979019165,7.46999979019165,7.46999979019165,7.46999979019165,7.46999979019165,501.0
2024-04-24 14:50:00,WAFD,28.209999084472656,28.209999084472656,28.219999313354492,28.209999084472656,28.219999313354492,1588.0
2024-04-24 14:50:00,WB,8.359999656677246,8.359999656677246,8.364999771118164,8.359999656677246,8.359999656677246,3554.0
2024-04-24 14:50:00,WBA,17.741600036621094,17.741600036621094,17.75749969482422,17.741600036621094,17.7549991607666,7683.0
2024-04-24 14:50:00,WBD,8.314299583435059,8.314299583435059,8.329899787902832,8.3100004196167,8.329899787902832,15714.0
2024-04-24 14:50:00,WDAY,255.81219482421875,255.81219482421875,255.92999267578125,255.7949981689453,255.92999267578125,2549.0
2024-04-24 14:50:00,WDC,69.13040161132812,69.13040161132812,69.19000244140625,69.11000061035156,69.18000030517578,9561.0
2024-04-24 14:50:00,WEN,19.829999923706055,19.829999923706055,19.834999084472656,19.829999923706055,19.834999084472656,1955.0
2024-04-24 14:50:00,WERN,35.209999084472656,35.209999084472656,35.26499938964844,35.209999084472656,35.2599983215332,4631.0
2024-04-24 14:50:00,WFRD,123.38500213623047,123.38500213623047,123.41000366210938,123.38500213623047,123.41000366210938,1451.0
2024-04-24 14:50:00,WINA,373.4800109863281,373.4800109863281,373.4800109863281,373.4800109863281,373.4800109863281,483.0
2024-04-24 14:50:00,WISA,6.210000038146973,6.210000038146973,6.218699932098389,6.209499835968018,6.209499835968018,6935.0
2024-04-24 14:50:00,WIX,121.56999969482422,121.56999969482422,121.61000061035156,121.56999969482422,121.61000061035156,1183.0
2024-04-24 14:50:00,WKHS,0.16189999878406525,0.16189999878406525,0.16189999878406525,0.16189999878406525,0.16189999878406525,68802.0
2024-04-24 14:50:00,WMG,32.040000915527344,32.040000915527344,32.04999923706055,32.040000915527344,32.040000915527344,1506.0
2024-04-24 14:50:00,WRAP,1.9600000381469727,1.9600000381469727,1.9700000286102295,1.9600000381469727,1.9700000286102295,1286.0
2024-04-24 14:50:00,WSBC,28.190000534057617,28.190000534057617,28.190000534057617,28.190000534057617,28.190000534057617,192.0
2024-04-24 14:50:00,WSC,37.90999984741211,37.90999984741211,38.0,37.90999984741211,37.9900016784668,5047.0
2024-04-24 14:50:00,WSFS,44.709999084472656,44.709999084472656,44.709999084472656,44.709999084472656,44.709999084472656,978.0
2024-04-24 14:50:00,WTFC,99.87999725341797,99.87999725341797,99.95999908447266,99.87999725341797,99.95999908447266,1973.0
2024-04-24 14:50:00,WTW,264.31500244140625,264.31500244140625,264.31500244140625,264.30999755859375,264.30999755859375,1798.0
2024-04-24 14:50:00,WVE,5.190000057220459,5.190000057220459,5.190000057220459,5.190000057220459,5.190000057220459,63.0
2024-04-24 14:50:00,WW,1.649999976158142,1.649999976158142,1.649999976158142,1.649999976158142,1.649999976158142,8772.0
2024-04-24 14:50:00,WWD,149.30499267578125,149.30499267578125,149.30499267578125,149.30499267578125,149.30499267578125,1320.0
2024-04-24 14:50:00,WYNN,96.87000274658203,96.87000274658203,96.90499877929688,96.87000274658203,96.90499877929688,1369.0
2024-04-24 14:50:00,XEL,55.48500061035156,55.48500061035156,55.52000045776367,55.48500061035156,55.505001068115234,6678.0
2024-04-24 14:50:00,XENE,39.689998626708984,39.689998626708984,39.75,39.689998626708984,39.75,998.0
2024-04-24 14:50:00,XFOR,1.2450000047683716,1.2450000047683716,1.25,1.2401000261306763,1.25,6500.0
2024-04-24 14:50:00,XMTR,16.860000610351562,16.860000610351562,16.860000610351562,16.860000610351562,16.860000610351562,511.0
2024-04-24 14:50:00,XNCR,18.6299991607666,18.6299991607666,18.6299991607666,18.6299991607666,18.6299991607666,451.0
2024-04-24 14:50:00,XP,20.5049991607666,20.5049991607666,20.5049991607666,20.485000610351562,20.5,18431.0
2024-04-24 14:50:00,XRX,14.357500076293945,14.357500076293945,14.358599662780762,14.354999542236328,14.358599662780762,1465.0
2024-04-24 14:50:00,XXII,1.9189000129699707,1.9189000129699707,1.9189000129699707,1.9189000129699707,1.9189000129699707,3562.0
2024-04-24 14:50:00,YORW,35.540000915527344,35.540000915527344,35.540000915527344,35.540000915527344,35.540000915527344,277.0
2024-04-24 14:50:00,Z,43.36000061035156,43.36000061035156,43.369998931884766,43.349998474121094,43.36000061035156,2764.0
2024-04-24 14:50:00,ZD,51.775001525878906,51.775001525878906,51.775001525878906,51.775001525878906,51.775001525878906,1126.0
2024-04-24 14:50:00,ZG,42.875,42.875,42.880001068115234,42.875,42.880001068115234,1064.0
2024-04-24 14:50:00,ZI,15.805000305175781,15.805000305175781,15.8100004196167,15.805000305175781,15.805000305175781,1746.0
2024-04-24 14:50:00,ZIMV,15.779999732971191,15.779999732971191,15.779999732971191,15.770000457763672,15.779999732971191,2513.0
2024-04-24 14:50:00,ZION,42.099998474121094,42.099998474121094,42.15999984741211,42.09000015258789,42.15999984741211,4244.0
2024-04-24 14:50:00,ZLAB,15.625,15.625,15.625,15.59000015258789,15.604999542236328,2114.0
2024-04-24 14:50:00,ZM,61.290000915527344,61.290000915527344,61.29999923706055,61.2599983215332,61.261199951171875,8233.0
2024-04-24 14:50:00,ZNTL,11.789999961853027,11.789999961853027,11.800000190734863,11.770000457763672,11.800000190734863,5725.0
2024-04-24 14:50:00,ZS,178.40499877929688,178.40499877929688,178.44000244140625,178.33999633789062,178.4199981689453,2135.0
2024-04-24 14:50:00,ZURA,3.299999952316284,3.299999952316284,3.309999942779541,3.25,3.2500998973846436,11980.0
2024-04-24 14:50:00,ZVRA,4.525000095367432,4.525000095367432,4.53000020980835,4.525000095367432,4.53000020980835,300.0
2024-04-24 14:50:00,ZVSA,0.6093999743461609,0.6093999743461609,0.6093999743461609,0.6093999743461609,0.6093999743461609,528.0
2024-04-24 14:50:00,ZYME,8.600000381469727,8.600000381469727,8.600000381469727,8.600000381469727,8.600000381469727,144.0
2024-04-24 14:51:00,EGHT,2.3550000190734863,2.3550000190734863,2.3550000190734863,2.3550000190734863,2.3550000190734863,111.0
2024-04-24 14:51:00,ETNB,8.625,8.625,8.625,8.609999656677246,8.609999656677246,2686.0
2024-04-24 14:51:00,FREE,4.815000057220459,4.815000057220459,4.815000057220459,4.815000057220459,4.815000057220459,290.0
2024-04-24 14:51:00,MAPS,1.100000023841858,1.100000023841858,1.100000023841858,1.100000023841858,1.100000023841858,0.0
2024-04-24 14:51:00,ME,0.4724000096321106,0.4724000096321106,0.4724000096321106,0.47189998626708984,0.47200000286102295,16069.0
2024-04-24 14:51:00,SEAT,5.873000144958496,5.873000144958496,5.889999866485596,5.873000144958496,5.885000228881836,19588.0
2024-04-24 14:51:00,TWOU,0.23989999294281006,0.23989999294281006,0.23999999463558197,0.2395000010728836,0.23999999463558197,18796.0
2024-04-24 14:51:00,TXG,27.34000015258789,27.34000015258789,27.34000015258789,27.329999923706055,27.329999923706055,1716.0
2024-04-24 14:51:00,VERU,1.350000023841858,1.350000023841858,1.350000023841858,1.340000033378601,1.350000023841858,4030.0
2024-04-24 14:51:00,VERX,28.975000381469727,28.975000381469727,28.989999771118164,28.969999313354492,28.985000610351562,2886.0
2024-04-24 14:51:00,VFF,1.309999942779541,1.309999942779541,1.309999942779541,1.309999942779541,1.309999942779541,575.0
2024-04-24 14:51:00,VFS,2.4876999855041504,2.4876999855041504,2.490000009536743,2.484999895095825,2.484999895095825,10770.0
2024-04-24 14:51:00,VIAV,7.974999904632568,7.974999904632568,7.974999904632568,7.974999904632568,7.974999904632568,667.0
2024-04-24 14:51:00,VIR,8.079999923706055,8.079999923706055,8.079999923706055,8.069999694824219,8.069999694824219,2938.0
2024-04-24 14:51:00,VIRT,22.170000076293945,22.170000076293945,22.170000076293945,22.155000686645508,22.170000076293945,3312.0
2024-04-24 14:51:00,VITL,26.68000030517578,26.68000030517578,26.68000030517578,26.655000686645508,26.655000686645508,1448.0
2024-04-24 14:51:00,VIVK,1.4800000190734863,1.4800000190734863,1.4800000190734863,1.4800000190734863,1.4800000190734863,2000.0
2024-04-24 14:51:00,VKTX,65.12000274658203,65.12000274658203,65.12000274658203,64.94270324707031,64.94270324707031,5979.0
2024-04-24 14:51:00,VMD,7.980000019073486,7.980000019073486,7.980000019073486,7.980000019073486,7.980000019073486,713.0
2024-04-24 14:51:00,VMEO,3.5299999713897705,3.5299999713897705,3.5299999713897705,3.5250000953674316,3.5250000953674316,1420.0
2024-04-24 14:51:00,VOD,8.630000114440918,8.630000114440918,8.630000114440918,8.619999885559082,8.625,3037.0
2024-04-24 14:51:00,VRNA,15.350000381469727,15.350000381469727,15.350000381469727,15.34000015258789,15.34000015258789,976.0
2024-04-24 14:51:00,VRRM,24.200000762939453,24.200000762939453,24.200000762939453,24.18000030517578,24.18000030517578,1104.0
2024-04-24 14:51:00,VRTX,401.4200134277344,401.4200134277344,401.5,401.4200134277344,401.5,1054.0
2024-04-24 14:51:00,VTGN,4.699999809265137,4.699999809265137,4.710000038146973,4.699999809265137,4.710000038146973,970.0
2024-04-24 14:51:00,VTRS,11.479999542236328,11.479999542236328,11.479999542236328,11.475000381469727,11.479999542236328,17659.0
2024-04-24 14:51:00,VUZI,1.315000057220459,1.315000057220459,1.315000057220459,1.315000057220459,1.315000057220459,75.0
2024-04-24 14:51:00,VYGR,7.46999979019165,7.46999979019165,7.46999979019165,7.46999979019165,7.46999979019165,1111.0
2024-04-24 14:51:00,WABC,47.525001525878906,47.525001525878906,47.525001525878906,47.525001525878906,47.525001525878906,1004.0
2024-04-24 14:51:00,WAFD,28.229999542236328,28.229999542236328,28.229999542236328,28.229999542236328,28.229999542236328,1390.0
2024-04-24 14:51:00,WB,8.364999771118164,8.364999771118164,8.364999771118164,8.359999656677246,8.359999656677246,1551.0
2024-04-24 14:51:00,WBA,17.7450008392334,17.7450008392334,17.75,17.739999771118164,17.7450008392334,10301.0
2024-04-24 14:51:00,WBD,8.3100004196167,8.3100004196167,8.319999694824219,8.3100004196167,8.31659984588623,17402.0
2024-04-24 14:51:00,WDAY,255.875,255.875,255.89500427246094,255.77999877929688,255.8800048828125,975.0
2024-04-24 14:51:00,WDC,69.16500091552734,69.16500091552734,69.16999816894531,69.13999938964844,69.13999938964844,6449.0
2024-04-24 14:51:00,WEN,19.81999969482422,19.81999969482422,19.829999923706055,19.81999969482422,19.829999923706055,4187.0
2024-04-24 14:51:00,WERN,35.220001220703125,35.220001220703125,35.2400016784668,35.209999084472656,35.209999084472656,8137.0
2024-04-24 14:51:00,WIMI,1.0303000211715698,1.0303000211715698,1.0317000150680542,1.0303000211715698,1.0317000150680542,4160.0
2024-04-24 14:51:00,WISA,6.210000038146973,6.210000038146973,6.210000038146973,6.199999809265137,6.200300216674805,1575.0
2024-04-24 14:51:00,WKHS,0.16179999709129333,0.16179999709129333,0.16179999709129333,0.16179999709129333,0.16179999709129333,13200.0
2024-04-24 14:51:00,WLDN,27.75,27.75,27.75,27.75,27.75,407.0
2024-04-24 14:51:00,WMG,32.01499938964844,32.01499938964844,32.040000915527344,32.01499938964844,32.040000915527344,3884.0
2024-04-24 14:51:00,WSBC,28.165000915527344,28.165000915527344,28.165000915527344,28.165000915527344,28.165000915527344,180.0
2024-04-24 14:51:00,WSC,37.95000076293945,37.95000076293945,37.95000076293945,37.900001525878906,37.90999984741211,5279.0
2024-04-24 14:51:00,WTFC,99.95999908447266,99.95999908447266,99.95999908447266,99.87000274658203,99.87000274658203,914.0
2024-04-24 14:51:00,WTW,264.25,264.25,264.25,264.25,264.25,391.0
2024-04-24 14:51:00,WVE,5.190000057220459,5.190000057220459,5.190000057220459,5.190000057220459,5.190000057220459,400.0
2024-04-24 14:51:00,WW,1.6399999856948853,1.6399999856948853,1.649999976158142,1.6399999856948853,1.649999976158142,8486.0
2024-04-24 14:51:00,WYNN,96.91999816894531,96.91999816894531,96.91999816894531,96.9000015258789,96.9000015258789,3753.0
2024-04-24 14:51:00,XBP,1.2599999904632568,1.2599999904632568,1.2599999904632568,1.2599999904632568,1.2599999904632568,550.0
2024-04-24 14:51:00,XEL,55.47999954223633,55.47999954223633,55.505001068115234,55.47999954223633,55.4900016784668,6464.0
2024-04-24 14:51:00,XENE,39.689998626708984,39.689998626708984,39.689998626708984,39.689998626708984,39.689998626708984,729.0
2024-04-24 14:51:00,XERS,1.7699999809265137,1.7699999809265137,1.7699999809265137,1.7649999856948853,1.7699999809265137,711.0
2024-04-24 14:51:00,XFOR,1.25,1.25,1.25,1.2450000047683716,1.25,2423.0
2024-04-24 14:51:00,XMTR,16.850000381469727,16.850000381469727,16.850000381469727,16.850000381469727,16.850000381469727,848.0
2024-04-24 14:51:00,XP,20.530000686645508,20.530000686645508,20.53499984741211,20.510000228881836,20.510000228881836,3566.0
2024-04-24 14:51:00,XRX,14.354999542236328,14.354999542236328,14.354999542236328,14.354999542236328,14.354999542236328,1089.0
2024-04-24 14:51:00,XXII,1.909999966621399,1.909999966621399,1.909999966621399,1.909999966621399,1.909999966621399,116.0
2024-04-24 14:51:00,Z,43.349998474121094,43.349998474121094,43.36000061035156,43.34000015258789,43.36000061035156,3295.0
2024-04-24 14:51:00,ZG,42.86000061035156,42.86000061035156,42.86000061035156,42.86000061035156,42.86000061035156,320.0
2024-04-24 14:51:00,ZI,15.795000076293945,15.795000076293945,15.805000305175781,15.790300369262695,15.805000305175781,11005.0
2024-04-24 14:51:00,ZION,42.130001068115234,42.130001068115234,42.130001068115234,42.09000015258789,42.099998474121094,5260.0
2024-04-24 14:51:00,ZM,61.290000915527344,61.290000915527344,61.29999923706055,61.290000915527344,61.29499816894531,2906.0
2024-04-24 14:51:00,ZS,178.26499938964844,178.26499938964844,178.53500366210938,178.15499877929688,178.50999450683594,8645.0
2024-04-24 14:51:00,ZURA,3.2899999618530273,3.2899999618530273,3.319999933242798,3.2899999618530273,3.309999942779541,2340.0
2024-04-24 14:51:00,ZVSA,0.6092000007629395,0.6092000007629395,0.6093999743461609,0.6092000007629395,0.6093999743461609,979.0
2024-04-24 14:51:00,ZYXI,11.25,11.25,11.25,11.25,11.25,210.0
2024-04-24 14:52:00,COCO,24.329999923706055,24.329999923706055,24.329999923706055,24.329999923706055,24.329999923706055,641.0
2024-04-24 14:52:00,DIBS,5.400000095367432,5.400000095367432,5.400000095367432,5.400000095367432,5.400000095367432,306.0
2024-04-24 14:52:00,EGHT,2.3550000190734863,2.3550000190734863,2.3550000190734863,2.3550000190734863,2.3550000190734863,717.0
2024-04-24 14:52:00,FLWS,9.154999732971191,9.154999732971191,9.154999732971191,9.154999732971191,9.154999732971191,225.0
2024-04-24 14:52:00,MAPS,1.0950000286102295,1.0950000286102295,1.100000023841858,1.0950000286102295,1.100000023841858,534.0
2024-04-24 14:52:00,ME,0.4722999930381775,0.4722999930381775,0.4722999930381775,0.4722999930381775,0.4722999930381775,1480.0
2024-04-24 14:52:00,SRCE,50.68000030517578,50.68000030517578,50.68000030517578,50.68000030517578,50.68000030517578,562.0
2024-04-24 14:52:00,TSVT,4.28000020980835,4.28000020980835,4.28000020980835,4.28000020980835,4.28000020980835,348.0
2024-04-24 14:52:00,TWOU,0.23999999463558197,0.23999999463558197,0.23999999463558197,0.23999999463558197,0.23999999463558197,102.0
2024-04-24 14:52:00,TXG,27.299999237060547,27.299999237060547,27.329999923706055,27.286300659179688,27.329999923706055,4729.0
2024-04-24 14:52:00,VERU,1.350000023841858,1.350000023841858,1.350000023841858,1.350000023841858,1.350000023841858,302.0
2024-04-24 14:52:00,VERV,6.605000019073486,6.605000019073486,6.605000019073486,6.605000019073486,6.605000019073486,124.0
2024-04-24 14:52:00,VERX,28.90999984741211,28.90999984741211,28.975000381469727,28.90999984741211,28.975000381469727,4425.0
2024-04-24 14:52:00,VFS,2.499799966812134,2.499799966812134,2.499799966812134,2.489799976348877,2.490000009536743,16796.0
2024-04-24 14:52:00,VIGL,2.7300000190734863,2.7300000190734863,2.7300000190734863,2.7300000190734863,2.7300000190734863,454.0
2024-04-24 14:52:00,VIR,8.079999923706055,8.079999923706055,8.079999923706055,8.079999923706055,8.079999923706055,1281.0
2024-04-24 14:52:00,VIRT,22.145000457763672,22.145000457763672,22.149999618530273,22.145000457763672,22.149999618530273,1034.0
2024-04-24 14:52:00,VITL,26.739900588989258,26.739900588989258,26.739900588989258,26.739900588989258,26.739900588989258,1380.0
2024-04-24 14:52:00,VKTX,65.12999725341797,65.12999725341797,65.19000244140625,65.08999633789062,65.19000244140625,11825.0
2024-04-24 14:52:00,VLCN,0.250900000333786,0.250900000333786,0.2542000114917755,0.250900000333786,0.2542000114917755,0.0
2024-04-24 14:52:00,VMD,7.980000019073486,7.980000019073486,7.980000019073486,7.980000019073486,7.980000019073486,412.0
2024-04-24 14:52:00,VMEO,3.5250000953674316,3.5250000953674316,3.5250000953674316,3.5250000953674316,3.5250000953674316,605.0
2024-04-24 14:52:00,VOD,8.623100280761719,8.623100280761719,8.630000114440918,8.623100280761719,8.630000114440918,479.0
2024-04-24 14:52:00,VRRM,24.190000534057617,24.190000534057617,24.190000534057617,24.190000534057617,24.190000534057617,215.0
2024-04-24 14:52:00,VRTX,401.4150085449219,401.4150085449219,401.6099853515625,401.4150085449219,401.6099853515625,683.0
2024-04-24 14:52:00,VSAC,11.449999809265137,11.449999809265137,11.449999809265137,11.449999809265137,11.449999809265137,0.0
2024-04-24 14:52:00,VTGN,4.704999923706055,4.704999923706055,4.704999923706055,4.704999923706055,4.704999923706055,1686.0
2024-04-24 14:52:00,VTRS,11.470100402832031,11.470100402832031,11.479999542236328,11.470100402832031,11.479900360107422,3552.0
2024-04-24 14:52:00,VTSI,12.319999694824219,12.319999694824219,12.319999694824219,12.319999694824219,12.319999694824219,142.0
2024-04-24 14:52:00,VUZI,1.3112000226974487,1.3112000226974487,1.3112000226974487,1.3112000226974487,1.3112000226974487,534.0
2024-04-24 14:52:00,VVOS,2.553499937057495,2.553499937057495,2.553499937057495,2.553499937057495,2.553499937057495,70464.0
2024-04-24 14:52:00,VVPR,3.6449999809265137,3.6449999809265137,3.6449999809265137,3.6449999809265137,3.6449999809265137,400.0
2024-04-24 14:52:00,VYGR,7.46999979019165,7.46999979019165,7.46999979019165,7.46999979019165,7.46999979019165,999.0
2024-04-24 14:52:00,WB,8.375,8.375,8.375,8.364999771118164,8.364999771118164,7368.0
2024-04-24 14:52:00,WBA,17.739999771118164,17.739999771118164,17.7450008392334,17.739999771118164,17.7450008392334,5767.0
2024-04-24 14:52:00,WBD,8.313400268554688,8.313400268554688,8.3149995803833,8.310099601745605,8.3149995803833,2432.0
2024-04-24 14:52:00,WBUY,0.3050999939441681,0.3050999939441681,0.3050999939441681,0.3050999939441681,0.3050999939441681,976.0
2024-04-24 14:52:00,WDAY,255.77999877929688,255.77999877929688,255.77999877929688,255.77999877929688,255.77999877929688,1365.0
2024-04-24 14:52:00,WDC,69.0999984741211,69.0999984741211,69.16000366210938,69.0999984741211,69.1500015258789,6100.0
2024-04-24 14:52:00,WERN,35.189998626708984,35.189998626708984,35.224998474121094,35.189998626708984,35.220001220703125,5179.0
2024-04-24 14:52:00,WFRD,123.4749984741211,123.4749984741211,123.4800033569336,123.45999908447266,123.45999908447266,2087.0
2024-04-24 14:52:00,WING,364.875,364.875,364.875,364.875,364.875,298.0
2024-04-24 14:52:00,WISA,6.210000038146973,6.210000038146973,6.210000038146973,6.201099872589111,6.210000038146973,8862.0
2024-04-24 14:52:00,WIX,121.625,121.625,121.625,121.625,121.625,833.0
2024-04-24 14:52:00,WKEY,2.140000104904175,2.140000104904175,2.140000104904175,2.140000104904175,2.140000104904175,1054.0
2024-04-24 14:52:00,WKHS,0.16179999709129333,0.16179999709129333,0.16179999709129333,0.16179999709129333,0.16179999709129333,3701.0
2024-04-24 14:52:00,WMG,32.0099983215332,32.0099983215332,32.01499938964844,32.0099983215332,32.01499938964844,991.0
2024-04-24 14:52:00,WRLD,138.4149932861328,138.4149932861328,138.4149932861328,138.4149932861328,138.4149932861328,202.0
2024-04-24 14:52:00,WSBC,28.209999084472656,28.209999084472656,28.209999084472656,28.200000762939453,28.200000762939453,1255.0
2024-04-24 14:52:00,WSBF,12.239999771118164,12.239999771118164,12.239999771118164,12.239999771118164,12.239999771118164,833.0
2024-04-24 14:52:00,WSC,37.96500015258789,37.96500015258789,37.970001220703125,37.939998626708984,37.95000076293945,3302.0
2024-04-24 14:52:00,WSFS,44.779998779296875,44.779998779296875,44.779998779296875,44.779998779296875,44.779998779296875,220.0
2024-04-24 14:52:00,WTFC,99.9800033569336,99.9800033569336,99.9800033569336,99.9800033569336,99.9800033569336,459.0
2024-04-24 14:52:00,WTW,264.1499938964844,264.1499938964844,264.3599853515625,264.1499938964844,264.3599853515625,2007.0
2024-04-24 14:52:00,WVE,5.190000057220459,5.190000057220459,5.190000057220459,5.190000057220459,5.190000057220459,519.0
2024-04-24 14:52:00,WW,1.6399999856948853,1.6399999856948853,1.6399999856948853,1.6399999856948853,1.6399999856948853,345.0
2024-04-24 14:52:00,WYNN,96.9000015258789,96.9000015258789,96.91999816894531,96.9000015258789,96.91999816894531,2796.0
2024-04-24 14:52:00,XEL,55.470001220703125,55.470001220703125,55.48500061035156,55.459999084472656,55.47999954223633,16133.0
2024-04-24 14:52:00,XENE,39.650001525878906,39.650001525878906,39.650001525878906,39.63999938964844,39.63999938964844,506.0
2024-04-24 14:52:00,XERS,1.7699999809265137,1.7699999809265137,1.7699999809265137,1.7699999809265137,1.7699999809265137,100.0
2024-04-24 14:52:00,XFOR,1.25,1.25,1.25,1.2450000047683716,1.2450000047683716,300.0
2024-04-24 14:52:00,XNET,1.559999942779541,1.559999942779541,1.559999942779541,1.559999942779541,1.559999942779541,5072.0
2024-04-24 14:52:00,XP,20.514999389648438,20.514999389648438,20.524999618530273,20.514999389648438,20.524999618530273,6094.0
2024-04-24 14:52:00,XRX,14.354999542236328,14.354999542236328,14.354999542236328,14.354999542236328,14.354999542236328,2822.0
2024-04-24 14:52:00,Z,43.34000015258789,43.34000015258789,43.34000015258789,43.34000015258789,43.34000015258789,146.0
2024-04-24 14:52:00,ZBRA,276.6400146484375,276.6400146484375,276.7300109863281,276.6400146484375,276.7300109863281,1197.0
2024-04-24 14:52:00,ZD,51.790000915527344,51.790000915527344,51.810001373291016,51.790000915527344,51.810001373291016,1615.0
2024-04-24 14:52:00,ZENV,2.190000057220459,2.190000057220459,2.190000057220459,2.190000057220459,2.190000057220459,159.0
2024-04-24 14:52:00,ZG,42.869998931884766,42.869998931884766,42.869998931884766,42.869998931884766,42.869998931884766,136.0
2024-04-24 14:52:00,ZI,15.789999961853027,15.789999961853027,15.795000076293945,15.789999961853027,15.795000076293945,1770.0
2024-04-24 14:52:00,ZION,42.11000061035156,42.11000061035156,42.130001068115234,42.11000061035156,42.130001068115234,3804.0
2024-04-24 14:52:00,ZLAB,15.609999656677246,15.609999656677246,15.619999885559082,15.609999656677246,15.619999885559082,748.0
2024-04-24 14:52:00,ZM,61.290000915527344,61.290000915527344,61.290000915527344,61.27000045776367,61.28499984741211,3955.0
2024-04-24 14:52:00,ZNTL,11.800000190734863,11.800000190734863,11.800000190734863,11.789999961853027,11.789999961853027,1389.0
2024-04-24 14:52:00,ZURA,3.25,3.25,3.2699999809265137,3.25,3.2699999809265137,4388.0
2024-04-24 14:52:00,ZVSA,0.6092000007629395,0.6092000007629395,0.6092000007629395,0.609000027179718,0.6092000007629395,584.0
2024-04-24 14:52:00,ZYME,8.619999885559082,8.619999885559082,8.619999885559082,8.619999885559082,8.619999885559082,400.0
2024-04-24 14:53:00,EGHT,2.3499999046325684,2.3499999046325684,2.3550000190734863,2.3450000286102295,2.3499999046325684,6061.0
2024-04-24 14:53:00,ETNB,8.619999885559082,8.619999885559082,8.619999885559082,8.619999885559082,8.619999885559082,321.0
2024-04-24 14:53:00,FREE,4.820000171661377,4.820000171661377,4.820000171661377,4.820000171661377,4.820000171661377,292.0
2024-04-24 14:53:00,MAPS,1.100000023841858,1.100000023841858,1.100000023841858,1.100000023841858,1.100000023841858,190.0
2024-04-24 14:53:00,MASS,5.664999961853027,5.664999961853027,5.664999961853027,5.664999961853027,5.664999961853027,232.0
2024-04-24 14:53:00,ME,0.4722000062465668,0.4722000062465668,0.4722000062465668,0.4722000062465668,0.4722000062465668,750.0
2024-04-24 14:53:00,TWOU,0.23989999294281006,0.23989999294281006,0.23999999463558197,0.23989999294281006,0.23999999463558197,176552.0
2024-04-24 14:53:00,TXG,27.299999237060547,27.299999237060547,27.299999237060547,27.299999237060547,27.299999237060547,475.0
2024-04-24 14:53:00,VC,110.58000183105469,110.58000183105469,110.58000183105469,110.58000183105469,110.58000183105469,407.0
2024-04-24 14:53:00,VCTR,49.84000015258789,49.84000015258789,49.84000015258789,49.84000015258789,49.84000015258789,1485.0
2024-04-24 14:53:00,VERU,1.340000033378601,1.340000033378601,1.340000033378601,1.340000033378601,1.340000033378601,2800.0
2024-04-24 14:53:00,VERV,6.614999771118164,6.614999771118164,6.614999771118164,6.605000019073486,6.605000019073486,2013.0
2024-04-24 14:53:00,VERX,28.8799991607666,28.8799991607666,28.90999984741211,28.8799991607666,28.899999618530273,1269.0
2024-04-24 14:53:00,VIAV,7.974999904632568,7.974999904632568,7.974999904632568,7.974999904632568,7.974999904632568,1641.0
2024-04-24 14:53:00,VICR,31.225000381469727,31.225000381469727,31.225000381469727,31.190000534057617,31.225000381469727,3623.0
2024-04-24 14:53:00,VIRI,0.4596000015735626,0.4596000015735626,0.4596000015735626,0.4596000015735626,0.4596000015735626,400.0
2024-04-24 14:53:00,VIRT,22.139999389648438,22.139999389648438,22.149999618530273,22.139999389648438,22.149999618530273,1934.0
2024-04-24 14:53:00,VKTX,64.99500274658203,64.99500274658203,64.99500274658203,64.99500274658203,64.99500274658203,242.0
2024-04-24 14:53:00,VMEO,3.5250000953674316,3.5250000953674316,3.5250000953674316,3.5250000953674316,3.5250000953674316,2678.0
2024-04-24 14:53:00,VNOM,39.83000183105469,39.83000183105469,39.83000183105469,39.83000183105469,39.83000183105469,327.0
2024-04-24 14:53:00,VOD,8.625,8.625,8.625,8.621500015258789,8.621500015258789,5878.0
2024-04-24 14:53:00,VRDN,13.204999923706055,13.204999923706055,13.23289966583252,13.204999923706055,13.23289966583252,1518.0
2024-04-24 14:53:00,VRNA,15.329999923706055,15.329999923706055,15.329999923706055,15.329999923706055,15.329999923706055,415.0
2024-04-24 14:53:00,VRTX,401.4750061035156,401.4750061035156,401.4750061035156,401.32000732421875,401.32000732421875,395.0
2024-04-24 14:53:00,VSAT,16.204999923706055,16.204999923706055,16.204999923706055,16.200000762939453,16.204999923706055,4338.0
2024-04-24 14:53:00,VTGN,4.699999809265137,4.699999809265137,4.699999809265137,4.699999809265137,4.699999809265137,355.0
2024-04-24 14:53:00,VTNR,1.4550000429153442,1.4550000429153442,1.4550000429153442,1.4550000429153442,1.4550000429153442,2000.0
2024-04-24 14:53:00,VTRS,11.479999542236328,11.479999542236328,11.479999542236328,11.470000267028809,11.475000381469727,55476.0
2024-04-24 14:53:00,VUZI,1.309999942779541,1.309999942779541,1.3200000524520874,1.309999942779541,1.3200000524520874,533.0
2024-04-24 14:53:00,VYGR,7.480000019073486,7.480000019073486,7.480000019073486,7.465000152587891,7.465000152587891,2090.0
2024-04-24 14:53:00,WB,8.370100021362305,8.370100021362305,8.375,8.370100021362305,8.375,568.0
2024-04-24 14:53:00,WBA,17.760099411010742,17.760099411010742,17.764999389648438,17.735000610351562,17.739999771118164,26399.0
2024-04-24 14:53:00,WBD,8.3100004196167,8.3100004196167,8.3149995803833,8.3100004196167,8.311200141906738,8629.0
2024-04-24 14:53:00,WDAY,255.64999389648438,255.64999389648438,255.69000244140625,255.64999389648438,255.69000244140625,1454.0
2024-04-24 14:53:00,WDC,69.0999984741211,69.0999984741211,69.1050033569336,69.08999633789062,69.0999984741211,5690.0
2024-04-24 14:53:00,WEN,19.815000534057617,19.815000534057617,19.81999969482422,19.815000534057617,19.81999969482422,7249.0
2024-04-24 14:53:00,WERN,35.185001373291016,35.185001373291016,35.20000076293945,35.185001373291016,35.20000076293945,2730.0
2024-04-24 14:53:00,WISA,6.119999885559082,6.119999885559082,6.210000038146973,6.119999885559082,6.200099945068359,2687.0
2024-04-24 14:53:00,WKHS,0.16179999709129333,0.16179999709129333,0.16179999709129333,0.16179999709129333,0.16179999709129333,6913.0
2024-04-24 14:53:00,WKSP,0.38499999046325684,0.38499999046325684,0.38499999046325684,0.38499999046325684,0.38499999046325684,414.0
2024-04-24 14:53:00,WMG,32.0099983215332,32.0099983215332,32.0099983215332,32.005001068115234,32.005001068115234,1324.0
2024-04-24 14:53:00,WPRT,5.590000152587891,5.590000152587891,5.599999904632568,5.590000152587891,5.599999904632568,1613.0
2024-04-24 14:53:00,WRLD,137.8000030517578,137.8000030517578,137.8000030517578,137.8000030517578,137.8000030517578,100.0
2024-04-24 14:53:00,WSC,37.959999084472656,37.959999084472656,37.96500015258789,37.935001373291016,37.96500015258789,7461.0
2024-04-24 14:53:00,WVE,5.184999942779541,5.184999942779541,5.199999809265137,5.179999828338623,5.190000057220459,1806.0
2024-04-24 14:53:00,WW,1.6399999856948853,1.6399999856948853,1.6449999809265137,1.6399999856948853,1.6399999856948853,3206.0
2024-04-24 14:53:00,WYNN,96.87999725341797,96.87999725341797,96.90499877929688,96.87999725341797,96.88999938964844,2005.0
2024-04-24 14:53:00,XEL,55.47999954223633,55.47999954223633,55.47999954223633,55.46500015258789,55.470001220703125,5360.0
2024-04-24 14:53:00,XFOR,1.25,1.25,1.25,1.25,1.25,539.0
2024-04-24 14:53:00,XMTR,16.850000381469727,16.850000381469727,16.850000381469727,16.850000381469727,16.850000381469727,208.0
2024-04-24 14:53:00,XNET,1.559999942779541,1.559999942779541,1.559999942779541,1.559999942779541,1.559999942779541,138.0
2024-04-24 14:53:00,XP,20.52050018310547,20.52050018310547,20.524999618530273,20.510000228881836,20.510000228881836,1847.0
2024-04-24 14:53:00,XRX,14.345000267028809,14.345000267028809,14.359999656677246,14.345000267028809,14.354999542236328,6531.0
2024-04-24 14:53:00,XXII,1.899999976158142,1.899999976158142,1.899999976158142,1.899999976158142,1.899999976158142,27195.0
2024-04-24 14:53:00,YTRA,1.2799999713897705,1.2799999713897705,1.2799999713897705,1.2799999713897705,1.2799999713897705,0.0
2024-04-24 14:53:00,Z,43.33000183105469,43.33000183105469,43.34000015258789,43.31999969482422,43.34000015258789,4763.0
2024-04-24 14:53:00,ZG,42.84000015258789,42.84000015258789,42.849998474121094,42.84000015258789,42.849998474121094,1393.0
2024-04-24 14:53:00,ZI,15.789999961853027,15.789999961853027,15.795000076293945,15.789999961853027,15.795000076293945,2885.0
2024-04-24 14:53:00,ZION,42.099998474121094,42.099998474121094,42.119998931884766,42.099998474121094,42.119998931884766,1297.0
2024-04-24 14:53:00,ZLAB,15.609999656677246,15.609999656677246,15.614999771118164,15.609999656677246,15.614999771118164,1013.0
2024-04-24 14:53:00,ZM,61.279998779296875,61.279998779296875,61.290000915527344,61.279998779296875,61.290000915527344,2087.0
2024-04-24 14:53:00,ZS,177.9949951171875,177.9949951171875,178.14999389648438,177.9949951171875,178.14999389648438,2735.0
2024-04-24 14:53:00,ZURA,3.3399999141693115,3.3399999141693115,3.390000104904175,3.259999990463257,3.259999990463257,11822.0
2024-04-24 14:53:00,ZVSA,0.6092000007629395,0.6092000007629395,0.6092000007629395,0.6092000007629395,0.6092000007629395,593.0
2024-04-24 14:54:00,DSP,8.604999542236328,8.604999542236328,8.604999542236328,8.604999542236328,8.604999542236328,264.0
2024-04-24 14:54:00,EGHT,2.349900007247925,2.349900007247925,2.349900007247925,2.341099977493286,2.341099977493286,3645.0
2024-04-24 14:54:00,FLWS,9.140000343322754,9.140000343322754,9.154999732971191,9.140000343322754,9.154999732971191,1139.0
2024-04-24 14:54:00,MAPS,1.100000023841858,1.100000023841858,1.100000023841858,1.100000023841858,1.100000023841858,200.0
2024-04-24 14:54:00,MASS,5.670000076293945,5.670000076293945,5.670000076293945,5.670000076293945,5.670000076293945,522.0
2024-04-24 14:54:00,ME,0.4722999930381775,0.4722999930381775,0.4722999930381775,0.4722999930381775,0.4722999930381775,0.0
2024-04-24 14:54:00,TSVT,4.28000020980835,4.28000020980835,4.28000020980835,4.28000020980835,4.28000020980835,594.0
2024-04-24 14:54:00,TWOU,0.23999999463558197,0.23999999463558197,0.23999999463558197,0.23999999463558197,0.23999999463558197,3585.0
2024-04-24 14:54:00,TXG,27.31999969482422,27.31999969482422,27.31999969482422,27.309999465942383,27.309999465942383,1505.0
2024-04-24 14:54:00,VC,110.6500015258789,110.6500015258789,110.79000091552734,110.5999984741211,110.5999984741211,3280.0
2024-04-24 14:54:00,VCTR,49.880001068115234,49.880001068115234,49.880001068115234,49.86000061035156,49.86000061035156,1988.0
2024-04-24 14:54:00,VERU,1.350000023841858,1.350000023841858,1.350000023841858,1.340000033378601,1.3450000286102295,5917.0
2024-04-24 14:54:00,VERV,6.614999771118164,6.614999771118164,6.614999771118164,6.610199928283691,6.614999771118164,1010.0
2024-04-24 14:54:00,VERX,28.86750030517578,28.86750030517578,28.8700008392334,28.86750030517578,28.8700008392334,408.0
2024-04-24 14:54:00,VFF,1.3200000524520874,1.3200000524520874,1.3200000524520874,1.3148000240325928,1.3148000240325928,301.0
2024-04-24 14:54:00,VFS,2.494999885559082,2.494999885559082,2.494999885559082,2.490000009536743,2.492000102996826,25430.0
2024-04-24 14:54:00,VICR,31.389999389648438,31.389999389648438,31.389999389648438,31.219999313354492,31.219999313354492,5446.0
2024-04-24 14:54:00,VIR,8.069999694824219,8.069999694824219,8.069999694824219,8.069999694824219,8.069999694824219,101.0
2024-04-24 14:54:00,VIRT,22.110000610351562,22.110000610351562,22.139999389648438,22.110000610351562,22.135000228881836,4849.0
2024-04-24 14:54:00,VITL,26.729999542236328,26.729999542236328,26.729999542236328,26.729999542236328,26.729999542236328,372.0
2024-04-24 14:54:00,VKTX,65.0999984741211,65.0999984741211,65.0999984741211,64.99500274658203,64.99500274658203,3039.0
2024-04-24 14:54:00,VNET,1.559999942779541,1.559999942779541,1.559999942779541,1.559999942779541,1.559999942779541,342.0
2024-04-24 14:54:00,VNOM,39.84000015258789,39.84000015258789,39.84000015258789,39.84000015258789,39.84000015258789,577.0
2024-04-24 14:54:00,VOD,8.625,8.625,8.630000114440918,8.625,8.630000114440918,6257.0
2024-04-24 14:54:00,VOR,1.7400000095367432,1.7400000095367432,1.7400000095367432,1.7400000095367432,1.7400000095367432,749.0
2024-04-24 14:54:00,VRDN,13.199999809265137,13.199999809265137,13.220000267028809,13.199999809265137,13.220000267028809,321.0
2024-04-24 14:54:00,VRNA,15.350000381469727,15.350000381469727,15.350000381469727,15.350000381469727,15.350000381469727,135.0
2024-04-24 14:54:00,VRRM,24.200000762939453,24.200000762939453,24.200000762939453,24.19499969482422,24.19499969482422,2072.0
2024-04-24 14:54:00,VRTX,401.6499938964844,401.6499938964844,401.6499938964844,401.5299987792969,401.5299987792969,1381.0
2024-04-24 14:54:00,VSAT,16.18000030517578,16.18000030517578,16.200000762939453,16.18000030517578,16.19499969482422,4268.0
2024-04-24 14:54:00,VTNR,1.4550000429153442,1.4550000429153442,1.4600000381469727,1.4550000429153442,1.4600000381469727,11251.0
2024-04-24 14:54:00,VTRS,11.489999771118164,11.489999771118164,11.489999771118164,11.479999542236328,11.479999542236328,10342.0
2024-04-24 14:54:00,VUZI,1.3125,1.3125,1.3125,1.309999942779541,1.309999942779541,1817.0
2024-04-24 14:54:00,WAFD,28.260000228881836,28.260000228881836,28.260000228881836,28.239999771118164,28.239999771118164,434.0
2024-04-24 14:54:00,WB,8.375,8.375,8.375,8.375,8.375,907.0
2024-04-24 14:54:00,WBA,17.767499923706055,17.767499923706055,17.767499923706055,17.760099411010742,17.764999389648438,3568.0
2024-04-24 14:54:00,WBD,8.3149995803833,8.3149995803833,8.3149995803833,8.312999725341797,8.3149995803833,4625.0
2024-04-24 14:54:00,WBUY,0.3050000071525574,0.3050000071525574,0.30809998512268066,0.3050000071525574,0.30799999833106995,1512.0
2024-04-24 14:54:00,WDAY,255.8000030517578,255.8000030517578,255.8000030517578,255.69500732421875,255.69500732421875,1484.0
2024-04-24 14:54:00,WDC,69.1500015258789,69.1500015258789,69.16000366210938,69.09500122070312,69.09500122070312,4207.0
2024-04-24 14:54:00,WEN,19.81999969482422,19.81999969482422,19.825000762939453,19.815000534057617,19.815000534057617,3477.0
2024-04-24 14:54:00,WERN,35.20500183105469,35.20500183105469,35.20500183105469,35.20000076293945,35.20000076293945,917.0
2024-04-24 14:54:00,WFRD,123.56999969482422,123.56999969482422,123.56999969482422,123.5199966430664,123.52999877929688,3907.0
2024-04-24 14:54:00,WIMI,1.0399999618530273,1.0399999618530273,1.0399999618530273,1.030500054359436,1.030500054359436,46463.0
2024-04-24 14:54:00,WING,365.1549987792969,365.1549987792969,365.1549987792969,365.1549987792969,365.1549987792969,456.0
2024-04-24 14:54:00,WISA,6.114999771118164,6.114999771118164,6.149899959564209,6.090000152587891,6.105899810791016,7994.0
2024-04-24 14:54:00,WIX,121.5,121.5,121.5,121.5,121.5,563.0
2024-04-24 14:54:00,WKHS,0.16179999709129333,0.16179999709129333,0.16189999878406525,0.16179999709129333,0.16179999709129333,19952.0
2024-04-24 14:54:00,WKME,7.96999979019165,7.96999979019165,8.0,7.96999979019165,8.0,1555.0
2024-04-24 14:54:00,WMG,32.005001068115234,32.005001068115234,32.0099983215332,32.005001068115234,32.0099983215332,734.0
2024-04-24 14:54:00,WRLD,137.8000030517578,137.8000030517578,137.8000030517578,137.8000030517578,137.8000030517578,8.0
2024-04-24 14:54:00,WSBC,28.190000534057617,28.190000534057617,28.190000534057617,28.190000534057617,28.190000534057617,398.0
2024-04-24 14:54:00,WSC,37.97999954223633,37.97999954223633,37.9900016784668,37.97999954223633,37.9900016784668,1853.0
2024-04-24 14:54:00,WSFS,44.76499938964844,44.76499938964844,44.790000915527344,44.76499938964844,44.790000915527344,2721.0
2024-04-24 14:54:00,WVE,5.184999942779541,5.184999942779541,5.184999942779541,5.184999942779541,5.184999942779541,415.0
2024-04-24 14:54:00,WW,1.6399999856948853,1.6399999856948853,1.6399999856948853,1.6399999856948853,1.6399999856948853,698.0
2024-04-24 14:54:00,WWD,149.1199951171875,149.1199951171875,149.2100067138672,149.1199951171875,149.2100067138672,1544.0
2024-04-24 14:54:00,WYNN,96.93000030517578,96.93000030517578,96.94000244140625,96.9000015258789,96.9000015258789,1259.0
2024-04-24 14:54:00,XEL,55.474998474121094,55.474998474121094,55.494998931884766,55.470001220703125,55.474998474121094,25405.0
2024-04-24 14:54:00,XENE,39.625,39.625,39.66999816894531,39.619998931884766,39.650001525878906,2310.0
2024-04-24 14:54:00,XERS,1.7649999856948853,1.7649999856948853,1.7649999856948853,1.7649999856948853,1.7649999856948853,494.0
2024-04-24 14:54:00,XFOR,1.2450000047683716,1.2450000047683716,1.25,1.2450000047683716,1.25,332.0
2024-04-24 14:54:00,XMTR,16.860000610351562,16.860000610351562,16.889999389648438,16.860000610351562,16.8700008392334,4862.0
2024-04-24 14:54:00,XP,20.530000686645508,20.530000686645508,20.530000686645508,20.52050018310547,20.530000686645508,2520.0
2024-04-24 14:54:00,XRX,14.345000267028809,14.345000267028809,14.350000381469727,14.345000267028809,14.345000267028809,14496.0
2024-04-24 14:54:00,XWEL,1.7300000190734863,1.7300000190734863,1.7300000190734863,1.7300000190734863,1.7300000190734863,2200.0
2024-04-24 14:54:00,XXII,1.8717999458312988,1.8717999458312988,1.8717999458312988,1.8717999458312988,1.8717999458312988,577.0
2024-04-24 14:54:00,Z,43.35499954223633,43.35499954223633,43.35499954223633,43.34000015258789,43.349998474121094,2132.0
2024-04-24 14:54:00,ZAPP,3.9800000190734863,3.9800000190734863,3.9800000190734863,3.9800000190734863,3.9800000190734863,472.0
2024-04-24 14:54:00,ZBRA,276.7950134277344,276.7950134277344,276.8399963378906,276.7149963378906,276.8399963378906,1254.0
2024-04-24 14:54:00,ZD,51.84000015258789,51.84000015258789,51.84000015258789,51.81999969482422,51.81999969482422,612.0
2024-04-24 14:54:00,ZG,42.869998931884766,42.869998931884766,42.869998931884766,42.849998474121094,42.849998474121094,546.0
2024-04-24 14:54:00,ZI,15.805000305175781,15.805000305175781,15.805000305175781,15.789999961853027,15.789999961853027,7000.0
2024-04-24 14:54:00,ZION,42.119998931884766,42.119998931884766,42.119998931884766,42.11000061035156,42.11000061035156,2074.0
2024-04-24 14:54:00,ZLAB,15.609999656677246,15.609999656677246,15.609999656677246,15.609999656677246,15.609999656677246,682.0
2024-04-24 14:54:00,ZM,61.29999923706055,61.29999923706055,61.29999923706055,61.290000915527344,61.290000915527344,3610.0
2024-04-24 14:54:00,ZNTL,11.800000190734863,11.800000190734863,11.800000190734863,11.800000190734863,11.800000190734863,478.0
2024-04-24 14:54:00,ZS,178.13999938964844,178.13999938964844,178.13999938964844,178.05999755859375,178.05999755859375,1464.0
2024-04-24 14:54:00,ZUMZ,17.350000381469727,17.350000381469727,17.350000381469727,17.350000381469727,17.350000381469727,401.0
2024-04-24 14:54:00,ZURA,3.299999952316284,3.299999952316284,3.299999952316284,3.299999952316284,3.299999952316284,696.0
2024-04-24 14:54:00,ZVRA,4.519999980926514,4.519999980926514,4.519999980926514,4.519999980926514,4.519999980926514,3.0
2024-04-24 14:54:00,ZYXI,11.260000228881836,11.260000228881836,11.260000228881836,11.260000228881836,11.260000228881836,790.0
2024-04-24 14:55:00,COCO,24.309999465942383,24.309999465942383,24.329999923706055,24.309999465942383,24.329999923706055,1858.0
2024-04-24 14:55:00,DIBS,5.400000095367432,5.400000095367432,5.400000095367432,5.400000095367432,5.400000095367432,247.0
2024-04-24 14:55:00,EGHT,2.3450000286102295,2.3450000286102295,2.3450000286102295,2.3450000286102295,2.3450000286102295,500.0
2024-04-24 14:55:00,FDMT,24.520000457763672,24.520000457763672,24.520000457763672,24.520000457763672,24.520000457763672,221.0
2024-04-24 14:55:00,MAPS,1.100000023841858,1.100000023841858,1.100000023841858,1.100000023841858,1.100000023841858,22.0
2024-04-24 14:55:00,ME,0.4722999930381775,0.4722999930381775,0.4722999930381775,0.4722999930381775,0.4722999930381775,2300.0
2024-04-24 14:55:00,SEAT,5.869999885559082,5.869999885559082,5.869999885559082,5.864999771118164,5.864999771118164,304.0
2024-04-24 14:55:00,TSVT,4.269999980926514,4.269999980926514,4.269999980926514,4.269999980926514,4.269999980926514,207.0
2024-04-24 14:55:00,TWOU,0.23999999463558197,0.23999999463558197,0.23999999463558197,0.23999999463558197,0.23999999463558197,112963.0
2024-04-24 14:55:00,TXG,27.329999923706055,27.329999923706055,27.34000015258789,27.329999923706055,27.34000015258789,3282.0
2024-04-24 14:55:00,VERU,1.340000033378601,1.340000033378601,1.340000033378601,1.340000033378601,1.340000033378601,2320.0
2024-04-24 14:55:00,VERV,6.614999771118164,6.614999771118164,6.619999885559082,6.614999771118164,6.619999885559082,2578.0
2024-04-24 14:55:00,VERX,28.895000457763672,28.895000457763672,28.90999984741211,28.889999389648438,28.889999389648438,4789.0
2024-04-24 14:55:00,VFF,1.315000057220459,1.315000057220459,1.315000057220459,1.315000057220459,1.315000057220459,308.0
2024-04-24 14:55:00,VFS,2.484999895095825,2.484999895095825,2.494999885559082,2.484999895095825,2.494999885559082,10822.0
2024-04-24 14:55:00,VIAV,7.974999904632568,7.974999904632568,7.980000019073486,7.974999904632568,7.974999904632568,1172.0
2024-04-24 14:55:00,VIR,8.074999809265137,8.074999809265137,8.074999809265137,8.074999809265137,8.074999809265137,208.0
2024-04-24 14:55:00,VIRT,22.1200008392334,22.1200008392334,22.1200008392334,22.100000381469727,22.1200008392334,2293.0
2024-04-24 14:55:00,VITL,26.75,26.75,26.75,26.739999771118164,26.739999771118164,1543.0
2024-04-24 14:55:00,VKTX,65.12000274658203,65.12000274658203,65.12999725341797,65.12000274658203,65.12999725341797,878.0
2024-04-24 14:55:00,VLCN,0.2542000114917755,0.2542000114917755,0.2542000114917755,0.2542000114917755,0.2542000114917755,1586.0
2024-04-24 14:55:00,VMD,7.985000133514404,7.985000133514404,8.0,7.985000133514404,7.989999771118164,773.0
2024-04-24 14:55:00,VMEO,3.5250000953674316,3.5250000953674316,3.5250000953674316,3.5250000953674316,3.5250000953674316,596.0
2024-04-24 14:55:00,VNET,1.559999942779541,1.559999942779541,1.559999942779541,1.559999942779541,1.559999942779541,116.0
2024-04-24 14:55:00,VNOM,39.8849983215332,39.8849983215332,39.935001373291016,39.84000015258789,39.849998474121094,26042.0
2024-04-24 14:55:00,VOD,8.619999885559082,8.619999885559082,8.630000114440918,8.619999885559082,8.625,1721.0
2024-04-24 14:55:00,VRDN,13.204999923706055,13.204999923706055,13.229999542236328,13.204999923706055,13.220000267028809,1931.0
2024-04-24 14:55:00,VRRM,24.190000534057617,24.190000534057617,24.200000762939453,24.190000534057617,24.200000762939453,1484.0
2024-04-24 14:55:00,VSAT,16.184999465942383,16.184999465942383,16.184999465942383,16.184999465942383,16.184999465942383,1085.0
2024-04-24 14:55:00,VTNR,1.4699000120162964,1.4699000120162964,1.4699000120162964,1.4550000429153442,1.4550000429153442,14983.0
2024-04-24 14:55:00,VTRS,11.484999656677246,11.484999656677246,11.489999771118164,11.484999656677246,11.484999656677246,4035.0
2024-04-24 14:55:00,VVPR,3.6600000858306885,3.6600000858306885,3.6700000762939453,3.6549999713897705,3.6549999713897705,2557.0
2024-04-24 14:55:00,WAFD,28.260000228881836,28.260000228881836,28.260000228881836,28.239999771118164,28.253999710083008,2794.0
2024-04-24 14:55:00,WAVD,1.9251999855041504,1.9251999855041504,1.9251999855041504,1.9251999855041504,1.9251999855041504,1710.0
2024-04-24 14:55:00,WBA,17.7549991607666,17.7549991607666,17.770000457763672,17.7549991607666,17.764999389648438,6622.0
2024-04-24 14:55:00,WBD,8.3149995803833,8.3149995803833,8.317500114440918,8.3100004196167,8.3149995803833,5284.0
2024-04-24 14:55:00,WDAY,255.77000427246094,255.77000427246094,255.8800048828125,255.77000427246094,255.8800048828125,2883.0
2024-04-24 14:55:00,WDC,69.19000244140625,69.19000244140625,69.19499969482422,69.16000366210938,69.16000366210938,5419.0
2024-04-24 14:55:00,WEN,19.815000534057617,19.815000534057617,19.81999969482422,19.815000534057617,19.81999969482422,913.0
2024-04-24 14:55:00,WERN,35.20000076293945,35.20000076293945,35.20500183105469,35.20000076293945,35.20500183105469,1126.0
2024-04-24 14:55:00,WFRD,123.68000030517578,123.68000030517578,123.7249984741211,123.58999633789062,123.58999633789062,2612.0
2024-04-24 14:55:00,WIMI,1.0400999784469604,1.0400999784469604,1.0499999523162842,1.0399999618530273,1.0449999570846558,15414.0
2024-04-24 14:55:00,WING,365.2799987792969,365.2799987792969,365.2799987792969,365.2799987792969,365.2799987792969,621.0
2024-04-24 14:55:00,WISA,6.0920000076293945,6.0920000076293945,6.0920000076293945,6.090000152587891,6.090000152587891,8907.0
2024-04-24 14:55:00,WKHS,0.16179999709129333,0.16179999709129333,0.16189999878406525,0.16179999709129333,0.16179999709129333,51237.0
2024-04-24 14:55:00,WMG,32.01499938964844,32.01499938964844,32.01499938964844,32.0099983215332,32.01499938964844,915.0
2024-04-24 14:55:00,WSC,38.0099983215332,38.0099983215332,38.02000045776367,37.970001220703125,37.970001220703125,11414.0
2024-04-24 14:55:00,WTW,264.18499755859375,264.18499755859375,264.18499755859375,264.17999267578125,264.17999267578125,1408.0
2024-04-24 14:55:00,WVE,5.184999942779541,5.184999942779541,5.190000057220459,5.184999942779541,5.184999942779541,838.0
2024-04-24 14:55:00,WW,1.6399999856948853,1.6399999856948853,1.6449999809265137,1.6399999856948853,1.6399999856948853,5744.0
2024-04-24 14:55:00,WYNN,96.87999725341797,96.87999725341797,96.98999786376953,96.87999725341797,96.94999694824219,4384.0
2024-04-24 14:55:00,XEL,55.459999084472656,55.459999084472656,55.470001220703125,55.459999084472656,55.470001220703125,3455.0
2024-04-24 14:55:00,XERS,1.7699999809265137,1.7699999809265137,1.7699999809265137,1.7599999904632568,1.7599999904632568,1027.0
2024-04-24 14:55:00,XFOR,1.25,1.25,1.25,1.25,1.25,400.0
2024-04-24 14:55:00,XMTR,16.850000381469727,16.850000381469727,16.850000381469727,16.850000381469727,16.850000381469727,1121.0
2024-04-24 14:55:00,XNCR,18.610000610351562,18.610000610351562,18.610000610351562,18.610000610351562,18.610000610351562,135.0
2024-04-24 14:55:00,XP,20.514999389648438,20.514999389648438,20.53499984741211,20.514999389648438,20.524999618530273,8191.0
2024-04-24 14:55:00,XRX,14.354999542236328,14.354999542236328,14.354999542236328,14.354999542236328,14.354999542236328,898.0
2024-04-24 14:55:00,XWEL,1.7799999713897705,1.7799999713897705,1.7799999713897705,1.7799999713897705,1.7799999713897705,1586.0
2024-04-24 14:55:00,YTRA,1.2799999713897705,1.2799999713897705,1.284999966621399,1.2799999713897705,1.284999966621399,3361.0
2024-04-24 14:55:00,Z,43.349998474121094,43.349998474121094,43.369998931884766,43.349998474121094,43.369998931884766,1338.0
2024-04-24 14:55:00,ZBRA,276.8900146484375,276.8900146484375,276.8900146484375,276.80499267578125,276.80499267578125,770.0
2024-04-24 14:55:00,ZCMD,1.6299999952316284,1.6299999952316284,1.6299999952316284,1.6299999952316284,1.6299999952316284,990.0
2024-04-24 14:55:00,ZG,42.86000061035156,42.86000061035156,42.875,42.86000061035156,42.875,1016.0
2024-04-24 14:55:00,ZION,42.08000183105469,42.08000183105469,42.119998931884766,42.08000183105469,42.119998931884766,1285.0
2024-04-24 14:55:00,ZLAB,15.600000381469727,15.600000381469727,15.600000381469727,15.600000381469727,15.600000381469727,629.0
2024-04-24 14:55:00,ZM,61.31999969482422,61.31999969482422,61.33000183105469,61.310001373291016,61.310001373291016,2754.0
2024-04-24 14:55:00,ZNTL,11.800000190734863,11.800000190734863,11.800000190734863,11.795000076293945,11.795000076293945,350.0
2024-04-24 14:55:00,ZUMZ,17.34000015258789,17.34000015258789,17.34000015258789,17.34000015258789,17.34000015258789,290.0
2024-04-24 14:55:00,ZURA,3.2899999618530273,3.2899999618530273,3.299999952316284,3.2899999618530273,3.299999952316284,2300.0
2024-04-24 14:55:00,ZVRA,4.525000095367432,4.525000095367432,4.525000095367432,4.525000095367432,4.525000095367432,207.0
2024-04-24 14:55:00,ZVSA,0.6000999808311462,0.6000999808311462,0.6000999808311462,0.6000999808311462,0.6000999808311462,231.0
2024-04-24 14:55:00,ZYME,8.579999923706055,8.579999923706055,8.588000297546387,8.579999923706055,8.588000297546387,5916.0
2024-04-24 14:55:00,ZYXI,11.260000228881836,11.260000228881836,11.260000228881836,11.260000228881836,11.260000228881836,200.0
2024-04-24 14:56:00,AIXI,1.2300000190734863,1.2300000190734863,1.23989999294281,1.2300000190734863,1.23989999294281,1886.0
2024-04-24 14:56:00,DIBS,5.400000095367432,5.400000095367432,5.400000095367432,5.400000095367432,5.400000095367432,187.0
2024-04-24 14:56:00,ETNB,8.604999542236328,8.604999542236328,8.609999656677246,8.604999542236328,8.609999656677246,1650.0
2024-04-24 14:56:00,FLWS,9.154999732971191,9.154999732971191,9.154999732971191,9.140000343322754,9.140000343322754,294.0
2024-04-24 14:56:00,FREE,4.809999942779541,4.809999942779541,4.820000171661377,4.809999942779541,4.820000171661377,973.0
2024-04-24 14:56:00,MASS,5.679999828338623,5.679999828338623,5.679999828338623,5.679999828338623,5.679999828338623,159.0
2024-04-24 14:56:00,ME,0.4722999930381775,0.4722999930381775,0.4722999930381775,0.4722000062465668,0.4722999930381775,403.0
2024-04-24 14:56:00,SEAT,5.864999771118164,5.864999771118164,5.869999885559082,5.864999771118164,5.869999885559082,533.0
2024-04-24 14:56:00,TWOU,0.23999999463558197,0.23999999463558197,0.23999999463558197,0.23999999463558197,0.23999999463558197,109871.0
2024-04-24 14:56:00,TXG,27.34000015258789,27.34000015258789,27.34000015258789,27.34000015258789,27.34000015258789,524.0
2024-04-24 14:56:00,VC,110.5250015258789,110.5250015258789,110.55000305175781,110.5250015258789,110.55000305175781,897.0
2024-04-24 14:56:00,VERU,1.3450000286102295,1.3450000286102295,1.3450000286102295,1.3450000286102295,1.3450000286102295,4581.0
2024-04-24 14:56:00,VERV,6.605000019073486,6.605000019073486,6.625,6.605000019073486,6.614999771118164,4644.0
2024-04-24 14:56:00,VERX,28.93000030517578,28.93000030517578,28.959999084472656,28.899999618530273,28.899999618530273,3434.0
2024-04-24 14:56:00,VIAV,7.980000019073486,7.980000019073486,7.980000019073486,7.974999904632568,7.974999904632568,1695.0
2024-04-24 14:56:00,VIR,8.074999809265137,8.074999809265137,8.074999809265137,8.074999809265137,8.074999809265137,319.0
2024-04-24 14:56:00,VIRT,22.170000076293945,22.170000076293945,22.18000030517578,22.110000610351562,22.1200008392334,4519.0
2024-04-24 14:56:00,VITL,26.760000228881836,26.760000228881836,26.760000228881836,26.760000228881836,26.760000228881836,656.0
2024-04-24 14:56:00,VKTX,64.9364013671875,64.9364013671875,65.0,64.9364013671875,65.0,1778.0
2024-04-24 14:56:00,VMAR,0.5249999761581421,0.5249999761581421,0.5249999761581421,0.5249999761581421,0.5249999761581421,131.0
2024-04-24 14:56:00,VMD,7.980000019073486,7.980000019073486,7.989999771118164,7.980000019073486,7.980000019073486,3035.0
2024-04-24 14:56:00,VMEO,3.5250000953674316,3.5250000953674316,3.5250000953674316,3.5250000953674316,3.5250000953674316,668.0
2024-04-24 14:56:00,VNET,1.559999942779541,1.559999942779541,1.559999942779541,1.559999942779541,1.559999942779541,200.0
2024-04-24 14:56:00,VNOM,39.8650016784668,39.8650016784668,39.869998931884766,39.8650016784668,39.869998931884766,757.0
2024-04-24 14:56:00,VOD,8.625,8.625,8.630000114440918,8.625,8.630000114440918,497.0
2024-04-24 14:56:00,VRDN,13.204999923706055,13.204999923706055,13.204999923706055,13.204999923706055,13.204999923706055,258.0
2024-04-24 14:56:00,VRNA,15.34000015258789,15.34000015258789,15.34000015258789,15.34000015258789,15.34000015258789,746.0
2024-04-24 14:56:00,VRRM,24.21500015258789,24.21500015258789,24.21500015258789,24.184999465942383,24.184999465942383,7245.0
2024-04-24 14:56:00,VSAT,16.15999984741211,16.15999984741211,16.18000030517578,16.15999984741211,16.18000030517578,1841.0
2024-04-24 14:56:00,VTNR,1.4600000381469727,1.4600000381469727,1.4600000381469727,1.4600000381469727,1.4600000381469727,420.0
2024-04-24 14:56:00,VTRS,11.484999656677246,11.484999656677246,11.489999771118164,11.479999542236328,11.484999656677246,3710.0
2024-04-24 14:56:00,VTSI,12.279999732971191,12.279999732971191,12.279999732971191,12.279999732971191,12.279999732971191,811.0
2024-04-24 14:56:00,VUZI,1.315000057220459,1.315000057220459,1.3200000524520874,1.315000057220459,1.3200000524520874,800.0
2024-04-24 14:56:00,VYGR,7.480000019073486,7.480000019073486,7.480000019073486,7.480000019073486,7.480000019073486,126.0
2024-04-24 14:56:00,WAFD,28.209999084472656,28.209999084472656,28.280000686645508,28.209999084472656,28.260000228881836,4021.0
2024-04-24 14:56:00,WB,8.385000228881836,8.385000228881836,8.385000228881836,8.380000114440918,8.380000114440918,1144.0
2024-04-24 14:56:00,WBA,17.7549991607666,17.7549991607666,17.757299423217773,17.75,17.7549991607666,5020.0
2024-04-24 14:56:00,WBD,8.3100004196167,8.3100004196167,8.317500114440918,8.3100004196167,8.317500114440918,12078.0
2024-04-24 14:56:00,WBUY,0.3050000071525574,0.3050000071525574,0.3050000071525574,0.3050000071525574,0.3050000071525574,2506.0
2024-04-24 14:56:00,WDAY,255.74000549316406,255.74000549316406,255.74000549316406,255.73500061035156,255.74000549316406,518.0
2024-04-24 14:56:00,WDC,69.13999938964844,69.13999938964844,69.18000030517578,69.13999938964844,69.18000030517578,10080.0
2024-04-24 14:56:00,WDFC,226.83999633789062,226.83999633789062,226.88999938964844,226.83999633789062,226.88999938964844,995.0
2024-04-24 14:56:00,WEN,19.815000534057617,19.815000534057617,19.815000534057617,19.809999465942383,19.809999465942383,1154.0
2024-04-24 14:56:00,WERN,35.279998779296875,35.279998779296875,35.28499984741211,35.20000076293945,35.20000076293945,4680.0
2024-04-24 14:56:00,WFRD,123.58499908447266,123.58499908447266,123.68000030517578,123.58499908447266,123.68000030517578,2031.0
2024-04-24 14:56:00,WIMI,1.0499999523162842,1.0499999523162842,1.0499999523162842,1.0499999523162842,1.0499999523162842,284.0
2024-04-24 14:56:00,WISA,6.119999885559082,6.119999885559082,6.130000114440918,6.090099811553955,6.090099811553955,7188.0
2024-04-24 14:56:00,WIX,121.58000183105469,121.58000183105469,121.66000366210938,121.4800033569336,121.4800033569336,4808.0
2024-04-24 14:56:00,WKHS,0.16179999709129333,0.16179999709129333,0.16179999709129333,0.16179999709129333,0.16179999709129333,14455.0
2024-04-24 14:56:00,WMG,32.01499938964844,32.01499938964844,32.01499938964844,32.01499938964844,32.01499938964844,759.0
2024-04-24 14:56:00,WSBC,28.190000534057617,28.190000534057617,28.190000534057617,28.18000030517578,28.18000030517578,627.0
2024-04-24 14:56:00,WSC,37.9900016784668,37.9900016784668,38.01499938964844,37.9900016784668,38.0099983215332,4052.0
2024-04-24 14:56:00,WTFC,99.87999725341797,99.87999725341797,99.95999908447266,99.80000305175781,99.95999908447266,4897.0
2024-04-24 14:56:00,WVE,5.184999942779541,5.184999942779541,5.184999942779541,5.184999942779541,5.184999942779541,610.0
2024-04-24 14:56:00,WWD,149.22000122070312,149.22000122070312,149.22000122070312,149.1649932861328,149.1649932861328,2980.0
2024-04-24 14:56:00,WYNN,96.86000061035156,96.86000061035156,96.88999938964844,96.8499984741211,96.8499984741211,2125.0
2024-04-24 14:56:00,XEL,55.47999954223633,55.47999954223633,55.48500061035156,55.459999084472656,55.459999084472656,8009.0
2024-04-24 14:56:00,XENE,39.560001373291016,39.560001373291016,39.560001373291016,39.560001373291016,39.560001373291016,857.0
2024-04-24 14:56:00,XERS,1.7599999904632568,1.7599999904632568,1.7599999904632568,1.7599999904632568,1.7599999904632568,0.0
2024-04-24 14:56:00,XFOR,1.25,1.25,1.25,1.25,1.25,200.0
2024-04-24 14:56:00,XNCR,18.6299991607666,18.6299991607666,18.6299991607666,18.6299991607666,18.6299991607666,128.0
2024-04-24 14:56:00,XP,20.520000457763672,20.520000457763672,20.530000686645508,20.514999389648438,20.520000457763672,6353.0
2024-04-24 14:56:00,XRX,14.354999542236328,14.354999542236328,14.354999542236328,14.353099822998047,14.353099822998047,2263.0
2024-04-24 14:56:00,Z,43.380001068115234,43.380001068115234,43.380001068115234,43.369998931884766,43.369998931884766,4925.0
2024-04-24 14:56:00,ZCMD,1.659999966621399,1.659999966621399,1.659999966621399,1.6299999952316284,1.6299999952316284,1223.0
2024-04-24 14:56:00,ZD,51.90999984741211,51.90999984741211,51.90999984741211,51.8650016784668,51.8650016784668,346.0
2024-04-24 14:56:00,ZG,42.869998931884766,42.869998931884766,42.88999938964844,42.869998931884766,42.88999938964844,226.0
2024-04-24 14:56:00,ZI,15.805000305175781,15.805000305175781,15.805000305175781,15.800000190734863,15.800000190734863,1862.0
2024-04-24 14:56:00,ZION,42.08000183105469,42.08000183105469,42.08000183105469,42.08000183105469,42.08000183105469,1465.0
2024-04-24 14:56:00,ZLAB,15.600000381469727,15.600000381469727,15.600000381469727,15.600000381469727,15.600000381469727,446.0
2024-04-24 14:56:00,ZM,61.29999923706055,61.29999923706055,61.310001373291016,61.29999923706055,61.310001373291016,2495.0
2024-04-24 14:56:00,ZNTL,11.795000076293945,11.795000076293945,11.795000076293945,11.795000076293945,11.795000076293945,234.0
2024-04-24 14:56:00,ZUMZ,17.329999923706055,17.329999923706055,17.329999923706055,17.329999923706055,17.329999923706055,429.0
2024-04-24 14:56:00,ZURA,3.315000057220459,3.315000057220459,3.319999933242798,3.299999952316284,3.299999952316284,14190.0
2024-04-24 14:56:00,ZVSA,0.6086999773979187,0.6086999773979187,0.6092000007629395,0.6086999773979187,0.6092000007629395,507.0
2024-04-24 14:56:00,ZYME,8.579999923706055,8.579999923706055,8.59000015258789,8.579999923706055,8.579999923706055,1637.0
2024-04-24 14:56:00,ZYXI,11.25,11.25,11.25,11.25,11.25,294.0
2024-04-24 14:57:00,COCO,24.309999465942383,24.309999465942383,24.309999465942383,24.309999465942383,24.309999465942383,1321.0
2024-04-24 14:57:00,EGHT,2.3399999141693115,2.3399999141693115,2.3399999141693115,2.3399999141693115,2.3399999141693115,932.0
2024-04-24 14:57:00,ETNB,8.609999656677246,8.609999656677246,8.609999656677246,8.60260009765625,8.60260009765625,5294.0
2024-04-24 14:57:00,FDMT,24.469999313354492,24.469999313354492,24.5,24.469999313354492,24.5,702.0
2024-04-24 14:57:00,FLWS,9.154999732971191,9.154999732971191,9.170000076293945,9.140000343322754,9.140000343322754,512.0
2024-04-24 14:57:00,FREE,4.809999942779541,4.809999942779541,4.809999942779541,4.809999942779541,4.809999942779541,350.0
2024-04-24 14:57:00,MAPS,1.100000023841858,1.100000023841858,1.100000023841858,1.100000023841858,1.100000023841858,334.0
2024-04-24 14:57:00,ME,0.4722999930381775,0.4722999930381775,0.4722999930381775,0.4722999930381775,0.4722999930381775,572.0
2024-04-24 14:57:00,TSVT,4.269999980926514,4.269999980926514,4.269999980926514,4.269999980926514,4.269999980926514,1017.0
2024-04-24 14:57:00,TWOU,0.23999999463558197,0.23999999463558197,0.23999999463558197,0.23999999463558197,0.23999999463558197,947.0
2024-04-24 14:57:00,TXG,27.34000015258789,27.34000015258789,27.34000015258789,27.34000015258789,27.34000015258789,1252.0
2024-04-24 14:57:00,VC,110.48500061035156,110.48500061035156,110.51000213623047,110.48500061035156,110.51000213623047,550.0
2024-04-24 14:57:00,VERU,1.350000023841858,1.350000023841858,1.350000023841858,1.340000033378601,1.350000023841858,6367.0
2024-04-24 14:57:00,VERV,6.605000019073486,6.605000019073486,6.610000133514404,6.605000019073486,6.605000019073486,996.0
2024-04-24 14:57:00,VERX,28.924999237060547,28.924999237060547,28.93000030517578,28.920000076293945,28.93000030517578,1631.0
2024-04-24 14:57:00,VFS,2.484999895095825,2.484999895095825,2.484999895095825,2.484999895095825,2.484999895095825,2392.0
2024-04-24 14:57:00,VIAV,7.980000019073486,7.980000019073486,7.980000019073486,7.974999904632568,7.974999904632568,231.0
2024-04-24 14:57:00,VICR,31.264999389648438,31.264999389648438,31.264999389648438,31.264999389648438,31.264999389648438,730.0
2024-04-24 14:57:00,VIRT,22.15999984741211,22.15999984741211,22.170000076293945,22.15999984741211,22.170000076293945,1918.0
2024-04-24 14:57:00,VKTX,64.94499969482422,64.94499969482422,64.98390197753906,64.9000015258789,64.9000015258789,6565.0
2024-04-24 14:57:00,VMD,7.980000019073486,7.980000019073486,7.980000019073486,7.980000019073486,7.980000019073486,535.0
2024-04-24 14:57:00,VMEO,3.5250000953674316,3.5250000953674316,3.5250000953674316,3.5250000953674316,3.5250000953674316,1406.0
2024-04-24 14:57:00,VNET,1.559999942779541,1.559999942779541,1.559999942779541,1.559999942779541,1.559999942779541,8236.0
2024-04-24 14:57:00,VNOM,39.83000183105469,39.83000183105469,39.880001068115234,39.7599983215332,39.869998931884766,15311.0
2024-04-24 14:57:00,VOD,8.630000114440918,8.630000114440918,8.630000114440918,8.625,8.625,635.0
2024-04-24 14:57:00,VOR,1.7400000095367432,1.7400000095367432,1.7400000095367432,1.7400000095367432,1.7400000095367432,232.0
2024-04-24 14:57:00,VRCA,6.769999980926514,6.769999980926514,6.769999980926514,6.769999980926514,6.769999980926514,931.0
2024-04-24 14:57:00,VRDN,13.197500228881836,13.197500228881836,13.199999809265137,13.194999694824219,13.199999809265137,1418.0
2024-04-24 14:57:00,VRNA,15.335000038146973,15.335000038146973,15.34000015258789,15.335000038146973,15.339400291442871,1174.0
2024-04-24 14:57:00,VRTX,401.5199890136719,401.5199890136719,401.5899963378906,401.510009765625,401.510009765625,753.0
2024-04-24 14:57:00,VSAT,16.149999618530273,16.149999618530273,16.149999618530273,16.149999618530273,16.149999618530273,2629.0
2024-04-24 14:57:00,VTNR,1.4550000429153442,1.4550000429153442,1.4608999490737915,1.4500000476837158,1.4608999490737915,27656.0
2024-04-24 14:57:00,VTRS,11.484999656677246,11.484999656677246,11.489999771118164,11.484999656677246,11.489999771118164,2243.0
2024-04-24 14:57:00,VUZI,1.315000057220459,1.315000057220459,1.315000057220459,1.309999942779541,1.315000057220459,320.0
2024-04-24 14:57:00,VYGR,7.480000019073486,7.480000019073486,7.480000019073486,7.480000019073486,7.480000019073486,1231.0
2024-04-24 14:57:00,WAFD,28.20400047302246,28.20400047302246,28.20400047302246,28.20400047302246,28.20400047302246,275.0
2024-04-24 14:57:00,WB,8.380000114440918,8.380000114440918,8.380000114440918,8.380000114440918,8.380000114440918,676.0
2024-04-24 14:57:00,WBA,17.764999389648438,17.764999389648438,17.780000686645508,17.7549991607666,17.7549991607666,39621.0
2024-04-24 14:57:00,WBD,8.3149995803833,8.3149995803833,8.317500114440918,8.3100004196167,8.3100004196167,9799.0
2024-04-24 14:57:00,WDAY,255.8800048828125,255.8800048828125,255.8800048828125,255.80499267578125,255.80499267578125,826.0
2024-04-24 14:57:00,WDC,69.1500015258789,69.1500015258789,69.16000366210938,69.13999938964844,69.1500015258789,2826.0
2024-04-24 14:57:00,WDFC,227.14999389648438,227.14999389648438,227.14999389648438,227.14999389648438,227.14999389648438,1416.0
2024-04-24 14:57:00,WEN,19.815000534057617,19.815000534057617,19.815000534057617,19.810100555419922,19.815000534057617,693.0
2024-04-24 14:57:00,WERN,35.275001525878906,35.275001525878906,35.275001525878906,35.275001525878906,35.275001525878906,162.0
2024-04-24 14:57:00,WFRD,123.59500122070312,123.59500122070312,123.70909881591797,123.59500122070312,123.70909881591797,1108.0
2024-04-24 14:57:00,WIMI,1.0490000247955322,1.0490000247955322,1.0490000247955322,1.0490000247955322,1.0490000247955322,138.0
2024-04-24 14:57:00,WISA,6.135000228881836,6.135000228881836,6.135000228881836,6.125,6.125,834.0
2024-04-24 14:57:00,WIX,121.62999725341797,121.62999725341797,121.7300033569336,121.57499694824219,121.57499694824219,5932.0
2024-04-24 14:57:00,WKHS,0.16179999709129333,0.16179999709129333,0.16189999878406525,0.16179999709129333,0.16189999878406525,14559.0
2024-04-24 14:57:00,WLFC,48.77000045776367,48.77000045776367,48.77000045776367,48.77000045776367,48.77000045776367,0.0
2024-04-24 14:57:00,WMG,32.01499938964844,32.01499938964844,32.02000045776367,32.01499938964844,32.01499938964844,1997.0
2024-04-24 14:57:00,WPRT,5.579999923706055,5.579999923706055,5.579999923706055,5.579999923706055,5.579999923706055,1000.0
2024-04-24 14:57:00,WRLD,137.86000061035156,137.86000061035156,138.10000610351562,137.86000061035156,137.8800048828125,1310.0
2024-04-24 14:57:00,WSBC,28.18000030517578,28.18000030517578,28.18000030517578,28.18000030517578,28.18000030517578,387.0
2024-04-24 14:57:00,WSC,37.95000076293945,37.95000076293945,37.97999954223633,37.95000076293945,37.97999954223633,3938.0
2024-04-24 14:57:00,WVE,5.190000057220459,5.190000057220459,5.190000057220459,5.184999942779541,5.184999942779541,514.0
2024-04-24 14:57:00,WYNN,96.8550033569336,96.8550033569336,96.86499786376953,96.83999633789062,96.86000061035156,911.0
2024-04-24 14:57:00,XBIT,8.1850004196167,8.1850004196167,8.1850004196167,8.1850004196167,8.1850004196167,103.0
2024-04-24 14:57:00,XEL,55.5099983215332,55.5099983215332,55.5099983215332,55.470001220703125,55.47999954223633,8436.0
2024-04-24 14:57:00,XFOR,1.25,1.25,1.25,1.25,1.25,216.0
2024-04-24 14:57:00,XMTR,16.84000015258789,16.84000015258789,16.84000015258789,16.84000015258789,16.84000015258789,735.0
2024-04-24 14:57:00,XOS,7.610000133514404,7.610000133514404,7.610000133514404,7.610000133514404,7.610000133514404,459.0
2024-04-24 14:57:00,XP,20.524999618530273,20.524999618530273,20.524999618530273,20.524999618530273,20.524999618530273,708.0
2024-04-24 14:57:00,XRX,14.354999542236328,14.354999542236328,14.354999542236328,14.350000381469727,14.354999542236328,3396.0
2024-04-24 14:57:00,YORW,35.54999923706055,35.54999923706055,35.54999923706055,35.54999923706055,35.54999923706055,675.0
2024-04-24 14:57:00,Z,43.439998626708984,43.439998626708984,43.439998626708984,43.38999938964844,43.38999938964844,2227.0
2024-04-24 14:57:00,ZBRA,276.8800048828125,276.8800048828125,276.8800048828125,276.8800048828125,276.8800048828125,1874.0
2024-04-24 14:57:00,ZD,51.959999084472656,51.959999084472656,51.959999084472656,51.91999816894531,51.91999816894531,1010.0
2024-04-24 14:57:00,ZG,42.900001525878906,42.900001525878906,42.900001525878906,42.88999938964844,42.88999938964844,561.0
2024-04-24 14:57:00,ZI,15.8100004196167,15.8100004196167,15.8100004196167,15.8100004196167,15.8100004196167,6840.0
2024-04-24 14:57:00,ZION,42.09000015258789,42.09000015258789,42.09000015258789,42.09000015258789,42.09000015258789,2288.0
2024-04-24 14:57:00,ZM,61.310001373291016,61.310001373291016,61.310001373291016,61.310001373291016,61.310001373291016,919.0
2024-04-24 14:57:00,ZNTL,11.800000190734863,11.800000190734863,11.800000190734863,11.800000190734863,11.800000190734863,1384.0
2024-04-24 14:57:00,ZS,178.29249572753906,178.29249572753906,178.3300018310547,178.24000549316406,178.24000549316406,2305.0
2024-04-24 14:57:00,ZURA,3.2899999618530273,3.2899999618530273,3.2899999618530273,3.2899999618530273,3.2899999618530273,0.0
2024-04-24 14:57:00,ZVRA,4.519999980926514,4.519999980926514,4.519999980926514,4.519999980926514,4.519999980926514,1139.0
2024-04-24 14:57:00,ZYME,8.579999923706055,8.579999923706055,8.59000015258789,8.579999923706055,8.579999923706055,3692.0
2024-04-24 14:58:00,COCO,24.30500030517578,24.30500030517578,24.30500030517578,24.290000915527344,24.30500030517578,780.0
2024-04-24 14:58:00,DIBS,5.400000095367432,5.400000095367432,5.40500020980835,5.400000095367432,5.40500020980835,844.0
2024-04-24 14:58:00,FDMT,24.469999313354492,24.469999313354492,24.510000228881836,24.469999313354492,24.510000228881836,66.0
2024-04-24 14:58:00,FLWS,9.140000343322754,9.140000343322754,9.140000343322754,9.140000343322754,9.140000343322754,609.0
2024-04-24 14:58:00,GV,0.1550000011920929,0.1550000011920929,0.1550000011920929,0.1550000011920929,0.1550000011920929,1073.0
2024-04-24 14:58:00,MAPS,1.0950000286102295,1.0950000286102295,1.0950000286102295,1.0950000286102295,1.0950000286102295,134.0
2024-04-24 14:58:00,ME,0.4722999930381775,0.4722999930381775,0.4722999930381775,0.4722999930381775,0.4722999930381775,930.0
2024-04-24 14:58:00,SEAT,5.869999885559082,5.869999885559082,5.869999885559082,5.869999885559082,5.869999885559082,807.0
2024-04-24 14:58:00,TSVT,4.264999866485596,4.264999866485596,4.264999866485596,4.264999866485596,4.264999866485596,108.0
2024-04-24 14:58:00,TWOU,0.23999999463558197,0.23999999463558197,0.23999999463558197,0.23999999463558197,0.23999999463558197,995.0
2024-04-24 14:58:00,TXG,27.350000381469727,27.350000381469727,27.360000610351562,27.34000015258789,27.350000381469727,4491.0
2024-04-24 14:58:00,VC,110.5,110.5,110.5,110.5,110.5,649.0
2024-04-24 14:58:00,VERU,1.3401000499725342,1.3401000499725342,1.350000023841858,1.3401000499725342,1.343999981880188,2039.0
2024-04-24 14:58:00,VERV,6.605000019073486,6.605000019073486,6.605000019073486,6.605000019073486,6.605000019073486,509.0
2024-04-24 14:58:00,VERX,28.93000030517578,28.93000030517578,28.93000030517578,28.922500610351562,28.922500610351562,2591.0
2024-04-24 14:58:00,VFF,1.309999942779541,1.309999942779541,1.309999942779541,1.309999942779541,1.309999942779541,1109.0
2024-04-24 14:58:00,VIAV,7.974999904632568,7.974999904632568,7.974999904632568,7.974999904632568,7.974999904632568,319.0
2024-04-24 14:58:00,VICR,31.270000457763672,31.270000457763672,31.270000457763672,31.219999313354492,31.219999313354492,715.0
2024-04-24 14:58:00,VIRT,22.170000076293945,22.170000076293945,22.18000030517578,22.16990089416504,22.16990089416504,1184.0
2024-04-24 14:58:00,VKTX,64.83999633789062,64.83999633789062,64.87999725341797,64.81999969482422,64.87999725341797,9847.0
2024-04-24 14:58:00,VMEO,3.5199999809265137,3.5199999809265137,3.5253000259399414,3.5199999809265137,3.5204999446868896,2365.0
2024-04-24 14:58:00,VNET,1.559999942779541,1.559999942779541,1.559999942779541,1.559999942779541,1.559999942779541,900.0
2024-04-24 14:58:00,VNOM,39.790000915527344,39.790000915527344,39.81999969482422,39.790000915527344,39.81999969482422,1026.0
2024-04-24 14:58:00,VOD,8.625,8.625,8.625,8.625,8.625,710.0
2024-04-24 14:58:00,VOR,1.7400000095367432,1.7400000095367432,1.7400000095367432,1.7400000095367432,1.7400000095367432,500.0
2024-04-24 14:58:00,VRDN,13.209799766540527,13.209799766540527,13.209799766540527,13.209799766540527,13.209799766540527,2262.0
2024-04-24 14:58:00,VRNA,15.34000015258789,15.34000015258789,15.34000015258789,15.34000015258789,15.34000015258789,316.0
2024-04-24 14:58:00,VRRM,24.235000610351562,24.235000610351562,24.235000610351562,24.209999084472656,24.209999084472656,7377.0
2024-04-24 14:58:00,VRTX,401.6700134277344,401.6700134277344,401.6700134277344,401.6700134277344,401.6700134277344,350.0
2024-04-24 14:58:00,VSAC,11.449999809265137,11.449999809265137,11.449999809265137,11.449999809265137,11.449999809265137,0.0
2024-04-24 14:58:00,VSAT,16.139999389648438,16.139999389648438,16.149999618530273,16.139999389648438,16.149999618530273,330.0
2024-04-24 14:58:00,VSME,0.4350000023841858,0.4350000023841858,0.4350000023841858,0.4350000023841858,0.4350000023841858,1034.0
2024-04-24 14:58:00,VTNR,1.4450000524520874,1.4450000524520874,1.4500000476837158,1.4450000524520874,1.4500000476837158,11405.0
2024-04-24 14:58:00,VTRS,11.489999771118164,11.489999771118164,11.494999885559082,11.489899635314941,11.489999771118164,15495.0
2024-04-24 14:58:00,VTSI,12.25,12.25,12.25,12.25,12.25,752.0
2024-04-24 14:58:00,VUZI,1.309999942779541,1.309999942779541,1.315000057220459,1.309999942779541,1.3100999593734741,1500.0
2024-04-24 14:58:00,WAFD,28.209999084472656,28.209999084472656,28.209999084472656,28.209999084472656,28.209999084472656,510.0
2024-04-24 14:58:00,WB,8.385000228881836,8.385000228881836,8.385000228881836,8.385000228881836,8.385000228881836,397.0
2024-04-24 14:58:00,WBA,17.764999389648438,17.764999389648438,17.768800735473633,17.764999389648438,17.768800735473633,3020.0
2024-04-24 14:58:00,WBD,8.3100004196167,8.3100004196167,8.317500114440918,8.3100004196167,8.3149995803833,7597.0
2024-04-24 14:58:00,WDAY,255.77000427246094,255.77000427246094,255.77000427246094,255.75999450683594,255.75999450683594,888.0
2024-04-24 14:58:00,WDC,69.1500015258789,69.1500015258789,69.16000366210938,69.12999725341797,69.1500015258789,3374.0
2024-04-24 14:58:00,WDFC,227.52999877929688,227.52999877929688,227.77000427246094,227.52999877929688,227.69000244140625,1962.0
2024-04-24 14:58:00,WEN,19.815000534057617,19.815000534057617,19.815000534057617,19.815000534057617,19.815000534057617,2355.0
2024-04-24 14:58:00,WERN,35.31999969482422,35.31999969482422,35.31999969482422,35.29999923706055,35.29999923706055,1408.0
2024-04-24 14:58:00,WFRD,123.67479705810547,123.67479705810547,123.67479705810547,123.66000366210938,123.66000366210938,794.0
2024-04-24 14:58:00,WIMI,1.0299999713897705,1.0299999713897705,1.0399999618530273,1.0299999713897705,1.0399999618530273,9040.0
2024-04-24 14:58:00,WING,364.9800109863281,364.9800109863281,365.3699951171875,364.8999938964844,365.3699951171875,3233.0
2024-04-24 14:58:00,WISA,6.164000034332275,6.164000034332275,6.170000076293945,6.125,6.139999866485596,6125.0
2024-04-24 14:58:00,WKHS,0.16179999709129333,0.16179999709129333,0.16189999878406525,0.16179999709129333,0.16189999878406525,9667.0
2024-04-24 14:58:00,WLDS,0.45019999146461487,0.45019999146461487,0.45019999146461487,0.45019999146461487,0.45019999146461487,2740.0
2024-04-24 14:58:00,WMG,32.0099983215332,32.0099983215332,32.0099983215332,32.005001068115234,32.005001068115234,1784.0
2024-04-24 14:58:00,WNEB,6.46999979019165,6.46999979019165,6.46999979019165,6.46999979019165,6.46999979019165,952.0
2024-04-24 14:58:00,WRAP,1.965000033378601,1.965000033378601,1.9699000120162964,1.9600000381469727,1.9699000120162964,400.0
2024-04-24 14:58:00,WSC,37.9900016784668,37.9900016784668,37.9900016784668,37.939998626708984,37.95000076293945,6594.0
2024-04-24 14:58:00,WTFC,99.88999938964844,99.88999938964844,99.88999938964844,99.88999938964844,99.88999938964844,153.0
2024-04-24 14:58:00,WTW,264.1400146484375,264.1400146484375,264.1400146484375,264.1400146484375,264.1400146484375,1555.0
2024-04-24 14:58:00,WVE,5.184999942779541,5.184999942779541,5.184999942779541,5.184999942779541,5.184999942779541,1414.0
2024-04-24 14:58:00,WWD,149.18499755859375,149.18499755859375,149.22999572753906,149.18499755859375,149.22999572753906,1087.0
2024-04-24 14:58:00,WYNN,96.77999877929688,96.77999877929688,96.88999938964844,96.77999877929688,96.8550033569336,4901.0
2024-04-24 14:58:00,XBIT,8.1850004196167,8.1850004196167,8.1850004196167,8.1850004196167,8.1850004196167,103.0
2024-04-24 14:58:00,XEL,55.525001525878906,55.525001525878906,55.525001525878906,55.505001068115234,55.5099983215332,8289.0
2024-04-24 14:58:00,XENE,39.46500015258789,39.46500015258789,39.5099983215332,39.46500015258789,39.5099983215332,484.0
2024-04-24 14:58:00,XERS,1.7599999904632568,1.7599999904632568,1.7599999904632568,1.7599999904632568,1.7599999904632568,128.0
2024-04-24 14:58:00,XFOR,1.2450000047683716,1.2450000047683716,1.25,1.2400000095367432,1.2450000047683716,5898.0
2024-04-24 14:58:00,XMTR,16.84000015258789,16.84000015258789,16.84000015258789,16.84000015258789,16.84000015258789,1141.0
2024-04-24 14:58:00,XNCR,18.610000610351562,18.610000610351562,18.610000610351562,18.610000610351562,18.610000610351562,203.0
2024-04-24 14:58:00,XP,20.524999618530273,20.524999618530273,20.530000686645508,20.520000457763672,20.525699615478516,4078.0
2024-04-24 14:58:00,XRX,14.369999885559082,14.369999885559082,14.369999885559082,14.354999542236328,14.354999542236328,14828.0
2024-04-24 14:58:00,XXII,1.8899999856948853,1.8899999856948853,1.8899999856948853,1.8899999856948853,1.8899999856948853,127.0
2024-04-24 14:58:00,YMAB,15.149999618530273,15.149999618530273,15.149999618530273,15.149999618530273,15.149999618530273,734.0
2024-04-24 14:58:00,Z,43.439998626708984,43.439998626708984,43.439998626708984,43.43000030517578,43.439998626708984,2052.0
2024-04-24 14:58:00,ZBRA,276.9525146484375,276.9525146484375,277.04998779296875,276.8800048828125,277.04998779296875,1200.0
2024-04-24 14:58:00,ZCMD,1.6299999952316284,1.6299999952316284,1.6399999856948853,1.6299999952316284,1.6299999952316284,6064.0
2024-04-24 14:58:00,ZD,51.98500061035156,51.98500061035156,51.98500061035156,51.95000076293945,51.95000076293945,855.0
2024-04-24 14:58:00,ZG,42.93000030517578,42.93000030517578,42.935001373291016,42.93000030517578,42.935001373291016,1238.0
2024-04-24 14:58:00,ZI,15.805000305175781,15.805000305175781,15.805000305175781,15.805000305175781,15.805000305175781,2043.0
2024-04-24 14:58:00,ZION,42.09000015258789,42.09000015258789,42.099998474121094,42.09000015258789,42.095001220703125,3362.0
2024-04-24 14:58:00,ZLAB,15.595000267028809,15.595000267028809,15.600000381469727,15.5600004196167,15.600000381469727,11382.0
2024-04-24 14:58:00,ZM,61.29499816894531,61.29499816894531,61.301700592041016,61.290000915527344,61.29999923706055,3997.0
2024-04-24 14:58:00,ZNTL,11.779999732971191,11.779999732971191,11.8100004196167,11.760000228881836,11.800000190734863,9880.0
2024-04-24 14:58:00,ZUMZ,17.329999923706055,17.329999923706055,17.340099334716797,17.309999465942383,17.34000015258789,1746.0
2024-04-24 14:58:00,ZURA,3.25,3.25,3.2799999713897705,3.25,3.2799999713897705,8341.0
2024-04-24 14:58:00,ZVRA,4.525000095367432,4.525000095367432,4.525000095367432,4.525000095367432,4.525000095367432,113.0
2024-04-24 14:58:00,ZVSA,0.6085000038146973,0.6085000038146973,0.6086999773979187,0.6085000038146973,0.6086999773979187,326.0
2024-04-24 14:58:00,ZYME,8.579999923706055,8.579999923706055,8.579999923706055,8.579999923706055,8.579999923706055,642.0
2024-04-24 14:59:00,COCO,24.299999237060547,24.299999237060547,24.299999237060547,24.270000457763672,24.290000915527344,3358.0
2024-04-24 14:59:00,EGHT,2.3399999141693115,2.3399999141693115,2.3499999046325684,2.3399999141693115,2.3499999046325684,422.0
2024-04-24 14:59:00,ETNB,8.600099563598633,8.600099563598633,8.604999542236328,8.600000381469727,8.604999542236328,2105.0
2024-04-24 14:59:00,FDMT,24.475000381469727,24.475000381469727,24.5,24.475000381469727,24.4950008392334,389.0
2024-04-24 14:59:00,FLWS,9.147500038146973,9.147500038146973,9.147500038146973,9.147500038146973,9.147500038146973,152.0
2024-04-24 14:59:00,FREE,4.820000171661377,4.820000171661377,4.820000171661377,4.820000171661377,4.820000171661377,206.0
2024-04-24 14:59:00,MAPS,1.100000023841858,1.100000023841858,1.100000023841858,1.100000023841858,1.100000023841858,100.0
2024-04-24 14:59:00,MASS,5.66540002822876,5.66540002822876,5.66540002822876,5.66540002822876,5.66540002822876,1496.0
2024-04-24 14:59:00,ME,0.4722999930381775,0.4722999930381775,0.4722999930381775,0.4722999930381775,0.4722999930381775,365.0
2024-04-24 14:59:00,SEAT,5.864999771118164,5.864999771118164,5.864999771118164,5.864999771118164,5.864999771118164,728.0
2024-04-24 14:59:00,TSVT,4.255000114440918,4.255000114440918,4.260000228881836,4.255000114440918,4.260000228881836,4554.0
2024-04-24 14:59:00,TWOU,0.23999999463558197,0.23999999463558197,0.23999999463558197,0.23999999463558197,0.23999999463558197,2101.0
2024-04-24 14:59:00,TXG,27.31999969482422,27.31999969482422,27.335399627685547,27.31999969482422,27.335399627685547,1358.0
2024-04-24 14:59:00,VC,110.36000061035156,110.36000061035156,110.44999694824219,110.36000061035156,110.44999694824219,1193.0
2024-04-24 14:59:00,VERU,1.3450000286102295,1.3450000286102295,1.350000023841858,1.340000033378601,1.350000023841858,2915.0
2024-04-24 14:59:00,VERV,6.605000019073486,6.605000019073486,6.610000133514404,6.605000019073486,6.610000133514404,442.0
2024-04-24 14:59:00,VERX,28.93000030517578,28.93000030517578,28.950000762939453,28.895000457763672,28.940000534057617,8570.0
2024-04-24 14:59:00,VFS,2.4749999046325684,2.4749999046325684,2.4800000190734863,2.4749999046325684,2.4800000190734863,7646.0
2024-04-24 14:59:00,VIAV,7.974999904632568,7.974999904632568,7.974999904632568,7.974999904632568,7.974999904632568,810.0
2024-04-24 14:59:00,VICR,31.165000915527344,31.165000915527344,31.219999313354492,31.155000686645508,31.219999313354492,637.0
2024-04-24 14:59:00,VIR,8.09000015258789,8.09000015258789,8.09000015258789,8.074999809265137,8.074999809265137,2950.0
2024-04-24 14:59:00,VIRT,22.170000076293945,22.170000076293945,22.18000030517578,22.15999984741211,22.18000030517578,3506.0
2024-04-24 14:59:00,VITL,26.739999771118164,26.739999771118164,26.739999771118164,26.739999771118164,26.739999771118164,1364.0
2024-04-24 14:59:00,VKTX,64.70020294189453,64.70020294189453,64.83000183105469,64.70020294189453,64.80999755859375,13900.0
2024-04-24 14:59:00,VMEO,3.515000104904175,3.515000104904175,3.5250000953674316,3.509999990463257,3.5250000953674316,20483.0
2024-04-24 14:59:00,VOD,8.625,8.625,8.630000114440918,8.619999885559082,8.630000114440918,14275.0
2024-04-24 14:59:00,VRDN,13.1899995803833,13.1899995803833,13.1899995803833,13.1899995803833,13.1899995803833,727.0
2024-04-24 14:59:00,VRRM,24.21500015258789,24.21500015258789,24.21500015258789,24.21500015258789,24.21500015258789,1593.0
2024-04-24 14:59:00,VRTX,401.5299987792969,401.5299987792969,401.6099853515625,401.5299987792969,401.54998779296875,1184.0
2024-04-24 14:59:00,VSAT,16.1200008392334,16.1200008392334,16.139999389648438,16.1200008392334,16.139999389648438,2622.0
2024-04-24 14:59:00,VTNR,1.4407999515533447,1.4407999515533447,1.440999984741211,1.4407999515533447,1.440999984741211,4988.0
2024-04-24 14:59:00,VTRS,11.494999885559082,11.494999885559082,11.5,11.484999656677246,11.494999885559082,28172.0
2024-04-24 14:59:00,VUZI,1.309999942779541,1.309999942779541,1.3108999729156494,1.309999942779541,1.3108999729156494,11020.0
2024-04-24 14:59:00,WB,8.385000228881836,8.385000228881836,8.385000228881836,8.385000228881836,8.385000228881836,661.0
2024-04-24 14:59:00,WBA,17.7549991607666,17.7549991607666,17.764999389648438,17.7549991607666,17.764999389648438,8111.0
2024-04-24 14:59:00,WBD,8.305000305175781,8.305000305175781,8.3149995803833,8.302499771118164,8.3100004196167,25974.0
2024-04-24 14:59:00,WDAY,255.66000366210938,255.66000366210938,255.77999877929688,255.66000366210938,255.77999877929688,4271.0
2024-04-24 14:59:00,WDC,69.08000183105469,69.08000183105469,69.12999725341797,69.06500244140625,69.12999725341797,10933.0
2024-04-24 14:59:00,WEN,19.815000534057617,19.815000534057617,19.815000534057617,19.809999465942383,19.815000534057617,1461.0
2024-04-24 14:59:00,WEYS,28.260000228881836,28.260000228881836,28.260000228881836,28.260000228881836,28.260000228881836,609.0
2024-04-24 14:59:00,WFRD,123.61499786376953,123.61499786376953,123.66000366210938,123.61000061035156,123.66000366210938,1940.0
2024-04-24 14:59:00,WING,364.5,364.5,364.54998779296875,364.5,364.54998779296875,753.0
2024-04-24 14:59:00,WISA,6.159999847412109,6.159999847412109,6.199900150299072,6.159999847412109,6.170000076293945,2646.0
2024-04-24 14:59:00,WIX,121.58000183105469,121.58000183105469,121.61000061035156,121.58000183105469,121.61000061035156,1002.0
2024-04-24 14:59:00,WKHS,0.16179999709129333,0.16179999709129333,0.16179999709129333,0.16179999709129333,0.16179999709129333,12450.0
2024-04-24 14:59:00,WKME,7.960000038146973,7.960000038146973,7.960000038146973,7.960000038146973,7.960000038146973,492.0
2024-04-24 14:59:00,WMG,32.0,32.0,32.0099983215332,31.989999771118164,32.0099983215332,4252.0
2024-04-24 14:59:00,WRAP,1.965000033378601,1.965000033378601,1.965000033378601,1.965000033378601,1.965000033378601,3200.0
2024-04-24 14:59:00,WSBC,28.170000076293945,28.170000076293945,28.170000076293945,28.170000076293945,28.170000076293945,552.0
2024-04-24 14:59:00,WSC,37.959999084472656,37.959999084472656,37.97999954223633,37.959999084472656,37.97999954223633,3273.0
2024-04-24 14:59:00,WTFC,99.80999755859375,99.80999755859375,99.83499908447266,99.80999755859375,99.83499908447266,433.0
2024-04-24 14:59:00,WTW,264.04998779296875,264.04998779296875,264.2200012207031,264.04998779296875,264.2200012207031,994.0
2024-04-24 14:59:00,WW,1.6449999809265137,1.6449999809265137,1.6449999809265137,1.6399999856948853,1.6399999856948853,2237.0
2024-04-24 14:59:00,WWD,149.19500732421875,149.19500732421875,149.19500732421875,149.1750030517578,149.1750030517578,1368.0
2024-04-24 14:59:00,WYNN,96.79000091552734,96.79000091552734,96.79000091552734,96.76000213623047,96.77999877929688,1884.0
2024-04-24 14:59:00,XBIT,8.029999732971191,8.029999732971191,8.029999732971191,8.029999732971191,8.029999732971191,371.0
2024-04-24 14:59:00,XEL,55.5,55.5,55.53499984741211,55.4900016784668,55.529998779296875,12374.0
2024-04-24 14:59:00,XENE,39.505001068115234,39.505001068115234,39.505001068115234,39.505001068115234,39.505001068115234,305.0
2024-04-24 14:59:00,XERS,1.7599999904632568,1.7599999904632568,1.7599999904632568,1.7599999904632568,1.7599999904632568,202.0
2024-04-24 14:59:00,XFOR,1.2491999864578247,1.2491999864578247,1.2491999864578247,1.2491999864578247,1.2491999864578247,2223.0
2024-04-24 14:59:00,XMTR,16.780000686645508,16.780000686645508,16.829999923706055,16.770000457763672,16.829999923706055,5420.0
2024-04-24 14:59:00,XNCR,18.59000015258789,18.59000015258789,18.59000015258789,18.59000015258789,18.59000015258789,1648.0
2024-04-24 14:59:00,XP,20.524999618530273,20.524999618530273,20.530000686645508,20.520000457763672,20.530000686645508,2581.0
2024-04-24 14:59:00,XRX,14.364999771118164,14.364999771118164,14.380000114440918,14.364999771118164,14.364999771118164,12163.0
2024-04-24 14:59:00,XXII,1.8849999904632568,1.8849999904632568,1.8849999904632568,1.8849999904632568,1.8849999904632568,2607.0
2024-04-24 14:59:00,Z,43.40999984741211,43.40999984741211,43.43000030517578,43.40999984741211,43.43000030517578,2589.0
2024-04-24 14:59:00,ZBRA,276.6499938964844,276.6499938964844,276.9049987792969,276.6499938964844,276.8800048828125,2157.0
2024-04-24 14:59:00,ZCMD,1.6256999969482422,1.6256999969482422,1.6299999952316284,1.6230000257492065,1.6230000257492065,525.0
2024-04-24 14:59:00,ZI,15.800000190734863,15.800000190734863,15.800000190734863,15.800000190734863,15.800000190734863,3165.0
2024-04-24 14:59:00,ZION,42.06999969482422,42.06999969482422,42.09000015258789,42.06999969482422,42.09000015258789,1380.0
2024-04-24 14:59:00,ZM,61.28030014038086,61.28030014038086,61.29999923706055,61.279998779296875,61.29499816894531,4775.0
2024-04-24 14:59:00,ZNTL,11.774999618530273,11.774999618530273,11.774999618530273,11.774999618530273,11.774999618530273,414.0
2024-04-24 14:59:00,ZS,178.1300048828125,178.1300048828125,178.2449951171875,178.1300048828125,178.19000244140625,1950.0
2024-04-24 14:59:00,ZTEK,1.1299999952316284,1.1299999952316284,1.1299999952316284,1.1299999952316284,1.1299999952316284,726.0
2024-04-24 14:59:00,ZUMZ,17.309999465942383,17.309999465942383,17.309999465942383,17.309999465942383,17.309999465942383,439.0
2024-04-24 14:59:00,ZURA,3.299999952316284,3.299999952316284,3.299999952316284,3.259999990463257,3.259999990463257,7623.0
2024-04-24 14:59:00,ZVRA,4.519999980926514,4.519999980926514,4.519999980926514,4.519999980926514,4.519999980926514,196.0
2024-04-24 14:59:00,ZVSA,0.6086999773979187,0.6086999773979187,0.6086999773979187,0.6086999773979187,0.6086999773979187,1071.0
2024-04-24 14:59:00,ZYME,8.579999923706055,8.579999923706055,8.579999923706055,8.574999809265137,8.574999809265137,403.0
2024-04-24 15:00:00,COCO,24.299999237060547,24.299999237060547,24.299999237060547,24.295000076293945,24.295000076293945,431.0
2024-04-24 15:00:00,DIBS,5.394999980926514,5.394999980926514,5.394999980926514,5.394999980926514,5.394999980926514,312.0
2024-04-24 15:00:00,ETNB,8.604999542236328,8.604999542236328,8.604999542236328,8.600000381469727,8.600000381469727,908.0
2024-04-24 15:00:00,FDMT,24.479999542236328,24.479999542236328,24.5049991607666,24.459999084472656,24.5049991607666,3446.0
2024-04-24 15:00:00,MAPS,1.0999000072479248,1.0999000072479248,1.0999000072479248,1.0999000072479248,1.0999000072479248,14.0
2024-04-24 15:00:00,MAPSW,0.05900000035762787,0.05900000035762787,0.05900000035762787,0.05900000035762787,0.05900000035762787,0.0
2024-04-24 15:00:00,SCWO,1.3300000429153442,1.3300000429153442,1.350000023841858,1.3250000476837158,1.350000023841858,2478.0
2024-04-24 15:00:00,SEAT,5.864999771118164,5.864999771118164,5.864999771118164,5.864999771118164,5.864999771118164,884.0
2024-04-24 15:00:00,SRCE,50.65999984741211,50.65999984741211,50.66999816894531,50.65999984741211,50.66999816894531,848.0
2024-04-24 15:00:00,TSVT,4.255000114440918,4.255000114440918,4.260000228881836,4.244999885559082,4.25,7344.0
2024-04-24 15:00:00,TWOU,0.23999999463558197,0.23999999463558197,0.23999999463558197,0.23999999463558197,0.23999999463558197,1121.0
2024-04-24 15:00:00,TXG,27.31999969482422,27.31999969482422,27.350000381469727,27.31999969482422,27.34000015258789,4259.0
2024-04-24 15:00:00,VCTR,49.86000061035156,49.86000061035156,49.86000061035156,49.86000061035156,49.86000061035156,112.0
2024-04-24 15:00:00,VERU,1.350000023841858,1.350000023841858,1.350000023841858,1.3450000286102295,1.3450000286102295,1055.0
2024-04-24 15:00:00,VERV,6.570000171661377,6.570000171661377,6.605000019073486,6.565000057220459,6.605000019073486,6968.0
2024-04-24 15:00:00,VERX,28.934999465942383,28.934999465942383,28.950000762939453,28.899999618530273,28.90999984741211,3162.0
2024-04-24 15:00:00,VIAV,7.965000152587891,7.965000152587891,7.96999979019165,7.965000152587891,7.96999979019165,6091.0
2024-04-24 15:00:00,VICR,31.15999984741211,31.15999984741211,31.15999984741211,31.15999984741211,31.15999984741211,199.0
2024-04-24 15:00:00,VIR,8.074999809265137,8.074999809265137,8.09000015258789,8.074999809265137,8.09000015258789,3522.0
2024-04-24 15:00:00,VIRC,10.710000038146973,10.710000038146973,10.710000038146973,10.710000038146973,10.710000038146973,743.0
2024-04-24 15:00:00,VIRT,22.15999984741211,22.15999984741211,22.15999984741211,22.15999984741211,22.15999984741211,713.0
2024-04-24 15:00:00,VKTX,64.63999938964844,64.63999938964844,64.72209930419922,64.63999938964844,64.72209930419922,4510.0
2024-04-24 15:00:00,VMD,7.989999771118164,7.989999771118164,7.989999771118164,7.989999771118164,7.989999771118164,194.0
2024-04-24 15:00:00,VMEO,3.509999990463257,3.509999990463257,3.515000104904175,3.509999990463257,3.515000104904175,2983.0
2024-04-24 15:00:00,VNOM,39.720001220703125,39.720001220703125,39.752498626708984,39.720001220703125,39.752498626708984,588.0
2024-04-24 15:00:00,VOD,8.619999885559082,8.619999885559082,8.625,8.619999885559082,8.625,4623.0
2024-04-24 15:00:00,VRDN,13.15999984741211,13.15999984741211,13.15999984741211,13.15999984741211,13.15999984741211,394.0
2024-04-24 15:00:00,VRNA,15.3100004196167,15.3100004196167,15.329999923706055,15.3100004196167,15.329999923706055,2178.0
2024-04-24 15:00:00,VRRM,24.209999084472656,24.209999084472656,24.21500015258789,24.209999084472656,24.21500015258789,304.0
2024-04-24 15:00:00,VRTX,401.5,401.5,401.5350036621094,401.489990234375,401.5350036621094,893.0
2024-04-24 15:00:00,VSAT,16.100000381469727,16.100000381469727,16.1200008392334,16.100000381469727,16.1200008392334,1360.0
2024-04-24 15:00:00,VTNR,1.43149995803833,1.43149995803833,1.440000057220459,1.430299997329712,1.440000057220459,1398.0
2024-04-24 15:00:00,VTRS,11.484999656677246,11.484999656677246,11.494999885559082,11.484999656677246,11.494999885559082,12410.0
2024-04-24 15:00:00,VUZI,1.3200000524520874,1.3200000524520874,1.3200000524520874,1.309999942779541,1.309999942779541,0.0
2024-04-24 15:00:00,VWE,0.25119999051094055,0.25119999051094055,0.25119999051094055,0.25,0.25119999051094055,1166.0
2024-04-24 15:00:00,VYGR,7.46999979019165,7.46999979019165,7.46999979019165,7.46999979019165,7.46999979019165,112.0
2024-04-24 15:00:00,WAFD,28.15999984741211,28.15999984741211,28.219999313354492,28.15999984741211,28.219999313354492,2087.0
2024-04-24 15:00:00,WASH,26.299999237060547,26.299999237060547,26.308399200439453,26.299999237060547,26.308399200439453,1312.0
2024-04-24 15:00:00,WAVD,1.9199999570846558,1.9199999570846558,1.9199999570846558,1.9199999570846558,1.9199999570846558,81.0
2024-04-24 15:00:00,WB,8.390000343322754,8.390000343322754,8.390000343322754,8.385000228881836,8.385000228881836,3065.0
2024-04-24 15:00:00,WBA,17.7450008392334,17.7450008392334,17.7549991607666,17.739999771118164,17.75,6014.0
2024-04-24 15:00:00,WBD,8.300000190734863,8.300000190734863,8.305000305175781,8.300000190734863,8.305000305175781,7501.0
2024-04-24 15:00:00,WDAY,255.57000732421875,255.57000732421875,255.66000366210938,255.5399932861328,255.66000366210938,1530.0
2024-04-24 15:00:00,WDC,69.08999633789062,69.08999633789062,69.12000274658203,69.02999877929688,69.05000305175781,8987.0
2024-04-24 15:00:00,WEN,19.815000534057617,19.815000534057617,19.815000534057617,19.809999465942383,19.815000534057617,6013.0
2024-04-24 15:00:00,WERN,35.33000183105469,35.33000183105469,35.33000183105469,35.33000183105469,35.33000183105469,1693.0
2024-04-24 15:00:00,WFRD,123.63500213623047,123.63500213623047,123.66000366210938,123.61000061035156,123.66000366210938,1622.0
2024-04-24 15:00:00,WHF,12.880000114440918,12.880000114440918,12.880000114440918,12.880000114440918,12.880000114440918,1154.0
2024-04-24 15:00:00,WHLM,6.366000175476074,6.366000175476074,6.380000114440918,6.360000133514404,6.380000114440918,2119.0
2024-04-24 15:00:00,WIMI,1.034999966621399,1.034999966621399,1.034999966621399,1.0300999879837036,1.0300999879837036,1284.0
2024-04-24 15:00:00,WINA,373.79998779296875,373.79998779296875,373.79998779296875,373.79998779296875,373.79998779296875,366.0
2024-04-24 15:00:00,WISA,6.1620001792907715,6.1620001792907715,6.1620001792907715,6.1620001792907715,6.1620001792907715,391.0
2024-04-24 15:00:00,WIX,121.63500213623047,121.63500213623047,121.63500213623047,121.63500213623047,121.63500213623047,212.0
2024-04-24 15:00:00,WKHS,0.1615999937057495,0.1615999937057495,0.16179999709129333,0.1615999937057495,0.16179999709129333,77467.0
2024-04-24 15:00:00,WMG,31.989999771118164,31.989999771118164,31.989999771118164,31.985000610351562,31.985000610351562,920.0
2024-04-24 15:00:00,WRAP,1.965000033378601,1.965000033378601,1.965000033378601,1.965000033378601,1.965000033378601,246.0
2024-04-24 15:00:00,WSBF,12.229999542236328,12.229999542236328,12.255000114440918,12.229999542236328,12.255000114440918,1396.0
2024-04-24 15:00:00,WSC,37.880001068115234,37.880001068115234,37.939998626708984,37.880001068115234,37.939998626708984,6617.0
2024-04-24 15:00:00,WTFC,99.73999786376953,99.73999786376953,99.83999633789062,99.73999786376953,99.80000305175781,875.0
2024-04-24 15:00:00,WTW,264.1099853515625,264.1099853515625,264.1199951171875,263.9800109863281,264.04998779296875,10547.0
2024-04-24 15:00:00,WVE,5.184999942779541,5.184999942779541,5.190000057220459,5.184999942779541,5.190000057220459,530.0
2024-04-24 15:00:00,WW,1.6399999856948853,1.6399999856948853,1.6464999914169312,1.6399999856948853,1.6464999914169312,1251.0
2024-04-24 15:00:00,WYNN,96.70999908447266,96.70999908447266,96.78500366210938,96.68000030517578,96.76000213623047,2186.0
2024-04-24 15:00:00,XEL,55.47999954223633,55.47999954223633,55.494998931884766,55.470001220703125,55.494998931884766,10316.0
2024-04-24 15:00:00,XENE,39.470001220703125,39.470001220703125,39.470001220703125,39.470001220703125,39.470001220703125,1101.0
2024-04-24 15:00:00,XERS,1.7549999952316284,1.7549999952316284,1.7649999856948853,1.7549999952316284,1.7649999856948853,10299.0
2024-04-24 15:00:00,XFOR,1.25,1.25,1.25,1.25,1.25,400.0
2024-04-24 15:00:00,XMTR,16.770000457763672,16.770000457763672,16.770000457763672,16.760000228881836,16.760000228881836,313.0
2024-04-24 15:00:00,XNCR,18.610000610351562,18.610000610351562,18.610000610351562,18.59000015258789,18.59000015258789,2573.0
2024-04-24 15:00:00,XP,20.5049991607666,20.5049991607666,20.524999618530273,20.5049991607666,20.524999618530273,12094.0
2024-04-24 15:00:00,XRX,14.375,14.375,14.375,14.369999885559082,14.369999885559082,2597.0
2024-04-24 15:00:00,Z,43.38999938964844,43.38999938964844,43.38999938964844,43.38999938964844,43.38999938964844,1019.0
2024-04-24 15:00:00,ZCMD,1.6200000047683716,1.6200000047683716,1.6200000047683716,1.6200000047683716,1.6200000047683716,294.0
2024-04-24 15:00:00,ZD,51.970001220703125,51.970001220703125,51.97999954223633,51.93000030517578,51.97999954223633,1791.0
2024-04-24 15:00:00,ZG,42.90999984741211,42.90999984741211,42.90999984741211,42.90999984741211,42.90999984741211,200.0
2024-04-24 15:00:00,ZI,15.795000076293945,15.795000076293945,15.795000076293945,15.789999961853027,15.789999961853027,4896.0
2024-04-24 15:00:00,ZIMV,15.774999618530273,15.774999618530273,15.779999732971191,15.774999618530273,15.779999732971191,1115.0
2024-04-24 15:00:00,ZION,42.029998779296875,42.029998779296875,42.060001373291016,42.02000045776367,42.060001373291016,2816.0
2024-04-24 15:00:00,ZLAB,15.579999923706055,15.579999923706055,15.595000267028809,15.579999923706055,15.595000267028809,1311.0
2024-04-24 15:00:00,ZM,61.310001373291016,61.310001373291016,61.310001373291016,61.279998779296875,61.28499984741211,4279.0
2024-04-24 15:00:00,ZNTL,11.779999732971191,11.779999732971191,11.779999732971191,11.765000343322754,11.765000343322754,421.0
2024-04-24 15:00:00,ZS,178.07000732421875,178.07000732421875,178.07000732421875,178.07000732421875,178.07000732421875,280.0
2024-04-24 15:00:00,ZUMZ,17.299999237060547,17.299999237060547,17.299999237060547,17.299999237060547,17.299999237060547,263.0
2024-04-24 15:00:00,ZURA,3.259999990463257,3.259999990463257,3.259999990463257,3.259999990463257,3.259999990463257,1353.0
2024-04-24 15:00:00,ZYME,8.579999923706055,8.579999923706055,8.579999923706055,8.579999923706055,8.579999923706055,206.0
2024-04-24 15:01:00,DIBS,5.394999980926514,5.394999980926514,5.394999980926514,5.394999980926514,5.394999980926514,597.0
2024-04-24 15:01:00,EGHT,2.3450000286102295,2.3450000286102295,2.3450000286102295,2.3399999141693115,2.3399999141693115,1915.0
2024-04-24 15:01:00,ETNB,8.595000267028809,8.595000267028809,8.595000267028809,8.595000267028809,8.595000267028809,201.0
2024-04-24 15:01:00,MASS,5.650000095367432,5.650000095367432,5.650000095367432,5.650000095367432,5.650000095367432,1126.0
2024-04-24 15:01:00,ME,0.47189998626708984,0.47189998626708984,0.4724000096321106,0.4715000092983246,0.4722000062465668,20530.0
2024-04-24 15:01:00,SCWO,1.350000023841858,1.350000023841858,1.3899999856948853,1.3300000429153442,1.3300000429153442,23383.0
2024-04-24 15:01:00,SEAT,5.855000019073486,5.855000019073486,5.864999771118164,5.849999904632568,5.864999771118164,14331.0
2024-04-24 15:01:00,TSVT,4.260000228881836,4.260000228881836,4.260000228881836,4.255000114440918,4.259799957275391,1475.0
2024-04-24 15:01:00,TWOU,0.23999999463558197,0.23999999463558197,0.23999999463558197,0.23999999463558197,0.23999999463558197,5591.0
2024-04-24 15:01:00,TXG,27.309999465942383,27.309999465942383,27.31999969482422,27.309999465942383,27.31999969482422,2002.0
2024-04-24 15:01:00,VCTR,49.90999984741211,49.90999984741211,49.90999984741211,49.86000061035156,49.86000061035156,2034.0
2024-04-24 15:01:00,VERU,1.340000033378601,1.340000033378601,1.350000023841858,1.340000033378601,1.350000023841858,2028.0
2024-04-24 15:01:00,VERV,6.554999828338623,6.554999828338623,6.565000057220459,6.554999828338623,6.565000057220459,1592.0
2024-04-24 15:01:00,VERX,28.934999465942383,28.934999465942383,28.934999465942383,28.934999465942383,28.934999465942383,101.0
2024-04-24 15:01:00,VFF,1.309999942779541,1.309999942779541,1.309999942779541,1.3000999689102173,1.3000999689102173,6451.0
2024-04-24 15:01:00,VFS,2.4700000286102295,2.4700000286102295,2.4700000286102295,2.4700000286102295,2.4700000286102295,11190.0
2024-04-24 15:01:00,VIAV,7.974999904632568,7.974999904632568,7.974999904632568,7.965000152587891,7.965000152587891,6321.0
2024-04-24 15:01:00,VICR,31.165000915527344,31.165000915527344,31.165000915527344,31.165000915527344,31.165000915527344,759.0
2024-04-24 15:01:00,VIRC,10.720000267028809,10.720000267028809,10.720000267028809,10.710000038146973,10.720000267028809,1626.0
2024-04-24 15:01:00,VIRT,22.1299991607666,22.1299991607666,22.149999618530273,22.1299991607666,22.149999618530273,914.0
2024-04-24 15:01:00,VITL,26.700000762939453,26.700000762939453,26.700000762939453,26.690000534057617,26.700000762939453,2561.0
2024-04-24 15:01:00,VIVK,1.4800000190734863,1.4800000190734863,1.4800000190734863,1.4700000286102295,1.4700000286102295,200.0
2024-04-24 15:01:00,VKTX,64.51010131835938,64.51010131835938,64.67330169677734,64.51010131835938,64.67330169677734,3280.0
2024-04-24 15:01:00,VMD,7.989999771118164,7.989999771118164,7.989999771118164,7.989999771118164,7.989999771118164,238.0
2024-04-24 15:01:00,VMEO,3.515000104904175,3.515000104904175,3.515000104904175,3.515000104904175,3.515000104904175,1864.0
2024-04-24 15:01:00,VNOM,39.72100067138672,39.72100067138672,39.72999954223633,39.70000076293945,39.72999954223633,2707.0
2024-04-24 15:01:00,VOD,8.625,8.625,8.625,8.625,8.625,825.0
2024-04-24 15:01:00,VRDN,13.15999984741211,13.15999984741211,13.15999984741211,13.15999984741211,13.15999984741211,464.0
2024-04-24 15:01:00,VRNA,15.295000076293945,15.295000076293945,15.295000076293945,15.295000076293945,15.295000076293945,117.0
2024-04-24 15:01:00,VRRM,24.21500015258789,24.21500015258789,24.21500015258789,24.209999084472656,24.209999084472656,1719.0
2024-04-24 15:01:00,VRTX,401.4750061035156,401.4750061035156,401.4800109863281,401.32000732421875,401.3299865722656,2511.0
2024-04-24 15:01:00,VSAT,16.100000381469727,16.100000381469727,16.100000381469727,16.100000381469727,16.100000381469727,899.0
2024-04-24 15:01:00,VTNR,1.4300999641418457,1.4300999641418457,1.440000057220459,1.4299999475479126,1.430299997329712,27241.0
2024-04-24 15:01:00,VTRS,11.484999656677246,11.484999656677246,11.489999771118164,11.484999656677246,11.484999656677246,5459.0
2024-04-24 15:01:00,VTSI,12.279999732971191,12.279999732971191,12.279999732971191,12.279999732971191,12.279999732971191,193.0
2024-04-24 15:01:00,VUZI,1.309999942779541,1.309999942779541,1.309999942779541,1.309999942779541,1.309999942779541,2041.0
2024-04-24 15:01:00,VYGR,7.46999979019165,7.46999979019165,7.474999904632568,7.46999979019165,7.46999979019165,842.0
2024-04-24 15:01:00,WABC,47.54999923706055,47.54999923706055,47.54999923706055,47.540000915527344,47.540000915527344,1005.0
2024-04-24 15:01:00,WASH,26.25,26.25,26.270000457763672,26.25,26.270000457763672,642.0
2024-04-24 15:01:00,WB,8.390000343322754,8.390000343322754,8.390000343322754,8.390000343322754,8.390000343322754,312.0
2024-04-24 15:01:00,WBA,17.764999389648438,17.764999389648438,17.764999389648438,17.739999771118164,17.739999771118164,25711.0
2024-04-24 15:01:00,WBD,8.300200462341309,8.300200462341309,8.3100004196167,8.300000190734863,8.305000305175781,7230.0
2024-04-24 15:01:00,WDAY,255.52999877929688,255.52999877929688,255.6199951171875,255.50999450683594,255.5399932861328,2438.0
2024-04-24 15:01:00,WDC,69.12000274658203,69.12000274658203,69.12000274658203,69.08000183105469,69.08999633789062,13380.0
2024-04-24 15:01:00,WEN,19.815000534057617,19.815000534057617,19.8174991607666,19.809999465942383,19.815000534057617,1459.0
2024-04-24 15:01:00,WFRD,123.45999908447266,123.45999908447266,123.5999984741211,123.44999694824219,123.5999984741211,3620.0
2024-04-24 15:01:00,WIMI,1.0399999618530273,1.0399999618530273,1.0399999618530273,1.0299999713897705,1.034999966621399,8011.0
2024-04-24 15:01:00,WING,363.6000061035156,363.6000061035156,363.9800109863281,363.6000061035156,363.70001220703125,2797.0
2024-04-24 15:01:00,WISA,6.140900135040283,6.140900135040283,6.140900135040283,6.140900135040283,6.140900135040283,303.0
2024-04-24 15:01:00,WIX,121.69999694824219,121.69999694824219,121.7699966430664,121.69999694824219,121.70999908447266,3122.0
2024-04-24 15:01:00,WKHS,0.16110000014305115,0.16110000014305115,0.16120000183582306,0.16099999845027924,0.16120000183582306,26653.0
2024-04-24 15:01:00,WMG,31.989999771118164,31.989999771118164,32.0,31.985000610351562,31.989999771118164,2563.0
2024-04-24 15:01:00,WPRT,5.590000152587891,5.590000152587891,5.590000152587891,5.590000152587891,5.590000152587891,0.0
2024-04-24 15:01:00,WSBC,28.1200008392334,28.1200008392334,28.1200008392334,28.1200008392334,28.1200008392334,1082.0
2024-04-24 15:01:00,WSC,37.88999938964844,37.88999938964844,37.900001525878906,37.8849983215332,37.88999938964844,4340.0
2024-04-24 15:01:00,WSFS,44.650001525878906,44.650001525878906,44.650001525878906,44.630001068115234,44.630001068115234,982.0
2024-04-24 15:01:00,WTFC,99.80000305175781,99.80000305175781,99.80000305175781,99.80000305175781,99.80000305175781,1612.0
2024-04-24 15:01:00,WVE,5.119999885559082,5.119999885559082,5.184999942779541,5.119999885559082,5.184999942779541,9916.0
2024-04-24 15:01:00,WW,1.6399999856948853,1.6399999856948853,1.6449999809265137,1.6399999856948853,1.6449999809265137,1323.0
2024-04-24 15:01:00,WYNN,96.6500015258789,96.6500015258789,96.7300033569336,96.6500015258789,96.70999908447266,3007.0
2024-04-24 15:01:00,XEL,55.48500061035156,55.48500061035156,55.48500061035156,55.46500015258789,55.47999954223633,6201.0
2024-04-24 15:01:00,XERS,1.75,1.75,1.7549999952316284,1.75,1.7549999952316284,300.0
2024-04-24 15:01:00,XFOR,1.25,1.25,1.25,1.25,1.25,230.0
2024-04-24 15:01:00,XMTR,16.764999389648438,16.764999389648438,16.770000457763672,16.75950050354004,16.75950050354004,2354.0
2024-04-24 15:01:00,XP,20.5049991607666,20.5049991607666,20.5049991607666,20.5,20.5049991607666,769.0
2024-04-24 15:01:00,XRX,14.364999771118164,14.364999771118164,14.380000114440918,14.361200332641602,14.369999885559082,6088.0
2024-04-24 15:01:00,Z,43.400001525878906,43.400001525878906,43.400001525878906,43.369998931884766,43.400001525878906,2390.0
2024-04-24 15:01:00,ZCMD,1.6200000047683716,1.6200000047683716,1.6200000047683716,1.6200000047683716,1.6200000047683716,139.0
2024-04-24 15:01:00,ZG,42.869998931884766,42.869998931884766,42.869998931884766,42.869998931884766,42.869998931884766,804.0
2024-04-24 15:01:00,ZI,15.78499984741211,15.78499984741211,15.795000076293945,15.78499984741211,15.795000076293945,5253.0
2024-04-24 15:01:00,ZION,42.02000045776367,42.02000045776367,42.02000045776367,42.02000045776367,42.02000045776367,1044.0
2024-04-24 15:01:00,ZM,61.29999923706055,61.29999923706055,61.29999923706055,61.29499816894531,61.29999923706055,2492.0
2024-04-24 15:01:00,ZNTL,11.765000343322754,11.765000343322754,11.765000343322754,11.765000343322754,11.765000343322754,232.0
2024-04-24 15:01:00,ZS,178.0800018310547,178.0800018310547,178.09500122070312,177.97999572753906,178.07000732421875,2786.0
2024-04-24 15:01:00,ZURA,3.259999990463257,3.259999990463257,3.2799999713897705,3.25,3.2750000953674316,9622.0
2024-04-24 15:01:00,ZYME,8.579999923706055,8.579999923706055,8.579999923706055,8.579999923706055,8.579999923706055,595.0
2024-04-24 15:01:00,ZYXI,11.220000267028809,11.220000267028809,11.220000267028809,11.220000267028809,11.220000267028809,755.0
2024-04-24 15:02:00,COCO,24.274999618530273,24.274999618530273,24.274999618530273,24.274999618530273,24.274999618530273,213.0
2024-04-24 15:02:00,DIBS,5.394999980926514,5.394999980926514,5.394999980926514,5.394999980926514,5.394999980926514,474.0
2024-04-24 15:02:00,DSP,8.609999656677246,8.609999656677246,8.609999656677246,8.609999656677246,8.609999656677246,225.0
2024-04-24 15:02:00,EGHT,2.3450000286102295,2.3450000286102295,2.3450000286102295,2.3399999141693115,2.3399999141693115,510.0
2024-04-24 15:02:00,ETNB,8.595000267028809,8.595000267028809,8.595000267028809,8.595000267028809,8.595000267028809,83.0
2024-04-24 15:02:00,FLWS,9.154999732971191,9.154999732971191,9.170000076293945,9.154999732971191,9.170000076293945,522.0
2024-04-24 15:02:00,MAPS,1.090000033378601,1.090000033378601,1.090000033378601,1.090000033378601,1.090000033378601,300.0
2024-04-24 15:02:00,ME,0.47189998626708984,0.47189998626708984,0.47189998626708984,0.47189998626708984,0.47189998626708984,391.0
2024-04-24 15:02:00,TSVT,4.25,4.25,4.25,4.25,4.25,2591.0
2024-04-24 15:02:00,TWOU,0.23999999463558197,0.23999999463558197,0.23999999463558197,0.23999999463558197,0.23999999463558197,11413.0
2024-04-24 15:02:00,TXG,27.290000915527344,27.290000915527344,27.309999465942383,27.290000915527344,27.309999465942383,3378.0
2024-04-24 15:02:00,VANI,1.7400000095367432,1.7400000095367432,1.7400000095367432,1.7400000095367432,1.7400000095367432,174.0
2024-04-24 15:02:00,VCTR,49.90999984741211,49.90999984741211,49.90999984741211,49.904998779296875,49.904998779296875,874.0
2024-04-24 15:02:00,VERU,1.350000023841858,1.350000023841858,1.350000023841858,1.3450000286102295,1.3450000286102295,522.0
2024-04-24 15:02:00,VERV,6.559999942779541,6.559999942779541,6.559999942779541,6.559999942779541,6.559999942779541,778.0
2024-04-24 15:02:00,VERX,28.915000915527344,28.915000915527344,28.934999465942383,28.90999984741211,28.934999465942383,3581.0
2024-04-24 15:02:00,VFF,1.309999942779541,1.309999942779541,1.309999942779541,1.2999999523162842,1.2999999523162842,1303.0
2024-04-24 15:02:00,VIAV,7.974999904632568,7.974999904632568,7.974999904632568,7.974999904632568,7.974999904632568,1196.0
2024-04-24 15:02:00,VIRT,22.1299991607666,22.1299991607666,22.1299991607666,22.1299991607666,22.1299991607666,1719.0
2024-04-24 15:02:00,VISL,3.7100000381469727,3.7100000381469727,3.809999942779541,3.7100000381469727,3.809999942779541,1200.0
2024-04-24 15:02:00,VIVK,1.4800000190734863,1.4800000190734863,1.4800000190734863,1.4700000286102295,1.4700000286102295,490.0
2024-04-24 15:02:00,VKTX,64.59500122070312,64.59500122070312,64.6050033569336,64.54000091552734,64.5999984741211,4076.0
2024-04-24 15:02:00,VLCN,0.25290000438690186,0.25290000438690186,0.25290000438690186,0.25290000438690186,0.25290000438690186,4688.0
2024-04-24 15:02:00,VMD,7.980000019073486,7.980000019073486,7.989999771118164,7.980000019073486,7.980000019073486,1057.0
2024-04-24 15:02:00,VMEO,3.515000104904175,3.515000104904175,3.515000104904175,3.509999990463257,3.509999990463257,2064.0
2024-04-24 15:02:00,VNET,1.559999942779541,1.559999942779541,1.559999942779541,1.559999942779541,1.559999942779541,200.0
2024-04-24 15:02:00,VOD,8.625,8.625,8.625,8.625,8.625,247.0
2024-04-24 15:02:00,VOR,1.7400000095367432,1.7400000095367432,1.7400000095367432,1.7400000095367432,1.7400000095367432,3365.0
2024-04-24 15:02:00,VRDN,13.15999984741211,13.15999984741211,13.15999984741211,13.140000343322754,13.140000343322754,1331.0
2024-04-24 15:02:00,VSAT,16.114999771118164,16.114999771118164,16.1200008392334,16.100000381469727,16.100000381469727,3716.0
2024-04-24 15:02:00,VTRS,11.510000228881836,11.510000228881836,11.510000228881836,11.489999771118164,11.489999771118164,123624.0
2024-04-24 15:02:00,VYGR,7.46999979019165,7.46999979019165,7.46999979019165,7.465000152587891,7.465000152587891,4372.0
2024-04-24 15:02:00,WABC,47.5099983215332,47.5099983215332,47.5099983215332,47.5099983215332,47.5099983215332,113.0
2024-04-24 15:02:00,WAFD,28.1299991607666,28.1299991607666,28.1299991607666,28.1299991607666,28.1299991607666,943.0
2024-04-24 15:02:00,WASH,26.2450008392334,26.2450008392334,26.2450008392334,26.2450008392334,26.2450008392334,202.0
2024-04-24 15:02:00,WB,8.385000228881836,8.385000228881836,8.390000343322754,8.385000228881836,8.390000343322754,846.0
2024-04-24 15:02:00,WBA,17.764999389648438,17.764999389648438,17.764999389648438,17.760000228881836,17.760000228881836,4418.0
2024-04-24 15:02:00,WBD,8.305299758911133,8.305299758911133,8.305299758911133,8.30150032043457,8.305000305175781,1933.0
2024-04-24 15:02:00,WDAY,255.6199951171875,255.6199951171875,255.6199951171875,255.5050048828125,255.57000732421875,2973.0
2024-04-24 15:02:00,WDC,69.18499755859375,69.18499755859375,69.18499755859375,69.12000274658203,69.12000274658203,7898.0
2024-04-24 15:02:00,WEN,19.815000534057617,19.815000534057617,19.815000534057617,19.815000534057617,19.815000534057617,1583.0
2024-04-24 15:02:00,WERN,35.349998474121094,35.349998474121094,35.349998474121094,35.349998474121094,35.349998474121094,217.0
2024-04-24 15:02:00,WEST,9.960000038146973,9.960000038146973,9.960000038146973,9.960000038146973,9.960000038146973,650.0
2024-04-24 15:02:00,WFRD,123.55999755859375,123.55999755859375,123.55999755859375,123.54000091552734,123.54000091552734,1257.0
2024-04-24 15:02:00,WHLM,6.28000020980835,6.28000020980835,6.300000190734863,6.28000020980835,6.300000190734863,1293.0
2024-04-24 15:02:00,WIMI,1.0399999618530273,1.0399999618530273,1.0399999618530273,1.038699984550476,1.038699984550476,1042.0
2024-04-24 15:02:00,WISA,6.139999866485596,6.139999866485596,6.139999866485596,6.139999866485596,6.139999866485596,397.0
2024-04-24 15:02:00,WIX,121.9800033569336,121.9800033569336,121.9800033569336,121.68000030517578,121.73999786376953,2123.0
2024-04-24 15:02:00,WKHS,0.16060000658035278,0.16060000658035278,0.16110000014305115,0.16060000658035278,0.16110000014305115,11000.0
2024-04-24 15:02:00,WKME,7.960000038146973,7.960000038146973,7.960000038146973,7.960000038146973,7.960000038146973,1370.0
2024-04-24 15:02:00,WMG,31.985000610351562,31.985000610351562,31.989999771118164,31.985000610351562,31.985000610351562,1047.0
2024-04-24 15:02:00,WSC,37.90999984741211,37.90999984741211,37.91999816894531,37.90999984741211,37.91999816894531,1028.0
2024-04-24 15:02:00,WVE,5.070000171661377,5.070000171661377,5.070000171661377,5.070000171661377,5.070000171661377,298.0
2024-04-24 15:02:00,WW,1.6399999856948853,1.6399999856948853,1.6399999856948853,1.6399999856948853,1.6399999856948853,1013.0
2024-04-24 15:02:00,WYNN,96.73999786376953,96.73999786376953,96.73999786376953,96.68000030517578,96.68000030517578,2020.0
2024-04-24 15:02:00,XEL,55.4900016784668,55.4900016784668,55.505001068115234,55.48500061035156,55.48500061035156,8018.0
2024-04-24 15:02:00,XERS,1.7549999952316284,1.7549999952316284,1.7549999952316284,1.7549999952316284,1.7549999952316284,314.0
2024-04-24 15:02:00,XFOR,1.25,1.25,1.25,1.2450000047683716,1.25,374.0
2024-04-24 15:02:00,XMTR,16.790000915527344,16.790000915527344,16.799999237060547,16.790000915527344,16.799999237060547,748.0
2024-04-24 15:02:00,XNCR,18.75,18.75,18.75,18.6200008392334,18.6200008392334,10167.0
2024-04-24 15:02:00,XP,20.5049991607666,20.5049991607666,20.510000228881836,20.5,20.5,2874.0
2024-04-24 15:02:00,XRX,14.354999542236328,14.354999542236328,14.369999885559082,14.354999542236328,14.364999771118164,6780.0
2024-04-24 15:02:00,YTEN,0.23010000586509705,0.23010000586509705,0.23250000178813934,0.23010000586509705,0.23250000178813934,7347.0
2024-04-24 15:02:00,YTRA,1.2799999713897705,1.2799999713897705,1.284999966621399,1.2799999713897705,1.284999966621399,16100.0
2024-04-24 15:02:00,Z,43.369998931884766,43.369998931884766,43.38999938964844,43.369998931884766,43.38999938964844,722.0
2024-04-24 15:02:00,ZCMD,1.607200026512146,1.607200026512146,1.607200026512146,1.607200026512146,1.607200026512146,200.0
2024-04-24 15:02:00,ZG,42.88999938964844,42.88999938964844,42.88999938964844,42.88999938964844,42.88999938964844,101.0
2024-04-24 15:02:00,ZIMV,15.75,15.75,15.75,15.75,15.75,1029.0
2024-04-24 15:02:00,ZION,42.02000045776367,42.02000045776367,42.02000045776367,42.0099983215332,42.0099983215332,3761.0
2024-04-24 15:02:00,ZLAB,15.550000190734863,15.550000190734863,15.569999694824219,15.550000190734863,15.569999694824219,1371.0
2024-04-24 15:02:00,ZM,61.314998626708984,61.314998626708984,61.314998626708984,61.29999923706055,61.29999923706055,1892.0
2024-04-24 15:02:00,ZNTL,11.765000343322754,11.765000343322754,11.765000343322754,11.765000343322754,11.765000343322754,215.0
2024-04-24 15:02:00,ZS,178.08999633789062,178.08999633789062,178.08999633789062,177.99000549316406,177.99000549316406,1173.0
2024-04-24 15:02:00,ZUMZ,17.309999465942383,17.309999465942383,17.309999465942383,17.290000915527344,17.290000915527344,1541.0
2024-04-24 15:02:00,ZURA,3.25,3.25,3.25,3.25,3.25,904.0
2024-04-24 15:02:00,ZVRA,4.519999980926514,4.519999980926514,4.519999980926514,4.510000228881836,4.510000228881836,419.0
2024-04-24 15:02:00,ZYME,8.579999923706055,8.579999923706055,8.579999923706055,8.579999923706055,8.579999923706055,324.0
2024-04-24 15:03:00,COCO,24.274999618530273,24.274999618530273,24.274999618530273,24.274999618530273,24.274999618530273,1386.0
2024-04-24 15:03:00,DSP,8.59000015258789,8.59000015258789,8.59000015258789,8.59000015258789,8.59000015258789,424.0
2024-04-24 15:03:00,EGHT,2.3450000286102295,2.3450000286102295,2.3450000286102295,2.3450000286102295,2.3450000286102295,400.0
2024-04-24 15:03:00,FREE,4.820000171661377,4.820000171661377,4.820000171661377,4.820000171661377,4.820000171661377,1648.0
2024-04-24 15:03:00,ME,0.4717000126838684,0.4717000126838684,0.47189998626708984,0.4717000126838684,0.4717000126838684,7530.0
2024-04-24 15:03:00,SCWO,1.375,1.375,1.375,1.375,1.375,102.0
2024-04-24 15:03:00,SEAT,5.860000133514404,5.860000133514404,5.860000133514404,5.855000019073486,5.855000019073486,5707.0
2024-04-24 15:03:00,TSVT,4.231800079345703,4.231800079345703,4.239999771118164,4.231800079345703,4.239999771118164,2633.0
2024-04-24 15:03:00,TWOU,0.23999999463558197,0.23999999463558197,0.23999999463558197,0.23960000276565552,0.23999999463558197,256527.0
2024-04-24 15:03:00,TXG,27.309799194335938,27.309799194335938,27.309799194335938,27.309799194335938,27.309799194335938,375.0
2024-04-24 15:03:00,VCTR,49.880001068115234,49.880001068115234,49.880001068115234,49.849998474121094,49.880001068115234,2234.0
2024-04-24 15:03:00,VERU,1.3450000286102295,1.3450000286102295,1.3450000286102295,1.340000033378601,1.340000033378601,1917.0
2024-04-24 15:03:00,VERV,6.559999942779541,6.559999942779541,6.559999942779541,6.559999942779541,6.559999942779541,408.0
2024-04-24 15:03:00,VERX,28.920000076293945,28.920000076293945,28.93000030517578,28.920000076293945,28.920000076293945,1028.0
2024-04-24 15:03:00,VFF,1.309000015258789,1.309000015258789,1.3099000453948975,1.309000015258789,1.3099000453948975,1605.0
2024-04-24 15:03:00,VFS,2.4700000286102295,2.4700000286102295,2.4719998836517334,2.4649999141693115,2.4719998836517334,14934.0
2024-04-24 15:03:00,VICR,31.114999771118164,31.114999771118164,31.149999618530273,31.114999771118164,31.149999618530273,1176.0
2024-04-24 15:03:00,VIRT,22.155000686645508,22.155000686645508,22.170000076293945,22.155000686645508,22.170000076293945,1727.0
2024-04-24 15:03:00,VITL,26.709999084472656,26.709999084472656,26.709999084472656,26.68000030517578,26.68000030517578,2024.0
2024-04-24 15:03:00,VKTX,64.7249984741211,64.7249984741211,64.7300033569336,64.55000305175781,64.55000305175781,4988.0
2024-04-24 15:03:00,VMD,7.980000019073486,7.980000019073486,7.980000019073486,7.980000019073486,7.980000019073486,1055.0
2024-04-24 15:03:00,VMEO,3.515000104904175,3.515000104904175,3.515000104904175,3.515000104904175,3.515000104904175,404.0
2024-04-24 15:03:00,VNET,1.559999942779541,1.559999942779541,1.559999942779541,1.559999942779541,1.559999942779541,112.0
2024-04-24 15:03:00,VOD,8.625,8.625,8.625,8.625,8.625,2509.0
2024-04-24 15:03:00,VRDN,13.169500350952148,13.169500350952148,13.169500350952148,13.149999618530273,13.149999618530273,1432.0
2024-04-24 15:03:00,VRRM,24.209999084472656,24.209999084472656,24.21500015258789,24.209999084472656,24.21500015258789,1370.0
2024-04-24 15:03:00,VRTX,400.9700012207031,400.9700012207031,401.2699890136719,400.95001220703125,401.2699890136719,3435.0
2024-04-24 15:03:00,VSAT,16.1200008392334,16.1200008392334,16.1299991607666,16.110000610351562,16.110000610351562,2723.0
2024-04-24 15:03:00,VTNR,1.4322999715805054,1.4322999715805054,1.434999942779541,1.4322999715805054,1.434999942779541,1638.0
2024-04-24 15:03:00,VTRS,11.5,11.5,11.510000228881836,11.494999885559082,11.510000228881836,18289.0
2024-04-24 15:03:00,WB,8.380000114440918,8.380000114440918,8.390000343322754,8.380000114440918,8.390000343322754,1389.0
2024-04-24 15:03:00,WBA,17.764999389648438,17.764999389648438,17.764999389648438,17.7549991607666,17.760000228881836,13825.0
2024-04-24 15:03:00,WBD,8.305000305175781,8.305000305175781,8.3100004196167,8.300000190734863,8.305000305175781,7973.0
2024-04-24 15:03:00,WDC,69.1500015258789,69.1500015258789,69.19999694824219,69.1500015258789,69.18000030517578,8854.0
2024-04-24 15:03:00,WEN,19.809999465942383,19.809999465942383,19.815000534057617,19.809999465942383,19.815000534057617,1843.0
2024-04-24 15:03:00,WERN,35.310001373291016,35.310001373291016,35.334999084472656,35.310001373291016,35.334999084472656,2596.0
2024-04-24 15:03:00,WEYS,28.209999084472656,28.209999084472656,28.209999084472656,28.209999084472656,28.209999084472656,821.0
2024-04-24 15:03:00,WFRD,123.62000274658203,123.62000274658203,123.62000274658203,123.61000061035156,123.61000061035156,1531.0
2024-04-24 15:03:00,WIMI,1.0312999486923218,1.0312999486923218,1.0312999486923218,1.0312999486923218,1.0312999486923218,2125.0
2024-04-24 15:03:00,WISA,6.000699996948242,6.000699996948242,6.099999904632568,6.000699996948242,6.099999904632568,19749.0
2024-04-24 15:03:00,WIX,121.98500061035156,121.98500061035156,121.98500061035156,121.98500061035156,121.98500061035156,745.0
2024-04-24 15:03:00,WKHS,0.16060000658035278,0.16060000658035278,0.16099999845027924,0.16009999811649323,0.16099999845027924,41361.0
2024-04-24 15:03:00,WKSP,0.38499999046325684,0.38499999046325684,0.38499999046325684,0.38499999046325684,0.38499999046325684,1066.0
2024-04-24 15:03:00,WMG,31.989999771118164,31.989999771118164,32.0,31.989999771118164,32.0,957.0
2024-04-24 15:03:00,WPRT,5.579999923706055,5.579999923706055,5.590000152587891,5.579999923706055,5.590000152587891,2620.0
2024-04-24 15:03:00,WSC,37.900001525878906,37.900001525878906,37.900001525878906,37.86000061035156,37.900001525878906,7997.0
2024-04-24 15:03:00,WSFS,44.66999816894531,44.66999816894531,44.66999816894531,44.66999816894531,44.66999816894531,473.0
2024-04-24 15:03:00,WTW,264.04998779296875,264.04998779296875,264.1600036621094,264.04998779296875,264.1600036621094,739.0
2024-04-24 15:03:00,WVE,5.070000171661377,5.070000171661377,5.070000171661377,5.070000171661377,5.070000171661377,235.0
2024-04-24 15:03:00,WW,1.6399999856948853,1.6399999856948853,1.6399999856948853,1.6399999856948853,1.6399999856948853,915.0
2024-04-24 15:03:00,WWD,149.1074981689453,149.1074981689453,149.17999267578125,149.10000610351562,149.13999938964844,1476.0
2024-04-24 15:03:00,WYNN,96.73500061035156,96.73500061035156,96.76000213623047,96.73500061035156,96.73999786376953,1128.0
2024-04-24 15:03:00,XEL,55.470001220703125,55.470001220703125,55.49340057373047,55.470001220703125,55.49340057373047,4386.0
2024-04-24 15:03:00,XERS,1.7599999904632568,1.7599999904632568,1.7599999904632568,1.7549999952316284,1.7549999952316284,399.0
2024-04-24 15:03:00,XFOR,1.25,1.25,1.25,1.2400000095367432,1.2450000047683716,3297.0
2024-04-24 15:03:00,XNCR,18.729999542236328,18.729999542236328,18.75,18.729999542236328,18.7450008392334,2713.0
2024-04-24 15:03:00,XP,20.485000610351562,20.485000610351562,20.5049991607666,20.485000610351562,20.5049991607666,8979.0
2024-04-24 15:03:00,XPEL,55.040000915527344,55.040000915527344,55.08000183105469,55.040000915527344,55.040000915527344,1866.0
2024-04-24 15:03:00,XRX,14.354999542236328,14.354999542236328,14.354999542236328,14.354999542236328,14.354999542236328,2092.0
2024-04-24 15:03:00,XXII,1.8899999856948853,1.8899999856948853,1.8899999856948853,1.8899999856948853,1.8899999856948853,397.0
2024-04-24 15:03:00,Z,43.39500045776367,43.39500045776367,43.39500045776367,43.380001068115234,43.380001068115234,1352.0
2024-04-24 15:03:00,ZCMD,1.6200000047683716,1.6200000047683716,1.6200000047683716,1.6200000047683716,1.6200000047683716,146.0
2024-04-24 15:03:00,ZD,51.939998626708984,51.939998626708984,51.939998626708984,51.939998626708984,51.939998626708984,1693.0
2024-04-24 15:03:00,ZG,42.88999938964844,42.88999938964844,42.88999938964844,42.88999938964844,42.88999938964844,1210.0
2024-04-24 15:03:00,ZION,42.040000915527344,42.040000915527344,42.04499816894531,42.029998779296875,42.04499816894531,1412.0
2024-04-24 15:03:00,ZLAB,15.529999732971191,15.529999732971191,15.529999732971191,15.529999732971191,15.529999732971191,1980.0
2024-04-24 15:03:00,ZM,61.310001373291016,61.310001373291016,61.31999969482422,61.310001373291016,61.31999969482422,3158.0
2024-04-24 15:03:00,ZNTL,11.765000343322754,11.765000343322754,11.765000343322754,11.765000343322754,11.765000343322754,718.0
2024-04-24 15:03:00,ZS,178.24000549316406,178.24000549316406,178.2899932861328,178.1999969482422,178.1999969482422,4955.0
2024-04-24 15:03:00,ZURA,3.25,3.25,3.25,3.25,3.25,1124.0
2024-04-24 15:03:00,ZYME,8.579999923706055,8.579999923706055,8.579999923706055,8.579999923706055,8.579999923706055,3667.0
2024-04-24 15:04:00,EGHT,2.3475000858306885,2.3475000858306885,2.3475000858306885,2.3399999141693115,2.3399999141693115,1225.0
2024-04-24 15:04:00,ETNB,8.595000267028809,8.595000267028809,8.595000267028809,8.595000267028809,8.595000267028809,744.0
2024-04-24 15:04:00,FLWS,9.140000343322754,9.140000343322754,9.140000343322754,9.140000343322754,9.140000343322754,354.0
2024-04-24 15:04:00,ME,0.4717999994754791,0.4717999994754791,0.47189998626708984,0.4717999994754791,0.47189998626708984,17070.0
2024-04-24 15:04:00,SEAT,5.864999771118164,5.864999771118164,5.864999771118164,5.864999771118164,5.864999771118164,734.0
2024-04-24 15:04:00,TWOU,0.23999999463558197,0.23999999463558197,0.23999999463558197,0.23999999463558197,0.23999999463558197,179675.0
2024-04-24 15:04:00,TXG,27.28860092163086,27.28860092163086,27.299999237060547,27.280000686645508,27.299999237060547,2871.0
2024-04-24 15:04:00,VC,110.31999969482422,110.31999969482422,110.37999725341797,110.31999969482422,110.37999725341797,979.0
2024-04-24 15:04:00,VCTR,49.88999938964844,49.88999938964844,49.88999938964844,49.88999938964844,49.88999938964844,450.0
2024-04-24 15:04:00,VERU,1.350000023841858,1.350000023841858,1.350000023841858,1.350000023841858,1.350000023841858,318.0
2024-04-24 15:04:00,VERV,6.559999942779541,6.559999942779541,6.559999942779541,6.559999942779541,6.559999942779541,1432.0
2024-04-24 15:04:00,VERX,28.969999313354492,28.969999313354492,28.969999313354492,28.940000534057617,28.940000534057617,2507.0
2024-04-24 15:04:00,VFS,2.4700000286102295,2.4700000286102295,2.4700000286102295,2.4649999141693115,2.4649999141693115,1723.0
2024-04-24 15:04:00,VIAV,7.965000152587891,7.965000152587891,7.96999979019165,7.965000152587891,7.96999979019165,3322.0
2024-04-24 15:04:00,VICR,31.079999923706055,31.079999923706055,31.170000076293945,31.06999969482422,31.139999389648438,5491.0
2024-04-24 15:04:00,VINC,0.9100000262260437,0.9100000262260437,0.9101999998092651,0.9100000262260437,0.9101999998092651,10602.0
2024-04-24 15:04:00,VIRT,22.149999618530273,22.149999618530273,22.155000686645508,22.149999618530273,22.155000686645508,1444.0
2024-04-24 15:04:00,VLCN,0.2556000053882599,0.2556000053882599,0.2556000053882599,0.2556000053882599,0.2556000053882599,502.0
2024-04-24 15:04:00,VMEO,3.515000104904175,3.515000104904175,3.515000104904175,3.515000104904175,3.515000104904175,1059.0
2024-04-24 15:04:00,VNOM,39.720001220703125,39.720001220703125,39.720001220703125,39.720001220703125,39.720001220703125,348.0
2024-04-24 15:04:00,VOD,8.630000114440918,8.630000114440918,8.630000114440918,8.630000114440918,8.630000114440918,444.0
2024-04-24 15:04:00,VOR,1.7400000095367432,1.7400000095367432,1.7400000095367432,1.7400000095367432,1.7400000095367432,358.0
2024-04-24 15:04:00,VRDN,13.149999618530273,13.149999618530273,13.149999618530273,13.149999618530273,13.149999618530273,102.0
2024-04-24 15:04:00,VRNA,15.289999961853027,15.289999961853027,15.289999961853027,15.289999961853027,15.289999961853027,312.0
2024-04-24 15:04:00,VRRM,24.209999084472656,24.209999084472656,24.21500015258789,24.209999084472656,24.2101993560791,1579.0
2024-04-24 15:04:00,VSAT,16.149999618530273,16.149999618530273,16.149999618530273,16.139999389648438,16.139999389648438,2077.0
2024-04-24 15:04:00,VTRS,11.5,11.5,11.5,11.490099906921387,11.5,2162.0
2024-04-24 15:04:00,VUZI,1.2999999523162842,1.2999999523162842,1.3200000524520874,1.2999999523162842,1.2999999523162842,1000.0
2024-04-24 15:04:00,WABC,47.709999084472656,47.709999084472656,47.779998779296875,47.4900016784668,47.4900016784668,6458.0
2024-04-24 15:04:00,WBA,17.770000457763672,17.770000457763672,17.770000457763672,17.760000228881836,17.764999389648438,17054.0
2024-04-24 15:04:00,WBD,8.305000305175781,8.305000305175781,8.305000305175781,8.300000190734863,8.305000305175781,14340.0
2024-04-24 15:04:00,WDAY,255.47999572753906,255.47999572753906,255.57000732421875,255.47999572753906,255.57000732421875,2326.0
2024-04-24 15:04:00,WDC,69.13999938964844,69.13999938964844,69.20999908447266,69.13999938964844,69.16000366210938,8241.0
2024-04-24 15:04:00,WEN,19.809999465942383,19.809999465942383,19.815000534057617,19.809999465942383,19.815000534057617,7463.0
2024-04-24 15:04:00,WERN,35.30009841918945,35.30009841918945,35.30009841918945,35.30009841918945,35.30009841918945,713.0
2024-04-24 15:04:00,WEYS,28.440000534057617,28.440000534057617,28.440000534057617,28.440000534057617,28.440000534057617,178.0
2024-04-24 15:04:00,WFRD,123.66000366210938,123.66000366210938,123.66999816894531,123.62000274658203,123.62000274658203,2087.0
2024-04-24 15:04:00,WHLR,0.14139999449253082,0.14139999449253082,0.14139999449253082,0.14139999449253082,0.14139999449253082,14129.0
2024-04-24 15:04:00,WIMI,1.034999966621399,1.034999966621399,1.034999966621399,1.0299999713897705,1.0299999713897705,7245.0
2024-04-24 15:04:00,WISA,6.0,6.0,6.01200008392334,6.0,6.010000228881836,11304.0
2024-04-24 15:04:00,WIX,121.98999786376953,121.98999786376953,121.98999786376953,121.98999786376953,121.98999786376953,1312.0
2024-04-24 15:04:00,WKHS,0.16040000319480896,0.16040000319480896,0.16060000658035278,0.16009999811649323,0.16009999811649323,21264.0
2024-04-24 15:04:00,WMG,32.0,32.0,32.0099983215332,31.989999771118164,32.0,2738.0
2024-04-24 15:04:00,WSBF,12.229999542236328,12.229999542236328,12.229999542236328,12.229999542236328,12.229999542236328,117.0
2024-04-24 15:04:00,WSC,37.88999938964844,37.88999938964844,37.90999984741211,37.880001068115234,37.900001525878906,12617.0
2024-04-24 15:04:00,WTW,263.8699951171875,263.8699951171875,264.125,263.8699951171875,264.125,2922.0
2024-04-24 15:04:00,WW,1.6399999856948853,1.6399999856948853,1.648300051689148,1.6399999856948853,1.6399999856948853,3037.0
2024-04-24 15:04:00,WWD,149.05999755859375,149.05999755859375,149.0800018310547,149.05999755859375,149.0800018310547,883.0
2024-04-24 15:04:00,WYNN,96.7699966430664,96.7699966430664,96.80999755859375,96.75,96.7699966430664,2424.0
2024-04-24 15:04:00,XBIT,8.1899995803833,8.1899995803833,8.1899995803833,8.1899995803833,8.1899995803833,353.0
2024-04-24 15:04:00,XEL,55.46009826660156,55.46009826660156,55.474998474121094,55.459999084472656,55.470001220703125,8817.0
2024-04-24 15:04:00,XENE,39.34000015258789,39.34000015258789,39.404998779296875,39.33000183105469,39.404998779296875,742.0
2024-04-24 15:04:00,XERS,1.7561999559402466,1.7561999559402466,1.7561999559402466,1.7561999559402466,1.7561999559402466,111.0
2024-04-24 15:04:00,XFOR,1.2450000047683716,1.2450000047683716,1.25,1.2450000047683716,1.2450000047683716,208.0
2024-04-24 15:04:00,XLO,1.0750000476837158,1.0750000476837158,1.0750000476837158,1.0750000476837158,1.0750000476837158,1004.0
2024-04-24 15:04:00,XMTR,16.790000915527344,16.790000915527344,16.790000915527344,16.790000915527344,16.790000915527344,423.0
2024-04-24 15:04:00,XNCR,18.75,18.75,18.760000228881836,18.729999542236328,18.729999542236328,3616.0
2024-04-24 15:04:00,XP,20.4950008392334,20.4950008392334,20.4950008392334,20.489999771118164,20.489999771118164,2707.0
2024-04-24 15:04:00,XRX,14.34060001373291,14.34060001373291,14.354999542236328,14.34000015258789,14.354999542236328,11313.0
2024-04-24 15:04:00,XXII,1.8899999856948853,1.8899999856948853,1.8899999856948853,1.8899999856948853,1.8899999856948853,239.0
2024-04-24 15:04:00,YTEN,0.23890000581741333,0.23890000581741333,0.23890000581741333,0.23890000581741333,0.23890000581741333,3000.0
2024-04-24 15:04:00,YTRA,1.2799999713897705,1.2799999713897705,1.2799999713897705,1.2799999713897705,1.2799999713897705,100.0
2024-04-24 15:04:00,Z,43.38999938964844,43.38999938964844,43.400001525878906,43.38999938964844,43.38999938964844,3266.0
2024-04-24 15:04:00,ZI,15.78499984741211,15.78499984741211,15.78499984741211,15.779999732971191,15.779999732971191,1007.0
2024-04-24 15:04:00,ZION,42.06999969482422,42.06999969482422,42.06999969482422,42.04999923706055,42.04999923706055,2191.0
2024-04-24 15:04:00,ZM,61.29999923706055,61.29999923706055,61.29999923706055,61.29999923706055,61.29999923706055,575.0
2024-04-24 15:04:00,ZNTL,11.760000228881836,11.760000228881836,11.760000228881836,11.739999771118164,11.75,3161.0
2024-04-24 15:04:00,ZS,178.17999267578125,178.17999267578125,178.26499938964844,178.16000366210938,178.23480224609375,3883.0
2024-04-24 15:04:00,ZURA,3.2699999809265137,3.2699999809265137,3.2699999809265137,3.25,3.25,8418.0
2024-04-24 15:05:00,COCO,24.270000457763672,24.270000457763672,24.270000457763672,24.260000228881836,24.260000228881836,1177.0
2024-04-24 15:05:00,DIBS,5.400000095367432,5.400000095367432,5.400000095367432,5.400000095367432,5.400000095367432,250.0
2024-04-24 15:05:00,DSP,8.539999961853027,8.539999961853027,8.539999961853027,8.539999961853027,8.539999961853027,274.0
2024-04-24 15:05:00,EGHT,2.3450000286102295,2.3450000286102295,2.3450000286102295,2.3450000286102295,2.3450000286102295,227.0
2024-04-24 15:05:00,ETNB,8.585000038146973,8.585000038146973,8.595000267028809,8.585000038146973,8.595000267028809,7958.0
2024-04-24 15:05:00,HOWL,6.480999946594238,6.480999946594238,6.480999946594238,6.480999946594238,6.480999946594238,1243.0
2024-04-24 15:05:00,MAPS,1.090000033378601,1.090000033378601,1.090000033378601,1.090000033378601,1.090000033378601,700.0
2024-04-24 15:05:00,ME,0.4722000062465668,0.4722000062465668,0.4722000062465668,0.4722000062465668,0.4722000062465668,2560.0
2024-04-24 15:05:00,TSVT,4.235000133514404,4.235000133514404,4.235000133514404,4.230000019073486,4.235000133514404,588.0
2024-04-24 15:05:00,TWOU,0.23999999463558197,0.23999999463558197,0.23999999463558197,0.23989999294281006,0.23999999463558197,0.0
2024-04-24 15:05:00,TXG,27.309999465942383,27.309999465942383,27.31999969482422,27.290000915527344,27.290000915527344,3050.0
2024-04-24 15:05:00,VC,110.37999725341797,110.37999725341797,110.37999725341797,110.37999725341797,110.37999725341797,118.0
2024-04-24 15:05:00,VERU,1.3300000429153442,1.3300000429153442,1.340000033378601,1.3300000429153442,1.340000033378601,28652.0
2024-04-24 15:05:00,VERV,6.565000057220459,6.565000057220459,6.565000057220459,6.559999942779541,6.559999942779541,2351.0
2024-04-24 15:05:00,VERX,29.0,29.0,29.010000228881836,28.950000762939453,28.950000762939453,6015.0
2024-04-24 15:05:00,VFS,2.4649999141693115,2.4649999141693115,2.4649999141693115,2.4649999141693115,2.4649999141693115,207.0
2024-04-24 15:05:00,VIAV,7.965000152587891,7.965000152587891,7.965000152587891,7.965000152587891,7.965000152587891,1082.0
2024-04-24 15:05:00,VICR,31.1299991607666,31.1299991607666,31.1299991607666,31.079999923706055,31.079999923706055,1791.0
2024-04-24 15:05:00,VINC,0.8999999761581421,0.8999999761581421,0.901199996471405,0.8999999761581421,0.8999999761581421,5404.0
2024-04-24 15:05:00,VIRT,22.080699920654297,22.080699920654297,22.139999389648438,22.080699920654297,22.139999389648438,3727.0
2024-04-24 15:05:00,VKTX,64.8949966430664,64.8949966430664,64.98999786376953,64.69999694824219,64.69999694824219,17726.0
2024-04-24 15:05:00,VMEO,3.515000104904175,3.515000104904175,3.515000104904175,3.509999990463257,3.509999990463257,1263.0
2024-04-24 15:05:00,VNET,1.559999942779541,1.559999942779541,1.559999942779541,1.559999942779541,1.559999942779541,313.0
2024-04-24 15:05:00,VNOM,39.70000076293945,39.70000076293945,39.70000076293945,39.70000076293945,39.70000076293945,239.0
2024-04-24 15:05:00,VOD,8.625,8.625,8.630000114440918,8.625,8.630000114440918,2162.0
2024-04-24 15:05:00,VRDN,13.170000076293945,13.170000076293945,13.170000076293945,13.149999618530273,13.149999618530273,786.0
2024-04-24 15:05:00,VRM,11.609999656677246,11.609999656677246,11.609999656677246,11.609999656677246,11.609999656677246,529.0
2024-04-24 15:05:00,VRNA,15.3149995803833,15.3149995803833,15.3149995803833,15.300000190734863,15.300000190734863,2578.0
2024-04-24 15:05:00,VRRM,24.21500015258789,24.21500015258789,24.21500015258789,24.209999084472656,24.209999084472656,1946.0
2024-04-24 15:05:00,VRTX,401.0199890136719,401.0199890136719,401.0199890136719,400.95001220703125,400.9599914550781,2164.0
2024-04-24 15:05:00,VSAT,16.15999984741211,16.15999984741211,16.170000076293945,16.15999984741211,16.15999984741211,1511.0
2024-04-24 15:05:00,VTNR,1.4249999523162842,1.4249999523162842,1.4316999912261963,1.4249999523162842,1.4316999912261963,7200.0
2024-04-24 15:05:00,VTRS,11.5,11.5,11.5,11.49209976196289,11.5,2169.0
2024-04-24 15:05:00,WABC,47.689998626708984,47.689998626708984,47.720001220703125,47.689998626708984,47.720001220703125,440.0
2024-04-24 15:05:00,WAFD,28.170000076293945,28.170000076293945,28.170000076293945,28.139999389648438,28.139999389648438,1415.0
2024-04-24 15:05:00,WASH,26.290000915527344,26.290000915527344,26.290000915527344,26.280000686645508,26.280000686645508,631.0
2024-04-24 15:05:00,WB,8.395000457763672,8.395000457763672,8.399999618530273,8.390000343322754,8.390000343322754,10471.0
2024-04-24 15:05:00,WBA,17.78499984741211,17.78499984741211,17.78499984741211,17.764999389648438,17.764999389648438,15290.0
2024-04-24 15:05:00,WBD,8.3100004196167,8.3100004196167,8.315500259399414,8.300000190734863,8.300000190734863,57690.0
2024-04-24 15:05:00,WDAY,255.46499633789062,255.46499633789062,255.47000122070312,255.41000366210938,255.47000122070312,3076.0
2024-04-24 15:05:00,WDC,69.19000244140625,69.19000244140625,69.20999908447266,69.13999938964844,69.13999938964844,9192.0
2024-04-24 15:05:00,WEN,19.815000534057617,19.815000534057617,19.8174991607666,19.815000534057617,19.815000534057617,1243.0
2024-04-24 15:05:00,WERN,35.29999923706055,35.29999923706055,35.33000183105469,35.29999923706055,35.33000183105469,1069.0
2024-04-24 15:05:00,WHLR,0.14309999346733093,0.14309999346733093,0.14319999516010284,0.1428000032901764,0.1428000032901764,6032.0
2024-04-24 15:05:00,WIMI,1.0318000316619873,1.0318000316619873,1.0399999618530273,1.0300999879837036,1.0305999517440796,2789.0
2024-04-24 15:05:00,WISA,6.099999904632568,6.099999904632568,6.099999904632568,6.059999942779541,6.099999904632568,7467.0
2024-04-24 15:05:00,WIX,121.63999938964844,121.63999938964844,121.91000366210938,121.63999938964844,121.91000366210938,3980.0
2024-04-24 15:05:00,WKHS,0.16060000658035278,0.16060000658035278,0.16060000658035278,0.16009999811649323,0.16009999811649323,27006.0
2024-04-24 15:05:00,WMG,32.005001068115234,32.005001068115234,32.005001068115234,31.9950008392334,32.0,3328.0
2024-04-24 15:05:00,WSBC,28.1299991607666,28.1299991607666,28.139999389648438,28.1299991607666,28.139999389648438,844.0
2024-04-24 15:05:00,WSBF,12.25,12.25,12.25,12.25,12.25,572.0
2024-04-24 15:05:00,WSC,37.90999984741211,37.90999984741211,37.91999816894531,37.84000015258789,37.869998931884766,10364.0
2024-04-24 15:05:00,WSFS,44.70000076293945,44.70000076293945,44.70000076293945,44.689998626708984,44.689998626708984,334.0
2024-04-24 15:05:00,WTFC,99.83999633789062,99.83999633789062,99.83999633789062,99.83999633789062,99.83999633789062,300.0
2024-04-24 15:05:00,WTW,263.8599853515625,263.8599853515625,263.8599853515625,263.8599853515625,263.8599853515625,425.0
2024-04-24 15:05:00,WVE,5.079999923706055,5.079999923706055,5.079999923706055,5.079999923706055,5.079999923706055,600.0
2024-04-24 15:05:00,WW,1.6425000429153442,1.6425000429153442,1.6449999809265137,1.6425000429153442,1.6449999809265137,1768.0
2024-04-24 15:05:00,WWD,149.08999633789062,149.08999633789062,149.08999633789062,149.02999877929688,149.02999877929688,1535.0
2024-04-24 15:05:00,WYNN,96.86499786376953,96.86499786376953,96.88999938964844,96.76499938964844,96.76499938964844,3321.0
2024-04-24 15:05:00,XEL,55.474998474121094,55.474998474121094,55.47999954223633,55.45249938964844,55.46009826660156,7323.0
2024-04-24 15:05:00,XENE,39.41999816894531,39.41999816894531,39.41999816894531,39.41999816894531,39.41999816894531,918.0
2024-04-24 15:05:00,XERS,1.7598999738693237,1.7598999738693237,1.7598999738693237,1.75,1.75,4413.0
2024-04-24 15:05:00,XFOR,1.2450000047683716,1.2450000047683716,1.25,1.2450000047683716,1.25,432.0
2024-04-24 15:05:00,XMTR,16.8700008392334,16.8700008392334,16.889999389648438,16.799999237060547,16.799999237060547,2410.0
2024-04-24 15:05:00,XNCR,18.75,18.75,18.75,18.75,18.75,1350.0
2024-04-24 15:05:00,XOSWW,0.0284000001847744,0.0284000001847744,0.0284000001847744,0.0284000001847744,0.0284000001847744,0.0
2024-04-24 15:05:00,XP,20.5,20.5,20.5,20.489999771118164,20.49049949645996,3506.0
2024-04-24 15:05:00,XPEL,55.11000061035156,55.11000061035156,55.119998931884766,55.09000015258789,55.09000015258789,1220.0
2024-04-24 15:05:00,XRX,14.345000267028809,14.345000267028809,14.345000267028809,14.345000267028809,14.345000267028809,7563.0
2024-04-24 15:05:00,XXII,1.899999976158142,1.899999976158142,1.899999976158142,1.899999976158142,1.899999976158142,338.0
2024-04-24 15:05:00,YTRA,1.2799999713897705,1.2799999713897705,1.2799999713897705,1.274999976158142,1.2790000438690186,16500.0
2024-04-24 15:05:00,Z,43.41999816894531,43.41999816894531,43.41999816894531,43.380001068115234,43.380001068115234,2196.0
2024-04-24 15:05:00,ZAPP,3.8027000427246094,3.8027000427246094,3.8027000427246094,3.8027000427246094,3.8027000427246094,1218.0
2024-04-24 15:05:00,ZBRA,276.7850036621094,276.7850036621094,276.7850036621094,276.7349853515625,276.7349853515625,407.0
2024-04-24 15:05:00,ZCMD,1.6201000213623047,1.6201000213623047,1.6399999856948853,1.6201000213623047,1.6399999856948853,1383.0
2024-04-24 15:05:00,ZG,42.935001373291016,42.935001373291016,42.935001373291016,42.90999984741211,42.90999984741211,1027.0
2024-04-24 15:05:00,ZI,15.789999961853027,15.789999961853027,15.795000076293945,15.789999961853027,15.789999961853027,6917.0
2024-04-24 15:05:00,ZION,42.110599517822266,42.110599517822266,42.119998931884766,42.06999969482422,42.06999969482422,4724.0
2024-04-24 15:05:00,ZLAB,15.5,15.5,15.5,15.5,15.5,1001.0
2024-04-24 15:05:00,ZM,61.29790115356445,61.29790115356445,61.33000183105469,61.29790115356445,61.29999923706055,4771.0
2024-04-24 15:05:00,ZNTL,11.770000457763672,11.770000457763672,11.770000457763672,11.760000228881836,11.760000228881836,917.0
2024-04-24 15:05:00,ZS,178.24000549316406,178.24000549316406,178.24000549316406,178.24000549316406,178.24000549316406,698.0
2024-04-24 15:05:00,ZYME,8.579999923706055,8.579999923706055,8.59000015258789,8.579999923706055,8.59000015258789,560.0
2024-04-24 15:06:00,DIBS,5.40500020980835,5.40500020980835,5.40500020980835,5.400000095367432,5.400000095367432,490.0
2024-04-24 15:06:00,EGHT,2.3450000286102295,2.3450000286102295,2.3450000286102295,2.3450000286102295,2.3450000286102295,1271.0
2024-04-24 15:06:00,ETNB,8.585000038146973,8.585000038146973,8.585000038146973,8.585000038146973,8.585000038146973,1684.0
2024-04-24 15:06:00,FEAM,1.162500023841858,1.162500023841858,1.162500023841858,1.162500023841858,1.162500023841858,371.0
2024-04-24 15:06:00,FLWS,9.154999732971191,9.154999732971191,9.154999732971191,9.154999732971191,9.154999732971191,109.0
2024-04-24 15:06:00,MAPS,1.0950000286102295,1.0950000286102295,1.0950000286102295,1.0950000286102295,1.0950000286102295,200.0
2024-04-24 15:06:00,MASS,5.644999980926514,5.644999980926514,5.644999980926514,5.639999866485596,5.639999866485596,326.0
2024-04-24 15:06:00,ME,0.47450000047683716,0.47450000047683716,0.4758000075817108,0.4717999994754791,0.4717999994754791,40691.0
2024-04-24 15:06:00,SCWO,1.375,1.375,1.375,1.375,1.375,110.0
2024-04-24 15:06:00,SEAT,5.869999885559082,5.869999885559082,5.869999885559082,5.869999885559082,5.869999885559082,487.0
2024-04-24 15:06:00,TSVT,4.230000019073486,4.230000019073486,4.235000133514404,4.230000019073486,4.230000019073486,1439.0
2024-04-24 15:06:00,TWOU,0.23999999463558197,0.23999999463558197,0.23999999463558197,0.23999999463558197,0.23999999463558197,2597.0
2024-04-24 15:06:00,TXG,27.295000076293945,27.295000076293945,27.31999969482422,27.290000915527344,27.31999969482422,2609.0
2024-04-24 15:06:00,VC,110.31999969482422,110.31999969482422,110.37999725341797,110.31999969482422,110.37999725341797,789.0
2024-04-24 15:06:00,VCTR,49.84000015258789,49.84000015258789,49.849998474121094,49.84000015258789,49.849998474121094,456.0
2024-04-24 15:06:00,VERU,1.3300000429153442,1.3300000429153442,1.3350000381469727,1.3300000429153442,1.3300000429153442,19848.0
2024-04-24 15:06:00,VERV,6.565000057220459,6.565000057220459,6.565000057220459,6.565000057220459,6.565000057220459,1632.0
2024-04-24 15:06:00,VERX,28.954999923706055,28.954999923706055,29.0,28.950000762939453,29.0,5796.0
2024-04-24 15:06:00,VFS,2.4649999141693115,2.4649999141693115,2.4649999141693115,2.4649999141693115,2.4649999141693115,400.0
2024-04-24 15:06:00,VIAV,7.965000152587891,7.965000152587891,7.965000152587891,7.965000152587891,7.965000152587891,843.0
2024-04-24 15:06:00,VICR,31.1200008392334,31.1200008392334,31.135000228881836,31.110000610351562,31.110000610351562,1333.0
2024-04-24 15:06:00,VINC,0.9101999998092651,0.9101999998092651,0.9101999998092651,0.9000999927520752,0.9000999927520752,233.0
2024-04-24 15:06:00,VIR,8.069999694824219,8.069999694824219,8.069999694824219,8.069999694824219,8.069999694824219,301.0
2024-04-24 15:06:00,VIRC,10.710000038146973,10.710000038146973,10.729999542236328,10.710000038146973,10.729999542236328,1110.0
2024-04-24 15:06:00,VIRT,22.08009910583496,22.08009910583496,22.08009910583496,22.06999969482422,22.079999923706055,2851.0
2024-04-24 15:06:00,VIRX,0.8300999999046326,0.8300999999046326,0.8300999999046326,0.8300999999046326,0.8300999999046326,1479.0
2024-04-24 15:06:00,VITL,26.729999542236328,26.729999542236328,26.739999771118164,26.71500015258789,26.739999771118164,2723.0
2024-04-24 15:06:00,VKTX,64.85089874267578,64.85089874267578,64.85089874267578,64.77999877929688,64.8499984741211,7135.0
2024-04-24 15:06:00,VLCN,0.2572000026702881,0.2572000026702881,0.2572000026702881,0.2554999887943268,0.2554999887943268,1240.0
2024-04-24 15:06:00,VMD,7.96999979019165,7.96999979019165,7.96999979019165,7.96999979019165,7.96999979019165,602.0
2024-04-24 15:06:00,VMEO,3.515000104904175,3.515000104904175,3.5190000534057617,3.515000104904175,3.515000104904175,6652.0
2024-04-24 15:06:00,VNET,1.559999942779541,1.559999942779541,1.559999942779541,1.559999942779541,1.559999942779541,200.0
2024-04-24 15:06:00,VNOM,39.70500183105469,39.70500183105469,39.70500183105469,39.70500183105469,39.70500183105469,420.0
2024-04-24 15:06:00,VOD,8.629899978637695,8.629899978637695,8.629899978637695,8.629899978637695,8.629899978637695,197.0
2024-04-24 15:06:00,VOR,1.7470999956130981,1.7470999956130981,1.7470999956130981,1.7470999956130981,1.7470999956130981,3760.0
2024-04-24 15:06:00,VRDN,13.149999618530273,13.149999618530273,13.15999984741211,13.149999618530273,13.15999984741211,1084.0
2024-04-24 15:06:00,VRRM,24.174999237060547,24.174999237060547,24.209999084472656,24.174999237060547,24.209999084472656,4042.0
2024-04-24 15:06:00,VRTX,401.19000244140625,401.19000244140625,401.29998779296875,400.9549865722656,400.9549865722656,2595.0
2024-04-24 15:06:00,VSAT,16.1299991607666,16.1299991607666,16.149999618530273,16.1299991607666,16.149999618530273,2154.0
2024-04-24 15:06:00,VTNR,1.4249999523162842,1.4249999523162842,1.4294999837875366,1.4249999523162842,1.4294999837875366,4088.0
2024-04-24 15:06:00,VTRS,11.5,11.5,11.5,11.494999885559082,11.499600410461426,6136.0
2024-04-24 15:06:00,VUZI,1.2999999523162842,1.2999999523162842,1.2999999523162842,1.2999999523162842,1.2999999523162842,300.0
2024-04-24 15:06:00,VYGR,7.460000038146973,7.460000038146973,7.460000038146973,7.460000038146973,7.460000038146973,781.0
2024-04-24 15:06:00,WAFD,28.149999618530273,28.149999618530273,28.165000915527344,28.149999618530273,28.15999984741211,1107.0
2024-04-24 15:06:00,WAVD,1.9500000476837158,1.9500000476837158,1.9500000476837158,1.9210000038146973,1.9299999475479126,2147.0
2024-04-24 15:06:00,WB,8.395000457763672,8.395000457763672,8.399900436401367,8.385000228881836,8.390000343322754,9347.0
2024-04-24 15:06:00,WBA,17.78499984741211,17.78499984741211,17.78499984741211,17.78499984741211,17.78499984741211,4369.0
2024-04-24 15:06:00,WBD,8.319999694824219,8.319999694824219,8.319999694824219,8.3100004196167,8.3100004196167,8484.0
2024-04-24 15:06:00,WDAY,255.33999633789062,255.33999633789062,255.4199981689453,255.33999633789062,255.4199981689453,1378.0
2024-04-24 15:06:00,WDC,69.1449966430664,69.1449966430664,69.18000030517578,69.13999938964844,69.18000030517578,3373.0
2024-04-24 15:06:00,WEN,19.810100555419922,19.810100555419922,19.815000534057617,19.809999465942383,19.815000534057617,1697.0
2024-04-24 15:06:00,WERN,35.2599983215332,35.2599983215332,35.290000915527344,35.2599983215332,35.290000915527344,1866.0
2024-04-24 15:06:00,WEYS,28.149999618530273,28.149999618530273,28.149999618530273,28.149999618530273,28.149999618530273,1211.0
2024-04-24 15:06:00,WFRD,123.65499877929688,123.65499877929688,123.69000244140625,123.55000305175781,123.63500213623047,2264.0
2024-04-24 15:06:00,WHLR,0.14309999346733093,0.14309999346733093,0.14309999346733093,0.14309999346733093,0.14309999346733093,0.0
2024-04-24 15:06:00,WIMI,1.0399999618530273,1.0399999618530273,1.0399999618530273,1.0384999513626099,1.0398999452590942,389.0
2024-04-24 15:06:00,WISA,6.039999961853027,6.039999961853027,6.059999942779541,6.010000228881836,6.059999942779541,7756.0
2024-04-24 15:06:00,WIX,121.6449966430664,121.6449966430664,121.6449966430664,121.56999969482422,121.56999969482422,1099.0
2024-04-24 15:06:00,WKHS,0.16089999675750732,0.16089999675750732,0.16089999675750732,0.1599999964237213,0.16009999811649323,48938.0
2024-04-24 15:06:00,WMG,32.0099983215332,32.0099983215332,32.01499938964844,32.0099983215332,32.01499938964844,2908.0
2024-04-24 15:06:00,WPRT,5.579999923706055,5.579999923706055,5.579999923706055,5.579999923706055,5.579999923706055,1474.0
2024-04-24 15:06:00,WSBC,28.1299991607666,28.1299991607666,28.1299991607666,28.1200008392334,28.1200008392334,1577.0
2024-04-24 15:06:00,WSC,37.900001525878906,37.900001525878906,37.900001525878906,37.900001525878906,37.900001525878906,218.0
2024-04-24 15:06:00,WSFS,44.68000030517578,44.68000030517578,44.68000030517578,44.68000030517578,44.68000030517578,357.0
2024-04-24 15:06:00,WTW,263.82000732421875,263.82000732421875,263.8900146484375,263.7099914550781,263.7099914550781,2080.0
2024-04-24 15:06:00,WVE,5.070000171661377,5.070000171661377,5.070000171661377,5.070000171661377,5.070000171661377,431.0
2024-04-24 15:06:00,WW,1.6449999809265137,1.6449999809265137,1.6449999809265137,1.6449999809265137,1.6449999809265137,2807.0
2024-04-24 15:06:00,WWD,149.02999877929688,149.02999877929688,149.05999755859375,149.02999877929688,149.05999755859375,1249.0
2024-04-24 15:06:00,WYNN,96.83000183105469,96.83000183105469,96.875,96.83000183105469,96.87000274658203,1868.0
2024-04-24 15:06:00,XEL,55.470001220703125,55.470001220703125,55.494998931884766,55.470001220703125,55.472599029541016,9536.0
2024-04-24 15:06:00,XENE,39.40999984741211,39.40999984741211,39.40999984741211,39.40999984741211,39.40999984741211,502.0
2024-04-24 15:06:00,XERS,1.7599999904632568,1.7599999904632568,1.7599999904632568,1.7599999904632568,1.7599999904632568,600.0
2024-04-24 15:06:00,XFOR,1.2450000047683716,1.2450000047683716,1.2450000047683716,1.2401000261306763,1.2450000047683716,7623.0
2024-04-24 15:06:00,XMTR,16.8700008392334,16.8700008392334,16.8700008392334,16.860000610351562,16.860000610351562,938.0
2024-04-24 15:06:00,XNCR,18.739999771118164,18.739999771118164,18.760000228881836,18.719999313354492,18.760000228881836,4646.0
2024-04-24 15:06:00,XOS,7.6407999992370605,7.6407999992370605,7.6407999992370605,7.6407999992370605,7.6407999992370605,419.0
2024-04-24 15:06:00,XP,20.485000610351562,20.485000610351562,20.4950008392334,20.485000610351562,20.4950008392334,4876.0
2024-04-24 15:06:00,XRX,14.289999961853027,14.289999961853027,14.350000381469727,14.289999961853027,14.345000267028809,17042.0
2024-04-24 15:06:00,YMAB,15.0600004196167,15.0600004196167,15.085000038146973,15.0600004196167,15.085000038146973,1593.0
2024-04-24 15:06:00,YTRA,1.277999997138977,1.277999997138977,1.2798999547958374,1.277999997138977,1.2798999547958374,330.0
2024-04-24 15:06:00,Z,43.380001068115234,43.380001068115234,43.40999984741211,43.380001068115234,43.40999984741211,2951.0
2024-04-24 15:06:00,ZBRA,276.7825012207031,276.7825012207031,276.7825012207031,276.7825012207031,276.7825012207031,367.0
2024-04-24 15:06:00,ZD,51.91999816894531,51.91999816894531,51.95000076293945,51.91999816894531,51.939998626708984,1560.0
2024-04-24 15:06:00,ZG,42.88999938964844,42.88999938964844,42.90999984741211,42.88999938964844,42.90999984741211,580.0
2024-04-24 15:06:00,ZI,15.789999961853027,15.789999961853027,15.789999961853027,15.78499984741211,15.789999961853027,1620.0
2024-04-24 15:06:00,ZION,42.130001068115234,42.130001068115234,42.130001068115234,42.099998474121094,42.11000061035156,6124.0
2024-04-24 15:06:00,ZIONL,25.600000381469727,25.600000381469727,25.600000381469727,25.600000381469727,25.600000381469727,3159.0
2024-04-24 15:06:00,ZLAB,15.484999656677246,15.484999656677246,15.489999771118164,15.484999656677246,15.489999771118164,931.0
2024-04-24 15:06:00,ZM,61.255001068115234,61.255001068115234,61.29029846191406,61.255001068115234,61.29029846191406,1873.0
2024-04-24 15:06:00,ZNTL,11.739999771118164,11.739999771118164,11.755000114440918,11.739999771118164,11.755000114440918,459.0
2024-04-24 15:06:00,ZS,178.07000732421875,178.07000732421875,178.16000366210938,178.02999877929688,178.16000366210938,2669.0
2024-04-24 15:06:00,ZUMZ,17.299999237060547,17.299999237060547,17.300100326538086,17.299999237060547,17.299999237060547,1379.0
2024-04-24 15:06:00,ZURA,3.25,3.25,3.259999990463257,3.25,3.259999990463257,7235.0
2024-04-24 15:06:00,ZVSA,0.6050000190734863,0.6050000190734863,0.6148999929428101,0.6050000190734863,0.6148999929428101,346.0
2024-04-24 15:06:00,ZYME,8.520000457763672,8.520000457763672,8.579999923706055,8.520000457763672,8.579999923706055,11321.0
2024-04-24 15:07:00,DIBS,5.394999980926514,5.394999980926514,5.394999980926514,5.394999980926514,5.394999980926514,116.0
2024-04-24 15:07:00,DSP,8.569999694824219,8.569999694824219,8.569999694824219,8.569999694824219,8.569999694824219,414.0
2024-04-24 15:07:00,EGHT,2.3450000286102295,2.3450000286102295,2.3450000286102295,2.3450000286102295,2.3450000286102295,0.0
2024-04-24 15:07:00,ETNB,8.585000038146973,8.585000038146973,8.585000038146973,8.585000038146973,8.585000038146973,438.0
2024-04-24 15:07:00,FDMT,24.459999084472656,24.459999084472656,24.459999084472656,24.459999084472656,24.459999084472656,1343.0
2024-04-24 15:07:00,FLWS,9.149999618530273,9.149999618530273,9.149999618530273,9.140000343322754,9.140000343322754,2719.0
2024-04-24 15:07:00,MAPS,1.090000033378601,1.090000033378601,1.100000023841858,1.090000033378601,1.100000023841858,613.0
2024-04-24 15:07:00,MASS,5.650000095367432,5.650000095367432,5.650000095367432,5.650000095367432,5.650000095367432,213.0
2024-04-24 15:07:00,ME,0.47450000047683716,0.47450000047683716,0.47450000047683716,0.4729999899864197,0.47369998693466187,13520.0
2024-04-24 15:07:00,SEAT,5.8668999671936035,5.8668999671936035,5.8668999671936035,5.8668999671936035,5.8668999671936035,994.0
2024-04-24 15:07:00,TSVT,4.230000019073486,4.230000019073486,4.235000133514404,4.230000019073486,4.230000019073486,875.0
2024-04-24 15:07:00,TWOU,0.23999999463558197,0.23999999463558197,0.23999999463558197,0.23999999463558197,0.23999999463558197,1200.0
2024-04-24 15:07:00,TXG,27.31999969482422,27.31999969482422,27.31999969482422,27.299999237060547,27.299999237060547,4096.0
2024-04-24 15:07:00,VCTR,49.81999969482422,49.81999969482422,49.81999969482422,49.81999969482422,49.81999969482422,194.0
2024-04-24 15:07:00,VERU,1.3350000381469727,1.3350000381469727,1.3350000381469727,1.3300000429153442,1.3300000429153442,4452.0
2024-04-24 15:07:00,VERV,6.565000057220459,6.565000057220459,6.566100120544434,6.559999942779541,6.565000057220459,1111.0
2024-04-24 15:07:00,VERX,28.969999313354492,28.969999313354492,28.969999313354492,28.969999313354492,28.969999313354492,916.0
2024-04-24 15:07:00,VFS,2.4700000286102295,2.4700000286102295,2.4700000286102295,2.4700000286102295,2.4700000286102295,590.0
2024-04-24 15:07:00,VIAV,7.965000152587891,7.965000152587891,7.965000152587891,7.965000152587891,7.965000152587891,687.0
2024-04-24 15:07:00,VICR,31.190000534057617,31.190000534057617,31.190000534057617,31.100000381469727,31.100000381469727,1799.0
2024-04-24 15:07:00,VIR,8.0649995803833,8.0649995803833,8.074999809265137,8.0649995803833,8.074999809265137,2287.0
2024-04-24 15:07:00,VIRT,22.079999923706055,22.079999923706055,22.084999084472656,22.079999923706055,22.084999084472656,2124.0
2024-04-24 15:07:00,VITL,26.709999084472656,26.709999084472656,26.709999084472656,26.709999084472656,26.709999084472656,1271.0
2024-04-24 15:07:00,VKTX,64.86000061035156,64.86000061035156,64.86000061035156,64.80999755859375,64.82499694824219,3294.0
2024-04-24 15:07:00,VLCN,0.25200000405311584,0.25200000405311584,0.25690001249313354,0.25200000405311584,0.25690001249313354,7131.0
2024-04-24 15:07:00,VMEO,3.515000104904175,3.515000104904175,3.515000104904175,3.515000104904175,3.515000104904175,873.0
2024-04-24 15:07:00,VNOM,39.7599983215332,39.7599983215332,39.7599983215332,39.720001220703125,39.720001220703125,2743.0
2024-04-24 15:07:00,VOD,8.625,8.625,8.630000114440918,8.625,8.62600040435791,841.0
2024-04-24 15:07:00,VRDN,13.15999984741211,13.15999984741211,13.15999984741211,13.149999618530273,13.149999618530273,1502.0
2024-04-24 15:07:00,VRNA,15.329899787902832,15.329899787902832,15.329899787902832,15.329899787902832,15.329899787902832,164.0
2024-04-24 15:07:00,VRRM,24.190000534057617,24.190000534057617,24.190000534057617,24.170000076293945,24.170000076293945,2597.0
2024-04-24 15:07:00,VRTX,401.2699890136719,401.2699890136719,401.2699890136719,401.2300109863281,401.2300109863281,902.0
2024-04-24 15:07:00,VSAT,16.139999389648438,16.139999389648438,16.139999389648438,16.114999771118164,16.114999771118164,2891.0
2024-04-24 15:07:00,VTNR,1.4249999523162842,1.4249999523162842,1.429900050163269,1.4249999523162842,1.429900050163269,5167.0
2024-04-24 15:07:00,VTRS,11.5,11.5,11.5,11.494999885559082,11.5,5704.0
2024-04-24 15:07:00,VUZI,1.3049999475479126,1.3049999475479126,1.3049999475479126,1.3049999475479126,1.3049999475479126,600.0
2024-04-24 15:07:00,VYGR,7.460000038146973,7.460000038146973,7.460000038146973,7.460000038146973,7.460000038146973,496.0
2024-04-24 15:07:00,WAFD,28.18000030517578,28.18000030517578,28.18000030517578,28.18000030517578,28.18000030517578,366.0
2024-04-24 15:07:00,WB,8.395000457763672,8.395000457763672,8.395000457763672,8.390000343322754,8.390000343322754,752.0
2024-04-24 15:07:00,WBA,17.782499313354492,17.782499313354492,17.790000915527344,17.782499313354492,17.78499984741211,6534.0
2024-04-24 15:07:00,WBD,8.3100004196167,8.3100004196167,8.317500114440918,8.3100004196167,8.3149995803833,6426.0
2024-04-24 15:07:00,WBUY,0.3190000057220459,0.3190000057220459,0.3190000057220459,0.3190000057220459,0.3190000057220459,6653.0
2024-04-24 15:07:00,WDAY,255.5399932861328,255.5399932861328,255.5449981689453,255.38999938964844,255.38999938964844,2836.0
2024-04-24 15:07:00,WDC,69.14869689941406,69.14869689941406,69.18000030517578,69.12000274658203,69.12000274658203,6938.0
2024-04-24 15:07:00,WEN,19.829999923706055,19.829999923706055,19.829999923706055,19.809999465942383,19.809999465942383,16645.0
2024-04-24 15:07:00,WERN,35.2400016784668,35.2400016784668,35.2400016784668,35.2400016784668,35.2400016784668,213.0
2024-04-24 15:07:00,WEST,9.949999809265137,9.949999809265137,9.949999809265137,9.949999809265137,9.949999809265137,1287.0
2024-04-24 15:07:00,WFRD,123.80999755859375,123.80999755859375,123.80999755859375,123.69999694824219,123.69999694824219,2005.0
2024-04-24 15:07:00,WHLM,6.272200107574463,6.272200107574463,6.275000095367432,6.269999980926514,6.275000095367432,767.0
2024-04-24 15:07:00,WIMI,1.042799949645996,1.042799949645996,1.0499999523162842,1.0299999713897705,1.0399999618530273,54306.0
2024-04-24 15:07:00,WING,363.4200134277344,363.4200134277344,363.4800109863281,363.05999755859375,363.1300048828125,3927.0
2024-04-24 15:07:00,WISA,6.119999885559082,6.119999885559082,6.119999885559082,6.010000228881836,6.03000020980835,21870.0
2024-04-24 15:07:00,WIX,121.63999938964844,121.63999938964844,121.7300033569336,121.625,121.7300033569336,1418.0
2024-04-24 15:07:00,WKHS,0.16050000488758087,0.16050000488758087,0.16050000488758087,0.16050000488758087,0.16050000488758087,11300.0
2024-04-24 15:07:00,WLDS,0.44999998807907104,0.44999998807907104,0.44999998807907104,0.44999998807907104,0.44999998807907104,2892.0
2024-04-24 15:07:00,WMG,32.0099983215332,32.0099983215332,32.0099983215332,32.0099983215332,32.0099983215332,752.0
2024-04-24 15:07:00,WSC,37.85499954223633,37.85499954223633,37.900001525878906,37.84000015258789,37.900001525878906,9502.0
2024-04-24 15:07:00,WSFS,44.7599983215332,44.7599983215332,44.775001525878906,44.7599983215332,44.775001525878906,336.0
2024-04-24 15:07:00,WTFC,99.9000015258789,99.9000015258789,99.91999816894531,99.9000015258789,99.91999816894531,895.0
2024-04-24 15:07:00,WTW,263.8500061035156,263.8500061035156,263.8500061035156,263.8500061035156,263.8500061035156,1170.0
2024-04-24 15:07:00,WVE,5.050000190734863,5.050000190734863,5.070000171661377,5.050000190734863,5.070000171661377,5244.0
2024-04-24 15:07:00,WW,1.6399999856948853,1.6399999856948853,1.6399999856948853,1.6399999856948853,1.6399999856948853,1216.0
2024-04-24 15:07:00,WWD,149.09750366210938,149.09750366210938,149.09750366210938,149.09750366210938,149.09750366210938,372.0
2024-04-24 15:07:00,WYNN,96.95999908447266,96.95999908447266,96.95999908447266,96.86000061035156,96.86000061035156,2946.0
2024-04-24 15:07:00,XEL,55.47999954223633,55.47999954223633,55.47999954223633,55.459999084472656,55.474998474121094,4635.0
2024-04-24 15:07:00,XFOR,1.2450000047683716,1.2450000047683716,1.2450000047683716,1.2450000047683716,1.2450000047683716,103.0
2024-04-24 15:07:00,XMTR,16.860000610351562,16.860000610351562,16.860000610351562,16.860000610351562,16.860000610351562,418.0
2024-04-24 15:07:00,XNCR,18.7549991607666,18.7549991607666,18.7549991607666,18.729999542236328,18.729999542236328,4637.0
2024-04-24 15:07:00,XP,20.5049991607666,20.5049991607666,20.5049991607666,20.485000610351562,20.485000610351562,6503.0
2024-04-24 15:07:00,XRX,14.270000457763672,14.270000457763672,14.289999961853027,14.270000457763672,14.289999961853027,11328.0
2024-04-24 15:07:00,XXII,1.899999976158142,1.899999976158142,1.899999976158142,1.899899959564209,1.899899959564209,2059.0
2024-04-24 15:07:00,Z,43.46500015258789,43.46500015258789,43.46500015258789,43.38999938964844,43.38999938964844,3397.0
2024-04-24 15:07:00,ZAPP,3.8842999935150146,3.8842999935150146,3.8842999935150146,3.8842999935150146,3.8842999935150146,361.0
2024-04-24 15:07:00,ZBRA,276.82000732421875,276.82000732421875,276.82000732421875,276.82000732421875,276.82000732421875,238.0
2024-04-24 15:07:00,ZG,42.959999084472656,42.959999084472656,42.959999084472656,42.91999816894531,42.91999816894531,863.0
2024-04-24 15:07:00,ZI,15.795000076293945,15.795000076293945,15.795000076293945,15.78499984741211,15.78499984741211,2699.0
2024-04-24 15:07:00,ZION,42.15999984741211,42.15999984741211,42.16999816894531,42.13999938964844,42.13999938964844,3363.0
2024-04-24 15:07:00,ZM,61.279998779296875,61.279998779296875,61.279998779296875,61.2599983215332,61.2599983215332,2915.0
2024-04-24 15:07:00,ZNTL,11.755000114440918,11.755000114440918,11.755000114440918,11.755000114440918,11.755000114440918,157.0
2024-04-24 15:07:00,ZS,178.3282928466797,178.3282928466797,178.3282928466797,178.1199951171875,178.1199951171875,1692.0
2024-04-24 15:07:00,ZUMZ,17.270000457763672,17.270000457763672,17.270000457763672,17.270000457763672,17.270000457763672,265.0
2024-04-24 15:07:00,ZURA,3.25,3.25,3.259999990463257,3.25,3.25,11216.0
2024-04-24 15:07:00,ZVRA,4.514999866485596,4.514999866485596,4.514999866485596,4.510000228881836,4.510000228881836,1178.0
2024-04-24 15:07:00,ZVSA,0.6000000238418579,0.6000000238418579,0.6148999929428101,0.6000000238418579,0.6141999959945679,843.0
2024-04-24 15:07:00,ZYME,8.510000228881836,8.510000228881836,8.510000228881836,8.510000228881836,8.510000228881836,573.0
2024-04-24 15:08:00,COCO,24.280000686645508,24.280000686645508,24.280000686645508,24.270000457763672,24.270000457763672,647.0
2024-04-24 15:08:00,DIBS,5.394999980926514,5.394999980926514,5.394999980926514,5.394999980926514,5.394999980926514,341.0
2024-04-24 15:08:00,DSP,8.579999923706055,8.579999923706055,8.579999923706055,8.579999923706055,8.579999923706055,206.0
2024-04-24 15:08:00,EGHT,2.3499999046325684,2.3499999046325684,2.3499999046325684,2.3399999141693115,2.3399999141693115,1182.0
2024-04-24 15:08:00,ETNB,8.595000267028809,8.595000267028809,8.595000267028809,8.585000038146973,8.585000038146973,3678.0
2024-04-24 15:08:00,FDMT,24.489999771118164,24.489999771118164,24.489999771118164,24.44070053100586,24.44070053100586,1804.0
2024-04-24 15:08:00,MASS,5.659999847412109,5.659999847412109,5.659999847412109,5.659999847412109,5.659999847412109,921.0
2024-04-24 15:08:00,ME,0.47519999742507935,0.47519999742507935,0.47519999742507935,0.4722999930381775,0.4722999930381775,16767.0
2024-04-24 15:08:00,SEAT,5.864999771118164,5.864999771118164,5.864999771118164,5.864999771118164,5.864999771118164,7.0
2024-04-24 15:08:00,TSVT,4.230000019073486,4.230000019073486,4.235000133514404,4.230000019073486,4.230000019073486,400.0
2024-04-24 15:08:00,TWOU,0.23999999463558197,0.23999999463558197,0.23999999463558197,0.23999999463558197,0.23999999463558197,3966.0
2024-04-24 15:08:00,TXG,27.350000381469727,27.350000381469727,27.360000610351562,27.350000381469727,27.350000381469727,1241.0
2024-04-24 15:08:00,VC,110.55000305175781,110.55000305175781,110.58499908447266,110.44999694824219,110.44999694824219,2390.0
2024-04-24 15:08:00,VCTR,49.869998931884766,49.869998931884766,49.869998931884766,49.869998931884766,49.869998931884766,1563.0
2024-04-24 15:08:00,VERU,1.3300000429153442,1.3300000429153442,1.3350000381469727,1.3300000429153442,1.330299973487854,4030.0
2024-04-24 15:08:00,VERV,6.579999923706055,6.579999923706055,6.579999923706055,6.570000171661377,6.570000171661377,4736.0
2024-04-24 15:08:00,VERX,28.989999771118164,28.989999771118164,28.989999771118164,28.975000381469727,28.975000381469727,1234.0
2024-04-24 15:08:00,VFS,2.4700000286102295,2.4700000286102295,2.4700000286102295,2.4700000286102295,2.4700000286102295,7108.0
2024-04-24 15:08:00,VIAV,7.96999979019165,7.96999979019165,7.96999979019165,7.96999979019165,7.96999979019165,5179.0
2024-04-24 15:08:00,VICR,31.219999313354492,31.219999313354492,31.280000686645508,31.200000762939453,31.200000762939453,2850.0
2024-04-24 15:08:00,VIR,8.069999694824219,8.069999694824219,8.069999694824219,8.064299583435059,8.064299583435059,2678.0
2024-04-24 15:08:00,VIRC,10.71500015258789,10.71500015258789,10.71500015258789,10.71500015258789,10.71500015258789,220.0
2024-04-24 15:08:00,VIRI,0.42899999022483826,0.42899999022483826,0.42899999022483826,0.42899999022483826,0.42899999022483826,898.0
2024-04-24 15:08:00,VIRT,22.030000686645508,22.030000686645508,22.06999969482422,22.030000686645508,22.06999969482422,3866.0
2024-04-24 15:08:00,VIVK,1.4850000143051147,1.4850000143051147,1.4850000143051147,1.4850000143051147,1.4850000143051147,1014.0
2024-04-24 15:08:00,VKTX,64.8550033569336,64.8550033569336,64.8550033569336,64.75499725341797,64.80000305175781,7245.0
2024-04-24 15:08:00,VLCN,0.25099998712539673,0.25099998712539673,0.25099998712539673,0.25099998712539673,0.25099998712539673,1186.0
2024-04-24 15:08:00,VMEO,3.509999990463257,3.509999990463257,3.509999990463257,3.509999990463257,3.509999990463257,1022.0
2024-04-24 15:08:00,VNET,1.559999942779541,1.559999942779541,1.559999942779541,1.559999942779541,1.559999942779541,169.0
2024-04-24 15:08:00,VOD,8.625,8.625,8.628199577331543,8.619999885559082,8.619999885559082,1080.0
2024-04-24 15:08:00,VOR,1.7400000095367432,1.7400000095367432,1.7400000095367432,1.7400000095367432,1.7400000095367432,0.0
2024-04-24 15:08:00,VRDN,13.180000305175781,13.180000305175781,13.180000305175781,13.180000305175781,13.180000305175781,919.0
2024-04-24 15:08:00,VRNA,15.3149995803833,15.3149995803833,15.3149995803833,15.3149995803833,15.3149995803833,525.0
2024-04-24 15:08:00,VRRM,24.200000762939453,24.200000762939453,24.200000762939453,24.190000534057617,24.190000534057617,1730.0
2024-04-24 15:08:00,VRTX,401.1050109863281,401.1050109863281,401.1050109863281,401.05499267578125,401.05499267578125,1299.0
2024-04-24 15:08:00,VSAT,16.139999389648438,16.139999389648438,16.139999389648438,16.139999389648438,16.139999389648438,656.0
2024-04-24 15:08:00,VTNR,1.4299999475479126,1.4299999475479126,1.4299999475479126,1.4299999475479126,1.4299999475479126,811.0
2024-04-24 15:08:00,VTRS,11.490300178527832,11.490300178527832,11.5,11.490300178527832,11.494999885559082,7734.0
2024-04-24 15:08:00,VUZI,1.3049999475479126,1.3049999475479126,1.309999942779541,1.2999999523162842,1.2999999523162842,4455.0
2024-04-24 15:08:00,VYNE,2.5299999713897705,2.5299999713897705,2.5299999713897705,2.509999990463257,2.509999990463257,3053.0
2024-04-24 15:08:00,WABC,47.75,47.75,47.81999969482422,47.75,47.81999969482422,745.0
2024-04-24 15:08:00,WAFD,28.200000762939453,28.200000762939453,28.200000762939453,28.190000534057617,28.190000534057617,458.0
2024-04-24 15:08:00,WB,8.390000343322754,8.390000343322754,8.390000343322754,8.390000343322754,8.390000343322754,1224.0
2024-04-24 15:08:00,WBA,17.78499984741211,17.78499984741211,17.785200119018555,17.780000686645508,17.782499313354492,8182.0
2024-04-24 15:08:00,WBD,8.314399719238281,8.314399719238281,8.319999694824219,8.3100004196167,8.3100004196167,7975.0
2024-04-24 15:08:00,WDAY,255.67999267578125,255.67999267578125,255.67999267578125,255.5449981689453,255.5449981689453,2857.0
2024-04-24 15:08:00,WDC,69.16999816894531,69.16999816894531,69.16999816894531,69.15499877929688,69.16000366210938,25798.0
2024-04-24 15:08:00,WEN,19.84000015258789,19.84000015258789,19.84000015258789,19.825000762939453,19.825000762939453,5175.0
2024-04-24 15:08:00,WERN,35.29999923706055,35.29999923706055,35.29999923706055,35.27000045776367,35.27000045776367,1160.0
2024-04-24 15:08:00,WFRD,123.84500122070312,123.84500122070312,123.84500122070312,123.84500122070312,123.84500122070312,192.0
2024-04-24 15:08:00,WHLM,6.270100116729736,6.270100116729736,6.399899959564209,6.269999980926514,6.399899959564209,5553.0
2024-04-24 15:08:00,WHLR,0.14309999346733093,0.14309999346733093,0.14309999346733093,0.14309999346733093,0.14309999346733093,897.0
2024-04-24 15:08:00,WIMI,1.0399999618530273,1.0399999618530273,1.0444999933242798,1.0399999618530273,1.0444999933242798,4281.0
2024-04-24 15:08:00,WING,364.2200012207031,364.2200012207031,364.2200012207031,364.2200012207031,364.2200012207031,140.0
2024-04-24 15:08:00,WIX,121.63999938964844,121.63999938964844,121.63999938964844,121.63999938964844,121.63999938964844,593.0
2024-04-24 15:08:00,WKHS,0.1607999950647354,0.1607999950647354,0.1607999950647354,0.1607999950647354,0.1607999950647354,0.0
2024-04-24 15:08:00,WLDS,0.47999998927116394,0.47999998927116394,0.47999998927116394,0.47999998927116394,0.47999998927116394,0.0
2024-04-24 15:08:00,WLGS,0.5641000270843506,0.5641000270843506,0.5641000270843506,0.5641000270843506,0.5641000270843506,146.0
2024-04-24 15:08:00,WMG,32.029998779296875,32.029998779296875,32.029998779296875,32.005001068115234,32.0099983215332,3739.0
2024-04-24 15:08:00,WSBF,12.25,12.25,12.25,12.25,12.25,1166.0
2024-04-24 15:08:00,WSC,37.900001525878906,37.900001525878906,37.90999984741211,37.88999938964844,37.88999938964844,2734.0
2024-04-24 15:08:00,WTFC,100.02999877929688,100.02999877929688,100.02999877929688,99.94999694824219,99.94999694824219,1100.0
2024-04-24 15:08:00,WTW,263.8999938964844,263.8999938964844,263.8999938964844,263.8999938964844,263.8999938964844,969.0
2024-04-24 15:08:00,WVE,5.065000057220459,5.065000057220459,5.070000171661377,5.050000190734863,5.059999942779541,5788.0
2024-04-24 15:08:00,WW,1.6399999856948853,1.6399999856948853,1.6399999856948853,1.6399999856948853,1.6399999856948853,914.0
2024-04-24 15:08:00,WWD,149.0800018310547,149.0800018310547,149.0800018310547,149.0800018310547,149.0800018310547,1586.0
2024-04-24 15:08:00,WYNN,96.88500213623047,96.88500213623047,97.01000213623047,96.88500213623047,96.95999908447266,12336.0
2024-04-24 15:08:00,XEL,55.47999954223633,55.47999954223633,55.47999954223633,55.46979904174805,55.47999954223633,9811.0
2024-04-24 15:08:00,XENE,39.380001068115234,39.380001068115234,39.380001068115234,39.380001068115234,39.380001068115234,289.0
2024-04-24 15:08:00,XERS,1.7549999952316284,1.7549999952316284,1.7549999952316284,1.7549999952316284,1.7549999952316284,998.0
2024-04-24 15:08:00,XFOR,1.2450000047683716,1.2450000047683716,1.2450000047683716,1.2450000047683716,1.2450000047683716,827.0
2024-04-24 15:08:00,XP,20.479999542236328,20.479999542236328,20.5049991607666,20.479999542236328,20.5049991607666,9677.0
2024-04-24 15:08:00,XPEL,55.09000015258789,55.09000015258789,55.09000015258789,55.09000015258789,55.09000015258789,245.0
2024-04-24 15:08:00,XRX,14.319999694824219,14.319999694824219,14.319999694824219,14.274999618530273,14.277700424194336,23471.0
2024-04-24 15:08:00,XXII,1.909999966621399,1.909999966621399,1.909999966621399,1.9098999500274658,1.909999966621399,2955.0
2024-04-24 15:08:00,Z,43.48500061035156,43.48500061035156,43.48500061035156,43.48500061035156,43.48500061035156,1172.0
2024-04-24 15:08:00,ZBRA,276.92999267578125,276.92999267578125,276.94000244140625,276.92999267578125,276.94000244140625,810.0
2024-04-24 15:08:00,ZCMD,1.6299999952316284,1.6299999952316284,1.6299999952316284,1.6299999952316284,1.6299999952316284,483.0
2024-04-24 15:08:00,ZD,51.97999954223633,51.97999954223633,51.97999954223633,51.97999954223633,51.97999954223633,710.0
2024-04-24 15:08:00,ZG,43.0,43.0,43.0,43.0,43.0,141.0
2024-04-24 15:08:00,ZI,15.800000190734863,15.800000190734863,15.800000190734863,15.800000190734863,15.800000190734863,6289.0
2024-04-24 15:08:00,ZION,42.19499969482422,42.19499969482422,42.20000076293945,42.189998626708984,42.189998626708984,1991.0
2024-04-24 15:08:00,ZLAB,15.5,15.5,15.5,15.5,15.5,713.0
2024-04-24 15:08:00,ZM,61.30500030517578,61.30500030517578,61.30500030517578,61.290000915527344,61.290000915527344,2323.0
2024-04-24 15:08:00,ZNTL,11.755000114440918,11.755000114440918,11.755000114440918,11.755000114440918,11.755000114440918,857.0
2024-04-24 15:08:00,ZS,178.4499969482422,178.4499969482422,178.4499969482422,178.32000732421875,178.3498992919922,2226.0
2024-04-24 15:08:00,ZUMZ,17.299999237060547,17.299999237060547,17.299999237060547,17.299999237060547,17.299999237060547,1498.0
2024-04-24 15:08:00,ZVRA,4.514999866485596,4.514999866485596,4.514999866485596,4.514999866485596,4.514999866485596,5.0
2024-04-24 15:08:00,ZVSA,0.6148999929428101,0.6148999929428101,0.6148999929428101,0.6148999929428101,0.6148999929428101,336.0
2024-04-24 15:08:00,ZYME,8.5,8.5,8.510000228881836,8.5,8.510000228881836,637.0
2024-04-24 15:09:00,COCO,24.274999618530273,24.274999618530273,24.280000686645508,24.274999618530273,24.280000686645508,714.0
2024-04-24 15:09:00,DSP,8.600899696350098,8.600899696350098,8.600899696350098,8.600899696350098,8.600899696350098,460.0
2024-04-24 15:09:00,EGHT,2.3499999046325684,2.3499999046325684,2.3499999046325684,2.3450000286102295,2.3450000286102295,827.0
2024-04-24 15:09:00,ETNB,8.609999656677246,8.609999656677246,8.609999656677246,8.600000381469727,8.600000381469727,3275.0
2024-04-24 15:09:00,FDMT,24.479999542236328,24.479999542236328,24.489999771118164,24.469999313354492,24.489999771118164,920.0
2024-04-24 15:09:00,MASS,5.650000095367432,5.650000095367432,5.650000095367432,5.650000095367432,5.650000095367432,771.0
2024-04-24 15:09:00,ME,0.47369998693466187,0.47369998693466187,0.47369998693466187,0.4722000062465668,0.4722000062465668,11514.0
2024-04-24 15:09:00,SCWO,1.375,1.375,1.375,1.375,1.375,200.0
2024-04-24 15:09:00,SEAT,5.864999771118164,5.864999771118164,5.864999771118164,5.864999771118164,5.864999771118164,1489.0
2024-04-24 15:09:00,TSVT,4.230000019073486,4.230000019073486,4.230000019073486,4.230000019073486,4.230000019073486,1166.0
2024-04-24 15:09:00,TWOU,0.23999999463558197,0.23999999463558197,0.23999999463558197,0.23999999463558197,0.23999999463558197,41003.0
2024-04-24 15:09:00,TXG,27.360000610351562,27.360000610351562,27.360000610351562,27.34000015258789,27.34000015258789,2166.0
2024-04-24 15:09:00,VC,110.48500061035156,110.48500061035156,110.54000091552734,110.48500061035156,110.54000091552734,1149.0
2024-04-24 15:09:00,VERU,1.3300000429153442,1.3300000429153442,1.3300000429153442,1.3300000429153442,1.3300000429153442,2400.0
2024-04-24 15:09:00,VERV,6.570000171661377,6.570000171661377,6.585000038146973,6.570000171661377,6.585000038146973,4455.0
2024-04-24 15:09:00,VERX,29.014999389648438,29.014999389648438,29.020000457763672,28.979999542236328,28.985000610351562,6618.0
2024-04-24 15:09:00,VIAV,7.974999904632568,7.974999904632568,7.974999904632568,7.974999904632568,7.974999904632568,1094.0
2024-04-24 15:09:00,VICR,31.31999969482422,31.31999969482422,31.31999969482422,31.270000457763672,31.270000457763672,2198.0
2024-04-24 15:09:00,VINP,10.470000267028809,10.470000267028809,10.470000267028809,10.470000267028809,10.470000267028809,696.0
2024-04-24 15:09:00,VIRT,22.075000762939453,22.075000762939453,22.075000762939453,22.014999389648438,22.024999618530273,10253.0
2024-04-24 15:09:00,VITL,26.719999313354492,26.719999313354492,26.719999313354492,26.719999313354492,26.719999313354492,744.0
2024-04-24 15:09:00,VKTX,65.0,65.0,65.0,64.86000061035156,64.86000061035156,2846.0
2024-04-24 15:09:00,VLCN,0.250900000333786,0.250900000333786,0.250900000333786,0.250900000333786,0.250900000333786,209.0
2024-04-24 15:09:00,VMD,7.985000133514404,7.985000133514404,7.989999771118164,7.985000133514404,7.989999771118164,564.0
2024-04-24 15:09:00,VMEO,3.515000104904175,3.515000104904175,3.515000104904175,3.515000104904175,3.515000104904175,355.0
2024-04-24 15:09:00,VNOM,39.81999969482422,39.81999969482422,39.81999969482422,39.81999969482422,39.81999969482422,530.0
2024-04-24 15:09:00,VOD,8.630000114440918,8.630000114440918,8.630000114440918,8.625,8.625,6122.0
2024-04-24 15:09:00,VRCA,6.779900074005127,6.779900074005127,6.779900074005127,6.779900074005127,6.779900074005127,963.0
2024-04-24 15:09:00,VRRM,24.209999084472656,24.209999084472656,24.209999084472656,24.209999084472656,24.209999084472656,952.0
2024-04-24 15:09:00,VRTX,401.05499267578125,401.05499267578125,401.05499267578125,401.05499267578125,401.05499267578125,140.0
2024-04-24 15:09:00,VSAT,16.139999389648438,16.139999389648438,16.145000457763672,16.139999389648438,16.145000457763672,1484.0
2024-04-24 15:09:00,VTNR,1.434999942779541,1.434999942779541,1.440000057220459,1.4289000034332275,1.4299999475479126,27508.0
2024-04-24 15:09:00,VTRS,11.5,11.5,11.5,11.494999885559082,11.5,5331.0
2024-04-24 15:09:00,VTSI,12.279999732971191,12.279999732971191,12.279999732971191,12.279999732971191,12.279999732971191,611.0
2024-04-24 15:09:00,VYGR,7.460000038146973,7.460000038146973,7.460000038146973,7.460000038146973,7.460000038146973,188.0
2024-04-24 15:09:00,WAFD,28.204999923706055,28.204999923706055,28.209999084472656,28.200000762939453,28.209999084472656,898.0
2024-04-24 15:09:00,WASH,26.316299438476562,26.316299438476562,26.316299438476562,26.316299438476562,26.316299438476562,824.0
2024-04-24 15:09:00,WBA,17.774999618530273,17.774999618530273,17.790000915527344,17.770000457763672,17.780000686645508,29776.0
2024-04-24 15:09:00,WBD,8.319999694824219,8.319999694824219,8.319999694824219,8.3149995803833,8.3149995803833,6389.0
2024-04-24 15:09:00,WDAY,255.64999389648438,255.64999389648438,255.6699981689453,255.64999389648438,255.6699981689453,2971.0
2024-04-24 15:09:00,WDC,69.25,69.25,69.26000213623047,69.16999816894531,69.16999816894531,11051.0
2024-04-24 15:09:00,WEN,19.84000015258789,19.84000015258789,19.844999313354492,19.834999084472656,19.84000015258789,6702.0
2024-04-24 15:09:00,WERN,35.34000015258789,35.34000015258789,35.34000015258789,35.33000183105469,35.33000183105469,1119.0
2024-04-24 15:09:00,WFRD,123.94499969482422,123.94499969482422,123.94499969482422,123.87999725341797,123.87999725341797,3672.0
2024-04-24 15:09:00,WIMI,1.0384999513626099,1.0384999513626099,1.0399999618530273,1.034999966621399,1.0399999618530273,15566.0
2024-04-24 15:09:00,WING,364.19500732421875,364.19500732421875,364.19500732421875,364.19500732421875,364.19500732421875,232.0
2024-04-24 15:09:00,WISA,6.139999866485596,6.139999866485596,6.1855998039245605,6.126699924468994,6.139999866485596,19017.0
2024-04-24 15:09:00,WIX,121.79000091552734,121.79000091552734,121.79000091552734,121.79000091552734,121.79000091552734,237.0
2024-04-24 15:09:00,WKHS,0.16040000319480896,0.16040000319480896,0.16089999675750732,0.16040000319480896,0.16089999675750732,1848.0
2024-04-24 15:09:00,WMG,32.01499938964844,32.01499938964844,32.01499938964844,32.01499938964844,32.01499938964844,1299.0
2024-04-24 15:09:00,WSBC,28.15999984741211,28.15999984741211,28.15999984741211,28.15999984741211,28.15999984741211,389.0
2024-04-24 15:09:00,WSBF,12.25,12.25,12.25,12.25,12.25,187.0
2024-04-24 15:09:00,WSC,37.88999938964844,37.88999938964844,37.91999816894531,37.88999938964844,37.91999816894531,2815.0
2024-04-24 15:09:00,WSFS,44.77000045776367,44.77000045776367,44.77000045776367,44.77000045776367,44.77000045776367,738.0
2024-04-24 15:09:00,WVE,5.070000171661377,5.070000171661377,5.070000171661377,5.070000171661377,5.070000171661377,286.0
2024-04-24 15:09:00,WW,1.6399999856948853,1.6399999856948853,1.6449999809265137,1.6399999856948853,1.6449999809265137,1305.0
2024-04-24 15:09:00,WYNN,96.9800033569336,96.9800033569336,96.9800033569336,96.9000015258789,96.9000015258789,2710.0
2024-04-24 15:09:00,XEL,55.48500061035156,55.48500061035156,55.48500061035156,55.470001220703125,55.47999954223633,6925.0
2024-04-24 15:09:00,XENE,39.40999984741211,39.40999984741211,39.459999084472656,39.40999984741211,39.439998626708984,1567.0
2024-04-24 15:09:00,XFOR,1.2450000047683716,1.2450000047683716,1.25,1.2400000095367432,1.25,701.0
2024-04-24 15:09:00,XMTR,16.850000381469727,16.850000381469727,16.850000381469727,16.850000381469727,16.850000381469727,1253.0
2024-04-24 15:09:00,XP,20.489999771118164,20.489999771118164,20.489999771118164,20.469999313354492,20.479999542236328,8444.0
2024-04-24 15:09:00,XPEL,55.13999938964844,55.13999938964844,55.13999938964844,55.084999084472656,55.084999084472656,1946.0
2024-04-24 15:09:00,XRX,14.345000267028809,14.345000267028809,14.345000267028809,14.329999923706055,14.329999923706055,4022.0
2024-04-24 15:09:00,YMAB,15.100000381469727,15.100000381469727,15.100000381469727,15.100000381469727,15.100000381469727,234.0
2024-04-24 15:09:00,Z,43.5099983215332,43.5099983215332,43.5099983215332,43.5099983215332,43.5099983215332,221.0
2024-04-24 15:09:00,ZCMD,1.6100000143051147,1.6100000143051147,1.6115000247955322,1.6100000143051147,1.6115000247955322,767.0
2024-04-24 15:09:00,ZG,43.029998779296875,43.029998779296875,43.029998779296875,43.02000045776367,43.02000045776367,730.0
2024-04-24 15:09:00,ZI,15.8100004196167,15.8100004196167,15.8100004196167,15.800000190734863,15.800000190734863,3011.0
2024-04-24 15:09:00,ZIMV,15.760000228881836,15.760000228881836,15.760000228881836,15.760000228881836,15.760000228881836,393.0
2024-04-24 15:09:00,ZION,42.209999084472656,42.209999084472656,42.220001220703125,42.209999084472656,42.220001220703125,2698.0
2024-04-24 15:09:00,ZLAB,15.494999885559082,15.494999885559082,15.494999885559082,15.494999885559082,15.494999885559082,987.0
2024-04-24 15:09:00,ZM,61.290000915527344,61.290000915527344,61.33000183105469,61.290000915527344,61.310001373291016,5046.0
2024-04-24 15:09:00,ZNTL,11.779999732971191,11.779999732971191,11.779999732971191,11.770000457763672,11.770000457763672,1348.0
2024-04-24 15:09:00,ZS,178.39019775390625,178.39019775390625,178.39019775390625,178.39019775390625,178.39019775390625,1082.0
2024-04-24 15:09:00,ZUMZ,17.290000915527344,17.290000915527344,17.290000915527344,17.290000915527344,17.290000915527344,1551.0
2024-04-24 15:09:00,ZURA,3.259999990463257,3.259999990463257,3.259999990463257,3.25,3.25,5387.0
2024-04-24 15:09:00,ZYME,8.5,8.5,8.510000228881836,8.5,8.510000228881836,552.0
2024-04-24 15:10:00,COCO,24.280000686645508,24.280000686645508,24.280000686645508,24.280000686645508,24.280000686645508,119.0
2024-04-24 15:10:00,EGHT,2.3399999141693115,2.3399999141693115,2.3499999046325684,2.3399999141693115,2.3450000286102295,969.0
2024-04-24 15:10:00,ETNB,8.604999542236328,8.604999542236328,8.604999542236328,8.595000267028809,8.604999542236328,16325.0
2024-04-24 15:10:00,FREE,4.809999942779541,4.809999942779541,4.809999942779541,4.809999942779541,4.809999942779541,120.0
2024-04-24 15:10:00,MASS,5.639999866485596,5.639999866485596,5.639999866485596,5.639999866485596,5.639999866485596,730.0
2024-04-24 15:10:00,ME,0.474700003862381,0.474700003862381,0.475600004196167,0.4724999964237213,0.4724999964237213,76351.0
2024-04-24 15:10:00,SEAT,5.864999771118164,5.864999771118164,5.864999771118164,5.864999771118164,5.864999771118164,917.0
2024-04-24 15:10:00,TSVT,4.230000019073486,4.230000019073486,4.230000019073486,4.230000019073486,4.230000019073486,520.0
2024-04-24 15:10:00,TWOU,0.24009999632835388,0.24009999632835388,0.2402999997138977,0.23989999294281006,0.23999999463558197,84849.0
2024-04-24 15:10:00,TXG,27.3700008392334,27.3700008392334,27.3700008392334,27.34000015258789,27.34000015258789,1871.0
2024-04-24 15:10:00,VERU,1.3300000429153442,1.3300000429153442,1.3350000381469727,1.3300000429153442,1.3350000381469727,6523.0
2024-04-24 15:10:00,VERX,29.014999389648438,29.014999389648438,29.014999389648438,29.000200271606445,29.000200271606445,840.0
2024-04-24 15:10:00,VFS,2.47979998588562,2.47979998588562,2.47979998588562,2.47979998588562,2.47979998588562,850.0
2024-04-24 15:10:00,VIAV,7.974999904632568,7.974999904632568,7.974999904632568,7.974999904632568,7.974999904632568,1229.0
2024-04-24 15:10:00,VICR,31.31999969482422,31.31999969482422,31.31999969482422,31.31999969482422,31.31999969482422,225.0
2024-04-24 15:10:00,VIGL,2.8099000453948975,2.8099000453948975,2.8099000453948975,2.75,2.75,1305.0
2024-04-24 15:10:00,VINC,0.9199000000953674,0.9199000000953674,0.9200000166893005,0.910099983215332,0.9162999987602234,31354.0
2024-04-24 15:10:00,VIRC,10.729999542236328,10.729999542236328,10.729999542236328,10.729999542236328,10.729999542236328,143.0
2024-04-24 15:10:00,VIRT,22.06999969482422,22.06999969482422,22.06999969482422,22.06999969482422,22.06999969482422,2534.0
2024-04-24 15:10:00,VIVK,1.4850000143051147,1.4850000143051147,1.4850000143051147,1.4850000143051147,1.4850000143051147,400.0
2024-04-24 15:10:00,VKTX,65.04000091552734,65.04000091552734,65.12999725341797,64.97000122070312,64.9990005493164,6056.0
2024-04-24 15:10:00,VMD,7.985000133514404,7.985000133514404,7.985000133514404,7.980000019073486,7.980000019073486,369.0
2024-04-24 15:10:00,VNET,1.565000057220459,1.565000057220459,1.565000057220459,1.565000057220459,1.565000057220459,621.0
2024-04-24 15:10:00,VOD,8.625,8.625,8.630000114440918,8.625,8.630000114440918,925.0
2024-04-24 15:10:00,VRNA,15.329999923706055,15.329999923706055,15.329999923706055,15.329999923706055,15.329999923706055,184.0
2024-04-24 15:10:00,VRRM,24.209999084472656,24.209999084472656,24.21500015258789,24.209999084472656,24.21500015258789,218.0
2024-04-24 15:10:00,VRTX,401.11248779296875,401.11248779296875,401.11248779296875,401.0799865722656,401.0950012207031,1403.0
2024-04-24 15:10:00,VTNR,1.4394999742507935,1.4394999742507935,1.4394999742507935,1.4300999641418457,1.4300999641418457,683.0
2024-04-24 15:10:00,VTRS,11.510000228881836,11.510000228881836,11.510000228881836,11.494999885559082,11.494999885559082,28269.0
2024-04-24 15:10:00,VUZI,1.3200000524520874,1.3200000524520874,1.3200000524520874,1.3200000524520874,1.3200000524520874,197.0
2024-04-24 15:10:00,VYGR,7.460000038146973,7.460000038146973,7.46999979019165,7.449999809265137,7.449999809265137,2052.0
2024-04-24 15:10:00,VYNE,2.5899999141693115,2.5899999141693115,2.5899999141693115,2.5899999141693115,2.5899999141693115,628.0
2024-04-24 15:10:00,WABC,47.77000045776367,47.77000045776367,47.779998779296875,47.77000045776367,47.779998779296875,736.0
2024-04-24 15:10:00,WB,8.395000457763672,8.395000457763672,8.395000457763672,8.395000457763672,8.395000457763672,452.0
2024-04-24 15:10:00,WBA,17.774999618530273,17.774999618530273,17.774999618530273,17.770000457763672,17.774999618530273,5556.0
2024-04-24 15:10:00,WBD,8.321000099182129,8.321000099182129,8.329999923706055,8.319999694824219,8.319999694824219,48932.0
2024-04-24 15:10:00,WDAY,255.66000366210938,255.66000366210938,255.75999450683594,255.66000366210938,255.75999450683594,1077.0
2024-04-24 15:10:00,WDC,69.26000213623047,69.26000213623047,69.29499816894531,69.26000213623047,69.27999877929688,2807.0
2024-04-24 15:10:00,WEN,19.834999084472656,19.834999084472656,19.84000015258789,19.829999923706055,19.84000015258789,4265.0
2024-04-24 15:10:00,WERN,35.31999969482422,35.31999969482422,35.31999969482422,35.31999969482422,35.31999969482422,407.0
2024-04-24 15:10:00,WFRD,123.91500091552734,123.91500091552734,124.0,123.91000366210938,124.0,5511.0
2024-04-24 15:10:00,WIMI,1.0449999570846558,1.0449999570846558,1.0449999570846558,1.0398999452590942,1.0398999452590942,28052.0
2024-04-24 15:10:00,WING,364.75,364.75,364.75,364.75,364.75,185.0
2024-04-24 15:10:00,WISA,6.139999866485596,6.139999866485596,6.139999866485596,6.139999866485596,6.139999866485596,240.0
2024-04-24 15:10:00,WIX,121.79000091552734,121.79000091552734,121.79000091552734,121.79000091552734,121.79000091552734,381.0
2024-04-24 15:10:00,WKHS,0.16050000488758087,0.16050000488758087,0.16050000488758087,0.16009999811649323,0.16040000319480896,11637.0
2024-04-24 15:10:00,WRLD,138.27999877929688,138.27999877929688,138.375,138.27999877929688,138.375,363.0
2024-04-24 15:10:00,WSBC,28.149999618530273,28.149999618530273,28.149999618530273,28.139999389648438,28.139999389648438,518.0
2024-04-24 15:10:00,WSBF,12.25,12.25,12.25,12.25,12.25,214.0
2024-04-24 15:10:00,WSC,37.880001068115234,37.880001068115234,37.90999984741211,37.869998931884766,37.880001068115234,6070.0
2024-04-24 15:10:00,WSFS,44.77000045776367,44.77000045776367,44.77000045776367,44.7599983215332,44.77000045776367,655.0
2024-04-24 15:10:00,WTFC,99.96499633789062,99.96499633789062,99.96499633789062,99.96499633789062,99.96499633789062,833.0
2024-04-24 15:10:00,WTW,263.9700012207031,263.9700012207031,263.9700012207031,263.8949890136719,263.8949890136719,2031.0
2024-04-24 15:10:00,WVE,5.079999923706055,5.079999923706055,5.079999923706055,5.079999923706055,5.079999923706055,457.0
2024-04-24 15:10:00,WW,1.6399999856948853,1.6399999856948853,1.649899959564209,1.6399999856948853,1.6399999856948853,1716.0
2024-04-24 15:10:00,WYNN,96.91000366210938,96.91000366210938,96.94999694824219,96.90499877929688,96.94999694824219,1357.0
2024-04-24 15:10:00,XBP,1.2350000143051147,1.2350000143051147,1.2350000143051147,1.2350000143051147,1.2350000143051147,699.0
2024-04-24 15:10:00,XEL,55.47999954223633,55.47999954223633,55.4900016784668,55.47999954223633,55.48500061035156,6696.0
2024-04-24 15:10:00,XFOR,1.2450000047683716,1.2450000047683716,1.25,1.2450000047683716,1.2450000047683716,3255.0
2024-04-24 15:10:00,XNCR,18.809999465942383,18.809999465942383,18.809999465942383,18.780000686645508,18.799999237060547,2343.0
2024-04-24 15:10:00,XP,20.4950008392334,20.4950008392334,20.4950008392334,20.479999542236328,20.485000610351562,5650.0
2024-04-24 15:10:00,XRX,14.345000267028809,14.345000267028809,14.345000267028809,14.34060001373291,14.345000267028809,1170.0
2024-04-24 15:10:00,XXII,1.8799999952316284,1.8799999952316284,1.9199999570846558,1.8799999952316284,1.9199999570846558,3992.0
2024-04-24 15:10:00,YMAB,15.100000381469727,15.100000381469727,15.100000381469727,15.100000381469727,15.100000381469727,1447.0
2024-04-24 15:10:00,Z,43.470001220703125,43.470001220703125,43.5,43.470001220703125,43.5,5683.0
2024-04-24 15:10:00,ZCMD,1.6157000064849854,1.6157000064849854,1.6200000047683716,1.6115000247955322,1.6115000247955322,622.0
2024-04-24 15:10:00,ZG,42.9900016784668,42.9900016784668,42.9900016784668,42.9900016784668,42.9900016784668,110.0
2024-04-24 15:10:00,ZI,15.800000190734863,15.800000190734863,15.805000305175781,15.800000190734863,15.805000305175781,6566.0
2024-04-24 15:10:00,ZIMV,15.779999732971191,15.779999732971191,15.779999732971191,15.779999732971191,15.779999732971191,436.0
2024-04-24 15:10:00,ZION,42.150001525878906,42.150001525878906,42.189998626708984,42.150001525878906,42.189998626708984,3912.0
2024-04-24 15:10:00,ZM,61.29899978637695,61.29899978637695,61.30500030517578,61.28770065307617,61.28770065307617,3611.0
2024-04-24 15:10:00,ZNTL,11.779999732971191,11.779999732971191,11.779999732971191,11.760000228881836,11.779999732971191,2235.0
2024-04-24 15:10:00,ZS,178.3300018310547,178.3300018310547,178.3300018310547,178.3300018310547,178.3300018310547,1481.0
2024-04-24 15:10:00,ZURA,3.2899999618530273,3.2899999618530273,3.309999942779541,3.2699999809265137,3.2699999809265137,7524.0
2024-04-24 15:10:00,ZYME,8.510000228881836,8.510000228881836,8.510000228881836,8.510000228881836,8.510000228881836,262.0
2024-04-24 15:10:00,ZYXI,11.199999809265137,11.199999809265137,11.199999809265137,11.180000305175781,11.180000305175781,2212.0
2024-04-24 15:11:00,COCO,24.280000686645508,24.280000686645508,24.280000686645508,24.280000686645508,24.280000686645508,902.0
2024-04-24 15:11:00,DIBS,5.394999980926514,5.394999980926514,5.400000095367432,5.394999980926514,5.400000095367432,1056.0
2024-04-24 15:11:00,EGHT,2.3450000286102295,2.3450000286102295,2.3450000286102295,2.3450000286102295,2.3450000286102295,301.0
2024-04-24 15:11:00,ETNB,8.600000381469727,8.600000381469727,8.604999542236328,8.600000381469727,8.604999542236328,2083.0
2024-04-24 15:11:00,FDMT,24.489999771118164,24.489999771118164,24.489999771118164,24.489999771118164,24.489999771118164,361.0
2024-04-24 15:11:00,FLWS,9.175000190734863,9.175000190734863,9.175000190734863,9.175000190734863,9.175000190734863,202.0
2024-04-24 15:11:00,ME,0.4722000062465668,0.4722000062465668,0.47290000319480896,0.4722000062465668,0.47290000319480896,2485.0
2024-04-24 15:11:00,SEAT,5.864999771118164,5.864999771118164,5.869999885559082,5.864999771118164,5.864999771118164,1194.0
2024-04-24 15:11:00,TSVT,4.235000133514404,4.235000133514404,4.2399001121521,4.235000133514404,4.2399001121521,1255.0
2024-04-24 15:11:00,TWOU,0.24009999632835388,0.24009999632835388,0.24009999632835388,0.24009999632835388,0.24009999632835388,11204.0
2024-04-24 15:11:00,TXG,27.360000610351562,27.360000610351562,27.3700008392334,27.350000381469727,27.360000610351562,2975.0
2024-04-24 15:11:00,VCTR,49.844200134277344,49.844200134277344,49.844200134277344,49.844200134277344,49.844200134277344,226.0
2024-04-24 15:11:00,VERU,1.3350000381469727,1.3350000381469727,1.3350000381469727,1.3300000429153442,1.3350000381469727,5426.0
2024-04-24 15:11:00,VERV,6.550000190734863,6.550000190734863,6.574999809265137,6.550000190734863,6.574999809265137,3143.0
2024-04-24 15:11:00,VERX,28.985000610351562,28.985000610351562,29.010000228881836,28.985000610351562,29.010000228881836,31268.0
2024-04-24 15:11:00,VFF,1.309999942779541,1.309999942779541,1.309999942779541,1.309999942779541,1.309999942779541,201.0
2024-04-24 15:11:00,VFS,2.4700000286102295,2.4700000286102295,2.4700000286102295,2.4700000286102295,2.4700000286102295,165.0
2024-04-24 15:11:00,VIAV,7.974999904632568,7.974999904632568,7.974999904632568,7.974999904632568,7.974999904632568,289.0
2024-04-24 15:11:00,VICR,31.229999542236328,31.229999542236328,31.290000915527344,31.229999542236328,31.290000915527344,2226.0
2024-04-24 15:11:00,VIR,8.0649995803833,8.0649995803833,8.069999694824219,8.0649995803833,8.069999694824219,1926.0
2024-04-24 15:11:00,VIRC,10.720000267028809,10.720000267028809,10.720000267028809,10.720000267028809,10.720000267028809,940.0
2024-04-24 15:11:00,VITL,26.75,26.75,26.75,26.729999542236328,26.729999542236328,2151.0
2024-04-24 15:11:00,VKTX,65.12000274658203,65.12000274658203,65.13500213623047,65.01000213623047,65.01000213623047,1758.0
2024-04-24 15:11:00,VMAR,0.5400999784469604,0.5400999784469604,0.5400999784469604,0.5400999784469604,0.5400999784469604,200.0
2024-04-24 15:11:00,VMD,7.980000019073486,7.980000019073486,7.980000019073486,7.980000019073486,7.980000019073486,61.0
2024-04-24 15:11:00,VMEO,3.515000104904175,3.515000104904175,3.515000104904175,3.515000104904175,3.515000104904175,1420.0
2024-04-24 15:11:00,VNET,1.559999942779541,1.559999942779541,1.559999942779541,1.559999942779541,1.559999942779541,200.0
2024-04-24 15:11:00,VNOM,39.81999969482422,39.81999969482422,39.81999969482422,39.81999969482422,39.81999969482422,340.0
2024-04-24 15:11:00,VOD,8.625,8.625,8.630000114440918,8.625,8.630000114440918,5543.0
2024-04-24 15:11:00,VOR,1.7400000095367432,1.7400000095367432,1.7400000095367432,1.7400000095367432,1.7400000095367432,315.0
2024-04-24 15:11:00,VRDN,13.170000076293945,13.170000076293945,13.170000076293945,13.170000076293945,13.170000076293945,433.0
2024-04-24 15:11:00,VRRM,24.209999084472656,24.209999084472656,24.209999084472656,24.209999084472656,24.209999084472656,255.0
2024-04-24 15:11:00,VRTX,401.1300048828125,401.1300048828125,401.1499938964844,401.06500244140625,401.06500244140625,2669.0
2024-04-24 15:11:00,VTNR,1.4263999462127686,1.4263999462127686,1.440000057220459,1.4211000204086304,1.434999942779541,17408.0
2024-04-24 15:11:00,VTRS,11.510000228881836,11.510000228881836,11.510000228881836,11.510000228881836,11.510000228881836,2162.0
2024-04-24 15:11:00,VTSI,12.300000190734863,12.300000190734863,12.300000190734863,12.300000190734863,12.300000190734863,266.0
2024-04-24 15:11:00,VUZI,1.3200000524520874,1.3200000524520874,1.3200000524520874,1.3200000524520874,1.3200000524520874,200.0
2024-04-24 15:11:00,VYGR,7.465000152587891,7.465000152587891,7.465000152587891,7.465000152587891,7.465000152587891,373.0
2024-04-24 15:11:00,WABC,47.689998626708984,47.689998626708984,47.744998931884766,47.689998626708984,47.72999954223633,736.0
2024-04-24 15:11:00,WAVD,1.9955999851226807,1.9955999851226807,1.9955999851226807,1.9955999851226807,1.9955999851226807,1896.0
2024-04-24 15:11:00,WB,8.395000457763672,8.395000457763672,8.395000457763672,8.390000343322754,8.390000343322754,397.0
2024-04-24 15:11:00,WBA,17.764999389648438,17.764999389648438,17.774999618530273,17.764999389648438,17.774999618530273,7388.0
2024-04-24 15:11:00,WBD,8.324999809265137,8.324999809265137,8.324999809265137,8.320099830627441,8.320099830627441,2797.0
2024-04-24 15:11:00,WDAY,255.66000366210938,255.66000366210938,255.67999267578125,255.66000366210938,255.67999267578125,1719.0
2024-04-24 15:11:00,WDC,69.29000091552734,69.29000091552734,69.31999969482422,69.25499725341797,69.25499725341797,6346.0
2024-04-24 15:11:00,WEN,19.834999084472656,19.834999084472656,19.834999084472656,19.829999923706055,19.834999084472656,860.0
2024-04-24 15:11:00,WERN,35.34000015258789,35.34000015258789,35.34000015258789,35.33000183105469,35.33000183105469,770.0
2024-04-24 15:11:00,WFRD,123.93000030517578,123.93000030517578,123.94999694824219,123.91899871826172,123.94999694824219,1801.0
2024-04-24 15:11:00,WHF,12.899999618530273,12.899999618530273,12.899999618530273,12.899999618530273,12.899999618530273,1035.0
2024-04-24 15:11:00,WIMI,1.0448999404907227,1.0448999404907227,1.0499000549316406,1.0399999618530273,1.0499000549316406,550.0
2024-04-24 15:11:00,WING,364.510009765625,364.510009765625,364.510009765625,364.510009765625,364.510009765625,936.0
2024-04-24 15:11:00,WISA,6.100200176239014,6.100200176239014,6.119999885559082,6.100200176239014,6.100299835205078,4052.0
2024-04-24 15:11:00,WKHS,0.1599999964237213,0.1599999964237213,0.16050000488758087,0.1599999964237213,0.16009999811649323,20742.0
2024-04-24 15:11:00,WLGS,0.5636000037193298,0.5636000037193298,0.5636000037193298,0.5636000037193298,0.5636000037193298,324.0
2024-04-24 15:11:00,WMG,32.01499938964844,32.01499938964844,32.01499938964844,32.01499938964844,32.01499938964844,1370.0
2024-04-24 15:11:00,WRAP,1.9700000286102295,1.9700000286102295,1.9700000286102295,1.9700000286102295,1.9700000286102295,1689.0
2024-04-24 15:11:00,WSC,37.900001525878906,37.900001525878906,37.904998779296875,37.895198822021484,37.895198822021484,1234.0
2024-04-24 15:11:00,WSFS,44.790000915527344,44.790000915527344,44.790000915527344,44.790000915527344,44.790000915527344,1035.0
2024-04-24 15:11:00,WTFC,99.95500183105469,99.95500183105469,99.95500183105469,99.8949966430664,99.8949966430664,805.0
2024-04-24 15:11:00,WVE,5.054999828338623,5.054999828338623,5.079999923706055,5.054999828338623,5.079999923706055,619.0
2024-04-24 15:11:00,WW,1.6449999809265137,1.6449999809265137,1.649899959564209,1.6399999856948853,1.6399999856948853,1867.0
2024-04-24 15:11:00,WWD,149.1699981689453,149.1699981689453,149.1699981689453,149.1699981689453,149.1699981689453,1649.0
2024-04-24 15:11:00,WYNN,96.83000183105469,96.83000183105469,96.9000015258789,96.81999969482422,96.89309692382812,3484.0
2024-04-24 15:11:00,XEL,55.470001220703125,55.470001220703125,55.48500061035156,55.470001220703125,55.474998474121094,8444.0
2024-04-24 15:11:00,XENE,39.38999938964844,39.38999938964844,39.40999984741211,39.38999938964844,39.40999984741211,1065.0
2024-04-24 15:11:00,XERS,1.75600004196167,1.75600004196167,1.75600004196167,1.75600004196167,1.75600004196167,300.0
2024-04-24 15:11:00,XFOR,1.2450000047683716,1.2450000047683716,1.2450000047683716,1.2450000047683716,1.2450000047683716,498.0
2024-04-24 15:11:00,XMTR,16.895000457763672,16.895000457763672,16.90999984741211,16.860000610351562,16.860000610351562,2562.0
2024-04-24 15:11:00,XNCR,18.809999465942383,18.809999465942383,18.809999465942383,18.809999465942383,18.809999465942383,400.0
2024-04-24 15:11:00,XP,20.5,20.5,20.5049991607666,20.4950008392334,20.4950008392334,10284.0
2024-04-24 15:11:00,XPEL,55.119998931884766,55.119998931884766,55.119998931884766,55.119998931884766,55.119998931884766,1076.0
2024-04-24 15:11:00,XRX,14.324999809265137,14.324999809265137,14.350000381469727,14.324999809265137,14.34000015258789,12119.0
2024-04-24 15:11:00,XWEL,1.7998000383377075,1.7998000383377075,1.7998000383377075,1.7998000383377075,1.7998000383377075,365.0
2024-04-24 15:11:00,YTRA,1.2799999713897705,1.2799999713897705,1.2799999713897705,1.2799999713897705,1.2799999713897705,700.0
2024-04-24 15:11:00,Z,43.459999084472656,43.459999084472656,43.47999954223633,43.459999084472656,43.470001220703125,3036.0
2024-04-24 15:11:00,ZBRA,277.05999755859375,277.05999755859375,277.05999755859375,277.05999755859375,277.05999755859375,857.0
2024-04-24 15:11:00,ZD,51.970001220703125,51.970001220703125,52.02000045776367,51.970001220703125,52.02000045776367,2316.0
2024-04-24 15:11:00,ZG,42.9900016784668,42.9900016784668,42.994998931884766,42.9900016784668,42.994998931884766,2045.0
2024-04-24 15:11:00,ZI,15.800000190734863,15.800000190734863,15.800000190734863,15.800000190734863,15.800000190734863,3754.0
2024-04-24 15:11:00,ZION,42.18000030517578,42.18000030517578,42.18000030517578,42.150001525878906,42.150001525878906,3702.0
2024-04-24 15:11:00,ZM,61.290000915527344,61.290000915527344,61.29999923706055,61.290000915527344,61.290000915527344,3547.0
2024-04-24 15:11:00,ZNTL,11.75,11.75,11.779999732971191,11.739999771118164,11.779999732971191,4341.0
2024-04-24 15:11:00,ZS,178.30999755859375,178.30999755859375,178.30999755859375,178.30999755859375,178.30999755859375,687.0
2024-04-24 15:11:00,ZVRA,4.510000228881836,4.510000228881836,4.510000228881836,4.510000228881836,4.510000228881836,965.0
2024-04-24 15:11:00,ZYME,8.510000228881836,8.510000228881836,8.520000457763672,8.494999885559082,8.5,7614.0
2024-04-24 15:12:00,COCO,24.280000686645508,24.280000686645508,24.280000686645508,24.280000686645508,24.280000686645508,184.0
2024-04-24 15:12:00,EGHT,2.3450000286102295,2.3450000286102295,2.3499999046325684,2.3450000286102295,2.3499999046325684,1046.0
2024-04-24 15:12:00,ETNB,8.604999542236328,8.604999542236328,8.604999542236328,8.604999542236328,8.604999542236328,322.0
2024-04-24 15:12:00,FDMT,24.510000228881836,24.510000228881836,24.510000228881836,24.510000228881836,24.510000228881836,961.0
2024-04-24 15:12:00,FLWS,9.1899995803833,9.1899995803833,9.1899995803833,9.180000305175781,9.180000305175781,463.0
2024-04-24 15:12:00,MAPS,1.090000033378601,1.090000033378601,1.090000033378601,1.090000033378601,1.090000033378601,225.0
2024-04-24 15:12:00,ME,0.4722999930381775,0.4722999930381775,0.4722999930381775,0.4722999930381775,0.4722999930381775,896.0
2024-04-24 15:12:00,SEAT,5.864999771118164,5.864999771118164,5.864999771118164,5.864999771118164,5.864999771118164,916.0
2024-04-24 15:12:00,TSVT,4.230000019073486,4.230000019073486,4.235000133514404,4.230000019073486,4.230000019073486,1605.0
2024-04-24 15:12:00,TWOU,0.24009999632835388,0.24009999632835388,0.24009999632835388,0.23999999463558197,0.24009999632835388,13274.0
2024-04-24 15:12:00,TXG,27.3799991607666,27.3799991607666,27.3799991607666,27.3700008392334,27.3700008392334,1456.0
2024-04-24 15:12:00,VANI,1.736199975013733,1.736199975013733,1.736199975013733,1.736199975013733,1.736199975013733,2758.0
2024-04-24 15:12:00,VCTR,49.849998474121094,49.849998474121094,49.849998474121094,49.834999084472656,49.834999084472656,1461.0
2024-04-24 15:12:00,VERU,1.3300000429153442,1.3300000429153442,1.3350000381469727,1.3300000429153442,1.3350000381469727,3062.0
2024-04-24 15:12:00,VERV,6.559999942779541,6.559999942779541,6.559999942779541,6.554999828338623,6.554999828338623,2028.0
2024-04-24 15:12:00,VERX,29.049999237060547,29.049999237060547,29.049999237060547,28.979999542236328,28.985000610351562,6414.0
2024-04-24 15:12:00,VFS,2.4749999046325684,2.4749999046325684,2.4749999046325684,2.4749999046325684,2.4749999046325684,607.0
2024-04-24 15:12:00,VICR,31.229999542236328,31.229999542236328,31.260000228881836,31.229999542236328,31.229999542236328,1789.0
2024-04-24 15:12:00,VIRT,22.084999084472656,22.084999084472656,22.09000015258789,22.06999969482422,22.06999969482422,3058.0
2024-04-24 15:12:00,VITL,26.729999542236328,26.729999542236328,26.729999542236328,26.729999542236328,26.729999542236328,973.0
2024-04-24 15:12:00,VIVK,1.4800000190734863,1.4800000190734863,1.4800000190734863,1.4800000190734863,1.4800000190734863,453.0
2024-04-24 15:12:00,VKTX,65.08000183105469,65.08000183105469,65.13999938964844,65.05999755859375,65.08000183105469,2751.0
2024-04-24 15:12:00,VLCN,0.2529999911785126,0.2529999911785126,0.2549999952316284,0.2529999911785126,0.2549000084400177,24955.0
2024-04-24 15:12:00,VMD,7.989999771118164,7.989999771118164,7.989999771118164,7.980000019073486,7.989999771118164,782.0
2024-04-24 15:12:00,VMEO,3.515000104904175,3.515000104904175,3.515000104904175,3.515000104904175,3.515000104904175,973.0
2024-04-24 15:12:00,VNET,1.565000057220459,1.565000057220459,1.5700000524520874,1.565000057220459,1.5700000524520874,6433.0
2024-04-24 15:12:00,VNOM,39.82500076293945,39.82500076293945,39.82500076293945,39.82500076293945,39.82500076293945,178.0
2024-04-24 15:12:00,VOD,8.630000114440918,8.630000114440918,8.630000114440918,8.625,8.625,945.0
2024-04-24 15:12:00,VRCA,6.75,6.75,6.75,6.75,6.75,108.0
2024-04-24 15:12:00,VRDN,13.180000305175781,13.180000305175781,13.185199737548828,13.180000305175781,13.185199737548828,1582.0
2024-04-24 15:12:00,VRNA,15.319999694824219,15.319999694824219,15.319999694824219,15.3100004196167,15.3100004196167,511.0
2024-04-24 15:12:00,VRTX,401.3800048828125,401.3800048828125,401.4200134277344,401.3699951171875,401.3699951171875,1243.0
2024-04-24 15:12:00,VTRS,11.505000114440918,11.505000114440918,11.510000228881836,11.505000114440918,11.505000114440918,4960.0
2024-04-24 15:12:00,VUZI,1.3100999593734741,1.3100999593734741,1.3200000524520874,1.3049999475479126,1.3200000524520874,5480.0
2024-04-24 15:12:00,VYNE,2.5799999237060547,2.5799999237060547,2.5824999809265137,2.549999952316284,2.549999952316284,4459.0
2024-04-24 15:12:00,WABC,47.689998626708984,47.689998626708984,47.689998626708984,47.689998626708984,47.689998626708984,560.0
2024-04-24 15:12:00,WAFD,28.204999923706055,28.204999923706055,28.204999923706055,28.18000030517578,28.18000030517578,1702.0
2024-04-24 15:12:00,WB,8.395000457763672,8.395000457763672,8.395000457763672,8.395000457763672,8.395000457763672,1848.0
2024-04-24 15:12:00,WBA,17.790000915527344,17.790000915527344,17.790000915527344,17.764999389648438,17.764999389648438,16971.0
2024-04-24 15:12:00,WBD,8.327500343322754,8.327500343322754,8.327500343322754,8.324999809265137,8.327500343322754,5326.0
2024-04-24 15:12:00,WDAY,255.72000122070312,255.72000122070312,255.74000549316406,255.58999633789062,255.58999633789062,1941.0
2024-04-24 15:12:00,WDC,69.30999755859375,69.30999755859375,69.30999755859375,69.2699966430664,69.30000305175781,3299.0
2024-04-24 15:12:00,WEN,19.834999084472656,19.834999084472656,19.834999084472656,19.834999084472656,19.834999084472656,1722.0
2024-04-24 15:12:00,WERN,35.34000015258789,35.34000015258789,35.36000061035156,35.34000015258789,35.36000061035156,1842.0
2024-04-24 15:12:00,WFRD,124.0,124.0,124.0,123.875,123.88999938964844,7693.0
2024-04-24 15:12:00,WIMI,1.0318000316619873,1.0318000316619873,1.0405999422073364,1.0318000316619873,1.0399999618530273,8473.0
2024-04-24 15:12:00,WISA,6.139900207519531,6.139900207519531,6.139900207519531,6.119999885559082,6.119999885559082,1516.0
2024-04-24 15:12:00,WKHS,0.15960000455379486,0.15960000455379486,0.1607999950647354,0.15950000286102295,0.1607999950647354,5751.0
2024-04-24 15:12:00,WKME,7.960000038146973,7.960000038146973,7.960000038146973,7.960000038146973,7.960000038146973,200.0
2024-04-24 15:12:00,WMG,32.040000915527344,32.040000915527344,32.040000915527344,32.002498626708984,32.0099983215332,3967.0
2024-04-24 15:12:00,WRLD,137.89999389648438,137.89999389648438,137.89999389648438,137.89999389648438,137.89999389648438,164.0
2024-04-24 15:12:00,WSBC,28.18000030517578,28.18000030517578,28.18000030517578,28.155000686645508,28.155000686645508,844.0
2024-04-24 15:12:00,WSBF,12.260000228881836,12.260000228881836,12.260000228881836,12.25,12.25,1470.0
2024-04-24 15:12:00,WSC,37.90999984741211,37.90999984741211,37.90999984741211,37.869998931884766,37.88999938964844,8150.0
2024-04-24 15:12:00,WTFC,99.91999816894531,99.91999816894531,99.91999816894531,99.87999725341797,99.87999725341797,662.0
2024-04-24 15:12:00,WTW,264.20001220703125,264.20001220703125,264.20001220703125,264.0,264.0,2020.0
2024-04-24 15:12:00,WVE,5.054999828338623,5.054999828338623,5.054999828338623,5.054999828338623,5.054999828338623,200.0
2024-04-24 15:12:00,WW,1.6449999809265137,1.6449999809265137,1.6449999809265137,1.6399999856948853,1.6399999856948853,11290.0
2024-04-24 15:12:00,WYNN,96.87000274658203,96.87000274658203,96.87999725341797,96.80400085449219,96.80400085449219,2764.0
2024-04-24 15:12:00,XEL,55.48500061035156,55.48500061035156,55.4900016784668,55.46500015258789,55.46500015258789,6391.0
2024-04-24 15:12:00,XFOR,1.25,1.25,1.25,1.25,1.25,211.0
2024-04-24 15:12:00,XNCR,18.829999923706055,18.829999923706055,18.829999923706055,18.829999923706055,18.829999923706055,564.0
2024-04-24 15:12:00,XP,20.53499984741211,20.53499984741211,20.540000915527344,20.5049991607666,20.5049991607666,6396.0
2024-04-24 15:12:00,XPEL,55.189998626708984,55.189998626708984,55.189998626708984,55.189998626708984,55.189998626708984,554.0
2024-04-24 15:12:00,XRX,14.3149995803833,14.3149995803833,14.329999923706055,14.3100004196167,14.319999694824219,8106.0
2024-04-24 15:12:00,Z,43.4474983215332,43.4474983215332,43.45000076293945,43.439998626708984,43.45000076293945,1425.0
2024-04-24 15:12:00,ZBRA,277.05499267578125,277.05499267578125,277.05499267578125,277.05499267578125,277.05499267578125,306.0
2024-04-24 15:12:00,ZI,15.805000305175781,15.805000305175781,15.805000305175781,15.800000190734863,15.800000190734863,3426.0
2024-04-24 15:12:00,ZION,42.20500183105469,42.20500183105469,42.20500183105469,42.15999984741211,42.15999984741211,2526.0
2024-04-24 15:12:00,ZM,61.279998779296875,61.279998779296875,61.28499984741211,61.27000045776367,61.279998779296875,3115.0
2024-04-24 15:12:00,ZNTL,11.760000228881836,11.760000228881836,11.770000457763672,11.75,11.75,1456.0
2024-04-24 15:12:00,ZS,178.25,178.25,178.25,178.25,178.25,126.0
2024-04-24 15:12:00,ZURA,3.2699999809265137,3.2699999809265137,3.2699999809265137,3.259999990463257,3.2699999809265137,4216.0
2024-04-24 15:12:00,ZVSA,0.614799976348877,0.614799976348877,0.614799976348877,0.614799976348877,0.614799976348877,134.0
2024-04-24 15:12:00,ZYME,8.510000228881836,8.510000228881836,8.510000228881836,8.510000228881836,8.510000228881836,653.0
2024-04-24 15:13:00,AIXI,1.2400000095367432,1.2400000095367432,1.2400000095367432,1.2350000143051147,1.2350000143051147,624.0
2024-04-24 15:13:00,COCO,24.280000686645508,24.280000686645508,24.290000915527344,24.280000686645508,24.280000686645508,710.0
2024-04-24 15:13:00,EGHT,2.3399999141693115,2.3399999141693115,2.3450000286102295,2.3399999141693115,2.3450000286102295,1412.0
2024-04-24 15:13:00,FDMT,24.540000915527344,24.540000915527344,24.545000076293945,24.530000686645508,24.530000686645508,994.0
2024-04-24 15:13:00,FEAM,1.162500023841858,1.162500023841858,1.162500023841858,1.162500023841858,1.162500023841858,1918.0
2024-04-24 15:13:00,FLWS,9.15999984741211,9.15999984741211,9.180000305175781,9.15999984741211,9.180000305175781,2861.0
2024-04-24 15:13:00,FREE,4.820000171661377,4.820000171661377,4.820000171661377,4.820000171661377,4.820000171661377,292.0
2024-04-24 15:13:00,MASS,5.65500020980835,5.65500020980835,5.65500020980835,5.644999980926514,5.644999980926514,1345.0
2024-04-24 15:13:00,ME,0.4722999930381775,0.4722999930381775,0.4722999930381775,0.4722000062465668,0.4722000062465668,1093.0
2024-04-24 15:13:00,SCWO,1.3799999952316284,1.3799999952316284,1.399999976158142,1.3600000143051147,1.399999976158142,18292.0
2024-04-24 15:13:00,SEAT,5.869999885559082,5.869999885559082,5.869999885559082,5.864999771118164,5.864999771118164,2171.0
2024-04-24 15:13:00,TSVT,4.230000019073486,4.230000019073486,4.230000019073486,4.230000019073486,4.230000019073486,200.0
2024-04-24 15:13:00,TWOU,0.2401999980211258,0.2401999980211258,0.24060000479221344,0.24009999632835388,0.24009999632835388,6805.0
2024-04-24 15:13:00,TXG,27.40999984741211,27.40999984741211,27.40999984741211,27.381999969482422,27.399999618530273,3026.0
2024-04-24 15:13:00,VABK,24.790000915527344,24.790000915527344,24.799999237060547,24.790000915527344,24.799999237060547,636.0
2024-04-24 15:13:00,VANI,1.7350000143051147,1.7350000143051147,1.7350000143051147,1.7350000143051147,1.7350000143051147,0.0
2024-04-24 15:13:00,VC,110.55000305175781,110.55000305175781,110.55000305175781,110.55000305175781,110.55000305175781,856.0
2024-04-24 15:13:00,VCTR,49.85499954223633,49.85499954223633,49.85499954223633,49.834999084472656,49.834999084472656,1564.0
2024-04-24 15:13:00,VERU,1.3300000429153442,1.3300000429153442,1.3300000429153442,1.3300000429153442,1.3300000429153442,1541.0
2024-04-24 15:13:00,VERV,6.574999809265137,6.574999809265137,6.574999809265137,6.570000171661377,6.570000171661377,2177.0
2024-04-24 15:13:00,VIAV,7.978700160980225,7.978700160980225,7.978700160980225,7.974999904632568,7.974999904632568,465.0
2024-04-24 15:13:00,VICR,31.260000228881836,31.260000228881836,31.260000228881836,31.229999542236328,31.229999542236328,727.0
2024-04-24 15:13:00,VINC,0.9297000169754028,0.9297000169754028,0.9297000169754028,0.9297000169754028,0.9297000169754028,5402.0
2024-04-24 15:13:00,VIR,8.0649995803833,8.0649995803833,8.0649995803833,8.0649995803833,8.0649995803833,1461.0
2024-04-24 15:13:00,VIRT,22.075000762939453,22.075000762939453,22.079999923706055,22.075000762939453,22.079999923706055,1343.0
2024-04-24 15:13:00,VITL,26.729999542236328,26.729999542236328,26.729999542236328,26.729999542236328,26.729999542236328,138.0
2024-04-24 15:13:00,VKTX,65.11000061035156,65.11000061035156,65.12999725341797,65.03179931640625,65.12999725341797,2527.0
2024-04-24 15:13:00,VMD,7.989999771118164,7.989999771118164,7.989999771118164,7.989999771118164,7.989999771118164,295.0
2024-04-24 15:13:00,VMEO,3.515000104904175,3.515000104904175,3.515000104904175,3.515000104904175,3.515000104904175,850.0
2024-04-24 15:13:00,VNET,1.565000057220459,1.565000057220459,1.565000057220459,1.565000057220459,1.565000057220459,2531.0
2024-04-24 15:13:00,VNOM,39.83000183105469,39.83000183105469,39.84000015258789,39.81999969482422,39.84000015258789,2615.0
2024-04-24 15:13:00,VOD,8.635000228881836,8.635000228881836,8.640000343322754,8.625,8.62600040435791,19179.0
2024-04-24 15:13:00,VRDN,13.180000305175781,13.180000305175781,13.1899995803833,13.180000305175781,13.180000305175781,1099.0
2024-04-24 15:13:00,VRNA,15.319999694824219,15.319999694824219,15.319999694824219,15.3100004196167,15.3100004196167,1148.0
2024-04-24 15:13:00,VRRM,24.219999313354492,24.219999313354492,24.219999313354492,24.209999084472656,24.209999084472656,1891.0
2024-04-24 15:13:00,VRTX,401.30999755859375,401.30999755859375,401.3800048828125,401.2300109863281,401.3800048828125,2004.0
2024-04-24 15:13:00,VSAT,16.190000534057617,16.190000534057617,16.190000534057617,16.149999618530273,16.149999618530273,2477.0
2024-04-24 15:13:00,VTGN,4.699999809265137,4.699999809265137,4.699999809265137,4.699999809265137,4.699999809265137,683.0
2024-04-24 15:13:00,VTNR,1.4199999570846558,1.4199999570846558,1.4249999523162842,1.4149999618530273,1.4199999570846558,8760.0
2024-04-24 15:13:00,VTRS,11.505000114440918,11.505000114440918,11.507499694824219,11.494999885559082,11.505000114440918,42939.0
2024-04-24 15:13:00,VYNE,2.5799999237060547,2.5799999237060547,2.625,2.5799999237060547,2.625,5600.0
2024-04-24 15:13:00,WB,8.420000076293945,8.420000076293945,8.420000076293945,8.399999618530273,8.399999618530273,23723.0
2024-04-24 15:13:00,WBA,17.78499984741211,17.78499984741211,17.795000076293945,17.781999588012695,17.790000915527344,8459.0
2024-04-24 15:13:00,WBD,8.327500343322754,8.327500343322754,8.329899787902832,8.319999694824219,8.319999694824219,8766.0
2024-04-24 15:13:00,WDAY,255.86000061035156,255.86000061035156,255.86000061035156,255.85000610351562,255.85000610351562,1149.0
2024-04-24 15:13:00,WDC,69.40499877929688,69.40499877929688,69.41999816894531,69.30000305175781,69.30500030517578,15670.0
2024-04-24 15:13:00,WEN,19.829999923706055,19.829999923706055,19.834999084472656,19.829999923706055,19.834999084472656,3183.0
2024-04-24 15:13:00,WERN,35.349998474121094,35.349998474121094,35.349998474121094,35.34000015258789,35.34000015258789,2126.0
2024-04-24 15:13:00,WFRD,124.20500183105469,124.20500183105469,124.28009796142578,123.9999008178711,124.0,20399.0
2024-04-24 15:13:00,WHLR,0.14319999516010284,0.14319999516010284,0.14329999685287476,0.14309999346733093,0.14329999685287476,11510.0
2024-04-24 15:13:00,WIMI,1.031999945640564,1.031999945640564,1.0399999618530273,1.0299999713897705,1.0398999452590942,6020.0
2024-04-24 15:13:00,WING,364.69000244140625,364.69000244140625,364.69000244140625,364.69000244140625,364.69000244140625,261.0
2024-04-24 15:13:00,WISA,6.059999942779541,6.059999942779541,6.060100078582764,6.059999942779541,6.060100078582764,584.0
2024-04-24 15:13:00,WIX,121.87000274658203,121.87000274658203,121.93000030517578,121.78500366210938,121.78500366210938,2274.0
2024-04-24 15:13:00,WKHS,0.15950000286102295,0.15950000286102295,0.1598999947309494,0.15950000286102295,0.1597999930381775,11728.0
2024-04-24 15:13:00,WMG,32.04999923706055,32.04999923706055,32.04999923706055,32.03499984741211,32.03499984741211,2719.0
2024-04-24 15:13:00,WPRT,5.639999866485596,5.639999866485596,5.650000095367432,5.599999904632568,5.599999904632568,9099.0
2024-04-24 15:13:00,WSC,37.91999816894531,37.91999816894531,37.91999816894531,37.90999984741211,37.90999984741211,1525.0
2024-04-24 15:13:00,WTW,264.2699890136719,264.2699890136719,264.3349914550781,264.17999267578125,264.20001220703125,2929.0
2024-04-24 15:13:00,WVE,5.050000190734863,5.050000190734863,5.050000190734863,5.050000190734863,5.050000190734863,365.0
2024-04-24 15:13:00,WW,1.6449999809265137,1.6449999809265137,1.649999976158142,1.6449999809265137,1.649999976158142,7510.0
2024-04-24 15:13:00,WYNN,96.79000091552734,96.79000091552734,96.86180114746094,96.79000091552734,96.8499984741211,2582.0
2024-04-24 15:13:00,XEL,55.51499938964844,55.51499938964844,55.52000045776367,55.47999954223633,55.48500061035156,11395.0
2024-04-24 15:13:00,XENE,39.42499923706055,39.42499923706055,39.42499923706055,39.42499923706055,39.42499923706055,628.0
2024-04-24 15:13:00,XERS,1.7599999904632568,1.7599999904632568,1.7599999904632568,1.7599999904632568,1.7599999904632568,522.0
2024-04-24 15:13:00,XFOR,1.25,1.25,1.25,1.25,1.25,204.0
2024-04-24 15:13:00,XNCR,18.850000381469727,18.850000381469727,18.850000381469727,18.84000015258789,18.850000381469727,1981.0
2024-04-24 15:13:00,XP,20.524999618530273,20.524999618530273,20.55500030517578,20.524999618530273,20.540000915527344,16802.0
2024-04-24 15:13:00,XPEL,55.29499816894531,55.29499816894531,55.29499816894531,55.29499816894531,55.29499816894531,185.0
2024-04-24 15:13:00,XRX,14.3149995803833,14.3149995803833,14.3149995803833,14.3100004196167,14.3149995803833,4692.0
2024-04-24 15:13:00,YTRA,1.2798000574111938,1.2798000574111938,1.2798000574111938,1.2798000574111938,1.2798000574111938,3377.0
2024-04-24 15:13:00,Z,43.459999084472656,43.459999084472656,43.459999084472656,43.447898864746094,43.45000076293945,1285.0
2024-04-24 15:13:00,ZBRA,277.1400146484375,277.1400146484375,277.1400146484375,277.0400085449219,277.0899963378906,1660.0
2024-04-24 15:13:00,ZI,15.8100004196167,15.8100004196167,15.8100004196167,15.8100004196167,15.8100004196167,1265.0
2024-04-24 15:13:00,ZIMV,15.789999961853027,15.789999961853027,15.789999961853027,15.789999961853027,15.789999961853027,443.0
2024-04-24 15:13:00,ZION,42.220001220703125,42.220001220703125,42.220001220703125,42.189998626708984,42.20000076293945,2082.0
2024-04-24 15:13:00,ZM,61.34000015258789,61.34000015258789,61.34000015258789,61.290000915527344,61.290000915527344,2738.0
2024-04-24 15:13:00,ZNTL,11.770000457763672,11.770000457763672,11.774999618530273,11.770000457763672,11.770000457763672,1187.0
2024-04-24 15:13:00,ZS,178.32000732421875,178.32000732421875,178.3300018310547,178.2550048828125,178.25999450683594,1486.0
2024-04-24 15:13:00,ZUMZ,17.280000686645508,17.280000686645508,17.280000686645508,17.280000686645508,17.280000686645508,965.0
2024-04-24 15:13:00,ZURA,3.2899999618530273,3.2899999618530273,3.2899999618530273,3.2799999713897705,3.2799999713897705,8667.0
2024-04-24 15:13:00,ZVSA,0.6110000014305115,0.6110000014305115,0.614799976348877,0.6110000014305115,0.614799976348877,442.0
2024-04-24 15:13:00,ZYME,8.515000343322754,8.515000343322754,8.515000343322754,8.510000228881836,8.510000228881836,1209.0
2024-04-24 15:14:00,AIXI,1.2389999628067017,1.2389999628067017,1.2389999628067017,1.2389999628067017,1.2389999628067017,1358.0
2024-04-24 15:14:00,COCO,24.270000457763672,24.270000457763672,24.270000457763672,24.260000228881836,24.260000228881836,681.0
2024-04-24 15:14:00,EGHT,2.3450000286102295,2.3450000286102295,2.3499999046325684,2.3450000286102295,2.3499999046325684,302.0
2024-04-24 15:14:00,ETNB,8.604999542236328,8.604999542236328,8.609999656677246,8.59000015258789,8.609999656677246,8839.0
2024-04-24 15:14:00,FDMT,24.540000915527344,24.540000915527344,24.540000915527344,24.540000915527344,24.540000915527344,409.0
2024-04-24 15:14:00,HOWL,6.505000114440918,6.505000114440918,6.505000114440918,6.505000114440918,6.505000114440918,269.0
2024-04-24 15:14:00,MAPS,1.090000033378601,1.090000033378601,1.090000033378601,1.090000033378601,1.090000033378601,200.0
2024-04-24 15:14:00,MASS,5.650000095367432,5.650000095367432,5.650000095367432,5.650000095367432,5.650000095367432,584.0
2024-04-24 15:14:00,ME,0.4749999940395355,0.4749999940395355,0.4772000014781952,0.4722999930381775,0.4722999930381775,29211.0
2024-04-24 15:14:00,SEAT,5.869999885559082,5.869999885559082,5.869999885559082,5.869999885559082,5.869999885559082,384.0
2024-04-24 15:14:00,SRCE,50.86000061035156,50.86000061035156,50.86000061035156,50.86000061035156,50.86000061035156,1000.0
2024-04-24 15:14:00,TSVT,4.235000133514404,4.235000133514404,4.239999771118164,4.235000133514404,4.235000133514404,580.0
2024-04-24 15:14:00,TWOU,0.24009999632835388,0.24009999632835388,0.2401999980211258,0.24009999632835388,0.2401999980211258,113566.0
2024-04-24 15:14:00,TXG,27.3799991607666,27.3799991607666,27.40999984741211,27.3799991607666,27.40999984741211,4895.0
2024-04-24 15:14:00,VANI,1.7400000095367432,1.7400000095367432,1.7400000095367432,1.7400000095367432,1.7400000095367432,360.0
2024-04-24 15:14:00,VERU,1.3300000429153442,1.3300000429153442,1.3300000429153442,1.3300000429153442,1.3300000429153442,1486.0
2024-04-24 15:14:00,VERV,6.559999942779541,6.559999942779541,6.579999923706055,6.559999942779541,6.579999923706055,2508.0
2024-04-24 15:14:00,VERX,29.049999237060547,29.049999237060547,29.049999237060547,29.049999237060547,29.049999237060547,1385.0
2024-04-24 15:14:00,VFF,1.3099000453948975,1.3099000453948975,1.3099000453948975,1.3099000453948975,1.3099000453948975,300.0
2024-04-24 15:14:00,VFS,2.4749999046325684,2.4749999046325684,2.4749999046325684,2.4749999046325684,2.4749999046325684,8792.0
2024-04-24 15:14:00,VIAV,7.974999904632568,7.974999904632568,7.977499961853027,7.974999904632568,7.974999904632568,549.0
2024-04-24 15:14:00,VICR,31.149999618530273,31.149999618530273,31.209999084472656,31.149999618530273,31.209999084472656,1666.0
2024-04-24 15:14:00,VIRC,10.699999809265137,10.699999809265137,10.699999809265137,10.699999809265137,10.699999809265137,550.0
2024-04-24 15:14:00,VITL,26.739999771118164,26.739999771118164,26.739999771118164,26.739999771118164,26.739999771118164,709.0
2024-04-24 15:14:00,VKTX,65.14700317382812,65.14700317382812,65.16999816894531,65.14700317382812,65.1500015258789,1285.0
2024-04-24 15:14:00,VLCN,0.2531000077724457,0.2531000077724457,0.2531000077724457,0.2531000077724457,0.2531000077724457,540.0
2024-04-24 15:14:00,VMD,7.980000019073486,7.980000019073486,7.989999771118164,7.980000019073486,7.989999771118164,1233.0
2024-04-24 15:14:00,VMEO,3.509999990463257,3.509999990463257,3.509999990463257,3.509999990463257,3.509999990463257,498.0
2024-04-24 15:14:00,VNET,1.565000057220459,1.565000057220459,1.565000057220459,1.565000057220459,1.565000057220459,0.0
2024-04-24 15:14:00,VNOM,39.849998474121094,39.849998474121094,39.86000061035156,39.849998474121094,39.86000061035156,216.0
2024-04-24 15:14:00,VOD,8.640000343322754,8.640000343322754,8.640000343322754,8.635000228881836,8.635000228881836,2886.0
2024-04-24 15:14:00,VOR,1.749899983406067,1.749899983406067,1.749899983406067,1.749899983406067,1.749899983406067,509.0
2024-04-24 15:14:00,VRCA,6.769999980926514,6.769999980926514,6.769999980926514,6.769999980926514,6.769999980926514,1058.0
2024-04-24 15:14:00,VRDN,13.1899995803833,13.1899995803833,13.199999809265137,13.1899995803833,13.199999809265137,402.0
2024-04-24 15:14:00,VRTX,401.31500244140625,401.31500244140625,401.31500244140625,401.31500244140625,401.31500244140625,607.0
2024-04-24 15:14:00,VSAT,16.184999465942383,16.184999465942383,16.190000534057617,16.184999465942383,16.190000534057617,1996.0
2024-04-24 15:14:00,VSME,0.42250001430511475,0.42250001430511475,0.42250001430511475,0.42250001430511475,0.42250001430511475,3670.0
2024-04-24 15:14:00,VTNR,1.4149999618530273,1.4149999618530273,1.4199999570846558,1.4106999635696411,1.4199999570846558,6731.0
2024-04-24 15:14:00,VTRS,11.510000228881836,11.510000228881836,11.510000228881836,11.510000228881836,11.510000228881836,1722.0
2024-04-24 15:14:00,VTSI,12.3149995803833,12.3149995803833,12.3149995803833,12.3149995803833,12.3149995803833,462.0
2024-04-24 15:14:00,VYGR,7.474999904632568,7.474999904632568,7.474999904632568,7.46999979019165,7.46999979019165,1166.0
2024-04-24 15:14:00,VYNE,2.6600000858306885,2.6600000858306885,2.6600000858306885,2.6500000953674316,2.6500000953674316,1919.0
2024-04-24 15:14:00,WAFD,28.209999084472656,28.209999084472656,28.2185001373291,28.209999084472656,28.2185001373291,1197.0
2024-04-24 15:14:00,WB,8.414999961853027,8.414999961853027,8.414999961853027,8.414999961853027,8.414999961853027,933.0
2024-04-24 15:14:00,WBA,17.78499984741211,17.78499984741211,17.78499984741211,17.774999618530273,17.780000686645508,13341.0
2024-04-24 15:14:00,WBD,8.327500343322754,8.327500343322754,8.327500343322754,8.319999694824219,8.324999809265137,11944.0
2024-04-24 15:14:00,WDAY,255.83999633789062,255.83999633789062,255.90499877929688,255.82000732421875,255.8699951171875,1787.0
2024-04-24 15:14:00,WDC,69.4000015258789,69.4000015258789,69.41000366210938,69.38500213623047,69.38999938964844,7197.0
2024-04-24 15:14:00,WEN,19.837499618530273,19.837499618530273,19.837499618530273,19.837499618530273,19.837499618530273,167.0
2024-04-24 15:14:00,WFRD,124.20999908447266,124.20999908447266,124.22000122070312,124.20999908447266,124.22000122070312,2787.0
2024-04-24 15:14:00,WHF,12.920000076293945,12.920000076293945,12.920000076293945,12.90999984741211,12.920000076293945,608.0
2024-04-24 15:14:00,WHLM,6.232500076293945,6.232500076293945,6.232500076293945,6.210000038146973,6.210000038146973,4104.0
2024-04-24 15:14:00,WIMI,1.0399999618530273,1.0399999618530273,1.0399999618530273,1.0299999713897705,1.0299999713897705,6502.0
2024-04-24 15:14:00,WING,364.70001220703125,364.70001220703125,364.70001220703125,364.70001220703125,364.70001220703125,325.0
2024-04-24 15:14:00,WISA,6.079999923706055,6.079999923706055,6.100599765777588,6.079999923706055,6.100599765777588,3322.0
2024-04-24 15:14:00,WIX,121.98999786376953,121.98999786376953,121.99500274658203,121.98999786376953,121.99500274658203,857.0
2024-04-24 15:14:00,WKHS,0.15940000116825104,0.15940000116825104,0.15970000624656677,0.15940000116825104,0.15950000286102295,32844.0
2024-04-24 15:14:00,WMG,32.05500030517578,32.05500030517578,32.05500030517578,32.05500030517578,32.05500030517578,884.0
2024-04-24 15:14:00,WSC,37.869998931884766,37.869998931884766,37.90999984741211,37.869998931884766,37.90999984741211,2052.0
2024-04-24 15:14:00,WTFC,99.9749984741211,99.9749984741211,99.9749984741211,99.9749984741211,99.9749984741211,981.0
2024-04-24 15:14:00,WTW,264.2200012207031,264.2200012207031,264.2200012207031,264.2200012207031,264.2200012207031,388.0
2024-04-24 15:14:00,WW,1.6449999809265137,1.6449999809265137,1.6449999809265137,1.6399999856948853,1.6449999809265137,3027.0
2024-04-24 15:14:00,WYNN,96.80000305175781,96.80000305175781,96.83999633789062,96.80000305175781,96.83000183105469,2809.0
2024-04-24 15:14:00,XEL,55.54999923706055,55.54999923706055,55.54999923706055,55.51499938964844,55.51499938964844,5717.0
2024-04-24 15:14:00,XENE,39.540000915527344,39.540000915527344,39.540000915527344,39.42499923706055,39.42499923706055,1456.0
2024-04-24 15:14:00,XFOR,1.25,1.25,1.25,1.25,1.25,300.0
2024-04-24 15:14:00,XMTR,16.90999984741211,16.90999984741211,16.90999984741211,16.90999984741211,16.90999984741211,2232.0
2024-04-24 15:14:00,XP,20.5,20.5,20.524999618530273,20.5,20.524999618530273,6066.0
2024-04-24 15:14:00,XRX,14.335000038146973,14.335000038146973,14.335000038146973,14.3149995803833,14.3149995803833,14261.0
2024-04-24 15:14:00,Z,43.459999084472656,43.459999084472656,43.47999954223633,43.459999084472656,43.46500015258789,1755.0
2024-04-24 15:14:00,ZD,52.040000915527344,52.040000915527344,52.064998626708984,52.029998779296875,52.064998626708984,1293.0
2024-04-24 15:14:00,ZG,42.9900016784668,42.9900016784668,42.9900016784668,42.9900016784668,42.9900016784668,296.0
2024-04-24 15:14:00,ZI,15.805000305175781,15.805000305175781,15.805000305175781,15.805000305175781,15.805000305175781,1132.0
2024-04-24 15:14:00,ZION,42.19499969482422,42.19499969482422,42.220001220703125,42.19499969482422,42.220001220703125,983.0
2024-04-24 15:14:00,ZKIN,0.6402000188827515,0.6402000188827515,0.6402000188827515,0.6402000188827515,0.6402000188827515,202.0
2024-04-24 15:14:00,ZLAB,15.529999732971191,15.529999732971191,15.529999732971191,15.510000228881836,15.510000228881836,1110.0
2024-04-24 15:14:00,ZM,61.33000183105469,61.33000183105469,61.349998474121094,61.33000183105469,61.349998474121094,4043.0
2024-04-24 15:14:00,ZNTL,11.800000190734863,11.800000190734863,11.800000190734863,11.779999732971191,11.779999732971191,1718.0
2024-04-24 15:14:00,ZS,178.35000610351562,178.35000610351562,178.3800048828125,178.35000610351562,178.3800048828125,726.0
2024-04-24 15:14:00,ZUMZ,17.270000457763672,17.270000457763672,17.270000457763672,17.270000457763672,17.270000457763672,420.0
2024-04-24 15:14:00,ZVSA,0.6079999804496765,0.6079999804496765,0.6079999804496765,0.6079999804496765,0.6079999804496765,302.0
2024-04-24 15:15:00,COCO,24.290000915527344,24.290000915527344,24.290000915527344,24.290000915527344,24.290000915527344,954.0
2024-04-24 15:15:00,DSP,8.59000015258789,8.59000015258789,8.59000015258789,8.59000015258789,8.59000015258789,442.0
2024-04-24 15:15:00,EGHT,2.3499999046325684,2.3499999046325684,2.3499999046325684,2.3450000286102295,2.3450000286102295,1400.0
2024-04-24 15:15:00,FDMT,24.540000915527344,24.540000915527344,24.559999465942383,24.540000915527344,24.559999465942383,1110.0
2024-04-24 15:15:00,MAPS,1.100000023841858,1.100000023841858,1.100000023841858,1.100000023841858,1.100000023841858,100.0
2024-04-24 15:15:00,ME,0.4724999964237213,0.4724999964237213,0.4749000072479248,0.4722999930381775,0.47269999980926514,15800.0
2024-04-24 15:15:00,SEAT,5.864999771118164,5.864999771118164,5.864999771118164,5.864999771118164,5.864999771118164,509.0
2024-04-24 15:15:00,TSVT,4.230000019073486,4.230000019073486,4.235000133514404,4.230000019073486,4.235000133514404,350.0
2024-04-24 15:15:00,TWOU,0.2401999980211258,0.2401999980211258,0.2401999980211258,0.24009999632835388,0.2401999980211258,9119.0
2024-04-24 15:15:00,TXG,27.3799991607666,27.3799991607666,27.3799991607666,27.3700008392334,27.3700008392334,2593.0
2024-04-24 15:15:00,VABK,24.5,24.5,24.520000457763672,24.5,24.520000457763672,1481.0
2024-04-24 15:15:00,VC,110.54000091552734,110.54000091552734,110.54000091552734,110.5,110.5,3092.0
2024-04-24 15:15:00,VCTR,49.85499954223633,49.85499954223633,49.85499954223633,49.85499954223633,49.85499954223633,548.0
2024-04-24 15:15:00,VERU,1.3350000381469727,1.3350000381469727,1.3350000381469727,1.3350000381469727,1.3350000381469727,5900.0
2024-04-24 15:15:00,VERV,6.565400123596191,6.565400123596191,6.565400123596191,6.565400123596191,6.565400123596191,210.0
2024-04-24 15:15:00,VERX,29.110000610351562,29.110000610351562,29.110000610351562,29.06999969482422,29.06999969482422,5973.0
2024-04-24 15:15:00,VIAV,7.974999904632568,7.974999904632568,7.974999904632568,7.974999904632568,7.974999904632568,303.0
2024-04-24 15:15:00,VIRC,10.670000076293945,10.670000076293945,10.6899995803833,10.670000076293945,10.6899995803833,859.0
2024-04-24 15:15:00,VIRT,22.05500030517578,22.05500030517578,22.103200912475586,22.05500030517578,22.079999923706055,7723.0
2024-04-24 15:15:00,VKTX,65.23999786376953,65.23999786376953,65.23999786376953,65.10009765625,65.12000274658203,4765.0
2024-04-24 15:15:00,VLCN,0.2549000084400177,0.2549000084400177,0.2549000084400177,0.2549000084400177,0.2549000084400177,1324.0
2024-04-24 15:15:00,VMEO,3.5199999809265137,3.5199999809265137,3.5199999809265137,3.515000104904175,3.515000104904175,903.0
2024-04-24 15:15:00,VNET,1.565000057220459,1.565000057220459,1.565000057220459,1.565000057220459,1.565000057220459,1218.0
2024-04-24 15:15:00,VNOM,39.86000061035156,39.86000061035156,39.86000061035156,39.86000061035156,39.86000061035156,341.0
2024-04-24 15:15:00,VOD,8.635000228881836,8.635000228881836,8.640000343322754,8.635000228881836,8.640000343322754,1932.0
2024-04-24 15:15:00,VOR,1.7400000095367432,1.7400000095367432,1.7400000095367432,1.7400000095367432,1.7400000095367432,249.0
2024-04-24 15:15:00,VRDN,13.1899995803833,13.1899995803833,13.199999809265137,13.1899995803833,13.1899995803833,1366.0
2024-04-24 15:15:00,VRM,11.609999656677246,11.609999656677246,11.609999656677246,11.609999656677246,11.609999656677246,210.0
2024-04-24 15:15:00,VRRM,24.21500015258789,24.21500015258789,24.21500015258789,24.21500015258789,24.21500015258789,1093.0
2024-04-24 15:15:00,VRTX,401.5010070800781,401.5010070800781,401.5010070800781,401.4100036621094,401.4100036621094,1157.0
2024-04-24 15:15:00,VSAT,16.18000030517578,16.18000030517578,16.18000030517578,16.18000030517578,16.18000030517578,120.0
2024-04-24 15:15:00,VTNR,1.409999966621399,1.409999966621399,1.4199999570846558,1.409999966621399,1.4191999435424805,9675.0
2024-04-24 15:15:00,VTRS,11.520000457763672,11.520000457763672,11.520000457763672,11.505000114440918,11.505000114440918,20387.0
2024-04-24 15:15:00,VUZI,1.3200000524520874,1.3200000524520874,1.3200000524520874,1.315000057220459,1.315000057220459,1322.0
2024-04-24 15:15:00,VYGR,7.46999979019165,7.46999979019165,7.46999979019165,7.46999979019165,7.46999979019165,199.0
2024-04-24 15:15:00,VYNE,2.634999990463257,2.634999990463257,2.7304999828338623,2.634999990463257,2.7304999828338623,1151.0
2024-04-24 15:15:00,WABC,47.70000076293945,47.70000076293945,47.70000076293945,47.70000076293945,47.70000076293945,288.0
2024-04-24 15:15:00,WB,8.414999961853027,8.414999961853027,8.414999961853027,8.414999961853027,8.414999961853027,1251.0
2024-04-24 15:15:00,WBA,17.78499984741211,17.78499984741211,17.78499984741211,17.780099868774414,17.78499984741211,5747.0
2024-04-24 15:15:00,WBD,8.324999809265137,8.324999809265137,8.328800201416016,8.319999694824219,8.319999694824219,19113.0
2024-04-24 15:15:00,WDAY,255.91000366210938,255.91000366210938,255.91000366210938,255.77999877929688,255.82000732421875,1974.0
2024-04-24 15:15:00,WDC,69.41000366210938,69.41000366210938,69.41999816894531,69.38999938964844,69.38999938964844,5459.0
2024-04-24 15:15:00,WEN,19.83009910583496,19.83009910583496,19.83009910583496,19.829999923706055,19.829999923706055,2365.0
2024-04-24 15:15:00,WERN,35.34000015258789,35.34000015258789,35.34000015258789,35.34000015258789,35.34000015258789,1580.0
2024-04-24 15:15:00,WFRD,124.1500015258789,124.1500015258789,124.20999908447266,124.08000183105469,124.20999908447266,2349.0
2024-04-24 15:15:00,WIMI,1.0398999452590942,1.0398999452590942,1.0399999618530273,1.0299999713897705,1.0302000045776367,2862.0
2024-04-24 15:15:00,WING,364.5350036621094,364.5350036621094,364.5350036621094,364.5350036621094,364.5350036621094,249.0
2024-04-24 15:15:00,WISA,6.119999885559082,6.119999885559082,6.150000095367432,6.119999885559082,6.119999885559082,3811.0
2024-04-24 15:15:00,WKHS,0.15940000116825104,0.15940000116825104,0.15940000116825104,0.1590999960899353,0.1590999960899353,1610.0
2024-04-24 15:15:00,WLGS,0.5612000226974487,0.5612000226974487,0.5612000226974487,0.5612000226974487,0.5612000226974487,5206.0
2024-04-24 15:15:00,WMG,32.033599853515625,32.033599853515625,32.05500030517578,32.033599853515625,32.05500030517578,5228.0
2024-04-24 15:15:00,WSBC,28.219999313354492,28.219999313354492,28.219999313354492,28.190000534057617,28.190000534057617,1313.0
2024-04-24 15:15:00,WSBF,12.260000228881836,12.260000228881836,12.260000228881836,12.260000228881836,12.260000228881836,706.0
2024-04-24 15:15:00,WSC,37.8849983215332,37.8849983215332,37.900001525878906,37.86000061035156,37.869998931884766,7582.0
2024-04-24 15:15:00,WSFS,44.880001068115234,44.880001068115234,44.880001068115234,44.880001068115234,44.880001068115234,660.0
2024-04-24 15:15:00,WTW,264.44500732421875,264.44500732421875,264.44500732421875,264.3599853515625,264.3599853515625,1204.0
2024-04-24 15:15:00,WVE,5.054999828338623,5.054999828338623,5.059999942779541,5.054999828338623,5.054999828338623,2796.0
2024-04-24 15:15:00,WW,1.6399999856948853,1.6399999856948853,1.6497999429702759,1.6399999856948853,1.6497999429702759,1378.0
2024-04-24 15:15:00,WYNN,96.77999877929688,96.77999877929688,96.81500244140625,96.77999877929688,96.81500244140625,498.0
2024-04-24 15:15:00,XBIT,8.1850004196167,8.1850004196167,8.1850004196167,8.1850004196167,8.1850004196167,817.0
2024-04-24 15:15:00,XEL,55.51070022583008,55.51070022583008,55.54999923706055,55.504600524902344,55.54999923706055,13671.0
2024-04-24 15:15:00,XENE,39.529998779296875,39.529998779296875,39.529998779296875,39.529998779296875,39.529998779296875,572.0
2024-04-24 15:15:00,XERS,1.75,1.75,1.75,1.75,1.75,300.0
2024-04-24 15:15:00,XFOR,1.2450000047683716,1.2450000047683716,1.2450000047683716,1.2450000047683716,1.2450000047683716,212.0
2024-04-24 15:15:00,XNCR,18.850000381469727,18.850000381469727,18.850000381469727,18.834999084472656,18.834999084472656,317.0
2024-04-24 15:15:00,XP,20.5049991607666,20.5049991607666,20.510000228881836,20.4950008392334,20.5,11732.0
2024-04-24 15:15:00,XRX,14.335000038146973,14.335000038146973,14.34000015258789,14.335000038146973,14.335000038146973,4326.0
2024-04-24 15:15:00,XXII,1.899999976158142,1.899999976158142,1.899999976158142,1.899999976158142,1.899999976158142,216.0
2024-04-24 15:15:00,YOTA,10.609999656677246,10.609999656677246,10.609999656677246,10.609999656677246,10.609999656677246,0.0
2024-04-24 15:15:00,Z,43.47999954223633,43.47999954223633,43.47999954223633,43.470001220703125,43.470001220703125,1709.0
2024-04-24 15:15:00,ZCMD,1.649999976158142,1.649999976158142,1.649999976158142,1.649999976158142,1.649999976158142,1623.0
2024-04-24 15:15:00,ZD,52.08000183105469,52.08000183105469,52.08000183105469,52.08000183105469,52.08000183105469,330.0
2024-04-24 15:15:00,ZG,42.9900016784668,42.9900016784668,42.9900016784668,42.9900016784668,42.9900016784668,586.0
2024-04-24 15:15:00,ZI,15.8149995803833,15.8149995803833,15.8149995803833,15.8149995803833,15.8149995803833,427.0
2024-04-24 15:15:00,ZION,42.189998626708984,42.189998626708984,42.189998626708984,42.189998626708984,42.189998626708984,3367.0
2024-04-24 15:15:00,ZM,61.34000015258789,61.34000015258789,61.34000015258789,61.32500076293945,61.33000183105469,2442.0
2024-04-24 15:15:00,ZNTL,11.774999618530273,11.774999618530273,11.774999618530273,11.774999618530273,11.774999618530273,105.0
2024-04-24 15:15:00,ZS,178.17999267578125,178.17999267578125,178.17999267578125,178.17999267578125,178.17999267578125,981.0
2024-04-24 15:15:00,ZURA,3.3499999046325684,3.3499999046325684,3.359999895095825,3.2799999713897705,3.2850000858306885,8517.0
2024-04-24 15:15:00,ZVSA,0.6069999933242798,0.6069999933242798,0.6069999933242798,0.6069999933242798,0.6069999933242798,390.0
2024-04-24 15:16:00,EGHT,2.3450000286102295,2.3450000286102295,2.3499999046325684,2.3450000286102295,2.3499999046325684,0.0
2024-04-24 15:16:00,ETNB,8.604999542236328,8.604999542236328,8.604999542236328,8.604999542236328,8.604999542236328,987.0
2024-04-24 15:16:00,FDMT,24.55500030517578,24.55500030517578,24.55500030517578,24.549999237060547,24.549999237060547,1061.0
2024-04-24 15:16:00,HOWL,6.480000019073486,6.480000019073486,6.510000228881836,6.480000019073486,6.510000228881836,747.0
2024-04-24 15:16:00,MAPS,1.0950000286102295,1.0950000286102295,1.0950000286102295,1.0950000286102295,1.0950000286102295,534.0
2024-04-24 15:16:00,ME,0.4726000130176544,0.4726000130176544,0.475600004196167,0.4726000130176544,0.4726000130176544,12083.0
2024-04-24 15:16:00,SEAT,5.864999771118164,5.864999771118164,5.864999771118164,5.864999771118164,5.864999771118164,1540.0
2024-04-24 15:16:00,TSVT,4.230000019073486,4.230000019073486,4.230000019073486,4.230000019073486,4.230000019073486,461.0
2024-04-24 15:16:00,TWOU,0.2401999980211258,0.2401999980211258,0.2401999980211258,0.2401999980211258,0.2401999980211258,8097.0
2024-04-24 15:16:00,TXG,27.3799991607666,27.3799991607666,27.3799991607666,27.3799991607666,27.3799991607666,953.0
2024-04-24 15:16:00,VC,110.5,110.5,110.55000305175781,110.5,110.55000305175781,1614.0
2024-04-24 15:16:00,VCTR,49.81999969482422,49.81999969482422,49.83000183105469,49.81999969482422,49.83000183105469,1228.0
2024-04-24 15:16:00,VERU,1.3300000429153442,1.3300000429153442,1.3350000381469727,1.3300000429153442,1.3300000429153442,0.0
2024-04-24 15:16:00,VERV,6.565000057220459,6.565000057220459,6.565000057220459,6.559999942779541,6.565000057220459,2397.0
2024-04-24 15:16:00,VERX,29.139999389648438,29.139999389648438,29.139999389648438,29.1200008392334,29.1200008392334,1316.0
2024-04-24 15:16:00,VFF,1.3049999475479126,1.3049999475479126,1.3049999475479126,1.3049999475479126,1.3049999475479126,307.0
2024-04-24 15:16:00,VFS,2.4700000286102295,2.4700000286102295,2.477799892425537,2.4700000286102295,2.4749999046325684,0.0
2024-04-24 15:16:00,VIAV,7.974999904632568,7.974999904632568,7.974999904632568,7.974999904632568,7.974999904632568,2280.0
2024-04-24 15:16:00,VINC,0.9092000126838684,0.9092000126838684,0.9092000126838684,0.9092000126838684,0.9092000126838684,1272.0
2024-04-24 15:16:00,VIRC,10.645000457763672,10.645000457763672,10.645000457763672,10.645000457763672,10.645000457763672,581.0
2024-04-24 15:16:00,VIRT,22.040000915527344,22.040000915527344,22.065000534057617,22.040000915527344,22.05500030517578,4010.0
2024-04-24 15:16:00,VITL,26.75,26.75,26.75,26.75,26.75,401.0
2024-04-24 15:16:00,VKTX,65.0,65.0,65.20999908447266,65.0,65.20999908447266,5111.0
2024-04-24 15:16:00,VLCN,0.25699999928474426,0.25699999928474426,0.25699999928474426,0.2549999952316284,0.2549999952316284,17938.0
2024-04-24 15:16:00,VMD,7.985000133514404,7.985000133514404,7.985000133514404,7.985000133514404,7.985000133514404,206.0
2024-04-24 15:16:00,VMEO,3.515000104904175,3.515000104904175,3.515000104904175,3.515000104904175,3.515000104904175,200.0
2024-04-24 15:16:00,VNOM,39.86000061035156,39.86000061035156,39.86000061035156,39.86000061035156,39.86000061035156,290.0
2024-04-24 15:16:00,VOD,8.640000343322754,8.640000343322754,8.640000343322754,8.630200386047363,8.630200386047363,2610.0
2024-04-24 15:16:00,VRDN,13.170000076293945,13.170000076293945,13.199999809265137,13.170000076293945,13.199999809265137,914.0
2024-04-24 15:16:00,VRNA,15.319999694824219,15.319999694824219,15.319999694824219,15.319999694824219,15.319999694824219,735.0
2024-04-24 15:16:00,VRRM,24.165000915527344,24.165000915527344,24.209999084472656,24.15999984741211,24.209999084472656,11597.0
2024-04-24 15:16:00,VRTX,401.4700012207031,401.4700012207031,401.5249938964844,401.4700012207031,401.5249938964844,2752.0
2024-04-24 15:16:00,VSAT,16.170000076293945,16.170000076293945,16.18000030517578,16.165000915527344,16.18000030517578,2833.0
2024-04-24 15:16:00,VTNR,1.4198999404907227,1.4198999404907227,1.4198999404907227,1.4149999618530273,1.4149999618530273,2514.0
2024-04-24 15:16:00,VTRS,11.520000457763672,11.520000457763672,11.520000457763672,11.510000228881836,11.520000457763672,66666.0
2024-04-24 15:16:00,VUZI,1.315000057220459,1.315000057220459,1.315000057220459,1.315000057220459,1.315000057220459,0.0
2024-04-24 15:16:00,VYGR,7.46999979019165,7.46999979019165,7.46999979019165,7.46999979019165,7.46999979019165,610.0
2024-04-24 15:16:00,VYNE,2.5999999046325684,2.5999999046325684,2.609999895095825,2.5999999046325684,2.609999895095825,654.0
2024-04-24 15:16:00,WABC,47.709999084472656,47.709999084472656,47.709999084472656,47.709999084472656,47.709999084472656,166.0
2024-04-24 15:16:00,WAFD,28.190000534057617,28.190000534057617,28.209999084472656,28.190000534057617,28.209999084472656,1793.0
2024-04-24 15:16:00,WB,8.420000076293945,8.420000076293945,8.425000190734863,8.418800354003906,8.418800354003906,4673.0
2024-04-24 15:16:00,WBA,17.795000076293945,17.795000076293945,17.797300338745117,17.78499984741211,17.78499984741211,9466.0
2024-04-24 15:16:00,WBD,8.324999809265137,8.324999809265137,8.327899932861328,8.319999694824219,8.320099830627441,5236.0
2024-04-24 15:16:00,WDAY,255.8800048828125,255.8800048828125,255.8800048828125,255.77999877929688,255.82000732421875,2097.0
2024-04-24 15:16:00,WDC,69.33999633789062,69.33999633789062,69.44000244140625,69.33999633789062,69.41999816894531,22347.0
2024-04-24 15:16:00,WEN,19.825000762939453,19.825000762939453,19.829999923706055,19.825000762939453,19.829999923706055,9778.0
2024-04-24 15:16:00,WFRD,123.83499908447266,123.83499908447266,124.16000366210938,123.76000213623047,124.16000366210938,3557.0
2024-04-24 15:16:00,WHF,12.829999923706055,12.829999923706055,12.90999984741211,12.829999923706055,12.90999984741211,5693.0
2024-04-24 15:16:00,WIMI,1.0499000549316406,1.0499000549316406,1.0499999523162842,1.0351999998092651,1.0351999998092651,20195.0
2024-04-24 15:16:00,WING,364.5299987792969,364.5299987792969,364.5299987792969,364.5299987792969,364.5299987792969,264.0
2024-04-24 15:16:00,WIX,122.00499725341797,122.00499725341797,122.00499725341797,121.88999938964844,121.88999938964844,1131.0
2024-04-24 15:16:00,WKHS,0.15929999947547913,0.15929999947547913,0.15940000116825104,0.15929999947547913,0.15929999947547913,25669.0
2024-04-24 15:16:00,WLDS,0.45100000500679016,0.45100000500679016,0.45100000500679016,0.45100000500679016,0.45100000500679016,800.0
2024-04-24 15:16:00,WMG,32.03499984741211,32.03499984741211,32.03499984741211,32.029998779296875,32.029998779296875,1296.0
2024-04-24 15:16:00,WSBC,28.200000762939453,28.200000762939453,28.200000762939453,28.190000534057617,28.190000534057617,490.0
2024-04-24 15:16:00,WSC,37.880001068115234,37.880001068115234,37.900001525878906,37.880001068115234,37.900001525878906,3510.0
2024-04-24 15:16:00,WTFC,99.88249969482422,99.88249969482422,99.9000015258789,99.83000183105469,99.9000015258789,1505.0
2024-04-24 15:16:00,WVE,5.050000190734863,5.050000190734863,5.050000190734863,5.050000190734863,5.050000190734863,1774.0
2024-04-24 15:16:00,WW,1.6399999856948853,1.6399999856948853,1.6399999856948853,1.6399999856948853,1.6399999856948853,321.0
2024-04-24 15:16:00,WYNN,96.8499984741211,96.8499984741211,96.8499984741211,96.80000305175781,96.80999755859375,2942.0
2024-04-24 15:16:00,XEL,55.54499816894531,55.54499816894531,55.54499816894531,55.505001068115234,55.5099983215332,7257.0
2024-04-24 15:16:00,XERS,1.7549999952316284,1.7549999952316284,1.7549999952316284,1.7549999952316284,1.7549999952316284,4.0
2024-04-24 15:16:00,XMTR,16.829999923706055,16.829999923706055,16.899999618530273,16.829999923706055,16.899999618530273,5189.0
2024-04-24 15:16:00,XNCR,18.850000381469727,18.850000381469727,18.850000381469727,18.850000381469727,18.850000381469727,2280.0
2024-04-24 15:16:00,XP,20.4950008392334,20.4950008392334,20.5049991607666,20.489999771118164,20.5049991607666,4879.0
2024-04-24 15:16:00,XPEL,55.30500030517578,55.30500030517578,55.30500030517578,55.30500030517578,55.30500030517578,110.0
2024-04-24 15:16:00,XRX,14.335000038146973,14.335000038146973,14.335000038146973,14.335000038146973,14.335000038146973,626.0
2024-04-24 15:16:00,XXII,1.899999976158142,1.899999976158142,1.899999976158142,1.899999976158142,1.899999976158142,3235.0
2024-04-24 15:16:00,Z,43.47999954223633,43.47999954223633,43.47999954223633,43.45000076293945,43.470001220703125,5032.0
2024-04-24 15:16:00,ZBRA,277.07501220703125,277.07501220703125,277.07501220703125,277.07501220703125,277.07501220703125,1443.0
2024-04-24 15:16:00,ZD,52.09000015258789,52.09000015258789,52.09000015258789,52.06999969482422,52.06999969482422,1851.0
2024-04-24 15:16:00,ZFOX,1.1399999856948853,1.1399999856948853,1.1399999856948853,1.1299999952316284,1.1299999952316284,5900.0
2024-04-24 15:16:00,ZG,42.9900016784668,42.9900016784668,43.005001068115234,42.96500015258789,43.005001068115234,1113.0
2024-04-24 15:16:00,ZI,15.8149995803833,15.8149995803833,15.8149995803833,15.8149995803833,15.8149995803833,909.0
2024-04-24 15:16:00,ZION,42.18000030517578,42.18000030517578,42.189998626708984,42.16999816894531,42.189998626708984,4653.0
2024-04-24 15:16:00,ZLAB,15.515000343322754,15.515000343322754,15.520000457763672,15.5,15.515000343322754,1612.0
2024-04-24 15:16:00,ZM,61.3307991027832,61.3307991027832,61.34349822998047,61.33000183105469,61.34000015258789,2112.0
2024-04-24 15:16:00,ZNTL,11.774999618530273,11.774999618530273,11.774999618530273,11.774999618530273,11.774999618530273,549.0
2024-04-24 15:16:00,ZS,178.13999938964844,178.13999938964844,178.13999938964844,178.13999938964844,178.13999938964844,1436.0
2024-04-24 15:16:00,ZUMZ,17.270000457763672,17.270000457763672,17.270000457763672,17.270000457763672,17.270000457763672,605.0
2024-04-24 15:16:00,ZURA,3.3350000381469727,3.3350000381469727,3.430000066757202,3.3350000381469727,3.369999885559082,5506.0
2024-04-24 15:16:00,ZVSA,0.614799976348877,0.614799976348877,0.614799976348877,0.614799976348877,0.614799976348877,581.0
2024-04-24 15:16:00,ZYXI,11.199999809265137,11.199999809265137,11.199999809265137,11.199999809265137,11.199999809265137,633.0
2024-04-24 15:17:00,COCO,24.270000457763672,24.270000457763672,24.270000457763672,24.270000457763672,24.270000457763672,625.0
2024-04-24 15:17:00,DIBS,5.380000114440918,5.380000114440918,5.389999866485596,5.380000114440918,5.389999866485596,1723.0
2024-04-24 15:17:00,EGHT,2.3399999141693115,2.3399999141693115,2.3499999046325684,2.3399999141693115,2.3450000286102295,1164.0
2024-04-24 15:17:00,FDMT,24.55500030517578,24.55500030517578,24.55500030517578,24.530000686645508,24.530000686645508,423.0
2024-04-24 15:17:00,FLWS,9.15999984741211,9.15999984741211,9.15999984741211,9.15999984741211,9.15999984741211,461.0
2024-04-24 15:17:00,FREE,4.820000171661377,4.820000171661377,4.820000171661377,4.820000171661377,4.820000171661377,156.0
2024-04-24 15:17:00,MASS,5.639999866485596,5.639999866485596,5.639999866485596,5.639999866485596,5.639999866485596,604.0
2024-04-24 15:17:00,ME,0.4722999930381775,0.4722999930381775,0.47350001335144043,0.4722999930381775,0.4726000130176544,2235.0
2024-04-24 15:17:00,SCWO,1.350000023841858,1.350000023841858,1.350100040435791,1.350000023841858,1.350100040435791,1460.0
2024-04-24 15:17:00,SEAT,5.860099792480469,5.860099792480469,5.860099792480469,5.860099792480469,5.860099792480469,850.0
2024-04-24 15:17:00,TWOU,0.23909999430179596,0.23909999430179596,0.2401999980211258,0.23909999430179596,0.2401999980211258,62478.0
2024-04-24 15:17:00,TXG,27.3700008392334,27.3700008392334,27.3799991607666,27.3700008392334,27.3700008392334,2641.0
2024-04-24 15:17:00,VCTR,49.83000183105469,49.83000183105469,49.83000183105469,49.81999969482422,49.81999969482422,717.0
2024-04-24 15:17:00,VERU,1.3300000429153442,1.3300000429153442,1.3300000429153442,1.3300000429153442,1.3300000429153442,1401.0
2024-04-24 15:17:00,VERV,6.565000057220459,6.565000057220459,6.570000171661377,6.565000057220459,6.570000171661377,386.0
2024-04-24 15:17:00,VERX,29.149999618530273,29.149999618530273,29.170000076293945,29.1299991607666,29.15999984741211,1705.0
2024-04-24 15:17:00,VIAV,7.974100112915039,7.974100112915039,7.974999904632568,7.974100112915039,7.974999904632568,596.0
2024-04-24 15:17:00,VICR,31.15999984741211,31.15999984741211,31.190000534057617,31.15999984741211,31.15999984741211,1383.0
2024-04-24 15:17:00,VIR,8.0649995803833,8.0649995803833,8.0649995803833,8.0649995803833,8.0649995803833,702.0
2024-04-24 15:17:00,VITL,26.760000228881836,26.760000228881836,26.770000457763672,26.760000228881836,26.770000457763672,310.0
2024-04-24 15:17:00,VKTX,64.95999908447266,64.95999908447266,65.04000091552734,64.95999908447266,65.02999877929688,7238.0
2024-04-24 15:17:00,VLCN,0.25600001215934753,0.25600001215934753,0.25699999928474426,0.25600001215934753,0.2565000057220459,6734.0
2024-04-24 15:17:00,VMD,7.989999771118164,7.989999771118164,7.989999771118164,7.980000019073486,7.985000133514404,522.0
2024-04-24 15:17:00,VMEO,3.515000104904175,3.515000104904175,3.5199999809265137,3.515000104904175,3.5199999809265137,1263.0
2024-04-24 15:17:00,VNET,1.5700000524520874,1.5700000524520874,1.5700000524520874,1.5700000524520874,1.5700000524520874,108.0
2024-04-24 15:17:00,VOD,8.638400077819824,8.638400077819824,8.640000343322754,8.630000114440918,8.640000343322754,20963.0
2024-04-24 15:17:00,VOR,1.750100016593933,1.750100016593933,1.750100016593933,1.7450000047683716,1.7450000047683716,6626.0
2024-04-24 15:17:00,VRDN,13.180000305175781,13.180000305175781,13.180000305175781,13.170000076293945,13.17020034790039,2118.0
2024-04-24 15:17:00,VRRM,24.174999237060547,24.174999237060547,24.190000534057617,24.170000076293945,24.170000076293945,3467.0
2024-04-24 15:17:00,VRTX,401.69500732421875,401.69500732421875,401.69500732421875,401.69500732421875,401.69500732421875,308.0
2024-04-24 15:17:00,VSAT,16.170000076293945,16.170000076293945,16.170000076293945,16.170000076293945,16.170000076293945,1987.0
2024-04-24 15:17:00,VTNR,1.4249999523162842,1.4249999523162842,1.4299999475479126,1.4194999933242798,1.4199999570846558,12502.0
2024-04-24 15:17:00,VTRS,11.520000457763672,11.520000457763672,11.520000457763672,11.515000343322754,11.520000457763672,58702.0
2024-04-24 15:17:00,WABC,47.790000915527344,47.790000915527344,47.790000915527344,47.790000915527344,47.790000915527344,253.0
2024-04-24 15:17:00,WB,8.4399995803833,8.4399995803833,8.444999694824219,8.430000305175781,8.430000305175781,10546.0
2024-04-24 15:17:00,WBA,17.795000076293945,17.795000076293945,17.79669952392578,17.790000915527344,17.795000076293945,3008.0
2024-04-24 15:17:00,WBD,8.324999809265137,8.324999809265137,8.327500343322754,8.319999694824219,8.324999809265137,6099.0
2024-04-24 15:17:00,WDAY,255.7899932861328,255.7899932861328,255.7899932861328,255.77999877929688,255.77999877929688,443.0
2024-04-24 15:17:00,WDC,69.44000244140625,69.44000244140625,69.44000244140625,69.36000061035156,69.36000061035156,16171.0
2024-04-24 15:17:00,WDFC,227.39410400390625,227.39410400390625,227.39410400390625,227.39410400390625,227.39410400390625,1185.0
2024-04-24 15:17:00,WEN,19.81999969482422,19.81999969482422,19.825000762939453,19.81999969482422,19.825000762939453,2225.0
2024-04-24 15:17:00,WERN,35.34000015258789,35.34000015258789,35.34000015258789,35.34000015258789,35.34000015258789,226.0
2024-04-24 15:17:00,WFRD,123.75499725341797,123.75499725341797,123.75499725341797,123.68000030517578,123.69000244140625,1319.0
2024-04-24 15:17:00,WHLM,6.150000095367432,6.150000095367432,6.210000038146973,6.010000228881836,6.110000133514404,7353.0
2024-04-24 15:17:00,WIMI,1.0499999523162842,1.0499999523162842,1.0499999523162842,1.0499000549316406,1.0499000549316406,1754.0
2024-04-24 15:17:00,WING,364.05999755859375,364.05999755859375,364.2200012207031,363.8699951171875,364.2200012207031,3443.0
2024-04-24 15:17:00,WISA,6.146399974822998,6.146399974822998,6.150000095367432,6.106500148773193,6.106500148773193,10308.0
2024-04-24 15:17:00,WIX,121.8499984741211,121.8499984741211,121.88999938964844,121.8499984741211,121.87999725341797,2108.0
2024-04-24 15:17:00,WKHS,0.1615999937057495,0.1615999937057495,0.1615999937057495,0.15940000116825104,0.15940000116825104,211171.0
2024-04-24 15:17:00,WLDS,0.4699999988079071,0.4699999988079071,0.4699999988079071,0.45989999175071716,0.45989999175071716,500.0
2024-04-24 15:17:00,WMG,32.07500076293945,32.07500076293945,32.08000183105469,32.03499984741211,32.03499984741211,4148.0
2024-04-24 15:17:00,WSBC,28.209999084472656,28.209999084472656,28.21500015258789,28.209999084472656,28.21500015258789,731.0
2024-04-24 15:17:00,WSC,37.86000061035156,37.86000061035156,37.880001068115234,37.849998474121094,37.880001068115234,7196.0
2024-04-24 15:17:00,WSFS,44.79999923706055,44.79999923706055,44.79999923706055,44.79999923706055,44.79999923706055,725.0
2024-04-24 15:17:00,WTFC,99.87000274658203,99.87000274658203,99.91999816894531,99.87000274658203,99.91999816894531,701.0
2024-04-24 15:17:00,WTW,264.54998779296875,264.54998779296875,264.54998779296875,264.385009765625,264.385009765625,6131.0
2024-04-24 15:17:00,WVVI,4.565400123596191,4.565400123596191,4.565400123596191,4.565400123596191,4.565400123596191,211.0
2024-04-24 15:17:00,WW,1.6399999856948853,1.6399999856948853,1.6399999856948853,1.6399999856948853,1.6399999856948853,789.0
2024-04-24 15:17:00,WWD,149.14999389648438,149.14999389648438,149.14999389648438,149.14999389648438,149.14999389648438,1461.0
2024-04-24 15:17:00,WYNN,96.98999786376953,96.98999786376953,96.98999786376953,96.8499984741211,96.86000061035156,5382.0
2024-04-24 15:17:00,XEL,55.540000915527344,55.540000915527344,55.54499816894531,55.53499984741211,55.54499816894531,7070.0
2024-04-24 15:17:00,XERS,1.75,1.75,1.7549999952316284,1.75,1.7549999952316284,420.0
2024-04-24 15:17:00,XFOR,1.25,1.25,1.25,1.25,1.25,297.0
2024-04-24 15:17:00,XMTR,16.81999969482422,16.81999969482422,16.81999969482422,16.81999969482422,16.81999969482422,231.0
2024-04-24 15:17:00,XNCR,18.864999771118164,18.864999771118164,18.864999771118164,18.864999771118164,18.864999771118164,1289.0
2024-04-24 15:17:00,XP,20.4950008392334,20.4950008392334,20.5049991607666,20.489999771118164,20.489999771118164,9492.0
2024-04-24 15:17:00,XPEL,55.13999938964844,55.13999938964844,55.25,55.13999938964844,55.25,3407.0
2024-04-24 15:17:00,XRX,14.324999809265137,14.324999809265137,14.34000015258789,14.324999809265137,14.329999923706055,6671.0
2024-04-24 15:17:00,XXII,1.909999966621399,1.909999966621399,1.909999966621399,1.899999976158142,1.909999966621399,11470.0
2024-04-24 15:17:00,YJ,0.8100000023841858,0.8100000023841858,0.8100000023841858,0.8100000023841858,0.8100000023841858,1012.0
2024-04-24 15:17:00,YTEN,0.23029999434947968,0.23029999434947968,0.23029999434947968,0.23000000417232513,0.23010000586509705,4333.0
2024-04-24 15:17:00,Z,43.470001220703125,43.470001220703125,43.47999954223633,43.470001220703125,43.47999954223633,5096.0
2024-04-24 15:17:00,ZG,42.9900016784668,42.9900016784668,42.9900016784668,42.9900016784668,42.9900016784668,169.0
2024-04-24 15:17:00,ZI,15.8100004196167,15.8100004196167,15.8100004196167,15.8100004196167,15.8100004196167,477.0
2024-04-24 15:17:00,ZIMV,15.800000190734863,15.800000190734863,15.800000190734863,15.800000190734863,15.800000190734863,385.0
2024-04-24 15:17:00,ZION,42.16999816894531,42.16999816894531,42.18000030517578,42.16999816894531,42.18000030517578,2753.0
2024-04-24 15:17:00,ZIONP,20.100000381469727,20.100000381469727,20.100000381469727,20.100000381469727,20.100000381469727,0.0
2024-04-24 15:17:00,ZM,61.34000015258789,61.34000015258789,61.34000015258789,61.34000015258789,61.34000015258789,832.0
2024-04-24 15:17:00,ZUMZ,17.270000457763672,17.270000457763672,17.270000457763672,17.270000457763672,17.270000457763672,1586.0
2024-04-24 15:17:00,ZVSA,0.6141999959945679,0.6141999959945679,0.6141999959945679,0.6141999959945679,0.6141999959945679,154.0
2024-04-24 15:17:00,ZYME,8.510000228881836,8.510000228881836,8.510000228881836,8.510000228881836,8.510000228881836,124.0
2024-04-24 15:18:00,ATNF,1.7999999523162842,1.7999999523162842,1.7999999523162842,1.7999999523162842,1.7999999523162842,1731.0
2024-04-24 15:18:00,COCO,24.270000457763672,24.270000457763672,24.270000457763672,24.270000457763672,24.270000457763672,807.0
2024-04-24 15:18:00,DSP,8.600000381469727,8.600000381469727,8.600000381469727,8.579999923706055,8.59000015258789,1220.0
2024-04-24 15:18:00,ETNB,8.604999542236328,8.604999542236328,8.604999542236328,8.604999542236328,8.604999542236328,1273.0
2024-04-24 15:18:00,FDMT,24.55500030517578,24.55500030517578,24.55500030517578,24.55500030517578,24.55500030517578,665.0
2024-04-24 15:18:00,MAPS,1.100000023841858,1.100000023841858,1.100000023841858,1.100000023841858,1.100000023841858,400.0
2024-04-24 15:18:00,NNAG,10.359999656677246,10.359999656677246,10.359999656677246,10.359999656677246,10.359999656677246,0.0
2024-04-24 15:18:00,SEAT,5.869999885559082,5.869999885559082,5.869999885559082,5.864999771118164,5.864999771118164,1438.0
2024-04-24 15:18:00,TSVT,4.235000133514404,4.235000133514404,4.235000133514404,4.230100154876709,4.230100154876709,1639.0
2024-04-24 15:18:00,TWOU,0.23919999599456787,0.23919999599456787,0.23919999599456787,0.23909999430179596,0.23909999430179596,21012.0
2024-04-24 15:18:00,TXG,27.3700008392334,27.3700008392334,27.379899978637695,27.3700008392334,27.3700008392334,2229.0
2024-04-24 15:18:00,VC,110.59500122070312,110.59500122070312,110.62999725341797,110.59500122070312,110.62999725341797,546.0
2024-04-24 15:18:00,VCTR,49.81999969482422,49.81999969482422,49.81999969482422,49.81999969482422,49.81999969482422,681.0
2024-04-24 15:18:00,VERU,1.340000033378601,1.340000033378601,1.340000033378601,1.3300000429153442,1.3300000429153442,1325.0
2024-04-24 15:18:00,VERV,6.565000057220459,6.565000057220459,6.570000171661377,6.559999942779541,6.565000057220459,1498.0
2024-04-24 15:18:00,VERX,29.190000534057617,29.190000534057617,29.190000534057617,29.1200008392334,29.149999618530273,2071.0
2024-04-24 15:18:00,VFF,1.3099000453948975,1.3099000453948975,1.3099000453948975,1.3099000453948975,1.3099000453948975,325.0
2024-04-24 15:18:00,VFS,2.4749999046325684,2.4749999046325684,2.479099988937378,2.4749999046325684,2.4749999046325684,1760.0
2024-04-24 15:18:00,VIAV,7.974999904632568,7.974999904632568,7.974999904632568,7.974999904632568,7.974999904632568,218.0
2024-04-24 15:18:00,VICR,31.219999313354492,31.219999313354492,31.299999237060547,31.200000762939453,31.200000762939453,5742.0
2024-04-24 15:18:00,VIR,8.055000305175781,8.055000305175781,8.0600004196167,8.055000305175781,8.0600004196167,1851.0
2024-04-24 15:18:00,VIRT,22.03499984741211,22.03499984741211,22.049999237060547,22.03499984741211,22.045000076293945,4653.0
2024-04-24 15:18:00,VITL,26.760000228881836,26.760000228881836,26.764999389648438,26.75,26.760000228881836,1936.0
2024-04-24 15:18:00,VKTX,64.73999786376953,64.73999786376953,65.0199966430664,64.69999694824219,64.97000122070312,22567.0
2024-04-24 15:18:00,VMD,7.989999771118164,7.989999771118164,7.989999771118164,7.989999771118164,7.989999771118164,404.0
2024-04-24 15:18:00,VMEO,3.5199999809265137,3.5199999809265137,3.5199999809265137,3.5139999389648438,3.5139999389648438,1990.0
2024-04-24 15:18:00,VNET,1.5700000524520874,1.5700000524520874,1.5700000524520874,1.5700000524520874,1.5700000524520874,206.0
2024-04-24 15:18:00,VNOM,39.849998474121094,39.849998474121094,39.849998474121094,39.81999969482422,39.84000015258789,1223.0
2024-04-24 15:18:00,VOD,8.635000228881836,8.635000228881836,8.635000228881836,8.635000228881836,8.635000228881836,5227.0
2024-04-24 15:18:00,VRRM,24.174999237060547,24.174999237060547,24.174999237060547,24.174999237060547,24.174999237060547,1750.0
2024-04-24 15:18:00,VRTX,401.4700012207031,401.4700012207031,401.70001220703125,401.3800048828125,401.69500732421875,3453.0
2024-04-24 15:18:00,VTNR,1.4294999837875366,1.4294999837875366,1.4294999837875366,1.4294999837875366,1.4294999837875366,768.0
2024-04-24 15:18:00,VTRS,11.524999618530273,11.524999618530273,11.524999618530273,11.515000343322754,11.520000457763672,8520.0
2024-04-24 15:18:00,VUZI,1.3200000524520874,1.3200000524520874,1.3200000524520874,1.3200000524520874,1.3200000524520874,200.0
2024-04-24 15:18:00,VYNE,2.6500000953674316,2.6500000953674316,2.6500000953674316,2.549999952316284,2.6050000190734863,2910.0
2024-04-24 15:18:00,WAFD,28.18000030517578,28.18000030517578,28.18000030517578,28.18000030517578,28.18000030517578,341.0
2024-04-24 15:18:00,WALD,5.400000095367432,5.400000095367432,5.400000095367432,5.400000095367432,5.400000095367432,288.0
2024-04-24 15:18:00,WB,8.4350004196167,8.4350004196167,8.444999694824219,8.430000305175781,8.444999694824219,5964.0
2024-04-24 15:18:00,WBA,17.790000915527344,17.790000915527344,17.795000076293945,17.790000915527344,17.795000076293945,7424.0
2024-04-24 15:18:00,WBD,8.324999809265137,8.324999809265137,8.327500343322754,8.319999694824219,8.319999694824219,7878.0
2024-04-24 15:18:00,WDAY,255.8925018310547,255.8925018310547,255.9199981689453,255.8300018310547,255.84500122070312,4032.0
2024-04-24 15:18:00,WDC,69.37999725341797,69.37999725341797,69.44999694824219,69.33999633789062,69.44000244140625,18596.0
2024-04-24 15:18:00,WDFC,227.44000244140625,227.44000244140625,227.44000244140625,227.44000244140625,227.44000244140625,2492.0
2024-04-24 15:18:00,WEN,19.81999969482422,19.81999969482422,19.825000762939453,19.81999969482422,19.825000762939453,458.0
2024-04-24 15:18:00,WERN,35.34000015258789,35.34000015258789,35.34000015258789,35.34000015258789,35.34000015258789,348.0
2024-04-24 15:18:00,WFRD,123.80000305175781,123.80000305175781,123.80999755859375,123.7300033569336,123.7300033569336,1773.0
2024-04-24 15:18:00,WIMI,1.0399999618530273,1.0399999618530273,1.0403000116348267,1.0399999618530273,1.0403000116348267,5512.0
2024-04-24 15:18:00,WINA,374.625,374.625,374.625,374.625,374.625,624.0
2024-04-24 15:18:00,WING,363.9200134277344,363.9200134277344,363.9700012207031,363.9200134277344,363.9700012207031,1186.0
2024-04-24 15:18:00,WISA,6.140100002288818,6.140100002288818,6.190000057220459,6.140100002288818,6.150000095367432,2364.0
2024-04-24 15:18:00,WKHS,0.16110000014305115,0.16110000014305115,0.16110000014305115,0.16099999845027924,0.16110000014305115,65501.0
2024-04-24 15:18:00,WMG,32.08000183105469,32.08000183105469,32.09000015258789,32.070098876953125,32.084999084472656,1129.0
2024-04-24 15:18:00,WRAP,1.9700000286102295,1.9700000286102295,1.9700000286102295,1.9700000286102295,1.9700000286102295,210.0
2024-04-24 15:18:00,WSC,37.88999938964844,37.88999938964844,37.90999984741211,37.869998931884766,37.869998931884766,4427.0
2024-04-24 15:18:00,WTFC,99.94000244140625,99.94000244140625,99.94000244140625,99.83999633789062,99.93000030517578,1453.0
2024-04-24 15:18:00,WVE,5.059999942779541,5.059999942779541,5.059999942779541,5.059999942779541,5.059999942779541,200.0
2024-04-24 15:18:00,WW,1.6399999856948853,1.6399999856948853,1.6449999809265137,1.6399999856948853,1.6399999856948853,748.0
2024-04-24 15:18:00,WYNN,96.99500274658203,96.99500274658203,97.0250015258789,96.99500274658203,96.99500274658203,914.0
2024-04-24 15:18:00,XEL,55.540000915527344,55.540000915527344,55.54499816894531,55.53499984741211,55.540000915527344,6103.0
2024-04-24 15:18:00,XENE,39.53499984741211,39.53499984741211,39.53499984741211,39.53499984741211,39.53499984741211,300.0
2024-04-24 15:18:00,XERS,1.7549999952316284,1.7549999952316284,1.7599999904632568,1.7549999952316284,1.7599999904632568,300.0
2024-04-24 15:18:00,XFOR,1.2450000047683716,1.2450000047683716,1.2450000047683716,1.2400000095367432,1.2400000095367432,1000.0
2024-04-24 15:18:00,XMTR,16.809999465942383,16.809999465942383,16.809999465942383,16.809999465942383,16.809999465942383,1136.0
2024-04-24 15:18:00,XNCR,18.85420036315918,18.85420036315918,18.85420036315918,18.85420036315918,18.85420036315918,353.0
2024-04-24 15:18:00,XP,20.489999771118164,20.489999771118164,20.5,20.489999771118164,20.4950008392334,15692.0
2024-04-24 15:18:00,XPEL,55.095001220703125,55.095001220703125,55.095001220703125,55.06999969482422,55.06999969482422,2059.0
2024-04-24 15:18:00,XRX,14.324999809265137,14.324999809265137,14.329999923706055,14.324999809265137,14.329999923706055,2325.0
2024-04-24 15:18:00,YMAB,15.140000343322754,15.140000343322754,15.140000343322754,15.109999656677246,15.109999656677246,2191.0
2024-04-24 15:18:00,YTRA,1.2799999713897705,1.2799999713897705,1.2799999713897705,1.2799999713897705,1.2799999713897705,3354.0
2024-04-24 15:18:00,ZG,42.98500061035156,42.98500061035156,42.98500061035156,42.98500061035156,42.98500061035156,545.0
2024-04-24 15:18:00,ZI,15.805000305175781,15.805000305175781,15.8149995803833,15.800000190734863,15.8149995803833,8467.0
2024-04-24 15:18:00,ZIMV,15.779999732971191,15.779999732971191,15.779999732971191,15.779999732971191,15.779999732971191,1165.0
2024-04-24 15:18:00,ZION,42.15999984741211,42.15999984741211,42.16999816894531,42.150001525878906,42.154998779296875,2850.0
2024-04-24 15:18:00,ZM,61.310001373291016,61.310001373291016,61.35900115966797,61.310001373291016,61.34000015258789,6166.0
2024-04-24 15:18:00,ZNTL,11.75,11.75,11.760000228881836,11.7475004196167,11.760000228881836,3984.0
2024-04-24 15:18:00,ZS,178.14500427246094,178.14500427246094,178.14500427246094,178.13999938964844,178.13999938964844,1749.0
2024-04-24 15:18:00,ZUMZ,17.260000228881836,17.260000228881836,17.260000228881836,17.260000228881836,17.260000228881836,290.0
2024-04-24 15:18:00,ZURA,3.4100000858306885,3.4100000858306885,3.4800000190734863,3.319999933242798,3.3299999237060547,12093.0
2024-04-24 15:18:00,ZVRA,4.5,4.5,4.5,4.5,4.5,200.0
2024-04-24 15:18:00,ZVSA,0.6098999977111816,0.6098999977111816,0.6098999977111816,0.6098999977111816,0.6098999977111816,638.0
2024-04-24 15:18:00,ZYME,8.515000343322754,8.515000343322754,8.515000343322754,8.510000228881836,8.510000228881836,2218.0
2024-04-24 15:19:00,COCO,24.25,24.25,24.25,24.25,24.25,107.0
2024-04-24 15:19:00,EGHT,2.3499999046325684,2.3499999046325684,2.3499999046325684,2.3450000286102295,2.3450000286102295,916.0
2024-04-24 15:19:00,ETNB,8.609999656677246,8.609999656677246,8.609999656677246,8.609999656677246,8.609999656677246,246.0
2024-04-24 15:19:00,FDMT,24.530000686645508,24.530000686645508,24.55500030517578,24.530000686645508,24.55500030517578,350.0
2024-04-24 15:19:00,FREE,4.820000171661377,4.820000171661377,4.820000171661377,4.820000171661377,4.820000171661377,357.0
2024-04-24 15:19:00,ME,0.4722999930381775,0.4722999930381775,0.4722999930381775,0.4722999930381775,0.4722999930381775,170.0
2024-04-24 15:19:00,TSVT,4.230000019073486,4.230000019073486,4.230000019073486,4.230000019073486,4.230000019073486,499.0
2024-04-24 15:19:00,TWOU,0.23919999599456787,0.23919999599456787,0.23919999599456787,0.23909999430179596,0.23909999430179596,4422.0
2024-04-24 15:19:00,TXG,27.3700008392334,27.3700008392334,27.3700008392334,27.3700008392334,27.3700008392334,1778.0
2024-04-24 15:19:00,VC,110.75499725341797,110.75499725341797,110.76000213623047,110.62000274658203,110.62000274658203,1699.0
2024-04-24 15:19:00,VCTR,49.814998626708984,49.814998626708984,49.814998626708984,49.814998626708984,49.814998626708984,503.0
2024-04-24 15:19:00,VERU,1.3350000381469727,1.3350000381469727,1.340000033378601,1.3300000429153442,1.3300000429153442,618.0
2024-04-24 15:19:00,VERV,6.565000057220459,6.565000057220459,6.574999809265137,6.565000057220459,6.565000057220459,4853.0
2024-04-24 15:19:00,VERX,29.1299991607666,29.1299991607666,29.190000534057617,29.1200008392334,29.190000534057617,7596.0
2024-04-24 15:19:00,VFS,2.4798998832702637,2.4798998832702637,2.4798998832702637,2.4798998832702637,2.4798998832702637,3005.0
2024-04-24 15:19:00,VIAV,7.974999904632568,7.974999904632568,7.980000019073486,7.974999904632568,7.974999904632568,931.0
2024-04-24 15:19:00,VICR,31.190000534057617,31.190000534057617,31.190000534057617,31.190000534057617,31.190000534057617,236.0
2024-04-24 15:19:00,VINC,0.9090999960899353,0.9090999960899353,0.9090999960899353,0.9090999960899353,0.9090999960899353,3624.0
2024-04-24 15:19:00,VIR,8.0600004196167,8.0600004196167,8.0600004196167,8.0600004196167,8.0600004196167,2635.0
2024-04-24 15:19:00,VIRT,22.03499984741211,22.03499984741211,22.040000915527344,22.024999618530273,22.03499984741211,5444.0
2024-04-24 15:19:00,VITL,26.729999542236328,26.729999542236328,26.760000228881836,26.719999313354492,26.760000228881836,2179.0
2024-04-24 15:19:00,VKTX,64.69000244140625,64.69000244140625,64.75,64.69000244140625,64.73999786376953,6316.0
2024-04-24 15:19:00,VMD,7.980000019073486,7.980000019073486,7.989999771118164,7.980000019073486,7.980000019073486,1325.0
2024-04-24 15:19:00,VMEO,3.515000104904175,3.515000104904175,3.515000104904175,3.515000104904175,3.515000104904175,1098.0
2024-04-24 15:19:00,VNET,1.565000057220459,1.565000057220459,1.565000057220459,1.565000057220459,1.565000057220459,319.0
2024-04-24 15:19:00,VNOM,39.86000061035156,39.86000061035156,39.86000061035156,39.84000015258789,39.849998474121094,1848.0
2024-04-24 15:19:00,VOD,8.635000228881836,8.635000228881836,8.640000343322754,8.631999969482422,8.640000343322754,2697.0
2024-04-24 15:19:00,VRDN,13.164999961853027,13.164999961853027,13.170000076293945,13.15999984741211,13.170000076293945,837.0
2024-04-24 15:19:00,VRNA,15.309800148010254,15.309800148010254,15.309800148010254,15.309800148010254,15.309800148010254,234.0
2024-04-24 15:19:00,VRRM,24.170000076293945,24.170000076293945,24.174999237060547,24.170000076293945,24.174999237060547,747.0
2024-04-24 15:19:00,VRTX,401.45001220703125,401.45001220703125,401.45001220703125,401.45001220703125,401.45001220703125,328.0
2024-04-24 15:19:00,VSAT,16.170000076293945,16.170000076293945,16.18000030517578,16.165000915527344,16.18000030517578,2412.0
2024-04-24 15:19:00,VTNR,1.4218000173568726,1.4218000173568726,1.4299999475479126,1.4218000173568726,1.4249999523162842,6430.0
2024-04-24 15:19:00,VTRS,11.515000343322754,11.515000343322754,11.524999618530273,11.515000343322754,11.524999618530273,33938.0
2024-04-24 15:19:00,VUZI,1.315000057220459,1.315000057220459,1.3200000524520874,1.312000036239624,1.315000057220459,900.0
2024-04-24 15:19:00,VYNE,2.549999952316284,2.549999952316284,2.6050000190734863,2.549999952316284,2.552000045776367,5694.0
2024-04-24 15:19:00,WABC,47.83000183105469,47.83000183105469,47.83000183105469,47.75,47.75,475.0
2024-04-24 15:19:00,WAFD,28.200000762939453,28.200000762939453,28.200000762939453,28.200000762939453,28.200000762939453,502.0
2024-04-24 15:19:00,WB,8.432000160217285,8.432000160217285,8.432000160217285,8.432000160217285,8.432000160217285,409.0
2024-04-24 15:19:00,WBA,17.795000076293945,17.795000076293945,17.795000076293945,17.790000915527344,17.790000915527344,8170.0
2024-04-24 15:19:00,WBD,8.324999809265137,8.324999809265137,8.329899787902832,8.319999694824219,8.319999694824219,23042.0
2024-04-24 15:19:00,WDAY,255.91000366210938,255.91000366210938,255.9199981689453,255.8800048828125,255.8800048828125,3258.0
2024-04-24 15:19:00,WDC,69.44000244140625,69.44000244140625,69.45999908447266,69.37999725341797,69.4000015258789,11860.0
2024-04-24 15:19:00,WEN,19.825000762939453,19.825000762939453,19.825000762939453,19.81999969482422,19.81999969482422,2406.0
2024-04-24 15:19:00,WFRD,123.88500213623047,123.88500213623047,123.88500213623047,123.7699966430664,123.7699966430664,1608.0
2024-04-24 15:19:00,WHF,12.859999656677246,12.859999656677246,12.859999656677246,12.859999656677246,12.859999656677246,113.0
2024-04-24 15:19:00,WHLM,6.010000228881836,6.010000228881836,6.010000228881836,5.920199871063232,6.010000228881836,6970.0
2024-04-24 15:19:00,WIMI,1.0449999570846558,1.0449999570846558,1.0449999570846558,1.0449999570846558,1.0449999570846558,4497.0
2024-04-24 15:19:00,WISA,6.183000087738037,6.183000087738037,6.190000057220459,6.159999847412109,6.159999847412109,4715.0
2024-04-24 15:19:00,WIX,121.86499786376953,121.86499786376953,121.9000015258789,121.81500244140625,121.81500244140625,1988.0
2024-04-24 15:19:00,WKHS,0.16099999845027924,0.16099999845027924,0.16099999845027924,0.16099999845027924,0.16099999845027924,4594.0
2024-04-24 15:19:00,WKME,7.949999809265137,7.949999809265137,7.974999904632568,7.949999809265137,7.974999904632568,280.0
2024-04-24 15:19:00,WLDS,0.45100000500679016,0.45100000500679016,0.45100000500679016,0.45100000500679016,0.45100000500679016,5.0
2024-04-24 15:19:00,WLGS,0.5566999912261963,0.5566999912261963,0.5566999912261963,0.5566999912261963,0.5566999912261963,1816.0
2024-04-24 15:19:00,WMG,32.084999084472656,32.084999084472656,32.09000015258789,32.06999969482422,32.07500076293945,2588.0
2024-04-24 15:19:00,WSBC,28.209999084472656,28.209999084472656,28.209999084472656,28.209999084472656,28.209999084472656,1483.0
2024-04-24 15:19:00,WSBF,12.260000228881836,12.260000228881836,12.260000228881836,12.260000228881836,12.260000228881836,1220.0
2024-04-24 15:19:00,WSC,37.88999938964844,37.88999938964844,37.90999984741211,37.849998474121094,37.88999938964844,14610.0
2024-04-24 15:19:00,WTFC,99.95500183105469,99.95500183105469,99.95500183105469,99.95500183105469,99.95500183105469,906.0
2024-04-24 15:19:00,WTW,264.54998779296875,264.54998779296875,264.54998779296875,264.4800109863281,264.4800109863281,1091.0
2024-04-24 15:19:00,WVE,5.059999942779541,5.059999942779541,5.059999942779541,5.059999942779541,5.059999942779541,455.0
2024-04-24 15:19:00,WVVI,4.565400123596191,4.565400123596191,4.565400123596191,4.565400123596191,4.565400123596191,12.0
2024-04-24 15:19:00,WW,1.6399999856948853,1.6399999856948853,1.6449999809265137,1.6399999856948853,1.6449999809265137,2738.0
2024-04-24 15:19:00,WWD,149.10000610351562,149.10000610351562,149.10000610351562,149.02000427246094,149.0500030517578,2389.0
2024-04-24 15:19:00,WYNN,96.95999908447266,96.95999908447266,97.0,96.94999694824219,96.97429656982422,4669.0
2024-04-24 15:19:00,XEL,55.564998626708984,55.564998626708984,55.564998626708984,55.54499816894531,55.54499816894531,8659.0
2024-04-24 15:19:00,XENE,39.56999969482422,39.56999969482422,39.59000015258789,39.56999969482422,39.584999084472656,492.0
2024-04-24 15:19:00,XERS,1.7549999952316284,1.7549999952316284,1.7549999952316284,1.7549999952316284,1.7549999952316284,1024.0
2024-04-24 15:19:00,XFOR,1.2493000030517578,1.2493000030517578,1.25,1.2401000261306763,1.25,4791.0
2024-04-24 15:19:00,XMTR,16.84000015258789,16.84000015258789,16.850000381469727,16.809999465942383,16.81999969482422,3822.0
2024-04-24 15:19:00,XP,20.514999389648438,20.514999389648438,20.514999389648438,20.4950008392334,20.5,10557.0
2024-04-24 15:19:00,XRX,14.324999809265137,14.324999809265137,14.324999809265137,14.319999694824219,14.319999694824219,2940.0
2024-04-24 15:19:00,XXII,1.9199999570846558,1.9199999570846558,1.9199999570846558,1.9198999404907227,1.9198999404907227,1264.0
2024-04-24 15:19:00,YMAB,15.140000343322754,15.140000343322754,15.149999618530273,15.140000343322754,15.149999618530273,943.0
2024-04-24 15:19:00,YTEN,0.23010000586509705,0.23010000586509705,0.23010000586509705,0.23010000586509705,0.23010000586509705,39721.0
2024-04-24 15:19:00,Z,43.48030090332031,43.48030090332031,43.48030090332031,43.459999084472656,43.470001220703125,3979.0
2024-04-24 15:19:00,ZBRA,276.9849853515625,276.9849853515625,277.05999755859375,276.9599914550781,276.9700012207031,1287.0
2024-04-24 15:19:00,ZG,42.9900016784668,42.9900016784668,42.9900016784668,42.97999954223633,42.97999954223633,789.0
2024-04-24 15:19:00,ZI,15.805000305175781,15.805000305175781,15.805000305175781,15.800000190734863,15.800000190734863,834.0
2024-04-24 15:19:00,ZION,42.15999984741211,42.15999984741211,42.15999984741211,42.13999938964844,42.150001525878906,3500.0
2024-04-24 15:19:00,ZM,61.33000183105469,61.33000183105469,61.33000183105469,61.314998626708984,61.314998626708984,5898.0
2024-04-24 15:19:00,ZNTL,11.760000228881836,11.760000228881836,11.770000457763672,11.760000228881836,11.760000228881836,3572.0
2024-04-24 15:19:00,ZS,178.0850067138672,178.0850067138672,178.0850067138672,178.0850067138672,178.0850067138672,364.0
2024-04-24 15:19:00,ZUMZ,17.260000228881836,17.260000228881836,17.260000228881836,17.260000228881836,17.260000228881836,1461.0
2024-04-24 15:19:00,ZURA,3.359999895095825,3.359999895095825,3.559999942779541,3.3399999141693115,3.4100000858306885,8888.0
2024-04-24 15:19:00,ZVRA,4.510000228881836,4.510000228881836,4.510000228881836,4.5,4.5,5113.0
2024-04-24 15:19:00,ZVSA,0.6090999841690063,0.6090999841690063,0.6090999841690063,0.6090999841690063,0.6090999841690063,576.0
2024-04-24 15:19:00,ZYXI,11.199999809265137,11.199999809265137,11.199999809265137,11.199999809265137,11.199999809265137,396.0
2024-04-24 15:20:00,COCO,24.260000228881836,24.260000228881836,24.260000228881836,24.25,24.25,2399.0
2024-04-24 15:20:00,DIBS,5.380000114440918,5.380000114440918,5.380000114440918,5.380000114440918,5.380000114440918,314.0
2024-04-24 15:20:00,DSP,8.59000015258789,8.59000015258789,8.59000015258789,8.59000015258789,8.59000015258789,325.0
2024-04-24 15:20:00,EGHT,2.3450000286102295,2.3450000286102295,2.3499999046325684,2.3399999141693115,2.3399999141693115,1177.0
2024-04-24 15:20:00,ETNB,8.604999542236328,8.604999542236328,8.604999542236328,8.604999542236328,8.604999542236328,1286.0
2024-04-24 15:20:00,FREE,4.820000171661377,4.820000171661377,4.820000171661377,4.820000171661377,4.820000171661377,8.0
2024-04-24 15:20:00,HOWL,6.460000038146973,6.460000038146973,6.460000038146973,6.460000038146973,6.460000038146973,345.0
2024-04-24 15:20:00,MAPS,1.0950000286102295,1.0950000286102295,1.0950000286102295,1.0950000286102295,1.0950000286102295,300.0
2024-04-24 15:20:00,MASS,5.639999866485596,5.639999866485596,5.639999866485596,5.639999866485596,5.639999866485596,1516.0
2024-04-24 15:20:00,ME,0.4722999930381775,0.4722999930381775,0.4722999930381775,0.4722999930381775,0.4722999930381775,11202.0
2024-04-24 15:20:00,SEAT,5.869999885559082,5.869999885559082,5.869999885559082,5.864999771118164,5.864999771118164,806.0
2024-04-24 15:20:00,TSVT,4.231200218200684,4.231200218200684,4.231200218200684,4.231200218200684,4.231200218200684,816.0
2024-04-24 15:20:00,TWOU,0.2386000007390976,0.2386000007390976,0.23880000412464142,0.23839999735355377,0.23880000412464142,36730.0
2024-04-24 15:20:00,TXG,27.3700008392334,27.3700008392334,27.3799991607666,27.360000610351562,27.3799991607666,730.0
2024-04-24 15:20:00,VC,110.79499816894531,110.79499816894531,110.79499816894531,110.79499816894531,110.79499816894531,750.0
2024-04-24 15:20:00,VCTR,49.79999923706055,49.79999923706055,49.79999923706055,49.79999923706055,49.79999923706055,279.0
2024-04-24 15:20:00,VERU,1.340000033378601,1.340000033378601,1.340000033378601,1.3300000429153442,1.3301000595092773,6222.0
2024-04-24 15:20:00,VERV,6.559999942779541,6.559999942779541,6.565000057220459,6.559999942779541,6.565000057220459,1551.0
2024-04-24 15:20:00,VERX,29.060699462890625,29.060699462890625,29.1299991607666,29.060699462890625,29.1299991607666,1964.0
2024-04-24 15:20:00,VFF,1.3062000274658203,1.3062000274658203,1.3062000274658203,1.3062000274658203,1.3062000274658203,410.0
2024-04-24 15:20:00,VFS,2.4749999046325684,2.4749999046325684,2.4749999046325684,2.4749999046325684,2.4749999046325684,450.0
2024-04-24 15:20:00,VICR,31.18000030517578,31.18000030517578,31.270000457763672,31.18000030517578,31.219999313354492,3703.0
2024-04-24 15:20:00,VIRT,22.03499984741211,22.03499984741211,22.03499984741211,22.03499984741211,22.03499984741211,584.0
2024-04-24 15:20:00,VKTX,64.625,64.625,64.7488021850586,64.625,64.64910125732422,5078.0
2024-04-24 15:20:00,VLCN,0.2590000033378601,0.2590000033378601,0.2590000033378601,0.25679999589920044,0.25679999589920044,19213.0
2024-04-24 15:20:00,VMD,7.980000019073486,7.980000019073486,7.980000019073486,7.980000019073486,7.980000019073486,329.0
2024-04-24 15:20:00,VMEO,3.515000104904175,3.515000104904175,3.515000104904175,3.515000104904175,3.515000104904175,1912.0
2024-04-24 15:20:00,VNET,1.565000057220459,1.565000057220459,1.565000057220459,1.565000057220459,1.565000057220459,715.0
2024-04-24 15:20:00,VNOM,39.869998931884766,39.869998931884766,39.875,39.849998474121094,39.86000061035156,2328.0
2024-04-24 15:20:00,VRRM,24.170000076293945,24.170000076293945,24.170000076293945,24.170000076293945,24.170000076293945,659.0
2024-04-24 15:20:00,VRTX,401.2099914550781,401.2099914550781,401.385009765625,401.2099914550781,401.2300109863281,793.0
2024-04-24 15:20:00,VSME,0.42590001225471497,0.42590001225471497,0.42590001225471497,0.42590001225471497,0.42590001225471497,100.0
2024-04-24 15:20:00,VTNR,1.4249999523162842,1.4249999523162842,1.4249999523162842,1.4249999523162842,1.4249999523162842,3051.0
2024-04-24 15:20:00,VTRS,11.515000343322754,11.515000343322754,11.520000457763672,11.515000343322754,11.515000343322754,3651.0
2024-04-24 15:20:00,VUZI,1.3200000524520874,1.3200000524520874,1.3200000524520874,1.3200000524520874,1.3200000524520874,100.0
2024-04-24 15:20:00,VYGR,7.460000038146973,7.460000038146973,7.465000152587891,7.460000038146973,7.465000152587891,371.0
2024-04-24 15:20:00,WABC,47.810001373291016,47.810001373291016,47.810001373291016,47.810001373291016,47.810001373291016,454.0
2024-04-24 15:20:00,WAFD,28.25,28.25,28.25,28.219999313354492,28.219999313354492,1893.0
2024-04-24 15:20:00,WAVD,1.9955999851226807,1.9955999851226807,1.9955999851226807,1.9955999851226807,1.9955999851226807,0.0
2024-04-24 15:20:00,WBA,17.790000915527344,17.790000915527344,17.799999237060547,17.78499984741211,17.790000915527344,22306.0
2024-04-24 15:20:00,WBD,8.324999809265137,8.324999809265137,8.327500343322754,8.319999694824219,8.327500343322754,1959.0
2024-04-24 15:20:00,WDAY,255.8699951171875,255.8699951171875,255.8699951171875,255.85000610351562,255.8699951171875,1876.0
2024-04-24 15:20:00,WDC,69.43000030517578,69.43000030517578,69.45999908447266,69.43000030517578,69.44000244140625,5549.0
2024-04-24 15:20:00,WEN,19.829999923706055,19.829999923706055,19.829999923706055,19.81999969482422,19.81999969482422,11076.0
2024-04-24 15:20:00,WERN,35.33000183105469,35.33000183105469,35.345001220703125,35.31999969482422,35.345001220703125,5553.0
2024-04-24 15:20:00,WFRD,123.93000030517578,123.93000030517578,123.93000030517578,123.87560272216797,123.87560272216797,608.0
2024-04-24 15:20:00,WHF,12.859999656677246,12.859999656677246,12.859999656677246,12.859999656677246,12.859999656677246,206.0
2024-04-24 15:20:00,WHLM,5.931700229644775,5.931700229644775,5.949999809265137,5.931700229644775,5.949999809265137,1275.0
2024-04-24 15:20:00,WIMI,1.0399999618530273,1.0399999618530273,1.0499999523162842,1.0399999618530273,1.0399999618530273,0.0
2024-04-24 15:20:00,WING,363.8900146484375,363.8900146484375,363.8900146484375,363.8900146484375,363.8900146484375,218.0
2024-04-24 15:20:00,WISA,6.211400032043457,6.211400032043457,6.21999979019165,6.179999828338623,6.204699993133545,19806.0
2024-04-24 15:20:00,WIX,121.86499786376953,121.86499786376953,121.86499786376953,121.86499786376953,121.86499786376953,204.0
2024-04-24 15:20:00,WKHS,0.16099999845027924,0.16099999845027924,0.16099999845027924,0.16099999845027924,0.16099999845027924,2219.0
2024-04-24 15:20:00,WMG,32.09000015258789,32.09000015258789,32.09000015258789,32.084999084472656,32.084999084472656,471.0
2024-04-24 15:20:00,WPRT,5.643499851226807,5.643499851226807,5.643499851226807,5.643499851226807,5.643499851226807,0.0
2024-04-24 15:20:00,WRLD,137.96249389648438,137.96249389648438,138.1999969482422,137.96249389648438,138.1999969482422,565.0
2024-04-24 15:20:00,WSC,37.93000030517578,37.93000030517578,37.93000030517578,37.88999938964844,37.88999938964844,5776.0
2024-04-24 15:20:00,WSFS,44.83000183105469,44.83000183105469,44.849998474121094,44.83000183105469,44.849998474121094,677.0
2024-04-24 15:20:00,WTW,264.4200134277344,264.4200134277344,264.5299987792969,264.4200134277344,264.5299987792969,3833.0
2024-04-24 15:20:00,WW,1.6399999856948853,1.6399999856948853,1.6399999856948853,1.6399999856948853,1.6399999856948853,766.0
2024-04-24 15:20:00,WWD,149.10000610351562,149.10000610351562,149.10000610351562,149.10000610351562,149.10000610351562,513.0
2024-04-24 15:20:00,WYNN,97.02999877929688,97.02999877929688,97.02999877929688,96.96499633789062,96.96499633789062,1741.0
2024-04-24 15:20:00,XEL,55.564998626708984,55.564998626708984,55.564998626708984,55.54999923706055,55.560001373291016,10661.0
2024-04-24 15:20:00,XENE,39.55500030517578,39.55500030517578,39.560001373291016,39.55500030517578,39.560001373291016,568.0
2024-04-24 15:20:00,XERS,1.750100016593933,1.750100016593933,1.750100016593933,1.75,1.75,900.0
2024-04-24 15:20:00,XFOR,1.2450000047683716,1.2450000047683716,1.2450000047683716,1.2450000047683716,1.2450000047683716,531.0
2024-04-24 15:20:00,XP,20.53499984741211,20.53499984741211,20.549999237060547,20.514999389648438,20.514999389648438,36595.0
2024-04-24 15:20:00,XRX,14.335000038146973,14.335000038146973,14.345000267028809,14.3149995803833,14.319999694824219,36933.0
2024-04-24 15:20:00,YMAB,15.15999984741211,15.15999984741211,15.15999984741211,15.15999984741211,15.15999984741211,603.0
2024-04-24 15:20:00,YORW,35.4900016784668,35.4900016784668,35.4900016784668,35.4900016784668,35.4900016784668,811.0
2024-04-24 15:20:00,YTRA,1.2799999713897705,1.2799999713897705,1.2799999713897705,1.2799999713897705,1.2799999713897705,4724.0
2024-04-24 15:20:00,Z,43.4900016784668,43.4900016784668,43.5,43.4900016784668,43.4900016784668,2704.0
2024-04-24 15:20:00,ZBRA,277.114990234375,277.114990234375,277.114990234375,277.1099853515625,277.1099853515625,1415.0
2024-04-24 15:20:00,ZFOX,1.1299999952316284,1.1299999952316284,1.1299999952316284,1.1299999952316284,1.1299999952316284,0.0
2024-04-24 15:20:00,ZG,42.9900016784668,42.9900016784668,43.005001068115234,42.9900016784668,43.005001068115234,408.0
2024-04-24 15:20:00,ZI,15.805000305175781,15.805000305175781,15.805000305175781,15.805000305175781,15.805000305175781,1065.0
2024-04-24 15:20:00,ZION,42.18000030517578,42.18000030517578,42.18000030517578,42.150001525878906,42.15999984741211,2269.0
2024-04-24 15:20:00,ZLAB,15.515000343322754,15.515000343322754,15.515000343322754,15.515000343322754,15.515000343322754,265.0
2024-04-24 15:20:00,ZM,61.35499954223633,61.35499954223633,61.3650016784668,61.334999084472656,61.334999084472656,7569.0
2024-04-24 15:20:00,ZNTL,11.779999732971191,11.779999732971191,11.779999732971191,11.779999732971191,11.779999732971191,1291.0
2024-04-24 15:20:00,ZURA,3.3399999141693115,3.3399999141693115,3.3594000339508057,3.3399999141693115,3.3499999046325684,6273.0
2024-04-24 15:20:00,ZVRA,4.510000228881836,4.510000228881836,4.510000228881836,4.510000228881836,4.510000228881836,610.0
2024-04-24 15:20:00,ZVSA,0.6096000075340271,0.6096000075340271,0.6096000075340271,0.6096000075340271,0.6096000075340271,417.0
2024-04-24 15:21:00,EGHT,2.3499999046325684,2.3499999046325684,2.3499999046325684,2.3424999713897705,2.3499999046325684,444.0
2024-04-24 15:21:00,ETNB,8.604999542236328,8.604999542236328,8.604999542236328,8.604999542236328,8.604999542236328,1381.0
2024-04-24 15:21:00,FDMT,24.534799575805664,24.534799575805664,24.55500030517578,24.534799575805664,24.55500030517578,1040.0
2024-04-24 15:21:00,FLWS,9.1899995803833,9.1899995803833,9.1899995803833,9.1899995803833,9.1899995803833,306.0
2024-04-24 15:21:00,FREE,4.820000171661377,4.820000171661377,4.820000171661377,4.820000171661377,4.820000171661377,268.0
2024-04-24 15:21:00,HOWL,6.449999809265137,6.449999809265137,6.449999809265137,6.449999809265137,6.449999809265137,707.0
2024-04-24 15:21:00,MAPS,1.090000033378601,1.090000033378601,1.100000023841858,1.090000033378601,1.100000023841858,3219.0
2024-04-24 15:21:00,ME,0.4740999937057495,0.4740999937057495,0.4754999876022339,0.4722999930381775,0.4722999930381775,10578.0
2024-04-24 15:21:00,SCWO,1.3799999952316284,1.3799999952316284,1.3799999952316284,1.3799999952316284,1.3799999952316284,2341.0
2024-04-24 15:21:00,SEAT,5.864999771118164,5.864999771118164,5.869999885559082,5.864999771118164,5.869999885559082,2672.0
2024-04-24 15:21:00,TSVT,4.230000019073486,4.230000019073486,4.230000019073486,4.230000019073486,4.230000019073486,174.0
2024-04-24 15:21:00,TWOU,0.23819999396800995,0.23819999396800995,0.2387000024318695,0.23810000717639923,0.2387000024318695,10341.0
2024-04-24 15:21:00,TXG,27.34000015258789,27.34000015258789,27.360000610351562,27.34000015258789,27.360000610351562,3679.0
2024-04-24 15:21:00,VANI,1.7350000143051147,1.7350000143051147,1.7350000143051147,1.7350000143051147,1.7350000143051147,325.0
2024-04-24 15:21:00,VC,110.55000305175781,110.55000305175781,110.70999908447266,110.55000305175781,110.70999908447266,2760.0
2024-04-24 15:21:00,VCTR,49.79999923706055,49.79999923706055,49.79999923706055,49.79499816894531,49.79499816894531,601.0
2024-04-24 15:21:00,VERU,1.340000033378601,1.340000033378601,1.340000033378601,1.3300000429153442,1.3350000381469727,9169.0
2024-04-24 15:21:00,VERV,6.554999828338623,6.554999828338623,6.554999828338623,6.554999828338623,6.554999828338623,2232.0
2024-04-24 15:21:00,VERX,29.049999237060547,29.049999237060547,29.059999465942383,29.049999237060547,29.059999465942383,1697.0
2024-04-24 15:21:00,VFF,1.3049999475479126,1.3049999475479126,1.3049999475479126,1.3049999475479126,1.3049999475479126,308.0
2024-04-24 15:21:00,VFS,2.4749999046325684,2.4749999046325684,2.4749999046325684,2.4749999046325684,2.4749999046325684,5342.0
2024-04-24 15:21:00,VIAV,7.974999904632568,7.974999904632568,7.974999904632568,7.974999904632568,7.974999904632568,794.0
2024-04-24 15:21:00,VICR,31.059999465942383,31.059999465942383,31.059999465942383,31.010000228881836,31.059999465942383,732.0
2024-04-24 15:21:00,VIRC,10.666000366210938,10.666000366210938,10.666000366210938,10.666000366210938,10.666000366210938,200.0
2024-04-24 15:21:00,VIRT,22.06999969482422,22.06999969482422,22.06999969482422,22.038999557495117,22.038999557495117,5637.0
2024-04-24 15:21:00,VITL,26.739999771118164,26.739999771118164,26.739999771118164,26.739999771118164,26.739999771118164,1346.0
2024-04-24 15:21:00,VKTX,64.70999908447266,64.70999908447266,64.70999908447266,64.62000274658203,64.62000274658203,2545.0
2024-04-24 15:21:00,VMD,7.985000133514404,7.985000133514404,7.985000133514404,7.985000133514404,7.985000133514404,479.0
2024-04-24 15:21:00,VNET,1.565000057220459,1.565000057220459,1.565000057220459,1.565000057220459,1.565000057220459,300.0
2024-04-24 15:21:00,VNOM,39.91999816894531,39.91999816894531,39.91999816894531,39.880001068115234,39.880001068115234,2860.0
2024-04-24 15:21:00,VOD,8.635000228881836,8.635000228881836,8.63599967956543,8.635000228881836,8.63599967956543,2420.0
2024-04-24 15:21:00,VRRM,24.19499969482422,24.19499969482422,24.19499969482422,24.170000076293945,24.170000076293945,6049.0
2024-04-24 15:21:00,VRTX,401.17999267578125,401.17999267578125,401.3399963378906,401.1499938964844,401.3399963378906,1499.0
2024-04-24 15:21:00,VSAT,16.165000915527344,16.165000915527344,16.170000076293945,16.165000915527344,16.165000915527344,1021.0
2024-04-24 15:21:00,VTNR,1.4199999570846558,1.4199999570846558,1.4294999837875366,1.4199999570846558,1.4249999523162842,13993.0
2024-04-24 15:21:00,VTRS,11.520000457763672,11.520000457763672,11.520000457763672,11.515000343322754,11.519599914550781,6901.0
2024-04-24 15:21:00,VUZI,1.315000057220459,1.315000057220459,1.315000057220459,1.315000057220459,1.315000057220459,113.0
2024-04-24 15:21:00,WB,8.4350004196167,8.4350004196167,8.4350004196167,8.4350004196167,8.4350004196167,285.0
2024-04-24 15:21:00,WBA,17.790300369262695,17.790300369262695,17.795000076293945,17.79010009765625,17.795000076293945,1663.0
2024-04-24 15:21:00,WBD,8.324999809265137,8.324999809265137,8.327500343322754,8.319999694824219,8.324999809265137,2572.0
2024-04-24 15:21:00,WDAY,255.73500061035156,255.73500061035156,255.8300018310547,255.73500061035156,255.8300018310547,3302.0
2024-04-24 15:21:00,WDC,69.38999938964844,69.38999938964844,69.43000030517578,69.37000274658203,69.43000030517578,7057.0
2024-04-24 15:21:00,WEN,19.834999084472656,19.834999084472656,19.834999084472656,19.834999084472656,19.834999084472656,532.0
2024-04-24 15:21:00,WERN,35.29999923706055,35.29999923706055,35.310001373291016,35.29999923706055,35.310001373291016,2609.0
2024-04-24 15:21:00,WFRD,123.87999725341797,123.87999725341797,123.8949966430664,123.87999725341797,123.8949966430664,2806.0
2024-04-24 15:21:00,WHF,12.880000114440918,12.880000114440918,12.880000114440918,12.880000114440918,12.880000114440918,502.0
2024-04-24 15:21:00,WHLR,0.14309999346733093,0.14309999346733093,0.14309999346733093,0.14309999346733093,0.14309999346733093,272.0
2024-04-24 15:21:00,WIMI,1.0499000549316406,1.0499000549316406,1.0499999523162842,1.0405999422073364,1.0405999422073364,2100.0
2024-04-24 15:21:00,WING,363.7300109863281,363.7300109863281,363.7550048828125,363.7300109863281,363.7550048828125,1926.0
2024-04-24 15:21:00,WISA,6.239999771118164,6.239999771118164,6.239999771118164,6.206399917602539,6.206399917602539,15482.0
2024-04-24 15:21:00,WIX,121.86000061035156,121.86000061035156,121.86000061035156,121.86000061035156,121.86000061035156,693.0
2024-04-24 15:21:00,WKHS,0.16099999845027924,0.16099999845027924,0.16110000014305115,0.16089999675750732,0.16089999675750732,7240.0
2024-04-24 15:21:00,WKME,7.974999904632568,7.974999904632568,7.974999904632568,7.974999904632568,7.974999904632568,94.0
2024-04-24 15:21:00,WMG,32.099998474121094,32.099998474121094,32.11000061035156,32.084999084472656,32.084999084472656,2789.0
2024-04-24 15:21:00,WRAP,1.9700000286102295,1.9700000286102295,1.9700000286102295,1.9700000286102295,1.9700000286102295,200.0
2024-04-24 15:21:00,WRLD,138.08999633789062,138.08999633789062,138.08999633789062,138.08999633789062,138.08999633789062,239.0
2024-04-24 15:21:00,WSBCP,24.299999237060547,24.299999237060547,24.299999237060547,24.299999237060547,24.299999237060547,599.0
2024-04-24 15:21:00,WSC,37.93000030517578,37.93000030517578,37.935001373291016,37.90999984741211,37.91999816894531,11041.0
2024-04-24 15:21:00,WSFS,44.84000015258789,44.84000015258789,44.84000015258789,44.84000015258789,44.84000015258789,804.0
2024-04-24 15:21:00,WTW,264.375,264.375,264.375,264.375,264.375,539.0
2024-04-24 15:21:00,WVE,5.090000152587891,5.090000152587891,5.090000152587891,5.050000190734863,5.050000190734863,15449.0
2024-04-24 15:21:00,WW,1.6399999856948853,1.6399999856948853,1.649999976158142,1.6399999856948853,1.6399999856948853,3944.0
2024-04-24 15:21:00,WYNN,97.0,97.0,97.05999755859375,97.0,97.02999877929688,4258.0
2024-04-24 15:21:00,XEL,55.560001373291016,55.560001373291016,55.57500076293945,55.560001373291016,55.564998626708984,9761.0
2024-04-24 15:21:00,XENE,39.55500030517578,39.55500030517578,39.55500030517578,39.55500030517578,39.55500030517578,123.0
2024-04-24 15:21:00,XFOR,1.25,1.25,1.25,1.2450000047683716,1.2450000047683716,1017.0
2024-04-24 15:21:00,XMTR,16.850000381469727,16.850000381469727,16.850000381469727,16.850000381469727,16.850000381469727,791.0
2024-04-24 15:21:00,XNCR,18.854999542236328,18.854999542236328,18.854999542236328,18.854999542236328,18.854999542236328,185.0
2024-04-24 15:21:00,XP,20.549999237060547,20.549999237060547,20.575000762939453,20.520000457763672,20.530500411987305,52958.0
2024-04-24 15:21:00,XPEL,54.974998474121094,54.974998474121094,55.084999084472656,54.970001220703125,55.084999084472656,734.0
2024-04-24 15:21:00,XRX,14.324999809265137,14.324999809265137,14.34000015258789,14.324999809265137,14.329999923706055,4862.0
2024-04-24 15:21:00,XXII,1.8799999952316284,1.8799999952316284,1.899999976158142,1.8799999952316284,1.899999976158142,1329.0
2024-04-24 15:21:00,YTRA,1.2799999713897705,1.2799999713897705,1.2799999713897705,1.2799999713897705,1.2799999713897705,5900.0
2024-04-24 15:21:00,Z,43.470001220703125,43.470001220703125,43.47999954223633,43.470001220703125,43.47999954223633,2419.0
2024-04-24 15:21:00,ZAPP,3.9200000762939453,3.9200000762939453,3.9200000762939453,3.9200000762939453,3.9200000762939453,625.0
2024-04-24 15:21:00,ZBRA,277.0799865722656,277.0799865722656,277.0799865722656,277.0799865722656,277.0799865722656,402.0
2024-04-24 15:21:00,ZD,52.08000183105469,52.08000183105469,52.18000030517578,52.08000183105469,52.18000030517578,3101.0
2024-04-24 15:21:00,ZG,42.9900016784668,42.9900016784668,43.0,42.9900016784668,43.0,314.0
2024-04-24 15:21:00,ZI,15.805000305175781,15.805000305175781,15.8100004196167,15.805000305175781,15.805000305175781,5944.0
2024-04-24 15:21:00,ZION,42.15999984741211,42.15999984741211,42.16999816894531,42.150001525878906,42.16999816894531,1688.0
2024-04-24 15:21:00,ZLAB,15.53499984741211,15.53499984741211,15.539999961853027,15.529999732971191,15.529999732971191,1638.0
2024-04-24 15:21:00,ZM,61.33000183105469,61.33000183105469,61.369998931884766,61.33000183105469,61.369998931884766,2250.0
2024-04-24 15:21:00,ZS,178.08999633789062,178.08999633789062,178.08999633789062,178.08999633789062,178.08999633789062,813.0
2024-04-24 15:21:00,ZURA,3.359999895095825,3.359999895095825,3.359999895095825,3.3350000381469727,3.3350000381469727,8913.0
2024-04-24 15:21:00,ZVSA,0.6096000075340271,0.6096000075340271,0.6096000075340271,0.6086000204086304,0.6086000204086304,1197.0
2024-04-24 15:22:00,EGHT,2.3450000286102295,2.3450000286102295,2.3499999046325684,2.3450000286102295,2.3450000286102295,4173.0
2024-04-24 15:22:00,ETNB,8.606399536132812,8.606399536132812,8.606399536132812,8.606399536132812,8.606399536132812,241.0
2024-04-24 15:22:00,FDMT,24.559999465942383,24.559999465942383,24.559999465942383,24.540000915527344,24.540000915527344,1118.0
2024-04-24 15:22:00,FLWS,9.175000190734863,9.175000190734863,9.175000190734863,9.175000190734863,9.175000190734863,533.0
2024-04-24 15:22:00,MAPS,1.0850000381469727,1.0850000381469727,1.0850000381469727,1.0850000381469727,1.0850000381469727,234.0
2024-04-24 15:22:00,ME,0.47279998660087585,0.47279998660087585,0.47350001335144043,0.4722999930381775,0.47290000319480896,16521.0
2024-04-24 15:22:00,SEAT,5.869999885559082,5.869999885559082,5.869999885559082,5.864999771118164,5.869999885559082,962.0
2024-04-24 15:22:00,TSVT,4.230000019073486,4.230000019073486,4.235000133514404,4.230000019073486,4.235000133514404,988.0
2024-04-24 15:22:00,TWOU,0.23819999396800995,0.23819999396800995,0.23819999396800995,0.23819999396800995,0.23819999396800995,2328.0
2024-04-24 15:22:00,TXG,27.350000381469727,27.350000381469727,27.350000381469727,27.34000015258789,27.350000381469727,1456.0
2024-04-24 15:22:00,VC,110.46499633789062,110.46499633789062,110.46499633789062,110.44000244140625,110.44000244140625,5488.0
2024-04-24 15:22:00,VERU,1.3350000381469727,1.3350000381469727,1.3350000381469727,1.3300000429153442,1.3300000429153442,6796.0
2024-04-24 15:22:00,VERV,6.554999828338623,6.554999828338623,6.554999828338623,6.552499771118164,6.552499771118164,1115.0
2024-04-24 15:22:00,VERX,29.049999237060547,29.049999237060547,29.049999237060547,29.020000457763672,29.049999237060547,7353.0
2024-04-24 15:22:00,VFS,2.484999895095825,2.484999895095825,2.484999895095825,2.4749999046325684,2.4749999046325684,11423.0
2024-04-24 15:22:00,VIAV,7.974999904632568,7.974999904632568,7.974999904632568,7.974999904632568,7.974999904632568,595.0
2024-04-24 15:22:00,VIGL,2.75,2.75,2.75,2.75,2.75,162.0
2024-04-24 15:22:00,VIRT,22.075000762939453,22.075000762939453,22.079999923706055,22.059999465942383,22.07699966430664,5274.0
2024-04-24 15:22:00,VKTX,64.81999969482422,64.81999969482422,64.81999969482422,64.66000366210938,64.73999786376953,7359.0
2024-04-24 15:22:00,VLCN,0.2590000033378601,0.2590000033378601,0.2590000033378601,0.2590000033378601,0.2590000033378601,975.0
2024-04-24 15:22:00,VMEO,3.515000104904175,3.515000104904175,3.515000104904175,3.515000104904175,3.515000104904175,1327.0
2024-04-24 15:22:00,VNET,1.565000057220459,1.565000057220459,1.565000057220459,1.565000057220459,1.565000057220459,887.0
2024-04-24 15:22:00,VNOM,39.91999816894531,39.91999816894531,39.91999816894531,39.912498474121094,39.912498474121094,453.0
2024-04-24 15:22:00,VOD,8.635000228881836,8.635000228881836,8.635000228881836,8.635000228881836,8.635000228881836,373.0
2024-04-24 15:22:00,VRCA,6.75,6.75,6.75,6.75,6.75,526.0
2024-04-24 15:22:00,VRDN,13.170000076293945,13.170000076293945,13.170000076293945,13.170000076293945,13.170000076293945,405.0
2024-04-24 15:22:00,VRRM,24.19499969482422,24.19499969482422,24.19499969482422,24.190000534057617,24.190000534057617,527.0
2024-04-24 15:22:00,VRTX,401.2049865722656,401.2049865722656,401.2049865722656,401.2049865722656,401.2049865722656,863.0
2024-04-24 15:22:00,VSAT,16.135000228881836,16.135000228881836,16.15999984741211,16.135000228881836,16.15999984741211,5133.0
2024-04-24 15:22:00,VSME,0.42649999260902405,0.42649999260902405,0.42649999260902405,0.42649999260902405,0.42649999260902405,184.0
2024-04-24 15:22:00,VTNR,1.4287999868392944,1.4287999868392944,1.429900050163269,1.4287999868392944,1.429900050163269,980.0
2024-04-24 15:22:00,VTRS,11.515000343322754,11.515000343322754,11.520000457763672,11.515000343322754,11.515999794006348,3246.0
2024-04-24 15:22:00,VUZI,1.315000057220459,1.315000057220459,1.315000057220459,1.315000057220459,1.315000057220459,205.0
2024-04-24 15:22:00,VYGR,7.465000152587891,7.465000152587891,7.465000152587891,7.465000152587891,7.465000152587891,277.0
2024-04-24 15:22:00,WAFD,28.260000228881836,28.260000228881836,28.260000228881836,28.260000228881836,28.260000228881836,1427.0
2024-04-24 15:22:00,WALD,5.320000171661377,5.320000171661377,5.320000171661377,5.320000171661377,5.320000171661377,441.0
2024-04-24 15:22:00,WB,8.4350004196167,8.4350004196167,8.4350004196167,8.430000305175781,8.4350004196167,2951.0
2024-04-24 15:22:00,WBA,17.790000915527344,17.790000915527344,17.795000076293945,17.78499984741211,17.795000076293945,7053.0
2024-04-24 15:22:00,WBD,8.324999809265137,8.324999809265137,8.329999923706055,8.319999694824219,8.321399688720703,28859.0
2024-04-24 15:22:00,WDAY,255.77999877929688,255.77999877929688,255.8350067138672,255.7449951171875,255.7449951171875,1969.0
2024-04-24 15:22:00,WDC,69.45500183105469,69.45500183105469,69.45999908447266,69.38999938964844,69.38999938964844,11254.0
2024-04-24 15:22:00,WEN,19.825000762939453,19.825000762939453,19.829999923706055,19.81999969482422,19.829999923706055,5270.0
2024-04-24 15:22:00,WERN,35.30500030517578,35.30500030517578,35.314998626708984,35.29999923706055,35.29999923706055,1055.0
2024-04-24 15:22:00,WFRD,123.88999938964844,123.88999938964844,123.91999816894531,123.88600158691406,123.91000366210938,1560.0
2024-04-24 15:22:00,WIMI,1.0399999618530273,1.0399999618530273,1.0449999570846558,1.0399999618530273,1.0449999570846558,8041.0
2024-04-24 15:22:00,WISA,6.190000057220459,6.190000057220459,6.239999771118164,6.190000057220459,6.239999771118164,1573.0
2024-04-24 15:22:00,WKHS,0.16099999845027924,0.16099999845027924,0.16110000014305115,0.16099999845027924,0.16110000014305115,1347.0
2024-04-24 15:22:00,WLDS,0.45100000500679016,0.45100000500679016,0.45100000500679016,0.45100000500679016,0.45100000500679016,200.0
2024-04-24 15:22:00,WMG,32.130001068115234,32.130001068115234,32.130001068115234,32.095001220703125,32.099998474121094,3731.0
2024-04-24 15:22:00,WSC,37.95000076293945,37.95000076293945,37.959999084472656,37.935001373291016,37.939998626708984,2197.0
2024-04-24 15:22:00,WTFC,100.03500366210938,100.03500366210938,100.03500366210938,100.01000213623047,100.02999877929688,1374.0
2024-04-24 15:22:00,WVE,5.090000152587891,5.090000152587891,5.090000152587891,5.090000152587891,5.090000152587891,132.0
2024-04-24 15:22:00,WW,1.6449999809265137,1.6449999809265137,1.6449999809265137,1.6399999856948853,1.6449999809265137,2800.0
2024-04-24 15:22:00,WWD,149.05499267578125,149.05499267578125,149.05499267578125,149.05499267578125,149.05499267578125,419.0
2024-04-24 15:22:00,WYNN,97.03500366210938,97.03500366210938,97.03500366210938,97.0,97.0,962.0
2024-04-24 15:22:00,XEL,55.54499816894531,55.54499816894531,55.55500030517578,55.540000915527344,55.55500030517578,4144.0
2024-04-24 15:22:00,XENE,39.619998931884766,39.619998931884766,39.619998931884766,39.61000061035156,39.61000061035156,1159.0
2024-04-24 15:22:00,XMTR,16.827499389648438,16.827499389648438,16.827499389648438,16.825000762939453,16.825000762939453,678.0
2024-04-24 15:22:00,XNCR,18.8700008392334,18.8700008392334,18.8700008392334,18.84000015258789,18.850000381469727,3697.0
2024-04-24 15:22:00,XP,20.584999084472656,20.584999084472656,20.584999084472656,20.55500030517578,20.55500030517578,7492.0
2024-04-24 15:22:00,XRX,14.354999542236328,14.354999542236328,14.359999656677246,14.329999923706055,14.329999923706055,10142.0
2024-04-24 15:22:00,XXII,1.8982000350952148,1.8982000350952148,1.8982000350952148,1.8899999856948853,1.8899999856948853,1392.0
2024-04-24 15:22:00,YTRA,1.274999976158142,1.274999976158142,1.274999976158142,1.274999976158142,1.274999976158142,0.0
2024-04-24 15:22:00,Z,43.48500061035156,43.48500061035156,43.4900016784668,43.4734001159668,43.474998474121094,1984.0
2024-04-24 15:22:00,ZBRA,277.1300048828125,277.1300048828125,277.1300048828125,277.1300048828125,277.1300048828125,212.0
2024-04-24 15:22:00,ZD,52.064998626708984,52.064998626708984,52.064998626708984,52.064998626708984,52.064998626708984,709.0
2024-04-24 15:22:00,ZFOX,1.1349999904632568,1.1349999904632568,1.1349999904632568,1.1349999904632568,1.1349999904632568,500.0
2024-04-24 15:22:00,ZG,42.9900016784668,42.9900016784668,42.9900016784668,42.9900016784668,42.9900016784668,519.0
2024-04-24 15:22:00,ZION,42.16999816894531,42.16999816894531,42.16999816894531,42.15999984741211,42.15999984741211,2904.0
2024-04-24 15:22:00,ZLAB,15.53499984741211,15.53499984741211,15.53499984741211,15.53499984741211,15.53499984741211,701.0
2024-04-24 15:22:00,ZM,61.31999969482422,61.31999969482422,61.32600021362305,61.31999969482422,61.32500076293945,819.0
2024-04-24 15:22:00,ZS,178.02999877929688,178.02999877929688,178.1199951171875,178.0,178.0449981689453,4747.0
2024-04-24 15:22:00,ZURA,3.3299999237060547,3.3299999237060547,3.3299999237060547,3.3299999237060547,3.3299999237060547,7318.0
2024-04-24 15:22:00,ZVRA,4.514999866485596,4.514999866485596,4.514999866485596,4.514999866485596,4.514999866485596,277.0
2024-04-24 15:22:00,ZVSA,0.609000027179718,0.609000027179718,0.609000027179718,0.609000027179718,0.609000027179718,446.0
2024-04-24 15:22:00,ZYXI,11.199999809265137,11.199999809265137,11.199999809265137,11.199999809265137,11.199999809265137,337.0
2024-04-24 15:23:00,CNET,0.9480999708175659,0.9480999708175659,0.9480999708175659,0.9480999708175659,0.9480999708175659,533.0
2024-04-24 15:23:00,COCO,24.264999389648438,24.264999389648438,24.268999099731445,24.264999389648438,24.268999099731445,548.0
2024-04-24 15:23:00,DSP,8.579999923706055,8.579999923706055,8.595000267028809,8.579999923706055,8.595000267028809,300.0
2024-04-24 15:23:00,EGHT,2.3450000286102295,2.3450000286102295,2.3499999046325684,2.3399999141693115,2.3450000286102295,1819.0
2024-04-24 15:23:00,ETNB,8.619999885559082,8.619999885559082,8.619999885559082,8.609999656677246,8.609999656677246,6137.0
2024-04-24 15:23:00,FDMT,24.540000915527344,24.540000915527344,24.540000915527344,24.540000915527344,24.540000915527344,454.0
2024-04-24 15:23:00,ME,0.47269999980926514,0.47269999980926514,0.4731999933719635,0.47269999980926514,0.4731999933719635,10236.0
2024-04-24 15:23:00,SCWO,1.350000023841858,1.350000023841858,1.350000023841858,1.350000023841858,1.350000023841858,6104.0
2024-04-24 15:23:00,SEAT,5.864999771118164,5.864999771118164,5.869999885559082,5.864999771118164,5.869999885559082,1002.0
2024-04-24 15:23:00,TSVT,4.230000019073486,4.230000019073486,4.230000019073486,4.230000019073486,4.230000019073486,184.0
2024-04-24 15:23:00,TWOU,0.23819999396800995,0.23819999396800995,0.23819999396800995,0.23819999396800995,0.23819999396800995,1856.0
2024-04-24 15:23:00,TXG,27.3799991607666,27.3799991607666,27.3799991607666,27.350000381469727,27.350000381469727,3468.0
2024-04-24 15:23:00,VANI,1.7400000095367432,1.7400000095367432,1.7400000095367432,1.7400000095367432,1.7400000095367432,232.0
2024-04-24 15:23:00,VCTR,49.880001068115234,49.880001068115234,49.880001068115234,49.810001373291016,49.810001373291016,3995.0
2024-04-24 15:23:00,VERU,1.3300000429153442,1.3300000429153442,1.340000033378601,1.3300000429153442,1.3300000429153442,709.0
2024-04-24 15:23:00,VERV,6.554999828338623,6.554999828338623,6.559999942779541,6.554999828338623,6.559999942779541,389.0
2024-04-24 15:23:00,VERX,29.110000610351562,29.110000610351562,29.110000610351562,29.040000915527344,29.059999465942383,3355.0
2024-04-24 15:23:00,VFF,1.309999942779541,1.309999942779541,1.309999942779541,1.309999942779541,1.309999942779541,401.0
2024-04-24 15:23:00,VFS,2.484999895095825,2.484999895095825,2.484999895095825,2.484999895095825,2.484999895095825,200.0
2024-04-24 15:23:00,VIAV,7.9781999588012695,7.9781999588012695,7.9781999588012695,7.9781999588012695,7.9781999588012695,290.0
2024-04-24 15:23:00,VICR,31.06999969482422,31.06999969482422,31.06999969482422,31.06999969482422,31.06999969482422,276.0
2024-04-24 15:23:00,VIGL,2.809999942779541,2.809999942779541,2.809999942779541,2.809999942779541,2.809999942779541,524.0
2024-04-24 15:23:00,VIR,8.055999755859375,8.055999755859375,8.0649995803833,8.055999755859375,8.0600004196167,2512.0
2024-04-24 15:23:00,VIRC,10.6899995803833,10.6899995803833,10.6899995803833,10.675000190734863,10.675000190734863,5888.0
2024-04-24 15:23:00,VIRT,22.06999969482422,22.06999969482422,22.06999969482422,22.06999969482422,22.06999969482422,3390.0
2024-04-24 15:23:00,VIRX,0.8300999999046326,0.8300999999046326,0.8300999999046326,0.8300999999046326,0.8300999999046326,0.0
2024-04-24 15:23:00,VITL,26.760000228881836,26.760000228881836,26.770000457763672,26.75,26.770000457763672,2481.0
2024-04-24 15:23:00,VKTX,64.85389709472656,64.85389709472656,64.96530151367188,64.85389709472656,64.91999816894531,3940.0
2024-04-24 15:23:00,VLCN,0.259799987077713,0.259799987077713,0.259799987077713,0.2590000033378601,0.2590000033378601,3729.0
2024-04-24 15:23:00,VMD,7.980000019073486,7.980000019073486,7.985000133514404,7.980000019073486,7.985000133514404,1671.0
2024-04-24 15:23:00,VMEO,3.515000104904175,3.515000104904175,3.515000104904175,3.515000104904175,3.515000104904175,965.0
2024-04-24 15:23:00,VNET,1.565000057220459,1.565000057220459,1.5700000524520874,1.565000057220459,1.565000057220459,1862.0
2024-04-24 15:23:00,VNOM,39.91999816894531,39.91999816894531,39.91999816894531,39.91999816894531,39.91999816894531,1063.0
2024-04-24 15:23:00,VOD,8.635000228881836,8.635000228881836,8.638999938964844,8.635000228881836,8.635000228881836,12449.0
2024-04-24 15:23:00,VRCA,6.760000228881836,6.760000228881836,6.760000228881836,6.760000228881836,6.760000228881836,236.0
2024-04-24 15:23:00,VRDN,13.1899995803833,13.1899995803833,13.1899995803833,13.180000305175781,13.180000305175781,1738.0
2024-04-24 15:23:00,VRNA,15.34000015258789,15.34000015258789,15.350000381469727,15.319999694824219,15.319999694824219,2598.0
2024-04-24 15:23:00,VRRM,24.235000610351562,24.235000610351562,24.235000610351562,24.200000762939453,24.200000762939453,2958.0
2024-04-24 15:23:00,VRTX,401.57501220703125,401.57501220703125,401.57501220703125,401.4100036621094,401.4100036621094,2263.0
2024-04-24 15:23:00,VSAT,16.155000686645508,16.155000686645508,16.15570068359375,16.149999618530273,16.149999618530273,1850.0
2024-04-24 15:23:00,VTGN,4.710000038146973,4.710000038146973,4.710000038146973,4.710000038146973,4.710000038146973,210.0
2024-04-24 15:23:00,VTNR,1.4249999523162842,1.4249999523162842,1.4249999523162842,1.4249999523162842,1.4249999523162842,6110.0
2024-04-24 15:23:00,VTRS,11.524999618530273,11.524999618530273,11.524999618530273,11.515000343322754,11.520000457763672,36037.0
2024-04-24 15:23:00,VUZI,1.315000057220459,1.315000057220459,1.3200000524520874,1.309999942779541,1.309999942779541,1756.0
2024-04-24 15:23:00,VYGR,7.46999979019165,7.46999979019165,7.46999979019165,7.46999979019165,7.46999979019165,1537.0
2024-04-24 15:23:00,VYNE,2.553999900817871,2.553999900817871,2.553999900817871,2.553999900817871,2.553999900817871,298.0
2024-04-24 15:23:00,WAFD,28.229999542236328,28.229999542236328,28.260000228881836,28.229999542236328,28.260000228881836,5261.0
2024-04-24 15:23:00,WASH,26.329999923706055,26.329999923706055,26.329999923706055,26.329999923706055,26.329999923706055,1011.0
2024-04-24 15:23:00,WB,8.449999809265137,8.449999809265137,8.449999809265137,8.430000305175781,8.4399995803833,3493.0
2024-04-24 15:23:00,WBA,17.799999237060547,17.799999237060547,17.799999237060547,17.790000915527344,17.790000915527344,7927.0
2024-04-24 15:23:00,WBD,8.324999809265137,8.324999809265137,8.329999923706055,8.324999809265137,8.324999809265137,117847.0
2024-04-24 15:23:00,WDAY,255.94000244140625,255.94000244140625,255.94000244140625,255.8249969482422,255.8249969482422,1694.0
2024-04-24 15:23:00,WDC,69.58999633789062,69.58999633789062,69.5999984741211,69.45999908447266,69.45999908447266,13479.0
2024-04-24 15:23:00,WEN,19.81999969482422,19.81999969482422,19.825000762939453,19.81999969482422,19.825000762939453,1647.0
2024-04-24 15:23:00,WERN,35.32500076293945,35.32500076293945,35.33000183105469,35.31999969482422,35.33000183105469,564.0
2024-04-24 15:23:00,WFRD,124.05000305175781,124.05000305175781,124.05000305175781,123.94000244140625,123.94000244140625,3879.0
2024-04-24 15:23:00,WHLM,5.949999809265137,5.949999809265137,5.949999809265137,5.929999828338623,5.929999828338623,1294.0
2024-04-24 15:23:00,WIMI,1.0399999618530273,1.0399999618530273,1.0454000234603882,1.0399999618530273,1.0400999784469604,17858.0
2024-04-24 15:23:00,WISA,6.159999847412109,6.159999847412109,6.199999809265137,6.159999847412109,6.199999809265137,4079.0
2024-04-24 15:23:00,WIX,121.87999725341797,121.87999725341797,121.94999694824219,121.8499984741211,121.8499984741211,2273.0
2024-04-24 15:23:00,WKHS,0.16099999845027924,0.16099999845027924,0.16110000014305115,0.16099999845027924,0.16110000014305115,3549.0
2024-04-24 15:23:00,WMG,32.13999938964844,32.13999938964844,32.13999938964844,32.130001068115234,32.130001068115234,2337.0
2024-04-24 15:23:00,WNEB,6.460000038146973,6.460000038146973,6.460000038146973,6.460000038146973,6.460000038146973,593.0
2024-04-24 15:23:00,WSBC,28.278200149536133,28.278200149536133,28.290000915527344,28.270000457763672,28.290000915527344,1959.0
2024-04-24 15:23:00,WSC,38.0099983215332,38.0099983215332,38.0099983215332,37.95000076293945,37.959999084472656,7014.0
2024-04-24 15:23:00,WTFC,100.1500015258789,100.1500015258789,100.1500015258789,100.1500015258789,100.1500015258789,189.0
2024-04-24 15:23:00,WTW,264.4200134277344,264.4200134277344,264.4200134277344,264.3299865722656,264.3299865722656,1241.0
2024-04-24 15:23:00,WW,1.6399999856948853,1.6399999856948853,1.6449999809265137,1.6399999856948853,1.6399999856948853,1281.0
2024-04-24 15:23:00,WWD,149.14999389648438,149.14999389648438,149.14999389648438,149.1300048828125,149.1300048828125,2795.0
2024-04-24 15:23:00,WYNN,97.01000213623047,97.01000213623047,97.05999755859375,97.01000213623047,97.02999877929688,2683.0
2024-04-24 15:23:00,XEL,55.55500030517578,55.55500030517578,55.560001373291016,55.53499984741211,55.540000915527344,13617.0
2024-04-24 15:23:00,XENE,39.619998931884766,39.619998931884766,39.619998931884766,39.619998931884766,39.619998931884766,174.0
2024-04-24 15:23:00,XERS,1.7549999952316284,1.7549999952316284,1.7549999952316284,1.75,1.75,1485.0
2024-04-24 15:23:00,XFOR,1.25,1.25,1.25,1.2450000047683716,1.25,10203.0
2024-04-24 15:23:00,XMTR,16.84000015258789,16.84000015258789,16.850000381469727,16.84000015258789,16.850000381469727,1261.0
2024-04-24 15:23:00,XNCR,18.899999618530273,18.899999618530273,18.899999618530273,18.8799991607666,18.8799991607666,1154.0
2024-04-24 15:23:00,XP,20.594999313354492,20.594999313354492,20.604999542236328,20.575000762939453,20.579999923706055,17070.0
2024-04-24 15:23:00,XPEL,55.060001373291016,55.060001373291016,55.060001373291016,55.060001373291016,55.060001373291016,2120.0
2024-04-24 15:23:00,XRX,14.385000228881836,14.385000228881836,14.390000343322754,14.359999656677246,14.359999656677246,14117.0
2024-04-24 15:23:00,XWEL,1.7999999523162842,1.7999999523162842,1.7999999523162842,1.7999999523162842,1.7999999523162842,0.0
2024-04-24 15:23:00,XXII,1.882200002670288,1.882200002670288,1.882200002670288,1.882200002670288,1.882200002670288,140.0
2024-04-24 15:23:00,YMAB,15.180000305175781,15.180000305175781,15.180000305175781,15.180000305175781,15.180000305175781,1174.0
2024-04-24 15:23:00,YTRA,1.274999976158142,1.274999976158142,1.2799999713897705,1.274999976158142,1.2799999713897705,22748.0
2024-04-24 15:23:00,Z,43.52000045776367,43.52000045776367,43.52000045776367,43.4900016784668,43.4900016784668,2505.0
2024-04-24 15:23:00,ZBRA,277.2749938964844,277.2749938964844,277.3550109863281,277.1449890136719,277.1449890136719,3894.0
2024-04-24 15:23:00,ZG,43.03499984741211,43.03499984741211,43.03499984741211,43.0,43.0,949.0
2024-04-24 15:23:00,ZI,15.8100004196167,15.8100004196167,15.8100004196167,15.800000190734863,15.805000305175781,3412.0
2024-04-24 15:23:00,ZIMV,15.800000190734863,15.800000190734863,15.800000190734863,15.800000190734863,15.800000190734863,790.0
2024-04-24 15:23:00,ZION,42.224998474121094,42.224998474121094,42.224998474121094,42.18000030517578,42.18000030517578,4034.0
2024-04-24 15:23:00,ZKIN,0.6399999856948853,0.6399999856948853,0.6402000188827515,0.6399999856948853,0.6401000022888184,10094.0
2024-04-24 15:23:00,ZLAB,15.545000076293945,15.545000076293945,15.550000190734863,15.545000076293945,15.550000190734863,596.0
2024-04-24 15:23:00,ZM,61.31999969482422,61.31999969482422,61.33000183105469,61.310001373291016,61.33000183105469,7874.0
2024-04-24 15:23:00,ZNTL,11.789999961853027,11.789999961853027,11.789999961853027,11.779999732971191,11.779999732971191,725.0
2024-04-24 15:23:00,ZS,178.13999938964844,178.13999938964844,178.13999938964844,178.0800018310547,178.0800018310547,1769.0
2024-04-24 15:23:00,ZUMZ,17.2450008392334,17.2450008392334,17.2450008392334,17.2450008392334,17.2450008392334,250.0
2024-04-24 15:23:00,ZURA,3.325000047683716,3.325000047683716,3.3299999237060547,3.325000047683716,3.3299999237060547,675.0
2024-04-24 15:23:00,ZVRA,4.527699947357178,4.527699947357178,4.527699947357178,4.519999980926514,4.519999980926514,2036.0
2024-04-24 15:23:00,ZYME,8.550000190734863,8.550000190734863,8.550000190734863,8.529999732971191,8.529999732971191,3214.0
2024-04-24 15:24:00,COCO,24.270000457763672,24.270000457763672,24.270000457763672,24.270000457763672,24.270000457763672,1340.0
2024-04-24 15:24:00,DIBS,5.380099773406982,5.380099773406982,5.380099773406982,5.380099773406982,5.380099773406982,205.0
2024-04-24 15:24:00,EGHT,2.3450000286102295,2.3450000286102295,2.3450000286102295,2.3450000286102295,2.3450000286102295,4949.0
2024-04-24 15:24:00,ETNB,8.630000114440918,8.630000114440918,8.630000114440918,8.630000114440918,8.630000114440918,197.0
2024-04-24 15:24:00,FLWS,9.1899995803833,9.1899995803833,9.1899995803833,9.1899995803833,9.1899995803833,641.0
2024-04-24 15:24:00,ME,0.4724999964237213,0.4724999964237213,0.47279998660087585,0.4724999964237213,0.47269999980926514,5152.0
2024-04-24 15:24:00,SEAT,5.869999885559082,5.869999885559082,5.869999885559082,5.864999771118164,5.864999771118164,7674.0
2024-04-24 15:24:00,TSVT,4.230000019073486,4.230000019073486,4.230000019073486,4.230000019073486,4.230000019073486,242.0
2024-04-24 15:24:00,TWOU,0.23819999396800995,0.23819999396800995,0.23839999735355377,0.23819999396800995,0.23819999396800995,26719.0
2024-04-24 15:24:00,TXG,27.3700008392334,27.3700008392334,27.3799991607666,27.3700008392334,27.3799991607666,99554.0
2024-04-24 15:24:00,VBNK,9.90999984741211,9.90999984741211,9.90999984741211,9.90999984741211,9.90999984741211,0.0
2024-04-24 15:24:00,VC,110.68000030517578,110.68000030517578,110.68000030517578,110.68000030517578,110.68000030517578,271.0
2024-04-24 15:24:00,VCTR,49.93960189819336,49.93960189819336,49.93960189819336,49.93960189819336,49.93960189819336,282.0
2024-04-24 15:24:00,VERU,1.330299973487854,1.330299973487854,1.330299973487854,1.3300000429153442,1.3300000429153442,10100.0
2024-04-24 15:24:00,VERV,6.559999942779541,6.559999942779541,6.559999942779541,6.559999942779541,6.559999942779541,2235.0
2024-04-24 15:24:00,VERX,29.024999618530273,29.024999618530273,29.110000610351562,29.024999618530273,29.100000381469727,21289.0
2024-04-24 15:24:00,VFF,1.2999999523162842,1.2999999523162842,1.2999999523162842,1.2999999523162842,1.2999999523162842,1567.0
2024-04-24 15:24:00,VFS,2.4897000789642334,2.4897000789642334,2.490000009536743,2.484999895095825,2.484999895095825,2512.0
2024-04-24 15:24:00,VIAV,7.974999904632568,7.974999904632568,7.980000019073486,7.974999904632568,7.974999904632568,1196.0
2024-04-24 15:24:00,VICR,31.06999969482422,31.06999969482422,31.06999969482422,31.06999969482422,31.06999969482422,849.0
2024-04-24 15:24:00,VIR,8.055000305175781,8.055000305175781,8.055000305175781,8.055000305175781,8.055000305175781,272.0
2024-04-24 15:24:00,VIRT,22.06529998779297,22.06529998779297,22.06999969482422,22.06410026550293,22.06999969482422,2349.0
2024-04-24 15:24:00,VKTX,64.87989807128906,64.87989807128906,64.91000366210938,64.77999877929688,64.91000366210938,3338.0
2024-04-24 15:24:00,VMEO,3.515000104904175,3.515000104904175,3.5199999809265137,3.5106000900268555,3.5199999809265137,1684.0
2024-04-24 15:24:00,VNOM,39.95000076293945,39.95000076293945,39.95000076293945,39.95000076293945,39.95000076293945,771.0
2024-04-24 15:24:00,VOD,8.640000343322754,8.640000343322754,8.640000343322754,8.635000228881836,8.635000228881836,647.0
2024-04-24 15:24:00,VOR,1.75,1.75,1.75,1.75,1.75,539.0
2024-04-24 15:24:00,VRDN,13.199899673461914,13.199899673461914,13.199899673461914,13.199899673461914,13.199899673461914,133.0
2024-04-24 15:24:00,VRRM,24.229999542236328,24.229999542236328,24.229999542236328,24.229999542236328,24.229999542236328,310.0
2024-04-24 15:24:00,VSAT,16.174999237060547,16.174999237060547,16.174999237060547,16.15999984741211,16.15999984741211,2578.0
2024-04-24 15:24:00,VTNR,1.4280999898910522,1.4280999898910522,1.4280999898910522,1.4249999523162842,1.4249999523162842,9110.0
2024-04-24 15:24:00,VTRS,11.515000343322754,11.515000343322754,11.521400451660156,11.510000228881836,11.521400451660156,22867.0
2024-04-24 15:24:00,VYGR,7.474999904632568,7.474999904632568,7.474999904632568,7.474999904632568,7.474999904632568,648.0
2024-04-24 15:24:00,WABC,47.849998474121094,47.849998474121094,47.849998474121094,47.81999969482422,47.81999969482422,951.0
2024-04-24 15:24:00,WB,8.444999694824219,8.444999694824219,8.444999694824219,8.444999694824219,8.444999694824219,473.0
2024-04-24 15:24:00,WBA,17.792299270629883,17.792299270629883,17.799999237060547,17.790000915527344,17.795000076293945,8416.0
2024-04-24 15:24:00,WBD,8.329999923706055,8.329999923706055,8.329999923706055,8.320099830627441,8.324999809265137,22416.0
2024-04-24 15:24:00,WDAY,256.0150146484375,256.0150146484375,256.0150146484375,255.8800048828125,255.88999938964844,2250.0
2024-04-24 15:24:00,WDC,69.51000213623047,69.51000213623047,69.58999633789062,69.5,69.58999633789062,10638.0
2024-04-24 15:24:00,WEN,19.81999969482422,19.81999969482422,19.825000762939453,19.81999969482422,19.81999969482422,1127.0
2024-04-24 15:24:00,WERN,35.314998626708984,35.314998626708984,35.3291015625,35.314998626708984,35.32500076293945,1403.0
2024-04-24 15:24:00,WFRD,124.04499816894531,124.04499816894531,124.08499908447266,124.04499816894531,124.08499908447266,1257.0
2024-04-24 15:24:00,WHF,12.890000343322754,12.890000343322754,12.890000343322754,12.890000343322754,12.890000343322754,105.0
2024-04-24 15:24:00,WHLR,0.14319999516010284,0.14319999516010284,0.14319999516010284,0.14319999516010284,0.14319999516010284,270.0
2024-04-24 15:24:00,WIMI,1.0449999570846558,1.0449999570846558,1.0499999523162842,1.0299999713897705,1.0399999618530273,49175.0
2024-04-24 15:24:00,WING,364.80499267578125,364.80499267578125,364.80499267578125,364.80499267578125,364.80499267578125,168.0
2024-04-24 15:24:00,WISA,6.199999809265137,6.199999809265137,6.199999809265137,6.159999847412109,6.159999847412109,3250.0
2024-04-24 15:24:00,WIX,121.87999725341797,121.87999725341797,121.87999725341797,121.87999725341797,121.87999725341797,368.0
2024-04-24 15:24:00,WKHS,0.16110000014305115,0.16110000014305115,0.16120000183582306,0.16099999845027924,0.16099999845027924,19922.0
2024-04-24 15:24:00,WMG,32.15999984741211,32.15999984741211,32.15999984741211,32.13999938964844,32.13999938964844,1917.0
2024-04-24 15:24:00,WSC,38.0,38.0,38.005001068115234,38.0,38.005001068115234,2996.0
2024-04-24 15:24:00,WSFS,44.849998474121094,44.849998474121094,44.875,44.849998474121094,44.875,1134.0
2024-04-24 15:24:00,WTBA,16.684999465942383,16.684999465942383,16.684999465942383,16.684999465942383,16.684999465942383,632.0
2024-04-24 15:24:00,WTFC,100.0999984741211,100.0999984741211,100.0999984741211,100.0999984741211,100.0999984741211,1663.0
2024-04-24 15:24:00,WTW,264.6000061035156,264.6000061035156,264.7300109863281,264.510009765625,264.510009765625,1771.0
2024-04-24 15:24:00,WVE,5.099999904632568,5.099999904632568,5.099999904632568,5.090000152587891,5.090000152587891,5433.0
2024-04-24 15:24:00,WW,1.6449999809265137,1.6449999809265137,1.6449999809265137,1.6399999856948853,1.6399999856948853,2088.0
2024-04-24 15:24:00,WWD,149.09500122070312,149.09500122070312,149.09500122070312,149.09500122070312,149.09500122070312,1131.0
2024-04-24 15:24:00,WYNN,96.98999786376953,96.98999786376953,97.0,96.9800033569336,97.0,1978.0
2024-04-24 15:24:00,XEL,55.55500030517578,55.55500030517578,55.55500030517578,55.54499816894531,55.55500030517578,9806.0
2024-04-24 15:24:00,XENE,39.6150016784668,39.6150016784668,39.6150016784668,39.6150016784668,39.6150016784668,771.0
2024-04-24 15:24:00,XERS,1.7549999952316284,1.7549999952316284,1.7549999952316284,1.7549999952316284,1.7549999952316284,2334.0
2024-04-24 15:24:00,XFOR,1.2599999904632568,1.2599999904632568,1.2599999904632568,1.2401000261306763,1.2401000261306763,35691.0
2024-04-24 15:24:00,XMTR,16.790000915527344,16.790000915527344,16.84000015258789,16.790000915527344,16.84000015258789,3847.0
2024-04-24 15:24:00,XNCR,18.920000076293945,18.920000076293945,18.920000076293945,18.899999618530273,18.899999618530273,1215.0
2024-04-24 15:24:00,XP,20.579999923706055,20.579999923706055,20.594999313354492,20.579999923706055,20.590499877929688,11260.0
2024-04-24 15:24:00,XRX,14.385000228881836,14.385000228881836,14.390000343322754,14.385000228881836,14.385000228881836,4427.0
2024-04-24 15:24:00,XXII,1.8799999952316284,1.8799999952316284,1.8799999952316284,1.8799999952316284,1.8799999952316284,300.0
2024-04-24 15:24:00,Z,43.540000915527344,43.540000915527344,43.540000915527344,43.529998779296875,43.529998779296875,2253.0
2024-04-24 15:24:00,ZD,52.130001068115234,52.130001068115234,52.154998779296875,52.130001068115234,52.154998779296875,879.0
2024-04-24 15:24:00,ZG,43.04999923706055,43.04999923706055,43.04999923706055,43.04999923706055,43.04999923706055,310.0
2024-04-24 15:24:00,ZI,15.805000305175781,15.805000305175781,15.8100004196167,15.802499771118164,15.805000305175781,2715.0
2024-04-24 15:24:00,ZION,42.16999816894531,42.16999816894531,42.20000076293945,42.16999816894531,42.20000076293945,3088.0
2024-04-24 15:24:00,ZKIN,0.6399999856948853,0.6399999856948853,0.6399999856948853,0.6399999856948853,0.6399999856948853,378.0
2024-04-24 15:24:00,ZLAB,15.545000076293945,15.545000076293945,15.545000076293945,15.545000076293945,15.545000076293945,296.0
2024-04-24 15:24:00,ZM,61.310001373291016,61.310001373291016,61.310001373291016,61.310001373291016,61.310001373291016,798.0
2024-04-24 15:24:00,ZNTL,11.789999961853027,11.789999961853027,11.800000190734863,11.789999961853027,11.789999961853027,697.0
2024-04-24 15:24:00,ZS,178.11000061035156,178.11000061035156,178.11000061035156,178.11000061035156,178.11000061035156,721.0
2024-04-24 15:24:00,ZUMZ,17.27899932861328,17.27899932861328,17.290000915527344,17.25,17.25,4608.0
2024-04-24 15:24:00,ZURA,3.3399999141693115,3.3399999141693115,3.3399999141693115,3.3299999237060547,3.3299999237060547,10583.0
2024-04-24 15:24:00,ZYME,8.550000190734863,8.550000190734863,8.553199768066406,8.550000190734863,8.553199768066406,773.0
2024-04-24 15:25:00,COCO,24.270000457763672,24.270000457763672,24.270000457763672,24.270000457763672,24.270000457763672,490.0
2024-04-24 15:25:00,DIBS,5.364999771118164,5.364999771118164,5.380000114440918,5.364999771118164,5.369999885559082,2193.0
2024-04-24 15:25:00,DSP,8.59000015258789,8.59000015258789,8.59000015258789,8.59000015258789,8.59000015258789,105.0
2024-04-24 15:25:00,EGHT,2.3450000286102295,2.3450000286102295,2.3450000286102295,2.3450000286102295,2.3450000286102295,398.0
2024-04-24 15:25:00,ETNB,8.609999656677246,8.609999656677246,8.614999771118164,8.609999656677246,8.614999771118164,887.0
2024-04-24 15:25:00,FDMT,24.549999237060547,24.549999237060547,24.549999237060547,24.549999237060547,24.549999237060547,230.0
2024-04-24 15:25:00,FLWS,9.180000305175781,9.180000305175781,9.180000305175781,9.180000305175781,9.180000305175781,405.0
2024-04-24 15:25:00,MAPS,1.090000033378601,1.090000033378601,1.090000033378601,1.090000033378601,1.090000033378601,100.0
2024-04-24 15:25:00,MASS,5.630000114440918,5.630000114440918,5.630000114440918,5.630000114440918,5.630000114440918,146.0
2024-04-24 15:25:00,ME,0.4724000096321106,0.4724000096321106,0.4726000130176544,0.4724000096321106,0.4724999964237213,4798.0
2024-04-24 15:25:00,SCWO,1.3799999952316284,1.3799999952316284,1.3799999952316284,1.3799999952316284,1.3799999952316284,2277.0
2024-04-24 15:25:00,SEAT,5.869999885559082,5.869999885559082,5.869999885559082,5.864999771118164,5.869999885559082,4823.0
2024-04-24 15:25:00,TSVT,4.230000019073486,4.230000019073486,4.2399001121521,4.230000019073486,4.230000019073486,2601.0
2024-04-24 15:25:00,TWOU,0.23829999566078186,0.23829999566078186,0.23829999566078186,0.23819999396800995,0.23819999396800995,29710.0
2024-04-24 15:25:00,TXG,27.360000610351562,27.360000610351562,27.3700008392334,27.360000610351562,27.364999771118164,4226.0
2024-04-24 15:25:00,VC,110.73999786376953,110.73999786376953,110.73999786376953,110.73999786376953,110.73999786376953,529.0
2024-04-24 15:25:00,VERU,1.3300000429153442,1.3300000429153442,1.340000033378601,1.3300000429153442,1.3300000429153442,0.0
2024-04-24 15:25:00,VERV,6.554999828338623,6.554999828338623,6.559999942779541,6.554999828338623,6.559999942779541,1687.0
2024-04-24 15:25:00,VERX,29.0,29.0,29.059999465942383,29.0,29.024999618530273,5919.0
2024-04-24 15:25:00,VIAV,7.985000133514404,7.985000133514404,7.985000133514404,7.980000019073486,7.980000019073486,3530.0
2024-04-24 15:25:00,VICR,31.059999465942383,31.059999465942383,31.079999923706055,31.020000457763672,31.030000686645508,5189.0
2024-04-24 15:25:00,VIR,8.050000190734863,8.050000190734863,8.050000190734863,8.050000190734863,8.050000190734863,1284.0
2024-04-24 15:25:00,VITL,26.760000228881836,26.760000228881836,26.760000228881836,26.760000228881836,26.760000228881836,1187.0
2024-04-24 15:25:00,VKTX,64.86499786376953,64.86499786376953,64.86499786376953,64.68000030517578,64.80999755859375,7381.0
2024-04-24 15:25:00,VLCN,0.2581000030040741,0.2581000030040741,0.2581000030040741,0.257099986076355,0.257099986076355,3400.0
2024-04-24 15:25:00,VMD,8.0,8.0,8.0,8.0,8.0,882.0
2024-04-24 15:25:00,VMEO,3.515000104904175,3.515000104904175,3.5199999809265137,3.515000104904175,3.5199999809265137,645.0
2024-04-24 15:25:00,VNOM,39.95500183105469,39.95500183105469,39.959999084472656,39.939998626708984,39.95000076293945,1632.0
2024-04-24 15:25:00,VOD,8.635000228881836,8.635000228881836,8.635000228881836,8.635000228881836,8.635000228881836,1717.0
2024-04-24 15:25:00,VRDN,13.180000305175781,13.180000305175781,13.1899995803833,13.180000305175781,13.1899995803833,335.0
2024-04-24 15:25:00,VRM,11.699999809265137,11.699999809265137,11.699999809265137,11.699999809265137,11.699999809265137,1031.0
2024-04-24 15:25:00,VRRM,24.229999542236328,24.229999542236328,24.229999542236328,24.229999542236328,24.229999542236328,1495.0
2024-04-24 15:25:00,VRTX,401.7049865722656,401.7049865722656,401.7099914550781,401.7049865722656,401.7099914550781,1652.0
2024-04-24 15:25:00,VSAT,16.179899215698242,16.179899215698242,16.18000030517578,16.174999237060547,16.174999237060547,5609.0
2024-04-24 15:25:00,VSEC,78.80000305175781,78.80000305175781,78.80000305175781,78.80000305175781,78.80000305175781,671.0
2024-04-24 15:25:00,VTGN,4.699999809265137,4.699999809265137,4.699999809265137,4.699999809265137,4.699999809265137,835.0
2024-04-24 15:25:00,VTNR,1.4299999475479126,1.4299999475479126,1.4299999475479126,1.4299999475479126,1.4299999475479126,0.0
2024-04-24 15:25:00,VTRS,11.5,11.5,11.517499923706055,11.494999885559082,11.515000343322754,17090.0
2024-04-24 15:25:00,VTSI,12.295000076293945,12.295000076293945,12.300000190734863,12.295000076293945,12.300000190734863,546.0
2024-04-24 15:25:00,VUZI,1.309999942779541,1.309999942779541,1.315000057220459,1.309999942779541,1.315000057220459,304.0
2024-04-24 15:25:00,WABC,47.849998474121094,47.849998474121094,47.849998474121094,47.849998474121094,47.849998474121094,365.0
2024-04-24 15:25:00,WAFD,28.239999771118164,28.239999771118164,28.239999771118164,28.239999771118164,28.239999771118164,473.0
2024-04-24 15:25:00,WB,8.444999694824219,8.444999694824219,8.444999694824219,8.440999984741211,8.444999694824219,2113.0
2024-04-24 15:25:00,WBA,17.834999084472656,17.834999084472656,17.834999084472656,17.790000915527344,17.790000915527344,46568.0
2024-04-24 15:25:00,WBD,8.324999809265137,8.324999809265137,8.329999923706055,8.319999694824219,8.329999923706055,7140.0
2024-04-24 15:25:00,WDAY,256.04998779296875,256.04998779296875,256.04998779296875,255.9949951171875,256.010009765625,1365.0
2024-04-24 15:25:00,WDC,69.52999877929688,69.52999877929688,69.54499816894531,69.5,69.52999877929688,5846.0
2024-04-24 15:25:00,WEN,19.81999969482422,19.81999969482422,19.825000762939453,19.81999969482422,19.81999969482422,3583.0
2024-04-24 15:25:00,WERN,35.29999923706055,35.29999923706055,35.314998626708984,35.29999923706055,35.314998626708984,4179.0
2024-04-24 15:25:00,WFRD,124.02999877929688,124.02999877929688,124.02999877929688,123.8949966430664,124.01000213623047,1582.0
2024-04-24 15:25:00,WHF,12.899999618530273,12.899999618530273,12.899999618530273,12.899999618530273,12.899999618530273,132.0
2024-04-24 15:25:00,WIMI,1.0490000247955322,1.0490000247955322,1.0490000247955322,1.0490000247955322,1.0490000247955322,359.0
2024-04-24 15:25:00,WING,364.8500061035156,364.8500061035156,364.8500061035156,364.8500061035156,364.8500061035156,540.0
2024-04-24 15:25:00,WISA,6.180500030517578,6.180500030517578,6.180500030517578,6.159999847412109,6.159999847412109,1048.0
2024-04-24 15:25:00,WIX,121.9000015258789,121.9000015258789,121.9000015258789,121.9000015258789,121.9000015258789,616.0
2024-04-24 15:25:00,WKHS,0.16110000014305115,0.16110000014305115,0.16120000183582306,0.16110000014305115,0.16120000183582306,11609.0
2024-04-24 15:25:00,WKME,7.974999904632568,7.974999904632568,7.974999904632568,7.974999904632568,7.974999904632568,334.0
2024-04-24 15:25:00,WLDS,0.45100000500679016,0.45100000500679016,0.45100000500679016,0.45100000500679016,0.45100000500679016,100.0
2024-04-24 15:25:00,WMG,32.150001525878906,32.150001525878906,32.189998626708984,32.150001525878906,32.15999984741211,7411.0
2024-04-24 15:25:00,WSBF,12.289999961853027,12.289999961853027,12.289999961853027,12.289999961853027,12.289999961853027,1391.0
2024-04-24 15:25:00,WSC,38.02000045776367,38.02000045776367,38.02000045776367,38.0098991394043,38.0098991394043,2244.0
2024-04-24 15:25:00,WSFS,44.8650016784668,44.8650016784668,44.91999816894531,44.8650016784668,44.88999938964844,2382.0
2024-04-24 15:25:00,WTW,264.68499755859375,264.68499755859375,264.68499755859375,264.68499755859375,264.68499755859375,578.0
2024-04-24 15:25:00,WVE,5.099999904632568,5.099999904632568,5.099999904632568,5.079999923706055,5.079999923706055,420.0
2024-04-24 15:25:00,WW,1.6449999809265137,1.6449999809265137,1.6491999626159668,1.6399999856948853,1.6491999626159668,7057.0
2024-04-24 15:25:00,WYNN,97.12999725341797,97.12999725341797,97.12999725341797,97.01000213623047,97.01499938964844,6222.0
2024-04-24 15:25:00,XEL,55.57500076293945,55.57500076293945,55.57500076293945,55.54999923706055,55.54999923706055,7815.0
2024-04-24 15:25:00,XENE,39.654998779296875,39.654998779296875,39.654998779296875,39.650001525878906,39.650001525878906,929.0
2024-04-24 15:25:00,XERS,1.75,1.75,1.75,1.75,1.75,130.0
2024-04-24 15:25:00,XFOR,1.2599999904632568,1.2599999904632568,1.2599999904632568,1.2599999904632568,1.2599999904632568,388.0
2024-04-24 15:25:00,XMTR,16.825000762939453,16.825000762939453,16.825000762939453,16.809999465942383,16.809999465942383,975.0
2024-04-24 15:25:00,XNCR,18.940000534057617,18.940000534057617,18.950000762939453,18.920000076293945,18.950000762939453,3761.0
2024-04-24 15:25:00,XP,20.559999465942383,20.559999465942383,20.59000015258789,20.559999465942383,20.584999084472656,21889.0
2024-04-24 15:25:00,XRX,14.414999961853027,14.414999961853027,14.420000076293945,14.385000228881836,14.385000228881836,10463.0
2024-04-24 15:25:00,XXII,1.8899999856948853,1.8899999856948853,1.8899999856948853,1.8899999856948853,1.8899999856948853,474.0
2024-04-24 15:25:00,YTRA,1.2599999904632568,1.2599999904632568,1.2599999904632568,1.2599999904632568,1.2599999904632568,13145.0
2024-04-24 15:25:00,Z,43.54999923706055,43.54999923706055,43.560001373291016,43.540000915527344,43.540000915527344,3416.0
2024-04-24 15:25:00,ZBRA,277.32501220703125,277.32501220703125,277.32501220703125,277.32501220703125,277.32501220703125,1601.0
2024-04-24 15:25:00,ZD,52.11000061035156,52.11000061035156,52.11000061035156,52.11000061035156,52.11000061035156,663.0
2024-04-24 15:25:00,ZFOX,1.1349999904632568,1.1349999904632568,1.1399999856948853,1.1349999904632568,1.1399999856948853,1212.0
2024-04-24 15:25:00,ZG,43.06999969482422,43.06999969482422,43.06999969482422,43.04999923706055,43.04999923706055,2707.0
2024-04-24 15:25:00,ZI,15.8149995803833,15.8149995803833,15.8149995803833,15.805000305175781,15.8100004196167,5206.0
2024-04-24 15:25:00,ZIMV,15.800000190734863,15.800000190734863,15.800000190734863,15.800000190734863,15.800000190734863,1200.0
2024-04-24 15:25:00,ZION,42.18000030517578,42.18000030517578,42.18000030517578,42.150001525878906,42.150001525878906,4290.0
2024-04-24 15:25:00,ZLAB,15.537500381469727,15.537500381469727,15.545000076293945,15.537500381469727,15.539999961853027,862.0
2024-04-24 15:25:00,ZM,61.345001220703125,61.345001220703125,61.345001220703125,61.32500076293945,61.32500076293945,4790.0
2024-04-24 15:25:00,ZNTL,11.770000457763672,11.770000457763672,11.770000457763672,11.770000457763672,11.770000457763672,2797.0
2024-04-24 15:25:00,ZS,178.02999877929688,178.02999877929688,178.0399932861328,177.97500610351562,178.0399932861328,699.0
2024-04-24 15:25:00,ZVRA,4.53000020980835,4.53000020980835,4.53000020980835,4.53000020980835,4.53000020980835,640.0
2024-04-24 15:26:00,DIBS,5.364999771118164,5.364999771118164,5.364999771118164,5.364999771118164,5.364999771118164,114.0
2024-04-24 15:26:00,DSP,8.59000015258789,8.59000015258789,8.59000015258789,8.59000015258789,8.59000015258789,0.0
2024-04-24 15:26:00,EGHT,2.3450000286102295,2.3450000286102295,2.3499999046325684,2.3399999141693115,2.3499999046325684,1515.0
2024-04-24 15:26:00,FLWS,9.1899995803833,9.1899995803833,9.1899995803833,9.1899995803833,9.1899995803833,117.0
2024-04-24 15:26:00,ME,0.4722999930381775,0.4722999930381775,0.4722999930381775,0.4722999930381775,0.4722999930381775,670.0
2024-04-24 15:26:00,SEAT,5.869999885559082,5.869999885559082,5.869999885559082,5.864999771118164,5.869999885559082,1329.0
2024-04-24 15:26:00,TWOU,0.23880000412464142,0.23880000412464142,0.23880000412464142,0.23819999396800995,0.23819999396800995,16497.0
2024-04-24 15:26:00,TXG,27.329999923706055,27.329999923706055,27.360000610351562,27.309999465942383,27.360000610351562,5174.0
2024-04-24 15:26:00,VABK,24.540000915527344,24.540000915527344,24.540000915527344,24.540000915527344,24.540000915527344,1083.0
2024-04-24 15:26:00,VC,110.75,110.75,110.75,110.75,110.75,123.0
2024-04-24 15:26:00,VERU,1.3300000429153442,1.3300000429153442,1.340000033378601,1.3300000429153442,1.3300000429153442,2617.0
2024-04-24 15:26:00,VERV,6.551499843597412,6.551499843597412,6.559999942779541,6.551499843597412,6.554999828338623,2442.0
2024-04-24 15:26:00,VERX,29.024999618530273,29.024999618530273,29.024999618530273,29.020000457763672,29.020000457763672,1172.0
2024-04-24 15:26:00,VIAV,7.985000133514404,7.985000133514404,7.989999771118164,7.985000133514404,7.985000133514404,869.0
2024-04-24 15:26:00,VICR,31.155000686645508,31.155000686645508,31.155000686645508,31.155000686645508,31.155000686645508,5552.0
2024-04-24 15:26:00,VIRT,22.040000915527344,22.040000915527344,22.059999465942383,22.040000915527344,22.059999465942383,2324.0
2024-04-24 15:26:00,VITL,26.760000228881836,26.760000228881836,26.760000228881836,26.760000228881836,26.760000228881836,597.0
2024-04-24 15:26:00,VKTX,64.95999908447266,64.95999908447266,64.95999908447266,64.8499984741211,64.87999725341797,5036.0
2024-04-24 15:26:00,VLCN,0.258899986743927,0.258899986743927,0.258899986743927,0.2581000030040741,0.2581000030040741,700.0
2024-04-24 15:26:00,VMAR,0.5400999784469604,0.5400999784469604,0.5400999784469604,0.5400999784469604,0.5400999784469604,477.0
2024-04-24 15:26:00,VMEO,3.515000104904175,3.515000104904175,3.5199999809265137,3.515000104904175,3.5199999809265137,1718.0
2024-04-24 15:26:00,VNOM,39.959999084472656,39.959999084472656,39.959999084472656,39.939998626708984,39.939998626708984,1436.0
2024-04-24 15:26:00,VOD,8.635000228881836,8.635000228881836,8.635000228881836,8.635000228881836,8.635000228881836,1591.0
2024-04-24 15:26:00,VRCA,6.75,6.75,6.75,6.75,6.75,423.0
2024-04-24 15:26:00,VRDN,13.180000305175781,13.180000305175781,13.180000305175781,13.180000305175781,13.180000305175781,780.0
2024-04-24 15:26:00,VRNA,15.319999694824219,15.319999694824219,15.319999694824219,15.319999694824219,15.319999694824219,587.0
2024-04-24 15:26:00,VRRM,24.229999542236328,24.229999542236328,24.229999542236328,24.229999542236328,24.229999542236328,435.0
2024-04-24 15:26:00,VSAT,16.200000762939453,16.200000762939453,16.200000762939453,16.170000076293945,16.170000076293945,8525.0
2024-04-24 15:26:00,VSEC,78.80999755859375,78.80999755859375,78.80999755859375,78.80999755859375,78.80999755859375,351.0
2024-04-24 15:26:00,VTNR,1.409999966621399,1.409999966621399,1.420799970626831,1.409999966621399,1.420799970626831,15186.0
2024-04-24 15:26:00,VTRS,11.494999885559082,11.494999885559082,11.5,11.494999885559082,11.499600410461426,2506.0
2024-04-24 15:26:00,VUZI,1.315000057220459,1.315000057220459,1.315000057220459,1.315000057220459,1.315000057220459,201.0
2024-04-24 15:26:00,VYGR,7.489999771118164,7.489999771118164,7.489999771118164,7.480000019073486,7.480000019073486,1238.0
2024-04-24 15:26:00,WABC,47.880001068115234,47.880001068115234,47.880001068115234,47.880001068115234,47.880001068115234,571.0
2024-04-24 15:26:00,WAFD,28.25,28.25,28.25,28.25,28.25,391.0
2024-04-24 15:26:00,WB,8.444999694824219,8.444999694824219,8.444999694824219,8.444999694824219,8.444999694824219,155.0
2024-04-24 15:26:00,WBA,17.834999084472656,17.834999084472656,17.84000015258789,17.834999084472656,17.839000701904297,15674.0
2024-04-24 15:26:00,WBD,8.329999923706055,8.329999923706055,8.329999923706055,8.319999694824219,8.326899528503418,23426.0
2024-04-24 15:26:00,WDAY,256.04998779296875,256.04998779296875,256.0950012207031,256.04998779296875,256.07000732421875,5863.0
2024-04-24 15:26:00,WDC,69.51499938964844,69.51499938964844,69.55999755859375,69.51499938964844,69.54000091552734,6534.0
2024-04-24 15:26:00,WEN,19.829999923706055,19.829999923706055,19.834999084472656,19.81999969482422,19.81999969482422,22326.0
2024-04-24 15:26:00,WERN,35.31999969482422,35.31999969482422,35.32500076293945,35.29999923706055,35.310001373291016,1346.0
2024-04-24 15:26:00,WFRD,124.0,124.0,124.1500015258789,124.0,124.05000305175781,2261.0
2024-04-24 15:26:00,WIMI,1.0400999784469604,1.0400999784469604,1.0499999523162842,1.0400999784469604,1.0400999784469604,3008.0
2024-04-24 15:26:00,WISA,6.210000038146973,6.210000038146973,6.230299949645996,6.210000038146973,6.230299949645996,383.0
2024-04-24 15:26:00,WIX,121.83000183105469,121.83000183105469,121.90499877929688,121.83000183105469,121.90499877929688,2839.0
2024-04-24 15:26:00,WKHS,0.16200000047683716,0.16200000047683716,0.16200000047683716,0.16130000352859497,0.16140000522136688,22060.0
2024-04-24 15:26:00,WMG,32.099998474121094,32.099998474121094,32.13999938964844,32.095001220703125,32.13999938964844,4512.0
2024-04-24 15:26:00,WRAP,1.9700000286102295,1.9700000286102295,1.9700000286102295,1.9700000286102295,1.9700000286102295,99.0
2024-04-24 15:26:00,WSC,38.029998779296875,38.029998779296875,38.029998779296875,38.029998779296875,38.029998779296875,556.0
2024-04-24 15:26:00,WTW,264.5199890136719,264.5199890136719,264.6600036621094,264.5199890136719,264.6449890136719,3212.0
2024-04-24 15:26:00,WVE,5.090000152587891,5.090000152587891,5.090000152587891,5.090000152587891,5.090000152587891,276.0
2024-04-24 15:26:00,WW,1.6749999523162842,1.6749999523162842,1.6749999523162842,1.6449999809265137,1.6449999809265137,93314.0
2024-04-24 15:26:00,WYNN,97.11000061035156,97.11000061035156,97.16999816894531,97.11000061035156,97.16999816894531,2929.0
2024-04-24 15:26:00,XBIT,8.204999923706055,8.204999923706055,8.204999923706055,8.204999923706055,8.204999923706055,127.0
2024-04-24 15:26:00,XEL,55.595001220703125,55.595001220703125,55.595001220703125,55.57500076293945,55.58000183105469,15034.0
2024-04-24 15:26:00,XERS,1.7599999904632568,1.7599999904632568,1.7599999904632568,1.7549999952316284,1.7599999904632568,357.0
2024-04-24 15:26:00,XFOR,1.2549999952316284,1.2549999952316284,1.2599999904632568,1.2549999952316284,1.2599999904632568,1430.0
2024-04-24 15:26:00,XMTR,16.829999923706055,16.829999923706055,16.829999923706055,16.829999923706055,16.829999923706055,505.0
2024-04-24 15:26:00,XNCR,18.950000762939453,18.950000762939453,18.950000762939453,18.920000076293945,18.920000076293945,5271.0
2024-04-24 15:26:00,XP,20.565000534057617,20.565000534057617,20.565000534057617,20.565000534057617,20.565000534057617,934.0
2024-04-24 15:26:00,XRX,14.414999961853027,14.414999961853027,14.420000076293945,14.414999961853027,14.414999961853027,5337.0
2024-04-24 15:26:00,Z,43.51100158691406,43.51100158691406,43.560001373291016,43.51100158691406,43.560001373291016,4711.0
2024-04-24 15:26:00,ZG,43.029998779296875,43.029998779296875,43.029998779296875,43.029998779296875,43.029998779296875,529.0
2024-04-24 15:26:00,ZI,15.8149995803833,15.8149995803833,15.819999694824219,15.8149995803833,15.8149995803833,3330.0
2024-04-24 15:26:00,ZION,42.15999984741211,42.15999984741211,42.16999816894531,42.154998779296875,42.16999816894531,1156.0
2024-04-24 15:26:00,ZM,61.349998474121094,61.349998474121094,61.36000061035156,61.349998474121094,61.36000061035156,1968.0
2024-04-24 15:26:00,ZS,178.02000427246094,178.02000427246094,178.07000732421875,178.00999450683594,178.07000732421875,1790.0
2024-04-24 15:26:00,ZURA,3.359999895095825,3.359999895095825,3.359999895095825,3.3299999237060547,3.3299999237060547,8731.0
2024-04-24 15:26:00,ZVRA,4.534999847412109,4.534999847412109,4.534999847412109,4.534999847412109,4.534999847412109,320.0
2024-04-24 15:26:00,ZVSA,0.6085000038146973,0.6085000038146973,0.6085000038146973,0.6085000038146973,0.6085000038146973,794.0
2024-04-24 15:26:00,ZYME,8.5600004196167,8.5600004196167,8.5600004196167,8.5600004196167,8.5600004196167,549.0
2024-04-24 15:27:00,COCO,24.28499984741211,24.28499984741211,24.28499984741211,24.28499984741211,24.28499984741211,947.0
2024-04-24 15:27:00,EGHT,2.3499999046325684,2.3499999046325684,2.3499999046325684,2.3499999046325684,2.3499999046325684,646.0
2024-04-24 15:27:00,ETNB,8.614999771118164,8.614999771118164,8.614999771118164,8.614999771118164,8.614999771118164,174.0
2024-04-24 15:27:00,FDMT,24.549999237060547,24.549999237060547,24.549999237060547,24.549999237060547,24.549999237060547,399.0
2024-04-24 15:27:00,FLWS,9.1899995803833,9.1899995803833,9.1899995803833,9.1899995803833,9.1899995803833,384.0
2024-04-24 15:27:00,JFU,3.3301000595092773,3.3301000595092773,3.3301000595092773,3.3301000595092773,3.3301000595092773,381.0
2024-04-24 15:27:00,MASS,5.630000114440918,5.630000114440918,5.630000114440918,5.630000114440918,5.630000114440918,1938.0
2024-04-24 15:27:00,ME,0.4722999930381775,0.4722999930381775,0.4722999930381775,0.4722999930381775,0.4722999930381775,1381.0
2024-04-24 15:27:00,TSVT,4.230000019073486,4.230000019073486,4.230000019073486,4.230000019073486,4.230000019073486,1972.0
2024-04-24 15:27:00,TXG,27.360000610351562,27.360000610351562,27.360000610351562,27.360000610351562,27.360000610351562,2983.0
2024-04-24 15:27:00,VC,110.75,110.75,110.75,110.75,110.75,151.0
2024-04-24 15:27:00,VCTR,49.915000915527344,49.915000915527344,49.915000915527344,49.915000915527344,49.915000915527344,8351.0
2024-04-24 15:27:00,VERU,1.3350000381469727,1.3350000381469727,1.3350000381469727,1.3300000429153442,1.3300000429153442,2506.0
2024-04-24 15:27:00,VERV,6.545000076293945,6.545000076293945,6.545000076293945,6.539999961853027,6.539999961853027,8039.0
2024-04-24 15:27:00,VERX,28.940000534057617,28.940000534057617,28.940000534057617,28.940000534057617,28.940000534057617,4999.0
2024-04-24 15:27:00,VFS,2.494999885559082,2.494999885559082,2.494999885559082,2.494999885559082,2.494999885559082,17926.0
2024-04-24 15:27:00,VIAV,7.989999771118164,7.989999771118164,7.989999771118164,7.989999771118164,7.989999771118164,1886.0
2024-04-24 15:27:00,VINP,10.479999542236328,10.479999542236328,10.479999542236328,10.479999542236328,10.479999542236328,459.0
2024-04-24 15:27:00,VIRC,10.708000183105469,10.708000183105469,10.711999893188477,10.708000183105469,10.709799766540527,6143.0
2024-04-24 15:27:00,VITL,26.75,26.75,26.75,26.75,26.75,453.0
2024-04-24 15:27:00,VKTX,64.8499984741211,64.8499984741211,64.8499984741211,64.8499984741211,64.8499984741211,1094.0
2024-04-24 15:27:00,VMEO,3.5199999809265137,3.5199999809265137,3.5199999809265137,3.5199999809265137,3.5199999809265137,435.0
2024-04-24 15:27:00,VNOM,39.970001220703125,39.970001220703125,39.970001220703125,39.970001220703125,39.970001220703125,3385.0
2024-04-24 15:27:00,VOD,8.635000228881836,8.635000228881836,8.635000228881836,8.635000228881836,8.635000228881836,4753.0
2024-04-24 15:27:00,VRDN,13.130000114440918,13.130000114440918,13.130000114440918,13.130000114440918,13.130000114440918,2937.0
2024-04-24 15:27:00,VRRM,24.235000610351562,24.235000610351562,24.235000610351562,24.235000610351562,24.235000610351562,743.0
2024-04-24 15:27:00,VRTX,401.8500061035156,401.8500061035156,401.92999267578125,401.8500061035156,401.92999267578125,1484.0
2024-04-24 15:27:00,VSAT,16.209999084472656,16.209999084472656,16.209999084472656,16.209999084472656,16.209999084472656,2358.0
2024-04-24 15:27:00,VSEC,78.62000274658203,78.62000274658203,78.62000274658203,78.62000274658203,78.62000274658203,1766.0
2024-04-24 15:27:00,VTNR,1.4062999486923218,1.4062999486923218,1.4062999486923218,1.4062999486923218,1.4062999486923218,26958.0
2024-04-24 15:27:00,VTRS,11.510000228881836,11.510000228881836,11.510000228881836,11.510000228881836,11.510000228881836,18742.0
2024-04-24 15:27:00,VTSI,12.270000457763672,12.270000457763672,12.270000457763672,12.270000457763672,12.270000457763672,4084.0
2024-04-24 15:27:00,VUZI,1.3200000524520874,1.3200000524520874,1.3200000524520874,1.3200000524520874,1.3200000524520874,844.0
2024-04-24 15:27:00,VYGR,7.485000133514404,7.485000133514404,7.485000133514404,7.485000133514404,7.485000133514404,110.0
2024-04-24 15:27:00,WAFD,28.25,28.25,28.25,28.25,28.25,1946.0
2024-04-24 15:27:00,WB,8.444999694824219,8.444999694824219,8.444999694824219,8.444999694824219,8.444999694824219,1026.0
2024-04-24 15:27:00,WBA,17.844999313354492,17.844999313354492,17.844999313354492,17.844999313354492,17.844999313354492,12701.0
2024-04-24 15:27:00,WBD,8.319999694824219,8.319999694824219,8.319999694824219,8.319999694824219,8.319999694824219,62235.0
2024-04-24 15:27:00,WDAY,256.25,256.25,256.25,256.25,256.25,14443.0
2024-04-24 15:27:00,WDC,69.55999755859375,69.55999755859375,69.55999755859375,69.55999755859375,69.55999755859375,9795.0
2024-04-24 15:27:00,WEN,19.834999084472656,19.834999084472656,19.834999084472656,19.834999084472656,19.834999084472656,7518.0
2024-04-24 15:27:00,WERN,35.279998779296875,35.279998779296875,35.279998779296875,35.279998779296875,35.279998779296875,1262.0
2024-04-24 15:27:00,WFRD,123.61000061035156,123.61000061035156,123.61000061035156,123.61000061035156,123.61000061035156,1600.0
2024-04-24 15:27:00,WHLR,0.1421000063419342,0.1421000063419342,0.1421000063419342,0.1421000063419342,0.1421000063419342,959.0
2024-04-24 15:27:00,WIX,121.73999786376953,121.73999786376953,121.73999786376953,121.73999786376953,121.73999786376953,1762.0
2024-04-24 15:27:00,WKHS,0.16300000250339508,0.16300000250339508,0.16300000250339508,0.16300000250339508,0.16300000250339508,169493.0
2024-04-24 15:27:00,WKME,7.974999904632568,7.974999904632568,7.974999904632568,7.974999904632568,7.974999904632568,295.0
2024-04-24 15:27:00,WMG,32.10499954223633,32.10499954223633,32.10499954223633,32.10499954223633,32.10499954223633,3809.0
2024-04-24 15:27:00,WSBC,28.31999969482422,28.31999969482422,28.31999969482422,28.31999969482422,28.31999969482422,705.0
2024-04-24 15:27:00,WSC,38.099998474121094,38.099998474121094,38.099998474121094,38.099998474121094,38.099998474121094,4526.0
2024-04-24 15:27:00,WSFS,44.85599899291992,44.85599899291992,44.85599899291992,44.85599899291992,44.85599899291992,176.0
2024-04-24 15:27:00,WTW,264.5299987792969,264.5299987792969,264.5299987792969,264.5299987792969,264.5299987792969,105.0
2024-04-24 15:27:00,WVE,5.099999904632568,5.099999904632568,5.099999904632568,5.099999904632568,5.099999904632568,311.0
2024-04-24 15:27:00,WW,1.6649999618530273,1.6649999618530273,1.6649999618530273,1.6649999618530273,1.6649999618530273,22006.0
2024-04-24 15:27:00,WWD,149.16749572753906,149.16749572753906,149.16749572753906,149.16749572753906,149.16749572753906,2163.0
2024-04-24 15:27:00,WYNN,97.0999984741211,97.0999984741211,97.11000061035156,97.08000183105469,97.0999984741211,2057.0
2024-04-24 15:27:00,XEL,55.595001220703125,55.595001220703125,55.596500396728516,55.595001220703125,55.596500396728516,9655.0
2024-04-24 15:27:00,XENE,39.7400016784668,39.7400016784668,39.7400016784668,39.65999984741211,39.678001403808594,7486.0
2024-04-24 15:27:00,XERS,1.7549999952316284,1.7549999952316284,1.7549999952316284,1.7549999952316284,1.7549999952316284,432.0
2024-04-24 15:27:00,XFOR,1.2699999809265137,1.2699999809265137,1.2699999809265137,1.2699999809265137,1.2699999809265137,14969.0
2024-04-24 15:27:00,XNCR,18.920000076293945,18.920000076293945,18.920000076293945,18.90999984741211,18.90999984741211,10088.0
2024-04-24 15:27:00,XP,20.565000534057617,20.565000534057617,20.56999969482422,20.559999465942383,20.565000534057617,5627.0
2024-04-24 15:27:00,XRX,14.414999961853027,14.414999961853027,14.414999961853027,14.414999961853027,14.414999961853027,13046.0
2024-04-24 15:27:00,XXII,1.8808000087738037,1.8808000087738037,1.8808000087738037,1.8808000087738037,1.8808000087738037,707.0
2024-04-24 15:27:00,YTEN,0.22990000247955322,0.22990000247955322,0.22990000247955322,0.22990000247955322,0.22990000247955322,248.0
2024-04-24 15:27:00,Z,43.52000045776367,43.52000045776367,43.529998779296875,43.52000045776367,43.529998779296875,670.0
2024-04-24 15:27:00,ZD,52.10499954223633,52.10499954223633,52.10499954223633,52.10499954223633,52.10499954223633,606.0
2024-04-24 15:27:00,ZFOX,1.1399999856948853,1.1399999856948853,1.1399999856948853,1.1399999856948853,1.1399999856948853,100.0
2024-04-24 15:27:00,ZG,43.029998779296875,43.029998779296875,43.029998779296875,43.029998779296875,43.029998779296875,183.0
2024-04-24 15:27:00,ZI,15.829999923706055,15.829999923706055,15.829999923706055,15.824999809265137,15.824999809265137,2425.0
2024-04-24 15:27:00,ZION,42.18000030517578,42.18000030517578,42.18000030517578,42.18000030517578,42.18000030517578,2032.0
2024-04-24 15:27:00,ZLAB,15.545000076293945,15.545000076293945,15.545000076293945,15.545000076293945,15.545000076293945,592.0
2024-04-24 15:27:00,ZM,61.33150100708008,61.33150100708008,61.34000015258789,61.33000183105469,61.34000015258789,5645.0
2024-04-24 15:27:00,ZS,178.10000610351562,178.10000610351562,178.10000610351562,178.006103515625,178.006103515625,2711.0
2024-04-24 15:27:00,ZUMZ,17.290000915527344,17.290000915527344,17.290000915527344,17.290000915527344,17.290000915527344,1517.0
2024-04-24 15:27:00,ZURA,3.3399999141693115,3.3399999141693115,3.3399999141693115,3.3399999141693115,3.3399999141693115,621.0
2024-04-24 15:28:00,COCO,24.264999389648438,24.264999389648438,24.28499984741211,24.264999389648438,24.28499984741211,1363.0
2024-04-24 15:28:00,DIBS,5.369999885559082,5.369999885559082,5.369999885559082,5.369999885559082,5.369999885559082,1483.0
2024-04-24 15:28:00,EGHT,2.3450000286102295,2.3450000286102295,2.3499999046325684,2.3450000286102295,2.3450000286102295,721.0
2024-04-24 15:28:00,ETNB,8.604999542236328,8.604999542236328,8.614999771118164,8.550000190734863,8.614999771118164,23784.0
2024-04-24 15:28:00,FDMT,24.420000076293945,24.420000076293945,24.56999969482422,24.420000076293945,24.559600830078125,4197.0
2024-04-24 15:28:00,FREE,4.820000171661377,4.820000171661377,4.820000171661377,4.820000171661377,4.820000171661377,320.0
2024-04-24 15:28:00,MAPS,1.090000033378601,1.090000033378601,1.090000033378601,1.090000033378601,1.090000033378601,773.0
2024-04-24 15:28:00,ME,0.4722999930381775,0.4722999930381775,0.4722999930381775,0.4722999930381775,0.4722999930381775,291.0
2024-04-24 15:28:00,SEAT,5.869999885559082,5.869999885559082,5.869999885559082,5.864999771118164,5.869999885559082,4046.0
2024-04-24 15:28:00,SXTP,0.23469999432563782,0.23469999432563782,0.23469999432563782,0.23469999432563782,0.23469999432563782,623.0
2024-04-24 15:28:00,TSVT,4.210000038146973,4.210000038146973,4.21999979019165,4.210000038146973,4.21999979019165,1560.0
2024-04-24 15:28:00,TWOU,0.2387000024318695,0.2387000024318695,0.23880000412464142,0.2387000024318695,0.23880000412464142,24551.0
2024-04-24 15:28:00,TXG,27.3799991607666,27.3799991607666,27.3799991607666,27.3700008392334,27.3700008392334,1763.0
2024-04-24 15:28:00,VC,110.6500015258789,110.6500015258789,110.75499725341797,110.6500015258789,110.75499725341797,1443.0
2024-04-24 15:28:00,VCTR,49.869998931884766,49.869998931884766,49.900001525878906,49.869998931884766,49.900001525878906,600.0
2024-04-24 15:28:00,VERU,1.3350000381469727,1.3350000381469727,1.340000033378601,1.3300000429153442,1.3300000429153442,1303.0
2024-04-24 15:28:00,VERV,6.53000020980835,6.53000020980835,6.539999961853027,6.53000020980835,6.539999961853027,806.0
2024-04-24 15:28:00,VERX,28.964000701904297,28.964000701904297,28.964000701904297,28.950000762939453,28.950000762939453,560.0
2024-04-24 15:28:00,VFS,2.494999885559082,2.494999885559082,2.494999885559082,2.494999885559082,2.494999885559082,1765.0
2024-04-24 15:28:00,VIAV,7.987500190734863,7.987500190734863,7.987500190734863,7.985000133514404,7.985000133514404,2221.0
2024-04-24 15:28:00,VICR,31.0,31.0,31.010000228881836,31.0,31.010000228881836,2156.0
2024-04-24 15:28:00,VIR,8.03499984741211,8.03499984741211,8.045000076293945,8.03499984741211,8.045000076293945,3280.0
2024-04-24 15:28:00,VIRC,10.680000305175781,10.680000305175781,10.720000267028809,10.680000305175781,10.704999923706055,1710.0
2024-04-24 15:28:00,VIRT,21.989999771118164,21.989999771118164,22.020000457763672,21.981000900268555,22.020000457763672,12678.0
2024-04-24 15:28:00,VIVK,1.465000033378601,1.465000033378601,1.465000033378601,1.465000033378601,1.465000033378601,1200.0
2024-04-24 15:28:00,VKTX,64.77999877929688,64.77999877929688,64.88999938964844,64.7699966430664,64.86000061035156,4796.0
2024-04-24 15:28:00,VLCN,0.25839999318122864,0.25839999318122864,0.25839999318122864,0.25839999318122864,0.25839999318122864,1350.0
2024-04-24 15:28:00,VMEO,3.5199999809265137,3.5199999809265137,3.5199999809265137,3.509999990463257,3.515000104904175,2109.0
2024-04-24 15:28:00,VNET,1.565000057220459,1.565000057220459,1.565000057220459,1.565000057220459,1.565000057220459,4077.0
2024-04-24 15:28:00,VNOM,39.93000030517578,39.93000030517578,39.97999954223633,39.93000030517578,39.97999954223633,4657.0
2024-04-24 15:28:00,VRRM,24.235000610351562,24.235000610351562,24.235000610351562,24.229999542236328,24.229999542236328,1823.0
2024-04-24 15:28:00,VRTX,401.8550109863281,401.8550109863281,401.8550109863281,401.8550109863281,401.8550109863281,556.0
2024-04-24 15:28:00,VSAT,16.190000534057617,16.190000534057617,16.209999084472656,16.190000534057617,16.209999084472656,2926.0
2024-04-24 15:28:00,VTNR,1.4049999713897705,1.4049999713897705,1.409999966621399,1.4049999713897705,1.409999966621399,1847.0
2024-04-24 15:28:00,VTRS,11.505000114440918,11.505000114440918,11.510000228881836,11.505000114440918,11.510000228881836,4982.0
2024-04-24 15:28:00,VUZI,1.315000057220459,1.315000057220459,1.315000057220459,1.309999942779541,1.309999942779541,500.0
2024-04-24 15:28:00,VVPR,3.6649999618530273,3.6649999618530273,3.6649999618530273,3.6649999618530273,3.6649999618530273,10.0
2024-04-24 15:28:00,VYGR,7.487500190734863,7.487500190734863,7.487500190734863,7.487500190734863,7.487500190734863,110.0
2024-04-24 15:28:00,WAFD,28.229999542236328,28.229999542236328,28.229999542236328,28.219999313354492,28.22100067138672,2045.0
2024-04-24 15:28:00,WB,8.444999694824219,8.444999694824219,8.444999694824219,8.444999694824219,8.444999694824219,473.0
2024-04-24 15:28:00,WBA,17.834999084472656,17.834999084472656,17.844999313354492,17.832500457763672,17.844999313354492,14637.0
2024-04-24 15:28:00,WBD,8.324999809265137,8.324999809265137,8.329999923706055,8.320599555969238,8.324999809265137,19427.0
2024-04-24 15:28:00,WDAY,256.05999755859375,256.05999755859375,256.260009765625,256.04998779296875,256.2049865722656,3159.0
2024-04-24 15:28:00,WDC,69.51000213623047,69.51000213623047,69.55999755859375,69.51000213623047,69.55999755859375,5389.0
2024-04-24 15:28:00,WEN,19.834999084472656,19.834999084472656,19.84000015258789,19.834999084472656,19.84000015258789,4251.0
2024-04-24 15:28:00,WERN,35.279998779296875,35.279998779296875,35.279998779296875,35.279998779296875,35.279998779296875,243.0
2024-04-24 15:28:00,WEST,9.979999542236328,9.979999542236328,9.979999542236328,9.979999542236328,9.979999542236328,1240.0
2024-04-24 15:28:00,WFRD,123.62000274658203,123.62000274658203,123.72000122070312,123.55999755859375,123.6500015258789,956.0
2024-04-24 15:28:00,WHF,12.920000076293945,12.920000076293945,12.920000076293945,12.920000076293945,12.920000076293945,1131.0
2024-04-24 15:28:00,WIMI,1.0399999618530273,1.0399999618530273,1.0399999618530273,1.0299999713897705,1.0300999879837036,29054.0
2024-04-24 15:28:00,WING,364.57000732421875,364.57000732421875,364.57000732421875,364.57000732421875,364.57000732421875,273.0
2024-04-24 15:28:00,WISA,6.139999866485596,6.139999866485596,6.139999866485596,6.078800201416016,6.078800201416016,12355.0
2024-04-24 15:28:00,WIX,121.62000274658203,121.62000274658203,121.66999816894531,121.54000091552734,121.66999816894531,1544.0
2024-04-24 15:28:00,WKHS,0.16300000250339508,0.16300000250339508,0.16300000250339508,0.16120000183582306,0.16130000352859497,65320.0
2024-04-24 15:28:00,WMG,32.11000061035156,32.11000061035156,32.11000061035156,32.11000061035156,32.11000061035156,422.0
2024-04-24 15:28:00,WRLD,137.9499969482422,137.9499969482422,137.9499969482422,137.9499969482422,137.9499969482422,600.0
2024-04-24 15:28:00,WSBF,12.300000190734863,12.300000190734863,12.300000190734863,12.300000190734863,12.300000190734863,206.0
2024-04-24 15:28:00,WSC,38.060001373291016,38.060001373291016,38.08000183105469,38.04999923706055,38.08000183105469,3499.0
2024-04-24 15:28:00,WSFS,44.83000183105469,44.83000183105469,44.869998931884766,44.83000183105469,44.869998931884766,866.0
2024-04-24 15:28:00,WTW,264.5050048828125,264.5050048828125,264.5199890136719,264.4200134277344,264.510009765625,4023.0
2024-04-24 15:28:00,WVE,5.079999923706055,5.079999923706055,5.085000038146973,5.070000171661377,5.085000038146973,1206.0
2024-04-24 15:28:00,WWD,149.02999877929688,149.02999877929688,149.1300048828125,148.99000549316406,149.125,6965.0
2024-04-24 15:28:00,WYNN,97.02999877929688,97.02999877929688,97.13999938964844,97.02999877929688,97.12000274658203,14551.0
2024-04-24 15:28:00,XEL,55.595001220703125,55.595001220703125,55.599998474121094,55.59000015258789,55.595001220703125,7364.0
2024-04-24 15:28:00,XENE,39.650001525878906,39.650001525878906,39.7400016784668,39.650001525878906,39.7400016784668,5550.0
2024-04-24 15:28:00,XERS,1.7549999952316284,1.7549999952316284,1.7549999952316284,1.75,1.7547999620437622,577.0
2024-04-24 15:28:00,XFOR,1.2699999809265137,1.2699999809265137,1.2699999809265137,1.2649999856948853,1.2649999856948853,203.0
2024-04-24 15:28:00,XMTR,16.829999923706055,16.829999923706055,16.84000015258789,16.829999923706055,16.84000015258789,1078.0
2024-04-24 15:28:00,XNCR,18.920000076293945,18.920000076293945,18.93000030517578,18.90999984741211,18.920000076293945,7939.0
2024-04-24 15:28:00,XP,20.584999084472656,20.584999084472656,20.584999084472656,20.55500030517578,20.559999465942383,52248.0
2024-04-24 15:28:00,XPEL,55.119998931884766,55.119998931884766,55.119998931884766,55.119998931884766,55.119998931884766,214.0
2024-04-24 15:28:00,XRX,14.404999732971191,14.404999732971191,14.420000076293945,14.404999732971191,14.414999961853027,13490.0
2024-04-24 15:28:00,Z,43.47999954223633,43.47999954223633,43.52000045776367,43.47999954223633,43.52000045776367,2376.0
2024-04-24 15:28:00,ZBRA,277.54998779296875,277.54998779296875,277.55999755859375,277.54998779296875,277.55999755859375,1979.0
2024-04-24 15:28:00,ZD,52.09000015258789,52.09000015258789,52.10499954223633,52.09000015258789,52.10499954223633,689.0
2024-04-24 15:28:00,ZFOX,1.1299999952316284,1.1299999952316284,1.1299999952316284,1.1299999952316284,1.1299999952316284,122.0
2024-04-24 15:28:00,ZG,42.97999954223633,42.97999954223633,43.0,42.970001220703125,43.0,1016.0
2024-04-24 15:28:00,ZI,15.824999809265137,15.824999809265137,15.829999923706055,15.824999809265137,15.824999809265137,2223.0
2024-04-24 15:28:00,ZION,42.150001525878906,42.150001525878906,42.150001525878906,42.150001525878906,42.150001525878906,2361.0
2024-04-24 15:28:00,ZM,61.279998779296875,61.279998779296875,61.33000183105469,61.279998779296875,61.33000183105469,3338.0
2024-04-24 15:28:00,ZNTL,11.720000267028809,11.720000267028809,11.765000343322754,11.720000267028809,11.760000228881836,2042.0
2024-04-24 15:28:00,ZS,178.02499389648438,178.02499389648438,178.0449981689453,177.9600067138672,178.02999877929688,1121.0
2024-04-24 15:28:00,ZVRA,4.53000020980835,4.53000020980835,4.534999847412109,4.53000020980835,4.534999847412109,1152.0
2024-04-24 15:28:00,ZYXI,11.199999809265137,11.199999809265137,11.199999809265137,11.199999809265137,11.199999809265137,421.0
2024-04-24 15:29:00,COCO,24.260000228881836,24.260000228881836,24.260000228881836,24.260000228881836,24.260000228881836,1117.0
2024-04-24 15:29:00,EGHT,2.3399999141693115,2.3399999141693115,2.3499999046325684,2.3399999141693115,2.3499999046325684,1101.0
2024-04-24 15:29:00,ETNB,8.609999656677246,8.609999656677246,8.609999656677246,8.604999542236328,8.604999542236328,6518.0
2024-04-24 15:29:00,FDMT,24.364999771118164,24.364999771118164,24.40999984741211,24.364999771118164,24.40999984741211,1065.0
2024-04-24 15:29:00,FLWS,9.180000305175781,9.180000305175781,9.180000305175781,9.180000305175781,9.180000305175781,521.0
2024-04-24 15:29:00,FREE,4.820000171661377,4.820000171661377,4.820000171661377,4.820000171661377,4.820000171661377,8.0
2024-04-24 15:29:00,ME,0.4722999930381775,0.4722999930381775,0.4722999930381775,0.4722000062465668,0.4722000062465668,381.0
2024-04-24 15:29:00,NNAGU,10.600000381469727,10.600000381469727,10.600000381469727,10.600000381469727,10.600000381469727,0.0
2024-04-24 15:29:00,SCWO,1.399999976158142,1.399999976158142,1.399999976158142,1.399999976158142,1.399999976158142,700.0
2024-04-24 15:29:00,SEAT,5.864999771118164,5.864999771118164,5.864999771118164,5.864999771118164,5.864999771118164,595.0
2024-04-24 15:29:00,TSVT,4.210000038146973,4.210000038146973,4.215000152587891,4.210000038146973,4.210000038146973,525.0
2024-04-24 15:29:00,TWOU,0.23880000412464142,0.23880000412464142,0.23880000412464142,0.2387000024318695,0.23880000412464142,22453.0
2024-04-24 15:29:00,TXG,27.360000610351562,27.360000610351562,27.3700008392334,27.350000381469727,27.3700008392334,3742.0
2024-04-24 15:29:00,VC,110.62999725341797,110.62999725341797,110.62999725341797,110.62999725341797,110.62999725341797,341.0
2024-04-24 15:29:00,VCTR,49.85499954223633,49.85499954223633,49.86000061035156,49.85499954223633,49.86000061035156,630.0
2024-04-24 15:29:00,VERU,1.340000033378601,1.340000033378601,1.340000033378601,1.3300000429153442,1.3300000429153442,1900.0
2024-04-24 15:29:00,VERV,6.534999847412109,6.534999847412109,6.538300037384033,6.525000095367432,6.538300037384033,5507.0
2024-04-24 15:29:00,VERX,29.020000457763672,29.020000457763672,29.020000457763672,28.959999084472656,28.979999542236328,4017.0
2024-04-24 15:29:00,VFF,1.309000015258789,1.309000015258789,1.309999942779541,1.3049999475479126,1.3049999475479126,1442.0
2024-04-24 15:29:00,VFS,2.494999885559082,2.494999885559082,2.494999885559082,2.494999885559082,2.494999885559082,200.0
2024-04-24 15:29:00,VIAV,7.985000133514404,7.985000133514404,7.985000133514404,7.985000133514404,7.985000133514404,3000.0
2024-04-24 15:29:00,VICR,31.024999618530273,31.024999618530273,31.030000686645508,30.94499969482422,30.94499969482422,4497.0
2024-04-24 15:29:00,VIRC,10.661100387573242,10.661100387573242,10.661100387573242,10.661100387573242,10.661100387573242,285.0
2024-04-24 15:29:00,VIRT,21.985000610351562,21.985000610351562,21.985000610351562,21.975000381469727,21.981000900268555,4979.0
2024-04-24 15:29:00,VITL,26.76180076599121,26.76180076599121,26.76180076599121,26.75,26.75,1027.0
2024-04-24 15:29:00,VIVK,1.5,1.5,1.5,1.5,1.5,51.0
2024-04-24 15:29:00,VKTX,64.72000122070312,64.72000122070312,64.86000061035156,64.72000122070312,64.7300033569336,4852.0
2024-04-24 15:29:00,VLCN,0.25760000944137573,0.25760000944137573,0.25760000944137573,0.257099986076355,0.257099986076355,36897.0
2024-04-24 15:29:00,VMD,8.050000190734863,8.050000190734863,8.050000190734863,8.010000228881836,8.010000228881836,3081.0
2024-04-24 15:29:00,VNET,1.565000057220459,1.565000057220459,1.565000057220459,1.565000057220459,1.565000057220459,667.0
2024-04-24 15:29:00,VOD,8.635000228881836,8.635000228881836,8.640000343322754,8.635000228881836,8.640000343322754,24934.0
2024-04-24 15:29:00,VRDN,13.140000343322754,13.140000343322754,13.140000343322754,13.140000343322754,13.140000343322754,533.0
2024-04-24 15:29:00,VRNA,15.3100004196167,15.3100004196167,15.319999694824219,15.289999961853027,15.319999694824219,6101.0
2024-04-24 15:29:00,VRRM,24.235000610351562,24.235000610351562,24.235000610351562,24.229999542236328,24.232500076293945,434.0
2024-04-24 15:29:00,VRTX,402.0299987792969,402.0299987792969,402.0400085449219,401.92999267578125,401.92999267578125,1395.0
2024-04-24 15:29:00,VSAT,16.18000030517578,16.18000030517578,16.18000030517578,16.18000030517578,16.18000030517578,1344.0
2024-04-24 15:29:00,VSME,0.4180000126361847,0.4180000126361847,0.4180000126361847,0.4180000126361847,0.4180000126361847,3400.0
2024-04-24 15:29:00,VTNR,1.4049999713897705,1.4049999713897705,1.4098999500274658,1.4049999713897705,1.4083000421524048,2483.0
2024-04-24 15:29:00,VTRS,11.555000305175781,11.555000305175781,11.555000305175781,11.510000228881836,11.510000228881836,200899.0
2024-04-24 15:29:00,VUZI,1.315000057220459,1.315000057220459,1.315000057220459,1.315000057220459,1.315000057220459,200.0
2024-04-24 15:29:00,VYGR,7.485000133514404,7.485000133514404,7.485000133514404,7.485000133514404,7.485000133514404,133.0
2024-04-24 15:29:00,WB,8.414999961853027,8.414999961853027,8.444999694824219,8.40999984741211,8.4399995803833,40207.0
2024-04-24 15:29:00,WBA,17.834999084472656,17.834999084472656,17.84000015258789,17.829999923706055,17.84000015258789,33660.0
2024-04-24 15:29:00,WBD,8.329999923706055,8.329999923706055,8.329999923706055,8.320099830627441,8.320099830627441,6274.0
2024-04-24 15:29:00,WDAY,256.0199890136719,256.0199890136719,256.1099853515625,255.875,256.07000732421875,4277.0
2024-04-24 15:29:00,WDC,69.56999969482422,69.56999969482422,69.56999969482422,69.5,69.51000213623047,14876.0
2024-04-24 15:29:00,WEN,19.825000762939453,19.825000762939453,19.829999923706055,19.825000762939453,19.829999923706055,11094.0
2024-04-24 15:29:00,WERN,35.290000915527344,35.290000915527344,35.290000915527344,35.27000045776367,35.27000045776367,1311.0
2024-04-24 15:29:00,WFRD,123.48500061035156,123.48500061035156,123.5999984741211,123.48500061035156,123.5999984741211,2993.0
2024-04-24 15:29:00,WIMI,1.034999966621399,1.034999966621399,1.034999966621399,1.0302000045776367,1.0318000316619873,2960.0
2024-04-24 15:29:00,WING,364.5350036621094,364.5350036621094,364.5350036621094,364.5350036621094,364.5350036621094,230.0
2024-04-24 15:29:00,WISA,6.094299793243408,6.094299793243408,6.098599910736084,6.094299793243408,6.098599910736084,701.0
2024-04-24 15:29:00,WIX,121.76000213623047,121.76000213623047,121.76000213623047,121.62000274658203,121.625,2749.0
2024-04-24 15:29:00,WKHS,0.16290000081062317,0.16290000081062317,0.16300000250339508,0.16290000081062317,0.16300000250339508,100200.0
2024-04-24 15:29:00,WLDS,0.47909998893737793,0.47909998893737793,0.47909998893737793,0.47909998893737793,0.47909998893737793,200.0
2024-04-24 15:29:00,WMG,32.099998474121094,32.099998474121094,32.11000061035156,32.099998474121094,32.099998474121094,2366.0
2024-04-24 15:29:00,WNEB,6.474999904632568,6.474999904632568,6.474999904632568,6.46999979019165,6.474999904632568,1243.0
2024-04-24 15:29:00,WSBC,28.280000686645508,28.280000686645508,28.280000686645508,28.270000457763672,28.270000457763672,660.0
2024-04-24 15:29:00,WSBF,12.300000190734863,12.300000190734863,12.300000190734863,12.300000190734863,12.300000190734863,384.0
2024-04-24 15:29:00,WSC,38.060001373291016,38.060001373291016,38.060001373291016,38.060001373291016,38.060001373291016,775.0
2024-04-24 15:29:00,WTFC,100.0999984741211,100.0999984741211,100.0999984741211,100.0999984741211,100.0999984741211,557.0
2024-04-24 15:29:00,WTW,264.11700439453125,264.11700439453125,264.4200134277344,264.11700439453125,264.4200134277344,2197.0
2024-04-24 15:29:00,WW,1.659999966621399,1.659999966621399,1.659999966621399,1.659999966621399,1.659999966621399,312.0
2024-04-24 15:29:00,WWD,149.02499389648438,149.02499389648438,149.02999877929688,149.02499389648438,149.02999877929688,884.0
2024-04-24 15:29:00,WYNN,96.98999786376953,96.98999786376953,97.03500366210938,96.98999786376953,97.03500366210938,1608.0
2024-04-24 15:29:00,XEL,55.60499954223633,55.60499954223633,55.60499954223633,55.584999084472656,55.59000015258789,13970.0
2024-04-24 15:29:00,XENE,39.5099983215332,39.5099983215332,39.5099983215332,39.5099983215332,39.5099983215332,420.0
2024-04-24 15:29:00,XFOR,1.2699999809265137,1.2699999809265137,1.274999976158142,1.2699999809265137,1.2699999809265137,22982.0
2024-04-24 15:29:00,XLO,1.0600999593734741,1.0600999593734741,1.0600999593734741,1.0600999593734741,1.0600999593734741,2026.0
2024-04-24 15:29:00,XMTR,16.84000015258789,16.84000015258789,16.84000015258789,16.84000015258789,16.84000015258789,900.0
2024-04-24 15:29:00,XNCR,18.93000030517578,18.93000030517578,18.950000762939453,18.915000915527344,18.93000030517578,6246.0
2024-04-24 15:29:00,XOMA,25.799999237060547,25.799999237060547,25.799999237060547,25.790000915527344,25.790000915527344,558.0
2024-04-24 15:29:00,XP,20.575000762939453,20.575000762939453,20.584999084472656,20.56999969482422,20.584999084472656,9383.0
2024-04-24 15:29:00,XRX,14.404999732971191,14.404999732971191,14.409700393676758,14.399999618530273,14.404999732971191,5495.0
2024-04-24 15:29:00,YTRA,1.2549999952316284,1.2549999952316284,1.2577999830245972,1.25,1.25,5596.0
2024-04-24 15:29:00,Z,43.470001220703125,43.470001220703125,43.470001220703125,43.459999084472656,43.459999084472656,1675.0
2024-04-24 15:29:00,ZFOX,1.1399999856948853,1.1399999856948853,1.1399999856948853,1.1399999856948853,1.1399999856948853,89.0
2024-04-24 15:29:00,ZI,15.824999809265137,15.824999809265137,15.824999809265137,15.8149995803833,15.824999809265137,15131.0
2024-04-24 15:29:00,ZION,42.15999984741211,42.15999984741211,42.165000915527344,42.150001525878906,42.150001525878906,2853.0
2024-04-24 15:29:00,ZM,61.27000045776367,61.27000045776367,61.27000045776367,61.27000045776367,61.27000045776367,1194.0
2024-04-24 15:29:00,ZNTL,11.729999542236328,11.729999542236328,11.729999542236328,11.729999542236328,11.729999542236328,598.0
2024-04-24 15:29:00,ZS,177.97000122070312,177.97000122070312,178.0,177.94000244140625,177.94000244140625,616.0
2024-04-24 15:29:00,ZURA,3.3499999046325684,3.3499999046325684,3.3499999046325684,3.3299999237060547,3.3299999237060547,7814.0
2024-04-24 15:29:00,ZYME,8.550000190734863,8.550000190734863,8.550000190734863,8.539999961853027,8.539999961853027,968.0
2024-04-24 15:30:00,COCO,24.25,24.25,24.25,24.25,24.25,255.0
2024-04-24 15:30:00,DSP,8.579999923706055,8.579999923706055,8.59000015258789,8.579999923706055,8.59000015258789,159714.0
2024-04-24 15:30:00,EGHT,2.3499999046325684,2.3499999046325684,2.3499999046325684,2.3450000286102295,2.3450000286102295,1491.0
2024-04-24 15:30:00,ETNB,8.609999656677246,8.609999656677246,8.609999656677246,8.609999656677246,8.609999656677246,852.0
2024-04-24 15:30:00,FLWS,9.170000076293945,9.170000076293945,9.170000076293945,9.170000076293945,9.170000076293945,285.0
2024-04-24 15:30:00,FREE,4.820000171661377,4.820000171661377,4.820000171661377,4.810100078582764,4.815000057220459,5034.0
2024-04-24 15:30:00,MAPS,1.0850000381469727,1.0850000381469727,1.090000033378601,1.0850000381469727,1.090000033378601,300.0
2024-04-24 15:30:00,MASS,5.630000114440918,5.630000114440918,5.630000114440918,5.630000114440918,5.630000114440918,1564.0
2024-04-24 15:30:00,ME,0.4722000062465668,0.4722000062465668,0.4722999930381775,0.4722000062465668,0.4722999930381775,315.0
2024-04-24 15:30:00,SCWO,1.3849999904632568,1.3849999904632568,1.3849999904632568,1.3849999904632568,1.3849999904632568,0.0
2024-04-24 15:30:00,SEAT,5.869999885559082,5.869999885559082,5.869999885559082,5.864999771118164,5.869999885559082,700.0
2024-04-24 15:30:00,TSVT,4.215000152587891,4.215000152587891,4.215000152587891,4.215000152587891,4.215000152587891,239.0
2024-04-24 15:30:00,TWOU,0.2387000024318695,0.2387000024318695,0.2387000024318695,0.2387000024318695,0.2387000024318695,2127.0
2024-04-24 15:30:00,TXG,27.31999969482422,27.31999969482422,27.350000381469727,27.31999969482422,27.350000381469727,4118.0
2024-04-24 15:30:00,VC,110.67500305175781,110.67500305175781,110.67500305175781,110.67500305175781,110.67500305175781,1033.0
2024-04-24 15:30:00,VCTR,49.83000183105469,49.83000183105469,49.83000183105469,49.83000183105469,49.83000183105469,357.0
2024-04-24 15:30:00,VERU,1.3300000429153442,1.3300000429153442,1.3300000429153442,1.3300000429153442,1.3300000429153442,823.0
2024-04-24 15:30:00,VERV,6.545000076293945,6.545000076293945,6.545000076293945,6.534999847412109,6.534999847412109,8892.0
2024-04-24 15:30:00,VERX,28.975000381469727,28.975000381469727,29.030000686645508,28.969999313354492,29.020000457763672,8070.0
2024-04-24 15:30:00,VFS,2.4997000694274902,2.4997000694274902,2.5,2.494999885559082,2.494999885559082,3263.0
2024-04-24 15:30:00,VIAV,7.985000133514404,7.985000133514404,7.985000133514404,7.985000133514404,7.985000133514404,515.0
2024-04-24 15:30:00,VICR,31.100000381469727,31.100000381469727,31.100000381469727,31.040000915527344,31.040000915527344,1144.0
2024-04-24 15:30:00,VIR,8.029999732971191,8.029999732971191,8.029999732971191,8.029999732971191,8.029999732971191,855.0
2024-04-24 15:30:00,VIRT,21.979999542236328,21.979999542236328,21.979999542236328,21.979999542236328,21.979999542236328,995.0
2024-04-24 15:30:00,VITL,26.770000457763672,26.770000457763672,26.770000457763672,26.770000457763672,26.770000457763672,1046.0
2024-04-24 15:30:00,VIVK,1.5,1.5,1.5,1.499899983406067,1.499899983406067,647.0
2024-04-24 15:30:00,VKTX,64.79989624023438,64.79989624023438,64.80000305175781,64.69499969482422,64.72000122070312,8951.0
2024-04-24 15:30:00,VMEO,3.515000104904175,3.515000104904175,3.5199999809265137,3.515000104904175,3.5199999809265137,1051.0
2024-04-24 15:30:00,VNOM,39.959999084472656,39.959999084472656,39.959999084472656,39.91999816894531,39.91999816894531,2774.0
2024-04-24 15:30:00,VOD,8.635000228881836,8.635000228881836,8.640000343322754,8.635000228881836,8.635000228881836,2823.0
2024-04-24 15:30:00,VOR,1.7400000095367432,1.7400000095367432,1.7400000095367432,1.7400000095367432,1.7400000095367432,550.0
2024-04-24 15:30:00,VRDN,13.140000343322754,13.140000343322754,13.149999618530273,13.140000343322754,13.149999618530273,2317.0
2024-04-24 15:30:00,VRRM,24.235000610351562,24.235000610351562,24.235000610351562,24.229999542236328,24.235000610351562,1109.0
2024-04-24 15:30:00,VRTX,401.5899963378906,401.5899963378906,401.739990234375,401.5899963378906,401.7149963378906,1559.0
2024-04-24 15:30:00,VTNR,1.399999976158142,1.399999976158142,1.4049999713897705,1.399999976158142,1.4049999713897705,3026.0
2024-04-24 15:30:00,VTRS,11.560099601745605,11.560099601745605,11.579999923706055,11.550000190734863,11.555000305175781,103822.0
2024-04-24 15:30:00,VTSI,12.220000267028809,12.220000267028809,12.251999855041504,12.1899995803833,12.251999855041504,2744.0
2024-04-24 15:30:00,VUZI,1.309999942779541,1.309999942779541,1.309999942779541,1.309999942779541,1.309999942779541,101.0
2024-04-24 15:30:00,VYGR,7.5,7.5,7.5,7.485000133514404,7.485000133514404,1262.0
2024-04-24 15:30:00,WABC,47.8650016784668,47.8650016784668,47.8650016784668,47.849998474121094,47.849998474121094,697.0
2024-04-24 15:30:00,WAFD,28.270000457763672,28.270000457763672,28.274999618530273,28.270000457763672,28.270000457763672,1000.0
2024-04-24 15:30:00,WB,8.414999961853027,8.414999961853027,8.414999961853027,8.414999961853027,8.414999961853027,1176.0
2024-04-24 15:30:00,WBA,17.854999542236328,17.854999542236328,17.854999542236328,17.81999969482422,17.84000015258789,71235.0
2024-04-24 15:30:00,WBD,8.324999809265137,8.324999809265137,8.329999923706055,8.319999694824219,8.324999809265137,13501.0
2024-04-24 15:30:00,WDAY,255.92999267578125,255.92999267578125,255.9550018310547,255.88999938964844,255.9550018310547,2851.0
2024-04-24 15:30:00,WDC,69.52999877929688,69.52999877929688,69.55500030517578,69.51000213623047,69.55500030517578,6243.0
2024-04-24 15:30:00,WEN,19.80500030517578,19.80500030517578,19.81999969482422,19.799999237060547,19.81999969482422,4516.0
2024-04-24 15:30:00,WERN,35.29499816894531,35.29499816894531,35.29999923706055,35.290000915527344,35.290000915527344,2646.0
2024-04-24 15:30:00,WFRD,123.61000061035156,123.61000061035156,123.61000061035156,123.47000122070312,123.47000122070312,819.0
2024-04-24 15:30:00,WHLM,5.920000076293945,5.920000076293945,5.920000076293945,5.920000076293945,5.920000076293945,2712.0
2024-04-24 15:30:00,WIMI,1.0398999452590942,1.0398999452590942,1.0399999618530273,1.0318000316619873,1.0318000316619873,20262.0
2024-04-24 15:30:00,WING,364.0899963378906,364.0899963378906,364.5299987792969,364.0899963378906,364.5299987792969,3710.0
2024-04-24 15:30:00,WISA,6.090099811553955,6.090099811553955,6.135000228881836,6.090099811553955,6.135000228881836,621.0
2024-04-24 15:30:00,WIX,121.8499984741211,121.8499984741211,121.8499984741211,121.8499984741211,121.8499984741211,182.0
2024-04-24 15:30:00,WKHS,0.16279999911785126,0.16279999911785126,0.16279999911785126,0.16249999403953552,0.16249999403953552,3696.0
2024-04-24 15:30:00,WKME,7.960000038146973,7.960000038146973,7.960000038146973,7.960000038146973,7.960000038146973,608.0
2024-04-24 15:30:00,WLDS,0.45010000467300415,0.45010000467300415,0.45010000467300415,0.45010000467300415,0.45010000467300415,100.0
2024-04-24 15:30:00,WMG,32.130001068115234,32.130001068115234,32.130001068115234,32.10499954223633,32.10499954223633,3972.0
2024-04-24 15:30:00,WSBC,28.295000076293945,28.295000076293945,28.295000076293945,28.295000076293945,28.295000076293945,274.0
2024-04-24 15:30:00,WSC,38.060001373291016,38.060001373291016,38.084999084472656,38.060001373291016,38.06999969482422,7116.0
2024-04-24 15:30:00,WTW,264.260009765625,264.260009765625,264.260009765625,264.260009765625,264.260009765625,1109.0
2024-04-24 15:30:00,WW,1.6649999618530273,1.6649999618530273,1.6649999618530273,1.659999966621399,1.659999966621399,2169.0
2024-04-24 15:30:00,WWD,149.0399932861328,149.0399932861328,149.0500030517578,149.02999877929688,149.02999877929688,1285.0
2024-04-24 15:30:00,WYNN,96.94999694824219,96.94999694824219,96.98999786376953,96.94999694824219,96.98999786376953,3580.0
2024-04-24 15:30:00,XBIT,8.164999961853027,8.164999961853027,8.210000038146973,8.164999961853027,8.210000038146973,394.0
2024-04-24 15:30:00,XEL,55.54999923706055,55.54999923706055,55.61000061035156,55.54999923706055,55.61000061035156,16354.0
2024-04-24 15:30:00,XENE,39.5099983215332,39.5099983215332,39.540000915527344,39.5099983215332,39.52000045776367,6027.0
2024-04-24 15:30:00,XERS,1.7549999952316284,1.7549999952316284,1.7549999952316284,1.75,1.75,1100.0
2024-04-24 15:30:00,XFOR,1.2699999809265137,1.2699999809265137,1.2699999809265137,1.2649999856948853,1.2699999809265137,2723.0
2024-04-24 15:30:00,XMTR,16.84000015258789,16.84000015258789,16.850000381469727,16.84000015258789,16.850000381469727,889.0
2024-04-24 15:30:00,XNCR,18.93000030517578,18.93000030517578,18.950000762939453,18.920000076293945,18.920000076293945,3642.0
2024-04-24 15:30:00,XP,20.56999969482422,20.56999969482422,20.579999923706055,20.56999969482422,20.575000762939453,7715.0
2024-04-24 15:30:00,XPEL,55.1349983215332,55.1349983215332,55.1349983215332,55.1349983215332,55.1349983215332,967.0
2024-04-24 15:30:00,XRX,14.414999961853027,14.414999961853027,14.414999961853027,14.399999618530273,14.404999732971191,9469.0
2024-04-24 15:30:00,XXII,1.8899999856948853,1.8899999856948853,1.8899999856948853,1.8899999856948853,1.8899999856948853,516.0
2024-04-24 15:30:00,YTRA,1.25,1.25,1.25,1.25,1.25,4535.0
2024-04-24 15:30:00,Z,43.439998626708984,43.439998626708984,43.470001220703125,43.439998626708984,43.46500015258789,3541.0
2024-04-24 15:30:00,ZD,52.084999084472656,52.084999084472656,52.084999084472656,52.084999084472656,52.084999084472656,874.0
2024-04-24 15:30:00,ZG,42.959999084472656,42.959999084472656,42.959999084472656,42.959999084472656,42.959999084472656,566.0
2024-04-24 15:30:00,ZI,15.824999809265137,15.824999809265137,15.824999809265137,15.824999809265137,15.824999809265137,407.0
2024-04-24 15:30:00,ZION,42.119998931884766,42.119998931884766,42.14500045776367,42.119998931884766,42.14500045776367,3249.0
2024-04-24 15:30:00,ZLAB,15.579999923706055,15.579999923706055,15.579999923706055,15.545000076293945,15.545000076293945,3006.0
2024-04-24 15:30:00,ZM,61.2599983215332,61.2599983215332,61.290000915527344,61.25,61.279998779296875,9220.0
2024-04-24 15:30:00,ZNTL,11.729999542236328,11.729999542236328,11.729999542236328,11.729999542236328,11.729999542236328,590.0
2024-04-24 15:30:00,ZS,178.03550720214844,178.03550720214844,178.05499267578125,177.99099731445312,177.99099731445312,1225.0
2024-04-24 15:30:00,ZVSA,0.614300012588501,0.614300012588501,0.6148999929428101,0.6083999872207642,0.6083999872207642,672.0
2024-04-24 15:31:00,COCO,24.25550079345703,24.25550079345703,24.25550079345703,24.25550079345703,24.25550079345703,402.0
2024-04-24 15:31:00,DIBS,5.360000133514404,5.360000133514404,5.360000133514404,5.360000133514404,5.360000133514404,1325.0
2024-04-24 15:31:00,DSP,8.59000015258789,8.59000015258789,8.59000015258789,8.59000015258789,8.59000015258789,694.0
2024-04-24 15:31:00,EGHT,2.3499999046325684,2.3499999046325684,2.3499999046325684,2.3499999046325684,2.3499999046325684,601.0
2024-04-24 15:31:00,FDMT,24.440000534057617,24.440000534057617,24.440000534057617,24.440000534057617,24.440000534057617,883.0
2024-04-24 15:31:00,FEAM,1.1699999570846558,1.1699999570846558,1.1699999570846558,1.1699999570846558,1.1699999570846558,388.0
2024-04-24 15:31:00,FLWS,9.1899995803833,9.1899995803833,9.1899995803833,9.1899995803833,9.1899995803833,215.0
2024-04-24 15:31:00,FREE,4.820000171661377,4.820000171661377,4.820000171661377,4.820000171661377,4.820000171661377,28.0
2024-04-24 15:31:00,HOWL,6.46999979019165,6.46999979019165,6.46999979019165,6.46999979019165,6.46999979019165,349.0
2024-04-24 15:31:00,MAPS,1.0800000429153442,1.0800000429153442,1.090000033378601,1.0800000429153442,1.090000033378601,550.0
2024-04-24 15:31:00,ME,0.4722999930381775,0.4722999930381775,0.4722999930381775,0.4722999930381775,0.4722999930381775,1988.0
2024-04-24 15:31:00,SEAT,5.875,5.875,5.875,5.864999771118164,5.869999885559082,6791.0
2024-04-24 15:31:00,TSVT,4.215000152587891,4.215000152587891,4.21999979019165,4.215000152587891,4.21999979019165,3929.0
2024-04-24 15:31:00,TWOU,0.23880000412464142,0.23880000412464142,0.23880000412464142,0.23880000412464142,0.23880000412464142,3554.0
2024-04-24 15:31:00,TXG,27.360000610351562,27.360000610351562,27.360000610351562,27.329999923706055,27.329999923706055,4755.0
2024-04-24 15:31:00,VCTR,49.86000061035156,49.86000061035156,49.86000061035156,49.83000183105469,49.83000183105469,587.0
2024-04-24 15:31:00,VERU,1.3300000429153442,1.3300000429153442,1.3350000381469727,1.3300000429153442,1.3350000381469727,2748.0
2024-04-24 15:31:00,VERV,6.579999923706055,6.579999923706055,6.579999923706055,6.545000076293945,6.545000076293945,6460.0
2024-04-24 15:31:00,VERX,28.969999313354492,28.969999313354492,28.969999313354492,28.969999313354492,28.969999313354492,223.0
2024-04-24 15:31:00,VFS,2.5,2.5,2.5,2.490299940109253,2.5,15808.0
2024-04-24 15:31:00,VIAV,7.985000133514404,7.985000133514404,7.985000133514404,7.985000133514404,7.985000133514404,223.0
2024-04-24 15:31:00,VICR,31.270000457763672,31.270000457763672,31.290000915527344,31.1299991607666,31.1299991607666,4258.0
2024-04-24 15:31:00,VIR,8.045000076293945,8.045000076293945,8.050000190734863,8.03499984741211,8.039999961853027,3659.0
2024-04-24 15:31:00,VIRC,10.680000305175781,10.680000305175781,10.680000305175781,10.680000305175781,10.680000305175781,300.0
2024-04-24 15:31:00,VIRT,21.985000610351562,21.985000610351562,21.9950008392334,21.975000381469727,21.975000381469727,5910.0
2024-04-24 15:31:00,VITL,26.790000915527344,26.790000915527344,26.790000915527344,26.790000915527344,26.790000915527344,1219.0
2024-04-24 15:31:00,VKTX,64.91000366210938,64.91000366210938,64.91000366210938,64.79000091552734,64.79000091552734,3869.0
2024-04-24 15:31:00,VLCN,0.25760000944137573,0.25760000944137573,0.25760000944137573,0.2574999928474426,0.2574999928474426,3172.0
2024-04-24 15:31:00,VMEO,3.5199999809265137,3.5199999809265137,3.5199999809265137,3.5199999809265137,3.5199999809265137,1913.0
2024-04-24 15:31:00,VNOM,39.97999954223633,39.97999954223633,39.97999954223633,39.959999084472656,39.959999084472656,725.0
2024-04-24 15:31:00,VOD,8.640000343322754,8.640000343322754,8.640000343322754,8.63129997253418,8.63129997253418,19307.0
2024-04-24 15:31:00,VRDN,13.119999885559082,13.119999885559082,13.119999885559082,13.119999885559082,13.119999885559082,1231.0
2024-04-24 15:31:00,VRNA,15.319999694824219,15.319999694824219,15.319999694824219,15.319999694824219,15.319999694824219,1016.0
2024-04-24 15:31:00,VRRM,24.25,24.25,24.25,24.235000610351562,24.235000610351562,3590.0
2024-04-24 15:31:00,VRTS,234.58999633789062,234.58999633789062,234.58999633789062,234.58999633789062,234.58999633789062,480.0
2024-04-24 15:31:00,VSAT,16.204999923706055,16.204999923706055,16.219999313354492,16.174999237060547,16.174999237060547,5825.0
2024-04-24 15:31:00,VSME,0.4284000098705292,0.4284000098705292,0.4284000098705292,0.4284000098705292,0.4284000098705292,222.0
2024-04-24 15:31:00,VTGN,4.699999809265137,4.699999809265137,4.710000038146973,4.699999809265137,4.701900005340576,1100.0
2024-04-24 15:31:00,VTNR,1.409999966621399,1.409999966621399,1.409999966621399,1.4049999713897705,1.409999966621399,19960.0
2024-04-24 15:31:00,VTRS,11.5649995803833,11.5649995803833,11.567500114440918,11.5600004196167,11.5600004196167,11708.0
2024-04-24 15:31:00,VUZI,1.309999942779541,1.309999942779541,1.3200000524520874,1.309999942779541,1.3200000524520874,864.0
2024-04-24 15:31:00,VYGR,7.5,7.5,7.5,7.5,7.5,1713.0
2024-04-24 15:31:00,WABC,47.88999938964844,47.88999938964844,47.88999938964844,47.849998474121094,47.849998474121094,382.0
2024-04-24 15:31:00,WAFD,28.270000457763672,28.270000457763672,28.270000457763672,28.260000228881836,28.260000228881836,1188.0
2024-04-24 15:31:00,WB,8.425000190734863,8.425000190734863,8.425000190734863,8.411100387573242,8.411100387573242,4472.0
2024-04-24 15:31:00,WBA,17.860000610351562,17.860000610351562,17.868999481201172,17.853200912475586,17.857799530029297,17415.0
2024-04-24 15:31:00,WBD,8.322099685668945,8.322099685668945,8.329999923706055,8.322099685668945,8.326600074768066,4922.0
2024-04-24 15:31:00,WDAY,255.8699951171875,255.8699951171875,255.93499755859375,255.8699951171875,255.93499755859375,2642.0
2024-04-24 15:31:00,WDC,69.54000091552734,69.54000091552734,69.55999755859375,69.5250015258789,69.52999877929688,9936.0
2024-04-24 15:31:00,WDFC,228.14999389648438,228.14999389648438,228.14999389648438,228.08999633789062,228.08999633789062,1868.0
2024-04-24 15:31:00,WEN,19.825000762939453,19.825000762939453,19.825000762939453,19.809999465942383,19.809999465942383,10513.0
2024-04-24 15:31:00,WERN,35.290000915527344,35.290000915527344,35.29999923706055,35.279998779296875,35.290000915527344,5426.0
2024-04-24 15:31:00,WEST,9.979999542236328,9.979999542236328,9.979999542236328,9.979999542236328,9.979999542236328,479.0
2024-04-24 15:31:00,WFRD,123.58999633789062,123.58999633789062,123.73999786376953,123.57499694824219,123.61000061035156,6628.0
2024-04-24 15:31:00,WHF,12.920000076293945,12.920000076293945,12.920000076293945,12.920000076293945,12.920000076293945,316.0
2024-04-24 15:31:00,WIMI,1.0800000429153442,1.0800000429153442,1.1200000047683716,1.034999966621399,1.034999966621399,170734.0
2024-04-24 15:31:00,WINA,371.5849914550781,371.5849914550781,371.5849914550781,371.5849914550781,371.5849914550781,583.0
2024-04-24 15:31:00,WING,364.92999267578125,364.92999267578125,364.92999267578125,364.760009765625,364.760009765625,547.0
2024-04-24 15:31:00,WISA,6.139999866485596,6.139999866485596,6.139999866485596,6.090700149536133,6.099999904632568,598.0
2024-04-24 15:31:00,WIX,121.75,121.75,121.75,121.75,121.75,620.0
2024-04-24 15:31:00,WKHS,0.16279999911785126,0.16279999911785126,0.16290000081062317,0.16279999911785126,0.16290000081062317,10147.0
2024-04-24 15:31:00,WLDS,0.4799000024795532,0.4799000024795532,0.4799000024795532,0.4799000024795532,0.4799000024795532,901.0
2024-04-24 15:31:00,WMG,32.125,32.125,32.130001068115234,32.125,32.130001068115234,1642.0
2024-04-24 15:31:00,WPRT,5.6057000160217285,5.6057000160217285,5.619999885559082,5.599999904632568,5.619999885559082,34189.0
2024-04-24 15:31:00,WRLD,138.10000610351562,138.10000610351562,138.10000610351562,137.97500610351562,137.97500610351562,794.0
2024-04-24 15:31:00,WSBC,28.290000915527344,28.290000915527344,28.290000915527344,28.290000915527344,28.290000915527344,882.0
2024-04-24 15:31:00,WSFS,44.904998779296875,44.904998779296875,44.904998779296875,44.85499954223633,44.85499954223633,1444.0
2024-04-24 15:31:00,WTFC,100.15499877929688,100.15499877929688,100.16000366210938,100.11499786376953,100.11499786376953,1697.0
2024-04-24 15:31:00,WTW,264.239990234375,264.239990234375,264.2900085449219,264.239990234375,264.2699890136719,4882.0
2024-04-24 15:31:00,WW,1.6649999618530273,1.6649999618530273,1.6649999618530273,1.659999966621399,1.659999966621399,2142.0
2024-04-24 15:31:00,WWD,149.17999267578125,149.17999267578125,149.24000549316406,149.1750030517578,149.1999969482422,3325.0
2024-04-24 15:31:00,WYNN,96.99500274658203,96.99500274658203,97.0199966430664,96.92250061035156,96.94000244140625,4925.0
2024-04-24 15:31:00,XEL,55.54999923706055,55.54999923706055,55.54999923706055,55.529998779296875,55.54999923706055,20538.0
2024-04-24 15:31:00,XENE,39.54999923706055,39.54999923706055,39.54999923706055,39.54999923706055,39.54999923706055,2084.0
2024-04-24 15:31:00,XERS,1.7549999952316284,1.7549999952316284,1.7549999952316284,1.7549999952316284,1.7549999952316284,0.0
2024-04-24 15:31:00,XFOR,1.2699999809265137,1.2699999809265137,1.2699999809265137,1.2699999809265137,1.2699999809265137,800.0
2024-04-24 15:31:00,XMTR,16.8799991607666,16.8799991607666,16.8799991607666,16.8700008392334,16.8700008392334,2567.0
2024-04-24 15:31:00,XNCR,18.959999084472656,18.959999084472656,18.969999313354492,18.920000076293945,18.950000762939453,7354.0
2024-04-24 15:31:00,XP,20.584999084472656,20.584999084472656,20.584999084472656,20.56999969482422,20.575000762939453,10727.0
2024-04-24 15:31:00,XRX,14.414999961853027,14.414999961853027,14.420000076293945,14.40999984741211,14.414999961853027,10137.0
2024-04-24 15:31:00,XXII,1.8799999952316284,1.8799999952316284,1.899899959564209,1.8799999952316284,1.899899959564209,937.0
2024-04-24 15:31:00,YMAB,15.220000267028809,15.220000267028809,15.220000267028809,15.220000267028809,15.220000267028809,603.0
2024-04-24 15:31:00,YORW,35.5099983215332,35.5099983215332,35.5099983215332,35.5099983215332,35.5099983215332,647.0
2024-04-24 15:31:00,Z,43.47999954223633,43.47999954223633,43.47999954223633,43.45000076293945,43.45000076293945,2741.0
2024-04-24 15:31:00,ZBRA,277.6449890136719,277.6449890136719,277.6449890136719,277.6400146484375,277.6400146484375,1179.0
2024-04-24 15:31:00,ZD,52.16999816894531,52.16999816894531,52.16999816894531,52.09000015258789,52.09000015258789,1407.0
2024-04-24 15:31:00,ZENV,2.139899969100952,2.139899969100952,2.139899969100952,2.130000114440918,2.130000114440918,17812.0
2024-04-24 15:31:00,ZFOX,1.1349999904632568,1.1349999904632568,1.1399999856948853,1.1347999572753906,1.1347999572753906,2600.0
2024-04-24 15:31:00,ZG,42.970001220703125,42.970001220703125,42.970001220703125,42.95000076293945,42.95000076293945,1758.0
2024-04-24 15:31:00,ZI,15.835000038146973,15.835000038146973,15.835000038146973,15.829999923706055,15.829999923706055,3632.0
2024-04-24 15:31:00,ZIMV,15.789999961853027,15.789999961853027,15.789999961853027,15.789999961853027,15.789999961853027,765.0
2024-04-24 15:31:00,ZION,42.1349983215332,42.1349983215332,42.13999938964844,42.119998931884766,42.119998931884766,2592.0
2024-04-24 15:31:00,ZLAB,15.59000015258789,15.59000015258789,15.600000381469727,15.59000015258789,15.59000015258789,1001.0
2024-04-24 15:31:00,ZM,61.231201171875,61.231201171875,61.26150131225586,61.22010040283203,61.25,6417.0
2024-04-24 15:31:00,ZNTL,11.760000228881836,11.760000228881836,11.760000228881836,11.729999542236328,11.729999542236328,2868.0
2024-04-24 15:31:00,ZS,178.10899353027344,178.10899353027344,178.10899353027344,178.10899353027344,178.10899353027344,703.0
2024-04-24 15:31:00,ZUMZ,17.280000686645508,17.280000686645508,17.280000686645508,17.280000686645508,17.280000686645508,1443.0
2024-04-24 15:31:00,ZVRA,4.53000020980835,4.53000020980835,4.53000020980835,4.53000020980835,4.53000020980835,748.0
2024-04-24 15:31:00,ZVSA,0.6122000217437744,0.6122000217437744,0.6122000217437744,0.6122000217437744,0.6122000217437744,252.0
2024-04-24 15:31:00,ZYME,8.5600004196167,8.5600004196167,8.5600004196167,8.539999961853027,8.539999961853027,800.0
2024-04-24 15:32:00,COCO,24.268999099731445,24.268999099731445,24.268999099731445,24.260000228881836,24.260000228881836,1768.0
2024-04-24 15:32:00,EGHT,2.3499999046325684,2.3499999046325684,2.3499999046325684,2.3450000286102295,2.3499999046325684,642.0
2024-04-24 15:32:00,ETNB,8.614999771118164,8.614999771118164,8.614999771118164,8.614999771118164,8.614999771118164,900.0
2024-04-24 15:32:00,FLWS,9.1899995803833,9.1899995803833,9.1899995803833,9.180000305175781,9.1899995803833,2546.0
2024-04-24 15:32:00,HOWL,6.449999809265137,6.449999809265137,6.449999809265137,6.449999809265137,6.449999809265137,390.0
2024-04-24 15:32:00,MAPS,1.0850000381469727,1.0850000381469727,1.0850000381469727,1.0850000381469727,1.0850000381469727,460.0
2024-04-24 15:32:00,ME,0.4722999930381775,0.4722999930381775,0.4722999930381775,0.4722999930381775,0.4722999930381775,13386.0
2024-04-24 15:32:00,SCWO,1.3600000143051147,1.3600000143051147,1.3600000143051147,1.3600000143051147,1.3600000143051147,300.0
2024-04-24 15:32:00,SEAT,5.880000114440918,5.880000114440918,5.880000114440918,5.880000114440918,5.880000114440918,1153.0
2024-04-24 15:32:00,SRCE,50.81999969482422,50.81999969482422,50.81999969482422,50.81999969482422,50.81999969482422,601.0
2024-04-24 15:32:00,TWOU,0.2387000024318695,0.2387000024318695,0.2387000024318695,0.2387000024318695,0.2387000024318695,1437.0
2024-04-24 15:32:00,TXG,27.3700008392334,27.3700008392334,27.3700008392334,27.364999771118164,27.3700008392334,1940.0
2024-04-24 15:32:00,VCTR,49.86000061035156,49.86000061035156,49.86000061035156,49.86000061035156,49.86000061035156,1645.0
2024-04-24 15:32:00,VERU,1.3300000429153442,1.3300000429153442,1.340000033378601,1.3300000429153442,1.340000033378601,642.0
2024-04-24 15:32:00,VERV,6.590000152587891,6.590000152587891,6.590000152587891,6.585000038146973,6.585000038146973,1609.0
2024-04-24 15:32:00,VERX,28.989999771118164,28.989999771118164,28.989999771118164,28.989999771118164,28.989999771118164,2088.0
2024-04-24 15:32:00,VFF,1.3099000453948975,1.3099000453948975,1.3099000453948975,1.3099000453948975,1.3099000453948975,200.0
2024-04-24 15:32:00,VFS,2.4974000453948975,2.4974000453948975,2.4974000453948975,2.494999885559082,2.494999885559082,3350.0
2024-04-24 15:32:00,VIAV,7.985000133514404,7.985000133514404,7.985000133514404,7.985000133514404,7.985000133514404,807.0
2024-04-24 15:32:00,VICR,31.31999969482422,31.31999969482422,31.329999923706055,31.299999237060547,31.329999923706055,431.0
2024-04-24 15:32:00,VIGL,2.740000009536743,2.740000009536743,2.740000009536743,2.740000009536743,2.740000009536743,1322.0
2024-04-24 15:32:00,VIR,8.045000076293945,8.045000076293945,8.045000076293945,8.045000076293945,8.045000076293945,387.0
2024-04-24 15:32:00,VIRT,21.96500015258789,21.96500015258789,21.979999542236328,21.96500015258789,21.979999542236328,4178.0
2024-04-24 15:32:00,VKTX,65.0,65.0,65.01000213623047,64.86499786376953,64.87000274658203,16363.0
2024-04-24 15:32:00,VMD,8.109999656677246,8.109999656677246,8.109999656677246,8.109999656677246,8.109999656677246,279.0
2024-04-24 15:32:00,VMEO,3.5199999809265137,3.5199999809265137,3.5199999809265137,3.5199999809265137,3.5199999809265137,562.0
2024-04-24 15:32:00,VNET,1.565000057220459,1.565000057220459,1.5700000524520874,1.559999942779541,1.559999942779541,4066.0
2024-04-24 15:32:00,VNOM,39.97999954223633,39.97999954223633,39.97999954223633,39.970001220703125,39.97999954223633,610.0
2024-04-24 15:32:00,VOD,8.632599830627441,8.632599830627441,8.640000343322754,8.632599830627441,8.640000343322754,8166.0
2024-04-24 15:32:00,VOR,1.7400000095367432,1.7400000095367432,1.7400000095367432,1.7400000095367432,1.7400000095367432,200.0
2024-04-24 15:32:00,VRDN,13.130000114440918,13.130000114440918,13.140000343322754,13.119999885559082,13.119999885559082,3597.0
2024-04-24 15:32:00,VRRM,24.2549991607666,24.2549991607666,24.260000228881836,24.2549991607666,24.260000228881836,1034.0
2024-04-24 15:32:00,VSAT,16.209999084472656,16.209999084472656,16.209999084472656,16.209999084472656,16.209999084472656,748.0
2024-04-24 15:32:00,VTNR,1.4149999618530273,1.4149999618530273,1.4199999570846558,1.4149999618530273,1.4182000160217285,2572.0
2024-04-24 15:32:00,VTRS,11.5649995803833,11.5649995803833,11.569999694824219,11.5600004196167,11.5649995803833,13550.0
2024-04-24 15:32:00,VUZI,1.315000057220459,1.315000057220459,1.315000057220459,1.309999942779541,1.315000057220459,932.0
2024-04-24 15:32:00,WABC,47.79999923706055,47.79999923706055,47.91999816894531,47.79999923706055,47.91999816894531,940.0
2024-04-24 15:32:00,WAFD,28.295000076293945,28.295000076293945,28.295000076293945,28.291000366210938,28.291000366210938,321.0
2024-04-24 15:32:00,WASH,26.350000381469727,26.350000381469727,26.350000381469727,26.350000381469727,26.350000381469727,174.0
2024-04-24 15:32:00,WB,8.414999961853027,8.414999961853027,8.420000076293945,8.414999961853027,8.420000076293945,3153.0
2024-04-24 15:32:00,WBA,17.875,17.875,17.8799991607666,17.860000610351562,17.864999771118164,40309.0
2024-04-24 15:32:00,WBD,8.324999809265137,8.324999809265137,8.324999809265137,8.32409954071045,8.32409954071045,6124.0
2024-04-24 15:32:00,WBUY,0.3149000108242035,0.3149000108242035,0.3149000108242035,0.3149000108242035,0.3149000108242035,180.0
2024-04-24 15:32:00,WDAY,255.6199951171875,255.6199951171875,255.82400512695312,255.58999633789062,255.80999755859375,5970.0
2024-04-24 15:32:00,WDC,69.5199966430664,69.5199966430664,69.55000305175781,69.51499938964844,69.54000091552734,8139.0
2024-04-24 15:32:00,WEN,19.815000534057617,19.815000534057617,19.81999969482422,19.815000534057617,19.81999969482422,3085.0
2024-04-24 15:32:00,WERN,35.290000915527344,35.290000915527344,35.290000915527344,35.290000915527344,35.290000915527344,1042.0
2024-04-24 15:32:00,WFRD,123.88999938964844,123.88999938964844,123.88999938964844,123.62100219726562,123.68000030517578,5480.0
2024-04-24 15:32:00,WIMI,1.0734000205993652,1.0734000205993652,1.090000033378601,1.0700000524520874,1.0750000476837158,48486.0
2024-04-24 15:32:00,WING,364.6650085449219,364.6650085449219,364.68499755859375,364.6650085449219,364.68499755859375,272.0
2024-04-24 15:32:00,WISA,6.090099811553955,6.090099811553955,6.090099811553955,6.090099811553955,6.090099811553955,931.0
2024-04-24 15:32:00,WKHS,0.16249999403953552,0.16249999403953552,0.16279999911785126,0.16249999403953552,0.16269999742507935,13914.0
2024-04-24 15:32:00,WLDS,0.45010000467300415,0.45010000467300415,0.45010000467300415,0.45010000467300415,0.45010000467300415,200.0
2024-04-24 15:32:00,WMG,32.130001068115234,32.130001068115234,32.130001068115234,32.1150016784668,32.119998931884766,4090.0
2024-04-24 15:32:00,WNEB,6.485000133514404,6.485000133514404,6.485000133514404,6.480000019073486,6.480000019073486,1422.0
2024-04-24 15:32:00,WPRT,5.625,5.625,5.625,5.625,5.625,523.0
2024-04-24 15:32:00,WSBC,28.334999084472656,28.334999084472656,28.334999084472656,28.334999084472656,28.334999084472656,694.0
2024-04-24 15:32:00,WSBF,12.319999694824219,12.319999694824219,12.34000015258789,12.319999694824219,12.34000015258789,354.0
2024-04-24 15:32:00,WSC,38.084999084472656,38.084999084472656,38.09000015258789,38.08000183105469,38.09000015258789,2386.0
2024-04-24 15:32:00,WTW,264.29998779296875,264.29998779296875,264.3599853515625,264.29998779296875,264.3599853515625,793.0
2024-04-24 15:32:00,WVE,5.070000171661377,5.070000171661377,5.070000171661377,5.070000171661377,5.070000171661377,246.0
2024-04-24 15:32:00,WWD,149.2100067138672,149.2100067138672,149.2100067138672,149.1750030517578,149.1750030517578,2832.0
2024-04-24 15:32:00,WYNN,96.94999694824219,96.94999694824219,97.0,96.94999694824219,97.0,2697.0
2024-04-24 15:32:00,XBIT,8.255000114440918,8.255000114440918,8.255000114440918,8.255000114440918,8.255000114440918,118.0
2024-04-24 15:32:00,XEL,55.564998626708984,55.564998626708984,55.564998626708984,55.54999923706055,55.55500030517578,5513.0
2024-04-24 15:32:00,XFOR,1.2617000341415405,1.2617000341415405,1.2699999809265137,1.2617000341415405,1.2699999809265137,1019.0
2024-04-24 15:32:00,XMTR,16.8799991607666,16.8799991607666,16.8799991607666,16.8799991607666,16.8799991607666,200.0
2024-04-24 15:32:00,XNCR,18.969999313354492,18.969999313354492,18.969999313354492,18.94499969482422,18.959999084472656,2958.0
2024-04-24 15:32:00,XP,20.575000762939453,20.575000762939453,20.584999084472656,20.575000762939453,20.584999084472656,9446.0
2024-04-24 15:32:00,XRX,14.475000381469727,14.475000381469727,14.479999542236328,14.420000076293945,14.420000076293945,43797.0
2024-04-24 15:32:00,XWEL,1.7999000549316406,1.7999000549316406,1.7999000549316406,1.7999000549316406,1.7999000549316406,31067.0
2024-04-24 15:32:00,YMAB,15.229999542236328,15.229999542236328,15.229999542236328,15.210000038146973,15.210000038146973,770.0
2024-04-24 15:32:00,Z,43.52000045776367,43.52000045776367,43.52000045776367,43.459999084472656,43.5,12802.0
2024-04-24 15:32:00,ZD,52.13999938964844,52.13999938964844,52.13999938964844,52.130001068115234,52.130001068115234,1839.0
2024-04-24 15:32:00,ZFOX,1.1399999856948853,1.1399999856948853,1.1399999856948853,1.1399999856948853,1.1399999856948853,100.0
2024-04-24 15:32:00,ZG,43.0099983215332,43.0099983215332,43.02000045776367,42.97999954223633,43.0099983215332,3762.0
2024-04-24 15:32:00,ZI,15.84000015258789,15.84000015258789,15.84000015258789,15.835000038146973,15.835000038146973,2820.0
2024-04-24 15:32:00,ZION,42.13999938964844,42.13999938964844,42.150001525878906,42.13999938964844,42.150001525878906,1740.0
2024-04-24 15:32:00,ZLAB,15.59000015258789,15.59000015258789,15.59000015258789,15.59000015258789,15.59000015258789,1004.0
2024-04-24 15:32:00,ZM,61.23500061035156,61.23500061035156,61.23500061035156,61.22999954223633,61.22999954223633,1192.0
2024-04-24 15:32:00,ZS,178.1300048828125,178.1300048828125,178.17999267578125,178.03500366210938,178.03500366210938,3735.0
2024-04-24 15:32:00,ZURA,3.319999933242798,3.319999933242798,3.3299999237060547,3.319999933242798,3.3299999237060547,14150.0
2024-04-24 15:32:00,ZVSA,0.6148999929428101,0.6148999929428101,0.6148999929428101,0.6148999929428101,0.6148999929428101,241.0
2024-04-24 15:32:00,ZYME,8.550000190734863,8.550000190734863,8.555000305175781,8.550000190734863,8.555000305175781,365.0
2024-04-24 15:32:00,ZYXI,11.220000267028809,11.220000267028809,11.220000267028809,11.210000038146973,11.210000038146973,700.0
2024-04-24 15:33:00,COCO,24.270000457763672,24.270000457763672,24.270000457763672,24.270000457763672,24.270000457763672,273.0
2024-04-24 15:33:00,EGHT,2.3399999141693115,2.3399999141693115,2.3450000286102295,2.3399999141693115,2.3450000286102295,1007.0
2024-04-24 15:33:00,ETNB,8.609999656677246,8.609999656677246,8.619999885559082,8.609999656677246,8.614999771118164,3108.0
2024-04-24 15:33:00,FDMT,24.485000610351562,24.485000610351562,24.485000610351562,24.485000610351562,24.485000610351562,1091.0
2024-04-24 15:33:00,ME,0.4731999933719635,0.4731999933719635,0.4733000099658966,0.4724000096321106,0.4724000096321106,16119.0
2024-04-24 15:33:00,SCWO,1.3600000143051147,1.3600000143051147,1.3600000143051147,1.3600000143051147,1.3600000143051147,200.0
2024-04-24 15:33:00,SEAT,5.880000114440918,5.880000114440918,5.880000114440918,5.875,5.880000114440918,2851.0
2024-04-24 15:33:00,TSVT,4.210000038146973,4.210000038146973,4.210000038146973,4.210000038146973,4.210000038146973,102.0
2024-04-24 15:33:00,TWOU,0.2387000024318695,0.2387000024318695,0.23880000412464142,0.2387000024318695,0.23880000412464142,18002.0
2024-04-24 15:33:00,TXG,27.360000610351562,27.360000610351562,27.360000610351562,27.354999542236328,27.360000610351562,4931.0
2024-04-24 15:33:00,VCTR,49.8849983215332,49.8849983215332,49.8849983215332,49.8650016784668,49.880001068115234,1020.0
2024-04-24 15:33:00,VERU,1.3300000429153442,1.3300000429153442,1.340000033378601,1.3300000429153442,1.3300000429153442,3536.0
2024-04-24 15:33:00,VERV,6.590000152587891,6.590000152587891,6.590000152587891,6.585000038146973,6.585000038146973,917.0
2024-04-24 15:33:00,VERX,28.99250030517578,28.99250030517578,29.0,28.969999313354492,29.0,8300.0
2024-04-24 15:33:00,VEV,0.6597999930381775,0.6597999930381775,0.6597999930381775,0.6597999930381775,0.6597999930381775,401.0
2024-04-24 15:33:00,VFF,1.3300000429153442,1.3300000429153442,1.3300000429153442,1.3049999475479126,1.3098000288009644,31618.0
2024-04-24 15:33:00,VFS,2.494999885559082,2.494999885559082,2.494999885559082,2.4946000576019287,2.4946000576019287,730.0
2024-04-24 15:33:00,VIAV,7.985000133514404,7.985000133514404,7.985000133514404,7.985000133514404,7.985000133514404,828.0
2024-04-24 15:33:00,VICR,31.309999465942383,31.309999465942383,31.309999465942383,31.309999465942383,31.309999465942383,313.0
2024-04-24 15:33:00,VIRT,21.975000381469727,21.975000381469727,21.975000381469727,21.969999313354492,21.969999313354492,1999.0
2024-04-24 15:33:00,VITL,26.790000915527344,26.790000915527344,26.790000915527344,26.790000915527344,26.790000915527344,545.0
2024-04-24 15:33:00,VKTX,64.94000244140625,64.94000244140625,65.00499725341797,64.88999938964844,64.90059661865234,4175.0
2024-04-24 15:33:00,VMD,8.104999542236328,8.104999542236328,8.104999542236328,8.104999542236328,8.104999542236328,218.0
2024-04-24 15:33:00,VMEO,3.515000104904175,3.515000104904175,3.515000104904175,3.515000104904175,3.515000104904175,624.0
2024-04-24 15:33:00,VNET,1.565000057220459,1.565000057220459,1.5700000524520874,1.565000057220459,1.565000057220459,1063.0
2024-04-24 15:33:00,VNOM,40.0,40.0,40.0,39.95100021362305,39.95100021362305,2116.0
2024-04-24 15:33:00,VOD,8.640000343322754,8.640000343322754,8.640000343322754,8.640000343322754,8.640000343322754,3193.0
2024-04-24 15:33:00,VRCA,6.760000228881836,6.760000228881836,6.760000228881836,6.760000228881836,6.760000228881836,464.0
2024-04-24 15:33:00,VRDN,13.119999885559082,13.119999885559082,13.130000114440918,13.119999885559082,13.130000114440918,3833.0
2024-04-24 15:33:00,VRNA,15.34000015258789,15.34000015258789,15.34000015258789,15.324999809265137,15.324999809265137,2324.0
2024-04-24 15:33:00,VRRM,24.25,24.25,24.2549991607666,24.25,24.2549991607666,424.0
2024-04-24 15:33:00,VRTX,401.489990234375,401.489990234375,401.489990234375,401.489990234375,401.489990234375,1705.0
2024-04-24 15:33:00,VTGN,4.701000213623047,4.701000213623047,4.701000213623047,4.701000213623047,4.701000213623047,15.0
2024-04-24 15:33:00,VTNR,1.4299999475479126,1.4299999475479126,1.4299999475479126,1.4149999618530273,1.4182000160217285,18037.0
2024-04-24 15:33:00,VTRS,11.5649995803833,11.5649995803833,11.569999694824219,11.5600004196167,11.5649995803833,20760.0
2024-04-24 15:33:00,VUZI,1.309999942779541,1.309999942779541,1.3200000524520874,1.309999942779541,1.315000057220459,927.0
2024-04-24 15:33:00,VYGR,7.505000114440918,7.505000114440918,7.505000114440918,7.505000114440918,7.505000114440918,109.0
2024-04-24 15:33:00,WABC,47.849998474121094,47.849998474121094,47.849998474121094,47.849998474121094,47.849998474121094,602.0
2024-04-24 15:33:00,WAFD,28.309999465942383,28.309999465942383,28.309999465942383,28.290000915527344,28.295000076293945,2428.0
2024-04-24 15:33:00,WASH,26.334999084472656,26.334999084472656,26.334999084472656,26.334999084472656,26.334999084472656,435.0
2024-04-24 15:33:00,WB,8.40999984741211,8.40999984741211,8.40999984741211,8.40999984741211,8.40999984741211,462.0
2024-04-24 15:33:00,WBA,17.895000457763672,17.895000457763672,17.899999618530273,17.875,17.875,27179.0
2024-04-24 15:33:00,WBD,8.329999923706055,8.329999923706055,8.329999923706055,8.321000099182129,8.321000099182129,2857.0
2024-04-24 15:33:00,WDAY,255.57000732421875,255.57000732421875,255.5850067138672,255.50999450683594,255.5500030517578,4109.0
2024-04-24 15:33:00,WDC,69.51000213623047,69.51000213623047,69.52999877929688,69.51000213623047,69.52999877929688,7760.0
2024-04-24 15:33:00,WEN,19.809999465942383,19.809999465942383,19.815000534057617,19.809999465942383,19.815000534057617,765.0
2024-04-24 15:33:00,WERN,35.310001373291016,35.310001373291016,35.310001373291016,35.290000915527344,35.290000915527344,4373.0
2024-04-24 15:33:00,WFRD,124.0999984741211,124.0999984741211,124.0999984741211,124.01000213623047,124.01000213623047,3658.0
2024-04-24 15:33:00,WHF,12.920000076293945,12.920000076293945,12.920000076293945,12.920000076293945,12.920000076293945,615.0
2024-04-24 15:33:00,WIMI,1.089400053024292,1.089400053024292,1.090000033378601,1.0600999593734741,1.0898000001907349,41258.0
2024-04-24 15:33:00,WING,364.32000732421875,364.32000732421875,364.5350036621094,364.32000732421875,364.5350036621094,999.0
2024-04-24 15:33:00,WISA,6.090000152587891,6.090000152587891,6.09499979019165,6.090000152587891,6.09499979019165,1068.0
2024-04-24 15:33:00,WKHS,0.16249999403953552,0.16249999403953552,0.16249999403953552,0.16249999403953552,0.16249999403953552,3602.0
2024-04-24 15:33:00,WKME,7.940000057220459,7.940000057220459,7.940000057220459,7.940000057220459,7.940000057220459,305.0
2024-04-24 15:33:00,WMG,32.13999938964844,32.13999938964844,32.13999938964844,32.125,32.130001068115234,2238.0
2024-04-24 15:33:00,WRAP,1.9600000381469727,1.9600000381469727,1.9600000381469727,1.9600000381469727,1.9600000381469727,260.0
2024-04-24 15:33:00,WSBC,28.34000015258789,28.34000015258789,28.34000015258789,28.34000015258789,28.34000015258789,327.0
2024-04-24 15:33:00,WSBF,12.319999694824219,12.319999694824219,12.319999694824219,12.319999694824219,12.319999694824219,398.0
2024-04-24 15:33:00,WSC,38.08000183105469,38.08000183105469,38.09000015258789,38.06999969482422,38.09000015258789,1882.0
2024-04-24 15:33:00,WTFC,100.1449966430664,100.1449966430664,100.1989974975586,100.13999938964844,100.16999816894531,2608.0
2024-04-24 15:33:00,WTW,264.45001220703125,264.45001220703125,264.45001220703125,264.2300109863281,264.260009765625,5029.0
2024-04-24 15:33:00,WVE,5.079999923706055,5.079999923706055,5.090000152587891,5.079999923706055,5.079999923706055,3968.0
2024-04-24 15:33:00,WW,1.659999966621399,1.659999966621399,1.6649999618530273,1.659999966621399,1.6649999618530273,2962.0
2024-04-24 15:33:00,WWD,149.25999450683594,149.25999450683594,149.25999450683594,149.25250244140625,149.25999450683594,1143.0
2024-04-24 15:33:00,WYNN,97.08999633789062,97.08999633789062,97.08999633789062,96.95999908447266,96.95999908447266,5813.0
2024-04-24 15:33:00,XBIT,8.234999656677246,8.234999656677246,8.234999656677246,8.234999656677246,8.234999656677246,119.0
2024-04-24 15:33:00,XEL,55.59000015258789,55.59000015258789,55.59000015258789,55.560001373291016,55.564998626708984,9454.0
2024-04-24 15:33:00,XENE,39.5,39.5,39.630001068115234,39.5,39.630001068115234,3176.0
2024-04-24 15:33:00,XERS,1.7549999952316284,1.7549999952316284,1.7568000555038452,1.7549999952316284,1.7568000555038452,1632.0
2024-04-24 15:33:00,XFOR,1.2699999809265137,1.2699999809265137,1.2699999809265137,1.2699999809265137,1.2699999809265137,9107.0
2024-04-24 15:33:00,XMTR,16.871000289916992,16.871000289916992,16.871000289916992,16.871000289916992,16.871000289916992,438.0
2024-04-24 15:33:00,XP,20.575000762939453,20.575000762939453,20.579999923706055,20.56999969482422,20.575000762939453,13117.0
2024-04-24 15:33:00,XRX,14.484999656677246,14.484999656677246,14.489999771118164,14.475000381469727,14.479999542236328,8436.0
2024-04-24 15:33:00,YTRA,1.2450000047683716,1.2450000047683716,1.25,1.2400000095367432,1.2400000095367432,13820.0
2024-04-24 15:33:00,Z,43.529998779296875,43.529998779296875,43.529998779296875,43.529998779296875,43.529998779296875,663.0
2024-04-24 15:33:00,ZBRA,277.3800048828125,277.3800048828125,277.70001220703125,277.3800048828125,277.70001220703125,4139.0
2024-04-24 15:33:00,ZI,15.84000015258789,15.84000015258789,15.84000015258789,15.835000038146973,15.835000038146973,3050.0
2024-04-24 15:33:00,ZION,42.15999984741211,42.15999984741211,42.15999984741211,42.13999938964844,42.13999938964844,3270.0
2024-04-24 15:33:00,ZIONO,25.48900032043457,25.48900032043457,25.48900032043457,25.479999542236328,25.479999542236328,1014.0
2024-04-24 15:33:00,ZLAB,15.59000015258789,15.59000015258789,15.59000015258789,15.59000015258789,15.59000015258789,465.0
2024-04-24 15:33:00,ZM,61.255001068115234,61.255001068115234,61.2599983215332,61.232398986816406,61.23500061035156,7776.0
2024-04-24 15:33:00,ZNTL,11.770000457763672,11.770000457763672,11.770000457763672,11.770000457763672,11.770000457763672,678.0
2024-04-24 15:33:00,ZS,178.10000610351562,178.10000610351562,178.1300048828125,178.10000610351562,178.1300048828125,815.0
2024-04-24 15:33:00,ZUMZ,17.270000457763672,17.270000457763672,17.270000457763672,17.270000457763672,17.270000457763672,1265.0
2024-04-24 15:33:00,ZURA,3.289900064468384,3.289900064468384,3.289900064468384,3.289900064468384,3.289900064468384,10000.0
2024-04-24 15:33:00,ZVSA,0.6148999929428101,0.6148999929428101,0.6148999929428101,0.6140000224113464,0.6140000224113464,686.0
2024-04-24 15:33:00,ZYME,8.550000190734863,8.550000190734863,8.5600004196167,8.550000190734863,8.5600004196167,3954.0
2024-04-24 15:34:00,COCO,24.270000457763672,24.270000457763672,24.270000457763672,24.270000457763672,24.270000457763672,275.0
2024-04-24 15:34:00,EGHT,2.3550000190734863,2.3550000190734863,2.3550000190734863,2.3450000286102295,2.3450000286102295,3346.0
2024-04-24 15:34:00,ETNB,8.614999771118164,8.614999771118164,8.614999771118164,8.600000381469727,8.600000381469727,2940.0
2024-04-24 15:34:00,FEAM,1.160099983215332,1.160099983215332,1.1699999570846558,1.160099983215332,1.1699999570846558,2961.0
2024-04-24 15:34:00,FLWS,9.175000190734863,9.175000190734863,9.1850004196167,9.175000190734863,9.180000305175781,1985.0
2024-04-24 15:34:00,FREE,4.820000171661377,4.820000171661377,4.820000171661377,4.820000171661377,4.820000171661377,1065.0
2024-04-24 15:34:00,MAPS,1.090000033378601,1.090000033378601,1.090000033378601,1.090000033378601,1.090000033378601,393.0
2024-04-24 15:34:00,MASS,5.635000228881836,5.635000228881836,5.635000228881836,5.630000114440918,5.630000114440918,1606.0
2024-04-24 15:34:00,ME,0.4740999937057495,0.4740999937057495,0.4740999937057495,0.47380000352859497,0.4740000069141388,2131.0
2024-04-24 15:34:00,SCWO,1.3600000143051147,1.3600000143051147,1.3849999904632568,1.3600000143051147,1.3849999904632568,601.0
2024-04-24 15:34:00,SEAT,5.880000114440918,5.880000114440918,5.880000114440918,5.880000114440918,5.880000114440918,1017.0
2024-04-24 15:34:00,TSVT,4.218800067901611,4.218800067901611,4.218800067901611,4.218800067901611,4.218800067901611,777.0
2024-04-24 15:34:00,TWOU,0.23880000412464142,0.23880000412464142,0.23880000412464142,0.2387000024318695,0.2387000024318695,2729.0
2024-04-24 15:34:00,TXG,27.3700008392334,27.3700008392334,27.3700008392334,27.360000610351562,27.360000610351562,2030.0
2024-04-24 15:34:00,VBFC,42.349998474121094,42.349998474121094,42.349998474121094,42.11000061035156,42.11000061035156,0.0
2024-04-24 15:34:00,VC,110.66999816894531,110.66999816894531,110.66999816894531,110.66999816894531,110.66999816894531,164.0
2024-04-24 15:34:00,VCTR,49.8849983215332,49.8849983215332,49.8849983215332,49.8849983215332,49.8849983215332,235.0
2024-04-24 15:34:00,VERV,6.605000019073486,6.605000019073486,6.605000019073486,6.579999923706055,6.579999923706055,6479.0
2024-04-24 15:34:00,VERX,29.0,29.0,29.0,28.989999771118164,28.989999771118164,3449.0
2024-04-24 15:34:00,VFF,1.3285000324249268,1.3285000324249268,1.3300000429153442,1.3285000324249268,1.3300000429153442,1562.0
2024-04-24 15:34:00,VFS,2.484999895095825,2.484999895095825,2.494999885559082,2.484999895095825,2.494999885559082,22714.0
2024-04-24 15:34:00,VIAV,7.989999771118164,7.989999771118164,7.989999771118164,7.985000133514404,7.989999771118164,749.0
2024-04-24 15:34:00,VICR,31.415000915527344,31.415000915527344,31.43000030517578,31.329999923706055,31.329999923706055,4139.0
2024-04-24 15:34:00,VINC,0.925000011920929,0.925000011920929,0.925000011920929,0.925000011920929,0.925000011920929,3101.0
2024-04-24 15:34:00,VIR,8.050000190734863,8.050000190734863,8.050000190734863,8.045000076293945,8.045000076293945,686.0
2024-04-24 15:34:00,VIRC,10.680000305175781,10.680000305175781,10.680000305175781,10.668000221252441,10.668000221252441,553.0
2024-04-24 15:34:00,VIRT,21.979999542236328,21.979999542236328,21.979999542236328,21.961000442504883,21.969999313354492,5468.0
2024-04-24 15:34:00,VITL,26.760000228881836,26.760000228881836,26.799999237060547,26.75,26.790000915527344,3835.0
2024-04-24 15:34:00,VKTX,65.0199966430664,65.0199966430664,65.0199966430664,64.88999938964844,64.94499969482422,4039.0
2024-04-24 15:34:00,VMD,8.09000015258789,8.09000015258789,8.109999656677246,8.09000015258789,8.109999656677246,1290.0
2024-04-24 15:34:00,VMEO,3.515000104904175,3.515000104904175,3.5185999870300293,3.509999990463257,3.515000104904175,20342.0
2024-04-24 15:34:00,VNET,1.565000057220459,1.565000057220459,1.565000057220459,1.565000057220459,1.565000057220459,638.0
2024-04-24 15:34:00,VNOM,40.0099983215332,40.0099983215332,40.03499984741211,39.9900016784668,40.0,7850.0
2024-04-24 15:34:00,VOD,8.645000457763672,8.645000457763672,8.649999618530273,8.635000228881836,8.640000343322754,17036.0
2024-04-24 15:34:00,VOXR,2.049999952316284,2.049999952316284,2.055000066757202,2.049999952316284,2.055000066757202,930.0
2024-04-24 15:34:00,VRRM,24.25,24.25,24.2549991607666,24.25,24.2549991607666,412.0
2024-04-24 15:34:00,VRTX,401.4700012207031,401.4700012207031,401.4700012207031,401.4700012207031,401.4700012207031,1686.0
2024-04-24 15:34:00,VSAT,16.229999542236328,16.229999542236328,16.229999542236328,16.219999313354492,16.219999313354492,1320.0
2024-04-24 15:34:00,VSME,0.4219000041484833,0.4219000041484833,0.4219000041484833,0.42179998755455017,0.42179998755455017,1528.0
2024-04-24 15:34:00,VTRS,11.5649995803833,11.5649995803833,11.5649995803833,11.5600004196167,11.5649995803833,16716.0
2024-04-24 15:34:00,VYGR,7.510000228881836,7.510000228881836,7.510000228881836,7.510000228881836,7.510000228881836,1578.0
2024-04-24 15:34:00,WAFD,28.31999969482422,28.31999969482422,28.31999969482422,28.315000534057617,28.315000534057617,2680.0
2024-04-24 15:34:00,WB,8.420000076293945,8.420000076293945,8.425000190734863,8.414999961853027,8.414999961853027,3855.0
2024-04-24 15:34:00,WBA,17.885000228881836,17.885000228881836,17.899999618530273,17.8799991607666,17.895000457763672,24481.0
2024-04-24 15:34:00,WBD,8.335000038146973,8.335000038146973,8.335000038146973,8.319999694824219,8.324999809265137,48242.0
2024-04-24 15:34:00,WDAY,255.58999633789062,255.58999633789062,255.58999633789062,255.55999755859375,255.57000732421875,2034.0
2024-04-24 15:34:00,WDC,69.48999786376953,69.48999786376953,69.53500366210938,69.45999908447266,69.51000213623047,44616.0
2024-04-24 15:34:00,WDFC,228.02999877929688,228.02999877929688,228.02999877929688,228.02999877929688,228.02999877929688,1324.0
2024-04-24 15:34:00,WEN,19.80500030517578,19.80500030517578,19.809999465942383,19.799999237060547,19.809999465942383,9253.0
2024-04-24 15:34:00,WERN,35.33000183105469,35.33000183105469,35.34000015258789,35.310001373291016,35.31999969482422,5052.0
2024-04-24 15:34:00,WEST,10.0,10.0,10.0,9.989999771118164,9.989999771118164,1070.0
2024-04-24 15:34:00,WFRD,124.12999725341797,124.12999725341797,124.12999725341797,123.94999694824219,124.06400299072266,5658.0
2024-04-24 15:34:00,WHF,12.920000076293945,12.920000076293945,12.920000076293945,12.920000076293945,12.920000076293945,200.0
2024-04-24 15:34:00,WIMI,1.059999942779541,1.059999942779541,1.0850000381469727,1.059999942779541,1.0712000131607056,17183.0
2024-04-24 15:34:00,WISA,6.099999904632568,6.099999904632568,6.11899995803833,6.090099811553955,6.090099811553955,1073.0
2024-04-24 15:34:00,WIX,121.68499755859375,121.68499755859375,121.69999694824219,121.61000061035156,121.69999694824219,4254.0
2024-04-24 15:34:00,WKHS,0.1624000072479248,0.1624000072479248,0.16249999403953552,0.1624000072479248,0.16249999403953552,10100.0
2024-04-24 15:34:00,WLDS,0.460099995136261,0.460099995136261,0.4749000072479248,0.460099995136261,0.4749000072479248,182.0
2024-04-24 15:34:00,WMG,32.125,32.125,32.1349983215332,32.125,32.1349983215332,1484.0
2024-04-24 15:34:00,WSBC,28.329999923706055,28.329999923706055,28.329999923706055,28.329999923706055,28.329999923706055,1014.0
2024-04-24 15:34:00,WSC,38.060001373291016,38.060001373291016,38.08000183105469,38.060001373291016,38.08000183105469,3870.0
2024-04-24 15:34:00,WSFS,44.89099884033203,44.89099884033203,44.900001525878906,44.89099884033203,44.900001525878906,1834.0
2024-04-24 15:34:00,WTFC,100.05750274658203,100.05750274658203,100.18000030517578,100.01000213623047,100.18000030517578,6256.0
2024-04-24 15:34:00,WVE,5.090000152587891,5.090000152587891,5.090000152587891,5.090000152587891,5.090000152587891,1087.0
2024-04-24 15:34:00,WW,1.659999966621399,1.659999966621399,1.659999966621399,1.659999966621399,1.659999966621399,3694.0
2024-04-24 15:34:00,WWD,149.34500122070312,149.34500122070312,149.34500122070312,149.19000244140625,149.19000244140625,2764.0
2024-04-24 15:34:00,WYNN,97.11499786376953,97.11499786376953,97.12000274658203,97.08000183105469,97.08000183105469,3267.0
2024-04-24 15:34:00,XEL,55.584999084472656,55.584999084472656,55.595001220703125,55.58000183105469,55.590999603271484,12067.0
2024-04-24 15:34:00,XENE,39.470001220703125,39.470001220703125,39.470001220703125,39.459999084472656,39.459999084472656,2085.0
2024-04-24 15:34:00,XERS,1.7599999904632568,1.7599999904632568,1.7599999904632568,1.7599999904632568,1.7599999904632568,237.0
2024-04-24 15:34:00,XFOR,1.2699999809265137,1.2699999809265137,1.2699999809265137,1.2699999809265137,1.2699999809265137,460.0
2024-04-24 15:34:00,XLO,1.0800000429153442,1.0800000429153442,1.0800000429153442,1.0800000429153442,1.0800000429153442,200.0
2024-04-24 15:34:00,XNCR,18.969999313354492,18.969999313354492,18.969999313354492,18.940000534057617,18.940000534057617,3624.0
2024-04-24 15:34:00,XOMA,25.75,25.75,25.75,25.514999389648438,25.514999389648438,768.0
2024-04-24 15:34:00,XP,20.575000762939453,20.575000762939453,20.575000762939453,20.559999465942383,20.575000762939453,14715.0
2024-04-24 15:34:00,XRX,14.475000381469727,14.475000381469727,14.489999771118164,14.470000267028809,14.479999542236328,24042.0
2024-04-24 15:34:00,YI,1.0499999523162842,1.0499999523162842,1.0499999523162842,1.0499999523162842,1.0499999523162842,299.0
2024-04-24 15:34:00,YMAB,15.260000228881836,15.260000228881836,15.260000228881836,15.260000228881836,15.260000228881836,274.0
2024-04-24 15:34:00,Z,43.54999923706055,43.54999923706055,43.54999923706055,43.5099983215332,43.52000045776367,4469.0
2024-04-24 15:34:00,ZBRA,277.4549865722656,277.4549865722656,277.4549865722656,277.44000244140625,277.44000244140625,543.0
2024-04-24 15:34:00,ZG,43.040000915527344,43.040000915527344,43.060001373291016,43.0099983215332,43.0099983215332,1357.0
2024-04-24 15:34:00,ZI,15.845000267028809,15.845000267028809,15.850000381469727,15.84000015258789,15.84000015258789,6670.0
2024-04-24 15:34:00,ZIMV,15.829999923706055,15.829999923706055,15.835000038146973,15.829999923706055,15.835000038146973,942.0
2024-04-24 15:34:00,ZION,42.18000030517578,42.18000030517578,42.18000030517578,42.15599822998047,42.15999984741211,3352.0
2024-04-24 15:34:00,ZLAB,15.59000015258789,15.59000015258789,15.59000015258789,15.59000015258789,15.59000015258789,645.0
2024-04-24 15:34:00,ZM,61.271400451660156,61.271400451660156,61.279998779296875,61.236900329589844,61.255001068115234,11820.0
2024-04-24 15:34:00,ZNTL,11.770000457763672,11.770000457763672,11.770000457763672,11.760000228881836,11.760000228881836,2507.0
2024-04-24 15:34:00,ZS,178.02000427246094,178.02000427246094,178.17999267578125,178.0,178.17999267578125,2667.0
2024-04-24 15:34:00,ZUMZ,17.290000915527344,17.290000915527344,17.299999237060547,17.280000686645508,17.280000686645508,3674.0
2024-04-24 15:34:00,ZURA,3.25,3.25,3.2799999713897705,3.25,3.2799999713897705,0.0
2024-04-24 15:34:00,ZYME,8.550000190734863,8.550000190734863,8.550000190734863,8.550000190734863,8.550000190734863,343.0
2024-04-24 15:34:00,ZYXI,11.210000038146973,11.210000038146973,11.220000267028809,11.210000038146973,11.220000267028809,670.0
2024-04-24 15:35:00,COCO,24.200000762939453,24.200000762939453,24.260000228881836,24.190000534057617,24.260000228881836,4762.0
2024-04-24 15:35:00,DIBS,5.340000152587891,5.340000152587891,5.34499979019165,5.340000152587891,5.34499979019165,1599.0
2024-04-24 15:35:00,EGHT,2.359999895095825,2.359999895095825,2.359999895095825,2.3550000190734863,2.3550000190734863,504.0
2024-04-24 15:35:00,ETNB,8.614999771118164,8.614999771118164,8.619999885559082,8.614999771118164,8.619999885559082,2471.0
2024-04-24 15:35:00,FLWS,9.15999984741211,9.15999984741211,9.170000076293945,9.149999618530273,9.170000076293945,4582.0
2024-04-24 15:35:00,MAPS,1.090000033378601,1.090000033378601,1.090000033378601,1.090000033378601,1.090000033378601,305.0
2024-04-24 15:35:00,ME,0.4742000102996826,0.4742000102996826,0.47429999709129333,0.4740000069141388,0.4740999937057495,12674.0
2024-04-24 15:35:00,NNAG,10.470000267028809,10.470000267028809,10.470000267028809,10.470000267028809,10.470000267028809,5141.0
2024-04-24 15:35:00,SCWO,1.3600000143051147,1.3600000143051147,1.3849999904632568,1.3600000143051147,1.3849999904632568,1820.0
2024-04-24 15:35:00,SEAT,5.875,5.875,5.880000114440918,5.875,5.880000114440918,2796.0
2024-04-24 15:35:00,SRCE,50.84000015258789,50.84000015258789,50.84000015258789,50.84000015258789,50.84000015258789,888.0
2024-04-24 15:35:00,TSVT,4.21999979019165,4.21999979019165,4.21999979019165,4.210000038146973,4.210000038146973,1579.0
2024-04-24 15:35:00,TWOU,0.23880000412464142,0.23880000412464142,0.23880000412464142,0.23880000412464142,0.23880000412464142,2672.0
2024-04-24 15:35:00,TXG,27.385000228881836,27.385000228881836,27.385000228881836,27.3700008392334,27.3700008392334,3593.0
2024-04-24 15:35:00,VC,110.66000366210938,110.66000366210938,110.66000366210938,110.61000061035156,110.61000061035156,888.0
2024-04-24 15:35:00,VCTR,49.869998931884766,49.869998931884766,49.8849983215332,49.869998931884766,49.8849983215332,2376.0
2024-04-24 15:35:00,VERU,1.340000033378601,1.340000033378601,1.340000033378601,1.3300000429153442,1.3300000429153442,3198.0
2024-04-24 15:35:00,VERV,6.625,6.625,6.625,6.599999904632568,6.599999904632568,5237.0
2024-04-24 15:35:00,VERX,28.969999313354492,28.969999313354492,29.0,28.969999313354492,29.0,3920.0
2024-04-24 15:35:00,VFF,1.3213000297546387,1.3213000297546387,1.3350000381469727,1.3200000524520874,1.3200000524520874,18282.0
2024-04-24 15:35:00,VIAV,7.989999771118164,7.989999771118164,7.994999885559082,7.989999771118164,7.989999771118164,18923.0
2024-04-24 15:35:00,VICR,31.34000015258789,31.34000015258789,31.389999389648438,31.309999465942383,31.389999389648438,5630.0
2024-04-24 15:35:00,VIR,8.055000305175781,8.055000305175781,8.055000305175781,8.050000190734863,8.050000190734863,1485.0
2024-04-24 15:35:00,VIRC,10.699999809265137,10.699999809265137,10.699999809265137,10.699999809265137,10.699999809265137,130.0
2024-04-24 15:35:00,VIRT,21.989999771118164,21.989999771118164,21.9950008392334,21.969999313354492,21.969999313354492,8070.0
2024-04-24 15:35:00,VITL,26.71500015258789,26.71500015258789,26.739999771118164,26.71500015258789,26.739999771118164,952.0
2024-04-24 15:35:00,VKTX,64.91000366210938,64.91000366210938,65.02580261230469,64.91000366210938,65.02580261230469,7721.0
2024-04-24 15:35:00,VLCN,0.2578999996185303,0.2578999996185303,0.2578999996185303,0.25780001282691956,0.25780001282691956,1290.0
2024-04-24 15:35:00,VMD,8.069999694824219,8.069999694824219,8.069999694824219,8.069999694824219,8.069999694824219,200.0
2024-04-24 15:35:00,VMEO,3.505000114440918,3.505000114440918,3.515000104904175,3.505000114440918,3.509999990463257,33006.0
2024-04-24 15:35:00,VNET,1.565000057220459,1.565000057220459,1.565000057220459,1.565000057220459,1.565000057220459,137.0
2024-04-24 15:35:00,VNOM,39.970001220703125,39.970001220703125,40.0,39.970001220703125,40.0,3797.0
2024-04-24 15:35:00,VOD,8.649999618530273,8.649999618530273,8.649999618530273,8.645000457763672,8.649999618530273,5855.0
2024-04-24 15:35:00,VOR,1.7400000095367432,1.7400000095367432,1.7400000095367432,1.7400000095367432,1.7400000095367432,100.0
2024-04-24 15:35:00,VRDN,13.130000114440918,13.130000114440918,13.140000343322754,13.119999885559082,13.119999885559082,2248.0
2024-04-24 15:35:00,VRRM,24.225000381469727,24.225000381469727,24.25,24.219999313354492,24.25,7055.0
2024-04-24 15:35:00,VRTX,401.3800048828125,401.3800048828125,401.3800048828125,401.3800048828125,401.3800048828125,418.0
2024-04-24 15:35:00,VSAT,16.239999771118164,16.239999771118164,16.239999771118164,16.239999771118164,16.239999771118164,1516.0
2024-04-24 15:35:00,VTNR,1.4249999523162842,1.4249999523162842,1.4299999475479126,1.4199999570846558,1.4249999523162842,6725.0
2024-04-24 15:35:00,VTRS,11.5600004196167,11.5600004196167,11.569999694824219,11.5600004196167,11.5649995803833,12443.0
2024-04-24 15:35:00,VTSI,12.220000267028809,12.220000267028809,12.220000267028809,12.220000267028809,12.220000267028809,125.0
2024-04-24 15:35:00,VUZI,1.3200000524520874,1.3200000524520874,1.3200000524520874,1.315000057220459,1.3200000524520874,4450.0
2024-04-24 15:35:00,WABC,47.849998474121094,47.849998474121094,47.849998474121094,47.849998474121094,47.849998474121094,428.0
2024-04-24 15:35:00,WAFD,28.301000595092773,28.301000595092773,28.31999969482422,28.299999237060547,28.31999969482422,5158.0
2024-04-24 15:35:00,WASH,26.375,26.375,26.375,26.375,26.375,338.0
2024-04-24 15:35:00,WAVD,1.999899983406067,1.999899983406067,1.999899983406067,1.9524999856948853,1.9524999856948853,13873.0
2024-04-24 15:35:00,WB,8.420000076293945,8.420000076293945,8.420000076293945,8.420000076293945,8.420000076293945,497.0
2024-04-24 15:35:00,WBA,17.899999618530273,17.899999618530273,17.899999618530273,17.883699417114258,17.885000228881836,10998.0
2024-04-24 15:35:00,WBD,8.324999809265137,8.324999809265137,8.34000015258789,8.319999694824219,8.335000038146973,85612.0
2024-04-24 15:35:00,WDAY,255.35000610351562,255.35000610351562,255.57000732421875,255.32000732421875,255.57000732421875,2641.0
2024-04-24 15:35:00,WDC,69.4000015258789,69.4000015258789,69.48500061035156,69.38999938964844,69.4800033569336,11562.0
2024-04-24 15:35:00,WEN,19.790000915527344,19.790000915527344,19.80500030517578,19.790000915527344,19.799999237060547,3530.0
2024-04-24 15:35:00,WERN,35.32500076293945,35.32500076293945,35.34000015258789,35.31999969482422,35.3380012512207,2323.0
2024-04-24 15:35:00,WFRD,124.16999816894531,124.16999816894531,124.25,124.06999969482422,124.19999694824219,2955.0
2024-04-24 15:35:00,WHLM,5.872499942779541,5.872499942779541,5.872499942779541,5.872499942779541,5.872499942779541,166.0
2024-04-24 15:35:00,WIMI,1.0700000524520874,1.0700000524520874,1.0779999494552612,1.059999942779541,1.062000036239624,4304.0
2024-04-24 15:35:00,WISA,6.050000190734863,6.050000190734863,6.099999904632568,6.050000190734863,6.090099811553955,15183.0
2024-04-24 15:35:00,WKHS,0.16130000352859497,0.16130000352859497,0.16249999403953552,0.16130000352859497,0.1624000072479248,7248.0
2024-04-24 15:35:00,WLDN,27.729999542236328,27.729999542236328,27.739999771118164,27.729999542236328,27.739999771118164,522.0
2024-04-24 15:35:00,WLDS,0.47350001335144043,0.47350001335144043,0.47350001335144043,0.45100000500679016,0.45100000500679016,3505.0
2024-04-24 15:35:00,WMG,32.1150016784668,32.1150016784668,32.130001068115234,32.11000061035156,32.130001068115234,3603.0
2024-04-24 15:35:00,WMPN,12.09000015258789,12.09000015258789,12.09000015258789,12.09000015258789,12.09000015258789,0.0
2024-04-24 15:35:00,WSBC,28.34000015258789,28.34000015258789,28.340999603271484,28.34000015258789,28.34000015258789,2010.0
2024-04-24 15:35:00,WSBF,12.319999694824219,12.319999694824219,12.319999694824219,12.319999694824219,12.319999694824219,508.0
2024-04-24 15:35:00,WSC,38.060001373291016,38.060001373291016,38.060001373291016,38.060001373291016,38.060001373291016,1305.0
2024-04-24 15:35:00,WSFS,44.900001525878906,44.900001525878906,44.900001525878906,44.88999938964844,44.88999938964844,2272.0
2024-04-24 15:35:00,WTBA,16.614999771118164,16.614999771118164,16.614999771118164,16.614999771118164,16.614999771118164,719.0
2024-04-24 15:35:00,WTFC,100.05000305175781,100.05000305175781,100.08000183105469,100.05000305175781,100.08000183105469,1410.0
2024-04-24 15:35:00,WWD,149.36000061035156,149.36000061035156,149.36000061035156,149.36000061035156,149.36000061035156,1426.0
2024-04-24 15:35:00,WYNN,97.05500030517578,97.05500030517578,97.11000061035156,97.05500030517578,97.0999984741211,4609.0
2024-04-24 15:35:00,XBIT,8.225000381469727,8.225000381469727,8.225000381469727,8.225000381469727,8.225000381469727,202.0
2024-04-24 15:35:00,XEL,55.584999084472656,55.584999084472656,55.59000015258789,55.58000183105469,55.584999084472656,8152.0
2024-04-24 15:35:00,XENE,39.45000076293945,39.45000076293945,39.45000076293945,39.45000076293945,39.45000076293945,229.0
2024-04-24 15:35:00,XERS,1.7549999952316284,1.7549999952316284,1.7599999904632568,1.7549999952316284,1.7599999904632568,504.0
2024-04-24 15:35:00,XFOR,1.2699999809265137,1.2699999809265137,1.2699999809265137,1.2699999809265137,1.2699999809265137,11553.0
2024-04-24 15:35:00,XMTR,16.8700008392334,16.8700008392334,16.88089942932129,16.8700008392334,16.88089942932129,3137.0
2024-04-24 15:35:00,XP,20.579999923706055,20.579999923706055,20.579999923706055,20.575000762939453,20.575000762939453,6223.0
2024-04-24 15:35:00,XRX,14.46500015258789,14.46500015258789,14.479999542236328,14.46500015258789,14.475000381469727,6828.0
2024-04-24 15:35:00,XWEL,1.7817000150680542,1.7817000150680542,1.8200000524520874,1.7817000150680542,1.8200000524520874,531.0
2024-04-24 15:35:00,YMAB,15.255000114440918,15.255000114440918,15.255000114440918,15.255000114440918,15.255000114440918,668.0
2024-04-24 15:35:00,YTEN,0.22200000286102295,0.22200000286102295,0.23010000586509705,0.22200000286102295,0.23000000417232513,5009.0
2024-04-24 15:35:00,YTRA,1.25,1.25,1.25,1.2489999532699585,1.249899983406067,3401.0
2024-04-24 15:35:00,Z,43.529998779296875,43.529998779296875,43.540000915527344,43.529998779296875,43.540000915527344,4341.0
2024-04-24 15:35:00,ZBRA,277.9700012207031,277.9700012207031,277.9800109863281,277.4700012207031,277.4700012207031,3928.0
2024-04-24 15:35:00,ZD,52.13999938964844,52.13999938964844,52.13999938964844,52.13999938964844,52.13999938964844,1331.0
2024-04-24 15:35:00,ZFOX,1.1399999856948853,1.1399999856948853,1.1399999856948853,1.1399999856948853,1.1399999856948853,400.0
2024-04-24 15:35:00,ZG,43.040000915527344,43.040000915527344,43.040000915527344,43.040000915527344,43.040000915527344,1306.0
2024-04-24 15:35:00,ZI,15.835000038146973,15.835000038146973,15.845000267028809,15.829999923706055,15.845000267028809,12007.0
2024-04-24 15:35:00,ZION,42.11000061035156,42.11000061035156,42.15999984741211,42.11000061035156,42.150001525878906,5303.0
2024-04-24 15:35:00,ZM,61.28160095214844,61.28160095214844,61.28160095214844,61.26499938964844,61.27000045776367,5938.0
2024-04-24 15:35:00,ZNTL,11.779999732971191,11.779999732971191,11.779999732971191,11.779999732971191,11.779999732971191,1726.0
2024-04-24 15:35:00,ZS,177.9600067138672,177.9600067138672,178.0,177.9600067138672,178.0,951.0
2024-04-24 15:35:00,ZURA,3.309999942779541,3.309999942779541,3.319999933242798,3.259999990463257,3.259999990463257,9348.0
2024-04-24 15:35:00,ZVSA,0.6100000143051147,0.6100000143051147,0.6100000143051147,0.6050000190734863,0.6050000190734863,1014.0
2024-04-24 15:35:00,ZYME,8.550000190734863,8.550000190734863,8.550000190734863,8.550000190734863,8.550000190734863,506.0
2024-04-24 15:36:00,AIXI,1.25,1.25,1.25,1.2450000047683716,1.2450000047683716,1651.0
2024-04-24 15:36:00,COCO,24.18000030517578,24.18000030517578,24.18000030517578,24.170000076293945,24.170000076293945,680.0
2024-04-24 15:36:00,DSP,8.59000015258789,8.59000015258789,8.600000381469727,8.59000015258789,8.600000381469727,1072.0
2024-04-24 15:36:00,EGHT,2.359999895095825,2.359999895095825,2.359999895095825,2.359999895095825,2.359999895095825,762.0
2024-04-24 15:36:00,ETNB,8.609999656677246,8.609999656677246,8.609999656677246,8.609999656677246,8.609999656677246,649.0
2024-04-24 15:36:00,FLWS,9.140000343322754,9.140000343322754,9.140000343322754,9.140000343322754,9.140000343322754,200.0
2024-04-24 15:36:00,MASS,5.630000114440918,5.630000114440918,5.630000114440918,5.630000114440918,5.630000114440918,1165.0
2024-04-24 15:36:00,ME,0.4740999937057495,0.4740999937057495,0.4742000102996826,0.4740000069141388,0.4740999937057495,23644.0
2024-04-24 15:36:00,SEAT,5.880000114440918,5.880000114440918,5.880000114440918,5.875,5.875,1415.0
2024-04-24 15:36:00,TWOU,0.23890000581741333,0.23890000581741333,0.23890000581741333,0.23880000412464142,0.23880000412464142,6608.0
2024-04-24 15:36:00,TXG,27.3799991607666,27.3799991607666,27.389999389648438,27.3799991607666,27.389999389648438,2122.0
2024-04-24 15:36:00,VANI,1.7450000047683716,1.7450000047683716,1.7450000047683716,1.7401000261306763,1.7401000261306763,1206.0
2024-04-24 15:36:00,VC,110.81500244140625,110.81500244140625,110.81500244140625,110.63999938964844,110.65499877929688,3821.0
2024-04-24 15:36:00,VCTR,49.880001068115234,49.880001068115234,49.880001068115234,49.880001068115234,49.880001068115234,1343.0
2024-04-24 15:36:00,VERU,1.340000033378601,1.340000033378601,1.340000033378601,1.3300000429153442,1.3305000066757202,2770.0
2024-04-24 15:36:00,VERV,6.625,6.625,6.625,6.625,6.625,1064.0
2024-04-24 15:36:00,VERX,28.989999771118164,28.989999771118164,28.989999771118164,28.959999084472656,28.979999542236328,2723.0
2024-04-24 15:36:00,VFF,1.3300000429153442,1.3300000429153442,1.3300000429153442,1.3200000524520874,1.3200000524520874,2648.0
2024-04-24 15:36:00,VIAV,7.989999771118164,7.989999771118164,7.989999771118164,7.989999771118164,7.989999771118164,418.0
2024-04-24 15:36:00,VICR,31.34149932861328,31.34149932861328,31.350000381469727,31.34149932861328,31.350000381469727,580.0
2024-04-24 15:36:00,VIRT,21.969999313354492,21.969999313354492,21.989999771118164,21.969999313354492,21.985000610351562,6014.0
2024-04-24 15:36:00,VITL,26.71500015258789,26.71500015258789,26.71500015258789,26.71500015258789,26.71500015258789,2289.0
2024-04-24 15:36:00,VKTX,64.69000244140625,64.69000244140625,64.9000015258789,64.68000030517578,64.9000015258789,9730.0
2024-04-24 15:36:00,VMEO,3.505000114440918,3.505000114440918,3.505000114440918,3.5006000995635986,3.5006000995635986,1361.0
2024-04-24 15:36:00,VNET,1.565000057220459,1.565000057220459,1.565000057220459,1.565000057220459,1.565000057220459,1406.0
2024-04-24 15:36:00,VNOM,39.935001373291016,39.935001373291016,39.935001373291016,39.92100143432617,39.92100143432617,1341.0
2024-04-24 15:36:00,VOD,8.645000457763672,8.645000457763672,8.649999618530273,8.643899917602539,8.645000457763672,2350.0
2024-04-24 15:36:00,VOR,1.7400000095367432,1.7400000095367432,1.7400000095367432,1.7400000095367432,1.7400000095367432,230.0
2024-04-24 15:36:00,VRDN,13.125,13.125,13.130000114440918,13.125,13.130000114440918,1480.0
2024-04-24 15:36:00,VRNA,15.329999923706055,15.329999923706055,15.34000015258789,15.329999923706055,15.337900161743164,1857.0
2024-04-24 15:36:00,VRRM,24.235000610351562,24.235000610351562,24.235000610351562,24.235000610351562,24.235000610351562,480.0
2024-04-24 15:36:00,VRTX,401.25,401.25,401.29998779296875,401.20001220703125,401.29998779296875,2772.0
2024-04-24 15:36:00,VSAT,16.2549991607666,16.2549991607666,16.2549991607666,16.25,16.25,1185.0
2024-04-24 15:36:00,VTGN,4.710000038146973,4.710000038146973,4.719900131225586,4.710000038146973,4.719900131225586,401.0
2024-04-24 15:36:00,VTNR,1.4200999736785889,1.4200999736785889,1.4249999523162842,1.4200999736785889,1.4249999523162842,2144.0
2024-04-24 15:36:00,VTRS,11.5649995803833,11.5649995803833,11.5649995803833,11.5600004196167,11.5649995803833,6377.0
2024-04-24 15:36:00,VYGR,7.514999866485596,7.514999866485596,7.514999866485596,7.514999866485596,7.514999866485596,543.0
2024-04-24 15:36:00,WABC,47.86000061035156,47.86000061035156,47.8650016784668,47.84000015258789,47.84000015258789,455.0
2024-04-24 15:36:00,WAFD,28.27199935913086,28.27199935913086,28.290000915527344,28.270000457763672,28.290000915527344,1818.0
2024-04-24 15:36:00,WASH,26.34000015258789,26.34000015258789,26.34000015258789,26.34000015258789,26.34000015258789,899.0
2024-04-24 15:36:00,WB,8.425000190734863,8.425000190734863,8.430000305175781,8.425000190734863,8.425000190734863,5755.0
2024-04-24 15:36:00,WBA,17.905000686645508,17.905000686645508,17.90999984741211,17.895000457763672,17.895000457763672,51875.0
2024-04-24 15:36:00,WBD,8.324999809265137,8.324999809265137,8.329999923706055,8.320799827575684,8.324999809265137,80062.0
2024-04-24 15:36:00,WDAY,255.27000427246094,255.27000427246094,255.3249969482422,255.27000427246094,255.3249969482422,2013.0
2024-04-24 15:36:00,WDC,69.36000061035156,69.36000061035156,69.4000015258789,69.3499984741211,69.38999938964844,10281.0
2024-04-24 15:36:00,WDFC,227.8300018310547,227.8300018310547,227.8300018310547,227.8300018310547,227.8300018310547,1227.0
2024-04-24 15:36:00,WEN,19.795000076293945,19.795000076293945,19.795000076293945,19.790000915527344,19.795000076293945,1798.0
2024-04-24 15:36:00,WERN,35.34000015258789,35.34000015258789,35.350101470947266,35.33000183105469,35.33000183105469,8352.0
2024-04-24 15:36:00,WFRD,124.20700073242188,124.20700073242188,124.23999786376953,124.08100128173828,124.08100128173828,1751.0
2024-04-24 15:36:00,WHF,12.880000114440918,12.880000114440918,12.90999984741211,12.880000114440918,12.90999984741211,1187.0
2024-04-24 15:36:00,WHLM,5.800000190734863,5.800000190734863,5.800000190734863,5.800000190734863,5.800000190734863,794.0
2024-04-24 15:36:00,WIMI,1.0700000524520874,1.0700000524520874,1.0700000524520874,1.0693999528884888,1.0693999528884888,2453.0
2024-04-24 15:36:00,WING,364.32000732421875,364.32000732421875,364.32000732421875,364.32000732421875,364.32000732421875,202.0
2024-04-24 15:36:00,WISA,6.070000171661377,6.070000171661377,6.070000171661377,6.050000190734863,6.050000190734863,9916.0
2024-04-24 15:36:00,WKHS,0.1624000072479248,0.1624000072479248,0.1624000072479248,0.16200000047683716,0.16200000047683716,16341.0
2024-04-24 15:36:00,WKME,7.929999828338623,7.929999828338623,7.929999828338623,7.929999828338623,7.929999828338623,471.0
2024-04-24 15:36:00,WMG,32.130001068115234,32.130001068115234,32.130001068115234,32.11000061035156,32.11000061035156,3623.0
2024-04-24 15:36:00,WSBC,28.309999465942383,28.309999465942383,28.309999465942383,28.309999465942383,28.309999465942383,453.0
2024-04-24 15:36:00,WSC,38.06999969482422,38.06999969482422,38.07500076293945,38.060001373291016,38.060001373291016,5339.0
2024-04-24 15:36:00,WTW,264.5150146484375,264.5150146484375,264.5899963378906,264.42999267578125,264.5249938964844,1259.0
2024-04-24 15:36:00,WVE,5.070000171661377,5.070000171661377,5.074999809265137,5.070000171661377,5.074999809265137,689.0
2024-04-24 15:36:00,WYNN,97.0479965209961,97.0479965209961,97.06999969482422,97.0479965209961,97.05500030517578,5889.0
2024-04-24 15:36:00,XEL,55.564998626708984,55.564998626708984,55.58000183105469,55.564998626708984,55.58000183105469,5316.0
2024-04-24 15:36:00,XENE,39.435001373291016,39.435001373291016,39.439998626708984,39.43000030517578,39.439998626708984,1911.0
2024-04-24 15:36:00,XERS,1.75,1.75,1.7549999952316284,1.75,1.7549999952316284,408.0
2024-04-24 15:36:00,XFOR,1.2699999809265137,1.2699999809265137,1.2699999809265137,1.2619999647140503,1.2699999809265137,1931.0
2024-04-24 15:36:00,XNCR,18.989999771118164,18.989999771118164,18.989999771118164,18.979999542236328,18.979999542236328,739.0
2024-04-24 15:36:00,XNET,1.559999942779541,1.559999942779541,1.559999942779541,1.559999942779541,1.559999942779541,290.0
2024-04-24 15:36:00,XP,20.56999969482422,20.56999969482422,20.579999923706055,20.56999969482422,20.579999923706055,19651.0
2024-04-24 15:36:00,XPEL,55.38999938964844,55.38999938964844,55.42499923706055,55.21500015258789,55.21500015258789,3311.0
2024-04-24 15:36:00,XRX,14.45009994506836,14.45009994506836,14.470000267028809,14.45009994506836,14.46500015258789,8342.0
2024-04-24 15:36:00,YTRA,1.2480000257492065,1.2480000257492065,1.2480000257492065,1.2480000257492065,1.2480000257492065,4446.0
2024-04-24 15:36:00,Z,43.54499816894531,43.54499816894531,43.54999923706055,43.529998779296875,43.529998779296875,1422.0
2024-04-24 15:36:00,ZBRA,278.37750244140625,278.37750244140625,278.3999938964844,278.19500732421875,278.3900146484375,2897.0
2024-04-24 15:36:00,ZENV,2.0850000381469727,2.0850000381469727,2.0850000381469727,2.0850000381469727,2.0850000381469727,0.0
2024-04-24 15:36:00,ZI,15.835000038146973,15.835000038146973,15.835000038146973,15.835000038146973,15.835000038146973,1655.0
2024-04-24 15:36:00,ZION,42.1150016784668,42.1150016784668,42.130001068115234,42.1150016784668,42.119998931884766,2119.0
2024-04-24 15:36:00,ZLAB,15.579999923706055,15.579999923706055,15.59000015258789,15.579999923706055,15.59000015258789,3278.0
2024-04-24 15:36:00,ZM,61.28499984741211,61.28499984741211,61.29499816894531,61.28499984741211,61.290000915527344,6290.0
2024-04-24 15:36:00,ZNTL,11.760000228881836,11.760000228881836,11.800000190734863,11.760000228881836,11.779999732971191,4315.0
2024-04-24 15:36:00,ZS,177.85499572753906,177.85499572753906,177.85499572753906,177.85079956054688,177.85499572753906,1118.0
2024-04-24 15:36:00,ZVRA,4.530099868774414,4.530099868774414,4.530099868774414,4.530099868774414,4.530099868774414,337.0
2024-04-24 15:36:00,ZYME,8.550000190734863,8.550000190734863,8.550000190734863,8.550000190734863,8.550000190734863,325.0
2024-04-24 15:37:00,COCO,24.170000076293945,24.170000076293945,24.170000076293945,24.170000076293945,24.170000076293945,442.0
2024-04-24 15:37:00,DIBS,5.335000038146973,5.335000038146973,5.335000038146973,5.335000038146973,5.335000038146973,210.0
2024-04-24 15:37:00,DSP,8.585000038146973,8.585000038146973,8.585000038146973,8.585000038146973,8.585000038146973,161.0
2024-04-24 15:37:00,ETNB,8.604999542236328,8.604999542236328,8.604999542236328,8.604999542236328,8.604999542236328,591.0
2024-04-24 15:37:00,FDMT,24.475000381469727,24.475000381469727,24.475000381469727,24.469999313354492,24.469999313354492,354.0
2024-04-24 15:37:00,FLWS,9.149999618530273,9.149999618530273,9.149999618530273,9.149999618530273,9.149999618530273,213.0
2024-04-24 15:37:00,FREE,4.820000171661377,4.820000171661377,4.820000171661377,4.820000171661377,4.820000171661377,108.0
2024-04-24 15:37:00,MAPS,1.0850000381469727,1.0850000381469727,1.090000033378601,1.0850000381469727,1.090000033378601,300.0
2024-04-24 15:37:00,ME,0.4722999930381775,0.4722999930381775,0.4740000069141388,0.4722999930381775,0.4740000069141388,18366.0
2024-04-24 15:37:00,SEAT,5.880000114440918,5.880000114440918,5.880000114440918,5.880000114440918,5.880000114440918,990.0
2024-04-24 15:37:00,TSVT,4.210000038146973,4.210000038146973,4.21999979019165,4.210000038146973,4.21999979019165,927.0
2024-04-24 15:37:00,TWOU,0.23890000581741333,0.23890000581741333,0.23890000581741333,0.23890000581741333,0.23890000581741333,1696.0
2024-04-24 15:37:00,TXG,27.3700008392334,27.3700008392334,27.385000228881836,27.3700008392334,27.385000228881836,1988.0
2024-04-24 15:37:00,VABK,24.594999313354492,24.594999313354492,24.594999313354492,24.594999313354492,24.594999313354492,2321.0
2024-04-24 15:37:00,VCTR,49.849998474121094,49.849998474121094,49.8849983215332,49.849998474121094,49.880001068115234,3439.0
2024-04-24 15:37:00,VERU,1.340000033378601,1.340000033378601,1.340000033378601,1.3300000429153442,1.3300000429153442,1945.0
2024-04-24 15:37:00,VERV,6.635000228881836,6.635000228881836,6.635000228881836,6.625,6.625,7432.0
2024-04-24 15:37:00,VERX,29.020000457763672,29.020000457763672,29.020000457763672,28.989999771118164,28.989999771118164,6951.0
2024-04-24 15:37:00,VEV,0.6927000284194946,0.6927000284194946,0.6927000284194946,0.6927000284194946,0.6927000284194946,105.0
2024-04-24 15:37:00,VFF,1.3300000429153442,1.3300000429153442,1.3300000429153442,1.3300000429153442,1.3300000429153442,386.0
2024-04-24 15:37:00,VFS,2.484999895095825,2.484999895095825,2.484999895095825,2.484999895095825,2.484999895095825,383.0
2024-04-24 15:37:00,VIAV,7.985000133514404,7.985000133514404,7.985000133514404,7.985000133514404,7.985000133514404,1418.0
2024-04-24 15:37:00,VICR,31.290000915527344,31.290000915527344,31.31999969482422,31.290000915527344,31.309999465942383,3103.0
2024-04-24 15:37:00,VINC,0.913100004196167,0.913100004196167,0.913100004196167,0.913100004196167,0.913100004196167,833.0
2024-04-24 15:37:00,VINP,10.380000114440918,10.380000114440918,10.380000114440918,10.380000114440918,10.380000114440918,810.0
2024-04-24 15:37:00,VIR,8.050000190734863,8.050000190734863,8.050000190734863,8.050000190734863,8.050000190734863,2790.0
2024-04-24 15:37:00,VIRC,10.670000076293945,10.670000076293945,10.699999809265137,10.670000076293945,10.699999809265137,1554.0
2024-04-24 15:37:00,VIRT,21.92099952697754,21.92099952697754,21.959999084472656,21.920000076293945,21.959999084472656,6133.0
2024-04-24 15:37:00,VITL,26.709999084472656,26.709999084472656,26.709999084472656,26.709999084472656,26.709999084472656,890.0
2024-04-24 15:37:00,VKTX,64.48999786376953,64.48999786376953,64.68000030517578,64.43000030517578,64.62999725341797,18463.0
2024-04-24 15:37:00,VMEO,3.505000114440918,3.505000114440918,3.505000114440918,3.505000114440918,3.505000114440918,1834.0
2024-04-24 15:37:00,VNET,1.565000057220459,1.565000057220459,1.565000057220459,1.565000057220459,1.565000057220459,652.0
2024-04-24 15:37:00,VNOM,39.930999755859375,39.930999755859375,39.930999755859375,39.930999755859375,39.930999755859375,441.0
2024-04-24 15:37:00,VOD,8.649999618530273,8.649999618530273,8.649999618530273,8.643799781799316,8.649999618530273,1680.0
2024-04-24 15:37:00,VRCA,6.710000038146973,6.710000038146973,6.760000228881836,6.710000038146973,6.760000228881836,4124.0
2024-04-24 15:37:00,VRRM,24.225000381469727,24.225000381469727,24.225000381469727,24.225000381469727,24.225000381469727,252.0
2024-04-24 15:37:00,VRTS,234.1199951171875,234.1199951171875,234.1199951171875,234.1199951171875,234.1199951171875,238.0
2024-04-24 15:37:00,VSAT,16.2549991607666,16.2549991607666,16.264999389648438,16.2549991607666,16.264999389648438,2360.0
2024-04-24 15:37:00,VTNR,1.4214999675750732,1.4214999675750732,1.429900050163269,1.4214999675750732,1.429900050163269,1533.0
2024-04-24 15:37:00,VTRS,11.5649995803833,11.5649995803833,11.569999694824219,11.5600004196167,11.569999694824219,7025.0
2024-04-24 15:37:00,VUZI,1.3200000524520874,1.3200000524520874,1.3200000524520874,1.3200000524520874,1.3200000524520874,200.0
2024-04-24 15:37:00,VVPR,3.6689999103546143,3.6689999103546143,3.6689999103546143,3.6449999809265137,3.6500000953674316,411.0
2024-04-24 15:37:00,VYGR,7.510000228881836,7.510000228881836,7.514999866485596,7.510000228881836,7.514999866485596,1843.0
2024-04-24 15:37:00,WABC,47.83000183105469,47.83000183105469,47.83000183105469,47.83000183105469,47.83000183105469,149.0
2024-04-24 15:37:00,WAFD,28.239999771118164,28.239999771118164,28.239999771118164,28.239999771118164,28.239999771118164,367.0
2024-04-24 15:37:00,WB,8.425000190734863,8.425000190734863,8.425000190734863,8.420000076293945,8.425000190734863,3089.0
2024-04-24 15:37:00,WBA,17.895000457763672,17.895000457763672,17.90999984741211,17.889999389648438,17.909700393676758,24830.0
2024-04-24 15:37:00,WBD,8.324999809265137,8.324999809265137,8.32759952545166,8.319999694824219,8.324999809265137,9291.0
2024-04-24 15:37:00,WDAY,255.33999633789062,255.33999633789062,255.38999938964844,255.25,255.25,3693.0
2024-04-24 15:37:00,WDC,69.4000015258789,69.4000015258789,69.40499877929688,69.3499984741211,69.36000061035156,9656.0
2024-04-24 15:37:00,WEN,19.78499984741211,19.78499984741211,19.795000076293945,19.78499984741211,19.790000915527344,3984.0
2024-04-24 15:37:00,WERN,35.349998474121094,35.349998474121094,35.349998474121094,35.34000015258789,35.34000015258789,1467.0
2024-04-24 15:37:00,WFRD,124.20600128173828,124.20600128173828,124.23999786376953,124.20099639892578,124.21499633789062,1892.0
2024-04-24 15:37:00,WHLR,0.14329999685287476,0.14329999685287476,0.14329999685287476,0.14329999685287476,0.14329999685287476,542.0
2024-04-24 15:37:00,WIMI,1.0750000476837158,1.0750000476837158,1.0800000429153442,1.0600999593734741,1.0700000524520874,10670.0
2024-04-24 15:37:00,WING,363.8800048828125,363.8800048828125,364.4100036621094,363.8800048828125,364.4100036621094,1459.0
2024-04-24 15:37:00,WISA,6.099999904632568,6.099999904632568,6.099999904632568,6.099999904632568,6.099999904632568,563.0
2024-04-24 15:37:00,WIX,121.5199966430664,121.5199966430664,121.56999969482422,121.5199966430664,121.56999969482422,1154.0
2024-04-24 15:37:00,WKHS,0.16249999403953552,0.16249999403953552,0.16259999573230743,0.16249999403953552,0.16259999573230743,5166.0
2024-04-24 15:37:00,WLDN,27.84000015258789,27.84000015258789,27.8700008392334,27.84000015258789,27.850000381469727,1781.0
2024-04-24 15:37:00,WLDS,0.450300008058548,0.450300008058548,0.4749000072479248,0.450300008058548,0.4749000072479248,2100.0
2024-04-24 15:37:00,WMG,32.130001068115234,32.130001068115234,32.13999938964844,32.130001068115234,32.130001068115234,2037.0
2024-04-24 15:37:00,WSBC,28.2549991607666,28.2549991607666,28.260000228881836,28.239999771118164,28.260000228881836,1672.0
2024-04-24 15:37:00,WSC,38.095001220703125,38.095001220703125,38.095001220703125,38.04999923706055,38.04999923706055,5316.0
2024-04-24 15:37:00,WSFS,44.875,44.875,44.875,44.875,44.875,287.0
2024-04-24 15:37:00,WTFC,99.93000030517578,99.93000030517578,99.95999908447266,99.91500091552734,99.95999908447266,1027.0
2024-04-24 15:37:00,WTFCP,24.920000076293945,24.920000076293945,24.920000076293945,24.920000076293945,24.920000076293945,162.0
2024-04-24 15:37:00,WTW,264.3299865722656,264.3299865722656,264.5199890136719,264.19000244140625,264.5199890136719,3607.0
2024-04-24 15:37:00,WVE,5.074999809265137,5.074999809265137,5.074999809265137,5.074999809265137,5.074999809265137,309.0
2024-04-24 15:37:00,WW,1.6649999618530273,1.6649999618530273,1.6649999618530273,1.659999966621399,1.659999966621399,606.0
2024-04-24 15:37:00,WYNN,97.01000213623047,97.01000213623047,97.04499816894531,97.01000213623047,97.04499816894531,2977.0
2024-04-24 15:37:00,XEL,55.57500076293945,55.57500076293945,55.57500076293945,55.55500030517578,55.560001373291016,10568.0
2024-04-24 15:37:00,XERS,1.7599999904632568,1.7599999904632568,1.7599999904632568,1.75,1.7532999515533447,1238.0
2024-04-24 15:37:00,XFOR,1.2699999809265137,1.2699999809265137,1.2699999809265137,1.2699999809265137,1.2699999809265137,689.0
2024-04-24 15:37:00,XMTR,16.8700008392334,16.8700008392334,16.8700008392334,16.8700008392334,16.8700008392334,1663.0
2024-04-24 15:37:00,XNCR,19.010000228881836,19.010000228881836,19.020000457763672,18.989999771118164,18.989999771118164,3408.0
2024-04-24 15:37:00,XP,20.575000762939453,20.575000762939453,20.575000762939453,20.56999969482422,20.56999969482422,3885.0
2024-04-24 15:37:00,XPEL,55.400001525878906,55.400001525878906,55.400001525878906,55.400001525878906,55.400001525878906,315.0
2024-04-24 15:37:00,XRX,14.454999923706055,14.454999923706055,14.470000267028809,14.449999809265137,14.449999809265137,27558.0
2024-04-24 15:37:00,YTRA,1.25,1.25,1.25,1.2450000047683716,1.25,13177.0
2024-04-24 15:37:00,Z,43.56999969482422,43.56999969482422,43.59000015258789,43.54499816894531,43.54499816894531,11027.0
2024-04-24 15:37:00,ZBRA,278.2699890136719,278.2699890136719,278.2699890136719,278.2699890136719,278.2699890136719,167.0
2024-04-24 15:37:00,ZG,43.07749938964844,43.07749938964844,43.08000183105469,43.07749938964844,43.08000183105469,651.0
2024-04-24 15:37:00,ZI,15.839699745178223,15.839699745178223,15.84000015258789,15.835000038146973,15.84000015258789,3849.0
2024-04-24 15:37:00,ZION,42.08000183105469,42.08000183105469,42.11000061035156,42.08000183105469,42.11000061035156,3625.0
2024-04-24 15:37:00,ZM,61.26499938964844,61.26499938964844,61.290000915527344,61.25,61.28499984741211,8417.0
2024-04-24 15:37:00,ZNTL,11.734999656677246,11.734999656677246,11.760000228881836,11.734999656677246,11.760000228881836,2305.0
2024-04-24 15:37:00,ZS,177.80999755859375,177.80999755859375,177.82000732421875,177.74000549316406,177.77499389648438,5483.0
2024-04-24 15:37:00,ZUMZ,17.25,17.25,17.25,17.25,17.25,842.0
2024-04-24 15:37:00,ZURA,3.299999952316284,3.299999952316284,3.299999952316284,3.2699999809265137,3.2699999809265137,4771.0
2024-04-24 15:37:00,ZVRA,4.53000020980835,4.53000020980835,4.539999961853027,4.525000095367432,4.525000095367432,896.0
2024-04-24 15:37:00,ZYME,8.550000190734863,8.550000190734863,8.550000190734863,8.550000190734863,8.550000190734863,718.0
2024-04-24 15:37:00,ZYXI,11.220000267028809,11.220000267028809,11.220000267028809,11.220000267028809,11.220000267028809,921.0
2024-04-24 15:38:00,COCO,24.155000686645508,24.155000686645508,24.15999984741211,24.155000686645508,24.15999984741211,885.0
2024-04-24 15:38:00,EGHT,2.359999895095825,2.359999895095825,2.359999895095825,2.3550000190734863,2.3550000190734863,1230.0
2024-04-24 15:38:00,ETNB,8.604999542236328,8.604999542236328,8.604999542236328,8.604999542236328,8.604999542236328,871.0
2024-04-24 15:38:00,FLWS,9.140000343322754,9.140000343322754,9.140000343322754,9.140000343322754,9.140000343322754,385.0
2024-04-24 15:38:00,FREE,4.820000171661377,4.820000171661377,4.820000171661377,4.820000171661377,4.820000171661377,837.0
2024-04-24 15:38:00,HOWL,6.449999809265137,6.449999809265137,6.449999809265137,6.449999809265137,6.449999809265137,219.0
2024-04-24 15:38:00,MAPS,1.090000033378601,1.090000033378601,1.090000033378601,1.090000033378601,1.090000033378601,2013.0
2024-04-24 15:38:00,MASS,5.630000114440918,5.630000114440918,5.630000114440918,5.619999885559082,5.619999885559082,1606.0
2024-04-24 15:38:00,ME,0.4722999930381775,0.4722999930381775,0.4722999930381775,0.4722999930381775,0.4722999930381775,742.0
2024-04-24 15:38:00,SEAT,5.889999866485596,5.889999866485596,5.889999866485596,5.880000114440918,5.880000114440918,6537.0
2024-04-24 15:38:00,TSVT,4.215000152587891,4.215000152587891,4.215000152587891,4.215000152587891,4.215000152587891,326.0
2024-04-24 15:38:00,TWOU,0.23890000581741333,0.23890000581741333,0.23890000581741333,0.23880000412464142,0.23890000581741333,19432.0
2024-04-24 15:38:00,TXG,27.405000686645508,27.405000686645508,27.40999984741211,27.375,27.375,7469.0
2024-04-24 15:38:00,VC,110.80000305175781,110.80000305175781,110.83499908447266,110.78500366210938,110.79499816894531,3150.0
2024-04-24 15:38:00,VCTR,49.81999969482422,49.81999969482422,49.869998931884766,49.81999969482422,49.849998474121094,7542.0
2024-04-24 15:38:00,VERU,1.3300000429153442,1.3300000429153442,1.340000033378601,1.3300000429153442,1.3350000381469727,2119.0
2024-04-24 15:38:00,VERV,6.635000228881836,6.635000228881836,6.635000228881836,6.635000228881836,6.635000228881836,720.0
2024-04-24 15:38:00,VERX,28.950000762939453,28.950000762939453,29.020000457763672,28.950000762939453,29.020000457763672,12726.0
2024-04-24 15:38:00,VFF,1.3300000429153442,1.3300000429153442,1.3300000429153442,1.3300000429153442,1.3300000429153442,14.0
2024-04-24 15:38:00,VFS,2.4800000190734863,2.4800000190734863,2.489799976348877,2.4800000190734863,2.489799976348877,1655.0
2024-04-24 15:38:00,VIAV,7.997499942779541,7.997499942779541,7.997499942779541,7.989999771118164,7.989999771118164,3516.0
2024-04-24 15:38:00,VICR,31.25,31.25,31.31399917602539,31.25,31.31399917602539,3802.0
2024-04-24 15:38:00,VIR,8.055000305175781,8.055000305175781,8.055000305175781,8.055000305175781,8.055000305175781,353.0
2024-04-24 15:38:00,VIRT,21.940000534057617,21.940000534057617,21.940000534057617,21.924999237060547,21.924999237060547,3695.0
2024-04-24 15:38:00,VITL,26.700000762939453,26.700000762939453,26.739999771118164,26.700000762939453,26.709999084472656,5666.0
2024-04-24 15:38:00,VKTX,64.62989807128906,64.62989807128906,64.62989807128906,64.51000213623047,64.53500366210938,8811.0
2024-04-24 15:38:00,VMEO,3.505000114440918,3.505000114440918,3.505000114440918,3.505000114440918,3.505000114440918,2074.0
2024-04-24 15:38:00,VNOM,39.93000030517578,39.93000030517578,39.95000076293945,39.91999816894531,39.93000030517578,4899.0
2024-04-24 15:38:00,VOD,8.64799976348877,8.64799976348877,8.649999618530273,8.645000457763672,8.645000457763672,1485.0
2024-04-24 15:38:00,VRCA,6.71999979019165,6.71999979019165,6.71999979019165,6.71999979019165,6.71999979019165,666.0
2024-04-24 15:38:00,VRDN,13.119999885559082,13.119999885559082,13.130000114440918,13.119999885559082,13.130000114440918,920.0
2024-04-24 15:38:00,VRNA,15.329999923706055,15.329999923706055,15.329999923706055,15.329999923706055,15.329999923706055,524.0
2024-04-24 15:38:00,VRRM,24.235000610351562,24.235000610351562,24.235000610351562,24.22249984741211,24.22249984741211,2411.0
2024-04-24 15:38:00,VRTS,234.0500030517578,234.0500030517578,234.1199951171875,234.0500030517578,234.1199951171875,230.0
2024-04-24 15:38:00,VRTX,401.4599914550781,401.4599914550781,401.4599914550781,401.375,401.375,1926.0
2024-04-24 15:38:00,VSAT,16.270000457763672,16.270000457763672,16.280000686645508,16.260000228881836,16.260000228881836,7617.0
2024-04-24 15:38:00,VSEC,78.68000030517578,78.68000030517578,78.68000030517578,78.68000030517578,78.68000030517578,1497.0
2024-04-24 15:38:00,VTNR,1.4292999505996704,1.4292999505996704,1.4292999505996704,1.4249999523162842,1.4249999523162842,2208.0
2024-04-24 15:38:00,VTRS,11.555000305175781,11.555000305175781,11.5649995803833,11.550000190734863,11.5600004196167,37320.0
2024-04-24 15:38:00,VUZI,1.3200000524520874,1.3200000524520874,1.3200000524520874,1.3200000524520874,1.3200000524520874,875.0
2024-04-24 15:38:00,VYGR,7.514999866485596,7.514999866485596,7.519999980926514,7.510000228881836,7.510000228881836,2680.0
2024-04-24 15:38:00,WABC,47.779998779296875,47.779998779296875,47.849998474121094,47.779998779296875,47.849998474121094,951.0
2024-04-24 15:38:00,WAFD,28.25,28.25,28.25,28.239999771118164,28.239999771118164,2139.0
2024-04-24 15:38:00,WAVD,1.9500000476837158,1.9500000476837158,1.999899983406067,1.9500000476837158,1.999899983406067,1000.0
2024-04-24 15:38:00,WB,8.425000190734863,8.425000190734863,8.425000190734863,8.425000190734863,8.425000190734863,1758.0
2024-04-24 15:38:00,WBA,17.889999389648438,17.889999389648438,17.895000457763672,17.8799991607666,17.895000457763672,24354.0
2024-04-24 15:38:00,WBD,8.329999923706055,8.329999923706055,8.329999923706055,8.321399688720703,8.324999809265137,32336.0
2024-04-24 15:38:00,WDAY,255.27999877929688,255.27999877929688,255.42999267578125,255.27999877929688,255.35499572753906,5305.0
2024-04-24 15:38:00,WDC,69.4000015258789,69.4000015258789,69.4175033569336,69.3949966430664,69.4000015258789,7120.0
2024-04-24 15:38:00,WEN,19.796600341796875,19.796600341796875,19.796600341796875,19.78499984741211,19.78499984741211,20645.0
2024-04-24 15:38:00,WERN,35.34000015258789,35.34000015258789,35.34000015258789,35.34000015258789,35.34000015258789,834.0
2024-04-24 15:38:00,WFRD,124.16000366210938,124.16000366210938,124.2300033569336,124.16000366210938,124.16999816894531,3510.0
2024-04-24 15:38:00,WHF,12.930000305175781,12.930000305175781,12.930000305175781,12.899999618530273,12.899999618530273,760.0
2024-04-24 15:38:00,WHLR,0.14329999685287476,0.14329999685287476,0.14329999685287476,0.14329999685287476,0.14329999685287476,368.0
2024-04-24 15:38:00,WIMI,1.0750000476837158,1.0750000476837158,1.0750000476837158,1.0700000524520874,1.0700000524520874,5758.0
2024-04-24 15:38:00,WISA,6.070300102233887,6.070300102233887,6.076200008392334,6.070099830627441,6.070099830627441,5918.0
2024-04-24 15:38:00,WKHS,0.16249999403953552,0.16249999403953552,0.16249999403953552,0.1624000072479248,0.16249999403953552,3799.0
2024-04-24 15:38:00,WLDS,0.4505000114440918,0.4505000114440918,0.4505000114440918,0.4505000114440918,0.4505000114440918,1.0
2024-04-24 15:38:00,WMG,32.14500045776367,32.14500045776367,32.14500045776367,32.130001068115234,32.13999938964844,3775.0
2024-04-24 15:38:00,WSBC,28.2549991607666,28.2549991607666,28.260000228881836,28.240999221801758,28.240999221801758,1754.0
2024-04-24 15:38:00,WSBF,12.34000015258789,12.34000015258789,12.34000015258789,12.34000015258789,12.34000015258789,132.0
2024-04-24 15:38:00,WSC,38.11000061035156,38.11000061035156,38.119998931884766,38.099998474121094,38.099998474121094,3553.0
2024-04-24 15:38:00,WSFS,44.88999938964844,44.88999938964844,44.88999938964844,44.8650016784668,44.8650016784668,1564.0
2024-04-24 15:38:00,WTFC,99.91000366210938,99.91000366210938,99.96399688720703,99.87999725341797,99.87999725341797,1497.0
2024-04-24 15:38:00,WTW,264.3699951171875,264.3699951171875,264.3699951171875,264.3500061035156,264.3500061035156,1380.0
2024-04-24 15:38:00,WVE,5.070000171661377,5.070000171661377,5.070000171661377,5.070000171661377,5.070000171661377,1785.0
2024-04-24 15:38:00,WW,1.6649999618530273,1.6649999618530273,1.6649999618530273,1.659999966621399,1.659999966621399,1569.0
2024-04-24 15:38:00,WWD,149.27999877929688,149.27999877929688,149.3300018310547,149.27999877929688,149.3300018310547,1485.0
2024-04-24 15:38:00,WYNN,97.02999877929688,97.02999877929688,97.08999633789062,96.98999786376953,97.01000213623047,6399.0
2024-04-24 15:38:00,XEL,55.584999084472656,55.584999084472656,55.584999084472656,55.57500076293945,55.57500076293945,13932.0
2024-04-24 15:38:00,XENE,39.439998626708984,39.439998626708984,39.439998626708984,39.39500045776367,39.39500045776367,3938.0
2024-04-24 15:38:00,XFOR,1.2699999809265137,1.2699999809265137,1.2699999809265137,1.2649999856948853,1.2649999856948853,529.0
2024-04-24 15:38:00,XLO,1.059999942779541,1.059999942779541,1.059999942779541,1.059999942779541,1.059999942779541,1500.0
2024-04-24 15:38:00,XMTR,16.861000061035156,16.861000061035156,16.861000061035156,16.861000061035156,16.861000061035156,317.0
2024-04-24 15:38:00,XNCR,19.030000686645508,19.030000686645508,19.030000686645508,18.9950008392334,18.9950008392334,2303.0
2024-04-24 15:38:00,XP,20.56999969482422,20.56999969482422,20.584999084472656,20.56999969482422,20.575000762939453,18706.0
2024-04-24 15:38:00,XPEL,55.39500045776367,55.39500045776367,55.39500045776367,55.39500045776367,55.39500045776367,842.0
2024-04-24 15:38:00,XRX,14.4399995803833,14.4399995803833,14.460000038146973,14.4399995803833,14.449999809265137,14220.0
2024-04-24 15:38:00,YORW,35.53950119018555,35.53950119018555,35.53950119018555,35.52000045776367,35.52000045776367,1922.0
2024-04-24 15:38:00,YTEN,0.23899999260902405,0.23899999260902405,0.23899999260902405,0.23899999260902405,0.23899999260902405,540.0
2024-04-24 15:38:00,YTRA,1.25,1.25,1.25,1.25,1.25,0.0
2024-04-24 15:38:00,Z,43.58000183105469,43.58000183105469,43.59000015258789,43.58000183105469,43.59000015258789,3085.0
2024-04-24 15:38:00,ZBRA,278.2749938964844,278.2749938964844,278.2749938964844,278.2749938964844,278.2749938964844,1053.0
2024-04-24 15:38:00,ZCMD,1.649999976158142,1.649999976158142,1.649999976158142,1.6399999856948853,1.6399999856948853,5153.0
2024-04-24 15:38:00,ZD,52.16999816894531,52.16999816894531,52.16999816894531,52.119998931884766,52.119998931884766,2130.0
2024-04-24 15:38:00,ZFOX,1.1399999856948853,1.1399999856948853,1.1399999856948853,1.1399999856948853,1.1399999856948853,100.0
2024-04-24 15:38:00,ZG,43.099998474121094,43.099998474121094,43.099998474121094,43.08000183105469,43.08000183105469,309.0
2024-04-24 15:38:00,ZI,15.845000267028809,15.845000267028809,15.845000267028809,15.84000015258789,15.84000015258789,5274.0
2024-04-24 15:38:00,ZIMV,15.819999694824219,15.819999694824219,15.819999694824219,15.819999694824219,15.819999694824219,702.0
2024-04-24 15:38:00,ZION,42.08000183105469,42.08000183105469,42.095001220703125,42.06999969482422,42.06999969482422,4358.0
2024-04-24 15:38:00,ZIONL,25.572200775146484,25.572200775146484,25.572200775146484,25.572200775146484,25.572200775146484,200.0
2024-04-24 15:38:00,ZLAB,15.585000038146973,15.585000038146973,15.585000038146973,15.585000038146973,15.585000038146973,786.0
2024-04-24 15:38:00,ZM,61.310001373291016,61.310001373291016,61.314998626708984,61.26250076293945,61.26250076293945,9972.0
2024-04-24 15:38:00,ZNTL,11.760000228881836,11.760000228881836,11.765000343322754,11.75,11.75,1228.0
2024-04-24 15:38:00,ZS,178.17999267578125,178.17999267578125,178.17999267578125,177.9199981689453,177.9199981689453,4542.0
2024-04-24 15:38:00,ZUMZ,17.264999389648438,17.264999389648438,17.270000457763672,17.260000228881836,17.260000228881836,2641.0
2024-04-24 15:38:00,ZURA,3.259999990463257,3.259999990463257,3.2699999809265137,3.259999990463257,3.2699999809265137,2728.0
2024-04-24 15:38:00,ZVRA,4.53000020980835,4.53000020980835,4.53000020980835,4.53000020980835,4.53000020980835,257.0
2024-04-24 15:38:00,ZYME,8.5600004196167,8.5600004196167,8.5600004196167,8.550000190734863,8.550000190734863,3918.0
2024-04-24 15:39:00,COCO,24.150100708007812,24.150100708007812,24.15999984741211,24.150100708007812,24.15999984741211,437.0
2024-04-24 15:39:00,EGHT,2.359999895095825,2.359999895095825,2.359999895095825,2.3499999046325684,2.3550000190734863,542.0
2024-04-24 15:39:00,ETNB,8.619999885559082,8.619999885559082,8.619999885559082,8.609999656677246,8.609999656677246,3170.0
2024-04-24 15:39:00,FDMT,24.489999771118164,24.489999771118164,24.489999771118164,24.489999771118164,24.489999771118164,687.0
2024-04-24 15:39:00,FLWS,9.130000114440918,9.130000114440918,9.140999794006348,9.130000114440918,9.140999794006348,1953.0
2024-04-24 15:39:00,FREE,4.820000171661377,4.820000171661377,4.820000171661377,4.818999767303467,4.818999767303467,3523.0
2024-04-24 15:39:00,MAPS,1.0950000286102295,1.0950000286102295,1.0950000286102295,1.090000033378601,1.090000033378601,1090.0
2024-04-24 15:39:00,SCWO,1.350000023841858,1.350000023841858,1.350000023841858,1.350000023841858,1.350000023841858,7019.0
2024-04-24 15:39:00,SEAT,5.909999847412109,5.909999847412109,5.909999847412109,5.889999866485596,5.889999866485596,6255.0
2024-04-24 15:39:00,TSVT,4.215000152587891,4.215000152587891,4.215000152587891,4.215000152587891,4.215000152587891,202.0
2024-04-24 15:39:00,TWOU,0.23890000581741333,0.23890000581741333,0.23890000581741333,0.23890000581741333,0.23890000581741333,2447.0
2024-04-24 15:39:00,TXG,27.43000030517578,27.43000030517578,27.43000030517578,27.415000915527344,27.420000076293945,3100.0
2024-04-24 15:39:00,VC,110.80000305175781,110.80000305175781,110.80000305175781,110.80000305175781,110.80000305175781,110.0
2024-04-24 15:39:00,VCTR,49.79999923706055,49.79999923706055,49.83000183105469,49.79999923706055,49.83000183105469,1548.0
2024-04-24 15:39:00,VERU,1.340000033378601,1.340000033378601,1.340000033378601,1.3300000429153442,1.3324999809265137,4304.0
2024-04-24 15:39:00,VERV,6.639999866485596,6.639999866485596,6.644999980926514,6.635000228881836,6.635000228881836,2769.0
2024-04-24 15:39:00,VERX,28.94499969482422,28.94499969482422,28.959999084472656,28.940000534057617,28.959999084472656,3461.0
2024-04-24 15:39:00,VFF,1.3281999826431274,1.3281999826431274,1.3281999826431274,1.3281999826431274,1.3281999826431274,200.0
2024-04-24 15:39:00,VIAV,7.994999885559082,7.994999885559082,7.997499942779541,7.994999885559082,7.997499942779541,1102.0
2024-04-24 15:39:00,VICR,31.3799991607666,31.3799991607666,31.389999389648438,31.239999771118164,31.242599487304688,8273.0
2024-04-24 15:39:00,VIR,8.055000305175781,8.055000305175781,8.055000305175781,8.055000305175781,8.055000305175781,473.0
2024-04-24 15:39:00,VIRC,10.630000114440918,10.630000114440918,10.65999984741211,10.630000114440918,10.65999984741211,1051.0
2024-04-24 15:39:00,VIRT,21.969999313354492,21.969999313354492,21.975000381469727,21.920000076293945,21.93000030517578,8621.0
2024-04-24 15:39:00,VKTX,64.63999938964844,64.63999938964844,64.69000244140625,64.52999877929688,64.55999755859375,4799.0
2024-04-24 15:39:00,VMEO,3.505000114440918,3.505000114440918,3.505000114440918,3.505000114440918,3.505000114440918,2991.0
2024-04-24 15:39:00,VNET,1.565000057220459,1.565000057220459,1.565000057220459,1.565000057220459,1.565000057220459,109.0
2024-04-24 15:39:00,VNOM,39.91999816894531,39.91999816894531,39.91999816894531,39.900001525878906,39.915000915527344,3361.0
2024-04-24 15:39:00,VOD,8.645999908447266,8.645999908447266,8.649999618530273,8.645000457763672,8.645000457763672,1638.0
2024-04-24 15:39:00,VOR,1.7400000095367432,1.7400000095367432,1.7400000095367432,1.7400000095367432,1.7400000095367432,221.0
2024-04-24 15:39:00,VOXR,2.055000066757202,2.055000066757202,2.055000066757202,2.055000066757202,2.055000066757202,1329.0
2024-04-24 15:39:00,VRCA,6.739999771118164,6.739999771118164,6.739999771118164,6.71999979019165,6.71999979019165,251.0
2024-04-24 15:39:00,VRDN,13.135000228881836,13.135000228881836,13.140000343322754,13.130000114440918,13.140000343322754,2724.0
2024-04-24 15:39:00,VRNA,15.335000038146973,15.335000038146973,15.335000038146973,15.335000038146973,15.335000038146973,134.0
2024-04-24 15:39:00,VRRM,24.235000610351562,24.235000610351562,24.235000610351562,24.235000610351562,24.235000610351562,205.0
2024-04-24 15:39:00,VSAT,16.264999389648438,16.264999389648438,16.274999618530273,16.25,16.274999618530273,9376.0
2024-04-24 15:39:00,VTNR,1.4249999523162842,1.4249999523162842,1.4249999523162842,1.4249999523162842,1.4249999523162842,6788.0
2024-04-24 15:39:00,VTRS,11.569999694824219,11.569999694824219,11.569999694824219,11.550000190734863,11.555000305175781,27439.0
2024-04-24 15:39:00,VTSI,12.25,12.25,12.25,12.25,12.25,241.0
2024-04-24 15:39:00,VUZI,1.3200000524520874,1.3200000524520874,1.3200000524520874,1.3200000524520874,1.3200000524520874,10527.0
2024-04-24 15:39:00,VYGR,7.514999866485596,7.514999866485596,7.514999866485596,7.514999866485596,7.514999866485596,160.0
2024-04-24 15:39:00,WAFD,28.26099967956543,28.26099967956543,28.26099967956543,28.239999771118164,28.239999771118164,1406.0
2024-04-24 15:39:00,WB,8.430000305175781,8.430000305175781,8.430000305175781,8.425000190734863,8.425000190734863,3915.0
2024-04-24 15:39:00,WBA,17.895000457763672,17.895000457763672,17.895000457763672,17.8799991607666,17.88010025024414,10529.0
2024-04-24 15:39:00,WBD,8.335000038146973,8.335000038146973,8.33590030670166,8.320099830627441,8.329999923706055,31013.0
2024-04-24 15:39:00,WDAY,255.27000427246094,255.27000427246094,255.3000030517578,255.27000427246094,255.3000030517578,1404.0
2024-04-24 15:39:00,WDC,69.41000366210938,69.41000366210938,69.41500091552734,69.36499786376953,69.37000274658203,9356.0
2024-04-24 15:39:00,WEN,19.78499984741211,19.78499984741211,19.795000076293945,19.78499984741211,19.795000076293945,5296.0
2024-04-24 15:39:00,WERN,35.369998931884766,35.369998931884766,35.369998931884766,35.33000183105469,35.34000015258789,5551.0
2024-04-24 15:39:00,WFRD,123.94000244140625,123.94000244140625,124.03500366210938,123.94000244140625,124.03500366210938,1081.0
2024-04-24 15:39:00,WHLM,5.827499866485596,5.827499866485596,5.827499866485596,5.827499866485596,5.827499866485596,1259.0
2024-04-24 15:39:00,WHLR,0.14339999854564667,0.14339999854564667,0.14339999854564667,0.14339999854564667,0.14339999854564667,1891.0
2024-04-24 15:39:00,WIMI,1.0795999765396118,1.0795999765396118,1.0800000429153442,1.0700000524520874,1.0728000402450562,9988.0
2024-04-24 15:39:00,WISA,6.070300102233887,6.070300102233887,6.070300102233887,6.060699939727783,6.060699939727783,1135.0
2024-04-24 15:39:00,WKHS,0.1624000072479248,0.1624000072479248,0.1624000072479248,0.16200000047683716,0.1624000072479248,9359.0
2024-04-24 15:39:00,WMG,32.14500045776367,32.14500045776367,32.14500045776367,32.14500045776367,32.14500045776367,1611.0
2024-04-24 15:39:00,WNEB,6.510000228881836,6.510000228881836,6.510000228881836,6.510000228881836,6.510000228881836,175.0
2024-04-24 15:39:00,WRAP,1.9700000286102295,1.9700000286102295,1.9700000286102295,1.9600000381469727,1.9600000381469727,286.0
2024-04-24 15:39:00,WSBF,12.34000015258789,12.34000015258789,12.34000015258789,12.34000015258789,12.34000015258789,482.0
2024-04-24 15:39:00,WSC,38.11000061035156,38.11000061035156,38.119998931884766,38.099998474121094,38.099998474121094,2889.0
2024-04-24 15:39:00,WTFC,99.97000122070312,99.97000122070312,99.97000122070312,99.92749786376953,99.92749786376953,895.0
2024-04-24 15:39:00,WTW,264.2019958496094,264.2019958496094,264.25,264.2019958496094,264.25,560.0
2024-04-24 15:39:00,WW,1.6649999618530273,1.6649999618530273,1.6698999404907227,1.6649999618530273,1.6698999404907227,1794.0
2024-04-24 15:39:00,WYNN,97.0199966430664,97.0199966430664,97.0199966430664,96.98999786376953,97.0,1840.0
2024-04-24 15:39:00,XBIT,8.09000015258789,8.09000015258789,8.09000015258789,8.09000015258789,8.09000015258789,396.0
2024-04-24 15:39:00,XEL,55.57500076293945,55.57500076293945,55.584999084472656,55.56999969482422,55.58000183105469,13237.0
2024-04-24 15:39:00,XENE,39.40999984741211,39.40999984741211,39.40999984741211,39.40999984741211,39.40999984741211,853.0
2024-04-24 15:39:00,XFOR,1.2699999809265137,1.2699999809265137,1.2699999809265137,1.2690000534057617,1.2699999809265137,9210.0
2024-04-24 15:39:00,XMTR,16.8799991607666,16.8799991607666,16.8799991607666,16.8700008392334,16.8700008392334,1515.0
2024-04-24 15:39:00,XNCR,19.0049991607666,19.0049991607666,19.024999618530273,19.0049991607666,19.024999618530273,1798.0
2024-04-24 15:39:00,XP,20.565000534057617,20.565000534057617,20.56999969482422,20.559999465942383,20.565000534057617,3261.0
2024-04-24 15:39:00,XPEL,55.400001525878906,55.400001525878906,55.400001525878906,55.400001525878906,55.400001525878906,490.0
2024-04-24 15:39:00,XRX,14.425000190734863,14.425000190734863,14.4399995803833,14.425000190734863,14.430000305175781,11719.0
2024-04-24 15:39:00,XXII,1.8890000581741333,1.8890000581741333,1.8899999856948853,1.8700000047683716,1.8899999856948853,12454.0
2024-04-24 15:39:00,YTRA,1.249500036239624,1.249500036239624,1.249500036239624,1.249500036239624,1.249500036239624,2160.0
2024-04-24 15:39:00,Z,43.619998931884766,43.619998931884766,43.619998931884766,43.56100082397461,43.58000183105469,22174.0
2024-04-24 15:39:00,ZBRA,278.1499938964844,278.1499938964844,278.2699890136719,278.1300048828125,278.2650146484375,3840.0
2024-04-24 15:39:00,ZCMD,1.6100000143051147,1.6100000143051147,1.6100000143051147,1.6100000143051147,1.6100000143051147,0.0
2024-04-24 15:39:00,ZD,52.189998626708984,52.189998626708984,52.189998626708984,52.189998626708984,52.189998626708984,1148.0
2024-04-24 15:39:00,ZFOX,1.1349999904632568,1.1349999904632568,1.1349999904632568,1.1349999904632568,1.1349999904632568,200.0
2024-04-24 15:39:00,ZG,43.119998931884766,43.119998931884766,43.119998931884766,43.08000183105469,43.08000183105469,1915.0
2024-04-24 15:39:00,ZI,15.845000267028809,15.845000267028809,15.845000267028809,15.845000267028809,15.845000267028809,1310.0
2024-04-24 15:39:00,ZION,42.11000061035156,42.11000061035156,42.11000061035156,42.07500076293945,42.084999084472656,3468.0
2024-04-24 15:39:00,ZM,61.314998626708984,61.314998626708984,61.314998626708984,61.310001373291016,61.310001373291016,1960.0
2024-04-24 15:39:00,ZNTL,11.760000228881836,11.760000228881836,11.760000228881836,11.760000228881836,11.760000228881836,1013.0
2024-04-24 15:39:00,ZS,178.30999755859375,178.30999755859375,178.30999755859375,178.08999633789062,178.08999633789062,2915.0
2024-04-24 15:39:00,ZURA,3.259999990463257,3.259999990463257,3.259999990463257,3.240000009536743,3.240000009536743,6179.0
2024-04-24 15:39:00,ZVSA,0.6148999929428101,0.6148999929428101,0.6148999929428101,0.6148999929428101,0.6148999929428101,214.0
2024-04-24 15:39:00,ZYME,8.5600004196167,8.5600004196167,8.569999694824219,8.5600004196167,8.569999694824219,386.0
2024-04-24 15:40:00,ATNF,1.7698999643325806,1.7698999643325806,1.7699999809265137,1.7599999904632568,1.7599999904632568,1974.0
2024-04-24 15:40:00,COCO,24.155000686645508,24.155000686645508,24.155000686645508,24.155000686645508,24.155000686645508,282.0
2024-04-24 15:40:00,DSP,8.600000381469727,8.600000381469727,8.600000381469727,8.59000015258789,8.59000015258789,577.0
2024-04-24 15:40:00,EGHT,2.359999895095825,2.359999895095825,2.359999895095825,2.359999895095825,2.359999895095825,678.0
2024-04-24 15:40:00,FDMT,24.479999542236328,24.479999542236328,24.5,24.479999542236328,24.5,736.0
2024-04-24 15:40:00,FEAM,1.1699999570846558,1.1699999570846558,1.1699999570846558,1.1699999570846558,1.1699999570846558,677.0
2024-04-24 15:40:00,FLWS,9.130000114440918,9.130000114440918,9.130000114440918,9.130000114440918,9.130000114440918,540.0
2024-04-24 15:40:00,HOWL,6.46999979019165,6.46999979019165,6.46999979019165,6.46999979019165,6.46999979019165,579.0
2024-04-24 15:40:00,MAPS,1.0950000286102295,1.0950000286102295,1.0950000286102295,1.090000033378601,1.0950000286102295,851.0
2024-04-24 15:40:00,ME,0.4722999930381775,0.4722999930381775,0.4722999930381775,0.4722999930381775,0.4722999930381775,1363.0
2024-04-24 15:40:00,SEAT,5.909999847412109,5.909999847412109,5.909999847412109,5.904699802398682,5.904699802398682,1081.0
2024-04-24 15:40:00,SRCE,50.79999923706055,50.79999923706055,50.79999923706055,50.79999923706055,50.79999923706055,1399.0
2024-04-24 15:40:00,TSVT,4.230000019073486,4.230000019073486,4.230000019073486,4.210000038146973,4.216300010681152,3252.0
2024-04-24 15:40:00,TWOU,0.23890000581741333,0.23890000581741333,0.23890000581741333,0.23880000412464142,0.23880000412464142,3006.0
2024-04-24 15:40:00,TXG,27.440000534057617,27.440000534057617,27.44499969482422,27.43000030517578,27.43000030517578,4837.0
2024-04-24 15:40:00,VANI,1.7450000047683716,1.7450000047683716,1.7450000047683716,1.7419999837875366,1.7430000305175781,728.0
2024-04-24 15:40:00,VC,110.79000091552734,110.79000091552734,110.80500030517578,110.7699966430664,110.80000305175781,1656.0
2024-04-24 15:40:00,VCTR,49.7599983215332,49.7599983215332,49.7599983215332,49.72999954223633,49.7400016784668,2311.0
2024-04-24 15:40:00,VERU,1.3350000381469727,1.3350000381469727,1.340000033378601,1.3301000595092773,1.340000033378601,7818.0
2024-04-24 15:40:00,VERV,6.664999961853027,6.664999961853027,6.664999961853027,6.644999980926514,6.644999980926514,3124.0
2024-04-24 15:40:00,VERX,28.889999389648438,28.889999389648438,28.950000762939453,28.889999389648438,28.94499969482422,7763.0
2024-04-24 15:40:00,VFF,1.3300000429153442,1.3300000429153442,1.3300000429153442,1.3294999599456787,1.3299000263214111,2730.0
2024-04-24 15:40:00,VFS,2.4800000190734863,2.4800000190734863,2.4800000190734863,2.4800000190734863,2.4800000190734863,200.0
2024-04-24 15:40:00,VIAV,7.994999885559082,7.994999885559082,8.0,7.994500160217285,8.0,1393.0
2024-04-24 15:40:00,VICR,31.40999984741211,31.40999984741211,31.423900604248047,31.3700008392334,31.3700008392334,5286.0
2024-04-24 15:40:00,VIR,8.0600004196167,8.0600004196167,8.0600004196167,8.055000305175781,8.055000305175781,2480.0
2024-04-24 15:40:00,VIRT,22.040000915527344,22.040000915527344,22.049999237060547,21.975000381469727,21.975000381469727,8431.0
2024-04-24 15:40:00,VITL,26.690000534057617,26.690000534057617,26.693599700927734,26.690000534057617,26.693599700927734,493.0
2024-04-24 15:40:00,VKTX,64.61000061035156,64.61000061035156,64.68000030517578,64.61000061035156,64.68000030517578,2993.0
2024-04-24 15:40:00,VLCN,0.257099986076355,0.257099986076355,0.25780001282691956,0.257099986076355,0.25769999623298645,11384.0
2024-04-24 15:40:00,VMEO,3.515000104904175,3.515000104904175,3.5199999809265137,3.500200033187866,3.505000114440918,25681.0
2024-04-24 15:40:00,VNET,1.565000057220459,1.565000057220459,1.565000057220459,1.559999942779541,1.565000057220459,1349.0
2024-04-24 15:40:00,VNOM,39.935001373291016,39.935001373291016,39.935001373291016,39.90999984741211,39.90999984741211,1813.0
2024-04-24 15:40:00,VOD,8.645000457763672,8.645000457763672,8.649999618530273,8.641300201416016,8.645000457763672,1904.0
2024-04-24 15:40:00,VRCA,6.75,6.75,6.75,6.75,6.75,1009.0
2024-04-24 15:40:00,VRDN,13.149800300598145,13.149800300598145,13.149800300598145,13.130000114440918,13.130000114440918,1690.0
2024-04-24 15:40:00,VRNA,15.34000015258789,15.34000015258789,15.350000381469727,15.34000015258789,15.350000381469727,4360.0
2024-04-24 15:40:00,VRRM,24.2549991607666,24.2549991607666,24.2549991607666,24.239999771118164,24.239999771118164,3625.0
2024-04-24 15:40:00,VSAT,16.229999542236328,16.229999542236328,16.249300003051758,16.229999542236328,16.239999771118164,5538.0
2024-04-24 15:40:00,VTRS,11.5649995803833,11.5649995803833,11.574999809265137,11.5649995803833,11.569999694824219,60136.0
2024-04-24 15:40:00,VUZI,1.3300000429153442,1.3300000429153442,1.3300000429153442,1.3200000524520874,1.3200000524520874,6673.0
2024-04-24 15:40:00,VVOS,2.5799999237060547,2.5799999237060547,2.6198999881744385,2.5799999237060547,2.5799999237060547,1945.0
2024-04-24 15:40:00,VWE,0.25,0.25,0.2524999976158142,0.25,0.2524999976158142,16041.0
2024-04-24 15:40:00,VYGR,7.525000095367432,7.525000095367432,7.525000095367432,7.519999980926514,7.519999980926514,1264.0
2024-04-24 15:40:00,WAFD,28.260000228881836,28.260000228881836,28.270000457763672,28.260000228881836,28.270000457763672,1128.0
2024-04-24 15:40:00,WALD,5.269999980926514,5.269999980926514,5.269999980926514,5.269999980926514,5.269999980926514,178.0
2024-04-24 15:40:00,WAVD,1.9500000476837158,1.9500000476837158,1.9524999856948853,1.9500000476837158,1.9524999856948853,800.0
2024-04-24 15:40:00,WB,8.4399995803833,8.4399995803833,8.4399995803833,8.43179988861084,8.4350004196167,3503.0
2024-04-24 15:40:00,WBA,17.905000686645508,17.905000686645508,17.90999984741211,17.890100479125977,17.895000457763672,19151.0
2024-04-24 15:40:00,WBD,8.34000015258789,8.34000015258789,8.34000015258789,8.331500053405762,8.335000038146973,15406.0
2024-04-24 15:40:00,WDAY,255.2899932861328,255.2899932861328,255.36000061035156,255.28500366210938,255.32000732421875,3186.0
2024-04-24 15:40:00,WDC,69.4000015258789,69.4000015258789,69.43499755859375,69.3949966430664,69.41000366210938,10513.0
2024-04-24 15:40:00,WEN,19.78499984741211,19.78499984741211,19.78820037841797,19.780000686645508,19.78499984741211,7769.0
2024-04-24 15:40:00,WERN,35.369998931884766,35.369998931884766,35.369998931884766,35.35020065307617,35.369998931884766,2253.0
2024-04-24 15:40:00,WFRD,123.91000366210938,123.91000366210938,124.01000213623047,123.91000366210938,123.96499633789062,2550.0
2024-04-24 15:40:00,WHLM,5.800000190734863,5.800000190734863,5.800000190734863,5.800000190734863,5.800000190734863,1092.0
2024-04-24 15:40:00,WIMI,1.0700000524520874,1.0700000524520874,1.079800009727478,1.0700000524520874,1.0700000524520874,1577.0
2024-04-24 15:40:00,WISA,6.070099830627441,6.070099830627441,6.090000152587891,6.070000171661377,6.090000152587891,1913.0
2024-04-24 15:40:00,WIX,121.79000091552734,121.79000091552734,121.79000091552734,121.58499908447266,121.58499908447266,4387.0
2024-04-24 15:40:00,WKHS,0.16210000216960907,0.16210000216960907,0.16249999403953552,0.16200000047683716,0.16249999403953552,7662.0
2024-04-24 15:40:00,WMG,32.13999938964844,32.13999938964844,32.14500045776367,32.13999938964844,32.14500045776367,2989.0
2024-04-24 15:40:00,WMPN,12.100000381469727,12.100000381469727,12.100000381469727,12.09000015258789,12.100000381469727,3026.0
2024-04-24 15:40:00,WSBC,28.280000686645508,28.280000686645508,28.280000686645508,28.260000228881836,28.260000228881836,964.0
2024-04-24 15:40:00,WSC,38.15999984741211,38.15999984741211,38.15999984741211,38.1150016784668,38.130001068115234,45738.0
2024-04-24 15:40:00,WSFS,44.880001068115234,44.880001068115234,44.880001068115234,44.880001068115234,44.880001068115234,686.0
2024-04-24 15:40:00,WTFC,99.99500274658203,99.99500274658203,99.99500274658203,99.99500274658203,99.99500274658203,636.0
2024-04-24 15:40:00,WTW,264.2799987792969,264.2799987792969,264.2799987792969,264.2799987792969,264.2799987792969,1292.0
2024-04-24 15:40:00,WVE,5.065000057220459,5.065000057220459,5.065000057220459,5.065000057220459,5.065000057220459,173.0
2024-04-24 15:40:00,WW,1.659999966621399,1.659999966621399,1.6699999570846558,1.659999966621399,1.6649999618530273,9922.0
2024-04-24 15:40:00,WYNN,97.11000061035156,97.11000061035156,97.11000061035156,97.02999877929688,97.04000091552734,4353.0
2024-04-24 15:40:00,XEL,55.540000915527344,55.540000915527344,55.57500076293945,55.540000915527344,55.57500076293945,19259.0
2024-04-24 15:40:00,XENE,39.38999938964844,39.38999938964844,39.38999938964844,39.36000061035156,39.38999938964844,3527.0
2024-04-24 15:40:00,XERS,1.7649999856948853,1.7649999856948853,1.7649999856948853,1.7549999952316284,1.7549999952316284,7128.0
2024-04-24 15:40:00,XFOR,1.2697999477386475,1.2697999477386475,1.2697999477386475,1.2697999477386475,1.2697999477386475,1843.0
2024-04-24 15:40:00,XMTR,16.8799991607666,16.8799991607666,16.889999389648438,16.871000289916992,16.871000289916992,1167.0
2024-04-24 15:40:00,XNCR,19.010000228881836,19.010000228881836,19.020000457763672,19.010000228881836,19.020000457763672,730.0
2024-04-24 15:40:00,XNET,1.559999942779541,1.559999942779541,1.559999942779541,1.559999942779541,1.559999942779541,757.0
2024-04-24 15:40:00,XP,20.565000534057617,20.565000534057617,20.575000762939453,20.565000534057617,20.565000534057617,13714.0
2024-04-24 15:40:00,XPEL,55.43000030517578,55.43000030517578,55.474998474121094,55.404998779296875,55.404998779296875,1996.0
2024-04-24 15:40:00,XRX,14.425000190734863,14.425000190734863,14.4399995803833,14.420000076293945,14.420100212097168,17453.0
2024-04-24 15:40:00,XWEL,1.8198000192642212,1.8198000192642212,1.8198000192642212,1.8198000192642212,1.8198000192642212,551.0
2024-04-24 15:40:00,XXII,1.8812999725341797,1.8812999725341797,1.8812999725341797,1.8812999725341797,1.8812999725341797,1985.0
2024-04-24 15:40:00,YMAB,15.225000381469727,15.225000381469727,15.225000381469727,15.225000381469727,15.225000381469727,230.0
2024-04-24 15:40:00,Z,43.61000061035156,43.61000061035156,43.65999984741211,43.61000061035156,43.630001068115234,8450.0
2024-04-24 15:40:00,ZBRA,278.2099914550781,278.2099914550781,278.2950134277344,278.2099914550781,278.2950134277344,801.0
2024-04-24 15:40:00,ZENV,2.115000009536743,2.115000009536743,2.115000009536743,2.115000009536743,2.115000009536743,2600.0
2024-04-24 15:40:00,ZG,43.09000015258789,43.09000015258789,43.11000061035156,43.09000015258789,43.11000061035156,899.0
2024-04-24 15:40:00,ZI,15.845000267028809,15.845000267028809,15.850000381469727,15.845000267028809,15.845000267028809,2206.0
2024-04-24 15:40:00,ZION,42.1150016784668,42.1150016784668,42.119998931884766,42.1150016784668,42.119998931884766,2635.0
2024-04-24 15:40:00,ZLAB,15.579999923706055,15.579999923706055,15.585000038146973,15.569999694824219,15.585000038146973,1798.0
2024-04-24 15:40:00,ZM,61.310001373291016,61.310001373291016,61.310001373291016,61.29999923706055,61.310001373291016,7121.0
2024-04-24 15:40:00,ZNTL,11.75,11.75,11.75,11.75,11.75,660.0
2024-04-24 15:40:00,ZS,178.30999755859375,178.30999755859375,178.30999755859375,178.24000549316406,178.24000549316406,1771.0
2024-04-24 15:40:00,ZUMZ,17.243999481201172,17.243999481201172,17.260000228881836,17.243999481201172,17.25,2430.0
2024-04-24 15:40:00,ZURA,3.2799999713897705,3.2799999713897705,3.2799999713897705,3.240000009536743,3.240000009536743,6789.0
2024-04-24 15:40:00,ZVSA,0.6148999929428101,0.6148999929428101,0.6148999929428101,0.614799976348877,0.614799976348877,693.0
2024-04-24 15:40:00,ZYME,8.5600004196167,8.5600004196167,8.5600004196167,8.5600004196167,8.5600004196167,81.0
2024-04-24 15:41:00,AIXI,1.2401000261306763,1.2401000261306763,1.2440999746322632,1.2401000261306763,1.2440999746322632,1400.0
2024-04-24 15:41:00,COCO,24.145000457763672,24.145000457763672,24.145000457763672,24.145000457763672,24.145000457763672,679.0
2024-04-24 15:41:00,DSP,8.609999656677246,8.609999656677246,8.609999656677246,8.609999656677246,8.609999656677246,151.0
2024-04-24 15:41:00,EGHT,2.359999895095825,2.359999895095825,2.359999895095825,2.359999895095825,2.359999895095825,101.0
2024-04-24 15:41:00,ETNB,8.614999771118164,8.614999771118164,8.614999771118164,8.609999656677246,8.614999771118164,1151.0
2024-04-24 15:41:00,FDMT,24.510000228881836,24.510000228881836,24.510000228881836,24.5,24.5,721.0
2024-04-24 15:41:00,FLWS,9.130000114440918,9.130000114440918,9.135000228881836,9.130000114440918,9.130000114440918,1151.0
2024-04-24 15:41:00,HOWL,6.465000152587891,6.465000152587891,6.465000152587891,6.465000152587891,6.465000152587891,372.0
2024-04-24 15:41:00,MAPS,1.090000033378601,1.090000033378601,1.090000033378601,1.090000033378601,1.090000033378601,239.0
2024-04-24 15:41:00,MASS,5.619999885559082,5.619999885559082,5.619999885559082,5.619999885559082,5.619999885559082,610.0
2024-04-24 15:41:00,ME,0.4722999930381775,0.4722999930381775,0.4722999930381775,0.4722999930381775,0.4722999930381775,679.0
2024-04-24 15:41:00,SEAT,5.920000076293945,5.920000076293945,5.920000076293945,5.909999847412109,5.909999847412109,1561.0
2024-04-24 15:41:00,TSVT,4.2378997802734375,4.2378997802734375,4.244999885559082,4.2378997802734375,4.244999885559082,1220.0
2024-04-24 15:41:00,TWOU,0.23899999260902405,0.23899999260902405,0.23899999260902405,0.23880000412464142,0.23880000412464142,13532.0
2024-04-24 15:41:00,TXG,27.440000534057617,27.440000534057617,27.450000762939453,27.43000030517578,27.43000030517578,3549.0
2024-04-24 15:41:00,VC,110.72000122070312,110.72000122070312,110.79000091552734,110.72000122070312,110.79000091552734,2105.0
2024-04-24 15:41:00,VCTR,49.779998779296875,49.779998779296875,49.779998779296875,49.77000045776367,49.77000045776367,1440.0
2024-04-24 15:41:00,VERU,1.340000033378601,1.340000033378601,1.340000033378601,1.3300000429153442,1.3300000429153442,2340.0
2024-04-24 15:41:00,VERV,6.635000228881836,6.635000228881836,6.664999961853027,6.635000228881836,6.664999961853027,10387.0
2024-04-24 15:41:00,VERX,28.8700008392334,28.8700008392334,28.889999389648438,28.8700008392334,28.889999389648438,3409.0
2024-04-24 15:41:00,VFF,1.3300000429153442,1.3300000429153442,1.3300000429153442,1.3300000429153442,1.3300000429153442,342.0
2024-04-24 15:41:00,VFS,2.494999885559082,2.494999885559082,2.494999885559082,2.490000009536743,2.490000009536743,8277.0
2024-04-24 15:41:00,VIAV,8.0,8.0,8.0,7.989999771118164,7.994999885559082,894.0
2024-04-24 15:41:00,VICR,31.709999084472656,31.709999084472656,31.709999084472656,31.440000534057617,31.450000762939453,8874.0
2024-04-24 15:41:00,VIR,8.0649995803833,8.0649995803833,8.0649995803833,8.0649995803833,8.0649995803833,304.0
2024-04-24 15:41:00,VIRC,10.645000457763672,10.645000457763672,10.645000457763672,10.645000457763672,10.645000457763672,570.0
2024-04-24 15:41:00,VIRT,22.049999237060547,22.049999237060547,22.059999465942383,22.03499984741211,22.03499984741211,6691.0
2024-04-24 15:41:00,VITL,26.704999923706055,26.704999923706055,26.75,26.690000534057617,26.690000534057617,13920.0
2024-04-24 15:41:00,VKTX,64.56999969482422,64.56999969482422,64.63790130615234,64.56999969482422,64.61000061035156,4665.0
2024-04-24 15:41:00,VLCN,0.257099986076355,0.257099986076355,0.257099986076355,0.257099986076355,0.257099986076355,225.0
2024-04-24 15:41:00,VMEO,3.5199999809265137,3.5199999809265137,3.5199999809265137,3.5106000900268555,3.5199999809265137,2296.0
2024-04-24 15:41:00,VNET,1.565000057220459,1.565000057220459,1.565000057220459,1.559999942779541,1.559999942779541,579.0
2024-04-24 15:41:00,VNOM,39.95000076293945,39.95000076293945,39.95000076293945,39.939998626708984,39.95000076293945,543.0
2024-04-24 15:41:00,VOD,8.649999618530273,8.649999618530273,8.649999618530273,8.645000457763672,8.649999618530273,6445.0
2024-04-24 15:41:00,VOR,1.7400000095367432,1.7400000095367432,1.749899983406067,1.7400000095367432,1.749899983406067,2027.0
2024-04-24 15:41:00,VRDN,13.145000457763672,13.145000457763672,13.145000457763672,13.145000457763672,13.145000457763672,469.0
2024-04-24 15:41:00,VRRM,24.274999618530273,24.274999618530273,24.274999618530273,24.260000228881836,24.260000228881836,1554.0
2024-04-24 15:41:00,VRTX,401.2049865722656,401.2049865722656,401.4599914550781,401.2049865722656,401.4599914550781,3624.0
2024-04-24 15:41:00,VSAT,16.25,16.25,16.25,16.239999771118164,16.239999771118164,2929.0
2024-04-24 15:41:00,VTNR,1.4249999523162842,1.4249999523162842,1.429900050163269,1.4200999736785889,1.4200999736785889,6260.0
2024-04-24 15:41:00,VTRS,11.569999694824219,11.569999694824219,11.569999694824219,11.569600105285645,11.569600105285645,5406.0
2024-04-24 15:41:00,VUZI,1.3250000476837158,1.3250000476837158,1.3250000476837158,1.3250000476837158,1.3250000476837158,300.0
2024-04-24 15:41:00,VYGR,7.525000095367432,7.525000095367432,7.53000020980835,7.525000095367432,7.53000020980835,1506.0
2024-04-24 15:41:00,WAFD,28.260000228881836,28.260000228881836,28.264999389648438,28.25,28.260000228881836,3154.0
2024-04-24 15:41:00,WB,8.449999809265137,8.449999809265137,8.449999809265137,8.43120002746582,8.43120002746582,6985.0
2024-04-24 15:41:00,WBA,17.885000228881836,17.885000228881836,17.905000686645508,17.885000228881836,17.899999618530273,26277.0
2024-04-24 15:41:00,WBD,8.345000267028809,8.345000267028809,8.350000381469727,8.330100059509277,8.34000015258789,74408.0
2024-04-24 15:41:00,WDAY,255.47000122070312,255.47000122070312,255.47999572753906,255.41000366210938,255.41000366210938,2336.0
2024-04-24 15:41:00,WDC,69.37000274658203,69.37000274658203,69.40499877929688,69.37000274658203,69.38999938964844,8742.0
2024-04-24 15:41:00,WEN,19.795000076293945,19.795000076293945,19.795000076293945,19.78499984741211,19.78499984741211,10502.0
2024-04-24 15:41:00,WERN,35.369998931884766,35.369998931884766,35.380001068115234,35.369998931884766,35.380001068115234,727.0
2024-04-24 15:41:00,WFRD,123.94000244140625,123.94000244140625,123.94000244140625,123.9000015258789,123.9000015258789,1449.0
2024-04-24 15:41:00,WHLR,0.14480000734329224,0.14480000734329224,0.14489999413490295,0.14480000734329224,0.14489999413490295,392.0
2024-04-24 15:41:00,WIMI,1.0786999464035034,1.0786999464035034,1.0800000429153442,1.0700000524520874,1.0700000524520874,16206.0
2024-04-24 15:41:00,WISA,6.099999904632568,6.099999904632568,6.099999904632568,6.070000171661377,6.072199821472168,3772.0
2024-04-24 15:41:00,WIX,121.80500030517578,121.80500030517578,121.80500030517578,121.80500030517578,121.80500030517578,395.0
2024-04-24 15:41:00,WKHS,0.1623000055551529,0.1623000055551529,0.1623000055551529,0.16200000047683716,0.16210000216960907,6818.0
2024-04-24 15:41:00,WLDS,0.4507000148296356,0.4507000148296356,0.4507000148296356,0.4507000148296356,0.4507000148296356,200.0
2024-04-24 15:41:00,WMG,32.16999816894531,32.16999816894531,32.16999816894531,32.1349983215332,32.13999938964844,5070.0
2024-04-24 15:41:00,WNEB,6.5,6.5,6.510000228881836,6.5,6.510000228881836,967.0
2024-04-24 15:41:00,WSBC,28.290000915527344,28.290000915527344,28.290000915527344,28.270000457763672,28.270000457763672,1385.0
2024-04-24 15:41:00,WSC,38.189998626708984,38.189998626708984,38.20000076293945,38.154998779296875,38.154998779296875,4925.0
2024-04-24 15:41:00,WTFC,100.0199966430664,100.0199966430664,100.0199966430664,100.01000213623047,100.01499938964844,1549.0
2024-04-24 15:41:00,WTW,264.2699890136719,264.2699890136719,264.2699890136719,264.20001220703125,264.20001220703125,1971.0
2024-04-24 15:41:00,WVE,5.059999942779541,5.059999942779541,5.070000171661377,5.059999942779541,5.060100078582764,2397.0
2024-04-24 15:41:00,WW,1.659999966621399,1.659999966621399,1.6649999618530273,1.659999966621399,1.6649999618530273,5768.0
2024-04-24 15:41:00,WYNN,97.1500015258789,97.1500015258789,97.1500015258789,97.08999633789062,97.12000274658203,4673.0
2024-04-24 15:41:00,XBIT,8.130000114440918,8.130000114440918,8.130000114440918,8.130000114440918,8.130000114440918,256.0
2024-04-24 15:41:00,XEL,55.560001373291016,55.560001373291016,55.564998626708984,55.54499816894531,55.54499816894531,12693.0
2024-04-24 15:41:00,XERS,1.7640000581741333,1.7640000581741333,1.7649999856948853,1.7640000581741333,1.7649999856948853,1376.0
2024-04-24 15:41:00,XMTR,16.889999389648438,16.889999389648438,16.899999618530273,16.885000228881836,16.889999389648438,3517.0
2024-04-24 15:41:00,XP,20.565000534057617,20.565000534057617,20.56999969482422,20.56049919128418,20.565000534057617,2731.0
2024-04-24 15:41:00,XRX,14.404999732971191,14.404999732971191,14.430000305175781,14.404999732971191,14.430000305175781,17515.0
2024-04-24 15:41:00,XXII,1.8799999952316284,1.8799999952316284,1.8801000118255615,1.8799999952316284,1.8799999952316284,3290.0
2024-04-24 15:41:00,YTRA,1.2450000047683716,1.2450000047683716,1.2450000047683716,1.2450000047683716,1.2450000047683716,4500.0
2024-04-24 15:41:00,Z,43.59749984741211,43.59749984741211,43.61000061035156,43.59000015258789,43.61000061035156,3276.0
2024-04-24 15:41:00,ZBRA,278.010009765625,278.010009765625,278.010009765625,278.010009765625,278.010009765625,1585.0
2024-04-24 15:41:00,ZD,52.20000076293945,52.20000076293945,52.20000076293945,52.20000076293945,52.20000076293945,1720.0
2024-04-24 15:41:00,ZFOX,1.1399999856948853,1.1399999856948853,1.1399999856948853,1.1399999856948853,1.1399999856948853,84.0
2024-04-24 15:41:00,ZI,15.845000267028809,15.845000267028809,15.845000267028809,15.84000015258789,15.845000267028809,1084.0
2024-04-24 15:41:00,ZION,42.119998931884766,42.119998931884766,42.119998931884766,42.10499954223633,42.11000061035156,3042.0
2024-04-24 15:41:00,ZLAB,15.550000190734863,15.550000190734863,15.579999923706055,15.550000190734863,15.579999923706055,2552.0
2024-04-24 15:41:00,ZM,61.33000183105469,61.33000183105469,61.33000183105469,61.314998626708984,61.314998626708984,3944.0
2024-04-24 15:41:00,ZNTL,11.760000228881836,11.760000228881836,11.760000228881836,11.75,11.75,1886.0
2024-04-24 15:41:00,ZS,178.3300018310547,178.3300018310547,178.42999267578125,178.27000427246094,178.3000030517578,3405.0
2024-04-24 15:41:00,ZUMZ,17.280000686645508,17.280000686645508,17.280000686645508,17.20009994506836,17.239999771118164,6261.0
2024-04-24 15:41:00,ZURA,3.259999990463257,3.259999990463257,3.265000104904175,3.259999990463257,3.259999990463257,1276.0
2024-04-24 15:41:00,ZVRA,4.545000076293945,4.545000076293945,4.545000076293945,4.53439998626709,4.53439998626709,2961.0
2024-04-24 15:41:00,ZYME,8.5600004196167,8.5600004196167,8.5600004196167,8.5600004196167,8.5600004196167,239.0
2024-04-24 15:41:00,ZYXI,11.229999542236328,11.229999542236328,11.229999542236328,11.220000267028809,11.220000267028809,1564.0
2024-04-24 15:42:00,COCO,24.1200008392334,24.1200008392334,24.139999389648438,24.1200008392334,24.139999389648438,658.0
2024-04-24 15:42:00,DIBS,5.335000038146973,5.335000038146973,5.340000152587891,5.329999923706055,5.340000152587891,1174.0
2024-04-24 15:42:00,DSP,8.630000114440918,8.630000114440918,8.630000114440918,8.630000114440918,8.630000114440918,412.0
2024-04-24 15:42:00,EGHT,2.359999895095825,2.359999895095825,2.359999895095825,2.3499999046325684,2.359999895095825,1401.0
2024-04-24 15:42:00,ETNB,8.609999656677246,8.609999656677246,8.617500305175781,8.609999656677246,8.617500305175781,2534.0
2024-04-24 15:42:00,FDMT,24.489999771118164,24.489999771118164,24.5,24.469999313354492,24.479999542236328,4670.0
2024-04-24 15:42:00,FREE,4.820000171661377,4.820000171661377,4.820000171661377,4.820000171661377,4.820000171661377,458.0
2024-04-24 15:42:00,MAPS,1.090000033378601,1.090000033378601,1.090000033378601,1.090000033378601,1.090000033378601,200.0
2024-04-24 15:42:00,MASS,5.650000095367432,5.650000095367432,5.650000095367432,5.625,5.625,2184.0
2024-04-24 15:42:00,ME,0.4722999930381775,0.4722999930381775,0.4722999930381775,0.4722000062465668,0.4722000062465668,2057.0
2024-04-24 15:42:00,SEAT,5.920000076293945,5.920000076293945,5.920000076293945,5.914999961853027,5.920000076293945,1581.0
2024-04-24 15:42:00,TWOU,0.23960000276565552,0.23960000276565552,0.23960000276565552,0.2393999993801117,0.2393999993801117,6716.0
2024-04-24 15:42:00,TXG,27.450000762939453,27.450000762939453,27.450000762939453,27.434999465942383,27.450000762939453,1946.0
2024-04-24 15:42:00,VC,110.67500305175781,110.67500305175781,110.75,110.66000366210938,110.70999908447266,4638.0
2024-04-24 15:42:00,VCTR,49.84000015258789,49.84000015258789,49.84000015258789,49.790000915527344,49.790000915527344,3752.0
2024-04-24 15:42:00,VERU,1.3350000381469727,1.3350000381469727,1.340000033378601,1.3350000381469727,1.339900016784668,8348.0
2024-04-24 15:42:00,VERV,6.635000228881836,6.635000228881836,6.639999866485596,6.630000114440918,6.639999866485596,3174.0
2024-04-24 15:42:00,VERX,28.829999923706055,28.829999923706055,28.875,28.829999923706055,28.875,9017.0
2024-04-24 15:42:00,VFF,1.3300000429153442,1.3300000429153442,1.3300000429153442,1.3300000429153442,1.3300000429153442,200.0
2024-04-24 15:42:00,VFS,2.494999885559082,2.494999885559082,2.494999885559082,2.494999885559082,2.494999885559082,5342.0
2024-04-24 15:42:00,VIAV,7.994999885559082,7.994999885559082,7.994999885559082,7.994999885559082,7.994999885559082,2945.0
2024-04-24 15:42:00,VICR,31.809999465942383,31.809999465942383,31.809999465942383,31.719999313354492,31.719999313354492,1688.0
2024-04-24 15:42:00,VIR,8.0649995803833,8.0649995803833,8.0649995803833,8.0649995803833,8.0649995803833,481.0
2024-04-24 15:42:00,VIRC,10.645000457763672,10.645000457763672,10.645000457763672,10.645000457763672,10.645000457763672,103.0
2024-04-24 15:42:00,VIRT,22.045000076293945,22.045000076293945,22.049999237060547,22.045000076293945,22.045000076293945,6070.0
2024-04-24 15:42:00,VITL,26.729999542236328,26.729999542236328,26.770000457763672,26.729999542236328,26.75,9756.0
2024-04-24 15:42:00,VKTX,64.73999786376953,64.73999786376953,64.73999786376953,64.54000091552734,64.54219818115234,11712.0
2024-04-24 15:42:00,VLCN,0.2549999952316284,0.2549999952316284,0.257099986076355,0.2549999952316284,0.257099986076355,7742.0
2024-04-24 15:42:00,VMD,8.095000267028809,8.095000267028809,8.095000267028809,8.095000267028809,8.095000267028809,18.0
2024-04-24 15:42:00,VMEO,3.515000104904175,3.515000104904175,3.5199999809265137,3.515000104904175,3.5199999809265137,3237.0
2024-04-24 15:42:00,VNET,1.565000057220459,1.565000057220459,1.565000057220459,1.559999942779541,1.565000057220459,1908.0
2024-04-24 15:42:00,VNOM,39.970001220703125,39.970001220703125,39.970001220703125,39.95000076293945,39.95000076293945,2461.0
2024-04-24 15:42:00,VOD,8.645000457763672,8.645000457763672,8.649999618530273,8.645000457763672,8.649999618530273,1960.0
2024-04-24 15:42:00,VOR,1.7400000095367432,1.7400000095367432,1.7450000047683716,1.7300000190734863,1.7400000095367432,18521.0
2024-04-24 15:42:00,VRDN,13.145000457763672,13.145000457763672,13.154999732971191,13.145000457763672,13.145000457763672,1960.0
2024-04-24 15:42:00,VRTX,401.0150146484375,401.0150146484375,401.29998779296875,401.0050048828125,401.29998779296875,2522.0
2024-04-24 15:42:00,VSAT,16.235000610351562,16.235000610351562,16.25,16.235000610351562,16.25,2702.0
2024-04-24 15:42:00,VTNR,1.4249999523162842,1.4249999523162842,1.429900050163269,1.4249999523162842,1.429900050163269,16159.0
2024-04-24 15:42:00,VTRS,11.5649995803833,11.5649995803833,11.569999694824219,11.5600004196167,11.5649995803833,9947.0
2024-04-24 15:42:00,VUZI,1.3300000429153442,1.3300000429153442,1.3300000429153442,1.3300000429153442,1.3300000429153442,901.0
2024-04-24 15:42:00,VVPR,3.6679999828338623,3.6679999828338623,3.6679999828338623,3.6449999809265137,3.6449999809265137,4200.0
2024-04-24 15:42:00,VWE,0.25,0.25,0.25,0.2498999983072281,0.25,16817.0
2024-04-24 15:42:00,VYGR,7.525000095367432,7.525000095367432,7.525000095367432,7.522500038146973,7.522500038146973,448.0
2024-04-24 15:42:00,WABC,47.869998931884766,47.869998931884766,47.869998931884766,47.869998931884766,47.869998931884766,725.0
2024-04-24 15:42:00,WAFD,28.290000915527344,28.290000915527344,28.290000915527344,28.270000457763672,28.270000457763672,885.0
2024-04-24 15:42:00,WAVD,1.9118000268936157,1.9118000268936157,1.9118000268936157,1.9118000268936157,1.9118000268936157,922.0
2024-04-24 15:42:00,WB,8.449999809265137,8.449999809265137,8.449999809265137,8.444999694824219,8.444999694824219,702.0
2024-04-24 15:42:00,WBA,17.8799991607666,17.8799991607666,17.885099411010742,17.8799991607666,17.885000228881836,8495.0
2024-04-24 15:42:00,WBD,8.345000267028809,8.345000267028809,8.350000381469727,8.34000015258789,8.345000267028809,52713.0
2024-04-24 15:42:00,WDAY,255.5449981689453,255.5449981689453,255.60000610351562,255.49000549316406,255.52000427246094,4419.0
2024-04-24 15:42:00,WDC,69.38999938964844,69.38999938964844,69.40499877929688,69.36499786376953,69.36499786376953,11713.0
2024-04-24 15:42:00,WDFC,227.84500122070312,227.84500122070312,227.84500122070312,227.84500122070312,227.84500122070312,696.0
2024-04-24 15:42:00,WEN,19.790000915527344,19.790000915527344,19.795000076293945,19.790000915527344,19.790000915527344,1258.0
2024-04-24 15:42:00,WERN,35.380001068115234,35.380001068115234,35.380001068115234,35.369998931884766,35.369998931884766,2714.0
2024-04-24 15:42:00,WFRD,123.99500274658203,123.99500274658203,124.0199966430664,123.97000122070312,123.97000122070312,5881.0
2024-04-24 15:42:00,WHF,12.930000305175781,12.930000305175781,12.930000305175781,12.930000305175781,12.930000305175781,552.0
2024-04-24 15:42:00,WHLM,5.800099849700928,5.800099849700928,5.800099849700928,5.800099849700928,5.800099849700928,1418.0
2024-04-24 15:42:00,WIMI,1.070199966430664,1.070199966430664,1.0800000429153442,1.0700000524520874,1.0700000524520874,14378.0
2024-04-24 15:42:00,WING,364.2200012207031,364.2200012207031,364.3699951171875,364.2200012207031,364.2200012207031,778.0
2024-04-24 15:42:00,WISA,6.090099811553955,6.090099811553955,6.150000095367432,6.059999942779541,6.070000171661377,19407.0
2024-04-24 15:42:00,WIX,121.80000305175781,121.80000305175781,121.93499755859375,121.80000305175781,121.91000366210938,4102.0
2024-04-24 15:42:00,WKHS,0.16210000216960907,0.16210000216960907,0.1623000055551529,0.16210000216960907,0.1623000055551529,8656.0
2024-04-24 15:42:00,WKSP,0.384799987077713,0.384799987077713,0.384799987077713,0.384799987077713,0.384799987077713,1128.0
2024-04-24 15:42:00,WLDS,0.4507000148296356,0.4507000148296356,0.4507000148296356,0.4507000148296356,0.4507000148296356,100.0
2024-04-24 15:42:00,WMG,32.17499923706055,32.17499923706055,32.18000030517578,32.16999816894531,32.18000030517578,1552.0
2024-04-24 15:42:00,WRLD,138.25999450683594,138.25999450683594,138.25999450683594,138.25999450683594,138.25999450683594,882.0
2024-04-24 15:42:00,WSBC,28.309999465942383,28.309999465942383,28.309999465942383,28.299999237060547,28.299999237060547,642.0
2024-04-24 15:42:00,WSBF,12.350000381469727,12.350000381469727,12.350000381469727,12.350000381469727,12.350000381469727,529.0
2024-04-24 15:42:00,WSC,38.16999816894531,38.16999816894531,38.189998626708984,38.16999816894531,38.18000030517578,7429.0
2024-04-24 15:42:00,WSFS,44.959999084472656,44.959999084472656,44.959999084472656,44.959999084472656,44.959999084472656,492.0
2024-04-24 15:42:00,WTBA,16.81999969482422,16.81999969482422,16.81999969482422,16.81999969482422,16.81999969482422,1554.0
2024-04-24 15:42:00,WTFC,100.00499725341797,100.00499725341797,100.02999877929688,100.00499725341797,100.02999877929688,915.0
2024-04-24 15:42:00,WTW,264.260009765625,264.260009765625,264.2900085449219,264.2349853515625,264.2349853515625,5979.0
2024-04-24 15:42:00,WVE,5.059999942779541,5.059999942779541,5.070000171661377,5.059999942779541,5.070000171661377,638.0
2024-04-24 15:42:00,WWD,149.31500244140625,149.31500244140625,149.31500244140625,149.31500244140625,149.31500244140625,194.0
2024-04-24 15:42:00,WYNN,97.13999938964844,97.13999938964844,97.18000030517578,97.0999984741211,97.16000366210938,5110.0
2024-04-24 15:42:00,XBIT,8.199999809265137,8.199999809265137,8.199999809265137,8.135000228881836,8.135000228881836,241.0
2024-04-24 15:42:00,XEL,55.53010177612305,55.53010177612305,55.55500030517578,55.529998779296875,55.54999923706055,7281.0
2024-04-24 15:42:00,XENE,39.28499984741211,39.28499984741211,39.29999923706055,39.28499984741211,39.29999923706055,1423.0
2024-04-24 15:42:00,XFOR,1.2649999856948853,1.2649999856948853,1.2699999809265137,1.2599999904632568,1.2699999809265137,15362.0
2024-04-24 15:42:00,XLO,1.059999942779541,1.059999942779541,1.059999942779541,1.059999942779541,1.059999942779541,0.0
2024-04-24 15:42:00,XMTR,16.889999389648438,16.889999389648438,16.889999389648438,16.889999389648438,16.889999389648438,452.0
2024-04-24 15:42:00,XNCR,19.030000686645508,19.030000686645508,19.040000915527344,19.030000686645508,19.030000686645508,817.0
2024-04-24 15:42:00,XP,20.55500030517578,20.55500030517578,20.56999969482422,20.549999237060547,20.565000534057617,20363.0
2024-04-24 15:42:00,XRX,14.399999618530273,14.399999618530273,14.409899711608887,14.399999618530273,14.404999732971191,7663.0
2024-04-24 15:42:00,YTRA,1.249400019645691,1.249400019645691,1.249400019645691,1.249400019645691,1.249400019645691,9186.0
2024-04-24 15:42:00,Z,43.65999984741211,43.65999984741211,43.65999984741211,43.619998931884766,43.619998931884766,10650.0
2024-04-24 15:42:00,ZCMD,1.600100040435791,1.600100040435791,1.6100000143051147,1.600100040435791,1.6100000143051147,280.0
2024-04-24 15:42:00,ZG,43.09000015258789,43.09000015258789,43.130001068115234,43.09000015258789,43.099998474121094,4619.0
2024-04-24 15:42:00,ZI,15.845000267028809,15.845000267028809,15.850000381469727,15.842499732971191,15.850000381469727,4285.0
2024-04-24 15:42:00,ZIMV,15.824999809265137,15.824999809265137,15.824999809265137,15.819999694824219,15.819999694824219,1227.0
2024-04-24 15:42:00,ZION,42.119998931884766,42.119998931884766,42.125,42.1150016784668,42.125,2869.0
2024-04-24 15:42:00,ZIONO,25.448400497436523,25.448400497436523,25.448400497436523,25.448400497436523,25.448400497436523,355.0
2024-04-24 15:42:00,ZM,61.33000183105469,61.33000183105469,61.34000015258789,61.33000183105469,61.33000183105469,10503.0
2024-04-24 15:42:00,ZNTL,11.770000457763672,11.770000457763672,11.770000457763672,11.770000457763672,11.770000457763672,1171.0
2024-04-24 15:42:00,ZS,178.30499267578125,178.30499267578125,178.38999938964844,178.30499267578125,178.35499572753906,7041.0
2024-04-24 15:42:00,ZURA,3.240000009536743,3.240000009536743,3.2600998878479004,3.240000009536743,3.2600998878479004,3345.0
2024-04-24 15:42:00,ZYME,8.5600004196167,8.5600004196167,8.5600004196167,8.550000190734863,8.550000190734863,584.0
2024-04-24 15:42:00,ZYXI,11.270000457763672,11.270000457763672,11.270000457763672,11.270000457763672,11.270000457763672,491.0
2024-04-24 15:43:00,BCOW,7.070000171661377,7.070000171661377,7.099999904632568,7.070000171661377,7.099999904632568,3894.0
2024-04-24 15:43:00,COCO,24.1200008392334,24.1200008392334,24.1299991607666,24.114999771118164,24.114999771118164,1110.0
2024-04-24 15:43:00,DIBS,5.340000152587891,5.340000152587891,5.340000152587891,5.335000038146973,5.335000038146973,482.0
2024-04-24 15:43:00,DSP,8.630000114440918,8.630000114440918,8.640000343322754,8.619999885559082,8.640000343322754,1252.0
2024-04-24 15:43:00,EGHT,2.359999895095825,2.359999895095825,2.359999895095825,2.359999895095825,2.359999895095825,1209.0
2024-04-24 15:43:00,ETNB,8.59000015258789,8.59000015258789,8.600000381469727,8.59000015258789,8.600000381469727,3301.0
2024-04-24 15:43:00,FDMT,24.450000762939453,24.450000762939453,24.469999313354492,24.450000762939453,24.469999313354492,1534.0
2024-04-24 15:43:00,FLWS,9.15999984741211,9.15999984741211,9.15999984741211,9.130000114440918,9.135000228881836,5422.0
2024-04-24 15:43:00,HOWL,6.460000038146973,6.460000038146973,6.465000152587891,6.460000038146973,6.465000152587891,343.0
2024-04-24 15:43:00,MAPS,1.100000023841858,1.100000023841858,1.100000023841858,1.100000023841858,1.100000023841858,5527.0
2024-04-24 15:43:00,MASS,5.635000228881836,5.635000228881836,5.639999866485596,5.635000228881836,5.639999866485596,997.0
2024-04-24 15:43:00,ME,0.4722000062465668,0.4722000062465668,0.4722999930381775,0.4722000062465668,0.4722999930381775,1748.0
2024-04-24 15:43:00,SEAT,5.920000076293945,5.920000076293945,5.920000076293945,5.914999961853027,5.914999961853027,4802.0
2024-04-24 15:43:00,TSVT,4.235000133514404,4.235000133514404,4.235000133514404,4.230000019073486,4.230000019073486,802.0
2024-04-24 15:43:00,TWOU,0.24199999868869781,0.24199999868869781,0.24210000038146973,0.23960000276565552,0.23960000276565552,12582.0
2024-04-24 15:43:00,TXG,27.459999084472656,27.459999084472656,27.459999084472656,27.450000762939453,27.459999084472656,3045.0
2024-04-24 15:43:00,VCTR,49.84000015258789,49.84000015258789,49.84000015258789,49.84000015258789,49.84000015258789,2149.0
2024-04-24 15:43:00,VERU,1.3300000429153442,1.3300000429153442,1.340000033378601,1.3300000429153442,1.3324999809265137,16800.0
2024-04-24 15:43:00,VERV,6.625,6.625,6.635000228881836,6.625,6.635000228881836,3339.0
2024-04-24 15:43:00,VERX,28.81999969482422,28.81999969482422,28.81999969482422,28.80299949645996,28.815000534057617,1659.0
2024-04-24 15:43:00,VFS,2.494999885559082,2.494999885559082,2.494999885559082,2.490000009536743,2.490000009536743,1695.0
2024-04-24 15:43:00,VIAV,7.989999771118164,7.989999771118164,8.0,7.989999771118164,7.989999771118164,1610.0
2024-04-24 15:43:00,VICR,31.844999313354492,31.844999313354492,31.884000778198242,31.809999465942383,31.860000610351562,6261.0
2024-04-24 15:43:00,VIR,8.0600004196167,8.0600004196167,8.0649995803833,8.0600004196167,8.0649995803833,560.0
2024-04-24 15:43:00,VIRC,10.597999572753906,10.597999572753906,10.640000343322754,10.59000015258789,10.640000343322754,2632.0
2024-04-24 15:43:00,VIRT,22.024999618530273,22.024999618530273,22.049999237060547,22.020000457763672,22.049999237060547,6856.0
2024-04-24 15:43:00,VITL,26.700000762939453,26.700000762939453,26.709999084472656,26.700000762939453,26.709999084472656,656.0
2024-04-24 15:43:00,VIVK,1.5399999618530273,1.5399999618530273,1.5399999618530273,1.5099999904632568,1.5099999904632568,4218.0
2024-04-24 15:43:00,VKTX,64.6272964477539,64.6272964477539,64.73989868164062,64.61499786376953,64.69999694824219,7762.0
2024-04-24 15:43:00,VLCN,0.2549000084400177,0.2549000084400177,0.25699999928474426,0.2549000084400177,0.2565000057220459,6500.0
2024-04-24 15:43:00,VMEO,3.5199999809265137,3.5199999809265137,3.5199999809265137,3.5199999809265137,3.5199999809265137,2244.0
2024-04-24 15:43:00,VNET,1.565000057220459,1.565000057220459,1.565000057220459,1.559999942779541,1.559999942779541,636.0
2024-04-24 15:43:00,VNOM,39.970001220703125,39.970001220703125,39.97999954223633,39.96200180053711,39.970001220703125,2897.0
2024-04-24 15:43:00,VOD,8.649999618530273,8.649999618530273,8.649999618530273,8.645000457763672,8.645000457763672,36324.0
2024-04-24 15:43:00,VOR,1.7300000190734863,1.7300000190734863,1.7300000190734863,1.7300000190734863,1.7300000190734863,170.0
2024-04-24 15:43:00,VRDN,13.109999656677246,13.109999656677246,13.140000343322754,13.109999656677246,13.140000343322754,1926.0
2024-04-24 15:43:00,VRNA,15.279999732971191,15.279999732971191,15.319999694824219,15.279999732971191,15.319999694824219,1605.0
2024-04-24 15:43:00,VRRM,24.270000457763672,24.270000457763672,24.270000457763672,24.270000457763672,24.270000457763672,2786.0
2024-04-24 15:43:00,VRTX,401.2699890136719,401.2699890136719,401.2699890136719,401.17999267578125,401.18499755859375,1049.0
2024-04-24 15:43:00,VSAT,16.219999313354492,16.219999313354492,16.229999542236328,16.219999313354492,16.229999542236328,2449.0
2024-04-24 15:43:00,VTGN,4.701600074768066,4.701600074768066,4.701600074768066,4.701600074768066,4.701600074768066,477.0
2024-04-24 15:43:00,VTNR,1.4249999523162842,1.4249999523162842,1.4249999523162842,1.4249999523162842,1.4249999523162842,3007.0
2024-04-24 15:43:00,VTRS,11.555000305175781,11.555000305175781,11.569999694824219,11.550000190734863,11.5649995803833,48048.0
2024-04-24 15:43:00,VTSI,12.239999771118164,12.239999771118164,12.239999771118164,12.239999771118164,12.239999771118164,119.0
2024-04-24 15:43:00,VUZI,1.3250000476837158,1.3250000476837158,1.3250000476837158,1.3250000476837158,1.3250000476837158,200.0
2024-04-24 15:43:00,VVPR,3.619999885559082,3.619999885559082,3.6600000858306885,3.619999885559082,3.6600000858306885,0.0
2024-04-24 15:43:00,VWE,0.25,0.25,0.25,0.25,0.25,37178.0
2024-04-24 15:43:00,VYGR,7.525000095367432,7.525000095367432,7.525000095367432,7.525000095367432,7.525000095367432,158.0
2024-04-24 15:43:00,WAFD,28.309999465942383,28.309999465942383,28.31999969482422,28.299999237060547,28.299999237060547,3523.0
2024-04-24 15:43:00,WB,8.444999694824219,8.444999694824219,8.444999694824219,8.440199851989746,8.444999694824219,1803.0
2024-04-24 15:43:00,WBA,17.885000228881836,17.885000228881836,17.885000228881836,17.8799991607666,17.885000228881836,9346.0
2024-04-24 15:43:00,WBD,8.340100288391113,8.340100288391113,8.350000381469727,8.34000015258789,8.34749984741211,109947.0
2024-04-24 15:43:00,WDAY,255.56500244140625,255.56500244140625,255.60000610351562,255.5449981689453,255.5449981689453,1080.0
2024-04-24 15:43:00,WDC,69.40499877929688,69.40499877929688,69.42500305175781,69.37999725341797,69.38999938964844,9940.0
2024-04-24 15:43:00,WEN,19.79520034790039,19.79520034790039,19.79520034790039,19.790000915527344,19.795000076293945,3621.0
2024-04-24 15:43:00,WERN,35.380001068115234,35.380001068115234,35.38999938964844,35.380001068115234,35.380001068115234,2321.0
2024-04-24 15:43:00,WEST,9.994999885559082,9.994999885559082,9.994999885559082,9.994999885559082,9.994999885559082,610.0
2024-04-24 15:43:00,WFRD,123.88999938964844,123.88999938964844,124.05999755859375,123.88999938964844,124.0199966430664,5586.0
2024-04-24 15:43:00,WHLR,0.14329999685287476,0.14329999685287476,0.14329999685287476,0.14319999516010284,0.14319999516010284,4112.0
2024-04-24 15:43:00,WIMI,1.0700000524520874,1.0700000524520874,1.0702999830245972,1.059999942779541,1.0702999830245972,36649.0
2024-04-24 15:43:00,WING,363.875,363.875,363.92999267578125,363.875,363.92999267578125,1413.0
2024-04-24 15:43:00,WISA,6.150000095367432,6.150000095367432,6.150000095367432,6.143700122833252,6.145299911499023,2040.0
2024-04-24 15:43:00,WIX,121.8499984741211,121.8499984741211,121.8499984741211,121.8499984741211,121.8499984741211,540.0
2024-04-24 15:43:00,WKHS,0.16189999878406525,0.16189999878406525,0.16210000216960907,0.16130000352859497,0.16210000216960907,13645.0
2024-04-24 15:43:00,WKME,7.960000038146973,7.960000038146973,7.960000038146973,7.960000038146973,7.960000038146973,731.0
2024-04-24 15:43:00,WLFC,49.0099983215332,49.0099983215332,49.010101318359375,49.0099983215332,49.0099983215332,2021.0
2024-04-24 15:43:00,WMG,32.189998626708984,32.189998626708984,32.189998626708984,32.16999816894531,32.17499923706055,4031.0
2024-04-24 15:43:00,WSBC,28.309999465942383,28.309999465942383,28.31999969482422,28.309999465942383,28.31999969482422,1552.0
2024-04-24 15:43:00,WSC,38.16999816894531,38.16999816894531,38.16999816894531,38.13999938964844,38.15999984741211,6776.0
2024-04-24 15:43:00,WSFS,44.90999984741211,44.90999984741211,44.90999984741211,44.90999984741211,44.90999984741211,1152.0
2024-04-24 15:43:00,WTFC,99.94000244140625,99.94000244140625,99.9800033569336,99.94000244140625,99.97000122070312,539.0
2024-04-24 15:43:00,WTW,264.25,264.25,264.2550048828125,264.25,264.2550048828125,651.0
2024-04-24 15:43:00,WVE,5.059999942779541,5.059999942779541,5.059999942779541,5.059999942779541,5.059999942779541,1879.0
2024-04-24 15:43:00,WW,1.659999966621399,1.659999966621399,1.6649999618530273,1.659999966621399,1.6649999618530273,4290.0
2024-04-24 15:43:00,WWD,149.32000732421875,149.32000732421875,149.3249969482422,149.32000732421875,149.3249969482422,489.0
2024-04-24 15:43:00,WYNN,97.16500091552734,97.16500091552734,97.16500091552734,97.12999725341797,97.12999725341797,1619.0
2024-04-24 15:43:00,XBIT,8.199999809265137,8.199999809265137,8.199999809265137,8.199999809265137,8.199999809265137,118.0
2024-04-24 15:43:00,XEL,55.595001220703125,55.595001220703125,55.595001220703125,55.529998779296875,55.529998779296875,17868.0
2024-04-24 15:43:00,XENE,39.28960037231445,39.28960037231445,39.28960037231445,39.28960037231445,39.28960037231445,997.0
2024-04-24 15:43:00,XERS,1.7599999904632568,1.7599999904632568,1.7649999856948853,1.7599999904632568,1.7649999856948853,323.0
2024-04-24 15:43:00,XFOR,1.2649999856948853,1.2649999856948853,1.2699999809265137,1.2599999904632568,1.2699999809265137,20963.0
2024-04-24 15:43:00,XLO,1.059999942779541,1.059999942779541,1.059999942779541,1.059999942779541,1.059999942779541,200.0
2024-04-24 15:43:00,XMTR,16.8799991607666,16.8799991607666,16.8799991607666,16.8799991607666,16.8799991607666,559.0
2024-04-24 15:43:00,XNCR,19.040000915527344,19.040000915527344,19.040000915527344,19.040000915527344,19.040000915527344,823.0
2024-04-24 15:43:00,XOS,7.599999904632568,7.599999904632568,7.599999904632568,7.599999904632568,7.599999904632568,337.0
2024-04-24 15:43:00,XP,20.575000762939453,20.575000762939453,20.575000762939453,20.549999237060547,20.55500030517578,11839.0
2024-04-24 15:43:00,XPEL,55.56999969482422,55.56999969482422,55.57500076293945,55.56999969482422,55.57500076293945,1086.0
2024-04-24 15:43:00,XRX,14.390000343322754,14.390000343322754,14.40999984741211,14.390000343322754,14.402000427246094,11082.0
2024-04-24 15:43:00,Z,43.64500045776367,43.64500045776367,43.65999984741211,43.6349983215332,43.63999938964844,7399.0
2024-04-24 15:43:00,ZBRA,278.1424865722656,278.1424865722656,278.1424865722656,278.05999755859375,278.05999755859375,1552.0
2024-04-24 15:43:00,ZCMD,1.600000023841858,1.600000023841858,1.6109999418258667,1.5700000524520874,1.600000023841858,9378.0
2024-04-24 15:43:00,ZG,43.11000061035156,43.11000061035156,43.13999938964844,43.099998474121094,43.1349983215332,5055.0
2024-04-24 15:43:00,ZI,15.84000015258789,15.84000015258789,15.845000267028809,15.84000015258789,15.845000267028809,1803.0
2024-04-24 15:43:00,ZION,42.09000015258789,42.09000015258789,42.11000061035156,42.09000015258789,42.10499954223633,4631.0
2024-04-24 15:43:00,ZLAB,15.5600004196167,15.5600004196167,15.5600004196167,15.550000190734863,15.550000190734863,3755.0
2024-04-24 15:43:00,ZM,61.310001373291016,61.310001373291016,61.33000183105469,61.29999923706055,61.33000183105469,5982.0
2024-04-24 15:43:00,ZNTL,11.744999885559082,11.744999885559082,11.755000114440918,11.744999885559082,11.755000114440918,2610.0
2024-04-24 15:43:00,ZS,178.21499633789062,178.21499633789062,178.2899932861328,178.21499633789062,178.24000549316406,1132.0
2024-04-24 15:43:00,ZUMZ,17.264999389648438,17.264999389648438,17.264999389648438,17.264999389648438,17.264999389648438,267.0
2024-04-24 15:43:00,ZURA,3.25,3.25,3.25,3.2300000190734863,3.2300000190734863,8550.0
2024-04-24 15:43:00,ZVSA,0.6100000143051147,0.6100000143051147,0.6100000143051147,0.6100000143051147,0.6100000143051147,416.0
2024-04-24 15:43:00,ZYME,8.5600004196167,8.5600004196167,8.5600004196167,8.550000190734863,8.550000190734863,315.0
2024-04-24 15:44:00,COCO,24.110000610351562,24.110000610351562,24.110000610351562,24.110000610351562,24.110000610351562,359.0
2024-04-24 15:44:00,DIBS,5.349999904632568,5.349999904632568,5.349999904632568,5.349999904632568,5.349999904632568,485.0
2024-04-24 15:44:00,DSP,8.630000114440918,8.630000114440918,8.630000114440918,8.630000114440918,8.630000114440918,100.0
2024-04-24 15:44:00,EGHT,2.359999895095825,2.359999895095825,2.359999895095825,2.359999895095825,2.359999895095825,200.0
2024-04-24 15:44:00,ETNB,8.585000038146973,8.585000038146973,8.59000015258789,8.585000038146973,8.59000015258789,5324.0
2024-04-24 15:44:00,FLWS,9.15999984741211,9.15999984741211,9.15999984741211,9.15999984741211,9.15999984741211,222.0
2024-04-24 15:44:00,FREE,4.820000171661377,4.820000171661377,4.820000171661377,4.820000171661377,4.820000171661377,418.0
2024-04-24 15:44:00,MAPS,1.100000023841858,1.100000023841858,1.100000023841858,1.100000023841858,1.100000023841858,404.0
2024-04-24 15:44:00,MASS,5.635000228881836,5.635000228881836,5.635000228881836,5.635000228881836,5.635000228881836,503.0
2024-04-24 15:44:00,ME,0.4722000062465668,0.4722000062465668,0.4722999930381775,0.4722000062465668,0.4722999930381775,2953.0
2024-04-24 15:44:00,SEAT,5.914999961853027,5.914999961853027,5.914999961853027,5.914999961853027,5.914999961853027,3325.0
2024-04-24 15:44:00,SRCE,50.83000183105469,50.83000183105469,50.83000183105469,50.83000183105469,50.83000183105469,330.0
2024-04-24 15:44:00,TSVT,4.239999771118164,4.239999771118164,4.239999771118164,4.230000019073486,4.235000133514404,2230.0
2024-04-24 15:44:00,TWOU,0.24210000038146973,0.24210000038146973,0.24210000038146973,0.2418999969959259,0.24210000038146973,209911.0
2024-04-24 15:44:00,TXG,27.440000534057617,27.440000534057617,27.459999084472656,27.440000534057617,27.459999084472656,5135.0
2024-04-24 15:44:00,VC,110.69499969482422,110.69499969482422,110.69499969482422,110.66999816894531,110.66999816894531,874.0
2024-04-24 15:44:00,VCTR,49.84000015258789,49.84000015258789,49.84000015258789,49.83000183105469,49.84000015258789,1526.0
2024-04-24 15:44:00,VERU,1.340000033378601,1.340000033378601,1.340000033378601,1.3300000429153442,1.340000033378601,25049.0
2024-04-24 15:44:00,VERX,28.844999313354492,28.844999313354492,28.850000381469727,28.829999923706055,28.829999923706055,8172.0
2024-04-24 15:44:00,VFF,1.3250000476837158,1.3250000476837158,1.3250000476837158,1.3250000476837158,1.3250000476837158,1600.0
2024-04-24 15:44:00,VFS,2.494999885559082,2.494999885559082,2.499000072479248,2.494999885559082,2.499000072479248,2120.0
2024-04-24 15:44:00,VIAV,7.997499942779541,7.997499942779541,7.997499942779541,7.989999771118164,7.989999771118164,1432.0
2024-04-24 15:44:00,VICR,31.940000534057617,31.940000534057617,32.04999923706055,31.8799991607666,31.8799991607666,8560.0
2024-04-24 15:44:00,VINC,0.9244999885559082,0.9244999885559082,0.9244999885559082,0.9244999885559082,0.9244999885559082,19000.0
2024-04-24 15:44:00,VIR,8.0649995803833,8.0649995803833,8.0649995803833,8.0600004196167,8.0649995803833,769.0
2024-04-24 15:44:00,VIRT,22.01099967956543,22.01099967956543,22.030000686645508,22.010000228881836,22.030000686645508,5226.0
2024-04-24 15:44:00,VIRX,0.8300999999046326,0.8300999999046326,0.8300999999046326,0.8300999999046326,0.8300999999046326,492.0
2024-04-24 15:44:00,VITL,26.700000762939453,26.700000762939453,26.709999084472656,26.700000762939453,26.709999084472656,785.0
2024-04-24 15:44:00,VKTX,64.62000274658203,64.62000274658203,64.68000030517578,64.58999633789062,64.63999938964844,4461.0
2024-04-24 15:44:00,VLCN,0.25690001249313354,0.25690001249313354,0.25690001249313354,0.2565000057220459,0.2565000057220459,700.0
2024-04-24 15:44:00,VLGEA,27.479999542236328,27.479999542236328,27.479999542236328,27.479999542236328,27.479999542236328,1060.0
2024-04-24 15:44:00,VMD,8.100000381469727,8.100000381469727,8.109999656677246,8.100000381469727,8.100000381469727,1524.0
2024-04-24 15:44:00,VNET,1.565000057220459,1.565000057220459,1.565000057220459,1.565000057220459,1.565000057220459,410.0
2024-04-24 15:44:00,VNOM,39.974998474121094,39.974998474121094,39.97999954223633,39.970001220703125,39.97999954223633,1500.0
2024-04-24 15:44:00,VOD,8.645000457763672,8.645000457763672,8.645000457763672,8.645000457763672,8.645000457763672,15.0
2024-04-24 15:44:00,VRCA,6.699999809265137,6.699999809265137,6.744999885559082,6.699999809265137,6.744999885559082,2213.0
2024-04-24 15:44:00,VRDN,13.109999656677246,13.109999656677246,13.119999885559082,13.109999656677246,13.109999656677246,2867.0
2024-04-24 15:44:00,VRNA,15.29010009765625,15.29010009765625,15.29010009765625,15.29010009765625,15.29010009765625,107.0
2024-04-24 15:44:00,VRRM,24.270000457763672,24.270000457763672,24.274999618530273,24.270000457763672,24.274999618530273,672.0
2024-04-24 15:44:00,VRTX,401.24591064453125,401.24591064453125,401.24591064453125,401.24591064453125,401.24591064453125,1271.0
2024-04-24 15:44:00,VSAT,16.239999771118164,16.239999771118164,16.239999771118164,16.225000381469727,16.225000381469727,2916.0
2024-04-24 15:44:00,VTNR,1.4249999523162842,1.4249999523162842,1.429900050163269,1.4249999523162842,1.4249999523162842,8988.0
2024-04-24 15:44:00,VTRS,11.555000305175781,11.555000305175781,11.555000305175781,11.550000190734863,11.555000305175781,13263.0
2024-04-24 15:44:00,VUZI,1.3250000476837158,1.3250000476837158,1.3300000429153442,1.3250000476837158,1.3300000429153442,1521.0
2024-04-24 15:44:00,VVPR,3.630000114440918,3.630000114440918,3.630000114440918,3.630000114440918,3.630000114440918,550.0
2024-04-24 15:44:00,VWE,0.25,0.25,0.25,0.25,0.25,7737.0
2024-04-24 15:44:00,VYGR,7.525000095367432,7.525000095367432,7.53000020980835,7.525000095367432,7.53000020980835,1061.0
2024-04-24 15:44:00,WABC,47.83000183105469,47.83000183105469,47.83000183105469,47.83000183105469,47.83000183105469,407.0
2024-04-24 15:44:00,WAFD,28.280000686645508,28.280000686645508,28.299999237060547,28.280000686645508,28.291000366210938,2170.0
2024-04-24 15:44:00,WASH,26.344999313354492,26.344999313354492,26.360000610351562,26.344999313354492,26.360000610351562,563.0
2024-04-24 15:44:00,WB,8.444999694824219,8.444999694824219,8.449999809265137,8.444999694824219,8.449999809265137,1392.0
2024-04-24 15:44:00,WBA,17.899900436401367,17.899900436401367,17.905000686645508,17.8799991607666,17.885000228881836,35255.0
2024-04-24 15:44:00,WBD,8.350000381469727,8.350000381469727,8.350000381469727,8.344900131225586,8.345000267028809,60275.0
2024-04-24 15:44:00,WDAY,255.56500244140625,255.56500244140625,255.60000610351562,255.51499938964844,255.5800018310547,6230.0
2024-04-24 15:44:00,WDC,69.31999969482422,69.31999969482422,69.40499877929688,69.31999969482422,69.40499877929688,12011.0
2024-04-24 15:44:00,WEN,19.790000915527344,19.790000915527344,19.799999237060547,19.790000915527344,19.790000915527344,4336.0
2024-04-24 15:44:00,WERN,35.369998931884766,35.369998931884766,35.380001068115234,35.3650016784668,35.380001068115234,6253.0
2024-04-24 15:44:00,WFRD,123.95999908447266,123.95999908447266,124.02999877929688,123.88800048828125,123.91259765625,6018.0
2024-04-24 15:44:00,WHF,12.930000305175781,12.930000305175781,12.930000305175781,12.930000305175781,12.930000305175781,415.0
2024-04-24 15:44:00,WHLM,5.5,5.5,5.659999847412109,5.5,5.659999847412109,3824.0
2024-04-24 15:44:00,WHLR,0.1437000036239624,0.1437000036239624,0.1437000036239624,0.1437000036239624,0.1437000036239624,294.0
2024-04-24 15:44:00,WIMI,1.0707999467849731,1.0707999467849731,1.0750000476837158,1.0499999523162842,1.0717999935150146,17694.0
2024-04-24 15:44:00,WINA,372.32000732421875,372.32000732421875,372.32000732421875,372.32000732421875,372.32000732421875,185.0
2024-04-24 15:44:00,WING,363.7699890136719,363.7699890136719,363.8800048828125,363.7699890136719,363.8800048828125,912.0
2024-04-24 15:44:00,WISA,6.199999809265137,6.199999809265137,6.199999809265137,6.160200119018555,6.170000076293945,8885.0
2024-04-24 15:44:00,WIX,121.79949951171875,121.79949951171875,121.79949951171875,121.79949951171875,121.79949951171875,335.0
2024-04-24 15:44:00,WKHS,0.16120000183582306,0.16120000183582306,0.16189999878406525,0.16060000658035278,0.16189999878406525,15591.0
2024-04-24 15:44:00,WKME,7.954999923706055,7.954999923706055,7.954999923706055,7.954999923706055,7.954999923706055,252.0
2024-04-24 15:44:00,WLDN,27.8700008392334,27.8700008392334,27.8799991607666,27.8700008392334,27.8799991607666,496.0
2024-04-24 15:44:00,WLDS,0.4507000148296356,0.4507000148296356,0.4507000148296356,0.4507000148296356,0.4507000148296356,200.0
2024-04-24 15:44:00,WMG,32.15999984741211,32.15999984741211,32.185001373291016,32.15999984741211,32.185001373291016,8738.0
2024-04-24 15:44:00,WPRT,5.674699783325195,5.674699783325195,5.674699783325195,5.674699783325195,5.674699783325195,364.0
2024-04-24 15:44:00,WRLD,138.2050018310547,138.2050018310547,138.2050018310547,138.2050018310547,138.2050018310547,101.0
2024-04-24 15:44:00,WSBC,28.301000595092773,28.301000595092773,28.301000595092773,28.301000595092773,28.301000595092773,283.0
2024-04-24 15:44:00,WSC,38.17499923706055,38.17499923706055,38.189998626708984,38.16999816894531,38.17499923706055,4784.0
2024-04-24 15:44:00,WSFS,44.88999938964844,44.88999938964844,44.88999938964844,44.88999938964844,44.88999938964844,419.0
2024-04-24 15:44:00,WTFC,99.93000030517578,99.93000030517578,99.98999786376953,99.93000030517578,99.98999786376953,1016.0
2024-04-24 15:44:00,WTW,264.3599853515625,264.3599853515625,264.3599853515625,264.2699890136719,264.2699890136719,1391.0
2024-04-24 15:44:00,WVE,5.054999828338623,5.054999828338623,5.054999828338623,5.054999828338623,5.054999828338623,492.0
2024-04-24 15:44:00,WW,1.659999966621399,1.659999966621399,1.6649999618530273,1.659999966621399,1.659999966621399,2344.0
2024-04-24 15:44:00,WWD,149.33999633789062,149.33999633789062,149.33999633789062,149.3300018310547,149.3300018310547,856.0
2024-04-24 15:44:00,WYNN,97.12000274658203,97.12000274658203,97.18000030517578,97.08999633789062,97.18000030517578,4164.0
2024-04-24 15:44:00,XBIT,8.100000381469727,8.100000381469727,8.130000114440918,8.100000381469727,8.130000114440918,2228.0
2024-04-24 15:44:00,XEL,55.59000015258789,55.59000015258789,55.595001220703125,55.56999969482422,55.595001220703125,16009.0
2024-04-24 15:44:00,XENE,39.290000915527344,39.290000915527344,39.310001373291016,39.279998779296875,39.290000915527344,5488.0
2024-04-24 15:44:00,XFOR,1.2699999809265137,1.2699999809265137,1.2699999809265137,1.2649999856948853,1.2699999809265137,2604.0
2024-04-24 15:44:00,XMTR,16.889999389648438,16.889999389648438,16.889999389648438,16.889999389648438,16.889999389648438,646.0
2024-04-24 15:44:00,XNCR,19.040000915527344,19.040000915527344,19.059999465942383,19.040000915527344,19.049999237060547,2128.0
2024-04-24 15:44:00,XP,20.575000762939453,20.575000762939453,20.579999923706055,20.575000762939453,20.579999923706055,5656.0
2024-04-24 15:44:00,XRX,14.430000305175781,14.430000305175781,14.4399995803833,14.39009952545166,14.391200065612793,379360.0
2024-04-24 15:44:00,XXII,1.8799999952316284,1.8799999952316284,1.8799999952316284,1.8799999952316284,1.8799999952316284,339.0
2024-04-24 15:44:00,YMAB,15.25,15.25,15.25,15.25,15.25,603.0
2024-04-24 15:44:00,Z,43.6349983215332,43.6349983215332,43.65999984741211,43.599998474121094,43.63999938964844,10203.0
2024-04-24 15:44:00,ZFOX,1.1399999856948853,1.1399999856948853,1.1399999856948853,1.1399999856948853,1.1399999856948853,300.0
2024-04-24 15:44:00,ZG,43.08000183105469,43.08000183105469,43.099998474121094,43.06999969482422,43.099998474121094,3811.0
2024-04-24 15:44:00,ZI,15.84000015258789,15.84000015258789,15.845000267028809,15.84000015258789,15.845000267028809,16736.0
2024-04-24 15:44:00,ZIMV,15.819999694824219,15.819999694824219,15.819999694824219,15.819999694824219,15.819999694824219,1870.0
2024-04-24 15:44:00,ZION,42.064998626708984,42.064998626708984,42.09000015258789,42.064998626708984,42.09000015258789,22467.0
2024-04-24 15:44:00,ZLAB,15.569999694824219,15.569999694824219,15.569999694824219,15.5600004196167,15.5600004196167,547.0
2024-04-24 15:44:00,ZM,61.349998474121094,61.349998474121094,61.349998474121094,61.31999969482422,61.31999969482422,8226.0
2024-04-24 15:44:00,ZNTL,11.760000228881836,11.760000228881836,11.760000228881836,11.760000228881836,11.760000228881836,711.0
2024-04-24 15:44:00,ZS,178.25,178.25,178.27000427246094,178.2100067138672,178.27000427246094,1421.0
2024-04-24 15:44:00,ZVRA,4.550000190734863,4.550000190734863,4.550000190734863,4.545000076293945,4.545000076293945,701.0
2024-04-24 15:44:00,ZVSA,0.6100000143051147,0.6100000143051147,0.6100000143051147,0.6100000143051147,0.6100000143051147,243.0
2024-04-24 15:44:00,ZYME,8.5600004196167,8.5600004196167,8.5600004196167,8.550000190734863,8.550000190734863,838.0
2024-04-24 15:45:00,AIXI,1.2300000190734863,1.2300000190734863,1.2400000095367432,1.2300000190734863,1.2400000095367432,300.0
2024-04-24 15:45:00,COCO,24.139999389648438,24.139999389648438,24.148000717163086,24.100000381469727,24.100000381469727,5448.0
2024-04-24 15:45:00,DIBS,5.349999904632568,5.349999904632568,5.349999904632568,5.349999904632568,5.349999904632568,481.0
2024-04-24 15:45:00,DSP,8.609999656677246,8.609999656677246,8.609999656677246,8.609999656677246,8.609999656677246,555.0
2024-04-24 15:45:00,EGHT,2.359999895095825,2.359999895095825,2.359999895095825,2.3499999046325684,2.3550000190734863,6888.0
2024-04-24 15:45:00,ETNB,8.585000038146973,8.585000038146973,8.585000038146973,8.585000038146973,8.585000038146973,191.0
2024-04-24 15:45:00,FDMT,24.405000686645508,24.405000686645508,24.440000534057617,24.399999618530273,24.440000534057617,2049.0
2024-04-24 15:45:00,FLWS,9.154999732971191,9.154999732971191,9.154999732971191,9.154999732971191,9.154999732971191,6121.0
2024-04-24 15:45:00,FREE,4.815000057220459,4.815000057220459,4.820000171661377,4.815000057220459,4.820000171661377,5381.0
2024-04-24 15:45:00,HOWL,6.47760009765625,6.47760009765625,6.47760009765625,6.47760009765625,6.47760009765625,2034.0
2024-04-24 15:45:00,MAPS,1.100000023841858,1.100000023841858,1.100000023841858,1.0950000286102295,1.0950000286102295,514.0
2024-04-24 15:45:00,MASS,5.639999866485596,5.639999866485596,5.639999866485596,5.639999866485596,5.639999866485596,1101.0
2024-04-24 15:45:00,ME,0.4722999930381775,0.4722999930381775,0.4722999930381775,0.4722000062465668,0.4722000062465668,2113.0
2024-04-24 15:45:00,SEAT,5.894999980926514,5.894999980926514,5.909999847412109,5.889999866485596,5.909999847412109,18127.0
2024-04-24 15:45:00,TSVT,4.235000133514404,4.235000133514404,4.2399001121521,4.235000133514404,4.235000133514404,751.0
2024-04-24 15:45:00,TWOU,0.24240000545978546,0.24240000545978546,0.24240000545978546,0.24199999868869781,0.24210000038146973,480034.0
2024-04-24 15:45:00,TXG,27.450000762939453,27.450000762939453,27.450000762939453,27.440000534057617,27.440000534057617,2647.0
2024-04-24 15:45:00,VC,110.6500015258789,110.6500015258789,110.72000122070312,110.6500015258789,110.72000122070312,1982.0
2024-04-24 15:45:00,VCTR,49.84000015258789,49.84000015258789,49.84000015258789,49.84000015258789,49.84000015258789,171.0
2024-04-24 15:45:00,VERU,1.3300000429153442,1.3300000429153442,1.339900016784668,1.3300000429153442,1.3300000429153442,6411.0
2024-04-24 15:45:00,VERV,6.625,6.625,6.625,6.619999885559082,6.625,1637.0
2024-04-24 15:45:00,VERX,28.860000610351562,28.860000610351562,28.860000610351562,28.844999313354492,28.844999313354492,12074.0
2024-04-24 15:45:00,VFS,2.494999885559082,2.494999885559082,2.494999885559082,2.494999885559082,2.494999885559082,963.0
2024-04-24 15:45:00,VIAV,8.0,8.0,8.0,7.989999771118164,7.998199939727783,1266.0
2024-04-24 15:45:00,VICR,31.739999771118164,31.739999771118164,31.860000610351562,31.68000030517578,31.860000610351562,3439.0
2024-04-24 15:45:00,VINC,0.9244999885559082,0.9244999885559082,0.9244999885559082,0.9129999876022339,0.9244999885559082,40675.0
2024-04-24 15:45:00,VIR,8.067500114440918,8.067500114440918,8.067500114440918,8.0600004196167,8.0600004196167,1078.0
2024-04-24 15:45:00,VIRT,22.014999389648438,22.014999389648438,22.014999389648438,22.014999389648438,22.014999389648438,1065.0
2024-04-24 15:45:00,VITL,26.704999923706055,26.704999923706055,26.719999313354492,26.700000762939453,26.700000762939453,3685.0
2024-04-24 15:45:00,VKTX,64.52870178222656,64.52870178222656,64.5999984741211,64.4800033569336,64.5999984741211,7592.0
2024-04-24 15:45:00,VMEO,3.515000104904175,3.515000104904175,3.5199999809265137,3.515000104904175,3.515000104904175,3149.0
2024-04-24 15:45:00,VNET,1.565000057220459,1.565000057220459,1.565000057220459,1.559999942779541,1.559999942779541,6626.0
2024-04-24 15:45:00,VNOM,39.9900016784668,39.9900016784668,39.9900016784668,39.97100067138672,39.97100067138672,1989.0
2024-04-24 15:45:00,VOD,8.645000457763672,8.645000457763672,8.649999618530273,8.641799926757812,8.648200035095215,2677.0
2024-04-24 15:45:00,VOR,1.7300000190734863,1.7300000190734863,1.7300000190734863,1.7300000190734863,1.7300000190734863,647.0
2024-04-24 15:45:00,VOXR,2.059999942779541,2.059999942779541,2.059999942779541,2.059999942779541,2.059999942779541,2167.0
2024-04-24 15:45:00,VRCA,6.739999771118164,6.739999771118164,6.739999771118164,6.739999771118164,6.739999771118164,305.0
2024-04-24 15:45:00,VRDN,13.079999923706055,13.079999923706055,13.109999656677246,13.079999923706055,13.109999656677246,2230.0
2024-04-24 15:45:00,VRNA,15.290599822998047,15.290599822998047,15.290599822998047,15.290599822998047,15.290599822998047,472.0
2024-04-24 15:45:00,VRRM,24.264999389648438,24.264999389648438,24.280000686645508,24.260000228881836,24.280000686645508,2805.0
2024-04-24 15:45:00,VSAT,16.229999542236328,16.229999542236328,16.235000610351562,16.229999542236328,16.229999542236328,3083.0
2024-04-24 15:45:00,VSEC,78.83000183105469,78.83000183105469,78.83000183105469,78.83000183105469,78.83000183105469,673.0
2024-04-24 15:45:00,VTNR,1.4249999523162842,1.4249999523162842,1.4249999523162842,1.4249999523162842,1.4249999523162842,1745.0
2024-04-24 15:45:00,VTRS,11.539999961853027,11.539999961853027,11.559900283813477,11.529999732971191,11.558199882507324,65735.0
2024-04-24 15:45:00,VTSI,12.260000228881836,12.260000228881836,12.260000228881836,12.239999771118164,12.260000228881836,1084.0
2024-04-24 15:45:00,VUZI,1.3300000429153442,1.3300000429153442,1.3300000429153442,1.3300000429153442,1.3300000429153442,0.0
2024-04-24 15:45:00,VWE,0.2524999976158142,0.2524999976158142,0.2524999976158142,0.25,0.25,757.0
2024-04-24 15:45:00,VYGR,7.53000020980835,7.53000020980835,7.53000020980835,7.5229997634887695,7.5229997634887695,697.0
2024-04-24 15:45:00,WAFD,28.27199935913086,28.27199935913086,28.280000686645508,28.270999908447266,28.280000686645508,792.0
2024-04-24 15:45:00,WB,8.449999809265137,8.449999809265137,8.449999809265137,8.444999694824219,8.449999809265137,1399.0
2024-04-24 15:45:00,WBA,17.885000228881836,17.885000228881836,17.895000457763672,17.88479995727539,17.891799926757812,22190.0
2024-04-24 15:45:00,WBD,8.342300415039062,8.342300415039062,8.354999542236328,8.34000015258789,8.349800109863281,143397.0
2024-04-24 15:45:00,WDAY,255.52999877929688,255.52999877929688,255.57000732421875,255.41000366210938,255.57000732421875,15441.0
2024-04-24 15:45:00,WDC,69.27999877929688,69.27999877929688,69.31999969482422,69.25,69.31999969482422,15025.0
2024-04-24 15:45:00,WEN,19.790000915527344,19.790000915527344,19.795000076293945,19.790000915527344,19.795000076293945,1899.0
2024-04-24 15:45:00,WERN,35.345001220703125,35.345001220703125,35.369998931884766,35.34000015258789,35.369998931884766,5769.0
2024-04-24 15:45:00,WFRD,124.28500366210938,124.28500366210938,124.28500366210938,123.91999816894531,123.91999816894531,7139.0
2024-04-24 15:45:00,WHF,12.920000076293945,12.920000076293945,12.930000305175781,12.90999984741211,12.930000305175781,542.0
2024-04-24 15:45:00,WHLM,5.630000114440918,5.630000114440918,5.630000114440918,5.630000114440918,5.630000114440918,633.0
2024-04-24 15:45:00,WIMI,1.065000057220459,1.065000057220459,1.0700000524520874,1.051300048828125,1.059999942779541,9753.0
2024-04-24 15:45:00,WINA,373.7699890136719,373.7699890136719,373.7699890136719,373.7699890136719,373.7699890136719,1041.0
2024-04-24 15:45:00,WING,364.0,364.0,364.0,364.0,364.0,867.0
2024-04-24 15:45:00,WISA,6.1296000480651855,6.1296000480651855,6.179999828338623,6.119999885559082,6.179999828338623,10074.0
2024-04-24 15:45:00,WIX,121.69000244140625,121.69000244140625,121.79000091552734,121.63999938964844,121.79000091552734,4457.0
2024-04-24 15:45:00,WKHS,0.16089999675750732,0.16089999675750732,0.16120000183582306,0.16060000658035278,0.16060000658035278,16628.0
2024-04-24 15:45:00,WKME,7.960000038146973,7.960000038146973,7.960000038146973,7.960000038146973,7.960000038146973,241.0
2024-04-24 15:45:00,WMG,32.099998474121094,32.099998474121094,32.150001525878906,32.09000015258789,32.150001525878906,7572.0
2024-04-24 15:45:00,WRAP,1.9700000286102295,1.9700000286102295,1.9800000190734863,1.9600000381469727,1.9700000286102295,7567.0
2024-04-24 15:45:00,WRLD,138.19000244140625,138.19000244140625,138.19000244140625,138.19000244140625,138.19000244140625,148.0
2024-04-24 15:45:00,WSBC,28.291500091552734,28.291500091552734,28.299999237060547,28.291500091552734,28.299999237060547,1455.0
2024-04-24 15:45:00,WSC,38.1349983215332,38.1349983215332,38.17499923706055,38.130001068115234,38.17100143432617,8737.0
2024-04-24 15:45:00,WSFS,44.86000061035156,44.86000061035156,44.880001068115234,44.86000061035156,44.86000061035156,2043.0
2024-04-24 15:45:00,WTFC,99.88999938964844,99.88999938964844,99.92250061035156,99.88999938964844,99.92250061035156,1199.0
2024-04-24 15:45:00,WTW,264.3599853515625,264.3599853515625,264.3599853515625,264.3299865722656,264.3299865722656,1930.0
2024-04-24 15:45:00,WVE,5.050000190734863,5.050000190734863,5.050000190734863,5.050000190734863,5.050000190734863,725.0
2024-04-24 15:45:00,WW,1.659999966621399,1.659999966621399,1.6649999618530273,1.659999966621399,1.659999966621399,3425.0
2024-04-24 15:45:00,WWD,149.22000122070312,149.22000122070312,149.27999877929688,149.22000122070312,149.27999877929688,2127.0
2024-04-24 15:45:00,WYNN,97.06999969482422,97.06999969482422,97.11000061035156,97.06999969482422,97.11000061035156,3265.0
2024-04-24 15:45:00,XBIT,8.020000457763672,8.020000457763672,8.020000457763672,8.020000457763672,8.020000457763672,200.0
2024-04-24 15:45:00,XEL,55.52000045776367,55.52000045776367,55.59000015258789,55.52000045776367,55.59000015258789,11953.0
2024-04-24 15:45:00,XENE,39.2599983215332,39.2599983215332,39.27000045776367,39.2400016784668,39.27000045776367,2676.0
2024-04-24 15:45:00,XERS,1.7599999904632568,1.7599999904632568,1.7599999904632568,1.7599999904632568,1.7599999904632568,270.0
2024-04-24 15:45:00,XFOR,1.2699999809265137,1.2699999809265137,1.2699999809265137,1.2649999856948853,1.2649999856948853,6315.0
2024-04-24 15:45:00,XLO,1.059999942779541,1.059999942779541,1.059999942779541,1.059999942779541,1.059999942779541,1190.0
2024-04-24 15:45:00,XMTR,16.899999618530273,16.899999618530273,16.899999618530273,16.889999389648438,16.889999389648438,357.0
2024-04-24 15:45:00,XNCR,19.020000457763672,19.020000457763672,19.040000915527344,19.020000457763672,19.040000915527344,634.0
2024-04-24 15:45:00,XP,20.565000534057617,20.565000534057617,20.575000762939453,20.560800552368164,20.571800231933594,10703.0
2024-04-24 15:45:00,XPEL,55.540000915527344,55.540000915527344,55.584999084472656,55.53499984741211,55.584999084472656,930.0
2024-04-24 15:45:00,XRX,14.425000190734863,14.425000190734863,14.430000305175781,14.414999961853027,14.425000190734863,13375.0
2024-04-24 15:45:00,XXII,1.8799999952316284,1.8799999952316284,1.8799999952316284,1.8799999952316284,1.8799999952316284,1080.0
2024-04-24 15:45:00,YMAB,15.239999771118164,15.239999771118164,15.239999771118164,15.210000038146973,15.210000038146973,3372.0
2024-04-24 15:45:00,Z,43.595001220703125,43.595001220703125,43.63999938964844,43.587501525878906,43.63999938964844,9792.0
2024-04-24 15:45:00,ZBRA,278.0,278.0,278.17999267578125,278.0,278.135009765625,2697.0
2024-04-24 15:45:00,ZD,52.18000030517578,52.18000030517578,52.189998626708984,52.18000030517578,52.189998626708984,3056.0
2024-04-24 15:45:00,ZG,43.040000915527344,43.040000915527344,43.08000183105469,43.040000915527344,43.08000183105469,4888.0
2024-04-24 15:45:00,ZI,15.845000267028809,15.845000267028809,15.845000267028809,15.835000038146973,15.845000267028809,19533.0
2024-04-24 15:45:00,ZION,42.07500076293945,42.07500076293945,42.08000183105469,42.064998626708984,42.064998626708984,5385.0
2024-04-24 15:45:00,ZLAB,15.579999923706055,15.579999923706055,15.579999923706055,15.564399719238281,15.564399719238281,1627.0
2024-04-24 15:45:00,ZM,61.310001373291016,61.310001373291016,61.34000015258789,61.29999923706055,61.34000015258789,5828.0
2024-04-24 15:45:00,ZNTL,11.760000228881836,11.760000228881836,11.760000228881836,11.760000228881836,11.760000228881836,1659.0
2024-04-24 15:45:00,ZS,178.30999755859375,178.30999755859375,178.30999755859375,178.18499755859375,178.19000244140625,2534.0
2024-04-24 15:45:00,ZTEK,1.125,1.125,1.125,1.125,1.125,200.0
2024-04-24 15:45:00,ZUMZ,17.239999771118164,17.239999771118164,17.25,17.239999771118164,17.25,1467.0
2024-04-24 15:45:00,ZURA,3.2300000190734863,3.2300000190734863,3.2300000190734863,3.2300000190734863,3.2300000190734863,3166.0
2024-04-24 15:45:00,ZVRA,4.539999961853027,4.539999961853027,4.539999961853027,4.539999961853027,4.539999961853027,1130.0
2024-04-24 15:45:00,ZVSA,0.6100000143051147,0.6100000143051147,0.6100000143051147,0.6050000190734863,0.6100000143051147,2472.0
2024-04-24 15:45:00,ZYME,8.5600004196167,8.5600004196167,8.569999694824219,8.551899909973145,8.569999694824219,2376.0
2024-04-24 15:45:00,ZYXI,11.260000228881836,11.260000228881836,11.260000228881836,11.260000228881836,11.260000228881836,122.0
2024-04-24 15:46:00,AIXI,1.2431000471115112,1.2431000471115112,1.2431000471115112,1.2431000471115112,1.2431000471115112,50.0
2024-04-24 15:46:00,COCO,24.155000686645508,24.155000686645508,24.155000686645508,24.155000686645508,24.155000686645508,302.0
2024-04-24 15:46:00,DIBS,5.349999904632568,5.349999904632568,5.349999904632568,5.349999904632568,5.349999904632568,253.0
2024-04-24 15:46:00,EGHT,2.359999895095825,2.359999895095825,2.359999895095825,2.3550000190734863,2.3550000190734863,837.0
2024-04-24 15:46:00,FDMT,24.360000610351562,24.360000610351562,24.389999389648438,24.360000610351562,24.389999389648438,1581.0
2024-04-24 15:46:00,FEAM,1.169700026512146,1.169700026512146,1.169700026512146,1.169700026512146,1.169700026512146,469.0
2024-04-24 15:46:00,FLWS,9.149999618530273,9.149999618530273,9.149999618530273,9.149999618530273,9.149999618530273,2600.0
2024-04-24 15:46:00,FREE,4.815000057220459,4.815000057220459,4.815000057220459,4.815000057220459,4.815000057220459,108.0
2024-04-24 15:46:00,MAPS,1.100000023841858,1.100000023841858,1.100000023841858,1.100000023841858,1.100000023841858,139.0
2024-04-24 15:46:00,MASS,5.619999885559082,5.619999885559082,5.630000114440918,5.619999885559082,5.630000114440918,3295.0
2024-04-24 15:46:00,ME,0.4722999930381775,0.4722999930381775,0.4722999930381775,0.4722999930381775,0.4722999930381775,1534.0
2024-04-24 15:46:00,SEAT,5.889999866485596,5.889999866485596,5.894999980926514,5.889999866485596,5.894999980926514,1523.0
2024-04-24 15:46:00,SRCE,50.94499969482422,50.94499969482422,50.94499969482422,50.94499969482422,50.94499969482422,1034.0
2024-04-24 15:46:00,TSVT,4.230000019073486,4.230000019073486,4.235000133514404,4.230000019073486,4.235000133514404,633.0
2024-04-24 15:46:00,TWOU,0.24660000205039978,0.24660000205039978,0.24660000205039978,0.24269999563694,0.24269999563694,6132.0
2024-04-24 15:46:00,TXG,27.459999084472656,27.459999084472656,27.469999313354492,27.450000762939453,27.450000762939453,2843.0
2024-04-24 15:46:00,VC,110.7300033569336,110.7300033569336,110.75,110.70999908447266,110.70999908447266,4406.0
2024-04-24 15:46:00,VCTR,49.83000183105469,49.83000183105469,49.84000015258789,49.83000183105469,49.84000015258789,4814.0
2024-04-24 15:46:00,VERU,1.3300000429153442,1.3300000429153442,1.339900016784668,1.3300000429153442,1.3300000429153442,15098.0
2024-04-24 15:46:00,VERV,6.630000114440918,6.630000114440918,6.630000114440918,6.630000114440918,6.630000114440918,1131.0
2024-04-24 15:46:00,VERX,28.780000686645508,28.780000686645508,28.850000381469727,28.770000457763672,28.850000381469727,3793.0
2024-04-24 15:46:00,VFF,1.3300000429153442,1.3300000429153442,1.3300000429153442,1.326300024986267,1.326300024986267,572.0
2024-04-24 15:46:00,VFS,2.494999885559082,2.494999885559082,2.494999885559082,2.491499900817871,2.491499900817871,977.0
2024-04-24 15:46:00,VIAV,7.994999885559082,7.994999885559082,7.994999885559082,7.994999885559082,7.994999885559082,1430.0
2024-04-24 15:46:00,VICR,31.950000762939453,31.950000762939453,31.975000381469727,31.739999771118164,31.739999771118164,4868.0
2024-04-24 15:46:00,VINC,0.9408000111579895,0.9408000111579895,0.9408000111579895,0.9244999885559082,0.9244999885559082,1075.0
2024-04-24 15:46:00,VIR,8.0649995803833,8.0649995803833,8.0649995803833,8.0649995803833,8.0649995803833,911.0
2024-04-24 15:46:00,VIRT,22.0049991607666,22.0049991607666,22.024999618530273,22.0049991607666,22.014999389648438,11379.0
2024-04-24 15:46:00,VITL,26.719999313354492,26.719999313354492,26.719999313354492,26.719999313354492,26.719999313354492,610.0
2024-04-24 15:46:00,VKTX,64.81500244140625,64.81500244140625,64.81500244140625,64.51000213623047,64.51000213623047,9639.0
2024-04-24 15:46:00,VLCN,0.25690001249313354,0.25690001249313354,0.25690001249313354,0.25690001249313354,0.25690001249313354,2222.0
2024-04-24 15:46:00,VMD,8.09000015258789,8.09000015258789,8.09000015258789,8.09000015258789,8.09000015258789,332.0
2024-04-24 15:46:00,VMEO,3.515000104904175,3.515000104904175,3.515000104904175,3.515000104904175,3.515000104904175,1759.0
2024-04-24 15:46:00,VNET,1.565000057220459,1.565000057220459,1.5700000524520874,1.559999942779541,1.559999942779541,1844.0
2024-04-24 15:46:00,VNOM,40.0099983215332,40.0099983215332,40.02000045776367,39.97999954223633,39.97999954223633,3706.0
2024-04-24 15:46:00,VOD,8.645000457763672,8.645000457763672,8.649999618530273,8.645000457763672,8.645000457763672,25628.0
2024-04-24 15:46:00,VRCA,6.75,6.75,6.75,6.75,6.75,243.0
2024-04-24 15:46:00,VRDN,13.079999923706055,13.079999923706055,13.09000015258789,13.079999923706055,13.079999923706055,1521.0
2024-04-24 15:46:00,VRNA,15.305000305175781,15.305000305175781,15.305000305175781,15.305000305175781,15.305000305175781,131.0
2024-04-24 15:46:00,VRRM,24.262500762939453,24.262500762939453,24.262500762939453,24.262500762939453,24.262500762939453,119.0
2024-04-24 15:46:00,VRTX,401.2449951171875,401.2449951171875,401.2900085449219,401.19000244140625,401.19000244140625,3185.0
2024-04-24 15:46:00,VSAT,16.170000076293945,16.170000076293945,16.219999313354492,16.170000076293945,16.219999313354492,6457.0
2024-04-24 15:46:00,VTNR,1.4249999523162842,1.4249999523162842,1.4249999523162842,1.4199999570846558,1.4199999570846558,1900.0
2024-04-24 15:46:00,VTRS,11.539999961853027,11.539999961853027,11.550000190734863,11.53499984741211,11.539600372314453,47796.0
2024-04-24 15:46:00,VUZI,1.3300000429153442,1.3300000429153442,1.3300000429153442,1.3300000429153442,1.3300000429153442,680.0
2024-04-24 15:46:00,VWE,0.2549999952316284,0.2549999952316284,0.2549999952316284,0.2549999952316284,0.2549999952316284,2082.0
2024-04-24 15:46:00,VYGR,7.53000020980835,7.53000020980835,7.53000020980835,7.525000095367432,7.525000095367432,3372.0
2024-04-24 15:46:00,WABC,47.86000061035156,47.86000061035156,47.86000061035156,47.86000061035156,47.86000061035156,297.0
2024-04-24 15:46:00,WAFD,28.290000915527344,28.290000915527344,28.309999465942383,28.290000915527344,28.290000915527344,3696.0
2024-04-24 15:46:00,WALD,5.264999866485596,5.264999866485596,5.264999866485596,5.264999866485596,5.264999866485596,180.0
2024-04-24 15:46:00,WASH,26.385000228881836,26.385000228881836,26.385000228881836,26.385000228881836,26.385000228881836,372.0
2024-04-24 15:46:00,WB,8.444999694824219,8.444999694824219,8.449999809265137,8.444999694824219,8.449999809265137,972.0
2024-04-24 15:46:00,WBA,17.899999618530273,17.899999618530273,17.899999618530273,17.88010025024414,17.885000228881836,38024.0
2024-04-24 15:46:00,WBD,8.34000015258789,8.34000015258789,8.350000381469727,8.34000015258789,8.345000267028809,11082.0
2024-04-24 15:46:00,WBUY,0.3149000108242035,0.3149000108242035,0.3149000108242035,0.3149000108242035,0.3149000108242035,1000.0
2024-04-24 15:46:00,WDAY,255.64999389648438,255.64999389648438,255.64999389648438,255.32000732421875,255.4499969482422,4918.0
2024-04-24 15:46:00,WDC,69.3550033569336,69.3550033569336,69.36000061035156,69.27999877929688,69.27999877929688,35928.0
2024-04-24 15:46:00,WDFC,227.4499969482422,227.4499969482422,227.47999572753906,227.4499969482422,227.47999572753906,291.0
2024-04-24 15:46:00,WEN,19.809999465942383,19.809999465942383,19.809999465942383,19.790000915527344,19.790000915527344,18606.0
2024-04-24 15:46:00,WERN,35.36000061035156,35.36000061035156,35.36000061035156,35.349998474121094,35.349998474121094,1766.0
2024-04-24 15:46:00,WEST,10.0,10.0,10.0,10.0,10.0,1291.0
2024-04-24 15:46:00,WFRD,124.44999694824219,124.44999694824219,124.57499694824219,124.29000091552734,124.29000091552734,3561.0
2024-04-24 15:46:00,WHF,12.899999618530273,12.899999618530273,12.899999618530273,12.899999618530273,12.899999618530273,1015.0
2024-04-24 15:46:00,WHLM,5.708499908447266,5.708499908447266,5.800000190734863,5.675000190734863,5.675000190734863,1137.0
2024-04-24 15:46:00,WIMI,1.059999942779541,1.059999942779541,1.061400055885315,1.0499999523162842,1.061400055885315,25190.0
2024-04-24 15:46:00,WING,363.6600036621094,363.6600036621094,364.0400085449219,363.6600036621094,364.0400085449219,1333.0
2024-04-24 15:46:00,WISA,6.130000114440918,6.130000114440918,6.139900207519531,6.080100059509277,6.125,3267.0
2024-04-24 15:46:00,WIX,121.75,121.75,121.82499694824219,121.6500015258789,121.6500015258789,3104.0
2024-04-24 15:46:00,WKHS,0.16089999675750732,0.16089999675750732,0.16099999845027924,0.1607999950647354,0.16089999675750732,8476.0
2024-04-24 15:46:00,WLDN,28.0,28.0,28.0,27.93000030517578,27.93000030517578,1900.0
2024-04-24 15:46:00,WLDS,0.4507000148296356,0.4507000148296356,0.4507000148296356,0.4507000148296356,0.4507000148296356,100.0
2024-04-24 15:46:00,WLGS,0.585099995136261,0.585099995136261,0.585099995136261,0.5734999775886536,0.5734999775886536,1641.0
2024-04-24 15:46:00,WMG,32.09000015258789,32.09000015258789,32.1150016784668,32.09000015258789,32.10499954223633,8989.0
2024-04-24 15:46:00,WSBC,28.354999542236328,28.354999542236328,28.354999542236328,28.309999465942383,28.309999465942383,809.0
2024-04-24 15:46:00,WSBF,12.350000381469727,12.350000381469727,12.350000381469727,12.350000381469727,12.350000381469727,556.0
2024-04-24 15:46:00,WSC,38.11000061035156,38.11000061035156,38.13999938964844,38.099998474121094,38.1349983215332,8419.0
2024-04-24 15:46:00,WSFS,44.91999816894531,44.91999816894531,44.91999816894531,44.91999816894531,44.91999816894531,2750.0
2024-04-24 15:46:00,WTFC,100.01300048828125,100.01300048828125,100.01300048828125,99.94999694824219,99.94999694824219,1969.0
2024-04-24 15:46:00,WTW,264.4049987792969,264.4049987792969,264.44000244140625,264.3599853515625,264.3900146484375,4112.0
2024-04-24 15:46:00,WVE,5.045000076293945,5.045000076293945,5.045000076293945,5.045000076293945,5.045000076293945,572.0
2024-04-24 15:46:00,WW,1.6698999404907227,1.6698999404907227,1.6698999404907227,1.659999966621399,1.659999966621399,2363.0
2024-04-24 15:46:00,WWD,149.3249969482422,149.3249969482422,149.3249969482422,149.3249969482422,149.3249969482422,537.0
2024-04-24 15:46:00,WYNN,97.12000274658203,97.12000274658203,97.12000274658203,97.08000183105469,97.08000183105469,4500.0
2024-04-24 15:46:00,XBIT,8.079999923706055,8.079999923706055,8.079999923706055,8.079999923706055,8.079999923706055,516.0
2024-04-24 15:46:00,XEL,55.494998931884766,55.494998931884766,55.52000045776367,55.4900016784668,55.51499938964844,8775.0
2024-04-24 15:46:00,XENE,39.29999923706055,39.29999923706055,39.29999923706055,39.25,39.25,4600.0
2024-04-24 15:46:00,XERS,1.7599999904632568,1.7599999904632568,1.7699999809265137,1.7599999904632568,1.7599999904632568,1093.0
2024-04-24 15:46:00,XFOR,1.2699999809265137,1.2699999809265137,1.2699999809265137,1.2649999856948853,1.2699999809265137,1396.0
2024-04-24 15:46:00,XLO,1.059999942779541,1.059999942779541,1.059999942779541,1.059999942779541,1.059999942779541,0.0
2024-04-24 15:46:00,XMTR,16.924999237060547,16.924999237060547,16.930999755859375,16.899999618530273,16.899999618530273,4453.0
2024-04-24 15:46:00,XNCR,19.010000228881836,19.010000228881836,19.040000915527344,19.010000228881836,19.040000915527344,395.0
2024-04-24 15:46:00,XOMA,25.700000762939453,25.700000762939453,25.850000381469727,25.700000762939453,25.850000381469727,461.0
2024-04-24 15:46:00,XP,20.575000762939453,20.575000762939453,20.584999084472656,20.565000534057617,20.565000534057617,23322.0
2024-04-24 15:46:00,XPEL,55.540000915527344,55.540000915527344,55.540000915527344,55.540000915527344,55.540000915527344,229.0
2024-04-24 15:46:00,XRX,14.395000457763672,14.395000457763672,14.430000305175781,14.390000343322754,14.420000076293945,95466.0
2024-04-24 15:46:00,Z,43.59000015258789,43.59000015258789,43.61000061035156,43.56999969482422,43.59000015258789,9583.0
2024-04-24 15:46:00,ZBRA,278.1099853515625,278.1099853515625,278.1099853515625,278.1099853515625,278.1099853515625,1832.0
2024-04-24 15:46:00,ZD,52.244998931884766,52.244998931884766,52.244998931884766,52.209999084472656,52.209999084472656,2230.0
2024-04-24 15:46:00,ZG,43.029998779296875,43.029998779296875,43.04999923706055,43.02000045776367,43.040000915527344,7247.0
2024-04-24 15:46:00,ZI,15.845000267028809,15.845000267028809,15.850000381469727,15.845000267028809,15.845000267028809,6282.0
2024-04-24 15:46:00,ZION,42.11000061035156,42.11000061035156,42.150001525878906,42.08000183105469,42.08000183105469,29074.0
2024-04-24 15:46:00,ZLAB,15.5649995803833,15.5649995803833,15.5649995803833,15.5649995803833,15.5649995803833,664.0
2024-04-24 15:46:00,ZM,61.314998626708984,61.314998626708984,61.334999084472656,61.310001373291016,61.31999969482422,8659.0
2024-04-24 15:46:00,ZNTL,11.770000457763672,11.770000457763672,11.770000457763672,11.760000228881836,11.760000228881836,1069.0
2024-04-24 15:46:00,ZS,178.3800048828125,178.3800048828125,178.44000244140625,178.24000549316406,178.24000549316406,3671.0
2024-04-24 15:46:00,ZUMZ,17.25,17.25,17.25,17.25,17.25,328.0
2024-04-24 15:46:00,ZURA,3.240000009536743,3.240000009536743,3.240000009536743,3.240000009536743,3.240000009536743,3362.0
2024-04-24 15:46:00,ZVSA,0.6100000143051147,0.6100000143051147,0.6100000143051147,0.6100000143051147,0.6100000143051147,275.0
2024-04-24 15:46:00,ZYME,8.569999694824219,8.569999694824219,8.569999694824219,8.550000190734863,8.5600004196167,1947.0
2024-04-24 15:46:00,ZYXI,11.270000457763672,11.270000457763672,11.279999732971191,11.270000457763672,11.279999732971191,462.0
2024-04-24 15:47:00,COCO,24.128999710083008,24.128999710083008,24.149999618530273,24.125,24.149999618530273,1616.0
2024-04-24 15:47:00,DIBS,5.360000133514404,5.360000133514404,5.360000133514404,5.349999904632568,5.349999904632568,3468.0
2024-04-24 15:47:00,DSP,8.600000381469727,8.600000381469727,8.600000381469727,8.600000381469727,8.600000381469727,205.0
2024-04-24 15:47:00,EGHT,2.3598999977111816,2.3598999977111816,2.3598999977111816,2.3550000190734863,2.3550000190734863,2434.0
2024-04-24 15:47:00,ETNB,8.5649995803833,8.5649995803833,8.579999923706055,8.5649995803833,8.579999923706055,6302.0
2024-04-24 15:47:00,FDMT,24.360000610351562,24.360000610351562,24.360000610351562,24.31999969482422,24.34000015258789,889.0
2024-04-24 15:47:00,FEAM,1.1699999570846558,1.1699999570846558,1.1699999570846558,1.1699999570846558,1.1699999570846558,693.0
2024-04-24 15:47:00,FLWS,9.149999618530273,9.149999618530273,9.149999618530273,9.149999618530273,9.149999618530273,2281.0
2024-04-24 15:47:00,FREE,4.820000171661377,4.820000171661377,4.820000171661377,4.820000171661377,4.820000171661377,200.0
2024-04-24 15:47:00,MAPS,1.100000023841858,1.100000023841858,1.100000023841858,1.0950000286102295,1.0950000286102295,693.0
2024-04-24 15:47:00,MASS,5.599999904632568,5.599999904632568,5.619999885559082,5.599999904632568,5.619999885559082,1797.0
2024-04-24 15:47:00,ME,0.4722000062465668,0.4722000062465668,0.4722999930381775,0.4722000062465668,0.4722000062465668,3006.0
2024-04-24 15:47:00,SEAT,5.894999980926514,5.894999980926514,5.894999980926514,5.889999866485596,5.889999866485596,1482.0
2024-04-24 15:47:00,TSVT,4.235000133514404,4.235000133514404,4.235000133514404,4.230000019073486,4.235000133514404,813.0
2024-04-24 15:47:00,TWOU,0.2467000037431717,0.2467000037431717,0.2467000037431717,0.24660000205039978,0.24660000205039978,5972.0
2024-04-24 15:47:00,TXG,27.450000762939453,27.450000762939453,27.459999084472656,27.440000534057617,27.450000762939453,5491.0
2024-04-24 15:47:00,VC,110.91000366210938,110.91000366210938,110.91000366210938,110.75,110.75,2350.0
2024-04-24 15:47:00,VCTR,49.82500076293945,49.82500076293945,49.83000183105469,49.790000915527344,49.83000183105469,7589.0
2024-04-24 15:47:00,VERU,1.3300000429153442,1.3300000429153442,1.3300000429153442,1.3300000429153442,1.3300000429153442,145.0
2024-04-24 15:47:00,VERV,6.610000133514404,6.610000133514404,6.625,6.610000133514404,6.625,6062.0
2024-04-24 15:47:00,VERX,28.799999237060547,28.799999237060547,28.799999237060547,28.770000457763672,28.770000457763672,4656.0
2024-04-24 15:47:00,VFS,2.490000009536743,2.490000009536743,2.494999885559082,2.490000009536743,2.494999885559082,510.0
2024-04-24 15:47:00,VIAV,7.994999885559082,7.994999885559082,8.0,7.989999771118164,7.997499942779541,2427.0
2024-04-24 15:47:00,VICR,31.934999465942383,31.934999465942383,31.950000762939453,31.905000686645508,31.905000686645508,1655.0
2024-04-24 15:47:00,VIR,8.050000190734863,8.050000190734863,8.0600004196167,8.050000190734863,8.0600004196167,4191.0
2024-04-24 15:47:00,VIRC,10.609999656677246,10.609999656677246,10.609999656677246,10.609999656677246,10.609999656677246,160.0
2024-04-24 15:47:00,VIRT,21.990999221801758,21.990999221801758,22.0,21.985000610351562,22.0,3951.0
2024-04-24 15:47:00,VITL,26.719999313354492,26.719999313354492,26.739999771118164,26.709999084472656,26.709999084472656,4443.0
2024-04-24 15:47:00,VKTX,64.83999633789062,64.83999633789062,64.9000015258789,64.76000213623047,64.81999969482422,10433.0
2024-04-24 15:47:00,VLCN,0.25450000166893005,0.25450000166893005,0.25679999589920044,0.25450000166893005,0.25679999589920044,3413.0
2024-04-24 15:47:00,VMEO,3.515000104904175,3.515000104904175,3.5199999809265137,3.515000104904175,3.515000104904175,3105.0
2024-04-24 15:47:00,VNOM,39.98500061035156,39.98500061035156,40.0099983215332,39.97999954223633,40.0099983215332,11032.0
2024-04-24 15:47:00,VOD,8.645000457763672,8.645000457763672,8.649999618530273,8.64210033416748,8.645000457763672,2138.0
2024-04-24 15:47:00,VOR,1.7300000190734863,1.7300000190734863,1.7350000143051147,1.7300000190734863,1.7350000143051147,1702.0
2024-04-24 15:47:00,VRDN,13.09000015258789,13.09000015258789,13.09000015258789,13.079999923706055,13.079999923706055,1549.0
2024-04-24 15:47:00,VRNA,15.29010009765625,15.29010009765625,15.29010009765625,15.29010009765625,15.29010009765625,166.0
2024-04-24 15:47:00,VRRM,24.262500762939453,24.262500762939453,24.262500762939453,24.262500762939453,24.262500762939453,362.0
2024-04-24 15:47:00,VRTX,401.06500244140625,401.06500244140625,401.1400146484375,401.06500244140625,401.1300048828125,1138.0
2024-04-24 15:47:00,VSAT,16.170000076293945,16.170000076293945,16.18000030517578,16.170000076293945,16.170000076293945,3501.0
2024-04-24 15:47:00,VSEC,78.83999633789062,78.83999633789062,78.83999633789062,78.80000305175781,78.80000305175781,603.0
2024-04-24 15:47:00,VTNR,1.4249999523162842,1.4249999523162842,1.4249999523162842,1.4249999523162842,1.4249999523162842,581.0
2024-04-24 15:47:00,VTRS,11.539999961853027,11.539999961853027,11.54990005493164,11.539999961853027,11.545000076293945,19153.0
2024-04-24 15:47:00,VTSI,12.289999961853027,12.289999961853027,12.289999961853027,12.260000228881836,12.260000228881836,983.0
2024-04-24 15:47:00,VUZI,1.3300000429153442,1.3300000429153442,1.3300000429153442,1.3300000429153442,1.3300000429153442,200.0
2024-04-24 15:47:00,WABC,47.83000183105469,47.83000183105469,47.84000015258789,47.83000183105469,47.84000015258789,1018.0
2024-04-24 15:47:00,WAFD,28.290000915527344,28.290000915527344,28.290000915527344,28.280000686645508,28.280000686645508,2252.0
2024-04-24 15:47:00,WB,8.444999694824219,8.444999694824219,8.449999809265137,8.4399995803833,8.444999694824219,3009.0
2024-04-24 15:47:00,WBA,17.885000228881836,17.885000228881836,17.899999618530273,17.8799991607666,17.890100479125977,31321.0
2024-04-24 15:47:00,WBD,8.345000267028809,8.345000267028809,8.348600387573242,8.34000015258789,8.345000267028809,17269.0
2024-04-24 15:47:00,WBUY,0.3100000023841858,0.3100000023841858,0.3100000023841858,0.3100000023841858,0.3100000023841858,2464.0
2024-04-24 15:47:00,WDAY,255.52000427246094,255.52000427246094,255.6699981689453,255.52000427246094,255.66000366210938,4195.0
2024-04-24 15:47:00,WDC,69.37000274658203,69.37000274658203,69.37999725341797,69.3550033569336,69.36000061035156,9444.0
2024-04-24 15:47:00,WDFC,227.2899932861328,227.2899932861328,227.44000244140625,227.2899932861328,227.44000244140625,1613.0
2024-04-24 15:47:00,WEN,19.815000534057617,19.815000534057617,19.81999969482422,19.80500030517578,19.80500030517578,8675.0
2024-04-24 15:47:00,WERN,35.310001373291016,35.310001373291016,35.349998474121094,35.310001373291016,35.349998474121094,4812.0
2024-04-24 15:47:00,WFRD,124.4000015258789,124.4000015258789,124.48059844970703,124.35099792480469,124.48059844970703,3798.0
2024-04-24 15:47:00,WHF,12.890000343322754,12.890000343322754,12.890000343322754,12.890000343322754,12.890000343322754,312.0
2024-04-24 15:47:00,WHLM,5.639999866485596,5.639999866485596,5.829999923706055,5.639999866485596,5.829999923706055,1150.0
2024-04-24 15:47:00,WIMI,1.0549999475479126,1.0549999475479126,1.0700000524520874,1.0504000186920166,1.059999942779541,5163.0
2024-04-24 15:47:00,WING,364.1300048828125,364.1300048828125,364.1300048828125,364.1300048828125,364.1300048828125,1003.0
2024-04-24 15:47:00,WISA,6.090099811553955,6.090099811553955,6.127299785614014,6.090000152587891,6.119999885559082,4618.0
2024-04-24 15:47:00,WIX,121.69000244140625,121.69000244140625,121.73999786376953,121.69000244140625,121.73999786376953,517.0
2024-04-24 15:47:00,WKHS,0.16089999675750732,0.16089999675750732,0.16089999675750732,0.16089999675750732,0.16089999675750732,5822.0
2024-04-24 15:47:00,WKSP,0.3799999952316284,0.3799999952316284,0.3799999952316284,0.3799999952316284,0.3799999952316284,406.0
2024-04-24 15:47:00,WMG,32.06999969482422,32.06999969482422,32.08000183105469,32.064998626708984,32.08000183105469,5996.0
2024-04-24 15:47:00,WRAP,1.9900000095367432,1.9900000095367432,1.9900000095367432,1.975000023841858,1.975000023841858,8440.0
2024-04-24 15:47:00,WRLD,138.02499389648438,138.02499389648438,138.02499389648438,137.8699951171875,137.8699951171875,905.0
2024-04-24 15:47:00,WSBC,28.34000015258789,28.34000015258789,28.350000381469727,28.34000015258789,28.350000381469727,1934.0
2024-04-24 15:47:00,WSBF,12.350000381469727,12.350000381469727,12.350000381469727,12.350000381469727,12.350000381469727,1537.0
2024-04-24 15:47:00,WSC,38.119998931884766,38.119998931884766,38.119998931884766,38.11000061035156,38.1150016784668,1854.0
2024-04-24 15:47:00,WTFC,99.95999908447266,99.95999908447266,100.0199966430664,99.95999908447266,99.98500061035156,1686.0
2024-04-24 15:47:00,WTW,264.32000732421875,264.32000732421875,264.385009765625,264.32000732421875,264.385009765625,3508.0
2024-04-24 15:47:00,WVE,5.039999961853027,5.039999961853027,5.045000076293945,5.03000020980835,5.039999961853027,4568.0
2024-04-24 15:47:00,WW,1.659999966621399,1.659999966621399,1.6649999618530273,1.659999966621399,1.6649999618530273,2779.0
2024-04-24 15:47:00,WYNN,97.08999633789062,97.08999633789062,97.12999725341797,97.0875015258789,97.12999725341797,3726.0
2024-04-24 15:47:00,XEL,55.46500015258789,55.46500015258789,55.494998931884766,55.459999084472656,55.494998931884766,18652.0
2024-04-24 15:47:00,XENE,39.290000915527344,39.290000915527344,39.369998931884766,39.290000915527344,39.36000061035156,2549.0
2024-04-24 15:47:00,XERS,1.7649999856948853,1.7649999856948853,1.7654000520706177,1.7599999904632568,1.7599999904632568,1481.0
2024-04-24 15:47:00,XFOR,1.2699999809265137,1.2699999809265137,1.2699999809265137,1.2649999856948853,1.2699999809265137,1404.0
2024-04-24 15:47:00,XLO,1.0745999813079834,1.0745999813079834,1.0745999813079834,1.0745999813079834,1.0745999813079834,2100.0
2024-04-24 15:47:00,XMTR,16.900999069213867,16.900999069213867,16.920000076293945,16.900999069213867,16.920000076293945,2357.0
2024-04-24 15:47:00,XNCR,19.0,19.0,19.010000228881836,18.989999771118164,19.0,4594.0
2024-04-24 15:47:00,XP,20.55500030517578,20.55500030517578,20.577499389648438,20.55500030517578,20.575000762939453,20125.0
2024-04-24 15:47:00,XPEL,55.650001525878906,55.650001525878906,55.68000030517578,55.529998779296875,55.529998779296875,3804.0
2024-04-24 15:47:00,XRX,14.385000228881836,14.385000228881836,14.399999618530273,14.385000228881836,14.399999618530273,36379.0
2024-04-24 15:47:00,XXII,1.875,1.875,1.875,1.875,1.875,362.0
2024-04-24 15:47:00,YMAB,15.259900093078613,15.259900093078613,15.259900093078613,15.237899780273438,15.237899780273438,1979.0
2024-04-24 15:47:00,Z,43.58000183105469,43.58000183105469,43.630001068115234,43.58000183105469,43.59000015258789,9175.0
2024-04-24 15:47:00,ZBRA,278.07000732421875,278.07000732421875,278.07000732421875,278.07000732421875,278.07000732421875,1200.0
2024-04-24 15:47:00,ZD,52.20000076293945,52.20000076293945,52.20000076293945,52.20000076293945,52.20000076293945,1416.0
2024-04-24 15:47:00,ZFOX,1.1399999856948853,1.1399999856948853,1.1399999856948853,1.1399999856948853,1.1399999856948853,300.0
2024-04-24 15:47:00,ZG,43.029998779296875,43.029998779296875,43.06999969482422,43.029998779296875,43.06999969482422,2847.0
2024-04-24 15:47:00,ZI,15.845000267028809,15.845000267028809,15.845000267028809,15.845000267028809,15.845000267028809,4502.0
2024-04-24 15:47:00,ZION,42.11000061035156,42.11000061035156,42.11000061035156,42.08940124511719,42.10499954223633,5656.0
2024-04-24 15:47:00,ZLAB,15.600000381469727,15.600000381469727,15.600000381469727,15.579999923706055,15.579999923706055,5290.0
2024-04-24 15:47:00,ZM,61.30500030517578,61.30500030517578,61.310001373291016,61.29999923706055,61.310001373291016,6103.0
2024-04-24 15:47:00,ZNTL,11.760000228881836,11.760000228881836,11.770000457763672,11.760000228881836,11.770000457763672,754.0
2024-04-24 15:47:00,ZS,178.36000061035156,178.36000061035156,178.42999267578125,178.36000061035156,178.375,1206.0
2024-04-24 15:47:00,ZUMZ,17.239999771118164,17.239999771118164,17.239999771118164,17.239999771118164,17.239999771118164,808.0
2024-04-24 15:47:00,ZURA,3.2200000286102295,3.2200000286102295,3.2300000190734863,3.2200000286102295,3.2300000190734863,4767.0
2024-04-24 15:47:00,ZVRA,4.545000076293945,4.545000076293945,4.545000076293945,4.545000076293945,4.545000076293945,705.0
2024-04-24 15:47:00,ZVSA,0.6100000143051147,0.6100000143051147,0.6100000143051147,0.6069999933242798,0.6100000143051147,817.0
2024-04-24 15:47:00,ZYME,8.569999694824219,8.569999694824219,8.569999694824219,8.569999694824219,8.569999694824219,406.0
2024-04-24 15:47:00,ZYXI,11.239999771118164,11.239999771118164,11.25,11.239999771118164,11.25,1342.0
2024-04-24 15:48:00,AIXI,1.2400000095367432,1.2400000095367432,1.2400000095367432,1.2400000095367432,1.2400000095367432,2621.0
2024-04-24 15:48:00,COCO,24.1299991607666,24.1299991607666,24.1299991607666,24.1299991607666,24.1299991607666,774.0
2024-04-24 15:48:00,DSP,8.600000381469727,8.600000381469727,8.619999885559082,8.600000381469727,8.619999885559082,840.0
2024-04-24 15:48:00,EGHT,2.3499999046325684,2.3499999046325684,2.359999895095825,2.3499999046325684,2.3550000190734863,14682.0
2024-04-24 15:48:00,ETNB,8.569999694824219,8.569999694824219,8.569999694824219,8.5649995803833,8.5649995803833,502.0
2024-04-24 15:48:00,FDMT,24.389999389648438,24.389999389648438,24.395000457763672,24.3700008392334,24.375,2589.0
2024-04-24 15:48:00,FLWS,9.180000305175781,9.180000305175781,9.180000305175781,9.180000305175781,9.180000305175781,848.0
2024-04-24 15:48:00,FREE,4.820000171661377,4.820000171661377,4.820000171661377,4.820000171661377,4.820000171661377,437.0
2024-04-24 15:48:00,MAPS,1.100000023841858,1.100000023841858,1.100000023841858,1.100000023841858,1.100000023841858,425.0
2024-04-24 15:48:00,MASS,5.610000133514404,5.610000133514404,5.610000133514404,5.610000133514404,5.610000133514404,1032.0
2024-04-24 15:48:00,ME,0.4722999930381775,0.4722999930381775,0.4722999930381775,0.4722000062465668,0.4722000062465668,1565.0
2024-04-24 15:48:00,SEAT,5.894999980926514,5.894999980926514,5.894999980926514,5.889999866485596,5.889999866485596,1479.0
2024-04-24 15:48:00,TSVT,4.269999980926514,4.269999980926514,4.269999980926514,4.235000133514404,4.235000133514404,4562.0
2024-04-24 15:48:00,TWOU,0.2451000064611435,0.2451000064611435,0.2467000037431717,0.2451000064611435,0.2467000037431717,17535.0
2024-04-24 15:48:00,TXG,27.489999771118164,27.489999771118164,27.489999771118164,27.469999313354492,27.469999313354492,2693.0
2024-04-24 15:48:00,VC,110.91500091552734,110.91500091552734,110.91999816894531,110.87999725341797,110.91999816894531,2039.0
2024-04-24 15:48:00,VCTR,49.81999969482422,49.81999969482422,49.81999969482422,49.814998626708984,49.81999969482422,1589.0
2024-04-24 15:48:00,VERU,1.3300000429153442,1.3300000429153442,1.3300000429153442,1.3300000429153442,1.3300000429153442,7196.0
2024-04-24 15:48:00,VERV,6.619999885559082,6.619999885559082,6.625,6.610000133514404,6.614999771118164,4588.0
2024-04-24 15:48:00,VERX,28.780000686645508,28.780000686645508,28.790000915527344,28.75,28.790000915527344,5940.0
2024-04-24 15:48:00,VFF,1.3300000429153442,1.3300000429153442,1.3300000429153442,1.3300000429153442,1.3300000429153442,174.0
2024-04-24 15:48:00,VFS,2.494999885559082,2.494999885559082,2.4999001026153564,2.494999885559082,2.4999001026153564,586.0
2024-04-24 15:48:00,VIAV,7.994999885559082,7.994999885559082,7.994999885559082,7.994999885559082,7.994999885559082,1189.0
2024-04-24 15:48:00,VICR,31.895000457763672,31.895000457763672,31.90999984741211,31.799999237060547,31.90999984741211,5794.0
2024-04-24 15:48:00,VIR,8.055000305175781,8.055000305175781,8.055000305175781,8.045000076293945,8.045000076293945,4302.0
2024-04-24 15:48:00,VIRC,10.619999885559082,10.619999885559082,10.619999885559082,10.619999885559082,10.619999885559082,427.0
2024-04-24 15:48:00,VIRT,21.989999771118164,21.989999771118164,21.989999771118164,21.979999542236328,21.989999771118164,5169.0
2024-04-24 15:48:00,VITL,26.709999084472656,26.709999084472656,26.709999084472656,26.709999084472656,26.709999084472656,588.0
2024-04-24 15:48:00,VKTX,64.81999969482422,64.81999969482422,64.9000015258789,64.81999969482422,64.8499984741211,9110.0
2024-04-24 15:48:00,VLCN,0.2563000023365021,0.2563000023365021,0.2563000023365021,0.2563000023365021,0.2563000023365021,500.0
2024-04-24 15:48:00,VMEO,3.5199999809265137,3.5199999809265137,3.5199999809265137,3.515000104904175,3.515000104904175,12743.0
2024-04-24 15:48:00,VNET,1.565000057220459,1.565000057220459,1.565000057220459,1.559999942779541,1.559999942779541,1121.0
2024-04-24 15:48:00,VNOM,39.939998626708984,39.939998626708984,39.97100067138672,39.93000030517578,39.97100067138672,2039.0
2024-04-24 15:48:00,VOD,8.645000457763672,8.645000457763672,8.649999618530273,8.645000457763672,8.649999618530273,4263.0
2024-04-24 15:48:00,VOR,1.7300000190734863,1.7300000190734863,1.7350000143051147,1.7300000190734863,1.7350000143051147,657.0
2024-04-24 15:48:00,VRDN,13.079999923706055,13.079999923706055,13.119999885559082,13.079999923706055,13.100000381469727,7044.0
2024-04-24 15:48:00,VRNA,15.305000305175781,15.305000305175781,15.3100004196167,15.300000190734863,15.300000190734863,1225.0
2024-04-24 15:48:00,VRRM,24.280000686645508,24.280000686645508,24.280000686645508,24.264999389648438,24.264999389648438,4167.0
2024-04-24 15:48:00,VRTX,400.95001220703125,400.95001220703125,401.05499267578125,400.95001220703125,401.05499267578125,684.0
2024-04-24 15:48:00,VSAT,16.170000076293945,16.170000076293945,16.170000076293945,16.170000076293945,16.170000076293945,2523.0
2024-04-24 15:48:00,VSEC,78.80000305175781,78.80000305175781,78.80000305175781,78.80000305175781,78.80000305175781,213.0
2024-04-24 15:48:00,VTGN,4.769999980926514,4.769999980926514,4.769999980926514,4.71999979019165,4.71999979019165,11834.0
2024-04-24 15:48:00,VTNR,1.4249999523162842,1.4249999523162842,1.429800033569336,1.4249999523162842,1.4249999523162842,12313.0
2024-04-24 15:48:00,VTRS,11.555000305175781,11.555000305175781,11.555000305175781,11.545000076293945,11.545000076293945,23400.0
2024-04-24 15:48:00,VTSI,12.305500030517578,12.305500030517578,12.305500030517578,12.300000190734863,12.300000190734863,635.0
2024-04-24 15:48:00,VUZI,1.3300000429153442,1.3300000429153442,1.3300000429153442,1.3200000524520874,1.3200000524520874,208.0
2024-04-24 15:48:00,WABC,47.900001525878906,47.900001525878906,47.900001525878906,47.900001525878906,47.900001525878906,558.0
2024-04-24 15:48:00,WAFD,28.309999465942383,28.309999465942383,28.309999465942383,28.309999465942383,28.309999465942383,843.0
2024-04-24 15:48:00,WASH,26.385000228881836,26.385000228881836,26.385000228881836,26.385000228881836,26.385000228881836,380.0
2024-04-24 15:48:00,WB,8.460000038146973,8.460000038146973,8.460000038146973,8.449999809265137,8.449999809265137,10514.0
2024-04-24 15:48:00,WBA,17.895000457763672,17.895000457763672,17.899999618530273,17.88249969482422,17.885000228881836,19794.0
2024-04-24 15:48:00,WBD,8.34000015258789,8.34000015258789,8.350000381469727,8.34000015258789,8.340800285339355,10069.0
2024-04-24 15:48:00,WDAY,255.85000610351562,255.85000610351562,255.85000610351562,255.5800018310547,255.5800018310547,2200.0
2024-04-24 15:48:00,WDC,69.36000061035156,69.36000061035156,69.4000015258789,69.33999633789062,69.36499786376953,12888.0
2024-04-24 15:48:00,WEN,19.815000534057617,19.815000534057617,19.81999969482422,19.815000534057617,19.81999969482422,5688.0
2024-04-24 15:48:00,WERN,35.29750061035156,35.29750061035156,35.314998626708984,35.29750061035156,35.314998626708984,2098.0
2024-04-24 15:48:00,WFRD,124.43499755859375,124.43499755859375,124.5,124.32499694824219,124.32499694824219,4957.0
2024-04-24 15:48:00,WHF,12.890000343322754,12.890000343322754,12.890000343322754,12.890000343322754,12.890000343322754,371.0
2024-04-24 15:48:00,WHLM,5.829999923706055,5.829999923706055,5.829999923706055,5.829999923706055,5.829999923706055,1240.0
2024-04-24 15:48:00,WHLR,0.1429000049829483,0.1429000049829483,0.14300000667572021,0.1429000049829483,0.14300000667572021,4612.0
2024-04-24 15:48:00,WIMI,1.0700000524520874,1.0700000524520874,1.0700000524520874,1.0499999523162842,1.0499999523162842,28847.0
2024-04-24 15:48:00,WISA,6.090000152587891,6.090000152587891,6.119999885559082,6.079999923706055,6.110000133514404,7902.0
2024-04-24 15:48:00,WIX,121.68000030517578,121.68000030517578,121.69000244140625,121.68000030517578,121.69000244140625,1020.0
2024-04-24 15:48:00,WKHS,0.1607999950647354,0.1607999950647354,0.16089999675750732,0.1607999950647354,0.16089999675750732,17193.0
2024-04-24 15:48:00,WLDS,0.4507000148296356,0.4507000148296356,0.4507000148296356,0.4507000148296356,0.4507000148296356,100.0
2024-04-24 15:48:00,WMG,32.07500076293945,32.07500076293945,32.08000183105469,32.060001373291016,32.06999969482422,6722.0
2024-04-24 15:48:00,WNEB,6.53000020980835,6.53000020980835,6.53000020980835,6.519999980926514,6.53000020980835,997.0
2024-04-24 15:48:00,WSBC,28.34000015258789,28.34000015258789,28.34000015258789,28.329999923706055,28.329999923706055,960.0
2024-04-24 15:48:00,WSC,38.130001068115234,38.130001068115234,38.13999938964844,38.119998931884766,38.130001068115234,4860.0
2024-04-24 15:48:00,WTFC,100.02999877929688,100.02999877929688,100.02999877929688,100.02999877929688,100.02999877929688,991.0
2024-04-24 15:48:00,WTW,264.30999755859375,264.30999755859375,264.30999755859375,264.30999755859375,264.30999755859375,236.0
2024-04-24 15:48:00,WVE,5.039999961853027,5.039999961853027,5.039999961853027,5.039999961853027,5.039999961853027,1832.0
2024-04-24 15:48:00,WVVI,4.715000152587891,4.715000152587891,4.715000152587891,4.5817999839782715,4.5817999839782715,418.0
2024-04-24 15:48:00,WW,1.6649999618530273,1.6649999618530273,1.6699999570846558,1.659999966621399,1.659999966621399,6432.0
2024-04-24 15:48:00,WYNN,97.05000305175781,97.05000305175781,97.09500122070312,97.02999877929688,97.08499908447266,2958.0
2024-04-24 15:48:00,XEL,55.44499969482422,55.44499969482422,55.459999084472656,55.43000030517578,55.459999084472656,20407.0
2024-04-24 15:48:00,XENE,39.25,39.25,39.25,39.25,39.25,212.0
2024-04-24 15:48:00,XERS,1.7599999904632568,1.7599999904632568,1.7699999809265137,1.7599999904632568,1.7699999809265137,457.0
2024-04-24 15:48:00,XFOR,1.2799999713897705,1.2799999713897705,1.2799999713897705,1.2649999856948853,1.2699999809265137,69878.0
2024-04-24 15:48:00,XLO,1.059999942779541,1.059999942779541,1.059999942779541,1.059999942779541,1.059999942779541,0.0
2024-04-24 15:48:00,XMTR,16.8700008392334,16.8700008392334,16.90999984741211,16.8700008392334,16.90999984741211,8650.0
2024-04-24 15:48:00,XNCR,18.989999771118164,18.989999771118164,18.989999771118164,18.989999771118164,18.989999771118164,961.0
2024-04-24 15:48:00,XP,20.565000534057617,20.565000534057617,20.565000534057617,20.55500030517578,20.55500030517578,7687.0
2024-04-24 15:48:00,XRX,14.385000228881836,14.385000228881836,14.399999618530273,14.382499694824219,14.385000228881836,21783.0
2024-04-24 15:48:00,XXII,1.8600000143051147,1.8600000143051147,1.871500015258789,1.8600000143051147,1.871500015258789,3294.0
2024-04-24 15:48:00,YTRA,1.2450000047683716,1.2450000047683716,1.2450000047683716,1.2450000047683716,1.2450000047683716,15300.0
2024-04-24 15:48:00,Z,43.599998474121094,43.599998474121094,43.599998474121094,43.59000015258789,43.59000015258789,2210.0
2024-04-24 15:48:00,ZBRA,278.2250061035156,278.2250061035156,278.3500061035156,278.05999755859375,278.05999755859375,6079.0
2024-04-24 15:48:00,ZD,52.25,52.25,52.25,52.22999954223633,52.22999954223633,927.0
2024-04-24 15:48:00,ZG,43.029998779296875,43.029998779296875,43.040000915527344,43.029998779296875,43.040000915527344,2383.0
2024-04-24 15:48:00,ZI,15.845000267028809,15.845000267028809,15.850000381469727,15.845000267028809,15.850000381469727,3597.0
2024-04-24 15:48:00,ZION,42.119998931884766,42.119998931884766,42.125,42.11000061035156,42.119998931884766,3112.0
2024-04-24 15:48:00,ZLAB,15.600000381469727,15.600000381469727,15.600000381469727,15.600000381469727,15.600000381469727,641.0
2024-04-24 15:48:00,ZM,61.35499954223633,61.35499954223633,61.36000061035156,61.30500030517578,61.310001373291016,11374.0
2024-04-24 15:48:00,ZNTL,11.779999732971191,11.779999732971191,11.789999961853027,11.770000457763672,11.770000457763672,4201.0
2024-04-24 15:48:00,ZS,178.40499877929688,178.40499877929688,178.50999450683594,178.35499572753906,178.39999389648438,8286.0
2024-04-24 15:48:00,ZUMZ,17.229999542236328,17.229999542236328,17.229999542236328,17.229999542236328,17.229999542236328,396.0
2024-04-24 15:48:00,ZURA,3.2100000381469727,3.2100000381469727,3.2200000286102295,3.2100000381469727,3.2200000286102295,2219.0
2024-04-24 15:48:00,ZVSA,0.6100000143051147,0.6100000143051147,0.6100000143051147,0.6039999723434448,0.6100000143051147,579.0
2024-04-24 15:48:00,ZYME,8.550000190734863,8.550000190734863,8.569999694824219,8.550000190734863,8.569999694824219,1841.0
2024-04-24 15:49:00,COCO,24.1299991607666,24.1299991607666,24.138999938964844,24.1299991607666,24.138999938964844,481.0
2024-04-24 15:49:00,DIBS,5.360000133514404,5.360000133514404,5.360000133514404,5.360000133514404,5.360000133514404,1639.0
2024-04-24 15:49:00,EGHT,2.359999895095825,2.359999895095825,2.359999895095825,2.359999895095825,2.359999895095825,640.0
2024-04-24 15:49:00,ETNB,8.569999694824219,8.569999694824219,8.569999694824219,8.5625,8.5625,3311.0
2024-04-24 15:49:00,FDMT,24.405000686645508,24.405000686645508,24.40999984741211,24.3700008392334,24.389999389648438,2712.0
2024-04-24 15:49:00,FEAM,1.1699999570846558,1.1699999570846558,1.1699999570846558,1.1699999570846558,1.1699999570846558,670.0
2024-04-24 15:49:00,FREE,4.815000057220459,4.815000057220459,4.820000171661377,4.809999942779541,4.809999942779541,754.0
2024-04-24 15:49:00,HOWL,6.510000228881836,6.510000228881836,6.510000228881836,6.480000019073486,6.480000019073486,1029.0
2024-04-24 15:49:00,MAPS,1.100000023841858,1.100000023841858,1.100000023841858,1.100000023841858,1.100000023841858,1200.0
2024-04-24 15:49:00,MASS,5.625,5.625,5.630000114440918,5.619999885559082,5.619999885559082,1387.0
2024-04-24 15:49:00,ME,0.4722000062465668,0.4722000062465668,0.4722000062465668,0.47209998965263367,0.4722000062465668,2569.0
2024-04-24 15:49:00,SEAT,5.889999866485596,5.889999866485596,5.894999980926514,5.889999866485596,5.889999866485596,2931.0
2024-04-24 15:49:00,SRCE,50.90999984741211,50.90999984741211,50.90999984741211,50.90999984741211,50.90999984741211,520.0
2024-04-24 15:49:00,TSVT,4.275000095367432,4.275000095367432,4.275000095367432,4.269999980926514,4.269999980926514,1485.0
2024-04-24 15:49:00,TWOU,0.24580000340938568,0.24580000340938568,0.24580000340938568,0.24500000476837158,0.24529999494552612,218148.0
2024-04-24 15:49:00,TXG,27.5049991607666,27.5049991607666,27.529300689697266,27.479999542236328,27.489999771118164,6970.0
2024-04-24 15:49:00,VC,110.8499984741211,110.8499984741211,110.94999694824219,110.8499984741211,110.94000244140625,6048.0
2024-04-24 15:49:00,VCTR,49.83000183105469,49.83000183105469,49.84000015258789,49.82500076293945,49.84000015258789,2333.0
2024-04-24 15:49:00,VERU,1.3350000381469727,1.3350000381469727,1.3350000381469727,1.3300000429153442,1.3300000429153442,3062.0
2024-04-24 15:49:00,VERV,6.625,6.625,6.630000114440918,6.625,6.625,2569.0
2024-04-24 15:49:00,VERX,28.78499984741211,28.78499984741211,28.790000915527344,28.75,28.770999908447266,11720.0
2024-04-24 15:49:00,VFF,1.3300000429153442,1.3300000429153442,1.3300000429153442,1.3200000524520874,1.3200000524520874,2153.0
2024-04-24 15:49:00,VFS,2.5,2.5,2.5,2.49180006980896,2.5,15378.0
2024-04-24 15:49:00,VIAV,7.994999885559082,7.994999885559082,8.0,7.989999771118164,7.989999771118164,4534.0
2024-04-24 15:49:00,VICR,31.80500030517578,31.80500030517578,31.895000457763672,31.780099868774414,31.895000457763672,3258.0
2024-04-24 15:49:00,VIRC,10.619999885559082,10.619999885559082,10.619999885559082,10.619999885559082,10.619999885559082,397.0
2024-04-24 15:49:00,VIRT,21.96500015258789,21.96500015258789,21.989999771118164,21.96500015258789,21.989999771118164,8771.0
2024-04-24 15:49:00,VITL,26.709999084472656,26.709999084472656,26.725000381469727,26.709999084472656,26.725000381469727,1749.0
2024-04-24 15:49:00,VIVK,1.524999976158142,1.524999976158142,1.524999976158142,1.524999976158142,1.524999976158142,156.0
2024-04-24 15:49:00,VKTX,64.94000244140625,64.94000244140625,64.95939636230469,64.8302001953125,64.8499984741211,10812.0
2024-04-24 15:49:00,VLCN,0.2567000091075897,0.2567000091075897,0.25679999589920044,0.2567000091075897,0.25679999589920044,1950.0
2024-04-24 15:49:00,VMD,8.109999656677246,8.109999656677246,8.109999656677246,8.109999656677246,8.109999656677246,602.0
2024-04-24 15:49:00,VMEO,3.5199999809265137,3.5199999809265137,3.5199999809265137,3.5106000900268555,3.5106000900268555,2437.0
2024-04-24 15:49:00,VNET,1.565000057220459,1.565000057220459,1.565000057220459,1.562999963760376,1.562999963760376,538.0
2024-04-24 15:49:00,VNOM,39.95500183105469,39.95500183105469,39.95500183105469,39.941001892089844,39.95000076293945,1118.0
2024-04-24 15:49:00,VOD,8.649999618530273,8.649999618530273,8.649999618530273,8.64169979095459,8.645000457763672,2829.0
2024-04-24 15:49:00,VOR,1.7300000190734863,1.7300000190734863,1.7300000190734863,1.7300000190734863,1.7300000190734863,6.0
2024-04-24 15:49:00,VRDN,13.09000015258789,13.09000015258789,13.09000015258789,13.085000038146973,13.09000015258789,1750.0
2024-04-24 15:49:00,VRM,11.649999618530273,11.649999618530273,11.649999618530273,11.649999618530273,11.649999618530273,859.0
2024-04-24 15:49:00,VRNA,15.279999732971191,15.279999732971191,15.289999961853027,15.279999732971191,15.289999961853027,3782.0
2024-04-24 15:49:00,VRRM,24.28499984741211,24.28499984741211,24.28499984741211,24.28499984741211,24.28499984741211,1074.0
2024-04-24 15:49:00,VRTX,401.1099853515625,401.1099853515625,401.2900085449219,401.1099853515625,401.1600036621094,4509.0
2024-04-24 15:49:00,VSAT,16.170000076293945,16.170000076293945,16.170000076293945,16.159900665283203,16.15999984741211,6417.0
2024-04-24 15:49:00,VSEC,78.66000366210938,78.66000366210938,78.80000305175781,78.66000366210938,78.80000305175781,2513.0
2024-04-24 15:49:00,VTNR,1.4249999523162842,1.4249999523162842,1.4249999523162842,1.4249999523162842,1.4249999523162842,1569.0
2024-04-24 15:49:00,VTRS,11.5600004196167,11.5600004196167,11.5600004196167,11.555000305175781,11.5600004196167,12267.0
2024-04-24 15:49:00,VTSI,12.300000190734863,12.300000190734863,12.300000190734863,12.300000190734863,12.300000190734863,1224.0
2024-04-24 15:49:00,VUZI,1.3200000524520874,1.3200000524520874,1.3250000476837158,1.3200000524520874,1.3250000476837158,400.0
2024-04-24 15:49:00,VYGR,7.550000190734863,7.550000190734863,7.550000190734863,7.539999961853027,7.539999961853027,2435.0
2024-04-24 15:49:00,WAFD,28.309999465942383,28.309999465942383,28.31999969482422,28.309999465942383,28.31999969482422,1396.0
2024-04-24 15:49:00,WALD,5.340000152587891,5.340000152587891,5.409900188446045,5.340000152587891,5.409900188446045,1539.0
2024-04-24 15:49:00,WASH,26.389999389648438,26.389999389648438,26.40999984741211,26.389999389648438,26.399999618530273,657.0
2024-04-24 15:49:00,WB,8.46500015258789,8.46500015258789,8.470000267028809,8.460000038146973,8.460000038146973,3587.0
2024-04-24 15:49:00,WBA,17.885000228881836,17.885000228881836,17.895000457763672,17.8799991607666,17.895000457763672,25628.0
2024-04-24 15:49:00,WBD,8.350000381469727,8.350000381469727,8.359399795532227,8.345000267028809,8.345000267028809,130671.0
2024-04-24 15:49:00,WDAY,255.82000732421875,255.82000732421875,255.9499969482422,255.8000030517578,255.92999267578125,10000.0
2024-04-24 15:49:00,WDC,69.41000366210938,69.41000366210938,69.43000030517578,69.37000274658203,69.37000274658203,12625.0
2024-04-24 15:49:00,WEN,19.815000534057617,19.815000534057617,19.81999969482422,19.809999465942383,19.815000534057617,8643.0
2024-04-24 15:49:00,WERN,35.29999923706055,35.29999923706055,35.310001373291016,35.29999923706055,35.310001373291016,4137.0
2024-04-24 15:49:00,WFRD,124.45999908447266,124.45999908447266,124.5250015258789,124.45999908447266,124.48999786376953,1458.0
2024-04-24 15:49:00,WHLM,5.900000095367432,5.900000095367432,5.900000095367432,5.829999923706055,5.829999923706055,1780.0
2024-04-24 15:49:00,WHLR,0.14300000667572021,0.14300000667572021,0.14300000667572021,0.14300000667572021,0.14300000667572021,213.0
2024-04-24 15:49:00,WIMI,1.0801000595092773,1.0801000595092773,1.090000033378601,1.0600999593734741,1.0600999593734741,22654.0
2024-04-24 15:49:00,WING,364.1400146484375,364.1400146484375,364.1400146484375,364.0350036621094,364.0350036621094,914.0
2024-04-24 15:49:00,WISA,6.099999904632568,6.099999904632568,6.150000095367432,6.099999904632568,6.150000095367432,13075.0
2024-04-24 15:49:00,WIX,121.55000305175781,121.55000305175781,121.62999725341797,121.55000305175781,121.62999725341797,1781.0
2024-04-24 15:49:00,WKHS,0.1607999950647354,0.1607999950647354,0.16089999675750732,0.1607999950647354,0.16089999675750732,13022.0
2024-04-24 15:49:00,WKME,7.940000057220459,7.940000057220459,7.940000057220459,7.940000057220459,7.940000057220459,223.0
2024-04-24 15:49:00,WLDS,0.4507000148296356,0.4507000148296356,0.4507000148296356,0.4507000148296356,0.4507000148296356,100.0
2024-04-24 15:49:00,WMG,32.060001373291016,32.060001373291016,32.07500076293945,32.060001373291016,32.06999969482422,4582.0
2024-04-24 15:49:00,WRAP,1.9901000261306763,1.9901000261306763,2.0,1.9901000261306763,1.9950000047683716,6503.0
2024-04-24 15:49:00,WSBC,28.350099563598633,28.350099563598633,28.350099563598633,28.341999053955078,28.341999053955078,984.0
2024-04-24 15:49:00,WSC,38.119998931884766,38.119998931884766,38.130001068115234,38.119998931884766,38.130001068115234,4269.0
2024-04-24 15:49:00,WSFS,44.930999755859375,44.930999755859375,44.930999755859375,44.930999755859375,44.930999755859375,170.0
2024-04-24 15:49:00,WTFC,100.06500244140625,100.06500244140625,100.06500244140625,100.03500366210938,100.03500366210938,790.0
2024-04-24 15:49:00,WTW,264.25,264.25,264.3599853515625,264.239990234375,264.2799987792969,4562.0
2024-04-24 15:49:00,WVE,5.03000020980835,5.03000020980835,5.034999847412109,5.03000020980835,5.034999847412109,2989.0
2024-04-24 15:49:00,WW,1.659999966621399,1.659999966621399,1.6649999618530273,1.659999966621399,1.659999966621399,2099.0
2024-04-24 15:49:00,WWD,149.25,149.25,149.3175048828125,149.25,149.30499267578125,1781.0
2024-04-24 15:49:00,WYNN,97.0250015258789,97.0250015258789,97.08000183105469,97.01000213623047,97.05000305175781,4984.0
2024-04-24 15:49:00,XEL,55.415000915527344,55.415000915527344,55.45500183105469,55.40999984741211,55.44499969482422,13112.0
2024-04-24 15:49:00,XENE,39.275001525878906,39.275001525878906,39.275001525878906,39.275001525878906,39.275001525878906,569.0
2024-04-24 15:49:00,XERS,1.7599999904632568,1.7599999904632568,1.7651000022888184,1.7599999904632568,1.7651000022888184,1286.0
2024-04-24 15:49:00,XFOR,1.2799999713897705,1.2799999713897705,1.2799999713897705,1.274999976158142,1.274999976158142,6197.0
2024-04-24 15:49:00,XLO,1.059999942779541,1.059999942779541,1.059999942779541,1.059999942779541,1.059999942779541,200.0
2024-04-24 15:49:00,XMTR,16.829999923706055,16.829999923706055,16.8700008392334,16.829999923706055,16.860000610351562,6066.0
2024-04-24 15:49:00,XNCR,19.045000076293945,19.045000076293945,19.049999237060547,19.020000457763672,19.020000457763672,4027.0
2024-04-24 15:49:00,XP,20.565000534057617,20.565000534057617,20.569900512695312,20.559999465942383,20.565000534057617,11307.0
2024-04-24 15:49:00,XPEL,55.81999969482422,55.81999969482422,55.81999969482422,55.727500915527344,55.744998931884766,1977.0
2024-04-24 15:49:00,XRX,14.395000457763672,14.395000457763672,14.395000457763672,14.375,14.385000228881836,34161.0
2024-04-24 15:49:00,YORW,35.4900016784668,35.4900016784668,35.4900016784668,35.4900016784668,35.4900016784668,1412.0
2024-04-24 15:49:00,Z,43.54499816894531,43.54499816894531,43.619998931884766,43.54499816894531,43.61000061035156,6146.0
2024-04-24 15:49:00,ZBRA,278.2900085449219,278.2900085449219,278.32000732421875,278.2900085449219,278.32000732421875,1290.0
2024-04-24 15:49:00,ZD,52.25,52.25,52.25,52.25,52.25,1987.0
2024-04-24 15:49:00,ZFOX,1.1302000284194946,1.1302000284194946,1.1302000284194946,1.1302000284194946,1.1302000284194946,162.0
2024-04-24 15:49:00,ZG,42.9900016784668,42.9900016784668,43.029998779296875,42.9900016784668,43.029998779296875,1205.0
2024-04-24 15:49:00,ZI,15.84000015258789,15.84000015258789,15.854999542236328,15.84000015258789,15.850000381469727,27824.0
2024-04-24 15:49:00,ZIMV,15.8100004196167,15.8100004196167,15.8100004196167,15.8100004196167,15.8100004196167,1522.0
2024-04-24 15:49:00,ZION,42.099998474121094,42.099998474121094,42.13999938964844,42.09000015258789,42.119998931884766,7488.0
2024-04-24 15:49:00,ZLAB,15.609999656677246,15.609999656677246,15.619999885559082,15.59000015258789,15.59000015258789,4316.0
2024-04-24 15:49:00,ZM,61.33000183105469,61.33000183105469,61.3650016784668,61.32500076293945,61.35499954223633,11035.0
2024-04-24 15:49:00,ZNTL,11.779999732971191,11.779999732971191,11.779999732971191,11.779999732971191,11.779999732971191,389.0
2024-04-24 15:49:00,ZS,178.47999572753906,178.47999572753906,178.5,178.40499877929688,178.44000244140625,4179.0
2024-04-24 15:49:00,ZUMZ,17.219999313354492,17.219999313354492,17.219999313354492,17.219999313354492,17.219999313354492,357.0
2024-04-24 15:49:00,ZURA,3.259999990463257,3.259999990463257,3.359999895095825,3.2200000286102295,3.2200000286102295,12364.0
2024-04-24 15:49:00,ZVRA,4.545000076293945,4.545000076293945,4.545000076293945,4.54040002822876,4.545000076293945,2204.0
2024-04-24 15:49:00,ZYME,8.550000190734863,8.550000190734863,8.5600004196167,8.550000190734863,8.5600004196167,481.0
2024-04-24 15:49:00,ZYXI,11.239999771118164,11.239999771118164,11.239999771118164,11.239999771118164,11.239999771118164,580.0
2024-04-24 15:50:00,COCO,24.1200008392334,24.1200008392334,24.1299991607666,24.1200008392334,24.1299991607666,1893.0
2024-04-24 15:50:00,DSP,8.579999923706055,8.579999923706055,8.600000381469727,8.579999923706055,8.59000015258789,1092.0
2024-04-24 15:50:00,EGHT,2.359999895095825,2.359999895095825,2.359999895095825,2.359999895095825,2.359999895095825,1574.0
2024-04-24 15:50:00,ETNB,8.555000305175781,8.555000305175781,8.5625,8.550000190734863,8.5600004196167,10148.0
2024-04-24 15:50:00,FDMT,24.329999923706055,24.329999923706055,24.389999389648438,24.329999923706055,24.389999389648438,2568.0
2024-04-24 15:50:00,FLWS,9.170000076293945,9.170000076293945,9.180000305175781,9.170000076293945,9.180000305175781,3205.0
2024-04-24 15:50:00,FREE,4.820000171661377,4.820000171661377,4.820000171661377,4.820000171661377,4.820000171661377,261.0
2024-04-24 15:50:00,HOWL,6.420000076293945,6.420000076293945,6.489999771118164,6.420000076293945,6.489999771118164,3567.0
2024-04-24 15:50:00,MAPS,1.100000023841858,1.100000023841858,1.100000023841858,1.0950000286102295,1.100000023841858,2267.0
2024-04-24 15:50:00,MASS,5.599999904632568,5.599999904632568,5.619999885559082,5.599999904632568,5.619999885559082,2770.0
2024-04-24 15:50:00,ME,0.4722000062465668,0.4722000062465668,0.4722999930381775,0.4722000062465668,0.4722999930381775,1443.0
2024-04-24 15:50:00,SCWO,1.3700000047683716,1.3700000047683716,1.3700000047683716,1.3700000047683716,1.3700000047683716,181.0
2024-04-24 15:50:00,SEAT,5.889999866485596,5.889999866485596,5.889999866485596,5.889999866485596,5.889999866485596,2401.0
2024-04-24 15:50:00,TSVT,4.264999866485596,4.264999866485596,4.269999980926514,4.260000228881836,4.269999980926514,3663.0
2024-04-24 15:50:00,TWOU,0.24549999833106995,0.24549999833106995,0.24549999833106995,0.24459999799728394,0.24500000476837158,40249.0
2024-04-24 15:50:00,TXG,27.510000228881836,27.510000228881836,27.510000228881836,27.489999771118164,27.510000228881836,5270.0
2024-04-24 15:50:00,VABK,24.614999771118164,24.614999771118164,24.614999771118164,24.614999771118164,24.614999771118164,498.0
2024-04-24 15:50:00,VANI,1.7400000095367432,1.7400000095367432,1.7400000095367432,1.7400000095367432,1.7400000095367432,1327.0
2024-04-24 15:50:00,VC,110.76499938964844,110.76499938964844,110.9000015258789,110.56999969482422,110.56999969482422,3162.0
2024-04-24 15:50:00,VCTR,49.709999084472656,49.709999084472656,49.81999969482422,49.709999084472656,49.81999969482422,5983.0
2024-04-24 15:50:00,VERU,1.3300000429153442,1.3300000429153442,1.3300000429153442,1.3300000429153442,1.3300000429153442,3724.0
2024-04-24 15:50:00,VERV,6.599899768829346,6.599899768829346,6.625,6.579999923706055,6.619999885559082,11685.0
2024-04-24 15:50:00,VERX,28.725000381469727,28.725000381469727,28.80500030517578,28.725000381469727,28.78499984741211,16390.0
2024-04-24 15:50:00,VFF,1.3300000429153442,1.3300000429153442,1.3300000429153442,1.3279999494552612,1.3300000429153442,4147.0
2024-04-24 15:50:00,VIAV,7.994999885559082,7.994999885559082,7.994999885559082,7.989999771118164,7.994999885559082,9542.0
2024-04-24 15:50:00,VICR,31.670000076293945,31.670000076293945,31.80500030517578,31.65999984741211,31.80500030517578,3423.0
2024-04-24 15:50:00,VIR,8.03499984741211,8.03499984741211,8.050000190734863,8.029999732971191,8.050000190734863,3183.0
2024-04-24 15:50:00,VIRC,10.630000114440918,10.630000114440918,10.630000114440918,10.630000114440918,10.630000114440918,531.0
2024-04-24 15:50:00,VIRT,21.959999084472656,21.959999084472656,21.975000381469727,21.959999084472656,21.959999084472656,11009.0
2024-04-24 15:50:00,VISL,3.8350000381469727,3.8350000381469727,3.8350000381469727,3.8350000381469727,3.8350000381469727,528.0
2024-04-24 15:50:00,VITL,26.68000030517578,26.68000030517578,26.68000030517578,26.665000915527344,26.670000076293945,2045.0
2024-04-24 15:50:00,VKTX,64.83000183105469,64.83000183105469,64.91500091552734,64.81069946289062,64.87999725341797,23230.0
2024-04-24 15:50:00,VLCN,0.25450000166893005,0.25450000166893005,0.2554999887943268,0.25450000166893005,0.2554999887943268,4125.0
2024-04-24 15:50:00,VMEO,3.515000104904175,3.515000104904175,3.5199999809265137,3.509999990463257,3.515000104904175,5293.0
2024-04-24 15:50:00,VNET,1.565000057220459,1.565000057220459,1.565000057220459,1.559999942779541,1.559999942779541,2413.0
2024-04-24 15:50:00,VNOM,39.959999084472656,39.959999084472656,39.970001220703125,39.939998626708984,39.939998626708984,3288.0
2024-04-24 15:50:00,VOD,8.645000457763672,8.645000457763672,8.649999618530273,8.645000457763672,8.649999618530273,6299.0
2024-04-24 15:50:00,VOR,1.7300000190734863,1.7300000190734863,1.7300000190734863,1.7300000190734863,1.7300000190734863,1279.0
2024-04-24 15:50:00,VRCA,6.71999979019165,6.71999979019165,6.71999979019165,6.71999979019165,6.71999979019165,188.0
2024-04-24 15:50:00,VRDN,13.0600004196167,13.0600004196167,13.079999923706055,13.0600004196167,13.079999923706055,2398.0
2024-04-24 15:50:00,VRNA,15.25,15.25,15.270000457763672,15.25,15.270000457763672,1642.0
2024-04-24 15:50:00,VRRM,24.25,24.25,24.28499984741211,24.25,24.28499984741211,4700.0
2024-04-24 15:50:00,VRTX,401.2300109863281,401.2300109863281,401.2799987792969,401.1199951171875,401.1199951171875,2004.0
2024-04-24 15:50:00,VSAT,16.155000686645508,16.155000686645508,16.170000076293945,16.155000686645508,16.170000076293945,3463.0
2024-04-24 15:50:00,VSEC,78.7300033569336,78.7300033569336,78.7300033569336,78.7300033569336,78.7300033569336,1067.0
2024-04-24 15:50:00,VTNR,1.4249999523162842,1.4249999523162842,1.4249999523162842,1.4200999736785889,1.4200999736785889,2467.0
2024-04-24 15:50:00,VTRS,11.555000305175781,11.555000305175781,11.5600004196167,11.550000190734863,11.550000190734863,65855.0
2024-04-24 15:50:00,VTSI,12.260000228881836,12.260000228881836,12.260000228881836,12.260000228881836,12.260000228881836,1159.0
2024-04-24 15:50:00,VUZI,1.3200000524520874,1.3200000524520874,1.3300000429153442,1.3200000524520874,1.3300000429153442,758.0
2024-04-24 15:50:00,VYGR,7.545000076293945,7.545000076293945,7.545000076293945,7.53000020980835,7.539999961853027,8089.0
2024-04-24 15:50:00,VYNE,2.549999952316284,2.549999952316284,2.549999952316284,2.549999952316284,2.549999952316284,378.0
2024-04-24 15:50:00,WABC,47.875,47.875,47.880001068115234,47.875,47.880001068115234,361.0
2024-04-24 15:50:00,WAFD,28.280000686645508,28.280000686645508,28.299999237060547,28.260000228881836,28.299999237060547,4909.0
2024-04-24 15:50:00,WASH,26.385000228881836,26.385000228881836,26.395000457763672,26.385000228881836,26.395000457763672,872.0
2024-04-24 15:50:00,WB,8.46500015258789,8.46500015258789,8.46500015258789,8.46500015258789,8.46500015258789,1216.0
2024-04-24 15:50:00,WBA,17.8700008392334,17.8700008392334,17.885000228881836,17.860000610351562,17.8799991607666,34103.0
2024-04-24 15:50:00,WBD,8.354999542236328,8.354999542236328,8.364999771118164,8.350000381469727,8.359999656677246,210963.0
2024-04-24 15:50:00,WDAY,255.6199951171875,255.6199951171875,255.77999877929688,255.59500122070312,255.77000427246094,6982.0
2024-04-24 15:50:00,WDC,69.37999725341797,69.37999725341797,69.44999694824219,69.36499786376953,69.41999816894531,25237.0
2024-04-24 15:50:00,WDFC,227.0749969482422,227.0749969482422,227.0749969482422,227.05999755859375,227.05999755859375,1950.0
2024-04-24 15:50:00,WEN,19.81999969482422,19.81999969482422,19.81999969482422,19.809999465942383,19.809999465942383,6231.0
2024-04-24 15:50:00,WERN,35.29499816894531,35.29499816894531,35.29999923706055,35.2599983215332,35.290000915527344,5652.0
2024-04-24 15:50:00,WEST,10.005000114440918,10.005000114440918,10.005000114440918,10.005000114440918,10.005000114440918,530.0
2024-04-24 15:50:00,WFRD,124.47000122070312,124.47000122070312,124.51499938964844,124.44100189208984,124.51249694824219,5755.0
2024-04-24 15:50:00,WHF,12.979999542236328,12.979999542236328,13.0,12.960000038146973,12.960000038146973,5127.0
2024-04-24 15:50:00,WHFCL,25.09000015258789,25.09000015258789,25.09000015258789,25.09000015258789,25.09000015258789,49211.0
2024-04-24 15:50:00,WHLM,5.755000114440918,5.755000114440918,5.900000095367432,5.755000114440918,5.900000095367432,776.0
2024-04-24 15:50:00,WIMI,1.090000033378601,1.090000033378601,1.1100000143051147,1.0700000524520874,1.0800000429153442,50025.0
2024-04-24 15:50:00,WING,363.7900085449219,363.7900085449219,364.1449890136719,363.7099914550781,364.1449890136719,2527.0
2024-04-24 15:50:00,WISA,6.103700160980225,6.103700160980225,6.103700160980225,6.060200214385986,6.086400032043457,3935.0
2024-04-24 15:50:00,WIX,121.5999984741211,121.5999984741211,121.61499786376953,121.46499633789062,121.61499786376953,8603.0
2024-04-24 15:50:00,WKHS,0.1607999950647354,0.1607999950647354,0.1607999950647354,0.1607999950647354,0.1607999950647354,4427.0
2024-04-24 15:50:00,WKME,7.949999809265137,7.949999809265137,7.949999809265137,7.949999809265137,7.949999809265137,249.0
2024-04-24 15:50:00,WMG,32.03499984741211,32.03499984741211,32.060001373291016,32.029998779296875,32.060001373291016,19362.0
2024-04-24 15:50:00,WRAP,1.9900000095367432,1.9900000095367432,1.9900000095367432,1.9900000095367432,1.9900000095367432,57.0
2024-04-24 15:50:00,WRLD,138.19500732421875,138.19500732421875,138.19500732421875,138.19500732421875,138.19500732421875,236.0
2024-04-24 15:50:00,WSBC,28.260000228881836,28.260000228881836,28.34000015258789,28.25,28.34000015258789,3866.0
2024-04-24 15:50:00,WSBF,12.350000381469727,12.350000381469727,12.350000381469727,12.350000381469727,12.350000381469727,763.0
2024-04-24 15:50:00,WSC,38.11000061035156,38.11000061035156,38.1150016784668,38.08000183105469,38.1150016784668,9943.0
2024-04-24 15:50:00,WSFS,44.900001525878906,44.900001525878906,44.939998626708984,44.89500045776367,44.939998626708984,3415.0
2024-04-24 15:50:00,WTFC,100.06999969482422,100.06999969482422,100.06999969482422,99.95999908447266,99.9749984741211,3213.0
2024-04-24 15:50:00,WTW,264.2850036621094,264.2850036621094,264.30499267578125,264.07000732421875,264.17999267578125,15151.0
2024-04-24 15:50:00,WVE,5.0,5.0,5.019999980926514,5.0,5.019999980926514,2962.0
2024-04-24 15:50:00,WW,1.659999966621399,1.659999966621399,1.6649999618530273,1.659999966621399,1.6649999618530273,12865.0
2024-04-24 15:50:00,WWD,148.88499450683594,148.88499450683594,149.22000122070312,148.88499450683594,149.22000122070312,17413.0
2024-04-24 15:50:00,WYNN,97.0,97.0,97.04000091552734,96.95999908447266,97.04000091552734,12370.0
2024-04-24 15:50:00,XBIT,8.130000114440918,8.130000114440918,8.130000114440918,8.130000114440918,8.130000114440918,964.0
2024-04-24 15:50:00,XEL,55.38999938964844,55.38999938964844,55.40999984741211,55.375,55.40999984741211,45171.0
2024-04-24 15:50:00,XENE,39.25,39.25,39.27000045776367,39.2400016784668,39.25,9152.0
2024-04-24 15:50:00,XERS,1.7549999952316284,1.7549999952316284,1.7649999856948853,1.75,1.7649999856948853,13089.0
2024-04-24 15:50:00,XFOR,1.274999976158142,1.274999976158142,1.2799999713897705,1.274999976158142,1.274999976158142,1971.0
2024-04-24 15:50:00,XLO,1.059999942779541,1.059999942779541,1.059999942779541,1.059999942779541,1.059999942779541,200.0
2024-04-24 15:50:00,XMTR,16.80500030517578,16.80500030517578,16.81999969482422,16.80500030517578,16.81999969482422,2411.0
2024-04-24 15:50:00,XNCR,18.989999771118164,18.989999771118164,19.020000457763672,18.989999771118164,19.020000457763672,1138.0
2024-04-24 15:50:00,XP,20.55500030517578,20.55500030517578,20.56999969482422,20.550500869750977,20.56999969482422,100108.0
2024-04-24 15:50:00,XPEL,55.79499816894531,55.79499816894531,55.79499816894531,55.79499816894531,55.79499816894531,574.0
2024-04-24 15:50:00,XRX,14.385000228881836,14.385000228881836,14.399999618530273,14.380000114440918,14.395000457763672,17636.0
2024-04-24 15:50:00,XXII,1.850000023841858,1.850000023841858,1.8695000410079956,1.850000023841858,1.8600000143051147,8445.0
2024-04-24 15:50:00,YMAB,15.239999771118164,15.239999771118164,15.239999771118164,15.239999771118164,15.239999771118164,715.0
2024-04-24 15:50:00,YOTAU,11.739999771118164,11.739999771118164,11.739999771118164,11.739999771118164,11.739999771118164,0.0
2024-04-24 15:50:00,Z,43.4900016784668,43.4900016784668,43.529998779296875,43.45000076293945,43.529998779296875,18026.0
2024-04-24 15:50:00,ZBRA,278.1600036621094,278.1600036621094,278.2300109863281,278.1199951171875,278.2300109863281,3450.0
2024-04-24 15:50:00,ZCMD,1.600000023841858,1.600000023841858,1.600000023841858,1.600000023841858,1.600000023841858,853.0
2024-04-24 15:50:00,ZD,52.209999084472656,52.209999084472656,52.2400016784668,52.209999084472656,52.2400016784668,2806.0
2024-04-24 15:50:00,ZFOX,1.1399999856948853,1.1399999856948853,1.1399999856948853,1.1399999856948853,1.1399999856948853,785.0
2024-04-24 15:50:00,ZG,42.91999816894531,42.91999816894531,42.970001220703125,42.88999938964844,42.970001220703125,3031.0
2024-04-24 15:50:00,ZI,15.854999542236328,15.854999542236328,15.859999656677246,15.850000381469727,15.850000381469727,11873.0
2024-04-24 15:50:00,ZIMV,15.800000190734863,15.800000190734863,15.800000190734863,15.800000190734863,15.800000190734863,1072.0
2024-04-24 15:50:00,ZION,42.10499954223633,42.10499954223633,42.11000061035156,42.06999969482422,42.099998474121094,18433.0
2024-04-24 15:50:00,ZLAB,15.609999656677246,15.609999656677246,15.609999656677246,15.600000381469727,15.600000381469727,3054.0
2024-04-24 15:50:00,ZM,61.43000030517578,61.43000030517578,61.43000030517578,61.34000015258789,61.34000015258789,23133.0
2024-04-24 15:50:00,ZNTL,11.770000457763672,11.770000457763672,11.770000457763672,11.760000228881836,11.770000457763672,3828.0
2024-04-24 15:50:00,ZS,178.17999267578125,178.17999267578125,178.38999938964844,178.13999938964844,178.38999938964844,5942.0
2024-04-24 15:50:00,ZUMZ,17.190000534057617,17.190000534057617,17.200000762939453,17.190000534057617,17.200000762939453,1627.0
2024-04-24 15:50:00,ZURA,3.259999990463257,3.259999990463257,3.2600998878479004,3.259999990463257,3.2600998878479004,2962.0
2024-04-24 15:50:00,ZVRA,4.545000076293945,4.545000076293945,4.545000076293945,4.545000076293945,4.545000076293945,611.0
2024-04-24 15:50:00,ZVSA,0.6097000241279602,0.6097000241279602,0.6097000241279602,0.6097000241279602,0.6097000241279602,240.0
2024-04-24 15:50:00,ZYME,8.510000228881836,8.510000228881836,8.550000190734863,8.5,8.550000190734863,12150.0
2024-04-24 15:50:00,ZYXI,11.229999542236328,11.229999542236328,11.239999771118164,11.229999542236328,11.239999771118164,3288.0
2024-04-24 15:51:00,COCO,24.135000228881836,24.135000228881836,24.135000228881836,24.135000228881836,24.135000228881836,804.0
2024-04-24 15:51:00,DIBS,5.360000133514404,5.360000133514404,5.360000133514404,5.360000133514404,5.360000133514404,230.0
2024-04-24 15:51:00,DSP,8.600000381469727,8.600000381469727,8.600000381469727,8.59000015258789,8.59000015258789,587.0
2024-04-24 15:51:00,EGHT,2.3499999046325684,2.3499999046325684,2.359999895095825,2.3499999046325684,2.3550000190734863,1956.0
2024-04-24 15:51:00,ETNB,8.555000305175781,8.555000305175781,8.5600004196167,8.555000305175781,8.555000305175781,898.0
2024-04-24 15:51:00,FDMT,24.334999084472656,24.334999084472656,24.350000381469727,24.31999969482422,24.31999969482422,2887.0
2024-04-24 15:51:00,MAPS,1.0950000286102295,1.0950000286102295,1.0950000286102295,1.0950000286102295,1.0950000286102295,544.0
2024-04-24 15:51:00,MASS,5.599999904632568,5.599999904632568,5.610000133514404,5.599999904632568,5.610000133514404,2067.0
2024-04-24 15:51:00,ME,0.4715000092983246,0.4715000092983246,0.4722999930381775,0.4715000092983246,0.4722999930381775,25931.0
2024-04-24 15:51:00,SEAT,5.894999980926514,5.894999980926514,5.894999980926514,5.889999866485596,5.889999866485596,1947.0
2024-04-24 15:51:00,SRCE,50.880001068115234,50.880001068115234,50.880001068115234,50.880001068115234,50.880001068115234,1202.0
2024-04-24 15:51:00,SXTP,0.23999999463558197,0.23999999463558197,0.23999999463558197,0.23999999463558197,0.23999999463558197,471.0
2024-04-24 15:51:00,TSVT,4.269999980926514,4.269999980926514,4.269999980926514,4.264999866485596,4.264999866485596,5112.0
2024-04-24 15:51:00,TWOU,0.24529999494552612,0.24529999494552612,0.24560000002384186,0.24529999494552612,0.24549999833106995,0.0
2024-04-24 15:51:00,TXG,27.59000015258789,27.59000015258789,27.59000015258789,27.520000457763672,27.520000457763672,13074.0
2024-04-24 15:51:00,VC,110.8949966430664,110.8949966430664,110.8949966430664,110.75,110.76499938964844,4493.0
2024-04-24 15:51:00,VCTR,49.755001068115234,49.755001068115234,49.77000045776367,49.7400016784668,49.7599983215332,6095.0
2024-04-24 15:51:00,VERU,1.3300000429153442,1.3300000429153442,1.3350000381469727,1.3300000429153442,1.3300000429153442,3205.0
2024-04-24 15:51:00,VERV,6.599999904632568,6.599999904632568,6.599999904632568,6.59499979019165,6.599999904632568,6619.0
2024-04-24 15:51:00,VERX,28.719999313354492,28.719999313354492,28.735000610351562,28.719999313354492,28.735000610351562,7490.0
2024-04-24 15:51:00,VFF,1.3300000429153442,1.3300000429153442,1.3300000429153442,1.3300000429153442,1.3300000429153442,1616.0
2024-04-24 15:51:00,VFS,2.494999885559082,2.494999885559082,2.5,2.494999885559082,2.494999885559082,7344.0
2024-04-24 15:51:00,VIAV,7.994999885559082,7.994999885559082,7.994999885559082,7.989999771118164,7.994999885559082,2356.0
2024-04-24 15:51:00,VICR,31.665000915527344,31.665000915527344,31.68000030517578,31.639999389648438,31.645000457763672,5954.0
2024-04-24 15:51:00,VIR,8.039999961853027,8.039999961853027,8.039999961853027,8.029999732971191,8.029999732971191,3631.0
2024-04-24 15:51:00,VIRC,10.630000114440918,10.630000114440918,10.630000114440918,10.630000114440918,10.630000114440918,1531.0
2024-04-24 15:51:00,VIRT,21.940000534057617,21.940000534057617,21.954999923706055,21.940000534057617,21.951000213623047,6127.0
2024-04-24 15:51:00,VITL,26.68000030517578,26.68000030517578,26.690000534057617,26.670000076293945,26.670000076293945,2024.0
2024-04-24 15:51:00,VIVK,1.5099999904632568,1.5099999904632568,1.5099999904632568,1.5099999904632568,1.5099999904632568,2800.0
2024-04-24 15:51:00,VKTX,65.05999755859375,65.05999755859375,65.05999755859375,64.87000274658203,64.93000030517578,13777.0
2024-04-24 15:51:00,VMD,8.109999656677246,8.109999656677246,8.109999656677246,8.109999656677246,8.109999656677246,326.0
2024-04-24 15:51:00,VMEO,3.5199999809265137,3.5199999809265137,3.5199999809265137,3.515000104904175,3.5199999809265137,2611.0
2024-04-24 15:51:00,VNET,1.565000057220459,1.565000057220459,1.565000057220459,1.565000057220459,1.565000057220459,1067.0
2024-04-24 15:51:00,VNOM,39.970001220703125,39.970001220703125,39.970001220703125,39.959999084472656,39.970001220703125,1657.0
2024-04-24 15:51:00,VOD,8.645000457763672,8.645000457763672,8.649999618530273,8.645000457763672,8.649999618530273,7151.0
2024-04-24 15:51:00,VOR,1.7350000143051147,1.7350000143051147,1.7350000143051147,1.7350000143051147,1.7350000143051147,1239.0
2024-04-24 15:51:00,VRCA,6.75,6.75,6.75,6.75,6.75,855.0
2024-04-24 15:51:00,VRDN,13.09000015258789,13.09000015258789,13.109999656677246,13.0600004196167,13.0600004196167,5383.0
2024-04-24 15:51:00,VRNA,15.278400421142578,15.278400421142578,15.278400421142578,15.278400421142578,15.278400421142578,701.0
2024-04-24 15:51:00,VRRM,24.270000457763672,24.270000457763672,24.270000457763672,24.25,24.25,5328.0
2024-04-24 15:51:00,VRTX,401.0950012207031,401.0950012207031,401.0950012207031,401.0199890136719,401.05999755859375,3233.0
2024-04-24 15:51:00,VSAT,16.174999237060547,16.174999237060547,16.18000030517578,16.155000686645508,16.15999984741211,4693.0
2024-04-24 15:51:00,VTGN,4.75,4.75,4.75,4.75,4.75,400.0
2024-04-24 15:51:00,VTNR,1.4249999523162842,1.4249999523162842,1.4285000562667847,1.4249999523162842,1.4249999523162842,3425.0
2024-04-24 15:51:00,VTRS,11.555000305175781,11.555000305175781,11.555000305175781,11.550000190734863,11.555000305175781,35860.0
2024-04-24 15:51:00,VUZI,1.3200000524520874,1.3200000524520874,1.3300000429153442,1.3200000524520874,1.3300000429153442,300.0
2024-04-24 15:51:00,WABC,47.88999938964844,47.88999938964844,47.88999938964844,47.81999969482422,47.81999969482422,1519.0
2024-04-24 15:51:00,WAFD,28.301000595092773,28.301000595092773,28.301000595092773,28.280000686645508,28.280000686645508,3832.0
2024-04-24 15:51:00,WALD,5.275000095367432,5.275000095367432,5.275000095367432,5.275000095367432,5.275000095367432,4.0
2024-04-24 15:51:00,WB,8.470000267028809,8.470000267028809,8.470000267028809,8.46500015258789,8.46500015258789,2594.0
2024-04-24 15:51:00,WBA,17.864999771118164,17.864999771118164,17.875,17.860000610351562,17.864999771118164,37933.0
2024-04-24 15:51:00,WBD,8.364999771118164,8.364999771118164,8.364999771118164,8.350000381469727,8.350600242614746,87229.0
2024-04-24 15:51:00,WDAY,255.68499755859375,255.68499755859375,255.68499755859375,255.51499938964844,255.52000427246094,3885.0
2024-04-24 15:51:00,WDC,69.4000015258789,69.4000015258789,69.41000366210938,69.37000274658203,69.37000274658203,35517.0
2024-04-24 15:51:00,WDFC,227.1999969482422,227.1999969482422,227.2949981689453,227.1999969482422,227.2949981689453,1161.0
2024-04-24 15:51:00,WEN,19.815000534057617,19.815000534057617,19.81999969482422,19.809999465942383,19.815000534057617,18946.0
2024-04-24 15:51:00,WERN,35.35499954223633,35.35499954223633,35.36000061035156,35.31999969482422,35.31999969482422,6641.0
2024-04-24 15:51:00,WEST,10.008999824523926,10.008999824523926,10.010000228881836,10.0,10.010000228881836,3637.0
2024-04-24 15:51:00,WFRD,124.5199966430664,124.5199966430664,124.62000274658203,124.46800231933594,124.52999877929688,7218.0
2024-04-24 15:51:00,WHF,12.970000267028809,12.970000267028809,12.970000267028809,12.960000038146973,12.970000267028809,1866.0
2024-04-24 15:51:00,WHFCL,25.09000015258789,25.09000015258789,25.09000015258789,25.09000015258789,25.09000015258789,1500.0
2024-04-24 15:51:00,WHLM,6.010000228881836,6.010000228881836,6.010000228881836,6.010000228881836,6.010000228881836,600.0
2024-04-24 15:51:00,WIMI,1.1200000047683716,1.1200000047683716,1.1299999952316284,1.090000033378601,1.090000033378601,88889.0
2024-04-24 15:51:00,WING,363.6700134277344,363.6700134277344,363.6700134277344,363.6700134277344,363.6700134277344,726.0
2024-04-24 15:51:00,WISA,6.050099849700928,6.050099849700928,6.099999904632568,6.050000190734863,6.099999904632568,3103.0
2024-04-24 15:51:00,WIX,121.5199966430664,121.5199966430664,121.58999633789062,121.45500183105469,121.58999633789062,4526.0
2024-04-24 15:51:00,WKHS,0.1606999933719635,0.1606999933719635,0.1607999950647354,0.1606999933719635,0.1606999933719635,11745.0
2024-04-24 15:51:00,WKME,7.960000038146973,7.960000038146973,7.960000038146973,7.960000038146973,7.960000038146973,839.0
2024-04-24 15:51:00,WMG,32.029998779296875,32.029998779296875,32.040000915527344,32.02000045776367,32.029998779296875,12045.0
2024-04-24 15:51:00,WNEB,6.519999980926514,6.519999980926514,6.519999980926514,6.519999980926514,6.519999980926514,1448.0
2024-04-24 15:51:00,WPRT,5.659999847412109,5.659999847412109,5.659999847412109,5.659999847412109,5.659999847412109,1094.0
2024-04-24 15:51:00,WRLD,137.82000732421875,137.82000732421875,138.19500732421875,137.82000732421875,137.99000549316406,1259.0
2024-04-24 15:51:00,WSBC,28.281999588012695,28.281999588012695,28.299999237060547,28.280000686645508,28.280000686645508,2112.0
2024-04-24 15:51:00,WSBF,12.329999923706055,12.329999923706055,12.329999923706055,12.329999923706055,12.329999923706055,161.0
2024-04-24 15:51:00,WSC,38.14500045776367,38.14500045776367,38.150001525878906,38.1150016784668,38.1150016784668,11240.0
2024-04-24 15:51:00,WSFS,44.939998626708984,44.939998626708984,44.939998626708984,44.939998626708984,44.939998626708984,472.0
2024-04-24 15:51:00,WTFC,100.13999938964844,100.13999938964844,100.13999938964844,100.11000061035156,100.13999938964844,1067.0
2024-04-24 15:51:00,WTW,264.4100036621094,264.4100036621094,264.5,264.3699951171875,264.3699951171875,5864.0
2024-04-24 15:51:00,WW,1.6699999570846558,1.6699999570846558,1.6699999570846558,1.6649999618530273,1.6649999618530273,31322.0
2024-04-24 15:51:00,WWD,149.02499389648438,149.02499389648438,149.10000610351562,148.93499755859375,148.93499755859375,2998.0
2024-04-24 15:51:00,WYNN,97.08000183105469,97.08000183105469,97.0999984741211,96.98999786376953,96.98999786376953,8768.0
2024-04-24 15:51:00,XEL,55.459999084472656,55.459999084472656,55.46500015258789,55.38999938964844,55.38999938964844,29866.0
2024-04-24 15:51:00,XENE,39.35499954223633,39.35499954223633,39.35499954223633,39.275001525878906,39.275001525878906,3905.0
2024-04-24 15:51:00,XERS,1.7549999952316284,1.7549999952316284,1.7599999904632568,1.75,1.7599999904632568,6670.0
2024-04-24 15:51:00,XFOR,1.274999976158142,1.274999976158142,1.2799999713897705,1.270300030708313,1.2799999713897705,9620.0
2024-04-24 15:51:00,XLO,1.059999942779541,1.059999942779541,1.059999942779541,1.059999942779541,1.059999942779541,200.0
2024-04-24 15:51:00,XMTR,16.825000762939453,16.825000762939453,16.825000762939453,16.80500030517578,16.80500030517578,4125.0
2024-04-24 15:51:00,XNCR,19.010000228881836,19.010000228881836,19.010000228881836,19.010000228881836,19.010000228881836,1116.0
2024-04-24 15:51:00,XP,20.5575008392334,20.5575008392334,20.559999465942383,20.549999237060547,20.55500030517578,11261.0
2024-04-24 15:51:00,XPEL,55.76499938964844,55.76499938964844,55.790000915527344,55.689998626708984,55.6974983215332,1778.0
2024-04-24 15:51:00,XRX,14.385000228881836,14.385000228881836,14.390000343322754,14.371199607849121,14.380000114440918,36957.0
2024-04-24 15:51:00,XXII,1.8586000204086304,1.8586000204086304,1.8586000204086304,1.8586000204086304,1.8586000204086304,1566.0
2024-04-24 15:51:00,YTRA,1.2450000047683716,1.2450000047683716,1.2450000047683716,1.2450000047683716,1.2450000047683716,2565.0
2024-04-24 15:51:00,Z,43.52000045776367,43.52000045776367,43.54999923706055,43.47999954223633,43.47999954223633,13975.0
2024-04-24 15:51:00,ZBRA,277.8575134277344,277.8575134277344,278.2099914550781,277.75,278.2099914550781,5961.0
2024-04-24 15:51:00,ZD,52.290000915527344,52.290000915527344,52.290000915527344,52.25,52.25,3135.0
2024-04-24 15:51:00,ZFOX,1.1349999904632568,1.1349999904632568,1.1349999904632568,1.1299999952316284,1.1299999952316284,511.0
2024-04-24 15:51:00,ZG,42.959999084472656,42.959999084472656,42.970001220703125,42.90999984741211,42.90999984741211,3787.0
2024-04-24 15:51:00,ZI,15.854999542236328,15.854999542236328,15.859999656677246,15.854999542236328,15.859999656677246,4603.0
2024-04-24 15:51:00,ZIMV,15.789999961853027,15.789999961853027,15.789999961853027,15.789999961853027,15.789999961853027,1694.0
2024-04-24 15:51:00,ZION,42.095001220703125,42.095001220703125,42.11000061035156,42.084999084472656,42.099998474121094,15173.0
2024-04-24 15:51:00,ZKIN,0.6134999990463257,0.6134999990463257,0.6134999990463257,0.6134999990463257,0.6134999990463257,309.0
2024-04-24 15:51:00,ZLAB,15.619999885559082,15.619999885559082,15.619999885559082,15.609999656677246,15.609999656677246,3141.0
2024-04-24 15:51:00,ZM,61.522499084472656,61.522499084472656,61.522499084472656,61.36000061035156,61.43000030517578,71578.0
2024-04-24 15:51:00,ZNTL,11.789999961853027,11.789999961853027,11.800000190734863,11.770000457763672,11.770000457763672,2731.0
2024-04-24 15:51:00,ZS,178.19000244140625,178.19000244140625,178.19000244140625,178.10000610351562,178.1060028076172,4735.0
2024-04-24 15:51:00,ZUMZ,17.170000076293945,17.170000076293945,17.18000030517578,17.170000076293945,17.18000030517578,1563.0
2024-04-24 15:51:00,ZURA,3.25,3.25,3.2699999809265137,3.25,3.2699999809265137,7592.0
2024-04-24 15:51:00,ZVSA,0.6100000143051147,0.6100000143051147,0.6100000143051147,0.6039999723434448,0.6039999723434448,849.0
2024-04-24 15:51:00,ZYME,8.529999732971191,8.529999732971191,8.529999732971191,8.510000228881836,8.510000228881836,3578.0
2024-04-24 15:52:00,COCO,24.145000457763672,24.145000457763672,24.149999618530273,24.139999389648438,24.139999389648438,1653.0
2024-04-24 15:52:00,DIBS,5.360000133514404,5.360000133514404,5.360000133514404,5.360000133514404,5.360000133514404,532.0
2024-04-24 15:52:00,EGHT,2.359999895095825,2.359999895095825,2.359999895095825,2.359999895095825,2.359999895095825,526.0
2024-04-24 15:52:00,ETNB,8.550000190734863,8.550000190734863,8.555000305175781,8.550000190734863,8.555000305175781,3249.0
2024-04-24 15:52:00,FDMT,24.329999923706055,24.329999923706055,24.329999923706055,24.290000915527344,24.329999923706055,2891.0
2024-04-24 15:52:00,FLWS,9.180000305175781,9.180000305175781,9.180000305175781,9.170000076293945,9.170000076293945,2609.0
2024-04-24 15:52:00,FREE,4.820000171661377,4.820000171661377,4.820000171661377,4.815000057220459,4.820000171661377,450.0
2024-04-24 15:52:00,MAPS,1.100000023841858,1.100000023841858,1.100000023841858,1.100000023841858,1.100000023841858,449.0
2024-04-24 15:52:00,MASS,5.599999904632568,5.599999904632568,5.599999904632568,5.599999904632568,5.599999904632568,615.0
2024-04-24 15:52:00,ME,0.4715000092983246,0.4715000092983246,0.4717999994754791,0.4715000092983246,0.4717999994754791,6412.0
2024-04-24 15:52:00,NNAG,10.470000267028809,10.470000267028809,10.470000267028809,10.470000267028809,10.470000267028809,3770.0
2024-04-24 15:52:00,SCWO,1.3700000047683716,1.3700000047683716,1.3700000047683716,1.3700000047683716,1.3700000047683716,107.0
2024-04-24 15:52:00,SEAT,5.894999980926514,5.894999980926514,5.894999980926514,5.889999866485596,5.894999980926514,3755.0
2024-04-24 15:52:00,TSVT,4.28000020980835,4.28000020980835,4.28000020980835,4.275000095367432,4.275000095367432,1976.0
2024-04-24 15:52:00,TWOU,0.24570000171661377,0.24570000171661377,0.24570000171661377,0.24549999833106995,0.24560000002384186,9928.0
2024-04-24 15:52:00,TXG,27.59000015258789,27.59000015258789,27.610000610351562,27.56999969482422,27.600000381469727,11812.0
2024-04-24 15:52:00,VABK,24.649999618530273,24.649999618530273,24.649999618530273,24.649999618530273,24.649999618530273,215.0
2024-04-24 15:52:00,VC,111.1500015258789,111.1500015258789,111.1500015258789,111.04000091552734,111.04000091552734,2673.0
2024-04-24 15:52:00,VCTR,49.7599983215332,49.7599983215332,49.779998779296875,49.75,49.7599983215332,7011.0
2024-04-24 15:52:00,VERU,1.3350000381469727,1.3350000381469727,1.3350000381469727,1.3300000429153442,1.3350000381469727,5925.0
2024-04-24 15:52:00,VERV,6.605000019073486,6.605000019073486,6.610000133514404,6.605000019073486,6.605000019073486,2603.0
2024-04-24 15:52:00,VERX,28.799999237060547,28.799999237060547,28.809999465942383,28.729999542236328,28.729999542236328,18289.0
2024-04-24 15:52:00,VFS,2.5,2.5,2.5,2.494999885559082,2.5,2425.0
2024-04-24 15:52:00,VIAV,7.989999771118164,7.989999771118164,7.994999885559082,7.989999771118164,7.994999885559082,1915.0
2024-04-24 15:52:00,VICR,31.770000457763672,31.770000457763672,31.780000686645508,31.649999618530273,31.670000076293945,5040.0
2024-04-24 15:52:00,VINC,0.9093999862670898,0.9093999862670898,0.9093999862670898,0.9093999862670898,0.9093999862670898,1001.0
2024-04-24 15:52:00,VIR,8.039999961853027,8.039999961853027,8.045000076293945,8.039999961853027,8.045000076293945,2213.0
2024-04-24 15:52:00,VIRT,21.959999084472656,21.959999084472656,21.96500015258789,21.94499969482422,21.94499969482422,5415.0
2024-04-24 15:52:00,VIRX,0.8300999999046326,0.8300999999046326,0.8300999999046326,0.8300999999046326,0.8300999999046326,1704.0
2024-04-24 15:52:00,VITL,26.700000762939453,26.700000762939453,26.71500015258789,26.690000534057617,26.690000534057617,3045.0
2024-04-24 15:52:00,VKTX,65.0999984741211,65.0999984741211,65.0999984741211,65.01000213623047,65.02999877929688,11309.0
2024-04-24 15:52:00,VLCN,0.2547999918460846,0.2547999918460846,0.2549000084400177,0.2540000081062317,0.2549000084400177,9016.0
2024-04-24 15:52:00,VMAR,0.5400999784469604,0.5400999784469604,0.5400999784469604,0.5400999784469604,0.5400999784469604,2251.0
2024-04-24 15:52:00,VMD,8.109999656677246,8.109999656677246,8.109999656677246,8.109999656677246,8.109999656677246,239.0
2024-04-24 15:52:00,VMEO,3.515000104904175,3.515000104904175,3.5199999809265137,3.515000104904175,3.515000104904175,4292.0
2024-04-24 15:52:00,VNET,1.565000057220459,1.565000057220459,1.565000057220459,1.565000057220459,1.565000057220459,4186.0
2024-04-24 15:52:00,VNOM,39.98500061035156,39.98500061035156,40.0,39.930999755859375,39.970001220703125,15077.0
2024-04-24 15:52:00,VOD,8.645000457763672,8.645000457763672,8.649999618530273,8.642000198364258,8.642000198364258,4505.0
2024-04-24 15:52:00,VRCA,6.760000228881836,6.760000228881836,6.760000228881836,6.71999979019165,6.71999979019165,550.0
2024-04-24 15:52:00,VRDN,13.095000267028809,13.095000267028809,13.100000381469727,13.09000015258789,13.09000015258789,4115.0
2024-04-24 15:52:00,VRRM,24.264999389648438,24.264999389648438,24.270000457763672,24.264999389648438,24.270000457763672,795.0
2024-04-24 15:52:00,VRTX,400.7200012207031,400.7200012207031,400.9800109863281,400.70001220703125,400.9800109863281,4859.0
2024-04-24 15:52:00,VSAT,16.165000915527344,16.165000915527344,16.174999237060547,16.165000915527344,16.174999237060547,4716.0
2024-04-24 15:52:00,VSEC,78.76499938964844,78.76499938964844,78.7699966430664,78.75,78.7699966430664,890.0
2024-04-24 15:52:00,VTGN,4.75,4.75,4.75,4.75,4.75,1072.0
2024-04-24 15:52:00,VTNR,1.429900050163269,1.429900050163269,1.429900050163269,1.429900050163269,1.429900050163269,5014.0
2024-04-24 15:52:00,VTRS,11.555000305175781,11.555000305175781,11.5600004196167,11.550000190734863,11.555000305175781,17753.0
2024-04-24 15:52:00,VUZI,1.329800009727478,1.329800009727478,1.3300000429153442,1.3200000524520874,1.3300000429153442,976.0
2024-04-24 15:52:00,VYGR,7.539999961853027,7.539999961853027,7.539999961853027,7.539999961853027,7.539999961853027,1320.0
2024-04-24 15:52:00,WAFD,28.334999084472656,28.334999084472656,28.360000610351562,28.31999969482422,28.31999969482422,3538.0
2024-04-24 15:52:00,WB,8.484999656677246,8.484999656677246,8.484999656677246,8.46500015258789,8.46500015258789,15191.0
2024-04-24 15:52:00,WBA,17.860000610351562,17.860000610351562,17.86989974975586,17.860000610351562,17.860000610351562,13481.0
2024-04-24 15:52:00,WBD,8.364999771118164,8.364999771118164,8.369999885559082,8.359999656677246,8.369999885559082,27674.0
2024-04-24 15:52:00,WDAY,255.8125,255.8125,255.8125,255.66000366210938,255.7100067138672,6205.0
2024-04-24 15:52:00,WDC,69.55999755859375,69.55999755859375,69.55999755859375,69.4000015258789,69.40499877929688,36079.0
2024-04-24 15:52:00,WDFC,227.05999755859375,227.05999755859375,227.05999755859375,227.05999755859375,227.05999755859375,379.0
2024-04-24 15:52:00,WEN,19.81999969482422,19.81999969482422,19.825000762939453,19.809999465942383,19.809999465942383,39170.0
2024-04-24 15:52:00,WERN,35.29999923706055,35.29999923706055,35.34749984741211,35.29999923706055,35.34749984741211,9018.0
2024-04-24 15:52:00,WEST,10.010000228881836,10.010000228881836,10.010000228881836,10.010000228881836,10.010000228881836,832.0
2024-04-24 15:52:00,WFRD,124.69000244140625,124.69000244140625,124.69000244140625,124.41000366210938,124.59950256347656,13393.0
2024-04-24 15:52:00,WHF,12.989999771118164,12.989999771118164,12.989999771118164,12.979000091552734,12.979000091552734,964.0
2024-04-24 15:52:00,WHLM,6.010000228881836,6.010000228881836,6.010000228881836,6.010000228881836,6.010000228881836,1379.0
2024-04-24 15:52:00,WIMI,1.100100040435791,1.100100040435791,1.1298999786376953,1.100000023841858,1.1294000148773193,52997.0
2024-04-24 15:52:00,WING,364.3599853515625,364.3599853515625,364.3599853515625,363.69000244140625,363.9700012207031,2280.0
2024-04-24 15:52:00,WISA,5.999800205230713,5.999800205230713,6.065000057220459,5.949999809265137,6.051000118255615,23211.0
2024-04-24 15:52:00,WIX,121.65499877929688,121.65499877929688,121.65499877929688,121.56999969482422,121.62000274658203,4036.0
2024-04-24 15:52:00,WKHS,0.1606999933719635,0.1606999933719635,0.1607999950647354,0.1606999933719635,0.1607999950647354,6775.0
2024-04-24 15:52:00,WLDS,0.4507000148296356,0.4507000148296356,0.4507000148296356,0.4507000148296356,0.4507000148296356,400.0
2024-04-24 15:52:00,WMG,32.04499816894531,32.04499816894531,32.04999923706055,32.02000045776367,32.029998779296875,15633.0
2024-04-24 15:52:00,WRAP,1.9867000579833984,1.9867000579833984,1.9867000579833984,1.9867000579833984,1.9867000579833984,240.0
2024-04-24 15:52:00,WRLD,138.35000610351562,138.35000610351562,138.35000610351562,138.35000610351562,138.35000610351562,424.0
2024-04-24 15:52:00,WSBC,28.31999969482422,28.31999969482422,28.329999923706055,28.309999465942383,28.315000534057617,1678.0
2024-04-24 15:52:00,WSBF,12.329999923706055,12.329999923706055,12.329999923706055,12.329999923706055,12.329999923706055,780.0
2024-04-24 15:52:00,WSC,38.18000030517578,38.18000030517578,38.18000030517578,38.130001068115234,38.13999938964844,6131.0
2024-04-24 15:52:00,WSFS,44.97999954223633,44.97999954223633,44.97999954223633,44.95000076293945,44.95000076293945,3278.0
2024-04-24 15:52:00,WTFC,100.19999694824219,100.19999694824219,100.22000122070312,100.13999938964844,100.13999938964844,2187.0
2024-04-24 15:52:00,WTFCP,24.959999084472656,24.959999084472656,24.959999084472656,24.959999084472656,24.959999084472656,259.0
2024-04-24 15:52:00,WTW,264.3999938964844,264.3999938964844,264.4100036621094,264.3280029296875,264.4100036621094,3697.0
2024-04-24 15:52:00,WVE,5.0,5.0,5.005000114440918,5.0,5.005000114440918,756.0
2024-04-24 15:52:00,WW,1.6649999618530273,1.6649999618530273,1.6649999618530273,1.6649999618530273,1.6649999618530273,5164.0
2024-04-24 15:52:00,WWD,149.09500122070312,149.09500122070312,149.09500122070312,149.09500122070312,149.09500122070312,718.0
2024-04-24 15:52:00,WYNN,97.05500030517578,97.05500030517578,97.08000183105469,96.98999786376953,97.08000183105469,11318.0
2024-04-24 15:52:00,XEL,55.42499923706055,55.42499923706055,55.46500015258789,55.40999984741211,55.459999084472656,31513.0
2024-04-24 15:52:00,XENE,39.5099983215332,39.5099983215332,39.5099983215332,39.36000061035156,39.380001068115234,9415.0
2024-04-24 15:52:00,XERS,1.7549999952316284,1.7549999952316284,1.7549999952316284,1.75,1.7549999952316284,721.0
2024-04-24 15:52:00,XFOR,1.2799999713897705,1.2799999713897705,1.2799999713897705,1.274999976158142,1.2799999713897705,4878.0
2024-04-24 15:52:00,XLO,1.059999942779541,1.059999942779541,1.059999942779541,1.059999942779541,1.059999942779541,200.0
2024-04-24 15:52:00,XMTR,16.81999969482422,16.81999969482422,16.825000762939453,16.809999465942383,16.825000762939453,5578.0
2024-04-24 15:52:00,XNCR,19.059999465942383,19.059999465942383,19.059999465942383,19.040000915527344,19.040000915527344,1444.0
2024-04-24 15:52:00,XP,20.570499420166016,20.570499420166016,20.59000015258789,20.549999237060547,20.55500030517578,97005.0
2024-04-24 15:52:00,XPEL,55.67499923706055,55.67499923706055,55.83000183105469,55.67499923706055,55.76499938964844,3563.0
2024-04-24 15:52:00,XRX,14.40250015258789,14.40250015258789,14.404999732971191,14.38010025024414,14.385000228881836,38766.0
2024-04-24 15:52:00,Z,43.540000915527344,43.540000915527344,43.54999923706055,43.5099983215332,43.51499938964844,8922.0
2024-04-24 15:52:00,ZBRA,278.0249938964844,278.0249938964844,278.0249938964844,277.989990234375,277.989990234375,668.0
2024-04-24 15:52:00,ZCMD,1.562999963760376,1.562999963760376,1.562999963760376,1.562999963760376,1.562999963760376,1262.0
2024-04-24 15:52:00,ZD,52.29999923706055,52.29999923706055,52.29999923706055,52.29999923706055,52.29999923706055,279.0
2024-04-24 15:52:00,ZFOX,1.1399999856948853,1.1399999856948853,1.1399999856948853,1.1399999856948853,1.1399999856948853,100.0
2024-04-24 15:52:00,ZG,42.97999954223633,42.97999954223633,42.97999954223633,42.959999084472656,42.970001220703125,2391.0
2024-04-24 15:52:00,ZI,15.869999885559082,15.869999885559082,15.869999885559082,15.859999656677246,15.859999656677246,10384.0
2024-04-24 15:52:00,ZION,42.119998931884766,42.119998931884766,42.130001068115234,42.084999084472656,42.09000015258789,13433.0
2024-04-24 15:52:00,ZLAB,15.609999656677246,15.609999656677246,15.630000114440918,15.609999656677246,15.630000114440918,1578.0
2024-04-24 15:52:00,ZM,61.529998779296875,61.529998779296875,61.529998779296875,61.5,61.5099983215332,17223.0
2024-04-24 15:52:00,ZNTL,11.800000190734863,11.800000190734863,11.800000190734863,11.779999732971191,11.789999961853027,5144.0
2024-04-24 15:52:00,ZS,178.1667938232422,178.1667938232422,178.2100067138672,178.13900756835938,178.19000244140625,4499.0
2024-04-24 15:52:00,ZTEK,1.1098999977111816,1.1098999977111816,1.1098999977111816,1.1098999977111816,1.1098999977111816,6085.0
2024-04-24 15:52:00,ZUMZ,17.15999984741211,17.15999984741211,17.15999984741211,17.139999389648438,17.139999389648438,1416.0
2024-04-24 15:52:00,ZVSA,0.6100000143051147,0.6100000143051147,0.6100000143051147,0.6100000143051147,0.6100000143051147,753.0
2024-04-24 15:52:00,ZYME,8.529999732971191,8.529999732971191,8.529999732971191,8.529999732971191,8.529999732971191,3341.0
2024-04-24 15:53:00,COCO,24.139999389648438,24.139999389648438,24.139999389648438,24.139999389648438,24.139999389648438,2002.0
2024-04-24 15:53:00,DIBS,5.360000133514404,5.360000133514404,5.360000133514404,5.360000133514404,5.360000133514404,1661.0
2024-04-24 15:53:00,DSP,8.600000381469727,8.600000381469727,8.600000381469727,8.600000381469727,8.600000381469727,200.0
2024-04-24 15:53:00,EGHT,2.3550000190734863,2.3550000190734863,2.359999895095825,2.3550000190734863,2.359999895095825,2387.0
2024-04-24 15:53:00,ETNB,8.600000381469727,8.600000381469727,8.600000381469727,8.555000305175781,8.555000305175781,19827.0
2024-04-24 15:53:00,FDMT,24.31999969482422,24.31999969482422,24.31999969482422,24.31999969482422,24.31999969482422,372.0
2024-04-24 15:53:00,FEAM,1.1699999570846558,1.1699999570846558,1.1699999570846558,1.1699999570846558,1.1699999570846558,455.0
2024-04-24 15:53:00,FLWS,9.194999694824219,9.194999694824219,9.199999809265137,9.194999694824219,9.199999809265137,2221.0
2024-04-24 15:53:00,FREE,4.820000171661377,4.820000171661377,4.820000171661377,4.820000171661377,4.820000171661377,101.0
2024-04-24 15:53:00,MAPS,1.100000023841858,1.100000023841858,1.100000023841858,1.0950000286102295,1.100000023841858,2302.0
2024-04-24 15:53:00,MASS,5.614999771118164,5.614999771118164,5.614999771118164,5.610000133514404,5.610000133514404,1212.0
2024-04-24 15:53:00,ME,0.4713999927043915,0.4713999927043915,0.4715000092983246,0.4713999927043915,0.4715000092983246,9271.0
2024-04-24 15:53:00,SCWO,1.3799999952316284,1.3799999952316284,1.3799999952316284,1.3799999952316284,1.3799999952316284,1045.0
2024-04-24 15:53:00,SEAT,5.894999980926514,5.894999980926514,5.894999980926514,5.889999866485596,5.894999980926514,1221.0
2024-04-24 15:53:00,SRCE,50.95000076293945,50.95000076293945,50.95000076293945,50.90999984741211,50.90999984741211,863.0
2024-04-24 15:53:00,TSVT,4.28000020980835,4.28000020980835,4.284999847412109,4.28000020980835,4.284999847412109,5395.0
2024-04-24 15:53:00,TURN,3.940000057220459,3.940000057220459,3.940000057220459,3.940000057220459,3.940000057220459,790.0
2024-04-24 15:53:00,TWOU,0.24560000002384186,0.24560000002384186,0.24570000171661377,0.24549999833106995,0.24560000002384186,35203.0
2024-04-24 15:53:00,TXG,27.610000610351562,27.610000610351562,27.610000610351562,27.600000381469727,27.600000381469727,2810.0
2024-04-24 15:53:00,VABK,24.600000381469727,24.600000381469727,24.649999618530273,24.600000381469727,24.649999618530273,1624.0
2024-04-24 15:53:00,VC,111.30999755859375,111.30999755859375,111.30999755859375,111.26000213623047,111.26000213623047,1437.0
2024-04-24 15:53:00,VCTR,49.869998931884766,49.869998931884766,49.880001068115234,49.77000045776367,49.790000915527344,11062.0
2024-04-24 15:53:00,VERU,1.3306000232696533,1.3306000232696533,1.3350000381469727,1.3300000429153442,1.3350000381469727,5423.0
2024-04-24 15:53:00,VERV,6.635000228881836,6.635000228881836,6.635000228881836,6.605000019073486,6.605000019073486,9355.0
2024-04-24 15:53:00,VERX,28.780000686645508,28.780000686645508,28.799999237060547,28.7549991607666,28.799999237060547,14288.0
2024-04-24 15:53:00,VFF,1.3265999555587769,1.3265999555587769,1.3300000429153442,1.3265999555587769,1.3300000429153442,1852.0
2024-04-24 15:53:00,VFS,2.494999885559082,2.494999885559082,2.5,2.494999885559082,2.494999885559082,9627.0
2024-04-24 15:53:00,VIAV,7.989999771118164,7.989999771118164,7.994999885559082,7.989999771118164,7.994999885559082,4125.0
2024-04-24 15:53:00,VICR,31.959999084472656,31.959999084472656,31.959999084472656,31.7549991607666,31.7549991607666,5174.0
2024-04-24 15:53:00,VINP,10.5,10.5,10.5,10.5,10.5,1507.0
2024-04-24 15:53:00,VIR,8.03499984741211,8.03499984741211,8.03499984741211,8.03499984741211,8.03499984741211,921.0
2024-04-24 15:53:00,VIRT,21.959999084472656,21.959999084472656,21.959999084472656,21.950000762939453,21.959999084472656,6470.0
2024-04-24 15:53:00,VITL,26.690000534057617,26.690000534057617,26.690000534057617,26.690000534057617,26.690000534057617,1562.0
2024-04-24 15:53:00,VKTX,65.17759704589844,65.17759704589844,65.18000030517578,65.05999755859375,65.0999984741211,17499.0
2024-04-24 15:53:00,VLCN,0.2549000084400177,0.2549000084400177,0.2549000084400177,0.2549000084400177,0.2549000084400177,2474.0
2024-04-24 15:53:00,VMEO,3.515000104904175,3.515000104904175,3.5199999809265137,3.509999990463257,3.515000104904175,6345.0
2024-04-24 15:53:00,VNET,1.565000057220459,1.565000057220459,1.565000057220459,1.559999942779541,1.565000057220459,1981.0
2024-04-24 15:53:00,VNOM,39.9900016784668,39.9900016784668,39.9900016784668,39.9900016784668,39.9900016784668,2480.0
2024-04-24 15:53:00,VOD,8.649999618530273,8.649999618530273,8.649999618530273,8.642000198364258,8.649999618530273,8064.0
2024-04-24 15:53:00,VOR,1.7300000190734863,1.7300000190734863,1.7300000190734863,1.7300000190734863,1.7300000190734863,944.0
2024-04-24 15:53:00,VRCA,6.744100093841553,6.744100093841553,6.744100093841553,6.744100093841553,6.744100093841553,282.0
2024-04-24 15:53:00,VRDN,13.100000381469727,13.100000381469727,13.105199813842773,13.095000267028809,13.095000267028809,4323.0
2024-04-24 15:53:00,VRNA,15.239999771118164,15.239999771118164,15.279999732971191,15.239999771118164,15.265000343322754,2579.0
2024-04-24 15:53:00,VRRM,24.28499984741211,24.28499984741211,24.28499984741211,24.264999389648438,24.264999389648438,5087.0
2024-04-24 15:53:00,VRTX,401.0799865722656,401.0799865722656,401.1300048828125,400.92999267578125,400.92999267578125,2817.0
2024-04-24 15:53:00,VSAT,16.145000457763672,16.145000457763672,16.170000076293945,16.145000457763672,16.170000076293945,16818.0
2024-04-24 15:53:00,VSEC,78.55999755859375,78.55999755859375,78.76499938964844,78.55999755859375,78.76499938964844,1992.0
2024-04-24 15:53:00,VTNR,1.4249999523162842,1.4249999523162842,1.4249999523162842,1.4199999570846558,1.4213999509811401,860.0
2024-04-24 15:53:00,VTRS,11.555000305175781,11.555000305175781,11.5600004196167,11.550000190734863,11.555000305175781,23122.0
2024-04-24 15:53:00,VUZI,1.3200000524520874,1.3200000524520874,1.3300000429153442,1.3200000524520874,1.3250000476837158,742.0
2024-04-24 15:53:00,VYGR,7.565000057220459,7.565000057220459,7.565000057220459,7.545000076293945,7.545000076293945,4318.0
2024-04-24 15:53:00,WABC,47.90999984741211,47.90999984741211,47.90999984741211,47.90999984741211,47.90999984741211,365.0
2024-04-24 15:53:00,WAFD,28.389999389648438,28.389999389648438,28.389999389648438,28.360000610351562,28.360000610351562,2182.0
2024-04-24 15:53:00,WASH,26.440000534057617,26.440000534057617,26.440000534057617,26.389999389648438,26.389999389648438,1152.0
2024-04-24 15:53:00,WB,8.484999656677246,8.484999656677246,8.494999885559082,8.484999656677246,8.484999656677246,15998.0
2024-04-24 15:53:00,WBA,17.875,17.875,17.8799991607666,17.860000610351562,17.860000610351562,78275.0
2024-04-24 15:53:00,WBD,8.375,8.375,8.380000114440918,8.364999771118164,8.369999885559082,42196.0
2024-04-24 15:53:00,WDAY,256.0950012207031,256.0950012207031,256.0950012207031,255.83999633789062,255.88999938964844,12778.0
2024-04-24 15:53:00,WDC,69.61000061035156,69.61000061035156,69.62000274658203,69.55000305175781,69.55999755859375,28667.0
2024-04-24 15:53:00,WEN,19.825000762939453,19.825000762939453,19.825000762939453,19.825000762939453,19.825000762939453,8864.0
2024-04-24 15:53:00,WERN,35.34000015258789,35.34000015258789,35.369998931884766,35.290000915527344,35.29999923706055,19030.0
2024-04-24 15:53:00,WFRD,124.7300033569336,124.7300033569336,124.7300033569336,124.47000122070312,124.61499786376953,7662.0
2024-04-24 15:53:00,WIMI,1.114400029182434,1.114400029182434,1.1299999952316284,1.100000023841858,1.1100000143051147,73264.0
2024-04-24 15:53:00,WING,364.44000244140625,364.44000244140625,364.44000244140625,364.44000244140625,364.44000244140625,677.0
2024-04-24 15:53:00,WISA,6.0,6.0,6.045000076293945,6.0,6.039999961853027,3650.0
2024-04-24 15:53:00,WIX,121.61000061035156,121.61000061035156,121.61000061035156,121.5999984741211,121.5999984741211,1281.0
2024-04-24 15:53:00,WKEY,2.109999895095825,2.109999895095825,2.109999895095825,2.109999895095825,2.109999895095825,287.0
2024-04-24 15:53:00,WKHS,0.1607999950647354,0.1607999950647354,0.1607999950647354,0.1606999933719635,0.1606999933719635,10139.0
2024-04-24 15:53:00,WKME,7.960000038146973,7.960000038146973,7.960000038146973,7.960000038146973,7.960000038146973,182.0
2024-04-24 15:53:00,WLDN,27.975000381469727,27.975000381469727,28.020000457763672,27.975000381469727,28.020000457763672,452.0
2024-04-24 15:53:00,WLDS,0.4507000148296356,0.4507000148296356,0.4507000148296356,0.4507000148296356,0.4507000148296356,200.0
2024-04-24 15:53:00,WLFC,48.8849983215332,48.8849983215332,48.8849983215332,48.8849983215332,48.8849983215332,620.0
2024-04-24 15:53:00,WMG,32.025001525878906,32.025001525878906,32.04499816894531,32.025001525878906,32.04499816894531,13783.0
2024-04-24 15:53:00,WRAP,1.9800000190734863,1.9800000190734863,1.9800000190734863,1.9800000190734863,1.9800000190734863,1389.0
2024-04-24 15:53:00,WSBC,28.34000015258789,28.34000015258789,28.34000015258789,28.329999923706055,28.329999923706055,1604.0
2024-04-24 15:53:00,WSBF,12.329999923706055,12.329999923706055,12.329999923706055,12.329999923706055,12.329999923706055,1303.0
2024-04-24 15:53:00,WSC,38.209999084472656,38.209999084472656,38.209999084472656,38.150001525878906,38.17499923706055,9050.0
2024-04-24 15:53:00,WSFS,45.005001068115234,45.005001068115234,45.005001068115234,44.9900016784668,44.9900016784668,2324.0
2024-04-24 15:53:00,WTFC,100.22000122070312,100.22000122070312,100.2300033569336,100.16000366210938,100.16000366210938,2734.0
2024-04-24 15:53:00,WTW,264.4649963378906,264.4649963378906,264.4649963378906,264.4049987792969,264.4049987792969,1943.0
2024-04-24 15:53:00,WVE,5.019999980926514,5.019999980926514,5.019999980926514,5.010000228881836,5.010000228881836,3482.0
2024-04-24 15:53:00,WW,1.6649999618530273,1.6649999618530273,1.6664999723434448,1.659999966621399,1.6664999723434448,5126.0
2024-04-24 15:53:00,WWD,149.13499450683594,149.13499450683594,149.1999969482422,149.10000610351562,149.1999969482422,2657.0
2024-04-24 15:53:00,WYNN,97.18000030517578,97.18000030517578,97.18000030517578,97.06999969482422,97.06999969482422,6236.0
2024-04-24 15:53:00,XEL,55.39500045776367,55.39500045776367,55.42499923706055,55.39500045776367,55.41999816894531,27396.0
2024-04-24 15:53:00,XENE,39.540000915527344,39.540000915527344,39.540000915527344,39.540000915527344,39.540000915527344,2372.0
2024-04-24 15:53:00,XERS,1.756700038909912,1.756700038909912,1.7599999904632568,1.75,1.7549999952316284,1040.0
2024-04-24 15:53:00,XFOR,1.2799999713897705,1.2799999713897705,1.2799999713897705,1.274999976158142,1.274999976158142,16572.0
2024-04-24 15:53:00,XLO,1.059999942779541,1.059999942779541,1.059999942779541,1.059999942779541,1.059999942779541,200.0
2024-04-24 15:53:00,XMTR,16.850000381469727,16.850000381469727,16.850000381469727,16.829999923706055,16.829999923706055,4155.0
2024-04-24 15:53:00,XNCR,19.049999237060547,19.049999237060547,19.049999237060547,19.040000915527344,19.049999237060547,3297.0
2024-04-24 15:53:00,XOMA,25.979999542236328,25.979999542236328,25.979999542236328,25.979999542236328,25.979999542236328,460.0
2024-04-24 15:53:00,XP,20.575000762939453,20.575000762939453,20.579999923706055,20.565000534057617,20.579999923706055,64015.0
2024-04-24 15:53:00,XPEL,55.654998779296875,55.654998779296875,55.70000076293945,55.654998779296875,55.70000076293945,677.0
2024-04-24 15:53:00,XRX,14.364999771118164,14.364999771118164,14.40999984741211,14.364999771118164,14.404999732971191,26608.0
2024-04-24 15:53:00,YMAB,15.239999771118164,15.239999771118164,15.239999771118164,15.239999771118164,15.239999771118164,274.0
2024-04-24 15:53:00,Z,43.560001373291016,43.560001373291016,43.56999969482422,43.529998779296875,43.540000915527344,10760.0
2024-04-24 15:53:00,ZBRA,278.260009765625,278.260009765625,278.260009765625,278.0249938964844,278.0249938964844,6130.0
2024-04-24 15:53:00,ZD,52.349998474121094,52.349998474121094,52.349998474121094,52.290000915527344,52.31999969482422,9826.0
2024-04-24 15:53:00,ZFOX,1.1399999856948853,1.1399999856948853,1.1399999856948853,1.1399999856948853,1.1399999856948853,200.0
2024-04-24 15:53:00,ZG,43.0,43.0,43.0,42.970001220703125,42.97999954223633,1568.0
2024-04-24 15:53:00,ZI,15.875,15.875,15.885000228881836,15.869999885559082,15.869999885559082,17420.0
2024-04-24 15:53:00,ZIMV,15.789999961853027,15.789999961853027,15.789999961853027,15.789999961853027,15.789999961853027,1424.0
2024-04-24 15:53:00,ZION,42.17499923706055,42.17499923706055,42.17499923706055,42.10499954223633,42.119998931884766,7486.0
2024-04-24 15:53:00,ZLAB,15.635000228881836,15.635000228881836,15.640000343322754,15.600000381469727,15.609999656677246,8953.0
2024-04-24 15:53:00,ZM,61.47999954223633,61.47999954223633,61.540000915527344,61.47999954223633,61.529998779296875,16466.0
2024-04-24 15:53:00,ZNTL,11.800000190734863,11.800000190734863,11.800000190734863,11.795000076293945,11.795000076293945,3228.0
2024-04-24 15:53:00,ZS,178.11000061035156,178.11000061035156,178.13999938964844,178.00999450683594,178.1300048828125,7446.0
2024-04-24 15:53:00,ZUMZ,17.170000076293945,17.170000076293945,17.170000076293945,17.15999984741211,17.15999984741211,5463.0
2024-04-24 15:53:00,ZURA,3.265000104904175,3.265000104904175,3.265000104904175,3.248500108718872,3.25,7530.0
2024-04-24 15:53:00,ZVRA,4.559999942779541,4.559999942779541,4.559999942779541,4.550000190734863,4.550000190734863,897.0
2024-04-24 15:53:00,ZVSA,0.6089000105857849,0.6089000105857849,0.6089000105857849,0.6075000166893005,0.6075000166893005,554.0
2024-04-24 15:53:00,ZYME,8.524999618530273,8.524999618530273,8.529999732971191,8.524999618530273,8.529999732971191,1812.0
2024-04-24 15:54:00,COCO,24.18000030517578,24.18000030517578,24.18000030517578,24.135000228881836,24.135000228881836,3099.0
2024-04-24 15:54:00,DIBS,5.349999904632568,5.349999904632568,5.355000019073486,5.34499979019165,5.349999904632568,2493.0
2024-04-24 15:54:00,DSP,8.600000381469727,8.600000381469727,8.609999656677246,8.59000015258789,8.600000381469727,1105.0
2024-04-24 15:54:00,EGHT,2.359999895095825,2.359999895095825,2.359999895095825,2.3550000190734863,2.359999895095825,5136.0
2024-04-24 15:54:00,ETNB,8.585000038146973,8.585000038146973,8.600000381469727,8.585000038146973,8.600000381469727,24327.0
2024-04-24 15:54:00,FDMT,24.270000457763672,24.270000457763672,24.31999969482422,24.25,24.290000915527344,9803.0
2024-04-24 15:54:00,FEAM,1.1699999570846558,1.1699999570846558,1.1699999570846558,1.1699999570846558,1.1699999570846558,1303.0
2024-04-24 15:54:00,FLWS,9.1899995803833,9.1899995803833,9.1899995803833,9.1899995803833,9.1899995803833,1779.0
2024-04-24 15:54:00,FREE,4.820000171661377,4.820000171661377,4.820000171661377,4.815000057220459,4.815000057220459,1145.0
2024-04-24 15:54:00,MASS,5.599999904632568,5.599999904632568,5.619999885559082,5.599999904632568,5.619999885559082,2638.0
2024-04-24 15:54:00,ME,0.4713999927043915,0.4713999927043915,0.4717999994754791,0.4713999927043915,0.4713999927043915,21430.0
2024-04-24 15:54:00,SCWO,1.3700000047683716,1.3700000047683716,1.3700000047683716,1.3700000047683716,1.3700000047683716,200.0
2024-04-24 15:54:00,SEAT,5.900000095367432,5.900000095367432,5.90500020980835,5.889999866485596,5.894999980926514,28069.0
2024-04-24 15:54:00,TSVT,4.275000095367432,4.275000095367432,4.275000095367432,4.269999980926514,4.269999980926514,1171.0
2024-04-24 15:54:00,TWOU,0.24549999833106995,0.24549999833106995,0.24560000002384186,0.24539999663829803,0.24560000002384186,281911.0
2024-04-24 15:54:00,TXG,27.510000228881836,27.510000228881836,27.610000610351562,27.510000228881836,27.610000610351562,22514.0
2024-04-24 15:54:00,VANI,1.7350000143051147,1.7350000143051147,1.7350000143051147,1.7350000143051147,1.7350000143051147,356.0
2024-04-24 15:54:00,VC,111.80999755859375,111.80999755859375,111.83000183105469,111.2300033569336,111.30000305175781,11662.0
2024-04-24 15:54:00,VCTR,49.88999938964844,49.88999938964844,49.915000915527344,49.84000015258789,49.869998931884766,12645.0
2024-04-24 15:54:00,VERU,1.3300000429153442,1.3300000429153442,1.340000033378601,1.3300000429153442,1.3350000381469727,4769.0
2024-04-24 15:54:00,VERV,6.614999771118164,6.614999771118164,6.639999866485596,6.610000133514404,6.635000228881836,9952.0
2024-04-24 15:54:00,VERX,28.889999389648438,28.889999389648438,28.899999618530273,28.770000457763672,28.790000915527344,14617.0
2024-04-24 15:54:00,VFF,1.3250000476837158,1.3250000476837158,1.3300000429153442,1.3250000476837158,1.3300000429153442,2168.0
2024-04-24 15:54:00,VFS,2.494999885559082,2.494999885559082,2.5,2.490000009536743,2.5,28335.0
2024-04-24 15:54:00,VIAV,7.994999885559082,7.994999885559082,7.994999885559082,7.989999771118164,7.989999771118164,7956.0
2024-04-24 15:54:00,VICR,32.060001373291016,32.060001373291016,32.119998931884766,31.93000030517578,31.959999084472656,6971.0
2024-04-24 15:54:00,VIR,8.055000305175781,8.055000305175781,8.055000305175781,8.03499984741211,8.03499984741211,5165.0
2024-04-24 15:54:00,VIRT,21.930999755859375,21.930999755859375,21.954999923706055,21.924999237060547,21.954999923706055,17641.0
2024-04-24 15:54:00,VITL,26.709999084472656,26.709999084472656,26.719999313354492,26.690000534057617,26.719999313354492,10927.0
2024-04-24 15:54:00,VIVK,1.5003999471664429,1.5003999471664429,1.5199999809265137,1.5,1.5047999620437622,14739.0
2024-04-24 15:54:00,VKTX,65.36000061035156,65.36000061035156,65.4000015258789,65.0521011352539,65.13999938964844,32392.0
2024-04-24 15:54:00,VLCN,0.2558000087738037,0.2558000087738037,0.2558000087738037,0.2549000084400177,0.2549000084400177,500.0
2024-04-24 15:54:00,VLGEA,27.68000030517578,27.68000030517578,27.68000030517578,27.68000030517578,27.68000030517578,199.0
2024-04-24 15:54:00,VMD,8.09000015258789,8.09000015258789,8.109999656677246,8.09000015258789,8.109999656677246,442.0
2024-04-24 15:54:00,VMEO,3.515000104904175,3.515000104904175,3.5199999809265137,3.515000104904175,3.5199999809265137,6859.0
2024-04-24 15:54:00,VNET,1.565000057220459,1.565000057220459,1.565000057220459,1.559999942779541,1.565000057220459,6341.0
2024-04-24 15:54:00,VNOM,40.02000045776367,40.02000045776367,40.03499984741211,39.97999954223633,39.97999954223633,9300.0
2024-04-24 15:54:00,VOD,8.649999618530273,8.649999618530273,8.65999984741211,8.649999618530273,8.649999618530273,27890.0
2024-04-24 15:54:00,VOR,1.7300000190734863,1.7300000190734863,1.7300000190734863,1.7300000190734863,1.7300000190734863,629.0
2024-04-24 15:54:00,VRCA,6.760000228881836,6.760000228881836,6.760000228881836,6.760000228881836,6.760000228881836,752.0
2024-04-24 15:54:00,VRDN,13.069999694824219,13.069999694824219,13.104999542236328,13.0600004196167,13.100000381469727,5755.0
2024-04-24 15:54:00,VRNA,15.239999771118164,15.239999771118164,15.239999771118164,15.239999771118164,15.239999771118164,2016.0
2024-04-24 15:54:00,VRRM,24.274999618530273,24.274999618530273,24.30500030517578,24.274999618530273,24.290000915527344,15278.0
2024-04-24 15:54:00,VRTX,401.3450012207031,401.3450012207031,401.3450012207031,401.0249938964844,401.0299987792969,6645.0
2024-04-24 15:54:00,VSAT,16.15999984741211,16.15999984741211,16.15999984741211,16.139999389648438,16.145000457763672,14182.0
2024-04-24 15:54:00,VSEC,78.69999694824219,78.69999694824219,78.69999694824219,78.4800033569336,78.4800033569336,1309.0
2024-04-24 15:54:00,VTNR,1.4249999523162842,1.4249999523162842,1.429900050163269,1.4199999570846558,1.4277000427246094,12389.0
2024-04-24 15:54:00,VTRS,11.555000305175781,11.555000305175781,11.5600004196167,11.550000190734863,11.555000305175781,31552.0
2024-04-24 15:54:00,VUZI,1.3300000429153442,1.3300000429153442,1.3300000429153442,1.3200000524520874,1.3200000524520874,1986.0
2024-04-24 15:54:00,VYGR,7.570000171661377,7.570000171661377,7.570000171661377,7.570000171661377,7.570000171661377,936.0
2024-04-24 15:54:00,WABC,47.95000076293945,47.95000076293945,47.95000076293945,47.88999938964844,47.88999938964844,460.0
2024-04-24 15:54:00,WAFD,28.450000762939453,28.450000762939453,28.450000762939453,28.3799991607666,28.399999618530273,9161.0
2024-04-24 15:54:00,WALD,5.309999942779541,5.309999942779541,5.309999942779541,5.275000095367432,5.275000095367432,1913.0
2024-04-24 15:54:00,WALDW,0.44999998807907104,0.44999998807907104,0.44999998807907104,0.44999998807907104,0.44999998807907104,900.0
2024-04-24 15:54:00,WASH,26.440000534057617,26.440000534057617,26.454999923706055,26.43549919128418,26.43549919128418,6226.0
2024-04-24 15:54:00,WB,8.505000114440918,8.505000114440918,8.510000228881836,8.484999656677246,8.484999656677246,27085.0
2024-04-24 15:54:00,WBA,17.844999313354492,17.844999313354492,17.875,17.841999053955078,17.875,102457.0
2024-04-24 15:54:00,WBD,8.390000343322754,8.390000343322754,8.390000343322754,8.370100021362305,8.371100425720215,68160.0
2024-04-24 15:54:00,WDAY,255.8699951171875,255.8699951171875,256.1000061035156,255.85000610351562,256.0950012207031,22885.0
2024-04-24 15:54:00,WDC,69.54000091552734,69.54000091552734,69.62000274658203,69.48500061035156,69.61000061035156,42987.0
2024-04-24 15:54:00,WDFC,227.02000427246094,227.02000427246094,227.07000732421875,227.0,227.00999450683594,3592.0
2024-04-24 15:54:00,WEN,19.844999313354492,19.844999313354492,19.850000381469727,19.829999923706055,19.829999923706055,20804.0
2024-04-24 15:54:00,WERN,35.38999938964844,35.38999938964844,35.41999816894531,35.33000183105469,35.34000015258789,19201.0
2024-04-24 15:54:00,WEST,10.005000114440918,10.005000114440918,10.005000114440918,10.005000114440918,10.005000114440918,340.0
2024-04-24 15:54:00,WFRD,124.8115005493164,124.8115005493164,124.83000183105469,124.71499633789062,124.77999877929688,10645.0
2024-04-24 15:54:00,WHF,13.119999885559082,13.119999885559082,13.119999885559082,12.960000038146973,12.979999542236328,18536.0
2024-04-24 15:54:00,WIMI,1.1050000190734863,1.1050000190734863,1.114300012588501,1.100000023841858,1.1100000143051147,13914.0
2024-04-24 15:54:00,WINA,372.67999267578125,372.67999267578125,372.67999267578125,372.67999267578125,372.67999267578125,842.0
2024-04-24 15:54:00,WING,364.0199890136719,364.0199890136719,364.9800109863281,364.0199890136719,364.6099853515625,10259.0
2024-04-24 15:54:00,WISA,6.03000020980835,6.03000020980835,6.039999961853027,6.019999980926514,6.039999961853027,640.0
2024-04-24 15:54:00,WIX,121.65499877929688,121.65499877929688,121.65499877929688,121.5999984741211,121.61000061035156,1743.0
2024-04-24 15:54:00,WKHS,0.1606999933719635,0.1606999933719635,0.1607999950647354,0.1606999933719635,0.1606999933719635,30175.0
2024-04-24 15:54:00,WKME,7.949999809265137,7.949999809265137,7.949999809265137,7.940000057220459,7.940000057220459,2749.0
2024-04-24 15:54:00,WLDN,27.979999542236328,27.979999542236328,27.979999542236328,27.979999542236328,27.979999542236328,316.0
2024-04-24 15:54:00,WMG,32.04499816894531,32.04499816894531,32.04999923706055,32.025001525878906,32.029998779296875,14534.0
2024-04-24 15:54:00,WSBC,28.389999389648438,28.389999389648438,28.43000030517578,28.354999542236328,28.354999542236328,9338.0
2024-04-24 15:54:00,WSBF,12.34000015258789,12.34000015258789,12.34000015258789,12.34000015258789,12.34000015258789,355.0
2024-04-24 15:54:00,WSC,38.19499969482422,38.19499969482422,38.22999954223633,38.19499969482422,38.209999084472656,20039.0
2024-04-24 15:54:00,WSFS,45.20000076293945,45.20000076293945,45.20000076293945,45.130001068115234,45.130001068115234,1995.0
2024-04-24 15:54:00,WTFC,100.19999694824219,100.19999694824219,100.2699966430664,100.19999694824219,100.2300033569336,2330.0
2024-04-24 15:54:00,WTW,264.7900085449219,264.7900085449219,264.8999938964844,264.4800109863281,264.489990234375,17239.0
2024-04-24 15:54:00,WVE,5.010000228881836,5.010000228881836,5.019999980926514,5.010000228881836,5.014999866485596,3461.0
2024-04-24 15:54:00,WW,1.6649999618530273,1.6649999618530273,1.6649999618530273,1.6649999618530273,1.6649999618530273,19208.0
2024-04-24 15:54:00,WWD,149.28500366210938,149.28500366210938,149.30999755859375,149.0800018310547,149.0800018310547,7231.0
2024-04-24 15:54:00,WYNN,97.19000244140625,97.19000244140625,97.2249984741211,97.12999725341797,97.19000244140625,11570.0
2024-04-24 15:54:00,XEL,55.33000183105469,55.33000183105469,55.404998779296875,55.33000183105469,55.38999938964844,104936.0
2024-04-24 15:54:00,XENE,39.45000076293945,39.45000076293945,39.540000915527344,39.439998626708984,39.540000915527344,9337.0
2024-04-24 15:54:00,XERS,1.7549999952316284,1.7549999952316284,1.7599999904632568,1.7549999952316284,1.7549999952316284,1142.0
2024-04-24 15:54:00,XFOR,1.274999976158142,1.274999976158142,1.2799999713897705,1.274999976158142,1.2799999713897705,3294.0
2024-04-24 15:54:00,XMTR,16.829999923706055,16.829999923706055,16.850000381469727,16.809999465942383,16.850000381469727,5632.0
2024-04-24 15:54:00,XNCR,19.059999465942383,19.059999465942383,19.06999969482422,19.059999465942383,19.059999465942383,2697.0
2024-04-24 15:54:00,XP,20.584999084472656,20.584999084472656,20.59000015258789,20.56999969482422,20.575000762939453,57405.0
2024-04-24 15:54:00,XPEL,55.79999923706055,55.79999923706055,55.79999923706055,55.755001068115234,55.755001068115234,1811.0
2024-04-24 15:54:00,XRX,14.385000228881836,14.385000228881836,14.385000228881836,14.359999656677246,14.364999771118164,53547.0
2024-04-24 15:54:00,YMAB,15.244999885559082,15.244999885559082,15.244999885559082,15.21500015258789,15.229999542236328,2709.0
2024-04-24 15:54:00,YTEN,0.23829999566078186,0.23829999566078186,0.23829999566078186,0.23819999396800995,0.23819999396800995,5309.0
2024-04-24 15:54:00,Z,43.51499938964844,43.51499938964844,43.599998474121094,43.5099983215332,43.560001373291016,27667.0
2024-04-24 15:54:00,ZBRA,278.11749267578125,278.11749267578125,278.1700134277344,278.07000732421875,278.1400146484375,2380.0
2024-04-24 15:54:00,ZCMD,1.5800000429153442,1.5800000429153442,1.5800000429153442,1.559999942779541,1.559999942779541,1337.0
2024-04-24 15:54:00,ZD,52.400001525878906,52.400001525878906,52.43000030517578,52.369998931884766,52.380001068115234,7442.0
2024-04-24 15:54:00,ZG,42.959999084472656,42.959999084472656,43.029998779296875,42.959999084472656,43.0,6384.0
2024-04-24 15:54:00,ZI,15.885000228881836,15.885000228881836,15.885000228881836,15.869999885559082,15.875,19380.0
2024-04-24 15:54:00,ZIMV,15.824999809265137,15.824999809265137,15.824999809265137,15.819999694824219,15.819999694824219,1138.0
2024-04-24 15:54:00,ZION,42.15999984741211,42.15999984741211,42.17499923706055,42.150001525878906,42.17499923706055,14135.0
2024-04-24 15:54:00,ZLAB,15.630000114440918,15.630000114440918,15.630000114440918,15.630000114440918,15.630000114440918,1402.0
2024-04-24 15:54:00,ZM,61.56999969482422,61.56999969482422,61.56999969482422,61.474998474121094,61.48749923706055,24625.0
2024-04-24 15:54:00,ZNTL,11.789999961853027,11.789999961853027,11.789999961853027,11.789999961853027,11.789999961853027,1481.0
2024-04-24 15:54:00,ZS,177.77000427246094,177.77000427246094,178.1199951171875,177.77000427246094,178.02999877929688,18828.0
2024-04-24 15:54:00,ZTEK,1.1100000143051147,1.1100000143051147,1.1100000143051147,1.1100000143051147,1.1100000143051147,0.0
2024-04-24 15:54:00,ZUMZ,17.15999984741211,17.15999984741211,17.15999984741211,17.139999389648438,17.15999984741211,2966.0
2024-04-24 15:54:00,ZURA,3.2899999618530273,3.2899999618530273,3.2899999618530273,3.2699999809265137,3.2699999809265137,6246.0
2024-04-24 15:54:00,ZVRA,4.554999828338623,4.554999828338623,4.559999942779541,4.550000190734863,4.550099849700928,8448.0
2024-04-24 15:54:00,ZYME,8.539999961853027,8.539999961853027,8.539999961853027,8.520000457763672,8.53499984741211,3480.0
2024-04-24 15:55:00,COCO,24.200000762939453,24.200000762939453,24.20800018310547,24.170000076293945,24.170000076293945,3015.0
2024-04-24 15:55:00,DIBS,5.349999904632568,5.349999904632568,5.349999904632568,5.349999904632568,5.349999904632568,211.0
2024-04-24 15:55:00,DSP,8.604999542236328,8.604999542236328,8.619999885559082,8.600000381469727,8.619999885559082,1814.0
2024-04-24 15:55:00,EGHT,2.359999895095825,2.359999895095825,2.359999895095825,2.3517000675201416,2.3517000675201416,3376.0
2024-04-24 15:55:00,ETNB,8.5600004196167,8.5600004196167,8.579999923706055,8.5600004196167,8.579999923706055,13693.0
2024-04-24 15:55:00,FDMT,24.309999465942383,24.309999465942383,24.309999465942383,24.28499984741211,24.28499984741211,1263.0
2024-04-24 15:55:00,FLWS,9.210000038146973,9.210000038146973,9.210000038146973,9.199999809265137,9.210000038146973,5357.0
2024-04-24 15:55:00,FREE,4.815000057220459,4.815000057220459,4.815000057220459,4.815000057220459,4.815000057220459,265.0
2024-04-24 15:55:00,MAPS,1.1050000190734863,1.1050000190734863,1.1100000143051147,1.100000023841858,1.100000023841858,3240.0
2024-04-24 15:55:00,MASS,5.610000133514404,5.610000133514404,5.610000133514404,5.610000133514404,5.610000133514404,582.0
2024-04-24 15:55:00,ME,0.4708999991416931,0.4708999991416931,0.4713999927043915,0.4708999991416931,0.4713999927043915,28623.0
2024-04-24 15:55:00,SCWO,1.3799999952316284,1.3799999952316284,1.3799999952316284,1.3799999952316284,1.3799999952316284,51.0
2024-04-24 15:55:00,SEAT,5.894999980926514,5.894999980926514,5.900000095367432,5.894999980926514,5.894999980926514,4773.0
2024-04-24 15:55:00,TSVT,4.275000095367432,4.275000095367432,4.275000095367432,4.269999980926514,4.271699905395508,3446.0
2024-04-24 15:55:00,TURN,3.940000057220459,3.940000057220459,3.940000057220459,3.940000057220459,3.940000057220459,86.0
2024-04-24 15:55:00,TWOU,0.24549999833106995,0.24549999833106995,0.24560000002384186,0.24539999663829803,0.24549999833106995,152174.0
2024-04-24 15:55:00,TXG,27.53499984741211,27.53499984741211,27.549999237060547,27.510000228881836,27.520000457763672,8292.0
2024-04-24 15:55:00,VC,111.80000305175781,111.80000305175781,111.80000305175781,111.58999633789062,111.79000091552734,8716.0
2024-04-24 15:55:00,VCTR,49.86000061035156,49.86000061035156,49.880001068115234,49.84000015258789,49.880001068115234,5203.0
2024-04-24 15:55:00,VERU,1.3350000381469727,1.3350000381469727,1.340000033378601,1.3300000429153442,1.3300000429153442,17783.0
2024-04-24 15:55:00,VERV,6.619999885559082,6.619999885559082,6.619999885559082,6.599999904632568,6.610000133514404,6776.0
2024-04-24 15:55:00,VERX,28.90999984741211,28.90999984741211,28.93000030517578,28.8799991607666,28.889999389648438,10557.0
2024-04-24 15:55:00,VFF,1.3300000429153442,1.3300000429153442,1.3300000429153442,1.3250000476837158,1.3300000429153442,2740.0
2024-04-24 15:55:00,VFS,2.490000009536743,2.490000009536743,2.494999885559082,2.490000009536743,2.490000009536743,14794.0
2024-04-24 15:55:00,VIA,10.859999656677246,10.859999656677246,10.859999656677246,10.859999656677246,10.859999656677246,3595.0
2024-04-24 15:55:00,VIAV,7.994999885559082,7.994999885559082,8.0,7.991000175476074,8.0,6038.0
2024-04-24 15:55:00,VICR,31.969999313354492,31.969999313354492,32.07500076293945,31.899999618530273,32.07500076293945,7144.0
2024-04-24 15:55:00,VIGL,2.740000009536743,2.740000009536743,2.740000009536743,2.740000009536743,2.740000009536743,303.0
2024-04-24 15:55:00,VIR,8.055000305175781,8.055000305175781,8.055000305175781,8.055000305175781,8.055000305175781,3435.0
2024-04-24 15:55:00,VIRC,10.65999984741211,10.65999984741211,10.6850004196167,10.65999984741211,10.6850004196167,2303.0
2024-04-24 15:55:00,VIRT,21.834999084472656,21.834999084472656,21.934999465942383,21.834199905395508,21.934999465942383,24160.0
2024-04-24 15:55:00,VITL,26.65999984741211,26.65999984741211,26.709999084472656,26.649999618530273,26.709999084472656,14664.0
2024-04-24 15:55:00,VKTX,65.22000122070312,65.22000122070312,65.36000061035156,65.20999908447266,65.36000061035156,27276.0
2024-04-24 15:55:00,VLCN,0.2581000030040741,0.2581000030040741,0.2581000030040741,0.25619998574256897,0.25619998574256897,17804.0
2024-04-24 15:55:00,VLGEA,27.479999542236328,27.479999542236328,27.479999542236328,27.479999542236328,27.479999542236328,304.0
2024-04-24 15:55:00,VMEO,3.515000104904175,3.515000104904175,3.5199999809265137,3.515000104904175,3.515000104904175,12214.0
2024-04-24 15:55:00,VNET,1.565000057220459,1.565000057220459,1.565000057220459,1.565000057220459,1.565000057220459,4675.0
2024-04-24 15:55:00,VNOM,39.95500183105469,39.95500183105469,40.02000045776367,39.93000030517578,40.0099983215332,13116.0
2024-04-24 15:55:00,VOD,8.65999984741211,8.65999984741211,8.65999984741211,8.654999732971191,8.65999984741211,15429.0
2024-04-24 15:55:00,VOR,1.7450000047683716,1.7450000047683716,1.75,1.7300000190734863,1.7300000190734863,13411.0
2024-04-24 15:55:00,VOXR,2.059999942779541,2.059999942779541,2.059999942779541,2.059999942779541,2.059999942779541,2083.0
2024-04-24 15:55:00,VRDN,13.029999732971191,13.029999732971191,13.104999542236328,12.989999771118164,13.079999923706055,25794.0
2024-04-24 15:55:00,VRNA,15.229999542236328,15.229999542236328,15.239999771118164,15.220000267028809,15.220000267028809,4130.0
2024-04-24 15:55:00,VRRM,24.290000915527344,24.290000915527344,24.30500030517578,24.280000686645508,24.280000686645508,8965.0
2024-04-24 15:55:00,VRTS,234.55999755859375,234.55999755859375,234.55999755859375,234.55999755859375,234.55999755859375,1077.0
2024-04-24 15:55:00,VRTX,401.2099914550781,401.2099914550781,401.5400085449219,401.04998779296875,401.5400085449219,8251.0
2024-04-24 15:55:00,VSAT,16.18000030517578,16.18000030517578,16.184999465942383,16.170000076293945,16.170000076293945,4278.0
2024-04-24 15:55:00,VSEC,78.72000122070312,78.72000122070312,78.72000122070312,78.69999694824219,78.69999694824219,1535.0
2024-04-24 15:55:00,VTGN,4.75,4.75,4.75,4.739999771118164,4.75,9496.0
2024-04-24 15:55:00,VTNR,1.429900050163269,1.429900050163269,1.429900050163269,1.4199999570846558,1.4225000143051147,12386.0
2024-04-24 15:55:00,VTRS,11.539999961853027,11.539999961853027,11.555000305175781,11.539999961853027,11.555000305175781,87611.0
2024-04-24 15:55:00,VTSI,12.300000190734863,12.300000190734863,12.319999694824219,12.289999961853027,12.319999694824219,1652.0
2024-04-24 15:55:00,VUZI,1.3300000429153442,1.3300000429153442,1.3300000429153442,1.3224999904632568,1.3300000429153442,2571.0
2024-04-24 15:55:00,VVPR,3.6449999809265137,3.6449999809265137,3.6449999809265137,3.6449999809265137,3.6449999809265137,300.0
2024-04-24 15:55:00,VYGR,7.570000171661377,7.570000171661377,7.579999923706055,7.559999942779541,7.570000171661377,2422.0
2024-04-24 15:55:00,WABC,47.952999114990234,47.952999114990234,47.959999084472656,47.952999114990234,47.959999084472656,817.0
2024-04-24 15:55:00,WAFD,28.43000030517578,28.43000030517578,28.479999542236328,28.43000030517578,28.459999084472656,12207.0
2024-04-24 15:55:00,WALD,5.304999828338623,5.304999828338623,5.309999942779541,5.304999828338623,5.309999942779541,776.0
2024-04-24 15:55:00,WASH,26.43000030517578,26.43000030517578,26.440000534057617,26.43000030517578,26.440000534057617,1078.0
2024-04-24 15:55:00,WB,8.505000114440918,8.505000114440918,8.510000228881836,8.503999710083008,8.505000114440918,14002.0
2024-04-24 15:55:00,WBA,17.834999084472656,17.834999084472656,17.850000381469727,17.829999923706055,17.850000381469727,70723.0
2024-04-24 15:55:00,WBD,8.385000228881836,8.385000228881836,8.395000457763672,8.380000114440918,8.390000343322754,227617.0
2024-04-24 15:55:00,WDAY,255.5500030517578,255.5500030517578,255.83999633789062,255.4600067138672,255.82000732421875,13989.0
2024-04-24 15:55:00,WDC,69.55000305175781,69.55000305175781,69.5999984741211,69.54000091552734,69.55000305175781,34815.0
2024-04-24 15:55:00,WDFC,227.07000732421875,227.07000732421875,227.14999389648438,226.88999938964844,226.88999938964844,3902.0
2024-04-24 15:55:00,WEN,19.834999084472656,19.834999084472656,19.850000381469727,19.81999969482422,19.844999313354492,81966.0
2024-04-24 15:55:00,WERN,35.38999938964844,35.38999938964844,35.38999938964844,35.349998474121094,35.380001068115234,4439.0
2024-04-24 15:55:00,WEST,10.005000114440918,10.005000114440918,10.005000114440918,10.005000114440918,10.005000114440918,803.0
2024-04-24 15:55:00,WFRD,124.62000274658203,124.62000274658203,124.84500122070312,124.47000122070312,124.84500122070312,13232.0
2024-04-24 15:55:00,WHF,12.979999542236328,12.979999542236328,13.045000076293945,12.979999542236328,13.029999732971191,1353.0
2024-04-24 15:55:00,WHLM,6.340000152587891,6.340000152587891,6.349999904632568,6.340000152587891,6.340000152587891,1306.0
2024-04-24 15:55:00,WIMI,1.1100000143051147,1.1100000143051147,1.125,1.1050000190734863,1.1100000143051147,35220.0
2024-04-24 15:55:00,WING,363.6600036621094,363.6600036621094,364.05499267578125,363.5799865722656,363.8399963378906,4875.0
2024-04-24 15:55:00,WINT,5.164299964904785,5.164299964904785,5.164299964904785,5.164299964904785,5.164299964904785,515.0
2024-04-24 15:55:00,WISA,5.993500232696533,5.993500232696533,6.0,5.989999771118164,6.0,10092.0
2024-04-24 15:55:00,WIX,122.0,122.0,122.0,121.65499877929688,121.66999816894531,10201.0
2024-04-24 15:55:00,WKHS,0.1606999933719635,0.1606999933719635,0.1607999950647354,0.1606999933719635,0.1607999950647354,10929.0
2024-04-24 15:55:00,WKME,7.949999809265137,7.949999809265137,7.949999809265137,7.949999809265137,7.949999809265137,348.0
2024-04-24 15:55:00,WLDN,27.985000610351562,27.985000610351562,27.985000610351562,27.985000610351562,27.985000610351562,455.0
2024-04-24 15:55:00,WMG,32.0099983215332,32.0099983215332,32.040000915527344,32.0099983215332,32.040000915527344,17610.0
2024-04-24 15:55:00,WSBC,28.350000381469727,28.350000381469727,28.360000610351562,28.299999237060547,28.360000610351562,7203.0
2024-04-24 15:55:00,WSBF,12.319999694824219,12.319999694824219,12.329999923706055,12.319999694824219,12.329999923706055,2058.0
2024-04-24 15:55:00,WSC,38.20000076293945,38.20000076293945,38.220001220703125,38.16999816894531,38.20000076293945,19065.0
2024-04-24 15:55:00,WSFS,45.130001068115234,45.130001068115234,45.22999954223633,45.130001068115234,45.22999954223633,6722.0
2024-04-24 15:55:00,WTFC,100.1500015258789,100.1500015258789,100.2699966430664,100.13999938964844,100.13999938964844,4934.0
2024-04-24 15:55:00,WTW,264.4700012207031,264.4700012207031,264.7699890136719,264.4700012207031,264.7699890136719,8752.0
2024-04-24 15:55:00,WVE,5.0,5.0,5.0,4.994999885559082,5.0,1327.0
2024-04-24 15:55:00,WW,1.659999966621399,1.659999966621399,1.6649999618530273,1.659999966621399,1.6649999618530273,3145.0
2024-04-24 15:55:00,WWD,149.44000244140625,149.44000244140625,149.61500549316406,149.33999633789062,149.33999633789062,6531.0
2024-04-24 15:55:00,WYNN,97.23500061035156,97.23500061035156,97.30000305175781,97.18000030517578,97.2300033569336,21151.0
2024-04-24 15:55:00,XBIT,8.020000457763672,8.020000457763672,8.020000457763672,8.020000457763672,8.020000457763672,327.0
2024-04-24 15:55:00,XEL,55.39500045776367,55.39500045776367,55.459999084472656,55.33000183105469,55.33000183105469,80065.0
2024-04-24 15:55:00,XENE,39.439998626708984,39.439998626708984,39.439998626708984,39.38999938964844,39.43000030517578,2722.0
2024-04-24 15:55:00,XERS,1.75,1.75,1.7599999904632568,1.75,1.7599999904632568,1144.0
2024-04-24 15:55:00,XFOR,1.2799999713897705,1.2799999713897705,1.2799999713897705,1.274999976158142,1.2799999713897705,9101.0
2024-04-24 15:55:00,XLO,1.059999942779541,1.059999942779541,1.059999942779541,1.059999942779541,1.059999942779541,1000.0
2024-04-24 15:55:00,XMTR,16.825000762939453,16.825000762939453,16.83099937438965,16.820999145507812,16.829999923706055,2938.0
2024-04-24 15:55:00,XNCR,19.010000228881836,19.010000228881836,19.040000915527344,19.010000228881836,19.040000915527344,4646.0
2024-04-24 15:55:00,XP,20.625,20.625,20.635000228881836,20.584999084472656,20.584999084472656,69581.0
2024-04-24 15:55:00,XPEL,55.772499084472656,55.772499084472656,55.80500030517578,55.72999954223633,55.80500030517578,2937.0
2024-04-24 15:55:00,XRX,14.385000228881836,14.385000228881836,14.430000305175781,14.385000228881836,14.385000228881836,58965.0
2024-04-24 15:55:00,XXII,1.8600000143051147,1.8600000143051147,1.8600000143051147,1.8600000143051147,1.8600000143051147,356.0
2024-04-24 15:55:00,YMAB,15.300000190734863,15.300000190734863,15.300000190734863,15.279999732971191,15.279999732971191,1109.0
2024-04-24 15:55:00,YORW,35.5,35.5,35.5,35.5,35.5,1349.0
2024-04-24 15:55:00,YS,0.8100000023841858,0.8100000023841858,0.8100000023841858,0.8098999857902527,0.8098999857902527,24068.0
2024-04-24 15:55:00,YTEN,0.22220000624656677,0.22220000624656677,0.2378000020980835,0.22220000624656677,0.23739999532699585,27500.0
2024-04-24 15:55:00,Z,43.45000076293945,43.45000076293945,43.52000045776367,43.45000076293945,43.5099983215332,19508.0
2024-04-24 15:55:00,ZAPP,3.9100000858306885,3.9100000858306885,3.9100000858306885,3.9100000858306885,3.9100000858306885,262.0
2024-04-24 15:55:00,ZBRA,278.05999755859375,278.05999755859375,278.1000061035156,278.05999755859375,278.1000061035156,1871.0
2024-04-24 15:55:00,ZD,52.30500030517578,52.30500030517578,52.369998931884766,52.30500030517578,52.369998931884766,4799.0
2024-04-24 15:55:00,ZFOX,1.1399999856948853,1.1399999856948853,1.1399999856948853,1.1399999856948853,1.1399999856948853,100.0
2024-04-24 15:55:00,ZG,42.900001525878906,42.900001525878906,42.959999084472656,42.900001525878906,42.95000076293945,7150.0
2024-04-24 15:55:00,ZI,15.890000343322754,15.890000343322754,15.895000457763672,15.885000228881836,15.890000343322754,21500.0
2024-04-24 15:55:00,ZIMV,15.819999694824219,15.819999694824219,15.829999923706055,15.819999694824219,15.829999923706055,2144.0
2024-04-24 15:55:00,ZION,42.20000076293945,42.20000076293945,42.220001220703125,42.15999984741211,42.15999984741211,22221.0
2024-04-24 15:55:00,ZLAB,15.630000114440918,15.630000114440918,15.649999618530273,15.630000114440918,15.630000114440918,1484.0
2024-04-24 15:55:00,ZM,61.58000183105469,61.58000183105469,61.650001525878906,61.56999969482422,61.619998931884766,40559.0
2024-04-24 15:55:00,ZNTL,11.800000190734863,11.800000190734863,11.800000190734863,11.789999961853027,11.800000190734863,10565.0
2024-04-24 15:55:00,ZS,177.57000732421875,177.57000732421875,177.7899932861328,177.51100158691406,177.7899932861328,21603.0
2024-04-24 15:55:00,ZUMZ,17.15999984741211,17.15999984741211,17.15999984741211,17.15999984741211,17.15999984741211,2253.0
2024-04-24 15:55:00,ZURA,3.2899999618530273,3.2899999618530273,3.2899999618530273,3.2899999618530273,3.2899999618530273,2107.0
2024-04-24 15:55:00,ZVRA,4.554999828338623,4.554999828338623,4.554999828338623,4.554999828338623,4.554999828338623,811.0
2024-04-24 15:55:00,ZVSA,0.6100000143051147,0.6100000143051147,0.6100000143051147,0.6100000143051147,0.6100000143051147,2015.0
2024-04-24 15:55:00,ZYME,8.550000190734863,8.550000190734863,8.550000190734863,8.529999732971191,8.539999961853027,1932.0
2024-04-24 15:55:00,ZYXI,11.229999542236328,11.229999542236328,11.229999542236328,11.220000267028809,11.220000267028809,4070.0
2024-04-24 15:56:00,CNET,0.9937999844551086,0.9937999844551086,0.9937999844551086,0.9937999844551086,0.9937999844551086,264.0
2024-04-24 15:56:00,COCO,24.200000762939453,24.200000762939453,24.208999633789062,24.190000534057617,24.197399139404297,2251.0
2024-04-24 15:56:00,DIBS,5.348299980163574,5.348299980163574,5.349999904632568,5.348299980163574,5.349999904632568,1554.0
2024-04-24 15:56:00,DSP,8.604999542236328,8.604999542236328,8.604999542236328,8.600000381469727,8.600000381469727,830.0
2024-04-24 15:56:00,EGHT,2.3550000190734863,2.3550000190734863,2.359999895095825,2.3550000190734863,2.3550000190734863,1144.0
2024-04-24 15:56:00,ETNB,8.5649995803833,8.5649995803833,8.569999694824219,8.5600004196167,8.5649995803833,8589.0
2024-04-24 15:56:00,FDMT,24.260000228881836,24.260000228881836,24.299999237060547,24.260000228881836,24.290000915527344,5673.0
2024-04-24 15:56:00,FLWS,9.270000457763672,9.270000457763672,9.279999732971191,9.199999809265137,9.199999809265137,26621.0
2024-04-24 15:56:00,FREE,4.815000057220459,4.815000057220459,4.820000171661377,4.815000057220459,4.820000171661377,349.0
2024-04-24 15:56:00,HOWL,6.380000114440918,6.380000114440918,6.380000114440918,6.370999813079834,6.370999813079834,1201.0
2024-04-24 15:56:00,MAPS,1.1100000143051147,1.1100000143051147,1.1100000143051147,1.100100040435791,1.1100000143051147,4141.0
2024-04-24 15:56:00,MASS,5.610000133514404,5.610000133514404,5.610000133514404,5.605000019073486,5.605000019073486,1193.0
2024-04-24 15:56:00,ME,0.46650001406669617,0.46650001406669617,0.4699999988079071,0.46639999747276306,0.4699999988079071,59888.0
2024-04-24 15:56:00,SEAT,5.894999980926514,5.894999980926514,5.900000095367432,5.894999980926514,5.894999980926514,3397.0
2024-04-24 15:56:00,SRCE,50.91999816894531,50.91999816894531,50.97999954223633,50.91999816894531,50.97999954223633,677.0
2024-04-24 15:56:00,TSVT,4.28000020980835,4.28000020980835,4.284999847412109,4.275000095367432,4.275000095367432,7280.0
2024-04-24 15:56:00,TWOU,0.24549999833106995,0.24549999833106995,0.24549999833106995,0.24539999663829803,0.24549999833106995,161132.0
2024-04-24 15:56:00,TXG,27.530000686645508,27.530000686645508,27.55500030517578,27.530000686645508,27.540000915527344,13995.0
2024-04-24 15:56:00,VC,111.62000274658203,111.62000274658203,111.83999633789062,111.58000183105469,111.79000091552734,5672.0
2024-04-24 15:56:00,VCTR,49.959999084472656,49.959999084472656,49.970001220703125,49.8650016784668,49.8650016784668,13827.0
2024-04-24 15:56:00,VERU,1.3300000429153442,1.3300000429153442,1.337499976158142,1.3300000429153442,1.3350000381469727,9824.0
2024-04-24 15:56:00,VERV,6.599999904632568,6.599999904632568,6.619999885559082,6.599999904632568,6.614999771118164,9085.0
2024-04-24 15:56:00,VERX,28.899999618530273,28.899999618530273,28.90999984741211,28.8799991607666,28.902000427246094,14561.0
2024-04-24 15:56:00,VFF,1.3300000429153442,1.3300000429153442,1.3300000429153442,1.3250000476837158,1.3300000429153442,9354.0
2024-04-24 15:56:00,VFS,2.494999885559082,2.494999885559082,2.5,2.484999895095825,2.484999895095825,32976.0
2024-04-24 15:56:00,VIAV,7.989999771118164,7.989999771118164,7.994999885559082,7.989999771118164,7.994999885559082,4901.0
2024-04-24 15:56:00,VICR,31.934999465942383,31.934999465942383,31.934999465942383,31.8799991607666,31.920000076293945,5504.0
2024-04-24 15:56:00,VINC,0.9300000071525574,0.9300000071525574,0.9300000071525574,0.9300000071525574,0.9300000071525574,1200.0
2024-04-24 15:56:00,VIR,8.045000076293945,8.045000076293945,8.055000305175781,8.045000076293945,8.055000305175781,6800.0
2024-04-24 15:56:00,VIRC,10.6899995803833,10.6899995803833,10.6899995803833,10.670000076293945,10.670000076293945,739.0
2024-04-24 15:56:00,VIRT,21.84749984741211,21.84749984741211,21.84749984741211,21.829999923706055,21.834999084472656,17927.0
2024-04-24 15:56:00,VITL,26.65999984741211,26.65999984741211,26.670000076293945,26.65999984741211,26.670000076293945,1133.0
2024-04-24 15:56:00,VIVK,1.5199999809265137,1.5199999809265137,1.5199999809265137,1.5199999809265137,1.5199999809265137,2607.0
2024-04-24 15:56:00,VKTX,65.41500091552734,65.41500091552734,65.44940185546875,65.22000122070312,65.22000122070312,27377.0
2024-04-24 15:56:00,VLCN,0.258899986743927,0.258899986743927,0.2590000033378601,0.2572000026702881,0.2572000026702881,8589.0
2024-04-24 15:56:00,VMEO,3.5199999809265137,3.5199999809265137,3.5199999809265137,3.5106000900268555,3.515000104904175,15942.0
2024-04-24 15:56:00,VNET,1.565000057220459,1.565000057220459,1.565000057220459,1.565000057220459,1.565000057220459,3830.0
2024-04-24 15:56:00,VNOM,39.96500015258789,39.96500015258789,39.974998474121094,39.959999084472656,39.959999084472656,9703.0
2024-04-24 15:56:00,VOD,8.65999984741211,8.65999984741211,8.65999984741211,8.650099754333496,8.654999732971191,8433.0
2024-04-24 15:56:00,VRCA,6.755000114440918,6.755000114440918,6.769999980926514,6.739999771118164,6.739999771118164,1551.0
2024-04-24 15:56:00,VRDN,13.050000190734863,13.050000190734863,13.050000190734863,13.017499923706055,13.017499923706055,8430.0
2024-04-24 15:56:00,VRNA,15.199999809265137,15.199999809265137,15.220000267028809,15.170000076293945,15.199999809265137,5110.0
2024-04-24 15:56:00,VRRM,24.292499542236328,24.292499542236328,24.299999237060547,24.290000915527344,24.295000076293945,5442.0
2024-04-24 15:56:00,VRTX,401.05999755859375,401.05999755859375,401.3800048828125,400.5400085449219,401.17999267578125,13920.0
2024-04-24 15:56:00,VSAT,16.155000686645508,16.155000686645508,16.18000030517578,16.149999618530273,16.18000030517578,10317.0
2024-04-24 15:56:00,VTGN,4.739999771118164,4.739999771118164,4.739999771118164,4.739999771118164,4.739999771118164,0.0
2024-04-24 15:56:00,VTNR,1.4249999523162842,1.4249999523162842,1.4287999868392944,1.4249999523162842,1.4249999523162842,10902.0
2024-04-24 15:56:00,VTRS,11.539999961853027,11.539999961853027,11.545299530029297,11.539999961853027,11.545000076293945,34696.0
2024-04-24 15:56:00,VTSI,12.279999732971191,12.279999732971191,12.289999961853027,12.279999732971191,12.289999961853027,1751.0
2024-04-24 15:56:00,VUZI,1.3300000429153442,1.3300000429153442,1.3350000381469727,1.3250000476837158,1.3250000476837158,6801.0
2024-04-24 15:56:00,VYGR,7.579999923706055,7.579999923706055,7.579999923706055,7.565000057220459,7.565000057220459,6967.0
2024-04-24 15:56:00,WABC,47.970001220703125,47.970001220703125,47.970001220703125,47.970001220703125,47.970001220703125,498.0
2024-04-24 15:56:00,WAFD,28.440000534057617,28.440000534057617,28.459999084472656,28.440000534057617,28.440000534057617,5173.0
2024-04-24 15:56:00,WALD,5.300000190734863,5.300000190734863,5.309999942779541,5.269999980926514,5.309999942779541,1600.0
2024-04-24 15:56:00,WB,8.505000114440918,8.505000114440918,8.510000228881836,8.505000114440918,8.505000114440918,4117.0
2024-04-24 15:56:00,WBA,17.815000534057617,17.815000534057617,17.834999084472656,17.809999465942383,17.834999084472656,90884.0
2024-04-24 15:56:00,WBD,8.385000228881836,8.385000228881836,8.390000343322754,8.380000114440918,8.385000228881836,32552.0
2024-04-24 15:56:00,WDAY,255.60000610351562,255.60000610351562,255.69000244140625,255.47000122070312,255.47000122070312,14977.0
2024-04-24 15:56:00,WDC,69.49500274658203,69.49500274658203,69.55000305175781,69.48999786376953,69.55000305175781,50453.0
2024-04-24 15:56:00,WDFC,227.19000244140625,227.19000244140625,227.19000244140625,227.19000244140625,227.19000244140625,252.0
2024-04-24 15:56:00,WEN,19.844999313354492,19.844999313354492,19.844999313354492,19.829999923706055,19.829999923706055,29744.0
2024-04-24 15:56:00,WERN,35.39500045776367,35.39500045776367,35.404998779296875,35.3849983215332,35.3849983215332,9816.0
2024-04-24 15:56:00,WEST,10.010000228881836,10.010000228881836,10.010000228881836,10.010000228881836,10.010000228881836,644.0
2024-04-24 15:56:00,WFRD,124.9800033569336,124.9800033569336,124.9800033569336,124.63999938964844,124.63999938964844,19299.0
2024-04-24 15:56:00,WHF,12.979999542236328,12.979999542236328,12.979999542236328,12.970000267028809,12.970000267028809,1478.0
2024-04-24 15:56:00,WHLM,6.389999866485596,6.389999866485596,6.389999866485596,6.389999866485596,6.389999866485596,1422.0
2024-04-24 15:56:00,WIMI,1.125,1.125,1.1399999856948853,1.1100000143051147,1.1100000143051147,99667.0
2024-04-24 15:56:00,WINA,372.0,372.0,372.0,372.0,372.0,649.0
2024-04-24 15:56:00,WING,363.80999755859375,363.80999755859375,363.80999755859375,363.19500732421875,363.30999755859375,5410.0
2024-04-24 15:56:00,WISA,5.989999771118164,5.989999771118164,5.994999885559082,5.989999771118164,5.989999771118164,1844.0
2024-04-24 15:56:00,WIX,121.90499877929688,121.90499877929688,121.93000030517578,121.73500061035156,121.90499877929688,11222.0
2024-04-24 15:56:00,WKHS,0.1606999933719635,0.1606999933719635,0.1607999950647354,0.1606999933719635,0.1606999933719635,8965.0
2024-04-24 15:56:00,WKME,7.960000038146973,7.960000038146973,7.960000038146973,7.940000057220459,7.940000057220459,1237.0
2024-04-24 15:56:00,WKSP,0.3677000105381012,0.3677000105381012,0.36800000071525574,0.3677000105381012,0.36800000071525574,2068.0
2024-04-24 15:56:00,WLDN,27.985000610351562,27.985000610351562,27.985000610351562,27.985000610351562,27.985000610351562,526.0
2024-04-24 15:56:00,WMG,31.9950008392334,31.9950008392334,32.0099983215332,31.989999771118164,32.005001068115234,22278.0
2024-04-24 15:56:00,WNEB,6.519999980926514,6.519999980926514,6.519999980926514,6.519999980926514,6.519999980926514,172.0
2024-04-24 15:56:00,WPRT,5.639999866485596,5.639999866485596,5.650000095367432,5.630000114440918,5.650000095367432,3337.0
2024-04-24 15:56:00,WRAP,1.9800000190734863,1.9800000190734863,1.98989999294281,1.9800000190734863,1.98989999294281,429.0
2024-04-24 15:56:00,WRLD,137.97999572753906,137.97999572753906,137.97999572753906,137.97999572753906,137.97999572753906,418.0
2024-04-24 15:56:00,WSBC,28.3700008392334,28.3700008392334,28.3700008392334,28.34000015258789,28.34000015258789,1597.0
2024-04-24 15:56:00,WSBF,12.3100004196167,12.3100004196167,12.319999694824219,12.3100004196167,12.319999694824219,1564.0
2024-04-24 15:56:00,WSC,38.20000076293945,38.20000076293945,38.209999084472656,38.185001373291016,38.19499969482422,14602.0
2024-04-24 15:56:00,WSFS,45.13999938964844,45.13999938964844,45.13999938964844,45.13999938964844,45.13999938964844,1034.0
2024-04-24 15:56:00,WTBA,16.719999313354492,16.719999313354492,16.719999313354492,16.719999313354492,16.719999313354492,299.0
2024-04-24 15:56:00,WTFC,100.22000122070312,100.22000122070312,100.2699966430664,100.16000366210938,100.16000366210938,5718.0
2024-04-24 15:56:00,WTW,264.510009765625,264.510009765625,264.6400146484375,264.4700012207031,264.56500244140625,6628.0
2024-04-24 15:56:00,WVE,4.994999885559082,4.994999885559082,4.994999885559082,4.994999885559082,4.994999885559082,507.0
2024-04-24 15:56:00,WW,1.6649999618530273,1.6649999618530273,1.6649999618530273,1.659999966621399,1.6649999618530273,11306.0
2024-04-24 15:56:00,WWD,149.55999755859375,149.55999755859375,149.55999755859375,149.44000244140625,149.5399932861328,10177.0
2024-04-24 15:56:00,WYNN,97.1500015258789,97.1500015258789,97.26000213623047,97.1500015258789,97.25,22523.0
2024-04-24 15:56:00,XEL,55.380001068115234,55.380001068115234,55.404998779296875,55.375,55.38999938964844,62970.0
2024-04-24 15:56:00,XENE,39.54999923706055,39.54999923706055,39.54999923706055,39.45000076293945,39.45000076293945,10026.0
2024-04-24 15:56:00,XERS,1.7549999952316284,1.7549999952316284,1.7599999904632568,1.75,1.7599999904632568,5484.0
2024-04-24 15:56:00,XFOR,1.2799999713897705,1.2799999713897705,1.2799999713897705,1.274999976158142,1.2799999713897705,8416.0
2024-04-24 15:56:00,XLO,1.059999942779541,1.059999942779541,1.059999942779541,1.059999942779541,1.059999942779541,1000.0
2024-04-24 15:56:00,XMTR,16.81999969482422,16.81999969482422,16.829999923706055,16.81999969482422,16.829999923706055,3382.0
2024-04-24 15:56:00,XNCR,19.030000686645508,19.030000686645508,19.030000686645508,19.020000457763672,19.020000457763672,2449.0
2024-04-24 15:56:00,XP,20.625,20.625,20.635000228881836,20.625,20.625,46627.0
2024-04-24 15:56:00,XPEL,55.849998474121094,55.849998474121094,55.849998474121094,55.779998779296875,55.810001373291016,3501.0
2024-04-24 15:56:00,XRX,14.380000114440918,14.380000114440918,14.390000343322754,14.380000114440918,14.385000228881836,28193.0
2024-04-24 15:56:00,YMAB,15.3100004196167,15.3100004196167,15.3100004196167,15.3100004196167,15.3100004196167,200.0
2024-04-24 15:56:00,YTEN,0.23899999260902405,0.23899999260902405,0.23899999260902405,0.23899999260902405,0.23899999260902405,1700.0
2024-04-24 15:56:00,Z,43.45500183105469,43.45500183105469,43.48500061035156,43.439998626708984,43.459999084472656,18510.0
2024-04-24 15:56:00,ZBRA,278.0249938964844,278.0249938964844,278.0249938964844,277.95001220703125,277.989990234375,4116.0
2024-04-24 15:56:00,ZCMD,1.5499999523162842,1.5499999523162842,1.590000033378601,1.5499999523162842,1.590000033378601,5527.0
2024-04-24 15:56:00,ZD,52.30500030517578,52.30500030517578,52.31999969482422,52.30500030517578,52.31999969482422,1842.0
2024-04-24 15:56:00,ZFOX,1.1399999856948853,1.1399999856948853,1.1399999856948853,1.1399999856948853,1.1399999856948853,100.0
2024-04-24 15:56:00,ZG,42.89500045776367,42.89500045776367,42.90999984741211,42.88999938964844,42.88999938964844,4025.0
2024-04-24 15:56:00,ZI,15.890000343322754,15.890000343322754,15.890000343322754,15.885000228881836,15.885000228881836,7420.0
2024-04-24 15:56:00,ZIMV,15.8100004196167,15.8100004196167,15.819999694824219,15.8100004196167,15.819999694824219,1237.0
2024-04-24 15:56:00,ZION,42.20000076293945,42.20000076293945,42.220001220703125,42.19499969482422,42.19499969482422,13074.0
2024-04-24 15:56:00,ZIONP,20.059999465942383,20.059999465942383,20.059999465942383,20.059999465942383,20.059999465942383,10778.0
2024-04-24 15:56:00,ZLAB,15.649999618530273,15.649999618530273,15.649999618530273,15.619999885559082,15.619999885559082,6690.0
2024-04-24 15:56:00,ZM,61.56999969482422,61.56999969482422,61.61000061035156,61.54499816894531,61.58000183105469,31209.0
2024-04-24 15:56:00,ZNTL,11.800000190734863,11.800000190734863,11.800000190734863,11.795000076293945,11.795000076293945,1262.0
2024-04-24 15:56:00,ZS,177.4600067138672,177.4600067138672,177.52000427246094,177.33999633789062,177.52000427246094,14684.0
2024-04-24 15:56:00,ZUMZ,17.150999069213867,17.150999069213867,17.15999984741211,17.150999069213867,17.15999984741211,1361.0
2024-04-24 15:56:00,ZURA,3.299999952316284,3.299999952316284,3.299999952316284,3.2799999713897705,3.2799999713897705,4267.0
2024-04-24 15:56:00,ZVRA,4.565000057220459,4.565000057220459,4.565700054168701,4.554999828338623,4.554999828338623,6196.0
2024-04-24 15:56:00,ZVSA,0.6097999811172485,0.6097999811172485,0.6100000143051147,0.6097999811172485,0.6100000143051147,2215.0
2024-04-24 15:56:00,ZYME,8.550000190734863,8.550000190734863,8.550000190734863,8.539999961853027,8.550000190734863,960.0
2024-04-24 15:56:00,ZYXI,11.220000267028809,11.220000267028809,11.239999771118164,11.220000267028809,11.239999771118164,549.0
2024-04-24 15:57:00,AIXI,1.2350000143051147,1.2350000143051147,1.2350000143051147,1.2350000143051147,1.2350000143051147,1030.0
2024-04-24 15:57:00,COCO,24.209999084472656,24.209999084472656,24.219999313354492,24.209999084472656,24.209999084472656,2989.0
2024-04-24 15:57:00,DSP,8.569999694824219,8.569999694824219,8.604999542236328,8.569999694824219,8.604999542236328,2054.0
2024-04-24 15:57:00,EGHT,2.365000009536743,2.365000009536743,2.367500066757202,2.3550000190734863,2.359999895095825,14454.0
2024-04-24 15:57:00,ETNB,8.595000267028809,8.595000267028809,8.600000381469727,8.5649995803833,8.5649995803833,22891.0
2024-04-24 15:57:00,FDMT,24.260000228881836,24.260000228881836,24.260000228881836,24.2549991607666,24.260000228881836,2373.0
2024-04-24 15:57:00,FLWS,9.239999771118164,9.239999771118164,9.262499809265137,9.239999771118164,9.260000228881836,4900.0
2024-04-24 15:57:00,FREE,4.820000171661377,4.820000171661377,4.820000171661377,4.820000171661377,4.820000171661377,8141.0
2024-04-24 15:57:00,HOWL,6.440000057220459,6.440000057220459,6.440000057220459,6.409999847412109,6.409999847412109,2830.0
2024-04-24 15:57:00,MAPS,1.1050000190734863,1.1050000190734863,1.1100000143051147,1.100000023841858,1.1100000143051147,2734.0
2024-04-24 15:57:00,MASS,5.610000133514404,5.610000133514404,5.610000133514404,5.599999904632568,5.599999904632568,3049.0
2024-04-24 15:57:00,ME,0.4666000008583069,0.4666000008583069,0.46720001101493835,0.46650001406669617,0.46720001101493835,12711.0
2024-04-24 15:57:00,PET,2.2300000190734863,2.2300000190734863,2.2300000190734863,2.2300000190734863,2.2300000190734863,365.0
2024-04-24 15:57:00,SEAT,5.900000095367432,5.900000095367432,5.900000095367432,5.894999980926514,5.894999980926514,5408.0
2024-04-24 15:57:00,TKLF,0.22579999268054962,0.22579999268054962,0.22579999268054962,0.22579999268054962,0.22579999268054962,115.0
2024-04-24 15:57:00,TSVT,4.269999980926514,4.269999980926514,4.275000095367432,4.269999980926514,4.269999980926514,1658.0
2024-04-24 15:57:00,TURN,3.940000057220459,3.940000057220459,3.940000057220459,3.940000057220459,3.940000057220459,347.0
2024-04-24 15:57:00,TWOU,0.24529999494552612,0.24529999494552612,0.24549999833106995,0.24529999494552612,0.24549999833106995,16753.0
2024-04-24 15:57:00,TXG,27.549999237060547,27.549999237060547,27.549999237060547,27.530000686645508,27.530000686645508,10693.0
2024-04-24 15:57:00,VC,111.5199966430664,111.5199966430664,111.6500015258789,111.5199966430664,111.62000274658203,7167.0
2024-04-24 15:57:00,VCTR,50.0099983215332,50.0099983215332,50.0099983215332,49.95000076293945,49.95000076293945,7381.0
2024-04-24 15:57:00,VERU,1.3317999839782715,1.3317999839782715,1.340000033378601,1.3300000429153442,1.3300000429153442,3108.0
2024-04-24 15:57:00,VERV,6.614999771118164,6.614999771118164,6.614999771118164,6.599999904632568,6.605000019073486,12163.0
2024-04-24 15:57:00,VERX,28.920000076293945,28.920000076293945,28.920000076293945,28.891000747680664,28.892499923706055,17629.0
2024-04-24 15:57:00,VFF,1.3300000429153442,1.3300000429153442,1.3300000429153442,1.3299000263214111,1.3299000263214111,3205.0
2024-04-24 15:57:00,VFS,2.5,2.5,2.5,2.494999885559082,2.494999885559082,5507.0
2024-04-24 15:57:00,VIAV,7.994999885559082,7.994999885559082,8.0,7.989999771118164,7.994999885559082,8494.0
2024-04-24 15:57:00,VICR,31.90999984741211,31.90999984741211,31.979999542236328,31.90999984741211,31.950000762939453,6819.0
2024-04-24 15:57:00,VIGL,2.7699999809265137,2.7699999809265137,2.7699999809265137,2.740000009536743,2.740000009536743,492.0
2024-04-24 15:57:00,VINC,0.9398999810218811,0.9398999810218811,0.9398999810218811,0.9398999810218811,0.9398999810218811,100.0
2024-04-24 15:57:00,VIR,8.050000190734863,8.050000190734863,8.050000190734863,8.045000076293945,8.045000076293945,2297.0
2024-04-24 15:57:00,VIRC,10.640000343322754,10.640000343322754,10.670000076293945,10.640000343322754,10.670000076293945,986.0
2024-04-24 15:57:00,VIRT,21.864999771118164,21.864999771118164,21.875,21.84000015258789,21.844999313354492,31379.0
2024-04-24 15:57:00,VIRX,0.8300999999046326,0.8300999999046326,0.8300999999046326,0.8300999999046326,0.8300999999046326,1400.0
2024-04-24 15:57:00,VISL,3.8201000690460205,3.8201000690460205,3.8201000690460205,3.8201000690460205,3.8201000690460205,212.0
2024-04-24 15:57:00,VITL,26.639999389648438,26.639999389648438,26.65999984741211,26.6299991607666,26.65999984741211,5680.0
2024-04-24 15:57:00,VKTX,65.23500061035156,65.23500061035156,65.41500091552734,65.19000244140625,65.41500091552734,30917.0
2024-04-24 15:57:00,VLCN,0.2572999894618988,0.2572999894618988,0.2590000033378601,0.25600001215934753,0.2590000033378601,3220.0
2024-04-24 15:57:00,VLGEA,27.579999923706055,27.579999923706055,27.579999923706055,27.579999923706055,27.579999923706055,655.0
2024-04-24 15:57:00,VMAR,0.5410000085830688,0.5410000085830688,0.5410000085830688,0.5410000085830688,0.5410000085830688,2.0
2024-04-24 15:57:00,VMD,8.109999656677246,8.109999656677246,8.109999656677246,8.109999656677246,8.109999656677246,433.0
2024-04-24 15:57:00,VMEO,3.5250000953674316,3.5250000953674316,3.5250000953674316,3.515000104904175,3.515000104904175,37534.0
2024-04-24 15:57:00,VNET,1.565000057220459,1.565000057220459,1.565000057220459,1.565000057220459,1.565000057220459,1700.0
2024-04-24 15:57:00,VNOM,39.970001220703125,39.970001220703125,39.970001220703125,39.959999084472656,39.970001220703125,5028.0
2024-04-24 15:57:00,VOD,8.65999984741211,8.65999984741211,8.65999984741211,8.654999732971191,8.65999984741211,9436.0
2024-04-24 15:57:00,VOR,1.7400000095367432,1.7400000095367432,1.7400000095367432,1.7400000095367432,1.7400000095367432,1360.0
2024-04-24 15:57:00,VRCA,6.739999771118164,6.739999771118164,6.739999771118164,6.739999771118164,6.739999771118164,223.0
2024-04-24 15:57:00,VRDN,13.0649995803833,13.0649995803833,13.069999694824219,13.039999961853027,13.04889965057373,7604.0
2024-04-24 15:57:00,VRNA,15.229999542236328,15.229999542236328,15.229999542236328,15.199999809265137,15.21500015258789,2484.0
2024-04-24 15:57:00,VRRM,24.290000915527344,24.290000915527344,24.295000076293945,24.290000915527344,24.290000915527344,4538.0
2024-04-24 15:57:00,VRTS,234.69000244140625,234.69000244140625,234.69000244140625,234.69000244140625,234.69000244140625,491.0
2024-04-24 15:57:00,VRTX,401.010009765625,401.010009765625,401.1400146484375,400.9100036621094,401.0,4243.0
2024-04-24 15:57:00,VSAT,16.145000457763672,16.145000457763672,16.155000686645508,16.139999389648438,16.155000686645508,9593.0
2024-04-24 15:57:00,VTNR,1.4199999570846558,1.4199999570846558,1.429900050163269,1.4199999570846558,1.4249999523162842,11073.0
2024-04-24 15:57:00,VTRS,11.539899826049805,11.539899826049805,11.545000076293945,11.529999732971191,11.545000076293945,50351.0
2024-04-24 15:57:00,VUZI,1.3300000429153442,1.3300000429153442,1.3300000429153442,1.3200000524520874,1.3300000429153442,7103.0
2024-04-24 15:57:00,VVOS,2.5999999046325684,2.5999999046325684,2.5999999046325684,2.5999999046325684,2.5999999046325684,449.0
2024-04-24 15:57:00,VVPR,3.6700000762939453,3.6700000762939453,3.6700000762939453,3.6700000762939453,3.6700000762939453,607.0
2024-04-24 15:57:00,VYGR,7.574999809265137,7.574999809265137,7.574999809265137,7.574999809265137,7.574999809265137,233.0
2024-04-24 15:57:00,VYNE,2.549999952316284,2.549999952316284,2.549999952316284,2.549999952316284,2.549999952316284,643.0
2024-04-24 15:57:00,WABC,47.900001525878906,47.900001525878906,47.912498474121094,47.88999938964844,47.90999984741211,2802.0
2024-04-24 15:57:00,WAFD,28.440000534057617,28.440000534057617,28.459999084472656,28.420000076293945,28.440000534057617,6056.0
2024-04-24 15:57:00,WASH,26.440000534057617,26.440000534057617,26.450000762939453,26.440000534057617,26.450000762939453,973.0
2024-04-24 15:57:00,WB,8.515000343322754,8.515000343322754,8.520000457763672,8.5,8.510000228881836,27231.0
2024-04-24 15:57:00,WBA,17.825000762939453,17.825000762939453,17.825000762939453,17.809999465942383,17.809999465942383,143365.0
2024-04-24 15:57:00,WBD,8.380000114440918,8.380000114440918,8.390000343322754,8.380000114440918,8.385000228881836,101839.0
2024-04-24 15:57:00,WDAY,255.7100067138672,255.7100067138672,255.7100067138672,255.50999450683594,255.57000732421875,14375.0
2024-04-24 15:57:00,WDC,69.53250122070312,69.53250122070312,69.54000091552734,69.5,69.5,39974.0
2024-04-24 15:57:00,WDFC,226.77000427246094,226.77000427246094,227.13499450683594,226.77000427246094,227.13499450683594,2376.0
2024-04-24 15:57:00,WEN,19.829999923706055,19.829999923706055,19.844999313354492,19.829999923706055,19.84000015258789,29316.0
2024-04-24 15:57:00,WERN,35.38999938964844,35.38999938964844,35.39500045776367,35.35499954223633,35.38999938964844,8705.0
2024-04-24 15:57:00,WEST,10.005000114440918,10.005000114440918,10.010000228881836,10.005000114440918,10.010000228881836,936.0
2024-04-24 15:57:00,WFRD,124.83999633789062,124.83999633789062,125.0,124.79000091552734,124.9749984741211,25796.0
2024-04-24 15:57:00,WHLR,0.1412999927997589,0.1412999927997589,0.1412999927997589,0.1412999927997589,0.1412999927997589,6666.0
2024-04-24 15:57:00,WIMI,1.149999976158142,1.149999976158142,1.159999966621399,1.1200000047683716,1.1299999952316284,165160.0
2024-04-24 15:57:00,WING,363.239990234375,363.239990234375,363.67999267578125,363.2300109863281,363.67999267578125,5163.0
2024-04-24 15:57:00,WISA,6.023600101470947,6.023600101470947,6.03000020980835,5.989999771118164,5.999899864196777,5530.0
2024-04-24 15:57:00,WIX,121.86499786376953,121.86499786376953,121.93499755859375,121.86000061035156,121.86499786376953,1467.0
2024-04-24 15:57:00,WKHS,0.1606999933719635,0.1606999933719635,0.1607999950647354,0.1606999933719635,0.1606999933719635,13142.0
2024-04-24 15:57:00,WKME,7.949999809265137,7.949999809265137,7.949999809265137,7.949999809265137,7.949999809265137,1155.0
2024-04-24 15:57:00,WKSP,0.36579999327659607,0.36579999327659607,0.3677000105381012,0.36579999327659607,0.3677000105381012,1930.0
2024-04-24 15:57:00,WLDS,0.4677000045776367,0.4677000045776367,0.4715000092983246,0.4677000045776367,0.47099998593330383,453.0
2024-04-24 15:57:00,WMG,31.9950008392334,31.9950008392334,32.0,31.979999542236328,32.0,23236.0
2024-04-24 15:57:00,WNEB,6.519999980926514,6.519999980926514,6.53000020980835,6.519999980926514,6.53000020980835,330.0
2024-04-24 15:57:00,WRAP,1.9800000190734863,1.9800000190734863,1.9800000190734863,1.9800000190734863,1.9800000190734863,302.0
2024-04-24 15:57:00,WSBC,28.34000015258789,28.34000015258789,28.350000381469727,28.34000015258789,28.350000381469727,2983.0
2024-04-24 15:57:00,WSC,38.189998626708984,38.189998626708984,38.20000076293945,38.185001373291016,38.189998626708984,11865.0
2024-04-24 15:57:00,WSFS,45.11000061035156,45.11000061035156,45.16999816894531,45.11000061035156,45.16999816894531,3184.0
2024-04-24 15:57:00,WTBA,16.709999084472656,16.709999084472656,16.709999084472656,16.709999084472656,16.709999084472656,205.0
2024-04-24 15:57:00,WTFC,100.29000091552734,100.29000091552734,100.29000091552734,100.19999694824219,100.2300033569336,4832.0
2024-04-24 15:57:00,WTW,264.5899963378906,264.5899963378906,264.6099853515625,264.4700012207031,264.5249938964844,6904.0
2024-04-24 15:57:00,WVE,5.010000228881836,5.010000228881836,5.010000228881836,4.994999885559082,4.994999885559082,4295.0
2024-04-24 15:57:00,WW,1.659999966621399,1.659999966621399,1.6649999618530273,1.659999966621399,1.659999966621399,12298.0
2024-04-24 15:57:00,WWD,149.67999267578125,149.67999267578125,149.69000244140625,149.49000549316406,149.60000610351562,9522.0
2024-04-24 15:57:00,WYNN,97.16000366210938,97.16000366210938,97.18000030517578,97.12000274658203,97.1500015258789,25539.0
2024-04-24 15:57:00,XBIT,8.140000343322754,8.140000343322754,8.140000343322754,8.130000114440918,8.135000228881836,771.0
2024-04-24 15:57:00,XEL,55.400001525878906,55.400001525878906,55.400001525878906,55.349998474121094,55.375,73912.0
2024-04-24 15:57:00,XENE,39.564998626708984,39.564998626708984,39.61000061035156,39.54999923706055,39.599998474121094,5110.0
2024-04-24 15:57:00,XERS,1.7549999952316284,1.7549999952316284,1.7599999904632568,1.75,1.7599999904632568,1580.0
2024-04-24 15:57:00,XFOR,1.2899999618530273,1.2899999618530273,1.2899999618530273,1.274999976158142,1.274999976158142,25200.0
2024-04-24 15:57:00,XLO,1.059999942779541,1.059999942779541,1.065000057220459,1.059999942779541,1.059999942779541,1357.0
2024-04-24 15:57:00,XMTR,16.834999084472656,16.834999084472656,16.84000015258789,16.81999969482422,16.81999969482422,8689.0
2024-04-24 15:57:00,XNCR,19.030000686645508,19.030000686645508,19.040000915527344,19.010000228881836,19.020000457763672,3206.0
2024-04-24 15:57:00,XP,20.639999389648438,20.639999389648438,20.639999389648438,20.625,20.6299991607666,56197.0
2024-04-24 15:57:00,XPEL,55.84000015258789,55.84000015258789,55.875,55.810001373291016,55.875,3756.0
2024-04-24 15:57:00,XRX,14.385000228881836,14.385000228881836,14.390000343322754,14.380000114440918,14.385000228881836,56002.0
2024-04-24 15:57:00,XXII,1.8598999977111816,1.8598999977111816,1.8598999977111816,1.8598999977111816,1.8598999977111816,2097.0
2024-04-24 15:57:00,YMAB,15.3100004196167,15.3100004196167,15.3100004196167,15.3100004196167,15.3100004196167,112.0
2024-04-24 15:57:00,YTEN,0.23899999260902405,0.23899999260902405,0.23899999260902405,0.23899999260902405,0.23899999260902405,900.0
2024-04-24 15:57:00,YTRA,1.2450000047683716,1.2450000047683716,1.2450000047683716,1.2450000047683716,1.2450000047683716,1600.0
2024-04-24 15:57:00,Z,43.43000030517578,43.43000030517578,43.45500183105469,43.43000030517578,43.45500183105469,24864.0
2024-04-24 15:57:00,ZBRA,277.7900085449219,277.7900085449219,277.92999267578125,277.7900085449219,277.92999267578125,3326.0
2024-04-24 15:57:00,ZCMD,1.559999942779541,1.559999942779541,1.559999942779541,1.559999942779541,1.559999942779541,2556.0
2024-04-24 15:57:00,ZD,52.290000915527344,52.290000915527344,52.31999969482422,52.2599983215332,52.31999969482422,6221.0
2024-04-24 15:57:00,ZFOX,1.1399999856948853,1.1399999856948853,1.1399999856948853,1.1399999856948853,1.1399999856948853,500.0
2024-04-24 15:57:00,ZG,42.8921012878418,42.8921012878418,42.8921012878418,42.880001068115234,42.88999938964844,5300.0
2024-04-24 15:57:00,ZI,15.885000228881836,15.885000228881836,15.890000343322754,15.880000114440918,15.885000228881836,8741.0
2024-04-24 15:57:00,ZIMV,15.8100004196167,15.8100004196167,15.8100004196167,15.8100004196167,15.8100004196167,2634.0
2024-04-24 15:57:00,ZION,42.209999084472656,42.209999084472656,42.220001220703125,42.189998626708984,42.209999084472656,15795.0
2024-04-24 15:57:00,ZLAB,15.65999984741211,15.65999984741211,15.699999809265137,15.630000114440918,15.635000228881836,10649.0
2024-04-24 15:57:00,ZM,61.529998779296875,61.529998779296875,61.599998474121094,61.5099983215332,61.58000183105469,66139.0
2024-04-24 15:57:00,ZNTL,11.800000190734863,11.800000190734863,11.800000190734863,11.795000076293945,11.795000076293945,2390.0
2024-04-24 15:57:00,ZS,177.4875030517578,177.4875030517578,177.50999450683594,177.32000732421875,177.4199981689453,14734.0
2024-04-24 15:57:00,ZUMZ,17.190000534057617,17.190000534057617,17.190000534057617,17.15999984741211,17.15999984741211,3935.0
2024-04-24 15:57:00,ZURA,3.3299999237060547,3.3299999237060547,3.3299999237060547,3.309999942779541,3.309999942779541,8457.0
2024-04-24 15:57:00,ZVRA,4.559999942779541,4.559999942779541,4.565000057220459,4.559999942779541,4.565000057220459,2492.0
2024-04-24 15:57:00,ZVSA,0.6100000143051147,0.6100000143051147,0.6100000143051147,0.6075999736785889,0.6098999977111816,1223.0
2024-04-24 15:57:00,ZYME,8.539999961853027,8.539999961853027,8.550000190734863,8.539999961853027,8.550000190734863,931.0
2024-04-24 15:57:00,ZYXI,11.239999771118164,11.239999771118164,11.239999771118164,11.229999542236328,11.229999542236328,885.0
2024-04-24 15:58:00,COCO,24.190000534057617,24.190000534057617,24.209999084472656,24.190000534057617,24.209999084472656,3220.0
2024-04-24 15:58:00,DIBS,5.349999904632568,5.349999904632568,5.360000133514404,5.349999904632568,5.349999904632568,4244.0
2024-04-24 15:58:00,DSP,8.5600004196167,8.5600004196167,8.574999809265137,8.5600004196167,8.574999809265137,1009.0
2024-04-24 15:58:00,EGHT,2.365000009536743,2.365000009536743,2.367500066757202,2.359999895095825,2.365000009536743,4104.0
2024-04-24 15:58:00,ETNB,8.592499732971191,8.592499732971191,8.595000267028809,8.592499732971191,8.595000267028809,2629.0
2024-04-24 15:58:00,FDMT,24.270000457763672,24.270000457763672,24.270000457763672,24.260000228881836,24.264999389648438,2342.0
2024-04-24 15:58:00,FEAM,1.1699999570846558,1.1699999570846558,1.1699999570846558,1.1699999570846558,1.1699999570846558,613.0
2024-04-24 15:58:00,FLWS,9.260000228881836,9.260000228881836,9.260000228881836,9.229999542236328,9.229999542236328,6164.0
2024-04-24 15:58:00,FREE,4.815000057220459,4.815000057220459,4.820000171661377,4.815000057220459,4.820000171661377,797.0
2024-04-24 15:58:00,HOWL,6.400000095367432,6.400000095367432,6.460000038146973,6.400000095367432,6.445000171661377,3221.0
2024-04-24 15:58:00,MAPS,1.1050000190734863,1.1050000190734863,1.1100000143051147,1.1050000190734863,1.1050000190734863,3561.0
2024-04-24 15:58:00,MASS,5.619999885559082,5.619999885559082,5.619999885559082,5.614999771118164,5.614999771118164,730.0
2024-04-24 15:58:00,ME,0.4666999876499176,0.4666999876499176,0.4666999876499176,0.4666000008583069,0.4666000008583069,11825.0
2024-04-24 15:58:00,SEAT,5.900000095367432,5.900000095367432,5.900000095367432,5.894999980926514,5.900000095367432,22631.0
2024-04-24 15:58:00,SRCE,50.95000076293945,50.95000076293945,50.95000076293945,50.95000076293945,50.95000076293945,554.0
2024-04-24 15:58:00,SXTP,0.24789999425411224,0.24789999425411224,0.24789999425411224,0.24320000410079956,0.24320000410079956,921.0
2024-04-24 15:58:00,TKLF,0.22550000250339508,0.22550000250339508,0.22550000250339508,0.22550000250339508,0.22550000250339508,1000.0
2024-04-24 15:58:00,TSVT,4.269999980926514,4.269999980926514,4.275000095367432,4.269999980926514,4.275000095367432,2542.0
2024-04-24 15:58:00,TWOU,0.24549999833106995,0.24549999833106995,0.24549999833106995,0.24529999494552612,0.24529999494552612,18469.0
2024-04-24 15:58:00,TXG,27.549999237060547,27.549999237060547,27.559999465942383,27.540000915527344,27.549999237060547,14573.0
2024-04-24 15:58:00,VANI,1.7350000143051147,1.7350000143051147,1.7350000143051147,1.7350000143051147,1.7350000143051147,389.0
2024-04-24 15:58:00,VC,111.41999816894531,111.41999816894531,111.54000091552734,111.29000091552734,111.52999877929688,15753.0
2024-04-24 15:58:00,VCTR,50.0099983215332,50.0099983215332,50.02000045776367,50.0,50.0,11299.0
2024-04-24 15:58:00,VERU,1.3300000429153442,1.3300000429153442,1.340000033378601,1.3300000429153442,1.3300000429153442,17675.0
2024-04-24 15:58:00,VERV,6.605000019073486,6.605000019073486,6.614999771118164,6.599999904632568,6.614999771118164,14780.0
2024-04-24 15:58:00,VERX,28.93000030517578,28.93000030517578,28.940000534057617,28.90999984741211,28.940000534057617,17555.0
2024-04-24 15:58:00,VFF,1.3250000476837158,1.3250000476837158,1.3250000476837158,1.3250000476837158,1.3250000476837158,3566.0
2024-04-24 15:58:00,VFS,2.490299940109253,2.490299940109253,2.496500015258789,2.490000009536743,2.496500015258789,27919.0
2024-04-24 15:58:00,VIAV,7.994999885559082,7.994999885559082,8.0,7.989999771118164,7.994999885559082,12098.0
2024-04-24 15:58:00,VICR,31.985000610351562,31.985000610351562,32.0,31.90999984741211,31.90999984741211,6892.0
2024-04-24 15:58:00,VIGL,2.740000009536743,2.740000009536743,2.740000009536743,2.740000009536743,2.740000009536743,636.0
2024-04-24 15:58:00,VINC,0.9300000071525574,0.9300000071525574,0.9399999976158142,0.9300000071525574,0.9398999810218811,537.0
2024-04-24 15:58:00,VIR,8.045000076293945,8.045000076293945,8.050000190734863,8.045000076293945,8.050000190734863,4088.0
2024-04-24 15:58:00,VIRC,10.664999961853027,10.664999961853027,10.670000076293945,10.654999732971191,10.654999732971191,830.0
2024-04-24 15:58:00,VIRI,0.4438000023365021,0.4438000023365021,0.4438000023365021,0.4438000023365021,0.4438000023365021,752.0
2024-04-24 15:58:00,VIRT,21.864999771118164,21.864999771118164,21.8799991607666,21.844999313354492,21.864999771118164,34582.0
2024-04-24 15:58:00,VITL,26.649999618530273,26.649999618530273,26.649999618530273,26.639999389648438,26.639999389648438,5892.0
2024-04-24 15:58:00,VKTX,65.12999725341797,65.12999725341797,65.25,65.11000061035156,65.23570251464844,56661.0
2024-04-24 15:58:00,VLCN,0.2583000063896179,0.2583000063896179,0.2583000063896179,0.2583000063896179,0.2583000063896179,345.0
2024-04-24 15:58:00,VMD,8.119999885559082,8.119999885559082,8.119999885559082,8.119999885559082,8.119999885559082,256.0
2024-04-24 15:58:00,VMEO,3.5250000953674316,3.5250000953674316,3.5299999713897705,3.5250000953674316,3.5250000953674316,10887.0
2024-04-24 15:58:00,VNET,1.565000057220459,1.565000057220459,1.565000057220459,1.559999942779541,1.559999942779541,10513.0
2024-04-24 15:58:00,VNOM,39.92100143432617,39.92100143432617,39.970001220703125,39.92100143432617,39.970001220703125,11702.0
2024-04-24 15:58:00,VOD,8.654999732971191,8.654999732971191,8.65999984741211,8.65250015258789,8.65999984741211,10518.0
2024-04-24 15:58:00,VOR,1.7400000095367432,1.7400000095367432,1.7400000095367432,1.7400000095367432,1.7400000095367432,549.0
2024-04-24 15:58:00,VOXR,2.069999933242798,2.069999933242798,2.069999933242798,2.069999933242798,2.069999933242798,1600.0
2024-04-24 15:58:00,VRCA,6.809999942779541,6.809999942779541,6.809999942779541,6.739999771118164,6.760000228881836,10192.0
2024-04-24 15:58:00,VRDN,13.050000190734863,13.050000190734863,13.069999694824219,13.050000190734863,13.069999694824219,14940.0
2024-04-24 15:58:00,VRNA,15.225000381469727,15.225000381469727,15.225000381469727,15.225000381469727,15.225000381469727,170.0
2024-04-24 15:58:00,VRRM,24.30500030517578,24.30500030517578,24.309999465942383,24.290000915527344,24.295000076293945,20656.0
2024-04-24 15:58:00,VRTS,234.74000549316406,234.74000549316406,234.74000549316406,234.74000549316406,234.74000549316406,401.0
2024-04-24 15:58:00,VRTX,401.04998779296875,401.04998779296875,401.17498779296875,401.0,401.1000061035156,8650.0
2024-04-24 15:58:00,VSAT,16.139999389648438,16.139999389648438,16.142499923706055,16.1299991607666,16.139999389648438,14691.0
2024-04-24 15:58:00,VSEC,78.74500274658203,78.74500274658203,78.74500274658203,78.74500274658203,78.74500274658203,501.0
2024-04-24 15:58:00,VTGN,4.730000019073486,4.730000019073486,4.730000019073486,4.730000019073486,4.730000019073486,1188.0
2024-04-24 15:58:00,VTNR,1.4249999523162842,1.4249999523162842,1.4299999475479126,1.4199999570846558,1.4249999523162842,11860.0
2024-04-24 15:58:00,VTRS,11.550000190734863,11.550000190734863,11.550000190734863,11.529999732971191,11.53499984741211,121229.0
2024-04-24 15:58:00,VUZI,1.3286999464035034,1.3286999464035034,1.3300000429153442,1.3250000476837158,1.3250000476837158,5639.0
2024-04-24 15:58:00,VVOS,2.6198999881744385,2.6198999881744385,2.6198999881744385,2.6198999881744385,2.6198999881744385,1313.0
2024-04-24 15:58:00,VVPR,3.5999999046325684,3.5999999046325684,3.630000114440918,3.5999999046325684,3.624000072479248,2547.0
2024-04-24 15:58:00,VYGR,7.579999923706055,7.579999923706055,7.587500095367432,7.574999809265137,7.579999923706055,6888.0
2024-04-24 15:58:00,WABC,47.900001525878906,47.900001525878906,47.915000915527344,47.900001525878906,47.915000915527344,1601.0
2024-04-24 15:58:00,WAFD,28.40999984741211,28.40999984741211,28.43000030517578,28.40999984741211,28.43000030517578,7730.0
2024-04-24 15:58:00,WALD,5.309999942779541,5.309999942779541,5.309999942779541,5.264999866485596,5.28000020980835,2411.0
2024-04-24 15:58:00,WASH,26.450000762939453,26.450000762939453,26.459999084472656,26.450000762939453,26.459999084472656,1303.0
2024-04-24 15:58:00,WB,8.524999618530273,8.524999618530273,8.529999732971191,8.511799812316895,8.520000457763672,47580.0
2024-04-24 15:58:00,WBA,17.825000762939453,17.825000762939453,17.829999923706055,17.81999969482422,17.825899124145508,40728.0
2024-04-24 15:58:00,WBD,8.385000228881836,8.385000228881836,8.390000343322754,8.380000114440918,8.385000228881836,87283.0
2024-04-24 15:58:00,WDAY,255.75999450683594,255.75999450683594,255.88499450683594,255.6999969482422,255.6999969482422,27804.0
2024-04-24 15:58:00,WDC,69.55000305175781,69.55000305175781,69.55000305175781,69.5199966430664,69.52999877929688,61686.0
2024-04-24 15:58:00,WDFC,226.64999389648438,226.64999389648438,226.66000366210938,226.63999938964844,226.66000366210938,1793.0
2024-04-24 15:58:00,WEN,19.834999084472656,19.834999084472656,19.84000015258789,19.81999969482422,19.829999923706055,58839.0
2024-04-24 15:58:00,WERN,35.40999984741211,35.40999984741211,35.40999984741211,35.3849983215332,35.3849983215332,8022.0
2024-04-24 15:58:00,WEST,10.005000114440918,10.005000114440918,10.005000114440918,10.005000114440918,10.005000114440918,601.0
2024-04-24 15:58:00,WEYS,28.450000762939453,28.450000762939453,28.450000762939453,28.450000762939453,28.450000762939453,398.0
2024-04-24 15:58:00,WFRD,124.94000244140625,124.94000244140625,125.0,124.70999908447266,124.86000061035156,40542.0
2024-04-24 15:58:00,WHF,12.989999771118164,12.989999771118164,12.989999771118164,12.989999771118164,12.989999771118164,1795.0
2024-04-24 15:58:00,WIMI,1.1299999952316284,1.1299999952316284,1.1519999504089355,1.110200047492981,1.1503000259399414,105319.0
2024-04-24 15:58:00,WING,362.95001220703125,362.95001220703125,363.3399963378906,362.94000244140625,363.260009765625,5455.0
2024-04-24 15:58:00,WISA,6.0,6.0,6.03000020980835,5.999199867248535,6.025000095367432,14319.0
2024-04-24 15:58:00,WIX,121.73999786376953,121.73999786376953,121.86000061035156,121.73999786376953,121.86000061035156,10752.0
2024-04-24 15:58:00,WKHS,0.1606999933719635,0.1606999933719635,0.1607999950647354,0.1606999933719635,0.1607999950647354,19202.0
2024-04-24 15:58:00,WKME,7.929999828338623,7.929999828338623,7.960000038146973,7.929999828338623,7.960000038146973,643.0
2024-04-24 15:58:00,WLDN,28.030000686645508,28.030000686645508,28.049999237060547,28.010000228881836,28.040000915527344,2709.0
2024-04-24 15:58:00,WLDS,0.4586000144481659,0.4586000144481659,0.4587000012397766,0.4586000144481659,0.4587000012397766,828.0
2024-04-24 15:58:00,WLGS,0.5899999737739563,0.5899999737739563,0.5899999737739563,0.5899999737739563,0.5899999737739563,725.0
2024-04-24 15:58:00,WMG,31.989999771118164,31.989999771118164,32.0,31.989999771118164,31.9950008392334,37170.0
2024-04-24 15:58:00,WNEB,6.519999980926514,6.519999980926514,6.520100116729736,6.519999980926514,6.519999980926514,1283.0
2024-04-24 15:58:00,WPRT,5.659999847412109,5.659999847412109,5.659999847412109,5.659999847412109,5.659999847412109,574.0
2024-04-24 15:58:00,WRAP,1.975000023841858,1.975000023841858,1.975000023841858,1.975000023841858,1.975000023841858,1308.0
2024-04-24 15:58:00,WRLD,137.9949951171875,137.9949951171875,137.9949951171875,137.9949951171875,137.9949951171875,379.0
2024-04-24 15:58:00,WRNT,0.2712000012397766,0.2712000012397766,0.2712000012397766,0.2712000012397766,0.2712000012397766,286.0
2024-04-24 15:58:00,WSBC,28.31999969482422,28.31999969482422,28.34000015258789,28.31999969482422,28.31999969482422,1420.0
2024-04-24 15:58:00,WSBF,12.300000190734863,12.300000190734863,12.3100004196167,12.300000190734863,12.3100004196167,1352.0
2024-04-24 15:58:00,WSC,38.224998474121094,38.224998474121094,38.22999954223633,38.18000030517578,38.185001373291016,27188.0
2024-04-24 15:58:00,WSFS,45.09000015258789,45.09000015258789,45.13999938964844,45.09000015258789,45.130001068115234,5668.0
2024-04-24 15:58:00,WTBA,16.709999084472656,16.709999084472656,16.719999313354492,16.709999084472656,16.719999313354492,1292.0
2024-04-24 15:58:00,WTFC,100.29499816894531,100.29499816894531,100.29499816894531,100.2300033569336,100.27999877929688,6429.0
2024-04-24 15:58:00,WTW,264.7200012207031,264.7200012207031,264.79998779296875,264.6000061035156,264.6300048828125,12906.0
2024-04-24 15:58:00,WVE,5.014999866485596,5.014999866485596,5.014999866485596,5.005000114440918,5.005000114440918,3028.0
2024-04-24 15:58:00,WW,1.6649999618530273,1.6649999618530273,1.6649999618530273,1.659999966621399,1.6649999618530273,13515.0
2024-04-24 15:58:00,WWD,149.72999572753906,149.72999572753906,149.72999572753906,149.63999938964844,149.69000244140625,5599.0
2024-04-24 15:58:00,WYNN,97.16000366210938,97.16000366210938,97.20500183105469,97.15499877929688,97.18000030517578,22206.0
2024-04-24 15:58:00,XBIT,8.074999809265137,8.074999809265137,8.074999809265137,8.020000457763672,8.020000457763672,474.0
2024-04-24 15:58:00,XEL,55.38999938964844,55.38999938964844,55.400001525878906,55.369998931884766,55.38999938964844,66208.0
2024-04-24 15:58:00,XENE,39.55500030517578,39.55500030517578,39.58000183105469,39.54999923706055,39.564998626708984,6435.0
2024-04-24 15:58:00,XERS,1.7549999952316284,1.7549999952316284,1.7598999738693237,1.75,1.7549999952316284,4724.0
2024-04-24 15:58:00,XFOR,1.2800999879837036,1.2800999879837036,1.2899999618530273,1.2800999879837036,1.284999966621399,23281.0
2024-04-24 15:58:00,XLO,1.0699000358581543,1.0699000358581543,1.0700000524520874,1.059999942779541,1.065000057220459,4336.0
2024-04-24 15:58:00,XMTR,16.815000534057617,16.815000534057617,16.834999084472656,16.809999465942383,16.834999084472656,6034.0
2024-04-24 15:58:00,XNCR,19.100000381469727,19.100000381469727,19.110000610351562,19.010000228881836,19.010000228881836,34892.0
2024-04-24 15:58:00,XP,20.6299991607666,20.6299991607666,20.639999389648438,20.625,20.635000228881836,62245.0
2024-04-24 15:58:00,XPEL,55.869998931884766,55.869998931884766,55.869998931884766,55.84000015258789,55.84000015258789,838.0
2024-04-24 15:58:00,XRX,14.385000228881836,14.385000228881836,14.390000343322754,14.380000114440918,14.385000228881836,40007.0
2024-04-24 15:58:00,XXII,1.850100040435791,1.850100040435791,1.850100040435791,1.850100040435791,1.850100040435791,125.0
2024-04-24 15:58:00,YMAB,15.319999694824219,15.319999694824219,15.319999694824219,15.279999732971191,15.3100004196167,2663.0
2024-04-24 15:58:00,YSBPW,0.07500000298023224,0.07500000298023224,0.07500000298023224,0.07500000298023224,0.07500000298023224,11961.0
2024-04-24 15:58:00,YTEN,0.23100000619888306,0.23100000619888306,0.23100000619888306,0.23100000619888306,0.23100000619888306,481.0
2024-04-24 15:58:00,Z,43.439998626708984,43.439998626708984,43.45249938964844,43.435001373291016,43.435001373291016,23313.0
2024-04-24 15:58:00,ZBRA,277.7200012207031,277.7200012207031,277.8399963378906,277.7200012207031,277.8399963378906,6945.0
2024-04-24 15:58:00,ZCMD,1.5500999689102173,1.5500999689102173,1.5500999689102173,1.5500999689102173,1.5500999689102173,0.0
2024-04-24 15:58:00,ZD,52.290000915527344,52.290000915527344,52.290000915527344,52.25,52.279998779296875,7784.0
2024-04-24 15:58:00,ZFOX,1.1399999856948853,1.1399999856948853,1.1399999856948853,1.1399999856948853,1.1399999856948853,248.0
2024-04-24 15:58:00,ZG,42.88999938964844,42.88999938964844,42.900001525878906,42.880001068115234,42.88999938964844,8672.0
2024-04-24 15:58:00,ZI,15.890000343322754,15.890000343322754,15.890000343322754,15.880000114440918,15.885000228881836,24351.0
2024-04-24 15:58:00,ZION,42.18000030517578,42.18000030517578,42.220001220703125,42.18000030517578,42.209999084472656,29847.0
2024-04-24 15:58:00,ZLAB,15.65999984741211,15.65999984741211,15.670000076293945,15.649999618530273,15.664999961853027,4654.0
2024-04-24 15:58:00,ZM,61.48500061035156,61.48500061035156,61.540000915527344,61.474998474121094,61.52000045776367,37042.0
2024-04-24 15:58:00,ZNTL,11.770000457763672,11.770000457763672,11.795000076293945,11.710000038146973,11.795000076293945,30765.0
2024-04-24 15:58:00,ZS,177.53990173339844,177.53990173339844,177.5399932861328,177.39599609375,177.49000549316406,15704.0
2024-04-24 15:58:00,ZUMZ,17.19499969482422,17.19499969482422,17.19499969482422,17.19499969482422,17.19499969482422,1034.0
2024-04-24 15:58:00,ZURA,3.2699999809265137,3.2699999809265137,3.3299999237060547,3.2699999809265137,3.3299999237060547,6119.0
2024-04-24 15:58:00,ZVRA,4.565000057220459,4.565000057220459,4.570000171661377,4.559999942779541,4.559999942779541,712.0
2024-04-24 15:58:00,ZVSA,0.609000027179718,0.609000027179718,0.609000027179718,0.609000027179718,0.609000027179718,123.0
2024-04-24 15:58:00,ZYME,8.5600004196167,8.5600004196167,8.5600004196167,8.539999961853027,8.5600004196167,1950.0
2024-04-24 15:58:00,ZYXI,11.229999542236328,11.229999542236328,11.239999771118164,11.220000267028809,11.239999771118164,1421.0
2024-04-24 15:59:00,AIXI,1.25,1.25,1.25,1.2400000095367432,1.2400000095367432,600.0
2024-04-24 15:59:00,COCO,24.219999313354492,24.219999313354492,24.229999542236328,24.18000030517578,24.190000534057617,15932.0
2024-04-24 15:59:00,DIBS,5.349999904632568,5.349999904632568,5.360000133514404,5.320000171661377,5.34499979019165,5830.0
2024-04-24 15:59:00,DSP,8.5600004196167,8.5600004196167,8.579999923706055,8.550000190734863,8.569999694824219,2250.0
2024-04-24 15:59:00,EGHT,2.369999885559082,2.369999885559082,2.369999885559082,2.3550000190734863,2.365000009536743,26901.0
2024-04-24 15:59:00,ETNB,8.579999923706055,8.579999923706055,8.600000381469727,8.579999923706055,8.595000267028809,38068.0
2024-04-24 15:59:00,FDMT,24.299999237060547,24.299999237060547,24.299999237060547,24.229999542236328,24.270000457763672,12325.0
2024-04-24 15:59:00,FEAM,1.1699999570846558,1.1699999570846558,1.1799999475479126,1.159999966621399,1.159999966621399,1716.0
2024-04-24 15:59:00,FLWS,9.260000228881836,9.260000228881836,9.260000228881836,9.239999771118164,9.255000114440918,16050.0
2024-04-24 15:59:00,FREE,4.820000171661377,4.820000171661377,4.820000171661377,4.815000057220459,4.820000171661377,9237.0
2024-04-24 15:59:00,HOWL,6.389999866485596,6.389999866485596,6.40500020980835,6.389999866485596,6.40500020980835,1762.0
2024-04-24 15:59:00,JFU,3.319999933242798,3.319999933242798,3.3299999237060547,3.319999933242798,3.3299999237060547,754.0
2024-04-24 15:59:00,MAPS,1.100000023841858,1.100000023841858,1.1100000143051147,1.090000033378601,1.100000023841858,20733.0
2024-04-24 15:59:00,MASS,5.599999904632568,5.599999904632568,5.614999771118164,5.599999904632568,5.614999771118164,4387.0
2024-04-24 15:59:00,ME,0.4717000126838684,0.4717000126838684,0.4722999930381775,0.4666000008583069,0.4666999876499176,40712.0
2024-04-24 15:59:00,NNAGU,10.609999656677246,10.609999656677246,10.609999656677246,10.609999656677246,10.609999656677246,100.0
2024-04-24 15:59:00,SCWO,1.399999976158142,1.399999976158142,1.399999976158142,1.3799999952316284,1.3799999952316284,3631.0
2024-04-24 15:59:00,SEAT,5.900000095367432,5.900000095367432,5.909999847412109,5.889999866485596,5.900000095367432,28064.0
2024-04-24 15:59:00,SRCE,50.88999938964844,50.88999938964844,50.97999954223633,50.88999938964844,50.95000076293945,1349.0
2024-04-24 15:59:00,TSVT,4.275000095367432,4.275000095367432,4.28000020980835,4.269999980926514,4.275000095367432,11294.0
2024-04-24 15:59:00,TWOU,0.24699999392032623,0.24699999392032623,0.24899999797344208,0.24310000240802765,0.24549999833106995,190019.0
2024-04-24 15:59:00,TXG,27.5049991607666,27.5049991607666,27.5575008392334,27.5049991607666,27.5575008392334,42583.0
2024-04-24 15:59:00,VANI,1.7350000143051147,1.7350000143051147,1.7350000143051147,1.7350000143051147,1.7350000143051147,2246.0
2024-04-24 15:59:00,VC,111.01000213623047,111.01000213623047,111.44000244140625,110.9800033569336,111.41000366210938,30073.0
2024-04-24 15:59:00,VCTR,50.02000045776367,50.02000045776367,50.060001373291016,50.0099983215332,50.0099983215332,21606.0
2024-04-24 15:59:00,VERU,1.3300000429153442,1.3300000429153442,1.3300000429153442,1.3200000524520874,1.3200000524520874,36229.0
2024-04-24 15:59:00,VERV,6.579999923706055,6.579999923706055,6.610000133514404,6.579999923706055,6.605000019073486,51050.0
2024-04-24 15:59:00,VERX,28.90999984741211,28.90999984741211,28.940000534057617,28.8799991607666,28.930999755859375,33078.0
2024-04-24 15:59:00,VFF,1.3300000429153442,1.3300000429153442,1.3350000381469727,1.3250000476837158,1.3250000476837158,7778.0
2024-04-24 15:59:00,VFS,2.490000009536743,2.490000009536743,2.494999885559082,2.490000009536743,2.490000009536743,16734.0
2024-04-24 15:59:00,VIA,10.899999618530273,10.899999618530273,10.899999618530273,10.890000343322754,10.890000343322754,4958.0
2024-04-24 15:59:00,VIAV,8.0,8.0,8.0,7.989999771118164,7.994999885559082,61107.0
2024-04-24 15:59:00,VICR,32.06999969482422,32.06999969482422,32.08000183105469,31.969999313354492,31.969999313354492,18651.0
2024-04-24 15:59:00,VIGL,2.7799999713897705,2.7799999713897705,2.799999952316284,2.740000009536743,2.765000104904175,1826.0
2024-04-24 15:59:00,VINC,0.9300000071525574,0.9300000071525574,0.9350000023841858,0.9300000071525574,0.9300000071525574,5695.0
2024-04-24 15:59:00,VIOT,0.5609999895095825,0.5609999895095825,0.5609999895095825,0.5609999895095825,0.5609999895095825,303.0
2024-04-24 15:59:00,VIR,8.039999961853027,8.039999961853027,8.0600004196167,8.039999961853027,8.039999961853027,21470.0
2024-04-24 15:59:00,VIRC,10.680000305175781,10.680000305175781,10.680000305175781,10.680000305175781,10.680000305175781,664.0
2024-04-24 15:59:00,VIRI,0.4302999973297119,0.4302999973297119,0.4302999973297119,0.4302999973297119,0.4302999973297119,419.0
2024-04-24 15:59:00,VIRT,21.829999923706055,21.829999923706055,21.8700008392334,21.81999969482422,21.864999771118164,68588.0
2024-04-24 15:59:00,VIRX,0.8300999999046326,0.8300999999046326,0.8300999999046326,0.8300999999046326,0.8300999999046326,3831.0
2024-04-24 15:59:00,VITL,26.6200008392334,26.6200008392334,26.649999618530273,26.6200008392334,26.639999389648438,29936.0
2024-04-24 15:59:00,VIVK,1.5099999904632568,1.5099999904632568,1.5199999809265137,1.5099999904632568,1.5199999809265137,895.0
2024-04-24 15:59:00,VKTX,65.08000183105469,65.08000183105469,65.13189697265625,65.0,65.13189697265625,39682.0
2024-04-24 15:59:00,VLCN,0.2578999996185303,0.2578999996185303,0.2590000033378601,0.25440001487731934,0.2590000033378601,11259.0
2024-04-24 15:59:00,VLGEA,27.670000076293945,27.670000076293945,27.670000076293945,27.670000076293945,27.670000076293945,200.0
2024-04-24 15:59:00,VMD,8.100000381469727,8.100000381469727,8.109999656677246,8.09000015258789,8.104999542236328,4010.0
2024-04-24 15:59:00,VMEO,3.5299999713897705,3.5299999713897705,3.5299999713897705,3.5199999809265137,3.5250000953674316,68824.0
2024-04-24 15:59:00,VNET,1.590000033378601,1.590000033378601,1.590000033378601,1.559999942779541,1.559999942779541,87763.0
2024-04-24 15:59:00,VNOM,39.880001068115234,39.880001068115234,39.93000030517578,39.880001068115234,39.93000030517578,28337.0
2024-04-24 15:59:00,VOD,8.654999732971191,8.654999732971191,8.65999984741211,8.649999618530273,8.654999732971191,118007.0
2024-04-24 15:59:00,VOR,1.75,1.75,1.75,1.7400000095367432,1.7400000095367432,2366.0
2024-04-24 15:59:00,VOXR,2.069999933242798,2.069999933242798,2.069999933242798,2.069999933242798,2.069999933242798,0.0
2024-04-24 15:59:00,VOXX,7.079999923706055,7.079999923706055,7.079999923706055,7.079999923706055,7.079999923706055,1050.0
2024-04-24 15:59:00,VRCA,6.809999942779541,6.809999942779541,6.829999923706055,6.800000190734863,6.809999942779541,7410.0
2024-04-24 15:59:00,VRDN,13.029999732971191,13.029999732971191,13.0600004196167,13.020000457763672,13.050000190734863,20167.0
2024-04-24 15:59:00,VRM,11.619999885559082,11.619999885559082,11.619999885559082,11.619999885559082,11.619999885559082,157.0
2024-04-24 15:59:00,VRNA,15.210000038146973,15.210000038146973,15.229999542236328,15.210000038146973,15.225000381469727,5023.0
2024-04-24 15:59:00,VRPX,3.1700000762939453,3.1700000762939453,3.1700000762939453,3.1700000762939453,3.1700000762939453,4652.0
2024-04-24 15:59:00,VRRM,24.28499984741211,24.28499984741211,24.30500030517578,24.280000686645508,24.30500030517578,21760.0
2024-04-24 15:59:00,VRTS,234.5,234.5,234.6999969482422,234.24000549316406,234.24000549316406,1932.0
2024-04-24 15:59:00,VRTX,400.6700134277344,400.6700134277344,400.9800109863281,400.57000732421875,400.9800109863281,21634.0
2024-04-24 15:59:00,VSAT,16.104999542236328,16.104999542236328,16.139999389648438,16.100000381469727,16.1299991607666,29835.0
2024-04-24 15:59:00,VSEC,78.61000061035156,78.61000061035156,78.80999755859375,78.61000061035156,78.66999816894531,2563.0
2024-04-24 15:59:00,VTGN,4.736000061035156,4.736000061035156,4.736000061035156,4.730000019073486,4.730000019073486,439.0
2024-04-24 15:59:00,VTNR,1.4299999475479126,1.4299999475479126,1.4299999475479126,1.4199999570846558,1.4249999523162842,49366.0
2024-04-24 15:59:00,VTRS,11.5600004196167,11.5600004196167,11.5600004196167,11.54010009765625,11.550000190734863,187322.0
2024-04-24 15:59:00,VTSI,12.260000228881836,12.260000228881836,12.300000190734863,12.260000228881836,12.289999961853027,1350.0
2024-04-24 15:59:00,VUZI,1.3250000476837158,1.3250000476837158,1.340000033378601,1.3200000524520874,1.3300000429153442,41910.0
2024-04-24 15:59:00,VVPR,3.569999933242798,3.569999933242798,3.5899999141693115,3.559999942779541,3.5899999141693115,4317.0
2024-04-24 15:59:00,VYGR,7.570000171661377,7.570000171661377,7.579999923706055,7.565000057220459,7.574999809265137,8029.0
2024-04-24 15:59:00,VYNE,2.569999933242798,2.569999933242798,2.569999933242798,2.559999942779541,2.569999933242798,726.0
2024-04-24 15:59:00,WABC,47.83000183105469,47.83000183105469,47.880001068115234,47.83000183105469,47.880001068115234,3535.0
2024-04-24 15:59:00,WAFD,28.3700008392334,28.3700008392334,28.420000076293945,28.360000610351562,28.40999984741211,18880.0
2024-04-24 15:59:00,WALD,5.349999904632568,5.349999904632568,5.349999904632568,5.300000190734863,5.300000190734863,3643.0
2024-04-24 15:59:00,WASH,26.510000228881836,26.510000228881836,26.510000228881836,26.469999313354492,26.479999542236328,3402.0
2024-04-24 15:59:00,WB,8.529999732971191,8.529999732971191,8.529999732971191,8.524999618530273,8.524999618530273,20209.0
2024-04-24 15:59:00,WBA,17.809999465942383,17.809999465942383,17.82990074157715,17.799999237060547,17.825000762939453,240356.0
2024-04-24 15:59:00,WBD,8.380000114440918,8.380000114440918,8.390000343322754,8.369999885559082,8.390000343322754,334176.0
2024-04-24 15:59:00,WDAY,255.75,255.75,255.75999450683594,255.60499572753906,255.75999450683594,42073.0
2024-04-24 15:59:00,WDC,69.58000183105469,69.58000183105469,69.5999984741211,69.54000091552734,69.55000305175781,90109.0
2024-04-24 15:59:00,WDFC,226.39999389648438,226.39999389648438,226.6199951171875,226.39999389648438,226.6199951171875,1813.0
2024-04-24 15:59:00,WEN,19.825000762939453,19.825000762939453,19.84000015258789,19.825000762939453,19.829999923706055,66918.0
2024-04-24 15:59:00,WERN,35.380001068115234,35.380001068115234,35.43000030517578,35.36000061035156,35.415000915527344,26478.0
2024-04-24 15:59:00,WEST,9.989999771118164,9.989999771118164,10.0,9.979999542236328,10.0,3118.0
2024-04-24 15:59:00,WFRD,125.16000366210938,125.16000366210938,125.16999816894531,124.81999969482422,124.91999816894531,76555.0
2024-04-24 15:59:00,WHF,12.979999542236328,12.979999542236328,13.0,12.979999542236328,12.989999771118164,2391.0
2024-04-24 15:59:00,WHLM,6.547500133514404,6.547500133514404,6.547500133514404,6.5,6.5,1572.0
2024-04-24 15:59:00,WIMI,1.149999976158142,1.149999976158142,1.159999966621399,1.1201000213623047,1.1299999952316284,76917.0
2024-04-24 15:59:00,WINA,372.6700134277344,372.6700134277344,372.6700134277344,371.75,371.75,1885.0
2024-04-24 15:59:00,WING,362.55999755859375,362.55999755859375,362.9700012207031,362.55999755859375,362.95001220703125,9942.0
2024-04-24 15:59:00,WISA,6.0,6.0,6.010000228881836,5.989999771118164,6.010000228881836,23115.0
2024-04-24 15:59:00,WIX,121.63500213623047,121.63500213623047,121.79000091552734,121.5999984741211,121.73999786376953,11483.0
2024-04-24 15:59:00,WKHS,0.1607999950647354,0.1607999950647354,0.1607999950647354,0.15940000116825104,0.1606999933719635,99531.0
2024-04-24 15:59:00,WKME,7.940000057220459,7.940000057220459,7.945000171661377,7.929999828338623,7.929999828338623,2021.0
2024-04-24 15:59:00,WLDN,28.040000915527344,28.040000915527344,28.045000076293945,28.040000915527344,28.045000076293945,1265.0
2024-04-24 15:59:00,WLDS,0.4586000144481659,0.4586000144481659,0.4586000144481659,0.454800009727478,0.454800009727478,1572.0
2024-04-24 15:59:00,WMG,31.950000762939453,31.950000762939453,31.9950008392334,31.940000534057617,31.9950008392334,64743.0
2024-04-24 15:59:00,WMPN,12.074999809265137,12.074999809265137,12.074999809265137,12.050000190734863,12.069999694824219,758.0
2024-04-24 15:59:00,WNEB,6.510000228881836,6.510000228881836,6.519999980926514,6.480000019073486,6.519999980926514,2535.0
2024-04-24 15:59:00,WPRT,5.619999885559082,5.619999885559082,5.639999866485596,5.619999885559082,5.639999866485596,676.0
2024-04-24 15:59:00,WRAP,1.9700000286102295,1.9700000286102295,1.975000023841858,1.9700000286102295,1.975000023841858,6703.0
2024-04-24 15:59:00,WRLD,137.9499969482422,137.9499969482422,137.9499969482422,137.9499969482422,137.9499969482422,635.0
2024-04-24 15:59:00,WRNT,0.2669999897480011,0.2669999897480011,0.2669999897480011,0.2669999897480011,0.2669999897480011,744.0
2024-04-24 15:59:00,WSBC,28.280000686645508,28.280000686645508,28.329999923706055,28.260000228881836,28.329999923706055,11593.0
2024-04-24 15:59:00,WSBF,12.34000015258789,12.34000015258789,12.34000015258789,12.289999961853027,12.291000366210938,2191.0
2024-04-24 15:59:00,WSC,38.189998626708984,38.189998626708984,38.2400016784668,38.18000030517578,38.224998474121094,39319.0
2024-04-24 15:59:00,WSFS,45.08000183105469,45.08000183105469,45.099998474121094,45.02000045776367,45.09000015258789,5603.0
2024-04-24 15:59:00,WTBA,16.969999313354492,16.969999313354492,16.969999313354492,16.709999084472656,16.959999084472656,1283.0
2024-04-24 15:59:00,WTFC,100.22000122070312,100.22000122070312,100.26000213623047,100.16999816894531,100.25,8715.0
2024-04-24 15:59:00,WTW,264.2699890136719,264.2699890136719,264.67999267578125,264.25,264.67999267578125,13092.0
2024-04-24 15:59:00,WVE,5.014999866485596,5.014999866485596,5.019999980926514,5.010000228881836,5.014999866485596,6913.0
2024-04-24 15:59:00,WW,1.659999966621399,1.659999966621399,1.6649999618530273,1.659999966621399,1.6649999618530273,52278.0
2024-04-24 15:59:00,WWD,149.60000610351562,149.60000610351562,149.77999877929688,149.36000061035156,149.72999572753906,15638.0
2024-04-24 15:59:00,WYNN,97.02999877929688,97.02999877929688,97.16000366210938,97.02999877929688,97.16000366210938,50076.0
2024-04-24 15:59:00,XBIT,8.119999885559082,8.119999885559082,8.130000114440918,8.074999809265137,8.125,1457.0
2024-04-24 15:59:00,XEL,55.349998474121094,55.349998474121094,55.38999938964844,55.310001373291016,55.38999938964844,174295.0
2024-04-24 15:59:00,XENE,39.4900016784668,39.4900016784668,39.56999969482422,39.45000076293945,39.540000915527344,12331.0
2024-04-24 15:59:00,XERS,1.7699999809265137,1.7699999809265137,1.7699999809265137,1.75,1.7599999904632568,45935.0
2024-04-24 15:59:00,XFOR,1.2899999618530273,1.2899999618530273,1.2899999618530273,1.2799999713897705,1.284999966621399,41272.0
2024-04-24 15:59:00,XLO,1.059999942779541,1.059999942779541,1.065000057220459,1.059999942779541,1.059999942779541,2059.0
2024-04-24 15:59:00,XMTR,16.889999389648438,16.889999389648438,16.889999389648438,16.809999465942383,16.81100082397461,29305.0
2024-04-24 15:59:00,XNCR,19.059999465942383,19.059999465942383,19.100000381469727,19.020000457763672,19.100000381469727,16753.0
2024-04-24 15:59:00,XOS,7.599999904632568,7.599999904632568,7.599999904632568,7.599999904632568,7.599999904632568,200.0
2024-04-24 15:59:00,XP,20.639999389648438,20.639999389648438,20.65999984741211,20.625,20.6299991607666,104845.0
2024-04-24 15:59:00,XPEL,55.970001220703125,55.970001220703125,55.970001220703125,55.79999923706055,55.79999923706055,12908.0
2024-04-24 15:59:00,XRX,14.364999771118164,14.364999771118164,14.390000343322754,14.350000381469727,14.380000114440918,147807.0
2024-04-24 15:59:00,XWEL,1.7999999523162842,1.7999999523162842,1.7999999523162842,1.7999999523162842,1.7999999523162842,509.0
2024-04-24 15:59:00,XXII,1.840000033378601,1.840000033378601,1.850100040435791,1.840000033378601,1.850000023841858,15739.0
2024-04-24 15:59:00,YMAB,15.260000228881836,15.260000228881836,15.329999923706055,15.260000228881836,15.319999694824219,7600.0
2024-04-24 15:59:00,YORW,35.5099983215332,35.5099983215332,35.5099983215332,35.5099983215332,35.5099983215332,796.0
2024-04-24 15:59:00,YTRA,1.25,1.25,1.25,1.249500036239624,1.249500036239624,3771.0
2024-04-24 15:59:00,Z,43.43000030517578,43.43000030517578,43.470001220703125,43.43000030517578,43.44499969482422,70472.0
2024-04-24 15:59:00,ZBRA,277.5,277.5,277.6300048828125,277.489990234375,277.54998779296875,5344.0
2024-04-24 15:59:00,ZCMD,1.5199999809265137,1.5199999809265137,1.5499999523162842,1.5199999809265137,1.5499999523162842,5127.0
2024-04-24 15:59:00,ZD,52.20000076293945,52.20000076293945,52.290000915527344,52.16999816894531,52.290000915527344,11691.0
2024-04-24 15:59:00,ZENV,2.200000047683716,2.200000047683716,2.200000047683716,2.199399948120117,2.199399948120117,931.0
2024-04-24 15:59:00,ZFOX,1.1399999856948853,1.1399999856948853,1.1399999856948853,1.1399999856948853,1.1399999856948853,1144.0
2024-04-24 15:59:00,ZG,42.869998931884766,42.869998931884766,42.90999984741211,42.869998931884766,42.88999938964844,16748.0
2024-04-24 15:59:00,ZI,15.885000228881836,15.885000228881836,15.899999618530273,15.880000114440918,15.885000228881836,54517.0
2024-04-24 15:59:00,ZIMV,15.770000457763672,15.770000457763672,15.829999923706055,15.770000457763672,15.819999694824219,3897.0
2024-04-24 15:59:00,ZION,42.150001525878906,42.150001525878906,42.209999084472656,42.150001525878906,42.185001373291016,54943.0
2024-04-24 15:59:00,ZIONO,25.450000762939453,25.450000762939453,25.450000762939453,25.450000762939453,25.450000762939453,193.0
2024-04-24 15:59:00,ZLAB,15.65999984741211,15.65999984741211,15.680000305175781,15.649999618530273,15.65999984741211,13846.0
2024-04-24 15:59:00,ZM,61.65999984741211,61.65999984741211,61.65999984741211,61.45000076293945,61.4900016784668,231778.0
2024-04-24 15:59:00,ZNTL,11.779999732971191,11.779999732971191,11.779999732971191,11.75,11.760000228881836,10858.0
2024-04-24 15:59:00,ZS,177.4600067138672,177.4600067138672,177.55999755859375,177.38999938964844,177.47999572753906,29481.0
2024-04-24 15:59:00,ZTEK,1.090000033378601,1.090000033378601,1.1299999952316284,1.090000033378601,1.1299999952316284,628.0
2024-04-24 15:59:00,ZUMZ,17.170000076293945,17.170000076293945,17.219999313354492,17.170000076293945,17.19099998474121,11134.0
2024-04-24 15:59:00,ZURA,3.309999942779541,3.309999942779541,3.309999942779541,3.25,3.25,10461.0
2024-04-24 15:59:00,ZVRA,4.565000057220459,4.565000057220459,4.570000171661377,4.559999942779541,4.565000057220459,3872.0
2024-04-24 15:59:00,ZVSA,0.6100000143051147,0.6100000143051147,0.6100000143051147,0.6000000238418579,0.6050999760627747,13220.0
2024-04-24 15:59:00,ZYME,8.550000190734863,8.550000190734863,8.5600004196167,8.539999961853027,8.539999961853027,13109.0
2024-04-24 15:59:00,ZYXI,11.25,11.25,11.260000228881836,11.229999542236328,11.239999771118164,5396.0
