Datetime,Ticker,Adj Close,Close,High,Low,Open,Volume
2025-06-20 09:30:00,AAG.V,,0.6800000071525574,0.6800000071525574,0.6700000166893005,0.6700000166893005,0.0
2025-06-20 09:30:00,AAZ.V,,0.019999999552965164,0.019999999552965164,0.019999999552965164,0.019999999552965164,0.0
2025-06-20 09:30:00,ABI.V,,0.05000000074505806,0.05000000074505806,0.05000000074505806,0.05000000074505806,0.0
2025-06-20 09:30:00,ABS-H.V,,1.9900000095367432,1.9900000095367432,1.9900000095367432,1.9900000095367432,0.0
2025-06-20 09:30:00,ACI-H.V,,0.004999999888241291,0.004999999888241291,0.004999999888241291,0.004999999888241291,0.0
2025-06-20 09:30:00,ADK.V,,0.20999999344348907,0.20999999344348907,0.20999999344348907,0.20999999344348907,0.0
2025-06-20 09:30:00,AE.V,,0.5099999904632568,0.5199999809265137,0.5099999904632568,0.5199999809265137,0.0
2025-06-20 09:30:00,AEC.V,,0.125,0.125,0.125,0.125,0.0
2025-06-20 09:30:00,AGH-H.V,,0.029999999329447746,0.029999999329447746,0.029999999329447746,0.029999999329447746,0.0
2025-06-20 09:30:00,AHM-H.V,,0.18000000715255737,0.18000000715255737,0.18000000715255737,0.18000000715255737,0.0
2025-06-20 09:30:00,AHR.V,,0.6800000071525574,0.6800000071525574,0.6800000071525574,0.6800000071525574,0.0
2025-06-20 09:30:00,ALAB-P.V,,0.11500000208616257,0.11500000208616257,0.11500000208616257,0.11500000208616257,0.0
2025-06-20 09:30:00,ALCC-P.V,,0.07000000029802322,0.07000000029802322,0.07000000029802322,0.07000000029802322,0.0
2025-06-20 09:30:00,ALDD-P.V,,0.07500000298023224,0.07500000298023224,0.07500000298023224,0.07500000298023224,0.0
2025-06-20 09:30:00,ALV.V,,7.0,7.0,7.0,7.0,0.0
2025-06-20 09:30:00,AMR.V,,0.03500000014901161,0.03500000014901161,0.03500000014901161,0.03500000014901161,0.0
2025-06-20 09:30:00,AMRQ.V,,1.5199999809265137,1.5199999809265137,1.5199999809265137,1.5199999809265137,0.0
2025-06-20 09:30:00,AMX.V,,1.4800000190734863,1.4800000190734863,1.4800000190734863,1.4800000190734863,0.0
2025-06-20 09:30:00,ANK.V,,0.18000000715255737,0.18000000715255737,0.18000000715255737,0.18000000715255737,0.0
2025-06-20 09:30:00,APGO.V,,0.4300000071525574,0.4300000071525574,0.4300000071525574,0.4300000071525574,0.0
2025-06-20 09:30:00,AQR-P.V,,0.03500000014901161,0.03500000014901161,0.03500000014901161,0.03500000014901161,0.0
2025-06-20 09:30:00,ARCH.V,,1.75,1.75,1.75,1.75,0.0
2025-06-20 09:30:00,ARH.V,,0.42500001192092896,0.42500001192092896,0.42500001192092896,0.42500001192092896,0.0
2025-06-20 09:30:00,ARIC.V,,0.5199999809265137,0.5199999809265137,0.5199999809265137,0.5199999809265137,0.0
2025-06-20 09:30:00,ARTG.V,,25.920000076293945,25.920000076293945,25.600000381469727,25.600000381469727,0.0
2025-06-20 09:30:00,ARU.V,,0.20999999344348907,0.20999999344348907,0.20999999344348907,0.20999999344348907,0.0
2025-06-20 09:30:00,ASI-H.V,,0.029999999329447746,0.029999999329447746,0.029999999329447746,0.029999999329447746,0.0
2025-06-20 09:30:00,ASTN-P.V,,0.03999999910593033,0.03999999910593033,0.03999999910593033,0.03999999910593033,0.0
2025-06-20 09:30:00,ASTR.V,,0.46000000834465027,0.46000000834465027,0.46000000834465027,0.46000000834465027,0.0
2025-06-20 09:30:00,ATOM.V,,0.019999999552965164,0.02500000037252903,0.019999999552965164,0.019999999552965164,107000.0
2025-06-20 09:30:00,AUL-H.V,,0.019999999552965164,0.019999999552965164,0.019999999552965164,0.019999999552965164,0.0
2025-06-20 09:30:00,AURX-H.V,,0.05000000074505806,0.05000000074505806,0.05000000074505806,0.05000000074505806,0.0
2025-06-20 09:30:00,AUX.V,,0.5699999928474426,0.5699999928474426,0.5699999928474426,0.5699999928474426,0.0
2025-06-20 09:30:00,AVN.V,,0.07000000029802322,0.07000000029802322,0.07000000029802322,0.07000000029802322,0.0
2025-06-20 09:30:00,AVX.V,,0.009999999776482582,0.009999999776482582,0.009999999776482582,0.009999999776482582,0.0
2025-06-20 09:30:00,AXL.V,,0.39500001072883606,0.39500001072883606,0.39500001072883606,0.39500001072883606,0.0
2025-06-20 09:30:00,AXM.V,,0.014999999664723873,0.014999999664723873,0.014999999664723873,0.014999999664723873,0.0
2025-06-20 09:30:00,AZM.V,,0.6299999952316284,0.6299999952316284,0.6299999952316284,0.6299999952316284,0.0
2025-06-20 09:30:00,BAQ-P.V,,0.029999999329447746,0.029999999329447746,0.029999999329447746,0.029999999329447746,0.0
2025-06-20 09:30:00,BARU.V,,0.07500000298023224,0.07500000298023224,0.07500000298023224,0.07500000298023224,0.0
2025-06-20 09:30:00,BAU.V,,0.10499999672174454,0.10499999672174454,0.10499999672174454,0.10499999672174454,0.0
2025-06-20 09:30:00,BFM.V,,0.23000000417232513,0.23000000417232513,0.23000000417232513,0.23000000417232513,0.0
2025-06-20 09:30:00,BLCC-P.V,,0.07999999821186066,0.07999999821186066,0.07999999821186066,0.07999999821186066,0.0
2025-06-20 09:30:00,BLM.V,,1.440000057220459,1.440000057220459,1.440000057220459,1.440000057220459,0.0
2025-06-20 09:30:00,BNKR.V,,0.12999999523162842,0.12999999523162842,0.12999999523162842,0.12999999523162842,0.0
2025-06-20 09:30:00,BNXA.V,,0.75,0.75,0.75,0.75,0.0
2025-06-20 09:30:00,BOL.V,,0.09000000357627869,0.09000000357627869,0.09000000357627869,0.09000000357627869,0.0
2025-06-20 09:30:00,BRC.V,,0.4350000023841858,0.4350000023841858,0.4350000023841858,0.4350000023841858,0.0
2025-06-20 09:30:00,BRN-PR-A.V,,25.600000381469727,25.600000381469727,25.600000381469727,25.600000381469727,0.0
2025-06-20 09:30:00,BRO.V,,0.10000000149011612,0.10000000149011612,0.10000000149011612,0.10000000149011612,0.0
2025-06-20 09:30:00,BRVO.V,,3.130000114440918,3.130000114440918,3.0799999237060547,3.109999895095825,0.0
2025-06-20 09:30:00,BTCW.V,,0.14499999582767487,0.14499999582767487,0.14499999582767487,0.14499999582767487,0.0
2025-06-20 09:30:00,CAD.V,,1.4600000381469727,1.4600000381469727,1.4600000381469727,1.4600000381469727,0.0
2025-06-20 09:30:00,CAM.V,,0.16500000655651093,0.16500000655651093,0.16500000655651093,0.16500000655651093,0.0
2025-06-20 09:30:00,CANB.V,,0.03999999910593033,0.03999999910593033,0.03999999910593033,0.03999999910593033,0.0
2025-06-20 09:30:00,CAPL-P.V,,0.18000000715255737,0.18000000715255737,0.18000000715255737,0.18000000715255737,0.0
2025-06-20 09:30:00,CBAR-P.V,,0.04500000178813934,0.04500000178813934,0.04500000178813934,0.04500000178813934,0.0
2025-06-20 09:30:00,CBG.V,,0.17000000178813934,0.17000000178813934,0.17000000178813934,0.17000000178813934,0.0
2025-06-20 09:30:00,CBIT.V,,0.054999999701976776,0.054999999701976776,0.054999999701976776,0.054999999701976776,0.0
2025-06-20 09:30:00,CBLU.V,,0.09000000357627869,0.09000000357627869,0.09000000357627869,0.09000000357627869,0.0
2025-06-20 09:30:00,CCB.V,,0.009999999776482582,0.009999999776482582,0.009999999776482582,0.009999999776482582,0.0
2025-06-20 09:30:00,CCE.V,,0.07500000298023224,0.07500000298023224,0.07500000298023224,0.07500000298023224,0.0
2025-06-20 09:30:00,CCMI.V,,0.029999999329447746,0.029999999329447746,0.029999999329447746,0.029999999329447746,0.0
2025-06-20 09:30:00,CDC-H.V,,0.05000000074505806,0.05000000074505806,0.05000000074505806,0.05000000074505806,0.0
2025-06-20 09:30:00,CEI.V,,0.8500000238418579,0.8500000238418579,0.8500000238418579,0.8500000238418579,0.0
2025-06-20 09:30:00,CERT.V,,0.6899999976158142,0.6899999976158142,0.6899999976158142,0.6899999976158142,0.0
2025-06-20 09:30:00,CGC.V,,0.30000001192092896,0.30000001192092896,0.30000001192092896,0.30000001192092896,0.0
2025-06-20 09:30:00,CH.V,,0.05999999865889549,0.05999999865889549,0.05999999865889549,0.05999999865889549,0.0
2025-06-20 09:30:00,CHN-H.V,,0.019999999552965164,0.019999999552965164,0.019999999552965164,0.019999999552965164,0.0
2025-06-20 09:30:00,CMC.V,,0.054999999701976776,0.054999999701976776,0.054999999701976776,0.054999999701976776,3490.0
2025-06-20 09:30:00,COR.V,,0.23000000417232513,0.23000000417232513,0.23000000417232513,0.23000000417232513,0.0
2025-06-20 09:30:00,CPER.V,,0.08500000089406967,0.08500000089406967,0.08500000089406967,0.08500000089406967,0.0
2025-06-20 09:30:00,CPL.V,,0.009999999776482582,0.009999999776482582,0.009999999776482582,0.009999999776482582,0.0
2025-06-20 09:30:00,CRE.V,,0.38999998569488525,0.38999998569488525,0.38999998569488525,0.38999998569488525,0.0
2025-06-20 09:30:00,CSTR.V,,0.019999999552965164,0.019999999552965164,0.019999999552965164,0.019999999552965164,52336.0
2025-06-20 09:30:00,CT-P.V,,0.15000000596046448,0.15000000596046448,0.15000000596046448,0.15000000596046448,0.0
2025-06-20 09:30:00,CTM.V,,0.10000000149011612,0.10000000149011612,0.0949999988079071,0.10000000149011612,0.0
2025-06-20 09:30:00,CTRL.V,,0.33000001311302185,0.33000001311302185,0.33000001311302185,0.33000001311302185,0.0
2025-06-20 09:30:00,CUU.V,,0.25999999046325684,0.25999999046325684,0.2549999952316284,0.2549999952316284,0.0
2025-06-20 09:30:00,CVI-P.V,,0.05999999865889549,0.05999999865889549,0.05999999865889549,0.05999999865889549,0.0
2025-06-20 09:30:00,CVX.V,,0.30000001192092896,0.3050000071525574,0.29499998688697815,0.29499998688697815,19250.0
2025-06-20 09:30:00,CYBE.V,,4.349999904632568,4.349999904632568,4.340000152587891,4.340000152587891,0.0
2025-06-20 09:30:00,CYX-H.V,,0.009999999776482582,0.009999999776482582,0.009999999776482582,0.009999999776482582,0.0
2025-06-20 09:30:00,DAN.V,,0.1550000011920929,0.1550000011920929,0.1550000011920929,0.1550000011920929,5400.0
2025-06-20 09:30:00,DAU.V,,0.08500000089406967,0.08500000089406967,0.08500000089406967,0.08500000089406967,0.0
2025-06-20 09:30:00,DB.V,,0.07000000029802322,0.07000000029802322,0.07000000029802322,0.07000000029802322,0.0
2025-06-20 09:30:00,DBG.V,,0.6700000166893005,0.6700000166893005,0.6700000166893005,0.6700000166893005,0.0
2025-06-20 09:30:00,DCY.V,,0.07000000029802322,0.07000000029802322,0.07000000029802322,0.07000000029802322,0.0
2025-06-20 09:30:00,DE.V,,7.269999980926514,7.269999980926514,7.269999980926514,7.269999980926514,0.0
2025-06-20 09:30:00,DFR.V,,0.014999999664723873,0.014999999664723873,0.014999999664723873,0.014999999664723873,100000.0
2025-06-20 09:30:00,DG.V,,0.05999999865889549,0.05999999865889549,0.05999999865889549,0.05999999865889549,0.0
2025-06-20 09:30:00,DLTA.V,,0.0949999988079071,0.0949999988079071,0.0949999988079071,0.0949999988079071,0.0
2025-06-20 09:30:00,DMGI.V,,0.23499999940395355,0.23999999463558197,0.23499999940395355,0.23999999463558197,0.0
2025-06-20 09:30:00,DMX.V,,0.6600000262260437,0.6600000262260437,0.6600000262260437,0.6600000262260437,0.0
2025-06-20 09:30:00,DUR-P.V,,0.15000000596046448,0.15000000596046448,0.15000000596046448,0.15000000596046448,0.0
2025-06-20 09:30:00,DV.V,,4.619999885559082,4.650000095367432,4.599999904632568,4.599999904632568,0.0
2025-06-20 09:30:00,DVC-H.V,,0.07500000298023224,0.07500000298023224,0.07500000298023224,0.07500000298023224,0.0
2025-06-20 09:30:00,DVG.V,,0.004999999888241291,0.004999999888241291,0.004999999888241291,0.004999999888241291,0.0
2025-06-20 09:30:00,DXI-H.V,,0.1599999964237213,0.1599999964237213,0.1599999964237213,0.1599999964237213,0.0
2025-06-20 09:30:00,EAM.V,,0.11500000208616257,0.11500000208616257,0.11500000208616257,0.11500000208616257,0.0
2025-06-20 09:30:00,ECCS-P.V,,0.1599999964237213,0.1599999964237213,0.1599999964237213,0.1599999964237213,0.0
2025-06-20 09:30:00,EDW-H.V,,0.0949999988079071,0.0949999988079071,0.0949999988079071,0.0949999988079071,0.0
2025-06-20 09:30:00,EFV.V,,0.004999999888241291,0.004999999888241291,0.004999999888241291,0.004999999888241291,0.0
2025-06-20 09:30:00,EGT.V,,0.07000000029802322,0.07000000029802322,0.07000000029802322,0.07000000029802322,0.0
2025-06-20 09:30:00,EKG.V,,0.009999999776482582,0.009999999776482582,0.009999999776482582,0.009999999776482582,27000.0
2025-06-20 09:30:00,ELE.V,,1.7200000286102295,1.7300000190734863,1.7100000381469727,1.7100000381469727,0.0
2025-06-20 09:30:00,ELEC.V,,0.11999999731779099,0.11999999731779099,0.11999999731779099,0.11999999731779099,0.0
2025-06-20 09:30:00,ELY.V,,0.05999999865889549,0.05999999865889549,0.05999999865889549,0.05999999865889549,0.0
2025-06-20 09:30:00,EMO.V,,1.2799999713897705,1.2799999713897705,1.2799999713897705,1.2799999713897705,0.0
2025-06-20 09:30:00,EMPR.V,,0.6700000166893005,0.6700000166893005,0.6700000166893005,0.6700000166893005,0.0
2025-06-20 09:30:00,EMX.V,,3.2899999618530273,3.309999942779541,3.2899999618530273,3.299999952316284,0.0
2025-06-20 09:30:00,ENDR.V,,0.16500000655651093,0.16500000655651093,0.16500000655651093,0.16500000655651093,0.0
2025-06-20 09:30:00,EOG.V,,0.1850000023841858,0.1850000023841858,0.1850000023841858,0.1850000023841858,0.0
2025-06-20 09:30:00,EQ.V,,0.9800000190734863,0.9800000190734863,0.9800000190734863,0.9800000190734863,0.0
2025-06-20 09:30:00,ETF.V,,0.02500000037252903,0.02500000037252903,0.02500000037252903,0.02500000037252903,0.0
2025-06-20 09:30:00,ETL.V,,0.7900000214576721,0.7900000214576721,0.7900000214576721,0.7900000214576721,0.0
2025-06-20 09:30:00,EW.V,,0.03999999910593033,0.03999999910593033,0.03999999910593033,0.03999999910593033,0.0
2025-06-20 09:30:00,FIND.V,,0.125,0.125,0.125,0.125,0.0
2025-06-20 09:30:00,GROW.V,,0.019999999552965164,0.019999999552965164,0.019999999552965164,0.019999999552965164,0.0
2025-06-20 09:30:00,LIT.V,,0.06499999761581421,0.06499999761581421,0.06499999761581421,0.06499999761581421,0.0
2025-06-20 09:30:00,LOVE.V,,1.3200000524520874,1.3200000524520874,1.3200000524520874,1.3200000524520874,0.0
2025-06-20 09:30:00,MATE.V,,0.10499999672174454,0.10499999672174454,0.10499999672174454,0.10499999672174454,0.0
2025-06-20 09:30:00,NET-UN.V,,5.400000095367432,5.400000095367432,5.400000095367432,5.400000095367432,0.0
2025-06-20 09:30:00,NLTA-H.V,,0.014999999664723873,0.014999999664723873,0.014999999664723873,0.014999999664723873,0.0
2025-06-20 09:30:00,OYL.V,,0.07500000298023224,0.07500000298023224,0.07500000298023224,0.07500000298023224,0.0
2025-06-20 09:30:00,RABI.V,,0.004999999888241291,0.004999999888241291,0.004999999888241291,0.004999999888241291,0.0
2025-06-20 09:30:00,SPOT.V,,0.25999999046325684,0.25999999046325684,0.25999999046325684,0.25999999046325684,0.0
2025-06-20 09:30:00,TAU.V,,1.0499999523162842,1.0499999523162842,1.0499999523162842,1.0499999523162842,0.0
2025-06-20 09:30:00,VISN-H.V,,0.08500000089406967,0.08500000089406967,0.08500000089406967,0.08500000089406967,0.0
2025-06-20 09:30:00,WAGR.V,,0.009999999776482582,0.009999999776482582,0.009999999776482582,0.009999999776482582,0.0
2025-06-20 09:30:00,XX.V,,0.8199999928474426,0.8199999928474426,0.8199999928474426,0.8199999928474426,0.0
2025-06-20 09:31:00,ARTG.V,,25.610000610351562,25.610000610351562,25.610000610351562,25.610000610351562,100.0
2025-06-20 09:31:00,ASTR.V,,0.46000000834465027,0.46000000834465027,0.46000000834465027,0.46000000834465027,0.0
2025-06-20 09:31:00,AUX.V,,0.5699999928474426,0.5699999928474426,0.5699999928474426,0.5699999928474426,5000.0
2025-06-20 09:31:00,BARU.V,,0.07500000298023224,0.07500000298023224,0.07500000298023224,0.07500000298023224,204000.0
2025-06-20 09:31:00,BAU.V,,0.10499999672174454,0.10499999672174454,0.10499999672174454,0.10499999672174454,7000.0
2025-06-20 09:31:00,BEX.V,,0.07500000298023224,0.07500000298023224,0.07500000298023224,0.07500000298023224,0.0
2025-06-20 09:31:00,BTCW.V,,0.14000000059604645,0.14000000059604645,0.14000000059604645,0.14000000059604645,7000.0
2025-06-20 09:31:00,CGC.V,,0.30000001192092896,0.30000001192092896,0.30000001192092896,0.30000001192092896,5000.0
2025-06-20 09:31:00,COSA.V,,0.20999999344348907,0.20999999344348907,0.20999999344348907,0.20999999344348907,0.0
2025-06-20 09:31:00,CYBE.V,,4.360000133514404,4.360000133514404,4.360000133514404,4.360000133514404,1100.0
2025-06-20 09:31:00,DMGI.V,,0.23000000417232513,0.23499999940395355,0.23000000417232513,0.23499999940395355,10000.0
2025-06-20 09:31:00,DV.V,,4.590000152587891,4.610000133514404,4.590000152587891,4.610000133514404,2100.0
2025-06-20 09:31:00,EMO.V,,1.2699999809265137,1.2799999713897705,1.2699999809265137,1.2799999713897705,3761.0
2025-06-20 09:32:00,BRC.V,,0.4300000071525574,0.4300000071525574,0.4300000071525574,0.4300000071525574,2000.0
2025-06-20 09:32:00,CAM.V,,0.16500000655651093,0.16500000655651093,0.16500000655651093,0.16500000655651093,10000.0
2025-06-20 09:32:00,CCMI.V,,0.029999999329447746,0.029999999329447746,0.029999999329447746,0.029999999329447746,0.0
2025-06-20 09:32:00,CH.V,,0.05999999865889549,0.05999999865889549,0.05999999865889549,0.05999999865889549,20000.0
2025-06-20 09:32:00,CTM.V,,0.0949999988079071,0.0949999988079071,0.0949999988079071,0.0949999988079071,0.0
2025-06-20 09:32:00,CYBE.V,,4.360000133514404,4.360000133514404,4.360000133514404,4.360000133514404,500.0
2025-06-20 09:32:00,DBG.V,,0.6800000071525574,0.6800000071525574,0.6800000071525574,0.6800000071525574,1000.0
2025-06-20 09:33:00,ARTG.V,,25.610000610351562,25.610000610351562,25.610000610351562,25.610000610351562,200.0
2025-06-20 09:33:00,BILD.V,,1.3300000429153442,1.3300000429153442,1.3300000429153442,1.3300000429153442,0.0
2025-06-20 09:33:00,CH.V,,0.054999999701976776,0.054999999701976776,0.054999999701976776,0.054999999701976776,1000.0
2025-06-20 09:33:00,CVV.V,,0.8600000143051147,0.8600000143051147,0.8600000143051147,0.8600000143051147,0.0
2025-06-20 09:33:00,DMGI.V,,0.23999999463558197,0.23999999463558197,0.23999999463558197,0.23999999463558197,0.0
2025-06-20 09:33:00,DV.V,,4.570000171661377,4.570000171661377,4.570000171661377,4.570000171661377,0.0
2025-06-20 09:33:00,ENDR.V,,0.17000000178813934,0.17000000178813934,0.17000000178813934,0.17000000178813934,0.0
2025-06-20 09:34:00,AE.V,,0.5099999904632568,0.5099999904632568,0.5099999904632568,0.5099999904632568,0.0
2025-06-20 09:34:00,ARTG.V,,25.600000381469727,25.610000610351562,25.600000381469727,25.610000610351562,2200.0
2025-06-20 09:34:00,BRC.V,,0.42500001192092896,0.42500001192092896,0.42500001192092896,0.42500001192092896,18000.0
2025-06-20 09:34:00,CAM.V,,0.16500000655651093,0.16500000655651093,0.16500000655651093,0.16500000655651093,0.0
2025-06-20 09:34:00,COSA.V,,0.2150000035762787,0.2150000035762787,0.2150000035762787,0.2150000035762787,500.0
2025-06-20 09:34:00,CUU.V,,0.24500000476837158,0.24500000476837158,0.24500000476837158,0.24500000476837158,0.0
2025-06-20 09:34:00,DBG.V,,0.6899999976158142,0.6899999976158142,0.6899999976158142,0.6899999976158142,0.0
2025-06-20 09:34:00,DMX.V,,0.6600000262260437,0.6600000262260437,0.6600000262260437,0.6600000262260437,21600.0
2025-06-20 09:34:00,ETL.V,,0.7900000214576721,0.7900000214576721,0.7900000214576721,0.7900000214576721,0.0
2025-06-20 09:35:00,AAG.V,,0.6700000166893005,0.6700000166893005,0.6700000166893005,0.6700000166893005,2000.0
2025-06-20 09:35:00,ARTG.V,,25.389999389648438,25.389999389648438,25.389999389648438,25.389999389648438,300.0
2025-06-20 09:35:00,AUX.V,,0.5699999928474426,0.5699999928474426,0.5699999928474426,0.5699999928474426,13500.0
2025-06-20 09:35:00,BARU.V,,0.07500000298023224,0.07500000298023224,0.07500000298023224,0.07500000298023224,0.0
2025-06-20 09:35:00,BTCW.V,,0.14499999582767487,0.14499999582767487,0.14499999582767487,0.14499999582767487,0.0
2025-06-20 09:35:00,CGC.V,,0.30000001192092896,0.30000001192092896,0.30000001192092896,0.30000001192092896,11000.0
2025-06-20 09:35:00,CYBE.V,,4.360000133514404,4.360000133514404,4.360000133514404,4.360000133514404,1500.0
2025-06-20 09:35:00,EMNT.V,,0.38499999046325684,0.38499999046325684,0.38499999046325684,0.38499999046325684,0.0
2025-06-20 09:35:00,EMO.V,,1.2599999904632568,1.2599999904632568,1.2599999904632568,1.2599999904632568,800.0
2025-06-20 09:36:00,ARTG.V,,25.399999618530273,25.399999618530273,25.399999618530273,25.399999618530273,100.0
2025-06-20 09:36:00,AUX.V,,0.5699999928474426,0.5699999928474426,0.5699999928474426,0.5699999928474426,3000.0
2025-06-20 09:36:00,BRC.V,,0.42500001192092896,0.42500001192092896,0.42500001192092896,0.42500001192092896,1000.0
2025-06-20 09:36:00,CBLU.V,,0.09000000357627869,0.09000000357627869,0.09000000357627869,0.09000000357627869,0.0
2025-06-20 09:37:00,AMRQ.V,,1.5099999904632568,1.5099999904632568,1.5099999904632568,1.5099999904632568,500.0
2025-06-20 09:37:00,ARTG.V,,24.989999771118164,25.389999389648438,24.989999771118164,25.389999389648438,4477.0
2025-06-20 09:37:00,AUX.V,,0.5699999928474426,0.5699999928474426,0.5699999928474426,0.5699999928474426,15000.0
2025-06-20 09:37:00,CAD.V,,1.4550000429153442,1.4550000429153442,1.4550000429153442,1.4550000429153442,100.0
2025-06-20 09:37:00,CH.V,,0.054999999701976776,0.054999999701976776,0.054999999701976776,0.054999999701976776,0.0
2025-06-20 09:37:00,DMX.V,,0.6600000262260437,0.6600000262260437,0.6600000262260437,0.6600000262260437,60000.0
2025-06-20 09:38:00,AAG.V,,0.6700000166893005,0.6700000166893005,0.6700000166893005,0.6700000166893005,0.0
2025-06-20 09:38:00,AIR.V,,0.05000000074505806,0.05000000074505806,0.05000000074505806,0.05000000074505806,0.0
2025-06-20 09:38:00,AMRQ.V,,1.5199999809265137,1.5199999809265137,1.5199999809265137,1.5199999809265137,0.0
2025-06-20 09:38:00,ARTG.V,,24.989999771118164,25.174999237060547,24.989999771118164,25.0,1880.0
2025-06-20 09:38:00,AUX.V,,0.5699999928474426,0.5799999833106995,0.5699999928474426,0.5699999928474426,35000.0
2025-06-20 09:38:00,AXL.V,,0.39500001072883606,0.4000000059604645,0.39500001072883606,0.4000000059604645,7213.0
2025-06-20 09:38:00,CAPT.V,,0.8999999761581421,0.9300000071525574,0.8999999761581421,0.9300000071525574,0.0
2025-06-20 09:38:00,CPER.V,,0.08500000089406967,0.08500000089406967,0.08500000089406967,0.08500000089406967,10000.0
2025-06-20 09:38:00,DME.V,,0.20000000298023224,0.20000000298023224,0.20000000298023224,0.20000000298023224,0.0
2025-06-20 09:38:00,DMX.V,,0.6600000262260437,0.6600000262260437,0.6600000262260437,0.6600000262260437,56400.0
2025-06-20 09:38:00,EMO.V,,1.2599999904632568,1.2599999904632568,1.2599999904632568,1.2599999904632568,200.0
2025-06-20 09:38:00,EMX.V,,3.2899999618530273,3.2899999618530273,3.2799999713897705,3.2799999713897705,1500.0
2025-06-20 09:39:00,AHR.V,,0.6800000071525574,0.6800000071525574,0.6800000071525574,0.6800000071525574,0.0
2025-06-20 09:39:00,ARTG.V,,24.889999389648438,25.020000457763672,24.8799991607666,25.0,1300.0
2025-06-20 09:39:00,AUX.V,,0.5699999928474426,0.5699999928474426,0.5699999928474426,0.5699999928474426,15500.0
2025-06-20 09:39:00,AXL.V,,0.3700000047683716,0.3799999952316284,0.36000001430511475,0.3799999952316284,174200.0
2025-06-20 09:39:00,BAU.V,,0.10499999672174454,0.10499999672174454,0.10499999672174454,0.10499999672174454,0.0
2025-06-20 09:39:00,CAPT.V,,0.8600000143051147,0.8600000143051147,0.8600000143051147,0.8600000143051147,0.0
2025-06-20 09:39:00,CD.V,,0.18000000715255737,0.18000000715255737,0.18000000715255737,0.18000000715255737,0.0
2025-06-20 09:39:00,DMX.V,,0.6600000262260437,0.6600000262260437,0.6600000262260437,0.6600000262260437,90000.0
2025-06-20 09:40:00,ARTG.V,,24.850000381469727,24.889999389648438,24.850000381469727,24.889999389648438,700.0
2025-06-20 09:40:00,CBR.V,,0.38499999046325684,0.38499999046325684,0.38499999046325684,0.38499999046325684,0.0
2025-06-20 09:40:00,CERT.V,,0.699999988079071,0.699999988079071,0.699999988079071,0.699999988079071,0.0
2025-06-20 09:40:00,CGC.V,,0.30000001192092896,0.30000001192092896,0.30000001192092896,0.30000001192092896,0.0
2025-06-20 09:40:00,CPER.V,,0.08500000089406967,0.08500000089406967,0.08500000089406967,0.08500000089406967,0.0
2025-06-20 09:40:00,ELE.V,,1.7200000286102295,1.7200000286102295,1.7200000286102295,1.7200000286102295,0.0
2025-06-20 09:40:00,EMX.V,,3.309999942779541,3.309999942779541,3.299999952316284,3.299999952316284,500.0
2025-06-20 09:41:00,AUX.V,,0.5699999928474426,0.5699999928474426,0.5699999928474426,0.5699999928474426,0.0
2025-06-20 09:41:00,AWX.V,,0.10000000149011612,0.10000000149011612,0.10000000149011612,0.10000000149011612,0.0
2025-06-20 09:41:00,COSA.V,,0.2150000035762787,0.2150000035762787,0.2150000035762787,0.2150000035762787,0.0
2025-06-20 09:42:00,AEC.V,,0.125,0.125,0.125,0.125,103500.0
2025-06-20 09:42:00,ARTG.V,,25.280000686645508,25.280000686645508,25.200000762939453,25.200000762939453,1000.0
2025-06-20 09:42:00,AXL.V,,0.375,0.375,0.375,0.375,12000.0
2025-06-20 09:42:00,BCF.V,,9.199999809265137,9.199999809265137,9.199999809265137,9.199999809265137,0.0
2025-06-20 09:42:00,BFM.V,,0.23000000417232513,0.23000000417232513,0.23000000417232513,0.23000000417232513,2000.0
2025-06-20 09:42:00,BRVO.V,,3.009999990463257,3.049999952316284,3.009999990463257,3.049999952316284,4410.0
2025-06-20 09:42:00,CBA.V,,0.029999999329447746,0.029999999329447746,0.029999999329447746,0.029999999329447746,0.0
2025-06-20 09:42:00,CUU.V,,0.25,0.25,0.25,0.25,0.0
2025-06-20 09:42:00,GUS.V,,0.800000011920929,0.800000011920929,0.800000011920929,0.800000011920929,0.0
2025-06-20 09:43:00,ADK.V,,0.20499999821186066,0.20499999821186066,0.20499999821186066,0.20499999821186066,2000.0
2025-06-20 09:43:00,ARTG.V,,25.239999771118164,25.290000915527344,24.950000762939453,24.950000762939453,700.0
2025-06-20 09:43:00,BNKR.V,,0.125,0.125,0.125,0.125,11000.0
2025-06-20 09:43:00,BQE.V,,52.0,52.0,52.0,52.0,0.0
2025-06-20 09:43:00,DBG.V,,0.6700000166893005,0.6700000166893005,0.6700000166893005,0.6700000166893005,6500.0
2025-06-20 09:44:00,ADK.V,,0.20499999821186066,0.20499999821186066,0.20499999821186066,0.20499999821186066,12200.0
2025-06-20 09:44:00,AEC.V,,0.125,0.125,0.125,0.125,20500.0
2025-06-20 09:44:00,ARTG.V,,25.229999542236328,25.280000686645508,25.09000015258789,25.100000381469727,700.0
2025-06-20 09:44:00,BRAU.V,,0.10999999940395355,0.10999999940395355,0.10999999940395355,0.10999999940395355,0.0
2025-06-20 09:44:00,BRC.V,,0.42500001192092896,0.42500001192092896,0.42500001192092896,0.42500001192092896,9500.0
2025-06-20 09:44:00,CAD.V,,1.4550000429153442,1.4550000429153442,1.4550000429153442,1.4550000429153442,700.0
2025-06-20 09:44:00,CVV.V,,0.8399999737739563,0.8399999737739563,0.8399999737739563,0.8399999737739563,58203.0
2025-06-20 09:44:00,DEFN.V,,0.1899999976158142,0.1899999976158142,0.1899999976158142,0.1899999976158142,0.0
2025-06-20 09:44:00,DMGI.V,,0.23999999463558197,0.23999999463558197,0.23999999463558197,0.23999999463558197,32440.0
2025-06-20 09:44:00,EMO.V,,1.2599999904632568,1.2599999904632568,1.2599999904632568,1.2599999904632568,900.0
2025-06-20 09:44:00,EMPR.V,,0.6600000262260437,0.6600000262260437,0.6600000262260437,0.6600000262260437,0.0
2025-06-20 09:44:00,TAU.V,,1.0499999523162842,1.0499999523162842,1.0499999523162842,1.0499999523162842,6200.0
2025-06-20 09:45:00,AEC.V,,0.125,0.125,0.125,0.125,6000.0
2025-06-20 09:45:00,BARU.V,,0.07999999821186066,0.07999999821186066,0.07999999821186066,0.07999999821186066,351000.0
2025-06-20 09:45:00,BRC.V,,0.42500001192092896,0.42500001192092896,0.42500001192092896,0.42500001192092896,500.0
2025-06-20 09:45:00,CVW.V,,0.9800000190734863,0.9800000190734863,0.9800000190734863,0.9800000190734863,0.0
2025-06-20 09:45:00,CYBE.V,,4.360000133514404,4.360000133514404,4.360000133514404,4.360000133514404,2000.0
2025-06-20 09:45:00,DMX.V,,0.6650000214576721,0.6650000214576721,0.6650000214576721,0.6650000214576721,81500.0
2025-06-20 09:45:00,DV.V,,4.590000152587891,4.590000152587891,4.590000152587891,4.590000152587891,8330.0
2025-06-20 09:45:00,EMO.V,,1.2699999809265137,1.2699999809265137,1.2699999809265137,1.2699999809265137,4800.0
2025-06-20 09:45:00,EMX.V,,3.309999942779541,3.309999942779541,3.309999942779541,3.309999942779541,1600.0
2025-06-20 09:45:00,EQ.V,,0.9700000286102295,0.9700000286102295,0.9700000286102295,0.9700000286102295,0.0
2025-06-20 09:46:00,AEC.V,,0.125,0.125,0.125,0.125,1000.0
2025-06-20 09:46:00,ARH.V,,0.41999998688697815,0.4300000071525574,0.41999998688697815,0.4300000071525574,98361.0
2025-06-20 09:46:00,ARTG.V,,25.299999237060547,25.3799991607666,25.149999618530273,25.149999618530273,2200.0
2025-06-20 09:46:00,AXL.V,,0.3799999952316284,0.3799999952316284,0.3799999952316284,0.3799999952316284,3178.0
2025-06-20 09:46:00,BARU.V,,0.07999999821186066,0.07999999821186066,0.07999999821186066,0.07999999821186066,374000.0
2025-06-20 09:46:00,CEQ.V,,0.06499999761581421,0.06499999761581421,0.06499999761581421,0.06499999761581421,0.0
2025-06-20 09:46:00,DMX.V,,0.6700000166893005,0.6700000166893005,0.6700000166893005,0.6700000166893005,1178.0
2025-06-20 09:46:00,EMX.V,,3.319999933242798,3.319999933242798,3.319999933242798,3.319999933242798,2500.0
2025-06-20 09:46:00,KORE.V,,0.03500000014901161,0.03500000014901161,0.03500000014901161,0.03500000014901161,0.0
2025-06-20 09:47:00,ARH.V,,0.41999998688697815,0.41999998688697815,0.41499999165534973,0.41499999165534973,1541.0
2025-06-20 09:47:00,ARTG.V,,25.40999984741211,25.40999984741211,25.325000762939453,25.325000762939453,200.0
2025-06-20 09:47:00,CAPT.V,,0.8600000143051147,0.8600000143051147,0.8600000143051147,0.8600000143051147,16240.0
2025-06-20 09:47:00,CH.V,,0.05999999865889549,0.05999999865889549,0.05999999865889549,0.05999999865889549,0.0
2025-06-20 09:47:00,COSA.V,,0.2150000035762787,0.2150000035762787,0.2150000035762787,0.2150000035762787,0.0
2025-06-20 09:47:00,NET-UN.V,,5.400000095367432,5.400000095367432,5.400000095367432,5.400000095367432,1007.0
2025-06-20 09:48:00,AEC.V,,0.125,0.125,0.125,0.125,0.0
2025-06-20 09:48:00,AMX.V,,1.4900000095367432,1.4900000095367432,1.4900000095367432,1.4900000095367432,0.0
2025-06-20 09:48:00,ARTG.V,,25.334999084472656,25.334999084472656,25.299999237060547,25.299999237060547,502.0
2025-06-20 09:48:00,AWX.V,,0.0949999988079071,0.0949999988079071,0.0949999988079071,0.0949999988079071,30500.0
2025-06-20 09:48:00,BCF.V,,9.149999618530273,9.149999618530273,9.149999618530273,9.149999618530273,0.0
2025-06-20 09:48:00,BRVO.V,,3.0,3.0199999809265137,3.0,3.0199999809265137,925.0
2025-06-20 09:48:00,CAD.V,,1.4500000476837158,1.4500000476837158,1.4500000476837158,1.4500000476837158,170.0
2025-06-20 09:48:00,DE.V,,7.269999980926514,7.269999980926514,7.269999980926514,7.269999980926514,260.0
2025-06-20 09:48:00,DMGI.V,,0.24500000476837158,0.24500000476837158,0.24500000476837158,0.24500000476837158,8000.0
2025-06-20 09:48:00,EMX.V,,3.325000047683716,3.3299999237060547,3.325000047683716,3.3299999237060547,1400.0
2025-06-20 09:48:00,PERU.V,,0.07999999821186066,0.08500000089406967,0.07999999821186066,0.08500000089406967,0.0
2025-06-20 09:49:00,ASTR.V,,0.44999998807907104,0.46000000834465027,0.44999998807907104,0.46000000834465027,12100.0
2025-06-20 09:49:00,BFM.V,,0.23000000417232513,0.23000000417232513,0.23000000417232513,0.23000000417232513,0.0
2025-06-20 09:49:00,BRC.V,,0.42500001192092896,0.42500001192092896,0.42500001192092896,0.42500001192092896,3000.0
2025-06-20 09:49:00,CASA.V,,0.07000000029802322,0.07000000029802322,0.07000000029802322,0.07000000029802322,96020.0
2025-06-20 09:49:00,CPER.V,,0.08500000089406967,0.08749999850988388,0.08500000089406967,0.08749999850988388,205000.0
2025-06-20 09:49:00,DLTA.V,,0.10000000149011612,0.10000000149011612,0.10000000149011612,0.10000000149011612,105000.0
2025-06-20 09:49:00,EMO.V,,1.2599999904632568,1.2599999904632568,1.2599999904632568,1.2599999904632568,500.0
2025-06-20 09:50:00,ALV.V,,6.900000095367432,6.900000095367432,6.900000095367432,6.900000095367432,1122.0
2025-06-20 09:50:00,AMRQ.V,,1.5199999809265137,1.5199999809265137,1.5199999809265137,1.5199999809265137,3037.0
2025-06-20 09:50:00,ARTG.V,,25.030000686645508,25.25,25.030000686645508,25.25,1502.0
2025-06-20 09:50:00,BNKR.V,,0.125,0.125,0.125,0.125,1500.0
2025-06-20 09:50:00,CAD.V,,1.4500000476837158,1.4500000476837158,1.4500000476837158,1.4500000476837158,0.0
2025-06-20 09:50:00,CBIT.V,,0.054999999701976776,0.054999999701976776,0.054999999701976776,0.054999999701976776,0.0
2025-06-20 09:50:00,CPER.V,,0.08500000089406967,0.08500000089406967,0.08500000089406967,0.08500000089406967,15000.0
2025-06-20 09:50:00,DMGI.V,,0.24500000476837158,0.24500000476837158,0.24500000476837158,0.24500000476837158,6000.0
2025-06-20 09:50:00,DV.V,,4.590000152587891,4.590000152587891,4.590000152587891,4.590000152587891,100.0
2025-06-20 09:51:00,AMRQ.V,,1.5199999809265137,1.5199999809265137,1.5199999809265137,1.5199999809265137,2000.0
2025-06-20 09:51:00,ARTG.V,,25.100000381469727,25.100000381469727,25.049999237060547,25.049999237060547,300.0
2025-06-20 09:51:00,BMM.V,,1.7999999523162842,1.7999999523162842,1.7999999523162842,1.7999999523162842,500.0
2025-06-20 09:51:00,CPER.V,,0.08500000089406967,0.08500000089406967,0.08500000089406967,0.08500000089406967,15000.0
2025-06-20 09:51:00,CTRL.V,,0.33000001311302185,0.33000001311302185,0.33000001311302185,0.33000001311302185,14550.0
2025-06-20 09:51:00,EMX.V,,3.3299999237060547,3.3299999237060547,3.3299999237060547,3.3299999237060547,500.0
2025-06-20 09:51:00,PERU.V,,0.07500000298023224,0.07999999821186066,0.07500000298023224,0.07999999821186066,36000.0
2025-06-20 09:52:00,AE.V,,0.5,0.5,0.5,0.5,55581.0
2025-06-20 09:52:00,BRVO.V,,3.0799999237060547,3.0799999237060547,3.0,3.0,5800.0
2025-06-20 09:52:00,DMGI.V,,0.24500000476837158,0.24500000476837158,0.24500000476837158,0.24500000476837158,0.0
2025-06-20 09:52:00,PERU.V,,0.07500000298023224,0.07500000298023224,0.07500000298023224,0.07500000298023224,0.0
2025-06-20 09:53:00,AMRQ.V,,1.5199999809265137,1.5199999809265137,1.5199999809265137,1.5199999809265137,0.0
2025-06-20 09:53:00,BRAU.V,,0.10499999672174454,0.10499999672174454,0.10499999672174454,0.10499999672174454,0.0
2025-06-20 09:53:00,CPL.V,,0.009999999776482582,0.009999999776482582,0.009999999776482582,0.009999999776482582,0.0
2025-06-20 09:53:00,CTRL.V,,0.33000001311302185,0.33000001311302185,0.33000001311302185,0.33000001311302185,0.0
2025-06-20 09:53:00,DE.V,,7.349999904632568,7.349999904632568,7.349999904632568,7.349999904632568,0.0
2025-06-20 09:54:00,AHR.V,,0.6800000071525574,0.6800000071525574,0.6800000071525574,0.6800000071525574,8500.0
2025-06-20 09:54:00,ALV.V,,6.849999904632568,6.849999904632568,6.849999904632568,6.849999904632568,731.0
2025-06-20 09:54:00,ASTR.V,,0.46000000834465027,0.46000000834465027,0.46000000834465027,0.46000000834465027,0.0
2025-06-20 09:54:00,CPER.V,,0.08500000089406967,0.08500000089406967,0.08500000089406967,0.08500000089406967,0.0
2025-06-20 09:55:00,ARTG.V,,25.059999465942383,25.059999465942383,25.059999465942383,25.059999465942383,310.0
2025-06-20 09:55:00,AUX.V,,0.5699999928474426,0.5699999928474426,0.5699999928474426,0.5699999928474426,108900.0
2025-06-20 09:55:00,BRC.V,,0.42500001192092896,0.42500001192092896,0.42500001192092896,0.42500001192092896,500.0
2025-06-20 09:55:00,CDA.V,,0.05000000074505806,0.05000000074505806,0.05000000074505806,0.05000000074505806,0.0
2025-06-20 09:55:00,CRE.V,,0.3799999952316284,0.3799999952316284,0.3799999952316284,0.3799999952316284,0.0
2025-06-20 09:55:00,CVV.V,,0.8399999737739563,0.8399999737739563,0.8399999737739563,0.8399999737739563,3500.0
2025-06-20 09:55:00,TAU.V,,1.0399999618530273,1.0449999570846558,1.0399999618530273,1.0449999570846558,3000.0
2025-06-20 09:56:00,APGO.V,,0.42500001192092896,0.42500001192092896,0.42500001192092896,0.42500001192092896,0.0
2025-06-20 09:56:00,ARTG.V,,25.049999237060547,25.059999465942383,25.049999237060547,25.059999465942383,300.0
2025-06-20 09:56:00,CVV.V,,0.8399999737739563,0.8399999737739563,0.8399999737739563,0.8399999737739563,2000.0
2025-06-20 09:56:00,EMO.V,,1.2599999904632568,1.2599999904632568,1.2599999904632568,1.2599999904632568,2250.0
2025-06-20 09:57:00,ARTG.V,,25.010000228881836,25.010000228881836,25.010000228881836,25.010000228881836,104.0
2025-06-20 09:57:00,AUX.V,,0.5799999833106995,0.5799999833106995,0.5799999833106995,0.5799999833106995,1000.0
2025-06-20 09:57:00,BRC.V,,0.42500001192092896,0.42500001192092896,0.42500001192092896,0.42500001192092896,500.0
2025-06-20 09:57:00,BRVO.V,,3.049999952316284,3.049999952316284,3.049999952316284,3.049999952316284,0.0
2025-06-20 09:57:00,BTCW.V,,0.14499999582767487,0.14499999582767487,0.14499999582767487,0.14499999582767487,47463.0
2025-06-20 09:57:00,CVV.V,,0.8399999737739563,0.8399999737739563,0.8399999737739563,0.8399999737739563,0.0
2025-06-20 09:57:00,CYBE.V,,4.360000133514404,4.360000133514404,4.360000133514404,4.360000133514404,1000.0
2025-06-20 09:57:00,EMO.V,,1.2699999809265137,1.2699999809265137,1.2699999809265137,1.2699999809265137,200.0
2025-06-20 09:58:00,ARTG.V,,25.135000228881836,25.149999618530273,25.135000228881836,25.149999618530273,200.0
2025-06-20 09:58:00,AUX.V,,0.5799999833106995,0.5799999833106995,0.5799999833106995,0.5799999833106995,0.0
2025-06-20 09:58:00,BTU.V,,0.05999999865889549,0.05999999865889549,0.05999999865889549,0.05999999865889549,0.0
2025-06-20 09:58:00,CEI.V,,0.8500000238418579,0.8500000238418579,0.8500000238418579,0.8500000238418579,0.0
2025-06-20 09:58:00,DV.V,,4.570000171661377,4.579999923706055,4.570000171661377,4.579999923706055,200.0
2025-06-20 09:59:00,ALV.V,,6.809999942779541,6.809999942779541,6.809999942779541,6.809999942779541,0.0
2025-06-20 09:59:00,ARH.V,,0.42500001192092896,0.42500001192092896,0.42500001192092896,0.42500001192092896,0.0
2025-06-20 09:59:00,ARTG.V,,25.09000015258789,25.100000381469727,25.09000015258789,25.100000381469727,414.0
2025-06-20 09:59:00,AWX.V,,0.10000000149011612,0.10000000149011612,0.10000000149011612,0.10000000149011612,0.0
2025-06-20 09:59:00,BRC.V,,0.42500001192092896,0.42500001192092896,0.42500001192092896,0.42500001192092896,0.0
2025-06-20 09:59:00,CYBE.V,,4.360000133514404,4.360000133514404,4.360000133514404,4.360000133514404,600.0
2025-06-20 09:59:00,ECU.V,,0.5,0.5,0.5,0.5,0.0
2025-06-20 09:59:00,EMO.V,,1.2599999904632568,1.2599999904632568,1.2599999904632568,1.2599999904632568,200.0
2025-06-20 10:00:00,AHR.V,,0.6800000071525574,0.6800000071525574,0.6800000071525574,0.6800000071525574,0.0
2025-06-20 10:00:00,ARTG.V,,25.100000381469727,25.100000381469727,25.100000381469727,25.100000381469727,100.0
2025-06-20 10:00:00,DLTA.V,,0.10000000149011612,0.10000000149011612,0.10000000149011612,0.10000000149011612,0.0
2025-06-20 10:01:00,AE.V,,0.5,0.5,0.5,0.5,0.0
2025-06-20 10:02:00,AISX.V,,0.029999999329447746,0.029999999329447746,0.029999999329447746,0.029999999329447746,0.0
2025-06-20 10:02:00,ARTG.V,,25.149999618530273,25.149999618530273,25.149999618530273,25.149999618530273,0.0
2025-06-20 10:03:00,COSA.V,,0.2150000035762787,0.2150000035762787,0.2150000035762787,0.2150000035762787,12500.0
2025-06-20 10:03:00,CYBE.V,,4.369999885559082,4.369999885559082,4.369999885559082,4.369999885559082,2923.0
2025-06-20 10:03:00,DMX.V,,0.6700000166893005,0.6700000166893005,0.6650000214576721,0.6650000214576721,15000.0
2025-06-20 10:03:00,DV.V,,4.559999942779541,4.559999942779541,4.559999942779541,4.559999942779541,0.0
2025-06-20 10:03:00,ECU.V,,0.5,0.5,0.5,0.5,18500.0
2025-06-20 10:03:00,EMO.V,,1.25,1.2549999952316284,1.25,1.2549999952316284,11900.0
2025-06-20 10:03:00,EMX.V,,3.3299999237060547,3.3299999237060547,3.3299999237060547,3.3299999237060547,1042.0
2025-06-20 10:03:00,TAU.V,,1.0449999570846558,1.0449999570846558,1.0449999570846558,1.0449999570846558,10700.0
2025-06-20 10:04:00,ARTG.V,,25.18000030517578,25.190000534057617,25.149999618530273,25.149999618530273,23031.0
2025-06-20 10:04:00,CBIT.V,,0.054999999701976776,0.054999999701976776,0.054999999701976776,0.054999999701976776,0.0
2025-06-20 10:04:00,CTRL.V,,0.33000001311302185,0.33000001311302185,0.33000001311302185,0.33000001311302185,55550.0
2025-06-20 10:04:00,DV.V,,4.559999942779541,4.559999942779541,4.559999942779541,4.559999942779541,9030.0
2025-06-20 10:04:00,ECU.V,,0.5,0.5,0.5,0.5,25000.0
2025-06-20 10:05:00,ARTG.V,,25.139999389648438,25.139999389648438,25.139999389648438,25.139999389648438,100.0
2025-06-20 10:05:00,CEI.V,,0.8500000238418579,0.8500000238418579,0.8500000238418579,0.8500000238418579,0.0
2025-06-20 10:05:00,CH.V,,0.054999999701976776,0.054999999701976776,0.054999999701976776,0.054999999701976776,101241.0
2025-06-20 10:05:00,CYBE.V,,4.369999885559082,4.369999885559082,4.369999885559082,4.369999885559082,513.0
2025-06-20 10:06:00,AMRQ.V,,1.5,1.5,1.5,1.5,10037.0
2025-06-20 10:06:00,AMX.V,,1.4900000095367432,1.4900000095367432,1.4900000095367432,1.4900000095367432,98454.0
2025-06-20 10:06:00,ARTG.V,,25.190000534057617,25.209999084472656,25.1299991607666,25.139999389648438,1000.0
2025-06-20 10:06:00,AUX.V,,0.5799999833106995,0.5799999833106995,0.5799999833106995,0.5799999833106995,120900.0
2025-06-20 10:06:00,AWX.V,,0.10000000149011612,0.10000000149011612,0.10000000149011612,0.10000000149011612,0.0
2025-06-20 10:06:00,CGC.V,,0.30000001192092896,0.30000001192092896,0.30000001192092896,0.30000001192092896,0.0
2025-06-20 10:06:00,CVV.V,,0.8399999737739563,0.8399999737739563,0.8399999737739563,0.8399999737739563,0.0
2025-06-20 10:06:00,DV.V,,4.550000190734863,4.550000190734863,4.550000190734863,4.550000190734863,1000.0
2025-06-20 10:07:00,ADK.V,,0.20499999821186066,0.20499999821186066,0.20499999821186066,0.20499999821186066,3000.0
2025-06-20 10:07:00,ARK.V,,0.9100000262260437,0.9100000262260437,0.9100000262260437,0.9100000262260437,0.0
2025-06-20 10:07:00,ARTG.V,,25.19499969482422,25.19499969482422,25.19499969482422,25.19499969482422,100.0
2025-06-20 10:07:00,AUX.V,,0.5799999833106995,0.5799999833106995,0.5799999833106995,0.5799999833106995,4000.0
2025-06-20 10:07:00,BRC.V,,0.42500001192092896,0.42500001192092896,0.42500001192092896,0.42500001192092896,43800.0
2025-06-20 10:07:00,CBR.V,,0.38499999046325684,0.38499999046325684,0.38499999046325684,0.38499999046325684,3800.0
2025-06-20 10:07:00,CUSN.V,,0.15000000596046448,0.15000000596046448,0.15000000596046448,0.15000000596046448,0.0
2025-06-20 10:07:00,DV.V,,4.539999961853027,4.539999961853027,4.539999961853027,4.539999961853027,500.0
2025-06-20 10:08:00,ARTG.V,,25.239999771118164,25.239999771118164,25.19499969482422,25.19499969482422,200.0
2025-06-20 10:08:00,AUX.V,,0.5799999833106995,0.5799999833106995,0.5799999833106995,0.5799999833106995,3000.0
2025-06-20 10:08:00,CBR.V,,0.38499999046325684,0.38499999046325684,0.38499999046325684,0.38499999046325684,1000.0
2025-06-20 10:08:00,CYBE.V,,4.369999885559082,4.369999885559082,4.369999885559082,4.369999885559082,1000.0
2025-06-20 10:08:00,DME.V,,0.20000000298023224,0.20000000298023224,0.20000000298023224,0.20000000298023224,39005.0
2025-06-20 10:08:00,ELEC.V,,0.11999999731779099,0.11999999731779099,0.11999999731779099,0.11999999731779099,0.0
2025-06-20 10:08:00,EMO.V,,1.2400000095367432,1.2400000095367432,1.2400000095367432,1.2400000095367432,10500.0
2025-06-20 10:09:00,APGO.V,,0.42500001192092896,0.42500001192092896,0.42500001192092896,0.42500001192092896,36500.0
2025-06-20 10:09:00,ARTG.V,,25.190000534057617,25.190000534057617,25.190000534057617,25.190000534057617,200.0
2025-06-20 10:09:00,BAU.V,,0.10499999672174454,0.10499999672174454,0.10499999672174454,0.10499999672174454,0.0
2025-06-20 10:09:00,BRVO.V,,3.049999952316284,3.049999952316284,3.049999952316284,3.049999952316284,16440.0
2025-06-20 10:09:00,CTRL.V,,0.33500000834465027,0.33500000834465027,0.33500000834465027,0.33500000834465027,1000.0
2025-06-20 10:09:00,DBG.V,,0.6700000166893005,0.6700000166893005,0.6700000166893005,0.6700000166893005,3500.0
2025-06-20 10:10:00,AMX.V,,1.5,1.5,1.5,1.5,20700.0
2025-06-20 10:10:00,AZM.V,,0.5899999737739563,0.5899999737739563,0.5899999737739563,0.5899999737739563,0.0
2025-06-20 10:10:00,CCCM.V,,0.6499999761581421,0.6499999761581421,0.6499999761581421,0.6499999761581421,0.0
2025-06-20 10:10:00,DBG.V,,0.6700000166893005,0.6700000166893005,0.6700000166893005,0.6700000166893005,34000.0
2025-06-20 10:10:00,DMGI.V,,0.23499999940395355,0.23499999940395355,0.23499999940395355,0.23499999940395355,65440.0
2025-06-20 10:10:00,FIND.V,,0.125,0.125,0.125,0.125,0.0
2025-06-20 10:11:00,ADK.V,,0.20499999821186066,0.20499999821186066,0.20499999821186066,0.20499999821186066,0.0
2025-06-20 10:11:00,AMRQ.V,,1.5,1.5,1.5,1.5,1800.0
2025-06-20 10:11:00,DBG.V,,0.6600000262260437,0.6600000262260437,0.6600000262260437,0.6600000262260437,0.0
2025-06-20 10:11:00,DV.V,,4.550000190734863,4.550000190734863,4.550000190734863,4.550000190734863,1100.0
2025-06-20 10:11:00,EMX.V,,3.3299999237060547,3.3299999237060547,3.3299999237060547,3.3299999237060547,300.0
2025-06-20 10:12:00,ALV.V,,6.800000190734863,6.800000190734863,6.800000190734863,6.800000190734863,0.0
2025-06-20 10:12:00,AMRQ.V,,1.5,1.5,1.5,1.5,100.0
2025-06-20 10:12:00,COSA.V,,0.2150000035762787,0.2150000035762787,0.2150000035762787,0.2150000035762787,0.0
2025-06-20 10:12:00,CPER.V,,0.08500000089406967,0.08749999850988388,0.08500000089406967,0.08749999850988388,279000.0
2025-06-20 10:12:00,DHB.V,,0.20000000298023224,0.20000000298023224,0.20000000298023224,0.20000000298023224,0.0
2025-06-20 10:12:00,DMX.V,,0.6700000166893005,0.6700000166893005,0.6700000166893005,0.6700000166893005,5000.0
2025-06-20 10:12:00,EMO.V,,1.2400000095367432,1.2400000095367432,1.2400000095367432,1.2400000095367432,2200.0
2025-06-20 10:13:00,AE.V,,0.5,0.5,0.5,0.5,0.0
2025-06-20 10:13:00,AEC.V,,0.125,0.125,0.125,0.125,170601.0
2025-06-20 10:13:00,AIR.V,,0.05000000074505806,0.05000000074505806,0.05000000074505806,0.05000000074505806,349009.0
2025-06-20 10:13:00,ARTG.V,,25.190000534057617,25.219999313354492,25.149999618530273,25.219999313354492,900.0
2025-06-20 10:13:00,BRO.V,,0.10499999672174454,0.10499999672174454,0.10499999672174454,0.10499999672174454,14000.0
2025-06-20 10:13:00,BRVO.V,,3.049999952316284,3.049999952316284,3.049999952316284,3.049999952316284,0.0
2025-06-20 10:13:00,CPER.V,,0.09000000357627869,0.09000000357627869,0.09000000357627869,0.09000000357627869,0.0
2025-06-20 10:13:00,DMX.V,,0.6700000166893005,0.6700000166893005,0.6700000166893005,0.6700000166893005,500.0
2025-06-20 10:14:00,AIR.V,,0.05000000074505806,0.05000000074505806,0.05000000074505806,0.05000000074505806,0.0
2025-06-20 10:14:00,BMM.V,,1.7999999523162842,1.7999999523162842,1.7999999523162842,1.7999999523162842,0.0
2025-06-20 10:14:00,CBR.V,,0.38499999046325684,0.38499999046325684,0.38499999046325684,0.38499999046325684,5000.0
2025-06-20 10:14:00,CRE.V,,0.38999998569488525,0.38999998569488525,0.38999998569488525,0.38999998569488525,0.0
2025-06-20 10:14:00,CTRL.V,,0.33500000834465027,0.33500000834465027,0.33500000834465027,0.33500000834465027,0.0
2025-06-20 10:14:00,EMX.V,,3.325000047683716,3.325000047683716,3.325000047683716,3.325000047683716,0.0
2025-06-20 10:15:00,AEC.V,,0.125,0.125,0.125,0.125,11500.0
2025-06-20 10:15:00,ARTG.V,,25.209999084472656,25.209999084472656,25.209999084472656,25.209999084472656,0.0
2025-06-20 10:15:00,B.V,,0.0949999988079071,0.0949999988079071,0.0949999988079071,0.0949999988079071,0.0
2025-06-20 10:15:00,DAN.V,,0.1599999964237213,0.1599999964237213,0.1599999964237213,0.1599999964237213,0.0
2025-06-20 10:15:00,DMX.V,,0.6700000166893005,0.6700000166893005,0.6700000166893005,0.6700000166893005,4625.0
2025-06-20 10:16:00,AEC.V,,0.125,0.125,0.125,0.125,500.0
2025-06-20 10:16:00,AMRQ.V,,1.5,1.5,1.5,1.5,125.0
2025-06-20 10:16:00,ARK.V,,0.8999999761581421,0.8999999761581421,0.8999999761581421,0.8999999761581421,11800.0
2025-06-20 10:16:00,BRO.V,,0.10999999940395355,0.10999999940395355,0.10999999940395355,0.10999999940395355,0.0
2025-06-20 10:16:00,CBR.V,,0.3799999952316284,0.38499999046325684,0.3799999952316284,0.38499999046325684,7500.0
2025-06-20 10:16:00,CCMI.V,,0.029999999329447746,0.029999999329447746,0.029999999329447746,0.029999999329447746,0.0
2025-06-20 10:16:00,CH.V,,0.05999999865889549,0.05999999865889549,0.05999999865889549,0.05999999865889549,0.0
2025-06-20 10:16:00,DME.V,,0.20000000298023224,0.20000000298023224,0.20000000298023224,0.20000000298023224,0.0
2025-06-20 10:16:00,DMGI.V,,0.23999999463558197,0.23999999463558197,0.23999999463558197,0.23999999463558197,4500.0
2025-06-20 10:16:00,LIT.V,,0.05999999865889549,0.05999999865889549,0.05999999865889549,0.05999999865889549,19302.0
2025-06-20 10:17:00,AMX.V,,1.4900000095367432,1.4900000095367432,1.4900000095367432,1.4900000095367432,19000.0
2025-06-20 10:17:00,AUX.V,,0.5799999833106995,0.5799999833106995,0.5799999833106995,0.5799999833106995,0.0
2025-06-20 10:17:00,AVN.V,,0.07500000298023224,0.07500000298023224,0.07500000298023224,0.07500000298023224,47000.0
2025-06-20 10:17:00,BARU.V,,0.07500000298023224,0.07500000298023224,0.07500000298023224,0.07500000298023224,0.0
2025-06-20 10:17:00,BTCW.V,,0.15000000596046448,0.15000000596046448,0.15000000596046448,0.15000000596046448,0.0
2025-06-20 10:17:00,DV.V,,4.539999961853027,4.539999961853027,4.539999961853027,4.539999961853027,4600.0
2025-06-20 10:17:00,MATE.V,,0.10000000149011612,0.10000000149011612,0.10000000149011612,0.10000000149011612,0.0
2025-06-20 10:18:00,AEC.V,,0.125,0.125,0.125,0.125,1000.0
2025-06-20 10:18:00,ARTG.V,,25.399999618530273,25.399999618530273,25.225000381469727,25.225000381469727,29203.0
2025-06-20 10:18:00,CYBE.V,,4.369999885559082,4.369999885559082,4.369999885559082,4.369999885559082,1332.0
2025-06-20 10:18:00,DMGI.V,,0.23999999463558197,0.23999999463558197,0.23999999463558197,0.23999999463558197,0.0
2025-06-20 10:18:00,DV.V,,4.550000190734863,4.550000190734863,4.550000190734863,4.550000190734863,300.0
2025-06-20 10:18:00,EOG.V,,0.1899999976158142,0.1899999976158142,0.1899999976158142,0.1899999976158142,0.0
2025-06-20 10:18:00,LIT.V,,0.05999999865889549,0.05999999865889549,0.05999999865889549,0.05999999865889549,0.0
2025-06-20 10:19:00,APGO.V,,0.41999998688697815,0.42500001192092896,0.41999998688697815,0.42500001192092896,4000.0
2025-06-20 10:19:00,ARTG.V,,25.399999618530273,25.399999618530273,25.399999618530273,25.399999618530273,100.0
2025-06-20 10:19:00,DV.V,,4.539999961853027,4.550000190734863,4.539999961853027,4.550000190734863,2300.0
2025-06-20 10:20:00,AEC.V,,0.125,0.125,0.125,0.125,500.0
2025-06-20 10:20:00,AMZ.V,,0.04500000178813934,0.04500000178813934,0.04500000178813934,0.04500000178813934,0.0
2025-06-20 10:20:00,ARTG.V,,25.34000015258789,25.5,25.34000015258789,25.5,600.0
2025-06-20 10:20:00,BNKR.V,,0.125,0.125,0.125,0.125,35500.0
2025-06-20 10:20:00,BRC.V,,0.42500001192092896,0.42500001192092896,0.42500001192092896,0.42500001192092896,40500.0
2025-06-20 10:21:00,ALV.V,,6.78000020980835,6.78000020980835,6.78000020980835,6.78000020980835,2873.0
2025-06-20 10:21:00,ARTG.V,,25.280000686645508,25.34000015258789,25.280000686645508,25.34000015258789,1510.0
2025-06-20 10:21:00,CAPT.V,,0.8700000047683716,0.8700000047683716,0.8700000047683716,0.8700000047683716,7000.0
2025-06-20 10:21:00,ECU.V,,0.49000000953674316,0.49000000953674316,0.49000000953674316,0.49000000953674316,24500.0
2025-06-20 10:21:00,EMO.V,,1.25,1.25,1.25,1.25,4500.0
2025-06-20 10:21:00,ETF.V,,0.02500000037252903,0.02500000037252903,0.02500000037252903,0.02500000037252903,0.0
2025-06-20 10:22:00,AAG.V,,0.6499999761581421,0.6600000262260437,0.6499999761581421,0.6600000262260437,54674.0
2025-06-20 10:22:00,CPER.V,,0.08500000089406967,0.08500000089406967,0.08500000089406967,0.08500000089406967,0.0
2025-06-20 10:22:00,DV.V,,4.510000228881836,4.53000020980835,4.510000228881836,4.53000020980835,3500.0
2025-06-20 10:22:00,TAU.V,,1.0399999618530273,1.0399999618530273,1.0399999618530273,1.0399999618530273,0.0
2025-06-20 10:23:00,BMM.V,,1.7999999523162842,1.7999999523162842,1.7999999523162842,1.7999999523162842,0.0
2025-06-20 10:23:00,CAPT.V,,0.8600000143051147,0.8600000143051147,0.8600000143051147,0.8600000143051147,5055.0
2025-06-20 10:24:00,AAG.V,,0.6399999856948853,0.6499999761581421,0.6399999856948853,0.6499999761581421,17776.0
2025-06-20 10:24:00,AE.V,,0.5,0.5,0.5,0.5,0.0
2025-06-20 10:24:00,ARTG.V,,25.229999542236328,25.229999542236328,25.229999542236328,25.229999542236328,100.0
2025-06-20 10:24:00,BNKR.V,,0.125,0.125,0.125,0.125,0.0
2025-06-20 10:24:00,CAPT.V,,0.8500000238418579,0.8500000238418579,0.8500000238418579,0.8500000238418579,2500.0
2025-06-20 10:24:00,DV.V,,4.510000228881836,4.510000228881836,4.510000228881836,4.510000228881836,1000.0
2025-06-20 10:25:00,AAG.V,,0.6399999856948853,0.6399999856948853,0.6399999856948853,0.6399999856948853,7725.0
2025-06-20 10:25:00,ARH.V,,0.42500001192092896,0.42500001192092896,0.42500001192092896,0.42500001192092896,0.0
2025-06-20 10:25:00,ARIC.V,,0.5199999809265137,0.5199999809265137,0.5199999809265137,0.5199999809265137,0.0
2025-06-20 10:25:00,BRC.V,,0.41499999165534973,0.41499999165534973,0.41499999165534973,0.41499999165534973,0.0
2025-06-20 10:25:00,CBIT.V,,0.054999999701976776,0.054999999701976776,0.054999999701976776,0.054999999701976776,0.0
2025-06-20 10:25:00,DV.V,,4.5,4.5,4.5,4.5,600.0
2025-06-20 10:25:00,ECU.V,,0.5,0.5,0.5,0.5,0.0
2025-06-20 10:26:00,AAG.V,,0.6399999856948853,0.6399999856948853,0.6399999856948853,0.6399999856948853,5000.0
2025-06-20 10:26:00,AEC.V,,0.125,0.125,0.125,0.125,24500.0
2025-06-20 10:26:00,BECN.V,,0.05000000074505806,0.05000000074505806,0.05000000074505806,0.05000000074505806,0.0
2025-06-20 10:26:00,CBR.V,,0.3799999952316284,0.3799999952316284,0.3799999952316284,0.3799999952316284,19055.0
2025-06-20 10:26:00,CVV.V,,0.8399999737739563,0.8399999737739563,0.8399999737739563,0.8399999737739563,79453.0
2025-06-20 10:26:00,DV.V,,4.5,4.5,4.5,4.5,100.0
2025-06-20 10:27:00,AAG.V,,0.6399999856948853,0.6399999856948853,0.6399999856948853,0.6399999856948853,3000.0
2025-06-20 10:27:00,CVV.V,,0.8399999737739563,0.8399999737739563,0.8399999737739563,0.8399999737739563,0.0
2025-06-20 10:28:00,CGD.V,,0.16500000655651093,0.16500000655651093,0.16500000655651093,0.16500000655651093,0.0
2025-06-20 10:28:00,CYBE.V,,4.369999885559082,4.369999885559082,4.369999885559082,4.369999885559082,124.0
2025-06-20 10:29:00,AAG.V,,0.6399999856948853,0.6399999856948853,0.6399999856948853,0.6399999856948853,0.0
2025-06-20 10:29:00,AEC.V,,0.125,0.125,0.125,0.125,290000.0
2025-06-20 10:29:00,AVCR.V,,0.05000000074505806,0.05000000074505806,0.05000000074505806,0.05000000074505806,0.0
2025-06-20 10:29:00,CAM.V,,0.16500000655651093,0.16500000655651093,0.16500000655651093,0.16500000655651093,41000.0
2025-06-20 10:29:00,CERT.V,,0.7149999737739563,0.7200000286102295,0.7099999785423279,0.7200000286102295,37677.0
2025-06-20 10:29:00,CTRL.V,,0.33000001311302185,0.33000001311302185,0.33000001311302185,0.33000001311302185,68150.0
2025-06-20 10:29:00,ELE.V,,1.7300000190734863,1.7300000190734863,1.7300000190734863,1.7300000190734863,9477.0
2025-06-20 10:30:00,APGO.V,,0.41999998688697815,0.41999998688697815,0.41999998688697815,0.41999998688697815,51500.0
2025-06-20 10:30:00,ARTG.V,,25.2450008392334,25.2450008392334,25.2450008392334,25.2450008392334,1100.0
2025-06-20 10:30:00,CAM.V,,0.16500000655651093,0.16500000655651093,0.16500000655651093,0.16500000655651093,2000.0
2025-06-20 10:30:00,CD.V,,0.18000000715255737,0.18000000715255737,0.18000000715255737,0.18000000715255737,32000.0
2025-06-20 10:30:00,CTRL.V,,0.33000001311302185,0.33000001311302185,0.33000001311302185,0.33000001311302185,74150.0
2025-06-20 10:30:00,DMX.V,,0.6700000166893005,0.6700000166893005,0.6700000166893005,0.6700000166893005,6000.0
2025-06-20 10:30:00,EBM.V,,0.375,0.375,0.375,0.375,0.0
2025-06-20 10:31:00,AMX.V,,1.4900000095367432,1.4900000095367432,1.4900000095367432,1.4900000095367432,1300.0
2025-06-20 10:31:00,ARTG.V,,25.290000915527344,25.290000915527344,25.290000915527344,25.290000915527344,204.0
2025-06-20 10:31:00,AVN.V,,0.07500000298023224,0.07500000298023224,0.07500000298023224,0.07500000298023224,141958.0
2025-06-20 10:31:00,CYBE.V,,4.360000133514404,4.360000133514404,4.360000133514404,4.360000133514404,0.0
2025-06-20 10:31:00,ELE.V,,1.7400000095367432,1.75,1.7350000143051147,1.7350000143051147,16500.0
2025-06-20 10:31:00,LOVE.V,,1.309999942779541,1.309999942779541,1.309999942779541,1.309999942779541,400.0
2025-06-20 10:32:00,CAPT.V,,0.8399999737739563,0.8399999737739563,0.8399999737739563,0.8399999737739563,0.0
2025-06-20 10:32:00,CBLU.V,,0.09000000357627869,0.09000000357627869,0.09000000357627869,0.09000000357627869,10000.0
2025-06-20 10:32:00,LOVE.V,,1.2799999713897705,1.2799999713897705,1.2799999713897705,1.2799999713897705,0.0
2025-06-20 10:33:00,AEC.V,,0.12250000238418579,0.12250000238418579,0.12250000238418579,0.12250000238418579,500.0
2025-06-20 10:33:00,ALDE.V,,1.840000033378601,1.840000033378601,1.840000033378601,1.840000033378601,0.0
2025-06-20 10:33:00,CD.V,,0.18000000715255737,0.18000000715255737,0.18000000715255737,0.18000000715255737,1000.0
2025-06-20 10:33:00,DV.V,,4.5,4.5,4.5,4.5,1207.0
2025-06-20 10:33:00,EMO.V,,1.25,1.25,1.25,1.25,4925.0
2025-06-20 10:33:00,EMX.V,,3.299999952316284,3.299999952316284,3.299999952316284,3.299999952316284,0.0
2025-06-20 10:34:00,ARTG.V,,25.280000686645508,25.280000686645508,25.280000686645508,25.280000686645508,105.0
2025-06-20 10:35:00,ASTR.V,,0.45500001311302185,0.45500001311302185,0.45500001311302185,0.45500001311302185,0.0
2025-06-20 10:35:00,AUX.V,,0.5799999833106995,0.5799999833106995,0.5799999833106995,0.5799999833106995,132400.0
2025-06-20 10:36:00,AEC.V,,0.125,0.125,0.125,0.125,0.0
2025-06-20 10:36:00,AUX.V,,0.5799999833106995,0.5799999833106995,0.5799999833106995,0.5799999833106995,1000.0
2025-06-20 10:36:00,COSA.V,,0.2150000035762787,0.2150000035762787,0.2150000035762787,0.2150000035762787,0.0
2025-06-20 10:36:00,DMGI.V,,0.23999999463558197,0.23999999463558197,0.23999999463558197,0.23999999463558197,76440.0
2025-06-20 10:36:00,DMX.V,,0.6700000166893005,0.6700000166893005,0.6700000166893005,0.6700000166893005,1000.0
2025-06-20 10:36:00,DV.V,,4.5,4.5,4.5,4.5,1800.0
2025-06-20 10:36:00,EKG.V,,0.009999999776482582,0.009999999776482582,0.009999999776482582,0.009999999776482582,1000.0
2025-06-20 10:36:00,MATE.V,,0.10000000149011612,0.10000000149011612,0.10000000149011612,0.10000000149011612,0.0
2025-06-20 10:37:00,AMRQ.V,,1.4900000095367432,1.5099999904632568,1.4900000095367432,1.5,1500.0
2025-06-20 10:37:00,DV.V,,4.489999771118164,4.489999771118164,4.489999771118164,4.489999771118164,600.0
2025-06-20 10:38:00,ALDE.V,,1.840000033378601,1.840000033378601,1.840000033378601,1.840000033378601,0.0
2025-06-20 10:38:00,CBR.V,,0.3700000047683716,0.375,0.36500000953674316,0.375,55001.0
2025-06-20 10:38:00,CD.V,,0.18000000715255737,0.18000000715255737,0.18000000715255737,0.18000000715255737,0.0
2025-06-20 10:38:00,CVV.V,,0.8500000238418579,0.8500000238418579,0.8500000238418579,0.8500000238418579,86953.0
2025-06-20 10:38:00,ELE.V,,1.7400000095367432,1.7400000095367432,1.7400000095367432,1.7400000095367432,1000.0
2025-06-20 10:38:00,ETF.V,,0.019999999552965164,0.019999999552965164,0.019999999552965164,0.019999999552965164,0.0
2025-06-20 10:39:00,CAM.V,,0.1599999964237213,0.1599999964237213,0.1599999964237213,0.1599999964237213,0.0
2025-06-20 10:39:00,CBR.V,,0.375,0.375,0.375,0.375,2500.0
2025-06-20 10:39:00,CUU.V,,0.24500000476837158,0.24500000476837158,0.24500000476837158,0.24500000476837158,28633.0
2025-06-20 10:39:00,DMGI.V,,0.23999999463558197,0.23999999463558197,0.23999999463558197,0.23999999463558197,500.0
2025-06-20 10:39:00,DMX.V,,0.6700000166893005,0.6700000166893005,0.6700000166893005,0.6700000166893005,2000.0
2025-06-20 10:39:00,DV.V,,4.489999771118164,4.489999771118164,4.489999771118164,4.489999771118164,100.0
2025-06-20 10:39:00,ELE.V,,1.7400000095367432,1.7400000095367432,1.7400000095367432,1.7400000095367432,0.0
2025-06-20 10:40:00,ABZ.V,,0.04500000178813934,0.04500000178813934,0.04500000178813934,0.04500000178813934,0.0
2025-06-20 10:40:00,ARTG.V,,25.309999465942383,25.309999465942383,25.309999465942383,25.309999465942383,100.0
2025-06-20 10:40:00,BRVO.V,,3.0199999809265137,3.0199999809265137,3.0199999809265137,3.0199999809265137,0.0
2025-06-20 10:40:00,CUU.V,,0.24500000476837158,0.24500000476837158,0.24500000476837158,0.24500000476837158,0.0
2025-06-20 10:40:00,CVV.V,,0.8500000238418579,0.8500000238418579,0.8500000238418579,0.8500000238418579,500.0
2025-06-20 10:41:00,AAG.V,,0.6399999856948853,0.6399999856948853,0.6399999856948853,0.6399999856948853,0.0
2025-06-20 10:41:00,AXL.V,,0.3799999952316284,0.3799999952316284,0.3799999952316284,0.3799999952316284,0.0
2025-06-20 10:41:00,BTCW.V,,0.15000000596046448,0.15000000596046448,0.15000000596046448,0.15000000596046448,0.0
2025-06-20 10:41:00,CVV.V,,0.8500000238418579,0.8500000238418579,0.8500000238418579,0.8500000238418579,1000.0
2025-06-20 10:41:00,DBG.V,,0.6800000071525574,0.6800000071525574,0.6800000071525574,0.6800000071525574,0.0
2025-06-20 10:42:00,AE.V,,0.5099999904632568,0.5099999904632568,0.5099999904632568,0.5099999904632568,0.0
2025-06-20 10:42:00,ARTG.V,,25.25,25.25,25.25,25.25,100.0
2025-06-20 10:42:00,DOS.V,,0.029999999329447746,0.029999999329447746,0.029999999329447746,0.029999999329447746,0.0
2025-06-20 10:42:00,NET-UN.V,,5.380000114440918,5.380000114440918,5.380000114440918,5.380000114440918,1817.0
2025-06-20 10:43:00,APGO.V,,0.41499999165534973,0.41499999165534973,0.41499999165534973,0.41499999165534973,0.0
2025-06-20 10:43:00,AUX.V,,0.5699999928474426,0.5699999928474426,0.5699999928474426,0.5699999928474426,0.0
2025-06-20 10:43:00,CBLU.V,,0.07999999821186066,0.07999999821186066,0.07999999821186066,0.07999999821186066,0.0
2025-06-20 10:43:00,CBR.V,,0.375,0.375,0.375,0.375,0.0
2025-06-20 10:43:00,CERT.V,,0.699999988079071,0.699999988079071,0.699999988079071,0.699999988079071,2000.0
2025-06-20 10:43:00,CVV.V,,0.8500000238418579,0.8500000238418579,0.8500000238418579,0.8500000238418579,0.0
2025-06-20 10:43:00,CVW.V,,0.9700000286102295,0.9700000286102295,0.9700000286102295,0.9700000286102295,0.0
2025-06-20 10:43:00,DMX.V,,0.6700000166893005,0.6700000166893005,0.6700000166893005,0.6700000166893005,1100.0
2025-06-20 10:43:00,EMPR.V,,0.6600000262260437,0.6600000262260437,0.6600000262260437,0.6600000262260437,0.0
2025-06-20 10:44:00,AMRQ.V,,1.5,1.5,1.5,1.5,0.0
2025-06-20 10:44:00,ARTG.V,,25.260000228881836,25.260000228881836,25.260000228881836,25.260000228881836,200.0
2025-06-20 10:44:00,CERT.V,,0.699999988079071,0.699999988079071,0.699999988079071,0.699999988079071,0.0
2025-06-20 10:44:00,DMGI.V,,0.23999999463558197,0.23999999463558197,0.23999999463558197,0.23999999463558197,1000.0
2025-06-20 10:45:00,ARTG.V,,25.229999542236328,25.229999542236328,25.229999542236328,25.229999542236328,160.0
2025-06-20 10:45:00,BNKR.V,,0.125,0.125,0.125,0.125,66000.0
2025-06-20 10:45:00,CBV.V,,0.125,0.125,0.125,0.125,0.0
2025-06-20 10:45:00,DV.V,,4.489999771118164,4.489999771118164,4.489999771118164,4.489999771118164,3800.0
2025-06-20 10:45:00,EKG.V,,0.009999999776482582,0.009999999776482582,0.009999999776482582,0.009999999776482582,2000.0
2025-06-20 10:46:00,ARK.V,,0.8999999761581421,0.8999999761581421,0.8999999761581421,0.8999999761581421,0.0
2025-06-20 10:46:00,CVV.V,,0.8500000238418579,0.8500000238418579,0.8500000238418579,0.8500000238418579,90953.0
2025-06-20 10:47:00,AMRQ.V,,1.4900000095367432,1.4900000095367432,1.4900000095367432,1.4900000095367432,13762.0
2025-06-20 10:47:00,APGO.V,,0.41499999165534973,0.41499999165534973,0.41499999165534973,0.41499999165534973,0.0
2025-06-20 10:47:00,CERT.V,,0.6949999928474426,0.6949999928474426,0.6949999928474426,0.6949999928474426,43677.0
2025-06-20 10:47:00,CVV.V,,0.8500000238418579,0.8500000238418579,0.8500000238418579,0.8500000238418579,1500.0
2025-06-20 10:47:00,CYBE.V,,4.369999885559082,4.369999885559082,4.369999885559082,4.369999885559082,21130.0
2025-06-20 10:47:00,DMGI.V,,0.23499999940395355,0.23499999940395355,0.23499999940395355,0.23499999940395355,17000.0
2025-06-20 10:47:00,EKG.V,,0.009999999776482582,0.009999999776482582,0.009999999776482582,0.009999999776482582,1000.0
2025-06-20 10:47:00,EMX.V,,3.299999952316284,3.299999952316284,3.299999952316284,3.299999952316284,0.0
2025-06-20 10:48:00,ADY.V,,0.23999999463558197,0.23999999463558197,0.23999999463558197,0.23999999463558197,0.0
2025-06-20 10:48:00,CAPT.V,,0.8399999737739563,0.8399999737739563,0.8399999737739563,0.8399999737739563,37335.0
2025-06-20 10:48:00,CERT.V,,0.699999988079071,0.699999988079071,0.699999988079071,0.699999988079071,2000.0
2025-06-20 10:48:00,CVV.V,,0.8500000238418579,0.8500000238418579,0.8500000238418579,0.8500000238418579,1000.0
2025-06-20 10:48:00,DV.V,,4.489999771118164,4.489999771118164,4.489999771118164,4.489999771118164,500.0
2025-06-20 10:48:00,DWS.V,,0.17499999701976776,0.17499999701976776,0.17499999701976776,0.17499999701976776,0.0
2025-06-20 10:48:00,EMPR.V,,0.6499999761581421,0.6499999761581421,0.6499999761581421,0.6499999761581421,45649.0
2025-06-20 10:49:00,AAG.V,,0.6499999761581421,0.6499999761581421,0.6499999761581421,0.6499999761581421,108195.0
2025-06-20 10:49:00,ARH.V,,0.41999998688697815,0.41999998688697815,0.41999998688697815,0.41999998688697815,0.0
2025-06-20 10:49:00,AVN.V,,0.07500000298023224,0.07500000298023224,0.07500000298023224,0.07500000298023224,0.0
2025-06-20 10:50:00,CAPT.V,,0.8399999737739563,0.8399999737739563,0.8399999737739563,0.8399999737739563,0.0
2025-06-20 10:50:00,COSA.V,,0.2150000035762787,0.2150000035762787,0.2150000035762787,0.2150000035762787,38500.0
2025-06-20 10:50:00,EKG.V,,0.009999999776482582,0.009999999776482582,0.009999999776482582,0.009999999776482582,2000.0
2025-06-20 10:51:00,AEC.V,,0.125,0.125,0.125,0.125,526410.0
2025-06-20 10:51:00,CCE.V,,0.07500000298023224,0.07500000298023224,0.07500000298023224,0.07500000298023224,0.0
2025-06-20 10:51:00,DMGI.V,,0.23999999463558197,0.23999999463558197,0.23999999463558197,0.23999999463558197,600.0
2025-06-20 10:51:00,ELE.V,,1.7300000190734863,1.7300000190734863,1.7300000190734863,1.7300000190734863,0.0
2025-06-20 10:52:00,AEC.V,,0.125,0.125,0.125,0.125,0.0
2025-06-20 10:52:00,BCU.V,,0.05999999865889549,0.05999999865889549,0.05999999865889549,0.05999999865889549,0.0
2025-06-20 10:52:00,BMET.V,,0.03500000014901161,0.03500000014901161,0.03500000014901161,0.03500000014901161,0.0
2025-06-20 10:53:00,CYBE.V,,4.369999885559082,4.369999885559082,4.369999885559082,4.369999885559082,5800.0
2025-06-20 10:53:00,DV.V,,4.480000019073486,4.480000019073486,4.480000019073486,4.480000019073486,0.0
2025-06-20 10:53:00,TAU.V,,1.034999966621399,1.034999966621399,1.034999966621399,1.034999966621399,0.0
2025-06-20 10:54:00,AUX.V,,0.5699999928474426,0.5699999928474426,0.5699999928474426,0.5699999928474426,0.0
2025-06-20 10:54:00,CVV.V,,0.8500000238418579,0.8500000238418579,0.8500000238418579,0.8500000238418579,0.0
2025-06-20 10:54:00,CYBE.V,,4.360000133514404,4.360000133514404,4.360000133514404,4.360000133514404,200.0
2025-06-20 10:54:00,EKG.V,,0.009999999776482582,0.009999999776482582,0.009999999776482582,0.009999999776482582,2000.0
2025-06-20 10:55:00,AAG.V,,0.6449999809265137,0.6449999809265137,0.6449999809265137,0.6449999809265137,2500.0
2025-06-20 10:55:00,CYBE.V,,4.369999885559082,4.369999885559082,4.369999885559082,4.369999885559082,0.0
2025-06-20 10:56:00,ARTG.V,,25.239999771118164,25.239999771118164,25.239999771118164,25.239999771118164,100.0
2025-06-20 10:56:00,BRVO.V,,2.9700000286102295,2.9700000286102295,2.9700000286102295,2.9700000286102295,0.0
2025-06-20 10:57:00,AAG.V,,0.6499999761581421,0.6499999761581421,0.6499999761581421,0.6499999761581421,750.0
2025-06-20 10:57:00,DMGI.V,,0.23499999940395355,0.23499999940395355,0.23499999940395355,0.23499999940395355,500.0
2025-06-20 10:57:00,EMPR.V,,0.6499999761581421,0.6499999761581421,0.6499999761581421,0.6499999761581421,0.0
2025-06-20 10:58:00,BTCW.V,,0.14499999582767487,0.14499999582767487,0.14499999582767487,0.14499999582767487,0.0
2025-06-20 10:58:00,CERT.V,,0.699999988079071,0.699999988079071,0.699999988079071,0.699999988079071,0.0
2025-06-20 10:58:00,CH.V,,0.054999999701976776,0.054999999701976776,0.054999999701976776,0.054999999701976776,0.0
2025-06-20 10:58:00,COSA.V,,0.2150000035762787,0.2150000035762787,0.2150000035762787,0.2150000035762787,0.0
2025-06-20 10:59:00,ARTG.V,,25.360000610351562,25.360000610351562,25.360000610351562,25.360000610351562,0.0
2025-06-20 10:59:00,CAM.V,,0.16500000655651093,0.16500000655651093,0.16500000655651093,0.16500000655651093,0.0
2025-06-20 10:59:00,DMX.V,,0.6650000214576721,0.6650000214576721,0.6650000214576721,0.6650000214576721,0.0
2025-06-20 10:59:00,EMO.V,,1.2599999904632568,1.2599999904632568,1.2599999904632568,1.2599999904632568,0.0
2025-06-20 11:00:00,DBG.V,,0.6800000071525574,0.6800000071525574,0.6800000071525574,0.6800000071525574,0.0
2025-06-20 11:01:00,CBR.V,,0.375,0.375,0.375,0.375,96966.0
2025-06-20 11:01:00,DMGI.V,,0.23499999940395355,0.23499999940395355,0.23499999940395355,0.23499999940395355,0.0
2025-06-20 11:01:00,EKG.V,,0.009999999776482582,0.009999999776482582,0.009999999776482582,0.009999999776482582,0.0
2025-06-20 11:02:00,AMX.V,,1.4700000286102295,1.4800000190734863,1.4700000286102295,1.4800000190734863,29207.0
2025-06-20 11:02:00,CTRL.V,,0.3199999928474426,0.3199999928474426,0.3199999928474426,0.3199999928474426,1500.0
2025-06-20 11:03:00,AMRQ.V,,1.4900000095367432,1.4900000095367432,1.4900000095367432,1.4900000095367432,200.0
2025-06-20 11:03:00,ARTG.V,,25.360000610351562,25.450000762939453,25.360000610351562,25.43000030517578,37711.0
2025-06-20 11:03:00,DAU.V,,0.07999999821186066,0.07999999821186066,0.07999999821186066,0.07999999821186066,73000.0
2025-06-20 11:03:00,EMX.V,,3.2799999713897705,3.2799999713897705,3.2799999713897705,3.2799999713897705,16087.0
2025-06-20 11:04:00,ASTR.V,,0.46000000834465027,0.46000000834465027,0.46000000834465027,0.46000000834465027,17188.0
2025-06-20 11:04:00,DLP.V,,0.3100000023841858,0.3100000023841858,0.30000001192092896,0.30000001192092896,0.0
2025-06-20 11:04:00,DMGI.V,,0.23499999940395355,0.23499999940395355,0.23499999940395355,0.23499999940395355,97540.0
2025-06-20 11:04:00,EMPR.V,,0.6499999761581421,0.6499999761581421,0.6499999761581421,0.6499999761581421,52149.0
2025-06-20 11:05:00,CCCM.V,,0.6700000166893005,0.6700000166893005,0.6700000166893005,0.6700000166893005,0.0
2025-06-20 11:05:00,DBG.V,,0.6800000071525574,0.6800000071525574,0.6800000071525574,0.6800000071525574,70500.0
2025-06-20 11:05:00,DMGI.V,,0.23499999940395355,0.23499999940395355,0.23499999940395355,0.23499999940395355,500.0
2025-06-20 11:05:00,ECU.V,,0.47999998927116394,0.47999998927116394,0.47999998927116394,0.47999998927116394,90000.0
2025-06-20 11:06:00,AAG.V,,0.6499999761581421,0.6499999761581421,0.6499999761581421,0.6499999761581421,1500.0
2025-06-20 11:06:00,AE.V,,0.4950000047683716,0.5,0.4950000047683716,0.5,106081.0
2025-06-20 11:06:00,BRC.V,,0.41499999165534973,0.41499999165534973,0.41499999165534973,0.41499999165534973,0.0
2025-06-20 11:06:00,DMGI.V,,0.23000000417232513,0.23000000417232513,0.23000000417232513,0.23000000417232513,6400.0
2025-06-20 11:06:00,DV.V,,4.5,4.5,4.5,4.5,40937.0
2025-06-20 11:07:00,ARTG.V,,25.3700008392334,25.3700008392334,25.3700008392334,25.3700008392334,210.0
2025-06-20 11:07:00,EKG.V,,0.009999999776482582,0.009999999776482582,0.009999999776482582,0.009999999776482582,40000.0
2025-06-20 11:08:00,ARC.V,,0.04500000178813934,0.04500000178813934,0.04500000178813934,0.04500000178813934,0.0
2025-06-20 11:08:00,CASA.V,,0.07500000298023224,0.07500000298023224,0.07500000298023224,0.07500000298023224,104020.0
2025-06-20 11:08:00,COV.V,,2.4100000858306885,2.4100000858306885,2.4100000858306885,2.4100000858306885,0.0
2025-06-20 11:08:00,CPER.V,,0.08500000089406967,0.08500000089406967,0.08500000089406967,0.08500000089406967,436000.0
2025-06-20 11:08:00,TAU.V,,1.0299999713897705,1.0299999713897705,1.0299999713897705,1.0299999713897705,57007.0
2025-06-20 11:09:00,AEC.V,,0.125,0.125,0.125,0.125,542910.0
2025-06-20 11:09:00,ARH.V,,0.4050000011920929,0.4050000011920929,0.4050000011920929,0.4050000011920929,112094.0
2025-06-20 11:09:00,B.V,,0.0949999988079071,0.0949999988079071,0.0949999988079071,0.0949999988079071,62000.0
2025-06-20 11:09:00,BECN.V,,0.05999999865889549,0.05999999865889549,0.05000000074505806,0.05999999865889549,10000.0
2025-06-20 11:09:00,CVV.V,,0.8500000238418579,0.8500000238418579,0.8500000238418579,0.8500000238418579,104453.0
2025-06-20 11:09:00,DV.V,,4.489999771118164,4.489999771118164,4.489999771118164,4.489999771118164,100.0
2025-06-20 11:09:00,ECU.V,,0.48500001430511475,0.48500001430511475,0.48500001430511475,0.48500001430511475,90500.0
2025-06-20 11:10:00,AE.V,,0.4950000047683716,0.4950000047683716,0.4950000047683716,0.4950000047683716,2000.0
2025-06-20 11:10:00,ARTG.V,,25.520000457763672,25.520000457763672,25.420000076293945,25.420000076293945,900.0
2025-06-20 11:10:00,BAG.V,,0.03999999910593033,0.03999999910593033,0.03999999910593033,0.03999999910593033,0.0
2025-06-20 11:10:00,CAD.V,,1.4500000476837158,1.4500000476837158,1.4500000476837158,1.4500000476837158,4830.0
2025-06-20 11:10:00,DMGI.V,,0.23499999940395355,0.23499999940395355,0.23499999940395355,0.23499999940395355,500.0
2025-06-20 11:10:00,ELE.V,,1.7200000286102295,1.7200000286102295,1.7200000286102295,1.7200000286102295,28777.0
2025-06-20 11:10:00,TAU.V,,1.0299999713897705,1.0299999713897705,1.0299999713897705,1.0299999713897705,100.0
2025-06-20 11:11:00,ARH.V,,0.39500001072883606,0.39500001072883606,0.39500001072883606,0.39500001072883606,0.0
2025-06-20 11:11:00,CANB.V,,0.04500000178813934,0.04500000178813934,0.04500000178813934,0.04500000178813934,0.0
2025-06-20 11:11:00,CGC.V,,0.29499998688697815,0.29499998688697815,0.29499998688697815,0.29499998688697815,38150.0
2025-06-20 11:11:00,CTG.V,,0.014999999664723873,0.014999999664723873,0.014999999664723873,0.014999999664723873,100000.0
2025-06-20 11:11:00,CYBE.V,,4.360000133514404,4.360000133514404,4.360000133514404,4.360000133514404,30130.0
2025-06-20 11:11:00,DMGI.V,,0.23000000417232513,0.23000000417232513,0.23000000417232513,0.23000000417232513,30000.0
2025-06-20 11:11:00,XX.V,,0.8600000143051147,0.8600000143051147,0.8600000143051147,0.8600000143051147,10000.0
2025-06-20 11:12:00,AMRQ.V,,1.4900000095367432,1.4900000095367432,1.4900000095367432,1.4900000095367432,0.0
2025-06-20 11:12:00,CYBE.V,,4.360000133514404,4.360000133514404,4.360000133514404,4.360000133514404,1900.0
2025-06-20 11:12:00,DLP.V,,0.3149999976158142,0.3149999976158142,0.3149999976158142,0.3149999976158142,6000.0
2025-06-20 11:12:00,DMGI.V,,0.23499999940395355,0.23499999940395355,0.23499999940395355,0.23499999940395355,500.0
2025-06-20 11:12:00,DV.V,,4.5,4.5,4.5,4.5,800.0
2025-06-20 11:12:00,EKG.V,,0.009999999776482582,0.009999999776482582,0.009999999776482582,0.009999999776482582,2000.0
2025-06-20 11:13:00,AMX.V,,1.4700000286102295,1.4700000286102295,1.4700000286102295,1.4700000286102295,400.0
2025-06-20 11:13:00,ARTG.V,,25.530000686645508,25.530000686645508,25.530000686645508,25.530000686645508,100.0
2025-06-20 11:13:00,CTRL.V,,0.3199999928474426,0.32499998807907104,0.3199999928474426,0.32499998807907104,5500.0
2025-06-20 11:13:00,DMX.V,,0.6700000166893005,0.6700000166893005,0.6700000166893005,0.6700000166893005,428638.0
2025-06-20 11:13:00,DV.V,,4.5,4.5,4.5,4.5,100.0
2025-06-20 11:14:00,AMX.V,,1.4700000286102295,1.4700000286102295,1.4700000286102295,1.4700000286102295,600.0
2025-06-20 11:14:00,ARTG.V,,25.5,25.510000228881836,25.4950008392334,25.4950008392334,900.0
2025-06-20 11:14:00,CGC.V,,0.28999999165534973,0.28999999165534973,0.28999999165534973,0.28999999165534973,42150.0
2025-06-20 11:14:00,CTRL.V,,0.3149999976158142,0.3149999976158142,0.3149999976158142,0.3149999976158142,6000.0
2025-06-20 11:14:00,CYBE.V,,4.360000133514404,4.360000133514404,4.349999904632568,4.360000133514404,700.0
2025-06-20 11:14:00,DV.V,,4.5,4.5,4.5,4.5,100.0
2025-06-20 11:14:00,ROX.V,,0.07500000298023224,0.07500000298023224,0.07500000298023224,0.07500000298023224,0.0
2025-06-20 11:14:00,TAU.V,,1.0199999809265137,1.024999976158142,1.0199999809265137,1.024999976158142,16100.0
2025-06-20 11:15:00,BRVO.V,,2.9700000286102295,2.9700000286102295,2.9700000286102295,2.9700000286102295,0.0
2025-06-20 11:15:00,CTRL.V,,0.3149999976158142,0.3149999976158142,0.3149999976158142,0.3149999976158142,5000.0
2025-06-20 11:15:00,DE.V,,7.320000171661377,7.320000171661377,7.320000171661377,7.320000171661377,520.0
2025-06-20 11:15:00,DV.V,,4.5,4.5,4.5,4.5,3700.0
2025-06-20 11:16:00,ARK.V,,0.8899999856948853,0.8899999856948853,0.8899999856948853,0.8899999856948853,19800.0
2025-06-20 11:16:00,AUX.V,,0.5699999928474426,0.5699999928474426,0.5699999928474426,0.5699999928474426,137480.0
2025-06-20 11:16:00,CERT.V,,0.7200000286102295,0.7200000286102295,0.7200000286102295,0.7200000286102295,0.0
2025-06-20 11:16:00,CTRL.V,,0.3149999976158142,0.3149999976158142,0.3149999976158142,0.3149999976158142,5000.0
2025-06-20 11:17:00,AUX.V,,0.5899999737739563,0.5899999737739563,0.5699999928474426,0.5899999737739563,25400.0
2025-06-20 11:17:00,CAD.V,,1.4500000476837158,1.4500000476837158,1.4500000476837158,1.4500000476837158,0.0
2025-06-20 11:17:00,DV.V,,4.5,4.5,4.5,4.5,600.0
2025-06-20 11:17:00,EKG.V,,0.009999999776482582,0.009999999776482582,0.009999999776482582,0.009999999776482582,2000.0
2025-06-20 11:17:00,ROX.V,,0.07500000298023224,0.07500000298023224,0.07500000298023224,0.07500000298023224,0.0
2025-06-20 11:17:00,TAU.V,,1.024999976158142,1.024999976158142,1.024999976158142,1.024999976158142,300.0
2025-06-20 11:18:00,BMM.V,,1.7999999523162842,1.7999999523162842,1.7999999523162842,1.7999999523162842,4400.0
2025-06-20 11:18:00,CVV.V,,0.8550000190734863,0.8550000190734863,0.8550000190734863,0.8550000190734863,5000.0
2025-06-20 11:18:00,DLTA.V,,0.0949999988079071,0.0949999988079071,0.0949999988079071,0.0949999988079071,0.0
2025-06-20 11:18:00,DV.V,,4.5,4.5,4.5,4.5,1300.0
2025-06-20 11:18:00,EMO.V,,1.2599999904632568,1.2599999904632568,1.2599999904632568,1.2599999904632568,75522.0
2025-06-20 11:19:00,ARTG.V,,25.479999542236328,25.489999771118164,25.479999542236328,25.489999771118164,300.0
2025-06-20 11:20:00,AE.V,,0.4950000047683716,0.4950000047683716,0.4950000047683716,0.4950000047683716,4500.0
2025-06-20 11:20:00,AIVC.V,,0.4300000071525574,0.4300000071525574,0.4300000071525574,0.4300000071525574,0.0
2025-06-20 11:20:00,AMX.V,,1.4700000286102295,1.4700000286102295,1.4700000286102295,1.4700000286102295,0.0
2025-06-20 11:20:00,DMGI.V,,0.23000000417232513,0.23499999940395355,0.23000000417232513,0.23499999940395355,10500.0
2025-06-20 11:20:00,TAU.V,,1.0299999713897705,1.0299999713897705,1.0299999713897705,1.0299999713897705,100.0
2025-06-20 11:21:00,ABI.V,,0.05000000074505806,0.05000000074505806,0.05000000074505806,0.05000000074505806,22000.0
2025-06-20 11:21:00,AE.V,,0.4950000047683716,0.4950000047683716,0.4950000047683716,0.4950000047683716,0.0
2025-06-20 11:21:00,CVV.V,,0.8600000143051147,0.8600000143051147,0.8600000143051147,0.8600000143051147,12500.0
2025-06-20 11:22:00,ABI.V,,0.05000000074505806,0.05000000074505806,0.05000000074505806,0.05000000074505806,0.0
2025-06-20 11:22:00,BMM.V,,1.8200000524520874,1.8200000524520874,1.8200000524520874,1.8200000524520874,500.0
2025-06-20 11:22:00,DE.V,,7.260000228881836,7.260000228881836,7.260000228881836,7.260000228881836,0.0
2025-06-20 11:22:00,DV.V,,4.5,4.5,4.5,4.5,0.0
2025-06-20 11:22:00,EKG.V,,0.009999999776482582,0.009999999776482582,0.009999999776482582,0.009999999776482582,2000.0
2025-06-20 11:23:00,BMM.V,,1.809999942779541,1.809999942779541,1.809999942779541,1.809999942779541,0.0
2025-06-20 11:24:00,ALV.V,,6.789999961853027,6.789999961853027,6.789999961853027,6.789999961853027,3354.0
2025-06-20 11:24:00,CPER.V,,0.08500000089406967,0.08500000089406967,0.08500000089406967,0.08500000089406967,0.0
2025-06-20 11:24:00,CTRL.V,,0.3149999976158142,0.3149999976158142,0.3149999976158142,0.3149999976158142,0.0
2025-06-20 11:24:00,DWS.V,,0.17499999701976776,0.17499999701976776,0.17499999701976776,0.17499999701976776,0.0
2025-06-20 11:25:00,ARU.V,,0.22499999403953552,0.22499999403953552,0.22499999403953552,0.22499999403953552,0.0
2025-06-20 11:25:00,ASTR.V,,0.4699999988079071,0.4699999988079071,0.4699999988079071,0.4699999988079071,0.0
2025-06-20 11:25:00,CAPT.V,,0.8600000143051147,0.8600000143051147,0.8600000143051147,0.8600000143051147,0.0
2025-06-20 11:26:00,AVU.V,,0.019999999552965164,0.019999999552965164,0.019999999552965164,0.019999999552965164,0.0
2025-06-20 11:26:00,LOVE.V,,1.340000033378601,1.340000033378601,1.340000033378601,1.340000033378601,0.0
2025-06-20 11:27:00,ARTG.V,,25.530000686645508,25.530000686645508,25.5,25.5,1100.0
2025-06-20 11:27:00,AVU.V,,0.019999999552965164,0.019999999552965164,0.019999999552965164,0.019999999552965164,0.0
2025-06-20 11:27:00,CBR.V,,0.3799999952316284,0.3799999952316284,0.3799999952316284,0.3799999952316284,0.0
2025-06-20 11:27:00,ELE.V,,1.7300000190734863,1.7300000190734863,1.7300000190734863,1.7300000190734863,0.0
2025-06-20 11:27:00,EMNT.V,,0.3700000047683716,0.3700000047683716,0.3700000047683716,0.3700000047683716,0.0
2025-06-20 11:27:00,EMX.V,,3.299999952316284,3.299999952316284,3.299999952316284,3.299999952316284,0.0
2025-06-20 11:29:00,ARCH.V,,1.75,1.75,1.75,1.75,11200.0
2025-06-20 11:29:00,ARK.V,,0.8799999952316284,0.8799999952316284,0.8799999952316284,0.8799999952316284,0.0
2025-06-20 11:30:00,ARTG.V,,25.530000686645508,25.530000686645508,25.530000686645508,25.530000686645508,100.0
2025-06-20 11:31:00,ARCH.V,,1.7400000095367432,1.7400000095367432,1.7400000095367432,1.7400000095367432,0.0
2025-06-20 11:31:00,ARTG.V,,25.530000686645508,25.530000686645508,25.530000686645508,25.530000686645508,210.0
2025-06-20 11:31:00,MATE.V,,0.10000000149011612,0.10000000149011612,0.10000000149011612,0.10000000149011612,0.0
2025-06-20 11:32:00,CAM.V,,0.1599999964237213,0.1599999964237213,0.1599999964237213,0.1599999964237213,148000.0
2025-06-20 11:32:00,CYBE.V,,4.369999885559082,4.369999885559082,4.369999885559082,4.369999885559082,1680.0
2025-06-20 11:33:00,AAG.V,,0.6600000262260437,0.6600000262260437,0.6600000262260437,0.6600000262260437,18250.0
2025-06-20 11:33:00,AEC.V,,0.11999999731779099,0.11999999731779099,0.11999999731779099,0.11999999731779099,500.0
2025-06-20 11:33:00,CTM.V,,0.0949999988079071,0.10000000149011612,0.0949999988079071,0.10000000149011612,292000.0
2025-06-20 11:33:00,EKG.V,,0.009999999776482582,0.009999999776482582,0.009999999776482582,0.009999999776482582,3000.0
2025-06-20 11:33:00,EMO.V,,1.2699999809265137,1.2699999809265137,1.2699999809265137,1.2699999809265137,691.0
2025-06-20 11:34:00,AAG.V,,0.6600000262260437,0.6600000262260437,0.6600000262260437,0.6600000262260437,132695.0
2025-06-20 11:34:00,BNXA.V,,0.7599999904632568,0.7599999904632568,0.7599999904632568,0.7599999904632568,0.0
2025-06-20 11:34:00,CH.V,,0.054999999701976776,0.054999999701976776,0.054999999701976776,0.054999999701976776,0.0
2025-06-20 11:34:00,CVV.V,,0.8600000143051147,0.8600000143051147,0.8600000143051147,0.8600000143051147,14500.0
2025-06-20 11:34:00,DMGI.V,,0.22499999403953552,0.22499999403953552,0.22499999403953552,0.22499999403953552,12500.0
2025-06-20 11:35:00,ARIC.V,,0.5199999809265137,0.5199999809265137,0.5199999809265137,0.5199999809265137,12500.0
2025-06-20 11:35:00,ARTG.V,,25.56999969482422,25.56999969482422,25.559999465942383,25.559999465942383,800.0
2025-06-20 11:35:00,DLP.V,,0.3199999928474426,0.3199999928474426,0.3199999928474426,0.3199999928474426,71500.0
2025-06-20 11:35:00,TAU.V,,1.0299999713897705,1.0299999713897705,1.0299999713897705,1.0299999713897705,200.0
2025-06-20 11:36:00,AEC.V,,0.11999999731779099,0.11999999731779099,0.11999999731779099,0.11999999731779099,500.0
2025-06-20 11:36:00,ARTG.V,,25.59000015258789,25.59000015258789,25.579999923706055,25.579999923706055,400.0
2025-06-20 11:36:00,ASTR.V,,0.4699999988079071,0.4699999988079071,0.4699999988079071,0.4699999988079071,22688.0
2025-06-20 11:36:00,BMET.V,,0.03999999910593033,0.03999999910593033,0.03999999910593033,0.03999999910593033,154528.0
2025-06-20 11:36:00,DE.V,,7.309999942779541,7.309999942779541,7.309999942779541,7.309999942779541,3320.0
2025-06-20 11:36:00,DMGI.V,,0.23499999940395355,0.23499999940395355,0.23499999940395355,0.23499999940395355,1000.0
2025-06-20 11:36:00,EKG.V,,0.009999999776482582,0.009999999776482582,0.009999999776482582,0.009999999776482582,2000.0
2025-06-20 11:37:00,CBR.V,,0.3700000047683716,0.3700000047683716,0.3700000047683716,0.3700000047683716,99966.0
2025-06-20 11:37:00,CMC.V,,0.054999999701976776,0.054999999701976776,0.054999999701976776,0.054999999701976776,4490.0
2025-06-20 11:37:00,DE.V,,7.309999942779541,7.309999942779541,7.309999942779541,7.309999942779541,100.0
2025-06-20 11:37:00,TAU.V,,1.0299999713897705,1.0299999713897705,1.0299999713897705,1.0299999713897705,100.0
2025-06-20 11:38:00,AE.V,,0.4950000047683716,0.4950000047683716,0.4950000047683716,0.4950000047683716,0.0
2025-06-20 11:38:00,AEC.V,,0.11999999731779099,0.11999999731779099,0.11999999731779099,0.11999999731779099,500.0
2025-06-20 11:39:00,DE.V,,7.300000190734863,7.300000190734863,7.300000190734863,7.300000190734863,200.0
2025-06-20 11:39:00,OYL.V,,0.07999999821186066,0.07999999821186066,0.07999999821186066,0.07999999821186066,23000.0
2025-06-20 11:40:00,ARTG.V,,25.670000076293945,25.670000076293945,25.670000076293945,25.670000076293945,200.0
2025-06-20 11:40:00,DE.V,,7.309999942779541,7.309999942779541,7.289999961853027,7.289999961853027,700.0
2025-06-20 11:40:00,DMGI.V,,0.23499999940395355,0.23499999940395355,0.23499999940395355,0.23499999940395355,500.0
2025-06-20 11:40:00,EMPR.V,,0.6499999761581421,0.6499999761581421,0.6499999761581421,0.6499999761581421,1520.0
2025-06-20 11:41:00,ARTG.V,,25.670000076293945,25.670000076293945,25.670000076293945,25.670000076293945,200.0
2025-06-20 11:41:00,CPER.V,,0.08500000089406967,0.08749999850988388,0.08500000089406967,0.08749999850988388,456000.0
2025-06-20 11:41:00,CYBE.V,,4.369999885559082,4.369999885559082,4.369999885559082,4.369999885559082,5000.0
2025-06-20 11:41:00,EMO.V,,1.2699999809265137,1.2699999809265137,1.2699999809265137,1.2699999809265137,3000.0
2025-06-20 11:42:00,ASTR.V,,0.46000000834465027,0.46000000834465027,0.46000000834465027,0.46000000834465027,27688.0
2025-06-20 11:42:00,AUX.V,,0.5899999737739563,0.5899999737739563,0.5899999737739563,0.5899999737739563,2900.0
2025-06-20 11:42:00,BLM.V,,1.409999966621399,1.409999966621399,1.409999966621399,1.409999966621399,800.0
2025-06-20 11:42:00,CAM.V,,0.1599999964237213,0.1599999964237213,0.1599999964237213,0.1599999964237213,500.0
2025-06-20 11:42:00,CYBE.V,,4.369999885559082,4.369999885559082,4.369999885559082,4.369999885559082,300.0
2025-06-20 11:42:00,DLTA.V,,0.10000000149011612,0.10000000149011612,0.10000000149011612,0.10000000149011612,201000.0
2025-06-20 11:42:00,DMX.V,,0.6700000166893005,0.6700000166893005,0.6700000166893005,0.6700000166893005,500.0
2025-06-20 11:42:00,DWS.V,,0.17499999701976776,0.17499999701976776,0.17499999701976776,0.17499999701976776,7735.0
2025-06-20 11:42:00,EKG.V,,0.009999999776482582,0.009999999776482582,0.009999999776482582,0.009999999776482582,2000.0
2025-06-20 11:42:00,YES.V,,0.27000001072883606,0.27000001072883606,0.27000001072883606,0.27000001072883606,2214.0
2025-06-20 11:43:00,AEC.V,,0.125,0.125,0.125,0.125,172500.0
2025-06-20 11:43:00,APGO.V,,0.41999998688697815,0.41999998688697815,0.41999998688697815,0.41999998688697815,145000.0
2025-06-20 11:43:00,ARTG.V,,25.649999618530273,25.649999618530273,25.649999618530273,25.649999618530273,114.0
2025-06-20 11:43:00,AUX.V,,0.6000000238418579,0.6000000238418579,0.6000000238418579,0.6000000238418579,5000.0
2025-06-20 11:43:00,BQE.V,,52.0,52.0,52.0,52.0,403.0
2025-06-20 11:43:00,CAM.V,,0.1599999964237213,0.1599999964237213,0.1599999964237213,0.1599999964237213,6500.0
2025-06-20 11:43:00,DLTA.V,,0.0949999988079071,0.0949999988079071,0.0949999988079071,0.0949999988079071,247000.0
2025-06-20 11:43:00,DMX.V,,0.6650000214576721,0.6650000214576721,0.6650000214576721,0.6650000214576721,500.0
2025-06-20 11:43:00,ENDR.V,,0.17000000178813934,0.17000000178813934,0.17000000178813934,0.17000000178813934,16000.0
2025-06-20 11:43:00,TAU.V,,1.0299999713897705,1.0299999713897705,1.0299999713897705,1.0299999713897705,200.0
2025-06-20 11:44:00,AEC.V,,0.125,0.125,0.125,0.125,236000.0
2025-06-20 11:44:00,ARTG.V,,25.610000610351562,25.610000610351562,25.610000610351562,25.610000610351562,200.0
2025-06-20 11:44:00,AUX.V,,0.6200000047683716,0.6200000047683716,0.6000000238418579,0.6000000238418579,22000.0
2025-06-20 11:44:00,CPER.V,,0.08500000089406967,0.08500000089406967,0.08500000089406967,0.08500000089406967,10000.0
2025-06-20 11:44:00,CTM.V,,0.10000000149011612,0.10000000149011612,0.10000000149011612,0.10000000149011612,314000.0
2025-06-20 11:45:00,ARTG.V,,25.729999542236328,25.75,25.639999389648438,25.639999389648438,1600.0
2025-06-20 11:45:00,CPER.V,,0.08500000089406967,0.08500000089406967,0.08500000089406967,0.08500000089406967,471000.0
2025-06-20 11:46:00,ARTG.V,,25.700000762939453,25.700000762939453,25.68000030517578,25.700000762939453,1100.0
2025-06-20 11:46:00,DMX.V,,0.6650000214576721,0.6650000214576721,0.6650000214576721,0.6650000214576721,10503.0
2025-06-20 11:47:00,AEC.V,,0.125,0.125,0.125,0.125,14000.0
2025-06-20 11:47:00,ARTG.V,,25.739999771118164,25.739999771118164,25.739999771118164,25.739999771118164,100.0
2025-06-20 11:47:00,AUX.V,,0.6200000047683716,0.6200000047683716,0.6200000047683716,0.6200000047683716,1000.0
2025-06-20 11:47:00,BEX.V,,0.07000000029802322,0.07000000029802322,0.07000000029802322,0.07000000029802322,128000.0
2025-06-20 11:47:00,CVV.V,,0.875,0.875,0.875,0.875,1000.0
2025-06-20 11:47:00,DMGI.V,,0.23499999940395355,0.23499999940395355,0.23499999940395355,0.23499999940395355,500.0
2025-06-20 11:47:00,EW.V,,0.03999999910593033,0.03999999910593033,0.03999999910593033,0.03999999910593033,48272.0
2025-06-20 11:48:00,AEC.V,,0.125,0.125,0.125,0.125,250000.0
2025-06-20 11:48:00,ARTG.V,,25.719999313354492,25.719999313354492,25.719999313354492,25.719999313354492,200.0
2025-06-20 11:48:00,AUX.V,,0.6200000047683716,0.6200000047683716,0.6200000047683716,0.6200000047683716,12000.0
2025-06-20 11:48:00,CVV.V,,0.875,0.875,0.875,0.875,1000.0
2025-06-20 11:48:00,EKG.V,,0.009999999776482582,0.009999999776482582,0.009999999776482582,0.009999999776482582,2000.0
2025-06-20 11:49:00,ARTG.V,,25.690000534057617,25.690000534057617,25.690000534057617,25.690000534057617,200.0
2025-06-20 11:49:00,CVV.V,,0.875,0.875,0.875,0.875,1000.0
2025-06-20 11:50:00,ARTG.V,,25.75,25.75,25.75,25.75,200.0
2025-06-20 11:50:00,CGC.V,,0.30000001192092896,0.30000001192092896,0.29499998688697815,0.29499998688697815,12500.0
2025-06-20 11:50:00,CVV.V,,0.875,0.875,0.875,0.875,1000.0
2025-06-20 11:51:00,AEC.V,,0.12250000238418579,0.12250000238418579,0.12250000238418579,0.12250000238418579,12500.0
2025-06-20 11:51:00,AMX.V,,1.4700000286102295,1.4700000286102295,1.4700000286102295,1.4700000286102295,169861.0
2025-06-20 11:51:00,ARTG.V,,25.790000915527344,25.790000915527344,25.770000457763672,25.770000457763672,200.0
2025-06-20 11:51:00,AUX.V,,0.6200000047683716,0.6200000047683716,0.6200000047683716,0.6200000047683716,1000.0
2025-06-20 11:51:00,BFM.V,,0.23499999940395355,0.23499999940395355,0.23499999940395355,0.23499999940395355,12681.0
2025-06-20 11:51:00,BRVO.V,,3.009999990463257,3.009999990463257,3.009999990463257,3.009999990463257,23540.0
2025-06-20 11:51:00,CVV.V,,0.875,0.875,0.875,0.875,1000.0
2025-06-20 11:51:00,ELE.V,,1.7400000095367432,1.7400000095367432,1.7400000095367432,1.7400000095367432,31777.0
2025-06-20 11:52:00,AEC.V,,0.12250000238418579,0.12250000238418579,0.12250000238418579,0.12250000238418579,11000.0
2025-06-20 11:52:00,AUX.V,,0.6100000143051147,0.6100000143051147,0.6100000143051147,0.6100000143051147,15000.0
2025-06-20 11:52:00,DMGI.V,,0.23000000417232513,0.23000000417232513,0.23000000417232513,0.23000000417232513,1000.0
2025-06-20 11:52:00,DMX.V,,0.6700000166893005,0.6700000166893005,0.6700000166893005,0.6700000166893005,2500.0
2025-06-20 11:52:00,EMPR.V,,0.6499999761581421,0.6499999761581421,0.6499999761581421,0.6499999761581421,0.0
2025-06-20 11:52:00,ENDR.V,,0.17000000178813934,0.17000000178813934,0.17000000178813934,0.17000000178813934,0.0
2025-06-20 11:53:00,ADK.V,,0.20000000298023224,0.20000000298023224,0.20000000298023224,0.20000000298023224,0.0
2025-06-20 11:53:00,AEC.V,,0.12250000238418579,0.12250000238418579,0.12250000238418579,0.12250000238418579,10000.0
2025-06-20 11:53:00,ARIC.V,,0.5199999809265137,0.5199999809265137,0.5199999809265137,0.5199999809265137,10000.0
2025-06-20 11:53:00,AUX.V,,0.6000000238418579,0.6000000238418579,0.6000000238418579,0.6000000238418579,10500.0
2025-06-20 11:53:00,BARU.V,,0.07999999821186066,0.07999999821186066,0.07999999821186066,0.07999999821186066,609000.0
2025-06-20 11:53:00,EW.V,,0.03999999910593033,0.03999999910593033,0.03999999910593033,0.03999999910593033,0.0
2025-06-20 11:54:00,AEC.V,,0.12250000238418579,0.125,0.12250000238418579,0.12250000238418579,18000.0
2025-06-20 11:54:00,CERT.V,,0.7200000286102295,0.7200000286102295,0.7200000286102295,0.7200000286102295,0.0
2025-06-20 11:54:00,CVV.V,,0.875,0.875,0.875,0.875,1000.0
2025-06-20 11:54:00,DMGI.V,,0.23499999940395355,0.23499999940395355,0.23499999940395355,0.23499999940395355,500.0
2025-06-20 11:54:00,DMX.V,,0.6600000262260437,0.6650000214576721,0.6600000262260437,0.6650000214576721,6000.0
2025-06-20 11:54:00,EKG.V,,0.009999999776482582,0.009999999776482582,0.009999999776482582,0.009999999776482582,2000.0
2025-06-20 11:54:00,ENW.V,,0.4050000011920929,0.4050000011920929,0.4050000011920929,0.4050000011920929,7608.0
2025-06-20 11:54:00,TAU.V,,1.0299999713897705,1.0299999713897705,1.0299999713897705,1.0299999713897705,100.0
2025-06-20 11:55:00,ARTG.V,,25.4950008392334,25.700000762939453,25.420000076293945,25.700000762939453,2200.0
2025-06-20 11:55:00,BEX.V,,0.07000000029802322,0.07000000029802322,0.07000000029802322,0.07000000029802322,0.0
2025-06-20 11:55:00,COR.V,,0.23000000417232513,0.23000000417232513,0.23000000417232513,0.23000000417232513,0.0
2025-06-20 11:55:00,TAU.V,,1.034999966621399,1.034999966621399,1.034999966621399,1.034999966621399,265.0
2025-06-20 11:56:00,ARTG.V,,25.610000610351562,25.610000610351562,25.549999237060547,25.549999237060547,200.0
2025-06-20 11:56:00,AUX.V,,0.6000000238418579,0.6000000238418579,0.6000000238418579,0.6000000238418579,2000.0
2025-06-20 11:56:00,CAD.V,,1.4500000476837158,1.4500000476837158,1.4500000476837158,1.4500000476837158,7130.0
2025-06-20 11:56:00,DMX.V,,0.6700000166893005,0.6700000166893005,0.6650000214576721,0.6650000214576721,7746.0
2025-06-20 11:57:00,AUX.V,,0.6000000238418579,0.6000000238418579,0.6000000238418579,0.6000000238418579,5000.0
2025-06-20 11:57:00,CVV.V,,0.875,0.875,0.875,0.875,2000.0
2025-06-20 11:57:00,DMX.V,,0.6700000166893005,0.6700000166893005,0.6700000166893005,0.6700000166893005,500.0
2025-06-20 11:58:00,ARTG.V,,25.649999618530273,25.649999618530273,25.6200008392334,25.6200008392334,800.0
2025-06-20 11:58:00,ECU.V,,0.48500001430511475,0.48500001430511475,0.48500001430511475,0.48500001430511475,0.0
2025-06-20 11:58:00,EKG.V,,0.009999999776482582,0.009999999776482582,0.009999999776482582,0.009999999776482582,0.0
2025-06-20 11:58:00,ETL.V,,0.7900000214576721,0.7900000214576721,0.7900000214576721,0.7900000214576721,0.0
2025-06-20 11:59:00,ARTG.V,,25.670000076293945,25.670000076293945,25.670000076293945,25.670000076293945,200.0
2025-06-20 11:59:00,AXL.V,,0.38999998569488525,0.38999998569488525,0.38999998569488525,0.38999998569488525,0.0
2025-06-20 12:00:00,AVU.V,,0.019999999552965164,0.019999999552965164,0.019999999552965164,0.019999999552965164,0.0
2025-06-20 12:00:00,BTCW.V,,0.14499999582767487,0.14499999582767487,0.14499999582767487,0.14499999582767487,69926.0
2025-06-20 12:00:00,CYBE.V,,4.369999885559082,4.369999885559082,4.369999885559082,4.369999885559082,0.0
2025-06-20 12:00:00,DMX.V,,0.6650000214576721,0.6650000214576721,0.6650000214576721,0.6650000214576721,500.0
2025-06-20 12:01:00,ARTG.V,,25.649999618530273,25.739999771118164,25.649999618530273,25.68000030517578,1800.0
2025-06-20 12:01:00,BOL.V,,0.08500000089406967,0.08500000089406967,0.08500000089406967,0.08500000089406967,0.0
2025-06-20 12:02:00,BRC.V,,0.41499999165534973,0.41499999165534973,0.41499999165534973,0.41499999165534973,0.0
2025-06-20 12:02:00,BRVO.V,,2.990000009536743,3.0,2.990000009536743,3.0,5850.0
2025-06-20 12:02:00,DMX.V,,0.6600000262260437,0.6600000262260437,0.6600000262260437,0.6600000262260437,10000.0
2025-06-20 12:03:00,BRVO.V,,3.0199999809265137,3.0199999809265137,3.0199999809265137,3.0199999809265137,0.0
2025-06-20 12:03:00,TAU.V,,1.034999966621399,1.034999966621399,1.034999966621399,1.034999966621399,0.0
2025-06-20 12:04:00,ALDE.V,,1.8200000524520874,1.8200000524520874,1.8200000524520874,1.8200000524520874,0.0
2025-06-20 12:04:00,ARIC.V,,0.5299999713897705,0.5299999713897705,0.5299999713897705,0.5299999713897705,0.0
2025-06-20 12:04:00,CVV.V,,0.8799999952316284,0.8799999952316284,0.8799999952316284,0.8799999952316284,19000.0
2025-06-20 12:05:00,CBR.V,,0.3799999952316284,0.3799999952316284,0.3799999952316284,0.3799999952316284,0.0
2025-06-20 12:06:00,RX.V,,11.619999885559082,11.619999885559082,11.619999885559082,11.619999885559082,0.0
2025-06-20 12:07:00,CEI.V,,0.8500000238418579,0.8500000238418579,0.8500000238418579,0.8500000238418579,0.0
2025-06-20 12:07:00,CRE.V,,0.38999998569488525,0.38999998569488525,0.38999998569488525,0.38999998569488525,0.0
2025-06-20 12:07:00,ELE.V,,1.7400000095367432,1.7400000095367432,1.7400000095367432,1.7400000095367432,0.0
2025-06-20 12:07:00,YFI.V,,0.05000000074505806,0.05000000074505806,0.05000000074505806,0.05000000074505806,0.0
2025-06-20 12:08:00,APGO.V,,0.41999998688697815,0.41999998688697815,0.41999998688697815,0.41999998688697815,0.0
2025-06-20 12:08:00,CAD.V,,1.4500000476837158,1.4500000476837158,1.4500000476837158,1.4500000476837158,0.0
2025-06-20 12:08:00,DMGI.V,,0.23499999940395355,0.23499999940395355,0.23499999940395355,0.23499999940395355,1000.0
2025-06-20 12:08:00,DMX.V,,0.6700000166893005,0.6700000166893005,0.6700000166893005,0.6700000166893005,3000.0
2025-06-20 12:09:00,ARTG.V,,25.6299991607666,25.6299991607666,25.6299991607666,25.6299991607666,700.0
2025-06-20 12:09:00,BARU.V,,0.07999999821186066,0.07999999821186066,0.07999999821186066,0.07999999821186066,710000.0
2025-06-20 12:09:00,CNO.V,,0.5199999809265137,0.5199999809265137,0.5199999809265137,0.5199999809265137,0.0
2025-06-20 12:09:00,CVV.V,,0.8799999952316284,0.8849999904632568,0.8799999952316284,0.8849999904632568,4000.0
2025-06-20 12:09:00,EMO.V,,1.2699999809265137,1.2699999809265137,1.2699999809265137,1.2699999809265137,700.0
2025-06-20 12:09:00,EMPR.V,,0.6499999761581421,0.6499999761581421,0.6499999761581421,0.6499999761581421,79169.0
2025-06-20 12:10:00,AMX.V,,1.4700000286102295,1.4700000286102295,1.4700000286102295,1.4700000286102295,0.0
2025-06-20 12:10:00,ARTG.V,,25.610000610351562,25.6200008392334,25.610000610351562,25.6200008392334,200.0
2025-06-20 12:10:00,AUX.V,,0.6000000238418579,0.6000000238418579,0.6000000238418579,0.6000000238418579,10500.0
2025-06-20 12:10:00,DE.V,,7.320000171661377,7.320000171661377,7.309999942779541,7.309999942779541,605.0
2025-06-20 12:10:00,ELY.V,,0.06499999761581421,0.06499999761581421,0.06499999761581421,0.06499999761581421,42500.0
2025-06-20 12:10:00,EMX.V,,3.309999942779541,3.309999942779541,3.309999942779541,3.309999942779541,17187.0
2025-06-20 12:11:00,BRVO.V,,2.990000009536743,2.990000009536743,2.990000009536743,2.990000009536743,29790.0
2025-06-20 12:11:00,CAM.V,,0.16500000655651093,0.16500000655651093,0.16500000655651093,0.16500000655651093,1000.0
2025-06-20 12:11:00,DV.V,,4.550000190734863,4.550000190734863,4.550000190734863,4.550000190734863,51237.0
2025-06-20 12:11:00,EMO.V,,1.2699999809265137,1.2699999809265137,1.2699999809265137,1.2699999809265137,3300.0
2025-06-20 12:11:00,GUS.V,,0.800000011920929,0.800000011920929,0.800000011920929,0.800000011920929,10000.0
2025-06-20 12:12:00,AEC.V,,0.11999999731779099,0.11999999731779099,0.11999999731779099,0.11999999731779099,495000.0
2025-06-20 12:12:00,ARTG.V,,25.510000228881836,25.549999237060547,25.510000228881836,25.549999237060547,2889.0
2025-06-20 12:12:00,BMET.V,,0.03500000014901161,0.03500000014901161,0.03500000014901161,0.03500000014901161,0.0
2025-06-20 12:12:00,CAD.V,,1.4600000381469727,1.4600000381469727,1.4550000429153442,1.4550000429153442,9830.0
2025-06-20 12:12:00,CTRL.V,,0.3149999976158142,0.3149999976158142,0.3149999976158142,0.3149999976158142,104150.0
2025-06-20 12:12:00,CVV.V,,0.8899999856948853,0.8899999856948853,0.8899999856948853,0.8899999856948853,20500.0
2025-06-20 12:12:00,DMX.V,,0.6700000166893005,0.6700000166893005,0.6700000166893005,0.6700000166893005,28400.0
2025-06-20 12:13:00,AEC.V,,0.11999999731779099,0.11999999731779099,0.11999999731779099,0.11999999731779099,55000.0
2025-06-20 12:13:00,AZS.V,,0.33500000834465027,0.33500000834465027,0.33500000834465027,0.33500000834465027,0.0
2025-06-20 12:13:00,BRVO.V,,2.9700000286102295,2.9700000286102295,2.9700000286102295,2.9700000286102295,30790.0
2025-06-20 12:13:00,CVV.V,,0.8949999809265137,0.8949999809265137,0.8899999856948853,0.8899999856948853,8500.0
2025-06-20 12:13:00,DMX.V,,0.6700000166893005,0.6700000166893005,0.6700000166893005,0.6700000166893005,6000.0
2025-06-20 12:14:00,BNKR.V,,0.125,0.125,0.125,0.125,0.0
2025-06-20 12:14:00,CAD.V,,1.4600000381469727,1.4600000381469727,1.4500000476837158,1.4500000476837158,900.0
2025-06-20 12:14:00,DV.V,,4.550000190734863,4.550000190734863,4.550000190734863,4.550000190734863,400.0
2025-06-20 12:14:00,EMO.V,,1.2699999809265137,1.2699999809265137,1.2699999809265137,1.2699999809265137,100.0
2025-06-20 12:15:00,ADK.V,,0.20000000298023224,0.20000000298023224,0.20000000298023224,0.20000000298023224,35700.0
2025-06-20 12:15:00,ASTR.V,,0.44999998807907104,0.45500001311302185,0.44999998807907104,0.45500001311302185,2000.0
2025-06-20 12:15:00,CPER.V,,0.08500000089406967,0.08500000089406967,0.08500000089406967,0.08500000089406967,1000.0
2025-06-20 12:15:00,DMX.V,,0.6700000166893005,0.6700000166893005,0.6700000166893005,0.6700000166893005,2000.0
2025-06-20 12:15:00,DV.V,,4.550000190734863,4.550000190734863,4.550000190734863,4.550000190734863,200.0
2025-06-20 12:15:00,ELE.V,,1.75,1.75,1.7450000047683716,1.75,33877.0
2025-06-20 12:15:00,EMO.V,,1.2699999809265137,1.2699999809265137,1.2699999809265137,1.2699999809265137,100.0
2025-06-20 12:16:00,AEC.V,,0.11999999731779099,0.11999999731779099,0.11999999731779099,0.11999999731779099,132967.0
2025-06-20 12:16:00,CPER.V,,0.08500000089406967,0.08500000089406967,0.08500000089406967,0.08500000089406967,0.0
2025-06-20 12:16:00,CYBE.V,,4.349999904632568,4.349999904632568,4.349999904632568,4.349999904632568,40110.0
2025-06-20 12:16:00,DMGI.V,,0.23499999940395355,0.23499999940395355,0.23499999940395355,0.23499999940395355,500.0
2025-06-20 12:17:00,CGC.V,,0.28999999165534973,0.28999999165534973,0.28999999165534973,0.28999999165534973,65150.0
2025-06-20 12:17:00,CRE.V,,0.38999998569488525,0.38999998569488525,0.38999998569488525,0.38999998569488525,18100.0
2025-06-20 12:17:00,DMX.V,,0.6700000166893005,0.6700000166893005,0.6700000166893005,0.6700000166893005,1000.0
2025-06-20 12:17:00,DOS.V,,0.029999999329447746,0.029999999329447746,0.029999999329447746,0.029999999329447746,50000.0
2025-06-20 12:17:00,EMO.V,,1.2699999809265137,1.2699999809265137,1.2699999809265137,1.2699999809265137,100.0
2025-06-20 12:17:00,NET-UN.V,,5.400000095367432,5.400000095367432,5.400000095367432,5.400000095367432,1963.0
2025-06-20 12:18:00,BLM.V,,1.409999966621399,1.409999966621399,1.409999966621399,1.409999966621399,0.0
2025-06-20 12:18:00,CBA.V,,0.03500000014901161,0.03500000014901161,0.03500000014901161,0.03500000014901161,83000.0
2025-06-20 12:18:00,CYBE.V,,4.369999885559082,4.369999885559082,4.369999885559082,4.369999885559082,275.0
2025-06-20 12:18:00,TAU.V,,1.034999966621399,1.034999966621399,1.034999966621399,1.034999966621399,76572.0
2025-06-20 12:19:00,ADY.V,,0.23999999463558197,0.23999999463558197,0.23999999463558197,0.23999999463558197,0.0
2025-06-20 12:19:00,DBG.V,,0.6800000071525574,0.6800000071525574,0.6800000071525574,0.6800000071525574,0.0
2025-06-20 12:19:00,EMO.V,,1.2699999809265137,1.2699999809265137,1.2699999809265137,1.2699999809265137,100.0
2025-06-20 12:19:00,RX.V,,11.699999809265137,11.699999809265137,11.699999809265137,11.699999809265137,400.0
2025-06-20 12:21:00,CUB.V,,0.11999999731779099,0.11999999731779099,0.11999999731779099,0.11999999731779099,0.0
2025-06-20 12:22:00,AUX.V,,0.5799999833106995,0.5799999833106995,0.5799999833106995,0.5799999833106995,252380.0
2025-06-20 12:22:00,CRE.V,,0.3799999952316284,0.3799999952316284,0.3799999952316284,0.3799999952316284,12000.0
2025-06-20 12:22:00,CTG.V,,0.014999999664723873,0.014999999664723873,0.014999999664723873,0.014999999664723873,200000.0
2025-06-20 12:22:00,CVV.V,,0.8899999856948853,0.8899999856948853,0.8899999856948853,0.8899999856948853,12500.0
2025-06-20 12:22:00,EMO.V,,1.2699999809265137,1.2699999809265137,1.2699999809265137,1.2699999809265137,100.0
2025-06-20 12:22:00,EMX.V,,3.309999942779541,3.309999942779541,3.309999942779541,3.309999942779541,200.0
2025-06-20 12:23:00,ARTG.V,,25.510000228881836,25.510000228881836,25.489999771118164,25.489999771118164,400.0
2025-06-20 12:23:00,CVV.V,,0.8899999856948853,0.8899999856948853,0.8899999856948853,0.8899999856948853,6000.0
2025-06-20 12:23:00,EMO.V,,1.2699999809265137,1.2699999809265137,1.2699999809265137,1.2699999809265137,100.0
2025-06-20 12:23:00,EMX.V,,3.309999942779541,3.309999942779541,3.309999942779541,3.309999942779541,200.0
2025-06-20 12:23:00,RX.V,,11.699999809265137,11.699999809265137,11.699999809265137,11.699999809265137,0.0
2025-06-20 12:24:00,AIR.V,,0.054999999701976776,0.054999999701976776,0.054999999701976776,0.054999999701976776,0.0
2025-06-20 12:24:00,ARH.V,,0.4099999964237213,0.4099999964237213,0.4099999964237213,0.4099999964237213,116414.0
2025-06-20 12:25:00,ALDE.V,,1.8200000524520874,1.8200000524520874,1.8200000524520874,1.8200000524520874,0.0
2025-06-20 12:25:00,ARH.V,,0.4099999964237213,0.4099999964237213,0.4099999964237213,0.4099999964237213,1500.0
2025-06-20 12:25:00,DMGI.V,,0.23499999940395355,0.23499999940395355,0.23499999940395355,0.23499999940395355,500.0
2025-06-20 12:25:00,EMO.V,,1.2699999809265137,1.2699999809265137,1.2699999809265137,1.2699999809265137,100.0
2025-06-20 12:25:00,EMX.V,,3.309999942779541,3.309999942779541,3.309999942779541,3.309999942779541,100.0
2025-06-20 12:26:00,ARH.V,,0.4099999964237213,0.4099999964237213,0.4099999964237213,0.4099999964237213,0.0
2025-06-20 12:26:00,BCF.V,,9.199999809265137,9.199999809265137,9.199999809265137,9.199999809265137,0.0
2025-06-20 12:26:00,DMX.V,,0.6700000166893005,0.6700000166893005,0.6650000214576721,0.6650000214576721,29500.0
2025-06-20 12:26:00,EMX.V,,3.309999942779541,3.309999942779541,3.309999942779541,3.309999942779541,100.0
2025-06-20 12:26:00,LIT.V,,0.07000000029802322,0.07000000029802322,0.07000000029802322,0.07000000029802322,0.0
2025-06-20 12:26:00,SPOT.V,,0.25,0.25,0.25,0.25,2749.0
2025-06-20 12:27:00,AAG.V,,0.6600000262260437,0.6600000262260437,0.6600000262260437,0.6600000262260437,9000.0
2025-06-20 12:27:00,BMM.V,,1.8200000524520874,1.8200000524520874,1.8200000524520874,1.8200000524520874,11200.0
2025-06-20 12:27:00,EMO.V,,1.2699999809265137,1.2699999809265137,1.2699999809265137,1.2699999809265137,100.0
2025-06-20 12:27:00,EMX.V,,3.309999942779541,3.309999942779541,3.309999942779541,3.309999942779541,100.0
2025-06-20 12:28:00,ARTG.V,,25.489999771118164,25.489999771118164,25.489999771118164,25.489999771118164,300.0
2025-06-20 12:28:00,EMX.V,,3.309999942779541,3.309999942779541,3.309999942779541,3.309999942779541,100.0
2025-06-20 12:28:00,SWAN.V,,0.800000011920929,0.800000011920929,0.800000011920929,0.800000011920929,0.0
2025-06-20 12:29:00,AE.V,,0.4950000047683716,0.4950000047683716,0.4950000047683716,0.4950000047683716,121581.0
2025-06-20 12:29:00,AZS.V,,0.33000001311302185,0.33000001311302185,0.33000001311302185,0.33000001311302185,0.0
2025-06-20 12:29:00,CAM.V,,0.1599999964237213,0.1599999964237213,0.1599999964237213,0.1599999964237213,0.0
2025-06-20 12:29:00,EMO.V,,1.2699999809265137,1.2699999809265137,1.2699999809265137,1.2699999809265137,100.0
2025-06-20 12:29:00,EMX.V,,3.299999952316284,3.299999952316284,3.299999952316284,3.299999952316284,0.0
2025-06-20 12:29:00,TAU.V,,1.034999966621399,1.034999966621399,1.034999966621399,1.034999966621399,0.0
2025-06-20 12:30:00,ARTG.V,,25.43000030517578,25.450000762939453,25.43000030517578,25.450000762939453,300.0
2025-06-20 12:30:00,ASTR.V,,0.45500001311302185,0.45500001311302185,0.45500001311302185,0.45500001311302185,0.0
2025-06-20 12:30:00,AWX.V,,0.0949999988079071,0.0949999988079071,0.0949999988079071,0.0949999988079071,0.0
2025-06-20 12:30:00,AXL.V,,0.38999998569488525,0.38999998569488525,0.38999998569488525,0.38999998569488525,259019.0
2025-06-20 12:30:00,COV.V,,2.450000047683716,2.450000047683716,2.450000047683716,2.450000047683716,0.0
2025-06-20 12:30:00,SPOT.V,,0.23999999463558197,0.23999999463558197,0.23999999463558197,0.23999999463558197,0.0
2025-06-20 12:31:00,ARTG.V,,25.440000534057617,25.440000534057617,25.420000076293945,25.420000076293945,600.0
2025-06-20 12:31:00,EMO.V,,1.2699999809265137,1.2699999809265137,1.2699999809265137,1.2699999809265137,100.0
2025-06-20 12:32:00,ARTG.V,,25.450000762939453,25.450000762939453,25.450000762939453,25.450000762939453,200.0
2025-06-20 12:32:00,CDB.V,,0.75,0.75,0.75,0.75,0.0
2025-06-20 12:32:00,CTM.V,,0.10000000149011612,0.10000000149011612,0.10000000149011612,0.10000000149011612,0.0
2025-06-20 12:32:00,DMX.V,,0.6700000166893005,0.6700000166893005,0.6700000166893005,0.6700000166893005,6000.0
2025-06-20 12:32:00,EMO.V,,1.2699999809265137,1.2699999809265137,1.2699999809265137,1.2699999809265137,100.0
2025-06-20 12:33:00,ARTG.V,,25.40999984741211,25.40999984741211,25.40999984741211,25.40999984741211,100.0
2025-06-20 12:34:00,BNXA.V,,0.7599999904632568,0.7599999904632568,0.7599999904632568,0.7599999904632568,0.0
2025-06-20 12:34:00,CDB.V,,0.75,0.75,0.75,0.75,0.0
2025-06-20 12:34:00,CRE.V,,0.38999998569488525,0.38999998569488525,0.38999998569488525,0.38999998569488525,0.0
2025-06-20 12:34:00,DMGI.V,,0.23499999940395355,0.23499999940395355,0.23499999940395355,0.23499999940395355,0.0
2025-06-20 12:34:00,EMO.V,,1.2699999809265137,1.2699999809265137,1.2699999809265137,1.2699999809265137,0.0
2025-06-20 12:35:00,AGH-H.V,,0.029999999329447746,0.029999999329447746,0.029999999329447746,0.029999999329447746,0.0
2025-06-20 12:35:00,ARTG.V,,25.399999618530273,25.399999618530273,25.399999618530273,25.399999618530273,100.0
2025-06-20 12:35:00,CVV.V,,0.8899999856948853,0.8899999856948853,0.8899999856948853,0.8899999856948853,0.0
2025-06-20 12:35:00,CYBE.V,,4.369999885559082,4.369999885559082,4.369999885559082,4.369999885559082,0.0
2025-06-20 12:35:00,ENDR.V,,0.17000000178813934,0.17000000178813934,0.17000000178813934,0.17000000178813934,0.0
2025-06-20 12:35:00,EW.V,,0.04500000178813934,0.04500000178813934,0.04500000178813934,0.04500000178813934,0.0
2025-06-20 12:35:00,LOVE.V,,1.3300000429153442,1.3300000429153442,1.3300000429153442,1.3300000429153442,0.0
2025-06-20 12:36:00,CAD.V,,1.4500000476837158,1.4500000476837158,1.4500000476837158,1.4500000476837158,0.0
2025-06-20 12:36:00,DMX.V,,0.6700000166893005,0.6700000166893005,0.6700000166893005,0.6700000166893005,0.0
2025-06-20 12:36:00,DV.V,,4.53000020980835,4.53000020980835,4.53000020980835,4.53000020980835,0.0
2025-06-20 12:37:00,ARTG.V,,25.360000610351562,25.399999618530273,25.360000610351562,25.399999618530273,1100.0
2025-06-20 12:37:00,DE.V,,7.420000076293945,7.420000076293945,7.420000076293945,7.420000076293945,0.0
2025-06-20 12:38:00,ADK.V,,0.20000000298023224,0.20000000298023224,0.20000000298023224,0.20000000298023224,36200.0
2025-06-20 12:38:00,ARTG.V,,25.350000381469727,25.350000381469727,25.350000381469727,25.350000381469727,0.0
2025-06-20 12:38:00,BMM.V,,1.8200000524520874,1.8300000429153442,1.8200000524520874,1.8300000429153442,1300.0
2025-06-20 12:38:00,CGC.V,,0.29499998688697815,0.29499998688697815,0.29499998688697815,0.29499998688697815,0.0
2025-06-20 12:39:00,BMM.V,,1.8200000524520874,1.8200000524520874,1.8200000524520874,1.8200000524520874,750.0
2025-06-20 12:39:00,CVV.V,,0.8899999856948853,0.8899999856948853,0.8899999856948853,0.8899999856948853,221953.0
2025-06-20 12:39:00,DBG.V,,0.6800000071525574,0.6800000071525574,0.6800000071525574,0.6800000071525574,83000.0
2025-06-20 12:39:00,EMO.V,,1.2699999809265137,1.2699999809265137,1.2699999809265137,1.2699999809265137,84513.0
2025-06-20 12:40:00,ARIC.V,,0.5199999809265137,0.5199999809265137,0.5199999809265137,0.5199999809265137,43000.0
2025-06-20 12:41:00,AE.V,,0.4950000047683716,0.4950000047683716,0.4950000047683716,0.4950000047683716,31500.0
2025-06-20 12:41:00,AUX.V,,0.5899999737739563,0.5899999737739563,0.5899999737739563,0.5899999737739563,1000.0
2025-06-20 12:41:00,CVV.V,,0.8999999761581421,0.8999999761581421,0.8899999856948853,0.8899999856948853,8000.0
2025-06-20 12:41:00,DMGI.V,,0.23499999940395355,0.23499999940395355,0.23499999940395355,0.23499999940395355,166940.0
2025-06-20 12:41:00,DMX.V,,0.6700000166893005,0.6700000166893005,0.6700000166893005,0.6700000166893005,556987.0
2025-06-20 12:41:00,ELE.V,,1.7400000095367432,1.7400000095367432,1.7400000095367432,1.7400000095367432,100.0
2025-06-20 12:42:00,CAPT.V,,0.8999999761581421,0.8999999761581421,0.8999999761581421,0.8999999761581421,0.0
2025-06-20 12:42:00,COSA.V,,0.2150000035762787,0.2150000035762787,0.2150000035762787,0.2150000035762787,47500.0
2025-06-20 12:42:00,CRE.V,,0.38999998569488525,0.38999998569488525,0.38999998569488525,0.38999998569488525,31100.0
2025-06-20 12:42:00,DMX.V,,0.6700000166893005,0.6700000166893005,0.6700000166893005,0.6700000166893005,6000.0
2025-06-20 12:42:00,EMO.V,,1.2699999809265137,1.2699999809265137,1.2699999809265137,1.2699999809265137,100.0
2025-06-20 12:42:00,EMX.V,,3.319999933242798,3.319999933242798,3.309999942779541,3.309999942779541,21737.0
2025-06-20 12:43:00,ARTG.V,,25.329999923706055,25.329999923706055,25.329999923706055,25.329999923706055,60234.0
2025-06-20 12:43:00,CTH.V,,0.9100000262260437,0.9100000262260437,0.9100000262260437,0.9100000262260437,0.0
2025-06-20 12:43:00,CVV.V,,0.8949999809265137,0.8949999809265137,0.8949999809265137,0.8949999809265137,500.0
2025-06-20 12:43:00,DMX.V,,0.6700000166893005,0.6700000166893005,0.6700000166893005,0.6700000166893005,2000.0
2025-06-20 12:43:00,ETL.V,,0.7900000214576721,0.7900000214576721,0.7900000214576721,0.7900000214576721,13020.0
2025-06-20 12:44:00,AAG.V,,0.6600000262260437,0.6600000262260437,0.6600000262260437,0.6600000262260437,4300.0
2025-06-20 12:44:00,AEC.V,,0.11999999731779099,0.11999999731779099,0.11999999731779099,0.11999999731779099,60000.0
2025-06-20 12:44:00,ARTG.V,,25.344999313354492,25.344999313354492,25.344999313354492,25.344999313354492,100.0
2025-06-20 12:44:00,EMO.V,,1.2699999809265137,1.2699999809265137,1.2699999809265137,1.2699999809265137,100.0
2025-06-20 12:45:00,ALEX.V,,0.6499999761581421,0.6600000262260437,0.6499999761581421,0.6499999761581421,3500.0
2025-06-20 12:45:00,ARTG.V,,25.43000030517578,25.43000030517578,25.3799991607666,25.3799991607666,1300.0
2025-06-20 12:45:00,CAD.V,,1.4500000476837158,1.4500000476837158,1.4500000476837158,1.4500000476837158,12930.0
2025-06-20 12:45:00,CAM.V,,0.16500000655651093,0.16500000655651093,0.1599999964237213,0.1599999964237213,226000.0
2025-06-20 12:45:00,EMO.V,,1.2699999809265137,1.2699999809265137,1.2699999809265137,1.2699999809265137,100.0
2025-06-20 12:45:00,EMPR.V,,0.6499999761581421,0.6499999761581421,0.6499999761581421,0.6499999761581421,85669.0
2025-06-20 12:46:00,AE.V,,0.5,0.5,0.5,0.5,500.0
2025-06-20 12:46:00,AEC.V,,0.11999999731779099,0.11999999731779099,0.11999999731779099,0.11999999731779099,4500.0
2025-06-20 12:46:00,APGO.V,,0.41999998688697815,0.41999998688697815,0.41999998688697815,0.41999998688697815,195250.0
2025-06-20 12:46:00,BRVO.V,,2.9600000381469727,2.984999895095825,2.9600000381469727,2.984999895095825,3600.0
2025-06-20 12:46:00,DV.V,,4.550000190734863,4.550000190734863,4.539999961853027,4.539999961853027,53637.0
2025-06-20 12:46:00,ETL.V,,0.7799999713897705,0.7799999713897705,0.7799999713897705,0.7799999713897705,13520.0
2025-06-20 12:47:00,DBG.V,,0.6800000071525574,0.6800000071525574,0.6800000071525574,0.6800000071525574,1500.0
2025-06-20 12:47:00,DMX.V,,0.6700000166893005,0.6700000166893005,0.6700000166893005,0.6700000166893005,1175.0
2025-06-20 12:47:00,EGM.V,,0.03500000014901161,0.03500000014901161,0.03500000014901161,0.03500000014901161,0.0
2025-06-20 12:48:00,ARH.V,,0.4099999964237213,0.4099999964237213,0.4099999964237213,0.4099999964237213,126414.0
2025-06-20 12:48:00,DLP.V,,0.3149999976158142,0.3149999976158142,0.3149999976158142,0.3149999976158142,0.0
2025-06-20 12:48:00,EMO.V,,1.2699999809265137,1.2699999809265137,1.2699999809265137,1.2699999809265137,100.0
2025-06-20 12:48:00,ETF.V,,0.019999999552965164,0.019999999552965164,0.019999999552965164,0.019999999552965164,54850.0
2025-06-20 12:49:00,BCU.V,,0.054999999701976776,0.054999999701976776,0.054999999701976776,0.054999999701976776,14000.0
2025-06-20 12:49:00,CBR.V,,0.375,0.375,0.375,0.375,111465.0
2025-06-20 12:49:00,CD.V,,0.18000000715255737,0.18000000715255737,0.18000000715255737,0.18000000715255737,0.0
2025-06-20 12:49:00,DMX.V,,0.6700000166893005,0.6700000166893005,0.6700000166893005,0.6700000166893005,2000.0
2025-06-20 12:49:00,EMO.V,,1.2699999809265137,1.2699999809265137,1.2699999809265137,1.2699999809265137,100.0
2025-06-20 12:50:00,CRE.V,,0.38999998569488525,0.38999998569488525,0.38999998569488525,0.38999998569488525,500.0
2025-06-20 12:50:00,DMX.V,,0.6700000166893005,0.6700000166893005,0.6700000166893005,0.6700000166893005,1500.0
2025-06-20 12:50:00,EMO.V,,1.2699999809265137,1.2699999809265137,1.2699999809265137,1.2699999809265137,100.0
2025-06-20 12:50:00,FIND.V,,0.125,0.125,0.125,0.125,43990.0
2025-06-20 12:51:00,AEC.V,,0.11999999731779099,0.11999999731779099,0.11999999731779099,0.11999999731779099,500.0
2025-06-20 12:51:00,ARTG.V,,25.3700008392334,25.3799991607666,25.3700008392334,25.3799991607666,300.0
2025-06-20 12:51:00,BARU.V,,0.07999999821186066,0.07999999821186066,0.07999999821186066,0.07999999821186066,180000.0
2025-06-20 12:51:00,BEX.V,,0.07500000298023224,0.07500000298023224,0.07500000298023224,0.07500000298023224,138000.0
2025-06-20 12:51:00,CVV.V,,0.8999999761581421,0.8999999761581421,0.8999999761581421,0.8999999761581421,500.0
2025-06-20 12:51:00,DBG.V,,0.699999988079071,0.699999988079071,0.699999988079071,0.699999988079071,500.0
2025-06-20 12:51:00,EMO.V,,1.2699999809265137,1.2699999809265137,1.2699999809265137,1.2699999809265137,100.0
2025-06-20 12:51:00,FIND.V,,0.125,0.125,0.125,0.125,3000.0
2025-06-20 12:52:00,BARU.V,,0.07999999821186066,0.07999999821186066,0.07999999821186066,0.07999999821186066,79000.0
2025-06-20 12:52:00,BRVO.V,,2.9700000286102295,2.9700000286102295,2.9700000286102295,2.9700000286102295,6000.0
2025-06-20 12:52:00,DBG.V,,0.6800000071525574,0.6800000071525574,0.6800000071525574,0.6800000071525574,40000.0
2025-06-20 12:52:00,DMX.V,,0.6700000166893005,0.6700000166893005,0.6700000166893005,0.6700000166893005,500.0
2025-06-20 12:52:00,EMO.V,,1.2899999618530273,1.2899999618530273,1.274999976158142,1.274999976158142,8200.0
2025-06-20 12:52:00,FIND.V,,0.125,0.125,0.125,0.125,1000.0
2025-06-20 12:53:00,BRVO.V,,2.990000009536743,2.990000009536743,2.990000009536743,2.990000009536743,40490.0
2025-06-20 12:53:00,EBM.V,,0.375,0.375,0.375,0.375,8000.0
2025-06-20 12:53:00,ELE.V,,1.7400000095367432,1.7400000095367432,1.7400000095367432,1.7400000095367432,400.0
2025-06-20 12:53:00,EMX.V,,3.309999942779541,3.309999942779541,3.309999942779541,3.309999942779541,2600.0
2025-06-20 12:53:00,IQ.V,,0.36500000953674316,0.36500000953674316,0.36500000953674316,0.36500000953674316,0.0
2025-06-20 12:54:00,ARTG.V,,25.40999984741211,25.40999984741211,25.40999984741211,25.40999984741211,100.0
2025-06-20 12:54:00,AUX.V,,0.5799999833106995,0.5799999833106995,0.5799999833106995,0.5799999833106995,1500.0
2025-06-20 12:54:00,DV.V,,4.570000171661377,4.570000171661377,4.550000190734863,4.550000190734863,700.0
2025-06-20 12:55:00,ARH.V,,0.4099999964237213,0.4099999964237213,0.4099999964237213,0.4099999964237213,500.0
2025-06-20 12:55:00,CVV.V,,0.8999999761581421,0.8999999761581421,0.8999999761581421,0.8999999761581421,17500.0
2025-06-20 12:55:00,DV.V,,4.550000190734863,4.550000190734863,4.550000190734863,4.550000190734863,200.0
2025-06-20 12:56:00,BLM.V,,1.440000057220459,1.440000057220459,1.440000057220459,1.440000057220459,7600.0
2025-06-20 12:56:00,CAM.V,,0.1599999964237213,0.1599999964237213,0.1599999964237213,0.1599999964237213,4000.0
2025-06-20 12:56:00,CNX.V,,0.7099999785423279,0.7200000286102295,0.7099999785423279,0.7099999785423279,3500.0
2025-06-20 12:56:00,DV.V,,4.550000190734863,4.550000190734863,4.550000190734863,4.550000190734863,200.0
2025-06-20 12:57:00,DV.V,,4.550000190734863,4.550000190734863,4.550000190734863,4.550000190734863,100.0
2025-06-20 12:58:00,ARTG.V,,25.469999313354492,25.469999313354492,25.469999313354492,25.469999313354492,500.0
2025-06-20 12:58:00,CN.V,,0.11500000208616257,0.11500000208616257,0.11500000208616257,0.11500000208616257,0.0
2025-06-20 12:58:00,CVV.V,,0.8999999761581421,0.8999999761581421,0.8999999761581421,0.8999999761581421,8500.0
2025-06-20 12:58:00,DMX.V,,0.6700000166893005,0.6700000166893005,0.6700000166893005,0.6700000166893005,1500.0
2025-06-20 12:58:00,DV.V,,4.550000190734863,4.550000190734863,4.550000190734863,4.550000190734863,200.0
2025-06-20 12:59:00,BRO.V,,0.10999999940395355,0.10999999940395355,0.10999999940395355,0.10999999940395355,0.0
2025-06-20 12:59:00,DV.V,,4.550000190734863,4.559999942779541,4.550000190734863,4.559999942779541,300.0
2025-06-20 12:59:00,EMO.V,,1.2899999618530273,1.2899999618530273,1.2899999618530273,1.2899999618530273,700.0
2025-06-20 12:59:00,YES.V,,0.26499998569488525,0.26499998569488525,0.26499998569488525,0.26499998569488525,25000.0
2025-06-20 13:01:00,AE.V,,0.5,0.5,0.5,0.5,500.0
2025-06-20 13:01:00,ALDE.V,,1.815000057220459,1.815000057220459,1.7999999523162842,1.809999942779541,9025.0
2025-06-20 13:01:00,APGO.V,,0.41999998688697815,0.41999998688697815,0.41999998688697815,0.41999998688697815,5000.0
2025-06-20 13:01:00,ARIC.V,,0.5199999809265137,0.5199999809265137,0.5199999809265137,0.5199999809265137,5000.0
2025-06-20 13:01:00,CH.V,,0.054999999701976776,0.054999999701976776,0.054999999701976776,0.054999999701976776,193241.0
2025-06-20 13:01:00,CVV.V,,0.8999999761581421,0.8999999761581421,0.8999999761581421,0.8999999761581421,2000.0
2025-06-20 13:02:00,AMRQ.V,,1.4800000190734863,1.4900000095367432,1.4800000190734863,1.4900000095367432,14962.0
2025-06-20 13:02:00,CBR.V,,0.375,0.375,0.375,0.375,500.0
2025-06-20 13:02:00,DV.V,,4.550000190734863,4.550000190734863,4.550000190734863,4.550000190734863,200.0
2025-06-20 13:03:00,DV.V,,4.539999961853027,4.550000190734863,4.539999961853027,4.550000190734863,2700.0
2025-06-20 13:03:00,ELE.V,,1.7400000095367432,1.7400000095367432,1.7400000095367432,1.7400000095367432,400.0
2025-06-20 13:04:00,AUX.V,,0.5799999833106995,0.5799999833106995,0.5799999833106995,0.5799999833106995,7000.0
2025-06-20 13:04:00,BLM.V,,1.440000057220459,1.440000057220459,1.440000057220459,1.440000057220459,200.0
2025-06-20 13:04:00,DV.V,,4.539999961853027,4.539999961853027,4.539999961853027,4.539999961853027,300.0
2025-06-20 13:04:00,ELE.V,,1.7400000095367432,1.7400000095367432,1.7400000095367432,1.7400000095367432,300.0
2025-06-20 13:05:00,AMX.V,,1.4600000381469727,1.4600000381469727,1.4600000381469727,1.4600000381469727,175863.0
2025-06-20 13:05:00,ARH.V,,0.4099999964237213,0.4099999964237213,0.4099999964237213,0.4099999964237213,1000.0
2025-06-20 13:05:00,BLM.V,,1.4500000476837158,1.4500000476837158,1.4500000476837158,1.4500000476837158,0.0
2025-06-20 13:05:00,CBR.V,,0.375,0.375,0.375,0.375,0.0
2025-06-20 13:05:00,CEI.V,,0.8399999737739563,0.8399999737739563,0.8399999737739563,0.8399999737739563,21000.0
2025-06-20 13:05:00,DV.V,,4.550000190734863,4.550000190734863,4.539999961853027,4.539999961853027,1000.0
2025-06-20 13:05:00,EMO.V,,1.2799999713897705,1.2899999618530273,1.2799999713897705,1.2899999618530273,8600.0
2025-06-20 13:06:00,AISX.V,,0.03500000014901161,0.03500000014901161,0.03500000014901161,0.03500000014901161,299000.0
2025-06-20 13:06:00,APGO.V,,0.42500001192092896,0.42500001192092896,0.42500001192092896,0.42500001192092896,2500.0
2025-06-20 13:06:00,ARK.V,,0.8899999856948853,0.8899999856948853,0.8899999856948853,0.8899999856948853,34800.0
2025-06-20 13:06:00,ARTG.V,,25.510000228881836,25.510000228881836,25.469999313354492,25.469999313354492,1000.0
2025-06-20 13:06:00,ARU.V,,0.23000000417232513,0.23000000417232513,0.23000000417232513,0.23000000417232513,0.0
2025-06-20 13:06:00,CTH.V,,0.9399999976158142,0.9399999976158142,0.9399999976158142,0.9399999976158142,500.0
2025-06-20 13:06:00,DV.V,,4.539999961853027,4.539999961853027,4.539999961853027,4.539999961853027,200.0
2025-06-20 13:07:00,ARH.V,,0.4099999964237213,0.4099999964237213,0.4099999964237213,0.4099999964237213,1500.0
2025-06-20 13:07:00,ARTG.V,,25.549999237060547,25.549999237060547,25.510000228881836,25.510000228881836,700.0
2025-06-20 13:07:00,COSA.V,,0.2150000035762787,0.2150000035762787,0.2150000035762787,0.2150000035762787,1500.0
2025-06-20 13:07:00,CRE.V,,0.38999998569488525,0.38999998569488525,0.38999998569488525,0.38999998569488525,32100.0
2025-06-20 13:07:00,DMX.V,,0.6700000166893005,0.6700000166893005,0.6700000166893005,0.6700000166893005,600.0
2025-06-20 13:08:00,AAG.V,,0.6600000262260437,0.6600000262260437,0.6600000262260437,0.6600000262260437,0.0
2025-06-20 13:08:00,ARH.V,,0.4099999964237213,0.4099999964237213,0.4099999964237213,0.4099999964237213,1000.0
2025-06-20 13:08:00,ARTG.V,,25.610000610351562,25.610000610351562,25.610000610351562,25.610000610351562,200.0
2025-06-20 13:08:00,BRC.V,,0.41499999165534973,0.41499999165534973,0.41499999165534973,0.41499999165534973,210609.0
2025-06-20 13:08:00,CVV.V,,0.8999999761581421,0.8999999761581421,0.8999999761581421,0.8999999761581421,5500.0
2025-06-20 13:08:00,EMO.V,,1.2699999809265137,1.2699999809265137,1.2699999809265137,1.2699999809265137,100.0
2025-06-20 13:09:00,AMRQ.V,,1.4800000190734863,1.4800000190734863,1.4800000190734863,1.4800000190734863,200.0
2025-06-20 13:09:00,ARIC.V,,0.5299999713897705,0.5299999713897705,0.5199999809265137,0.5199999809265137,6000.0
2025-06-20 13:09:00,ARTG.V,,25.540000915527344,25.540000915527344,25.520000457763672,25.530000686645508,800.0
2025-06-20 13:09:00,CVV.V,,0.8999999761581421,0.8999999761581421,0.8999999761581421,0.8999999761581421,5500.0
2025-06-20 13:09:00,DMX.V,,0.6700000166893005,0.6700000166893005,0.6700000166893005,0.6700000166893005,19500.0
2025-06-20 13:10:00,ARTG.V,,25.510000228881836,25.510000228881836,25.510000228881836,25.510000228881836,300.0
2025-06-20 13:10:00,CEI.V,,0.8399999737739563,0.8399999737739563,0.8399999737739563,0.8399999737739563,0.0
2025-06-20 13:10:00,ELE.V,,1.75,1.75,1.7400000095367432,1.7400000095367432,1100.0
2025-06-20 13:10:00,EMO.V,,1.2699999809265137,1.2699999809265137,1.2699999809265137,1.2699999809265137,100.0
2025-06-20 13:11:00,AMRQ.V,,1.4800000190734863,1.4800000190734863,1.4700000286102295,1.4700000286102295,341.0
2025-06-20 13:11:00,CNO.V,,0.5199999809265137,0.5199999809265137,0.5199999809265137,0.5199999809265137,0.0
2025-06-20 13:11:00,ELE.V,,1.75,1.75,1.7400000095367432,1.7400000095367432,500.0
2025-06-20 13:12:00,CH.V,,0.05999999865889549,0.05999999865889549,0.05999999865889549,0.05999999865889549,22000.0
2025-06-20 13:12:00,CVV.V,,0.8999999761581421,0.9100000262260437,0.8999999761581421,0.9100000262260437,15500.0
2025-06-20 13:13:00,AMRQ.V,,1.4800000190734863,1.4800000190734863,1.4800000190734863,1.4800000190734863,0.0
2025-06-20 13:13:00,AUX.V,,0.5899999737739563,0.5899999737739563,0.5899999737739563,0.5899999737739563,262380.0
2025-06-20 13:13:00,CUU.V,,0.23999999463558197,0.23999999463558197,0.23999999463558197,0.23999999463558197,0.0
2025-06-20 13:13:00,CVV.V,,0.8899999856948853,0.8899999856948853,0.8899999856948853,0.8899999856948853,3030.0
2025-06-20 13:13:00,CYBE.V,,4.349999904632568,4.349999904632568,4.349999904632568,4.349999904632568,43885.0
2025-06-20 13:13:00,DMGI.V,,0.23000000417232513,0.23499999940395355,0.23000000417232513,0.23499999940395355,26762.0
2025-06-20 13:13:00,EMO.V,,1.2699999809265137,1.2699999809265137,1.2699999809265137,1.2699999809265137,100.0
2025-06-20 13:14:00,ARIC.V,,0.5099999904632568,0.5099999904632568,0.5099999904632568,0.5099999904632568,57359.0
2025-06-20 13:14:00,CBLU.V,,0.08500000089406967,0.08500000089406967,0.08500000089406967,0.08500000089406967,0.0
2025-06-20 13:14:00,DMGI.V,,0.23000000417232513,0.23000000417232513,0.23000000417232513,0.23000000417232513,1500.0
2025-06-20 13:14:00,DV.V,,4.539999961853027,4.539999961853027,4.539999961853027,4.539999961853027,2300.0
2025-06-20 13:14:00,ELE.V,,1.75,1.75,1.7400000095367432,1.7400000095367432,600.0
2025-06-20 13:14:00,EMX.V,,3.309999942779541,3.309999942779541,3.309999942779541,3.309999942779541,0.0
2025-06-20 13:15:00,ARTG.V,,25.600000381469727,25.600000381469727,25.59000015258789,25.59000015258789,900.0
2025-06-20 13:15:00,CVV.V,,0.8799999952316284,0.8799999952316284,0.8799999952316284,0.8799999952316284,3000.0
2025-06-20 13:15:00,DV.V,,4.539999961853027,4.539999961853027,4.539999961853027,4.539999961853027,0.0
2025-06-20 13:15:00,EMO.V,,1.2699999809265137,1.2699999809265137,1.2699999809265137,1.2699999809265137,100.0
2025-06-20 13:15:00,YES.V,,0.25999999046325684,0.25999999046325684,0.25999999046325684,0.25999999046325684,19000.0
2025-06-20 13:16:00,AHR.V,,0.6899999976158142,0.6899999976158142,0.6899999976158142,0.6899999976158142,0.0
2025-06-20 13:16:00,AISX.V,,0.03500000014901161,0.03500000014901161,0.03500000014901161,0.03500000014901161,82000.0
2025-06-20 13:16:00,ARTG.V,,25.549999237060547,25.559999465942383,25.549999237060547,25.559999465942383,200.0
2025-06-20 13:16:00,FIND.V,,0.11999999731779099,0.11999999731779099,0.11999999731779099,0.11999999731779099,0.0
2025-06-20 13:17:00,AEC.V,,0.11999999731779099,0.11999999731779099,0.11999999731779099,0.11999999731779099,0.0
2025-06-20 13:17:00,ARTG.V,,25.510000228881836,25.530000686645508,25.510000228881836,25.530000686645508,300.0
2025-06-20 13:17:00,BARU.V,,0.07999999821186066,0.07999999821186066,0.07999999821186066,0.07999999821186066,151000.0
2025-06-20 13:17:00,DMX.V,,0.6700000166893005,0.6700000166893005,0.6700000166893005,0.6700000166893005,600.0
2025-06-20 13:17:00,EMO.V,,1.2699999809265137,1.2699999809265137,1.2699999809265137,1.2699999809265137,100.0
2025-06-20 13:18:00,AISX.V,,0.03500000014901161,0.03500000014901161,0.03500000014901161,0.03500000014901161,0.0
2025-06-20 13:18:00,ARTG.V,,25.5,25.5,25.5,25.5,300.0
2025-06-20 13:18:00,CTM.V,,0.10000000149011612,0.10000000149011612,0.10000000149011612,0.10000000149011612,340000.0
2025-06-20 13:18:00,CVV.V,,0.875,0.8799999952316284,0.875,0.8799999952316284,4500.0
2025-06-20 13:18:00,DBG.V,,0.6700000166893005,0.6700000166893005,0.6700000166893005,0.6700000166893005,0.0
2025-06-20 13:18:00,DMGI.V,,0.23499999940395355,0.23499999940395355,0.23499999940395355,0.23499999940395355,0.0
2025-06-20 13:18:00,EMO.V,,1.2699999809265137,1.2699999809265137,1.2699999809265137,1.2699999809265137,100.0
2025-06-20 13:19:00,BAG.V,,0.03500000014901161,0.03500000014901161,0.03500000014901161,0.03500000014901161,0.0
2025-06-20 13:19:00,CVV.V,,0.875,0.875,0.875,0.875,500.0
2025-06-20 13:20:00,BARU.V,,0.07999999821186066,0.07999999821186066,0.07999999821186066,0.07999999821186066,6000.0
2025-06-20 13:20:00,CAD.V,,1.4500000476837158,1.4500000476837158,1.4500000476837158,1.4500000476837158,100.0
2025-06-20 13:20:00,COSA.V,,0.2150000035762787,0.2150000035762787,0.2150000035762787,0.2150000035762787,0.0
2025-06-20 13:20:00,CYBE.V,,4.329999923706055,4.340000152587891,4.329999923706055,4.340000152587891,300.0
2025-06-20 13:20:00,DMX.V,,0.6700000166893005,0.6700000166893005,0.6700000166893005,0.6700000166893005,0.0
2025-06-20 13:20:00,ELE.V,,1.75,1.75,1.75,1.75,0.0
2025-06-20 13:20:00,EMO.V,,1.2699999809265137,1.2699999809265137,1.2699999809265137,1.2699999809265137,100.0
2025-06-20 13:21:00,BARU.V,,0.07999999821186066,0.07999999821186066,0.07999999821186066,0.07999999821186066,0.0
2025-06-20 13:21:00,BRC.V,,0.41499999165534973,0.41499999165534973,0.41499999165534973,0.41499999165534973,0.0
2025-06-20 13:21:00,CAD.V,,1.440000057220459,1.440000057220459,1.440000057220459,1.440000057220459,2000.0
2025-06-20 13:21:00,YES.V,,0.25999999046325684,0.25999999046325684,0.25999999046325684,0.25999999046325684,0.0
2025-06-20 13:22:00,AXL.V,,0.38999998569488525,0.38999998569488525,0.38999998569488525,0.38999998569488525,500.0
2025-06-20 13:22:00,CBG.V,,0.17000000178813934,0.17000000178813934,0.17000000178813934,0.17000000178813934,0.0
2025-06-20 13:22:00,CH.V,,0.05999999865889549,0.05999999865889549,0.05999999865889549,0.05999999865889549,119790.0
2025-06-20 13:22:00,CTM.V,,0.10000000149011612,0.10000000149011612,0.10000000149011612,0.10000000149011612,0.0
2025-06-20 13:23:00,AMX.V,,1.4600000381469727,1.4600000381469727,1.4600000381469727,1.4600000381469727,0.0
2025-06-20 13:23:00,BCF.V,,9.149999618530273,9.149999618530273,9.149999618530273,9.149999618530273,0.0
2025-06-20 13:23:00,COCO.V,,0.05999999865889549,0.05999999865889549,0.05999999865889549,0.05999999865889549,0.0
2025-06-20 13:23:00,CTH.V,,0.9399999976158142,0.9399999976158142,0.9399999976158142,0.9399999976158142,0.0
2025-06-20 13:23:00,CYBE.V,,4.349999904632568,4.349999904632568,4.349999904632568,4.349999904632568,700.0
2025-06-20 13:23:00,DHB.V,,0.20000000298023224,0.20000000298023224,0.20000000298023224,0.20000000298023224,0.0
2025-06-20 13:23:00,EMO.V,,1.2699999809265137,1.2699999809265137,1.2699999809265137,1.2699999809265137,100.0
2025-06-20 13:24:00,APGO.V,,0.42500001192092896,0.42500001192092896,0.42500001192092896,0.42500001192092896,0.0
2025-06-20 13:24:00,BMM.V,,1.8200000524520874,1.8200000524520874,1.8200000524520874,1.8200000524520874,0.0
2025-06-20 13:24:00,CYBE.V,,4.349999904632568,4.349999904632568,4.349999904632568,4.349999904632568,0.0
2025-06-20 13:25:00,AE.V,,0.5,0.5,0.5,0.5,0.0
2025-06-20 13:25:00,ARH.V,,0.4099999964237213,0.4099999964237213,0.4099999964237213,0.4099999964237213,838.0
2025-06-20 13:25:00,BCU.V,,0.054999999701976776,0.054999999701976776,0.054999999701976776,0.054999999701976776,0.0
2025-06-20 13:25:00,CAD.V,,1.440000057220459,1.440000057220459,1.440000057220459,1.440000057220459,0.0
2025-06-20 13:27:00,AXL.V,,0.39500001072883606,0.39500001072883606,0.39500001072883606,0.39500001072883606,0.0
2025-06-20 13:28:00,ARTG.V,,25.44499969482422,25.44499969482422,25.44499969482422,25.44499969482422,300.0
2025-06-20 13:28:00,B.V,,0.0949999988079071,0.0949999988079071,0.0949999988079071,0.0949999988079071,74000.0
2025-06-20 13:28:00,CAM.V,,0.1599999964237213,0.1599999964237213,0.1599999964237213,0.1599999964237213,0.0
2025-06-20 13:28:00,CVV.V,,0.8849999904632568,0.8849999904632568,0.8849999904632568,0.8849999904632568,2000.0
2025-06-20 13:28:00,EMO.V,,1.2699999809265137,1.2699999809265137,1.2699999809265137,1.2699999809265137,200.0
2025-06-20 13:28:00,TAU.V,,1.0299999713897705,1.0299999713897705,1.0299999713897705,1.0299999713897705,78472.0
2025-06-20 13:29:00,AAG.V,,0.6600000262260437,0.6600000262260437,0.6600000262260437,0.6600000262260437,147995.0
2025-06-20 13:29:00,CTH.V,,0.9399999976158142,0.9399999976158142,0.9399999976158142,0.9399999976158142,2500.0
2025-06-20 13:29:00,CTRL.V,,0.3149999976158142,0.3149999976158142,0.3149999976158142,0.3149999976158142,112650.0
2025-06-20 13:29:00,DTWO.V,,0.03999999910593033,0.03999999910593033,0.03999999910593033,0.03999999910593033,4000.0
2025-06-20 13:29:00,ELE.V,,1.75,1.75,1.7400000095367432,1.7400000095367432,40477.0
2025-06-20 13:29:00,EMO.V,,1.2699999809265137,1.2699999809265137,1.2699999809265137,1.2699999809265137,100.0
2025-06-20 13:30:00,CVV.V,,0.8799999952316284,0.8799999952316284,0.8799999952316284,0.8799999952316284,2500.0
2025-06-20 13:30:00,DMX.V,,0.6700000166893005,0.6700000166893005,0.6700000166893005,0.6700000166893005,605862.0
2025-06-20 13:30:00,ELE.V,,1.75,1.75,1.75,1.75,200.0
2025-06-20 13:30:00,EMO.V,,1.274999976158142,1.274999976158142,1.274999976158142,1.274999976158142,200.0
2025-06-20 13:31:00,ALDE.V,,1.8200000524520874,1.8200000524520874,1.8200000524520874,1.8200000524520874,9125.0
2025-06-20 13:31:00,ARTG.V,,25.44499969482422,25.44499969482422,25.44499969482422,25.44499969482422,100.0
2025-06-20 13:31:00,BRVO.V,,2.9800000190734863,2.9800000190734863,2.9800000190734863,2.9800000190734863,1100.0
2025-06-20 13:31:00,CTM.V,,0.10000000149011612,0.10000000149011612,0.10000000149011612,0.10000000149011612,399500.0
2025-06-20 13:31:00,CYBE.V,,4.340000152587891,4.340000152587891,4.340000152587891,4.340000152587891,45385.0
2025-06-20 13:31:00,EMO.V,,1.2699999809265137,1.2699999809265137,1.2699999809265137,1.2699999809265137,100.0
2025-06-20 13:31:00,ETL.V,,0.7799999713897705,0.7799999713897705,0.7799999713897705,0.7799999713897705,14530.0
2025-06-20 13:31:00,LOVE.V,,1.3200000524520874,1.3200000524520874,1.3200000524520874,1.3200000524520874,9500.0
2025-06-20 13:32:00,AEC.V,,0.11999999731779099,0.11999999731779099,0.11999999731779099,0.11999999731779099,2031877.0
2025-06-20 13:32:00,BRVO.V,,2.9800000190734863,2.9800000190734863,2.9800000190734863,2.9800000190734863,1000.0
2025-06-20 13:32:00,CAD.V,,1.4500000476837158,1.4500000476837158,1.4500000476837158,1.4500000476837158,16130.0
2025-06-20 13:32:00,CYBE.V,,4.349999904632568,4.349999904632568,4.329999923706055,4.340000152587891,2046.0
2025-06-20 13:32:00,EMO.V,,1.2699999809265137,1.2699999809265137,1.2699999809265137,1.2699999809265137,100.0
2025-06-20 13:33:00,CTM.V,,0.0949999988079071,0.0949999988079071,0.0949999988079071,0.0949999988079071,1500.0
2025-06-20 13:33:00,EMO.V,,1.2699999809265137,1.2699999809265137,1.2699999809265137,1.2699999809265137,100.0
2025-06-20 13:33:00,FIND.V,,0.11500000208616257,0.11500000208616257,0.11500000208616257,0.11500000208616257,217390.0
2025-06-20 13:34:00,ARTG.V,,25.43000030517578,25.43000030517578,25.43000030517578,25.43000030517578,100.0
2025-06-20 13:34:00,CTM.V,,0.10000000149011612,0.10000000149011612,0.10000000149011612,0.10000000149011612,401500.0
2025-06-20 13:34:00,CYBE.V,,4.349999904632568,4.349999904632568,4.349999904632568,4.349999904632568,10000.0
2025-06-20 13:34:00,DMX.V,,0.6700000166893005,0.6700000166893005,0.6700000166893005,0.6700000166893005,3535.0
2025-06-20 13:34:00,FIND.V,,0.11500000208616257,0.11500000208616257,0.11500000208616257,0.11500000208616257,5816.0
2025-06-20 13:35:00,ARTG.V,,25.479999542236328,25.510000228881836,25.479999542236328,25.5,700.0
2025-06-20 13:35:00,BRVO.V,,2.9800000190734863,2.9800000190734863,2.9800000190734863,2.9800000190734863,700.0
2025-06-20 13:35:00,CTH.V,,0.9399999976158142,0.9399999976158142,0.9399999976158142,0.9399999976158142,500.0
2025-06-20 13:35:00,DAU.V,,0.07500000298023224,0.07500000298023224,0.07500000298023224,0.07500000298023224,74000.0
2025-06-20 13:35:00,EMO.V,,1.2699999809265137,1.2699999809265137,1.2699999809265137,1.2699999809265137,4500.0
2025-06-20 13:35:00,EW.V,,0.03999999910593033,0.03999999910593033,0.03999999910593033,0.03999999910593033,65272.0
2025-06-20 13:36:00,AAG.V,,0.6499999761581421,0.6499999761581421,0.6499999761581421,0.6499999761581421,1000.0
2025-06-20 13:36:00,ARTG.V,,25.440000534057617,25.450000762939453,25.440000534057617,25.450000762939453,300.0
2025-06-20 13:36:00,AUX.V,,0.5899999737739563,0.5899999737739563,0.5899999737739563,0.5899999737739563,262880.0
2025-06-20 13:36:00,CVV.V,,0.8700000047683716,0.8700000047683716,0.8700000047683716,0.8700000047683716,500.0
2025-06-20 13:37:00,CVV.V,,0.8700000047683716,0.8700000047683716,0.8700000047683716,0.8700000047683716,1000.0
2025-06-20 13:37:00,ELE.V,,1.7599999904632568,1.7599999904632568,1.75,1.75,20000.0
2025-06-20 13:38:00,ARTG.V,,25.440000534057617,25.440000534057617,25.440000534057617,25.440000534057617,100.0
2025-06-20 13:38:00,ELE.V,,1.7799999713897705,1.7799999713897705,1.7799999713897705,1.7799999713897705,3100.0
2025-06-20 13:38:00,TAU.V,,1.0199999809265137,1.024999976158142,1.0199999809265137,1.024999976158142,12100.0
2025-06-20 13:39:00,AAG.V,,0.6700000166893005,0.6700000166893005,0.6700000166893005,0.6700000166893005,151995.0
2025-06-20 13:39:00,ELY.V,,0.07000000029802322,0.07000000029802322,0.07000000029802322,0.07000000029802322,40000.0
2025-06-20 13:39:00,NET-UN.V,,5.380000114440918,5.380000114440918,5.380000114440918,5.380000114440918,346.0
2025-06-20 13:39:00,TAU.V,,1.0449999570846558,1.0449999570846558,1.0299999713897705,1.0299999713897705,86700.0
2025-06-20 13:40:00,AISX.V,,0.03500000014901161,0.03500000014901161,0.03500000014901161,0.03500000014901161,479000.0
2025-06-20 13:40:00,CVV.V,,0.8650000095367432,0.8650000095367432,0.8650000095367432,0.8650000095367432,500.0
2025-06-20 13:40:00,EMO.V,,1.2699999809265137,1.2699999809265137,1.2699999809265137,1.2699999809265137,100.0
2025-06-20 13:41:00,AEC.V,,0.11999999731779099,0.11999999731779099,0.11999999731779099,0.11999999731779099,500.0
2025-06-20 13:41:00,CEN-H.V,,0.75,0.75,0.75,0.75,0.0
2025-06-20 13:41:00,CTH.V,,0.9399999976158142,0.9399999976158142,0.9399999976158142,0.9399999976158142,500.0
2025-06-20 13:41:00,CUU.V,,0.23999999463558197,0.23999999463558197,0.23999999463558197,0.23999999463558197,66633.0
2025-06-20 13:42:00,EMO.V,,1.274999976158142,1.274999976158142,1.274999976158142,1.274999976158142,100.0
2025-06-20 13:43:00,AEC.V,,0.11999999731779099,0.11999999731779099,0.11999999731779099,0.11999999731779099,12500.0
2025-06-20 13:43:00,APGO.V,,0.41999998688697815,0.41999998688697815,0.41999998688697815,0.41999998688697815,253250.0
2025-06-20 13:43:00,BARU.V,,0.07999999821186066,0.07999999821186066,0.07999999821186066,0.07999999821186066,1266000.0
2025-06-20 13:43:00,DMGI.V,,0.23000000417232513,0.23000000417232513,0.23000000417232513,0.23000000417232513,197802.0
2025-06-20 13:43:00,DV.V,,4.539999961853027,4.539999961853027,4.539999961853027,4.539999961853027,62837.0
2025-06-20 13:44:00,AMX.V,,1.4600000381469727,1.4600000381469727,1.4600000381469727,1.4600000381469727,181863.0
2025-06-20 13:44:00,BRAU.V,,0.10499999672174454,0.10499999672174454,0.10499999672174454,0.10499999672174454,0.0
2025-06-20 13:44:00,COSA.V,,0.2150000035762787,0.2150000035762787,0.2150000035762787,0.2150000035762787,0.0
2025-06-20 13:44:00,CVV.V,,0.8700000047683716,0.8700000047683716,0.8700000047683716,0.8700000047683716,500.0
2025-06-20 13:44:00,EMO.V,,1.274999976158142,1.274999976158142,1.274999976158142,1.274999976158142,100.0
2025-06-20 13:45:00,ARTG.V,,25.530000686645508,25.549999237060547,25.4950008392334,25.530000686645508,2600.0
2025-06-20 13:45:00,ASG.V,,0.30000001192092896,0.30000001192092896,0.30000001192092896,0.30000001192092896,20500.0
2025-06-20 13:45:00,CVV.V,,0.8700000047683716,0.8700000047683716,0.8700000047683716,0.8700000047683716,2000.0
2025-06-20 13:45:00,DBG.V,,0.6700000166893005,0.6700000166893005,0.6700000166893005,0.6700000166893005,134000.0
2025-06-20 13:45:00,ELY.V,,0.07000000029802322,0.07000000029802322,0.07000000029802322,0.07000000029802322,0.0
2025-06-20 13:46:00,CMI.V,,1.0199999809265137,1.0199999809265137,1.0199999809265137,1.0199999809265137,2600.0
2025-06-20 13:46:00,COV.V,,2.4100000858306885,2.4100000858306885,2.4100000858306885,2.4100000858306885,2301.0
2025-06-20 13:46:00,CVV.V,,0.8700000047683716,0.8700000047683716,0.8700000047683716,0.8700000047683716,1000.0
2025-06-20 13:46:00,EMO.V,,1.274999976158142,1.274999976158142,1.274999976158142,1.274999976158142,100.0
2025-06-20 13:47:00,BRVO.V,,2.9800000190734863,2.9800000190734863,2.9800000190734863,2.9800000190734863,100.0
2025-06-20 13:47:00,CAD.V,,1.4600000381469727,1.4600000381469727,1.4600000381469727,1.4600000381469727,0.0
2025-06-20 13:47:00,CTH.V,,0.9399999976158142,0.9399999976158142,0.9399999976158142,0.9399999976158142,500.0
2025-06-20 13:47:00,CVV.V,,0.8700000047683716,0.8700000047683716,0.8700000047683716,0.8700000047683716,500.0
2025-06-20 13:48:00,BLM.V,,1.4500000476837158,1.4500000476837158,1.4500000476837158,1.4500000476837158,8000.0
2025-06-20 13:48:00,CBLT.V,,0.04500000178813934,0.04500000178813934,0.04500000178813934,0.04500000178813934,0.0
2025-06-20 13:48:00,CNO.V,,0.5099999904632568,0.5099999904632568,0.5099999904632568,0.5099999904632568,34200.0
2025-06-20 13:48:00,EMO.V,,1.274999976158142,1.274999976158142,1.274999976158142,1.274999976158142,100.0
2025-06-20 13:49:00,AEC.V,,0.11999999731779099,0.11999999731779099,0.11999999731779099,0.11999999731779099,500.0
2025-06-20 13:49:00,BLUE.V,,0.054999999701976776,0.054999999701976776,0.054999999701976776,0.054999999701976776,0.0
2025-06-20 13:49:00,CVV.V,,0.8700000047683716,0.8700000047683716,0.8700000047683716,0.8700000047683716,1000.0
2025-06-20 13:50:00,ADY.V,,0.23999999463558197,0.23999999463558197,0.23999999463558197,0.23999999463558197,110400.0
2025-06-20 13:50:00,CYBE.V,,4.329999923706055,4.340000152587891,4.329999923706055,4.340000152587891,500.0
2025-06-20 13:50:00,EMO.V,,1.274999976158142,1.274999976158142,1.274999976158142,1.274999976158142,100.0
2025-06-20 13:51:00,BARU.V,,0.07999999821186066,0.07999999821186066,0.07999999821186066,0.07999999821186066,1000.0
2025-06-20 13:51:00,CD.V,,0.18000000715255737,0.18000000715255737,0.18000000715255737,0.18000000715255737,0.0
2025-06-20 13:51:00,CVV.V,,0.875,0.875,0.8700000047683716,0.8700000047683716,1500.0
2025-06-20 13:51:00,DV.V,,4.539999961853027,4.550000190734863,4.539999961853027,4.550000190734863,1100.0
2025-06-20 13:52:00,AEC.V,,0.11999999731779099,0.12250000238418579,0.11999999731779099,0.12250000238418579,36000.0
2025-06-20 13:52:00,ANK.V,,0.19499999284744263,0.19499999284744263,0.19499999284744263,0.19499999284744263,0.0
2025-06-20 13:52:00,ARTG.V,,25.489999771118164,25.489999771118164,25.489999771118164,25.489999771118164,100.0
2025-06-20 13:52:00,CTH.V,,0.9200000166893005,0.9200000166893005,0.9200000166893005,0.9200000166893005,500.0
2025-06-20 13:52:00,CVV.V,,0.8700000047683716,0.875,0.8700000047683716,0.875,1000.0
2025-06-20 13:52:00,EMO.V,,1.274999976158142,1.274999976158142,1.274999976158142,1.274999976158142,100.0
2025-06-20 13:53:00,AEC.V,,0.11999999731779099,0.12250000238418579,0.11999999731779099,0.12250000238418579,84000.0
2025-06-20 13:53:00,ARTG.V,,25.420000076293945,25.489999771118164,25.420000076293945,25.469999313354492,1900.0
2025-06-20 13:53:00,BARU.V,,0.07999999821186066,0.07999999821186066,0.07999999821186066,0.07999999821186066,1000.0
2025-06-20 13:53:00,CVV.V,,0.8700000047683716,0.875,0.8700000047683716,0.875,1000.0
2025-06-20 13:53:00,CYBE.V,,4.349999904632568,4.349999904632568,4.340000152587891,4.340000152587891,300.0
2025-06-20 13:53:00,EMO.V,,1.274999976158142,1.274999976158142,1.274999976158142,1.274999976158142,100.0
2025-06-20 13:54:00,AEC.V,,0.11999999731779099,0.12250000238418579,0.11999999731779099,0.11999999731779099,42000.0
2025-06-20 13:54:00,AZS.V,,0.3149999976158142,0.3149999976158142,0.3149999976158142,0.3149999976158142,0.0
2025-06-20 13:54:00,BRVO.V,,2.950000047683716,2.9749999046325684,2.950000047683716,2.9749999046325684,2022.0
2025-06-20 13:54:00,CPL.V,,0.009999999776482582,0.009999999776482582,0.009999999776482582,0.009999999776482582,0.0
2025-06-20 13:54:00,CVV.V,,0.8700000047683716,0.8700000047683716,0.8700000047683716,0.8700000047683716,500.0
2025-06-20 13:54:00,CYBE.V,,4.340000152587891,4.340000152587891,4.340000152587891,4.340000152587891,200.0
2025-06-20 13:54:00,ELE.V,,1.7799999713897705,1.7799999713897705,1.7799999713897705,1.7799999713897705,0.0
2025-06-20 13:54:00,EMO.V,,1.274999976158142,1.274999976158142,1.274999976158142,1.274999976158142,100.0
2025-06-20 13:55:00,AEC.V,,0.11999999731779099,0.11999999731779099,0.11999999731779099,0.11999999731779099,7687.0
2025-06-20 13:55:00,ARTG.V,,25.485000610351562,25.485000610351562,25.405000686645508,25.405000686645508,2100.0
2025-06-20 13:55:00,CVV.V,,0.8700000047683716,0.875,0.8700000047683716,0.8700000047683716,1500.0
2025-06-20 13:55:00,DBG.V,,0.6700000166893005,0.6700000166893005,0.6700000166893005,0.6700000166893005,500.0
2025-06-20 13:55:00,EMO.V,,1.274999976158142,1.274999976158142,1.274999976158142,1.274999976158142,100.0
2025-06-20 13:56:00,BRVO.V,,2.940000057220459,2.940000057220459,2.940000057220459,2.940000057220459,800.0
2025-06-20 13:56:00,CVV.V,,0.8700000047683716,0.8700000047683716,0.8700000047683716,0.8700000047683716,500.0
2025-06-20 13:56:00,EMO.V,,1.274999976158142,1.274999976158142,1.274999976158142,1.274999976158142,100.0
2025-06-20 13:57:00,AEC.V,,0.11999999731779099,0.125,0.11999999731779099,0.12250000238418579,11500.0
2025-06-20 13:57:00,CVV.V,,0.8700000047683716,0.8700000047683716,0.8700000047683716,0.8700000047683716,1500.0
2025-06-20 13:57:00,CYBE.V,,4.329999923706055,4.340000152587891,4.329999923706055,4.340000152587891,300.0
2025-06-20 13:57:00,DV.V,,4.539999961853027,4.539999961853027,4.539999961853027,4.539999961853027,0.0
2025-06-20 13:58:00,APGO.V,,0.42500001192092896,0.42500001192092896,0.42500001192092896,0.42500001192092896,0.0
2025-06-20 13:58:00,COV.V,,2.4100000858306885,2.4100000858306885,2.4100000858306885,2.4100000858306885,0.0
2025-06-20 13:58:00,CYBE.V,,4.349999904632568,4.349999904632568,4.340000152587891,4.340000152587891,400.0
2025-06-20 13:58:00,EMO.V,,1.274999976158142,1.274999976158142,1.274999976158142,1.274999976158142,200.0
2025-06-20 13:58:00,EMX.V,,3.299999952316284,3.299999952316284,3.299999952316284,3.299999952316284,0.0
2025-06-20 13:59:00,AZM.V,,0.6000000238418579,0.6000000238418579,0.6000000238418579,0.6000000238418579,0.0
2025-06-20 13:59:00,BRVO.V,,2.940000057220459,2.940000057220459,2.940000057220459,2.940000057220459,3700.0
2025-06-20 13:59:00,DLP.V,,0.3149999976158142,0.3149999976158142,0.3149999976158142,0.3149999976158142,0.0
2025-06-20 13:59:00,EMO.V,,1.2799999713897705,1.2799999713897705,1.2799999713897705,1.2799999713897705,3900.0
2025-06-20 14:00:00,AEC.V,,0.11999999731779099,0.11999999731779099,0.11999999731779099,0.11999999731779099,70200.0
2025-06-20 14:00:00,ARTG.V,,25.469999313354492,25.469999313354492,25.469999313354492,25.469999313354492,107.0
2025-06-20 14:00:00,BRVO.V,,2.940000057220459,2.940000057220459,2.940000057220459,2.940000057220459,0.0
2025-06-20 14:00:00,CYBE.V,,4.349999904632568,4.349999904632568,4.349999904632568,4.349999904632568,248.0
2025-06-20 14:00:00,EMO.V,,1.2799999713897705,1.2799999713897705,1.2799999713897705,1.2799999713897705,700.0
2025-06-20 14:01:00,AISX.V,,0.03500000014901161,0.03500000014901161,0.03500000014901161,0.03500000014901161,0.0
2025-06-20 14:01:00,AVCR.V,,0.054999999701976776,0.054999999701976776,0.054999999701976776,0.054999999701976776,0.0
2025-06-20 14:01:00,CVV.V,,0.875,0.875,0.875,0.875,500.0
2025-06-20 14:01:00,DBG.V,,0.6700000166893005,0.6700000166893005,0.6700000166893005,0.6700000166893005,88500.0
2025-06-20 14:01:00,NET-UN.V,,5.409999847412109,5.409999847412109,5.409999847412109,5.409999847412109,320.0
2025-06-20 14:02:00,AXL.V,,0.38999998569488525,0.38999998569488525,0.38999998569488525,0.38999998569488525,0.0
2025-06-20 14:02:00,BARU.V,,0.07999999821186066,0.07999999821186066,0.07999999821186066,0.07999999821186066,0.0
2025-06-20 14:02:00,CVV.V,,0.8700000047683716,0.8700000047683716,0.8700000047683716,0.8700000047683716,500.0
2025-06-20 14:03:00,BRO.V,,0.10999999940395355,0.10999999940395355,0.10999999940395355,0.10999999940395355,0.0
2025-06-20 14:03:00,CBG.V,,0.17000000178813934,0.17000000178813934,0.17000000178813934,0.17000000178813934,0.0
2025-06-20 14:03:00,CVV.V,,0.8700000047683716,0.8700000047683716,0.8700000047683716,0.8700000047683716,500.0
2025-06-20 14:03:00,SPOT.V,,0.2549999952316284,0.2549999952316284,0.2549999952316284,0.2549999952316284,0.0
2025-06-20 14:04:00,CEN-H.V,,0.75,0.75,0.75,0.75,0.0
2025-06-20 14:04:00,CTH.V,,0.9200000166893005,0.9200000166893005,0.9200000166893005,0.9200000166893005,0.0
2025-06-20 14:04:00,CUB.V,,0.125,0.125,0.125,0.125,0.0
2025-06-20 14:05:00,ARCH.V,,1.7200000286102295,1.7200000286102295,1.7200000286102295,1.7200000286102295,0.0
2025-06-20 14:05:00,ARTG.V,,25.510000228881836,25.510000228881836,25.510000228881836,25.510000228881836,0.0
2025-06-20 14:05:00,DBG.V,,0.6700000166893005,0.6700000166893005,0.6700000166893005,0.6700000166893005,0.0
2025-06-20 14:05:00,EMO.V,,1.2799999713897705,1.2799999713897705,1.2799999713897705,1.2799999713897705,0.0
2025-06-20 14:06:00,AHR.V,,0.699999988079071,0.699999988079071,0.699999988079071,0.699999988079071,83000.0
2025-06-20 14:06:00,ARK.V,,0.8899999856948853,0.8899999856948853,0.8899999856948853,0.8899999856948853,35300.0
2025-06-20 14:06:00,CVV.V,,0.8700000047683716,0.8700000047683716,0.8700000047683716,0.8700000047683716,5500.0
2025-06-20 14:07:00,BQE.V,,52.0,52.0,52.0,52.0,541.0
2025-06-20 14:07:00,CVV.V,,0.8700000047683716,0.8700000047683716,0.8700000047683716,0.8700000047683716,500.0
2025-06-20 14:07:00,DMX.V,,0.6700000166893005,0.6700000166893005,0.6700000166893005,0.6700000166893005,4000.0
2025-06-20 14:08:00,ALDE.V,,1.7899999618530273,1.7999999523162842,1.7899999618530273,1.7999999523162842,800.0
2025-06-20 14:08:00,ARCH.V,,1.7200000286102295,1.7200000286102295,1.7200000286102295,1.7200000286102295,12800.0
2025-06-20 14:10:00,AUX.V,,0.5899999737739563,0.5899999737739563,0.5899999737739563,0.5899999737739563,1000.0
2025-06-20 14:10:00,CTH.V,,0.9200000166893005,0.9200000166893005,0.9200000166893005,0.9200000166893005,5500.0
2025-06-20 14:10:00,ENDR.V,,0.16500000655651093,0.16500000655651093,0.16500000655651093,0.16500000655651093,33000.0
2025-06-20 14:11:00,ALDE.V,,1.7799999713897705,1.7799999713897705,1.7799999713897705,1.7799999713897705,550.0
2025-06-20 14:11:00,TAU.V,,1.0299999713897705,1.0299999713897705,1.0199999809265137,1.0299999713897705,185872.0
2025-06-20 14:12:00,DMX.V,,0.6600000262260437,0.6600000262260437,0.6600000262260437,0.6600000262260437,500.0
2025-06-20 14:13:00,AEC.V,,0.11999999731779099,0.11999999731779099,0.11999999731779099,0.11999999731779099,7500.0
2025-06-20 14:13:00,ARTG.V,,25.489999771118164,25.489999771118164,25.489999771118164,25.489999771118164,75941.0
2025-06-20 14:13:00,CMI.V,,1.0299999713897705,1.0299999713897705,1.0299999713897705,1.0299999713897705,2800.0
2025-06-20 14:13:00,DMX.V,,0.6700000166893005,0.6700000166893005,0.6700000166893005,0.6700000166893005,3500.0
2025-06-20 14:13:00,EMO.V,,1.2799999713897705,1.2799999713897705,1.2799999713897705,1.2799999713897705,115813.0
2025-06-20 14:14:00,CMI.V,,1.0299999713897705,1.0299999713897705,1.0299999713897705,1.0299999713897705,7600.0
2025-06-20 14:14:00,CUB.V,,0.125,0.125,0.125,0.125,23026.0
2025-06-20 14:14:00,CUU.V,,0.24500000476837158,0.24500000476837158,0.24500000476837158,0.24500000476837158,67633.0
2025-06-20 14:14:00,DV.V,,4.539999961853027,4.539999961853027,4.53000020980835,4.539999961853027,69037.0
2025-06-20 14:15:00,ALDE.V,,1.7799999713897705,1.7799999713897705,1.7799999713897705,1.7799999713897705,16875.0
2025-06-20 14:15:00,AVII-P.V,,0.029999999329447746,0.029999999329447746,0.02500000037252903,0.029999999329447746,22000.0
2025-06-20 14:15:00,CTH.V,,0.9200000166893005,0.9200000166893005,0.9200000166893005,0.9200000166893005,500.0
2025-06-20 14:16:00,ARTG.V,,25.510000228881836,25.510000228881836,25.489999771118164,25.489999771118164,200.0
2025-06-20 14:16:00,CVV.V,,0.8799999952316284,0.8799999952316284,0.8799999952316284,0.8799999952316284,2000.0
2025-06-20 14:16:00,DMX.V,,0.6700000166893005,0.6700000166893005,0.6700000166893005,0.6700000166893005,500.0
2025-06-20 14:17:00,AMRQ.V,,1.4800000190734863,1.4800000190734863,1.4800000190734863,1.4800000190734863,15885.0
2025-06-20 14:17:00,ARTG.V,,25.530000686645508,25.530000686645508,25.5,25.5,300.0
2025-06-20 14:17:00,CYBE.V,,4.340000152587891,4.340000152587891,4.340000152587891,4.340000152587891,200.0
2025-06-20 14:17:00,DMGI.V,,0.23000000417232513,0.23000000417232513,0.23000000417232513,0.23000000417232513,500.0
2025-06-20 14:17:00,ELE.V,,1.7899999618530273,1.7899999618530273,1.7899999618530273,1.7899999618530273,66177.0
2025-06-20 14:18:00,AEC.V,,0.11999999731779099,0.11999999731779099,0.11999999731779099,0.11999999731779099,1500.0
2025-06-20 14:18:00,ARTG.V,,25.5,25.540000915527344,25.5,25.530000686645508,500.0
2025-06-20 14:18:00,AUX.V,,0.5799999833106995,0.5799999833106995,0.5799999833106995,0.5799999833106995,287380.0
2025-06-20 14:18:00,CRE.V,,0.38999998569488525,0.38999998569488525,0.38999998569488525,0.38999998569488525,500.0
2025-06-20 14:18:00,CTM.V,,0.10000000149011612,0.10000000149011612,0.10000000149011612,0.10000000149011612,406000.0
2025-06-20 14:18:00,CYBE.V,,4.349999904632568,4.349999904632568,4.349999904632568,4.349999904632568,100.0
2025-06-20 14:18:00,DV.V,,4.539999961853027,4.539999961853027,4.539999961853027,4.539999961853027,200.0
2025-06-20 14:19:00,ARTG.V,,25.540000915527344,25.540000915527344,25.530000686645508,25.530000686645508,301.0
2025-06-20 14:19:00,AXL.V,,0.38999998569488525,0.38999998569488525,0.38999998569488525,0.38999998569488525,264019.0
2025-06-20 14:19:00,CAD.V,,1.4700000286102295,1.4700000286102295,1.4700000286102295,1.4700000286102295,18230.0
2025-06-20 14:19:00,CYBE.V,,4.349999904632568,4.349999904632568,4.349999904632568,4.349999904632568,100.0
2025-06-20 14:19:00,DBG.V,,0.6700000166893005,0.6700000166893005,0.6700000166893005,0.6700000166893005,274330.0
2025-06-20 14:19:00,DMX.V,,0.6700000166893005,0.6700000166893005,0.6700000166893005,0.6700000166893005,500.0
2025-06-20 14:19:00,IQ.V,,0.3700000047683716,0.3700000047683716,0.3700000047683716,0.3700000047683716,4000.0
2025-06-20 14:20:00,BFM.V,,0.23499999940395355,0.23499999940395355,0.23499999940395355,0.23499999940395355,13681.0
2025-06-20 14:20:00,BRVO.V,,2.940000057220459,2.940000057220459,2.940000057220459,2.940000057220459,53412.0
2025-06-20 14:20:00,ELE.V,,1.7699999809265137,1.7699999809265137,1.7699999809265137,1.7699999809265137,68877.0
2025-06-20 14:21:00,CTH.V,,0.9200000166893005,0.9200000166893005,0.9200000166893005,0.9200000166893005,500.0
2025-06-20 14:21:00,EMO.V,,1.274999976158142,1.274999976158142,1.274999976158142,1.274999976158142,100.0
2025-06-20 14:23:00,AAG.V,,0.6499999761581421,0.6499999761581421,0.6499999761581421,0.6499999761581421,0.0
2025-06-20 14:23:00,CUSN.V,,0.15000000596046448,0.15000000596046448,0.15000000596046448,0.15000000596046448,31500.0
2025-06-20 14:23:00,EMO.V,,1.274999976158142,1.274999976158142,1.274999976158142,1.274999976158142,100.0
2025-06-20 14:23:00,EMPR.V,,0.6499999761581421,0.6499999761581421,0.6499999761581421,0.6499999761581421,2000.0
2025-06-20 14:24:00,BCF.V,,8.850000381469727,8.850000381469727,8.850000381469727,8.850000381469727,0.0
2025-06-20 14:24:00,CGC.V,,0.28999999165534973,0.28999999165534973,0.28999999165534973,0.28999999165534973,71650.0
2025-06-20 14:24:00,DMX.V,,0.6700000166893005,0.6700000166893005,0.6700000166893005,0.6700000166893005,1000.0
2025-06-20 14:24:00,DV.V,,4.539999961853027,4.539999961853027,4.539999961853027,4.539999961853027,400.0
2025-06-20 14:25:00,ARCH.V,,1.7400000095367432,1.7400000095367432,1.7400000095367432,1.7400000095367432,200.0
2025-06-20 14:25:00,BNXA.V,,0.7599999904632568,0.7599999904632568,0.7599999904632568,0.7599999904632568,0.0
2025-06-20 14:25:00,EMO.V,,1.274999976158142,1.274999976158142,1.274999976158142,1.274999976158142,100.0
2025-06-20 14:26:00,CBR.V,,0.3700000047683716,0.3700000047683716,0.3700000047683716,0.3700000047683716,125540.0
2025-06-20 14:27:00,AMRQ.V,,1.4700000286102295,1.4700000286102295,1.4700000286102295,1.4700000286102295,0.0
2025-06-20 14:27:00,ARTG.V,,25.530000686645508,25.530000686645508,25.530000686645508,25.530000686645508,100.0
2025-06-20 14:27:00,AZS.V,,0.3149999976158142,0.3149999976158142,0.3149999976158142,0.3149999976158142,0.0
2025-06-20 14:27:00,CBR.V,,0.3700000047683716,0.3700000047683716,0.3700000047683716,0.3700000047683716,16571.0
2025-06-20 14:27:00,CTH.V,,0.9200000166893005,0.9200000166893005,0.9200000166893005,0.9200000166893005,500.0
2025-06-20 14:27:00,CYBE.V,,4.360000133514404,4.360000133514404,4.360000133514404,4.360000133514404,100.0
2025-06-20 14:27:00,DV.V,,4.53000020980835,4.53000020980835,4.53000020980835,4.53000020980835,200.0
2025-06-20 14:27:00,EMO.V,,1.274999976158142,1.274999976158142,1.274999976158142,1.274999976158142,100.0
2025-06-20 14:28:00,AHR.V,,0.699999988079071,0.699999988079071,0.699999988079071,0.699999988079071,0.0
2025-06-20 14:28:00,CPAU.V,,0.10999999940395355,0.10999999940395355,0.10999999940395355,0.10999999940395355,0.0
2025-06-20 14:28:00,CYBE.V,,4.360000133514404,4.360000133514404,4.360000133514404,4.360000133514404,500.0
2025-06-20 14:28:00,DV.V,,4.53000020980835,4.53000020980835,4.53000020980835,4.53000020980835,400.0
2025-06-20 14:29:00,CYBE.V,,4.360000133514404,4.360000133514404,4.360000133514404,4.360000133514404,60679.0
2025-06-20 14:29:00,DV.V,,4.53000020980835,4.53000020980835,4.53000020980835,4.53000020980835,200.0
2025-06-20 14:29:00,EMO.V,,1.274999976158142,1.274999976158142,1.274999976158142,1.274999976158142,100.0
2025-06-20 14:29:00,SPOT.V,,0.23999999463558197,0.23999999463558197,0.23999999463558197,0.23999999463558197,76749.0
2025-06-20 14:30:00,AEC.V,,0.11999999731779099,0.11999999731779099,0.11999999731779099,0.11999999731779099,10000.0
2025-06-20 14:30:00,ARCH.V,,1.7300000190734863,1.7300000190734863,1.7300000190734863,1.7300000190734863,100.0
2025-06-20 14:30:00,CPAU.V,,0.10999999940395355,0.10999999940395355,0.10999999940395355,0.10999999940395355,0.0
2025-06-20 14:31:00,APGO.V,,0.42500001192092896,0.42500001192092896,0.42500001192092896,0.42500001192092896,271750.0
2025-06-20 14:31:00,APX.V,,0.07500000298023224,0.07500000298023224,0.07500000298023224,0.07500000298023224,0.0
2025-06-20 14:31:00,EMO.V,,1.274999976158142,1.274999976158142,1.274999976158142,1.274999976158142,100.0
2025-06-20 14:32:00,AEC.V,,0.11999999731779099,0.11999999731779099,0.11999999731779099,0.11999999731779099,5500.0
2025-06-20 14:32:00,APGO.V,,0.42500001192092896,0.42500001192092896,0.42500001192092896,0.42500001192092896,0.0
2025-06-20 14:32:00,ARCH.V,,1.7300000190734863,1.7300000190734863,1.7300000190734863,1.7300000190734863,100.0
2025-06-20 14:32:00,BRVO.V,,2.940000057220459,2.9549999237060547,2.940000057220459,2.9549999237060547,200.0
2025-06-20 14:32:00,CAD.V,,1.4700000286102295,1.4700000286102295,1.4700000286102295,1.4700000286102295,1500.0
2025-06-20 14:32:00,COSA.V,,0.2150000035762787,0.2150000035762787,0.2150000035762787,0.2150000035762787,0.0
2025-06-20 14:32:00,NET-UN.V,,5.380000114440918,5.380000114440918,5.380000114440918,5.380000114440918,0.0
2025-06-20 14:33:00,AEC.V,,0.11999999731779099,0.11999999731779099,0.11999999731779099,0.11999999731779099,0.0
2025-06-20 14:33:00,AISX.V,,0.03500000014901161,0.03500000014901161,0.03500000014901161,0.03500000014901161,520000.0
2025-06-20 14:33:00,BKMT.V,,0.07500000298023224,0.07500000298023224,0.07500000298023224,0.07500000298023224,0.0
2025-06-20 14:33:00,CTH.V,,0.9200000166893005,0.9200000166893005,0.9200000166893005,0.9200000166893005,500.0
2025-06-20 14:33:00,DMGI.V,,0.23000000417232513,0.23000000417232513,0.23000000417232513,0.23000000417232513,2000.0
2025-06-20 14:34:00,AISX.V,,0.03500000014901161,0.03500000014901161,0.03500000014901161,0.03500000014901161,0.0
2025-06-20 14:34:00,ARCH.V,,1.7300000190734863,1.7300000190734863,1.7300000190734863,1.7300000190734863,100.0
2025-06-20 14:34:00,ARTG.V,,25.540000915527344,25.540000915527344,25.530000686645508,25.530000686645508,400.0
2025-06-20 14:34:00,BRC.V,,0.41499999165534973,0.41499999165534973,0.41499999165534973,0.41499999165534973,0.0
2025-06-20 14:34:00,CAD.V,,1.4800000190734863,1.4800000190734863,1.4800000190734863,1.4800000190734863,0.0
2025-06-20 14:34:00,CBIT.V,,0.054999999701976776,0.054999999701976776,0.054999999701976776,0.054999999701976776,0.0
2025-06-20 14:34:00,CBLU.V,,0.09000000357627869,0.09000000357627869,0.09000000357627869,0.09000000357627869,0.0
2025-06-20 14:34:00,CEI.V,,0.8299999833106995,0.8299999833106995,0.8299999833106995,0.8299999833106995,25700.0
2025-06-20 14:34:00,CRE.V,,0.38999998569488525,0.38999998569488525,0.38999998569488525,0.38999998569488525,0.0
2025-06-20 14:34:00,DMX.V,,0.6700000166893005,0.6700000166893005,0.6700000166893005,0.6700000166893005,1000.0
2025-06-20 14:34:00,EMO.V,,1.274999976158142,1.274999976158142,1.274999976158142,1.274999976158142,100.0
2025-06-20 14:35:00,ARCH.V,,1.7300000190734863,1.7300000190734863,1.7300000190734863,1.7300000190734863,100.0
2025-06-20 14:35:00,CVV.V,,0.8799999952316284,0.8849999904632568,0.8799999952316284,0.8849999904632568,1000.0
2025-06-20 14:35:00,DMX.V,,0.6700000166893005,0.6700000166893005,0.6700000166893005,0.6700000166893005,0.0
2025-06-20 14:35:00,EMPR.V,,0.6499999761581421,0.6499999761581421,0.6499999761581421,0.6499999761581421,0.0
2025-06-20 14:36:00,AXL.V,,0.38999998569488525,0.38999998569488525,0.38999998569488525,0.38999998569488525,0.0
2025-06-20 14:36:00,BTCW.V,,0.14499999582767487,0.14499999582767487,0.14499999582767487,0.14499999582767487,0.0
2025-06-20 14:36:00,EMO.V,,1.274999976158142,1.274999976158142,1.274999976158142,1.274999976158142,116643.0
2025-06-20 14:37:00,ARTG.V,,25.530000686645508,25.530000686645508,25.530000686645508,25.530000686645508,0.0
2025-06-20 14:37:00,DMGI.V,,0.22499999403953552,0.22499999403953552,0.22499999403953552,0.22499999403953552,1500.0
2025-06-20 14:37:00,DV.V,,4.53000020980835,4.53000020980835,4.53000020980835,4.53000020980835,0.0
2025-06-20 14:38:00,BMM.V,,1.8200000524520874,1.8200000524520874,1.809999942779541,1.809999942779541,17750.0
2025-06-20 14:38:00,FIND.V,,0.11500000208616257,0.11500000208616257,0.11500000208616257,0.11500000208616257,0.0
2025-06-20 14:39:00,ARCH.V,,1.7200000286102295,1.7200000286102295,1.7200000286102295,1.7200000286102295,100.0
2025-06-20 14:39:00,BARU.V,,0.08500000089406967,0.08500000089406967,0.08500000089406967,0.08500000089406967,0.0
2025-06-20 14:39:00,BMM.V,,1.8200000524520874,1.8200000524520874,1.8200000524520874,1.8200000524520874,0.0
2025-06-20 14:39:00,CVV.V,,0.8899999856948853,0.8899999856948853,0.8899999856948853,0.8899999856948853,0.0
2025-06-20 14:39:00,LIT.V,,0.05999999865889549,0.05999999865889549,0.05999999865889549,0.05999999865889549,0.0
2025-06-20 14:41:00,ARCH.V,,1.7200000286102295,1.7200000286102295,1.7200000286102295,1.7200000286102295,100.0
2025-06-20 14:41:00,CTH.V,,0.9300000071525574,0.9300000071525574,0.9300000071525574,0.9300000071525574,0.0
2025-06-20 14:41:00,DMGI.V,,0.22499999403953552,0.22499999403953552,0.22499999403953552,0.22499999403953552,0.0
2025-06-20 14:42:00,ARH.V,,0.41999998688697815,0.41999998688697815,0.41999998688697815,0.41999998688697815,134317.0
2025-06-20 14:42:00,ARU.V,,0.22499999403953552,0.22499999403953552,0.22499999403953552,0.22499999403953552,0.0
2025-06-20 14:42:00,BRVO.V,,2.940000057220459,2.940000057220459,2.940000057220459,2.940000057220459,0.0
2025-06-20 14:42:00,CERT.V,,0.7099999785423279,0.7099999785423279,0.7099999785423279,0.7099999785423279,0.0
2025-06-20 14:43:00,ARCH.V,,1.7200000286102295,1.7200000286102295,1.7200000286102295,1.7200000286102295,0.0
2025-06-20 14:43:00,CH.V,,0.054999999701976776,0.054999999701976776,0.054999999701976776,0.054999999701976776,0.0
2025-06-20 14:44:00,BAU.V,,0.10499999672174454,0.10499999672174454,0.10499999672174454,0.10499999672174454,44500.0
2025-06-20 14:44:00,CUSN.V,,0.15000000596046448,0.15000000596046448,0.15000000596046448,0.15000000596046448,37500.0
2025-06-20 14:44:00,DBG.V,,0.6600000262260437,0.6600000262260437,0.6600000262260437,0.6600000262260437,2000.0
2025-06-20 14:44:00,ETF.V,,0.019999999552965164,0.019999999552965164,0.019999999552965164,0.019999999552965164,0.0
2025-06-20 14:44:00,GSD.V,,0.15000000596046448,0.15000000596046448,0.15000000596046448,0.15000000596046448,6000.0
2025-06-20 14:45:00,BAY.V,,0.06499999761581421,0.06499999761581421,0.06499999761581421,0.06499999761581421,0.0
2025-06-20 14:45:00,BRVO.V,,2.940000057220459,2.940000057220459,2.940000057220459,2.940000057220459,0.0
2025-06-20 14:45:00,TAU.V,,1.0299999713897705,1.0299999713897705,1.0299999713897705,1.0299999713897705,1200.0
2025-06-20 14:46:00,BRC.V,,0.41499999165534973,0.41499999165534973,0.41499999165534973,0.41499999165534973,293109.0
2025-06-20 14:46:00,CBR.V,,0.36500000953674316,0.36500000953674316,0.36500000953674316,0.36500000953674316,5050.0
2025-06-20 14:46:00,CRE.V,,0.38999998569488525,0.38999998569488525,0.38999998569488525,0.38999998569488525,41100.0
2025-06-20 14:46:00,DBG.V,,0.6600000262260437,0.6600000262260437,0.6600000262260437,0.6600000262260437,1500.0
2025-06-20 14:47:00,AEC.V,,0.11999999731779099,0.11999999731779099,0.11500000208616257,0.11500000208616257,2401818.0
2025-06-20 14:47:00,ARCH.V,,1.7400000095367432,1.7400000095367432,1.7400000095367432,1.7400000095367432,13900.0
2025-06-20 14:47:00,ARTG.V,,25.59000015258789,25.59000015258789,25.540000915527344,25.540000915527344,78543.0
2025-06-20 14:47:00,CBR.V,,0.36500000953674316,0.36500000953674316,0.36500000953674316,0.36500000953674316,5000.0
2025-06-20 14:47:00,DV.V,,4.519999980926514,4.519999980926514,4.519999980926514,4.519999980926514,71337.0
2025-06-20 14:47:00,ETL.V,,0.7900000214576721,0.7900000214576721,0.7900000214576721,0.7900000214576721,900.0
2025-06-20 14:47:00,FIND.V,,0.11500000208616257,0.11500000208616257,0.11500000208616257,0.11500000208616257,267206.0
2025-06-20 14:48:00,AEC.V,,0.11999999731779099,0.11999999731779099,0.11999999731779099,0.11999999731779099,29000.0
2025-06-20 14:48:00,ARTG.V,,25.540000915527344,25.540000915527344,25.540000915527344,25.540000915527344,100.0
2025-06-20 14:48:00,CBR.V,,0.36500000953674316,0.36500000953674316,0.36500000953674316,0.36500000953674316,5000.0
2025-06-20 14:48:00,CGC.V,,0.2849999964237213,0.2849999964237213,0.2849999964237213,0.2849999964237213,2000.0
2025-06-20 14:48:00,DBG.V,,0.6600000262260437,0.6600000262260437,0.6600000262260437,0.6600000262260437,1000.0
2025-06-20 14:48:00,DV.V,,4.53000020980835,4.53000020980835,4.53000020980835,4.53000020980835,200.0
2025-06-20 14:48:00,EMPR.V,,0.6499999761581421,0.6499999761581421,0.6499999761581421,0.6499999761581421,92169.0
2025-06-20 14:49:00,AIR.V,,0.05000000074505806,0.05000000074505806,0.05000000074505806,0.05000000074505806,513009.0
2025-06-20 14:49:00,AMX.V,,1.4800000190734863,1.4800000190734863,1.4800000190734863,1.4800000190734863,1500.0
2025-06-20 14:49:00,ARTG.V,,25.59000015258789,25.59000015258789,25.59000015258789,25.59000015258789,700.0
2025-06-20 14:49:00,BMM.V,,1.8200000524520874,1.8200000524520874,1.8200000524520874,1.8200000524520874,20000.0
2025-06-20 14:49:00,CBR.V,,0.36000001430511475,0.36000001430511475,0.36000001430511475,0.36000001430511475,32000.0
2025-06-20 14:49:00,CRI.V,,0.03500000014901161,0.03500000014901161,0.03500000014901161,0.03500000014901161,0.0
2025-06-20 14:49:00,CYBE.V,,4.369999885559082,4.369999885559082,4.369999885559082,4.369999885559082,2525.0
2025-06-20 14:49:00,DBG.V,,0.6600000262260437,0.6600000262260437,0.6600000262260437,0.6600000262260437,1000.0
2025-06-20 14:50:00,ARTG.V,,25.6299991607666,25.6299991607666,25.579999923706055,25.6200008392334,1900.0
2025-06-20 14:50:00,BLM.V,,1.4500000476837158,1.4500000476837158,1.4500000476837158,1.4500000476837158,0.0
2025-06-20 14:50:00,DBG.V,,0.6600000262260437,0.6600000262260437,0.6600000262260437,0.6600000262260437,1000.0
2025-06-20 14:51:00,ADY.V,,0.23999999463558197,0.23999999463558197,0.23999999463558197,0.23999999463558197,0.0
2025-06-20 14:51:00,ALV.V,,6.889999866485596,6.889999866485596,6.889999866485596,6.889999866485596,3554.0
2025-06-20 14:51:00,ARTG.V,,25.6299991607666,25.6299991607666,25.6299991607666,25.6299991607666,100.0
2025-06-20 14:51:00,XX.V,,0.8299999833106995,0.8399999737739563,0.8299999833106995,0.8399999737739563,3000.0
2025-06-20 14:52:00,ARCH.V,,1.7300000190734863,1.7300000190734863,1.7300000190734863,1.7300000190734863,100.0
2025-06-20 14:52:00,ARTG.V,,25.68000030517578,25.68000030517578,25.6200008392334,25.639999389648438,1100.0
2025-06-20 14:52:00,DBG.V,,0.6600000262260437,0.6600000262260437,0.6600000262260437,0.6600000262260437,1450.0
2025-06-20 14:52:00,ELE.V,,1.7649999856948853,1.7649999856948853,1.7649999856948853,1.7649999856948853,68977.0
2025-06-20 14:53:00,ARTG.V,,25.690000534057617,25.690000534057617,25.639999389648438,25.670000076293945,900.0
2025-06-20 14:53:00,CDA.V,,0.05000000074505806,0.05000000074505806,0.05000000074505806,0.05000000074505806,22000.0
2025-06-20 14:53:00,DBG.V,,0.6600000262260437,0.6600000262260437,0.6600000262260437,0.6600000262260437,1000.0
2025-06-20 14:53:00,DMX.V,,0.6700000166893005,0.6700000166893005,0.6700000166893005,0.6700000166893005,623247.0
2025-06-20 14:54:00,ARCH.V,,1.7300000190734863,1.7300000190734863,1.7300000190734863,1.7300000190734863,100.0
2025-06-20 14:54:00,ARTG.V,,25.59000015258789,25.690000534057617,25.59000015258789,25.690000534057617,1000.0
2025-06-20 14:54:00,DBG.V,,0.6600000262260437,0.6600000262260437,0.6600000262260437,0.6600000262260437,1000.0
2025-06-20 14:54:00,ETL.V,,0.7900000214576721,0.7900000214576721,0.7900000214576721,0.7900000214576721,8000.0
2025-06-20 14:55:00,ARTG.V,,25.56999969482422,25.56999969482422,25.56999969482422,25.56999969482422,200.0
2025-06-20 14:55:00,AXL.V,,0.38999998569488525,0.38999998569488525,0.38999998569488525,0.38999998569488525,265019.0
2025-06-20 14:55:00,BLUE.V,,0.05000000074505806,0.05000000074505806,0.05000000074505806,0.05000000074505806,98000.0
2025-06-20 14:55:00,CBR.V,,0.36500000953674316,0.36500000953674316,0.36500000953674316,0.36500000953674316,17500.0
2025-06-20 14:55:00,CRE.V,,0.38999998569488525,0.38999998569488525,0.38999998569488525,0.38999998569488525,41600.0
2025-06-20 14:55:00,CTRL.V,,0.33000001311302185,0.33000001311302185,0.33000001311302185,0.33000001311302185,0.0
2025-06-20 14:56:00,AISX.V,,0.03500000014901161,0.03500000014901161,0.03500000014901161,0.03500000014901161,645000.0
2025-06-20 14:56:00,ARCH.V,,1.7200000286102295,1.7200000286102295,1.7200000286102295,1.7200000286102295,100.0
2025-06-20 14:56:00,ASTR.V,,0.4699999988079071,0.4699999988079071,0.4699999988079071,0.4699999988079071,32688.0
2025-06-20 14:56:00,BFM.V,,0.23999999463558197,0.23999999463558197,0.23999999463558197,0.23999999463558197,0.0
2025-06-20 14:56:00,DBG.V,,0.6600000262260437,0.6600000262260437,0.6600000262260437,0.6600000262260437,1000.0
2025-06-20 14:56:00,DME.V,,0.20000000298023224,0.20000000298023224,0.20000000298023224,0.20000000298023224,46505.0
2025-06-20 14:57:00,AUX.V,,0.6000000238418579,0.6000000238418579,0.5899999737739563,0.5899999737739563,31500.0
2025-06-20 14:57:00,BMET.V,,0.03999999910593033,0.03999999910593033,0.03999999910593033,0.03999999910593033,169528.0
2025-06-20 14:57:00,CVV.V,,0.8799999952316284,0.8899999856948853,0.8799999952316284,0.8899999856948853,352983.0
2025-06-20 14:57:00,DBG.V,,0.6600000262260437,0.6600000262260437,0.6600000262260437,0.6600000262260437,1000.0
2025-06-20 14:57:00,DMX.V,,0.6700000166893005,0.6700000166893005,0.6600000262260437,0.6600000262260437,2500.0
2025-06-20 14:58:00,ARCH.V,,1.7200000286102295,1.7200000286102295,1.7200000286102295,1.7200000286102295,0.0
2025-06-20 14:58:00,AUX.V,,0.6000000238418579,0.6000000238418579,0.6000000238418579,0.6000000238418579,2000.0
2025-06-20 14:58:00,CGC.V,,0.2849999964237213,0.2849999964237213,0.2849999964237213,0.2849999964237213,0.0
2025-06-20 14:58:00,DBG.V,,0.6600000262260437,0.6600000262260437,0.6600000262260437,0.6600000262260437,1000.0
2025-06-20 14:58:00,DV.V,,4.539999961853027,4.539999961853027,4.53000020980835,4.53000020980835,500.0
2025-06-20 14:59:00,AIR.V,,0.05000000074505806,0.05000000074505806,0.05000000074505806,0.05000000074505806,0.0
2025-06-20 14:59:00,ARTG.V,,25.5,25.5,25.5,25.5,100.0
2025-06-20 14:59:00,BMET.V,,0.03999999910593033,0.03999999910593033,0.03999999910593033,0.03999999910593033,172528.0
2025-06-20 14:59:00,CNO.V,,0.5199999809265137,0.5199999809265137,0.5199999809265137,0.5199999809265137,7840.0
2025-06-20 14:59:00,CVV.V,,0.8799999952316284,0.8799999952316284,0.8799999952316284,0.8799999952316284,500.0
2025-06-20 14:59:00,DBG.V,,0.6499999761581421,0.6600000262260437,0.6499999761581421,0.6600000262260437,5500.0
2025-06-20 14:59:00,DWS.V,,0.18000000715255737,0.18000000715255737,0.18000000715255737,0.18000000715255737,0.0
2025-06-20 14:59:00,ROX.V,,0.07000000029802322,0.07000000029802322,0.07000000029802322,0.07000000029802322,0.0
2025-06-20 15:00:00,CBR.V,,0.36000001430511475,0.36000001430511475,0.36000001430511475,0.36000001430511475,22000.0
2025-06-20 15:01:00,ARTG.V,,25.579999923706055,25.59000015258789,25.56999969482422,25.56999969482422,700.0
2025-06-20 15:01:00,ASTR.V,,0.4699999988079071,0.4699999988079071,0.4699999988079071,0.4699999988079071,2500.0
2025-06-20 15:01:00,AUX.V,,0.6000000238418579,0.6000000238418579,0.6000000238418579,0.6000000238418579,35500.0
2025-06-20 15:01:00,BNXA.V,,0.7599999904632568,0.7599999904632568,0.7599999904632568,0.7599999904632568,0.0
2025-06-20 15:01:00,CYBE.V,,4.369999885559082,4.369999885559082,4.369999885559082,4.369999885559082,1100.0
2025-06-20 15:02:00,CAD.V,,1.4900000095367432,1.4900000095367432,1.4900000095367432,1.4900000095367432,23730.0
2025-06-20 15:02:00,CCMI.V,,0.029999999329447746,0.029999999329447746,0.029999999329447746,0.029999999329447746,0.0
2025-06-20 15:02:00,CEN-H.V,,0.75,0.75,0.75,0.75,0.0
2025-06-20 15:02:00,DBG.V,,0.6800000071525574,0.6800000071525574,0.6800000071525574,0.6800000071525574,0.0
2025-06-20 15:03:00,AEC.V,,0.11999999731779099,0.11999999731779099,0.11999999731779099,0.11999999731779099,0.0
2025-06-20 15:03:00,CBR.V,,0.36000001430511475,0.36000001430511475,0.36000001430511475,0.36000001430511475,5000.0
2025-06-20 15:03:00,CYBE.V,,4.369999885559082,4.369999885559082,4.369999885559082,4.369999885559082,2500.0
2025-06-20 15:04:00,ARTG.V,,25.610000610351562,25.610000610351562,25.600000381469727,25.600000381469727,200.0
2025-06-20 15:04:00,DV.V,,4.550000190734863,4.550000190734863,4.550000190734863,4.550000190734863,0.0
2025-06-20 15:05:00,ARTG.V,,25.649999618530273,25.649999618530273,25.6200008392334,25.6200008392334,800.0
2025-06-20 15:05:00,AUX.V,,0.5899999737739563,0.5899999737739563,0.5899999737739563,0.5899999737739563,2500.0
2025-06-20 15:05:00,AZS.V,,0.3149999976158142,0.3149999976158142,0.3149999976158142,0.3149999976158142,0.0
2025-06-20 15:05:00,CYBE.V,,4.369999885559082,4.369999885559082,4.369999885559082,4.369999885559082,1000.0
2025-06-20 15:05:00,DMX.V,,0.6600000262260437,0.6600000262260437,0.6600000262260437,0.6600000262260437,500.0
2025-06-20 15:05:00,TAU.V,,1.0299999713897705,1.0299999713897705,1.0299999713897705,1.0299999713897705,0.0
2025-06-20 15:06:00,ARTG.V,,25.65999984741211,25.65999984741211,25.65999984741211,25.65999984741211,200.0
2025-06-20 15:06:00,BRC.V,,0.41499999165534973,0.41499999165534973,0.41499999165534973,0.41499999165534973,0.0
2025-06-20 15:06:00,CAM.V,,0.17000000178813934,0.17000000178813934,0.17000000178813934,0.17000000178813934,0.0
2025-06-20 15:06:00,CYBE.V,,4.369999885559082,4.369999885559082,4.369999885559082,4.369999885559082,126.0
2025-06-20 15:06:00,DMX.V,,0.6700000166893005,0.6700000166893005,0.6700000166893005,0.6700000166893005,14000.0
2025-06-20 15:07:00,AMX.V,,1.4900000095367432,1.4900000095367432,1.4900000095367432,1.4900000095367432,0.0
2025-06-20 15:07:00,CAD.V,,1.5,1.5,1.5,1.5,100.0
2025-06-20 15:07:00,COR.V,,0.2150000035762787,0.2150000035762787,0.2150000035762787,0.2150000035762787,0.0
2025-06-20 15:07:00,CVV.V,,0.8799999952316284,0.8799999952316284,0.8799999952316284,0.8799999952316284,1000.0
2025-06-20 15:07:00,DLP.V,,0.3149999976158142,0.3149999976158142,0.3149999976158142,0.3149999976158142,0.0
2025-06-20 15:08:00,ARIC.V,,0.5400000214576721,0.5400000214576721,0.5400000214576721,0.5400000214576721,0.0
2025-06-20 15:08:00,ARTG.V,,25.610000610351562,25.65999984741211,25.610000610351562,25.65999984741211,301.0
2025-06-20 15:08:00,ASTR.V,,0.46000000834465027,0.46000000834465027,0.46000000834465027,0.46000000834465027,0.0
2025-06-20 15:08:00,BMM.V,,1.809999942779541,1.809999942779541,1.809999942779541,1.809999942779541,0.0
2025-06-20 15:08:00,CBR.V,,0.36000001430511475,0.36000001430511475,0.36000001430511475,0.36000001430511475,0.0
2025-06-20 15:09:00,ARTG.V,,25.610000610351562,25.610000610351562,25.610000610351562,25.610000610351562,413.0
2025-06-20 15:09:00,DMX.V,,0.6650000214576721,0.6650000214576721,0.6650000214576721,0.6650000214576721,500.0
2025-06-20 15:09:00,EMNT.V,,0.3700000047683716,0.3700000047683716,0.3700000047683716,0.3700000047683716,0.0
2025-06-20 15:10:00,BAY.V,,0.06499999761581421,0.06499999761581421,0.06499999761581421,0.06499999761581421,0.0
2025-06-20 15:10:00,CAD.V,,1.5099999904632568,1.5099999904632568,1.5099999904632568,1.5099999904632568,1978.0
2025-06-20 15:10:00,CVV.V,,0.8799999952316284,0.8799999952316284,0.8799999952316284,0.8799999952316284,0.0
2025-06-20 15:11:00,ARTG.V,,25.649999618530273,25.65999984741211,25.649999618530273,25.649999618530273,300.0
2025-06-20 15:12:00,AAG.V,,0.6600000262260437,0.6600000262260437,0.6600000262260437,0.6600000262260437,162495.0
2025-06-20 15:12:00,ARTG.V,,25.68000030517578,25.68000030517578,25.65999984741211,25.65999984741211,500.0
2025-06-20 15:12:00,AXL.V,,0.38999998569488525,0.38999998569488525,0.38999998569488525,0.38999998569488525,500.0
2025-06-20 15:12:00,CTH.V,,0.9300000071525574,0.9300000071525574,0.9300000071525574,0.9300000071525574,18500.0
2025-06-20 15:13:00,ARTG.V,,25.68000030517578,25.690000534057617,25.649999618530273,25.690000534057617,300.0
2025-06-20 15:13:00,CUU.V,,0.23499999940395355,0.23999999463558197,0.23499999940395355,0.23999999463558197,2500.0
2025-06-20 15:13:00,ECOM.V,,0.04500000178813934,0.04500000178813934,0.04500000178813934,0.04500000178813934,3600.0
2025-06-20 15:13:00,ETL.V,,0.7900000214576721,0.7900000214576721,0.7900000214576721,0.7900000214576721,4500.0
2025-06-20 15:14:00,ARK.V,,0.8799999952316284,0.8799999952316284,0.8799999952316284,0.8799999952316284,7500.0
2025-06-20 15:14:00,ARTG.V,,25.690000534057617,25.690000534057617,25.68000030517578,25.690000534057617,300.0
2025-06-20 15:14:00,CAD.V,,1.5,1.5,1.5,1.5,400.0
2025-06-20 15:14:00,CYBE.V,,4.349999904632568,4.349999904632568,4.349999904632568,4.349999904632568,150.0
2025-06-20 15:14:00,DMX.V,,0.6650000214576721,0.6650000214576721,0.6650000214576721,0.6650000214576721,1000.0
2025-06-20 15:15:00,ARTG.V,,25.649999618530273,25.68000030517578,25.649999618530273,25.68000030517578,1100.0
2025-06-20 15:16:00,AUX.V,,0.5600000023841858,0.5600000023841858,0.5600000023841858,0.5600000023841858,38500.0
2025-06-20 15:16:00,COCO.V,,0.054999999701976776,0.054999999701976776,0.054999999701976776,0.054999999701976776,21006.0
2025-06-20 15:16:00,CTM.V,,0.10000000149011612,0.10000000149011612,0.10000000149011612,0.10000000149011612,41000.0
2025-06-20 15:17:00,AISX.V,,0.03500000014901161,0.03500000014901161,0.03500000014901161,0.03500000014901161,30000.0
2025-06-20 15:17:00,CBR.V,,0.36000001430511475,0.36000001430511475,0.36000001430511475,0.36000001430511475,251161.0
2025-06-20 15:17:00,DLP.V,,0.3149999976158142,0.3149999976158142,0.3149999976158142,0.3149999976158142,91556.0
2025-06-20 15:17:00,DMGI.V,,0.23000000417232513,0.23000000417232513,0.23000000417232513,0.23000000417232513,204802.0
2025-06-20 15:17:00,EMPR.V,,0.6499999761581421,0.6499999761581421,0.6499999761581421,0.6499999761581421,500.0
2025-06-20 15:18:00,AAG.V,,0.6600000262260437,0.6600000262260437,0.6600000262260437,0.6600000262260437,1000.0
2025-06-20 15:18:00,AMRQ.V,,1.4800000190734863,1.4800000190734863,1.4800000190734863,1.4800000190734863,20035.0
2025-06-20 15:18:00,ARTG.V,,25.639999389648438,25.639999389648438,25.639999389648438,25.639999389648438,100.0
2025-06-20 15:18:00,CVV.V,,0.8700000047683716,0.8700000047683716,0.8700000047683716,0.8700000047683716,362483.0
2025-06-20 15:18:00,DMX.V,,0.6650000214576721,0.6650000214576721,0.6650000214576721,0.6650000214576721,500.0
2025-06-20 15:18:00,DWS.V,,0.18000000715255737,0.18000000715255737,0.18000000715255737,0.18000000715255737,18235.0
2025-06-20 15:19:00,ALDE.V,,1.8300000429153442,1.8300000429153442,1.8300000429153442,1.8300000429153442,100.0
2025-06-20 15:19:00,ARH.V,,0.41999998688697815,0.41999998688697815,0.41999998688697815,0.41999998688697815,10000.0
2025-06-20 15:19:00,DE.V,,7.369999885559082,7.369999885559082,7.369999885559082,7.369999885559082,6130.0
2025-06-20 15:19:00,DWS.V,,0.18000000715255737,0.18000000715255737,0.18000000715255737,0.18000000715255737,23235.0
2025-06-20 15:20:00,AMX.V,,1.4800000190734863,1.4800000190734863,1.4800000190734863,1.4800000190734863,184063.0
2025-06-20 15:20:00,APGO.V,,0.41999998688697815,0.41999998688697815,0.41999998688697815,0.41999998688697815,308250.0
2025-06-20 15:20:00,ARH.V,,0.41999998688697815,0.41999998688697815,0.41999998688697815,0.41999998688697815,15500.0
2025-06-20 15:20:00,BAY.V,,0.06499999761581421,0.06499999761581421,0.06499999761581421,0.06499999761581421,48000.0
2025-06-20 15:20:00,BKMT.V,,0.07000000029802322,0.07000000029802322,0.07000000029802322,0.07000000029802322,220000.0
2025-06-20 15:20:00,CEN-H.V,,0.75,0.75,0.75,0.75,4000.0
2025-06-20 15:20:00,CYBE.V,,4.329999923706055,4.340000152587891,4.329999923706055,4.340000152587891,800.0
2025-06-20 15:20:00,TAU.V,,1.0299999713897705,1.0299999713897705,1.0299999713897705,1.0299999713897705,187272.0
2025-06-20 15:21:00,CBR.V,,0.36000001430511475,0.36000001430511475,0.36000001430511475,0.36000001430511475,5500.0
2025-06-20 15:21:00,CCE.V,,0.07999999821186066,0.07999999821186066,0.07999999821186066,0.07999999821186066,21000.0
2025-06-20 15:22:00,ARCH.V,,1.7400000095367432,1.7400000095367432,1.7400000095367432,1.7400000095367432,14400.0
2025-06-20 15:22:00,ARTG.V,,25.719999313354492,25.729999542236328,25.709999084472656,25.709999084472656,500.0
2025-06-20 15:22:00,CAD.V,,1.5,1.5,1.5,1.5,600.0
2025-06-20 15:22:00,CTM.V,,0.10000000149011612,0.10000000149011612,0.10000000149011612,0.10000000149011612,1500.0
2025-06-20 15:22:00,DE.V,,7.409999847412109,7.409999847412109,7.409999847412109,7.409999847412109,100.0
2025-06-20 15:23:00,ARCH.V,,1.7400000095367432,1.7400000095367432,1.7300000190734863,1.7400000095367432,300.0
2025-06-20 15:23:00,ARTG.V,,25.68000030517578,25.68000030517578,25.68000030517578,25.68000030517578,100.0
2025-06-20 15:23:00,CAD.V,,1.4900000095367432,1.4900000095367432,1.4900000095367432,1.4900000095367432,400.0
2025-06-20 15:23:00,CYBE.V,,4.360000133514404,4.360000133514404,4.360000133514404,4.360000133514404,500.0
2025-06-20 15:23:00,DV.V,,4.539999961853027,4.550000190734863,4.53000020980835,4.550000190734863,86837.0
2025-06-20 15:24:00,AEC.V,,0.11749999970197678,0.11749999970197678,0.11500000208616257,0.11500000208616257,2469318.0
2025-06-20 15:24:00,AISX.V,,0.03500000014901161,0.03500000014901161,0.03500000014901161,0.03500000014901161,20000.0
2025-06-20 15:24:00,ARTG.V,,25.690000534057617,25.690000534057617,25.68000030517578,25.68000030517578,400.0
2025-06-20 15:24:00,ASG.V,,0.3149999976158142,0.3149999976158142,0.30000001192092896,0.30000001192092896,15000.0
2025-06-20 15:24:00,CBR.V,,0.35499998927116394,0.35499998927116394,0.35499998927116394,0.35499998927116394,33500.0
2025-06-20 15:24:00,CERT.V,,0.7099999785423279,0.7099999785423279,0.7099999785423279,0.7099999785423279,76577.0
2025-06-20 15:24:00,DV.V,,4.53000020980835,4.539999961853027,4.53000020980835,4.53000020980835,1100.0
2025-06-20 15:25:00,ARCH.V,,1.7400000095367432,1.7400000095367432,1.7400000095367432,1.7400000095367432,200.0
2025-06-20 15:25:00,ARTG.V,,25.690000534057617,25.690000534057617,25.68000030517578,25.68000030517578,400.0
2025-06-20 15:25:00,ASG.V,,0.3050000071525574,0.3050000071525574,0.3050000071525574,0.3050000071525574,41000.0
2025-06-20 15:25:00,CBR.V,,0.35499998927116394,0.35499998927116394,0.35499998927116394,0.35499998927116394,1500.0
2025-06-20 15:25:00,DMGI.V,,0.23000000417232513,0.23000000417232513,0.23000000417232513,0.23000000417232513,500.0
2025-06-20 15:25:00,DMX.V,,0.6650000214576721,0.6700000166893005,0.6650000214576721,0.6650000214576721,28000.0
2025-06-20 15:26:00,AEC.V,,0.11999999731779099,0.11999999731779099,0.11999999731779099,0.11999999731779099,16000.0
2025-06-20 15:26:00,ARCH.V,,1.7400000095367432,1.7400000095367432,1.7400000095367432,1.7400000095367432,100.0
2025-06-20 15:26:00,ARTG.V,,25.68000030517578,25.690000534057617,25.68000030517578,25.690000534057617,600.0
2025-06-20 15:26:00,CRE.V,,0.38999998569488525,0.38999998569488525,0.38999998569488525,0.38999998569488525,500.0
2025-06-20 15:26:00,DMX.V,,0.6650000214576721,0.6700000166893005,0.6650000214576721,0.6700000166893005,34500.0
2025-06-20 15:26:00,EMPR.V,,0.6499999761581421,0.6499999761581421,0.6499999761581421,0.6499999761581421,500.0
2025-06-20 15:27:00,ADY.V,,0.23999999463558197,0.23999999463558197,0.23999999463558197,0.23999999463558197,143943.0
2025-06-20 15:27:00,APGO.V,,0.41999998688697815,0.41999998688697815,0.41999998688697815,0.41999998688697815,12000.0
2025-06-20 15:27:00,ARCH.V,,1.7400000095367432,1.7400000095367432,1.7400000095367432,1.7400000095367432,100.0
2025-06-20 15:27:00,ARK.V,,0.8799999952316284,0.8799999952316284,0.8799999952316284,0.8799999952316284,500.0
2025-06-20 15:27:00,ARTG.V,,25.690000534057617,25.690000534057617,25.690000534057617,25.690000534057617,100.0
2025-06-20 15:27:00,AXL.V,,0.38999998569488525,0.38999998569488525,0.38999998569488525,0.38999998569488525,500.0
2025-06-20 15:27:00,BAT.V,,0.07999999821186066,0.07999999821186066,0.07999999821186066,0.07999999821186066,6000.0
2025-06-20 15:27:00,CDA.V,,0.05000000074505806,0.05000000074505806,0.05000000074505806,0.05000000074505806,27000.0
2025-06-20 15:27:00,CERT.V,,0.7099999785423279,0.7099999785423279,0.7099999785423279,0.7099999785423279,1000.0
2025-06-20 15:27:00,CLIC.V,,0.18000000715255737,0.18000000715255737,0.18000000715255737,0.18000000715255737,4000.0
2025-06-20 15:27:00,CRE.V,,0.38999998569488525,0.38999998569488525,0.38999998569488525,0.38999998569488525,500.0
2025-06-20 15:27:00,CUB.V,,0.125,0.125,0.125,0.125,24536.0
2025-06-20 15:27:00,CYBE.V,,4.360000133514404,4.360000133514404,4.360000133514404,4.360000133514404,600.0
2025-06-20 15:28:00,ARCH.V,,1.7400000095367432,1.7400000095367432,1.7400000095367432,1.7400000095367432,100.0
2025-06-20 15:28:00,ARTG.V,,25.690000534057617,25.700000762939453,25.65999984741211,25.700000762939453,1300.0
2025-06-20 15:28:00,BMM.V,,1.7899999618530273,1.7899999618530273,1.7899999618530273,1.7899999618530273,20800.0
2025-06-20 15:28:00,CTM.V,,0.10000000149011612,0.10000000149011612,0.10000000149011612,0.10000000149011612,451500.0
2025-06-20 15:28:00,CUU.V,,0.23999999463558197,0.23999999463558197,0.23749999701976776,0.23749999701976776,3500.0
2025-06-20 15:28:00,CYBE.V,,4.349999904632568,4.349999904632568,4.349999904632568,4.349999904632568,500.0
2025-06-20 15:28:00,EMO.V,,1.2799999713897705,1.2799999713897705,1.2799999713897705,1.2799999713897705,100.0
2025-06-20 15:28:00,TAU.V,,1.024999976158142,1.024999976158142,1.024999976158142,1.024999976158142,300.0
2025-06-20 15:29:00,ARCH.V,,1.7400000095367432,1.7400000095367432,1.7400000095367432,1.7400000095367432,100.0
2025-06-20 15:29:00,ARTG.V,,25.68000030517578,25.68000030517578,25.65999984741211,25.65999984741211,1200.0
2025-06-20 15:29:00,CAD.V,,1.4900000095367432,1.4900000095367432,1.4900000095367432,1.4900000095367432,1300.0
2025-06-20 15:29:00,CDB.V,,0.75,0.75,0.75,0.75,20000.0
2025-06-20 15:29:00,CVV.V,,0.8600000143051147,0.8600000143051147,0.8550000190734863,0.8600000143051147,12500.0
2025-06-20 15:29:00,CYBE.V,,4.360000133514404,4.360000133514404,4.360000133514404,4.360000133514404,4700.0
2025-06-20 15:29:00,DV.V,,4.53000020980835,4.53000020980835,4.53000020980835,4.53000020980835,0.0
2025-06-20 15:30:00,ARCH.V,,1.7400000095367432,1.7400000095367432,1.7400000095367432,1.7400000095367432,100.0
2025-06-20 15:30:00,ARTG.V,,25.649999618530273,25.700000762939453,25.649999618530273,25.700000762939453,1800.0
2025-06-20 15:30:00,CAD.V,,1.5,1.5,1.5,1.5,28708.0
2025-06-20 15:30:00,CBR.V,,0.35499998927116394,0.35499998927116394,0.35499998927116394,0.35499998927116394,7000.0
2025-06-20 15:30:00,CCE.V,,0.07500000298023224,0.07500000298023224,0.07500000298023224,0.07500000298023224,23000.0
2025-06-20 15:30:00,CUU.V,,0.23999999463558197,0.23999999463558197,0.23999999463558197,0.23999999463558197,8000.0
2025-06-20 15:30:00,CVV.V,,0.8550000190734863,0.8600000143051147,0.8550000190734863,0.8600000143051147,4500.0
2025-06-20 15:30:00,CYBE.V,,4.360000133514404,4.360000133514404,4.360000133514404,4.360000133514404,200.0
2025-06-20 15:30:00,DV.V,,4.53000020980835,4.53000020980835,4.53000020980835,4.53000020980835,88037.0
2025-06-20 15:31:00,ARCH.V,,1.7400000095367432,1.7400000095367432,1.7400000095367432,1.7400000095367432,100.0
2025-06-20 15:31:00,ARH.V,,0.41999998688697815,0.41999998688697815,0.41999998688697815,0.41999998688697815,1505.0
2025-06-20 15:31:00,CUU.V,,0.23499999940395355,0.23499999940395355,0.23499999940395355,0.23499999940395355,20500.0
2025-06-20 15:31:00,EMO.V,,1.2799999713897705,1.2799999713897705,1.2799999713897705,1.2799999713897705,100.0
2025-06-20 15:32:00,AIVC.V,,0.4300000071525574,0.4300000071525574,0.4300000071525574,0.4300000071525574,1000.0
2025-06-20 15:32:00,ARCH.V,,1.7400000095367432,1.7400000095367432,1.7400000095367432,1.7400000095367432,100.0
2025-06-20 15:32:00,ARTG.V,,25.690000534057617,25.690000534057617,25.690000534057617,25.690000534057617,300.0
2025-06-20 15:32:00,CYBE.V,,4.369999885559082,4.369999885559082,4.369999885559082,4.369999885559082,1100.0
2025-06-20 15:32:00,DV.V,,4.519999980926514,4.53000020980835,4.519999980926514,4.53000020980835,800.0
2025-06-20 15:32:00,TAU.V,,1.0299999713897705,1.0299999713897705,1.0299999713897705,1.0299999713897705,100.0
2025-06-20 15:33:00,APGO.V,,0.41999998688697815,0.41999998688697815,0.41999998688697815,0.41999998688697815,27700.0
2025-06-20 15:33:00,ARCH.V,,1.7400000095367432,1.7400000095367432,1.7400000095367432,1.7400000095367432,100.0
2025-06-20 15:33:00,ARTG.V,,25.690000534057617,25.709999084472656,25.670000076293945,25.670000076293945,2000.0
2025-06-20 15:33:00,BRVO.V,,2.950000047683716,2.950000047683716,2.950000047683716,2.950000047683716,54512.0
2025-06-20 15:33:00,CPER.V,,0.08500000089406967,0.08749999850988388,0.08500000089406967,0.08749999850988388,544000.0
2025-06-20 15:33:00,DE.V,,7.380000114440918,7.380000114440918,7.380000114440918,7.380000114440918,400.0
2025-06-20 15:33:00,DV.V,,4.519999980926514,4.519999980926514,4.519999980926514,4.519999980926514,500.0
2025-06-20 15:33:00,EMX.V,,3.2899999618530273,3.2899999618530273,3.2899999618530273,3.2899999618530273,31237.0
2025-06-20 15:34:00,AEC.V,,0.11999999731779099,0.11999999731779099,0.11999999731779099,0.11999999731779099,500.0
2025-06-20 15:34:00,APGO.V,,0.41999998688697815,0.41999998688697815,0.41999998688697815,0.41999998688697815,25000.0
2025-06-20 15:34:00,ARCH.V,,1.7400000095367432,1.7400000095367432,1.7400000095367432,1.7400000095367432,100.0
2025-06-20 15:34:00,ARTG.V,,25.670000076293945,25.700000762939453,25.670000076293945,25.700000762939453,2900.0
2025-06-20 15:34:00,BCF.V,,9.0,9.0,9.0,9.0,2120.0
2025-06-20 15:34:00,BLM.V,,1.4500000476837158,1.4500000476837158,1.4500000476837158,1.4500000476837158,8328.0
2025-06-20 15:34:00,ELE.V,,1.7599999904632568,1.7599999904632568,1.7599999904632568,1.7599999904632568,100.0
2025-06-20 15:35:00,ARCH.V,,1.7400000095367432,1.7400000095367432,1.7400000095367432,1.7400000095367432,100.0
2025-06-20 15:35:00,ARTG.V,,25.610000610351562,25.6200008392334,25.610000610351562,25.6200008392334,500.0
2025-06-20 15:35:00,AXL.V,,0.39500001072883606,0.39500001072883606,0.39500001072883606,0.39500001072883606,500.0
2025-06-20 15:35:00,BMM.V,,1.809999942779541,1.809999942779541,1.809999942779541,1.809999942779541,4200.0
2025-06-20 15:35:00,BRAU.V,,0.10000000149011612,0.10000000149011612,0.10000000149011612,0.10000000149011612,227000.0
2025-06-20 15:36:00,AAG.V,,0.6600000262260437,0.6600000262260437,0.6600000262260437,0.6600000262260437,1000.0
2025-06-20 15:36:00,AEC.V,,0.11999999731779099,0.11999999731779099,0.11999999731779099,0.11999999731779099,1000.0
2025-06-20 15:36:00,ALDE.V,,1.7999999523162842,1.809999942779541,1.7999999523162842,1.809999942779541,2000.0
2025-06-20 15:36:00,ARCH.V,,1.7400000095367432,1.7400000095367432,1.7400000095367432,1.7400000095367432,200.0
2025-06-20 15:36:00,AWX.V,,0.0949999988079071,0.0949999988079071,0.0949999988079071,0.0949999988079071,65833.0
2025-06-20 15:36:00,BLM.V,,1.440000057220459,1.440000057220459,1.440000057220459,1.440000057220459,400.0
2025-06-20 15:36:00,CBR.V,,0.35499998927116394,0.36000001430511475,0.35499998927116394,0.36000001430511475,8000.0
2025-06-20 15:36:00,CPER.V,,0.08500000089406967,0.08749999850988388,0.08500000089406967,0.08749999850988388,15000.0
2025-06-20 15:36:00,ELE.V,,1.75,1.75,1.75,1.75,20800.0
2025-06-20 15:36:00,ROX.V,,0.07000000029802322,0.07000000029802322,0.07000000029802322,0.07000000029802322,154000.0
2025-06-20 15:37:00,ARCH.V,,1.7400000095367432,1.7400000095367432,1.7400000095367432,1.7400000095367432,100.0
2025-06-20 15:37:00,ARTG.V,,25.59000015258789,25.610000610351562,25.59000015258789,25.610000610351562,400.0
2025-06-20 15:37:00,BLM.V,,1.440000057220459,1.440000057220459,1.440000057220459,1.440000057220459,200.0
2025-06-20 15:37:00,DLP.V,,0.3125,0.3125,0.3125,0.3125,500.0
2025-06-20 15:37:00,DV.V,,4.53000020980835,4.53000020980835,4.53000020980835,4.53000020980835,4600.0
2025-06-20 15:37:00,EAM.V,,0.11500000208616257,0.11500000208616257,0.11500000208616257,0.11500000208616257,10200.0
2025-06-20 15:37:00,ELE.V,,1.75,1.75,1.75,1.75,500.0
2025-06-20 15:37:00,EMX.V,,3.2899999618530273,3.2899999618530273,3.2899999618530273,3.2899999618530273,1530.0
2025-06-20 15:37:00,ETL.V,,0.7900000214576721,0.7900000214576721,0.7900000214576721,0.7900000214576721,3000.0
2025-06-20 15:38:00,AAG.V,,0.6650000214576721,0.6650000214576721,0.6650000214576721,0.6650000214576721,500.0
2025-06-20 15:38:00,AEC.V,,0.11999999731779099,0.11999999731779099,0.11999999731779099,0.11999999731779099,500.0
2025-06-20 15:38:00,ARCH.V,,1.7400000095367432,1.7400000095367432,1.7400000095367432,1.7400000095367432,100.0
2025-06-20 15:38:00,BMM.V,,1.8200000524520874,1.8200000524520874,1.8200000524520874,1.8200000524520874,5100.0
2025-06-20 15:38:00,BRC.V,,0.41499999165534973,0.41499999165534973,0.41499999165534973,0.41499999165534973,294609.0
2025-06-20 15:38:00,CERT.V,,0.7099999785423279,0.7099999785423279,0.7099999785423279,0.7099999785423279,500.0
2025-06-20 15:38:00,CYBE.V,,4.349999904632568,4.360000133514404,4.300000190734863,4.360000133514404,5192.0
2025-06-20 15:38:00,EMO.V,,1.2799999713897705,1.2799999713897705,1.2799999713897705,1.2799999713897705,100.0
2025-06-20 15:39:00,AAG.V,,0.6600000262260437,0.6600000262260437,0.6600000262260437,0.6600000262260437,3000.0
2025-06-20 15:39:00,AEC.V,,0.11999999731779099,0.11999999731779099,0.11999999731779099,0.11999999731779099,1000.0
2025-06-20 15:39:00,AMX.V,,1.5,1.5,1.4900000095367432,1.4900000095367432,1700.0
2025-06-20 15:39:00,ARCH.V,,1.7400000095367432,1.7400000095367432,1.7400000095367432,1.7400000095367432,100.0
2025-06-20 15:39:00,ARTG.V,,25.59000015258789,25.59000015258789,25.59000015258789,25.59000015258789,400.0
2025-06-20 15:39:00,AUX.V,,0.5699999928474426,0.5699999928474426,0.5699999928474426,0.5699999928474426,1500.0
2025-06-20 15:39:00,CYBE.V,,4.380000114440918,4.380000114440918,4.360000133514404,4.369999885559082,7100.0
2025-06-20 15:39:00,MATE.V,,0.0949999988079071,0.0949999988079071,0.0949999988079071,0.0949999988079071,85559.0
2025-06-20 15:40:00,AAG.V,,0.6600000262260437,0.6600000262260437,0.6600000262260437,0.6600000262260437,14651.0
2025-06-20 15:40:00,AEC.V,,0.11999999731779099,0.11999999731779099,0.11999999731779099,0.11999999731779099,500.0
2025-06-20 15:40:00,ARCH.V,,1.7300000190734863,1.7400000095367432,1.7300000190734863,1.7400000095367432,200.0
2025-06-20 15:40:00,ARTG.V,,25.59000015258789,25.610000610351562,25.59000015258789,25.600000381469727,1100.0
2025-06-20 15:40:00,AXL.V,,0.38999998569488525,0.38999998569488525,0.38999998569488525,0.38999998569488525,500.0
2025-06-20 15:40:00,CYBE.V,,4.380000114440918,4.380000114440918,4.380000114440918,4.380000114440918,100.0
2025-06-20 15:40:00,EGM.V,,0.03500000014901161,0.03500000014901161,0.03500000014901161,0.03500000014901161,10000.0
2025-06-20 15:41:00,ARCH.V,,1.7400000095367432,1.7400000095367432,1.7400000095367432,1.7400000095367432,100.0
2025-06-20 15:41:00,ARTG.V,,25.610000610351562,25.6299991607666,25.610000610351562,25.6200008392334,1600.0
2025-06-20 15:41:00,BNKR.V,,0.125,0.125,0.125,0.125,69000.0
2025-06-20 15:41:00,BTU.V,,0.054999999701976776,0.054999999701976776,0.054999999701976776,0.054999999701976776,67162.0
2025-06-20 15:41:00,CAPT.V,,0.9200000166893005,0.9200000166893005,0.8899999856948853,0.8899999856948853,51335.0
2025-06-20 15:41:00,CD.V,,0.18000000715255737,0.18000000715255737,0.18000000715255737,0.18000000715255737,68500.0
2025-06-20 15:41:00,CERT.V,,0.7200000286102295,0.7200000286102295,0.7200000286102295,0.7200000286102295,1000.0
2025-06-20 15:41:00,CYBE.V,,4.380000114440918,4.380000114440918,4.380000114440918,4.380000114440918,240.0
2025-06-20 15:41:00,DMX.V,,0.6600000262260437,0.6600000262260437,0.6600000262260437,0.6600000262260437,526.0
2025-06-20 15:41:00,ETF.V,,0.019999999552965164,0.019999999552965164,0.019999999552965164,0.019999999552965164,58850.0
2025-06-20 15:42:00,ADY.V,,0.23999999463558197,0.23999999463558197,0.23999999463558197,0.23999999463558197,13000.0
2025-06-20 15:42:00,AEC.V,,0.11999999731779099,0.11999999731779099,0.11999999731779099,0.11999999731779099,500.0
2025-06-20 15:42:00,AMX.V,,1.4900000095367432,1.4900000095367432,1.4900000095367432,1.4900000095367432,1000.0
2025-06-20 15:42:00,ARCH.V,,1.7300000190734863,1.7300000190734863,1.7300000190734863,1.7300000190734863,200.0
2025-06-20 15:42:00,ASTR.V,,0.46000000834465027,0.46000000834465027,0.46000000834465027,0.46000000834465027,42688.0
2025-06-20 15:42:00,BEA.V,,0.03500000014901161,0.03500000014901161,0.03500000014901161,0.03500000014901161,21636.0
2025-06-20 15:42:00,BRC.V,,0.41499999165534973,0.41499999165534973,0.41499999165534973,0.41499999165534973,1000.0
2025-06-20 15:42:00,CEQ.V,,0.06499999761581421,0.06499999761581421,0.06499999761581421,0.06499999761581421,0.0
2025-06-20 15:42:00,CNO.V,,0.5199999809265137,0.5199999809265137,0.5199999809265137,0.5199999809265137,42540.0
2025-06-20 15:42:00,DV.V,,4.519999980926514,4.519999980926514,4.519999980926514,4.519999980926514,2000.0
2025-06-20 15:42:00,ELE.V,,1.7699999809265137,1.7699999809265137,1.7599999904632568,1.7599999904632568,1000.0
2025-06-20 15:43:00,AEC.V,,0.11999999731779099,0.11999999731779099,0.11999999731779099,0.11999999731779099,1000.0
2025-06-20 15:43:00,ARCH.V,,1.7300000190734863,1.7400000095367432,1.7300000190734863,1.7400000095367432,200.0
2025-06-20 15:43:00,BVA.V,,0.05000000074505806,0.05000000074505806,0.05000000074505806,0.05000000074505806,0.0
2025-06-20 15:43:00,DMX.V,,0.6700000166893005,0.6700000166893005,0.6700000166893005,0.6700000166893005,1500.0
2025-06-20 15:43:00,ETL.V,,0.7799999713897705,0.7799999713897705,0.7799999713897705,0.7799999713897705,500.0
2025-06-20 15:44:00,ALDE.V,,1.7999999523162842,1.7999999523162842,1.7999999523162842,1.7999999523162842,900.0
2025-06-20 15:44:00,ARCH.V,,1.75,1.75,1.7400000095367432,1.7400000095367432,400.0
2025-06-20 15:44:00,BLM.V,,1.440000057220459,1.440000057220459,1.440000057220459,1.440000057220459,100.0
2025-06-20 15:44:00,CBR.V,,0.36000001430511475,0.36000001430511475,0.36000001430511475,0.36000001430511475,5000.0
2025-06-20 15:44:00,CRE.V,,0.38999998569488525,0.38999998569488525,0.38999998569488525,0.38999998569488525,500.0
2025-06-20 15:44:00,ELE.V,,1.7699999809265137,1.7699999809265137,1.7699999809265137,1.7699999809265137,1400.0
2025-06-20 15:45:00,ADY.V,,0.23999999463558197,0.23999999463558197,0.23999999463558197,0.23999999463558197,159443.0
2025-06-20 15:45:00,AEC.V,,0.12250000238418579,0.12250000238418579,0.11999999731779099,0.11999999731779099,75500.0
2025-06-20 15:45:00,ARCH.V,,1.7400000095367432,1.75,1.7400000095367432,1.7400000095367432,700.0
2025-06-20 15:45:00,ARH.V,,0.4000000059604645,0.4000000059604645,0.4000000059604645,0.4000000059604645,2000.0
2025-06-20 15:45:00,ARTG.V,,25.6200008392334,25.6299991607666,25.6200008392334,25.6299991607666,500.0
2025-06-20 15:45:00,AXL.V,,0.39500001072883606,0.39500001072883606,0.39500001072883606,0.39500001072883606,7812.0
2025-06-20 15:45:00,CBR.V,,0.35499998927116394,0.35499998927116394,0.35499998927116394,0.35499998927116394,4000.0
2025-06-20 15:45:00,CVV.V,,0.8550000190734863,0.8550000190734863,0.8550000190734863,0.8550000190734863,1000.0
2025-06-20 15:45:00,DV.V,,4.519999980926514,4.519999980926514,4.519999980926514,4.519999980926514,634.0
2025-06-20 15:45:00,PERU.V,,0.07999999821186066,0.07999999821186066,0.07999999821186066,0.07999999821186066,77000.0
2025-06-20 15:46:00,AAG.V,,0.6600000262260437,0.6600000262260437,0.6600000262260437,0.6600000262260437,500.0
2025-06-20 15:46:00,AEC.V,,0.11999999731779099,0.11999999731779099,0.11999999731779099,0.11999999731779099,1000.0
2025-06-20 15:46:00,ARCH.V,,1.7400000095367432,1.7400000095367432,1.7400000095367432,1.7400000095367432,100.0
2025-06-20 15:46:00,ARTG.V,,25.65999984741211,25.65999984741211,25.600000381469727,25.639999389648438,3300.0
2025-06-20 15:46:00,BRC.V,,0.41499999165534973,0.41499999165534973,0.41499999165534973,0.41499999165534973,500.0
2025-06-20 15:46:00,CANB.V,,0.04500000178813934,0.04500000178813934,0.04500000178813934,0.04500000178813934,0.0
2025-06-20 15:46:00,CBR.V,,0.3700000047683716,0.3700000047683716,0.36000001430511475,0.36000001430511475,21500.0
2025-06-20 15:46:00,DMGI.V,,0.2199999988079071,0.22499999403953552,0.2199999988079071,0.22499999403953552,32401.0
2025-06-20 15:46:00,DMX.V,,0.6650000214576721,0.6650000214576721,0.6650000214576721,0.6650000214576721,1500.0
2025-06-20 15:46:00,DV.V,,4.5,4.510000228881836,4.5,4.510000228881836,1553.0
2025-06-20 15:46:00,TAU.V,,1.024999976158142,1.024999976158142,1.0199999809265137,1.024999976158142,4800.0
2025-06-20 15:47:00,APGO.V,,0.4099999964237213,0.41499999165534973,0.4099999964237213,0.41499999165534973,34500.0
2025-06-20 15:47:00,ARCH.V,,1.7400000095367432,1.7400000095367432,1.7400000095367432,1.7400000095367432,100.0
2025-06-20 15:47:00,DMGI.V,,0.22499999403953552,0.22499999403953552,0.22499999403953552,0.22499999403953552,3000.0
2025-06-20 15:47:00,EMO.V,,1.2699999809265137,1.2799999713897705,1.2699999809265137,1.2799999713897705,533.0
2025-06-20 15:48:00,AEC.V,,0.11999999731779099,0.11999999731779099,0.11999999731779099,0.11999999731779099,500.0
2025-06-20 15:48:00,AMX.V,,1.4700000286102295,1.4800000190734863,1.4700000286102295,1.4800000190734863,3600.0
2025-06-20 15:48:00,APGO.V,,0.41499999165534973,0.41499999165534973,0.41499999165534973,0.41499999165534973,10000.0
2025-06-20 15:48:00,ARCH.V,,1.7400000095367432,1.7400000095367432,1.7400000095367432,1.7400000095367432,100.0
2025-06-20 15:48:00,ARH.V,,0.4000000059604645,0.4099999964237213,0.4000000059604645,0.4099999964237213,19510.0
2025-06-20 15:48:00,ARTG.V,,25.6200008392334,25.6200008392334,25.6200008392334,25.6200008392334,300.0
2025-06-20 15:48:00,AVU.V,,0.02500000037252903,0.02500000037252903,0.02500000037252903,0.02500000037252903,478000.0
2025-06-20 15:48:00,DV.V,,4.5,4.5,4.5,4.5,1200.0
2025-06-20 15:48:00,EMO.V,,1.2699999809265137,1.274999976158142,1.2699999809265137,1.274999976158142,3600.0
2025-06-20 15:49:00,AAG.V,,0.6600000262260437,0.6600000262260437,0.6600000262260437,0.6600000262260437,500.0
2025-06-20 15:49:00,AEC.V,,0.11999999731779099,0.11999999731779099,0.11999999731779099,0.11999999731779099,1000.0
2025-06-20 15:49:00,ARCH.V,,1.7400000095367432,1.7400000095367432,1.7400000095367432,1.7400000095367432,100.0
2025-06-20 15:49:00,ASTR.V,,0.4699999988079071,0.4699999988079071,0.4699999988079071,0.4699999988079071,3500.0
2025-06-20 15:49:00,BMM.V,,1.8200000524520874,1.8300000429153442,1.8200000524520874,1.8300000429153442,5200.0
2025-06-20 15:49:00,CERT.V,,0.7099999785423279,0.7099999785423279,0.7099999785423279,0.7099999785423279,1000.0
2025-06-20 15:49:00,CRE.V,,0.38999998569488525,0.38999998569488525,0.38999998569488525,0.38999998569488525,500.0
2025-06-20 15:49:00,CUU.V,,0.23000000417232513,0.23000000417232513,0.23000000417232513,0.23000000417232513,11725.0
2025-06-20 15:49:00,DMX.V,,0.6700000166893005,0.6700000166893005,0.6700000166893005,0.6700000166893005,5500.0
2025-06-20 15:49:00,ELY.V,,0.06499999761581421,0.06499999761581421,0.06499999761581421,0.06499999761581421,0.0
2025-06-20 15:49:00,EMO.V,,1.2699999809265137,1.2699999809265137,1.2699999809265137,1.2699999809265137,700.0
2025-06-20 15:50:00,AEC.V,,0.12999999523162842,0.13249999284744263,0.12250000238418579,0.12250000238418579,5789720.0
2025-06-20 15:50:00,AIR.V,,0.05000000074505806,0.05000000074505806,0.05000000074505806,0.05000000074505806,552009.0
2025-06-20 15:50:00,ARCH.V,,1.7400000095367432,1.7400000095367432,1.7400000095367432,1.7400000095367432,100.0
2025-06-20 15:50:00,ARTG.V,,25.510000228881836,25.6200008392334,25.510000228881836,25.610000610351562,13506.0
2025-06-20 15:50:00,ASTR.V,,0.4699999988079071,0.4699999988079071,0.4699999988079071,0.4699999988079071,3500.0
2025-06-20 15:50:00,BRC.V,,0.41499999165534973,0.41499999165534973,0.41499999165534973,0.41499999165534973,1000.0
2025-06-20 15:50:00,CBI.V,,0.14499999582767487,0.14499999582767487,0.14499999582767487,0.14499999582767487,7000.0
2025-06-20 15:50:00,CCCM.V,,0.6499999761581421,0.6499999761581421,0.6499999761581421,0.6499999761581421,0.0
2025-06-20 15:50:00,CRE.V,,0.3799999952316284,0.38499999046325684,0.3799999952316284,0.38499999046325684,10500.0
2025-06-20 15:50:00,CVV.V,,0.8849999904632568,0.8849999904632568,0.8600000143051147,0.8600000143051147,42500.0
2025-06-20 15:50:00,DMX.V,,0.6600000262260437,0.6600000262260437,0.6600000262260437,0.6600000262260437,500.0
2025-06-20 15:50:00,DV.V,,4.5,4.5,4.5,4.5,400.0
2025-06-20 15:50:00,EMO.V,,1.2699999809265137,1.2699999809265137,1.2699999809265137,1.2699999809265137,300.0
2025-06-20 15:50:00,TAU.V,,1.024999976158142,1.024999976158142,1.024999976158142,1.024999976158142,100.0
2025-06-20 15:51:00,AAG.V,,0.6600000262260437,0.6600000262260437,0.6600000262260437,0.6600000262260437,500.0
2025-06-20 15:51:00,AEC.V,,0.13500000536441803,0.13500000536441803,0.12999999523162842,0.12999999523162842,1765229.0
2025-06-20 15:51:00,ARCH.V,,1.7400000095367432,1.7400000095367432,1.7400000095367432,1.7400000095367432,100.0
2025-06-20 15:51:00,CD.V,,0.18000000715255737,0.18000000715255737,0.18000000715255737,0.18000000715255737,82000.0
2025-06-20 15:51:00,CVV.V,,0.8700000047683716,0.8799999952316284,0.8700000047683716,0.8799999952316284,11000.0
2025-06-20 15:51:00,DMGI.V,,0.23000000417232513,0.23000000417232513,0.23000000417232513,0.23000000417232513,500.0
2025-06-20 15:51:00,DMX.V,,0.6700000166893005,0.6700000166893005,0.6700000166893005,0.6700000166893005,500.0
2025-06-20 15:51:00,ELE.V,,1.7699999809265137,1.7699999809265137,1.7699999809265137,1.7699999809265137,100.0
2025-06-20 15:51:00,EMO.V,,1.2699999809265137,1.2699999809265137,1.2699999809265137,1.2699999809265137,400.0
2025-06-20 15:51:00,EMPR.V,,0.6449999809265137,0.6449999809265137,0.6449999809265137,0.6449999809265137,500.0
2025-06-20 15:52:00,AAG.V,,0.6600000262260437,0.6600000262260437,0.6600000262260437,0.6600000262260437,500.0
2025-06-20 15:52:00,AEC.V,,0.12999999523162842,0.13249999284744263,0.12999999523162842,0.13249999284744263,1020500.0
2025-06-20 15:52:00,ARCH.V,,1.7400000095367432,1.7400000095367432,1.7400000095367432,1.7400000095367432,100.0
2025-06-20 15:52:00,ARTG.V,,25.479999542236328,25.479999542236328,25.479999542236328,25.479999542236328,500.0
2025-06-20 15:52:00,COSA.V,,0.2150000035762787,0.2150000035762787,0.2150000035762787,0.2150000035762787,0.0
2025-06-20 15:52:00,CUU.V,,0.22499999403953552,0.22499999403953552,0.22499999403953552,0.22499999403953552,11000.0
2025-06-20 15:52:00,CVV.V,,0.8799999952316284,0.8799999952316284,0.8700000047683716,0.8799999952316284,9000.0
2025-06-20 15:52:00,DMGI.V,,0.23000000417232513,0.23000000417232513,0.23000000417232513,0.23000000417232513,500.0
2025-06-20 15:52:00,DV.V,,4.5,4.5,4.5,4.5,300.0
2025-06-20 15:52:00,EMO.V,,1.2699999809265137,1.2699999809265137,1.2699999809265137,1.2699999809265137,400.0
2025-06-20 15:52:00,MATE.V,,0.10000000149011612,0.10000000149011612,0.10000000149011612,0.10000000149011612,0.0
2025-06-20 15:53:00,AEC.V,,0.12999999523162842,0.12999999523162842,0.12999999523162842,0.12999999523162842,395000.0
2025-06-20 15:53:00,AHR.V,,0.7099999785423279,0.7099999785423279,0.7099999785423279,0.7099999785423279,0.0
2025-06-20 15:53:00,APGO.V,,0.4099999964237213,0.41499999165534973,0.4099999964237213,0.41499999165534973,7500.0
2025-06-20 15:53:00,ARCH.V,,1.75,1.75,1.7400000095367432,1.7400000095367432,500.0
2025-06-20 15:53:00,ARTG.V,,25.43000030517578,25.469999313354492,25.43000030517578,25.469999313354492,3100.0
2025-06-20 15:53:00,BRC.V,,0.41499999165534973,0.41499999165534973,0.41499999165534973,0.41499999165534973,500.0
2025-06-20 15:53:00,BVA.V,,0.05000000074505806,0.05000000074505806,0.05000000074505806,0.05000000074505806,0.0
2025-06-20 15:53:00,COR.V,,0.23000000417232513,0.23000000417232513,0.23000000417232513,0.23000000417232513,0.0
2025-06-20 15:53:00,CUU.V,,0.22499999403953552,0.22499999403953552,0.22499999403953552,0.22499999403953552,30000.0
2025-06-20 15:53:00,ELE.V,,1.7699999809265137,1.7699999809265137,1.7699999809265137,1.7699999809265137,100.0
2025-06-20 15:53:00,EMO.V,,1.2699999809265137,1.274999976158142,1.2699999809265137,1.274999976158142,1200.0
2025-06-20 15:53:00,EOG.V,,0.1899999976158142,0.1899999976158142,0.1899999976158142,0.1899999976158142,0.0
2025-06-20 15:53:00,ROX.V,,0.07500000298023224,0.07500000298023224,0.07500000298023224,0.07500000298023224,0.0
2025-06-20 15:54:00,AAG.V,,0.6600000262260437,0.6600000262260437,0.6600000262260437,0.6600000262260437,500.0
2025-06-20 15:54:00,ALDE.V,,1.7799999713897705,1.7799999713897705,1.7799999713897705,1.7799999713897705,200.0
2025-06-20 15:54:00,ARCH.V,,1.7400000095367432,1.7400000095367432,1.7400000095367432,1.7400000095367432,1900.0
2025-06-20 15:54:00,ARTG.V,,25.420000076293945,25.440000534057617,25.389999389648438,25.440000534057617,3600.0
2025-06-20 15:54:00,BRC.V,,0.41999998688697815,0.41999998688697815,0.41749998927116394,0.41999998688697815,12500.0
2025-06-20 15:54:00,CVV.V,,0.8799999952316284,0.8899999856948853,0.8799999952316284,0.8899999856948853,6500.0
2025-06-20 15:54:00,DMX.V,,0.6700000166893005,0.6700000166893005,0.6600000262260437,0.6700000166893005,7257.0
2025-06-20 15:54:00,DV.V,,4.519999980926514,4.519999980926514,4.519999980926514,4.519999980926514,700.0
2025-06-20 15:54:00,ELE.V,,1.7699999809265137,1.7699999809265137,1.7699999809265137,1.7699999809265137,300.0
2025-06-20 15:54:00,EMO.V,,1.2699999809265137,1.2699999809265137,1.2699999809265137,1.2699999809265137,400.0
2025-06-20 15:55:00,AAG.V,,0.6600000262260437,0.6600000262260437,0.6600000262260437,0.6600000262260437,2500.0
2025-06-20 15:55:00,AEC.V,,0.125,0.125,0.125,0.125,771000.0
2025-06-20 15:55:00,ARTG.V,,25.25,25.420000076293945,25.25,25.420000076293945,10156.0
2025-06-20 15:55:00,BRC.V,,0.41499999165534973,0.41499999165534973,0.41499999165534973,0.41499999165534973,500.0
2025-06-20 15:55:00,CBR.V,,0.36500000953674316,0.36500000953674316,0.36500000953674316,0.36500000953674316,2000.0
2025-06-20 15:55:00,CUU.V,,0.22499999403953552,0.22499999403953552,0.22499999403953552,0.22499999403953552,30500.0
2025-06-20 15:55:00,CVV.V,,0.8899999856948853,0.8899999856948853,0.8899999856948853,0.8899999856948853,10000.0
2025-06-20 15:55:00,DMGI.V,,0.23000000417232513,0.23000000417232513,0.23000000417232513,0.23000000417232513,500.0
2025-06-20 15:55:00,DMX.V,,0.6600000262260437,0.6600000262260437,0.6600000262260437,0.6600000262260437,8500.0
2025-06-20 15:55:00,DV.V,,4.510000228881836,4.510000228881836,4.510000228881836,4.510000228881836,100.0
2025-06-20 15:55:00,EMO.V,,1.2699999809265137,1.2699999809265137,1.2699999809265137,1.2699999809265137,1000.0
2025-06-20 15:55:00,EMPR.V,,0.6499999761581421,0.6499999761581421,0.6499999761581421,0.6499999761581421,550.0
2025-06-20 15:56:00,AEC.V,,0.12999999523162842,0.12999999523162842,0.12999999523162842,0.12999999523162842,290000.0
2025-06-20 15:56:00,AMX.V,,1.4700000286102295,1.4700000286102295,1.4700000286102295,1.4700000286102295,0.0
2025-06-20 15:56:00,APGO.V,,0.4050000011920929,0.4099999964237213,0.4050000011920929,0.4099999964237213,119660.0
2025-06-20 15:56:00,ARCH.V,,1.75,1.75,1.75,1.75,600.0
2025-06-20 15:56:00,ARTG.V,,25.280000686645508,25.3700008392334,25.25,25.25,7800.0
2025-06-20 15:56:00,AVU.V,,0.019999999552965164,0.019999999552965164,0.019999999552965164,0.019999999552965164,0.0
2025-06-20 15:56:00,AXL.V,,0.39500001072883606,0.39500001072883606,0.39500001072883606,0.39500001072883606,500.0
2025-06-20 15:56:00,BNKR.V,,0.125,0.125,0.125,0.125,4000.0
2025-06-20 15:56:00,BRC.V,,0.41499999165534973,0.41499999165534973,0.41499999165534973,0.41499999165534973,1100.0
2025-06-20 15:56:00,BRVO.V,,2.940000057220459,2.9800000190734863,2.940000057220459,2.9800000190734863,3800.0
2025-06-20 15:56:00,BTCW.V,,0.14499999582767487,0.14499999582767487,0.14499999582767487,0.14499999582767487,0.0
2025-06-20 15:56:00,CN.V,,0.11500000208616257,0.11500000208616257,0.11500000208616257,0.11500000208616257,0.0
2025-06-20 15:56:00,CRE.V,,0.3700000047683716,0.3700000047683716,0.3700000047683716,0.3700000047683716,12048.0
2025-06-20 15:56:00,CVV.V,,0.8999999761581421,0.8999999761581421,0.8999999761581421,0.8999999761581421,17500.0
2025-06-20 15:56:00,CYBE.V,,4.380000114440918,4.380000114440918,4.380000114440918,4.380000114440918,300.0
2025-06-20 15:56:00,DMX.V,,0.6600000262260437,0.6600000262260437,0.6600000262260437,0.6600000262260437,500.0
2025-06-20 15:56:00,DV.V,,4.510000228881836,4.510000228881836,4.510000228881836,4.510000228881836,100.0
2025-06-20 15:56:00,ELE.V,,1.7799999713897705,1.7799999713897705,1.7699999809265137,1.7699999809265137,1600.0
2025-06-20 15:56:00,EMO.V,,1.2699999809265137,1.2799999713897705,1.2699999809265137,1.274999976158142,1300.0
2025-06-20 15:57:00,AAZ.V,,0.02500000037252903,0.02500000037252903,0.02500000037252903,0.02500000037252903,33000.0
2025-06-20 15:57:00,AEC.V,,0.125,0.12999999523162842,0.125,0.12999999523162842,355500.0
2025-06-20 15:57:00,ALDE.V,,1.7799999713897705,1.7799999713897705,1.7799999713897705,1.7799999713897705,300.0
2025-06-20 15:57:00,APGO.V,,0.4099999964237213,0.4099999964237213,0.4099999964237213,0.4099999964237213,1400.0
2025-06-20 15:57:00,ARTG.V,,25.280000686645508,25.309999465942383,25.280000686645508,25.309999465942383,1100.0
2025-06-20 15:57:00,ASTR.V,,0.47999998927116394,0.47999998927116394,0.47999998927116394,0.47999998927116394,0.0
2025-06-20 15:57:00,AVG.V,,0.08500000089406967,0.08500000089406967,0.08500000089406967,0.08500000089406967,0.0
2025-06-20 15:57:00,CBR.V,,0.36500000953674316,0.36500000953674316,0.36500000953674316,0.36500000953674316,1000.0
2025-06-20 15:57:00,CERT.V,,0.7049999833106995,0.7049999833106995,0.7049999833106995,0.7049999833106995,539.0
2025-06-20 15:57:00,CTRL.V,,0.33000001311302185,0.33000001311302185,0.33000001311302185,0.33000001311302185,122150.0
2025-06-20 15:57:00,CVV.V,,0.8799999952316284,0.8799999952316284,0.8799999952316284,0.8799999952316284,24500.0
2025-06-20 15:57:00,DLP.V,,0.3100000023841858,0.3100000023841858,0.3100000023841858,0.3100000023841858,0.0
2025-06-20 15:57:00,DMX.V,,0.6600000262260437,0.6600000262260437,0.6600000262260437,0.6600000262260437,500.0
2025-06-20 15:57:00,ELE.V,,1.7799999713897705,1.7799999713897705,1.7799999713897705,1.7799999713897705,11100.0
2025-06-20 15:57:00,EMO.V,,1.2699999809265137,1.2699999809265137,1.2699999809265137,1.2699999809265137,181.0
2025-06-20 15:58:00,AAG.V,,0.6600000262260437,0.6600000262260437,0.6600000262260437,0.6600000262260437,500.0
2025-06-20 15:58:00,AAZ.V,,0.02500000037252903,0.02500000037252903,0.02500000037252903,0.02500000037252903,90000.0
2025-06-20 15:58:00,AEC.V,,0.125,0.12999999523162842,0.125,0.125,907763.0
2025-06-20 15:58:00,AIR.V,,0.05000000074505806,0.05000000074505806,0.05000000074505806,0.05000000074505806,0.0
2025-06-20 15:58:00,ARTG.V,,25.325000762939453,25.360000610351562,25.280000686645508,25.280000686645508,4000.0
2025-06-20 15:58:00,BNKR.V,,0.125,0.125,0.125,0.125,8500.0
2025-06-20 15:58:00,BRVO.V,,2.940000057220459,2.940000057220459,2.940000057220459,2.940000057220459,200.0
2025-06-20 15:58:00,CBR.V,,0.3700000047683716,0.3700000047683716,0.36500000953674316,0.36500000953674316,12034.0
2025-06-20 15:58:00,CUU.V,,0.2199999988079071,0.22499999403953552,0.2199999988079071,0.22499999403953552,49500.0
2025-06-20 15:58:00,CYBE.V,,4.380000114440918,4.380000114440918,4.380000114440918,4.380000114440918,200.0
2025-06-20 15:58:00,DMX.V,,0.6700000166893005,0.6700000166893005,0.6650000214576721,0.6650000214576721,23500.0
2025-06-20 15:58:00,EMO.V,,1.2799999713897705,1.2799999713897705,1.2799999713897705,1.2799999713897705,600.0
2025-06-20 15:58:00,EMX.V,,3.299999952316284,3.299999952316284,3.2899999618530273,3.2899999618530273,1165.0
2025-06-20 15:59:00,AAG.V,,0.6600000262260437,0.6600000262260437,0.6600000262260437,0.6600000262260437,0.0
2025-06-20 15:59:00,AAZ.V,,0.02500000037252903,0.02500000037252903,0.02500000037252903,0.02500000037252903,0.0
2025-06-20 15:59:00,AE.V,,0.5,0.5,0.5,0.5,0.0
2025-06-20 15:59:00,AEC.V,,0.13500000536441803,0.13500000536441803,0.11999999731779099,0.125,1009000.0
2025-06-20 15:59:00,AISX.V,,0.03999999910593033,0.03999999910593033,0.03999999910593033,0.03999999910593033,0.0
2025-06-20 15:59:00,ALDE.V,,1.75,1.75,1.75,1.75,0.0
2025-06-20 15:59:00,AMRQ.V,,1.4800000190734863,1.4800000190734863,1.4800000190734863,1.4800000190734863,0.0
2025-06-20 15:59:00,APGO.V,,0.4050000011920929,0.4050000011920929,0.4050000011920929,0.4050000011920929,0.0
2025-06-20 15:59:00,ARCH.V,,1.7400000095367432,1.7400000095367432,1.7400000095367432,1.7400000095367432,0.0
2025-06-20 15:59:00,ARH.V,,0.4000000059604645,0.4000000059604645,0.4000000059604645,0.4000000059604645,0.0
2025-06-20 15:59:00,ARK.V,,0.8899999856948853,0.8899999856948853,0.8899999856948853,0.8899999856948853,0.0
2025-06-20 15:59:00,ARTG.V,,25.15999984741211,25.440000534057617,25.15999984741211,25.3700008392334,9877.0
2025-06-20 15:59:00,AUX.V,,0.5600000023841858,0.5600000023841858,0.5600000023841858,0.5600000023841858,0.0
2025-06-20 15:59:00,AXL.V,,0.39500001072883606,0.39500001072883606,0.39500001072883606,0.39500001072883606,0.0
2025-06-20 15:59:00,BFM.V,,0.23499999940395355,0.23499999940395355,0.23499999940395355,0.23499999940395355,0.0
2025-06-20 15:59:00,BILD.V,,1.3300000429153442,1.3300000429153442,1.3300000429153442,1.3300000429153442,0.0
2025-06-20 15:59:00,BLM.V,,1.409999966621399,1.409999966621399,1.409999966621399,1.409999966621399,0.0
2025-06-20 15:59:00,BNKR.V,,0.125,0.125,0.125,0.125,0.0
2025-06-20 15:59:00,BRC.V,,0.4099999964237213,0.41999998688697815,0.4099999964237213,0.41749998927116394,12000.0
2025-06-20 15:59:00,BRVO.V,,2.930000066757202,2.930000066757202,2.930000066757202,2.930000066757202,0.0
2025-06-20 15:59:00,CBR.V,,0.36500000953674316,0.36500000953674316,0.36500000953674316,0.36500000953674316,0.0
2025-06-20 15:59:00,CDB.V,,0.75,0.75,0.75,0.75,0.0
2025-06-20 15:59:00,CERT.V,,0.7149999737739563,0.7149999737739563,0.7149999737739563,0.7149999737739563,0.0
2025-06-20 15:59:00,CLIP.V,,0.20999999344348907,0.20999999344348907,0.20999999344348907,0.20999999344348907,0.0
2025-06-20 15:59:00,CRE.V,,0.36500000953674316,0.3700000047683716,0.36500000953674316,0.3700000047683716,8500.0
2025-06-20 15:59:00,CTRL.V,,0.33000001311302185,0.33000001311302185,0.33000001311302185,0.33000001311302185,0.0
2025-06-20 15:59:00,CUU.V,,0.2199999988079071,0.2199999988079071,0.2199999988079071,0.2199999988079071,0.0
2025-06-20 15:59:00,CVV.V,,0.9100000262260437,0.9100000262260437,0.8700000047683716,0.8700000047683716,11000.0
2025-06-20 15:59:00,CYBE.V,,4.380000114440918,4.380000114440918,4.380000114440918,4.380000114440918,0.0
2025-06-20 15:59:00,DBG.V,,0.6700000166893005,0.6700000166893005,0.6700000166893005,0.6700000166893005,0.0
2025-06-20 15:59:00,DE.V,,7.380000114440918,7.380000114440918,7.380000114440918,7.380000114440918,0.0
2025-06-20 15:59:00,DEFN.V,,0.1850000023841858,0.1850000023841858,0.1850000023841858,0.1850000023841858,0.0
2025-06-20 15:59:00,DHB.V,,0.20000000298023224,0.20000000298023224,0.20000000298023224,0.20000000298023224,0.0
2025-06-20 15:59:00,DMGI.V,,0.23000000417232513,0.23000000417232513,0.23000000417232513,0.23000000417232513,0.0
2025-06-20 15:59:00,DMX.V,,0.6700000166893005,0.6700000166893005,0.6700000166893005,0.6700000166893005,0.0
2025-06-20 15:59:00,DV.V,,4.449999809265137,4.510000228881836,4.449999809265137,4.510000228881836,600.0
2025-06-20 15:59:00,EGM.V,,0.03500000014901161,0.03500000014901161,0.03500000014901161,0.03500000014901161,0.0
2025-06-20 15:59:00,ELE.V,,1.7699999809265137,1.7699999809265137,1.7699999809265137,1.7699999809265137,0.0
2025-06-20 15:59:00,EMO.V,,1.2699999809265137,1.2699999809265137,1.2699999809265137,1.2699999809265137,0.0
2025-06-20 15:59:00,EMPR.V,,0.6449999809265137,0.6449999809265137,0.6449999809265137,0.6449999809265137,0.0
2025-06-20 15:59:00,EMX.V,,3.309999942779541,3.309999942779541,3.309999942779541,3.309999942779541,0.0
2025-06-20 15:59:00,ETL.V,,0.8299999833106995,0.8299999833106995,0.8299999833106995,0.8299999833106995,0.0
2025-06-20 15:59:00,NET-UN.V,,5.369999885559082,5.369999885559082,5.369999885559082,5.369999885559082,0.0
2025-06-20 15:59:00,RX.V,,11.699999809265137,11.699999809265137,11.699999809265137,11.699999809265137,0.0
2025-06-20 15:59:00,SWAN.V,,0.800000011920929,0.800000011920929,0.800000011920929,0.800000011920929,0.0
2025-06-20 15:59:00,TAU.V,,1.0299999713897705,1.0299999713897705,1.0299999713897705,1.0299999713897705,0.0
