Datetime,Ticker,Adj Close,Close,High,Low,Open,Volume
2025-04-08 09:30:00,AUMB.V,,0.18000000715255737,0.18000000715255737,0.18000000715255737,0.18000000715255737,0.0
2025-04-08 09:30:00,FIVD-P.V,,0.10000000149011612,0.10000000149011612,0.10000000149011612,0.10000000149011612,0.0
2025-04-08 09:30:00,FNR.V,,0.02500000037252903,0.02500000037252903,0.02500000037252903,0.02500000037252903,0.0
2025-04-08 09:30:00,MIT.V,,0.029999999329447746,0.029999999329447746,0.029999999329447746,0.029999999329447746,0.0
2025-04-08 09:30:00,NILI.V,,0.26499998569488525,0.26499998569488525,0.26499998569488525,0.26499998569488525,0.0
2025-04-08 09:30:00,ONE.V,,0.25,0.25,0.25,0.25,0.0
2025-04-08 09:30:00,SURG.V,,0.0949999988079071,0.0949999988079071,0.0949999988079071,0.0949999988079071,0.0
2025-04-08 09:30:00,TAO.V,,0.08500000089406967,0.08500000089406967,0.08500000089406967,0.08500000089406967,0.0
2025-04-08 09:30:00,TBIX.V,,0.029999999329447746,0.029999999329447746,0.029999999329447746,0.029999999329447746,0.0
2025-04-08 09:30:00,TBK.V,,0.27000001072883606,0.27000001072883606,0.27000001072883606,0.27000001072883606,0.0
2025-04-08 09:30:00,TBLZ-P.V,,0.10499999672174454,0.10499999672174454,0.10499999672174454,0.10499999672174454,0.0
2025-04-08 09:30:00,TCK-P.V,,0.014999999664723873,0.014999999664723873,0.014999999664723873,0.014999999664723873,0.0
2025-04-08 09:30:00,TCO.V,,0.09000000357627869,0.09000000357627869,0.09000000357627869,0.09000000357627869,0.0
2025-04-08 09:30:00,TECT.V,,0.04500000178813934,0.04500000178813934,0.04500000178813934,0.04500000178813934,0.0
2025-04-08 09:30:00,TFM.V,,0.05999999865889549,0.05999999865889549,0.05999999865889549,0.05999999865889549,0.0
2025-04-08 09:30:00,TGH.V,,0.9599999785423279,0.9599999785423279,0.9599999785423279,0.9599999785423279,0.0
2025-04-08 09:30:00,TGK-H.V,,0.009999999776482582,0.009999999776482582,0.009999999776482582,0.009999999776482582,0.0
2025-04-08 09:30:00,TGOL.V,,0.054999999701976776,0.054999999701976776,0.054999999701976776,0.054999999701976776,0.0
2025-04-08 09:30:00,TGS.V,,0.054999999701976776,0.054999999701976776,0.054999999701976776,0.054999999701976776,0.0
2025-04-08 09:30:00,THRM.V,,0.02500000037252903,0.02500000037252903,0.02500000037252903,0.02500000037252903,0.0
2025-04-08 09:30:00,THX.V,,0.46000000834465027,0.4650000035762787,0.46000000834465027,0.4650000035762787,0.0
2025-04-08 09:30:00,TKU.V,,0.009999999776482582,0.009999999776482582,0.009999999776482582,0.009999999776482582,0.0
2025-04-08 09:30:00,TLT.V,,0.17499999701976776,0.17499999701976776,0.17499999701976776,0.17499999701976776,0.0
2025-04-08 09:30:00,TM.V,,0.25,0.25,0.25,0.25,0.0
2025-04-08 09:30:00,TOI.V,,138.1199951171875,138.1199951171875,138.1199951171875,138.1199951171875,0.0
2025-04-08 09:30:00,TOP-P.V,,0.03500000014901161,0.03500000014901161,0.03500000014901161,0.03500000014901161,0.0
2025-04-08 09:30:00,TRA.V,,0.004999999888241291,0.004999999888241291,0.004999999888241291,0.004999999888241291,0.0
2025-04-08 09:30:00,TRBE.V,,0.4449999928474426,0.4449999928474426,0.4449999928474426,0.4449999928474426,0.0
2025-04-08 09:30:00,TSLV.V,,0.07999999821186066,0.07999999821186066,0.07999999821186066,0.07999999821186066,0.0
2025-04-08 09:30:00,TTD.V,,0.03999999910593033,0.03999999910593033,0.03999999910593033,0.03999999910593033,0.0
2025-04-08 09:30:00,TTGI.V,,0.05000000074505806,0.05000000074505806,0.05000000074505806,0.05000000074505806,0.0
2025-04-08 09:30:00,TTS.V,,0.2199999988079071,0.2199999988079071,0.2199999988079071,0.2199999988079071,0.0
2025-04-08 09:30:00,TUD.V,,0.5799999833106995,0.5799999833106995,0.5799999833106995,0.5799999833106995,0.0
2025-04-08 09:30:00,TUO.V,,0.75,0.75,0.75,0.75,0.0
2025-04-08 09:30:00,TUP-P.V,,0.03999999910593033,0.03999999910593033,0.03999999910593033,0.03999999910593033,0.0
2025-04-08 09:30:00,TVI.V,,0.014999999664723873,0.014999999664723873,0.014999999664723873,0.014999999664723873,0.0
2025-04-08 09:30:00,TVR-H.V,,0.03500000014901161,0.03500000014901161,0.03500000014901161,0.03500000014901161,0.0
2025-04-08 09:30:00,UCU.V,,1.0800000429153442,1.0800000429153442,1.0800000429153442,1.0800000429153442,0.0
2025-04-08 09:30:00,UI.V,,0.019999999552965164,0.019999999552965164,0.019999999552965164,0.019999999552965164,0.0
2025-04-08 09:30:00,UPT-P.V,,0.05999999865889549,0.05999999865889549,0.05999999865889549,0.05999999865889549,0.0
2025-04-08 09:30:00,VCC-P.V,,0.03999999910593033,0.03999999910593033,0.03999999910593033,0.03999999910593033,0.0
2025-04-08 09:30:00,VCT.V,,0.014999999664723873,0.014999999664723873,0.014999999664723873,0.014999999664723873,0.0
2025-04-08 09:30:00,VIO.V,,0.16500000655651093,0.16500000655651093,0.16500000655651093,0.16500000655651093,0.0
2025-04-08 09:30:00,VLI.V,,0.014999999664723873,0.014999999664723873,0.014999999664723873,0.014999999664723873,0.0
2025-04-08 09:30:00,VLT.V,,0.27000001072883606,0.2849999964237213,0.27000001072883606,0.2849999964237213,0.0
2025-04-08 09:30:00,VM.V,,0.1899999976158142,0.1899999976158142,0.1899999976158142,0.1899999976158142,0.0
2025-04-08 09:30:00,VPT.V,,0.15000000596046448,0.15000000596046448,0.15000000596046448,0.15000000596046448,0.0
2025-04-08 09:30:00,VRR.V,,0.019999999552965164,0.019999999552965164,0.019999999552965164,0.019999999552965164,0.0
2025-04-08 09:30:00,VRS.V,,0.004999999888241291,0.014999999664723873,0.004999999888241291,0.014999999664723873,104000.0
2025-04-08 09:30:00,VXL.V,,0.009999999776482582,0.009999999776482582,0.009999999776482582,0.009999999776482582,0.0
2025-04-08 09:30:00,VXTR.V,,0.029999999329447746,0.029999999329447746,0.029999999329447746,0.029999999329447746,0.0
2025-04-08 09:30:00,WEB.V,,0.6100000143051147,0.6100000143051147,0.6100000143051147,0.6100000143051147,0.0
2025-04-08 09:30:00,WEE-H.V,,0.019999999552965164,0.019999999552965164,0.019999999552965164,0.019999999552965164,0.0
2025-04-08 09:30:00,WET-H.V,,0.07000000029802322,0.07000000029802322,0.07000000029802322,0.07000000029802322,0.0
2025-04-08 09:30:00,WEX.V,,0.7200000286102295,0.7200000286102295,0.7200000286102295,0.7200000286102295,0.0
2025-04-08 09:30:00,WHN.V,,0.11999999731779099,0.11999999731779099,0.11999999731779099,0.11999999731779099,0.0
2025-04-08 09:30:00,WHY.V,,0.28999999165534973,0.28999999165534973,0.28999999165534973,0.28999999165534973,0.0
2025-04-08 09:30:00,WIL.V,,0.44999998807907104,0.44999998807907104,0.44999998807907104,0.44999998807907104,0.0
2025-04-08 09:30:00,WML.V,,0.04500000178813934,0.04500000178813934,0.04500000178813934,0.04500000178813934,0.0
2025-04-08 09:30:00,WOI-H.V,,0.03500000014901161,0.03500000014901161,0.03500000014901161,0.03500000014901161,0.0
2025-04-08 09:30:00,WRLG.V,,0.5899999737739563,0.5899999737739563,0.5799999833106995,0.5899999737739563,0.0
2025-04-08 09:30:00,WVM.V,,1.100000023841858,1.100000023841858,1.100000023841858,1.100000023841858,0.0
2025-04-08 09:30:00,XIA-H.V,,0.07999999821186066,0.07999999821186066,0.07999999821186066,0.07999999821186066,0.0
2025-04-08 09:30:00,XL.V,,0.25999999046325684,0.25999999046325684,0.25999999046325684,0.25999999046325684,0.0
2025-04-08 09:30:00,YSC-H.V,,0.029999999329447746,0.029999999329447746,0.029999999329447746,0.029999999329447746,0.0
2025-04-08 09:30:00,ZAC.V,,0.06499999761581421,0.06499999761581421,0.06499999761581421,0.06499999761581421,0.0
2025-04-08 09:30:00,ZDC.V,,2.890000104904175,2.890000104904175,2.890000104904175,2.890000104904175,0.0
2025-04-08 09:30:00,ZEN.V,,1.399999976158142,1.399999976158142,1.399999976158142,1.399999976158142,0.0
2025-04-08 09:30:00,ZIM-H.V,,0.05000000074505806,0.05000000074505806,0.05000000074505806,0.05000000074505806,0.0
2025-04-08 09:30:00,ZMA.V,,0.07000000029802322,0.07000000029802322,0.07000000029802322,0.07000000029802322,0.0
2025-04-08 09:30:00,ZMD-H.V,,0.014999999664723873,0.014999999664723873,0.014999999664723873,0.014999999664723873,0.0
2025-04-08 09:30:00,ZMD.V,,0.014999999664723873,0.014999999664723873,0.014999999664723873,0.014999999664723873,0.0
2025-04-08 09:30:00,ZOMD.V,,0.5,0.5,0.5,0.5,0.0
2025-04-08 09:31:00,TBIX.V,,0.03999999910593033,0.03999999910593033,0.03999999910593033,0.03999999910593033,1000.0
2025-04-08 09:31:00,THX.V,,0.4650000035762787,0.4650000035762787,0.45500001311302185,0.45500001311302185,13000.0
2025-04-08 09:31:00,TUD.V,,0.6000000238418579,0.6000000238418579,0.5899999737739563,0.5899999737739563,3000.0
2025-04-08 09:31:00,ZOMD.V,,0.5199999809265137,0.5199999809265137,0.5199999809265137,0.5199999809265137,7500.0
2025-04-08 09:32:00,TGH.V,,0.9599999785423279,0.9599999785423279,0.9599999785423279,0.9599999785423279,500.0
2025-04-08 09:32:00,THX.V,,0.4650000035762787,0.4650000035762787,0.4650000035762787,0.4650000035762787,2500.0
2025-04-08 09:32:00,VPT.V,,0.15000000596046448,0.15000000596046448,0.15000000596046448,0.15000000596046448,3500.0
2025-04-08 09:32:00,WRLG.V,,0.5849999785423279,0.5849999785423279,0.5799999833106995,0.5799999833106995,14000.0
2025-04-08 09:32:00,ZOMD.V,,0.5400000214576721,0.5400000214576721,0.5299999713897705,0.5299999713897705,2250.0
2025-04-08 09:33:00,TGH.V,,0.9200000166893005,0.9200000166893005,0.9200000166893005,0.9200000166893005,1500.0
2025-04-08 09:33:00,TTI.V,,0.550000011920929,0.550000011920929,0.550000011920929,0.550000011920929,0.0
2025-04-08 09:33:00,TUK.V,,0.0949999988079071,0.0949999988079071,0.0949999988079071,0.0949999988079071,0.0
2025-04-08 09:33:00,VMS.V,,0.04500000178813934,0.04500000178813934,0.04500000178813934,0.04500000178813934,0.0
2025-04-08 09:33:00,WIL.V,,0.44999998807907104,0.44999998807907104,0.44999998807907104,0.44999998807907104,17500.0
2025-04-08 09:34:00,THX.V,,0.4699999988079071,0.4699999988079071,0.4699999988079071,0.4699999988079071,2000.0
2025-04-08 09:34:00,TUD.V,,0.5899999737739563,0.5899999737739563,0.5899999737739563,0.5899999737739563,5000.0
2025-04-08 09:34:00,WCU.V,,0.04500000178813934,0.04500000178813934,0.04500000178813934,0.04500000178813934,0.0
2025-04-08 09:34:00,WFLD.V,,0.019999999552965164,0.019999999552965164,0.019999999552965164,0.019999999552965164,0.0
2025-04-08 09:34:00,WIL.V,,0.4749999940395355,0.48500001430511475,0.4749999940395355,0.48500001430511475,19500.0
2025-04-08 09:34:00,WRLG.V,,0.5899999737739563,0.5899999737739563,0.5899999737739563,0.5899999737739563,3000.0
2025-04-08 09:35:00,THX.V,,0.4749999940395355,0.4749999940395355,0.4749999940395355,0.4749999940395355,13500.0
2025-04-08 09:35:00,TUO.V,,0.699999988079071,0.7200000286102295,0.699999988079071,0.7200000286102295,1000.0
2025-04-08 09:35:00,UCU.V,,1.059999942779541,1.059999942779541,1.059999942779541,1.059999942779541,400.0
2025-04-08 09:35:00,VIO.V,,0.1599999964237213,0.1599999964237213,0.1599999964237213,0.1599999964237213,743.0
2025-04-08 09:35:00,WGO.V,,0.20999999344348907,0.20999999344348907,0.20999999344348907,0.20999999344348907,0.0
2025-04-08 09:35:00,WIL.V,,0.4749999940395355,0.4749999940395355,0.4749999940395355,0.4749999940395355,5000.0
2025-04-08 09:35:00,WRLG.V,,0.5899999737739563,0.5899999737739563,0.5899999737739563,0.5899999737739563,500.0
2025-04-08 09:36:00,AUMB.V,,0.18000000715255737,0.18000000715255737,0.18000000715255737,0.18000000715255737,1000.0
2025-04-08 09:36:00,THX.V,,0.47999998927116394,0.47999998927116394,0.47999998927116394,0.47999998927116394,3500.0
2025-04-08 09:36:00,ULT.V,,0.009999999776482582,0.009999999776482582,0.009999999776482582,0.009999999776482582,0.0
2025-04-08 09:36:00,VO.V,,0.054999999701976776,0.054999999701976776,0.054999999701976776,0.054999999701976776,0.0
2025-04-08 09:37:00,THX.V,,0.4749999940395355,0.4749999940395355,0.4749999940395355,0.4749999940395355,3000.0
2025-04-08 09:37:00,TOI.V,,139.5,139.52999877929688,137.0,139.52999877929688,4717.0
2025-04-08 09:37:00,VPT.V,,0.15000000596046448,0.15000000596046448,0.15000000596046448,0.15000000596046448,1500.0
2025-04-08 09:37:00,WIL.V,,0.45500001311302185,0.45500001311302185,0.45500001311302185,0.45500001311302185,7500.0
2025-04-08 09:37:00,WRLG.V,,0.5799999833106995,0.5799999833106995,0.5799999833106995,0.5799999833106995,12110.0
2025-04-08 09:37:00,ZOMD.V,,0.5199999809265137,0.5199999809265137,0.5199999809265137,0.5199999809265137,1500.0
2025-04-08 09:38:00,THX.V,,0.47999998927116394,0.47999998927116394,0.47999998927116394,0.47999998927116394,2500.0
2025-04-08 09:38:00,TTG.V,,0.03999999910593033,0.03999999910593033,0.03999999910593033,0.03999999910593033,0.0
2025-04-08 09:39:00,SURG.V,,0.10000000149011612,0.10000000149011612,0.10000000149011612,0.10000000149011612,5500.0
2025-04-08 09:39:00,THX.V,,0.47999998927116394,0.47999998927116394,0.47999998927116394,0.47999998927116394,6000.0
2025-04-08 09:39:00,TOI.V,,138.0850067138672,138.0850067138672,138.0850067138672,138.0850067138672,100.0
2025-04-08 09:39:00,VM.V,,0.1850000023841858,0.1850000023841858,0.1850000023841858,0.1850000023841858,15000.0
2025-04-08 09:39:00,YEG.V,,0.19499999284744263,0.19499999284744263,0.19499999284744263,0.19499999284744263,0.0
2025-04-08 09:39:00,ZONE.V,,0.014999999664723873,0.014999999664723873,0.014999999664723873,0.014999999664723873,0.0
2025-04-08 09:40:00,TOI.V,,138.5399932861328,138.5399932861328,138.5399932861328,138.5399932861328,137.0
2025-04-08 09:40:00,UCU.V,,1.0499999523162842,1.0499999523162842,1.0499999523162842,1.0499999523162842,1175.0
2025-04-08 09:40:00,WIL.V,,0.49000000953674316,0.49000000953674316,0.49000000953674316,0.49000000953674316,5000.0
2025-04-08 09:40:00,WRLG.V,,0.5699999928474426,0.5799999833106995,0.5699999928474426,0.5799999833106995,19500.0
2025-04-08 09:41:00,THX.V,,0.4749999940395355,0.4749999940395355,0.4749999940395355,0.4749999940395355,1500.0
2025-04-08 09:41:00,TTS.V,,0.22499999403953552,0.22499999403953552,0.22499999403953552,0.22499999403953552,1000.0
2025-04-08 09:41:00,TUD.V,,0.5799999833106995,0.5799999833106995,0.5799999833106995,0.5799999833106995,1000.0
2025-04-08 09:41:00,WRLG.V,,0.5799999833106995,0.5799999833106995,0.5799999833106995,0.5799999833106995,1500.0
2025-04-08 09:42:00,THRM.V,,0.019999999552965164,0.019999999552965164,0.019999999552965164,0.019999999552965164,20000.0
2025-04-08 09:42:00,THX.V,,0.4749999940395355,0.4749999940395355,0.4749999940395355,0.4749999940395355,3000.0
2025-04-08 09:42:00,TUD.V,,0.5799999833106995,0.5799999833106995,0.5799999833106995,0.5799999833106995,1239.0
2025-04-08 09:42:00,VXTR.V,,0.029999999329447746,0.029999999329447746,0.029999999329447746,0.029999999329447746,50000.0
2025-04-08 09:42:00,WRLG.V,,0.5799999833106995,0.5799999833106995,0.5799999833106995,0.5799999833106995,4000.0
2025-04-08 09:43:00,TLT.V,,0.18000000715255737,0.18000000715255737,0.18000000715255737,0.18000000715255737,9500.0
2025-04-08 09:43:00,TOI.V,,136.72000122070312,137.0,136.72000122070312,136.85000610351562,723.0
2025-04-08 09:43:00,TUK.V,,0.0949999988079071,0.0949999988079071,0.0949999988079071,0.0949999988079071,30000.0
2025-04-08 09:43:00,WVM.V,,1.1299999952316284,1.1299999952316284,1.1200000047683716,1.1200000047683716,1300.0
2025-04-08 09:43:00,XCYT.V,,0.17499999701976776,0.17499999701976776,0.17499999701976776,0.17499999701976776,0.0
2025-04-08 09:43:00,ZDC.V,,2.809999942779541,2.809999942779541,2.809999942779541,2.809999942779541,1000.0
2025-04-08 09:44:00,WRLG.V,,0.5799999833106995,0.5799999833106995,0.5799999833106995,0.5799999833106995,5000.0
2025-04-08 09:45:00,THX.V,,0.4699999988079071,0.4699999988079071,0.4699999988079071,0.4699999988079071,32500.0
2025-04-08 09:45:00,VIO.V,,0.1599999964237213,0.1599999964237213,0.1599999964237213,0.1599999964237213,10000.0
2025-04-08 09:45:00,WCU.V,,0.04500000178813934,0.04500000178813934,0.04500000178813934,0.04500000178813934,3000.0
2025-04-08 09:45:00,ZOMD.V,,0.5199999809265137,0.5199999809265137,0.5199999809265137,0.5199999809265137,19500.0
2025-04-08 09:46:00,WAM.V,,0.550000011920929,0.550000011920929,0.550000011920929,0.550000011920929,0.0
2025-04-08 09:46:00,WRLG.V,,0.5799999833106995,0.5799999833106995,0.5799999833106995,0.5799999833106995,500.0
2025-04-08 09:47:00,THM.V,,0.1899999976158142,0.1899999976158142,0.1899999976158142,0.1899999976158142,0.0
2025-04-08 09:47:00,TRBE.V,,0.4000000059604645,0.41999998688697815,0.4000000059604645,0.41999998688697815,10000.0
2025-04-08 09:48:00,THM.V,,0.1850000023841858,0.1850000023841858,0.1850000023841858,0.1850000023841858,1000.0
2025-04-08 09:48:00,THX.V,,0.4650000035762787,0.4699999988079071,0.4650000035762787,0.4699999988079071,10500.0
2025-04-08 09:48:00,TINY.V,,1.0399999618530273,1.0399999618530273,1.0399999618530273,1.0399999618530273,0.0
2025-04-08 09:48:00,TOI.V,,137.86000061035156,137.8699951171875,137.3000030517578,137.3000030517578,643.0
2025-04-08 09:48:00,TUO.V,,0.7200000286102295,0.7200000286102295,0.7200000286102295,0.7200000286102295,3000.0
2025-04-08 09:48:00,WEB.V,,0.6100000143051147,0.6100000143051147,0.6100000143051147,0.6100000143051147,10000.0
2025-04-08 09:48:00,WRLG.V,,0.5799999833106995,0.5799999833106995,0.5799999833106995,0.5799999833106995,23825.0
2025-04-08 09:49:00,AUMB.V,,0.1899999976158142,0.1899999976158142,0.1899999976158142,0.1899999976158142,500.0
2025-04-08 09:49:00,SURG.V,,0.10000000149011612,0.10000000149011612,0.10000000149011612,0.10000000149011612,5000.0
2025-04-08 09:49:00,TMG.V,,0.10999999940395355,0.10999999940395355,0.10999999940395355,0.10999999940395355,0.0
2025-04-08 09:49:00,VER-H.V,,0.009999999776482582,0.014999999664723873,0.009999999776482582,0.014999999664723873,0.0
2025-04-08 09:49:00,WEB.V,,0.6100000143051147,0.6100000143051147,0.6100000143051147,0.6100000143051147,1500.0
2025-04-08 09:49:00,WED.V,,30.100000381469727,30.100000381469727,30.0,30.0,0.0
2025-04-08 09:50:00,AUMB.V,,0.1899999976158142,0.1899999976158142,0.1899999976158142,0.1899999976158142,500.0
2025-04-08 09:50:00,ONE.V,,0.23999999463558197,0.23999999463558197,0.23999999463558197,0.23999999463558197,1090.0
2025-04-08 09:50:00,THX.V,,0.4699999988079071,0.4699999988079071,0.4699999988079071,0.4699999988079071,9500.0
2025-04-08 09:50:00,TINY.V,,1.090000033378601,1.090000033378601,1.0800000429153442,1.0800000429153442,2815.0
2025-04-08 09:50:00,TOI.V,,137.27000427246094,137.86000061035156,137.27000427246094,137.86000061035156,775.0
2025-04-08 09:51:00,VIO.V,,0.1599999964237213,0.1599999964237213,0.1550000011920929,0.1550000011920929,3000.0
2025-04-08 09:52:00,TECT.V,,0.03999999910593033,0.03999999910593033,0.03999999910593033,0.03999999910593033,389000.0
2025-04-08 09:53:00,TBRD.V,,1.600000023841858,1.600000023841858,1.600000023841858,1.600000023841858,0.0
2025-04-08 09:53:00,TOI.V,,138.44000244140625,138.44000244140625,137.80999755859375,137.80999755859375,563.0
2025-04-08 09:53:00,TTI.V,,0.550000011920929,0.550000011920929,0.550000011920929,0.550000011920929,4500.0
2025-04-08 09:53:00,ZDC.V,,2.8299999237060547,2.8299999237060547,2.8299999237060547,2.8299999237060547,2300.0
2025-04-08 09:54:00,TBRD.V,,1.600000023841858,1.600000023841858,1.600000023841858,1.600000023841858,500.0
2025-04-08 09:54:00,TECT.V,,0.03999999910593033,0.03999999910593033,0.03999999910593033,0.03999999910593033,11001.0
2025-04-08 09:55:00,TINY.V,,1.0800000429153442,1.0800000429153442,1.0800000429153442,1.0800000429153442,10000.0
2025-04-08 09:55:00,UCU.V,,1.059999942779541,1.059999942779541,1.059999942779541,1.059999942779541,300.0
2025-04-08 09:56:00,TBRD.V,,1.600000023841858,1.600000023841858,1.600000023841858,1.600000023841858,1000.0
2025-04-08 09:56:00,TINY.V,,1.0800000429153442,1.100000023841858,1.0800000429153442,1.100000023841858,5000.0
2025-04-08 09:56:00,TOI.V,,138.0,138.0,138.0,138.0,426.0
2025-04-08 09:57:00,THX.V,,0.4699999988079071,0.4699999988079071,0.4699999988079071,0.4699999988079071,34500.0
2025-04-08 09:57:00,TTI.V,,0.5600000023841858,0.5600000023841858,0.5600000023841858,0.5600000023841858,2500.0
2025-04-08 09:57:00,WRLG.V,,0.5799999833106995,0.5799999833106995,0.5799999833106995,0.5799999833106995,4500.0
2025-04-08 09:58:00,TOI.V,,138.6199951171875,138.6199951171875,138.6199951171875,138.6199951171875,100.0
2025-04-08 09:59:00,TES.V,,0.019999999552965164,0.019999999552965164,0.019999999552965164,0.019999999552965164,0.0
2025-04-08 09:59:00,TOI.V,,138.74000549316406,138.8800048828125,138.74000549316406,138.8800048828125,514.0
2025-04-08 09:59:00,TWO.V,,0.1599999964237213,0.1599999964237213,0.15000000596046448,0.15000000596046448,0.0
2025-04-08 09:59:00,ZOMD.V,,0.5199999809265137,0.5199999809265137,0.5199999809265137,0.5199999809265137,6000.0
2025-04-08 10:00:00,UCU.V,,1.0700000524520874,1.0700000524520874,1.0700000524520874,1.0700000524520874,1000.0
2025-04-08 10:00:00,VXTR.V,,0.029999999329447746,0.029999999329447746,0.029999999329447746,0.029999999329447746,3100.0
2025-04-08 10:00:00,WINS.V,,0.07500000298023224,0.07500000298023224,0.07500000298023224,0.07500000298023224,0.0
2025-04-08 10:00:00,WRLG.V,,0.5799999833106995,0.5799999833106995,0.5799999833106995,0.5799999833106995,15000.0
2025-04-08 10:01:00,THX.V,,0.47999998927116394,0.47999998927116394,0.4749999940395355,0.4749999940395355,12500.0
2025-04-08 10:01:00,VER-H.V,,0.009999999776482582,0.009999999776482582,0.009999999776482582,0.009999999776482582,25000.0
2025-04-08 10:01:00,ZEN.V,,1.4800000190734863,1.5,1.4500000476837158,1.4500000476837158,12815.0
2025-04-08 10:02:00,TWO.V,,0.1599999964237213,0.1599999964237213,0.1599999964237213,0.1599999964237213,1000.0
2025-04-08 10:03:00,TLA.V,,0.6399999856948853,0.6399999856948853,0.6399999856948853,0.6399999856948853,0.0
2025-04-08 10:03:00,ZOMD.V,,0.5199999809265137,0.5199999809265137,0.5199999809265137,0.5199999809265137,11500.0
2025-04-08 10:04:00,THX.V,,0.4749999940395355,0.4749999940395355,0.4749999940395355,0.4749999940395355,2000.0
2025-04-08 10:04:00,TINY.V,,1.1100000143051147,1.1100000143051147,1.1100000143051147,1.1100000143051147,5000.0
2025-04-08 10:04:00,TOI.V,,138.7100067138672,138.7100067138672,138.7100067138672,138.7100067138672,135.0
2025-04-08 10:04:00,TTI.V,,0.6100000143051147,0.6100000143051147,0.5899999737739563,0.5899999737739563,13000.0
2025-04-08 10:04:00,TUD.V,,0.5799999833106995,0.5799999833106995,0.5799999833106995,0.5799999833106995,2500.0
2025-04-08 10:04:00,WINS.V,,0.07500000298023224,0.07500000298023224,0.07500000298023224,0.07500000298023224,10000.0
2025-04-08 10:05:00,AUMB.V,,0.1899999976158142,0.1899999976158142,0.1899999976158142,0.1899999976158142,1500.0
2025-04-08 10:05:00,THX.V,,0.47999998927116394,0.47999998927116394,0.47999998927116394,0.47999998927116394,5000.0
2025-04-08 10:05:00,VAU.V,,0.13500000536441803,0.13500000536441803,0.13500000536441803,0.13500000536441803,0.0
2025-04-08 10:05:00,VPT.V,,0.14499999582767487,0.14499999582767487,0.14499999582767487,0.14499999582767487,2500.0
2025-04-08 10:05:00,WED.V,,30.479999542236328,31.389999389648438,30.479999542236328,30.639999389648438,900.0
2025-04-08 10:06:00,TBK.V,,0.27000001072883606,0.27000001072883606,0.27000001072883606,0.27000001072883606,4500.0
2025-04-08 10:06:00,THX.V,,0.47999998927116394,0.47999998927116394,0.47999998927116394,0.47999998927116394,5000.0
2025-04-08 10:06:00,TOI.V,,139.0,139.1199951171875,138.94000244140625,138.94000244140625,800.0
2025-04-08 10:06:00,TUD.V,,0.5799999833106995,0.5799999833106995,0.5799999833106995,0.5799999833106995,2000.0
2025-04-08 10:07:00,TGOL.V,,0.054999999701976776,0.054999999701976776,0.054999999701976776,0.054999999701976776,1000.0
2025-04-08 10:07:00,TOI.V,,139.19000244140625,139.19000244140625,139.19000244140625,139.19000244140625,420.0
2025-04-08 10:07:00,WED.V,,30.40999984741211,30.43000030517578,30.40999984741211,30.43000030517578,800.0
2025-04-08 10:07:00,ZOMD.V,,0.5199999809265137,0.5199999809265137,0.5199999809265137,0.5199999809265137,6000.0
2025-04-08 10:08:00,WEB.V,,0.6000000238418579,0.6000000238418579,0.6000000238418579,0.6000000238418579,3200.0
2025-04-08 10:09:00,TBK.V,,0.27000001072883606,0.27000001072883606,0.27000001072883606,0.27000001072883606,2200.0
2025-04-08 10:09:00,TINY.V,,1.090000033378601,1.090000033378601,1.090000033378601,1.090000033378601,2000.0
2025-04-08 10:09:00,VIO.V,,0.1550000011920929,0.1550000011920929,0.1550000011920929,0.1550000011920929,5000.0
2025-04-08 10:09:00,VML.V,,0.5199999809265137,0.5199999809265137,0.5199999809265137,0.5199999809265137,0.0
2025-04-08 10:09:00,WRLG.V,,0.5899999737739563,0.5899999737739563,0.5899999737739563,0.5899999737739563,39000.0
2025-04-08 10:09:00,ZDC.V,,2.859999895095825,2.859999895095825,2.859999895095825,2.859999895095825,200.0
2025-04-08 10:11:00,WRLG.V,,0.5899999737739563,0.5899999737739563,0.5899999737739563,0.5899999737739563,30000.0
2025-04-08 10:12:00,TOI.V,,139.10000610351562,139.10000610351562,139.10000610351562,139.10000610351562,144.0
2025-04-08 10:12:00,TUD.V,,0.5799999833106995,0.5799999833106995,0.5799999833106995,0.5799999833106995,1000.0
2025-04-08 10:12:00,WRLG.V,,0.5899999737739563,0.5899999737739563,0.5899999737739563,0.5899999737739563,4580.0
2025-04-08 10:12:00,ZOMD.V,,0.5199999809265137,0.5199999809265137,0.5199999809265137,0.5199999809265137,10000.0
2025-04-08 10:13:00,TUD.V,,0.5799999833106995,0.5799999833106995,0.5799999833106995,0.5799999833106995,3000.0
2025-04-08 10:13:00,VIO.V,,0.16500000655651093,0.16500000655651093,0.1599999964237213,0.1599999964237213,65500.0
2025-04-08 10:13:00,ZOMD.V,,0.5199999809265137,0.5199999809265137,0.5199999809265137,0.5199999809265137,9000.0
2025-04-08 10:14:00,THX.V,,0.47999998927116394,0.47999998927116394,0.47999998927116394,0.47999998927116394,5000.0
2025-04-08 10:14:00,TOI.V,,139.9199981689453,139.9199981689453,139.6199951171875,139.6199951171875,400.0
2025-04-08 10:14:00,TUD.V,,0.5799999833106995,0.5799999833106995,0.5799999833106995,0.5799999833106995,1000.0
2025-04-08 10:14:00,WRLG.V,,0.5899999737739563,0.5899999737739563,0.5899999737739563,0.5899999737739563,1000.0
2025-04-08 10:14:00,ZDC.V,,2.859999895095825,2.859999895095825,2.859999895095825,2.859999895095825,300.0
2025-04-08 10:14:00,ZOMD.V,,0.5199999809265137,0.5199999809265137,0.5199999809265137,0.5199999809265137,8000.0
2025-04-08 10:15:00,THRM.V,,0.019999999552965164,0.019999999552965164,0.019999999552965164,0.019999999552965164,75000.0
2025-04-08 10:15:00,THX.V,,0.47999998927116394,0.47999998927116394,0.47999998927116394,0.47999998927116394,2500.0
2025-04-08 10:15:00,TLT.V,,0.18000000715255737,0.18000000715255737,0.18000000715255737,0.18000000715255737,5000.0
2025-04-08 10:15:00,TMG.V,,0.10499999672174454,0.10499999672174454,0.10499999672174454,0.10499999672174454,3500.0
2025-04-08 10:15:00,VIO.V,,0.1599999964237213,0.1599999964237213,0.1599999964237213,0.1599999964237213,17500.0
2025-04-08 10:15:00,WINS.V,,0.07500000298023224,0.07500000298023224,0.07500000298023224,0.07500000298023224,15000.0
2025-04-08 10:15:00,ZOMD.V,,0.5199999809265137,0.5199999809265137,0.5199999809265137,0.5199999809265137,4000.0
2025-04-08 10:16:00,TOI.V,,139.89999389648438,139.89999389648438,139.89999389648438,139.89999389648438,100.0
2025-04-08 10:16:00,TR.V,,0.029999999329447746,0.029999999329447746,0.029999999329447746,0.029999999329447746,0.0
2025-04-08 10:16:00,VXTR.V,,0.029999999329447746,0.029999999329447746,0.029999999329447746,0.029999999329447746,2700.0
2025-04-08 10:16:00,ZDC.V,,2.890000104904175,2.890000104904175,2.890000104904175,2.890000104904175,2100.0
2025-04-08 10:16:00,ZOMD.V,,0.5199999809265137,0.5199999809265137,0.5199999809265137,0.5199999809265137,5000.0
2025-04-08 10:17:00,USHA.V,,0.03999999910593033,0.03999999910593033,0.03999999910593033,0.03999999910593033,0.0
2025-04-08 10:17:00,WED.V,,31.690000534057617,31.690000534057617,30.979999542236328,30.979999542236328,200.0
2025-04-08 10:17:00,XRTX.V,,1.2699999809265137,1.2699999809265137,1.2699999809265137,1.2699999809265137,0.0
2025-04-08 10:18:00,ONE.V,,0.23999999463558197,0.23999999463558197,0.23999999463558197,0.23999999463558197,3000.0
2025-04-08 10:18:00,TOI.V,,140.0,140.0,139.97999572753906,139.97999572753906,200.0
2025-04-08 10:18:00,VCU.V,,0.054999999701976776,0.054999999701976776,0.054999999701976776,0.054999999701976776,0.0
2025-04-08 10:18:00,WRLG.V,,0.5899999737739563,0.5899999737739563,0.5899999737739563,0.5899999737739563,2500.0
2025-04-08 10:19:00,TBK.V,,0.2800000011920929,0.2800000011920929,0.2800000011920929,0.2800000011920929,1000.0
2025-04-08 10:19:00,TUD.V,,0.5799999833106995,0.5799999833106995,0.5799999833106995,0.5799999833106995,1000.0
2025-04-08 10:20:00,TBK.V,,0.28999999165534973,0.28999999165534973,0.28999999165534973,0.28999999165534973,3800.0
2025-04-08 10:20:00,THX.V,,0.48500001430511475,0.48500001430511475,0.47999998927116394,0.47999998927116394,5500.0
2025-04-08 10:21:00,TBIX.V,,0.03500000014901161,0.03500000014901161,0.03500000014901161,0.03500000014901161,20000.0
2025-04-08 10:21:00,WRLG.V,,0.5899999737739563,0.5899999737739563,0.5899999737739563,0.5899999737739563,3500.0
2025-04-08 10:22:00,TK.V,,0.05000000074505806,0.05000000074505806,0.05000000074505806,0.05000000074505806,0.0
2025-04-08 10:22:00,VCU.V,,0.054999999701976776,0.054999999701976776,0.05000000074505806,0.05000000074505806,13000.0
2025-04-08 10:22:00,ZAC.V,,0.05999999865889549,0.05999999865889549,0.05999999865889549,0.05999999865889549,54500.0
2025-04-08 10:22:00,ZDC.V,,2.9000000953674316,2.9000000953674316,2.9000000953674316,2.9000000953674316,100.0
2025-04-08 10:23:00,TWO.V,,0.1599999964237213,0.1599999964237213,0.1599999964237213,0.1599999964237213,1000.0
2025-04-08 10:23:00,UCU.V,,1.0800000429153442,1.0800000429153442,1.0800000429153442,1.0800000429153442,100.0
2025-04-08 10:23:00,XRTX.V,,1.2699999809265137,1.2699999809265137,1.2699999809265137,1.2699999809265137,100.0
2025-04-08 10:24:00,THX.V,,0.48500001430511475,0.48500001430511475,0.48500001430511475,0.48500001430511475,1000.0
2025-04-08 10:24:00,WRLG.V,,0.5899999737739563,0.5899999737739563,0.5899999737739563,0.5899999737739563,5130.0
2025-04-08 10:25:00,UCU.V,,1.059999942779541,1.0800000429153442,1.059999942779541,1.0800000429153442,5249.0
2025-04-08 10:25:00,VCT.V,,0.019999999552965164,0.019999999552965164,0.019999999552965164,0.019999999552965164,5000.0
2025-04-08 10:25:00,VTX.V,,0.20000000298023224,0.20000000298023224,0.20000000298023224,0.20000000298023224,0.0
2025-04-08 10:25:00,VUL.V,,0.07999999821186066,0.07999999821186066,0.07999999821186066,0.07999999821186066,0.0
2025-04-08 10:25:00,ZOMD.V,,0.5099999904632568,0.5099999904632568,0.5099999904632568,0.5099999904632568,1000.0
2025-04-08 10:26:00,TINY.V,,1.100000023841858,1.100000023841858,1.100000023841858,1.100000023841858,6000.0
2025-04-08 10:26:00,TUD.V,,0.5799999833106995,0.5799999833106995,0.5799999833106995,0.5799999833106995,500.0
2025-04-08 10:26:00,VYC-H.V,,0.004999999888241291,0.004999999888241291,0.004999999888241291,0.004999999888241291,0.0
2025-04-08 10:27:00,NILI.V,,0.26499998569488525,0.26499998569488525,0.26499998569488525,0.26499998569488525,1000.0
2025-04-08 10:27:00,TOI.V,,139.97999572753906,140.0,139.44000244140625,140.0,1340.0
2025-04-08 10:27:00,WGF.V,,0.02500000037252903,0.029999999329447746,0.02500000037252903,0.029999999329447746,0.0
2025-04-08 10:27:00,WHY.V,,0.26499998569488525,0.2750000059604645,0.26499998569488525,0.2750000059604645,18500.0
2025-04-08 10:27:00,ZDC.V,,2.869999885559082,2.869999885559082,2.869999885559082,2.869999885559082,500.0
2025-04-08 10:28:00,TINY.V,,1.1200000047683716,1.1200000047683716,1.1200000047683716,1.1200000047683716,1200.0
2025-04-08 10:28:00,TORQ.V,,0.054999999701976776,0.054999999701976776,0.054999999701976776,0.054999999701976776,0.0
2025-04-08 10:29:00,TBIX.V,,0.03999999910593033,0.03999999910593033,0.03999999910593033,0.03999999910593033,1000.0
2025-04-08 10:29:00,TOI.V,,139.94000244140625,139.9499969482422,139.94000244140625,139.9499969482422,335.0
2025-04-08 10:29:00,ULT.V,,0.014999999664723873,0.014999999664723873,0.014999999664723873,0.014999999664723873,1000.0
2025-04-08 10:29:00,WRLG.V,,0.5950000286102295,0.5950000286102295,0.5899999737739563,0.5899999737739563,4500.0
2025-04-08 10:30:00,TUO.V,,0.7099999785423279,0.7200000286102295,0.7099999785423279,0.7200000286102295,2500.0
2025-04-08 10:30:00,WCU.V,,0.04500000178813934,0.04500000178813934,0.04500000178813934,0.04500000178813934,1573.0
2025-04-08 10:30:00,WRLG.V,,0.5899999737739563,0.5899999737739563,0.5899999737739563,0.5899999737739563,500.0
2025-04-08 10:30:00,ZOMD.V,,0.5099999904632568,0.5099999904632568,0.5099999904632568,0.5099999904632568,500.0
2025-04-08 10:31:00,THX.V,,0.48500001430511475,0.48500001430511475,0.48500001430511475,0.48500001430511475,1500.0
2025-04-08 10:31:00,TUD.V,,0.5799999833106995,0.5799999833106995,0.5799999833106995,0.5799999833106995,500.0
2025-04-08 10:31:00,WINS.V,,0.07500000298023224,0.07500000298023224,0.07500000298023224,0.07500000298023224,10000.0
2025-04-08 10:32:00,AUMB.V,,0.1899999976158142,0.1899999976158142,0.1899999976158142,0.1899999976158142,2500.0
2025-04-08 10:32:00,NILI.V,,0.2800000011920929,0.2800000011920929,0.2800000011920929,0.2800000011920929,500.0
2025-04-08 10:32:00,TVI.V,,0.009999999776482582,0.009999999776482582,0.009999999776482582,0.009999999776482582,10000.0
2025-04-08 10:32:00,VIO.V,,0.16500000655651093,0.16500000655651093,0.16500000655651093,0.16500000655651093,4000.0
2025-04-08 10:33:00,THX.V,,0.48500001430511475,0.48500001430511475,0.48500001430511475,0.48500001430511475,1500.0
2025-04-08 10:34:00,AUMB.V,,0.1899999976158142,0.1899999976158142,0.1899999976158142,0.1899999976158142,2000.0
2025-04-08 10:34:00,TSG.V,,0.15000000596046448,0.15000000596046448,0.15000000596046448,0.15000000596046448,0.0
2025-04-08 10:34:00,VUL.V,,0.07999999821186066,0.07999999821186066,0.07999999821186066,0.07999999821186066,10000.0
2025-04-08 10:35:00,TSG.V,,0.15000000596046448,0.15000000596046448,0.15000000596046448,0.15000000596046448,7000.0
2025-04-08 10:35:00,VCU.V,,0.054999999701976776,0.054999999701976776,0.054999999701976776,0.054999999701976776,1000.0
2025-04-08 10:35:00,VLI.V,,0.019999999552965164,0.019999999552965164,0.019999999552965164,0.019999999552965164,1000.0
2025-04-08 10:35:00,WRLG.V,,0.5950000286102295,0.5950000286102295,0.5950000286102295,0.5950000286102295,16000.0
2025-04-08 10:36:00,WED.V,,30.75,30.75,30.739999771118164,30.75,1600.0
2025-04-08 10:37:00,THRM.V,,0.019999999552965164,0.019999999552965164,0.019999999552965164,0.019999999552965164,1000.0
2025-04-08 10:38:00,TK.V,,0.05000000074505806,0.05000000074505806,0.05000000074505806,0.05000000074505806,1000.0
2025-04-08 10:38:00,WIL.V,,0.48500001430511475,0.48500001430511475,0.48500001430511475,0.48500001430511475,500.0
2025-04-08 10:38:00,WRLG.V,,0.5899999737739563,0.5899999737739563,0.5899999737739563,0.5899999737739563,10500.0
2025-04-08 10:39:00,WRLG.V,,0.5899999737739563,0.5899999737739563,0.5899999737739563,0.5899999737739563,2000.0
2025-04-08 10:40:00,THX.V,,0.49000000953674316,0.49000000953674316,0.48500001430511475,0.48500001430511475,46000.0
2025-04-08 10:40:00,TORQ.V,,0.05999999865889549,0.05999999865889549,0.05999999865889549,0.05999999865889549,2000.0
2025-04-08 10:41:00,TOI.V,,140.0,140.0,140.0,140.0,243.0
2025-04-08 10:41:00,WED.V,,30.489999771118164,30.489999771118164,30.489999771118164,30.489999771118164,200.0
2025-04-08 10:41:00,WGF.V,,0.04500000178813934,0.04500000178813934,0.04500000178813934,0.04500000178813934,1000.0
2025-04-08 10:41:00,WRLG.V,,0.5950000286102295,0.5950000286102295,0.5950000286102295,0.5950000286102295,2000.0
2025-04-08 10:42:00,TTI.V,,0.6600000262260437,0.6600000262260437,0.6600000262260437,0.6600000262260437,2500.0
2025-04-08 10:42:00,VCU.V,,0.054999999701976776,0.054999999701976776,0.054999999701976776,0.054999999701976776,12000.0
2025-04-08 10:42:00,WRLG.V,,0.5950000286102295,0.5950000286102295,0.5950000286102295,0.5950000286102295,4500.0
2025-04-08 10:43:00,VCU.V,,0.054999999701976776,0.054999999701976776,0.054999999701976776,0.054999999701976776,2000.0
2025-04-08 10:43:00,WHN.V,,0.11999999731779099,0.11999999731779099,0.11999999731779099,0.11999999731779099,500.0
2025-04-08 10:43:00,WINS.V,,0.07500000298023224,0.07500000298023224,0.07500000298023224,0.07500000298023224,2000.0
2025-04-08 10:43:00,WRLG.V,,0.5899999737739563,0.5899999737739563,0.5899999737739563,0.5899999737739563,13500.0
2025-04-08 10:43:00,ZDC.V,,2.859999895095825,2.859999895095825,2.859999895095825,2.859999895095825,200.0
2025-04-08 10:43:00,ZOMD.V,,0.5,0.5,0.5,0.5,15500.0
2025-04-08 10:44:00,THX.V,,0.47999998927116394,0.48500001430511475,0.47999998927116394,0.48500001430511475,26000.0
2025-04-08 10:44:00,WAM.V,,0.5600000023841858,0.5600000023841858,0.5600000023841858,0.5600000023841858,1000.0
2025-04-08 10:45:00,RARE.V,,0.4000000059604645,0.4000000059604645,0.4000000059604645,0.4000000059604645,0.0
2025-04-08 10:45:00,THX.V,,0.47999998927116394,0.47999998927116394,0.47999998927116394,0.47999998927116394,700.0
2025-04-08 10:45:00,TVI.V,,0.014999999664723873,0.014999999664723873,0.014999999664723873,0.014999999664723873,1000.0
2025-04-08 10:45:00,WED.V,,30.3799991607666,30.5049991607666,30.3799991607666,30.5049991607666,200.0
2025-04-08 10:46:00,TINY.V,,1.1100000143051147,1.1100000143051147,1.1100000143051147,1.1100000143051147,636.0
2025-04-08 10:47:00,TES.V,,0.02500000037252903,0.02500000037252903,0.02500000037252903,0.02500000037252903,1000.0
2025-04-08 10:47:00,TNR.V,,0.05000000074505806,0.05000000074505806,0.05000000074505806,0.05000000074505806,0.0
2025-04-08 10:47:00,TUD.V,,0.5699999928474426,0.5699999928474426,0.5699999928474426,0.5699999928474426,32000.0
2025-04-08 10:47:00,VML.V,,0.5400000214576721,0.5400000214576721,0.5299999713897705,0.5299999713897705,14500.0
2025-04-08 10:47:00,VXTR.V,,0.029999999329447746,0.029999999329447746,0.029999999329447746,0.029999999329447746,100000.0
2025-04-08 10:47:00,WI.V,,0.48500001430511475,0.48500001430511475,0.48500001430511475,0.48500001430511475,0.0
2025-04-08 10:47:00,ZONE.V,,0.014999999664723873,0.014999999664723873,0.014999999664723873,0.014999999664723873,1000.0
2025-04-08 10:47:00,ZYUS.V,,0.7799999713897705,0.7799999713897705,0.7799999713897705,0.7799999713897705,0.0
2025-04-08 10:48:00,TGOL.V,,0.054999999701976776,0.054999999701976776,0.054999999701976776,0.054999999701976776,36000.0
2025-04-08 10:48:00,TUD.V,,0.5699999928474426,0.5699999928474426,0.5699999928474426,0.5699999928474426,5000.0
2025-04-08 10:48:00,VML.V,,0.550000011920929,0.550000011920929,0.550000011920929,0.550000011920929,5000.0
2025-04-08 10:49:00,TOI.V,,140.3300018310547,140.3300018310547,140.3300018310547,140.3300018310547,100.0
2025-04-08 10:50:00,TUD.V,,0.5699999928474426,0.5699999928474426,0.5699999928474426,0.5699999928474426,2490.0
2025-04-08 10:51:00,TGH.V,,0.9399999976158142,0.949999988079071,0.9399999976158142,0.949999988079071,10000.0
2025-04-08 10:51:00,TWO.V,,0.1550000011920929,0.1550000011920929,0.1550000011920929,0.1550000011920929,1300.0
2025-04-08 10:51:00,WED.V,,30.3799991607666,30.3799991607666,30.3799991607666,30.3799991607666,100.0
2025-04-08 10:51:00,WRLG.V,,0.5899999737739563,0.5899999737739563,0.5899999737739563,0.5899999737739563,8000.0
2025-04-08 10:51:00,ZDC.V,,2.8399999141693115,2.859999895095825,2.8399999141693115,2.859999895095825,1050.0
2025-04-08 10:52:00,TGH.V,,0.9800000190734863,0.9800000190734863,0.9399999976158142,0.9399999976158142,7000.0
2025-04-08 10:52:00,ZDC.V,,2.819999933242798,2.819999933242798,2.819999933242798,2.819999933242798,1600.0
2025-04-08 10:54:00,TUD.V,,0.5600000023841858,0.5600000023841858,0.5600000023841858,0.5600000023841858,4000.0
2025-04-08 10:54:00,VML.V,,0.5400000214576721,0.5400000214576721,0.5400000214576721,0.5400000214576721,1000.0
2025-04-08 10:54:00,ZOMD.V,,0.5,0.5,0.5,0.5,500.0
2025-04-08 10:55:00,TUD.V,,0.5600000023841858,0.5600000023841858,0.5600000023841858,0.5600000023841858,500.0
2025-04-08 10:55:00,WCU.V,,0.04500000178813934,0.04500000178813934,0.04500000178813934,0.04500000178813934,1000.0
2025-04-08 10:55:00,WED.V,,30.3799991607666,30.3799991607666,30.3799991607666,30.3799991607666,400.0
2025-04-08 10:55:00,WRLG.V,,0.5899999737739563,0.5899999737739563,0.5899999737739563,0.5899999737739563,6500.0
2025-04-08 10:56:00,TOI.V,,139.0,139.2100067138672,139.0,139.0800018310547,800.0
2025-04-08 10:56:00,WED.V,,30.290000915527344,30.290000915527344,30.290000915527344,30.290000915527344,100.0
2025-04-08 10:57:00,WINS.V,,0.07500000298023224,0.07500000298023224,0.07500000298023224,0.07500000298023224,7000.0
2025-04-08 10:57:00,WML.V,,0.04500000178813934,0.04500000178813934,0.04500000178813934,0.04500000178813934,30000.0
2025-04-08 10:58:00,ONE.V,,0.23499999940395355,0.23499999940395355,0.23499999940395355,0.23499999940395355,1000.0
2025-04-08 10:58:00,TAO.V,,0.08500000089406967,0.08500000089406967,0.08500000089406967,0.08500000089406967,214000.0
2025-04-08 10:58:00,TBIX.V,,0.03999999910593033,0.03999999910593033,0.03999999910593033,0.03999999910593033,1000.0
2025-04-08 10:58:00,THX.V,,0.4749999940395355,0.4749999940395355,0.4749999940395355,0.4749999940395355,11500.0
2025-04-08 10:59:00,ONE.V,,0.2199999988079071,0.23000000417232513,0.2199999988079071,0.23000000417232513,2500.0
2025-04-08 10:59:00,RARE.V,,0.4000000059604645,0.4000000059604645,0.4000000059604645,0.4000000059604645,500.0
2025-04-08 10:59:00,TGH.V,,0.9800000190734863,0.9800000190734863,0.9800000190734863,0.9800000190734863,6000.0
2025-04-08 10:59:00,TOI.V,,139.0,139.0,139.0,139.0,245.0
2025-04-08 10:59:00,VTEN-P.V,,0.13500000536441803,0.13500000536441803,0.13500000536441803,0.13500000536441803,0.0
2025-04-08 10:59:00,YEG.V,,0.19499999284744263,0.19499999284744263,0.19499999284744263,0.19499999284744263,5000.0
2025-04-08 11:01:00,ONE.V,,0.23000000417232513,0.23000000417232513,0.23000000417232513,0.23000000417232513,1000.0
2025-04-08 11:01:00,THX.V,,0.4749999940395355,0.4749999940395355,0.4749999940395355,0.4749999940395355,3500.0
2025-04-08 11:01:00,TOI.V,,139.0,139.0,139.0,139.0,300.0
2025-04-08 11:01:00,UCU.V,,1.0800000429153442,1.0800000429153442,1.0700000524520874,1.0800000429153442,1000.0
2025-04-08 11:01:00,WED.V,,30.3700008392334,30.399999618530273,30.3700008392334,30.399999618530273,800.0
2025-04-08 11:01:00,ZOMD.V,,0.4950000047683716,0.4950000047683716,0.4950000047683716,0.4950000047683716,500.0
2025-04-08 11:02:00,TAO.V,,0.09000000357627869,0.09000000357627869,0.09000000357627869,0.09000000357627869,9000.0
2025-04-08 11:02:00,TUD.V,,0.5699999928474426,0.5699999928474426,0.5699999928474426,0.5699999928474426,1000.0
2025-04-08 11:02:00,WED.V,,30.3700008392334,30.3700008392334,30.3700008392334,30.3700008392334,100.0
2025-04-08 11:03:00,THX.V,,0.4749999940395355,0.4749999940395355,0.4749999940395355,0.4749999940395355,1500.0
2025-04-08 11:03:00,TUD.V,,0.5699999928474426,0.5699999928474426,0.5699999928474426,0.5699999928474426,1500.0
2025-04-08 11:06:00,TTG.V,,0.03999999910593033,0.03999999910593033,0.03999999910593033,0.03999999910593033,9000.0
2025-04-08 11:06:00,TUD.V,,0.5699999928474426,0.5699999928474426,0.5699999928474426,0.5699999928474426,500.0
2025-04-08 11:06:00,ZDC.V,,2.8399999141693115,2.8399999141693115,2.8399999141693115,2.8399999141693115,200.0
2025-04-08 11:07:00,UCU.V,,1.0800000429153442,1.0850000381469727,1.0800000429153442,1.0800000429153442,800.0
2025-04-08 11:08:00,WGO.V,,0.20999999344348907,0.20999999344348907,0.20999999344348907,0.20999999344348907,1000.0
2025-04-08 11:08:00,ZDC.V,,2.8299999237060547,2.8299999237060547,2.8299999237060547,2.8299999237060547,200.0
2025-04-08 11:09:00,TOI.V,,138.92999267578125,138.92999267578125,138.5399932861328,138.8699951171875,1101.0
2025-04-08 11:10:00,TES.V,,0.02500000037252903,0.02500000037252903,0.02500000037252903,0.02500000037252903,3000.0
2025-04-08 11:10:00,WED.V,,30.3700008392334,30.3700008392334,30.3700008392334,30.3700008392334,100.0
2025-04-08 11:11:00,UCU.V,,1.0800000429153442,1.0800000429153442,1.0800000429153442,1.0800000429153442,1900.0
2025-04-08 11:11:00,VML.V,,0.5400000214576721,0.5400000214576721,0.5400000214576721,0.5400000214576721,2500.0
2025-04-08 11:11:00,WED.V,,30.3700008392334,30.3700008392334,30.3700008392334,30.3700008392334,100.0
2025-04-08 11:11:00,WINS.V,,0.07500000298023224,0.07500000298023224,0.07500000298023224,0.07500000298023224,9000.0
2025-04-08 11:12:00,TDG.V,,0.41999998688697815,0.41999998688697815,0.41999998688697815,0.41999998688697815,0.0
2025-04-08 11:12:00,TES.V,,0.029999999329447746,0.029999999329447746,0.029999999329447746,0.029999999329447746,17000.0
2025-04-08 11:12:00,TSG.V,,0.1550000011920929,0.1550000011920929,0.1550000011920929,0.1550000011920929,1000.0
2025-04-08 11:12:00,VML.V,,0.5400000214576721,0.550000011920929,0.5400000214576721,0.550000011920929,15000.0
2025-04-08 11:12:00,WED.V,,30.3700008392334,30.3700008392334,30.3700008392334,30.3700008392334,100.0
2025-04-08 11:12:00,WRLG.V,,0.5799999833106995,0.5799999833106995,0.5799999833106995,0.5799999833106995,18500.0
2025-04-08 11:13:00,TSG.V,,0.15000000596046448,0.15000000596046448,0.15000000596046448,0.15000000596046448,2000.0
2025-04-08 11:13:00,WED.V,,30.3700008392334,30.3700008392334,30.3700008392334,30.3700008392334,100.0
2025-04-08 11:13:00,WRLG.V,,0.5799999833106995,0.5799999833106995,0.5799999833106995,0.5799999833106995,30100.0
2025-04-08 11:14:00,TUK.V,,0.0949999988079071,0.0949999988079071,0.0949999988079071,0.0949999988079071,100000.0
2025-04-08 11:14:00,WED.V,,30.3700008392334,30.3700008392334,30.3700008392334,30.3700008392334,200.0
2025-04-08 11:15:00,WED.V,,30.3700008392334,30.3700008392334,30.3700008392334,30.3700008392334,200.0
2025-04-08 11:16:00,TOI.V,,138.58999633789062,138.58999633789062,138.58999633789062,138.58999633789062,101.0
2025-04-08 11:16:00,WED.V,,30.3700008392334,30.3700008392334,30.3700008392334,30.3700008392334,200.0
2025-04-08 11:16:00,ZOMD.V,,0.49000000953674316,0.49000000953674316,0.49000000953674316,0.49000000953674316,8500.0
2025-04-08 11:17:00,TWO.V,,0.1550000011920929,0.1550000011920929,0.1550000011920929,0.1550000011920929,3500.0
2025-04-08 11:17:00,VMS.V,,0.04500000178813934,0.04500000178813934,0.04500000178813934,0.04500000178813934,28000.0
2025-04-08 11:17:00,WED.V,,30.3700008392334,30.3700008392334,30.3700008392334,30.3700008392334,200.0
2025-04-08 11:17:00,ZDC.V,,2.819999933242798,2.819999933242798,2.819999933242798,2.819999933242798,700.0
2025-04-08 11:18:00,TIG.V,,0.16500000655651093,0.16500000655651093,0.16500000655651093,0.16500000655651093,0.0
2025-04-08 11:18:00,TOI.V,,138.5800018310547,139.0,138.5800018310547,139.0,605.0
2025-04-08 11:18:00,VML.V,,0.5400000214576721,0.5400000214576721,0.5400000214576721,0.5400000214576721,3000.0
2025-04-08 11:18:00,WED.V,,30.3700008392334,30.3700008392334,30.3700008392334,30.3700008392334,200.0
2025-04-08 11:19:00,NILI.V,,0.27000001072883606,0.27000001072883606,0.27000001072883606,0.27000001072883606,4000.0
2025-04-08 11:19:00,TVI.V,,0.014999999664723873,0.014999999664723873,0.014999999664723873,0.014999999664723873,1000.0
2025-04-08 11:19:00,VML.V,,0.5299999713897705,0.5299999713897705,0.5299999713897705,0.5299999713897705,7500.0
2025-04-08 11:20:00,TBIX.V,,0.03999999910593033,0.03999999910593033,0.03999999910593033,0.03999999910593033,5000.0
2025-04-08 11:20:00,THX.V,,0.4699999988079071,0.4699999988079071,0.4699999988079071,0.4699999988079071,3000.0
2025-04-08 11:22:00,TUD.V,,0.5600000023841858,0.5600000023841858,0.5600000023841858,0.5600000023841858,3500.0
2025-04-08 11:23:00,WED.V,,30.3700008392334,30.3700008392334,30.3700008392334,30.3700008392334,100.0
2025-04-08 11:24:00,VML.V,,0.5400000214576721,0.5400000214576721,0.5400000214576721,0.5400000214576721,1000.0
2025-04-08 11:24:00,WED.V,,30.3700008392334,30.3700008392334,30.3700008392334,30.3700008392334,100.0
2025-04-08 11:24:00,ZDC.V,,2.8299999237060547,2.8299999237060547,2.8299999237060547,2.8299999237060547,100.0
2025-04-08 11:25:00,TUD.V,,0.5600000023841858,0.5600000023841858,0.5600000023841858,0.5600000023841858,1500.0
2025-04-08 11:25:00,WED.V,,30.3700008392334,30.3700008392334,30.3700008392334,30.3700008392334,100.0
2025-04-08 11:26:00,WED.V,,30.3700008392334,30.3700008392334,30.3700008392334,30.3700008392334,100.0
2025-04-08 11:27:00,TBIX.V,,0.04500000178813934,0.04500000178813934,0.03999999910593033,0.03999999910593033,24000.0
2025-04-08 11:27:00,TINY.V,,1.100000023841858,1.100000023841858,1.100000023841858,1.100000023841858,1500.0
2025-04-08 11:27:00,TRU.V,,0.014999999664723873,0.014999999664723873,0.014999999664723873,0.014999999664723873,0.0
2025-04-08 11:27:00,WED.V,,30.3700008392334,30.3700008392334,30.3700008392334,30.3700008392334,100.0
2025-04-08 11:27:00,WI.V,,0.48500001430511475,0.48500001430511475,0.48500001430511475,0.48500001430511475,500.0
2025-04-08 11:28:00,WED.V,,30.3700008392334,30.3700008392334,30.3700008392334,30.3700008392334,100.0
2025-04-08 11:29:00,ONE.V,,0.22499999403953552,0.22499999403953552,0.22499999403953552,0.22499999403953552,1034.0
2025-04-08 11:29:00,TBK.V,,0.28999999165534973,0.28999999165534973,0.28999999165534973,0.28999999165534973,4500.0
2025-04-08 11:29:00,UCU.V,,1.090000033378601,1.090000033378601,1.090000033378601,1.090000033378601,100.0
2025-04-08 11:29:00,VO.V,,0.054999999701976776,0.054999999701976776,0.054999999701976776,0.054999999701976776,176013.0
2025-04-08 11:29:00,WED.V,,30.3700008392334,30.3700008392334,30.3700008392334,30.3700008392334,100.0
2025-04-08 11:29:00,XCYT.V,,0.1899999976158142,0.1899999976158142,0.1899999976158142,0.1899999976158142,1000.0
2025-04-08 11:30:00,TPL.V,,0.949999988079071,0.9700000286102295,0.949999988079071,0.9700000286102295,0.0
2025-04-08 11:30:00,ZDC.V,,2.8299999237060547,2.8299999237060547,2.8299999237060547,2.8299999237060547,100.0
2025-04-08 11:31:00,TPL.V,,0.75,0.75,0.75,0.75,1000.0
2025-04-08 11:31:00,UCU.V,,1.090000033378601,1.090000033378601,1.090000033378601,1.090000033378601,1100.0
2025-04-08 11:31:00,WED.V,,30.3700008392334,30.3700008392334,30.3700008392334,30.3700008392334,100.0
2025-04-08 11:32:00,TOI.V,,139.0,139.07000732421875,139.0,139.07000732421875,801.0
2025-04-08 11:32:00,TPL.V,,0.8799999952316284,0.8799999952316284,0.8799999952316284,0.8799999952316284,1500.0
2025-04-08 11:32:00,UCU.V,,1.090000033378601,1.090000033378601,1.090000033378601,1.090000033378601,200.0
2025-04-08 11:32:00,ZOMD.V,,0.47999998927116394,0.47999998927116394,0.47999998927116394,0.47999998927116394,2500.0
2025-04-08 11:33:00,THX.V,,0.4699999988079071,0.4699999988079071,0.4699999988079071,0.4699999988079071,50000.0
2025-04-08 11:33:00,TPL.V,,0.8500000238418579,0.8500000238418579,0.8500000238418579,0.8500000238418579,1000.0
2025-04-08 11:33:00,VML.V,,0.5400000214576721,0.5400000214576721,0.5400000214576721,0.5400000214576721,3000.0
2025-04-08 11:34:00,WAM.V,,0.5600000023841858,0.5600000023841858,0.5600000023841858,0.5600000023841858,1000.0
2025-04-08 11:35:00,VCU.V,,0.054999999701976776,0.054999999701976776,0.054999999701976776,0.054999999701976776,10362.0
2025-04-08 11:35:00,WRLG.V,,0.5799999833106995,0.5799999833106995,0.5799999833106995,0.5799999833106995,8500.0
2025-04-08 11:36:00,TUD.V,,0.550000011920929,0.550000011920929,0.550000011920929,0.550000011920929,11380.0
2025-04-08 11:36:00,ZDC.V,,2.799999952316284,2.8399999141693115,2.799999952316284,2.8399999141693115,13400.0
2025-04-08 11:37:00,VIO.V,,0.16500000655651093,0.16500000655651093,0.16500000655651093,0.16500000655651093,2000.0
2025-04-08 11:37:00,WRLG.V,,0.5799999833106995,0.5799999833106995,0.5799999833106995,0.5799999833106995,55800.0
2025-04-08 11:38:00,ZOMD.V,,0.49000000953674316,0.49000000953674316,0.49000000953674316,0.49000000953674316,1000.0
2025-04-08 11:39:00,WHN.V,,0.125,0.125,0.125,0.125,18500.0
2025-04-08 11:39:00,ZDC.V,,2.8399999141693115,2.8399999141693115,2.8299999237060547,2.8299999237060547,1900.0
2025-04-08 11:39:00,ZOMD.V,,0.49000000953674316,0.49000000953674316,0.49000000953674316,0.49000000953674316,5200.0
2025-04-08 11:40:00,TK.V,,0.05000000074505806,0.05000000074505806,0.05000000074505806,0.05000000074505806,58000.0
2025-04-08 11:40:00,TRU.V,,0.014999999664723873,0.014999999664723873,0.014999999664723873,0.014999999664723873,29000.0
2025-04-08 11:41:00,WHN.V,,0.125,0.125,0.125,0.125,10000.0
2025-04-08 11:42:00,TOI.V,,139.55999755859375,139.55999755859375,139.55999755859375,139.55999755859375,645.0
2025-04-08 11:42:00,WGO.V,,0.20999999344348907,0.20999999344348907,0.20999999344348907,0.20999999344348907,2000.0
2025-04-08 11:42:00,ZDC.V,,2.8499999046325684,2.8499999046325684,2.8499999046325684,2.8499999046325684,300.0
2025-04-08 11:43:00,TK.V,,0.05000000074505806,0.05000000074505806,0.05000000074505806,0.05000000074505806,140000.0
2025-04-08 11:44:00,VO.V,,0.05000000074505806,0.05000000074505806,0.05000000074505806,0.05000000074505806,2000.0
2025-04-08 11:45:00,THX.V,,0.4699999988079071,0.4699999988079071,0.4699999988079071,0.4699999988079071,24500.0
2025-04-08 11:45:00,TPL.V,,0.8899999856948853,0.8899999856948853,0.8899999856948853,0.8899999856948853,1500.0
2025-04-08 11:45:00,TRBE.V,,0.4000000059604645,0.4099999964237213,0.4000000059604645,0.4099999964237213,36661.0
2025-04-08 11:45:00,VO.V,,0.054999999701976776,0.054999999701976776,0.054999999701976776,0.054999999701976776,1000.0
2025-04-08 11:45:00,WI.V,,0.48500001430511475,0.48500001430511475,0.48500001430511475,0.48500001430511475,15000.0
2025-04-08 11:46:00,TPL.V,,0.8899999856948853,0.8899999856948853,0.8899999856948853,0.8899999856948853,1500.0
2025-04-08 11:46:00,TUK.V,,0.0949999988079071,0.0949999988079071,0.0949999988079071,0.0949999988079071,20000.0
2025-04-08 11:46:00,WEX.V,,0.699999988079071,0.7200000286102295,0.699999988079071,0.7200000286102295,11000.0
2025-04-08 11:46:00,WI.V,,0.49000000953674316,0.49000000953674316,0.48500001430511475,0.48500001430511475,7000.0
2025-04-08 11:47:00,THX.V,,0.4749999940395355,0.4749999940395355,0.4749999940395355,0.4749999940395355,40500.0
2025-04-08 11:47:00,TPL.V,,0.8899999856948853,0.8899999856948853,0.8899999856948853,0.8899999856948853,1500.0
2025-04-08 11:47:00,VPT.V,,0.14000000059604645,0.14499999582767487,0.14000000059604645,0.14499999582767487,12000.0
2025-04-08 11:48:00,AUMB.V,,0.1899999976158142,0.1899999976158142,0.1899999976158142,0.1899999976158142,500.0
2025-04-08 11:48:00,TG.V,,0.20999999344348907,0.20999999344348907,0.20999999344348907,0.20999999344348907,0.0
2025-04-08 11:48:00,TORQ.V,,0.05999999865889549,0.05999999865889549,0.05999999865889549,0.05999999865889549,9000.0
2025-04-08 11:48:00,TPL.V,,0.8899999856948853,0.8899999856948853,0.8899999856948853,0.8899999856948853,1500.0
2025-04-08 11:48:00,VLV.V,,0.17000000178813934,0.17000000178813934,0.17000000178813934,0.17000000178813934,0.0
2025-04-08 11:49:00,TINY.V,,1.1100000143051147,1.1100000143051147,1.1100000143051147,1.1100000143051147,500.0
2025-04-08 11:49:00,TPL.V,,0.8999999761581421,0.8999999761581421,0.8899999856948853,0.8899999856948853,2500.0
2025-04-08 11:49:00,VLV.V,,0.1599999964237213,0.1599999964237213,0.1599999964237213,0.1599999964237213,4500.0
2025-04-08 11:49:00,VPT.V,,0.13500000536441803,0.13500000536441803,0.13500000536441803,0.13500000536441803,3500.0
2025-04-08 11:49:00,ZOMD.V,,0.49000000953674316,0.49000000953674316,0.49000000953674316,0.49000000953674316,5500.0
2025-04-08 11:50:00,VLV.V,,0.15000000596046448,0.15000000596046448,0.15000000596046448,0.15000000596046448,2000.0
2025-04-08 11:50:00,VO.V,,0.054999999701976776,0.054999999701976776,0.054999999701976776,0.054999999701976776,5000.0
2025-04-08 11:50:00,WED.V,,30.270000457763672,30.270000457763672,30.270000457763672,30.270000457763672,100.0
2025-04-08 11:50:00,WRLG.V,,0.5799999833106995,0.5799999833106995,0.5799999833106995,0.5799999833106995,12500.0
2025-04-08 11:51:00,TPL.V,,0.8999999761581421,0.8999999761581421,0.8999999761581421,0.8999999761581421,1500.0
2025-04-08 11:51:00,VLV.V,,0.15000000596046448,0.15000000596046448,0.15000000596046448,0.15000000596046448,500.0
2025-04-08 11:52:00,WED.V,,30.270000457763672,30.270000457763672,30.270000457763672,30.270000457763672,100.0
2025-04-08 11:52:00,ZDC.V,,2.8299999237060547,2.8550000190734863,2.8299999237060547,2.8550000190734863,800.0
2025-04-08 11:54:00,TUD.V,,0.550000011920929,0.550000011920929,0.550000011920929,0.550000011920929,500.0
2025-04-08 11:54:00,ZDC.V,,2.819999933242798,2.819999933242798,2.819999933242798,2.819999933242798,100.0
2025-04-08 11:55:00,AUMB.V,,0.18000000715255737,0.1899999976158142,0.18000000715255737,0.1899999976158142,4500.0
2025-04-08 11:55:00,TK.V,,0.05000000074505806,0.05000000074505806,0.05000000074505806,0.05000000074505806,20000.0
2025-04-08 11:55:00,VMS.V,,0.04500000178813934,0.04500000178813934,0.04500000178813934,0.04500000178813934,2000.0
2025-04-08 11:55:00,WRLG.V,,0.5799999833106995,0.5799999833106995,0.5799999833106995,0.5799999833106995,10000.0
2025-04-08 11:56:00,RARE.V,,0.4000000059604645,0.4000000059604645,0.4000000059604645,0.4000000059604645,7000.0
2025-04-08 11:56:00,XIM.V,,0.13500000536441803,0.13500000536441803,0.13500000536441803,0.13500000536441803,0.0
2025-04-08 11:58:00,TUO.V,,0.699999988079071,0.699999988079071,0.699999988079071,0.699999988079071,2000.0
2025-04-08 11:59:00,WHY.V,,0.27000001072883606,0.27000001072883606,0.27000001072883606,0.27000001072883606,2500.0
2025-04-08 12:00:00,TTGI.V,,0.05000000074505806,0.05000000074505806,0.05000000074505806,0.05000000074505806,19000.0
2025-04-08 12:01:00,VXTR.V,,0.029999999329447746,0.029999999329447746,0.029999999329447746,0.029999999329447746,1000.0
2025-04-08 12:03:00,VM.V,,0.1850000023841858,0.1850000023841858,0.1850000023841858,0.1850000023841858,5000.0
2025-04-08 12:04:00,WKG.V,,0.07500000298023224,0.07500000298023224,0.07500000298023224,0.07500000298023224,0.0
2025-04-08 12:05:00,TUD.V,,0.5600000023841858,0.5600000023841858,0.5600000023841858,0.5600000023841858,1500.0
2025-04-08 12:05:00,WRLG.V,,0.5799999833106995,0.5799999833106995,0.5799999833106995,0.5799999833106995,17500.0
2025-04-08 12:05:00,ZDC.V,,2.8399999141693115,2.8399999141693115,2.8399999141693115,2.8399999141693115,100.0
2025-04-08 12:08:00,UCU.V,,1.0800000429153442,1.090000033378601,1.0800000429153442,1.090000033378601,12600.0
2025-04-08 12:09:00,TMG.V,,0.10499999672174454,0.10499999672174454,0.10499999672174454,0.10499999672174454,60550.0
2025-04-08 12:09:00,TUD.V,,0.5600000023841858,0.5600000023841858,0.5600000023841858,0.5600000023841858,2000.0
2025-04-08 12:10:00,WRLG.V,,0.5799999833106995,0.5799999833106995,0.5799999833106995,0.5799999833106995,20500.0
2025-04-08 12:10:00,ZDC.V,,2.8399999141693115,2.8399999141693115,2.8399999141693115,2.8399999141693115,200.0
2025-04-08 12:11:00,TOI.V,,139.47999572753906,139.5,139.44000244140625,139.44000244140625,801.0
2025-04-08 12:11:00,TUD.V,,0.5600000023841858,0.5600000023841858,0.5600000023841858,0.5600000023841858,1500.0
2025-04-08 12:11:00,ZDC.V,,2.8499999046325684,2.8499999046325684,2.8299999237060547,2.8299999237060547,900.0
2025-04-08 12:12:00,VIO.V,,0.1599999964237213,0.1599999964237213,0.1599999964237213,0.1599999964237213,94000.0
2025-04-08 12:12:00,WCU.V,,0.03999999910593033,0.03999999910593033,0.03999999910593033,0.03999999910593033,856000.0
2025-04-08 12:12:00,WHN.V,,0.125,0.125,0.125,0.125,5500.0
2025-04-08 12:12:00,WML.V,,0.04500000178813934,0.04500000178813934,0.04500000178813934,0.04500000178813934,1000.0
2025-04-08 12:12:00,ZOMD.V,,0.49000000953674316,0.49000000953674316,0.49000000953674316,0.49000000953674316,2500.0
2025-04-08 12:13:00,TTG.V,,0.03999999910593033,0.03999999910593033,0.03999999910593033,0.03999999910593033,5000.0
2025-04-08 12:13:00,ZDC.V,,2.8299999237060547,2.8299999237060547,2.8299999237060547,2.8299999237060547,500.0
2025-04-08 12:14:00,TUD.V,,0.5600000023841858,0.5600000023841858,0.5600000023841858,0.5600000023841858,500.0
2025-04-08 12:14:00,VIO.V,,0.16500000655651093,0.16500000655651093,0.16500000655651093,0.16500000655651093,1000.0
2025-04-08 12:15:00,WVM.V,,1.100000023841858,1.100000023841858,1.100000023841858,1.100000023841858,300.0
2025-04-08 12:16:00,TSG.V,,0.14499999582767487,0.14499999582767487,0.14499999582767487,0.14499999582767487,2000.0
2025-04-08 12:16:00,WRLG.V,,0.5799999833106995,0.5799999833106995,0.5799999833106995,0.5799999833106995,39500.0
2025-04-08 12:17:00,VXTR.V,,0.029999999329447746,0.029999999329447746,0.029999999329447746,0.029999999329447746,2000.0
2025-04-08 12:17:00,WED.V,,30.1299991607666,30.139999389648438,30.1299991607666,30.139999389648438,400.0
2025-04-08 12:17:00,ZOMD.V,,0.48500001430511475,0.48500001430511475,0.48500001430511475,0.48500001430511475,500.0
2025-04-08 12:18:00,WED.V,,30.1200008392334,30.1200008392334,30.1200008392334,30.1200008392334,100.0
2025-04-08 12:18:00,ZDC.V,,2.8299999237060547,2.8299999237060547,2.8299999237060547,2.8299999237060547,4000.0
2025-04-08 12:20:00,TTGI.V,,0.05000000074505806,0.05000000074505806,0.05000000074505806,0.05000000074505806,40000.0
2025-04-08 12:20:00,WED.V,,29.889999389648438,29.889999389648438,29.8799991607666,29.8799991607666,200.0
2025-04-08 12:21:00,WED.V,,29.8799991607666,29.8799991607666,29.8799991607666,29.8799991607666,100.0
2025-04-08 12:21:00,ZDC.V,,2.8399999141693115,2.8399999141693115,2.8299999237060547,2.8299999237060547,3100.0
2025-04-08 12:21:00,ZEN.V,,1.4600000381469727,1.4700000286102295,1.4600000381469727,1.4700000286102295,300.0
2025-04-08 12:22:00,TOI.V,,138.99000549316406,139.0,138.47000122070312,139.0,2258.0
2025-04-08 12:23:00,TOI.V,,139.0,139.0,139.0,139.0,100.0
2025-04-08 12:23:00,ZEN.V,,1.5,1.5,1.4900000095367432,1.4900000095367432,1000.0
2025-04-08 12:23:00,ZOMD.V,,0.47999998927116394,0.47999998927116394,0.47999998927116394,0.47999998927116394,2500.0
2025-04-08 12:25:00,WAM.V,,0.5699999928474426,0.5699999928474426,0.5600000023841858,0.5600000023841858,2000.0
2025-04-08 12:26:00,NILI.V,,0.2750000059604645,0.2750000059604645,0.2750000059604645,0.2750000059604645,6500.0
2025-04-08 12:26:00,ZDC.V,,2.799999952316284,2.819999933242798,2.799999952316284,2.819999933242798,1000.0
2025-04-08 12:27:00,TSG.V,,0.14000000059604645,0.14000000059604645,0.14000000059604645,0.14000000059604645,7500.0
2025-04-08 12:28:00,NILI.V,,0.26499998569488525,0.27000001072883606,0.26499998569488525,0.27000001072883606,6200.0
2025-04-08 12:28:00,TINY.V,,1.1100000143051147,1.1100000143051147,1.1100000143051147,1.1100000143051147,35300.0
2025-04-08 12:29:00,TOI.V,,139.0,139.0,139.0,139.0,200.0
2025-04-08 12:29:00,WAM.V,,0.5699999928474426,0.5699999928474426,0.5699999928474426,0.5699999928474426,1000.0
2025-04-08 12:29:00,WED.V,,29.969999313354492,29.969999313354492,29.969999313354492,29.969999313354492,100.0
2025-04-08 12:31:00,TINY.V,,1.1100000143051147,1.1100000143051147,1.1100000143051147,1.1100000143051147,7000.0
2025-04-08 12:31:00,TOI.V,,139.0,139.0,139.0,139.0,400.0
2025-04-08 12:31:00,TUD.V,,0.5600000023841858,0.5600000023841858,0.5600000023841858,0.5600000023841858,1000.0
2025-04-08 12:32:00,TOI.V,,139.92999267578125,139.92999267578125,139.39999389648438,139.39999389648438,300.0
2025-04-08 12:32:00,WED.V,,30.209999084472656,30.209999084472656,30.209999084472656,30.209999084472656,100.0
2025-04-08 12:32:00,YEG.V,,0.20000000298023224,0.20000000298023224,0.20000000298023224,0.20000000298023224,1000.0
2025-04-08 12:33:00,TINY.V,,1.1200000047683716,1.1200000047683716,1.1200000047683716,1.1200000047683716,2515.0
2025-04-08 12:34:00,ZDC.V,,2.809999942779541,2.809999942779541,2.7799999713897705,2.799999952316284,1714.0
2025-04-08 12:35:00,TSLV.V,,0.07999999821186066,0.07999999821186066,0.07999999821186066,0.07999999821186066,10913.0
2025-04-08 12:35:00,WED.V,,30.09000015258789,30.09000015258789,30.09000015258789,30.09000015258789,166.0
2025-04-08 12:37:00,TOI.V,,139.2899932861328,139.2899932861328,139.2899932861328,139.2899932861328,100.0
2025-04-08 12:38:00,ONE.V,,0.2150000035762787,0.22499999403953552,0.2150000035762787,0.22499999403953552,2500.0
2025-04-08 12:38:00,TOI.V,,139.1300048828125,139.2899932861328,139.1300048828125,139.2899932861328,560.0
2025-04-08 12:38:00,TUD.V,,0.550000011920929,0.550000011920929,0.550000011920929,0.550000011920929,500.0
2025-04-08 12:38:00,WED.V,,29.899999618530273,29.899999618530273,29.899999618530273,29.899999618530273,100.0
2025-04-08 12:39:00,TGH.V,,0.949999988079071,0.949999988079071,0.949999988079071,0.949999988079071,1000.0
2025-04-08 12:39:00,TOI.V,,139.22000122070312,139.22000122070312,139.0,139.0,500.0
2025-04-08 12:39:00,TPL.V,,0.8999999761581421,0.8999999761581421,0.8999999761581421,0.8999999761581421,500.0
2025-04-08 12:39:00,TUO.V,,0.699999988079071,0.7099999785423279,0.699999988079071,0.7099999785423279,12200.0
2025-04-08 12:40:00,ONE.V,,0.22499999403953552,0.22499999403953552,0.22499999403953552,0.22499999403953552,1000.0
2025-04-08 12:40:00,TOI.V,,138.94500732421875,139.0399932861328,138.94500732421875,139.0399932861328,600.0
2025-04-08 12:40:00,TPL.V,,0.8999999761581421,0.8999999761581421,0.8999999761581421,0.8999999761581421,750.0
2025-04-08 12:40:00,TUK.V,,0.0949999988079071,0.0949999988079071,0.0949999988079071,0.0949999988079071,28000.0
2025-04-08 12:40:00,TUO.V,,0.699999988079071,0.699999988079071,0.699999988079071,0.699999988079071,3500.0
2025-04-08 12:41:00,TOI.V,,139.0,139.05499267578125,139.0,139.00999450683594,803.0
2025-04-08 12:41:00,WED.V,,29.889999389648438,29.889999389648438,29.889999389648438,29.889999389648438,100.0
2025-04-08 12:42:00,THX.V,,0.4650000035762787,0.4650000035762787,0.4650000035762787,0.4650000035762787,33500.0
2025-04-08 12:42:00,ZEN.V,,1.4500000476837158,1.4700000286102295,1.4500000476837158,1.4700000286102295,4100.0
2025-04-08 12:43:00,THX.V,,0.4699999988079071,0.4699999988079071,0.4699999988079071,0.4699999988079071,12500.0
2025-04-08 12:43:00,WAM.V,,0.5699999928474426,0.5699999928474426,0.5600000023841858,0.5600000023841858,3000.0
2025-04-08 12:43:00,WED.V,,29.8799991607666,29.8799991607666,29.8799991607666,29.8799991607666,100.0
2025-04-08 12:44:00,WAM.V,,0.5600000023841858,0.5600000023841858,0.5600000023841858,0.5600000023841858,1000.0
2025-04-08 12:44:00,WED.V,,29.8799991607666,29.8799991607666,29.8799991607666,29.8799991607666,100.0
2025-04-08 12:44:00,ZDC.V,,2.819999933242798,2.819999933242798,2.819999933242798,2.819999933242798,100.0
2025-04-08 12:45:00,TLT.V,,0.18000000715255737,0.18000000715255737,0.18000000715255737,0.18000000715255737,1500.0
2025-04-08 12:45:00,TOI.V,,139.0399932861328,139.08999633789062,139.0399932861328,139.08999633789062,300.0
2025-04-08 12:45:00,TUK.V,,0.0949999988079071,0.0949999988079071,0.0949999988079071,0.0949999988079071,5000.0
2025-04-08 12:45:00,WAM.V,,0.5600000023841858,0.5600000023841858,0.5600000023841858,0.5600000023841858,1000.0
2025-04-08 12:47:00,THRM.V,,0.019999999552965164,0.019999999552965164,0.019999999552965164,0.019999999552965164,33000.0
2025-04-08 12:47:00,TWO.V,,0.1550000011920929,0.1550000011920929,0.1550000011920929,0.1550000011920929,2500.0
2025-04-08 12:48:00,WED.V,,30.0,30.0,30.0,30.0,300.0
2025-04-08 12:48:00,WEX.V,,0.6899999976158142,0.7099999785423279,0.6899999976158142,0.7099999785423279,7000.0
2025-04-08 12:48:00,ZDC.V,,2.7899999618530273,2.799999952316284,2.7899999618530273,2.799999952316284,400.0
2025-04-08 12:50:00,THX.V,,0.4749999940395355,0.4749999940395355,0.4749999940395355,0.4749999940395355,10000.0
2025-04-08 12:51:00,TKU.V,,0.004999999888241291,0.004999999888241291,0.004999999888241291,0.004999999888241291,14947.0
2025-04-08 12:53:00,TUD.V,,0.550000011920929,0.550000011920929,0.550000011920929,0.550000011920929,500.0
2025-04-08 12:54:00,THX.V,,0.4650000035762787,0.4650000035762787,0.4650000035762787,0.4650000035762787,4500.0
2025-04-08 12:54:00,TOI.V,,139.49000549316406,139.49000549316406,139.49000549316406,139.49000549316406,100.0
2025-04-08 12:54:00,TUK.V,,0.09000000357627869,0.09000000357627869,0.09000000357627869,0.09000000357627869,57000.0
2025-04-08 12:54:00,WCU.V,,0.03999999910593033,0.03999999910593033,0.03999999910593033,0.03999999910593033,17000.0
2025-04-08 12:55:00,TOI.V,,139.49000549316406,139.5,139.49000549316406,139.5,200.0
2025-04-08 12:55:00,ZDC.V,,2.7699999809265137,2.7899999618530273,2.7699999809265137,2.7899999618530273,2500.0
2025-04-08 12:57:00,UCU.V,,1.0800000429153442,1.0800000429153442,1.0800000429153442,1.0800000429153442,200.0
2025-04-08 12:57:00,WED.V,,30.0,30.0,30.0,30.0,300.0
2025-04-08 12:58:00,UCU.V,,1.0700000524520874,1.0700000524520874,1.0700000524520874,1.0700000524520874,100.0
2025-04-08 12:58:00,WCU.V,,0.03999999910593033,0.03999999910593033,0.03999999910593033,0.03999999910593033,82000.0
2025-04-08 13:00:00,VPT.V,,0.13500000536441803,0.13500000536441803,0.13500000536441803,0.13500000536441803,5000.0
2025-04-08 13:00:00,WED.V,,30.0,30.0,30.0,30.0,200.0
2025-04-08 13:01:00,TINY.V,,1.1100000143051147,1.1100000143051147,1.1100000143051147,1.1100000143051147,28500.0
2025-04-08 13:01:00,TOI.V,,139.17999267578125,139.17999267578125,139.17999267578125,139.17999267578125,133.0
2025-04-08 13:01:00,WEX.V,,0.699999988079071,0.7099999785423279,0.699999988079071,0.7099999785423279,2500.0
2025-04-08 13:01:00,WIL.V,,0.4749999940395355,0.4749999940395355,0.4749999940395355,0.4749999940395355,6000.0
2025-04-08 13:02:00,TOI.V,,139.0,139.02999877929688,139.0,139.02999877929688,918.0
2025-04-08 13:02:00,WED.V,,29.989999771118164,29.989999771118164,29.989999771118164,29.989999771118164,100.0
2025-04-08 13:02:00,WGO.V,,0.20999999344348907,0.20999999344348907,0.20999999344348907,0.20999999344348907,500.0
2025-04-08 13:02:00,ZOMD.V,,0.48750001192092896,0.48750001192092896,0.48500001430511475,0.48500001430511475,2800.0
2025-04-08 13:03:00,TINY.V,,1.100000023841858,1.100000023841858,1.100000023841858,1.100000023841858,5100.0
2025-04-08 13:04:00,TOI.V,,139.10000610351562,139.10000610351562,139.10000610351562,139.10000610351562,100.0
2025-04-08 13:05:00,TOI.V,,139.2100067138672,139.2100067138672,139.2100067138672,139.2100067138672,1750.0
2025-04-08 13:05:00,WED.V,,29.979999542236328,29.979999542236328,29.979999542236328,29.979999542236328,100.0
2025-04-08 13:06:00,TGH.V,,0.9800000190734863,0.9800000190734863,0.9800000190734863,0.9800000190734863,4500.0
2025-04-08 13:06:00,WED.V,,29.979999542236328,29.979999542236328,29.979999542236328,29.979999542236328,100.0
2025-04-08 13:07:00,TOI.V,,138.80499267578125,139.0,138.80499267578125,139.0,600.0
2025-04-08 13:07:00,UGD.V,,0.09000000357627869,0.09000000357627869,0.09000000357627869,0.09000000357627869,0.0
2025-04-08 13:07:00,WED.V,,29.979999542236328,29.979999542236328,29.979999542236328,29.979999542236328,200.0
2025-04-08 13:08:00,TOI.V,,138.99000549316406,138.99000549316406,138.99000549316406,138.99000549316406,100.0
2025-04-08 13:08:00,ZOMD.V,,0.47999998927116394,0.47999998927116394,0.47999998927116394,0.47999998927116394,9860.0
2025-04-08 13:09:00,TOI.V,,139.10000610351562,139.10000610351562,139.10000610351562,139.10000610351562,100.0
2025-04-08 13:09:00,TUD.V,,0.550000011920929,0.550000011920929,0.550000011920929,0.550000011920929,15000.0
2025-04-08 13:10:00,TUD.V,,0.5550000071525574,0.5550000071525574,0.5550000071525574,0.5550000071525574,1000.0
2025-04-08 13:10:00,ZOMD.V,,0.47999998927116394,0.47999998927116394,0.47999998927116394,0.47999998927116394,500.0
2025-04-08 13:11:00,TMG.V,,0.10499999672174454,0.10499999672174454,0.10499999672174454,0.10499999672174454,21500.0
2025-04-08 13:11:00,TOI.V,,138.3300018310547,139.0,138.3300018310547,139.0,1000.0
2025-04-08 13:11:00,TUO.V,,0.6899999976158142,0.6899999976158142,0.6899999976158142,0.6899999976158142,3500.0
2025-04-08 13:11:00,UCU.V,,1.0700000524520874,1.0700000524520874,1.0700000524520874,1.0700000524520874,300.0
2025-04-08 13:11:00,WED.V,,29.979999542236328,29.979999542236328,29.979999542236328,29.979999542236328,100.0
2025-04-08 13:11:00,ZDC.V,,2.75,2.7699999809265137,2.75,2.7699999809265137,29578.0
2025-04-08 13:12:00,TGH.V,,0.9599999785423279,0.9599999785423279,0.9599999785423279,0.9599999785423279,1000.0
2025-04-08 13:12:00,TOI.V,,138.6999969482422,138.6999969482422,138.6999969482422,138.6999969482422,100.0
2025-04-08 13:12:00,TORC.V,,0.07999999821186066,0.07999999821186066,0.07999999821186066,0.07999999821186066,0.0
2025-04-08 13:12:00,WED.V,,29.8799991607666,29.8799991607666,29.8799991607666,29.8799991607666,100.0
2025-04-08 13:12:00,WRLG.V,,0.5699999928474426,0.5699999928474426,0.5699999928474426,0.5699999928474426,137800.0
2025-04-08 13:12:00,ZEN.V,,1.4700000286102295,1.4700000286102295,1.4700000286102295,1.4700000286102295,100.0
2025-04-08 13:12:00,ZOMD.V,,0.47999998927116394,0.47999998927116394,0.47999998927116394,0.47999998927116394,6500.0
2025-04-08 13:13:00,THX.V,,0.4650000035762787,0.4650000035762787,0.4650000035762787,0.4650000035762787,3000.0
2025-04-08 13:13:00,TUO.V,,0.6899999976158142,0.699999988079071,0.6899999976158142,0.699999988079071,3500.0
2025-04-08 13:15:00,TBK.V,,0.28999999165534973,0.28999999165534973,0.28999999165534973,0.28999999165534973,1500.0
2025-04-08 13:15:00,ZOMD.V,,0.47999998927116394,0.47999998927116394,0.47999998927116394,0.47999998927116394,5000.0
2025-04-08 13:16:00,WED.V,,29.850000381469727,29.850000381469727,29.850000381469727,29.850000381469727,100.0
2025-04-08 13:16:00,WRLG.V,,0.5699999928474426,0.5699999928474426,0.5699999928474426,0.5699999928474426,17000.0
2025-04-08 13:17:00,NILI.V,,0.26499998569488525,0.26499998569488525,0.26499998569488525,0.26499998569488525,9000.0
2025-04-08 13:17:00,TUD.V,,0.550000011920929,0.550000011920929,0.550000011920929,0.550000011920929,6000.0
2025-04-08 13:17:00,WRLG.V,,0.5799999833106995,0.5799999833106995,0.5799999833106995,0.5799999833106995,500.0
2025-04-08 13:20:00,NILI.V,,0.26499998569488525,0.26499998569488525,0.26499998569488525,0.26499998569488525,5000.0
2025-04-08 13:20:00,TG.V,,0.20999999344348907,0.20999999344348907,0.20999999344348907,0.20999999344348907,5000.0
2025-04-08 13:22:00,NILI.V,,0.26499998569488525,0.26499998569488525,0.26499998569488525,0.26499998569488525,1000.0
2025-04-08 13:22:00,TGH.V,,0.9800000190734863,0.9800000190734863,0.9800000190734863,0.9800000190734863,2000.0
2025-04-08 13:22:00,TGOL.V,,0.054999999701976776,0.054999999701976776,0.054999999701976776,0.054999999701976776,2000.0
2025-04-08 13:22:00,TOI.V,,138.86000061035156,138.86000061035156,138.86000061035156,138.86000061035156,100.0
2025-04-08 13:22:00,VML.V,,0.5299999713897705,0.5299999713897705,0.5299999713897705,0.5299999713897705,1000.0
2025-04-08 13:22:00,WRLG.V,,0.5699999928474426,0.5699999928474426,0.5699999928474426,0.5699999928474426,14500.0
2025-04-08 13:23:00,TLT.V,,0.17000000178813934,0.17000000178813934,0.17000000178813934,0.17000000178813934,34000.0
2025-04-08 13:23:00,TOI.V,,138.8249969482422,138.94000244140625,138.7899932861328,138.85000610351562,740.0
2025-04-08 13:23:00,TUD.V,,0.550000011920929,0.550000011920929,0.550000011920929,0.550000011920929,2950.0
2025-04-08 13:23:00,VLT.V,,0.27000001072883606,0.2800000011920929,0.27000001072883606,0.2800000011920929,24500.0
2025-04-08 13:23:00,VM.V,,0.1850000023841858,0.1850000023841858,0.1850000023841858,0.1850000023841858,2000.0
2025-04-08 13:23:00,WRLG.V,,0.5699999928474426,0.5699999928474426,0.5699999928474426,0.5699999928474426,500.0
2025-04-08 13:24:00,WRLG.V,,0.5699999928474426,0.5699999928474426,0.5699999928474426,0.5699999928474426,15500.0
2025-04-08 13:25:00,TOI.V,,138.99000549316406,138.99000549316406,138.9499969482422,138.9499969482422,300.0
2025-04-08 13:25:00,TUD.V,,0.550000011920929,0.550000011920929,0.550000011920929,0.550000011920929,1000.0
2025-04-08 13:25:00,VPT.V,,0.13500000536441803,0.13500000536441803,0.13500000536441803,0.13500000536441803,2010.0
2025-04-08 13:25:00,ZDC.V,,2.75,2.75,2.75,2.75,100.0
2025-04-08 13:26:00,TGH.V,,0.9900000095367432,0.9900000095367432,0.9900000095367432,0.9900000095367432,8000.0
2025-04-08 13:27:00,TG.V,,0.20000000298023224,0.20000000298023224,0.20000000298023224,0.20000000298023224,10000.0
2025-04-08 13:27:00,TOI.V,,138.9199981689453,138.9199981689453,138.91000366210938,138.91000366210938,200.0
2025-04-08 13:27:00,WED.V,,29.739999771118164,29.739999771118164,29.729999542236328,29.729999542236328,200.0
2025-04-08 13:27:00,WRLG.V,,0.5699999928474426,0.5699999928474426,0.5699999928474426,0.5699999928474426,3000.0
2025-04-08 13:27:00,ZDC.V,,2.740000009536743,2.740000009536743,2.740000009536743,2.740000009536743,300.0
2025-04-08 13:28:00,AUMB.V,,0.18000000715255737,0.18000000715255737,0.18000000715255737,0.18000000715255737,21000.0
2025-04-08 13:28:00,TMG.V,,0.10499999672174454,0.10499999672174454,0.10499999672174454,0.10499999672174454,2500.0
2025-04-08 13:28:00,VPT.V,,0.13500000536441803,0.13500000536441803,0.13500000536441803,0.13500000536441803,4500.0
2025-04-08 13:28:00,WRLG.V,,0.5699999928474426,0.5699999928474426,0.5699999928474426,0.5699999928474426,503.0
2025-04-08 13:29:00,TKU.V,,0.009999999776482582,0.009999999776482582,0.009999999776482582,0.009999999776482582,2000.0
2025-04-08 13:29:00,WED.V,,29.709999084472656,29.709999084472656,29.709999084472656,29.709999084472656,100.0
2025-04-08 13:29:00,WHY.V,,0.27000001072883606,0.27000001072883606,0.27000001072883606,0.27000001072883606,3000.0
2025-04-08 13:29:00,XCYT.V,,0.1899999976158142,0.1899999976158142,0.1899999976158142,0.1899999976158142,15500.0
2025-04-08 13:30:00,VPT.V,,0.12999999523162842,0.13500000536441803,0.12999999523162842,0.13500000536441803,5000.0
2025-04-08 13:31:00,TOI.V,,138.52999877929688,138.66000366210938,138.49000549316406,138.49000549316406,600.0
2025-04-08 13:31:00,WED.V,,29.709999084472656,29.709999084472656,29.709999084472656,29.709999084472656,100.0
2025-04-08 13:31:00,WVM.V,,1.0800000429153442,1.0800000429153442,1.0800000429153442,1.0800000429153442,100.0
2025-04-08 13:31:00,XCYT.V,,0.20999999344348907,0.20999999344348907,0.20999999344348907,0.20999999344348907,4000.0
2025-04-08 13:31:00,ZDC.V,,2.75,2.75,2.75,2.75,1200.0
2025-04-08 13:32:00,TLT.V,,0.17000000178813934,0.17000000178813934,0.17000000178813934,0.17000000178813934,31500.0
2025-04-08 13:32:00,TRU.V,,0.019999999552965164,0.019999999552965164,0.019999999552965164,0.019999999552965164,36000.0
2025-04-08 13:32:00,TUD.V,,0.550000011920929,0.550000011920929,0.550000011920929,0.550000011920929,500.0
2025-04-08 13:32:00,UCU.V,,1.0700000524520874,1.0700000524520874,1.0700000524520874,1.0700000524520874,600.0
2025-04-08 13:32:00,ZDC.V,,2.75,2.75,2.75,2.75,100.0
2025-04-08 13:33:00,TOI.V,,138.66000366210938,138.66000366210938,138.3350067138672,138.3350067138672,200.0
2025-04-08 13:33:00,TSG.V,,0.14000000059604645,0.14499999582767487,0.14000000059604645,0.14499999582767487,2000.0
2025-04-08 13:33:00,WRLG.V,,0.5699999928474426,0.5699999928474426,0.5699999928474426,0.5699999928474426,12503.0
2025-04-08 13:33:00,ZDC.V,,2.75,2.75,2.75,2.75,100.0
2025-04-08 13:34:00,AUMB.V,,0.17499999701976776,0.17499999701976776,0.17499999701976776,0.17499999701976776,7000.0
2025-04-08 13:34:00,TGOL.V,,0.05000000074505806,0.05000000074505806,0.05000000074505806,0.05000000074505806,100000.0
2025-04-08 13:34:00,TOI.V,,138.99000549316406,138.99000549316406,138.6999969482422,138.7899932861328,600.0
2025-04-08 13:34:00,WED.V,,29.709999084472656,29.709999084472656,29.709999084472656,29.709999084472656,100.0
2025-04-08 13:34:00,ZOMD.V,,0.4749999940395355,0.47999998927116394,0.4749999940395355,0.47999998927116394,10000.0
2025-04-08 13:35:00,AUMB.V,,0.17499999701976776,0.17499999701976776,0.17499999701976776,0.17499999701976776,1500.0
2025-04-08 13:35:00,THX.V,,0.4650000035762787,0.4650000035762787,0.4650000035762787,0.4650000035762787,5500.0
2025-04-08 13:35:00,TOI.V,,139.0,139.0,139.0,139.0,500.0
2025-04-08 13:35:00,VTX.V,,0.23499999940395355,0.23499999940395355,0.23499999940395355,0.23499999940395355,2704.0
2025-04-08 13:35:00,WRLG.V,,0.5699999928474426,0.5699999928474426,0.5699999928474426,0.5699999928474426,500.0
2025-04-08 13:35:00,ZOMD.V,,0.47999998927116394,0.47999998927116394,0.47999998927116394,0.47999998927116394,1500.0
2025-04-08 13:36:00,WED.V,,29.719999313354492,29.719999313354492,29.719999313354492,29.719999313354492,100.0
2025-04-08 13:37:00,VIO.V,,0.16500000655651093,0.16500000655651093,0.16500000655651093,0.16500000655651093,1000.0
2025-04-08 13:38:00,THX.V,,0.46000000834465027,0.46000000834465027,0.46000000834465027,0.46000000834465027,5211.0
2025-04-08 13:39:00,THX.V,,0.46000000834465027,0.46000000834465027,0.46000000834465027,0.46000000834465027,13000.0
2025-04-08 13:39:00,TOI.V,,139.02000427246094,139.1199951171875,139.02000427246094,139.11000061035156,500.0
2025-04-08 13:39:00,WRLG.V,,0.574999988079071,0.574999988079071,0.574999988079071,0.574999988079071,2000.0
2025-04-08 13:39:00,XTM.V,,0.03500000014901161,0.03500000014901161,0.03500000014901161,0.03500000014901161,0.0
2025-04-08 13:40:00,TUO.V,,0.6800000071525574,0.6899999976158142,0.6800000071525574,0.6899999976158142,24500.0
2025-04-08 13:41:00,TGOL.V,,0.05000000074505806,0.05000000074505806,0.05000000074505806,0.05000000074505806,7000.0
2025-04-08 13:41:00,TUO.V,,0.6899999976158142,0.6899999976158142,0.6899999976158142,0.6899999976158142,500.0
2025-04-08 13:42:00,TOI.V,,139.00999450683594,139.00999450683594,139.00999450683594,139.00999450683594,109.0
2025-04-08 13:42:00,ZON.V,,0.054999999701976776,0.054999999701976776,0.054999999701976776,0.054999999701976776,0.0
2025-04-08 13:43:00,XTM.V,,0.03500000014901161,0.03500000014901161,0.03500000014901161,0.03500000014901161,41000.0
2025-04-08 13:43:00,ZDC.V,,2.759999990463257,2.759999990463257,2.75,2.75,1600.0
2025-04-08 13:43:00,ZEN.V,,1.4600000381469727,1.4600000381469727,1.4600000381469727,1.4600000381469727,100.0
2025-04-08 13:44:00,TGOL.V,,0.04500000178813934,0.04500000178813934,0.04500000178813934,0.04500000178813934,347000.0
2025-04-08 13:45:00,TOI.V,,139.10000610351562,139.10000610351562,139.10000610351562,139.10000610351562,193.0
2025-04-08 13:46:00,WED.V,,29.940000534057617,29.940000534057617,29.940000534057617,29.940000534057617,100.0
2025-04-08 13:47:00,WED.V,,29.940000534057617,29.940000534057617,29.940000534057617,29.940000534057617,100.0
2025-04-08 13:48:00,AUMB.V,,0.17000000178813934,0.17000000178813934,0.17000000178813934,0.17000000178813934,14000.0
2025-04-08 13:48:00,TUD.V,,0.550000011920929,0.550000011920929,0.550000011920929,0.550000011920929,500.0
2025-04-08 13:48:00,VO.V,,0.054999999701976776,0.054999999701976776,0.054999999701976776,0.054999999701976776,8000.0
2025-04-08 13:48:00,WED.V,,29.940000534057617,29.940000534057617,29.940000534057617,29.940000534057617,100.0
2025-04-08 13:48:00,WHN.V,,0.125,0.125,0.125,0.125,27000.0
2025-04-08 13:49:00,VO.V,,0.054999999701976776,0.054999999701976776,0.054999999701976776,0.054999999701976776,553000.0
2025-04-08 13:49:00,WED.V,,29.940000534057617,29.940000534057617,29.940000534057617,29.940000534057617,100.0
2025-04-08 13:49:00,WRLG.V,,0.5699999928474426,0.5699999928474426,0.5699999928474426,0.5699999928474426,2500.0
2025-04-08 13:50:00,TMG.V,,0.10499999672174454,0.10499999672174454,0.10499999672174454,0.10499999672174454,10000.0
2025-04-08 13:50:00,VO.V,,0.054999999701976776,0.054999999701976776,0.054999999701976776,0.054999999701976776,147000.0
2025-04-08 13:52:00,TPL.V,,0.8999999761581421,0.8999999761581421,0.8999999761581421,0.8999999761581421,500.0
2025-04-08 13:52:00,ZON.V,,0.05999999865889549,0.05999999865889549,0.05999999865889549,0.05999999865889549,2000.0
2025-04-08 13:53:00,WAM.V,,0.5600000023841858,0.5600000023841858,0.5600000023841858,0.5600000023841858,2100.0
2025-04-08 13:53:00,XCYT.V,,0.23000000417232513,0.23000000417232513,0.23000000417232513,0.23000000417232513,19500.0
2025-04-08 13:53:00,YEG.V,,0.19499999284744263,0.19499999284744263,0.19499999284744263,0.19499999284744263,1000.0
2025-04-08 13:54:00,TUD.V,,0.550000011920929,0.550000011920929,0.550000011920929,0.550000011920929,500.0
2025-04-08 13:56:00,TGOL.V,,0.05000000074505806,0.05000000074505806,0.05000000074505806,0.05000000074505806,2000.0
2025-04-08 13:56:00,TPL.V,,1.0,1.0,1.0,1.0,2500.0
2025-04-08 13:57:00,TOI.V,,139.22999572753906,139.22999572753906,139.22999572753906,139.22999572753906,265.0
2025-04-08 13:57:00,XCYT.V,,0.23000000417232513,0.23000000417232513,0.23000000417232513,0.23000000417232513,1000.0
2025-04-08 13:57:00,YEG.V,,0.20000000298023224,0.20000000298023224,0.20000000298023224,0.20000000298023224,1000.0
2025-04-08 13:58:00,TGH.V,,0.9700000286102295,0.9800000190734863,0.9700000286102295,0.9800000190734863,3500.0
2025-04-08 13:58:00,TINY.V,,1.090000033378601,1.090000033378601,1.090000033378601,1.090000033378601,1000.0
2025-04-08 13:58:00,TRBE.V,,0.4300000071525574,0.4300000071525574,0.4300000071525574,0.4300000071525574,500.0
2025-04-08 13:58:00,UCU.V,,1.0499999523162842,1.059999942779541,1.0499999523162842,1.059999942779541,9800.0
2025-04-08 13:59:00,TSG.V,,0.14499999582767487,0.14499999582767487,0.14499999582767487,0.14499999582767487,12000.0
2025-04-08 14:00:00,TPL.V,,1.0,1.0,1.0,1.0,1000.0
2025-04-08 14:00:00,WED.V,,29.940000534057617,29.940000534057617,29.940000534057617,29.940000534057617,100.0
2025-04-08 14:01:00,TG.V,,0.20999999344348907,0.20999999344348907,0.20999999344348907,0.20999999344348907,1000.0
2025-04-08 14:01:00,WED.V,,29.920000076293945,29.920000076293945,29.920000076293945,29.920000076293945,100.0
2025-04-08 14:02:00,WRLG.V,,0.5699999928474426,0.5699999928474426,0.5699999928474426,0.5699999928474426,6000.0
2025-04-08 14:03:00,WEX.V,,0.7200000286102295,0.7200000286102295,0.7200000286102295,0.7200000286102295,1000.0
2025-04-08 14:04:00,TLA.V,,0.6200000047683716,0.6200000047683716,0.6200000047683716,0.6200000047683716,10000.0
2025-04-08 14:04:00,TRBC.V,,0.3400000035762787,0.3400000035762787,0.3400000035762787,0.3400000035762787,0.0
2025-04-08 14:05:00,TGH.V,,0.949999988079071,0.949999988079071,0.949999988079071,0.949999988079071,1000.0
2025-04-08 14:05:00,WED.V,,29.920000076293945,29.920000076293945,29.920000076293945,29.920000076293945,100.0
2025-04-08 14:06:00,WRLG.V,,0.5699999928474426,0.5699999928474426,0.5600000023841858,0.5699999928474426,3500.0
2025-04-08 14:06:00,ZDC.V,,2.7699999809265137,2.7699999809265137,2.7699999809265137,2.7699999809265137,100.0
2025-04-08 14:07:00,TOI.V,,138.98500061035156,138.98500061035156,138.75,138.75,203.0
2025-04-08 14:07:00,WED.V,,29.889999389648438,29.889999389648438,29.889999389648438,29.889999389648438,100.0
2025-04-08 14:08:00,ONE.V,,0.2150000035762787,0.2199999988079071,0.2150000035762787,0.2199999988079071,2000.0
2025-04-08 14:08:00,TMG.V,,0.10499999672174454,0.10499999672174454,0.10499999672174454,0.10499999672174454,2000.0
2025-04-08 14:08:00,TUD.V,,0.550000011920929,0.550000011920929,0.550000011920929,0.550000011920929,1000.0
2025-04-08 14:08:00,VCU.V,,0.05999999865889549,0.05999999865889549,0.05999999865889549,0.05999999865889549,2000.0
2025-04-08 14:08:00,ZDC.V,,2.740000009536743,2.740000009536743,2.740000009536743,2.740000009536743,1400.0
2025-04-08 14:09:00,TMG.V,,0.10499999672174454,0.10499999672174454,0.10499999672174454,0.10499999672174454,500.0
2025-04-08 14:09:00,TOI.V,,138.75,138.75,138.75,138.75,137.0
2025-04-08 14:10:00,TG.V,,0.20000000298023224,0.20000000298023224,0.20000000298023224,0.20000000298023224,6500.0
2025-04-08 14:10:00,WED.V,,29.719999313354492,29.719999313354492,29.719999313354492,29.719999313354492,100.0
2025-04-08 14:11:00,TRU.V,,0.019999999552965164,0.019999999552965164,0.019999999552965164,0.019999999552965164,10000.0
2025-04-08 14:13:00,SURG.V,,0.10000000149011612,0.10000000149011612,0.10000000149011612,0.10000000149011612,55000.0
2025-04-08 14:13:00,WED.V,,29.719999313354492,29.729999542236328,29.709999084472656,29.729999542236328,1900.0
2025-04-08 14:14:00,TPL.V,,1.0,1.0,1.0,1.0,1000.0
2025-04-08 14:15:00,TMG.V,,0.10999999940395355,0.10999999940395355,0.10499999672174454,0.10499999672174454,51000.0
2025-04-08 14:15:00,VM.V,,0.1850000023841858,0.1850000023841858,0.1850000023841858,0.1850000023841858,2500.0
2025-04-08 14:15:00,WEX.V,,0.7200000286102295,0.7200000286102295,0.7200000286102295,0.7200000286102295,1000.0
2025-04-08 14:15:00,ZOMD.V,,0.4749999940395355,0.4749999940395355,0.4749999940395355,0.4749999940395355,2015.0
2025-04-08 14:16:00,SURG.V,,0.10000000149011612,0.10000000149011612,0.10000000149011612,0.10000000149011612,10000.0
2025-04-08 14:16:00,WRLG.V,,0.5699999928474426,0.5699999928474426,0.5699999928474426,0.5699999928474426,500.0
2025-04-08 14:17:00,AUMB.V,,0.17000000178813934,0.17000000178813934,0.17000000178813934,0.17000000178813934,1650.0
2025-04-08 14:18:00,ONE.V,,0.2150000035762787,0.2150000035762787,0.2150000035762787,0.2150000035762787,500.0
2025-04-08 14:18:00,WEX.V,,0.699999988079071,0.7099999785423279,0.699999988079071,0.7099999785423279,9000.0
2025-04-08 14:19:00,WGO.V,,0.20000000298023224,0.20000000298023224,0.20000000298023224,0.20000000298023224,2500.0
2025-04-08 14:20:00,TK.V,,0.04500000178813934,0.04500000178813934,0.04500000178813934,0.04500000178813934,472111.0
2025-04-08 14:20:00,TOI.V,,139.0800018310547,139.0800018310547,138.99000549316406,138.99000549316406,402.0
2025-04-08 14:20:00,TORC.V,,0.07999999821186066,0.07999999821186066,0.07999999821186066,0.07999999821186066,2000.0
2025-04-08 14:20:00,TUD.V,,0.550000011920929,0.550000011920929,0.550000011920929,0.550000011920929,1000.0
2025-04-08 14:20:00,WEX.V,,0.6899999976158142,0.6899999976158142,0.6899999976158142,0.6899999976158142,1500.0
2025-04-08 14:20:00,WI.V,,0.49000000953674316,0.49000000953674316,0.49000000953674316,0.49000000953674316,8000.0
2025-04-08 14:20:00,WRR.V,,0.17000000178813934,0.17000000178813934,0.17000000178813934,0.17000000178813934,0.0
2025-04-08 14:20:00,ZDC.V,,2.7799999713897705,2.7799999713897705,2.759999990463257,2.759999990463257,2700.0
2025-04-08 14:21:00,TK.V,,0.04500000178813934,0.04500000178813934,0.04500000178813934,0.04500000178813934,69000.0
2025-04-08 14:22:00,ONE.V,,0.20999999344348907,0.20999999344348907,0.20999999344348907,0.20999999344348907,1600.0
2025-04-08 14:22:00,WEX.V,,0.6499999761581421,0.6800000071525574,0.6499999761581421,0.6800000071525574,4500.0
2025-04-08 14:23:00,VCI.V,,5.110000133514404,5.110000133514404,5.110000133514404,5.110000133514404,0.0
2025-04-08 14:23:00,XPLR.V,,0.014999999664723873,0.014999999664723873,0.014999999664723873,0.014999999664723873,0.0
2025-04-08 14:25:00,TLT.V,,0.17000000178813934,0.17000000178813934,0.17000000178813934,0.17000000178813934,500.0
2025-04-08 14:25:00,UCU.V,,1.059999942779541,1.059999942779541,1.059999942779541,1.059999942779541,100.0
2025-04-08 14:26:00,TMG.V,,0.10999999940395355,0.10999999940395355,0.10999999940395355,0.10999999940395355,5500.0
2025-04-08 14:26:00,TUD.V,,0.550000011920929,0.550000011920929,0.550000011920929,0.550000011920929,1500.0
2025-04-08 14:26:00,UCU.V,,1.059999942779541,1.059999942779541,1.059999942779541,1.059999942779541,200.0
2025-04-08 14:26:00,VIO.V,,0.1599999964237213,0.1599999964237213,0.1599999964237213,0.1599999964237213,114500.0
2025-04-08 14:26:00,WGO.V,,0.20000000298023224,0.20000000298023224,0.20000000298023224,0.20000000298023224,13500.0
2025-04-08 14:26:00,ZDC.V,,2.759999990463257,2.759999990463257,2.75,2.759999990463257,2500.0
2025-04-08 14:27:00,TOI.V,,138.72000122070312,138.72000122070312,138.72000122070312,138.72000122070312,100.0
2025-04-08 14:27:00,TUD.V,,0.5400000214576721,0.5400000214576721,0.5400000214576721,0.5400000214576721,500.0
2025-04-08 14:27:00,VIO.V,,0.1599999964237213,0.1599999964237213,0.1599999964237213,0.1599999964237213,6000.0
2025-04-08 14:28:00,TAO.V,,0.0949999988079071,0.0949999988079071,0.0949999988079071,0.0949999988079071,50000.0
2025-04-08 14:28:00,TINY.V,,1.059999942779541,1.0750000476837158,1.059999942779541,1.0750000476837158,2000.0
2025-04-08 14:29:00,ONE.V,,0.2199999988079071,0.2199999988079071,0.2199999988079071,0.2199999988079071,500.0
2025-04-08 14:29:00,WEX.V,,0.699999988079071,0.699999988079071,0.699999988079071,0.699999988079071,500.0
2025-04-08 14:30:00,TUD.V,,0.550000011920929,0.550000011920929,0.550000011920929,0.550000011920929,1500.0
2025-04-08 14:31:00,TOI.V,,139.02000427246094,139.02000427246094,139.02000427246094,139.02000427246094,200.0
2025-04-08 14:32:00,THX.V,,0.4699999988079071,0.4699999988079071,0.4699999988079071,0.4699999988079071,8000.0
2025-04-08 14:33:00,TOI.V,,139.02999877929688,139.02999877929688,138.92999267578125,138.92999267578125,300.0
2025-04-08 14:33:00,WED.V,,29.760000228881836,29.760000228881836,29.760000228881836,29.760000228881836,100.0
2025-04-08 14:34:00,TUD.V,,0.550000011920929,0.550000011920929,0.550000011920929,0.550000011920929,1500.0
2025-04-08 14:34:00,WED.V,,29.75,29.75,29.75,29.75,100.0
2025-04-08 14:35:00,TOI.V,,138.72000122070312,138.72000122070312,138.72000122070312,138.72000122070312,100.0
2025-04-08 14:35:00,WED.V,,29.75,29.75,29.75,29.75,100.0
2025-04-08 14:35:00,ZDC.V,,2.759999990463257,2.759999990463257,2.759999990463257,2.759999990463257,500.0
2025-04-08 14:36:00,TOI.V,,138.72999572753906,138.80999755859375,138.72999572753906,138.80999755859375,343.0
2025-04-08 14:36:00,WED.V,,29.75,29.75,29.75,29.75,100.0
2025-04-08 14:37:00,WED.V,,29.739999771118164,29.739999771118164,29.739999771118164,29.739999771118164,100.0
2025-04-08 14:37:00,WRLG.V,,0.5699999928474426,0.5699999928474426,0.5699999928474426,0.5699999928474426,500.0
2025-04-08 14:38:00,TBK.V,,0.27000001072883606,0.27000001072883606,0.27000001072883606,0.27000001072883606,1500.0
2025-04-08 14:39:00,VMXX.V,,0.17000000178813934,0.17000000178813934,0.17000000178813934,0.17000000178813934,0.0
2025-04-08 14:39:00,WED.V,,29.729999542236328,29.729999542236328,29.729999542236328,29.729999542236328,100.0
2025-04-08 14:40:00,TBIX.V,,0.03999999910593033,0.03999999910593033,0.03999999910593033,0.03999999910593033,1000.0
2025-04-08 14:40:00,TUO.V,,0.699999988079071,0.699999988079071,0.699999988079071,0.699999988079071,2000.0
2025-04-08 14:40:00,WED.V,,29.739999771118164,29.739999771118164,29.729999542236328,29.729999542236328,200.0
2025-04-08 14:41:00,TUO.V,,0.6899999976158142,0.6899999976158142,0.6899999976158142,0.6899999976158142,9000.0
2025-04-08 14:41:00,VPT.V,,0.125,0.12999999523162842,0.125,0.12999999523162842,5000.0
2025-04-08 14:41:00,WED.V,,29.729999542236328,29.729999542236328,29.729999542236328,29.729999542236328,100.0
2025-04-08 14:42:00,ONE.V,,0.20999999344348907,0.2199999988079071,0.20999999344348907,0.2199999988079071,5500.0
2025-04-08 14:42:00,WRLG.V,,0.5699999928474426,0.5699999928474426,0.5699999928474426,0.5699999928474426,500.0
2025-04-08 14:43:00,TDG.V,,0.4099999964237213,0.4099999964237213,0.4099999964237213,0.4099999964237213,14500.0
2025-04-08 14:43:00,WED.V,,29.729999542236328,29.729999542236328,29.729999542236328,29.729999542236328,100.0
2025-04-08 14:43:00,WEX.V,,0.6899999976158142,0.6899999976158142,0.6899999976158142,0.6899999976158142,1500.0
2025-04-08 14:44:00,ZOMD.V,,0.4699999988079071,0.4699999988079071,0.4699999988079071,0.4699999988079071,25000.0
2025-04-08 14:45:00,WED.V,,29.729999542236328,29.729999542236328,29.729999542236328,29.729999542236328,100.0
2025-04-08 14:45:00,ZOMD.V,,0.4650000035762787,0.4650000035762787,0.4650000035762787,0.4650000035762787,2015.0
2025-04-08 14:46:00,AUMB.V,,0.17000000178813934,0.17000000178813934,0.17000000178813934,0.17000000178813934,13500.0
2025-04-08 14:46:00,WED.V,,29.729999542236328,29.729999542236328,29.729999542236328,29.729999542236328,100.0
2025-04-08 14:46:00,WRLG.V,,0.5699999928474426,0.5699999928474426,0.5699999928474426,0.5699999928474426,10000.0
2025-04-08 14:46:00,ZDC.V,,2.7799999713897705,2.7799999713897705,2.7799999713897705,2.7799999713897705,100.0
2025-04-08 14:47:00,WED.V,,29.739999771118164,29.739999771118164,29.729999542236328,29.729999542236328,200.0
2025-04-08 14:47:00,ZEN.V,,1.4500000476837158,1.4500000476837158,1.4500000476837158,1.4500000476837158,100.0
2025-04-08 14:48:00,TWO.V,,0.1550000011920929,0.1550000011920929,0.1550000011920929,0.1550000011920929,2000.0
2025-04-08 14:49:00,WED.V,,29.729999542236328,29.729999542236328,29.729999542236328,29.729999542236328,100.0
2025-04-08 14:50:00,XCYT.V,,0.25,0.25,0.25,0.25,17000.0
2025-04-08 14:51:00,TTZ.V,,0.18000000715255737,0.18000000715255737,0.18000000715255737,0.18000000715255737,0.0
2025-04-08 14:51:00,VLI.V,,0.019999999552965164,0.019999999552965164,0.019999999552965164,0.019999999552965164,7000.0
2025-04-08 14:52:00,TOI.V,,138.2899932861328,138.2899932861328,138.2899932861328,138.2899932861328,101.0
2025-04-08 14:53:00,ZDC.V,,2.7799999713897705,2.7799999713897705,2.7799999713897705,2.7799999713897705,100.0
2025-04-08 14:53:00,ZOMD.V,,0.4699999988079071,0.4699999988079071,0.4699999988079071,0.4699999988079071,500.0
2025-04-08 14:54:00,TDG.V,,0.4050000011920929,0.4099999964237213,0.4050000011920929,0.4099999964237213,4500.0
2025-04-08 14:54:00,TINY.V,,1.0499999523162842,1.0499999523162842,1.0499999523162842,1.0499999523162842,500.0
2025-04-08 14:55:00,TDG.V,,0.41499999165534973,0.41499999165534973,0.4099999964237213,0.4099999964237213,5000.0
2025-04-08 14:55:00,WED.V,,29.729999542236328,29.729999542236328,29.729999542236328,29.729999542236328,100.0
2025-04-08 14:55:00,WRLG.V,,0.574999988079071,0.574999988079071,0.574999988079071,0.574999988079071,500.0
2025-04-08 14:55:00,ZDC.V,,2.75,2.75,2.75,2.75,300.0
2025-04-08 14:56:00,ONE.V,,0.20999999344348907,0.20999999344348907,0.20999999344348907,0.20999999344348907,21000.0
2025-04-08 14:56:00,SURG.V,,0.10000000149011612,0.10000000149011612,0.10000000149011612,0.10000000149011612,20000.0
2025-04-08 14:56:00,TOI.V,,137.00999450683594,138.0500030517578,137.00999450683594,138.0500030517578,1182.0
2025-04-08 14:56:00,WRLG.V,,0.5699999928474426,0.5699999928474426,0.5699999928474426,0.5699999928474426,6500.0
2025-04-08 14:56:00,ZDC.V,,2.75,2.75,2.75,2.75,200.0
2025-04-08 14:56:00,ZOMD.V,,0.4699999988079071,0.4699999988079071,0.4699999988079071,0.4699999988079071,1000.0
2025-04-08 14:57:00,TOI.V,,137.86000061035156,137.99000549316406,137.25999450683594,137.7899932861328,700.0
2025-04-08 14:57:00,VERT.V,,0.05000000074505806,0.054999999701976776,0.05000000074505806,0.054999999701976776,0.0
2025-04-08 14:58:00,TOI.V,,138.1300048828125,138.1300048828125,138.05999755859375,138.05999755859375,200.0
2025-04-08 14:59:00,TOI.V,,138.25999450683594,138.25999450683594,138.2100067138672,138.2100067138672,300.0
2025-04-08 14:59:00,ZOMD.V,,0.4699999988079071,0.4699999988079071,0.4699999988079071,0.4699999988079071,1000.0
2025-04-08 15:00:00,TOI.V,,138.58999633789062,138.6199951171875,138.1999969482422,138.24000549316406,1100.0
2025-04-08 15:00:00,TPC.V,,0.08500000089406967,0.08500000089406967,0.08500000089406967,0.08500000089406967,0.0
2025-04-08 15:00:00,TTI.V,,0.6200000047683716,0.6200000047683716,0.6200000047683716,0.6200000047683716,500.0
2025-04-08 15:00:00,WED.V,,29.809999465942383,29.809999465942383,29.809999465942383,29.809999465942383,100.0
2025-04-08 15:00:00,ZDC.V,,2.740000009536743,2.759999990463257,2.740000009536743,2.759999990463257,250.0
2025-04-08 15:01:00,TOI.V,,138.1999969482422,138.4600067138672,138.1999969482422,138.4600067138672,406.0
2025-04-08 15:02:00,TOI.V,,138.35000610351562,138.4499969482422,138.35000610351562,138.4499969482422,300.0
2025-04-08 15:02:00,WRLG.V,,0.5699999928474426,0.5699999928474426,0.5699999928474426,0.5699999928474426,5000.0
2025-04-08 15:03:00,TGOL.V,,0.04500000178813934,0.04500000178813934,0.04500000178813934,0.04500000178813934,20000.0
2025-04-08 15:03:00,TOI.V,,138.3800048828125,138.72000122070312,138.3800048828125,138.55999755859375,800.0
2025-04-08 15:03:00,VIO.V,,0.1550000011920929,0.1550000011920929,0.1550000011920929,0.1550000011920929,5000.0
2025-04-08 15:03:00,WRLG.V,,0.5699999928474426,0.5699999928474426,0.5699999928474426,0.5699999928474426,500.0
2025-04-08 15:04:00,TOI.V,,137.94000244140625,138.1300048828125,137.94000244140625,138.08999633789062,800.0
2025-04-08 15:04:00,WCU.V,,0.03999999910593033,0.03999999910593033,0.03999999910593033,0.03999999910593033,20000.0
2025-04-08 15:04:00,ZEN.V,,1.4299999475479126,1.440000057220459,1.4299999475479126,1.440000057220459,1400.0
2025-04-08 15:06:00,VCI.V,,5.099999904632568,5.099999904632568,5.099999904632568,5.099999904632568,3700.0
2025-04-08 15:09:00,TGOL.V,,0.05000000074505806,0.05000000074505806,0.05000000074505806,0.05000000074505806,2000.0
2025-04-08 15:10:00,TG.V,,0.1899999976158142,0.19499999284744263,0.1899999976158142,0.19499999284744263,7500.0
2025-04-08 15:10:00,TGH.V,,0.9599999785423279,0.9599999785423279,0.9599999785423279,0.9599999785423279,500.0
2025-04-08 15:10:00,WED.V,,29.309999465942383,29.309999465942383,29.309999465942383,29.309999465942383,100.0
2025-04-08 15:11:00,TGOL.V,,0.04500000178813934,0.04500000178813934,0.04500000178813934,0.04500000178813934,20000.0
2025-04-08 15:12:00,THX.V,,0.46000000834465027,0.46000000834465027,0.46000000834465027,0.46000000834465027,27000.0
2025-04-08 15:13:00,TUD.V,,0.5400000214576721,0.5400000214576721,0.5400000214576721,0.5400000214576721,7000.0
2025-04-08 15:14:00,VIO.V,,0.15000000596046448,0.15000000596046448,0.15000000596046448,0.15000000596046448,14500.0
2025-04-08 15:14:00,VPT.V,,0.12999999523162842,0.12999999523162842,0.12999999523162842,0.12999999523162842,4503.0
2025-04-08 15:14:00,ZDC.V,,2.700000047683716,2.7200000286102295,2.700000047683716,2.7200000286102295,4100.0
2025-04-08 15:16:00,TOI.V,,137.6699981689453,137.6699981689453,137.00999450683594,137.1699981689453,1195.0
2025-04-08 15:16:00,TTGI.V,,0.054999999701976776,0.054999999701976776,0.054999999701976776,0.054999999701976776,31000.0
2025-04-08 15:16:00,ZEN.V,,1.409999966621399,1.409999966621399,1.409999966621399,1.409999966621399,1400.0
2025-04-08 15:17:00,NILI.V,,0.25999999046325684,0.25999999046325684,0.25999999046325684,0.25999999046325684,31500.0
2025-04-08 15:17:00,ZYUS.V,,0.7699999809265137,0.7699999809265137,0.7699999809265137,0.7699999809265137,1000.0
2025-04-08 15:19:00,NILI.V,,0.25999999046325684,0.25999999046325684,0.25999999046325684,0.25999999046325684,5000.0
2025-04-08 15:19:00,ZDC.V,,2.7100000381469727,2.7100000381469727,2.7100000381469727,2.7100000381469727,100.0
2025-04-08 15:20:00,FNR.V,,0.019999999552965164,0.019999999552965164,0.019999999552965164,0.019999999552965164,79000.0
2025-04-08 15:20:00,WBE.V,,0.11500000208616257,0.11500000208616257,0.11500000208616257,0.11500000208616257,0.0
2025-04-08 15:20:00,XCYT.V,,0.25999999046325684,0.25999999046325684,0.25999999046325684,0.25999999046325684,2500.0
2025-04-08 15:21:00,TPL.V,,1.0,1.0,0.9900000095367432,0.9900000095367432,2250.0
2025-04-08 15:21:00,VM.V,,0.1850000023841858,0.1850000023841858,0.1850000023841858,0.1850000023841858,34000.0
2025-04-08 15:21:00,VO.V,,0.054999999701976776,0.054999999701976776,0.054999999701976776,0.054999999701976776,2000.0
2025-04-08 15:22:00,VO.V,,0.054999999701976776,0.054999999701976776,0.054999999701976776,0.054999999701976776,20000.0
2025-04-08 15:22:00,WHN.V,,0.125,0.125,0.125,0.125,76500.0
2025-04-08 15:23:00,TGH.V,,0.949999988079071,0.949999988079071,0.949999988079071,0.949999988079071,500.0
2025-04-08 15:23:00,VO.V,,0.054999999701976776,0.054999999701976776,0.054999999701976776,0.054999999701976776,2000.0
2025-04-08 15:24:00,SPZ.V,,0.11500000208616257,0.11500000208616257,0.11500000208616257,0.11500000208616257,0.0
2025-04-08 15:24:00,USCU.V,,0.05000000074505806,0.05000000074505806,0.05000000074505806,0.05000000074505806,0.0
2025-04-08 15:24:00,YEG.V,,0.19499999284744263,0.19499999284744263,0.19499999284744263,0.19499999284744263,1000.0
2025-04-08 15:24:00,ZEN.V,,1.399999976158142,1.409999966621399,1.399999976158142,1.409999966621399,5000.0
2025-04-08 15:25:00,TOI.V,,137.82000732421875,137.82000732421875,137.80999755859375,137.80999755859375,200.0
2025-04-08 15:25:00,TPL.V,,1.0,1.0,1.0,1.0,500.0
2025-04-08 15:26:00,TAO.V,,0.09000000357627869,0.09000000357627869,0.09000000357627869,0.09000000357627869,20000.0
2025-04-08 15:27:00,TOI.V,,137.88999938964844,137.88999938964844,137.88999938964844,137.88999938964844,100.0
2025-04-08 15:27:00,TUD.V,,0.5400000214576721,0.5400000214576721,0.5400000214576721,0.5400000214576721,500.0
2025-04-08 15:27:00,ULT.V,,0.004999999888241291,0.004999999888241291,0.004999999888241291,0.004999999888241291,11000.0
2025-04-08 15:27:00,VLT.V,,0.2750000059604645,0.2750000059604645,0.2750000059604645,0.2750000059604645,3000.0
2025-04-08 15:27:00,WED.V,,29.40999984741211,29.43000030517578,29.3700008392334,29.3799991607666,700.0
2025-04-08 15:27:00,ZOMD.V,,0.4650000035762787,0.4650000035762787,0.4650000035762787,0.4650000035762787,1100.0
2025-04-08 15:28:00,TGH.V,,0.9700000286102295,0.9700000286102295,0.949999988079071,0.949999988079071,1500.0
2025-04-08 15:28:00,TOI.V,,137.82000732421875,137.82000732421875,137.82000732421875,137.82000732421875,207.0
2025-04-08 15:28:00,VM.V,,0.1850000023841858,0.1850000023841858,0.1850000023841858,0.1850000023841858,9000.0
2025-04-08 15:28:00,VO.V,,0.054999999701976776,0.054999999701976776,0.054999999701976776,0.054999999701976776,1000.0
2025-04-08 15:28:00,WED.V,,29.399999618530273,29.399999618530273,29.399999618530273,29.399999618530273,100.0
2025-04-08 15:29:00,TDG.V,,0.41499999165534973,0.41499999165534973,0.41499999165534973,0.41499999165534973,500.0
2025-04-08 15:29:00,TOI.V,,138.14999389648438,138.14999389648438,138.14999389648438,138.14999389648438,100.0
2025-04-08 15:29:00,TORC.V,,0.07999999821186066,0.07999999821186066,0.07999999821186066,0.07999999821186066,24000.0
2025-04-08 15:29:00,USS.V,,0.25,0.25,0.25,0.25,0.0
2025-04-08 15:29:00,XIM.V,,0.13500000536441803,0.13500000536441803,0.13500000536441803,0.13500000536441803,3000.0
2025-04-08 15:29:00,ZDC.V,,2.700000047683716,2.7100000381469727,2.700000047683716,2.7100000381469727,400.0
2025-04-08 15:29:00,ZEN.V,,1.409999966621399,1.409999966621399,1.409999966621399,1.409999966621399,1000.0
2025-04-08 15:30:00,TOI.V,,137.86000061035156,137.86000061035156,137.86000061035156,137.86000061035156,106.0
2025-04-08 15:30:00,VCI.V,,5.099999904632568,5.099999904632568,5.099999904632568,5.099999904632568,200.0
2025-04-08 15:30:00,WRLG.V,,0.5649999976158142,0.5649999976158142,0.5649999976158142,0.5649999976158142,920.0
2025-04-08 15:30:00,ZDC.V,,2.680000066757202,2.700000047683716,2.680000066757202,2.700000047683716,5800.0
2025-04-08 15:31:00,ZDC.V,,2.690000057220459,2.690000057220459,2.680000066757202,2.680000066757202,2100.0
2025-04-08 15:32:00,TUO.V,,0.6800000071525574,0.6800000071525574,0.6800000071525574,0.6800000071525574,2000.0
2025-04-08 15:32:00,ZDC.V,,2.6700000762939453,2.680000066757202,2.6700000762939453,2.6700000762939453,1500.0
2025-04-08 15:34:00,AWE.V,,0.05999999865889549,0.05999999865889549,0.05999999865889549,0.05999999865889549,0.0
2025-04-08 15:34:00,ONE.V,,0.20999999344348907,0.20999999344348907,0.20999999344348907,0.20999999344348907,500.0
2025-04-08 15:34:00,TBK.V,,0.2800000011920929,0.2800000011920929,0.2800000011920929,0.2800000011920929,550.0
2025-04-08 15:34:00,TGH.V,,0.9599999785423279,0.9599999785423279,0.9599999785423279,0.9599999785423279,2000.0
2025-04-08 15:34:00,TUD.V,,0.550000011920929,0.550000011920929,0.550000011920929,0.550000011920929,500.0
2025-04-08 15:34:00,ZDC.V,,2.7100000381469727,2.7100000381469727,2.690000057220459,2.690000057220459,1300.0
2025-04-08 15:34:00,ZEN.V,,1.409999966621399,1.409999966621399,1.409999966621399,1.409999966621399,977.0
2025-04-08 15:35:00,TOI.V,,138.0399932861328,138.07000732421875,138.0,138.07000732421875,900.0
2025-04-08 15:35:00,WED.V,,29.399999618530273,29.399999618530273,29.399999618530273,29.399999618530273,300.0
2025-04-08 15:35:00,ZDC.V,,2.690000057220459,2.690000057220459,2.690000057220459,2.690000057220459,2100.0
2025-04-08 15:35:00,ZEN.V,,1.399999976158142,1.399999976158142,1.399999976158142,1.399999976158142,1000.0
2025-04-08 15:36:00,THRM.V,,0.019999999552965164,0.019999999552965164,0.019999999552965164,0.019999999552965164,34000.0
2025-04-08 15:36:00,TOI.V,,137.77000427246094,137.91000366210938,137.75,137.90499877929688,916.0
2025-04-08 15:36:00,TUO.V,,0.6700000166893005,0.6700000166893005,0.6700000166893005,0.6700000166893005,4000.0
2025-04-08 15:36:00,VLV.V,,0.15000000596046448,0.15000000596046448,0.15000000596046448,0.15000000596046448,10000.0
2025-04-08 15:37:00,TPL.V,,1.090000033378601,1.090000033378601,1.0499999523162842,1.0499999523162842,12700.0
2025-04-08 15:37:00,TUD.V,,0.550000011920929,0.550000011920929,0.550000011920929,0.550000011920929,4000.0
2025-04-08 15:37:00,TUO.V,,0.6600000262260437,0.6700000166893005,0.6600000262260437,0.6700000166893005,4000.0
2025-04-08 15:37:00,WBE.V,,0.10499999672174454,0.10499999672174454,0.10499999672174454,0.10499999672174454,18000.0
2025-04-08 15:37:00,WEX.V,,0.6800000071525574,0.6800000071525574,0.6800000071525574,0.6800000071525574,2000.0
2025-04-08 15:37:00,ZDC.V,,2.690000057220459,2.690000057220459,2.690000057220459,2.690000057220459,800.0
2025-04-08 15:38:00,THM.V,,0.1850000023841858,0.1850000023841858,0.1850000023841858,0.1850000023841858,500.0
2025-04-08 15:38:00,TINY.V,,1.059999942779541,1.059999942779541,1.059999942779541,1.059999942779541,500.0
2025-04-08 15:38:00,TOI.V,,137.64999389648438,137.9499969482422,137.64999389648438,137.9499969482422,300.0
2025-04-08 15:38:00,TSD.V,,0.125,0.125,0.125,0.125,0.0
2025-04-08 15:38:00,TUD.V,,0.5600000023841858,0.5600000023841858,0.550000011920929,0.550000011920929,11000.0
2025-04-08 15:38:00,TUO.V,,0.6499999761581421,0.6499999761581421,0.6499999761581421,0.6499999761581421,500.0
2025-04-08 15:38:00,WBE.V,,0.10499999672174454,0.10499999672174454,0.10499999672174454,0.10499999672174454,13000.0
2025-04-08 15:38:00,ZDC.V,,2.680000066757202,2.680000066757202,2.680000066757202,2.680000066757202,600.0
2025-04-08 15:39:00,TGOL.V,,0.04500000178813934,0.04500000178813934,0.04500000178813934,0.04500000178813934,4000.0
2025-04-08 15:39:00,TOI.V,,137.75999450683594,137.88999938964844,137.75,137.83999633789062,1000.0
2025-04-08 15:39:00,TSD.V,,0.125,0.125,0.125,0.125,4500.0
2025-04-08 15:39:00,TUD.V,,0.550000011920929,0.550000011920929,0.550000011920929,0.550000011920929,2000.0
2025-04-08 15:39:00,VPT.V,,0.125,0.12999999523162842,0.125,0.12999999523162842,2000.0
2025-04-08 15:39:00,WCU.V,,0.04500000178813934,0.04500000178813934,0.04500000178813934,0.04500000178813934,42000.0
2025-04-08 15:39:00,ZEN.V,,1.409999966621399,1.409999966621399,1.409999966621399,1.409999966621399,1700.0
2025-04-08 15:40:00,TOI.V,,137.64999389648438,137.66000366210938,137.4499969482422,137.64999389648438,2210.0
2025-04-08 15:40:00,ZDC.V,,2.690000057220459,2.690000057220459,2.690000057220459,2.690000057220459,1200.0
2025-04-08 15:40:00,ZOMD.V,,0.46000000834465027,0.46000000834465027,0.46000000834465027,0.46000000834465027,1500.0
2025-04-08 15:41:00,ONE.V,,0.20499999821186066,0.20999999344348907,0.20499999821186066,0.20999999344348907,4500.0
2025-04-08 15:41:00,TINY.V,,1.0499999523162842,1.0499999523162842,1.0499999523162842,1.0499999523162842,5686.0
2025-04-08 15:41:00,TPL.V,,1.090000033378601,1.090000033378601,1.090000033378601,1.090000033378601,500.0
2025-04-08 15:41:00,VAL-P.V,,0.06499999761581421,0.06499999761581421,0.06499999761581421,0.06499999761581421,0.0
2025-04-08 15:41:00,VIO.V,,0.15000000596046448,0.15000000596046448,0.15000000596046448,0.15000000596046448,15500.0
2025-04-08 15:41:00,VML.V,,0.5199999809265137,0.5299999713897705,0.5199999809265137,0.5299999713897705,8000.0
2025-04-08 15:41:00,WED.V,,29.5,29.5,29.43000030517578,29.43000030517578,900.0
2025-04-08 15:41:00,ZDC.V,,2.690000057220459,2.690000057220459,2.690000057220459,2.690000057220459,1100.0
2025-04-08 15:42:00,THX.V,,0.4650000035762787,0.4650000035762787,0.4650000035762787,0.4650000035762787,7500.0
2025-04-08 15:42:00,TMG.V,,0.10999999940395355,0.10999999940395355,0.10999999940395355,0.10999999940395355,126500.0
2025-04-08 15:42:00,TOI.V,,137.6199951171875,137.64999389648438,137.6199951171875,137.64999389648438,200.0
2025-04-08 15:42:00,VO.V,,0.054999999701976776,0.054999999701976776,0.054999999701976776,0.054999999701976776,31000.0
2025-04-08 15:42:00,XRTX.V,,1.2699999809265137,1.2699999809265137,1.2699999809265137,1.2699999809265137,100.0
2025-04-08 15:42:00,ZDC.V,,2.680000066757202,2.690000057220459,2.6700000762939453,2.690000057220459,4200.0
2025-04-08 15:42:00,ZOMD.V,,0.46000000834465027,0.46000000834465027,0.45750001072883606,0.45750001072883606,2500.0
2025-04-08 15:43:00,TIG.V,,0.1599999964237213,0.1599999964237213,0.1599999964237213,0.1599999964237213,7500.0
2025-04-08 15:43:00,TMG.V,,0.10999999940395355,0.10999999940395355,0.10999999940395355,0.10999999940395355,3000.0
2025-04-08 15:43:00,TUO.V,,0.6499999761581421,0.6499999761581421,0.6499999761581421,0.6499999761581421,2000.0
2025-04-08 15:43:00,VML.V,,0.5099999904632568,0.5099999904632568,0.5099999904632568,0.5099999904632568,3500.0
2025-04-08 15:43:00,ZEN.V,,1.4199999570846558,1.4199999570846558,1.4199999570846558,1.4199999570846558,100.0
2025-04-08 15:44:00,NILI.V,,0.26499998569488525,0.26499998569488525,0.26499998569488525,0.26499998569488525,500.0
2025-04-08 15:44:00,THX.V,,0.46000000834465027,0.46000000834465027,0.46000000834465027,0.46000000834465027,1500.0
2025-04-08 15:44:00,TOI.V,,137.35000610351562,137.61000061035156,137.35000610351562,137.61000061035156,502.0
2025-04-08 15:44:00,TORC.V,,0.07000000029802322,0.07000000029802322,0.07000000029802322,0.07000000029802322,4000.0
2025-04-08 15:44:00,TUO.V,,0.6499999761581421,0.6499999761581421,0.6499999761581421,0.6499999761581421,1000.0
2025-04-08 15:44:00,TWR.V,,0.10999999940395355,0.10999999940395355,0.10999999940395355,0.10999999940395355,0.0
2025-04-08 15:44:00,UCU.V,,1.0499999523162842,1.0499999523162842,1.0499999523162842,1.0499999523162842,400.0
2025-04-08 15:44:00,VO.V,,0.054999999701976776,0.054999999701976776,0.054999999701976776,0.054999999701976776,40000.0
2025-04-08 15:44:00,WI.V,,0.5099999904632568,0.5199999809265137,0.5099999904632568,0.5199999809265137,4025.0
2025-04-08 15:44:00,ZOMD.V,,0.46000000834465027,0.46000000834465027,0.46000000834465027,0.46000000834465027,2000.0
2025-04-08 15:45:00,TOI.V,,137.6300048828125,137.6300048828125,137.60000610351562,137.60000610351562,300.0
2025-04-08 15:45:00,WHN.V,,0.11999999731779099,0.11999999731779099,0.11999999731779099,0.11999999731779099,45500.0
2025-04-08 15:45:00,WIL.V,,0.4749999940395355,0.4749999940395355,0.4749999940395355,0.4749999940395355,2720.0
2025-04-08 15:45:00,ZDC.V,,2.690000057220459,2.690000057220459,2.680000066757202,2.680000066757202,6000.0
2025-04-08 15:45:00,ZEN.V,,1.409999966621399,1.4199999570846558,1.409999966621399,1.4199999570846558,3800.0
2025-04-08 15:46:00,TLT.V,,0.17000000178813934,0.17000000178813934,0.17000000178813934,0.17000000178813934,4000.0
2025-04-08 15:46:00,TOI.V,,137.4499969482422,137.4600067138672,137.4499969482422,137.4600067138672,476.0
2025-04-08 15:46:00,VAU.V,,0.12999999523162842,0.12999999523162842,0.12999999523162842,0.12999999523162842,5500.0
2025-04-08 15:46:00,WAM.V,,0.5199999809265137,0.550000011920929,0.5199999809265137,0.550000011920929,6930.0
2025-04-08 15:46:00,WED.V,,29.56999969482422,29.579999923706055,29.56999969482422,29.579999923706055,700.0
2025-04-08 15:46:00,ZDC.V,,2.7100000381469727,2.7200000286102295,2.680000066757202,2.680000066757202,12700.0
2025-04-08 15:47:00,TIG.V,,0.1599999964237213,0.1599999964237213,0.1599999964237213,0.1599999964237213,3000.0
2025-04-08 15:47:00,TOI.V,,137.35000610351562,137.72999572753906,137.35000610351562,137.57000732421875,700.0
2025-04-08 15:47:00,VER-H.V,,0.009999999776482582,0.009999999776482582,0.009999999776482582,0.009999999776482582,6000.0
2025-04-08 15:47:00,ZEN.V,,1.3799999952316284,1.409999966621399,1.3799999952316284,1.409999966621399,7000.0
2025-04-08 15:48:00,THM.V,,0.17499999701976776,0.18000000715255737,0.17499999701976776,0.18000000715255737,3000.0
2025-04-08 15:48:00,TOI.V,,137.5500030517578,137.5500030517578,137.35000610351562,137.35000610351562,400.0
2025-04-08 15:48:00,VCU.V,,0.054999999701976776,0.054999999701976776,0.054999999701976776,0.054999999701976776,59000.0
2025-04-08 15:48:00,WEX.V,,0.6899999976158142,0.6899999976158142,0.6899999976158142,0.6899999976158142,5403.0
2025-04-08 15:48:00,WGO.V,,0.20000000298023224,0.20000000298023224,0.20000000298023224,0.20000000298023224,3500.0
2025-04-08 15:48:00,ZDC.V,,2.700000047683716,2.700000047683716,2.700000047683716,2.700000047683716,500.0
2025-04-08 15:49:00,TBK.V,,0.27000001072883606,0.27000001072883606,0.27000001072883606,0.27000001072883606,1000.0
2025-04-08 15:49:00,VIO.V,,0.15000000596046448,0.15000000596046448,0.15000000596046448,0.15000000596046448,2500.0
2025-04-08 15:49:00,WHN.V,,0.10999999940395355,0.11500000208616257,0.10999999940395355,0.11500000208616257,180500.0
2025-04-08 15:49:00,ZDC.V,,2.700000047683716,2.700000047683716,2.700000047683716,2.700000047683716,1000.0
2025-04-08 15:50:00,NILI.V,,0.26499998569488525,0.26499998569488525,0.26499998569488525,0.26499998569488525,500.0
2025-04-08 15:50:00,TINY.V,,1.0499999523162842,1.0499999523162842,1.0499999523162842,1.0499999523162842,6300.0
2025-04-08 15:50:00,TOI.V,,137.5800018310547,137.5800018310547,137.35000610351562,137.35000610351562,800.0
2025-04-08 15:50:00,TUK.V,,0.10000000149011612,0.10000000149011612,0.0949999988079071,0.0949999988079071,250000.0
2025-04-08 15:50:00,WED.V,,29.610000610351562,29.610000610351562,29.610000610351562,29.610000610351562,100.0
2025-04-08 15:50:00,WRLG.V,,0.5699999928474426,0.5699999928474426,0.5699999928474426,0.5699999928474426,500.0
2025-04-08 15:50:00,ZDC.V,,2.690000057220459,2.700000047683716,2.690000057220459,2.700000047683716,4000.0
2025-04-08 15:50:00,ZOMD.V,,0.45500001311302185,0.45500001311302185,0.45500001311302185,0.45500001311302185,500.0
2025-04-08 15:51:00,ONE.V,,0.20000000298023224,0.20999999344348907,0.20000000298023224,0.20999999344348907,19500.0
2025-04-08 15:51:00,TGH.V,,0.9599999785423279,0.9599999785423279,0.9599999785423279,0.9599999785423279,1500.0
2025-04-08 15:51:00,TOI.V,,137.44000244140625,137.44000244140625,137.22999572753906,137.22999572753906,300.0
2025-04-08 15:51:00,TPL.V,,1.090000033378601,1.090000033378601,1.090000033378601,1.090000033378601,7000.0
2025-04-08 15:51:00,TUD.V,,0.5400000214576721,0.5400000214576721,0.5400000214576721,0.5400000214576721,500.0
2025-04-08 15:51:00,WAM.V,,0.5199999809265137,0.5199999809265137,0.5199999809265137,0.5199999809265137,11000.0
2025-04-08 15:51:00,WRLG.V,,0.5699999928474426,0.5699999928474426,0.5699999928474426,0.5699999928474426,500.0
2025-04-08 15:51:00,ZDC.V,,2.6700000762939453,2.690000057220459,2.6700000762939453,2.690000057220459,700.0
2025-04-08 15:52:00,ONE.V,,0.20499999821186066,0.20499999821186066,0.20499999821186066,0.20499999821186066,500.0
2025-04-08 15:52:00,TGOL.V,,0.04500000178813934,0.04500000178813934,0.04500000178813934,0.04500000178813934,5000.0
2025-04-08 15:52:00,TINY.V,,1.0399999618530273,1.0399999618530273,1.0399999618530273,1.0399999618530273,2000.0
2025-04-08 15:52:00,TOI.V,,137.39999389648438,137.47999572753906,137.38999938964844,137.42999267578125,800.0
2025-04-08 15:52:00,WAM.V,,0.5099999904632568,0.5099999904632568,0.5099999904632568,0.5099999904632568,1500.0
2025-04-08 15:52:00,WEX.V,,0.6800000071525574,0.6899999976158142,0.6700000166893005,0.6700000166893005,7500.0
2025-04-08 15:52:00,ZDC.V,,2.6600000858306885,2.690000057220459,2.6500000953674316,2.680000066757202,9400.0
2025-04-08 15:53:00,ONE.V,,0.20000000298023224,0.20000000298023224,0.20000000298023224,0.20000000298023224,3500.0
2025-04-08 15:53:00,TOI.V,,137.7100067138672,137.7100067138672,137.6999969482422,137.6999969482422,200.0
2025-04-08 15:53:00,WAM.V,,0.5,0.5,0.5,0.5,1500.0
2025-04-08 15:53:00,WRLG.V,,0.5600000023841858,0.5600000023841858,0.5600000023841858,0.5600000023841858,47000.0
2025-04-08 15:53:00,ZDC.V,,2.6700000762939453,2.6700000762939453,2.6700000762939453,2.6700000762939453,500.0
2025-04-08 15:54:00,ONE.V,,0.19499999284744263,0.20000000298023224,0.19499999284744263,0.20000000298023224,3000.0
2025-04-08 15:54:00,TOI.V,,137.58999633789062,137.75,137.58999633789062,137.74000549316406,440.0
2025-04-08 15:54:00,WAM.V,,0.49000000953674316,0.4950000047683716,0.49000000953674316,0.4950000047683716,3000.0
2025-04-08 15:54:00,WRLG.V,,0.5699999928474426,0.5699999928474426,0.5699999928474426,0.5699999928474426,1000.0
2025-04-08 15:54:00,ZDC.V,,2.690000057220459,2.690000057220459,2.680000066757202,2.680000066757202,1000.0
2025-04-08 15:55:00,NILI.V,,0.26499998569488525,0.26499998569488525,0.26499998569488525,0.26499998569488525,500.0
2025-04-08 15:55:00,ONE.V,,0.20000000298023224,0.20000000298023224,0.20000000298023224,0.20000000298023224,1000.0
2025-04-08 15:55:00,TOI.V,,138.10000610351562,138.10000610351562,138.10000610351562,138.10000610351562,100.0
2025-04-08 15:55:00,TUD.V,,0.5400000214576721,0.550000011920929,0.5400000214576721,0.550000011920929,1500.0
2025-04-08 15:55:00,UCU.V,,1.0399999618530273,1.0399999618530273,1.0399999618530273,1.0399999618530273,900.0
2025-04-08 15:55:00,VER-H.V,,0.009999999776482582,0.009999999776482582,0.009999999776482582,0.009999999776482582,10000.0
2025-04-08 15:55:00,WAM.V,,0.49000000953674316,0.49000000953674316,0.49000000953674316,0.49000000953674316,2000.0
2025-04-08 15:55:00,WRLG.V,,0.5699999928474426,0.5699999928474426,0.5699999928474426,0.5699999928474426,4000.0
2025-04-08 15:55:00,ZDC.V,,2.690000057220459,2.690000057220459,2.690000057220459,2.690000057220459,400.0
2025-04-08 15:56:00,AWE.V,,0.05999999865889549,0.05999999865889549,0.05999999865889549,0.05999999865889549,20000.0
2025-04-08 15:56:00,ONE.V,,0.1899999976158142,0.19499999284744263,0.1899999976158142,0.19499999284744263,13000.0
2025-04-08 15:56:00,TINY.V,,1.0399999618530273,1.0399999618530273,1.0399999618530273,1.0399999618530273,500.0
2025-04-08 15:56:00,TOI.V,,138.39999389648438,138.39999389648438,138.39999389648438,138.39999389648438,100.0
2025-04-08 15:56:00,UCU.V,,1.0499999523162842,1.059999942779541,1.0499999523162842,1.059999942779541,5401.0
2025-04-08 15:56:00,VAU.V,,0.12999999523162842,0.12999999523162842,0.12999999523162842,0.12999999523162842,2000.0
2025-04-08 15:56:00,VCU.V,,0.054999999701976776,0.054999999701976776,0.054999999701976776,0.054999999701976776,4000.0
2025-04-08 15:56:00,VER-H.V,,0.009999999776482582,0.009999999776482582,0.009999999776482582,0.009999999776482582,8000.0
2025-04-08 15:56:00,WAM.V,,0.47999998927116394,0.47999998927116394,0.47999998927116394,0.47999998927116394,1000.0
2025-04-08 15:56:00,WRLG.V,,0.5699999928474426,0.5699999928474426,0.5699999928474426,0.5699999928474426,41000.0
2025-04-08 15:56:00,ZDC.V,,2.690000057220459,2.700000047683716,2.690000057220459,2.700000047683716,600.0
2025-04-08 15:57:00,ONE.V,,0.20499999821186066,0.20499999821186066,0.20499999821186066,0.20499999821186066,5000.0
2025-04-08 15:57:00,TGOL.V,,0.04500000178813934,0.04500000178813934,0.04500000178813934,0.04500000178813934,15000.0
2025-04-08 15:57:00,TINY.V,,1.0399999618530273,1.0399999618530273,1.0399999618530273,1.0399999618530273,500.0
2025-04-08 15:57:00,TPL.V,,1.090000033378601,1.090000033378601,1.090000033378601,1.090000033378601,5000.0
2025-04-08 15:57:00,VER-H.V,,0.004999999888241291,0.004999999888241291,0.004999999888241291,0.004999999888241291,10000.0
2025-04-08 15:57:00,VIO.V,,0.15000000596046448,0.15000000596046448,0.15000000596046448,0.15000000596046448,3000.0
2025-04-08 15:57:00,WAM.V,,0.49000000953674316,0.49000000953674316,0.47999998927116394,0.47999998927116394,2500.0
2025-04-08 15:57:00,ZDC.V,,2.700000047683716,2.700000047683716,2.700000047683716,2.700000047683716,400.0
2025-04-08 15:58:00,TTZ.V,,0.18000000715255737,0.18000000715255737,0.18000000715255737,0.18000000715255737,23650.0
2025-04-08 15:58:00,VER-H.V,,0.004999999888241291,0.004999999888241291,0.004999999888241291,0.004999999888241291,10000.0
2025-04-08 15:58:00,WAM.V,,0.49000000953674316,0.49000000953674316,0.49000000953674316,0.49000000953674316,500.0
2025-04-08 15:58:00,WEB.V,,0.5899999737739563,0.5899999737739563,0.5899999737739563,0.5899999737739563,2500.0
2025-04-08 15:58:00,WRLG.V,,0.5699999928474426,0.5699999928474426,0.5699999928474426,0.5699999928474426,2000.0
2025-04-08 15:58:00,ZDC.V,,2.700000047683716,2.700000047683716,2.680000066757202,2.690000057220459,800.0
2025-04-08 15:59:00,AUMB.V,,0.16500000655651093,0.16500000655651093,0.1599999964237213,0.16500000655651093,72500.0
2025-04-08 15:59:00,NILI.V,,0.26499998569488525,0.26499998569488525,0.26499998569488525,0.26499998569488525,500.0
2025-04-08 15:59:00,TBK.V,,0.27000001072883606,0.27000001072883606,0.27000001072883606,0.27000001072883606,500.0
2025-04-08 15:59:00,TGH.V,,0.9300000071525574,0.9399999976158142,0.9300000071525574,0.9399999976158142,2000.0
2025-04-08 15:59:00,TINY.V,,1.0399999618530273,1.0399999618530273,1.0399999618530273,1.0399999618530273,500.0
2025-04-08 15:59:00,TOI.V,,137.75999450683594,138.5,137.75999450683594,137.8000030517578,700.0
2025-04-08 15:59:00,TSLV.V,,0.07999999821186066,0.07999999821186066,0.07999999821186066,0.07999999821186066,1000.0
2025-04-08 15:59:00,TTZ.V,,0.18000000715255737,0.18000000715255737,0.18000000715255737,0.18000000715255737,4000.0
2025-04-08 15:59:00,TWR.V,,0.11500000208616257,0.11500000208616257,0.11500000208616257,0.11500000208616257,500.0
2025-04-08 15:59:00,UCU.V,,1.0399999618530273,1.0399999618530273,1.0399999618530273,1.0399999618530273,2500.0
2025-04-08 15:59:00,WEB.V,,0.5799999833106995,0.5799999833106995,0.5799999833106995,0.5799999833106995,1000.0
2025-04-08 15:59:00,WED.V,,29.920000076293945,29.920000076293945,29.809999465942383,29.809999465942383,1109.0
2025-04-08 15:59:00,WEX.V,,0.6899999976158142,0.6899999976158142,0.6899999976158142,0.6899999976158142,1000.0
2025-04-08 15:59:00,WI.V,,0.5199999809265137,0.5199999809265137,0.5199999809265137,0.5199999809265137,2000.0
2025-04-08 15:59:00,XRTX.V,,1.2400000095367432,1.2400000095367432,1.2400000095367432,1.2400000095367432,200.0
2025-04-08 15:59:00,ZDC.V,,2.680000066757202,2.690000057220459,2.680000066757202,2.690000057220459,2100.0
2025-04-08 15:59:00,ZOMD.V,,0.5199999809265137,0.5199999809265137,0.49000000953674316,0.49000000953674316,29500.0
